,y_proba,y_test,Neg,Pos,TN,FP,FN,TP,FP/P,Prec
0,0.0,0,22,0,22,605588,0,107956,5.609581681425766,0.15129550525265437
1,0.0001,0,52,0,74,605536,0,107956,5.609100003705214,0.15130653181815634
2,0.0002,0,58,0,132,605478,0,107956,5.608562747786135,0.15131883257596357
3,0.0003,0,69,0,201,605409,0,107956,5.607923598503094,0.15133346884133647
4,0.0004,2,71,2,272,605338,2,107954,5.607265923153878,0.15134615276773047
5,0.0005,0,95,0,367,605243,2,107954,5.60638593501056,0.15136631253356367
6,0.0006,0,90,0,457,605153,2,107954,5.60555226203268,0.15138541621383608
7,0.0007,1,83,1,540,605070,3,107953,5.604783430286413,0.15140184818722538
8,0.0008,1,100,1,640,604970,4,107952,5.603857126977657,0.15142189468132558
9,0.0009,0,89,0,729,604881,4,107952,5.603032717032865,0.15144080029964943
10,0.001,1,122,1,851,604759,5,107951,5.601902626996184,0.15146553296572238
11,0.0011,0,131,0,982,604628,5,107951,5.600689169661714,0.1514933782780576
12,0.0012,0,114,0,1096,604514,5,107951,5.599633183889733,0.15151761840932537
13,0.0013,2,151,2,1247,604363,7,107949,5.598234465893512,0.15154735565314076
14,0.0014,0,151,0,1398,604212,7,107949,5.596835747897291,0.1515794883460341
15,0.0015,1,149,1,1547,604063,8,107948,5.595455555967246,0.1516100172609693
16,0.0016,0,148,0,1695,603915,8,107948,5.594084627070288,0.15164153776780082
17,0.0017,0,142,0,1837,603773,8,107948,5.592769276371855,0.1516717927390087
18,0.0018,2,198,2,2035,603575,10,107946,5.59093519582052,0.1517116149769297
19,0.0019,0,175,0,2210,603400,10,107946,5.589314165030197,0.15174893792894034
20,0.002,1,172,1,2382,603228,11,107945,5.5877209233391385,0.15178444625991144
21,0.0021,0,172,0,2554,603056,11,107945,5.586127681648079,0.1518211648084883
22,0.0022,0,176,0,2730,602880,11,107945,5.584497387824669,0.15185875567122709
23,0.0023,1,183,1,2913,602697,12,107944,5.582802252769647,0.15189666793781953
24,0.0024,1,238,1,3151,602459,13,107943,5.580597650894809,0.15194636276361834
25,0.0025,1,184,1,3335,602275,14,107942,5.578893252806699,0.15198453430430417
26,0.0026,1,207,1,3542,602068,15,107941,5.576975804957575,0.15202765035372792
27,0.0027,0,224,0,3766,601844,15,107941,5.574900885545963,0.15207562853540157
28,0.0028,0,210,0,3976,601634,15,107941,5.572955648597577,0.15212063559172745
29,0.0029,1,246,1,4222,601388,16,107940,5.5706769424580385,0.15217219678343447
30,0.003,1,229,1,4451,601159,17,107939,5.568555707880988,0.152220144465222
31,0.0031,0,229,0,4680,600930,17,107939,5.566434473303938,0.15226931915487912
32,0.0032,1,233,1,4913,600697,18,107938,5.5642761865945385,0.15231818919471943
33,0.0033,1,250,1,5163,600447,19,107937,5.56196042832265,0.15237074806884401
34,0.0034,3,233,3,5396,600214,22,107934,5.5598021416132495,0.15241729130068857
35,0.0035,2,244,2,5640,599970,24,107932,5.557541961539886,0.15246743193266865
36,0.0036,4,254,4,5894,599716,28,107928,5.5551891511356475,0.1525173674898678
37,0.0037,3,268,3,6162,599448,31,107925,5.552706658268184,0.1525715570144747
38,0.0038,2,275,2,6437,599173,33,107923,5.550159324169106,0.15262849740346432
39,0.0039,2,271,2,6708,598902,35,107921,5.547649042202378,0.15268461835565622
40,0.004,4,259,4,6967,598643,39,107917,5.545249916632702,0.15273579030797102
41,0.0041,1,268,1,7235,598375,40,107916,5.542767423765238,0.15279254584866578
42,0.0042,6,302,6,7537,598073,46,107910,5.539969987772796,0.1528507060368309
43,0.0043,1,287,1,7824,597786,47,107909,5.537311497276669,0.15291166863871786
44,0.0044,5,300,5,8124,597486,52,107904,5.534532587350402,0.1529706970612002
45,0.0045,3,258,3,8382,597228,55,107901,5.532142724813813,0.15302306386490983
46,0.0046,3,292,3,8674,596936,58,107898,5.529437919152247,0.15308285355133266
47,0.0047,3,288,3,8962,596648,61,107895,5.526770165623032,0.1531418238489347
48,0.0048,5,311,5,9273,596337,66,107890,5.5238893623328025,0.15320344150394688
49,0.0049,1,337,1,9610,596000,67,107889,5.520767720182296,0.1532755874860951
50,0.005,5,278,5,9888,595722,72,107884,5.5181925969839565,0.1533301307834214
51,0.0051,2,308,2,10196,595414,74,107882,5.51533958279299,0.15339487214487216
52,0.0052,2,352,2,10548,595062,76,107880,5.512078995146171,0.15346927627030396
53,0.0053,2,325,2,10873,594737,78,107878,5.509068509392716,0.15353785501305836
54,0.0054,8,272,8,11145,594465,86,107870,5.506548964392901,0.15358767539706836
55,0.0055,2,297,2,11442,594168,88,107868,5.503797843565898,0.15365024015862436
56,0.0056,2,332,2,11774,593836,90,107866,5.500722516580829,0.15372052523720897
57,0.0057,3,322,3,12096,593514,93,107863,5.497739819926637,0.15378747806101425
58,0.0058,2,305,2,12401,593209,95,107861,5.494914594834933,0.15385196913289687
59,0.0059,7,319,7,12720,592890,102,107854,5.491959687280003,0.15391355473610904
60,0.006,5,324,5,13044,592566,107,107849,5.488958464559635,0.15397871262037507
61,0.0061,2,326,2,13370,592240,109,107847,5.485938715773092,0.15404799689181486
62,0.0062,0,321,0,13691,591919,109,107847,5.482965282151988,0.15411866252432957
63,0.0063,6,310,6,14001,591609,115,107841,5.480093741894846,0.15417971263135322
64,0.0064,4,330,4,14331,591279,119,107837,5.477036940975953,0.15424764988928877
65,0.0065,2,312,2,14643,590967,121,107835,5.474146874652636,0.15431409755553074
66,0.0066,1,334,1,14977,590633,122,107834,5.471053021601393,0.15438667825394758
67,0.0067,3,354,3,15331,590279,125,107831,5.467773907888399,0.15446133130881953
68,0.0068,3,364,3,15695,589915,128,107828,5.464402163844529,0.15453827555417968
69,0.0069,4,345,4,16040,589570,132,107824,5.461206417429323,0.15460987619623914
70,0.007,5,358,5,16398,589212,137,107819,5.4578902515839784,0.1546832206888933
71,0.0071,3,332,3,16730,588880,140,107816,5.454814924598911,0.15475329268432717
72,0.0072,3,385,3,17115,588495,143,107813,5.451248656860202,0.15483521659955077
73,0.0073,5,386,5,17501,588109,148,107808,5.447673126088406,0.15491502578612104
74,0.0074,6,333,6,17834,587776,154,107802,5.444588536070251,0.15498189994508166
75,0.0075,7,362,7,18196,587414,161,107795,5.441235318092557,0.15505409164726003
76,0.0076,4,365,4,18561,587049,165,107791,5.437854311015599,0.15513067756605836
77,0.0077,3,375,3,18936,586674,168,107788,5.434380673607766,0.15521079627107026
78,0.0078,2,357,2,19293,586317,170,107786,5.43107377079551,0.1552881920982909
79,0.0079,1,374,1,19667,585943,171,107785,5.427609396420764,0.15537069283638544
80,0.008,10,365,10,20032,585578,181,107775,5.424228389343806,0.15544030241449883
81,0.0081,7,346,7,20378,585232,188,107768,5.421023379895513,0.15550937950937951
82,0.0082,4,362,4,20740,584870,192,107764,5.417670161917818,0.15558577834758328
83,0.0083,2,374,2,21114,584496,194,107762,5.414205787543073,0.15566739568195673
84,0.0084,4,380,4,21494,584116,198,107758,5.410685834969803,0.15574801192124577
85,0.0085,4,366,4,21860,583750,202,107754,5.407295564859758,0.15582556283116222
86,0.0086,7,386,7,22246,583364,209,107747,5.403720034087962,0.15590404435756341
87,0.0087,3,359,3,22605,583005,212,107744,5.40039460520953,0.15598140569150298
88,0.0088,3,420,3,23025,582585,215,107741,5.396504131312757,0.15607263814487649
89,0.0089,4,358,4,23383,582227,219,107737,5.393187965467413,0.1561487266002284
90,0.009,3,374,3,23757,581853,222,107734,5.389723591092667,0.1562297433101262
91,0.0091,4,384,4,24141,581469,226,107730,5.386166586387047,0.15631189250129499
92,0.0092,8,390,8,24531,581079,234,107722,5.3825540034829,0.15639059757462606
93,0.0093,5,403,5,24934,580676,239,107717,5.378821001148616,0.15647602459641513
94,0.0094,7,378,7,25312,580298,246,107710,5.37531957464152,0.15655341216962593
95,0.0095,2,403,2,25715,579895,248,107708,5.371586572307236,0.1566427138915915
96,0.0096,7,396,7,26111,579499,255,107701,5.367918411204565,0.1567243888242142
97,0.0097,3,405,3,26516,579094,258,107698,5.364166882804105,0.15681312537129147
98,0.0098,7,395,7,26911,578699,265,107691,5.360507984734522,0.15689476828042367
99,0.0099,3,420,3,27331,578279,268,107688,5.356617510837749,0.1569871436964169
100,0.01,3,396,3,27727,577883,271,107685,5.352949349735077,0.15707413414861837
101,0.0101,7,393,7,28120,577490,278,107678,5.349308977731669,0.15715561730845573
102,0.0102,2,413,2,28533,577077,280,107676,5.3454833450665085,0.15724794195863326
103,0.0103,10,399,10,28932,576678,290,107666,5.341787394864575,0.15732730907263015
104,0.0104,5,436,5,29368,576242,295,107661,5.337748712438401,0.15742144719353476
105,0.0105,3,410,3,29778,575832,298,107658,5.3339508688725035,0.15751218013431068
106,0.0106,6,374,6,30152,575458,304,107652,5.330486494497758,0.157591017552078
107,0.0107,5,409,5,30561,575049,309,107647,5.326697913964948,0.15767925987555223
108,0.0108,4,379,4,30940,574670,313,107643,5.323187224424766,0.157761906925414
109,0.0109,10,368,10,31308,574302,323,107633,5.319778428248545,0.15783469098961045
110,0.011,6,400,6,31708,573902,329,107627,5.316073215013524,0.15791991243219292
111,0.0111,10,407,10,32115,573495,339,107617,5.31230316054689,0.15800191451626164
112,0.0112,4,398,4,32513,573097,343,107613,5.308616473378043,0.1580893478867653
113,0.0113,7,417,7,32930,572680,350,107606,5.304753788580533,0.15817759001361192
114,0.0114,10,426,10,33356,572254,360,107596,5.300807736485234,0.1582643230124292
115,0.0115,7,405,7,33761,571849,367,107589,5.297056208084776,0.15834998925582613
116,0.0116,8,415,8,34176,571434,375,107581,5.29321204935344,0.1584368533832095
117,0.0117,7,438,7,34614,570996,382,107574,5.289154840861092,0.15853043901145056
118,0.0118,9,388,9,35002,570608,391,107565,5.2855607840231205,0.15860997120203843
119,0.0119,5,447,5,35449,570161,396,107560,5.2814202082329835,0.15870837704601157
120,0.012,11,408,11,35857,569753,407,107549,5.277640890733261,0.15879031805605182
121,0.0121,6,408,6,36265,569345,413,107543,5.27386157323354,0.1588785737079103
122,0.0122,4,414,4,36679,568931,417,107539,5.270026677535292,0.15897083388768163
123,0.0123,7,425,7,37104,568506,424,107532,5.266089888473082,0.15906206455850114
124,0.0124,1,448,1,37552,568058,425,107531,5.261940049649858,0.15916629785268854
125,0.0125,10,398,10,37950,567660,435,107521,5.25825336248101,0.1592476684029912
126,0.0126,13,420,13,38370,567240,448,107508,5.254362888584238,0.15933059453307014
127,0.0127,2,361,2,38731,566879,450,107506,5.251018933639631,0.1594133914603676
128,0.0128,7,406,7,39137,566473,457,107499,5.247258142206084,0.15950069142338258
129,0.0129,9,448,9,39585,566025,466,107490,5.24310830338286,0.1595955546647068
130,0.013,8,444,8,40029,565581,474,107482,5.238995516691985,0.1596908461763609
131,0.0131,2,399,2,40428,565182,476,107480,5.235299566490052,0.1597830708439008
132,0.0132,8,410,8,40838,564772,484,107472,5.231501722924154,0.15987052320288467
133,0.0133,8,477,8,41315,564295,492,107464,5.227083256141391,0.15997403830838142
134,0.0134,6,385,6,41700,563910,498,107458,5.223516988402682,0.1600582690864027
135,0.0135,4,405,4,42105,563505,502,107454,5.219765460002223,0.16014987502962177
136,0.0136,10,387,10,42492,563118,512,107444,5.2161806661973396,0.1602297774105899
137,0.0137,10,400,10,42892,562718,522,107434,5.212475452962318,0.1603128842411871
138,0.0138,4,471,4,43363,562247,526,107430,5.20811256437808,0.16042062068728655
139,0.0139,5,425,5,43788,561822,531,107425,5.2041757753158695,0.1605162219628926
140,0.014,9,442,9,44230,561380,540,107416,5.2000815146911705,0.1606110084390457
141,0.0141,8,409,8,44639,560971,548,107408,5.196292934158361,0.16069924399180704
142,0.0142,8,428,8,45067,560543,556,107400,5.192328355996888,0.16079216340316463
143,0.0143,9,432,9,45499,560111,565,107391,5.188326725703064,0.16088491120625856
144,0.0144,7,480,7,45979,559631,572,107384,5.183880469821038,0.1609918817417899
145,0.0145,9,435,9,46414,559196,581,107375,5.179851050427952,0.16108561578586528
146,0.0146,13,464,13,46878,558732,594,107362,5.175553003075327,0.1611814548697331
147,0.0147,12,470,12,47348,558262,606,107350,5.171199377524177,0.16128014518969008
148,0.0148,10,432,10,47780,557830,616,107340,5.167197747230353,0.1613722807703294
149,0.0149,8,412,8,48192,557418,624,107332,5.163381377598281,0.16146220383602858
150,0.015,11,465,11,48657,556953,635,107321,5.159074067212568,0.16156134366240438
151,0.0151,7,466,7,49123,556487,642,107314,5.154757493793768,0.16166592096125193
152,0.0152,3,424,3,49547,556063,645,107311,5.150829967764645,0.16176545960498903
153,0.0153,9,442,9,49989,555621,654,107302,5.146735707139946,0.1618619356999229
154,0.0154,8,441,8,50430,555180,662,107294,5.1426507095483345,0.16195956369608466
155,0.0155,9,438,9,50868,554742,671,107285,5.138593501055985,0.16205532402756986
156,0.0156,8,395,8,51263,554347,679,107277,5.134934602986402,0.162141941646615
157,0.0157,15,455,15,51718,553892,694,107262,5.130719922931565,0.1622345172229163
158,0.0158,9,429,9,52147,553463,703,107253,5.126746081737004,0.16232844368836233
159,0.0159,11,451,11,52598,553012,714,107242,5.122568453814517,0.16242536963047555
160,0.016,5,439,5,53037,552573,719,107237,5.1185019822890805,0.16252709113229566
161,0.0161,21,412,21,53449,552161,740,107216,5.114685612657008,0.16260197125468434
162,0.0162,4,404,4,53853,551757,744,107212,5.110943347289637,0.16269657601495668
163,0.0163,8,435,8,54288,551322,752,107204,5.10691392789655,0.16279387602008122
164,0.0164,10,413,10,54701,550909,762,107194,5.103088295231391,0.1628833176569625
165,0.0165,6,420,6,55121,550489,768,107188,5.099197821334617,0.16297969976143303
166,0.0166,9,431,9,55552,550058,777,107179,5.095205454073882,0.1630751159779501
167,0.0167,10,437,10,55989,549621,787,107169,5.091157508614621,0.16317087653587906
168,0.0168,4,445,4,56434,549176,791,107165,5.087035458890659,0.16327640662399576
169,0.0169,11,413,11,56847,548763,802,107154,5.0832098262255,0.1633651818751458
170,0.017,10,427,10,57274,548336,812,107144,5.079254511097114,0.16345883932385427
171,0.0171,10,458,10,57732,547878,822,107134,5.075012041943014,0.1635603622529053
172,0.0172,7,450,7,58182,547428,829,107127,5.070843677053614,0.1636638632353278
173,0.0173,4,418,4,58600,547010,833,107123,5.066971729223017,0.16376333253329217
174,0.0174,10,441,10,59041,546569,843,107113,5.062886731631405,0.16386102110812292
175,0.0175,7,464,7,59505,546105,850,107106,5.058588684278781,0.16396845735910753
176,0.0176,9,435,9,59940,545670,859,107097,5.054559264885694,0.1640661981993575
177,0.0177,8,447,8,60387,545223,867,107089,5.050418689095557,0.16416837341640197
178,0.0178,12,441,12,60828,544782,879,107077,5.046333691503946,0.16426405096807745
179,0.0179,9,429,9,61257,544353,888,107068,5.042359850309385,0.16436068226231576
180,0.018,8,476,8,61733,543877,896,107060,5.037950646559709,0.16447060160967958
181,0.0181,20,454,20,62187,543423,916,107040,5.03374522953796,0.16455970593254343
182,0.0182,12,429,12,62616,542994,928,107028,5.029771388343399,0.16465288867146036
183,0.0183,12,430,12,63046,542564,940,107016,5.025788284115751,0.16474645155331136
184,0.0184,9,446,9,63492,542118,949,107007,5.021656971358702,0.16484806470248412
185,0.0185,21,433,21,63925,541685,970,106986,5.017646078031791,0.1649310667503249
186,0.0186,7,421,7,64346,541264,977,106979,5.01374634110193,0.16502916344642363
187,0.0187,9,436,9,64782,540828,986,106970,5.009707658675757,0.16512863577843712
188,0.0188,8,434,8,65216,540394,994,106962,5.005687502315758,0.16522902390647495
189,0.0189,14,437,14,65653,539957,1008,106948,5.001639556856497,0.16532257441200796
190,0.019,8,452,8,66105,539505,1016,106940,4.997452665900923,0.16542783995544866
191,0.0191,8,450,8,66555,539055,1024,106932,4.993284301011523,0.16553274291897516
192,0.0192,9,427,9,66982,538628,1033,106923,4.989328985883137,0.16563060083556527
193,0.0193,7,406,7,67388,538222,1040,106916,4.98556819444959,0.1657257827007555
194,0.0194,9,427,9,67815,537795,1049,106907,4.981612879321205,0.1658239000344345
195,0.0195,7,463,7,68278,537332,1056,106900,4.977324095001667,0.16593401134994848
196,0.0196,16,474,16,68752,536858,1072,106884,4.972933417318167,0.16603546141155928
197,0.0197,12,461,12,69213,536397,1084,106872,4.968663159064804,0.16613889368211432
198,0.0198,10,417,10,69630,535980,1094,106862,4.964800474267294,0.16623369350478034
199,0.0199,11,406,11,70036,535574,1105,106851,4.961039682833747,0.1663244736739697
200,0.02,8,444,8,70480,535130,1113,106843,4.956926896142873,0.16642911773548108
201,0.0201,13,412,13,70892,534718,1126,106830,4.953110526510801,0.16651910691016106
202,0.0202,8,410,8,71302,534308,1134,106822,4.949312682944903,0.16661519504624647
203,0.0203,7,429,7,71731,533879,1141,106815,4.945338841750343,0.16671765304497935
204,0.0204,11,456,11,72187,533423,1152,106804,4.941114898662418,0.16682208029339593
205,0.0205,16,435,16,72622,532988,1168,106788,4.937085479269332,0.16691467013454708
206,0.0206,21,458,21,73080,532530,1189,106767,4.932843010115232,0.16700688412428027
207,0.0207,7,428,7,73508,532102,1196,106760,4.928878431953759,0.16710964183188232
208,0.0208,13,448,13,73956,531654,1209,106747,4.924728593130535,0.16720995111223197
209,0.0209,7,413,7,74369,531241,1216,106740,4.920902960465375,0.16730905779325717
210,0.021,6,448,6,74817,530793,1222,106734,4.9167531216421505,0.16741879167470555
211,0.0211,13,448,13,75265,530345,1235,106721,4.912603282818926,0.16751953486765891
212,0.0212,12,447,12,75712,529898,1247,106709,4.908462707028789,0.16762146818995077
213,0.0213,12,401,12,76113,529497,1259,106697,4.9047482307606804,0.16771142135889366
214,0.0214,12,459,12,76572,529038,1271,106685,4.900496498573493,0.16781680071351832
215,0.0215,17,437,17,77009,528601,1288,106668,4.896448553114232,0.16790997199611504
216,0.0216,18,429,18,77438,528172,1306,106650,4.892474711919671,0.16799984877650742
217,0.0217,10,436,10,77874,527736,1316,106640,4.888436029493497,0.16810219806550059
218,0.0218,16,450,16,78324,527286,1332,106624,4.884267664604098,0.16820053319871905
219,0.0219,15,397,15,78721,526889,1347,106609,4.880590240468339,0.1682862455761502
220,0.022,9,490,9,79211,526399,1356,106600,4.876051354255438,0.16840468942289008
221,0.0221,11,460,11,79671,525939,1367,106589,4.871790359035162,0.1685126982520932
222,0.0222,6,443,6,80114,525496,1373,106583,4.867686835377376,0.1686229094780874
223,0.0223,16,429,16,80543,525067,1389,106567,4.863712994182816,0.16871637688914784
224,0.0224,13,458,13,81001,524609,1402,106554,4.859470525028716,0.16882168314682577
225,0.0225,10,451,10,81452,524158,1412,106544,4.855292897106229,0.16892922489543397
226,0.0226,14,434,14,81886,523724,1426,106530,4.85127274074623,0.16902709066503346
227,0.0227,6,448,6,82334,523276,1432,106524,4.847122901923005,0.16913940933629723
228,0.0228,17,400,17,82734,522876,1449,106507,4.843417688687984,0.16922446268806116
229,0.0229,8,402,8,83136,522474,1457,106499,4.839693949386787,0.16932205356986707
230,0.023,14,465,14,83601,522009,1471,106485,4.835386639001075,0.1694288250961823
231,0.0231,8,441,8,84042,521568,1479,106477,4.831301641409463,0.16953721469003016
232,0.0232,14,436,14,84478,521132,1493,106463,4.827262958983289,0.16963646937913782
233,0.0233,11,453,11,84931,520679,1504,106452,4.823066804994627,0.16974443935955966
234,0.0234,11,462,11,85393,520217,1515,106441,4.818787283708177,0.1698550086330981
235,0.0235,16,446,16,85839,519771,1531,106425,4.8146559709511285,0.1699547745434337
236,0.0236,8,432,8,86271,519339,1539,106417,4.810654340657305,0.17006149361732048
237,0.0237,16,433,16,86704,518906,1555,106401,4.806643447330394,0.17015801838137107
238,0.0238,16,438,16,87142,518468,1571,106385,4.802586238838045,0.17025604422160093
239,0.0239,13,416,13,87558,518052,1584,106372,4.798732817073622,0.17035219658437215
240,0.024,11,447,11,88005,517605,1595,106361,4.794592241283486,0.17045960837609742
241,0.0241,12,414,12,88419,517191,1607,106349,4.790757345585239,0.17055682073323283
242,0.0242,15,435,15,88854,516756,1622,106334,4.786727926192152,0.17065592450528816
243,0.0243,12,426,12,89280,516330,1634,106322,4.782781874096854,0.1707566987659238
244,0.0244,13,421,13,89701,515909,1647,106309,4.778882137166994,0.1708549093725993
245,0.0245,14,419,14,90120,515490,1661,106295,4.775000926303309,0.17095137386717274
246,0.0246,6,401,6,90521,515089,1667,106289,4.771286450035199,0.17105369034629483
247,0.0247,12,421,12,90942,514668,1679,106277,4.767386713105339,0.17115364484777235
248,0.0248,8,416,8,91358,514252,1687,106269,4.7635332913409165,0.17125770118980663
249,0.0249,13,416,13,91774,513836,1700,106256,4.759679869576494,0.17135521825793593
250,0.025,11,425,11,92199,513411,1711,106245,4.755743080514284,0.17145803478058794
251,0.0251,8,415,8,92614,512996,1719,106237,4.751898921782948,0.17156223909255483
252,0.0252,12,422,12,93036,512574,1731,106225,4.74798992182,0.17166317334061626
253,0.0253,9,458,9,93494,512116,1740,106216,4.743747452665901,0.17177826798548354
254,0.0254,8,421,8,93915,511695,1748,106208,4.73984771573604,0.17188458382626398
255,0.0255,14,429,14,94344,511266,1762,106194,4.73587387454148,0.17198522981245748
256,0.0256,13,426,13,94770,510840,1775,106181,4.731927822446182,0.1720865254180976
257,0.0257,10,416,10,95186,510424,1785,106171,4.728074400681759,0.17218920036652907
258,0.0258,12,420,12,95606,510004,1797,106159,4.7241839267849866,0.17229044911817165
259,0.0259,17,407,17,96013,509597,1814,106142,4.7204138723183515,0.17238147981531135
260,0.026,12,415,12,96428,509182,1826,106130,4.716569713587017,0.17248160282913383
261,0.0261,10,447,10,96875,508735,1836,106120,4.71242913779688,0.17259353831391142
262,0.0262,22,452,22,97327,508283,1858,106098,4.708242246841306,0.17269088725074505
263,0.0263,13,410,13,97737,507873,1871,106085,4.704444403275408,0.17278869238612413
264,0.0264,15,441,15,98178,507432,1886,106070,4.700359405683797,0.17289267190653004
265,0.0265,16,435,16,98613,506997,1902,106054,4.696329986290711,0.17299376397722213
266,0.0266,11,392,11,99005,506605,1913,106043,4.69269887732039,0.1730896044710829
267,0.0267,11,417,11,99422,506188,1924,106032,4.68883619252288,0.1731926431674888
268,0.0268,11,427,11,99849,505761,1935,106021,4.684880877394494,0.1732986586725337
269,0.0269,11,388,11,100237,505373,1946,106010,4.681286820556523,0.17339376462871883
270,0.027,17,405,17,100642,504968,1963,105993,4.677535292156064,0.1734857053068854
271,0.0271,12,436,12,101078,504532,1975,105981,4.67349660972989,0.17359335509645168
272,0.0272,16,440,16,101518,504092,1991,105965,4.669420875171366,0.17369688406165326
273,0.0273,14,436,14,101954,503656,2005,105951,4.665382192745192,0.17380213809880793
274,0.0274,8,415,8,102369,503241,2013,105943,4.661538034013858,0.17390968902663234
275,0.0275,13,440,13,102809,502801,2026,105930,4.657462299455334,0.1740177516834201
276,0.0276,17,409,17,103218,502392,2043,105913,4.653673718922524,0.1741116709545376
277,0.0277,30,441,30,103659,501951,2073,105883,4.649588721330913,0.17419723148096355
278,0.0278,13,410,13,104069,501541,2086,105870,4.645790877765015,0.1742971398278925
279,0.0279,10,433,10,104502,501108,2096,105860,4.641779984438104,0.1744078765272634
280,0.028,12,389,12,104891,500719,2108,105848,4.6381766645670455,0.17450339368940282
281,0.0281,8,459,8,105350,500260,2116,105840,4.633924932379858,0.17462464939778916
282,0.0282,12,446,12,105796,499814,2128,105828,4.629793619622809,0.17473689077045515
283,0.0283,15,420,15,106216,499394,2143,105813,4.625903145726037,0.17483770015878863
284,0.0284,7,406,7,106622,498988,2150,105806,4.62214235429249,0.1749455186394045
285,0.0285,19,379,19,107001,498609,2169,105787,4.618631664752306,0.1750292854353768
286,0.0286,12,386,12,107387,498223,2181,105775,4.61505613398051,0.17512475206871547
287,0.0287,12,380,12,107767,497843,2193,105763,4.61153618140724,0.17521860286345728
288,0.0288,14,403,14,108170,497440,2207,105749,4.607803179072955,0.1753165259976558
289,0.0289,17,430,17,108600,497010,2224,105732,4.6038200748453075,0.17541833819445135
290,0.029,20,435,20,109035,496575,2244,105712,4.599790655452221,0.17551765188357046
291,0.0291,19,402,19,109437,496173,2263,105693,4.596066916151025,0.17560885645642052
292,0.0292,15,400,15,109837,495773,2278,105678,4.592361702916003,0.17570508653240247
293,0.0293,20,458,20,110295,495315,2298,105658,4.588119233761903,0.17581155892194825
294,0.0294,14,418,14,110713,494897,2312,105644,4.584247285931306,0.17591471689693128
295,0.0295,14,432,14,111145,494465,2326,105630,4.580245655637482,0.17602212982944368
296,0.0296,10,435,10,111580,494030,2336,105620,4.576216236244396,0.17613607937963813
297,0.0297,12,410,12,111990,493620,2348,105608,4.5724183926784985,0.1762400955896587
298,0.0298,18,422,18,112412,493198,2366,105590,4.5685093927155505,0.17633953920252243
299,0.0299,14,423,14,112835,492775,2380,105576,4.564591129719515,0.1764449294811908
300,0.03,9,446,9,113281,492329,2389,105567,4.560459816962466,0.17656415162503178
301,0.0301,13,422,13,113703,491907,2402,105554,4.556550816999518,0.17667094588600762
302,0.0302,20,406,20,114109,491501,2422,105534,4.5527900255659715,0.17676350632709975
303,0.0303,16,397,16,114506,491104,2438,105518,4.549112601430212,0.17685904978361508
304,0.0304,10,408,10,114914,490696,2448,105508,4.54533328393049,0.17696627328900846
305,0.0305,18,416,18,115330,490280,2466,105490,4.541479862166067,0.1770649747385736
306,0.0306,14,454,14,115784,489826,2480,105476,4.537274445144318,0.17718065788456952
307,0.0307,13,374,13,116158,489452,2493,105463,4.533810070769573,0.17727406436213577
308,0.0308,17,394,17,116552,489058,2510,105446,4.530160435733077,0.1773680244371779
309,0.0309,10,418,10,116970,488640,2520,105436,4.5262884879024785,0.17747897575394395
310,0.031,15,395,15,117365,488245,2535,105421,4.522629589832895,0.17757628026533437
311,0.0311,17,403,17,117768,487842,2552,105404,4.5188965874986105,0.17767334293025153
312,0.0312,18,409,18,118177,487433,2570,105386,4.515108006965801,0.17777095538435847
313,0.0313,13,412,13,118589,487021,2583,105373,4.511291637333729,0.17787654837827527
314,0.0314,14,433,14,119022,486588,2597,105359,4.507280744006818,0.17798721845030044
315,0.0315,14,396,14,119418,486192,2611,105345,4.503612582904146,0.17808691594946724
316,0.0316,20,428,20,119846,485764,2631,105325,4.499648004742673,0.17818805628255643
317,0.0317,16,405,16,120251,485359,2647,105309,4.495896476342214,0.17828797226191362
318,0.0318,13,420,13,120671,484939,2660,105296,4.492006002445441,0.17839674028141334
319,0.0319,10,392,10,121063,484547,2670,105286,4.488374893475119,0.1785013724223636
320,0.032,12,440,12,121503,484107,2682,105274,4.4842991589165955,0.17861790590466947
321,0.0321,17,413,17,121916,483694,2699,105257,4.480473526251436,0.17871945204269965
322,0.0322,13,407,13,122323,483287,2712,105244,4.476703471784801,0.17882490472039705
323,0.0323,17,394,17,122717,482893,2729,105227,4.473053836748305,0.17892096850982792
324,0.0324,17,398,17,123115,482495,2746,105210,4.469367149579458,0.17901838507414433
325,0.0325,13,424,13,123539,482071,2759,105197,4.465439623550336,0.17912946048482123
326,0.0326,12,379,12,123918,481692,2771,105185,4.461928934010152,0.17922835619729519
327,0.0327,16,426,16,124344,481266,2787,105169,4.457982881914854,0.17933615831251545
328,0.0328,16,432,16,124776,480834,2803,105153,4.45398125162103,0.17944596040526498
329,0.0329,14,390,14,125166,480444,2817,105139,4.450368668716885,0.1795458543024644
330,0.033,11,384,11,125550,480060,2828,105128,4.446811664011264,0.17964824979322885
331,0.0331,19,398,19,125948,479662,2847,105109,4.443124976842418,0.17974386554736813
332,0.0332,17,409,17,126357,479253,2864,105092,4.439336396309607,0.17984581026619548
333,0.0333,21,438,21,126795,478815,2885,105071,4.435279187817259,0.179951223355244
334,0.0334,14,426,14,127221,478389,2899,105057,4.431333135721961,0.18006293641570942
335,0.0335,15,437,15,127658,477952,2914,105042,4.427285190262699,0.18017681142516045
336,0.0336,19,400,19,128058,477552,2933,105023,4.423579977027678,0.1802737844912672
337,0.0337,17,424,17,128482,477128,2950,105006,4.419652450998555,0.18038114935736446
338,0.0338,9,406,9,128888,476722,2959,104997,4.415891659565008,0.1804943623983401
339,0.0339,20,393,20,129281,476329,2979,104977,4.412251287561599,0.1805881927934685
340,0.034,17,415,17,129696,475914,2996,104960,4.408407128830264,0.18069323123431244
341,0.0341,21,407,21,130103,475507,3017,104939,4.40463707436363,0.18079028884685225
342,0.0342,19,408,19,130511,475099,3036,104920,4.400857756863908,0.18089062599673458
343,0.0343,21,419,21,130930,474680,3057,104899,4.396976546000222,0.18099171985182347
344,0.0344,11,391,11,131321,474289,3068,104888,4.3933547000629884,0.18109835162653212
345,0.0345,21,431,21,131752,473858,3089,104867,4.389362332802253,0.18120350771091623
346,0.0346,19,406,19,132158,473452,3108,104848,4.385601541368706,0.18130382154591043
347,0.0347,29,393,29,132551,473059,3137,104819,4.381961169365297,0.18138603649905344
348,0.0348,13,382,13,132933,472677,3150,104806,4.378422690725851,0.18148759357418315
349,0.0349,17,403,17,133336,472274,3167,104789,4.374689688391567,0.18159022498410052
350,0.035,19,400,19,133736,471874,3186,104770,4.370984475156545,0.1816892224665478
351,0.0351,22,423,22,134159,471451,3208,104748,4.36706621216051,0.1817913602765711
352,0.0352,17,365,17,134524,471086,3225,104731,4.363685205083552,0.1818824383441267
353,0.0353,19,402,19,134926,470684,3244,104712,4.359961465782356,0.18198249553351084
354,0.0354,20,413,20,135339,470271,3264,104692,4.356135833117196,0.18208476023674566
355,0.0355,13,411,13,135750,469860,3277,104679,4.352328726518211,0.1821965088531849
356,0.0356,15,366,15,136116,469494,3292,104664,4.348938456408166,0.18229128567397823
357,0.0357,15,419,15,136535,469075,3307,104649,4.345057245544481,0.18240303700036953
358,0.0358,23,407,23,136942,468668,3330,104626,4.341287191077846,0.18249972963261432
359,0.0359,16,425,16,137367,468243,3346,104610,4.337350402015636,0.18261229320611047
360,0.036,24,379,24,137746,467864,3370,104586,4.333839712475453,0.18269892567036422
361,0.0361,15,413,15,138159,467451,3385,104571,4.330014079810293,0.18280940243557067
362,0.0362,15,393,15,138552,467058,3400,104556,4.3263737078068845,0.1829136445223525
363,0.0363,17,380,17,138932,466678,3417,104539,4.322853755233614,0.1830110098263882
364,0.0364,20,391,20,139323,466287,3437,104519,4.31923190929638,0.18310774588914622
365,0.0365,11,397,11,139720,465890,3448,104508,4.315554485160621,0.1832194362532828
366,0.0366,20,384,20,140104,465506,3468,104488,4.311997480455,0.18331421032502096
367,0.0367,17,376,17,140480,465130,3485,104471,4.30851458001408,0.18341084373096256
368,0.0368,15,402,15,140882,464728,3500,104456,4.304790840712883,0.18351886209029067
369,0.0369,13,401,13,141283,464327,3513,104443,4.301076364444774,0.18362958665189796
370,0.037,17,419,17,141702,463908,3530,104426,4.297195153581089,0.18374054693190975
371,0.0371,14,403,14,142105,463505,3544,104412,4.293462151246804,0.18385080918514501
372,0.0372,16,421,16,142526,463084,3560,104396,4.2895624143169435,0.1839641925706633
373,0.0373,21,398,21,142924,462686,3581,104375,4.285875727148097,0.1840630902142803
374,0.0374,20,408,20,143332,462278,3601,104355,4.282096409648375,0.184166824028957
375,0.0375,10,379,10,143711,461899,3611,104345,4.278585720108192,0.18427568327434815
376,0.0376,18,421,18,144132,461478,3629,104327,4.2746859831783315,0.1843868470586156
377,0.0377,13,420,13,144552,461058,3642,104314,4.270795509281559,0.1845050692287556
378,0.0378,15,397,15,144949,460661,3657,104299,4.2671180851458,0.184613069951855
379,0.0379,19,366,19,145315,460295,3676,104280,4.263727815035756,0.18470530930345835
380,0.038,16,365,16,145680,459930,3692,104264,4.260346807958798,0.18480168169104955
381,0.0381,15,378,15,146058,459552,3707,104249,4.256845381451702,0.18490389339500996
382,0.0382,19,397,19,146455,459155,3726,104230,4.253167957315943,0.18500670056888274
383,0.0383,17,414,17,146869,458741,3743,104213,4.249333061617696,0.185118144644145
384,0.0384,29,411,29,147280,458330,3772,104184,4.245525955018711,0.18521139029428602
385,0.0385,19,388,19,147668,457942,3791,104165,4.241931898180741,0.18531169332529215
386,0.0386,16,387,16,148055,457555,3807,104149,4.2383471043758565,0.18541616224915614
387,0.0387,20,413,20,148468,457142,3827,104129,4.234521471710697,0.1855235706102756
388,0.0388,15,406,15,148874,456736,3842,104114,4.23076068027715,0.18563608808059195
389,0.0389,26,359,26,149233,456377,3868,104088,4.227435251398718,0.18571721695377946
390,0.039,13,377,13,149610,456000,3881,104075,4.22394308792471,0.18582332723295988
391,0.0391,15,388,15,149998,455612,3896,104060,4.220349031086739,0.18593033062222158
392,0.0392,19,433,19,150431,455179,3915,104041,4.216338137759828,0.18604663638639535
393,0.0393,17,375,17,150806,454804,3932,104024,4.212864500351995,0.18614672135254498
394,0.0394,13,386,13,151192,454418,3945,104011,4.209288969580199,0.1862564444181803
395,0.0395,27,413,27,151605,454005,3972,103984,4.20546333691504,0.18635492814374477
396,0.0396,12,384,12,151989,453621,3984,103972,4.201906332209418,0.18646575548832212
397,0.0397,17,377,17,152366,453244,4001,103955,4.198414168735411,0.18656709721302442
398,0.0398,17,438,17,152804,452806,4018,103938,4.194356960243062,0.18668903481672008
399,0.0399,17,391,17,153195,452415,4035,103921,4.190735114305828,0.18679538983635788
400,0.04,13,389,13,153584,452026,4048,103908,4.1871317944347695,0.1869070788978548
401,0.0401,19,354,19,153938,451672,4067,103889,4.183852680721776,0.18699836741599932
402,0.0402,15,362,15,154300,451310,4082,103874,4.180499462744081,0.18709833136401624
403,0.0403,19,368,19,154668,450942,4101,103855,4.177090666567861,0.18719459550069664
404,0.0404,18,363,18,155031,450579,4119,103837,4.173728185557079,0.1872907708291247
405,0.0405,9,418,9,155449,450161,4128,103828,4.169856237726481,0.18741888376845028
406,0.0406,19,333,19,155782,449828,4147,103809,4.166771647708326,0.1875037253651761
407,0.0407,16,398,16,156180,449430,4163,103793,4.163084960539479,0.18761512084638562
408,0.0408,13,394,13,156574,449036,4176,103780,4.159435325502983,0.1877297328586727
409,0.0409,22,412,22,156986,448624,4198,103758,4.15561895587091,0.1878374023773403
410,0.041,14,381,14,157367,448243,4212,103744,4.152089740264552,0.1879464552607217
411,0.0411,12,379,12,157746,447864,4224,103732,4.148579050724369,0.18805792645341882
412,0.0412,16,364,16,158110,447500,4240,103716,4.1452073066805,0.18815854401904153
413,0.0413,15,369,15,158479,447131,4255,103701,4.141789247471192,0.18826248293490574
414,0.0414,18,357,18,158836,446774,4273,103683,4.138482344658935,0.18835803704921547
415,0.0415,21,394,21,159230,446380,4294,103662,4.134832709622438,0.18846197199486583
416,0.0416,15,402,15,159632,445978,4309,103647,4.131108970321242,0.1885776665908574
417,0.0417,14,406,14,160038,445572,4323,103633,4.127348178887695,0.1886963884159831
418,0.0418,9,409,9,160447,445163,4332,103624,4.123559598354885,0.1888237148474727
419,0.0419,19,351,19,160798,444812,4351,103605,4.120308273741154,0.18891646320227126
420,0.042,21,334,21,161132,444478,4372,103584,4.117214420689911,0.18900051454032574
421,0.0421,15,384,15,161516,444094,4387,103569,4.11365741598429,0.18911082180099806
422,0.0422,13,378,13,161894,443716,4400,103556,4.110155989477194,0.18922217836834335
423,0.0423,12,394,12,162288,443322,4412,103544,4.106506354440698,0.189340716007212
424,0.0424,14,393,14,162681,442929,4426,103530,4.102865982437289,0.18945611656135228
425,0.0425,18,377,18,163058,442552,4444,103512,4.099373818963281,0.18956019807202087
426,0.0426,11,365,11,163423,442187,4455,103501,4.095992811886324,0.1896706542932958
427,0.0427,16,359,16,163782,441828,4471,103485,4.092667383007892,0.1897717457680268
428,0.0428,20,368,20,164150,441460,4491,103465,4.089258586831672,0.1898701656191219
429,0.0429,18,379,18,164529,441081,4509,103447,4.085747897291489,0.18997553844797696
430,0.043,17,367,17,164896,440714,4526,103430,4.0823483641483564,0.190078361610162
431,0.0431,14,386,14,165282,440328,4540,103416,4.0787728333765605,0.19019244350282485
432,0.0432,22,369,22,165651,439959,4562,103394,4.075354774167253,0.19028881776671888
433,0.0433,17,377,17,166028,439582,4579,103377,4.071862610693246,0.1903955915640039
434,0.0434,17,362,17,166390,439220,4596,103360,4.0685093927155505,0.19049725386118177
435,0.0435,27,393,27,166783,438827,4623,103333,4.064869020712142,0.19059502729821454
436,0.0436,14,387,14,167170,438440,4637,103319,4.061284226907259,0.19071026046636974
437,0.0437,18,377,18,167547,438063,4655,103301,4.057792063433251,0.19081616066084925
438,0.0438,14,370,14,167917,437693,4669,103287,4.054364741190856,0.1909257273836371
439,0.0439,15,372,15,168289,437321,4684,103272,4.050918892882286,0.19103466008623862
440,0.044,11,381,11,168670,436940,4695,103261,4.047389677275927,0.1911529227083993
441,0.0441,19,412,19,169082,436528,4714,103242,4.043573307643855,0.1912703558923245
442,0.0442,23,375,23,169457,436153,4737,103219,4.040099670236022,0.1913688511824863
443,0.0443,19,357,19,169814,435796,4756,103200,4.036792767423766,0.19146709808607115
444,0.0444,23,372,23,170186,435424,4779,103177,4.033346919115195,0.1915648132847878
445,0.0445,23,398,23,170584,435026,4802,103154,4.029660231946348,0.1916719313240923
446,0.0446,20,376,20,170960,434650,4822,103134,4.026177331505428,0.19177588027907116
447,0.0447,20,373,20,171333,434277,4842,103114,4.022722220163771,0.19187891125828307
448,0.0448,25,371,25,171704,433906,4867,103089,4.019285634888288,0.191973854505163
449,0.0449,17,351,17,172055,433555,4884,103072,4.016034310274557,0.19207382409010357
450,0.045,15,385,15,172440,433170,4899,103057,4.012468042535848,0.19218912885774123
451,0.0451,26,378,26,172818,432792,4925,103031,4.0089666160287525,0.1922855121933922
452,0.0452,19,422,19,173240,432370,4944,103012,4.0050576160658045,0.19240841119051444
453,0.0453,24,358,24,173598,432012,4968,102988,4.00174145022046,0.19250093457943926
454,0.0454,21,332,21,173930,431680,4989,102967,3.998666123235392,0.19258875482327592
455,0.0455,21,352,21,174282,431328,5010,102946,3.995405535588573,0.19268390376473496
456,0.0456,23,389,23,174671,430939,5033,102923,3.9918022157175144,0.19278952238593494
457,0.0457,12,362,12,175033,430577,5045,102911,3.98844899773982,0.19290218336682363
458,0.0458,18,341,18,175374,430236,5063,102893,3.985290303456964,0.19299831748038468
459,0.0459,17,384,17,175758,429852,5080,102876,3.981733298751343,0.19311168175879623
460,0.046,17,353,17,176111,429499,5097,102859,3.9784634480714365,0.19321396503856428
461,0.0461,15,356,15,176467,429143,5112,102844,3.9751658082922674,0.19332051347119383
462,0.0462,21,375,21,176842,428768,5133,102823,3.9716921708844346,0.19342502036339967
463,0.0463,24,372,24,177214,428396,5157,102799,3.9682463225758644,0.19352403542955035
464,0.0464,20,363,20,177577,428033,5177,102779,3.964883841565082,0.1936259918765966
465,0.0465,13,372,13,177949,427661,5190,102766,3.961437993256512,0.19374202293623816
466,0.0466,17,382,17,178331,427279,5207,102749,3.957899514617066,0.1938557962975541
467,0.0467,21,369,21,178700,426910,5228,102728,3.9544814554077585,0.1939588926776402
468,0.0468,18,352,18,179052,426558,5246,102710,3.9512208677609397,0.1940604759781434
469,0.0469,15,362,15,179414,426196,5261,102695,3.947867649783245,0.1941704434373056
470,0.047,23,374,23,179788,425822,5284,102672,3.9444032754085,0.19427278266167639
471,0.0471,24,381,24,180169,425441,5308,102648,3.9408740598021414,0.19437632671765553
472,0.0472,24,361,24,180530,425080,5332,102624,3.9375301048575344,0.1944726589148462
473,0.0473,22,388,22,180918,424692,5354,102602,3.9339360480195635,0.19458214961672235
474,0.0474,25,379,25,181297,424313,5379,102577,3.9304253584793805,0.194683899865247
475,0.0475,17,353,17,181650,423960,5396,102560,3.927155507799474,0.19478842209222821
476,0.0476,15,366,15,182016,423594,5411,102545,3.923765237689429,0.1949009672348942
477,0.0477,24,395,24,182411,423199,5435,102521,3.9201063396198452,0.1950106520581298
478,0.0478,19,373,19,182784,422826,5454,102502,3.9166512282781873,0.1951200012182865
479,0.0479,23,332,23,183116,422494,5477,102479,3.9135759012931195,0.1952081345135845
480,0.048,22,330,22,183446,422164,5499,102457,3.9105191003742266,0.19529717643784753
481,0.0481,20,369,20,183815,421795,5519,102437,3.907101041164919,0.1954039432922828
482,0.0482,19,365,19,184180,421430,5538,102418,3.9037200340879616,0.19551091156213252
483,0.0483,24,351,24,184531,421079,5562,102394,3.90046870947423,0.1956051219451624
484,0.0484,16,358,16,184889,420721,5578,102378,3.8971525436288856,0.19571438676044114
485,0.0485,24,347,24,185236,420374,5602,102354,3.8939382711475043,0.19580737974625426
486,0.0486,18,361,18,185597,420013,5620,102336,3.8905943162028973,0.1959149917009509
487,0.0487,15,371,15,185968,419642,5635,102321,3.887157730927415,0.19603113630659644
488,0.0488,23,325,23,186293,419317,5658,102298,3.88414724517396,0.19611782636618963
489,0.0489,15,358,15,186651,418959,5673,102283,3.8808310793286154,0.19622939057098238
490,0.049,21,403,21,187054,418556,5694,102262,3.877098076994331,0.1963488205092758
491,0.0491,22,317,22,187371,418239,5716,102240,3.874161695505576,0.19643443827704865
492,0.0492,23,357,23,187728,417882,5739,102217,3.8708547926933194,0.19653373684625428
493,0.0493,20,347,20,188075,417535,5759,102197,3.867640520211938,0.19663403446391603
494,0.0494,26,344,26,188419,417191,5785,102171,3.8644540368298195,0.19672405759374
495,0.0495,14,353,14,188772,416838,5799,102157,3.861184186149913,0.19683619302690777
496,0.0496,27,331,27,189103,416507,5826,102130,3.8581181221979324,0.19692000377913646
497,0.0497,16,397,16,189500,416110,5842,102114,3.8544406980621733,0.1970460650220754
498,0.0498,21,356,21,189856,415754,5863,102093,3.851143058283004,0.19714896484869082
499,0.0499,27,344,27,190200,415410,5890,102066,3.8479565749008855,0.19723813278296964
500,0.05,25,346,25,190546,415064,5915,102041,3.844751565452592,0.19733129635180477
501,0.0501,19,352,19,190898,414712,5934,102022,3.8414909778057726,0.1974362050881111
502,0.0502,20,348,20,191246,414364,5954,102002,3.8382674422913037,0.19753818028297757
503,0.0503,24,329,24,191575,414035,5978,101978,3.8352199044054984,0.19762680397586882
504,0.0504,16,332,16,191907,413703,5994,101962,3.8321445774204306,0.19772914586019993
505,0.0505,14,358,14,192265,413345,6008,101948,3.828828411575086,0.19784472135270614
506,0.0506,19,366,19,192631,412979,6027,101929,3.825438141465041,0.19795575131868218
507,0.0507,22,347,22,192978,412632,6049,101907,3.82222386898366,0.1980549579332179
508,0.0508,21,360,21,193338,412272,6070,101886,3.8188891770721405,0.19816087661769338
509,0.0509,20,343,20,193681,411929,6090,101866,3.8157119567231095,0.19826195272433558
510,0.051,15,380,15,194061,411549,6105,101851,3.8121920041498387,0.1983852746396572
511,0.0511,13,351,13,194412,411198,6118,101838,3.808940679536107,0.19850069001005777
512,0.0512,23,356,23,194768,410842,6141,101815,3.805643039756938,0.19860257443085727
513,0.0513,25,365,25,195133,410477,6166,101790,3.8022620326799808,0.19870497221175676
514,0.0514,20,342,20,195475,410135,6186,101770,3.799094075364037,0.19880641915980504
515,0.0515,26,352,26,195827,409783,6212,101744,3.795833487717218,0.19890250172522664
516,0.0516,24,356,24,196183,409427,6236,101720,3.7925358479380487,0.199003417803489
517,0.0517,20,321,20,196504,409106,6256,101700,3.789562414316944,0.19909711318974327
518,0.0518,28,350,28,196854,408756,6284,101672,3.7863203527363,0.19918969962462874
519,0.0519,15,333,15,197187,408423,6299,101657,3.7832357627181445,0.19929618883312422
520,0.052,27,393,27,197580,408030,6326,101630,3.7795953907147357,0.19940744810265668
521,0.0521,24,357,24,197937,407673,6350,101606,3.776288487902479,0.19950950264982456
522,0.0522,15,361,15,198298,407312,6365,101591,3.772944532957872,0.19962743391176707
523,0.0523,27,327,27,198625,406985,6392,101564,3.7699155211382416,0.19971330196303602
524,0.0524,30,355,30,198980,406630,6422,101534,3.7666271443921597,0.19980557457828574
525,0.0525,22,337,22,199317,406293,6444,101512,3.763505502241654,0.1999035062671695
526,0.0526,16,304,16,199621,405989,6460,101496,3.7606895401830376,0.1999980294984088
527,0.0527,30,334,30,199955,405655,6490,101466,3.7575956871317944,0.20008242608765955
528,0.0528,22,325,22,200280,405330,6512,101444,3.7545852013783394,0.20017601534411789
529,0.0529,18,339,18,200619,404991,6530,101426,3.7514450331616587,0.20028158612368857
530,0.053,18,316,18,200935,404675,6548,101408,3.7485179147059915,0.20037819883299776
531,0.0531,28,324,28,201259,404351,6576,101380,3.7455166919856238,0.2004623011047375
532,0.0532,17,354,17,201613,403997,6593,101363,3.7422375782726296,0.20057582713313282
533,0.0533,16,344,16,201957,403653,6609,101347,3.739051094890511,0.20068712871287128
534,0.0534,23,344,23,202301,403309,6632,101324,3.735864611508392,0.2007875029972277
535,0.0535,21,319,21,202620,402990,6653,101303,3.7329097039534624,0.2008812337272181
536,0.0536,18,350,18,202970,402640,6671,101285,3.7296676423728186,0.20099221114253113
537,0.0537,23,335,23,203305,402305,6694,101262,3.726564526288488,0.20108942802050175
538,0.0538,19,323,19,203628,401982,6713,101243,3.723572566601208,0.20118833523771673
539,0.0539,18,331,18,203959,401651,6731,101225,3.7205065026492274,0.20129216745281142
540,0.054,22,354,22,204313,401297,6753,101203,3.7172273889362333,0.2013990049751244
541,0.0541,14,346,14,204659,400951,6767,101189,3.7140223794879397,0.20151551360178435
542,0.0542,25,322,25,204981,400629,6792,101164,3.7110396828337473,0.2016050443111004
543,0.0543,24,306,24,205287,400323,6816,101140,3.7082051947089556,0.20168985548285717
544,0.0544,24,362,24,205649,399961,6840,101116,3.704851976731261,0.20179732855429405
545,0.0545,23,341,23,205990,399620,6863,101093,3.701693282448405,0.20189809331892722
546,0.0546,23,370,23,206360,399250,6886,101070,3.69826596020601,0.2020107131435881
547,0.0547,21,345,21,206705,398905,6907,101049,3.6950702137908036,0.20211659472671487
548,0.0548,19,343,19,207048,398562,6926,101030,3.6918929934417726,0.20222501561274
549,0.0549,30,345,30,207393,398217,6956,101000,3.688697247026566,0.20231682815288743
550,0.055,30,357,30,207750,397860,6986,100970,3.6853903442143094,0.20241364793617064
551,0.0551,14,332,14,208082,397528,7000,100956,3.6823150172292416,0.2025260590109211
552,0.0552,27,356,27,208438,397172,7027,100929,3.679017377450072,0.20262757954711996
553,0.0553,26,317,26,208755,396855,7053,100903,3.6760809959613177,0.20271497394316113
554,0.0554,22,326,22,209081,396529,7075,100881,3.673061247174775,0.20281256910797935
555,0.0555,19,333,19,209414,396196,7094,100862,3.6699766571566195,0.20291796933154682
556,0.0556,17,301,17,209715,395895,7111,100845,3.6671884841972657,0.20301364899142407
557,0.0557,21,342,21,210057,395553,7132,100824,3.664020526881322,0.20311980611511007
558,0.0558,26,358,26,210415,395195,7158,100798,3.6607043610359775,0.20322464228325804
559,0.0559,21,354,21,210769,394841,7179,100777,3.6574252473229834,0.20333603702851794
560,0.056,26,338,26,211107,394503,7205,100751,3.6542943421393903,0.20343298590218353
561,0.0561,21,320,21,211427,394183,7226,100730,3.651330171551373,0.20353072156116328
562,0.0562,18,363,18,211790,393820,7244,100712,3.6479676905405904,0.20365112874394378
563,0.0563,26,317,26,212107,393503,7270,100686,3.645031309051836,0.2037398647076321
564,0.0564,11,319,11,212426,393184,7281,100675,3.6420764014969063,0.20385373153065955
565,0.0565,18,315,18,212741,392869,7299,100657,3.6391585460743268,0.20395480683895073
566,0.0566,21,308,21,213049,392561,7320,100636,3.6363055318833597,0.2040482809100623
567,0.0567,29,288,29,213337,392273,7349,100607,3.6336377783541445,0.20412067846128876
568,0.0568,24,335,24,213672,391938,7373,100583,3.6305346622698136,0.2042207337352113
569,0.0569,23,335,23,214007,391603,7396,100560,3.627431546185483,0.20432255167495322
570,0.057,10,357,10,214364,391246,7406,100550,3.624124643373226,0.2044546925961171
571,0.0571,26,307,26,214671,390939,7432,100524,3.621280892215347,0.20454032144841017
572,0.0572,22,339,22,215010,390600,7454,100502,3.6181407239986663,0.2046458780457013
573,0.0573,30,338,30,215348,390262,7484,100472,3.6150098188150728,0.20473820847954288
574,0.0574,25,309,25,215657,389953,7509,100447,3.6121475415910185,0.20482667210440456
575,0.0575,26,314,26,215971,389639,7535,100421,3.6092389492015267,0.2049157246051504
576,0.0576,22,342,22,216313,389297,7557,100399,3.606070991885583,0.20502311638240867
577,0.0577,26,318,26,216631,388979,7583,100373,3.603125347363741,0.2051141100884435
578,0.0578,14,337,14,216968,388642,7597,100359,3.600003705213235,0.20523270913556413
579,0.0579,22,323,22,217291,388319,7619,100337,3.597011745525955,0.20533258570446286
580,0.058,27,368,27,217659,387951,7646,100310,3.593602949349735,0.20544340014869097
581,0.0581,19,313,19,217972,387638,7665,100291,3.5907036199933304,0.20554424926577433
582,0.0582,21,329,21,218301,387309,7686,100270,3.587656082107525,0.20564872564240871
583,0.0583,27,350,27,218651,386959,7713,100243,3.5844140205268813,0.2057524394399038
584,0.0584,24,301,24,218952,386658,7737,100219,3.5816258475675276,0.20584048948707784
585,0.0585,24,312,24,219264,386346,7761,100195,3.5787357812442107,0.20593331291710257
586,0.0586,23,343,23,219607,386003,7784,100172,3.5755585608951796,0.20604103460688025
587,0.0587,22,335,22,219942,385668,7806,100150,3.5724554448108488,0.20614715798920583
588,0.0588,27,336,27,220278,385332,7833,100123,3.5693430656934306,0.20624568703587356
589,0.0589,14,339,14,220617,384993,7847,100109,3.56620289747675,0.2063669084027689
590,0.059,28,319,28,220936,384674,7875,100081,3.56324798992182,0.20645686996524018
591,0.0591,20,341,20,221277,384333,7895,100061,3.560089295638964,0.20656944553400744
592,0.0592,19,333,19,221610,384000,7914,100042,3.5570047056208085,0.206680412030361
593,0.0593,31,310,31,221920,383690,7945,100011,3.5541331653636665,0.2067620286085826
594,0.0594,26,294,26,222214,383396,7971,99985,3.5514098336359257,0.20684511803318706
595,0.0595,22,328,22,222542,383068,7993,99963,3.548371558783208,0.20694945044935004
596,0.0596,27,346,27,222888,382722,8020,99936,3.545166549334914,0.20705344156732097
597,0.0597,21,343,21,223231,382379,8041,99915,3.541989328985883,0.20716616835374274
598,0.0598,15,315,15,223546,382064,8056,99900,3.5390714735633035,0.20727689205002864
599,0.0599,24,325,24,223871,381739,8080,99876,3.5360609878098486,0.20737726192082886
600,0.06,30,331,30,224202,381408,8110,99846,3.532994923857868,0.2074704833622162
601,0.0601,23,325,23,224527,381083,8133,99823,3.529984438104413,0.2075727896927882
602,0.0602,22,347,22,224874,380736,8155,99801,3.5267701656230317,0.2076864008390613
603,0.0603,23,282,23,225156,380454,8178,99778,3.5241579902923412,0.20777041096803212
604,0.0604,19,324,19,225480,380130,8197,99759,3.521156767571974,0.20787932209323406
605,0.0605,28,308,28,225788,379822,8225,99731,3.518303753381007,0.2079665855494596
606,0.0606,23,329,23,226117,379493,8248,99708,3.5152562154952016,0.2080713521048579
607,0.0607,25,323,25,226440,379170,8273,99683,3.5122642558079216,0.2081703570824449
608,0.0608,21,297,21,226737,378873,8294,99662,3.509513134980918,0.20826480821674487
609,0.0609,16,328,16,227065,378545,8310,99646,3.5064748601282005,0.20838116986727062
610,0.061,24,301,24,227366,378244,8334,99622,3.5036866871688463,0.20847266807012846
611,0.0611,24,299,24,227665,377945,8358,99598,3.500917040275668,0.2085634173257696
612,0.0612,21,336,21,228001,377609,8379,99577,3.49780466115825,0.20867544311861622
613,0.0613,30,298,30,228299,377311,8409,99547,3.4950442772981587,0.2087560657470358
614,0.0614,31,329,31,228628,376982,8440,99516,3.491996739412353,0.20884872549307656
615,0.0615,27,330,27,228958,376652,8467,99489,3.4889399384934605,0.20894860976055413
616,0.0616,28,351,28,229309,376301,8495,99461,3.485688613879729,0.20905620877665723
617,0.0617,18,315,18,229624,375986,8513,99443,3.482770758457149,0.2091647753923299
618,0.0618,30,283,30,229907,375703,8543,99413,3.4801493200933713,0.20923942784498945
619,0.0619,21,321,21,230228,375382,8564,99392,3.4771758864722666,0.20934592037474672
620,0.062,27,319,27,230547,375063,8591,99365,3.474220978917337,0.20944168556661918
621,0.0621,30,332,30,230879,374731,8621,99335,3.4711456519322685,0.20953833432475646
622,0.0622,20,299,20,231178,374432,8641,99315,3.46837600503909,0.2096372114229747
623,0.0623,17,335,17,231513,374097,8658,99298,3.4652728889547593,0.20975717952238618
624,0.0624,26,345,26,231858,373752,8684,99272,3.4620771425395533,0.20986672980652143
625,0.0625,32,293,32,232151,373459,8716,99240,3.4593630738448997,0.2099433254565802
626,0.0626,19,317,19,232468,373142,8735,99221,3.4564266923561453,0.21005243848480934
627,0.0627,13,322,13,232790,372820,8748,99208,3.4534439957019525,0.21017397273043126
628,0.0628,26,289,26,233079,372531,8774,99182,3.4507669791396496,0.21025920421951483
629,0.0629,18,312,18,233391,372219,8792,99164,3.4478769128163327,0.2103682143819357
630,0.063,16,336,16,233727,371883,8808,99148,3.4447645336989146,0.21049145385335571
631,0.0631,23,301,23,234028,371582,8831,99125,3.4419763607395604,0.21058747798524347
632,0.0632,24,346,24,234374,371236,8855,99101,3.4387713512912668,0.21070211359089333
633,0.0633,21,347,21,234721,370889,8876,99080,3.4355570788098855,0.2108224159465837
634,0.0634,24,322,24,235043,370567,8900,99056,3.432574382155693,0.21092663689810764
635,0.0635,17,304,17,235347,370263,8917,99039,3.4297584200970768,0.21103468555429128
636,0.0636,15,267,15,235614,369996,8932,99024,3.4272851902626997,0.21112958935653064
637,0.0637,13,310,13,235924,369686,8945,99011,3.4244136500055578,0.2112473517005656
638,0.0638,30,322,30,236246,369364,8975,98981,3.4214309533513654,0.21134206621187374
639,0.0639,15,295,15,236541,369069,8990,98966,3.418698358590537,0.21144999839755574
640,0.064,22,288,22,236829,368781,9012,98944,3.416030605061321,0.211543107595275
641,0.0641,21,303,21,237132,368478,9033,98923,3.4132239060357925,0.2116448189028265
642,0.0642,33,314,33,237446,368164,9066,98890,3.4103153136463003,0.2117314057903369
643,0.0643,21,311,21,237757,367853,9087,98869,3.407434510356071,0.21183702503845972
644,0.0644,17,296,17,238053,367557,9104,98852,3.404692652562155,0.21194273695404678
645,0.0645,28,298,28,238351,367259,9132,98824,3.4019322687020637,0.2120309043668188
646,0.0646,18,311,18,238662,366948,9150,98806,3.3990514654118344,0.21214203205984275
647,0.0647,19,316,19,238978,366632,9169,98787,3.3961243469561673,0.21225390454622609
648,0.0648,25,304,25,239282,366328,9194,98762,3.393308384897551,0.21235029779182524
649,0.0649,26,325,26,239607,366003,9220,98736,3.390297899144096,0.21245473265639422
650,0.065,16,314,16,239921,365689,9236,98720,3.3873893067546037,0.21257124646593842
651,0.0651,20,331,20,240252,365358,9256,98700,3.384323242802623,0.21268893112498868
652,0.0652,21,313,21,240565,365045,9277,98679,3.381423913446219,0.21279683604902916
653,0.0653,23,306,23,240871,364739,9300,98656,3.3785894253214273,0.21289828332200392
654,0.0654,21,306,21,241177,364433,9321,98635,3.3757549371966356,0.21300327381723635
655,0.0655,34,286,34,241463,364147,9355,98601,3.3731057097335952,0.21307709595719485
656,0.0656,28,313,28,241776,363834,9383,98573,3.3702063803771907,0.21317367600403972
657,0.0657,13,327,13,242103,363507,9396,98560,3.3671773685575603,0.21330239986841734
658,0.0658,20,341,20,242444,363166,9416,98540,3.3640186742747047,0.21342585974624545
659,0.0659,24,302,24,242746,362864,9440,98516,3.3612212382822633,0.2135246434609216
660,0.066,20,322,20,243068,362542,9460,98496,3.358238541628071,0.21363965660097434
661,0.0661,20,288,20,243356,362254,9480,98476,3.3555707880988552,0.21373906626440647
662,0.0662,39,292,39,243648,361962,9519,98437,3.3528659824372893,0.21380802304088412
663,0.0663,26,319,26,243967,361643,9545,98411,3.3499110748823595,0.21391184513122372
664,0.0664,27,327,27,244294,361316,9572,98384,3.346882063062729,0.21401783772025235
665,0.0665,26,288,26,244582,361028,9598,98358,3.3442143095335135,0.21410752613270756
666,0.0666,25,277,25,244859,360751,9623,98333,3.341648449368261,0.21419391658171488
667,0.0667,17,286,17,245145,360465,9640,98316,3.3389992219052207,0.21429832534477233
668,0.0668,24,291,24,245436,360174,9664,98292,3.3363036792767424,0.21439321563649213
669,0.0669,24,308,24,245744,359866,9688,98268,3.333450665085776,0.21449619543626974
670,0.067,19,301,19,246045,359565,9707,98249,3.330662492126422,0.21460462109066128
671,0.0671,30,300,30,246345,359265,9737,98219,3.3278835822001556,0.2146938472165147
672,0.0672,21,319,21,246664,358946,9758,98198,3.324928674645226,0.21480758798103006
673,0.0673,15,296,15,246960,358650,9773,98183,3.32218681685131,0.21492098863260753
674,0.0674,28,309,28,247269,358341,9801,98155,3.3193245396272557,0.21501831341348007
675,0.0675,23,301,23,247570,358040,9824,98132,3.3165363666679015,0.21512061240058575
676,0.0676,23,320,23,247890,357720,9847,98109,3.3135721960798845,0.21523202779989864
677,0.0677,30,294,30,248184,357426,9877,98079,3.3108488643521437,0.21531926103994467
678,0.0678,25,299,25,248483,357127,9902,98054,3.308079217458965,0.21541760310733532
679,0.0679,23,303,23,248786,356824,9925,98031,3.3052725184334357,0.21552142990623385
680,0.068,20,348,20,249134,356476,9945,98011,3.302048982918967,0.21565193283856304
681,0.0681,25,285,25,249419,356191,9970,97986,3.299409018489014,0.2157440821529932
682,0.0682,19,308,19,249727,355883,9989,97967,3.2965560042980475,0.2158576622232015
683,0.0683,25,332,25,250059,355551,10014,97942,3.293480677312979,0.21597246263999664
684,0.0684,24,333,24,250392,355218,10038,97918,3.2903960872948237,0.21608965078916706
685,0.0685,27,290,27,250682,354928,10065,97891,3.287709807699433,0.21618129981294953
686,0.0686,30,319,30,251001,354609,10095,97861,3.2847549001445033,0.2162817424359626
687,0.0687,29,327,29,251328,354282,10124,97832,3.281725888324873,0.2163879021662678
688,0.0688,25,326,25,251654,353956,10149,97807,3.2787061395383303,0.2165006873072828
689,0.0689,23,313,23,251967,353643,10172,97784,3.2758068101819258,0.21661088060749578
690,0.069,19,309,19,252276,353334,10191,97765,3.272944532957872,0.21672626186269534
691,0.0691,23,286,23,252562,353048,10214,97742,3.270295305494831,0.2168237982209011
692,0.0692,22,269,22,252831,352779,10236,97720,3.267803549594279,0.2169150208990475
693,0.0693,24,325,24,253156,352454,10260,97696,3.2647930638408242,0.2170298789292458
694,0.0694,33,300,33,253456,352154,10293,97663,3.2620141539145577,0.217117183210061
695,0.0695,33,310,33,253766,351844,10326,97630,3.259142613657416,0.21720944926736585
696,0.0696,19,298,19,254064,351546,10345,97611,3.256382229797325,0.21732044697065836
697,0.0697,22,295,22,254359,351251,10367,97589,3.2536496350364965,0.21742491756527937
698,0.0698,25,287,25,254646,350964,10392,97564,3.250991144540368,0.21752042235936217
699,0.0699,23,267,23,254913,350697,10415,97541,3.2485179147059915,0.2176098412004337
700,0.07,29,287,29,255200,350410,10444,97512,3.245859424209863,0.2176986171699537
701,0.0701,21,285,21,255485,350125,10465,97491,3.2432194597799104,0.21780052545038606
702,0.0702,26,314,26,255799,349811,10491,97465,3.240310867390418,0.21790795839705238
703,0.0703,27,306,27,256105,349505,10518,97438,3.237476379265627,0.21800990282877236
704,0.0704,20,267,20,256372,349238,10538,97418,3.23500314943125,0.21810520848259063
705,0.0705,27,298,27,256670,348940,10565,97391,3.2322427655711587,0.21820353056364
706,0.0706,27,309,27,256979,348631,10592,97364,3.2293804883471044,0.21830738012757991
707,0.0707,28,318,28,257297,348313,10620,97336,3.2264348438252624,0.21841404333904035
708,0.0708,17,255,17,257552,348058,10637,97319,3.2240727703879357,0.21850926293903816
709,0.0709,31,298,31,257850,347760,10668,97288,3.2213123865278446,0.21860113965235212
710,0.071,14,315,14,258165,347445,10682,97274,3.218394531105265,0.21873137869081374
711,0.0711,17,292,17,258457,347153,10699,97257,3.215689725443699,0.21884521050381406
712,0.0712,24,299,24,258756,346854,10723,97233,3.2129200785505208,0.21895034081159773
713,0.0713,23,283,23,259039,346571,10746,97210,3.2102986401867426,0.21904948612040623
714,0.0714,20,296,20,259335,346275,10766,97190,3.207556782392827,0.21916047489655327
715,0.0715,29,289,29,259624,345986,10795,97161,3.2048797658305235,0.21925230228344095
716,0.0716,31,291,31,259915,345695,10826,97130,3.202184223202045,0.21934172641562694
717,0.0717,22,271,22,260186,345424,10848,97108,3.199673941235318,0.2194372384369944
718,0.0718,25,305,25,260491,345119,10873,97083,3.196848716143614,0.21954446158090646
719,0.0719,19,297,19,260788,344822,10892,97064,3.1940975953166104,0.21965846394771502
720,0.072,14,301,14,261089,344521,10906,97050,3.1913094223572567,0.21978345498232446
721,0.0721,30,282,30,261371,344239,10936,97020,3.188697247026566,0.21987086948934753
722,0.0722,32,275,32,261646,343964,10968,96988,3.186149912927489,0.21995137792775632
723,0.0723,20,277,20,261923,343687,10988,96968,3.1835840527622365,0.22005423744198976
724,0.0724,29,260,29,262183,343427,11017,96939,3.1811756641594724,0.22013279862659696
725,0.0725,28,293,28,262476,343134,11045,96911,3.178461595464819,0.22022974923019237
726,0.0726,30,290,30,262766,342844,11075,96881,3.175775315869428,0.2203217920291091
727,0.0727,26,257,26,263023,342587,11101,96855,3.173394716365927,0.22040451299602679
728,0.0728,21,309,21,263332,342278,11122,96834,3.1705324391418728,0.22052232687788081
729,0.0729,35,289,35,263621,341989,11157,96799,3.1678554225795694,0.22060539486038816
730,0.073,17,285,17,263906,341704,11174,96782,3.1652154581496164,0.2207185634204969
731,0.0731,27,298,27,264204,341406,11201,96755,3.162455074289525,0.22082065724699368
732,0.0732,22,278,22,264482,341128,11223,96733,3.1598799510911855,0.22092170803063071
733,0.0733,18,283,18,264765,340845,11241,96715,3.1572585127274073,0.22103254410823658
734,0.0734,29,278,29,265043,340567,11270,96686,3.1546833895290676,0.2211214102590491
735,0.0735,33,281,33,265324,340286,11303,96653,3.152080477231465,0.22120479060006087
736,0.0736,19,269,19,265593,340017,11322,96634,3.1495887213309124,0.22130717666969732
737,0.0737,12,276,12,265869,339741,11334,96622,3.1470321241987476,0.22142573957920356
738,0.0738,30,289,30,266158,339452,11364,96592,3.1443551076364447,0.221518929282366
739,0.0739,29,267,29,266425,339185,11393,96563,3.1418818778020676,0.22160285302514296
740,0.074,28,295,28,266720,338890,11421,96535,3.139149283041239,0.22170293391514037
741,0.0741,29,317,29,267037,338573,11450,96506,3.1362129015524842,0.22181259035715353
742,0.0742,26,253,26,267290,338320,11476,96480,3.133869354181333,0.2218951241950322
743,0.0743,24,294,24,267584,338026,11500,96456,3.131146022453592,0.22200229238495495
744,0.0744,22,269,22,267853,337757,11522,96434,3.12865426655304,0.22210041203065012
745,0.0745,26,300,26,268153,337457,11548,96408,3.125875356626774,0.22220736865153906
746,0.0746,21,299,21,268452,337158,11569,96387,3.1231057097335952,0.22232294225512922
747,0.0747,19,290,19,268742,336868,11588,96368,3.1204194301382047,0.2224376552271741
748,0.0748,32,257,32,268999,336611,11620,96336,3.118038830634703,0.2225122243600256
749,0.0749,34,298,34,269297,336313,11654,96302,3.115278446774612,0.2226043942073206
750,0.075,24,256,24,269553,336057,11678,96278,3.112907110304198,0.22269305052794708
751,0.0751,23,280,23,269833,335777,11701,96255,3.110313461039683,0.22279599659284496
752,0.0752,35,274,35,270107,335503,11736,96220,3.107775389973693,0.22287438936540327
753,0.0753,32,293,32,270400,335210,11768,96188,3.1050613212790394,0.22296811760833385
754,0.0754,27,269,27,270669,334941,11795,96161,3.1025695653784875,0.2230585801040125
755,0.0755,23,278,23,270947,334663,11818,96138,3.0999944421801473,0.22316104187316185
756,0.0756,21,282,21,271229,334381,11839,96117,3.0973822668494573,0.22326932993881504
757,0.0757,21,264,21,271493,334117,11860,96096,3.094936826114343,0.22336842447810737
758,0.0758,22,287,22,271780,333830,11882,96074,3.092278335618215,0.2234777996948156
759,0.0759,19,232,19,272012,333598,11901,96055,3.090129311941902,0.22356413198557906
760,0.076,24,270,24,272282,333328,11925,96031,3.0876282930082626,0.22366131838391648
761,0.0761,34,265,34,272547,333063,11959,95997,3.085173589240061,0.2237379387498252
762,0.0762,22,314,22,272861,332749,11981,95975,3.0822649968505687,0.22386197180470419
763,0.0763,26,279,26,273140,332470,12007,95949,3.0796806106191412,0.22396065533974918
764,0.0764,21,295,21,273435,332175,12028,95928,3.0769480158583127,0.2240769160692637
765,0.0765,25,279,25,273714,331896,12053,95903,3.074363629626885,0.2241777096253147
766,0.0766,26,282,26,273996,331614,12079,95877,3.071751454296195,0.22427840586117603
767,0.0767,31,270,31,274266,331344,12110,95846,3.069250435362555,0.22436386619536974
768,0.0768,22,280,22,274546,331064,12132,95824,3.06665678609804,0.2244710556398868
769,0.0769,14,256,14,274802,330808,12146,95810,3.064285449627626,0.22458030369088974
770,0.077,21,261,21,275063,330547,12167,95789,3.0618677979917743,0.22467959543646326
771,0.0771,26,280,26,275343,330267,12193,95763,3.0592741487272592,0.22477994507429055
772,0.0772,31,310,31,275653,329957,12224,95732,3.0564026084701172,0.22488718289643378
773,0.0773,25,253,25,275906,329704,12249,95707,3.0540590610989664,0.22497537675330445
774,0.0774,26,298,26,276204,329406,12275,95681,3.0512986772388753,0.2250856883414454
775,0.0775,24,296,24,276500,329110,12299,95657,3.048556819444959,0.22519875602389075
776,0.0776,34,285,34,276785,328825,12333,95623,3.045916855015006,0.2252879033474065
777,0.0777,26,261,26,277046,328564,12359,95597,3.0434992033791546,0.22537904239192194
778,0.0778,32,281,32,277327,328283,12391,95565,3.040896291081552,0.2254699798040807
779,0.0779,27,277,27,277604,328006,12418,95538,3.0383304309162993,0.22556806376669247
780,0.078,29,270,29,277874,327736,12447,95509,3.0358294119826597,0.2256588973289702
781,0.0781,25,263,25,278137,327473,12472,95484,3.033393234280633,0.22575344538570113
782,0.0782,32,297,32,278434,327176,12504,95452,3.0306421134536294,0.2258534692448205
783,0.0783,29,242,29,278676,326934,12533,95423,3.0284004594464413,0.22592972295948688
784,0.0784,19,267,19,278943,326667,12552,95404,3.0259272296120643,0.2260377993276013
785,0.0785,21,259,21,279202,326408,12573,95383,3.023528104042388,0.22613806363815253
786,0.0786,28,266,28,279468,326142,12601,95355,3.021064137241098,0.22622936818055644
787,0.0787,22,266,22,279734,325876,12623,95333,3.0186001704398087,0.2263318210199687
788,0.0788,25,276,25,280010,325600,12648,95308,3.016043573307644,0.2264342801752402
789,0.0789,14,275,14,280285,325325,12662,95294,3.0134962392085662,0.22655657495262935
790,0.079,34,259,34,280544,325066,12696,95260,3.0110971136388898,0.22663361295756151
791,0.0791,27,272,27,280816,324794,12723,95233,3.008577568639075,0.22673066255264543
792,0.0792,26,289,26,281105,324505,12749,95207,3.005900552076772,0.22683887999390057
793,0.0793,23,297,23,281402,324208,12772,95184,3.0031494312497684,0.2269571188768503
794,0.0794,17,270,17,281672,323938,12789,95167,3.0006484123161288,0.2270719748034502
795,0.0795,32,292,32,281964,323646,12821,95135,2.997943606654563,0.22717124224833504
796,0.0796,32,296,32,282260,323350,12853,95103,2.995201748860647,0.22727283589793837
797,0.0797,18,271,18,282531,323079,12871,95085,2.9926914668939197,0.22738686257066607
798,0.0798,23,254,23,282785,322825,12894,95062,2.990338656489681,0.22748254911016613
799,0.0799,22,279,22,283064,322546,12916,95040,2.9877542702582534,0.22759383695813556
800,0.08,25,271,25,283335,322275,12941,95015,2.985243988291526,0.2276953677298761
801,0.0801,26,270,26,283605,322005,12967,94989,2.9827429693578864,0.2277946445272594
802,0.0802,22,266,22,283871,321739,12989,94967,2.980279002556597,0.22789928630737258
803,0.0803,27,250,27,284121,321489,13016,94940,2.9779632442847084,0.22798604323906357
804,0.0804,27,247,27,284368,321242,13043,94913,2.9756752751120827,0.2280712715214283
805,0.0805,31,274,31,284642,320968,13074,94882,2.973137204046093,0.22816400144282795
806,0.0806,19,252,19,284894,320716,13093,94863,2.9708029197080292,0.2282670683552345
807,0.0807,22,248,22,285142,320468,13115,94841,2.968505687502316,0.22836249635813335
808,0.0808,25,255,25,285397,320213,13140,94816,2.9661436140649893,0.22845632473875319
809,0.0809,22,259,22,285656,319954,13162,94794,2.963744488495313,0.228558064173908
810,0.081,19,236,19,285892,319718,13181,94775,2.9615584126866503,0.22865283611544707
811,0.0811,26,299,26,286191,319419,13207,94749,2.9587887657934715,0.22876948484672888
812,0.0812,20,278,20,286469,319141,13227,94729,2.9562136425951313,0.22888588204025417
813,0.0813,25,262,25,286731,318879,13252,94704,2.9537867279261922,0.22898426676144812
814,0.0814,18,261,18,286992,318618,13270,94686,2.9513690762903404,0.22909529063352882
815,0.0815,29,268,29,287260,318350,13299,94657,2.948886583422876,0.22918982002726346
816,0.0816,27,291,27,287551,318059,13326,94630,2.946191040794398,0.2293009990574016
817,0.0817,27,265,27,287816,317794,13353,94603,2.9437363370261957,0.22939788601759956
818,0.0818,20,265,20,288081,317529,13373,94583,2.941281633257994,0.22950799782583375
819,0.0819,29,268,29,288349,317261,13402,94554,2.9387991403905294,0.22960309847868582
820,0.082,25,257,25,288606,317004,13427,94529,2.9364185408870283,0.22969968386496345
821,0.0821,30,244,30,288850,316760,13457,94499,2.9341583608136648,0.22977977381650005
822,0.0822,30,259,30,289109,316501,13487,94469,2.9317592352439883,0.2298683602209407
823,0.0823,23,253,23,289362,316248,13510,94446,2.929415687872837,0.2299668366228871
824,0.0824,23,269,23,289631,315979,13533,94423,2.926923931972285,0.23007441484203292
825,0.0825,27,261,27,289892,315718,13560,94396,2.9245062803364332,0.23017014781255943
826,0.0826,28,274,28,290166,315444,13588,94368,2.9219682092704433,0.23027144153904716
827,0.0827,23,250,23,290416,315194,13611,94345,2.919652450998555,0.2303687805068626
828,0.0828,24,273,24,290689,314921,13635,94321,2.917123642965653,0.2304773214870419
829,0.0829,16,260,16,290949,314661,13651,94305,2.9147152543628887,0.23059374128900692
830,0.083,22,263,22,291212,314398,13673,94283,2.912279076660862,0.23070071767466557
831,0.0831,22,260,22,291472,314138,13695,94261,2.909870688058098,0.230806147909275
832,0.0832,29,270,29,291742,313868,13724,94232,2.907369669124458,0.23090419014947317
833,0.0833,25,264,25,292006,313604,13749,94207,2.9049242283893437,0.23100652017723897
834,0.0834,26,266,26,292272,313338,13775,94181,2.9024602615880544,0.2311082428058569
835,0.0835,26,232,26,292504,313106,13801,94155,2.9003112379117417,0.23119080884248677
836,0.0836,22,264,22,292768,312842,13823,94133,2.8978657971766277,0.23129921985379936
837,0.0837,27,275,27,293043,312567,13850,94106,2.89531846307755,0.23140459287929122
838,0.0838,29,278,29,293321,312289,13879,94077,2.89274333987921,0.23150804939389613
839,0.0839,31,252,31,293573,312037,13910,94046,2.8904090555411464,0.23159304871171657
840,0.084,29,280,29,293853,311757,13939,94017,2.8878154062766312,0.2316979402327404
841,0.0841,31,248,31,294101,311509,13970,93986,2.885518174070918,0.23178090975227808
842,0.0842,24,298,24,294399,311211,13994,93962,2.882757790210827,0.2319058772425606
843,0.0843,31,253,31,294652,310958,14025,93931,2.8804142428396755,0.2319919780483046
844,0.0844,27,234,27,294886,310724,14052,93904,2.878246693097188,0.23207489348240853
845,0.0845,23,263,23,295149,310461,14075,93881,2.875810515395161,0.23218216262470878
846,0.0846,24,261,24,295410,310200,14099,93857,2.8733928637593094,0.23228653383062292
847,0.0847,18,277,18,295687,309923,14117,93839,2.870827003594057,0.23241166826001455
848,0.0848,32,283,32,295970,309640,14149,93807,2.868205565230279,0.23251381222316686
849,0.0849,18,249,18,296219,309391,14167,93789,2.865899069991478,0.23262314598938438
850,0.085,22,249,22,296468,309142,14189,93767,2.863592574752677,0.2327250073838013
851,0.0851,28,241,28,296709,308901,14217,93739,2.8613601837785763,0.23281094774488376
852,0.0852,32,253,32,296962,308648,14249,93707,2.8590166364074254,0.23289632289893253
853,0.0853,25,266,25,297228,308382,14274,93682,2.8565526696061356,0.23300270603684986
854,0.0854,28,281,28,297509,308101,14302,93654,2.8539497573085333,0.23311222013416136
855,0.0855,29,249,29,297758,307852,14331,93625,2.8516432620697323,0.23320140381640792
856,0.0856,24,248,24,298006,307604,14355,93601,2.8493460298640185,0.23329968469984172
857,0.0857,27,261,27,298267,307343,14382,93574,2.846928378228167,0.23339993065896433
858,0.0858,27,251,27,298518,307092,14409,93547,2.8446033569231908,0.23349449254815433
859,0.0859,36,241,36,298759,306851,14445,93511,2.8423709659490903,0.23356612265899362
860,0.086,20,244,20,299003,306607,14465,93491,2.8401107858757273,0.2336702507885568
861,0.0861,21,236,21,299239,306371,14486,93470,2.8379247100670644,0.23376792274929284
862,0.0862,19,269,19,299508,306102,14505,93451,2.8354329541665124,0.23388887081313367
863,0.0863,27,257,27,299765,305845,14532,93424,2.833052354663011,0.2339876123615908
864,0.0864,29,251,29,300016,305594,14561,93395,2.830727333358035,0.23407913501374725
865,0.0865,25,247,25,300263,305347,14586,93370,2.828439364185409,0.234176119904594
866,0.0866,23,248,23,300511,305099,14609,93347,2.8261421319796955,0.23427766874306682
867,0.0867,19,237,19,300748,304862,14628,93328,2.823946793137945,0.23438057208870136
868,0.0868,31,270,31,301018,304592,14659,93297,2.8214457742043053,0.2344799680312851
869,0.0869,23,270,23,301288,304322,14682,93274,2.8189447552706657,0.23459491544180525
870,0.087,31,220,31,301508,304102,14713,93243,2.816906887991404,0.2346650895317671
871,0.0871,29,262,29,301770,303840,14742,93214,2.814479973322465,0.23476403713348815
872,0.0872,32,242,32,302012,303598,14774,93182,2.8122383193152767,0.2348455063259237
873,0.0873,28,225,28,302237,303373,14802,93154,2.810154136870577,0.2349247340029809
874,0.0874,29,267,29,302504,303106,14831,93125,2.8076809070362,0.2350270423061295
875,0.0875,29,232,29,302736,302874,14860,93096,2.8055318833598872,0.23510872035760286
876,0.0876,32,241,32,302977,302633,14892,93064,2.803299492385787,0.23519005703859266
877,0.0877,19,253,19,303230,302380,14911,93045,2.8009559450146355,0.2353037870645508
878,0.0878,26,270,26,303500,302110,14937,93019,2.798454926080996,0.23541425711603045
879,0.0879,34,289,34,303789,301821,14971,92985,2.795777909518693,0.23552073676691843
880,0.088,27,283,27,304072,301538,14998,92958,2.793156471154915,0.23563737021414666
881,0.0881,28,252,28,304324,301286,15026,92930,2.7908221868168512,0.23573370943848043
882,0.0882,27,246,27,304570,301040,15053,92903,2.788543480677313,0.23582853356957734
883,0.0883,33,249,33,304819,300791,15086,92870,2.786236985438512,0.23591364143260318
884,0.0884,29,246,29,305065,300545,15115,92841,2.7839582792989734,0.2360048400298943
885,0.0885,19,256,19,305321,300289,15134,92822,2.78158694282856,0.23612160433058346
886,0.0886,21,260,21,305581,300029,15155,92801,2.779178554225796,0.2362370491052109
887,0.0887,22,253,22,305834,299776,15177,92779,2.7768350068546446,0.23634649921667028
888,0.0888,41,244,41,306078,299532,15218,92738,2.774574826781281,0.23641369464909373
889,0.0889,28,224,28,306302,299308,15246,92710,2.772499907369669,0.23649424261130866
890,0.089,19,253,19,306555,299055,15265,92691,2.7701563599985177,0.23660994624067636
891,0.0891,40,250,40,306805,298805,15305,92651,2.7678406017266295,0.23668304994686504
892,0.0892,32,244,32,307049,298561,15337,92619,2.765580421653266,0.23676823968505548
893,0.0893,23,241,23,307290,298320,15360,92596,2.7633480306791656,0.23686930184489763
894,0.0894,17,257,17,307547,298063,15377,92579,2.760967431175664,0.23699192611137562
895,0.0895,27,222,27,307769,297841,15404,92552,2.7589110378302273,0.2370739229443151
896,0.0896,24,248,24,308017,297593,15428,92528,2.7566138056245135,0.23717769615068146
897,0.0897,27,238,27,308255,297355,15455,92501,2.7544092037496757,0.23726965854058935
898,0.0898,29,261,29,308516,297094,15484,92472,2.7519915521138243,0.23737184456549082
899,0.0899,25,236,25,308752,296858,15509,92447,2.7498054763051614,0.23746676770141661
900,0.09,21,265,21,309017,296593,15530,92426,2.7473507725369597,0.2375873671980032
901,0.0901,24,259,24,309276,296334,15554,92402,2.7449516469672828,0.23769859236088245
902,0.0902,23,267,23,309543,296067,15577,92379,2.742478417132906,0.2378168394062495
903,0.0903,26,246,26,309789,295821,15603,92353,2.740199710993368,0.2379165013627909
904,0.0904,42,260,42,310049,295561,15645,92311,2.7377913223906036,0.2379934617605808
905,0.0905,26,238,26,310287,295323,15671,92285,2.735586720515766,0.23808848114589998
906,0.0906,25,238,25,310525,295085,15696,92260,2.733382118640928,0.2381855968193729
907,0.0907,19,291,19,310816,294794,15715,92241,2.7306865760124497,0.23832728306225534
908,0.0908,20,238,20,311054,294556,15735,92221,2.7284819741376114,0.2384345501412959
909,0.0909,26,261,26,311315,294295,15761,92195,2.72606432250176,0.23854433491164068
910,0.091,26,251,26,311566,294044,15787,92169,2.723739301196784,0.23864810350764992
911,0.0911,20,234,20,311800,293810,15807,92149,2.721571751454296,0.23875333908523963
912,0.0912,24,237,24,312037,293573,15831,92125,2.719376412612546,0.23885267748341968
913,0.0913,22,244,22,312281,293329,15853,92103,2.7171162325391824,0.2389604391955001
914,0.0914,27,253,27,312534,293076,15880,92076,2.7147726851680316,0.23906405782652043
915,0.0915,21,223,21,312757,292853,15901,92055,2.7127070287895068,0.23916104627599322
916,0.0916,30,264,30,313021,292589,15931,92025,2.7102615880543923,0.23926586135710087
917,0.0917,28,218,28,313239,292371,15959,91997,2.708242246841306,0.23934614744203472
918,0.0918,32,226,32,313465,292145,15991,91965,2.7061488013635184,0.23942360261383458
919,0.0919,33,260,33,313725,291885,16024,91932,2.7037404127607543,0.23952039643892792
920,0.092,25,241,25,313966,291644,16049,91907,2.701508021786654,0.23962132806328232
921,0.0921,26,259,26,314225,291385,16075,91881,2.6991088962169774,0.23973167460719189
922,0.0922,31,250,31,314475,291135,16106,91850,2.6967931379450887,0.2398266250636448
923,0.0923,20,224,20,314699,290911,16126,91830,2.6947182185334766,0.23992726151627342
924,0.0924,27,242,27,314941,290669,16153,91803,2.6924765645262885,0.24002541362504967
925,0.0925,35,225,35,315166,290444,16188,91768,2.6903923820815887,0.24009711887643506
926,0.0926,9,246,9,315412,290198,16197,91759,2.6881136759420503,0.2402338483127682
927,0.0927,25,240,25,315652,289958,16222,91734,2.6858905480010375,0.24033513932699663
928,0.0928,19,235,19,315887,289723,16241,91715,2.6837137352254623,0.24044536726807503
929,0.0929,30,264,30,316151,289459,16271,91685,2.681268294490348,0.24055212727997818
930,0.093,33,270,33,316421,289189,16304,91652,2.6787672755567082,0.2406568620500419
931,0.0931,30,259,30,316680,288930,16334,91622,2.6763681499870318,0.24076078958985894
932,0.0932,28,254,28,316934,288676,16362,91594,2.674015339582793,0.24086570068635443
933,0.0933,26,225,26,317159,288451,16388,91568,2.6719311571380935,0.24095637323396987
934,0.0934,29,248,29,317407,288203,16417,91539,2.6696339249323797,0.24105576944346424
935,0.0935,28,255,28,317662,287948,16445,91511,2.6672718514950535,0.24116175924144637
936,0.0936,23,221,23,317883,287727,16468,91488,2.665224721182704,0.24125627941932676
937,0.0937,25,227,25,318110,287500,16493,91463,2.6631220126718294,0.24135073872647198
938,0.0938,27,207,27,318317,287293,16520,91436,2.6612045648227056,0.24142856765655654
939,0.0939,17,222,17,318539,287071,16537,91419,2.6591481714772685,0.24153610399217945
940,0.094,27,240,27,318779,286831,16564,91392,2.6569250435362557,0.24163522577950045
941,0.0941,29,248,29,319027,286583,16593,91363,2.654627811330542,0.24173559185703777
942,0.0942,24,242,24,319269,286341,16617,91339,2.652386157323354,0.2418423003600932
943,0.0943,25,247,25,319516,286094,16642,91314,2.650098188150728,0.24195035611327795
944,0.0944,17,240,17,319756,285854,16659,91297,2.647875060209715,0.24207015227322742
945,0.0945,22,235,22,319991,285619,16681,91275,2.6456982474341397,0.24217684547910023
946,0.0946,24,215,24,320206,285404,16705,91251,2.643706695320316,0.2422667958742085
947,0.0947,27,220,27,320426,285184,16732,91224,2.6416688280410536,0.242354041359376
948,0.0948,23,223,23,320649,284961,16755,91201,2.6396031716625292,0.2424513906242523
949,0.0949,27,251,27,320900,284710,16782,91174,2.637278150357553,0.24255887454640263
950,0.095,15,213,15,321113,284497,16797,91159,2.635305124309904,0.2426661626594544
951,0.0951,26,228,26,321341,284269,16823,91133,2.6331931527659416,0.2427610934411644
952,0.0952,34,230,34,321571,284039,16857,91099,2.6310626551558043,0.2428413010678737
953,0.0953,19,242,19,321813,283797,16876,91080,2.628821001148616,0.24295969077857538
954,0.0954,22,241,22,322054,283556,16898,91058,2.6265886101745157,0.243071534966659
955,0.0955,21,231,21,322285,283325,16919,91037,2.6244488495312903,0.2431790619774443
956,0.0956,28,243,28,322528,283082,16947,91009,2.622197932491015,0.24328037830367477
957,0.0957,20,222,20,322750,282860,16967,90989,2.620141539145578,0.2433843610655639
958,0.0958,23,230,23,322980,282630,16990,90966,2.6180110415354405,0.24348761764044582
959,0.0959,21,239,21,323219,282391,17011,90945,2.615797176627515,0.24360093856472453
960,0.096,36,245,36,323464,282146,17047,90909,2.6135277335210643,0.24368792805350417
961,0.0961,35,212,35,323676,281934,17082,90874,2.6115639705065026,0.24375549880903843
962,0.0962,26,230,26,323906,281704,17108,90848,2.6094334728963653,0.24385320706908029
963,0.0963,25,251,25,324157,281453,17133,90823,2.607108451591389,0.24396684180554212
964,0.0964,22,236,22,324393,281217,17155,90801,2.6049223757827265,0.24407689950486267
965,0.0965,23,219,23,324612,280998,17178,90778,2.602893771536552,0.24417391117231882
966,0.0966,12,215,12,324827,280783,17190,90766,2.6009022194227276,0.24429079340813728
967,0.0967,24,222,24,325049,280561,17214,90742,2.598845826077291,0.24438800656067955
968,0.0968,36,239,36,325288,280322,17250,90706,2.5966319611693653,0.24447211531205193
969,0.0969,22,219,22,325507,280103,17272,90684,2.5946033569231908,0.244571681315688
970,0.097,22,237,22,325744,279866,17294,90662,2.5924080180814406,0.2446832628033509
971,0.0971,22,255,22,325999,279611,17316,90640,2.5900459446441144,0.24480690126427748
972,0.0972,19,250,19,326249,279361,17335,90621,2.5877301863722257,0.24493353730722034
973,0.0973,23,249,23,326498,279112,17358,90598,2.5854236911334247,0.24505152687241352
974,0.0974,25,250,25,326748,278862,17383,90573,2.583107932861536,0.24516626740833977
975,0.0975,33,211,33,326959,278651,17416,90540,2.581153432880062,0.245238914274725
976,0.0976,20,199,20,327158,278452,17436,90520,2.579310089295639,0.24533026896349858
977,0.0977,29,212,29,327370,278240,17465,90491,2.5773463262810776,0.24541196698948556
978,0.0978,33,226,33,327596,278014,17498,90458,2.57525288080329,0.2454949087040535
979,0.0979,29,228,29,327824,277786,17527,90429,2.573140909259328,0.24558749643550642
980,0.098,18,215,18,328039,277571,17545,90411,2.5711493571455035,0.24569408286274871
981,0.0981,30,254,30,328293,277317,17575,90381,2.568796546741265,0.24580226163862734
982,0.0982,29,222,29,328515,277095,17604,90352,2.566740153395828,0.24589124417943267
983,0.0983,26,231,26,328746,276864,17630,90326,2.564600392752603,0.24599253792314604
984,0.0984,21,190,21,328936,276674,17651,90305,2.5628404164659675,0.24607675098575124
985,0.0985,34,213,34,329149,276461,17685,90271,2.5608673904183186,0.24614977694883458
986,0.0986,31,252,31,329401,276209,17716,90240,2.558533106080255,0.24625527699625324
987,0.0987,24,215,24,329616,275994,17740,90216,2.5565415539664307,0.24635045465716393
988,0.0988,27,224,27,329840,275770,17767,90189,2.5544666345548186,0.24644564008536476
989,0.0989,28,223,28,330063,275547,17795,90161,2.552400978176294,0.24653822175068635
990,0.099,27,224,27,330287,275323,17822,90134,2.550326058764682,0.24663366688830696
991,0.0991,30,217,30,330504,275106,17852,90104,2.5483159805846824,0.24671832644232086
992,0.0992,22,232,22,330736,274874,17874,90082,2.5461669569083702,0.2468297548197591
993,0.0993,19,216,19,330952,274658,17893,90063,2.5441661417614583,0.24693669955938924
994,0.0994,24,204,24,331156,274454,17917,90039,2.542276483011597,0.24702532010216932
995,0.0995,25,219,25,331375,274235,17942,90014,2.540247878765423,0.2471221609393574
996,0.0996,29,241,29,331616,273994,17971,89985,2.5380154877913226,0.24722580148854742
997,0.0997,28,213,28,331829,273781,17999,89957,2.536042461743673,0.2473126261209992
998,0.0998,28,219,28,332048,273562,18027,89929,2.534013857497499,0.24740364960893116
999,0.0999,14,240,14,332288,273322,18041,89915,2.531790729556486,0.24753810872791043
1000,0.1,30,216,30,332504,273106,18071,89885,2.5297899144095743,0.2476232193084677
1001,0.1001,21,224,21,332728,272882,18092,89864,2.5277149949979623,0.24773257320549366
1002,0.1002,23,193,23,332921,272689,18115,89841,2.5259272296120643,0.24781673240835242
1003,0.1003,33,236,33,333157,272453,18148,89808,2.5237411538034014,0.24790965629753134
1004,0.1004,22,245,22,333402,272208,18170,89786,2.5214717106969506,0.24803173533262982
1005,0.1005,30,246,30,333648,271962,18200,89756,2.5191930045574122,0.24813805229488164
1006,0.1006,23,226,23,333874,271736,18223,89733,2.5170995590796252,0.2482453543734041
1007,0.1007,27,254,27,334128,271482,18250,89706,2.5147467486753863,0.24836373301438586
1008,0.1008,24,230,24,334358,271252,18274,89682,2.512616251065249,0.24847201981525707
1009,0.1009,23,232,23,334590,271020,18297,89659,2.5104672273889364,0.24858392088255762
1010,0.101,26,205,26,334795,270815,18323,89633,2.5085683056059875,0.24867109818892044
1011,0.1011,30,200,30,334995,270615,18353,89603,2.5067156989884767,0.24874659234130445
1012,0.1012,37,216,37,335211,270399,18390,89566,2.504714883841565,0.24881863514508354
1013,0.1013,23,245,23,335456,270154,18413,89543,2.5024454407351144,0.2489400801229924
1014,0.1014,18,228,18,335684,269926,18431,89525,2.500333469191152,0.24906037262380687
1015,0.1015,29,236,29,335920,269690,18460,89496,2.498147393382489,0.24916338610079458
1016,0.1016,27,218,27,336138,269472,18487,89469,2.4961280521694023,0.24925823464023336
1017,0.1017,28,253,28,336391,269219,18515,89441,2.493784504798251,0.24937545307533598
1018,0.1018,27,222,27,336613,268997,18542,89414,2.4917281114528143,0.2494733699579533
1019,0.1019,29,211,29,336824,268786,18571,89385,2.4897736114713402,0.24955956791588377
1020,0.102,29,231,29,337055,268555,18600,89356,2.4876338508281153,0.24965983163412134
1021,0.1021,27,205,27,337260,268350,18627,89329,2.4857349290451665,0.24974628088313824
1022,0.1022,27,239,27,337499,268111,18654,89302,2.483521064137241,0.24985660846135982
1023,0.1023,28,204,28,337703,267907,18682,89274,2.4816314053873803,0.2499405063539214
1024,0.1024,28,223,28,337926,267684,18710,89246,2.4795657490088554,0.25003782254223517
1025,0.1025,21,223,21,338149,267461,18731,89225,2.477500092630331,0.2501499918695996
1026,0.1026,22,221,22,338370,267240,18753,89203,2.4754529623179815,0.2502588071585078
1027,0.1027,23,254,23,338624,266986,18776,89180,2.4731001519137426,0.2503888636197728
1028,0.1028,29,193,29,338817,266793,18805,89151,2.4713123865278446,0.250463556064999
1029,0.1029,31,232,31,339049,266561,18836,89120,2.469163362851532,0.25056159873594597
1030,0.103,28,209,28,339258,266352,18864,89092,2.4672273889362333,0.2506498914034278
1031,0.1031,19,216,19,339474,266136,18883,89073,2.4652265737893218,0.2507622273084297
1032,0.1032,35,221,35,339695,265915,18918,89038,2.4631794434769723,0.2508444780013129
1033,0.1033,29,218,29,339913,265697,18947,89009,2.4611601022638854,0.2509373960406647
1034,0.1034,18,249,18,340162,265448,18965,88991,2.4588536070250844,0.25107564348167105
1035,0.1035,26,226,26,340388,265222,18991,88965,2.456760161547297,0.2511808733804459
1036,0.1036,21,216,21,340604,265006,19012,88944,2.4547593464003854,0.25128973018787965
1037,0.1037,24,212,24,340816,264794,19036,88920,2.4527955833858237,0.25138954070237535
1038,0.1038,17,229,17,341045,264565,19053,88903,2.450674348808774,0.2515164031821834
1039,0.1039,27,225,27,341270,264340,19080,88876,2.4485901663640743,0.25161940568943647
1040,0.104,22,202,22,341472,264138,19102,88854,2.446719033680388,0.2517167527875986
1041,0.1041,26,229,26,341701,263909,19128,88828,2.4445977991033385,0.2518250141039925
1042,0.1042,31,210,31,341911,263699,19159,88797,2.442652562154952,0.25190924152330807
1043,0.1043,32,213,32,342124,263486,19191,88765,2.440679536107303,0.2519936068314923
1044,0.1044,30,202,30,342326,263284,19221,88735,2.438808403423617,0.2520744618898412
1045,0.1045,28,213,28,342539,263071,19249,88707,2.436835377375968,0.2521675602226404
1046,0.1046,27,212,27,342751,262859,19276,88680,2.4348716143614064,0.2522621956596565
1047,0.1047,28,218,28,342969,262641,19304,88652,2.4328522731483195,0.2523591417990111
1048,0.1048,27,227,27,343196,262414,19331,88625,2.430749564637445,0.25246482584556135
1049,0.1049,19,219,19,343415,262195,19350,88606,2.4287209603912707,0.25258194817004515
1050,0.105,23,204,23,343619,261991,19373,88583,2.4268313016414096,0.2526798906935483
1051,0.1051,32,217,32,343836,261774,19405,88551,2.4248212234614104,0.2527681438664098
1052,0.1052,26,191,26,344027,261583,19431,88525,2.4230519841416873,0.2528505489734596
1053,0.1053,18,192,18,344219,261391,19449,88507,2.421273481788877,0.2529508599649041
1054,0.1054,20,205,20,344424,261186,19469,88487,2.419374560005928,0.25305642700465864
1055,0.1055,18,222,18,344646,260964,19487,88469,2.4173181666604915,0.253178720956521
1056,0.1056,22,209,22,344855,260755,19509,88447,2.4153821927451924,0.2532831999816725
1057,0.1057,29,221,29,345076,260534,19538,88418,2.413335062432843,0.25338155390999334
1058,0.1058,29,205,29,345281,260329,19567,88389,2.4114361406498945,0.2534684186075855
1059,0.1059,31,208,31,345489,260121,19598,88358,2.409509429767683,0.2535532987640575
1060,0.106,23,203,23,345692,259918,19621,88335,2.4076290340509097,0.25365179912305136
1061,0.1061,18,208,18,345900,259710,19639,88317,2.4057023231686983,0.2537647941108018
1062,0.1062,24,209,24,346109,259501,19663,88293,2.4037663492533996,0.25386579411950755
1063,0.1063,22,229,22,346338,259272,19685,88271,2.4016451146763496,0.25398583772367733
1064,0.1064,23,182,23,346520,259090,19708,88248,2.3999592426544147,0.25406952305823144
1065,0.1065,28,192,28,346712,258898,19736,88220,2.3981807403016044,0.2541498856296706
1066,0.1066,21,242,21,346954,258656,19757,88199,2.3959390862944163,0.2542820486946995
1067,0.1067,26,206,26,347160,258450,19783,88173,2.3940309014783803,0.25437723405544355
1068,0.1068,25,198,25,347358,258252,19808,88148,2.3921968209270443,0.25446882217090067
1069,0.1069,22,231,22,347589,258021,19830,88126,2.3900570602838194,0.25459125747153666
1070,0.107,31,208,31,347797,257813,19861,88095,2.388130349401608,0.2546775443181424
1071,0.1071,35,193,35,347990,257620,19896,88060,2.38634258401571,0.2547442721592224
1072,0.1072,17,197,17,348187,257423,19913,88043,2.3845177664974617,0.2548528654049892
1073,0.1073,21,227,21,348414,257196,19934,88022,2.382415057986587,0.2549751171723375
1074,0.1074,26,206,26,348620,256990,19960,87996,2.380506873170551,0.2550712202814027
1075,0.1075,23,209,23,348829,256781,19983,87973,2.3785708992552523,0.2551761545913898
1076,0.1076,28,224,28,349053,256557,20011,87945,2.37649597984364,0.2552815368270721
1077,0.1077,25,217,25,349270,256340,20036,87920,2.3744859016636406,0.25538836925579506
1078,0.1078,28,188,28,349458,256152,20064,87892,2.3727444514431806,0.255467323946937
1079,0.1079,27,206,27,349664,255946,20091,87865,2.3708362666271445,0.2555619221025505
1080,0.108,35,236,35,349900,255710,20126,87830,2.3686501908184816,0.255661640565873
1081,0.1081,23,174,23,350074,255536,20149,87807,2.3670384230612473,0.25574134320490005
1082,0.1082,32,222,32,350296,255314,20181,87775,2.36498202971581,0.2558374066204396
1083,0.1083,27,187,27,350483,255127,20208,87748,2.3632498425284374,0.25591833758658405
1084,0.1084,40,213,40,350696,254914,20248,87708,2.3612768164807885,0.2559905668637741
1085,0.1085,25,221,25,350917,254693,20273,87683,2.359229686168439,0.25610147907563613
1086,0.1086,27,188,27,351105,254505,20300,87656,2.357488235947979,0.25618349256636497
1087,0.1087,26,236,26,351341,254269,20326,87630,2.355302160139316,0.2563037622221767
1088,0.1088,24,219,24,351560,254050,20350,87606,2.3532735558931415,0.2564158100545578
1089,0.1089,25,187,25,351747,253863,20375,87581,2.351541368705769,0.2565017982451002
1090,0.109,26,209,26,351956,253654,20401,87555,2.34960539479047,0.25660225843984186
1091,0.1091,28,177,28,352133,253477,20429,87527,2.347965837933973,0.2566744085113371
1092,0.1092,32,197,32,352330,253280,20461,87495,2.346141020415725,0.25675298950920694
1093,0.1093,26,200,26,352530,253080,20487,87469,2.344288413798214,0.2568470322919756
1094,0.1094,26,213,26,352743,252867,20513,87443,2.342315387750565,0.2569510152508007
1095,0.1095,32,204,32,352947,252663,20545,87411,2.340425729000704,0.2570352335080012
1096,0.1096,25,183,25,353130,252480,20570,87386,2.3387305939456815,0.2571189821870973
1097,0.1097,28,226,28,353356,252254,20598,87358,2.3366371484678945,0.25722883761468973
1098,0.1098,26,231,26,353587,252023,20624,87332,2.334497387824669,0.2573470259757481
1099,0.1099,34,210,34,353797,251813,20658,87298,2.3325521508762828,0.2574319323171469
1100,0.11,26,203,26,354000,251610,20684,87272,2.3306717551595093,0.25752916944541165
1101,0.1101,29,176,29,354176,251434,20713,87243,2.3290414613360997,0.25759942363963306
1102,0.1102,22,196,22,354372,251238,20735,87221,2.327225906850939,0.2577003418434729
1103,0.1103,26,195,26,354567,251043,20761,87195,2.325419615398866,0.2577918507086726
1104,0.1104,35,222,35,354789,250821,20796,87160,2.323363222053429,0.25788431894100555
1105,0.1105,28,220,28,355009,250601,20824,87132,2.3213253547741672,0.2579907796987561
1106,0.1106,27,203,27,355212,250398,20851,87105,2.319444959057394,0.25808659478582413
1107,0.1107,26,220,26,355432,250178,20877,87079,2.317407091778132,0.258197754234901
1108,0.1108,29,177,29,355609,250001,20906,87050,2.3157675349216347,0.25826952004296083
1109,0.1109,34,220,34,355829,249781,20940,87016,2.313729667642373,0.2583633464668628
1110,0.111,32,203,32,356032,249578,20972,86984,2.3118492719255994,0.25844866621900275
1111,0.1111,20,228,20,356260,249350,20992,86964,2.309737300381637,0.25857977961072093
1112,0.1112,27,212,27,356472,249138,21019,86937,2.3077735373670754,0.2586833296139255
1113,0.1113,22,209,22,356681,248929,21041,86915,2.3058375634517767,0.2587957504079275
1114,0.1114,21,199,21,356880,248730,21062,86894,2.3039942198673535,0.25890281982218194
1115,0.1115,23,210,23,357090,248520,21085,86871,2.302048982918967,0.2590141059241303
1116,0.1116,29,200,29,357290,248320,21114,86842,2.3001963763014563,0.25910455242539426
1117,0.1117,33,202,33,357492,248118,21147,86809,2.29832524361777,0.25918782301815024
1118,0.1118,24,216,24,357708,247902,21171,86785,2.2963244284708586,0.25930197468082117
1119,0.1119,26,181,26,357889,247721,21197,86759,2.294647819482011,0.2593847165749821
1120,0.112,22,208,22,358097,247513,21219,86737,2.2927211085998,0.25949738219895285
1121,0.1121,29,204,29,358301,247309,21248,86708,2.290831449849939,0.2595915776741902
1122,0.1122,22,206,22,358507,247103,21270,86686,2.288923265033903,0.25970298601811326
1123,0.1123,26,213,26,358720,246890,21296,86660,2.2869502389862535,0.25981112277019935
1124,0.1124,30,221,30,358941,246669,21326,86630,2.284903108673904,0.259916771427457
1125,0.1125,27,201,27,359142,246468,21353,86603,2.283041239023306,0.2600136307273824
1126,0.1126,31,203,31,359345,246265,21384,86572,2.2811608433065325,0.2601032938044749
1127,0.1127,26,209,26,359554,246056,21410,86546,2.2792248693912334,0.2602088983229205
1128,0.1128,29,212,29,359766,245844,21439,86517,2.277261106376672,0.2603103252186628
1129,0.1129,26,195,26,359961,245649,21465,86491,2.275454814924599,0.2604052507978563
1130,0.113,21,177,21,360138,245472,21486,86470,2.273815258068102,0.26049731579613306
1131,0.1131,29,200,29,360338,245272,21515,86441,2.271962651450591,0.2605897266613006
1132,0.1132,30,203,30,360541,245069,21545,86411,2.2700822557338176,0.2606823941112586
1133,0.1133,20,177,20,360718,244892,21565,86391,2.2684426988773203,0.2607770395703975
1134,0.1134,27,218,27,360936,244674,21592,86364,2.2664233576642334,0.2608884780599206
1135,0.1135,22,203,22,361139,244471,21614,86342,2.26454296194746,0.26099941658882814
1136,0.1136,32,176,32,361315,244295,21646,86310,2.2629126681240503,0.2610668320200844
1137,0.1137,20,181,20,361496,244114,21666,86290,2.261236059135203,0.26116511906635514
1138,0.1138,31,177,31,361673,243937,21697,86259,2.2595965022787063,0.26123575088735174
1139,0.1139,21,198,21,361871,243739,21718,86238,2.2577624217273704,0.2613454877158105
1140,0.114,24,184,24,362055,243555,21742,86214,2.2560580236392602,0.261437551740764
1141,0.1141,24,186,24,362241,243369,21766,86190,2.2543350994849756,0.261531319126469
1142,0.1142,16,201,16,362442,243168,21782,86174,2.252473229834377,0.26165505766042596
1143,0.1143,26,216,26,362658,242952,21808,86148,2.250472414687465,0.26176845943482224
1144,0.1144,24,205,24,362863,242747,21832,86124,2.2485734929045167,0.26187775754019055
1145,0.1145,24,188,24,363051,242559,21856,86100,2.2468320426840567,0.26197365658630983
1146,0.1146,26,192,26,363243,242367,21882,86074,2.245053540331246,0.262068377577708
1147,0.1147,27,182,27,363425,242185,21909,86047,2.243367668309311,0.26215298934899706
1148,0.1148,26,180,26,363605,242005,21935,86021,2.2417003223535517,0.26223835915445726
1149,0.1149,25,187,25,363792,241818,21960,85996,2.239968135166179,0.2623316880914177
1150,0.115,27,191,27,363983,241627,21987,85969,2.238198895846456,0.26242383911891476
1151,0.1151,31,217,31,364200,241410,22018,85938,2.2361888176664566,0.2625279519043953
1152,0.1152,32,180,32,364380,241230,22050,85906,2.234521471710697,0.26260026411033943
1153,0.1153,17,212,17,364592,241018,22067,85889,2.2325577086961355,0.26273221436065913
1154,0.1154,29,171,29,364763,240847,22096,85860,2.230973730038164,0.2628042864095351
1155,0.1155,29,199,29,364962,240648,22125,85831,2.2291303864537406,0.26289899197191857
1156,0.1156,24,191,24,365153,240457,22149,85807,2.2273611471340176,0.26299867591888776
1157,0.1157,22,193,22,365346,240264,22171,85785,2.2255733817481196,0.263104625378394
1158,0.1158,30,207,30,365553,240057,22201,85755,2.223655933898996,0.26320393355677507
1159,0.1159,23,223,23,365776,239834,22224,85732,2.2215902775204714,0.2633321661352844
1160,0.116,17,195,17,365971,239639,22241,85715,2.219783986068398,0.26345150205622186
1161,0.1161,31,171,31,366142,239468,22272,85684,2.2182000074104264,0.2635198307253223
1162,0.1162,38,195,38,366337,239273,22310,85646,2.2163937159583535,0.2635918490454544
1163,0.1163,28,193,28,366530,239080,22338,85618,2.2146059505724556,0.26368502423790724
1164,0.1164,28,198,28,366728,238882,22366,85590,2.2127718700211196,0.26378239108459284
1165,0.1165,32,213,32,366941,238669,22398,85558,2.2107988439734707,0.26388302022965393
1166,0.1166,35,198,35,367139,238471,22433,85523,2.2089647634221348,0.2639647647795947
1167,0.1167,34,184,34,367323,238287,22467,85489,2.207260365334025,0.2640374827040917
1168,0.1168,24,213,24,367536,238074,22491,85465,2.205287339286376,0.26415671681002906
1169,0.1169,21,181,21,367717,237893,22512,85444,2.2036107302975285,0.2642567970878681
1170,0.117,27,191,27,367908,237702,22539,85417,2.201841490977806,0.2643515237420269
1171,0.1171,42,206,42,368114,237496,22581,85375,2.1999333061617694,0.26442449151518715
1172,0.1172,27,203,27,368317,237293,22608,85348,2.198052910444996,0.26452930656674134
1173,0.1173,33,192,33,368509,237101,22641,85315,2.1962744080921857,0.26461155773907
1174,0.1174,26,174,26,368683,236927,22667,85289,2.1946626403349514,0.2646951113538744
1175,0.1175,13,196,13,368879,236731,22680,85276,2.192847085849791,0.26482654103792774
1176,0.1176,22,183,22,369062,236548,22702,85254,2.1911519507947683,0.26492688050416097
1177,0.1177,20,197,20,369259,236351,22722,85234,2.18932713327652,0.26504345662888507
1178,0.1178,30,195,30,369454,236156,22752,85204,2.187520841824447,0.26513567338810057
1179,0.1179,31,189,31,369643,235967,22783,85173,2.1857701285708995,0.2652207759855515
1180,0.118,26,193,26,369836,235774,22809,85147,2.1839823631850015,0.26532074872009
1181,0.1181,22,142,22,369978,235632,22831,85125,2.1826670124865686,0.2653878169455382
1182,0.1182,25,196,25,370174,235436,22856,85100,2.180851458001408,0.2654927995607358
1183,0.1183,34,172,34,370346,235264,22890,85066,2.1792582163103487,0.26555739393750194
1184,0.1184,19,188,19,370534,235076,22909,85047,2.1775167660898886,0.26566975818669697
1185,0.1185,30,195,30,370729,234881,22939,85017,2.1757104746378153,0.2657628369042632
1186,0.1186,26,185,26,370914,234696,22965,84991,2.173996813516618,0.2658569162962523
1187,0.1187,26,222,26,371136,234474,22991,84965,2.1719404201711807,0.2659819245614969
1188,0.1188,23,186,23,371322,234288,23014,84942,2.1702174960168956,0.2660840146602763
1189,0.1189,34,182,34,371504,234106,23048,84908,2.168531623994961,0.26615759809914297
1190,0.119,27,174,27,371678,233932,23075,84881,2.1669198562377265,0.26624071163973867
1191,0.1191,29,190,29,371868,233742,23104,84852,2.165159879951091,0.26633269929753856
1192,0.1192,22,186,22,372054,233556,23126,84830,2.163436955796806,0.2664375946178538
1193,0.1193,25,196,25,372250,233360,23151,84805,2.1616214013116455,0.2665440887589773
1194,0.1194,31,188,31,372438,233172,23182,84774,2.1598799510911855,0.26663018248381803
1195,0.1195,29,197,29,372635,232975,23211,84745,2.158055133572937,0.266728566032985
1196,0.1196,24,185,24,372820,232790,23235,84721,2.15634147245174,0.2668285508218613
1197,0.1197,23,168,23,372988,232622,23258,84698,2.1547852828930303,0.26691667717130974
1198,0.1198,23,159,23,373147,232463,23281,84675,2.1533124606321095,0.2669973323915772
1199,0.1199,29,207,29,373354,232256,23310,84646,2.1513950127829857,0.2671046569601959
1200,0.12,24,195,24,373549,232061,23334,84622,2.1495887213309124,0.2672135858255732
1201,0.1201,28,171,28,373720,231890,23362,84594,2.1480047426729407,0.2672931333021575
1202,0.1202,31,190,31,373910,231700,23393,84563,2.1462447663863053,0.2673818941830059
1203,0.1203,30,162,30,374072,231538,23423,84533,2.144744155026122,0.26744940219127983
1204,0.1204,24,217,24,374289,231321,23447,84509,2.1427340768461227,0.2675774942215749
1205,0.1205,29,182,29,374471,231139,23476,84480,2.1410482048241875,0.26766449421612765
1206,0.1206,29,200,29,374671,230939,23505,84451,2.1391955982066766,0.2677668917847744
1207,0.1207,17,197,17,374868,230742,23522,84434,2.137370780688429,0.2678947635606772
1208,0.1208,25,178,25,375046,230564,23547,84409,2.135721960798844,0.2679880497693453
1209,0.1209,16,202,16,375248,230362,23563,84393,2.133850828115158,0.26812282568982226
1210,0.121,27,194,27,375442,230168,23590,84366,2.1320537996961724,0.2682253746812745
1211,0.1211,19,187,19,375629,229981,23609,84347,2.1303216125088,0.26834071415845867
1212,0.1212,24,189,24,375818,229792,23633,84323,2.1285708992552523,0.26844626967830254
1213,0.1213,17,177,17,375995,229615,23650,84306,2.126931342398755,0.26855801300327153
1214,0.1214,22,173,22,376168,229442,23672,84284,2.125328837674608,0.2686548134359282
1215,0.1215,24,155,24,376323,229287,23696,84260,2.1238930675460375,0.2687316415082906
1216,0.1216,28,173,28,376496,229114,23724,84232,2.1222905628218904,0.2688146649390769
1217,0.1217,26,167,26,376663,228947,23750,84206,2.120743636296269,0.26889731217647606
1218,0.1218,29,175,29,376838,228772,23779,84177,2.1191226055059467,0.26897992963709744
1219,0.1219,26,171,26,377009,228601,23805,84151,2.117538626847975,0.2690662249961631
1220,0.122,20,211,20,377220,228390,23825,84131,2.115584126866501,0.26920110968542915
1221,0.1221,27,200,27,377420,228190,23852,84104,2.11373152024899,0.26931032936912014
1222,0.1222,15,214,15,377634,227976,23867,84089,2.1117492311682535,0.26945988816432476
1223,0.1223,22,142,22,377776,227834,23889,84067,2.110433880469821,0.26953103709189774
1224,0.1224,25,198,25,377974,227636,23914,84042,2.108599799918485,0.26964367071143935
1225,0.1225,22,193,22,378167,227443,23936,84020,2.106812034532587,0.2697591688258316
1226,0.1226,41,210,41,378377,227233,23977,83979,2.104866797584201,0.26984499312365845
1227,0.1227,24,167,24,378544,227066,24001,83955,2.1033198710585794,0.2699335414650458
1228,0.1228,24,179,24,378723,226887,24025,83931,2.101661788135907,0.2700326235932282
1229,0.1229,21,163,21,378886,226724,24046,83910,2.100151913742636,0.27012497022219073
1230,0.123,40,176,40,379062,226548,24086,83870,2.0985216199192265,0.2701840743771302
1231,0.1231,23,214,23,379276,226334,24109,83847,2.09653933083849,0.2703163636715337
1232,0.1232,15,196,15,379472,226138,24124,83832,2.0947237763533293,0.2704519792237958
1233,0.1233,27,175,27,379647,225963,24151,83805,2.0931027455630073,0.2705411792050825
1234,0.1234,22,206,22,379853,225757,24173,83783,2.091194560746971,0.2706693803708729
1235,0.1235,23,192,23,380045,225565,24196,83760,2.0894160583941606,0.2707831568738382
1236,0.1236,25,173,25,380218,225392,24221,83735,2.0878135536700135,0.2708757242169076
1237,0.1237,33,167,33,380385,225225,24254,83702,2.086266627144392,0.27094426838702995
1238,0.1238,21,199,21,380584,225026,24275,83681,2.084423283559969,0.27106933111332104
1239,0.1239,25,162,25,380746,224864,24300,83656,2.082922672199785,0.2711525995073253
1240,0.124,25,187,25,380933,224677,24325,83631,2.0811904850124123,0.27125796281640435
1241,0.1241,31,198,31,381131,224479,24356,83600,2.079356404461077,0.27135896961493644
1242,0.1242,38,179,38,381310,224300,24394,83562,2.0776983215384046,0.2714268081153244
1243,0.1243,27,167,27,381477,224133,24421,83535,2.076151395012783,0.27151019930574516
1244,0.1244,22,187,22,381664,223946,24443,83513,2.0744192078254104,0.2716232082976917
1245,0.1245,28,155,28,381819,223791,24471,83485,2.0729834376968395,0.2716938517814603
1246,0.1246,22,181,22,382000,223610,24493,83463,2.0713068287079923,0.2718018191114165
1247,0.1247,28,182,28,382182,223428,24521,83435,2.0696209566860575,0.2718965792552377
1248,0.1248,28,183,28,382365,223245,24549,83407,2.067925821631035,0.271992356156164
1249,0.1249,27,183,27,382548,223062,24576,83380,2.0662306865760125,0.2720906403169278
1250,0.125,18,163,18,382711,222899,24594,83362,2.064720812182741,0.2721926722632003
1251,0.1251,27,178,27,382889,222721,24621,83335,2.0630719922931564,0.27228677104843557
1252,0.1252,31,177,31,383066,222544,24652,83304,2.0614324354366595,0.27237058931233815
1253,0.1253,33,192,33,383258,222352,24685,83271,2.059653933083849,0.27246313268307687
1254,0.1254,29,162,29,383420,222190,24714,83242,2.0581533217236654,0.2725385683229
1255,0.1255,24,156,24,383576,222034,24738,83218,2.0567082885620067,0.27262065441012673
1256,0.1256,26,147,26,383723,221887,24764,83192,2.0553466226981363,0.27269002455101793
1257,0.1257,26,147,26,383870,221740,24790,83166,2.053984956834266,0.27275947341147766
1258,0.1258,31,185,31,384055,221555,24821,83135,2.0522712957130684,0.2728510945551216
1259,0.1259,26,149,26,384204,221406,24847,83109,2.0508911037830226,0.27292251613221025
1260,0.126,26,196,26,384400,221210,24873,83083,2.049075549297862,0.2730361855185627
1261,0.1261,26,155,26,384555,221055,24899,83057,2.047639779169291,0.27311319513863314
1262,0.1262,32,167,32,384722,220888,24931,83025,2.0460928526436697,0.27318673436147844
1263,0.1263,28,179,28,384901,220709,24959,82997,2.0444347697209975,0.27328073860904956
1264,0.1264,26,186,26,385087,220523,24985,82971,2.0427118455667124,0.27338596479666816
1265,0.1265,27,164,27,385251,220359,25012,82944,2.0411927081403536,0.27346910515227346
1266,0.1266,29,156,29,385407,220203,25041,82915,2.039747674978695,0.2735403374263488
1267,0.1267,26,202,26,385609,220001,25067,82889,2.037876542295009,0.27366040476740733
1268,0.1268,25,166,25,385775,219835,25092,82864,2.036338878802475,0.27375049141226104
1269,0.1269,23,202,23,385977,219633,25115,82841,2.034467746118789,0.2738780853891574
1270,0.127,19,192,19,386169,219441,25134,82822,2.032689243765979,0.27400641163490075
1271,0.1271,24,171,24,386340,219270,25158,82798,2.031105265108007,0.2741038441675384
1272,0.1272,23,152,23,386492,219118,25181,82775,2.029697284078699,0.2741865495390751
1273,0.1273,30,169,30,386661,218949,25211,82745,2.028131831486902,0.274267966880349
1274,0.1274,16,182,16,386843,218767,25227,82729,2.0264459594649673,0.27439501684931145
1275,0.1275,16,185,16,387028,218582,25243,82713,2.02473229834377,0.2745249672248129
1276,0.1276,32,167,32,387195,218415,25275,82681,2.023185371818148,0.27460012753407553
1277,0.1277,32,164,32,387359,218251,25307,82649,2.0216662343917893,0.2746726487205052
1278,0.1278,27,167,27,387526,218084,25334,82622,2.020119307866168,0.274760064647862
1279,0.1279,33,179,33,387705,217905,25367,82589,2.0184612249434957,0.27484409006502625
1280,0.128,27,165,27,387870,217740,25394,82562,2.016932824484049,0.27492990389674393
1281,0.1281,30,174,30,388044,217566,25424,82532,2.0153210567268145,0.27501682783624015
1282,0.1282,27,172,27,388216,217394,25451,82505,2.013727815035755,0.2751092867932204
1283,0.1283,27,163,27,388379,217231,25478,82478,2.012217940642484,0.2751936044629958
1284,0.1284,37,175,37,388554,217056,25515,82441,2.010596909852162,0.2752648607498573
1285,0.1285,34,157,34,388711,216899,25549,82407,2.009142613657416,0.2753269229484207
1286,0.1286,24,167,24,388878,216732,25573,82383,2.0075956871317944,0.2754224963642746
1287,0.1287,33,194,33,389072,216538,25606,82350,2.0057986587128087,0.2755212654907524
1288,0.1288,29,161,29,389233,216377,25635,82321,2.0043073103857125,0.27559943488071564
1289,0.1289,32,180,32,389413,216197,25667,82289,2.002639964429953,0.2756879719651843
1290,0.129,23,180,23,389593,216017,25690,82266,2.000972618474193,0.27579848667205303
1291,0.1291,22,185,22,389778,215832,25712,82244,1.9992589573529957,0.2759162092889062
1292,0.1292,35,166,35,389944,215666,25747,82209,1.9977212938604616,0.27598489299202683
1293,0.1293,27,174,27,390118,215492,25774,82182,1.9961095261032273,0.2760805444882657
1294,0.1294,30,157,30,390275,215335,25804,82152,1.9946552299084812,0.276153243671152
1295,0.1295,27,180,27,390455,215155,25831,82125,1.9929878839527215,0.2762547093649085
1296,0.1296,19,180,19,390635,214975,25850,82106,1.9913205379969616,0.27637580323211514
1297,0.1297,33,191,33,390826,214784,25883,82073,1.9895512986772388,0.27647318405831767
1298,0.1298,23,196,23,391022,214588,25906,82050,1.9877357441920782,0.27659976132525166
1299,0.1299,30,163,30,391185,214425,25936,82020,1.9862258697988069,0.27667864190659314
1300,0.13,23,172,23,391357,214253,25959,81997,1.9846326281077475,0.27678312236286917
1301,0.1301,19,173,19,391530,214080,25978,81978,1.9830301233836007,0.2768984455748536
1302,0.1302,28,176,28,391706,213904,26006,81950,1.9813998295601911,0.2769947338890128
1303,0.1303,24,173,24,391879,213731,26030,81926,1.9797973248360443,0.2770981238394491
1304,0.1304,32,166,32,392045,213565,26062,81894,1.9782596613435104,0.27717551335379864
1305,0.1305,22,177,22,392222,213388,26084,81872,1.9766201044870133,0.2772878141299194
1306,0.1306,30,165,30,392387,213223,26114,81842,1.9750917040275668,0.27736939318455256
1307,0.1307,32,170,32,392557,213053,26146,81810,1.9735169884026826,0.27745088396984363
1308,0.1308,23,168,23,392725,212885,26169,81787,1.9719607988439736,0.27755266872997775
1309,0.1309,21,148,21,392873,212737,26190,81766,1.9705898699470155,0.27764063523970894
1310,0.131,26,177,26,393050,212560,26216,81740,1.9689503130905184,0.2777437988447163
1311,0.1311,29,164,29,393214,212396,26245,81711,1.9674311756641594,0.2778274573539562
1312,0.1312,22,162,22,393376,212234,26267,81689,1.9659305643039757,0.27792653177873117
1313,0.1313,25,172,25,393548,212062,26292,81664,1.9643373226129164,0.27802782184757224
1314,0.1314,31,202,31,393750,211860,26323,81633,1.9624661899292304,0.27814291993335444
1315,0.1315,32,178,32,393928,211682,26355,81601,1.9608173700396458,0.2782329695209064
1316,0.1316,15,179,15,394107,211503,26370,81586,1.9591592871169736,0.27836595709835577
1317,0.1317,26,166,26,394273,211337,26396,81560,1.9576216236244395,0.27845966329460525
1318,0.1318,25,188,25,394461,211149,26421,81535,1.9558801734039795,0.27857689521805085
1319,0.1319,21,206,21,394667,210943,26442,81514,1.9539719885879432,0.2787213162960709
1320,0.132,24,170,24,394837,210773,26466,81490,1.952397272963059,0.27882420970153593
1321,0.1321,30,182,30,395019,210591,26496,81460,1.9507114009411242,0.27892388658145323
1322,0.1322,25,165,25,395184,210426,26521,81435,1.9491830004816777,0.2790198073740582
1323,0.1323,22,155,22,395339,210271,26543,81413,1.947747230353107,0.2791136983859245
1324,0.1324,31,166,31,395505,210105,26574,81382,1.9462095668605728,0.2791959847265916
1325,0.1325,32,162,32,395667,209943,26606,81350,1.9447089555003891,0.27927207313598335
1326,0.1326,35,166,35,395833,209777,26641,81315,1.943171292007855,0.2793446745358856
1327,0.1327,20,181,20,396014,209596,26661,81295,1.9414946830190078,0.2794689419748291
1328,0.1328,29,155,29,396169,209441,26690,81266,1.9400589128904369,0.27954607216200505
1329,0.1329,27,198,27,396367,209243,26717,81239,1.9382248323391011,0.27966965250858916
1330,0.133,36,164,36,396531,209079,26753,81203,1.9367056949127421,0.27973832342342964
1331,0.1331,27,159,27,396690,208920,26780,81176,1.935232872651821,0.27982460978434726
1332,0.1332,27,165,27,396855,208755,26807,81149,1.9337044721923746,0.27991680004415254
1333,0.1333,21,181,21,397036,208574,26828,81128,1.9320278632035273,0.2800394888540638
1334,0.1334,24,135,24,397171,208439,26852,81104,1.9307773537367074,0.28011038084153306
1335,0.1335,39,154,39,397325,208285,26891,81065,1.9293508466412241,0.28016243303957145
1336,0.1336,30,171,30,397496,208114,26921,81035,1.9277668679832525,0.2802534333509713
1337,0.1337,21,134,21,397630,207980,26942,81014,1.9265256215495201,0.2803310795379835
1338,0.1338,25,166,25,397796,207814,26967,80989,1.9249879580569862,0.28042991243165755
1339,0.1339,17,140,17,397936,207674,26984,80972,1.9236911334247286,0.280523547875252
1340,0.134,23,154,23,398090,207520,27007,80949,1.9222646263292453,0.28061594140098245
1341,0.1341,22,171,22,398261,207349,27029,80927,1.9206806476712734,0.2807274972595707
1342,0.1342,23,167,23,398428,207182,27052,80904,1.9191337211456518,0.2808328068701707
1343,0.1343,24,151,24,398579,207031,27076,80880,1.9177350031494313,0.28092014546161836
1344,0.1344,26,135,26,398714,206896,27102,80854,1.9164844936826115,0.28098696785404
1345,0.1345,24,157,24,398871,206739,27126,80830,1.9150301974878654,0.2810803667989248
1346,0.1346,24,163,24,399034,206576,27150,80806,1.913520323094594,0.28117975377720245
1347,0.1347,26,173,26,399207,206403,27176,80780,1.9119178183704473,0.28128405929320327
1348,0.1348,18,164,18,399371,206239,27194,80762,1.9103986809440883,0.28139971637729483
1349,0.1349,22,164,22,399535,206075,27216,80740,1.9088795435177295,0.28150550006101493
1350,0.135,21,167,21,399702,205908,27237,80719,1.9073326169921079,0.28161687489315385
1351,0.1351,29,176,29,399878,205732,27266,80690,1.9057023231686983,0.28171718652896777
1352,0.1352,21,152,21,400030,205580,27287,80669,1.90429434213939,0.28181408494003474
1353,0.1353,23,171,23,400201,205409,27310,80646,1.9027103634814184,0.2819248046704305
1354,0.1354,29,171,29,400372,205238,27339,80617,1.9011263848234465,0.28202060485211033
1355,0.1355,22,160,22,400532,205078,27361,80595,1.899644299529438,0.28212326681205435
1356,0.1356,23,190,23,400722,204888,27384,80572,1.8978843232428027,0.28225320535276394
1357,0.1357,28,164,28,400886,204724,27412,80544,1.8963651858164436,0.2823450229258101
1358,0.1358,30,170,30,401056,204554,27442,80514,1.8947904701915594,0.2824378744720558
1359,0.1359,23,156,23,401212,204398,27465,80491,1.893345437029901,0.28253460119555335
1360,0.136,32,138,32,401350,204260,27497,80459,1.8920671384638186,0.2825909054190272
1361,0.1361,21,155,21,401505,204105,27518,80438,1.8906313683352476,0.282691895425296
1362,0.1362,32,176,32,401681,203929,27550,80406,1.8890010745118382,0.2827861501397999
1363,0.1363,24,173,24,401854,203756,27574,80382,1.8873985697876914,0.28289774686947894
1364,0.1364,38,153,38,402007,203603,27612,80344,1.8859813257252955,0.2829542132862823
1365,0.1365,40,152,40,402159,203451,27652,80304,1.8845733446959874,0.2830047047629117
1366,0.1366,14,155,14,402314,203296,27666,80290,1.8831375745674164,0.2831239906060243
1367,0.1367,27,164,27,402478,203132,27693,80263,1.8816184371410574,0.2832195345718873
1368,0.1368,21,164,21,402642,202968,27714,80242,1.8800992997146986,0.2833303908760284
1369,0.1369,19,141,19,402783,202827,27733,80223,1.8787932120493533,0.2834234234234234
1370,0.137,26,172,26,402955,202655,27759,80197,1.8771999703582942,0.283529902563885
1371,0.1371,23,157,23,403112,202498,27782,80174,1.875745674163548,0.28362908247014207
1372,0.1372,31,167,31,403279,202331,27813,80143,1.8741987476379265,0.28371814751092134
1373,0.1373,26,151,26,403430,202180,27839,80117,1.8728000296417058,0.28380393698834916
1374,0.1374,27,139,27,403569,202041,27866,80090,1.871512468042536,0.28387522108524055
1375,0.1375,26,173,26,403742,201868,27892,80064,1.8699099633183889,0.2839833718769065
1376,0.1376,19,157,19,403899,201711,27911,80045,1.868455667123643,0.28409332897968453
1377,0.1377,28,167,28,404066,201544,27939,80017,1.8669087405980214,0.2841906371976233
1378,0.1378,28,149,28,404215,201395,27967,79989,1.8655285486679758,0.2842698945213658
1379,0.1379,20,152,20,404367,201243,27987,79969,1.8641205676386676,0.2843726441261397
1380,0.138,21,152,21,404519,201091,28008,79948,1.8627125866093595,0.2844729735018983
1381,0.1381,23,154,23,404673,200937,28031,79925,1.861286079513876,0.2845703583966503
1382,0.1382,25,165,25,404838,200772,28056,79900,1.8597576790544297,0.2846739254360962
1383,0.1383,27,155,27,404993,200617,28083,79873,1.8583219089258587,0.2847623801205034
1384,0.1384,38,147,38,405140,200470,28121,79835,1.8569602430619883,0.28481475535577316
1385,0.1385,28,177,28,405317,200293,28149,79807,1.8553206862054912,0.2849232416993931
1386,0.1386,27,141,27,405458,200152,28176,79780,1.854014598540146,0.2849977851764
1387,0.1387,24,159,24,405617,199993,28200,79756,1.852541776279225,0.2850984275189545
1388,0.1388,21,178,21,405795,199815,28221,79735,1.8508929563896401,0.2852262564836344
1389,0.1389,30,167,30,405962,199648,28251,79705,1.8493460298640187,0.2853200073025885
1390,0.139,28,158,28,406120,199490,28279,79677,1.8478824706361852,0.28540980846590036
1391,0.1391,17,148,17,406268,199342,28296,79660,1.846511541739227,0.2855176665400248
1392,0.1392,28,154,28,406422,199188,28324,79632,1.8450850346437437,0.2856036152356359
1393,0.1393,32,141,32,406563,199047,28356,79600,1.8437789469783985,0.28566609365972
1394,0.1394,22,181,22,406744,198866,28378,79578,1.8421023379895514,0.2857953484363103
1395,0.1395,25,148,25,406892,198718,28403,79553,1.8407314090925933,0.2858831858152664
1396,0.1396,25,172,25,407064,198546,28428,79528,1.839138167401534,0.2859958140638823
1397,0.1397,31,181,31,407245,198365,28459,79497,1.8374615584126865,0.2861024537360272
1398,0.1398,29,147,29,407392,198218,28488,79468,1.8360998925488161,0.28617935365844877
1399,0.1399,24,163,24,407555,198055,28512,79444,1.8345900181555448,0.2862857163449238
1400,0.14,27,124,27,407679,197931,28539,79417,1.8334414020526881,0.2863442317954339
1401,0.1401,24,154,24,407833,197777,28563,79393,1.8320148949572048,0.28644153407655953
1402,0.1402,18,155,18,407988,197622,28581,79375,1.8305791248286338,0.2865554500590259
1403,0.1403,32,157,32,408145,197465,28613,79343,1.829124828633888,0.28663550186410797
1404,0.1404,26,137,26,408282,197328,28639,79317,1.827855793100893,0.28671040503171935
1405,0.1405,22,127,22,408409,197201,28661,79295,1.8266793878987735,0.28678534228343266
1406,0.1406,26,163,26,408572,197038,28687,79269,1.8251695135055022,0.2868874114662314
1407,0.1407,30,178,30,408750,196860,28717,79239,1.8235206936159176,0.2869948822704899
1408,0.1408,18,151,18,408901,196709,28735,79221,1.822121975619697,0.28710542528902255
1409,0.1409,34,182,34,409083,196527,28769,79187,1.820436103597762,0.2872070333751641
1410,0.141,27,152,27,409235,196375,28796,79160,1.819028122568454,0.2872956248752427
1411,0.1411,30,150,30,409385,196225,28826,79130,1.8176386676053207,0.28737448021644785
1412,0.1412,17,157,17,409542,196068,28843,79113,1.8161843714105748,0.2874944127683234
1413,0.1413,27,159,27,409701,195909,28870,79086,1.8147115491496535,0.28759068346697214
1414,0.1414,27,136,27,409837,195773,28897,79059,1.8134517766497462,0.28766300867439015
1415,0.1415,31,171,31,410008,195602,28928,79028,1.8118677979917743,0.2877617157630266
1416,0.1416,24,155,24,410163,195447,28952,79004,1.8104320278632036,0.2878619498562585
1417,0.1417,26,174,26,410337,195273,28978,78978,1.808820260105969,0.2879770720981874
1418,0.1418,33,131,33,410468,195142,29011,78945,1.8076068027714995,0.2880289834979404
1419,0.1419,26,135,26,410603,195007,29037,78919,1.8063562933046797,0.2881033563809204
1420,0.142,19,140,19,410743,194867,29056,78900,1.8050594686724222,0.2882012806510646
1421,0.1421,18,173,18,410916,194694,29074,78882,1.8034569639482751,0.28833669620142116
1422,0.1422,28,175,28,411091,194519,29102,78854,1.8018359331579532,0.2884483837101689
1423,0.1423,26,160,26,411251,194359,29128,78828,1.8003538478639445,0.28854960155497883
1424,0.1424,15,143,15,411394,194216,29143,78813,1.7990292341324243,0.2886616440011867
1425,0.1425,27,152,27,411546,194064,29170,78786,1.7976212531031162,0.2887520615722925
1426,0.1426,15,147,15,411693,193917,29185,78771,1.7962595872392457,0.28886859707797924
1427,0.1427,23,157,23,411850,193760,29208,78748,1.7948052910444996,0.28897500256873193
1428,0.1428,27,157,27,412007,193603,29235,78721,1.7933509948497537,0.28907110647610934
1429,0.1429,27,164,27,412171,193439,29262,78694,1.7918318574233947,0.28917477850903783
1430,0.143,17,149,17,412320,193290,29279,78677,1.790451665493349,0.2892887740056698
1431,0.1431,29,166,29,412486,193124,29308,78648,1.7889140020008152,0.2893896354296984
1432,0.1432,26,135,26,412621,192989,29334,78622,1.7876634925339954,0.28946544874839386
1433,0.1433,18,157,18,412778,192832,29352,78604,1.7862091963392492,0.2895857587055512
1434,0.1434,29,142,29,412920,192690,29381,78575,1.7848938456408165,0.2896614012128362
1435,0.1435,23,156,23,413076,192534,29404,78552,1.783448812479158,0.28976782275735374
1436,0.1436,28,153,28,413229,192381,29432,78524,1.7820315684167625,0.28985806832653516
1437,0.1437,23,142,23,413371,192239,29455,78501,1.7807162177183298,0.2899497673044249
1438,0.1438,26,152,26,413523,192087,29481,78475,1.7793082366890214,0.29004442604652536
1439,0.1439,26,174,26,413697,191913,29507,78449,1.7776964689317871,0.29016281873931987
1440,0.144,26,169,26,413866,191744,29533,78423,1.7761310163399904,0.29027601446512713
1441,0.1441,21,130,21,413996,191614,29554,78402,1.7749268220386083,0.29036057122540887
1442,0.1442,30,145,30,414141,191469,29584,78372,1.773583682240913,0.2904377022024081
1443,0.1443,27,172,27,414313,191297,29611,78345,1.7719904405498537,0.2905519169862262
1444,0.1444,28,148,28,414461,191149,29639,78317,1.7706195116528956,0.2906377799054426
1445,0.1445,30,126,30,414587,191023,29669,78287,1.7694523694838638,0.29069473840555493
1446,0.1446,18,146,18,414733,190877,29687,78269,1.7680999666530808,0.29080499059989745
1447,0.1447,26,154,26,414887,190723,29713,78243,1.7666734595575975,0.2909029394049806
1448,0.1448,29,151,29,415038,190572,29742,78214,1.7652747415613768,0.29098985810272854
1449,0.1449,34,171,34,415209,190401,29776,78180,1.763690762903405,0.29108537089369685
1450,0.145,29,119,29,415328,190282,29805,78151,1.7625884619659862,0.2911378258261838
1451,0.1451,21,148,21,415476,190134,29826,78130,1.761217533069028,0.291242954701339
1452,0.1452,29,162,29,415638,189972,29855,78101,1.7597169217088444,0.29134228363169734
1453,0.1453,27,153,27,415791,189819,29882,78074,1.7582996776464486,0.29143725293307404
1454,0.1454,27,156,27,415947,189663,29909,78047,1.7568546444847901,0.29153561689888313
1455,0.1455,21,147,21,416094,189516,29930,78026,1.7554929786209197,0.29164019107280353
1456,0.1456,23,153,23,416247,189363,29953,78003,1.7540757345585238,0.2917461457328157
1457,0.1457,33,141,33,416388,189222,29986,77970,1.7527696468931786,0.2918126291206323
1458,0.1458,20,152,20,416540,189070,30006,77950,1.7513616658638704,0.29192569844955435
1459,0.1459,24,133,24,416673,188937,30030,77926,1.7501296824632258,0.29200750947115184
1460,0.146,29,137,29,416810,188800,30059,77897,1.7488606469302308,0.2920805258401857
1461,0.1461,25,142,25,416952,188658,30084,77872,1.747545296231798,0.2921697369902075
1462,0.1462,27,160,27,417112,188498,30111,77845,1.7460632109377894,0.2922734969569315
1463,0.1463,19,164,19,417276,188334,30130,77826,1.7445440735114306,0.29240306582506764
1464,0.1464,27,143,27,417419,188191,30157,77799,1.7432194597799104,0.2924884394150156
1465,0.1465,25,151,25,417570,188040,30182,77774,1.7418207417836897,0.29258805029080487
1466,0.1466,24,161,24,417731,187879,30206,77750,1.7403293934565933,0.29270147461308815
1467,0.1467,21,138,21,417869,187741,30227,77729,1.739051094890511,0.2927976795871473
1468,0.1468,24,147,24,418016,187594,30251,77705,1.7376894290266405,0.2928959400525445
1469,0.1469,26,140,26,418156,187454,30277,77679,1.736392604394383,0.2929812584627338
1470,0.147,23,126,23,418282,187328,30300,77656,1.7352254622253511,0.29305920357455545
1471,0.1471,33,144,33,418426,187184,30333,77623,1.7338915854607433,0.2931304686054372
1472,0.1472,24,154,24,418580,187030,30357,77599,1.73246507836526,0.2932369468198875
1473,0.1473,29,163,29,418743,186867,30386,77570,1.7309552039719887,0.2933401906692331
1474,0.1474,29,150,29,418893,186717,30415,77541,1.7295657490088554,0.2934291487864133
1475,0.1475,24,132,24,419025,186585,30439,77517,1.7283430286412984,0.2935115977917623
1476,0.1476,22,130,22,419155,186455,30461,77495,1.7271388343399163,0.29359727221064597
1477,0.1477,27,159,27,419314,186296,30488,77468,1.725666012078995,0.2937019456787128
1478,0.1478,25,146,25,419460,186150,30513,77443,1.7243136092482123,0.29379763499030703
1479,0.1479,34,148,34,419608,186002,30547,77409,1.7229426803512542,0.2938715543390367
1480,0.148,22,130,22,419738,185872,30569,77387,1.7217384860498721,0.29395766146646457
1481,0.1481,26,146,26,419884,185726,30595,77361,1.7203860832190894,0.2940510173440725
1482,0.1482,21,156,21,420040,185570,30616,77340,1.7189410500574307,0.29416910729907575
1483,0.1483,12,139,12,420179,185431,30628,77328,1.7176534884582608,0.29429248855415036
1484,0.1484,25,130,25,420309,185301,30653,77303,1.7164492941568787,0.2943709920640965
1485,0.1485,26,119,26,420428,185182,30679,77277,1.7153469932194598,0.2944345593025958
1486,0.1486,21,137,21,420565,185045,30700,77256,1.7140779576864649,0.29453185462503
1487,0.1487,23,139,23,420704,184906,30723,77233,1.7127903960872948,0.29462613346354416
1488,0.1488,20,133,20,420837,184773,30743,77213,1.71155841268665,0.2947218553663173
1489,0.1489,18,139,18,420976,184634,30761,77195,1.71027085108748,0.29482983168403804
1490,0.149,28,156,28,421132,184478,30789,77167,1.7088258179258216,0.2949301534521967
1491,0.1491,21,134,21,421266,184344,30810,77146,1.7075845714920894,0.2950246663352327
1492,0.1492,13,138,13,421404,184206,30823,77133,1.7063062729260068,0.29514538587811234
1493,0.1493,34,140,34,421544,184066,30857,77099,1.7050094482937492,0.2952118392587062
1494,0.1494,38,157,38,421701,183909,30895,77061,1.7035551520990033,0.2952868145763881
1495,0.1495,22,136,22,421837,183773,30917,77039,1.7022953795990958,0.29538134748401146
1496,0.1496,29,139,29,421976,183634,30946,77010,1.701007817999926,0.29546047482389776
1497,0.1497,17,143,17,422119,183491,30963,76993,1.6996832042684056,0.2955766956895625
1498,0.1498,31,149,31,422268,183342,30994,76962,1.69830301233836,0.29566199520560577
1499,0.1499,32,154,32,422422,183188,31026,76930,1.6968765052428767,0.2957503902075212
1500,0.15,19,174,19,422596,183014,31045,76911,1.6952647374856422,0.2958968933346158
1501,0.1501,26,146,26,422742,182868,31071,76885,1.6939123346548595,0.2959927315565172
1502,0.1502,28,155,28,422897,182713,31099,76857,1.6924765645262885,0.29609353931502097
1503,0.1503,31,144,31,423041,182569,31130,76826,1.6911426877616806,0.2961737890090403
1504,0.1504,20,161,20,423202,182408,31150,76806,1.6896513394345845,0.29630344040059564
1505,0.1505,26,143,26,423345,182265,31176,76780,1.6883267257030643,0.29639637900750837
1506,0.1506,27,142,27,423487,182123,31203,76753,1.6870113750046316,0.2964855761059349
1507,0.1507,24,142,24,423629,181981,31227,76729,1.685696024306199,0.2965830466545553
1508,0.1508,30,150,30,423779,181831,31257,76699,1.6843065693430657,0.296673500174061
1509,0.1509,28,149,28,423928,181682,31285,76671,1.68292637741302,0.2967683750527379
1510,0.151,35,134,35,424062,181548,31320,76636,1.681685130979288,0.29682706906702194
1511,0.1511,21,142,21,424204,181406,31341,76615,1.6803697802808553,0.29693319536006757
1512,0.1512,28,139,28,424343,181267,31369,76587,1.6790822186816852,0.2970169165496754
1513,0.1513,25,143,25,424486,181124,31394,76562,1.6777576049501648,0.2971135412866822
1514,0.1514,24,135,24,424621,180989,31418,76538,1.676507095483345,0.29720378834064
1515,0.1515,18,146,18,424767,180843,31436,76520,1.6751546926525622,0.29732323605180233
1516,0.1516,30,133,30,424900,180710,31466,76490,1.6739227092519176,0.2973950233281493
1517,0.1517,18,135,18,425035,180575,31484,76472,1.6726721997850977,0.297502013250495
1518,0.1518,29,141,29,425176,180434,31513,76443,1.6713661121197525,0.297586004196561
1519,0.1519,14,131,14,425307,180303,31527,76429,1.670152654785283,0.2976995466089151
1520,0.152,24,146,24,425453,180157,31551,76405,1.6688002519545,0.29780326003071383
1521,0.1521,25,140,25,425593,180017,31576,76380,1.6675034273222424,0.29789740129564696
1522,0.1522,17,140,17,425733,179877,31593,76363,1.6662066026899849,0.2980135810177958
1523,0.1523,30,147,30,425880,179730,31623,76333,1.6648449368261145,0.29810242010755167
1524,0.1524,29,125,29,426005,179605,31652,76304,1.6636870576901701,0.29816848958028047
1525,0.1525,24,126,24,426131,179479,31676,76280,1.6625199155211383,0.298249523965921
1526,0.1526,29,148,29,426279,179331,31705,76251,1.6611489866241802,0.29834260628682774
1527,0.1527,29,136,29,426415,179195,31734,76222,1.659889214124273,0.298421796513153
1528,0.1528,27,132,27,426547,179063,31761,76195,1.6586664937567157,0.29850190787360237
1529,0.1529,27,147,27,426694,178916,31788,76168,1.6573048278928453,0.29859967696915524
1530,0.153,24,132,24,426826,178784,31812,76144,1.656082107525288,0.29868825707650787
1531,0.1531,20,146,20,426972,178638,31832,76124,1.654729704694505,0.29880437427873857
1532,0.1532,25,136,25,427108,178502,31857,76099,1.6534699321945978,0.29889513395469774
1533,0.1533,28,159,28,427267,178343,31885,76071,1.6519971099336768,0.2990047717499823
1534,0.1534,35,131,35,427398,178212,31920,76036,1.650783652599207,0.2990623328403763
1535,0.1535,26,149,26,427547,178063,31946,76010,1.6494034606691614,0.29916598772793646
1536,0.1536,26,157,26,427704,177906,31972,75984,1.6479491644744155,0.29927921540824765
1537,0.1537,24,140,24,427844,177766,31996,75960,1.646652339842158,0.2993780692558114
1538,0.1538,19,132,19,427976,177634,32015,75941,1.6454296194746008,0.29948141575470766
1539,0.1539,39,136,39,428112,177498,32054,75902,1.6441698469746935,0.2995343330702447
1540,0.154,20,141,20,428253,177357,32074,75882,1.6428637593093482,0.2996457891556988
1541,0.1541,25,146,25,428399,177211,32099,75857,1.6415113564785653,0.2997494744495551
1542,0.1542,26,135,26,428534,177076,32125,75831,1.6402608470117455,0.2998374896701159
1543,0.1543,27,120,27,428654,176956,32152,75804,1.639149283041239,0.2999050482671309
1544,0.1544,24,151,24,428805,176805,32176,75780,1.6377505650450184,0.3000178157847853
1545,0.1545,31,150,31,428955,176655,32207,75749,1.6363611100818851,0.30011014088524746
1546,0.1546,30,126,30,429081,176529,32237,75719,1.6351939679128533,0.30017681012337066
1547,0.1547,24,129,24,429210,176400,32261,75695,1.633999036644559,0.3002637894444555
1548,0.1548,29,132,29,429342,176268,32290,75666,1.6327763162770017,0.30034056538617254
1549,0.1549,27,140,27,429482,176128,32317,75639,1.6314794916447442,0.3004325427875774
1550,0.155,18,150,18,429632,175978,32335,75621,1.6300900366816111,0.3005616079555165
1551,0.1551,33,174,33,429806,175804,32368,75588,1.6284782689243766,0.30067782586558045
1552,0.1552,27,122,27,429928,175682,32395,75561,1.627348178887695,0.3007486775750966
1553,0.1553,23,150,23,430078,175532,32418,75538,1.6259587239245619,0.3008643007926076
1554,0.1554,34,138,34,430216,175394,32452,75504,1.6246804253584795,0.30093504133153715
1555,0.1555,20,142,20,430358,175252,32472,75484,1.6233650746600468,0.30104970965477634
1556,0.1556,26,133,26,430491,175119,32498,75458,1.622133091259402,0.30113697585971577
1557,0.1557,25,136,25,430627,174983,32523,75433,1.6208733187594946,0.30123075202862437
1558,0.1558,14,143,14,430770,174840,32537,75419,1.6195487050279744,0.30136378711654727
1559,0.1559,24,125,24,430895,174715,32561,75395,1.61839082589203,0.3014473631602095
1560,0.156,28,132,28,431027,174583,32589,75367,1.6171681055244729,0.3015283056611322
1561,0.1561,33,143,33,431170,174440,32622,75334,1.6158434917929527,0.301608654223418
1562,0.1562,18,135,18,431305,174305,32640,75316,1.614592982326133,0.3017214096570401
1563,0.1563,19,114,19,431419,174191,32659,75297,1.6135369965541517,0.3018060988905278
1564,0.1564,16,148,16,431567,174043,32675,75281,1.6121660676571936,0.3019404469686031
1565,0.1565,29,150,29,431717,173893,32704,75252,1.6107766126940606,0.3020409801521203
1566,0.1566,18,149,18,431866,173744,32722,75234,1.609396420764015,0.3021712761770116
1567,0.1567,23,146,23,432012,173598,32745,75211,1.608044017933232,0.3022840813636163
1568,0.1568,27,137,27,432149,173461,32772,75184,1.606774982400237,0.3023748718051841
1569,0.1569,17,124,17,432273,173337,32789,75167,1.6056263662973804,0.30247802852267974
1570,0.157,25,130,25,432403,173207,32814,75142,1.6044221719959983,0.3025661468336897
1571,0.1571,25,142,25,432545,173065,32839,75117,1.6031068212975657,0.30266900903369304
1572,0.1572,25,154,25,432699,172911,32864,75092,1.6016803142020823,0.30278665983879227
1573,0.1573,30,147,30,432846,172764,32894,75062,1.600318648338212,0.302881860660302
1574,0.1574,29,140,29,432986,172624,32923,75033,1.5990218237059544,0.3029714484145411
1575,0.1575,25,133,25,433119,172491,32948,75008,1.5977898403053095,0.3030638507630334
1576,0.1576,21,105,21,433224,172386,32969,74987,1.5968172218311163,0.30313332497887807
1577,0.1577,34,127,34,433351,172259,33003,74953,1.595640816628997,0.30319321068556543
1578,0.1578,25,134,25,433485,172125,33028,74928,1.5943995701952647,0.3032871489113672
1579,0.1579,28,120,28,433605,172005,33056,74900,1.5932880062247583,0.3033555416050708
1580,0.158,30,118,30,433723,171887,33086,74870,1.5921949683204268,0.30341591120008754
1581,0.1581,23,155,23,433878,171732,33109,74847,1.5907591981918558,0.303541664131982
1582,0.1582,32,117,32,433995,171615,33141,74815,1.589675423320612,0.3035953414762813
1583,0.1583,37,107,37,434102,171508,33178,74778,1.5886842787802438,0.30362261760717213
1584,0.1584,23,151,23,434253,171357,33201,74755,1.587285560784023,0.3037438239500715
1585,0.1585,31,138,31,434391,171219,33232,74724,1.5860072622179406,0.30382649638330833
1586,0.1586,14,140,14,434531,171079,33246,74710,1.584710437585683,0.30395990056511885
1587,0.1587,28,137,28,434668,170942,33274,74682,1.5834414020526881,0.3040500928248054
1588,0.1588,21,140,21,434808,170802,33295,74661,1.5821445774204306,0.3041639676855575
1589,0.1589,23,138,23,434946,170664,33318,74638,1.5808662788543482,0.3042698388109351
1590,0.159,19,136,19,435082,170528,33337,74619,1.5796065063544407,0.30438471610911005
1591,0.1591,25,131,25,435213,170397,33362,74594,1.5783930490199711,0.3044764909731378
1592,0.1592,27,144,27,435357,170253,33389,74567,1.5770591722553633,0.30457887427497754
1593,0.1593,19,145,19,435502,170108,33408,74548,1.575716032457668,0.3047053822509973
1594,0.1594,32,124,32,435626,169984,33440,74516,1.5745674163548111,0.30476891615541923
1595,0.1595,18,118,18,435744,169866,33458,74498,1.5734743784504799,0.30486487371298554
1596,0.1596,24,126,24,435870,169740,33482,74474,1.572307236281448,0.3049538519495197
1597,0.1597,19,143,19,436013,169597,33501,74455,1.5709826225499277,0.30507842590923245
1598,0.1598,20,139,20,436152,169458,33521,74435,1.5696950609507576,0.305195311058538
1599,0.1599,24,119,24,436271,169339,33545,74411,1.5685927600133387,0.30527589743589745
1600,0.16,29,129,29,436400,169210,33574,74382,1.5673978287450443,0.3053548556602844
1601,0.1601,22,120,22,436520,169090,33596,74360,1.5662862647745377,0.30544259601560897
1602,0.1602,27,141,27,436661,168949,33623,74333,1.5649801771091927,0.30554253911099055
1603,0.1603,25,122,25,436783,168827,33648,74308,1.563850087072511,0.3056244473235034
1604,0.1604,24,125,24,436908,168702,33672,74284,1.5626922079365668,0.305713086350654
1605,0.1605,21,136,21,437044,168566,33693,74263,1.5614324354366593,0.3058242631646138
1606,0.1606,28,123,28,437167,168443,33721,74235,1.5602930823668901,0.3058991750385284
1607,0.1607,27,120,27,437287,168323,33748,74208,1.5591815183963837,0.3059732570269368
1608,0.1608,21,129,21,437416,168194,33769,74187,1.5579865871280891,0.30607597130138087
1609,0.1609,25,138,25,437554,168056,33794,74162,1.5567082885620067,0.30617873155587116
1610,0.161,18,118,18,437672,167938,33812,74144,1.5556152506576753,0.3062763856874943
1611,0.1611,17,119,17,437791,167819,33829,74127,1.5545129497202563,0.3063782827573095
1612,0.1612,33,134,33,437925,167685,33862,74094,1.5532717032865242,0.3064534140682193
1613,0.1613,34,119,34,438044,167566,33896,74060,1.5521694023491053,0.3065067501013964
1614,0.1614,13,139,13,438183,167427,33909,74047,1.5508818407499352,0.3066458500708151
1615,0.1615,25,115,25,438298,167312,33934,74022,1.5498165919448663,0.30672014718191387
1616,0.1616,18,153,18,438451,167159,33952,74004,1.5483993478824707,0.30686299307936954
1617,0.1617,26,129,26,438580,167030,33978,73978,1.547204416614176,0.30695246630817236
1618,0.1618,20,136,20,438716,166894,33998,73958,1.5459446441142688,0.3070682410775082
1619,0.1619,21,144,21,438860,166750,34019,73937,1.544610767349661,0.30719149767124937
1620,0.162,24,135,24,438995,166615,34043,73913,1.5433602578828411,0.3072947848067585
1621,0.1621,25,116,25,439111,166499,34068,73888,1.5422857460446848,0.3073710308793737
1622,0.1622,18,153,18,439264,166346,34086,73870,1.540868501982289,0.3075149032537383
1623,0.1623,24,143,24,439407,166203,34110,73846,1.5395438882507688,0.30762885910793214
1624,0.1624,28,141,28,439548,166062,34138,73818,1.5382378005854236,0.3077288644322161
1625,0.1625,24,119,24,439667,165943,34162,73794,1.5371354996480047,0.3078123109907941
1626,0.1626,24,128,24,439795,165815,34186,73770,1.5359498314127977,0.3079074232527078
1627,0.1627,25,108,25,439903,165707,34211,73745,1.534949423839342,0.3079740407263251
1628,0.1628,32,150,32,440053,165557,34243,73713,1.533559968876209,0.3080745601203661
1629,0.1629,26,129,26,440182,165428,34269,73687,1.5323650376079143,0.3081655270476549
1630,0.163,25,138,25,440320,165290,34294,73662,1.531086739041832,0.308271117211825
1631,0.1631,27,132,27,440452,165158,34321,73635,1.5298640186742747,0.3083633104823006
1632,0.1632,19,129,19,440581,165029,34340,73616,1.5286690874059803,0.3084749313834356
1633,0.1633,30,129,30,440710,164900,34370,73586,1.5274741561376857,0.3085547998624657
1634,0.1634,31,125,31,440835,164775,34401,73555,1.5263162770017416,0.3086266940796375
1635,0.1635,21,124,21,440959,164651,34422,73534,1.5251676608988847,0.30872641014337593
1636,0.1636,16,156,16,441115,164495,34438,73518,1.5237226277372262,0.30888228794225525
1637,0.1637,28,135,28,441250,164360,34466,73490,1.5224721182704064,0.3089762455328989
1638,0.1638,26,96,26,441346,164264,34492,73464,1.5215828670940013,0.30902544083995154
1639,0.1639,21,142,21,441488,164122,34513,73443,1.5202675163955686,0.3091490749900027
1640,0.164,18,123,18,441611,163999,34531,73425,1.5191281633257994,0.30925685693106003
1641,0.1641,27,120,27,441731,163879,34558,73398,1.518016599355293,0.30933465949080613
1642,0.1642,22,112,22,441843,163767,34580,73376,1.5169791396494867,0.3094166810742885
1643,0.1643,27,128,27,441971,163639,34607,73349,1.51579347141428,0.3095051226222425
1644,0.1644,22,116,22,442087,163523,34629,73327,1.5147189595761237,0.30959256913658434
1645,0.1645,31,123,31,442210,163400,34660,73296,1.5135796065063545,0.3096630276810762
1646,0.1646,32,117,32,442327,163283,34692,73264,1.5124958316351107,0.30972280350205245
1647,0.1647,19,124,19,442451,163159,34711,73245,1.5113472155322538,0.3098297829139947
1648,0.1648,27,137,27,442588,163022,34738,73218,1.5100781799992589,0.30993057907213006
1649,0.1649,26,120,26,442708,162902,34764,73192,1.5089666160287525,0.31001211381907207
1650,0.165,16,129,16,442837,162773,34780,73176,1.5077716847604579,0.3101348172698337
1651,0.1651,33,127,33,442964,162646,34813,73143,1.5065952795583386,0.31020531068031165
1652,0.1652,27,121,27,443085,162525,34840,73116,1.5054744525547445,0.3102855615109425
1653,0.1653,28,115,28,443200,162410,34868,73088,1.5044092037496757,0.31035507732549744
1654,0.1654,22,117,22,443317,162293,34890,73066,1.503325428878432,0.31044489482025334
1655,0.1655,22,125,22,443442,162168,34912,73044,1.5021675497424878,0.3105453803377379
1656,0.1656,24,123,24,443565,162045,34936,73020,1.5010281966727186,0.310637483249314
1657,0.1657,30,140,30,443705,161905,34966,72990,1.499731372040461,0.3107345835373252
1658,0.1658,29,126,29,443831,161779,34995,72961,1.498564229871429,0.31081622220328875
1659,0.1659,26,144,26,443975,161635,35021,72935,1.4972303531068214,0.3109306390416507
1660,0.166,34,122,34,444097,161513,35055,72901,1.4961002630701397,0.3109925175117527
1661,0.1661,24,123,24,444220,161390,35079,72877,1.4949609100003705,0.31108521473361594
1662,0.1662,25,121,25,444341,161269,35104,72852,1.4938400829967764,0.3111724279325648
1663,0.1663,24,120,24,444461,161149,35128,72828,1.49272851902627,0.31126136329639237
1664,0.1664,24,130,24,444591,161019,35152,72804,1.491524324724888,0.3113637238423936
1665,0.1665,25,122,25,444713,160897,35177,72779,1.4903942346882062,0.31145260959619303
1666,0.1666,24,121,24,444834,160776,35201,72755,1.4892734076846124,0.31154322124257594
1667,0.1667,37,118,37,444952,160658,35238,72718,1.488180369780281,0.31159159467983
1668,0.1668,21,137,21,445089,160521,35259,72697,1.486911334247286,0.3117126465367167
1669,0.1669,30,126,30,445215,160395,35289,72667,1.4857441920782541,0.31179257021736706
1670,0.167,26,124,26,445339,160271,35315,72641,1.4845955759753975,0.311881740743285
1671,0.1671,23,130,23,445469,160141,35338,72618,1.4833913816740154,0.3119879360196598
1672,0.1672,30,107,30,445576,160034,35368,72588,1.482400237133647,0.3120427130709907
1673,0.1673,21,113,21,445689,159921,35389,72567,1.4813535143947534,0.3121322390833075
1674,0.1674,18,103,18,445792,159818,35407,72549,1.4803994219867354,0.31221731140824643
1675,0.1675,28,114,28,445906,159704,35435,72521,1.4793434362147542,0.3122876520615782
1676,0.1676,35,119,35,446025,159585,35470,72486,1.4782411352773352,0.3123440671173908
1677,0.1677,19,134,19,446159,159451,35489,72467,1.476999888843603,0.3124681999672298
1678,0.1678,28,132,28,446291,159319,35517,72439,1.475777168476046,0.31256310461774783
1679,0.1679,23,108,23,446399,159211,35540,72416,1.47477676090259,0.31264058162476743
1680,0.168,26,135,26,446534,159076,35566,72390,1.47352625143577,0.31274571643351506
1681,0.1681,37,119,37,446653,158957,35603,72353,1.4724239504983512,0.3127966797803813
1682,0.1682,16,124,16,446777,158833,35619,72337,1.4712753343954945,0.31291690098196134
1683,0.1683,22,116,22,446893,158717,35641,72315,1.4702008225573382,0.31300858755497074
1684,0.1684,28,111,28,447004,158606,35669,72287,1.4691726258846196,0.3130757537040967
1685,0.1685,29,121,29,447125,158485,35698,72258,1.4680517988810255,0.3131535951253126
1686,0.1686,22,114,22,447239,158371,35720,72236,1.4669958131090444,0.31324287640878207
1687,0.1687,20,133,20,447372,158238,35740,72216,1.4657638297083997,0.31336405529953915
1688,0.1688,29,111,29,447483,158127,35769,72187,1.464735633035681,0.31342862353135287
1689,0.1689,16,110,16,447593,158017,35785,72171,1.4637166993960502,0.31353067927085687
1690,0.169,26,110,26,447703,157907,35811,72145,1.4626977657564193,0.31360301149305375
1691,0.1691,27,116,27,447819,157791,35838,72118,1.461623253918263,0.3136806301623686
1692,0.1692,18,111,18,447930,157680,35856,72100,1.4605950572455444,0.3137783967273044
1693,0.1693,23,138,23,448068,157542,35879,72077,1.459316758679462,0.3138982401282124
1694,0.1694,25,114,25,448182,157428,35904,72052,1.4582607729074808,0.3139794317587589
1695,0.1695,31,127,31,448309,157301,35935,72021,1.4570843677053615,0.314060578575104
1696,0.1696,28,129,28,448438,157172,35963,71993,1.455889436437067,0.31415355748041807
1697,0.1697,28,143,28,448581,157029,35991,71965,1.4545648227055468,0.3142658759618156
1698,0.1698,23,129,23,448710,156900,36014,71942,1.4533698914372521,0.3143741096477045
1699,0.1699,17,134,17,448844,156766,36031,71925,1.45212864500352,0.3145073483433979
1700,0.17,21,107,21,448951,156659,36052,71904,1.4511375004631517,0.31459160056527086
1701,0.1701,19,141,19,449092,156518,36071,71885,1.4498314127978065,0.3147287907777043
1702,0.1702,14,157,14,449249,156361,36085,71871,1.4483771166030606,0.31490325633565847
1703,0.1703,33,117,33,449366,156244,36118,71838,1.4472933417318166,0.3149656702414044
1704,0.1704,23,123,23,449489,156121,36141,71815,1.4461539886620476,0.3150665098975151
1705,0.1705,26,114,26,449603,156007,36167,71789,1.4450980028900664,0.3151460078315686
1706,0.1706,27,116,27,449719,155891,36194,71762,1.44402349105191,0.31522536491941683
1707,0.1707,43,106,43,449825,155785,36237,71719,1.4430416095446292,0.3152428089176454
1708,0.1708,24,126,24,449951,155659,36261,71695,1.4418744673755974,0.315345232544842
1709,0.1709,29,116,29,450067,155543,36290,71666,1.4407999555374411,0.31541884344370164
1710,0.171,30,111,30,450178,155432,36320,71636,1.4397717588647228,0.31548258671411206
1711,0.1711,25,121,25,450299,155311,36345,71611,1.4386509318611287,0.3155753959510316
1712,0.1712,31,121,31,450420,155190,36376,71580,1.4375301048575346,0.3156502182828416
1713,0.1713,27,131,27,450551,155059,36403,71553,1.4363166475230649,0.3157511517483628
1714,0.1714,22,127,22,450678,154932,36425,71531,1.4351402423209456,0.31586175225091956
1715,0.1715,21,132,21,450810,154800,36446,71510,1.4339175219533884,0.315982501877955
1716,0.1716,20,117,20,450927,154683,36466,71490,1.4328337470821446,0.31608547439349527
1717,0.1717,27,105,27,451032,154578,36493,71463,1.4318611286079514,0.3161506098451166
1718,0.1718,22,137,22,451169,154441,36515,71441,1.4305920930749565,0.3162757545975332
1719,0.1719,34,155,34,451324,154286,36549,71407,1.4291563229463855,0.31638996335730396
1720,0.172,21,117,21,451441,154169,36570,71386,1.4280725480751417,0.3164904347055042
1721,0.1721,15,121,15,451562,154048,36585,71371,1.4269517210715477,0.31661483725861617
1722,0.1722,28,117,28,451679,153931,36613,71343,1.4258679462003039,0.3166943366744498
1723,0.1723,30,131,30,451810,153800,36643,71313,1.4246544888658341,0.3167875689098364
1724,0.1724,19,115,19,451925,153685,36662,71294,1.4235892400607655,0.3168917987901093
1725,0.1725,28,113,28,452038,153572,36690,71266,1.422542517321872,0.3169659932929487
1726,0.1726,30,113,30,452151,153459,36720,71236,1.4214957945829783,0.31703420191815573
1727,0.1727,28,125,28,452276,153334,36748,71208,1.420337915447034,0.3171255266275352
1728,0.1728,19,107,19,452383,153227,36767,71189,1.4193467709066656,0.31721891487237985
1729,0.1729,28,106,28,452489,153121,36795,71161,1.418364889399385,0.31728359832710606
1730,0.173,26,129,26,452618,152992,36821,71135,1.4171699581310904,0.31738701718222256
1731,0.1731,17,121,17,452739,152871,36838,71118,1.4160491311274963,0.3175066632736429
1732,0.1732,29,126,29,452865,152745,36867,71089,1.4148819889584645,0.3175969691825192
1733,0.1733,24,114,24,452979,152631,36891,71065,1.4138260031864833,0.31768560904084114
1734,0.1734,27,115,27,453094,152516,36918,71038,1.4127607543814147,0.31776662461866034
1735,0.1735,21,126,21,453220,152390,36939,71017,1.4115936122123829,0.31788171364370854
1736,0.1736,19,114,19,453334,152276,36958,70998,1.4105376264404017,0.3179859723926655
1737,0.1737,22,119,22,453453,152157,36980,70976,1.4094353255029828,0.31808831504080526
1738,0.1738,28,113,28,453566,152044,37008,70948,1.408388602764089,0.31816388031857645
1739,0.1739,27,124,27,453690,151920,37035,70921,1.4072399866612324,0.3182583097365386
1740,0.174,23,119,23,453809,151801,37058,70898,1.4061376857238135,0.3183579629904041
1741,0.1741,27,108,27,453917,151693,37085,70871,1.4051372781503575,0.31842975503675347
1742,0.1742,26,124,26,454041,151569,37111,70845,1.4039886620475008,0.3185276106719901
1743,0.1743,22,122,22,454163,151447,37133,70823,1.4028585720108193,0.31863499347640256
1744,0.1744,22,136,22,454299,151311,37155,70801,1.4015987995109118,0.31876260625270136
1745,0.1745,30,121,30,454420,151190,37185,70771,1.4004779725073178,0.3188443014763855
1746,0.1746,25,144,25,454564,151046,37210,70746,1.39914409574271,0.3189745346991776
1747,0.1747,18,121,18,454685,150925,37228,70728,1.3980232687391159,0.31909335763558355
1748,0.1748,26,108,26,454793,150817,37254,70702,1.39702286116566,0.3191690103331994
1749,0.1749,33,116,33,454909,150701,37287,70669,1.3959483493275038,0.31923476532502143
1750,0.175,28,146,28,455055,150555,37315,70641,1.3945959464967208,0.31935930125318723
1751,0.1751,18,113,18,455168,150442,37333,70623,1.3935492237578273,0.3194671250537172
1752,0.1752,40,112,40,455280,150330,37373,70583,1.3925117640520213,0.3195058688261895
1753,0.1753,21,128,21,455408,150202,37394,70562,1.3913260958168143,0.31962638836042107
1754,0.1754,20,109,20,455517,150093,37414,70542,1.3903164252102709,0.3197226188048134
1755,0.1755,22,123,22,455640,149970,37436,70520,1.3891770721405017,0.31983309900675766
1756,0.1756,17,106,17,455746,149864,37453,70503,1.3881951906332208,0.3199344729474014
1757,0.1757,25,122,25,455868,149742,37478,70478,1.3870651005965393,0.32003451094360186
1758,0.1758,17,139,17,456007,149603,37495,70461,1.3857775389973692,0.32018412825359893
1759,0.1759,27,111,27,456118,149492,37522,70434,1.3847493423246509,0.32026227003628494
1760,0.176,28,105,28,456223,149387,37550,70406,1.3837767238504577,0.3203286728876716
1761,0.1761,30,117,30,456340,149270,37580,70376,1.3826929489792137,0.32040647223259244
1762,0.1762,29,106,29,456446,149164,37609,70347,1.381711067471933,0.3204714114554624
1763,0.1763,23,128,23,456574,149036,37632,70324,1.3805253992367261,0.32058716265499637
1764,0.1764,25,101,25,456675,148935,37657,70299,1.379589832894883,0.3206573797859821
1765,0.1765,16,109,16,456784,148826,37673,70283,1.3785801622883398,0.32076728934000887
1766,0.1766,16,121,16,456905,148705,37689,70267,1.3774593352847457,0.32089490893812905
1767,0.1767,27,115,27,457020,148590,37716,70240,1.3763940864796769,0.3209797559749577
1768,0.1768,29,124,29,457144,148466,37745,70211,1.3752454703768202,0.3210717176474892
1769,0.1769,31,110,31,457254,148356,37776,70180,1.3742265367371893,0.32113702090273455
1770,0.177,31,111,31,457365,148245,37807,70149,1.3731983400644707,0.3212038792274513
1771,0.1771,19,115,19,457480,148130,37826,70130,1.372133091259402,0.3213140291395583
1772,0.1772,26,119,26,457599,148011,37852,70104,1.371030790321983,0.32140843133209546
1773,0.1773,22,102,22,457701,147909,37874,70082,1.3700859609470526,0.3214903367570221
1774,0.1774,20,124,20,457825,147785,37894,70062,1.3689373448441957,0.3216110389401736
1775,0.1775,20,107,20,457932,147678,37914,70042,1.3679462003038274,0.3217067793496234
1776,0.1776,19,120,19,458052,147558,37933,70023,1.366834636333321,0.3218249755263557
1777,0.1777,24,131,24,458183,147427,37957,69999,1.3656211789988515,0.32194401773476955
1778,0.1778,25,112,25,458295,147315,37982,69974,1.3645837192930452,0.3220319482348393
1779,0.1779,21,118,21,458413,147197,38003,69953,1.363490681388714,0.3221413769283905
1780,0.178,23,117,23,458530,147080,38026,69930,1.36240690651747,0.3222432145984056
1781,0.1781,28,130,28,458660,146950,38054,69902,1.3612027122160881,0.32234888310921733
1782,0.1782,22,111,22,458771,146839,38076,69880,1.3601745155433695,0.322445194006986
1783,0.1783,21,99,21,458870,146740,38097,69859,1.3592574752677016,0.32252688147221364
1784,0.1784,25,115,25,458985,146625,38122,69834,1.358192226462633,0.32261998808088366
1785,0.1785,35,112,35,459097,146513,38157,69799,1.357154766756827,0.32267742889899775
1786,0.1786,28,106,28,459203,146407,38185,69771,1.356172885249546,0.3227479206949828
1787,0.1787,26,105,26,459308,146302,38211,69745,1.3552002667753529,0.3228232745652566
1788,0.1788,13,105,13,459413,146197,38224,69732,1.3542276483011597,0.3229394847380389
1789,0.1789,31,98,31,459511,146099,38255,69701,1.3533198710585794,0.3229888785912882
1790,0.179,26,114,26,459625,145985,38281,69675,1.3522638852865982,0.3230779931373458
1791,0.1791,23,107,23,459732,145878,38304,69652,1.35127274074623,0.323166148564005
1792,0.1792,25,121,25,459853,145757,38329,69627,1.3501519137426359,0.3232691379118226
1793,0.1793,24,97,24,459950,145660,38353,69603,1.349253399533143,0.3233393569726335
1794,0.1794,25,113,25,460063,145547,38378,69578,1.3482066767942495,0.323430563625799
1795,0.1795,28,109,28,460172,145438,38406,69550,1.347197006187706,0.32350642826576365
1796,0.1796,22,113,22,460285,145325,38428,69528,1.3461502834488124,0.32360730359827417
1797,0.1797,32,104,32,460389,145221,38460,69496,1.345186928007707,0.32366324045138484
1798,0.1798,28,124,28,460513,145097,38488,69468,1.34403831190485,0.3237620301540326
1799,0.1799,23,116,23,460629,144981,38511,69445,1.342963800066694,0.3238646432801992
1800,0.18,19,131,19,460760,144850,38530,69426,1.3417503427322242,0.3240026881218615
1801,0.1801,22,118,22,460878,144732,38552,69404,1.340657304827893,0.324111779429895
1802,0.1802,21,99,21,460977,144633,38573,69383,1.339740264552225,0.3241953872607656
1803,0.1803,25,119,25,461096,144514,38598,69358,1.338637963614806,0.3242967756415052
1804,0.1804,20,119,20,461215,144395,38618,69338,1.337535662677387,0.3244141054493223
1805,0.1805,28,96,28,461311,144299,38646,69310,1.336646411500982,0.32447134718106446
1806,0.1806,25,114,25,461425,144185,38671,69285,1.3355904257290008,0.3245655127184148
1807,0.1807,23,117,23,461542,144068,38694,69262,1.3345066508577568,0.3246706979796559
1808,0.1808,29,105,29,461647,143963,38723,69233,1.3335340323835636,0.3247387380626278
1809,0.1809,30,111,30,461758,143852,38753,69203,1.3325058357108452,0.32481284175447656
1810,0.181,24,113,24,461871,143739,38777,69179,1.3314591129719515,0.3249091199428888
1811,0.1811,17,128,17,461999,143611,38794,69162,1.3302734447367446,0.3250506408237887
1812,0.1812,31,125,31,462124,143486,38825,69131,1.3291155656008002,0.32514333284732644
1813,0.1813,21,109,21,462233,143377,38846,69110,1.328105894994257,0.3252434266566896
1814,0.1814,18,105,18,462338,143272,38864,69092,1.3271332765200636,0.3253470456386205
1815,0.1815,18,117,18,462455,143155,38882,69074,1.3260495016488199,0.32546918658618756
1816,0.1816,35,118,35,462573,143037,38917,69039,1.3249564637444884,0.32553895773213376
1817,0.1817,19,124,19,462697,142913,38936,69020,1.3238078476416317,0.3256689614170516
1818,0.1818,28,142,28,462839,142771,38964,68992,1.322492496943199,0.3257981800408948
1819,0.1819,25,111,25,462950,142660,38989,68967,1.3214643002704807,0.32588941864695903
1820,0.182,24,104,24,463054,142556,39013,68943,1.320500944829375,0.32597317244998797
1821,0.1821,22,119,22,463173,142437,39035,68921,1.319398643891956,0.3260865451035683
1822,0.1822,31,123,31,463296,142314,39066,68890,1.3182592908221868,0.32617753451639175
1823,0.1823,23,111,23,463407,142203,39089,68867,1.3172310941494683,0.3262756431515611
1824,0.1824,16,102,16,463509,142101,39105,68851,1.3162862647745377,0.3263823049793318
1825,0.1825,28,107,28,463616,141994,39133,68823,1.3152951202341694,0.3264584924365682
1826,0.1826,27,114,27,463730,141880,39160,68796,1.3142391344621882,0.32654882378628797
1827,0.1827,24,104,24,463834,141776,39184,68772,1.3132757790210827,0.32663335676425326
1828,0.1828,21,124,21,463958,141652,39205,68751,1.3121271629182258,0.32675864887858064
1829,0.1829,24,97,24,464055,141555,39229,68727,1.3112286487087332,0.32683253916169713
1830,0.183,28,110,28,464165,141445,39257,68699,1.3102097150691023,0.3269139256890513
1831,0.1831,29,133,29,464298,141312,39286,68670,1.3089777316684574,0.3270280309740835
1832,0.1832,23,122,23,464420,141190,39309,68647,1.307847641631776,0.32714440256008237
1833,0.1833,23,97,23,464517,141093,39332,68624,1.306949127422283,0.32722192287702
1834,0.1834,38,99,38,464616,140994,39370,68586,1.3060320871466153,0.3272545090180361
1835,0.1835,25,111,25,464727,140883,39395,68561,1.3050038904738968,0.32734764423903284
1836,0.1836,28,116,28,464843,140767,39423,68533,1.3039293786357404,0.327439082656474
1837,0.1837,17,120,17,464963,140647,39440,68516,1.302817814665234,0.327572276167391
1838,0.1838,17,116,17,465079,140531,39457,68499,1.3017433028270777,0.3276993732956992
1839,0.1839,17,102,17,465181,140429,39474,68482,1.3007984734521472,0.3278046632297964
1840,0.184,23,100,23,465281,140329,39497,68459,1.2998721701433917,0.32788761806234074
1841,0.1841,21,108,21,465389,140221,39518,68438,1.298871762569936,0.32798968652202876
1842,0.1842,19,115,19,465504,140106,39537,68419,1.297806513764867,0.3281093394077449
1843,0.1843,21,113,21,465617,139993,39558,68398,1.2967597910259736,0.32821954882888416
1844,0.1844,31,105,31,465722,139888,39589,68367,1.2957871725517804,0.32828503517322516
1845,0.1845,18,118,18,465840,139770,39607,68349,1.294694134647449,0.3284130713678232
1846,0.1846,24,101,24,465941,139669,39631,68325,1.293758568305606,0.328495052741906
1847,0.1847,26,98,26,466039,139571,39657,68299,1.2928507910630256,0.3285659306297205
1848,0.1848,23,113,23,466152,139458,39680,68276,1.291804068324132,0.3286703187730463
1849,0.1849,21,117,21,466269,139341,39701,68255,1.2907202934528883,0.3287876452340122
1850,0.185,25,112,25,466381,139229,39726,68230,1.289682833747082,0.3288842614685311
1851,0.1851,32,102,32,466483,139127,39758,68198,1.2887380043721517,0.3289424816109972
1852,0.1852,29,88,29,466571,139039,39787,68169,1.2879228574604469,0.3289882630014285
1853,0.1853,18,107,18,466678,138932,39805,68151,1.2869317129200786,0.3290999261165813
1854,0.1854,19,119,19,466797,138813,39824,68132,1.2858294119826597,0.32922757254342944
1855,0.1855,20,98,20,466895,138715,39844,68112,1.2849216347400794,0.32931870597165747
1856,0.1856,28,113,28,467008,138602,39872,68084,1.2838749120011856,0.32940789410022936
1857,0.1857,26,112,26,467120,138490,39898,68058,1.2828374522953796,0.3295021012064992
1858,0.1858,22,108,22,467228,138382,39920,68036,1.2818370447219238,0.3296030384947049
1859,0.1859,24,119,24,467347,138263,39944,68012,1.2807347437845047,0.329715186038056
1860,0.186,25,128,25,467475,138135,39969,67987,1.2795490755492978,0.3298386392524815
1861,0.1861,21,94,21,467569,138041,39990,67966,1.2786783504390677,0.3299208279330314
1862,0.1862,15,122,15,467691,137919,40005,67951,1.2775482604023862,0.33006751833681447
1863,0.1863,25,102,25,467793,137817,40030,67926,1.2766034310274557,0.3301497499307388
1864,0.1864,33,99,33,467892,137718,40063,67893,1.2756863907517877,0.3302012051884384
1865,0.1865,22,101,22,467993,137617,40085,67871,1.2747508244099448,0.33029179319473645
1866,0.1866,19,108,19,468101,137509,40104,67852,1.273750416836489,0.3304035332901573
1867,0.1867,27,104,27,468205,137405,40131,67825,1.2727870613953833,0.3304828728743361
1868,0.1868,21,112,21,468317,137293,40152,67804,1.2717496016895773,0.33059479173269235
1869,0.1869,23,111,23,468428,137182,40175,67781,1.2707214050168587,0.330698711474754
1870,0.187,23,99,23,468527,137083,40198,67758,1.269804364741191,0.33078338809125124
1871,0.1871,22,115,22,468642,136968,40220,67736,1.268739115936122,0.33089729560731596
1872,0.1872,25,113,25,468755,136855,40245,67711,1.2676923931972286,0.3309983086143347
1873,0.1873,20,96,20,468851,136759,40265,67691,1.2668031420208232,0.33108828564441184
1874,0.1874,22,97,22,468948,136662,40287,67669,1.2659046278113306,0.33117343917467246
1875,0.1875,26,101,26,469049,136561,40313,67643,1.2649690614694875,0.3312520812520813
1876,0.1876,35,118,35,469167,136443,40348,67608,1.2638760235651563,0.3313289324727642
1877,0.1877,28,115,28,469282,136328,40376,67580,1.2628107747600874,0.33142397551837105
1878,0.1878,24,114,24,469396,136214,40400,67556,1.2617547889881062,0.3315306472984247
1879,0.1879,21,110,21,469506,136104,40421,67535,1.2607358553484753,0.3316407957218411
1880,0.188,20,126,20,469632,135978,40441,67515,1.2595687131794435,0.3317804543645236
1881,0.1881,24,91,24,469723,135887,40465,67491,1.2587257771684761,0.33185005261139355
1882,0.1882,23,122,23,469845,135765,40488,67468,1.2575956871317944,0.3319736460122126
1883,0.1883,14,116,14,469961,135649,40502,67454,1.256521175293638,0.3321172016169136
1884,0.1884,19,112,19,470073,135537,40521,67435,1.255483715587832,0.332237944149932
1885,0.1885,26,98,26,470171,135439,40547,67409,1.2545759383452517,0.3323128648051743
1886,0.1886,25,107,25,470278,135332,40572,67384,1.2535847938048834,0.33240592750448905
1887,0.1887,24,78,24,470356,135254,40596,67360,1.2528622772240543,0.3324548155606227
1888,0.1888,15,114,15,470470,135140,40611,67345,1.2518062914520731,0.3325925377188434
1889,0.1889,32,100,32,470570,135040,40643,67313,1.2508799881433177,0.33265135678739627
1890,0.189,24,98,24,470668,134942,40667,67289,1.2499722109007374,0.33273335937615894
1891,0.1891,28,112,28,470780,134830,40695,67261,1.2489347511949314,0.3328253113696305
1892,0.1892,24,105,24,470885,134725,40719,67237,1.247962132720738,0.3329190639823333
1893,0.1893,21,114,21,470999,134611,40740,67216,1.246906146948757,0.33303770060497356
1894,0.1894,21,110,21,471109,134501,40761,67195,1.2458872133091259,0.3331498889417738
1895,0.1895,20,101,20,471210,134400,40781,67175,1.244951646967283,0.33325065112241103
1896,0.1896,29,106,29,471316,134294,40810,67146,1.2439697654600022,0.33333002382843524
1897,0.1897,27,92,27,471408,134202,40837,67119,1.2431175664159473,0.3333929396337193
1898,0.1898,23,107,23,471515,134095,40860,67096,1.242126421875579,0.3334940429740893
1899,0.1899,15,137,15,471652,133958,40875,67081,1.240857386342584,0.33367157616183923
1900,0.19,29,92,29,471744,133866,40904,67052,1.240005187298529,0.33372818761882955
1901,0.1901,22,106,22,471850,133760,40926,67030,1.2390233057912483,0.33383136610388964
1902,0.1902,26,100,26,471950,133660,40952,67004,1.2380970024824929,0.33391141410517083
1903,0.1903,23,105,23,472055,133555,40975,66981,1.2371243840082997,0.33400985359237245
1904,0.1904,31,99,31,472154,133456,41006,66950,1.2362073437326317,0.33407183417662145
1905,0.1905,16,104,16,472258,133352,41022,66934,1.2352439882915263,0.3341921052894361
1906,0.1906,19,102,19,472360,133250,41041,66915,1.2342991589165957,0.33429920315739514
1907,0.1907,24,93,24,472453,133157,41065,66891,1.2334376968394531,0.3343747500599856
1908,0.1908,31,91,31,472544,133066,41096,66860,1.2325947608284857,0.33442373678260956
1909,0.1909,31,102,31,472646,132964,41127,66829,1.2316499314535552,0.334491198390334
1910,0.191,21,100,21,472746,132864,41148,66808,1.2307236281447997,0.33458872550983615
1911,0.1911,23,109,23,472855,132755,41171,66785,1.2297139575382563,0.33469479803548163
1912,0.1912,15,110,15,472965,132645,41186,66770,1.2286950238986254,0.3348293759245794
1913,0.1913,33,106,33,473071,132539,41219,66737,1.2277131423913445,0.33489732832854935
1914,0.1914,25,112,25,473183,132427,41244,66712,1.2266756826855385,0.3350021844038586
1915,0.1915,25,119,25,473302,132308,41269,66687,1.2255733817481196,0.33511897283851355
1916,0.1916,20,107,20,473409,132201,41289,66667,1.2245822372077513,0.33523241547156907
1917,0.1917,27,92,27,473501,132109,41316,66640,1.2237300381636964,0.3352972845146391
1918,0.1918,16,99,16,473600,132010,41332,66624,1.2228129978880284,0.33541085614748734
1919,0.1919,24,94,24,473694,131916,41356,66600,1.2219422727777984,0.33548933083479415
1920,0.192,31,97,31,473791,131819,41387,66569,1.2210437585683056,0.3355495292053955
1921,0.1921,30,91,30,473882,131728,41417,66539,1.2202008225573382,0.3356029999949563
1922,0.1922,19,101,19,473983,131627,41436,66520,1.2192652562154953,0.3357103564525327
1923,0.1923,22,106,22,474089,131521,41458,66498,1.2182833747082145,0.33581626005585324
1924,0.1924,22,107,22,474196,131414,41480,66476,1.2172922301678462,0.33592399818080754
1925,0.1925,24,104,24,474300,131310,41504,66452,1.2163288747267404,0.33602006452200117
1926,0.1926,26,116,26,474416,131194,41530,66426,1.2152543628885841,0.3361299463617043
1927,0.1927,26,119,26,474535,131075,41556,66400,1.2141520619511652,0.3362450943157362
1928,0.1928,23,103,23,474638,130972,41579,66377,1.2131979695431472,0.3363432295071168
1929,0.1929,31,96,31,474734,130876,41610,66346,1.212308718366742,0.33640263256634656
1930,0.193,20,98,20,474832,130778,41630,66326,1.2114009411241617,0.3365025570257326
1931,0.1931,30,104,30,474936,130674,41660,66296,1.210437585683056,0.3365791744935777
1932,0.1932,21,116,21,475052,130558,41681,66275,1.2093630738448997,0.33670675140855444
1933,0.1933,26,107,26,475159,130451,41707,66249,1.2083719293045314,0.33680223690899846
1934,0.1934,26,79,26,475238,130372,41733,66223,1.2076401496906146,0.33684986902006664
1935,0.1935,19,80,19,475318,130292,41752,66204,1.2068991070436104,0.3369228890155525
1936,0.1936,24,100,24,475418,130192,41776,66180,1.205972803734855,0.3370134235023323
1937,0.1937,26,106,26,475524,130086,41802,66154,1.204990922227574,0.3371076233183857
1938,0.1938,19,92,19,475616,129994,41821,66135,1.2041387231835192,0.3372015357239368
1939,0.1939,19,118,19,475734,129876,41840,66116,1.2030456852791878,0.3373402996040655
1940,0.194,25,102,25,475836,129774,41865,66091,1.2021008559042572,0.3374313940724479
1941,0.1941,20,123,20,475959,129651,41885,66071,1.2009615028344882,0.33757574518960565
1942,0.1942,20,80,20,476039,129571,41905,66051,1.2002204601874837,0.3376460725276298
1943,0.1943,23,111,23,476150,129460,41928,66028,1.1991922635147654,0.3377598624979538
1944,0.1944,25,94,25,476244,129366,41953,66003,1.1983215384045351,0.33783763033029807
1945,0.1945,30,105,30,476349,129261,41983,65973,1.197348919930342,0.33791757583207843
1946,0.1946,28,106,28,476455,129155,42011,65945,1.1963670384230614,0.33800615069195283
1947,0.1947,23,108,23,476563,129047,42034,65922,1.1953666308496054,0.3381152901230452
1948,0.1948,20,87,20,476650,128960,42054,65902,1.1945607469709882,0.3381983147047654
1949,0.1949,33,94,33,476744,128866,42087,65869,1.193690021860758,0.33824941587285284
1950,0.195,13,118,13,476862,128748,42100,65856,1.1925969839564268,0.3384103101683419
1951,0.1951,28,114,28,476976,128634,42128,65828,1.1915409981844456,0.3385134370725386
1952,0.1952,26,100,26,477076,128534,42154,65802,1.1906146948756902,0.33859912728470276
1953,0.1953,26,103,26,477179,128431,42180,65776,1.189660602467672,0.33869016049884915
1954,0.1954,16,86,16,477265,128345,42196,65760,1.1888639816221425,0.33878570876587416
1955,0.1955,18,99,18,477364,128246,42214,65742,1.1879469413464745,0.3388972513763738
1956,0.1956,28,76,28,477440,128170,42242,65714,1.1872429508318203,0.33893462070103775
1957,0.1957,21,102,21,477542,128068,42263,65693,1.18629812145689,0.3390413963594325
1958,0.1958,26,93,26,477635,127975,42289,65667,1.1854366593797474,0.33911548114561924
1959,0.1959,19,94,19,477729,127881,42308,65648,1.1845659342695172,0.3392153114003586
1960,0.196,21,82,21,477811,127799,42329,65627,1.1838063655563378,0.33928737605078946
1961,0.1961,32,102,32,477913,127697,42361,65595,1.1828615361814072,0.33935703495230013
1962,0.1962,28,117,28,478030,127580,42389,65567,1.1817777613101634,0.33946683096294533
1963,0.1963,26,108,26,478138,127472,42415,65541,1.1807773537367074,0.3395678011325662
1964,0.1964,21,81,21,478219,127391,42436,65520,1.1800270480566157,0.33963848614127756
1965,0.1965,21,93,21,478312,127298,42457,65499,1.1791655859794732,0.33973038999569494
1966,0.1966,26,92,26,478404,127206,42483,65473,1.178313386935418,0.33980350738793536
1967,0.1967,21,110,21,478514,127096,42504,65452,1.1772944532957872,0.33992562893408396
1968,0.1968,23,112,23,478626,126984,42527,65429,1.1762569935899811,0.3400445915816499
1969,0.1969,25,93,25,478719,126891,42552,65404,1.1753955315128386,0.3401232481343769
1970,0.197,25,91,25,478810,126800,42577,65379,1.1745525955018712,0.340198460809974
1971,0.1971,20,96,20,478906,126704,42597,65359,1.173663344325466,0.340299797462291
1972,0.1972,16,92,16,478998,126612,42613,65343,1.172811145281411,0.3404079081034618
1973,0.1973,24,99,24,479097,126513,42637,65319,1.171894105005743,0.3405010634305017
1974,0.1974,24,93,24,479190,126420,42661,65295,1.1710326429286004,0.3405836788983648
1975,0.1975,18,106,18,479296,126314,42679,65277,1.1700507614213198,0.34071015861914183
1976,0.1976,19,101,19,479397,126213,42698,65258,1.169115195079477,0.34082445905646286
1977,0.1977,18,95,18,479492,126118,42716,65240,1.1682352069361592,0.34093165689440735
1978,0.1978,29,89,29,479581,126029,42745,65211,1.167410796991367,0.34099037858188663
1979,0.1979,23,98,23,479679,125931,42768,65188,1.1665030197487865,0.3410859202904996
1980,0.198,26,91,26,479770,125840,42794,65162,1.165660083737819,0.3411587313221851
1981,0.1981,22,90,22,479860,125750,42816,65140,1.1648264107599393,0.3412436481743412
1982,0.1982,22,87,22,479947,125663,42838,65118,1.164020526881322,0.34132329739334627
1983,0.1983,24,97,24,480044,125566,42862,65094,1.1631220126718294,0.3414140354557852
1984,0.1984,27,100,27,480144,125466,42889,65067,1.162195709363074,0.34149989765552424
1985,0.1985,29,91,29,480235,125375,42918,65038,1.1613527733521065,0.3415628134633665
1986,0.1986,19,109,19,480344,125266,42937,65019,1.160343102745563,0.3416927240717871
1987,0.1987,18,96,18,480440,125170,42955,65001,1.1594538515691577,0.34180290370245725
1988,0.1988,19,99,19,480539,125071,42974,64982,1.15853681129349,0.34191514998447803
1989,0.1989,29,95,29,480634,124976,43003,64953,1.1576568231501723,0.3419856893891928
1990,0.199,19,100,19,480734,124876,43022,64934,1.1567305198414168,0.34209999473157365
1991,0.1991,31,83,31,480817,124793,43053,64903,1.15596168809515,0.3421421643049933
1992,0.1992,28,98,28,480915,124695,43081,64875,1.1550539108525695,0.3422218705491375
1993,0.1993,24,120,24,481035,124575,43105,64851,1.153942346882063,0.3423553260903994
1994,0.1994,28,92,28,481127,124483,43133,64823,1.153090147838008,0.3424244345134333
1995,0.1995,21,97,21,481224,124386,43154,64802,1.1521916336285154,0.3425270101697782
1996,0.1996,29,84,29,481308,124302,43183,64773,1.1514135388491609,0.34257834192780645
1997,0.1997,29,90,29,481398,124212,43212,64744,1.150579865871281,0.34264061474629015
1998,0.1998,32,81,32,481479,124131,43244,64712,1.149829560191189,0.3426761913335416
1999,0.1999,21,127,21,481606,124004,43265,64691,1.1486531549890697,0.3428336733882721
2000,0.2,24,99,24,481705,123905,43289,64667,1.1477361147134018,0.3429300214241775
2001,0.2001,16,97,16,481802,123808,43305,64651,1.146837600503909,0.34305074313245854
2002,0.2002,22,83,22,481885,123725,43327,64629,1.146068768757642,0.3431251791838772
2003,0.2003,26,95,26,481980,123630,43353,64603,1.1451887806143244,0.34320762034287294
2004,0.2004,14,97,14,482077,123533,43367,64589,1.1442902664048316,0.34333570767905935
2005,0.2005,22,85,22,482162,123448,43389,64567,1.1435029085923896,0.3434140893013855
2006,0.2006,29,92,29,482254,123356,43418,64538,1.1426507095483345,0.34348089880464516
2007,0.2007,23,89,23,482343,123267,43441,64515,1.1418262996035422,0.34356328082563825
2008,0.2008,20,114,20,482457,123153,43461,64495,1.140770313831561,0.3437020378581173
2009,0.2009,30,89,30,482546,123064,43491,64465,1.1399459038867688,0.3437601650944654
2010,0.201,27,92,27,482638,122972,43518,64438,1.1390937048427137,0.34383437383277304
2011,0.2011,22,83,22,482721,122889,43540,64416,1.1383248730964468,0.3439096660526948
2012,0.2012,27,102,27,482823,122787,43567,64389,1.1373800437215162,0.3440024362097705
2013,0.2013,22,99,22,482922,122688,43589,64367,1.1364630034458483,0.344107348106172
2014,0.2014,29,109,29,483031,122579,43618,64338,1.1354533328393048,0.34420625197280075
2015,0.2015,28,99,28,483130,122480,43646,64310,1.134536292563637,0.34429037957064085
2016,0.2016,27,105,27,483235,122375,43673,64283,1.133563674089444,0.3443892037844614
2017,0.2017,24,97,24,483332,122278,43697,64259,1.132665159879951,0.3444839361627988
2018,0.2018,28,86,28,483418,122192,43725,64231,1.1318685390344214,0.3445443963459444
2019,0.2019,28,104,28,483522,122088,43753,64203,1.1309051835933157,0.3446382272895631
2020,0.202,30,94,30,483616,121994,43783,64173,1.1300344584830857,0.34470663436591875
2021,0.2021,31,94,31,483710,121900,43814,64142,1.1291637333728557,0.34477161071155976
2022,0.2022,30,99,30,483809,121801,43844,64112,1.1282466930971877,0.34484947260277654
2023,0.2023,21,100,21,483909,121701,43865,64091,1.1273203897884323,0.3449610316913538
2024,0.2024,29,74,29,483983,121627,43894,64062,1.1266349253399532,0.34499620332922254
2025,0.2025,19,96,19,484079,121531,43913,64043,1.125745674163548,0.3451076120577236
2026,0.2026,22,82,22,484161,121449,43935,64021,1.1249861054503687,0.34518250930069555
2027,0.2027,31,104,31,484265,121345,43966,63990,1.124022750009263,0.3452666792564815
2028,0.2028,16,92,16,484357,121253,43982,63974,1.1231705509652081,0.34538161283182256
2029,0.2029,21,96,21,484453,121157,44003,63953,1.1222812997888028,0.34548646750580736
2030,0.203,25,88,25,484541,121069,44028,63928,1.1214661528770982,0.3455623604707103
2031,0.2031,32,110,32,484651,120959,44060,63896,1.120447219237467,0.345654702334262
2032,0.2032,21,104,21,484755,120855,44081,63875,1.1194838637963616,0.345774914740432
2033,0.2033,28,97,28,484852,120758,44109,63847,1.1185853495868687,0.3458573711437935
2034,0.2034,25,88,25,484940,120670,44134,63822,1.117770202675164,0.3459336990221798
2035,0.2035,23,94,23,485034,120576,44157,63799,1.116899477564934,0.34602847457627117
2036,0.2036,21,88,21,485122,120488,44178,63778,1.116084330653229,0.3461191972474575
2037,0.2037,25,95,25,485217,120393,44203,63753,1.1152043425099114,0.34620898634778924
2038,0.2038,22,97,22,485314,120296,44225,63731,1.1143058283004188,0.34631331272041604
2039,0.2039,19,68,19,485382,120228,44244,63712,1.113675942050465,0.3463738175492008
2040,0.204,23,104,23,485486,120124,44267,63689,1.1127125866093595,0.3464880068330314
2041,0.2041,23,102,23,485588,120022,44290,63666,1.1117677572344289,0.34659858020121076
2042,0.2042,20,87,20,485675,119935,44310,63646,1.1109618733558115,0.34669165109679106
2043,0.2043,24,98,24,485773,119837,44334,63622,1.1100540961132312,0.34679138118053626
2044,0.2044,21,87,21,485860,119750,44355,63601,1.1092482122346141,0.34688111872855887
2045,0.2045,23,90,23,485950,119660,44378,63578,1.1084145392567342,0.34696951505692053
2046,0.2046,19,93,19,486043,119567,44397,63559,1.1075530771795916,0.3470779681749178
2047,0.2047,22,90,22,486133,119477,44419,63537,1.1067194042017119,0.3471701618455419
2048,0.2048,26,75,26,486208,119402,44445,63511,1.1060246767201452,0.3472197164772323
2049,0.2049,21,92,21,486300,119310,44466,63490,1.1051724776760903,0.3473194748358862
2050,0.205,28,101,28,486401,119209,44494,63462,1.1042369113342474,0.3474114665163053
2051,0.2051,26,99,26,486500,119110,44520,63436,1.1033198710585794,0.34750692976017006
2052,0.2052,26,90,26,486590,119020,44546,63410,1.1024861980806995,0.34758537521241023
2053,0.2053,18,97,18,486687,118923,44564,63392,1.1015876838712069,0.3477058936456134
2054,0.2054,20,89,20,486776,118834,44584,63372,1.1007632739264144,0.34780413378264163
2055,0.2055,24,83,24,486859,118751,44608,63348,1.0999944421801475,0.34787670443000784
2056,0.2056,29,81,29,486940,118670,44637,63319,1.0992441365000556,0.3479276219991318
2057,0.2057,18,88,18,487028,118582,44655,63301,1.0984289895883508,0.3480314267963471
2058,0.2058,30,97,30,487125,118485,44685,63271,1.097530475378858,0.34810955346728584
2059,0.2059,31,76,31,487201,118409,44716,63240,1.096826484864204,0.34814394794356146
2060,0.206,23,79,23,487280,118330,44739,63217,1.0960947052502872,0.3482128594799143
2061,0.2061,24,96,24,487376,118234,44763,63193,1.095205454073882,0.34831089088173206
2062,0.2062,21,86,21,487462,118148,44784,63172,1.0944088332283524,0.3484006176924774
2063,0.2063,28,87,28,487549,118061,44812,63144,1.093602949349735,0.3484672056510582
2064,0.2064,24,97,24,487646,117964,44836,63120,1.0927044351402424,0.3485675156281063
2065,0.2065,21,84,21,487730,117880,44857,63099,1.0919263403608879,0.34865371120406236
2066,0.2066,18,83,18,487813,117797,44875,63081,1.0911575086146208,0.3487488804608631
2067,0.2067,27,103,27,487916,117694,44902,63054,1.0902034162066028,0.3488503330603935
2068,0.2068,28,97,28,488013,117597,44930,63026,1.08930490199711,0.3489367356316748
2069,0.2069,26,105,26,488118,117492,44956,63000,1.0883322835229168,0.3490459410943421
2070,0.207,18,101,18,488219,117391,44974,62982,1.0873967171810737,0.34917642884467187
2071,0.2071,26,93,26,488312,117298,45000,62956,1.0865352551039313,0.3492627070689139
2072,0.2072,19,84,19,488396,117214,45019,62937,1.0857571603245766,0.349356928354547
2073,0.2073,23,94,23,488490,117120,45042,62914,1.0848864352143466,0.3494562138262773
2074,0.2074,29,84,29,488574,117036,45071,62885,1.084108340434992,0.3495145091456806
2075,0.2075,28,70,28,488644,116966,45099,62857,1.0834599281188633,0.34954927901325195
2076,0.2076,23,107,23,488751,116859,45122,62834,1.082468783578495,0.3496741664950777
2077,0.2077,22,95,22,488846,116764,45144,62812,1.0815887954351773,0.34977948055419433
2078,0.2078,22,88,22,488934,116676,45166,62790,1.0807736485234725,0.3498712848116078
2079,0.2079,23,88,23,489022,116588,45189,62767,1.0799585016117677,0.3499595773744808
2080,0.208,25,90,25,489112,116498,45214,62742,1.079124828633888,0.3500446328944432
2081,0.2081,16,115,16,489227,116383,45230,62726,1.078059579828819,0.35021132383073994
2082,0.2082,17,97,17,489324,116286,45247,62709,1.0771610656193265,0.35033939495516636
2083,0.2083,21,77,21,489401,116209,45268,62688,1.0764478120715848,0.3504139253313359
2084,0.2084,25,76,25,489477,116133,45293,62663,1.0757438215569306,0.3504720463545046
2085,0.2085,26,79,26,489556,116054,45319,62637,1.0750120419430138,0.3505324834490825
2086,0.2086,37,88,37,489644,115966,45356,62600,1.074196895031309,0.35057065734798337
2087,0.2087,15,88,15,489732,115878,45371,62585,1.0733817481196042,0.35068893832334996
2088,0.2088,17,72,17,489804,115806,45388,62568,1.0727148097373005,0.3507686097749672
2089,0.2089,27,82,27,489886,115724,45415,62541,1.0719552410241209,0.3508316270720557
2090,0.209,24,81,24,489967,115643,45439,62517,1.071204935344029,0.3509036820835204
2091,0.2091,23,96,23,490063,115547,45462,62494,1.0703156841676238,0.35100903724423027
2092,0.2092,24,91,24,490154,115456,45486,62470,1.0694727481566564,0.3511010195249711
2093,0.2093,19,78,19,490232,115378,45505,62451,1.0687502315758273,0.3511856896231773
2094,0.2094,26,83,26,490315,115295,45531,62425,1.0679813998295602,0.3512547828044114
2095,0.2095,26,90,26,490405,115205,45557,62399,1.0671477268516802,0.3513378077070336
2096,0.2096,30,78,30,490483,115127,45587,62369,1.0664252102708511,0.3513825663676928
2097,0.2097,30,95,30,490578,115032,45617,62339,1.0655452221275334,0.3514610618421275
2098,0.2098,16,97,16,490675,114935,45633,62323,1.0646467079180406,0.3515948504439856
2099,0.2099,29,81,29,490756,114854,45662,62294,1.063896402237949,0.3516494682412446
2100,0.21,19,79,19,490835,114775,45681,62275,1.063164622624032,0.35173679751482634
2101,0.2101,21,93,21,490928,114682,45702,62254,1.0623031605468896,0.35184473481936973
2102,0.2102,32,93,32,491021,114589,45734,62222,1.061441698469747,0.3519124941321524
2103,0.2103,18,78,18,491099,114511,45752,62204,1.0607191818889177,0.3520018108253402
2104,0.2104,23,103,23,491202,114408,45775,62181,1.0597650894808996,0.3521227256510881
2105,0.2105,29,97,29,491299,114311,45804,62152,1.0588665752714068,0.3522098116885693
2106,0.2106,29,90,29,491389,114221,45833,62123,1.058032902293527,0.3522830376990428
2107,0.2107,28,85,28,491474,114136,45861,62095,1.0572455444810849,0.35235004057174957
2108,0.2108,20,83,20,491557,114053,45881,62075,1.0564767127348178,0.3524425417877907
2109,0.2109,26,86,26,491643,113967,45907,62049,1.0556800918892881,0.3525190891737115
2110,0.211,22,78,22,491721,113889,45929,62027,1.054957575308459,0.3525944200641215
2111,0.2111,19,87,19,491808,113802,45948,62008,1.0541516914298419,0.3526989363517434
2112,0.2112,23,89,23,491897,113713,45971,61985,1.0533272814850494,0.35279286047649944
2113,0.2113,23,76,23,491973,113637,45994,61962,1.0526232909703954,0.35286077938940424
2114,0.2114,25,97,25,492070,113540,46019,61937,1.0517247767609026,0.3529636362600227
2115,0.2115,25,95,25,492165,113445,46044,61912,1.050844788617585,0.35306260941964107
2116,0.2116,23,96,23,492261,113349,46067,61889,1.0499555374411798,0.3531711158538673
2117,0.2117,24,77,24,492338,113272,46091,61865,1.049242283893438,0.35323775101777466
2118,0.2118,18,83,18,492421,113189,46109,61847,1.048473452147171,0.35333874174455543
2119,0.2119,23,82,23,492503,113107,46132,61824,1.0477138834339916,0.3534193482001475
2120,0.212,22,82,22,492585,113025,46154,61802,1.0469543147208122,0.35350374942085605
2121,0.2121,21,84,21,492669,112941,46175,61781,1.0461762199414577,0.35359599821430615
2122,0.2122,24,75,24,492744,112866,46199,61757,1.045481492459891,0.35365902544338373
2123,0.2123,27,67,27,492811,112799,46226,61730,1.044860869243025,0.3536948014370105
2124,0.2124,13,72,13,492883,112727,46239,61717,1.044193930860721,0.35379262112769716
2125,0.2125,24,75,24,492958,112652,46263,61693,1.0434992033791544,0.35385586050646706
2126,0.2126,23,86,23,493044,112566,46286,61670,1.042702582533625,0.3539452237195528
2127,0.2127,19,83,19,493127,112483,46305,61651,1.0419337507873578,0.3540434378122595
2128,0.2128,26,76,26,493203,112407,46331,61625,1.0412297602727036,0.3541015445435322
2129,0.2129,28,76,28,493279,112331,46359,61597,1.0405257697580497,0.35415229290281036
2130,0.213,34,89,34,493368,112242,46393,61563,1.0397013598132572,0.35420730128592387
2131,0.2131,21,77,21,493445,112165,46414,61542,1.0389881062655155,0.3542862406235788
2132,0.2132,24,85,24,493530,112080,46438,61518,1.0382007484530735,0.35437044205578405
2133,0.2133,24,85,24,493615,111995,46462,61494,1.0374133906406313,0.35445474929246235
2134,0.2134,21,80,21,493695,111915,46483,61473,1.036672347993627,0.3545401065817704
2135,0.2135,16,81,16,493776,111834,46499,61457,1.0359220423135351,0.35464623090639447
2136,0.2136,21,108,21,493884,111726,46520,61436,1.0349216347400794,0.3547891569743939
2137,0.2137,19,91,19,493975,111635,46539,61417,1.034078698729112,0.35490488408108545
2138,0.2138,24,81,24,494056,111554,46563,61393,1.03332839304902,0.3549815839534655
2139,0.2139,21,98,21,494154,111456,46584,61372,1.0324206158064397,0.3551044969565117
2140,0.214,24,93,24,494247,111363,46608,61348,1.0315591537292972,0.3552060957321769
2141,0.2141,32,86,32,494333,111277,46640,61316,1.0307625328837675,0.35526353907748287
2142,0.2142,23,82,23,494415,111195,46663,61293,1.0300029641705881,0.3553464588840963
2143,0.2143,24,100,24,494515,111095,46687,61269,1.0290766608618327,0.35546285767329605
2144,0.2144,19,98,19,494613,110997,46706,61250,1.0281688836192522,0.3555940016371838
2145,0.2145,29,88,29,494701,110909,46735,61221,1.0273537367075476,0.3556672282577122
2146,0.2146,22,88,22,494789,110821,46757,61199,1.0265385897958428,0.35576677130566214
2147,0.2147,14,98,14,494887,110723,46771,61185,1.0256308125532625,0.3559171184587105
2148,0.2148,15,100,15,494987,110623,46786,61170,1.024704509244507,0.3560680586519823
2149,0.2149,26,77,26,495064,110546,46812,61144,1.0239912556967654,0.35613023472537714
2150,0.215,15,80,15,495144,110466,46827,61129,1.023250213049761,0.35623998368250825
2151,0.2151,26,82,26,495226,110384,46853,61103,1.0224906443365815,0.35631272341343656
2152,0.2152,21,84,21,495310,110300,46874,61082,1.021712549557227,0.3564084909733811
2153,0.2153,20,80,20,495390,110220,46894,61062,1.0209715069102228,0.35649980733527165
2154,0.2154,21,59,21,495449,110161,46915,61041,1.020424987958057,0.35654373196574807
2155,0.2155,25,104,25,495553,110057,46940,61016,1.0194616325169514,0.3566664523332145
2156,0.2156,32,83,32,495636,109974,46972,60984,1.0186928007706844,0.3567191941880462
2157,0.2157,19,86,19,495722,109888,46991,60965,1.0178961799251547,0.3568272140377986
2158,0.2158,25,89,25,495811,109799,47016,60940,1.0170717699803624,0.3569190401724269
2159,0.2159,24,77,24,495888,109722,47040,60916,1.0163585164326208,0.35698965060537513
2160,0.216,26,87,26,495975,109635,47066,60890,1.0155526325540034,0.3570737428529541
2161,0.2161,20,85,20,496060,109550,47086,60870,1.0147652747415614,0.35717638774791693
2162,0.2162,24,97,24,496157,109453,47110,60846,1.0138667605320686,0.35728923833962617
2163,0.2163,29,85,29,496242,109368,47139,60817,1.0130794027196266,0.3573581690513265
2164,0.2164,16,92,16,496334,109276,47155,60801,1.0122272036755715,0.3574910187738495
2165,0.2165,24,86,24,496420,109190,47179,60777,1.0114305828300418,0.3575811775226956
2166,0.2166,23,75,23,496495,109115,47202,60754,1.0107358553484753,0.3576520730680701
2167,0.2167,24,70,24,496565,109045,47226,60730,1.0100874430323465,0.35770873214548665
2168,0.2168,19,87,19,496652,108958,47245,60711,1.0092815591537292,0.35782022644089373
2169,0.2169,18,79,18,496731,108879,47263,60693,1.0085497795398126,0.35791876017267
2170,0.217,15,93,15,496824,108786,47278,60678,1.00768831746267,0.358058348675825
2171,0.2171,22,81,22,496905,108705,47300,60656,1.0069380117825781,0.35814620839508504
2172,0.2172,16,86,16,496991,108619,47316,60640,1.0061413909370485,0.35826750719311823
2173,0.2173,22,78,22,497069,108541,47338,60618,1.0054188743562191,0.3583492453845199
2174,0.2174,21,91,21,497160,108450,47359,60597,1.0045759383452517,0.35846243943991907
2175,0.2175,21,81,21,497241,108369,47380,60576,1.0038256326651598,0.3585545591760632
2176,0.2176,25,90,25,497331,108279,47405,60551,1.00299195968728,0.3586507137357105
2177,0.2177,11,83,11,497414,108196,47416,60540,1.002223127941013,0.3587853214488906
2178,0.2178,18,81,18,497495,108115,47434,60522,1.001472822260921,0.35888921173882365
2179,0.2179,24,81,24,497576,108034,47458,60498,1.0007225165808293,0.35897040324686114
2180,0.218,27,92,27,497668,107942,47485,60471,0.9998703175367742,0.35906373023460186
2181,0.2181,23,81,23,497749,107861,47508,60448,0.9991200118566823,0.3591489462833241
2182,0.2182,25,65,25,497814,107796,47533,60423,0.9985179147059914,0.3591924812298254
2183,0.2183,17,79,17,497893,107717,47550,60406,0.9977861350920746,0.359296467467271
2184,0.2184,24,88,24,497981,107629,47574,60382,0.9969709881803698,0.35939313497330533
2185,0.2185,22,77,22,498058,107552,47596,60360,0.9962577346326281,0.3594740101958169
2186,0.2186,21,92,21,498150,107460,47617,60339,0.9954055355885731,0.35959093915935136
2187,0.2187,31,88,31,498238,107372,47648,60308,0.9945903886768683,0.35966125954198475
2188,0.2188,23,82,23,498320,107290,47671,60285,0.9938308199636889,0.3597493659555423
2189,0.2189,23,93,23,498413,107197,47694,60262,0.9929693578865464,0.359861219761255
2190,0.219,20,76,20,498489,107121,47714,60242,0.9922653673718923,0.35994813668493036
2191,0.2191,28,79,28,498568,107042,47742,60214,0.9915335877579755,0.36001100110011003
2192,0.2192,28,88,28,498656,106954,47770,60186,0.9907184408462707,0.3600933349288022
2193,0.2193,27,93,27,498749,106861,47797,60159,0.9898569787691281,0.3601903963597174
2194,0.2194,18,84,18,498833,106777,47815,60141,0.9890788839897736,0.36030266358331636
2195,0.2195,17,79,17,498912,106698,47832,60124,0.9883471043758568,0.36040809965112514
2196,0.2196,18,93,18,499005,106605,47850,60106,0.9874856422987143,0.36054009633437506
2197,0.2197,23,94,23,499099,106511,47873,60083,0.9866149171884842,0.3606552456871196
2198,0.2198,20,74,20,499173,106437,47893,60063,0.9859294527400052,0.36073873873873874
2199,0.2199,26,81,26,499254,106356,47919,60037,0.9851791470599133,0.36081445733895057
2200,0.22,25,90,25,499344,106266,47944,60012,0.9843454740820334,0.3609136506332768
2201,0.2201,17,80,17,499424,106186,47961,59995,0.9836044314350291,0.36102201816092094
2202,0.2202,20,74,20,499498,106112,47981,59975,0.9829189669865501,0.36110592641206113
2203,0.2203,20,75,20,499573,106037,48001,59955,0.9822242395049835,0.36119210564364546
2204,0.2204,22,88,22,499661,105949,48023,59933,0.9814090925932788,0.361298995671622
2205,0.2205,20,75,20,499736,105874,48043,59913,0.9807143651117122,0.36138539209950116
2206,0.2206,26,83,26,499819,105791,48069,59887,0.9799455333654452,0.36146621760281994
2207,0.2207,21,85,21,499904,105706,48090,59866,0.9791581755530031,0.36157079699466094
2208,0.2208,24,84,24,499988,105622,48114,59842,0.9783800807736486,0.3616617511966349
2209,0.2209,22,90,22,500078,105532,48136,59820,0.9775464077957686,0.36177367071459676
2210,0.221,21,88,21,500166,105444,48157,59799,0.9767312608840639,0.36188522357981884
2211,0.2211,25,84,25,500250,105360,48182,59774,0.9759531661047093,0.3619727009580099
2212,0.2212,19,74,19,500324,105286,48201,59755,0.9752677016562303,0.36206154834253307
2213,0.2213,10,73,10,500397,105213,48211,59745,0.9745915002408388,0.36218310115302077
2214,0.2214,19,89,19,500486,105124,48230,59726,0.9737670902960466,0.36230512587200486
2215,0.2215,13,73,13,500559,105051,48243,59713,0.9730908888806551,0.3624153334466267
2216,0.2216,24,77,24,500636,104974,48267,59689,0.9723776353329134,0.3624918773494956
2217,0.2217,23,90,23,500726,104884,48290,59666,0.9715439623550335,0.362601033120632
2218,0.2218,28,76,28,500802,104808,48318,59638,0.9708399718403794,0.36266008294516133
2219,0.2219,20,70,20,500872,104738,48338,59618,0.9701915595242506,0.36273698556791356
2220,0.222,12,77,12,500949,104661,48350,59606,0.969478305976509,0.3628604649747058
2221,0.2221,22,88,22,501037,104573,48372,59584,0.9686631590648042,0.3629695961792674
2222,0.2222,18,84,18,501121,104489,48390,59566,0.9678850642854496,0.3630855505775502
2223,0.2223,27,75,27,501196,104414,48417,59539,0.9671903368038831,0.36314675547260494
2224,0.2224,24,76,24,501272,104338,48441,59515,0.9664863462892289,0.36322191232385126
2225,0.2225,31,80,31,501352,104258,48472,59484,0.9657453036422247,0.3632788166750131
2226,0.2226,30,83,30,501435,104175,48502,59454,0.9649764718959576,0.36334635058577636
2227,0.2227,30,77,30,501512,104098,48532,59424,0.9642632183482159,0.363400643338511
2228,0.2228,12,81,12,501593,104017,48544,59412,0.963512912668124,0.36353401171150773
2229,0.2229,31,79,31,501672,103938,48575,59381,0.9627811330542073,0.3635890496512959
2230,0.223,24,85,24,501757,103853,48599,59357,0.9619937752417652,0.36368482323387047
2231,0.2231,25,97,25,501854,103756,48624,59332,0.9610952610322724,0.36380359069949963
2232,0.2232,9,73,9,501927,103683,48633,59323,0.9604190596168809,0.3639313890286247
2233,0.2233,28,77,28,502004,103606,48661,59295,0.9597058060691392,0.3639940822953819
2234,0.2234,25,79,25,502083,103527,48686,59270,0.9589740264552225,0.3640730480291406
2235,0.2235,16,80,16,502163,103447,48702,59254,0.9582329838082182,0.364189525571447
2236,0.2236,26,67,26,502230,103380,48728,59228,0.957612360591352,0.36423792187346254
2237,0.2237,18,63,18,502293,103317,48746,59210,0.9570287895068361,0.36430869947762523
2238,0.2238,34,69,34,502362,103248,48780,59176,0.9563896402237949,0.3643303945229769
2239,0.2239,27,77,27,502439,103171,48807,59149,0.9556763866760533,0.36439748644652536
2240,0.224,22,96,22,502535,103075,48829,59127,0.954787135499648,0.3645269478798042
2241,0.2241,22,76,22,502611,102999,48851,59105,0.9540831449849939,0.3646116073631743
2242,0.2242,8,73,8,502684,102926,48859,59097,0.9534069435696024,0.364744511581689
2243,0.2243,26,89,26,502773,102837,48885,59071,0.9525825336248102,0.3648429972577019
2244,0.2244,27,77,27,502850,102760,48912,59044,0.9518692800770684,0.3649106326172406
2245,0.2245,21,78,21,502928,102682,48933,59023,0.9511467634962392,0.36500417426795706
2246,0.2246,22,79,22,503007,102603,48955,59001,0.9504149838823224,0.3650961609861142
2247,0.2247,21,76,21,503083,102527,48976,58980,0.9497109933676683,0.36518540992031306
2248,0.2248,21,93,21,503176,102434,48997,58959,0.9488495312905257,0.36531324159040357
2249,0.2249,19,103,19,503279,102331,49016,58940,0.9478954388825077,0.36547178351966564
2250,0.225,18,95,18,503374,102236,49034,58922,0.94701545073919,0.3656163516548977
2251,0.2251,26,95,26,503469,102141,49060,58896,0.9461354625958724,0.3657296149332141
2252,0.2252,16,84,16,503553,102057,49076,58880,0.9453573678165178,0.3658574473241082
2253,0.2253,30,74,30,503627,101983,49106,58850,0.9446719033680389,0.3659074941087961
2254,0.2254,22,73,22,503700,101910,49128,58828,0.9439957019526474,0.36598688549067426
2255,0.2255,27,68,27,503768,101842,49155,58801,0.9433658157026937,0.36603524585571734
2256,0.2256,16,64,16,503832,101778,49171,58785,0.9427729815850903,0.3661179723846714
2257,0.2257,14,67,14,503899,101711,49185,58771,0.9421523583682241,0.36621552572874216
2258,0.2258,23,80,23,503979,101631,49208,58748,0.9414113157212197,0.36630730956047863
2259,0.2259,22,99,22,504078,101532,49230,58726,0.9404942754455519,0.3664466048496799
2260,0.226,23,84,23,504162,101448,49253,58703,0.9397161806661973,0.3665478204944084
2261,0.2261,14,78,14,504240,101370,49267,58689,0.9389936640853681,0.3666710400539801
2262,0.2262,35,66,35,504306,101304,49302,58654,0.9383823039015895,0.36668375448555246
2263,0.2263,24,84,24,504390,101220,49326,58630,0.937604209122235,0.3667813575226775
2264,0.2264,28,74,28,504464,101146,49354,58602,0.936918744673756,0.3668402734306533
2265,0.2265,14,73,14,504537,101073,49368,58588,0.9362425432583645,0.3669524805682039
2266,0.2266,17,84,17,504621,100989,49385,58571,0.93546444847901,0.3670782150915016
2267,0.2267,23,75,23,504696,100914,49408,58548,0.9347697209974434,0.367159574067803
2268,0.2268,23,85,23,504781,100829,49431,58525,0.9339823631850013,0.3672640787178232
2269,0.2269,23,75,23,504856,100754,49454,58502,0.9332876357034348,0.3673456573064751
2270,0.227,31,84,31,504940,100670,49485,58471,0.9325095409240802,0.36741631634839544
2271,0.2271,21,77,21,505017,100593,49506,58450,0.9317962873763385,0.3675106732141622
2272,0.2272,20,85,20,505102,100508,49526,58430,0.9310089295638964,0.3676276283833948
2273,0.2273,20,88,20,505190,100420,49546,58410,0.9301937826521917,0.3677516841906441
2274,0.2274,24,64,24,505254,100356,49570,58386,0.9296009485345882,0.3678043617946101
2275,0.2275,27,84,27,505338,100272,49597,58359,0.9288228537552337,0.3678915218336895
2276,0.2276,21,72,21,505410,100200,49618,58338,0.9281559153729297,0.3679748703780797
2277,0.2277,23,85,23,505495,100115,49641,58315,0.9273685575604876,0.36808054030171056
2278,0.2278,23,73,23,505568,100042,49664,58292,0.9266923561450962,0.36815844985915847
2279,0.2279,22,58,22,505626,99984,49686,58270,0.926155100226018,0.36820554298785496
2280,0.228,23,79,23,505705,99905,49709,58247,0.9254233206121012,0.3682975871313673
2281,0.2281,22,99,22,505804,99806,49731,58225,0.9245062803364333,0.3684403692946321
2282,0.2282,24,90,24,505894,99716,49755,58201,0.9236726073585535,0.3685543671675627
2283,0.2283,21,79,21,505973,99637,49776,58180,0.9229408277446367,0.36865483439680136
2284,0.2284,21,80,21,506053,99557,49797,58159,0.9221997850976323,0.36875776712571967
2285,0.2285,20,67,20,506120,99490,49817,58139,0.9215791618807663,0.36883441498708996
2286,0.2286,23,71,23,506191,99419,49840,58116,0.9209214865315499,0.36890849652458185
2287,0.2287,12,67,12,506258,99352,49852,58104,0.9203008633146837,0.3690173762828981
2288,0.2288,18,66,18,506324,99286,49870,58086,0.9196895031309051,0.3690999669572732
2289,0.2289,23,77,23,506401,99209,49893,58063,0.9189762495831635,0.369188412431965
2290,0.229,20,70,20,506471,99139,49913,58043,0.9183278372670347,0.36927256301612144
2291,0.2291,20,89,20,506560,99050,49933,58023,0.9175034273222424,0.3694014884798788
2292,0.2292,20,78,20,506638,98972,49953,58003,0.9167809107414132,0.36950469820035037
2293,0.2293,23,64,23,506702,98908,49976,57980,0.9161880766238097,0.3695630003569425
2294,0.2294,16,72,16,506774,98836,49992,57964,0.9155211382415058,0.36966836734693875
2295,0.2295,22,79,22,506853,98757,50014,57942,0.914789358627589,0.3697662397335018
2296,0.2296,21,80,21,506933,98677,50035,57921,0.9140483159805847,0.36987062414590227
2297,0.2297,29,76,29,507009,98601,50064,57892,0.9133443254659306,0.36993347945275507
2298,0.2298,25,81,25,507090,98520,50089,57867,0.9125940197858387,0.37002436263883826
2299,0.2299,30,70,30,507160,98450,50119,57837,0.9119456074697099,0.3700691676211073
2300,0.23,22,85,22,507245,98365,50141,57815,0.9111582496572678,0.3701818414649763
2301,0.2301,16,81,16,507326,98284,50157,57799,0.9104079439771758,0.37030938667247554
2302,0.2302,29,75,29,507401,98209,50186,57770,0.9097132164956093,0.37037037037037035
2303,0.2303,20,82,20,507483,98127,50206,57750,0.9089536477824299,0.3704844204083989
2304,0.2304,29,85,29,507568,98042,50235,57721,0.9081662899699878,0.3705693906768616
2305,0.2305,23,77,23,507645,97965,50258,57698,0.9074530364222461,0.37065969433969537
2306,0.2306,24,56,24,507701,97909,50282,57674,0.906934306569343,0.37069602720091527
2307,0.2307,21,75,21,507776,97834,50303,57653,0.9062395790877765,0.37078984095133355
2308,0.2308,33,73,33,507849,97761,50336,57620,0.905563377672385,0.37083041041053927
2309,0.2309,18,74,18,507923,97687,50354,57602,0.904877913223906,0.3709341936647155
2310,0.231,20,69,20,507992,97618,50374,57582,0.9042387639408648,0.3710180412371134
2311,0.2311,21,98,21,508090,97520,50395,57561,0.9033309866982845,0.37116732546217784
2312,0.2312,24,84,24,508174,97436,50419,57537,0.90255289191893,0.37127112464751927
2313,0.2313,37,71,37,508245,97365,50456,57500,0.9018952165697136,0.37129112452781454
2314,0.2314,24,67,24,508312,97298,50480,57476,0.9012745933528474,0.3713543618437205
2315,0.2315,20,74,20,508386,97224,50500,57456,0.9005891289043685,0.3714507370054306
2316,0.2316,18,75,18,508461,97149,50518,57438,0.8998944014228019,0.3715577635894351
2317,0.2317,16,76,16,508537,97073,50534,57422,0.8991904109081478,0.37167545875271046
2318,0.2318,25,65,25,508602,97008,50559,57397,0.8985883137574567,0.37173019008451796
2319,0.2319,19,66,19,508668,96942,50578,57378,0.8979769535736781,0.3718118195956454
2320,0.232,23,75,23,508743,96867,50601,57355,0.8972822260921116,0.3718989508630416
2321,0.2321,23,75,23,508818,96792,50624,57332,0.896587498610545,0.3719861929355584
2322,0.2322,20,85,20,508903,96707,50644,57312,0.8958001407981029,0.3721099344886021
2323,0.2323,30,73,30,508976,96634,50674,57282,0.8951239393827115,0.37216403752696275
2324,0.2324,35,73,35,509049,96561,50709,57247,0.89444773796732,0.3721978050556538
2325,0.2325,29,86,29,509135,96475,50738,57218,0.8936511171217904,0.3722876123180626
2326,0.2326,22,90,22,509225,96385,50760,57196,0.8928174441439105,0.37241585873252553
2327,0.2327,17,81,17,509306,96304,50777,57179,0.8920671384638186,0.37254288748591047
2328,0.2328,24,66,24,509372,96238,50801,57155,0.89145577828004,0.3726050080512149
2329,0.2329,23,57,23,509429,96181,50824,57132,0.8909277853940494,0.37264941655306466
2330,0.233,19,64,19,509493,96117,50843,57113,0.8903349512764459,0.37272727272727274
2331,0.2331,17,84,17,509577,96033,50860,57096,0.8895568564970914,0.3728620966635974
2332,0.2332,22,70,22,509647,95963,50882,57074,0.8889084441809626,0.3729424910315806
2333,0.2333,21,79,21,509726,95884,50903,57053,0.8881766645670458,0.3730490332620622
2334,0.2334,20,59,20,509785,95825,50923,57033,0.8876301456148802,0.37311099190098
2335,0.2335,16,80,16,509865,95745,50939,57017,0.8868891029678758,0.3732407274060303
2336,0.2336,17,75,17,509940,95670,50956,57000,0.8861943754863092,0.3733542935743761
2337,0.2337,21,70,21,510010,95600,50977,56979,0.8855459631701804,0.3734393330668047
2338,0.2338,23,75,23,510085,95525,51000,56956,0.8848512356886139,0.37352850519081066
2339,0.2339,21,73,21,510158,95452,51021,56935,0.8841750342732224,0.3736211094122202
2340,0.234,26,85,26,510243,95367,51047,56909,0.8833876764607803,0.37372271401928076
2341,0.2341,11,80,11,510323,95287,51058,56898,0.882646633813776,0.37387390347274696
2342,0.2342,10,73,10,510396,95214,51068,56888,0.8819704323983846,0.3740121760397628
2343,0.2343,11,85,11,510481,95129,51079,56877,0.8811830745859425,0.37417601936765654
2344,0.2344,23,73,23,510554,95056,51102,56854,0.880506873170551,0.37426107563689026
2345,0.2345,21,57,21,510611,94999,51123,56833,0.8799788802845604,0.37431503240423625
2346,0.2346,11,81,11,510692,94918,51134,56822,0.8792285746044685,0.3744694872808752
2347,0.2347,22,82,22,510774,94836,51156,56800,0.8784690058912891,0.3745812340077554
2348,0.2348,25,92,25,510866,94744,51181,56775,0.8776168068472341,0.374705482480745
2349,0.2349,25,73,25,510939,94671,51206,56750,0.8769406054318426,0.3747828900879006
2350,0.235,16,96,16,511035,94575,51222,56734,0.8760513542554375,0.3749545631786609
2351,0.2351,20,86,20,511121,94489,51242,56714,0.8752547334099078,0.37508515042690954
2352,0.2352,24,62,24,511183,94427,51266,56690,0.8746804253584793,0.37513979234632766
2353,0.2353,19,78,19,511261,94349,51285,56671,0.8739579087776501,0.37525493312144087
2354,0.2354,29,73,29,511334,94276,51314,56642,0.8732817073622587,0.37531639698379254
2355,0.2355,21,88,21,511422,94188,51335,56621,0.8724665604505539,0.37544841488240094
2356,0.2356,15,75,15,511497,94113,51350,56606,0.8717718329689874,0.37557308633947944
2357,0.2357,21,70,21,511567,94043,51371,56585,0.8711234206528585,0.37566056775632684
2358,0.2358,24,71,24,511638,93972,51395,56561,0.8704657453036422,0.3757382102263291
2359,0.2359,31,57,31,511695,93915,51426,56530,0.8699377524176516,0.37575193592342715
2360,0.236,15,80,15,511775,93835,51441,56515,0.8691967097706473,0.37588959095443963
2361,0.2361,23,73,23,511848,93762,51464,56492,0.8685205083552558,0.37597667948939795
2362,0.2362,21,74,21,511922,93688,51485,56471,0.8678350439067768,0.37607469415752637
2363,0.2363,23,74,23,511996,93614,51508,56448,0.8671495794582978,0.37616451866561823
2364,0.2364,25,66,25,512062,93548,51533,56423,0.8665382192745192,0.37622607037360556
2365,0.2365,20,67,20,512129,93481,51553,56403,0.8659175960576532,0.3763110138507112
2366,0.2366,28,79,28,512208,93402,51581,56375,0.8651858164437364,0.37639290411745463
2367,0.2367,29,79,29,512287,93323,51610,56346,0.8644540368298196,0.3764707454449485
2368,0.2368,27,64,27,512351,93259,51637,56319,0.8638612027122161,0.3765192742248192
2369,0.2369,24,76,24,512427,93183,51661,56295,0.8631572121975619,0.37661060490506965
2370,0.237,22,70,22,512497,93113,51683,56273,0.8625087998814331,0.37669527264937813
2371,0.2371,30,82,30,512579,93031,51713,56243,0.8617492311682537,0.37677693369240456
2372,0.2372,24,59,24,512638,92972,51737,56219,0.861202712216088,0.3768256798332339
2373,0.2373,25,96,25,512734,92876,51762,56194,0.8603134610396829,0.37696384249010534
2374,0.2374,22,66,22,512800,92810,51784,56172,0.8597021008559043,0.37703883690647194
2375,0.2375,21,72,21,512872,92738,51805,56151,0.8590351624736003,0.37713330064679057
2376,0.2376,18,92,18,512964,92646,51823,56133,0.8581829634295454,0.3772911499606799
2377,0.2377,20,70,20,513034,92576,51843,56113,0.8575345511134166,0.3773850116686507
2378,0.2378,23,59,23,513093,92517,51866,56090,0.8569880321612509,0.37743847867193336
2379,0.2379,18,66,18,513159,92451,51884,56072,0.8563766719774724,0.37753075281269566
2380,0.238,17,85,17,513244,92366,51901,56055,0.8555893141650301,0.37767566584243467
2381,0.2381,30,71,30,513315,92295,51931,56025,0.8549316388158138,0.37773058252427183
2382,0.2382,15,64,15,513379,92231,51946,56010,0.8543388046982103,0.37783069461215185
2383,0.2383,23,67,23,513446,92164,51969,55987,0.8537181814813443,0.3779049753292249
2384,0.2384,22,64,22,513510,92100,51991,55965,0.8531253473637408,0.37797588896768314
2385,0.2385,17,69,17,513579,92031,52008,55948,0.8524861980806996,0.3780806736090932
2386,0.2386,30,84,30,513663,91947,52038,55918,0.8517081033013449,0.37816927602881006
2387,0.2387,26,62,26,513725,91885,52064,55892,0.8511337952499166,0.378218531977236
2388,0.2388,24,62,24,513787,91823,52088,55868,0.8505594871984883,0.37827626598777175
2389,0.2389,23,71,23,513858,91752,52111,55845,0.8499018118492719,0.3783613488079026
2390,0.239,20,78,20,513936,91674,52131,55825,0.8491792952684427,0.37847714221791334
2391,0.2391,23,67,23,514003,91607,52154,55802,0.8485586720515765,0.3785521915215489
2392,0.2392,32,76,32,514079,91531,52186,55770,0.8478546815369224,0.37861250093346277
2393,0.2393,21,57,21,514136,91474,52207,55749,0.8473266886509319,0.37867045230704444
2394,0.2394,19,74,19,514210,91400,52226,55730,0.8466412242024528,0.37878067015564465
2395,0.2395,11,62,11,514272,91338,52237,55719,0.8460669161510245,0.3788938982843387
2396,0.2396,26,74,26,514346,91264,52263,55693,0.8453814517025455,0.37897480215301077
2397,0.2397,16,68,16,514414,91196,52279,55677,0.8447515654525918,0.37908260878446004
2398,0.2398,29,70,29,514484,91126,52308,55648,0.844103153136463,0.37914071974600405
2399,0.2399,19,69,19,514553,91057,52327,55629,0.8434640038534218,0.3792386458148699
2400,0.24,16,75,16,514628,90982,52343,55613,0.8427692763718552,0.3793649169480542
2401,0.2401,17,62,17,514690,90920,52360,55596,0.8421949683204268,0.37945343853231045
2402,0.2402,27,87,27,514777,90833,52387,55569,0.8413890844418096,0.3795644868239505
2403,0.2403,16,72,16,514849,90761,52403,55553,0.8407221460595057,0.3796834205885971
2404,0.2404,14,57,14,514906,90704,52417,55539,0.8401941531735151,0.37977202327632775
2405,0.2405,16,54,16,514960,90650,52433,55523,0.8396939493867872,0.3798444309140539
2406,0.2406,25,76,25,515036,90574,52458,55498,0.8389899588721331,0.379935922011063
2407,0.2407,23,73,23,515109,90501,52481,55475,0.8383137574567416,0.38002822381761386
2408,0.2408,27,68,27,515177,90433,52508,55448,0.837683871206788,0.38009062180818615
2409,0.2409,22,66,22,515243,90367,52530,55426,0.8370725110230094,0.38016914392323364
2410,0.241,20,62,20,515305,90305,52550,55406,0.8364982029715811,0.38024582907261634
2411,0.2411,26,79,26,515384,90226,52576,55380,0.8357664233576643,0.38034146944494046
2412,0.2412,22,67,22,515451,90159,52598,55358,0.8351458001407981,0.38042290591477285
2413,0.2413,19,65,19,515516,90094,52617,55339,0.834543702990107,0.3805119883382726
2414,0.2414,13,70,13,515586,90024,52630,55326,0.8338952906739783,0.38063983488132097
2415,0.2415,21,73,21,515659,89951,52651,55305,0.8332190892585868,0.38074158726661894
2416,0.2416,24,78,24,515737,89873,52675,55281,0.8324965726777576,0.38084379348829517
2417,0.2417,16,64,16,515801,89809,52691,55265,0.8319037385601541,0.3809435184802239
2418,0.2418,18,76,18,515877,89733,52709,55247,0.8311997480455,0.3810663539798593
2419,0.2419,17,69,17,515946,89664,52726,55230,0.8305605987624588,0.38117520394219223
2420,0.242,25,70,25,516016,89594,52751,55205,0.82991218644633,0.38125263296017237
2421,0.2421,22,69,22,516085,89525,52773,55183,0.8292730371632887,0.3813403543687979
2422,0.2422,27,82,27,516167,89443,52800,55156,0.8285134684501093,0.38144108880421024
2423,0.2423,22,72,22,516239,89371,52822,55134,0.8278465300678054,0.38153697103906437
2424,0.2424,24,81,24,516320,89290,52846,55110,0.8270962243877135,0.3816481994459834
2425,0.2425,25,72,25,516392,89218,52871,55085,0.8264292860054097,0.3817314955337034
2426,0.2426,21,73,21,516465,89145,52892,55064,0.8257530845900182,0.38183469825045596
2427,0.2427,22,71,22,516536,89074,52914,55042,0.8250954092408018,0.38192844652918484
2428,0.2428,18,73,18,516609,89001,52932,55024,0.8244192078254103,0.38204478389168545
2429,0.2429,22,89,22,516698,88912,52954,55002,0.8235947978806181,0.3821865836541268
2430,0.243,20,68,20,516766,88844,52974,54982,0.8229649116306643,0.3822813677638257
2431,0.2431,25,81,25,516847,88763,52999,54957,0.8222146059505725,0.3823893682159755
2432,0.2432,34,70,34,516917,88693,53033,54923,0.8215661936344436,0.3824295343137255
2433,0.2433,9,77,9,516994,88616,53042,54914,0.820852940086702,0.3825959729673239
2434,0.2434,25,61,25,517055,88555,53067,54889,0.8202878950683612,0.38265106940687654
2435,0.2435,17,61,17,517116,88494,53084,54872,0.8197228500500203,0.38274067770601117
2436,0.2436,21,68,21,517184,88426,53105,54851,0.8190929638000667,0.38283185717177215
2437,0.2437,14,74,14,517258,88352,53119,54837,0.8184074993515876,0.3829693621716752
2438,0.2438,19,82,19,517340,88270,53138,54818,0.8176479306384082,0.3831068992508107
2439,0.2439,20,75,20,517415,88195,53158,54798,0.8169532031568417,0.38322155629995874
2440,0.244,25,66,25,517481,88129,53183,54773,0.8163418429730631,0.3832906467369246
2441,0.2441,21,62,21,517543,88067,53204,54752,0.8157675349216348,0.38336635881780434
2442,0.2442,19,75,19,517618,87992,53223,54733,0.8150728074400682,0.38348572429497285
2443,0.2443,21,71,21,517689,87921,53244,54712,0.8144151320908518,0.3835858461926763
2444,0.2444,23,68,23,517757,87853,53267,54689,0.8137852458408982,0.38366937464045686
2445,0.2445,19,65,19,517822,87788,53286,54670,0.8131831486902071,0.38376223167530077
2446,0.2446,21,84,21,517906,87704,53307,54649,0.8124050539108526,0.3838977752488532
2447,0.2447,15,64,15,517970,87640,53322,54634,0.8118122197932491,0.38400551049383586
2448,0.2448,24,65,24,518035,87575,53346,54610,0.8112101226425581,0.3840770826739811
2449,0.2449,20,62,20,518097,87513,53366,54590,0.8106358145911298,0.3841579699232247
2450,0.245,30,56,30,518153,87457,53396,54560,0.8101170847382266,0.38417935880915666
2451,0.2451,25,60,25,518213,87397,53421,54535,0.8095613027529734,0.38423329481723645
2452,0.2452,17,64,17,518277,87333,53438,54518,0.80896846863537,0.38433285630697
2453,0.2453,15,85,15,518362,87248,53453,54503,0.8081811108229279,0.3844981693250841
2454,0.2454,29,68,29,518430,87180,53482,54474,0.8075512245729741,0.3845567368376467
2455,0.2455,29,47,29,518477,87133,53511,54445,0.8071158620178591,0.3845583353345859
2456,0.2456,24,63,24,518540,87070,53535,54421,0.8065322909333432,0.3846251705055445
2457,0.2457,21,56,21,518596,87014,53556,54400,0.8060135610804402,0.3846860989718133
2458,0.2458,24,70,24,518666,86944,53580,54376,0.8053651487643114,0.38477214831587886
2459,0.2459,21,47,21,518713,86897,53601,54355,0.8049297862091963,0.3848087106731232
2460,0.246,28,80,28,518793,86817,53629,54327,0.804188743562192,0.3849047780989628
2461,0.2461,21,73,21,518866,86744,53650,54306,0.8035125421468006,0.3850124069478908
2462,0.2462,17,53,17,518919,86691,53667,54289,0.8030216013931601,0.3850829904951057
2463,0.2463,24,77,24,518996,86614,53691,54265,0.8023083478454185,0.3851887080402331
2464,0.2464,29,68,29,519064,86546,53720,54236,0.8016784615954649,0.3852481141054964
2465,0.2465,24,58,24,519122,86488,53744,54212,0.8011412056763867,0.3853020611229566
2466,0.2466,19,64,19,519186,86424,53763,54193,0.8005483715587832,0.3853943691018867
2467,0.2467,20,77,20,519263,86347,53783,54173,0.7998351180110416,0.3855180757187589
2468,0.2468,23,79,23,519342,86268,53806,54150,0.7991033383971248,0.38563432038627526
2469,0.2469,28,59,28,519401,86209,53834,54122,0.798556819444959,0.38567387106198914
2470,0.247,24,67,24,519468,86142,53858,54098,0.797936196228093,0.3857529948659441
2471,0.2471,19,77,19,519545,86065,53877,54079,0.7972229426803512,0.3858816645735815
2472,0.2472,25,74,25,519619,85991,53902,54054,0.7965374782318723,0.3859759363061873
2473,0.2473,27,64,27,519683,85927,53929,54027,0.7959446441142688,0.38603398259428096
2474,0.2474,26,66,26,519749,85861,53955,54001,0.7953332839304902,0.3861020148432026
2475,0.2475,23,69,23,519818,85792,53978,53978,0.794694134647449,0.3861916004865136
2476,0.2476,24,73,24,519891,85719,54002,53954,0.7940179332320575,0.38628797262176656
2477,0.2477,15,71,15,519962,85648,54017,53939,0.7933602578828411,0.3864185060213344
2478,0.2478,14,58,14,520020,85590,54031,53925,0.792823001963763,0.38651757875497256
2479,0.2479,21,74,21,520094,85516,54052,53904,0.792137537515284,0.3866303256347726
2480,0.248,19,67,19,520161,85449,54071,53885,0.7915169142984179,0.38673259936555326
2481,0.2481,20,71,20,520232,85378,54091,53865,0.7908592389492015,0.38684170838031356
2482,0.2482,20,66,20,520298,85312,54111,53845,0.7902478787654229,0.38693705670573525
2483,0.2483,20,86,20,520384,85226,54131,53825,0.7894512579198932,0.38708819066385713
2484,0.2484,18,77,18,520461,85149,54149,53807,0.7887380043721516,0.387223293704482
2485,0.2485,20,55,20,520516,85094,54169,53787,0.7882285375523361,0.38728839798100534
2486,0.2486,18,64,18,520580,85030,54187,53769,0.7876357034347327,0.38738751720113257
2487,0.2487,22,57,22,520637,84973,54209,53747,0.7871077105487421,0.387449538638985
2488,0.2488,22,62,22,520699,84911,54231,53725,0.7865334024973137,0.38752560662454194
2489,0.2489,33,73,33,520772,84838,54264,53692,0.7858572010819223,0.3875839168411174
2490,0.249,21,67,21,520839,84771,54285,53671,0.7852365778650562,0.3876785946461334
2491,0.2491,30,50,30,520889,84721,54315,53641,0.7847734262106785,0.3876859253263179
2492,0.2492,21,69,21,520958,84652,54336,53620,0.7841342769276372,0.3877863920388799
2493,0.2493,18,66,18,521024,84586,54354,53602,0.7835229167438587,0.38789185746953425
2494,0.2494,26,89,26,521113,84497,54380,53576,0.7826985067990663,0.3880266235976621
2495,0.2495,13,78,13,521191,84419,54393,53563,0.781975990218237,0.3881883144178226
2496,0.2496,17,63,17,521254,84356,54410,53546,0.7813924191337212,0.3882902350944874
2497,0.2497,22,60,22,521314,84296,54432,53524,0.7808366371484678,0.388361631113046
2498,0.2498,32,57,32,521371,84239,54464,53492,0.7803086442624773,0.3883802484553223
2499,0.2499,16,64,16,521435,84175,54480,53476,0.7797158101448738,0.388489731276925
2500,0.25,22,65,22,521500,84110,54502,53454,0.7791137129941829,0.38857549940391384
2501,0.2501,16,60,16,521560,84050,54518,53438,0.7785579310089296,0.38867392063307343
2502,0.2502,19,60,19,521620,83990,54537,53419,0.7780021490236763,0.3887591060265339
2503,0.2503,18,67,18,521687,83923,54555,53401,0.7773815258068102,0.3888686609769596
2504,0.2504,25,60,25,521747,83863,54580,53376,0.7768257438215569,0.3889273457253405
2505,0.2505,18,68,18,521815,83795,54598,53358,0.7761958575716033,0.38903997725168243
2506,0.2506,19,75,19,521890,83720,54617,53339,0.7755011300900366,0.389168168453002
2507,0.2507,23,62,23,521952,83658,54640,53316,0.7749268220386083,0.38924175390950105
2508,0.2508,18,49,18,522001,83609,54658,53298,0.7744729334173182,0.389300766213561
2509,0.2509,17,65,17,522066,83544,54675,53281,0.7738708362666271,0.3894098300749132
2510,0.251,21,62,21,522128,83482,54696,53260,0.7732965282151988,0.38949262114054206
2511,0.2511,21,68,21,522196,83414,54717,53239,0.7726666419652451,0.3895926177983652
2512,0.2512,17,62,17,522258,83352,54734,53222,0.7720923339138167,0.3896934994947794
2513,0.2513,23,63,23,522321,83289,54757,53199,0.7715087628293008,0.3897705292772991
2514,0.2514,20,50,20,522371,83239,54777,53179,0.7710456111749231,0.38982392352915307
2515,0.2515,22,68,22,522439,83171,54799,53157,0.7704157249249695,0.3899198990669562
2516,0.2516,16,52,16,522491,83119,54815,53141,0.7699340472044166,0.38999706443563775
2517,0.2517,22,42,22,522533,83077,54837,53119,0.7695449998147393,0.3900187964404241
2518,0.2518,22,69,22,522602,83008,54859,53097,0.7689058505316981,0.3901179236618787
2519,0.2519,15,63,15,522665,82945,54874,53082,0.7683222794471822,0.39023135112882
2520,0.252,22,65,22,522730,82880,54896,53060,0.7677201822964912,0.3903192584963955
2521,0.2521,19,49,19,522779,82831,54915,53041,0.767266293675201,0.3903747644842204
2522,0.2522,15,78,15,522857,82753,54930,53026,0.7665437770943718,0.3905316727918161
2523,0.2523,22,62,22,522919,82691,54952,53004,0.7659694690429434,0.390611297394893
2524,0.2524,26,54,26,522973,82637,54978,52978,0.7654692652562155,0.3906500018434539
2525,0.2525,24,58,24,523031,82579,55002,52954,0.7649320093371373,0.39070927375620695
2526,0.2526,17,72,17,523103,82507,55019,52937,0.7642650709548334,0.3908404949647087
2527,0.2527,29,83,29,523186,82424,55048,52908,0.7634962392085665,0.39094966452871455
2528,0.2528,26,59,26,523245,82365,55074,52882,0.7629497202564007,0.3910031276109636
2529,0.2529,29,70,29,523315,82295,55103,52853,0.762301307940272,0.3910749696628881
2530,0.253,15,62,15,523377,82233,55118,52838,0.7617269998888436,0.39118685728246627
2531,0.2531,23,64,23,523441,82169,55141,52815,0.7611341657712402,0.39126859479642034
2532,0.2532,18,72,18,523513,82097,55159,52797,0.7604672273889362,0.3913962073924711
2533,0.2533,19,54,19,523567,82043,55178,52778,0.7599670236022084,0.39146720466396184
2534,0.2534,29,72,29,523639,81971,55207,52749,0.7593000852199044,0.3915454275534442
2535,0.2535,12,58,12,523697,81913,55219,52737,0.7587628293008263,0.3916598588934274
2536,0.2536,26,64,26,523761,81849,55245,52711,0.7581699951832228,0.3917285969084423
2537,0.2537,25,70,25,523831,81779,55270,52686,0.757521582867094,0.39181943256609525
2538,0.2538,20,50,20,523881,81729,55290,52666,0.7570584312127163,0.3918746977194092
2539,0.2539,16,61,16,523942,81668,55306,52650,0.7564933861943755,0.3919802260307628
2540,0.254,24,59,24,524001,81609,55330,52626,0.7559468672422098,0.3920438037769583
2541,0.2541,25,69,25,524070,81540,55355,52601,0.7553077179591685,0.39213215944416696
2542,0.2542,30,67,30,524137,81473,55385,52571,0.7546870947423024,0.39219211602160486
2543,0.2543,12,54,12,524191,81419,55397,52559,0.7541868909555745,0.3922957500485154
2544,0.2544,19,46,19,524237,81373,55416,52540,0.753760791433547,0.3923442832286634
2545,0.2545,20,51,20,524288,81322,55436,52520,0.7532883767460817,0.39240298262129975
2546,0.2546,23,66,23,524354,81256,55459,52497,0.7526770165623031,0.39249213101762204
2547,0.2547,9,55,9,524409,81201,55468,52488,0.7521675497424877,0.3926127056077912
2548,0.2548,18,68,18,524477,81133,55486,52470,0.751537663492534,0.39273070215489175
2549,0.2549,27,72,27,524549,81061,55513,52443,0.7508707251102301,0.3928196907957814
2550,0.255,14,63,14,524612,80998,55527,52429,0.7502871540257142,0.3929414586253157
2551,0.2551,20,58,20,524670,80940,55547,52409,0.7497498981066361,0.3930213199949006
2552,0.2552,23,55,23,524725,80885,55570,52386,0.7492404312868206,0.3930787643223207
2553,0.2553,16,57,16,524782,80828,55586,52370,0.74871243840083,0.393174071682758
2554,0.2554,24,69,24,524851,80759,55610,52346,0.7480732891177887,0.3932684722587431
2555,0.2555,20,60,20,524911,80699,55630,52326,0.7475175071325355,0.3933546325878594
2556,0.2556,30,48,30,524959,80651,55660,52296,0.7470728815443328,0.39335975990432276
2557,0.2557,22,61,22,525020,80590,55682,52274,0.7465078365259921,0.393439908477842
2558,0.2558,21,79,21,525099,80511,55703,52253,0.7457760569120753,0.39357807839474557
2559,0.2559,17,56,17,525155,80455,55720,52236,0.7452573270591722,0.393666488307421
2560,0.256,13,54,13,525209,80401,55733,52223,0.7447571232724444,0.3937673422608276
2561,0.2561,22,63,22,525272,80338,55755,52201,0.7441735521879285,0.3938538845170101
2562,0.2562,23,49,23,525321,80289,55778,52178,0.7437196635666382,0.39389432839877103
2563,0.2563,9,57,9,525378,80232,55787,52169,0.7431916706806476,0.39402270375601395
2564,0.2564,24,62,24,525440,80170,55811,52145,0.7426173626292193,0.39409741903790196
2565,0.2565,19,55,19,525495,80115,55830,52126,0.7421078958094038,0.3941742727293351
2566,0.2566,14,55,14,525550,80060,55844,52112,0.7415984289895884,0.3942741276518476
2567,0.2567,17,71,17,525621,79989,55861,52095,0.740940753640372,0.3944081039338603
2568,0.2568,17,61,17,525682,79928,55878,52078,0.7403757086220312,0.3945123706498189
2569,0.2569,15,52,15,525734,79876,55893,52063,0.7398940309014784,0.3945990192437414
2570,0.257,22,76,22,525810,79800,55915,52041,0.7391900403868242,0.39472546476437526
2571,0.2571,24,52,24,525862,79748,55939,52017,0.7387083626662715,0.39477099381474595
2572,0.2572,21,59,21,525921,79689,55960,51996,0.7381618437141058,0.3948513498120515
2573,0.2573,16,63,16,525984,79626,55976,51980,0.7375782726295899,0.39496679482698355
2574,0.2574,23,59,23,526043,79567,55999,51957,0.7370317536774241,0.3950381679389313
2575,0.2575,21,58,21,526101,79509,56020,51936,0.736494497758346,0.39511582791281524
2576,0.2576,17,55,17,526156,79454,56037,51919,0.7359850309385305,0.3952029716912912
2577,0.2577,27,69,27,526225,79385,56064,51892,0.7353458816554893,0.3952863030081431
2578,0.2578,14,64,14,526289,79321,56078,51878,0.7347530475378858,0.39541459919664024
2579,0.2579,18,72,18,526361,79249,56096,51860,0.7340861091555819,0.3955487418865219
2580,0.258,18,49,18,526410,79200,56114,51842,0.7336322205342918,0.3956136200607439
2581,0.2581,26,59,26,526469,79141,56140,51816,0.733085701582126,0.395671861756149
2582,0.2582,18,62,18,526531,79079,56158,51798,0.7325113935306977,0.39577618680134785
2583,0.2583,13,62,13,526593,79017,56171,51785,0.7319370854792693,0.3959037323588324
2584,0.2584,18,62,18,526655,78955,56189,51767,0.731362777427841,0.39600832300607397
2585,0.2585,20,68,20,526723,78887,56209,51747,0.7307328911778873,0.39612198968109374
2586,0.2586,15,50,15,526773,78837,56224,51732,0.7302697395235096,0.39620430576936333
2587,0.2587,23,64,23,526837,78773,56247,51709,0.7296769054059061,0.3962922088870496
2588,0.2588,19,62,19,526899,78711,56266,51690,0.7291025973544778,0.3963926657004164
2589,0.2589,22,71,22,526970,78640,56288,51668,0.7284449220052615,0.3965067378825552
2590,0.259,23,63,23,527033,78577,56311,51645,0.7278613509207454,0.3965919737064398
2591,0.2591,21,55,21,527088,78522,56332,51624,0.72735188410093,0.396662210133235
2592,0.2592,17,55,17,527143,78467,56349,51607,0.7268424172811145,0.39675108015437366
2593,0.2593,22,65,22,527208,78402,56371,51585,0.7262403201304235,0.39684737704539685
2594,0.2594,24,53,24,527261,78349,56395,51561,0.7257493793767832,0.3968978523593257
2595,0.2595,12,65,12,527326,78284,56407,51549,0.7251472822260921,0.39704081396871366
2596,0.2596,23,60,23,527386,78224,56430,51526,0.7245915002408388,0.3971175337186898
2597,0.2597,18,52,18,527438,78172,56448,51508,0.724109822520286,0.3971930906847625
2598,0.2598,18,54,18,527492,78118,56466,51490,0.7236096187335581,0.39727485957656933
2599,0.2599,18,57,18,527549,78061,56484,51472,0.7230816258475675,0.39736592219743233
2600,0.26,22,71,22,527620,77990,56506,51450,0.7224239504983512,0.39748145859085293
2601,0.2601,16,49,16,527669,77941,56522,51434,0.721970061877061,0.3975574879227053
2602,0.2602,26,64,26,527733,77877,56548,51408,0.7213772277594576,0.39763313609467454
2603,0.2603,21,72,21,527805,77805,56569,51387,0.7207102893771536,0.39775682704811444
2604,0.2604,19,67,19,527872,77738,56588,51368,0.7200896661602876,0.3978746146577231
2605,0.2605,22,59,22,527931,77679,56610,51346,0.7195431472081218,0.39795388490602596
2606,0.2606,11,53,11,527984,77626,56621,51335,0.7190522064544814,0.3980660819937811
2607,0.2607,16,74,16,528058,77552,56637,51319,0.7183667420060025,0.3982199253517083
2608,0.2608,25,59,25,528117,77493,56662,51294,0.7178202230538367,0.3982855412425167
2609,0.2609,12,52,12,528169,77441,56674,51282,0.7173385453332839,0.3983903420523139
2610,0.261,17,64,17,528233,77377,56691,51265,0.7167457112156804,0.39850904059327436
2611,0.2611,15,71,15,528304,77306,56706,51250,0.7160880358664641,0.3986589501851333
2612,0.2612,24,62,24,528366,77244,56730,51226,0.7155137278150357,0.3987390052152253
2613,0.2613,21,51,21,528417,77193,56751,51205,0.7150413131275705,0.39879904671412325
2614,0.2614,28,45,28,528462,77148,56779,51177,0.7146244766386306,0.3988077147866745
2615,0.2615,28,49,28,528511,77099,56807,51149,0.7141705880173403,0.39882883163870003
2616,0.2616,22,71,22,528582,77028,56829,51127,0.713512912668124,0.39894658811595335
2617,0.2617,23,63,23,528645,76965,56852,51104,0.7129293415836081,0.3990348952517783
2618,0.2618,17,63,17,528708,76902,56869,51087,0.7123457704990922,0.3991514895811359
2619,0.2619,21,76,21,528784,76826,56890,51066,0.7116417799844381,0.39929002595940327
2620,0.262,28,62,28,528846,76764,56918,51038,0.7110674719330098,0.39935212281497945
2621,0.2621,17,52,17,528898,76712,56935,51021,0.7105857942124569,0.39943475844143644
2622,0.2622,12,48,12,528946,76664,56947,51009,0.7101411686242544,0.3995284829212128
2623,0.2623,15,49,15,528995,76615,56962,50994,0.7096872800029642,0.3996113126817074
2624,0.2624,11,65,11,529060,76550,56973,50983,0.7090851828522732,0.3997631985446904
2625,0.2625,26,60,26,529120,76490,56999,50957,0.7085294008670199,0.39982894850408407
2626,0.2626,21,55,21,529175,76435,57020,50936,0.7080199340472044,0.3999026465993044
2627,0.2627,36,59,36,529234,76376,57056,50900,0.7074734150950387,0.3999182878154562
2628,0.2628,22,63,22,529297,76313,57078,50878,0.7068898440105228,0.4000125795064116
2629,0.2629,29,62,29,529359,76251,57107,50849,0.7063155359590945,0.4000708103855232
2630,0.263,22,47,22,529406,76204,57129,50827,0.7058801734039793,0.40011493257551306
2631,0.2631,20,64,20,529470,76140,57149,50807,0.7052873392863759,0.40022213994816735
2632,0.2632,25,63,25,529533,76077,57174,50782,0.70470376820186,0.4003026982713091
2633,0.2633,10,64,10,529597,76013,57184,50772,0.7041109340842565,0.40045746736601334
2634,0.2634,17,51,17,529648,75962,57201,50755,0.7036385193967913,0.40053820718609184
2635,0.2635,18,69,18,529717,75893,57219,50737,0.70299937011375,0.40067124693990364
2636,0.2636,16,43,16,529760,75850,57235,50721,0.7026010596909852,0.4007316051860221
2637,0.2637,22,54,22,529814,75796,57257,50699,0.7021008559042573,0.4007984505316416
2638,0.2638,18,61,18,529875,75735,57275,50681,0.7015358108859164,0.40090653081888367
2639,0.2639,23,62,23,529937,75673,57298,50658,0.7009615028344881,0.40099421361344406
2640,0.264,16,56,16,529993,75617,57314,50642,0.7004427729815851,0.4010961594817003
2641,0.2641,16,59,16,530052,75558,57330,50626,0.6998962540294194,0.4012077600963672
2642,0.2642,18,59,18,530111,75499,57348,50608,0.6993497350772537,0.40130999865193845
2643,0.2643,19,65,19,530176,75434,57367,50589,0.6987476379265627,0.4014267236932941
2644,0.2644,13,58,13,530234,75376,57380,50576,0.6982103820074845,0.4015497967479675
2645,0.2645,22,58,22,530292,75318,57402,50554,0.6976731260884064,0.40163022753273164
2646,0.2646,13,41,13,530333,75277,57415,50541,0.6972933417318167,0.4016992799122542
2647,0.2647,19,56,19,530389,75221,57434,50522,0.6967746118789137,0.40178777347446776
2648,0.2648,14,64,14,530453,75157,57448,50508,0.6961817777613102,0.40192575498348787
2649,0.2649,21,66,21,530519,75091,57469,50487,0.6955704175775316,0.4020369809998567
2650,0.265,22,63,22,530582,75028,57491,50465,0.6949868464930157,0.40213398356880464
2651,0.2651,22,50,22,530632,74978,57513,50443,0.694523694838638,0.4021894260131876
2652,0.2652,15,68,15,530700,74910,57528,50428,0.6938938085886843,0.40233608323094355
2653,0.2653,17,59,17,530759,74851,57545,50411,0.6933472896365186,0.40244447637751274
2654,0.2654,14,51,14,530810,74800,57559,50397,0.6928748749490533,0.40254159444715126
2655,0.2655,20,56,20,530866,74744,57579,50377,0.6923561450961503,0.4026262577824666
2656,0.2656,20,62,20,530928,74682,57599,50357,0.691781837044722,0.40273034813138303
2657,0.2657,17,59,17,530987,74623,57616,50340,0.6912353180925562,0.4028392404151629
2658,0.2658,15,61,15,531048,74562,57631,50325,0.6906702730742155,0.4029642797088568
2659,0.2659,20,55,20,531103,74507,57651,50305,0.6901608062543999,0.4030461814569112
2660,0.266,26,60,26,531163,74447,57677,50279,0.6896050242691467,0.4031156294597758
2661,0.2661,15,49,15,531212,74398,57692,50264,0.6891511356478566,0.4032022589080875
2662,0.2662,17,52,17,531264,74346,57709,50247,0.6886694579273037,0.40328910934001105
2663,0.2663,17,60,17,531324,74286,57726,50230,0.6881136759420504,0.40340197243727716
2664,0.2664,18,69,18,531393,74217,57744,50212,0.6874745266590092,0.40353936783225774
2665,0.2665,17,43,17,531436,74174,57761,50195,0.6870762162362444,0.40359735947060765
2666,0.2666,14,57,14,531493,74117,57775,50181,0.6865482233502538,0.4037152649278347
2667,0.2667,27,65,27,531558,74052,57802,50154,0.6859461261995627,0.4037969180232839
2668,0.2668,20,57,20,531615,73995,57822,50134,0.6854181333135722,0.4038862795962265
2669,0.2669,15,57,15,531672,73938,57837,50119,0.6848901404275816,0.40399977429729883
2670,0.267,18,60,18,531732,73878,57855,50101,0.6843343584423284,0.40410876035457616
2671,0.2671,20,53,20,531785,73825,57875,50081,0.683843417688688,0.40418543089115944
2672,0.2672,17,67,17,531852,73758,57892,50064,0.6832227944718219,0.4043223336725299
2673,0.2673,18,66,18,531918,73692,57910,50046,0.6826114342880433,0.40445134073607136
2674,0.2674,21,52,21,531970,73640,57931,50025,0.6821297565674904,0.40452027655359235
2675,0.2675,16,49,16,532019,73591,57947,50009,0.6816758679462003,0.4046035598705502
2676,0.2676,25,53,25,532072,73538,57972,49984,0.68118492719256,0.4046566603520021
2677,0.2677,29,66,29,532138,73472,58001,49955,0.6805735670087814,0.40473316211201765
2678,0.2678,25,48,25,532186,73424,58026,49930,0.6801289414205788,0.40477001151158454
2679,0.2679,14,57,14,532243,73367,58040,49916,0.6796009485345882,0.4048895630378884
2680,0.268,24,42,24,532285,73325,58064,49892,0.6792119011449109,0.4049116599170569
2681,0.2681,23,68,23,532353,73257,58087,49869,0.6785820148949572,0.4050241216314994
2682,0.2682,22,59,22,532412,73198,58109,49847,0.6780354959427916,0.40511195091226787
2683,0.2683,20,44,20,532456,73154,58129,49827,0.6776279224869391,0.405160146689326
2684,0.2684,20,58,20,532514,73096,58149,49807,0.677090666567861,0.4052545503364442
2685,0.2685,15,74,15,532588,73022,58164,49792,0.6764052021193819,0.4054260914879411
2686,0.2686,29,60,29,532648,72962,58193,49763,0.6758494201341287,0.40548380525565286
2687,0.2687,27,42,27,532690,72920,58220,49736,0.6754603727444515,0.40549178189407775
2688,0.2688,13,59,13,532749,72861,58233,49723,0.6749138537922857,0.40562389871435095
2689,0.2689,24,59,24,532808,72802,58257,49699,0.67436733484012,0.4057028105893013
2690,0.269,24,49,24,532857,72753,58281,49675,0.6739134462188299,0.4057486849413533
2691,0.2691,15,58,15,532915,72695,58296,49660,0.6733761902997517,0.40586817048751583
2692,0.2692,14,57,14,532972,72638,58310,49646,0.6728481974137611,0.405989336299107
2693,0.2693,19,66,19,533038,72572,58329,49627,0.6722368372299826,0.40611625299716037
2694,0.2694,17,45,17,533083,72527,58346,49610,0.6718200007410426,0.40618322048191785
2695,0.2695,18,62,18,533145,72465,58364,49592,0.6712456926896143,0.40630197366804033
2696,0.2696,23,73,23,533218,72392,58387,49569,0.6705694912742228,0.40643320405703465
2697,0.2697,20,61,20,533279,72331,58407,49549,0.6700044462558821,0.4065392189038398
2698,0.2698,19,68,19,533347,72263,58426,49530,0.6693745600059283,0.40667361835245047
2699,0.2699,21,61,21,533408,72202,58447,49509,0.6688095149875876,0.40677506552406933
2700,0.27,22,54,22,533462,72148,58469,49487,0.6683093112008596,0.40684835779175405
2701,0.2701,24,61,24,533523,72087,58493,49463,0.6677442661825188,0.4069354175236528
2702,0.2702,19,52,19,533575,72035,58512,49444,0.667262588461966,0.4070168506490834
2703,0.2703,22,62,22,533637,71973,58534,49422,0.6666882804105376,0.40711726183121216
2704,0.2704,22,65,22,533702,71908,58556,49400,0.6660861832598466,0.4072278827447489
2705,0.2705,24,52,24,533754,71856,58580,49376,0.6656045055392937,0.4072852052263429
2706,0.2706,24,63,24,533817,71793,58604,49352,0.6650209344547778,0.4073795864459945
2707,0.2707,17,66,17,533883,71727,58621,49335,0.6644095742709993,0.40751846161470984
2708,0.2708,23,59,23,533942,71668,58644,49312,0.6638630553188336,0.40760456273764256
2709,0.2709,17,72,17,534014,71596,58661,49295,0.6631961169365297,0.40776401882687713
2710,0.271,15,43,15,534057,71553,58676,49280,0.6627978065137649,0.4078356078223664
2711,0.2711,21,63,21,534120,71490,58697,49259,0.662214235429249,0.4079454074153823
2712,0.2712,16,49,16,534169,71441,58713,49243,0.6617603468079588,0.4080325478108117
2713,0.2713,17,60,17,534229,71381,58730,49226,0.6612045648227055,0.4081520973077848
2714,0.2714,18,58,18,534287,71323,58748,49208,0.6606673089036273,0.4082601156548938
2715,0.2715,20,53,20,534340,71270,58768,49188,0.660176368149987,0.408341496621229
2716,0.2716,19,41,19,534381,71229,58787,49169,0.6597965837933973,0.4083871825113374
2717,0.2717,21,53,21,534434,71176,58808,49148,0.6593056430397569,0.40846381436787343
2718,0.2718,22,54,22,534488,71122,58830,49126,0.658805439253029,0.4085390193599894
2719,0.2719,17,66,17,534554,71056,58847,49109,0.6581940790692504,0.40867973203511837
2720,0.272,24,62,24,534616,70994,58871,49085,0.6576197710178221,0.40877255806593993
2721,0.2721,14,53,14,534669,70941,58885,49071,0.6571288302641817,0.40888411158884114
2722,0.2722,14,36,14,534705,70905,58899,49057,0.6567953610730297,0.4089378303129324
2723,0.2723,20,70,20,534775,70835,58919,49037,0.6561469487569009,0.40907801655098774
2724,0.2724,22,49,22,534824,70786,58941,49015,0.6556930601356108,0.4091368185574411
2725,0.2725,17,47,17,534871,70739,58958,48998,0.6552576975804958,0.40921352631183344
2726,0.2726,20,63,20,534934,70676,58978,48978,0.6546741264959799,0.40933023551239406
2727,0.2727,23,44,23,534978,70632,59001,48955,0.6542665530401275,0.4093672389139288
2728,0.2728,20,53,20,535031,70579,59021,48935,0.6537756122864871,0.40944993891928977
2729,0.2729,21,46,21,535077,70533,59042,48914,0.6533495127644596,0.4095037966629551
2730,0.273,22,48,22,535125,70485,59064,48892,0.6529048871762569,0.409559630414569
2731,0.2731,20,50,20,535175,70435,59084,48872,0.6524417355218792,0.4096322931596637
2732,0.2732,24,56,24,535231,70379,59108,48848,0.6519230056689762,0.40970585521735847
2733,0.2733,15,48,15,535279,70331,59123,48833,0.6514783800807736,0.4097965828605955
2734,0.2734,23,42,23,535321,70289,59146,48810,0.6510893326910964,0.4098271186156055
2735,0.2735,13,45,13,535366,70244,59159,48797,0.6506724962021564,0.40991759141808287
2736,0.2736,17,46,17,535412,70198,59176,48780,0.650246396680129,0.4099917631831095
2737,0.2737,14,52,14,535464,70146,59190,48766,0.6497647189595761,0.41010158772874056
2738,0.2738,22,61,22,535525,70085,59212,48744,0.6491996739412353,0.41020289659931497
2739,0.2739,25,51,25,535576,70034,59237,48719,0.6487272592537701,0.41025489882360866
2740,0.274,21,62,21,535638,69972,59258,48698,0.6481529512023417,0.4103648773910845
2741,0.2741,13,51,13,535689,69921,59271,48685,0.6476805365148764,0.4104767043825776
2742,0.2742,15,51,15,535740,69870,59286,48670,0.6472081218274112,0.4105787076092458
2743,0.2743,27,59,27,535799,69811,59313,48643,0.6466616028752454,0.41064885947287555
2744,0.2744,18,53,18,535852,69758,59331,48625,0.6461706621216051,0.4107430965594722
2745,0.2745,15,52,15,535904,69706,59346,48610,0.6456889844010523,0.4108489130802258
2746,0.2746,18,64,18,535968,69642,59364,48592,0.6450961502834488,0.41098161273406975
2747,0.2747,14,43,14,536011,69599,59378,48578,0.644697839860684,0.411061374040634
2748,0.2748,25,51,25,536062,69548,59403,48553,0.6442254251732187,0.4111142157983421
2749,0.2749,20,43,20,536105,69505,59423,48533,0.6438271147504538,0.41116420135888443
2750,0.275,18,45,18,536150,69460,59441,48515,0.643410278261514,0.4112311930493749
2751,0.2751,25,52,25,536202,69408,59466,48490,0.6429286005409611,0.4112877232862305
2752,0.2752,22,43,22,536245,69365,59488,48468,0.6425302901181963,0.41132789625996113
2753,0.2753,19,56,19,536301,69309,59507,48449,0.6420115602652933,0.41142852290290255
2754,0.2754,23,49,23,536350,69260,59530,48426,0.6415576716440031,0.411484798531686
2755,0.2755,20,60,20,536410,69200,59550,48406,0.6410018896587498,0.4115946465316395
2756,0.2756,18,46,18,536456,69154,59568,48388,0.6405757901367224,0.41166561739633495
2757,0.2757,16,60,16,536516,69094,59584,48372,0.6400200081514691,0.41179575366489024
2758,0.2758,16,58,16,536574,69036,59600,48356,0.6394827522323909,0.41191904047976013
2759,0.2759,24,54,24,536628,68982,59624,48332,0.638982548445663,0.4119883389876741
2760,0.276,19,43,19,536671,68939,59643,48313,0.6385842380228982,0.41204414423634567
2761,0.2761,27,50,27,536721,68889,59670,48286,0.6381210863685205,0.41208448901216127
2762,0.2762,21,61,21,536782,68828,59691,48265,0.6375560413501797,0.41219372635426543
2763,0.2763,19,56,19,536838,68772,59710,48246,0.6370373114972767,0.41229554427523973
2764,0.2764,23,52,23,536890,68720,59733,48223,0.6365556337767239,0.4123632880976202
2765,0.2765,19,46,19,536936,68674,59752,48204,0.6361295342546963,0.41243005527130855
2766,0.2766,15,53,15,536989,68621,59767,48189,0.635638593501056,0.4125417344405445
2767,0.2767,20,53,20,537042,68568,59787,48169,0.6351476527474156,0.41262838688676257
2768,0.2768,21,50,21,537092,68518,59808,48148,0.6346845010930379,0.41269950114000653
2769,0.2769,17,55,17,537147,68463,59825,48131,0.6341750342732224,0.41280854932500816
2770,0.277,13,51,13,537198,68412,59838,48118,0.6337026195857571,0.41292371063245514
2771,0.2771,21,54,21,537252,68358,59859,48097,0.6332024157990293,0.413009316903525
2772,0.2772,19,62,19,537314,68296,59878,48078,0.6326281077476009,0.41313351779607127
2773,0.2773,19,49,19,537363,68247,59897,48059,0.6321742191263107,0.41321170017024056
2774,0.2774,10,51,10,537414,68196,59907,48049,0.6317018044388455,0.4133425093552411
2775,0.2775,19,57,19,537471,68139,59926,48030,0.6311738115528549,0.413449371174754
2776,0.2776,11,44,11,537515,68095,59937,48019,0.6307662380970025,0.41355047625609315
2777,0.2777,23,69,23,537584,68026,59960,47996,0.6301270888139613,0.4136801641068073
2778,0.2778,26,49,26,537633,67977,59986,47970,0.629673200192671,0.41372351160444
2779,0.2779,15,56,15,537689,67921,60001,47955,0.629154470339768,0.4138475611860955
2780,0.278,17,42,17,537731,67879,60018,47938,0.6287654229500907,0.4139116019237245
2781,0.2781,22,59,22,537790,67820,60040,47916,0.6282189039979251,0.4140111978986659
2782,0.2782,15,45,15,537835,67775,60055,47901,0.6278020675089852,0.4140962688889657
2783,0.2783,27,49,27,537884,67726,60082,47874,0.627348178887695,0.41413494809688584
2784,0.2784,25,53,25,537937,67673,60107,47849,0.6268572381340546,0.41419816138917265
2785,0.2785,28,54,28,537991,67619,60135,47821,0.6263570343473267,0.41424982674982674
2786,0.2786,21,55,21,538046,67564,60156,47800,0.6258475675275113,0.4143406955376027
2787,0.2787,17,60,17,538106,67504,60173,47783,0.625291785542258,0.4144699749321259
2788,0.2788,16,52,16,538158,67452,60189,47767,0.6248101078217051,0.41457572101823487
2789,0.2789,22,44,22,538202,67408,60211,47745,0.6244025343658528,0.4146222851336917
2790,0.279,15,60,15,538262,67348,60226,47730,0.6238467523805995,0.41476216131667215
2791,0.2791,18,52,18,538314,67296,60244,47712,0.6233650746600466,0.41485809682804675
2792,0.2792,15,44,15,538358,67252,60259,47697,0.6229575012041944,0.41494053884766285
2793,0.2793,19,44,19,538402,67208,60278,47678,0.622549927748342,0.41500269832703723
2794,0.2794,20,63,20,538465,67145,60298,47658,0.621966356663826,0.41512852451590987
2795,0.2795,18,51,18,538516,67094,60316,47640,0.6214939419763608,0.4152212944724319
2796,0.2796,17,56,17,538572,67038,60333,47623,0.6209752121234577,0.4153373858591849
2797,0.2797,11,59,11,538631,66979,60344,47612,0.620428693171292,0.4154951086909094
2798,0.2798,14,48,14,538679,66931,60358,47598,0.6199840675830894,0.41559779619135767
2799,0.2799,10,46,10,538725,66885,60368,47588,0.6195579680610619,0.41571374909367276
2800,0.28,17,46,17,538771,66839,60385,47571,0.6191318685390345,0.4157940739445853
2801,0.2801,21,55,21,538826,66784,60406,47550,0.6186224017192189,0.41588678783214095
2802,0.2802,23,53,23,538879,66731,60429,47527,0.6181314609655786,0.41596212081429745
2803,0.2803,23,56,23,538935,66675,60452,47504,0.6176127311126756,0.41604848527312377
2804,0.2804,26,57,26,538992,66618,60478,47478,0.617084738226685,0.41612326461926796
2805,0.2805,23,45,23,539037,66573,60501,47455,0.616667901737745,0.4161697127021433
2806,0.2806,18,41,18,539078,66532,60519,47437,0.6162881173811553,0.4162272196825453
2807,0.2807,22,47,22,539125,66485,60541,47415,0.6158527548260403,0.4162862159789289
2808,0.2808,19,45,19,539170,66440,60560,47396,0.6154359183371003,0.4163533504339576
2809,0.2809,16,46,16,539216,66394,60576,47380,0.6150098188150728,0.4164396083463709
2810,0.281,24,53,24,539269,66341,60600,47356,0.6145188780614325,0.4165105499705357
2811,0.2811,11,43,11,539312,66298,60611,47345,0.6141205676386676,0.4166116698784791
2812,0.2812,18,30,18,539342,66268,60629,47327,0.613842676646041,0.4166292530481095
2813,0.2813,25,57,25,539399,66211,60654,47302,0.6133146837600504,0.41670998035467305
2814,0.2814,28,50,28,539449,66161,60682,47274,0.6128515321056727,0.41674968043372856
2815,0.2815,20,43,20,539492,66118,60702,47254,0.6124532216829078,0.41680485481423984
2816,0.2816,37,55,37,539547,66063,60739,47217,0.6119437548630924,0.4168167372881356
2817,0.2817,16,57,16,539604,66006,60755,47201,0.6114157619771018,0.41694418189687915
2818,0.2818,22,56,22,539660,65950,60777,47179,0.6108970321241988,0.41703718763535436
2819,0.2819,16,46,16,539706,65904,60793,47163,0.6104709326021712,0.41712435989280694
2820,0.282,16,45,16,539751,65859,60809,47147,0.6100540961132314,0.41720793586181265
2821,0.2821,15,43,15,539794,65816,60824,47132,0.6096557856904665,0.4172893721004356
2822,0.2822,13,38,13,539832,65778,60837,47119,0.6093037904331394,0.4173627288590485
2823,0.2823,21,50,21,539882,65728,60858,47098,0.6088406387787617,0.4174392427277401
2824,0.2824,20,40,20,539922,65688,60878,47078,0.6084701174552596,0.41748399340226666
2825,0.2825,25,43,25,539965,65645,60903,47053,0.6080718070324947,0.4175140641360095
2826,0.2826,22,59,22,540024,65586,60925,47031,0.607525288080329,0.41761900956338743
2827,0.2827,19,43,19,540067,65543,60944,47012,0.6071269776575642,0.4176802452134512
2828,0.2828,13,57,13,540124,65486,60957,46999,0.6065989847715736,0.4178245988354003
2829,0.2829,23,63,23,540187,65423,60980,46976,0.6060154136870577,0.41793966138488775
2830,0.283,13,46,13,540233,65377,60993,46963,0.6055893141650301,0.41804343955848317
2831,0.2831,22,45,22,540278,65332,61015,46941,0.6051724776760903,0.41809696008835606
2832,0.2832,17,52,17,540330,65280,61032,46924,0.6046907999555374,0.41820255962354286
2833,0.2833,10,53,10,540383,65227,61042,46914,0.6041998592018971,0.4183483293353903
2834,0.2834,15,34,15,540417,65193,61057,46899,0.6038849160769202,0.41839738785997216
2835,0.2835,15,33,15,540450,65160,61072,46884,0.6035792359850309,0.41844275463210884
2836,0.2836,23,53,23,540503,65107,61095,46861,0.6030882952313905,0.4185213632466419
2837,0.2837,18,43,18,540546,65064,61113,46843,0.6026899848086258,0.4185886495036057
2838,0.2838,21,37,21,540583,65027,61134,46822,0.6023472525843863,0.4186179581399923
2839,0.2839,30,56,30,540639,64971,61164,46792,0.6018285227314832,0.4186716534094468
2840,0.284,23,51,23,540690,64920,61187,46769,0.601356108044018,0.41874311704823214
2841,0.2841,21,42,21,540732,64878,61208,46748,0.6009670606543407,0.4187913210184007
2842,0.2842,11,49,11,540781,64829,61219,46737,0.6005131720330505,0.418917949913056
2843,0.2843,17,58,17,540839,64771,61236,46720,0.5999759161139724,0.41904727735871056
2844,0.2844,26,48,26,540887,64723,61262,46694,0.5995312905257698,0.4190922390658517
2845,0.2845,19,42,19,540929,64681,61281,46675,0.5991422431360924,0.41915119077553076
2846,0.2846,18,58,18,540987,64623,61299,46657,0.5986049872170144,0.41927570093457944
2847,0.2847,15,49,15,541036,64574,61314,46642,0.5981510985957241,0.41938210329449
2848,0.2848,15,50,15,541086,64524,61329,46627,0.5976879469413465,0.4194924022276003
2849,0.2849,25,56,25,541142,64468,61354,46602,0.5971692170884434,0.41957324209957686
2850,0.285,16,43,16,541185,64425,61370,46586,0.5967709066656786,0.4196521065479997
2851,0.2851,19,54,19,541239,64371,61389,46567,0.5962707028789507,0.41975698137698536
2852,0.2852,18,49,18,541288,64322,61407,46549,0.5958168142576605,0.4198482921593564
2853,0.2853,16,57,16,541345,64265,61423,46533,0.5952888213716699,0.4199805050632683
2854,0.2854,22,53,22,541398,64212,61445,46511,0.5947978806180295,0.4200662915564065
2855,0.2855,15,52,15,541450,64160,61460,46496,0.5943162028974768,0.4201850780798149
2856,0.2856,18,46,18,541496,64114,61478,46478,0.5938901033754492,0.42026548032407407
2857,0.2857,14,54,14,541550,64060,61492,46464,0.5933898995887213,0.42039737975462343
2858,0.2858,18,40,18,541590,64020,61510,46446,0.5930193782652191,0.42045516267448807
2859,0.2859,21,62,21,541652,63958,61531,46425,0.5924450702137908,0.42058106773687975
2860,0.286,17,56,17,541708,63902,61548,46408,0.5919263403608878,0.42070528510561145
2861,0.2861,20,62,20,541770,63840,61568,46388,0.5913520323094594,0.4208368109736183
2862,0.2862,15,53,15,541823,63787,61583,46373,0.590861091555819,0.42096042120551924
2863,0.2863,12,43,12,541866,63744,61595,46361,0.5904627811330542,0.42106171381862767
2864,0.2864,11,56,11,541922,63688,61606,46350,0.5899440512801511,0.4212181246478489
2865,0.2865,25,48,25,541970,63640,61631,46325,0.5894994256919486,0.4212704042195244
2866,0.2866,9,44,9,542014,63596,61640,46316,0.5890918522360962,0.4213916587815707
2867,0.2867,17,51,17,542065,63545,61657,46299,0.5886194375486309,0.42149776046028914
2868,0.2868,14,55,14,542120,63490,61671,46285,0.5881099707288154,0.4216351628330676
2869,0.2869,19,32,19,542152,63458,61690,46266,0.5878135536700138,0.4216579781998469
2870,0.287,21,36,21,542188,63422,61711,46245,0.5874800844788618,0.42168564837188943
2871,0.2871,17,54,17,542242,63368,61728,46228,0.5869798806921338,0.42180371546406803
2872,0.2872,13,49,13,542291,63319,61741,46215,0.5865259920708437,0.4219237862216298
2873,0.2873,17,43,17,542334,63276,61758,46198,0.5861276816480788,0.42199974423150705
2874,0.2874,15,38,15,542372,63238,61773,46183,0.5857756863907518,0.42206706208131894
2875,0.2875,19,51,19,542423,63187,61792,46164,0.5853032717032866,0.4221634918747885
2876,0.2876,24,40,24,542463,63147,61816,46140,0.5849327503797843,0.42219111147711985
2877,0.2877,23,42,23,542505,63105,61839,46117,0.584543702990107,0.422231784805259
2878,0.2878,12,39,12,542544,63066,61851,46105,0.5841824446996925,0.42231911405043465
2879,0.2879,20,55,20,542599,63011,61871,46085,0.583672977879877,0.4224261201143947
2880,0.288,21,59,21,542658,62952,61892,46064,0.5831264589277113,0.4225434798561679
2881,0.2881,20,45,20,542703,62907,61912,46044,0.5827096224387713,0.42261199988985876
2882,0.2882,27,59,27,542762,62848,61939,46017,0.5821631034866056,0.42269783677031186
2883,0.2883,20,61,20,542823,62787,61959,45997,0.5815980584682648,0.4228287248124724
2884,0.2884,14,52,14,542875,62735,61973,45983,0.581116380747712,0.4229566401147924
2885,0.2885,29,53,29,542928,62682,62002,45954,0.5806254399940717,0.4230089473102839
2886,0.2886,13,38,13,542966,62644,62015,45941,0.5802734447367446,0.4230879034857485
2887,0.2887,21,43,21,543009,62601,62036,45920,0.5798751343139797,0.42314390763078114
2888,0.2888,16,55,16,543064,62546,62052,45904,0.5793656674941643,0.423273397879207
2889,0.2889,23,44,23,543108,62502,62075,45881,0.5789580940383119,0.42332284583375623
2890,0.289,20,47,20,543155,62455,62095,45861,0.5785227314831969,0.42340005170057976
2891,0.2891,15,45,15,543200,62410,62110,45846,0.5781058949942569,0.4234961572568726
2892,0.2892,16,42,16,543242,62368,62126,45830,0.5777168476045796,0.42357529714042774
2893,0.2893,18,44,18,543286,62324,62144,45812,0.5773092741487272,0.4236516978619516
2894,0.2894,27,44,27,543330,62280,62171,45785,0.5769017006928748,0.4236801924767501
2895,0.2895,10,45,10,543375,62235,62181,45775,0.576484864203935,0.42380335154152393
2896,0.2896,14,46,14,543421,62189,62195,45761,0.5760587646819074,0.42390921723019914
2897,0.2897,22,59,22,543480,62130,62217,45739,0.5755122457297418,0.42402358416227093
2898,0.2898,9,43,9,543523,62087,62226,45730,0.575113935306977,0.4241446154131538
2899,0.2899,18,44,18,543567,62043,62244,45712,0.5747063618511246,0.42422161384622525
2900,0.29,22,41,22,543608,62002,62266,45690,0.5743265774945349,0.4242654979014226
2901,0.2901,14,48,14,543656,61954,62280,45676,0.5738819519063322,0.424379819752857
2902,0.2902,16,46,16,543702,61908,62296,45660,0.5734558523843047,0.4244756804997769
2903,0.2903,16,54,16,543756,61854,62312,45644,0.5729556485975767,0.424603248432529
2904,0.2904,19,50,19,543806,61804,62331,45625,0.572492496943199,0.4246991035940016
2905,0.2905,16,57,16,543863,61747,62347,45609,0.5719645040572084,0.4248388539066284
2906,0.2906,18,49,18,543912,61698,62365,45591,0.5715106154359183,0.42493638676844786
2907,0.2907,15,47,15,543959,61651,62380,45576,0.5710752528808033,0.4250422001921158
2908,0.2908,16,52,16,544011,61599,62396,45560,0.5705935751602504,0.4251626088336024
2909,0.2909,17,55,17,544066,61544,62413,45543,0.570084108340435,0.42528971770616414
2910,0.291,14,50,14,544116,61494,62427,45529,0.5696209566860573,0.4254132289320987
2911,0.2911,16,61,16,544177,61433,62443,45513,0.5690559116677165,0.425569913788267
2912,0.2912,21,51,21,544228,61382,62464,45492,0.5685834969802512,0.42566012313565504
2913,0.2913,17,57,17,544285,61325,62481,45475,0.5680555040942606,0.42579588014981273
2914,0.2914,15,43,15,544328,61282,62496,45460,0.5676571936714958,0.42588671750576157
2915,0.2915,12,48,12,544376,61234,62508,45448,0.5672125680832932,0.42601376052192497
2916,0.2916,9,49,9,544425,61185,62517,45439,0.5667586794620031,0.4261610894357743
2917,0.2917,19,58,19,544483,61127,62536,45420,0.5662214235429249,0.4262907449294677
2918,0.2918,18,39,18,544522,61088,62554,45402,0.5658601652525103,0.4263498920086393
2919,0.2919,16,62,16,544584,61026,62570,45386,0.5652858572010819,0.42651204751343835
2920,0.292,25,42,25,544626,60984,62595,45361,0.5648968098114047,0.42654567680662
2921,0.2921,22,47,22,544673,60937,62617,45339,0.5644614472562896,0.42661560465203807
2922,0.2922,19,46,19,544719,60891,62636,45320,0.5640353477342621,0.4266977996629351
2923,0.2923,20,39,20,544758,60852,62656,45300,0.5636740894438474,0.4267465521139498
2924,0.2924,16,39,16,544797,60813,62672,45284,0.5633128311534329,0.42681696937707947
2925,0.2925,19,45,19,544842,60768,62691,45265,0.5628959946644929,0.42689540048852714
2926,0.2926,15,48,15,544890,60720,62706,45250,0.5624513690762903,0.4270076436727376
2927,0.2927,13,33,13,544923,60687,62719,45237,0.5621456889844011,0.42707035232808427
2928,0.2928,10,44,10,544967,60643,62729,45227,0.5617381155285487,0.4271937281571739
2929,0.2929,14,50,14,545017,60593,62743,45213,0.561274963874171,0.4273198117309037
2930,0.293,22,41,22,545058,60552,62765,45191,0.5608951795175813,0.42736635049128546
2931,0.2931,21,48,21,545106,60504,62786,45170,0.5604505539293786,0.42744667562503547
2932,0.2932,26,54,26,545160,60450,62812,45144,0.5599503501426507,0.4275242911529064
2933,0.2933,22,50,22,545210,60400,62834,45122,0.559487198488273,0.42760751312522505
2934,0.2934,19,41,19,545251,60359,62853,45103,0.5591074141316833,0.4276706301795907
2935,0.2935,18,49,18,545300,60310,62871,45085,0.5586535255103932,0.42777171592580293
2936,0.2936,16,45,16,545345,60265,62887,45069,0.5582366890214532,0.42786754514211933
2937,0.2937,22,36,22,545381,60229,62909,45047,0.5579032198303012,0.42789429689577874
2938,0.2938,10,42,10,545423,60187,62919,45037,0.557514172440624,0.42801071998783546
2939,0.2939,19,45,19,545468,60142,62938,45018,0.557097335951684,0.4280905287181438
2940,0.294,21,36,21,545504,60106,62959,44997,0.556763866760532,0.4281228889755763
2941,0.2941,26,49,26,545553,60057,62985,44971,0.5563099781392419,0.42818105648017674
2942,0.2942,16,36,16,545589,60021,63001,44955,0.5559765089480899,0.42824074074074076
2943,0.2943,14,55,14,545644,59966,63015,44941,0.5554670421282745,0.4283889540259468
2944,0.2944,9,44,9,545688,59922,63024,44932,0.5550594686724221,0.42851965590249297
2945,0.2945,14,43,14,545731,59879,63038,44918,0.5546611582496572,0.42861913986087385
2946,0.2946,23,51,23,545782,59828,63061,44895,0.554188743562192,0.4287023862952742
2947,0.2947,14,43,14,545825,59785,63075,44881,0.5537904331394272,0.4288020942808553
2948,0.2948,13,40,13,545865,59745,63088,44868,0.553419911815925,0.42889507040234004
2949,0.2949,19,49,19,545914,59696,63107,44849,0.5529660231946348,0.4289922999665216
2950,0.295,14,50,14,545964,59646,63121,44835,0.5525028715402571,0.429121084216269
2951,0.2951,15,45,15,546009,59601,63136,44820,0.5520860350513173,0.42922400666532595
2952,0.2952,19,42,19,546051,59559,63155,44801,0.5516969876616399,0.42929283250287464
2953,0.2953,17,56,17,546107,59503,63172,44784,0.5511782578087369,0.4294303220919194
2954,0.2954,21,48,21,546155,59455,63193,44763,0.5507336322205343,0.4295131359266154
2955,0.2955,19,33,19,546188,59422,63212,44744,0.550427952128645,0.4295451490889542
2956,0.2956,16,54,16,546242,59368,63228,44728,0.549927748341917,0.4296802951122041
2957,0.2957,23,29,23,546271,59339,63251,44705,0.549659120382378,0.4296739840836569
2958,0.2958,23,54,23,546325,59285,63274,44682,0.5491589165956501,0.42977098502409417
2959,0.2959,11,63,11,546388,59222,63285,44671,0.5485753455111342,0.42997122039020913
2960,0.296,15,34,15,546422,59188,63300,44656,0.5482604023861574,0.43002965987442704
2961,0.2961,23,49,23,546471,59139,63323,44633,0.5478065137648672,0.4301063870793663
2962,0.2962,16,40,16,546511,59099,63339,44617,0.547435992441365,0.4301843495699796
2963,0.2963,24,38,24,546549,59061,63363,44593,0.547083997184038,0.43021012213711
2964,0.2964,15,48,15,546597,59013,63378,44578,0.5466393715958353,0.43032695890569644
2965,0.2965,23,52,23,546649,58961,63401,44555,0.5461576938752826,0.4304165539626724
2966,0.2966,15,30,15,546679,58931,63416,44540,0.5458798028826559,0.4304587758888964
2967,0.2967,17,41,17,546720,58890,63433,44523,0.5455000185260662,0.4305358127121348
2968,0.2968,16,41,16,546761,58849,63449,44507,0.5451202341694764,0.43061844498626106
2969,0.2969,16,55,16,546816,58794,63465,44491,0.544610767349661,0.4307595488212228
2970,0.297,13,50,13,546866,58744,63478,44478,0.5441476156952832,0.43089651430896514
2971,0.2971,12,45,12,546911,58699,63490,44466,0.5437307792063433,0.4310182717006737
2972,0.2972,21,48,21,546959,58651,63511,44445,0.5432861536181407,0.43110304958485296
2973,0.2973,21,54,21,547013,58597,63532,44424,0.5427859498314128,0.431213053649256
2974,0.2974,22,48,22,547061,58549,63554,44402,0.5423413242432102,0.43129255665316507
2975,0.2975,17,37,17,547098,58512,63571,44385,0.5419985920189707,0.43135368378086825
2976,0.2976,20,47,20,547145,58465,63591,44365,0.5415632294638556,0.43144024117475444
2977,0.2977,18,50,18,547195,58415,63609,44347,0.5411000778094779,0.4315505731690703
2978,0.2978,14,41,14,547236,58374,63623,44333,0.5407202934528882,0.43164536010203786
2979,0.2979,14,42,14,547278,58332,63637,44319,0.5403312460632109,0.43174445451091564
2980,0.298,7,50,7,547328,58282,63644,44312,0.5398680944088332,0.43191609645788254
2981,0.2981,26,43,26,547371,58239,63670,44286,0.5394697839860684,0.43195318215069495
2982,0.2982,21,57,21,547428,58182,63691,44265,0.5389417911000778,0.4320770739992386
2983,0.2983,18,59,18,547487,58123,63709,44247,0.5383952721479122,0.4322262381557097
2984,0.2984,19,40,19,547527,58083,63728,44228,0.5380247508244099,0.43228978311227534
2985,0.2985,13,50,13,547577,58033,63741,44215,0.5375615991700322,0.4324289961661842
2986,0.2986,19,40,19,547617,57993,63760,44196,0.5371910778465301,0.43249273405161026
2987,0.2987,16,39,16,547656,57954,63776,44180,0.5368298195561154,0.4325689780092819
2988,0.2988,23,55,23,547711,57899,63799,44157,0.5363203527363,0.43267421807635026
2989,0.2989,18,34,18,547745,57865,63817,44139,0.5360054096113231,0.43271832477157757
2990,0.299,18,43,18,547788,57822,63835,44121,0.5356070991885583,0.43280068273446926
2991,0.2991,21,34,21,547822,57788,63856,44100,0.5352921560635815,0.43282820351758794
2992,0.2992,17,45,17,547867,57743,63873,44083,0.5348753195746415,0.4329247932748021
2993,0.2993,11,47,11,547914,57696,63884,44072,0.5344399570195265,0.43306343840893013
2994,0.2994,13,56,13,547970,57640,63897,44059,0.5339212271666235,0.43322943195114993
2995,0.2995,24,49,24,548019,57591,63921,44035,0.5334673385453332,0.4333044693287151
2996,0.2996,20,38,20,548057,57553,63941,44015,0.5331153432880062,0.43335499369880276
2997,0.2997,19,44,19,548101,57509,63960,43996,0.5327077698321538,0.43343677651347223
2998,0.2998,15,43,15,548144,57466,63975,43981,0.532309459409389,0.4335367236093724
2999,0.2999,22,42,22,548186,57424,63997,43959,0.5319204120197117,0.4335934032332837
3000,0.3,13,47,13,548233,57377,64010,43946,0.5314850494645967,0.4337218597949133
3001,0.3001,16,48,16,548281,57329,64026,43930,0.531040423876394,0.43383797983389133
3002,0.3002,19,49,19,548330,57280,64045,43911,0.5305865352551039,0.43394175371327487
3003,0.3003,22,43,22,548373,57237,64067,43889,0.5301882248323391,0.43400312481458775
3004,0.3004,25,32,25,548405,57205,64092,43864,0.5298918077735374,0.4340005342884564
3005,0.3005,13,40,13,548445,57165,64105,43851,0.5295212864500352,0.43409954858636257
3006,0.3006,19,43,19,548488,57122,64124,43832,0.5291229760272703,0.4341779424292252
3007,0.3007,15,40,15,548528,57082,64139,43817,0.5287524547037682,0.43426594911743427
3008,0.3008,23,45,23,548573,57037,64162,43794,0.5283356182148282,0.4343307117850661
3009,0.3009,22,27,22,548600,57010,64184,43772,0.5280855163214643,0.4343235895298764
3010,0.301,22,39,22,548639,56971,64206,43750,0.5277242580310497,0.434368205240218
3011,0.3011,15,44,15,548683,56927,64221,43735,0.5273166845751973,0.4344737835528799
3012,0.3012,12,41,12,548724,56886,64233,43723,0.5269369002186076,0.4345833871721218
3013,0.3013,16,39,16,548763,56847,64249,43707,0.526575641928193,0.43466197267140044
3014,0.3014,15,40,15,548803,56807,64264,43692,0.5262051206046908,0.4347505945332789
3015,0.3015,11,42,11,548845,56765,64275,43681,0.5258160732150136,0.43487047766959364
3016,0.3016,14,47,14,548892,56718,64289,43667,0.5253807106598984,0.4349952682173632
3017,0.3017,12,44,12,548936,56674,64301,43655,0.5249731372040461,0.43511846026572576
3018,0.3018,11,48,11,548984,56626,64312,43644,0.5245285116158435,0.4352647850802832
3019,0.3019,18,42,18,549026,56584,64330,43626,0.5241394642261662,0.4353457738748628
3020,0.302,12,36,12,549062,56548,64342,43614,0.5238059950350142,0.43543459595455364
3021,0.3021,21,50,21,549112,56498,64363,43593,0.5233428433806365,0.43553366436542745
3022,0.3022,16,32,16,549144,56466,64379,43577,0.5230464263218348,0.4355826994392411
3023,0.3023,15,32,15,549176,56434,64394,43562,0.522750009263033,0.4356374254970199
3024,0.3024,18,42,18,549218,56392,64412,43544,0.5223609618733558,0.4357188600704451
3025,0.3025,11,35,11,549253,56357,64423,43533,0.5220367557152914,0.4358093903293623
3026,0.3026,19,42,19,549295,56315,64442,43514,0.5216477083256141,0.4358853639723928
3027,0.3027,24,44,24,549339,56271,64466,43490,0.5212401348697617,0.43594190114373355
3028,0.3028,12,45,12,549384,56226,64478,43478,0.5208232983808219,0.43607076947765383
3029,0.3029,12,39,12,549423,56187,64490,43466,0.5204620400904072,0.4361735221217625
3030,0.303,17,36,17,549459,56151,64507,43449,0.5201285708992552,0.43623493975903616
3031,0.3031,11,41,11,549500,56110,64518,43438,0.5197487865426655,0.43635231245228434
3032,0.3032,13,39,13,549539,56071,64531,43425,0.5193875282522509,0.4364497065208652
3033,0.3033,16,34,16,549573,56037,64547,43409,0.519072585127274,0.43650825573678176
3034,0.3034,17,45,17,549618,55992,64564,43392,0.5186557486383342,0.4366095146099976
3035,0.3035,24,45,24,549663,55947,64588,43368,0.5182389121493942,0.43667119770427426
3036,0.3036,9,40,9,549703,55907,64597,43359,0.517868390825892,0.4367960832510628
3037,0.3037,19,51,19,549754,55856,64616,43340,0.5173959761384268,0.43691277874107826
3038,0.3038,22,39,22,549793,55817,64638,43318,0.5170347178480121,0.4369597014172593
3039,0.3039,20,40,20,549833,55777,64658,43298,0.51666419652451,0.43702245773403986
3040,0.304,18,51,18,549884,55726,64676,43280,0.5161917818370447,0.43714522352180674
3041,0.3041,18,36,18,549920,55690,64694,43262,0.5158583126458928,0.4372018756568841
3042,0.3042,23,35,23,549955,55655,64717,43239,0.5155341064878284,0.4372257164236455
3043,0.3043,16,48,16,550003,55607,64733,43223,0.5150894808996258,0.43734695942527574
3044,0.3044,24,35,24,550038,55572,64757,43199,0.5147652747415614,0.43736521853580507
3045,0.3045,22,46,22,550084,55526,64779,43177,0.5143391752195339,0.43744364406350367
3046,0.3046,11,40,11,550124,55486,64790,43166,0.5139686538960317,0.43755828569111627
3047,0.3047,21,43,21,550167,55443,64811,43145,0.5135703434732669,0.4376293260843105
3048,0.3048,22,37,22,550204,55406,64833,43123,0.5132276112490274,0.4376680977174233
3049,0.3049,15,31,15,550235,55375,64848,43108,0.5129404572233132,0.4377202156717403
3050,0.305,16,36,16,550271,55339,64864,43092,0.5126069880321612,0.43778890796598635
3051,0.3051,19,41,19,550312,55298,64883,43073,0.5122272036755715,0.43786278476380236
3052,0.3052,15,38,15,550350,55260,64898,43058,0.5118752084182445,0.43794625602636345
3053,0.3053,20,45,20,550395,55215,64918,43038,0.5114583719293045,0.43803242649079416
3054,0.3054,16,46,16,550441,55169,64934,43022,0.511032272407277,0.4381460622663992
3055,0.3055,16,46,16,550487,55123,64950,43006,0.5106061728852496,0.4382598416370288
3056,0.3056,10,44,10,550531,55079,64960,42996,0.5101985994293972,0.43839918429773134
3057,0.3057,20,33,20,550564,55046,64980,42976,0.5098929193375079,0.43843218869233436
3058,0.3058,17,41,17,550605,55005,64997,42959,0.5095131349809181,0.43851823118696664
3059,0.3059,22,46,22,550651,54959,65019,42937,0.5090870354588907,0.4385981041104846
3060,0.306,20,43,20,550694,54916,65039,42917,0.5086887250361258,0.43867611133257695
3061,0.3061,19,57,19,550751,54859,65058,42898,0.5081607321501352,0.4388227952985464
3062,0.3062,32,53,32,550804,54806,65090,42866,0.5076697913964948,0.43887705790810055
3063,0.3063,22,39,22,550843,54767,65112,42844,0.5073085331060803,0.43892594072389385
3064,0.3064,12,33,12,550876,54734,65124,42832,0.507002853014191,0.43900539122235205
3065,0.3065,22,41,22,550917,54693,65146,42810,0.5066230686576012,0.4390634134334328
3066,0.3066,21,47,21,550964,54646,65167,42789,0.5061877061024862,0.4391543080002053
3067,0.3067,12,36,12,551000,54610,65179,42777,0.5058542369113342,0.439247538172446
3068,0.3068,16,47,16,551047,54563,65195,42761,0.5054188743562192,0.43936747359335826
3069,0.3069,17,44,17,551091,54519,65212,42744,0.5050113009003668,0.43946824589000955
3070,0.307,10,44,10,551135,54475,65222,42734,0.5046037274445144,0.43960950117787445
3071,0.3071,22,66,22,551201,54409,65244,42712,0.5039923672607358,0.43978130373451674
3072,0.3072,19,47,19,551248,54362,65263,42693,0.5035570047056208,0.4398846015146051
3073,0.3073,18,46,18,551294,54316,65281,42675,0.5031309051835933,0.4399892773556309
3074,0.3074,15,38,15,551332,54278,65296,42660,0.5027789099262663,0.4400750995481648
3075,0.3075,20,50,20,551382,54228,65316,42640,0.5023157582718886,0.44018664574472477
3076,0.3076,25,44,25,551426,54184,65341,42615,0.5019081848160362,0.4402421512618932
3077,0.3077,9,39,9,551465,54145,65350,42606,0.5015469265256215,0.4403675414207605
3078,0.3078,16,48,16,551513,54097,65366,42590,0.5011023009374189,0.4404935513564388
3079,0.3079,14,54,14,551567,54043,65380,42576,0.500602097150691,0.440658669619847
3080,0.308,17,42,17,551609,54001,65397,42559,0.5002130497610138,0.44075186412593204
3081,0.3081,15,34,15,551643,53967,65412,42544,0.4998981066360369,0.44082021738454685
3082,0.3082,13,30,13,551673,53937,65425,42531,0.4996202156434103,0.44088195049135465
3083,0.3083,16,31,16,551704,53906,65441,42515,0.4993330616176961,0.44093091753871044
3084,0.3084,17,48,17,551752,53858,65458,42498,0.4988884360294935,0.4410519324172859
3085,0.3085,14,35,14,551787,53823,65472,42484,0.4985642298714291,0.44113096659640527
3086,0.3086,10,43,10,551830,53780,65482,42474,0.4981659194486643,0.44126997319591915
3087,0.3087,18,39,18,551869,53741,65500,42456,0.4978046611582497,0.4413443246670894
3088,0.3088,23,45,23,551914,53696,65523,42433,0.4973878246693097,0.44141726222055777
3089,0.3089,19,40,19,551954,53656,65542,42414,0.49701730334580757,0.44149057978557305
3090,0.309,15,39,15,551993,53617,65557,42399,0.49665604505539296,0.4415826528911848
3091,0.3091,9,40,9,552033,53577,65566,42390,0.4962855237318908,0.4417143393041358
3092,0.3092,17,36,17,552069,53541,65583,42373,0.4959520545407388,0.4417811789728298
3093,0.3093,11,44,11,552113,53497,65594,42362,0.4955444810848864,0.4419199031911453
3094,0.3094,22,43,22,552156,53454,65616,42340,0.49514617066212163,0.4419901037643276
3095,0.3095,12,32,12,552188,53422,65628,42328,0.4948497536033199,0.44206788511749345
3096,0.3096,11,35,11,552223,53387,65639,42317,0.49452554744525545,0.442165426732425
3097,0.3097,15,46,15,552269,53341,65654,42302,0.49409944792322796,0.44229060150769006
3098,0.3098,17,43,17,552312,53298,65671,42285,0.4937011375004631,0.4423903832271429
3099,0.3099,15,46,15,552358,53252,65686,42270,0.49327503797843564,0.4425158602206821
3100,0.31,18,51,18,552409,53201,65704,42252,0.4928026232909704,0.44264716666841275
3101,0.3101,19,38,19,552447,53163,65723,42233,0.4924506280336433,0.4427124827036773
3102,0.3102,17,39,17,552486,53124,65740,42216,0.4920893697432287,0.44279421019509124
3103,0.3103,26,40,26,552526,53084,65766,42190,0.4917188484197266,0.4428280538237085
3104,0.3104,20,38,20,552564,53046,65786,42170,0.4913668531623995,0.44288774995799024
3105,0.3105,18,21,18,552585,53025,65804,42152,0.49117232946756084,0.44288010758901836
3106,0.3106,17,55,17,552640,52970,65821,42135,0.4906628626477454,0.4430366437095841
3107,0.3107,21,30,21,552670,52940,65842,42114,0.49038497165511874,0.4430534222652387
3108,0.3108,13,46,13,552716,52894,65855,42101,0.48995887213309125,0.44319174693404917
3109,0.3109,17,34,17,552750,52860,65872,42084,0.48964392900811443,0.44325075834175937
3110,0.311,17,33,17,552783,52827,65889,42067,0.4893382489162251,0.4433051615486754
3111,0.3111,26,46,26,552829,52781,65915,42041,0.48891214939419764,0.4433675729261142
3112,0.3112,16,38,16,552867,52743,65931,42025,0.4885601541368706,0.443451375991896
3113,0.3113,19,35,19,552902,52708,65950,42006,0.4882359479788062,0.4435036003125198
3114,0.3114,17,48,17,552950,52660,65967,41989,0.4877913223906036,0.4436285644856258
3115,0.3115,19,44,19,552994,52616,65986,41970,0.48738374893475117,0.4437231725625357
3116,0.3116,17,36,17,553030,52580,66003,41953,0.48705027974359927,0.44379211492283116
3117,0.3117,20,42,20,553072,52538,66023,41933,0.48666123235392195,0.4438716643202676
3118,0.3118,23,42,23,553114,52496,66046,41910,0.4862721849642447,0.44393364828506665
3119,0.3119,21,46,21,553160,52450,66067,41889,0.4858460854422172,0.44402633057378177
3120,0.312,32,41,32,553201,52409,66099,41857,0.4854663010856275,0.44403072157511725
3121,0.3121,12,46,12,553247,52363,66111,41845,0.4850402015636,0.44417671535326086
3122,0.3122,13,39,13,553286,52324,66124,41832,0.4846789432731854,0.4442839542886274
3123,0.3123,18,48,18,553334,52276,66142,41814,0.48423431768498276,0.44440429376129237
3124,0.3124,18,44,18,553378,52232,66160,41796,0.4838267442291304,0.44450589186199857
3125,0.3125,17,41,17,553419,52191,66177,41779,0.48344695987254066,0.4445993402149622
3126,0.3126,20,36,20,553455,52155,66197,41759,0.4831134906813887,0.44465148966075346
3127,0.3127,21,43,21,553498,52112,66218,41738,0.48271518025862387,0.4447309536494406
3128,0.3128,17,27,17,553525,52085,66235,41721,0.4824650783652599,0.4447583310236019
3129,0.3129,17,41,17,553566,52044,66252,41704,0.4820852940086702,0.4448521568460127
3130,0.313,18,47,18,553613,51997,66270,41686,0.48164993145355517,0.44496867094350095
3131,0.3131,13,43,13,553656,51954,66283,41673,0.48125162103079033,0.44509596590727035
3132,0.3132,17,40,17,553696,51914,66300,41656,0.48088109970728815,0.4451854226782088
3133,0.3133,19,42,19,553738,51872,66319,41637,0.4804920523176109,0.445272647552642
3134,0.3134,18,33,18,553771,51839,66337,41619,0.4801863722257216,0.4453230328061803
3135,0.3135,21,32,21,553803,51807,66358,41598,0.47988995516691985,0.44535089127991007
3136,0.3136,20,37,20,553840,51770,66378,41578,0.4795472229426804,0.4454085786519261
3137,0.3137,23,26,23,553866,51744,66401,41555,0.47930638408240395,0.4453959849516072
3138,0.3138,19,46,19,553912,51698,66420,41536,0.47888028456037646,0.4455027136023339
3139,0.3139,20,35,20,553947,51663,66440,41516,0.47855607840231207,0.4455510361776795
3140,0.314,8,37,8,553984,51626,66448,41508,0.47821334617807254,0.4456804174630103
3141,0.3141,12,39,12,554023,51587,66460,41496,0.47785208788765793,0.44579568771956213
3142,0.3142,16,33,16,554056,51554,66476,41480,0.4775464077957686,0.4458585033428639
3143,0.3143,16,35,16,554091,51519,66492,41464,0.47722220163770424,0.4459309766301367
3144,0.3144,13,41,13,554132,51478,66505,41451,0.47684241728111454,0.4460502103756631
3145,0.3145,14,45,14,554177,51433,66519,41437,0.47642558079217456,0.44618283622267685
3146,0.3146,13,38,13,554215,51395,66532,41424,0.4760735855348475,0.44628793673709044
3147,0.3147,16,38,16,554253,51357,66548,41408,0.4757215902775205,0.4463752492858298
3148,0.3148,12,34,12,554287,51323,66560,41396,0.4754066471525436,0.44646728286543214
3149,0.3149,13,38,13,554325,51285,66573,41383,0.47505465189521656,0.44657271118401176
3150,0.315,15,29,15,554354,51256,66588,41368,0.4747860239356775,0.44662290551045086
3151,0.3151,16,31,16,554385,51225,66604,41352,0.4744988699099633,0.44667682037655143
3152,0.3152,15,38,15,554423,51187,66619,41337,0.4741468746526363,0.44677056763650513
3153,0.3153,17,38,17,554461,51149,66636,41320,0.4737948793953092,0.44685245866182177
3154,0.3154,20,52,20,554513,51097,66656,41300,0.4733132016747564,0.44698420944402956
3155,0.3155,16,38,16,554551,51059,66672,41284,0.47296120641742934,0.4470723281678091
3156,0.3156,18,49,18,554600,51010,66690,41266,0.4725073177961392,0.44720187264294076
3157,0.3157,11,34,11,554634,50976,66701,41255,0.4721923746711623,0.44730079908056947
3158,0.3158,24,43,24,554677,50933,66725,41231,0.4717940642483975,0.44736556573065406
3159,0.3159,14,44,14,554721,50889,66739,41217,0.47138649079254513,0.4474952771806397
3160,0.316,20,33,20,554754,50856,66759,41197,0.4710808107006558,0.4475356588052535
3161,0.3161,17,48,17,554802,50808,66776,41180,0.4706361851124532,0.44766708701134933
3162,0.3162,21,41,21,554843,50767,66797,41159,0.4702564007558635,0.4477405739399082
3163,0.3163,18,50,18,554893,50717,66815,41141,0.4697932491014858,0.44787606958566484
3164,0.3164,19,36,19,554929,50681,66834,41122,0.46945977991033383,0.44793743123863056
3165,0.3165,10,46,10,554975,50635,66844,41112,0.46903368038830634,0.44810184529194413
3166,0.3166,14,40,14,555015,50595,66858,41098,0.46866315906480416,0.4482130587940192
3167,0.3167,15,42,15,555057,50553,66873,41083,0.4682741116751269,0.4483281679689205
3168,0.3168,7,38,7,555095,50515,66880,41076,0.46792211641779985,0.44847201144217225
3169,0.3169,10,42,10,555137,50473,66890,41066,0.4675330690281226,0.4486175291405849
3170,0.317,16,43,16,555180,50430,66906,41050,0.46713475860535775,0.44873196327066023
3171,0.3171,10,30,10,555210,50400,66916,41040,0.4668568676127311,0.44881889763779526
3172,0.3172,17,31,17,555241,50369,66933,41023,0.46656971358701693,0.4488686099439776
3173,0.3173,15,33,15,555274,50336,66948,41008,0.4662640334951276,0.4489402697495183
3174,0.3174,17,37,17,555311,50299,66965,40991,0.46592130127088816,0.44901960784313727
3175,0.3175,18,40,18,555351,50259,66983,40973,0.465550779947386,0.44910776920378814
3176,0.3176,14,36,14,555387,50223,66997,40959,0.465217310756234,0.4492005000987037
3177,0.3177,12,40,12,555427,50183,67009,40947,0.46484678943273183,0.44932513991001866
3178,0.3178,16,38,16,555465,50145,67025,40931,0.4644947941754048,0.44941587245816683
3179,0.3179,11,31,11,555496,50114,67036,40920,0.4642076401496906,0.4495023837247622
3180,0.318,14,40,14,555536,50074,67050,40906,0.46383711882618844,0.4496153000659486
3181,0.3181,16,37,16,555573,50037,67066,40890,0.4634943866019489,0.44970140882246196
3182,0.3182,9,38,9,555611,49999,67075,40881,0.4631423913446219,0.4498349471830986
3183,0.3183,7,30,7,555641,49969,67082,40874,0.4628645003519953,0.4499411071849234
3184,0.3184,16,30,16,555671,49939,67098,40858,0.46258660935936863,0.4499928411731665
3185,0.3185,22,47,22,555718,49892,67120,40836,0.46215124680425357,0.45009258442818095
3186,0.3186,17,36,17,555754,49856,67137,40819,0.4618177776131016,0.4501681830714089
3187,0.3187,17,26,17,555780,49830,67154,40802,0.46157693875282524,0.45019419189690174
3188,0.3188,16,36,16,555816,49794,67170,40786,0.4612434695616733,0.4502759991168028
3189,0.3189,23,38,23,555854,49756,67193,40763,0.46089147430434624,0.45032534605994323
3190,0.319,20,42,20,555896,49714,67213,40743,0.4605024269146689,0.4504129033684513
3191,0.3191,9,42,9,555938,49672,67222,40734,0.46011337952499165,0.4505674402141451
3192,0.3192,21,42,21,555980,49630,67243,40713,0.4597243321353144,0.45064919252183344
3193,0.3193,17,39,17,556019,49591,67260,40696,0.45936307384489977,0.45074041667128156
3194,0.3194,18,37,18,556056,49554,67278,40678,0.45902034162066024,0.45081567514850607
3195,0.3195,19,33,19,556089,49521,67297,40659,0.458714661528771,0.4508649367930805
3196,0.3196,14,38,14,556127,49483,67311,40645,0.4583626662714439,0.450969731936801
3197,0.3197,16,30,16,556157,49453,67327,40629,0.4580847752788173,0.4510224018116827
3198,0.3198,14,43,14,556200,49410,67341,40615,0.45768646485605247,0.4511524576506526
3199,0.3199,11,41,11,556241,49369,67352,40604,0.45730668049946277,0.4512909428384071
3200,0.32,14,50,14,556291,49319,67366,40590,0.45684352884508506,0.45145647265568517
3201,0.3201,19,42,19,556333,49277,67385,40571,0.45645448145540773,0.4515515092155641
3202,0.3202,15,45,15,556378,49232,67400,40556,0.4560376449664678,0.4516861941462111
3203,0.3203,15,47,15,556425,49185,67415,40541,0.45560228241135275,0.4518311303301161
3204,0.3204,13,32,13,556457,49153,67428,40528,0.455305865352551,0.45191289124786743
3205,0.3205,13,35,13,556492,49118,67441,40515,0.45498165919448663,0.45200986243905705
3206,0.3206,13,41,13,556533,49077,67454,40502,0.45460187483789694,0.452137219660858
3207,0.3207,12,37,12,556570,49040,67466,40490,0.4542591426136574,0.45225064224282363
3208,0.3208,13,40,13,556610,49000,67479,40477,0.4538886212901552,0.45237323558009324
3209,0.3209,19,42,19,556652,48958,67498,40458,0.45349957390047796,0.4524693567146819
3210,0.321,18,32,18,556684,48926,67516,40440,0.4532031568416762,0.4525210930331446
3211,0.3211,15,39,15,556723,48887,67531,40425,0.4528418985512616,0.4526267466857757
3212,0.3212,21,31,21,556754,48856,67552,40404,0.45255474452554745,0.45265516468743
3213,0.3213,24,35,24,556789,48821,67576,40380,0.45223053836748306,0.4526855080099999
3214,0.3214,19,37,19,556826,48784,67595,40361,0.45188780614324353,0.45275674462953613
3215,0.3215,19,29,19,556855,48755,67614,40342,0.45161917818370445,0.4527874114728891
3216,0.3216,18,48,18,556903,48707,67632,40324,0.4511745525955019,0.4529208927227595
3217,0.3217,8,44,8,556947,48663,67640,40316,0.45076697913964947,0.4530956742602187
3218,0.3218,13,37,13,556984,48626,67653,40303,0.45042424691541,0.4532042415859843
3219,0.3219,15,30,15,557014,48596,67668,40288,0.45014635592278335,0.4532649295711264
3220,0.322,19,40,19,557054,48556,67687,40269,0.44977583459928117,0.4533520968195891
3221,0.3221,21,21,21,557075,48535,67708,40248,0.44958131090444253,0.4533300293975198
3222,0.3222,25,35,25,557110,48500,67733,40223,0.44925710474637814,0.4533548234392435
3223,0.3223,13,34,13,557144,48466,67746,40210,0.4489421616214013,0.45344850917948487
3224,0.3224,12,46,12,557190,48420,67758,40198,0.44851606209937384,0.45360987609740683
3225,0.3225,21,39,21,557229,48381,67779,40177,0.4481548038089592,0.45368007407574695
3226,0.3226,10,33,10,557262,48348,67789,40167,0.4478491237170699,0.45378749364514487
3227,0.3227,23,32,23,557294,48316,67812,40144,0.4475527066582682,0.45380963147185166
3228,0.3228,14,39,14,557333,48277,67826,40130,0.4471914483678536,0.45392333186286155
3229,0.3229,12,35,12,557368,48242,67838,40118,0.4468672422097892,0.4540289723856949
3230,0.323,15,45,15,557413,48197,67853,40103,0.4464504057208492,0.45416761041902604
3231,0.3231,20,31,20,557444,48166,67873,40083,0.44616325169513504,0.45420344706455595
3232,0.3232,15,39,15,557483,48127,67888,40068,0.44580199340472043,0.4543114689041329
3233,0.3233,19,27,19,557510,48100,67907,40049,0.4455518915113565,0.45433300434491597
3234,0.3234,13,33,13,557543,48067,67920,40036,0.4452462114194672,0.4544226643814626
3235,0.3235,17,48,17,557591,48019,67937,40019,0.4448015858312646,0.4545650741725164
3236,0.3236,14,37,14,557628,47982,67951,40005,0.4444588536070251,0.45466943980360736
3237,0.3237,11,28,11,557656,47954,67962,39994,0.4441994886805736,0.4547459862646109
3238,0.3238,14,34,14,557690,47920,67976,39980,0.4438845455555967,0.45483503981797496
3239,0.3239,17,37,17,557727,47883,67993,39963,0.4435418133313572,0.45492111194590534
3240,0.324,19,32,19,557759,47851,68012,39944,0.4432453962725555,0.4549689617859787
3241,0.3241,11,34,11,557793,47817,68023,39933,0.4429304531475786,0.4550769230769231
3242,0.3242,20,28,20,557821,47789,68043,39913,0.4426710882211271,0.45509794531481607
3243,0.3243,15,36,15,557857,47753,68058,39898,0.44233761902997515,0.4551916121892505
3244,0.3244,13,25,13,557882,47728,68071,39885,0.44210604320278635,0.45524066063255453
3245,0.3245,21,42,21,557924,47686,68092,39864,0.441716995813109,0.45532838378069673
3246,0.3246,12,28,12,557952,47658,68104,39852,0.4414576308866575,0.4553993829276654
3247,0.3247,13,37,13,557989,47621,68117,39839,0.44111489866241804,0.4555110907843586
3248,0.3248,20,24,20,558013,47597,68137,39819,0.4408925858683167,0.4555115768280406
3249,0.3249,13,41,13,558054,47556,68150,39806,0.440512801511727,0.4556443304869394
3250,0.325,23,40,23,558094,47516,68173,39783,0.4401422801882248,0.4557096873961901
3251,0.3251,20,42,20,558136,47474,68193,39763,0.43975323279854756,0.455804303219964
3252,0.3252,19,36,19,558172,47438,68212,39744,0.4394197636073956,0.4558739189282191
3253,0.3253,21,29,21,558201,47409,68233,39723,0.4391511356478565,0.45589450488913374
3254,0.3254,21,35,21,558236,47374,68254,39702,0.43882692948979213,0.4559465294685103
3255,0.3255,15,35,15,558271,47339,68269,39687,0.43850272333172774,0.4560361271344196
3256,0.3256,11,28,11,558299,47311,68280,39676,0.43824335840527623,0.4561141319967351
3257,0.3257,16,36,16,558335,47275,68296,39660,0.43790988921412427,0.45620291022027953
3258,0.3258,14,36,14,558371,47239,68310,39646,0.4375764200229723,0.45630431029521784
3259,0.3259,14,38,14,558409,47201,68324,39632,0.43722442476564527,0.4564163394101321
3260,0.326,16,37,16,558446,47164,68340,39616,0.43688169254140574,0.4565107167550127
3261,0.3261,16,30,16,558476,47134,68356,39600,0.43660380154877915,0.4565683584292204
3262,0.3262,16,39,16,558515,47095,68372,39584,0.43624254325836453,0.4566734733903252
3263,0.3263,18,44,18,558559,47051,68390,39566,0.43583496980251213,0.45679254649780066
3264,0.3264,13,34,13,558593,47017,68403,39553,0.4355200266775353,0.4568903777290054
3265,0.3265,19,43,19,558636,46974,68422,39534,0.4351217162547705,0.4569981966985712
3266,0.3266,19,41,19,558677,46933,68441,39515,0.4347419318981807,0.4570955950397927
3267,0.3267,15,31,15,558708,46902,68456,39500,0.43445477787246656,0.45716534339482884
3268,0.3268,17,41,17,558749,46861,68473,39483,0.43407499351587686,0.457275548966923
3269,0.3269,17,32,17,558781,46829,68490,39466,0.4337785764570751,0.45733820035923284
3270,0.327,17,34,17,558815,46795,68507,39449,0.43346363333209825,0.45741153007745466
3271,0.3271,21,46,21,558861,46749,68528,39428,0.43303753381007076,0.4575234691390974
3272,0.3272,18,30,18,558891,46719,68546,39410,0.43275964281744417,0.4575694597638426
3273,0.3273,15,33,15,558924,46686,68561,39395,0.43245396272555486,0.4576503525749004
3274,0.3274,13,32,13,558956,46654,68574,39382,0.43215754566675313,0.45773862104235435
3275,0.3275,17,28,17,558984,46626,68591,39365,0.4318981807403016,0.4577804653975416
3276,0.3276,15,40,15,559024,46586,68606,39350,0.43152765941679944,0.45789890150809903
3277,0.3277,22,38,22,559062,46548,68628,39328,0.4311756641594724,0.457962643812008
3278,0.3278,13,37,13,559099,46511,68641,39315,0.43083293193523287,0.45807797171020437
3279,0.3279,12,29,12,559128,46482,68653,39303,0.4305643039756938,0.45815702045812207
3280,0.328,14,24,14,559152,46458,68667,39289,0.4303419911815925,0.45819678822582716
3281,0.3281,14,37,14,559189,46421,68681,39275,0.42999925895735297,0.4583061053024645
3282,0.3282,15,49,15,559238,46372,68696,39260,0.4295453703360628,0.45847346786248133
3283,0.3283,17,32,17,559270,46340,68713,39243,0.4292489532772611,0.4585373263381746
3284,0.3284,13,43,13,559313,46297,68726,39230,0.42885064285449626,0.4586855612847405
3285,0.3285,9,40,9,559353,46257,68735,39221,0.42848012153099413,0.4588432111186504
3286,0.3286,14,34,14,559387,46223,68749,39207,0.42816517840601725,0.4589371415193726
3287,0.3287,15,26,15,559413,46197,68764,39192,0.4279243395457409,0.45898183606787757
3288,0.3288,15,45,15,559458,46152,68779,39177,0.4275075030568009,0.4591287838835566
3289,0.3289,19,34,19,559492,46118,68798,39158,0.4271925599318241,0.4591913316759698
3290,0.329,11,32,11,559524,46086,68809,39147,0.42689614287302236,0.45929393544753794
3291,0.3291,13,30,13,559554,46056,68822,39134,0.4266182518803957,0.4593731658645381
3292,0.3292,23,27,23,559581,46029,68845,39111,0.42636814998703176,0.45937279774489076
3293,0.3293,16,32,16,559613,45997,68861,39095,0.42607173292823003,0.4594438960184271
3294,0.3294,14,26,14,559639,45971,68875,39081,0.4258308940679536,0.459495367539858
3295,0.3295,16,33,16,559672,45938,68891,39065,0.4255252139760643,0.45957201510534923
3296,0.3296,14,36,14,559708,45902,68905,39051,0.4251917447849124,0.4596777041422904
3297,0.3297,16,41,16,559749,45861,68921,39035,0.42481196042832264,0.45979787033546926
3298,0.3298,15,50,15,559799,45811,68936,39020,0.42434880877394493,0.45997335879572326
3299,0.3299,19,19,19,559818,45792,68955,39001,0.42417281114528144,0.4599554208484191
3300,0.33,16,28,16,559846,45764,68971,38985,0.42391344621882987,0.4600054277926583
3301,0.3301,18,44,18,559890,45720,68989,38967,0.4235058727629775,0.46012965390201566
3302,0.3302,18,32,18,559922,45688,69007,38949,0.4232094557041758,0.4601888063140234
3303,0.3303,13,31,13,559953,45657,69020,38936,0.4229223016784616,0.46027449079711086
3304,0.3304,11,25,11,559978,45632,69031,38925,0.42269072585127276,0.4603403621225919
3305,0.3305,12,34,12,560012,45598,69043,38913,0.4223757827262959,0.4604489356415141
3306,0.3306,17,42,17,560054,45556,69060,38896,0.4219867353366186,0.46056931748212004
3307,0.3307,11,28,11,560082,45528,69071,38885,0.4217273704101671,0.4606517953395804
3308,0.3308,19,40,19,560122,45488,69090,38866,0.42135684908666493,0.46074874931834886
3309,0.3309,11,44,11,560166,45444,69101,38855,0.4209492756308126,0.46091887210998944
3310,0.331,12,44,12,560210,45400,69113,38843,0.4205417021749602,0.46108281993756156
3311,0.3311,18,31,18,560241,45369,69131,38825,0.420254548149246,0.4611373732094924
3312,0.3312,15,32,15,560273,45337,69146,38810,0.4199581310904443,0.4612166803332264
3313,0.3313,20,39,20,560312,45298,69166,38790,0.41959687280002966,0.46130244505755874
3314,0.3314,14,33,14,560345,45265,69180,38776,0.41929119270814036,0.46139384348115803
3315,0.3315,11,33,11,560378,45232,69191,38765,0.41898551261625105,0.46150457754443613
3316,0.3316,16,39,16,560417,45193,69207,38749,0.41862425432583644,0.4616163541492936
3317,0.3317,20,35,20,560452,45158,69227,38729,0.41830004816777205,0.4616805941325831
3318,0.3318,13,38,13,560490,45120,69240,38716,0.417948052910445,0.4618063838923613
3319,0.3319,11,38,11,560528,45082,69251,38705,0.4175960576531179,0.4619451704918424
3320,0.332,28,30,28,560558,45052,69279,38677,0.4173181666604913,0.46193075278577317
3321,0.3321,17,23,17,560581,45029,69296,38660,0.41710511689947755,0.46194840421082817
3322,0.3322,20,30,20,560611,44999,69316,38640,0.41682722590685095,0.46198543741555975
3323,0.3323,17,37,17,560648,44962,69333,38623,0.4164844936826114,0.4620805168391458
3324,0.3324,15,41,15,560689,44921,69348,38608,0.4161047093260217,0.46221072920782
3325,0.3325,12,24,12,560713,44897,69360,38596,0.41588239653192044,0.46226629777346606
3326,0.3326,16,43,16,560756,44854,69376,38580,0.4154840861091556,0.46240141908574445
3327,0.3327,20,32,20,560788,44822,69396,38560,0.41518766905035387,0.46244992924132305
3328,0.3328,22,34,22,560822,44788,69418,38538,0.414872725925377,0.46249669970957447
3329,0.3329,17,43,17,560865,44745,69435,38521,0.41447441550261216,0.46262580164773137
3330,0.333,10,38,10,560903,44707,69445,38511,0.4141224202452851,0.4627724771083179
3331,0.3331,16,22,16,560925,44685,69461,38495,0.4139186335173589,0.46279153642702575
3332,0.3332,12,40,12,560965,44645,69473,38483,0.41354811219385673,0.46293667596958904
3333,0.3333,12,37,12,561002,44608,69485,38471,0.41320537996961726,0.4630652752199714
3334,0.3334,12,45,12,561047,44563,69497,38459,0.41278854348067734,0.4632386596323866
3335,0.3335,13,37,13,561084,44526,69510,38446,0.4124458112564378,0.4633611338764885
3336,0.3336,21,29,21,561113,44497,69531,38425,0.41217718329689873,0.46338727961216564
3337,0.3337,6,26,6,561139,44471,69537,38419,0.4119363444366223,0.4634937869465557
3338,0.3338,8,34,8,561173,44437,69545,38411,0.4116214013116455,0.4636321938972576
3339,0.3339,17,31,17,561204,44406,69562,38394,0.4113342472859313,0.46369565217391306
3340,0.334,15,34,15,561238,44372,69577,38379,0.41101930416095445,0.4637889572331452
3341,0.3341,16,35,16,561273,44337,69593,38363,0.41069509800289006,0.4638814993954051
3342,0.3342,20,35,20,561308,44302,69613,38343,0.41037089184482567,0.46394821223304494
3343,0.3343,12,33,12,561341,44269,69625,38331,0.41006521175293636,0.46405569007263925
3344,0.3344,17,37,17,561378,44232,69642,38314,0.4097224795286969,0.46415332057277153
3345,0.3345,22,33,22,561411,44199,69664,38292,0.4094167994368076,0.46419609411935847
3346,0.3346,12,34,12,561445,44165,69676,38280,0.40910185631183077,0.46430953969312877
3347,0.3347,18,33,18,561478,44132,69694,38262,0.40879617621994147,0.46437847416073985
3348,0.3348,11,24,11,561502,44108,69705,38251,0.4085738634258402,0.46444225889095303
3349,0.3349,12,36,12,561538,44072,69717,38239,0.4082403942346882,0.4645673117809284
3350,0.335,20,34,20,561572,44038,69737,38219,0.40792545110971135,0.4646291501027268
3351,0.3351,10,36,10,561608,44002,69747,38209,0.4075919819185594,0.4647674885355974
3352,0.3352,17,28,17,561636,43974,69764,38192,0.4073326169921079,0.4648151303458852
3353,0.3353,23,38,23,561674,43936,69787,38169,0.40698062173478083,0.4648803361549236
3354,0.3354,11,34,11,561708,43902,69798,38158,0.406665678609804,0.4650012186205216
3355,0.3355,7,32,7,561740,43870,69805,38151,0.4063692615510023,0.46513697711561675
3356,0.3356,15,42,15,561782,43828,69820,38136,0.40598021416132496,0.4652774388756039
3357,0.3357,13,33,13,561815,43795,69833,38123,0.4056745340694357,0.46538001416050195
3358,0.3358,22,34,22,561849,43761,69855,38101,0.40535959094445884,0.46542962546724975
3359,0.3359,14,40,14,561889,43721,69869,38087,0.4049890696209567,0.465565714844514
3360,0.336,15,35,15,561924,43686,69884,38072,0.40466486346289227,0.46566696837006777
3361,0.3361,12,33,12,561957,43653,69896,38060,0.404359183371003,0.4657765594213895
3362,0.3362,25,30,25,561987,43623,69921,38035,0.40408129237837637,0.4657841240294888
3363,0.3363,6,38,6,562025,43585,69927,38029,0.4037292971210493,0.46596172225353494
3364,0.3364,13,37,13,562062,43548,69940,38016,0.4033865648968098,0.4660879799911726
3365,0.3365,11,29,11,562091,43519,69951,38005,0.4031179369372707,0.4661817378931358
3366,0.3366,7,32,7,562123,43487,69958,37998,0.402821519878469,0.4663189544087869
3367,0.3367,18,38,18,562161,43449,69976,37980,0.40246952462114194,0.4664185977968537
3368,0.3368,15,30,15,562191,43419,69991,37965,0.40219163362851534,0.46649218519610736
3369,0.3369,16,34,16,562225,43385,70007,37949,0.40187669050353847,0.46658224112917107
3370,0.337,11,29,11,562254,43356,70018,37938,0.4016080625439994,0.4666765074913278
3371,0.3371,13,43,13,562297,43313,70031,37925,0.40120975212123455,0.4668381791772323
3372,0.3372,10,27,10,562324,43286,70041,37915,0.4009596502278706,0.4669277471952316
3373,0.3373,12,31,12,562355,43255,70053,37903,0.40067249620215645,0.46702728012025924
3374,0.3374,16,25,16,562380,43230,70069,37887,0.4004409203749676,0.46706608972225305
3375,0.3375,15,25,15,562405,43205,70084,37872,0.40020934454777873,0.46711151127940104
3376,0.3376,15,26,15,562431,43179,70099,37857,0.3999685056875023,0.46716274248482154
3377,0.3377,16,32,16,562463,43147,70115,37841,0.3996720886287006,0.4672420605521806
3378,0.3378,20,39,20,562502,43108,70135,37821,0.39931083033828596,0.4673355657428116
3379,0.3379,22,28,22,562530,43080,70157,37799,0.39905146541183445,0.46735246479308595
3380,0.338,13,20,13,562550,43060,70170,37786,0.3988662047500834,0.46738243079434977
3381,0.3381,13,40,13,562590,43020,70183,37773,0.3984956834265812,0.4675281274367829
3382,0.3382,17,37,17,562627,42983,70200,37756,0.3981529512023417,0.4676302654231536
3383,0.3383,9,30,9,562657,42953,70209,37747,0.3978750602097151,0.4677447335811648
3384,0.3384,14,30,14,562687,42923,70223,37733,0.39759716921708843,0.4678263241420353
3385,0.3385,22,26,22,562713,42897,70245,37711,0.39735633035681206,0.46783197697499007
3386,0.3386,18,31,18,562744,42866,70263,37693,0.39706917633109784,0.46789309698481857
3387,0.3387,16,40,16,562784,42826,70279,37677,0.3966986550075957,0.4680198253481237
3388,0.3388,13,36,13,562820,42790,70292,37664,0.39636518581644375,0.46814328684714246
3389,0.3389,20,34,20,562854,42756,70312,37644,0.3960502426914669,0.4682089552238806
3390,0.339,15,36,15,562890,42720,70327,37629,0.3957167735003149,0.468319456371579
3391,0.3391,27,33,27,562923,42687,70354,37602,0.3954110934084257,0.468333146508239
3392,0.3392,16,29,16,562952,42658,70370,37586,0.3951424654488866,0.46839639100742736
3393,0.3393,16,32,16,562984,42626,70386,37570,0.39484604839008486,0.46847723078457776
3394,0.3394,13,41,13,563025,42585,70399,37557,0.3944662640334951,0.4686306805420379
3395,0.3395,16,24,16,563049,42561,70415,37541,0.3942439512393938,0.4686649521859629
3396,0.3396,13,38,13,563087,42523,70428,37528,0.3938919559820668,0.46880113927371303
3397,0.3397,21,28,21,563115,42495,70449,37507,0.39363259105561527,0.4688257793555161
3398,0.3398,19,35,19,563150,42460,70468,37488,0.3933083848975509,0.468904788112273
3399,0.3399,11,31,11,563181,42429,70479,37477,0.39302123087183666,0.46901359096938905
3400,0.34,13,32,13,563213,42397,70492,37464,0.3927248138130349,0.4691150874644695
3401,0.3401,17,35,17,563248,42362,70509,37447,0.39240060765497053,0.46920773346364447
3402,0.3402,14,25,14,563273,42337,70523,37433,0.3921690318277817,0.46926162717813713
3403,0.3403,18,36,18,563309,42301,70541,37415,0.3918355626366297,0.4693537056550755
3404,0.3404,15,31,15,563340,42270,70556,37400,0.39154840861091555,0.46943642525417345
3405,0.3405,22,35,22,563375,42235,70578,37378,0.39122420245285117,0.46949618780852376
3406,0.3406,18,34,18,563409,42201,70596,37360,0.3909092593278743,0.4695768027048428
3407,0.3407,22,34,22,563443,42167,70618,37338,0.3905943162028975,0.4696308408276209
3408,0.3408,27,22,27,563465,42145,70645,37311,0.39039052947497127,0.46958064840918246
3409,0.3409,14,26,14,563491,42119,70659,37297,0.3901496906146949,0.4696408784124106
3410,0.341,17,37,17,563528,42082,70676,37280,0.38980695839045537,0.46974622615357475
3411,0.3411,10,29,10,563557,42053,70686,37270,0.3895383304309163,0.46985111506120547
3412,0.3412,16,28,16,563585,42025,70702,37254,0.3892789655044648,0.4699100644559089
3413,0.3413,10,28,10,563613,41997,70712,37244,0.38901960057801327,0.47000921240267035
3414,0.3414,15,36,15,563649,41961,70727,37229,0.3886861313868613,0.4701224902134108
3415,0.3415,18,34,18,563683,41927,70745,37211,0.3883711882618845,0.47020394753468625
3416,0.3416,13,25,13,563708,41902,70758,37198,0.38813961243469564,0.4702654867256637
3417,0.3417,19,29,19,563737,41873,70777,37179,0.38787098447515655,0.4703106815766837
3418,0.3418,17,35,17,563772,41838,70794,37162,0.38754677831709217,0.47040506329113924
3419,0.3419,18,32,18,563804,41806,70812,37144,0.38725036125829043,0.4704749841671944
3420,0.342,14,28,14,563832,41778,70826,37130,0.3869909963318389,0.47054797992598973
3421,0.3421,23,34,23,563866,41744,70849,37107,0.38667605320686205,0.47059644138945605
3422,0.3422,16,36,16,563902,41708,70865,37091,0.3863425840157101,0.47070394294343837
3423,0.3423,19,28,19,563930,41680,70884,37072,0.3860832190892586,0.4707436001625356
3424,0.3424,18,34,18,563964,41646,70902,37054,0.38576827596428176,0.4708259212198221
3425,0.3425,11,30,11,563994,41616,70913,37043,0.3854903849716551,0.47093148908580074
3426,0.3426,18,31,18,564025,41585,70931,37025,0.38520323094594094,0.47099605648136367
3427,0.3427,16,21,16,564046,41564,70947,37009,0.3850087072511023,0.47101421607931476
3428,0.3428,24,28,24,564074,41536,70971,36985,0.3847493423246508,0.47102049133352863
3429,0.3429,12,24,12,564098,41512,70983,36973,0.38452702953054946,0.4710836465566669
3430,0.343,24,33,24,564131,41479,71007,36949,0.3842213494386602,0.4711200081603509
3431,0.3431,9,18,9,564149,41461,71016,36940,0.38405461484308423,0.47116745959872963
3432,0.3432,20,35,20,564184,41426,71036,36920,0.38373040868501984,0.4712429479488423
3433,0.3433,17,44,17,564228,41382,71053,36903,0.38332283522916744,0.4713929871622916
3434,0.3434,13,26,13,564254,41356,71066,36890,0.383081996368891,0.47146179996421544
3435,0.3435,9,38,9,564292,41318,71075,36881,0.38273000111156397,0.4716300719958056
3436,0.3436,15,47,15,564339,41271,71090,36866,0.3822946385564489,0.4718123296261694
3437,0.3437,12,27,12,564366,41244,71102,36854,0.38204453666308497,0.47189428666547156
3438,0.3438,18,41,18,564407,41203,71120,36836,0.3816647523064952,0.4720204000563821
3439,0.3439,10,38,10,564445,41165,71130,36826,0.38131275704916817,0.47218268774602196
3440,0.344,17,26,17,564471,41139,71147,36809,0.38107191818889175,0.4722250731256735
3441,0.3441,11,31,11,564502,41108,71158,36798,0.3807847641631776,0.47233845916874184
3442,0.3442,15,29,15,564531,41079,71173,36783,0.3805161362036385,0.47241273021499575
3443,0.3443,14,34,14,564565,41045,71187,36769,0.3802011930786617,0.4725242244326214
3444,0.3444,15,30,15,564595,41015,71202,36754,0.37992330208603503,0.4726047653949517
3445,0.3445,12,23,12,564618,40992,71214,36742,0.3797102523250213,0.47266318470682067
3446,0.3446,16,31,16,564649,40961,71230,36726,0.37942309829930715,0.4727431874058723
3447,0.3447,12,34,12,564683,40927,71242,36714,0.3791081551743303,0.4728687162710424
3448,0.3448,12,25,12,564708,40902,71254,36702,0.3788765793471414,0.4729395391990104
3449,0.3449,19,26,19,564734,40876,71273,36683,0.37863574048686505,0.4729689655617014
3450,0.345,27,36,27,564770,40840,71300,36656,0.3783022712957131,0.473005058325591
3451,0.3451,10,31,10,564801,40809,71310,36646,0.37801511726999887,0.47312633141824284
3452,0.3452,21,23,21,564824,40786,71331,36625,0.37780206750898515,0.4731239746289287
3453,0.3453,14,32,14,564856,40754,71345,36611,0.3775056504501834,0.47322432624571836
3454,0.3454,19,33,19,564889,40721,71364,36592,0.3771999703582941,0.47329685822565415
3455,0.3455,12,30,12,564919,40691,71376,36580,0.3769220793656675,0.4733988171500304
3456,0.3456,24,20,24,564939,40671,71400,36556,0.3767368187039164,0.4733577634765043
3457,0.3457,15,22,15,564961,40649,71415,36541,0.3765330319759902,0.47339033553569115
3458,0.3458,13,41,13,565002,40608,71428,36528,0.3761532476194005,0.4735532047293093
3459,0.3459,15,30,15,565032,40578,71443,36513,0.37587535662677385,0.4736350546756431
3460,0.346,13,21,13,565053,40557,71456,36500,0.3756808329319352,0.4736753312482967
3461,0.3461,20,33,20,565086,40524,71476,36480,0.37537515284004597,0.47374162381175006
3462,0.3462,11,30,11,565116,40494,71487,36469,0.3750972618474193,0.4738510712939984
3463,0.3463,17,22,17,565138,40472,71504,36452,0.3748934751194931,0.4738703135562373
3464,0.3464,16,31,16,565169,40441,71520,36436,0.37460632109377895,0.4739518971864147
3465,0.3465,16,29,16,565198,40412,71536,36420,0.37433769313423987,0.47402124114952104
3466,0.3466,18,27,18,565225,40385,71554,36402,0.3740875912408759,0.4740646203133343
3467,0.3467,10,33,10,565258,40352,71564,36392,0.3737819111489866,0.4741999374543938
3468,0.3468,8,30,8,565288,40322,71572,36384,0.37350402015636,0.4743305608426981
3469,0.3469,15,26,15,565314,40296,71587,36369,0.3732631812960836,0.4743885736646449
3470,0.347,17,30,17,565344,40266,71604,36352,0.37298529030345695,0.4744576992351667
3471,0.3471,15,23,15,565367,40243,71619,36337,0.37277224054244323,0.4744972577696526
3472,0.3472,17,31,17,565398,40212,71636,36320,0.372485086516729,0.4745727277478702
3473,0.3473,8,31,8,565429,40181,71644,36312,0.37219793249101485,0.4747101041925405
3474,0.3474,12,30,12,565459,40151,71656,36300,0.37192004149838825,0.4748139331074806
3475,0.3475,12,36,12,565495,40115,71668,36288,0.3715865723072363,0.4749551719173331
3476,0.3476,9,24,9,565519,40091,71677,36279,0.37136425951313495,0.4750425559774781
3477,0.3477,14,34,14,565553,40057,71691,36265,0.37104931638815813,0.47515788370325723
3478,0.3478,15,28,15,565581,40029,71706,36250,0.3707899514617066,0.47522909319734136
3479,0.3479,18,41,18,565622,39988,71724,36232,0.37041016710511687,0.4753607976908948
3480,0.348,13,37,13,565659,39951,71737,36219,0.3700674348808774,0.4755021662071682
3481,0.3481,23,30,23,565689,39921,71760,36196,0.36978954388825075,0.47553109029520346
3482,0.3482,14,37,14,565726,39884,71774,36182,0.3694468116640113,0.47566586911366443
3483,0.3483,17,27,17,565753,39857,71791,36165,0.3691967097706473,0.4757175554444766
3484,0.3484,13,22,13,565775,39835,71804,36152,0.36899292304272113,0.4757655914827536
3485,0.3485,14,29,14,565804,39806,71818,36138,0.36872429508318205,0.47585062677762563
3486,0.3486,15,24,15,565828,39782,71833,36123,0.3685019822890807,0.4758975034582702
3487,0.3487,12,28,12,565856,39754,71845,36111,0.3682426173626292,0.4759902458314111
3488,0.3488,15,25,15,565881,39729,71860,36096,0.36801104153544034,0.4760435212660732
3489,0.3489,10,24,10,565905,39705,71870,36086,0.36778872874133905,0.4761251335910596
3490,0.349,21,28,21,565933,39677,71891,36065,0.36752936381488754,0.4761558976525574
3491,0.3491,16,32,16,565965,39645,71907,36049,0.3672329467560858,0.476246466034296
3492,0.3492,22,32,22,565997,39613,71929,36027,0.3669365296972841,0.4762956107879429
3493,0.3493,18,23,18,566020,39590,71947,36009,0.36672347993627036,0.47631582428339
3494,0.3494,15,32,15,566052,39558,71962,35994,0.3664270628774686,0.4764135959339263
3495,0.3495,13,23,13,566075,39535,71975,35981,0.36621401311645485,0.4764685629535463
3496,0.3496,13,27,13,566102,39508,71988,35968,0.3659639112230909,0.47654883671630716
3497,0.3497,19,28,19,566130,39480,72007,35949,0.3657045462966394,0.4765938829893012
3498,0.3498,12,20,12,566150,39460,72019,35937,0.3655192856348883,0.4766370014722071
3499,0.3499,16,31,16,566181,39429,72035,35921,0.3652321316091741,0.4767219641672196
3500,0.35,14,20,14,566201,39409,72049,35907,0.365046870947423,0.47675128790695204
3501,0.3501,13,27,13,566228,39382,72062,35894,0.36479676905405906,0.4768319251819969
3502,0.3502,18,28,18,566256,39354,72080,35876,0.36453740412760754,0.4768842217200585
3503,0.3503,15,29,15,566285,39325,72095,35861,0.36426877616806846,0.476963796451467
3504,0.3504,17,34,17,566319,39291,72112,35844,0.36395383304309165,0.4770612896785786
3505,0.3505,20,24,20,566343,39267,72132,35824,0.3637315202489903,0.4770744829606744
3506,0.3506,15,25,15,566368,39242,72147,35809,0.3634999444218015,0.47712888569106343
3507,0.3507,15,32,15,566400,39210,72162,35794,0.36320352736299977,0.4772278811796704
3508,0.3508,25,31,25,566431,39179,72187,35769,0.36291637333728555,0.47725089395314085
3509,0.3509,11,40,11,566471,39139,72198,35758,0.3625458520137834,0.47742900249676223
3510,0.351,7,29,7,566500,39110,72205,35751,0.36227722405424434,0.4775650872951203
3511,0.3511,12,41,12,566541,39069,72217,35739,0.3618974396976546,0.47774302213666986
3512,0.3512,17,39,17,566580,39030,72234,35722,0.36153618140724,0.4778735017123288
3513,0.3513,12,24,12,566604,39006,72246,35710,0.3613138686131387,0.4779431447079608
3514,0.3514,15,26,15,566630,38980,72261,35695,0.36107302975286226,0.4780046869768999
3515,0.3515,23,24,23,566654,38956,72284,35672,0.360850716958761,0.47799753443747656
3516,0.3516,13,24,13,566678,38932,72297,35659,0.3606284041646597,0.47806035580700085
3517,0.3517,10,43,10,566721,38889,72307,35649,0.36023009374189485,0.4782661192948563
3518,0.3518,13,23,13,566744,38866,72320,35636,0.3600170439808811,0.4783227295911519
3519,0.3519,11,23,11,566767,38843,72331,35625,0.35980399421986736,0.47839340387817586
3520,0.352,23,32,23,566799,38811,72354,35602,0.35950757716106563,0.47843790735489766
3521,0.3521,21,32,21,566831,38779,72375,35581,0.3592111601022639,0.4784965034965035
3522,0.3522,19,33,19,566864,38746,72394,35562,0.3589054800103746,0.47857565807180924
3523,0.3523,14,36,14,566900,38710,72408,35548,0.35857201081922263,0.47870936464758007
3524,0.3524,22,34,22,566934,38676,72430,35526,0.3582570676942458,0.4787741570308078
3525,0.3525,23,26,23,566960,38650,72453,35503,0.3580162288339694,0.47878035952692405
3526,0.3526,20,30,20,566990,38620,72473,35483,0.3577383378413428,0.4788335155121925
3527,0.3527,16,30,16,567020,38590,72489,35467,0.35746044684871614,0.47891488988211783
3528,0.3528,13,26,13,567046,38564,72502,35454,0.3572196079884397,0.4789915966386555
3529,0.3529,16,12,16,567058,38552,72518,35438,0.3571084515913891,0.4789566157588863
3530,0.353,16,39,16,567097,38513,72534,35422,0.3567471933009745,0.47909650368566986
3531,0.3531,15,39,15,567136,38474,72549,35407,0.3563859350105599,0.4792436485699977
3532,0.3532,13,39,13,567175,38435,72562,35394,0.35602467672014526,0.47940511181243145
3533,0.3533,14,29,14,567204,38406,72576,35380,0.3557560487606062,0.479494755102594
3534,0.3534,19,27,19,567231,38379,72595,35361,0.3555059468672422,0.47953620829943044
3535,0.3535,13,22,13,567253,38357,72608,35348,0.35530216013931604,0.4795875449426769
3536,0.3536,12,30,12,567283,38327,72620,35336,0.3550242691466894,0.479698084520044
3537,0.3537,17,43,17,567326,38284,72637,35319,0.35462595872392455,0.4798581579555181
3538,0.3538,10,38,10,567364,38246,72647,35309,0.3542739634665975,0.48003534769900075
3539,0.3539,15,38,15,567402,38208,72662,35294,0.35392196820927047,0.4801774101384996
3540,0.354,13,26,13,567428,38182,72675,35281,0.35368112934899404,0.48025536664715573
3541,0.3541,14,30,14,567458,38152,72689,35267,0.3534032383563674,0.48035249730996066
3542,0.3542,11,20,11,567478,38132,72700,35256,0.3532179776946163,0.4804055158881561
3543,0.3543,15,24,15,567502,38108,72715,35241,0.35299566490051504,0.4804564479406672
3544,0.3544,15,26,15,567528,38082,72730,35226,0.3527548260402386,0.4805205434604682
3545,0.3545,10,32,10,567560,38050,72740,35216,0.3524584089814369,0.4806595146452652
3546,0.3546,17,27,17,567587,38023,72757,35199,0.35220830708807294,0.4807161781978094
3547,0.3547,11,32,11,567619,37991,72768,35188,0.3519118900292712,0.48084833080528566
3548,0.3548,17,26,17,567645,37965,72785,35171,0.3516710511689948,0.4808985998687377
3549,0.3549,14,32,14,567677,37933,72799,35157,0.35137463411019304,0.48100971405116977
3550,0.355,11,29,11,567706,37904,72810,35146,0.35110600615065396,0.48112251882272417
3551,0.3551,11,22,11,567728,37882,72821,35135,0.35090221942272776,0.48118931207800925
3552,0.3552,15,32,15,567760,37850,72836,35120,0.350605802363926,0.48129368233520625
3553,0.3553,13,21,13,567781,37829,72849,35107,0.3504112786690874,0.48133980476033783
3554,0.3554,18,34,18,567815,37795,72867,35089,0.35009633554411057,0.48143625487075353
3555,0.3555,17,35,17,567850,37760,72884,35072,0.3497721293860462,0.48154657293497366
3556,0.3556,19,24,19,567874,37736,72903,35053,0.34954981659194484,0.4815700174476913
3557,0.3557,17,37,17,567911,37699,72920,35036,0.34920708436770537,0.48169382003162164
3558,0.3558,10,29,10,567940,37670,72930,35026,0.3489384564081663,0.4818146803125344
3559,0.3559,10,24,10,567964,37646,72940,35016,0.348716143614065,0.4819025075004817
3560,0.356,11,26,11,567990,37620,72951,35005,0.3484753047537886,0.48199655765920824
3561,0.3561,16,25,16,568015,37595,72967,34989,0.3482437289265997,0.48204838531907857
3562,0.3562,13,33,13,568048,37562,72980,34976,0.3479380488347104,0.48217486007334087
3563,0.3563,19,30,19,568078,37532,72999,34957,0.3476601578420838,0.4822386844900606
3564,0.3564,21,27,21,568105,37505,73020,34936,0.3474100559487199,0.4822683287088803
3565,0.3565,13,34,13,568139,37471,73033,34923,0.347095112823743,0.4824018565074454
3566,0.3566,14,32,14,568171,37439,73047,34909,0.34679869576494127,0.48251506606955274
3567,0.3567,18,26,18,568197,37413,73065,34891,0.34655785690466484,0.48255974773179905
3568,0.3568,10,20,10,568217,37393,73075,34881,0.3463725962429138,0.48262168968093644
3569,0.3569,16,29,16,568246,37364,73091,34865,0.3461039682833747,0.48270085422752634
3570,0.357,12,21,12,568267,37343,73103,34853,0.34590944458853606,0.48275527730068146
3571,0.3571,15,37,15,568304,37306,73118,34838,0.3455667123642966,0.48289532047017075
3572,0.3572,11,15,11,568319,37291,73129,34827,0.34542776686798327,0.48291688621426
3573,0.3573,11,25,11,568344,37266,73140,34816,0.3451961910407944,0.4830054659970589
3574,0.3574,18,33,18,568377,37233,73158,34798,0.3448905109489051,0.4830975552192806
3575,0.3575,17,37,17,568414,37196,73175,34781,0.34454777872466563,0.4832238076052072
3576,0.3576,13,26,13,568440,37170,73188,34768,0.3443069398643892,0.48330506825321806
3577,0.3577,14,26,14,568466,37144,73202,34754,0.3440661010041128,0.48337923168933766
3578,0.3578,22,21,22,568487,37123,73224,34732,0.34387157730927415,0.4833623269083571
3579,0.3579,14,23,14,568510,37100,73238,34718,0.34365852754826043,0.48341641371243976
3580,0.358,14,24,14,568534,37076,73252,34704,0.3434362147541591,0.48347729172471443
3581,0.3581,22,26,22,568560,37050,73274,34682,0.3431953758938827,0.4834941169910221
3582,0.3582,6,28,6,568588,37022,73280,34676,0.34293601096743115,0.48363971101007003
3583,0.3583,19,25,19,568613,36997,73299,34657,0.34270443514024235,0.48367153264297874
3584,0.3584,13,26,13,568639,36971,73312,34644,0.3424635962799659,0.4837534036165608
3585,0.3585,10,24,10,568663,36947,73322,34634,0.34224128348586463,0.4838434780179098
3586,0.3586,17,24,17,568687,36923,73339,34617,0.3420189706917633,0.4838831422980151
3587,0.3587,15,30,15,568717,36893,73354,34602,0.3417410796991367,0.4839779005524862
3588,0.3588,18,26,18,568743,36867,73372,34584,0.34150024083886027,0.4840240164588319
3589,0.3589,9,31,9,568774,36836,73381,34575,0.3412130868131461,0.4841691055999776
3590,0.359,9,34,9,568808,36802,73390,34566,0.34089814368816923,0.4843347158390315
3591,0.3591,10,28,10,568836,36774,73400,34556,0.3406387787617177,0.4844525445114258
3592,0.3592,18,22,18,568858,36752,73418,34538,0.3404349920337915,0.4844718754383504
3593,0.3593,22,23,22,568881,36729,73440,34516,0.3402219422727778,0.4844690855498631
3594,0.3594,17,23,17,568904,36706,73457,34499,0.340008892511764,0.48450249280247176
3595,0.3595,13,19,13,568923,36687,73470,34486,0.33983289488310053,0.4845376758040268
3596,0.3596,19,25,19,568948,36662,73489,34467,0.3396013190559117,0.4845702877869786
3597,0.3597,15,33,15,568981,36629,73504,34452,0.3392956389640224,0.4846864844332522
3598,0.3598,9,29,9,569010,36600,73513,34443,0.3390270110044833,0.48481905324944047
3599,0.3599,13,27,13,569037,36573,73526,34430,0.33877690911111935,0.48490908834837965
3600,0.36,18,26,18,569063,36547,73544,34412,0.3385360702508429,0.48495610141067375
3601,0.3601,11,18,11,569081,36529,73555,34401,0.33836933565526695,0.484999295079656
3602,0.3602,15,19,15,569100,36510,73570,34386,0.33819333802660345,0.4850203114421124
3603,0.3603,12,31,12,569131,36479,73582,34374,0.33790618400088923,0.48514530083412133
3604,0.3604,15,26,15,569157,36453,73597,34359,0.33766534514061286,0.48521437044568716
3605,0.3605,15,21,15,569178,36432,73612,34344,0.3374708214457742,0.4852492370295015
3606,0.3606,18,25,18,569203,36407,73630,34326,0.33723924561858537,0.48528975160109145
3607,0.3607,8,22,8,569225,36385,73638,34318,0.33703545889065917,0.48538251559339773
3608,0.3608,15,27,15,569252,36358,73653,34303,0.33678535699729517,0.48545873961591257
3609,0.3609,23,30,23,569282,36328,73676,34280,0.3365074660046686,0.4854973940629957
3610,0.361,13,31,13,569313,36297,73689,34267,0.3362203119789544,0.48561589479054473
3611,0.3611,10,27,10,569340,36270,73699,34257,0.3359702100855904,0.48572886979454677
3612,0.3612,19,24,19,569364,36246,73718,34238,0.33574789729148913,0.48575563248396797
3613,0.3613,18,27,18,569391,36219,73736,34220,0.3354977953981252,0.4858104175243828
3614,0.3614,18,21,18,569412,36198,73754,34202,0.3353032717032865,0.48582386363636365
3615,0.3615,15,25,15,569437,36173,73769,34187,0.3350716958760977,0.48588686753837407
3616,0.3616,15,26,15,569463,36147,73784,34172,0.33483085701582127,0.48595685376640735
3617,0.3617,16,32,16,569495,36115,73800,34156,0.33453443995701954,0.4860611062885116
3618,0.3618,13,22,13,569517,36093,73813,34143,0.33433065322909333,0.486118229967538
3619,0.3619,16,24,16,569541,36069,73829,34127,0.33410834043499205,0.4861673029802268
3620,0.362,11,29,11,569570,36040,73840,34116,0.33383971247545297,0.48628770169336905
3621,0.3621,9,32,9,569602,36008,73849,34107,0.33354329541665123,0.4864436996363118
3622,0.3622,17,26,17,569628,35982,73866,34090,0.3333024565563748,0.4864996004110058
3623,0.3623,10,28,10,569656,35954,73876,34080,0.3330430916299233,0.486620784190536
3624,0.3624,13,24,13,569680,35930,73889,34067,0.332820778835822,0.48669228681229193
3625,0.3625,11,23,11,569703,35907,73900,34056,0.33260772907480823,0.4867715792633249
3626,0.3626,16,18,16,569721,35889,73916,34040,0.33244099447923225,0.4867794477255502
3627,0.3627,14,25,14,569746,35864,73930,34026,0.3322094186520434,0.486850765488625
3628,0.3628,14,29,14,569775,35835,73944,34012,0.3319407906925044,0.48695004796197405
3629,0.3629,18,32,18,569807,35803,73962,33994,0.33164437363370264,0.48704099030044273
3630,0.363,14,24,14,569831,35779,73976,33980,0.3314220608396013,0.4871056064450465
3631,0.3631,13,30,13,569861,35749,73989,33967,0.3311441698469747,0.4872195765677893
3632,0.3632,20,30,20,569891,35719,74009,33947,0.33086627885434805,0.4872821749490426
3633,0.3633,9,29,9,569920,35690,74018,33938,0.33059765089480897,0.4874188544838283
3634,0.3634,12,29,12,569949,35661,74030,33926,0.33032902293526994,0.48753359104430427
3635,0.3635,13,28,13,569977,35633,74043,33913,0.33006965800881843,0.4876340839156817
3636,0.3636,13,29,13,570006,35604,74056,33900,0.32980103004927935,0.4877417127071823
3637,0.3637,19,31,19,570037,35573,74075,33881,0.32951387602356513,0.4878192760676131
3638,0.3638,16,21,16,570058,35552,74091,33865,0.3293193523287265,0.4878487978449083
3639,0.3639,20,28,20,570086,35524,74111,33845,0.329059987402275,0.48789805244417533
3640,0.364,10,30,10,570116,35494,74121,33835,0.3287820964096484,0.4880353098991764
3641,0.3641,17,39,17,570155,35455,74138,33818,0.3284208381192338,0.48818442972009296
3642,0.3642,13,26,13,570181,35429,74151,33805,0.32817999925895736,0.48827165843371756
3643,0.3643,18,30,18,570211,35399,74169,33787,0.3279021082663307,0.48835024426907175
3644,0.3644,12,31,12,570242,35368,74181,33775,0.32761495424061654,0.4884803957016618
3645,0.3645,11,23,11,570265,35345,74192,33764,0.3274019044796028,0.48856154770001015
3646,0.3646,13,24,13,570289,35321,74205,33751,0.3271795916855015,0.4886350474866806
3647,0.3647,12,22,12,570311,35299,74217,33739,0.32697580495757533,0.4887018743300791
3648,0.3648,21,19,21,570330,35280,74238,33718,0.3267998073289118,0.4886808313284443
3649,0.3649,16,29,16,570359,35251,74254,33702,0.3265311793693727,0.4887677113396081
3650,0.365,14,26,14,570385,35225,74268,33688,0.3262903405090963,0.48884825794842773
3651,0.3651,16,24,16,570409,35201,74284,33672,0.326068027714995,0.48889985916106454
3652,0.3652,18,25,18,570434,35176,74302,33654,0.32583645188780613,0.4889437745169258
3653,0.3653,17,27,17,570461,35149,74319,33637,0.3255863499944422,0.48900939144593375
3654,0.3654,11,33,11,570494,35116,74330,33626,0.3252806699025529,0.4891623752582119
3655,0.3655,20,25,20,570519,35091,74350,33606,0.32504909407536403,0.4891916677584174
3656,0.3656,10,20,10,570539,35071,74360,33596,0.32486383341361297,0.4892597608749472
3657,0.3657,14,31,14,570570,35040,74374,33582,0.32457667938789875,0.4893765847687331
3658,0.3658,14,24,14,570594,35016,74388,33568,0.32435436659379746,0.48944360200629883
3659,0.3659,19,25,19,570619,34991,74407,33549,0.3241227907666086,0.4894805952728334
3660,0.366,16,24,16,570643,34967,74423,33533,0.3239004779725073,0.4895328467153285
3661,0.3661,18,32,18,570675,34935,74441,33515,0.3236040609137056,0.489627465303141
3662,0.3662,12,23,12,570698,34912,74453,33503,0.32339101115269187,0.4897025506102463
3663,0.3663,10,34,10,570732,34878,74463,33493,0.323076068027715,0.4898714367202469
3664,0.3664,16,19,16,570751,34859,74479,33477,0.32290007039905144,0.48988819948489815
3665,0.3665,16,31,16,570782,34828,74495,33461,0.3226129163733373,0.4899910673754192
3666,0.3666,12,28,12,570810,34800,74507,33449,0.32235355144688577,0.4901024190830635
3667,0.3667,10,29,10,570839,34771,74517,33439,0.3220849234873467,0.49023603577188096
3668,0.3668,20,29,20,570868,34742,74537,33419,0.3218162955278076,0.4902950367512214
3669,0.3669,11,21,11,570889,34721,74548,33408,0.321621771832969,0.49036386854349834
3670,0.367,18,37,18,570926,34684,74566,33390,0.3212790396087295,0.4904956371008021
3671,0.3671,11,19,11,570945,34665,74577,33379,0.32110304198006595,0.4905502322026924
3672,0.3672,17,18,17,570963,34647,74594,33362,0.32093630738448997,0.4905527209634019
3673,0.3673,18,23,18,570986,34624,74612,33344,0.32072325762347625,0.4905838041431262
3674,0.3674,13,26,13,571012,34598,74625,33331,0.32048241876319983,0.4906740861782155
3675,0.3675,8,33,8,571045,34565,74633,33323,0.3201767386713105,0.4908525807211878
3676,0.3676,18,22,18,571067,34543,74651,33305,0.3199729519433843,0.4908766654875604
3677,0.3677,15,21,15,571088,34522,74666,33290,0.3197784282485457,0.49091606205391375
3678,0.3678,14,29,14,571117,34493,74680,33276,0.3195098002890066,0.49102096828933584
3679,0.3679,21,25,21,571142,34468,74701,33255,0.31927822446181775,0.491044401458884
3680,0.368,16,22,16,571164,34446,74717,33239,0.3190744377338916,0.49108369653542144
3681,0.3681,18,20,18,571184,34426,74735,33221,0.3188891770721405,0.49109347051606134
3682,0.3682,10,24,10,571208,34402,74745,33211,0.3186668642780392,0.4911925221481076
3683,0.3683,19,29,19,571237,34373,74764,33192,0.3183982363185001,0.49126026789017985
3684,0.3684,10,27,10,571264,34346,74774,33182,0.3181481344251362,0.49138135292027013
3685,0.3685,14,27,14,571291,34319,74788,33168,0.3178980325317722,0.491472431727592
3686,0.3686,10,25,10,571316,34294,74798,33158,0.3176664567045833,0.4915791970586491
3687,0.3687,10,34,10,571350,34260,74808,33148,0.3173515135796065,0.4917517208639924
3688,0.3688,9,35,9,571385,34225,74817,33139,0.3170273074215421,0.4919393147675316
3689,0.3689,13,18,13,571403,34207,74830,33126,0.31686057282596614,0.4919727325382799
3690,0.369,18,29,18,571432,34178,74848,33108,0.31659194486642706,0.4920488660345391
3691,0.3691,12,26,12,571458,34152,74860,33096,0.31635110600615063,0.49214846538187007
3692,0.3692,18,29,18,571487,34123,74878,33078,0.3160824780466116,0.49222481808306423
3693,0.3693,10,18,10,571505,34105,74888,33068,0.3159157434510356,0.49228112485671327
3694,0.3694,13,31,13,571536,34074,74901,33055,0.3156285894253214,0.49241013570885905
3695,0.3695,10,18,10,571554,34056,74911,33045,0.3154618548297454,0.49246658022980283
3696,0.3696,13,22,13,571576,34034,74924,33032,0.3152580681018193,0.49252974681656875
3697,0.3697,9,14,9,571590,34020,74933,33023,0.3151283856385935,0.49256447354682814
3698,0.3698,16,18,16,571608,34002,74949,33007,0.31496165104301754,0.49257562416988765
3699,0.3699,14,17,14,571625,33985,74963,32993,0.3148041794805291,0.49259458329600764
3700,0.37,21,31,21,571656,33954,74984,32972,0.3145170254548149,0.492663538833936
3701,0.3701,16,27,16,571683,33927,75000,32956,0.314266923561451,0.49274105527563056
3702,0.3702,16,25,16,571708,33902,75016,32940,0.3140353477342621,0.4928039256754735
3703,0.3703,21,34,21,571742,33868,75037,32919,0.31372040460928524,0.4928953239402878
3704,0.3704,13,29,13,571771,33839,75050,32906,0.3134517766497462,0.49301071241291483
3705,0.3705,8,28,8,571799,33811,75058,32898,0.31319241172329465,0.493156845403169
3706,0.3706,11,28,11,571827,33783,75069,32887,0.31293304679684314,0.4932803359832008
3707,0.3707,16,19,16,571846,33764,75085,32871,0.31275704916817965,0.49329931717565845
3708,0.3708,20,29,20,571875,33735,75105,32851,0.31248842120864057,0.4933619679812573
3709,0.3709,8,22,8,571897,33713,75113,32843,0.31228463448071436,0.49346415048981307
3710,0.371,15,17,15,571914,33696,75128,32828,0.31212716291822595,0.49347603872286694
3711,0.3711,12,32,12,571946,33664,75140,32816,0.3118307458594242,0.49362214199759324
3712,0.3712,14,26,14,571972,33638,75154,32802,0.3115899069991478,0.49370860927152316
3713,0.3713,18,25,18,571997,33613,75172,32784,0.31135833117195894,0.49375724806843685
3714,0.3714,13,30,13,572027,33583,75185,32771,0.31108044017933234,0.49388130331253577
3715,0.3715,13,28,13,572055,33555,75198,32758,0.31082107525288083,0.4939906202403752
3716,0.3716,13,29,13,572084,33526,75211,32745,0.31055244729334175,0.4941075281797468
3717,0.3717,17,25,17,572109,33501,75228,32728,0.3103208714661529,0.49416418789352096
3718,0.3718,15,23,15,572132,33478,75243,32713,0.3101078217051391,0.49422126875254946
3719,0.3719,21,23,21,572155,33455,75264,32692,0.3098947719441254,0.4942325426701135
3720,0.372,11,31,11,572186,33424,75275,32681,0.3096076179184112,0.4943801527872324
3721,0.3721,24,26,24,572212,33398,75299,32657,0.3093667790581348,0.494391037771554
3722,0.3722,17,26,17,572238,33372,75316,32640,0.3091259401978584,0.4944555535357208
3723,0.3723,13,26,13,572264,33346,75329,32627,0.30888510133758196,0.4945508010852925
3724,0.3724,14,32,14,572296,33314,75343,32613,0.3085886842787802,0.49468351358320567
3725,0.3725,19,27,19,572323,33287,75362,32594,0.3083385823854163,0.49474051699275967
3726,0.3726,25,22,25,572345,33265,75387,32569,0.3081347956574901,0.4947139775799739
3727,0.3727,11,28,11,572373,33237,75398,32558,0.30787543073103857,0.4948400334371913
3728,0.3728,13,23,13,572396,33214,75411,32545,0.30766238097002485,0.4949132438145349
3729,0.3729,11,27,11,572423,33187,75422,32534,0.30741227907666085,0.49503202933613305
3730,0.373,15,30,15,572453,33157,75437,32519,0.30713438808403426,0.495142822339972
3731,0.3731,10,29,10,572482,33128,75447,32509,0.3068657601244952,0.49528467175526
3732,0.3732,15,28,15,572510,33100,75462,32494,0.30660639519804367,0.49538067506174344
3733,0.3733,12,37,12,572547,33063,75474,32482,0.30626366297380414,0.49556793042947594
3734,0.3734,14,26,14,572573,33037,75488,32468,0.3060228241135277,0.49565682009006945
3735,0.3735,18,31,18,572604,33006,75506,32450,0.30573567008781355,0.4957528721583965
3736,0.3736,15,25,15,572629,32981,75521,32435,0.3055040942606247,0.49582670906200316
3737,0.3737,11,22,11,572651,32959,75532,32424,0.3053003075326985,0.49590872245079
3738,0.3738,14,25,14,572676,32934,75546,32410,0.30506873170550963,0.49599045053868757
3739,0.3739,19,28,19,572704,32906,75565,32391,0.3048093667790581,0.4960564803896044
3740,0.374,11,28,11,572732,32878,75576,32380,0.3045500018526066,0.4961843758619633
3741,0.3741,15,20,15,572752,32858,75591,32365,0.30436474119085555,0.49622065835671464
3742,0.3742,15,26,15,572778,32832,75606,32350,0.3041239023305791,0.4963026602436255
3743,0.3743,9,33,9,572811,32799,75615,32341,0.3038182222386898,0.49648449493398833
3744,0.3744,16,22,16,572833,32777,75631,32325,0.30361443551076367,0.49652852446929435
3745,0.3745,13,18,13,572851,32759,75644,32312,0.3034477009151877,0.4965652902214504
3746,0.3746,15,24,15,572875,32735,75659,32297,0.30322538812108635,0.49663242711280603
3747,0.3747,13,23,13,572898,32712,75672,32284,0.30301233836007263,0.49670748969167333
3748,0.3748,11,17,11,572915,32695,75683,32273,0.3028548667975842,0.4967522472601896
3749,0.3749,6,21,6,572936,32674,75689,32267,0.3026603431027456,0.4968663864122819
3750,0.375,14,25,14,572961,32649,75703,32253,0.30242876727555673,0.4969492465563465
3751,0.3751,15,23,15,572984,32626,75718,32238,0.30221571751454296,0.4970091267883572
3752,0.3752,11,25,11,573009,32601,75729,32227,0.3019841416873541,0.49711544394397483
3753,0.3753,6,24,6,573033,32577,75735,32221,0.3017618288932528,0.49725300163585295
3754,0.3754,8,16,8,573049,32561,75743,32213,0.3016136203638519,0.49731373699323805
3755,0.3755,8,19,8,573068,32542,75751,32205,0.3014376227351884,0.4973975628214435
3756,0.3756,18,25,18,573093,32517,75769,32187,0.30120604690799957,0.49744992581602376
3757,0.3757,9,30,9,573123,32487,75778,32178,0.3009281559153729,0.49761076316399905
3758,0.3758,13,32,13,573155,32455,75791,32165,0.3006317388565712,0.49775611265861963
3759,0.3759,16,22,16,573177,32433,75807,32149,0.300427952128645,0.4978012449289276
3760,0.376,8,32,8,573209,32401,75815,32141,0.30013153506984325,0.4979858076911159
3761,0.3761,15,23,15,573232,32378,75830,32126,0.29991848530882953,0.4980466327669602
3762,0.3762,13,26,13,573258,32352,75843,32113,0.2996776464485531,0.49814628092763513
3763,0.3763,15,21,15,573279,32331,75858,32098,0.29948312275371447,0.4981918080367536
3764,0.3764,15,28,15,573307,32303,75873,32083,0.29922375782726296,0.49829155406454817
3765,0.3765,21,27,21,573334,32276,75894,32062,0.298973655933899,0.49833690820355
3766,0.3766,10,28,10,573362,32248,75904,32052,0.29871429100744745,0.4984758942457232
3767,0.3767,15,23,15,573385,32225,75919,32037,0.29850124124643374,0.4985372381811957
3768,0.3768,15,35,15,573420,32190,75934,32022,0.29817703508836935,0.4986918333021865
3769,0.3769,14,30,14,573450,32160,75948,32008,0.2978991440957427,0.49881560902630595
3770,0.377,10,19,10,573469,32141,75958,31998,0.2977231464670792,0.49888523363320286
3771,0.3771,14,20,14,573489,32121,75972,31984,0.2975378858053281,0.498931440605257
3772,0.3772,20,19,20,573508,32102,75992,31964,0.2973618881766646,0.4989229856710268
3773,0.3773,16,24,16,573532,32078,76008,31948,0.29713957538256325,0.49898478743010655
3774,0.3774,19,20,19,573552,32058,76027,31929,0.2969543147208122,0.49899198274649537
3775,0.3775,9,20,9,573572,32038,76036,31920,0.2967690540590611,0.4990775196222521
3776,0.3776,14,25,14,573597,32013,76050,31906,0.29653747823187226,0.4991630031758945
3777,0.3777,11,27,11,573624,31986,76061,31895,0.29628737633850827,0.4992877381381005
3778,0.3778,12,32,12,573656,31954,76073,31883,0.29599095927970653,0.4994438961730658
3779,0.3779,11,34,11,573690,31920,76084,31872,0.2956760161547297,0.4996237772761475
3780,0.378,19,23,19,573713,31897,76103,31853,0.29546296639371594,0.4996549019607843
3781,0.3781,21,23,21,573736,31874,76124,31832,0.2952499166327022,0.49967036071955545
3782,0.3782,12,18,12,573754,31856,76136,31820,0.29508318203712625,0.4997173189270683
3783,0.3783,7,21,7,573775,31835,76143,31813,0.2948886583422876,0.4998271744595274
3784,0.3784,15,22,15,573797,31813,76158,31798,0.2946848716143614,0.4998820958639229
3785,0.3785,9,22,9,573819,31791,76167,31789,0.2944810848864352,0.49998427178357974
3786,0.3786,12,21,12,573840,31770,76179,31777,0.2942865611915966,0.5000550773443279
3787,0.3787,18,34,18,573874,31736,76197,31759,0.29397161806661976,0.5001811166233562
3788,0.3788,16,16,16,573890,31720,76213,31743,0.29382340953721886,0.5001812079479382
3789,0.3789,12,28,12,573918,31692,76225,31731,0.29356404461076735,0.5003074594390048
3790,0.379,12,23,12,573941,31669,76237,31719,0.2933509948497536,0.5003943964157254
3791,0.3791,21,19,21,573960,31650,76258,31698,0.2931749972210901,0.5003788596325062
3792,0.3792,11,21,11,573981,31629,76269,31687,0.29298047352625145,0.5004580200897087
3793,0.3793,15,25,15,574006,31604,76284,31672,0.2927488976990626,0.5005373285289841
3794,0.3794,13,20,13,574026,31584,76297,31659,0.2925636370373115,0.5005929509985295
3795,0.3795,18,20,18,574046,31564,76315,31641,0.2923783763755604,0.5006091290246025
3796,0.3796,6,23,6,574069,31541,76321,31635,0.2921653266145467,0.5007439534000253
3797,0.3797,14,25,14,574094,31516,76335,31621,0.29193375078735784,0.5008315250962193
3798,0.3798,12,29,12,574123,31487,76347,31609,0.29166512282781876,0.5009667807784962
3799,0.3799,12,31,12,574154,31456,76359,31597,0.29137796880210454,0.5011181069893582
3800,0.38,9,16,9,574170,31440,76368,31588,0.2912297602727037,0.5011740813606651
3801,0.3801,13,26,13,574196,31414,76381,31575,0.29098892141242727,0.5012780009207957
3802,0.3802,11,20,11,574216,31394,76392,31564,0.2908036607506762,0.5013501064201531
3803,0.3803,24,29,24,574245,31365,76416,31540,0.2905350327911371,0.5013909864080757
3804,0.3804,7,29,7,574274,31336,76423,31533,0.29026640483159805,0.50156674990854
3805,0.3805,17,36,17,574310,31300,76440,31516,0.2899329356404461,0.5017193071828834
3806,0.3806,13,25,13,574335,31275,76453,31503,0.28970135981325723,0.5018159227754946
3807,0.3807,10,10,10,574345,31265,76463,31493,0.2896087294823817,0.5018165014818828
3808,0.3808,12,25,12,574370,31240,76475,31481,0.28937715365519284,0.501921206613415
3809,0.3809,18,15,18,574385,31225,76493,31463,0.2892382081588795,0.5018982899438489
3810,0.381,7,31,7,574416,31194,76500,31456,0.28895105413316535,0.5020909816440543
3811,0.3811,12,28,12,574444,31166,76512,31444,0.28869168920671384,0.502220092636959
3812,0.3812,24,23,24,574467,31143,76536,31420,0.2884786394457001,0.5022137685213305
3813,0.3813,6,28,6,574495,31115,76542,31414,0.28821927451924856,0.5023908906267492
3814,0.3814,13,28,13,574523,31087,76555,31401,0.28795990959279705,0.5025124823966202
3815,0.3815,16,24,16,574547,31063,76571,31385,0.28773759679869576,0.5025781450166539
3816,0.3816,20,25,20,574572,31038,76591,31365,0.2875060209715069,0.5026200663429643
3817,0.3817,11,21,11,574593,31017,76602,31354,0.28731149727666827,0.5027015760529734
3818,0.3818,17,23,17,574616,30994,76619,31337,0.28709844751565455,0.5027514398934719
3819,0.3819,12,27,12,574643,30967,76631,31325,0.28684834562229056,0.5028735632183908
3820,0.382,17,26,17,574669,30941,76648,31308,0.28660750676201413,0.5029478385194943
3821,0.3821,15,23,15,574692,30918,76663,31293,0.2863944570010004,0.5030139364421083
3822,0.3822,12,18,12,574710,30900,76675,31281,0.28622772240542443,0.5030636368022386
3823,0.3823,11,29,11,574739,30871,76686,31270,0.28595909444588535,0.5032104407717932
3824,0.3824,14,24,14,574763,30847,76700,31256,0.28573678165178407,0.5032929166062831
3825,0.3825,18,23,18,574786,30824,76718,31238,0.2855237318907703,0.5033353743031163
3826,0.3826,12,24,12,574810,30800,76730,31226,0.285301419096669,0.5034340437880889
3827,0.3827,10,29,10,574839,30771,76740,31216,0.2850327911371299,0.5035894623066127
3828,0.3828,18,20,18,574859,30751,76758,31198,0.28484753047537886,0.5036078064214111
3829,0.3829,13,22,13,574881,30729,76771,31185,0.28464374374745266,0.5036825273766838
3830,0.383,13,25,13,574906,30704,76784,31172,0.2844121679202638,0.5037817570625122
3831,0.3831,15,24,15,574930,30680,76799,31157,0.2841898551261625,0.5038569141452528
3832,0.3832,9,20,9,574950,30660,76808,31148,0.28400459446441145,0.5039477090344292
3833,0.3833,11,25,11,574975,30635,76819,31137,0.2837730186372226,0.5040633296639254
3834,0.3834,15,21,15,574996,30614,76834,31122,0.2835784949423839,0.5041142931190877
3835,0.3835,7,25,7,575021,30589,76841,31115,0.2833469191151951,0.5042622844548166
3836,0.3836,13,27,13,575048,30562,76854,31102,0.2830968172218311,0.5043785677218474
3837,0.3837,16,20,16,575068,30542,76870,31086,0.28291155656008005,0.5044135782436555
3838,0.3838,15,18,15,575086,30524,76885,31071,0.28274482196450407,0.5044402954785291
3839,0.3839,13,23,13,575109,30501,76898,31058,0.2825317722034903,0.5045241150765932
3840,0.384,13,28,13,575137,30473,76911,31045,0.2822724072770388,0.5046490458077311
3841,0.3841,16,25,16,575162,30448,76927,31029,0.2820408314498499,0.5047253444377572
3842,0.3842,8,20,8,575182,30428,76935,31021,0.28185557078809886,0.5048251395466159
3843,0.3843,8,23,8,575205,30405,76943,31013,0.2816425210270851,0.5049496890162493
3844,0.3844,15,25,15,575230,30380,76958,30998,0.28141094519989623,0.5050343771383884
3845,0.3845,10,22,10,575252,30358,76968,30988,0.2812071584719701,0.5051348091155088
3846,0.3846,19,19,19,575271,30339,76987,30969,0.28103116084330654,0.5051379917792131
3847,0.3847,10,29,10,575300,30310,76997,30959,0.28076253288376746,0.5052963162447567
3848,0.3848,12,25,12,575325,30285,77009,30947,0.2805309570565786,0.5054056702377842
3849,0.3849,15,15,15,575340,30270,77024,30932,0.2803920115602653,0.5054083199895428
3850,0.385,14,31,14,575371,30239,77038,30918,0.2801048575345511,0.5055512860343051
3851,0.3851,3,26,3,575397,30213,77041,30915,0.2798640186742747,0.5057420494699647
3852,0.3852,12,22,12,575419,30191,77053,30903,0.27966023194634854,0.5058270861295708
3853,0.3853,16,33,16,575452,30158,77069,30887,0.27935455185445923,0.5059710049963142
3854,0.3854,12,16,12,575468,30142,77081,30875,0.27920634332505834,0.5060065227723421
3855,0.3855,12,18,12,575486,30124,77093,30863,0.27903960872948236,0.5060586682407726
3856,0.3856,13,26,13,575512,30098,77106,30850,0.278798769869206,0.5061691934107764
3857,0.3857,6,31,6,575543,30067,77112,30844,0.27851161584349177,0.506378158296531
3858,0.3858,13,27,13,575570,30040,77125,30831,0.2782615139501278,0.5064973468482529
3859,0.3859,14,22,14,575592,30018,77139,30817,0.2780577272222016,0.5065669433714145
3860,0.386,6,22,6,575614,29996,77145,30811,0.2778539404942754,0.5067015310737251
3861,0.3861,14,16,14,575630,29980,77159,30797,0.2777057319648746,0.5067212925942379
3862,0.3862,16,22,16,575652,29958,77175,30781,0.2775019452369484,0.5067748892803635
3863,0.3863,13,34,13,575686,29924,77188,30768,0.27718700211197156,0.5069531404468464
3864,0.3864,16,16,16,575702,29908,77204,30752,0.27703879358257066,0.506956808440488
3865,0.3865,10,23,10,575725,29885,77214,30742,0.27682574382155695,0.507067808072311
3866,0.3866,19,23,19,575748,29862,77233,30723,0.2766126940605432,0.507105719237435
3867,0.3867,13,22,13,575770,29840,77246,30710,0.27640890733261697,0.5071841453344343
3868,0.3868,17,31,17,575801,29809,77263,30693,0.2761217533069028,0.5073055436183928
3869,0.3869,10,21,10,575822,29788,77273,30683,0.2759272296120642,0.5074002414380446
3870,0.387,11,11,11,575833,29777,77284,30672,0.27582533624810107,0.5074029347052887
3871,0.3871,13,27,13,575860,29750,77297,30659,0.27557523435473713,0.5075237133539704
3872,0.3872,13,20,13,575880,29730,77310,30646,0.275389973692986,0.5075857956804029
3873,0.3873,16,30,16,575910,29700,77326,30630,0.2751120827003594,0.5077076081551467
3874,0.3874,12,17,12,575927,29683,77338,30618,0.274954611137871,0.5077527735858444
3875,0.3875,17,20,17,575947,29663,77355,30601,0.2747693504761199,0.507782424001062
3876,0.3876,21,16,21,575963,29647,77376,30580,0.27462114194671905,0.5077456954522058
3877,0.3877,11,17,11,575980,29630,77387,30569,0.27446367038423064,0.5077991328759613
3878,0.3878,13,19,13,575999,29611,77400,30556,0.2742876727555671,0.5078531420878555
3879,0.3879,9,32,9,576031,29579,77409,30547,0.27399125569676536,0.5080497621661179
3880,0.388,13,26,13,576057,29553,77422,30534,0.27375041683648893,0.5081631634130511
3881,0.3881,16,31,16,576088,29522,77438,30518,0.27346326281077477,0.5082944703530979
3882,0.3882,10,32,10,576120,29490,77448,30508,0.27316684575197303,0.5084836161205374
3883,0.3883,21,16,21,576136,29474,77469,30487,0.27301863722257214,0.508447157318924
3884,0.3884,14,19,14,576155,29455,77483,30473,0.27284263959390864,0.5084935255640102
3885,0.3885,14,20,14,576175,29435,77497,30459,0.2726573789321575,0.5085484355695061
3886,0.3886,13,26,13,576201,29409,77510,30446,0.27241654007188115,0.5086626012864423
3887,0.3887,13,28,13,576229,29381,77523,30433,0.27215717514542964,0.5087939278429799
3888,0.3888,17,25,17,576254,29356,77540,30416,0.2719255993182408,0.5088670280398849
3889,0.3889,10,23,10,576277,29333,77550,30406,0.271712549557227,0.5089807328545841
3890,0.389,14,16,14,576293,29317,77564,30392,0.2715643410278262,0.5090019929993803
3891,0.3891,8,20,8,576313,29297,77572,30384,0.27137908036607505,0.5091067508922438
3892,0.3892,10,20,10,576333,29277,77582,30374,0.271193819704324,0.5091951517996346
3893,0.3893,16,24,16,576357,29253,77598,30358,0.2709715069102227,0.5092684236130915
3894,0.3894,10,21,10,576378,29232,77608,30348,0.27077698321538407,0.5093655589123867
3895,0.3895,9,25,9,576403,29207,77617,30339,0.2705454073881952,0.509505256440399
3896,0.3896,9,20,9,576423,29187,77626,30330,0.2703601467264441,0.5096022985029487
3897,0.3897,12,21,12,576444,29166,77638,30318,0.27016562303160546,0.5096832761751059
3898,0.3898,10,24,10,576468,29142,77648,30308,0.2699433102375042,0.5098065601345668
3899,0.3899,17,23,17,576491,29119,77665,30291,0.2697302604764904,0.5098636593166134
3900,0.39,15,25,15,576516,29094,77680,30276,0.26949868464930155,0.5099545224861041
3901,0.3901,13,23,13,576539,29071,77693,30263,0.26928563488828783,0.5100448309569555
3902,0.3902,11,17,11,576556,29054,77704,30252,0.2691281633257994,0.5101001584999831
3903,0.3903,18,19,18,576575,29035,77722,30234,0.26895216569713587,0.5101148998633349
3904,0.3904,18,24,18,576599,29011,77740,30216,0.2687298529030346,0.5101727252773228
3905,0.3905,15,15,15,576614,28996,77755,30201,0.26859090740672126,0.510177880635843
3906,0.3906,14,22,14,576636,28974,77769,30187,0.26838712067879505,0.5102516860769764
3907,0.3907,7,30,7,576666,28944,77776,30180,0.26810922968616846,0.5104526080779379
3908,0.3908,10,19,10,576685,28925,77786,30170,0.2679332320575049,0.5105338861155766
3909,0.3909,10,19,10,576704,28906,77796,30160,0.26775723442884136,0.5106152439643789
3910,0.391,11,28,11,576732,28878,77807,30149,0.26749786950238985,0.5107662595083606
3911,0.3911,11,27,11,576759,28851,77818,30138,0.2672477676090259,0.5109088135076031
3912,0.3912,13,25,13,576784,28826,77831,30125,0.26701619178183705,0.5110176248070432
3913,0.3913,11,29,11,576813,28797,77842,30114,0.266747563822298,0.5111778784946784
3914,0.3914,13,22,13,576835,28775,77855,30101,0.26654377709437177,0.5112609552279367
3915,0.3915,7,34,7,576869,28741,77862,30094,0.26622883396939495,0.5114982578397212
3916,0.3916,8,26,8,576895,28715,77870,30086,0.2659879951091185,0.5116579650005952
3917,0.3917,13,18,13,576913,28697,77883,30073,0.26582126051354255,0.5117066530542794
3918,0.3918,12,13,12,576926,28684,77895,30061,0.26570084108340436,0.511720146395438
3919,0.3919,16,16,16,576942,28668,77911,30045,0.26555263255400346,0.5117265341576823
3920,0.392,9,22,9,576964,28646,77920,30036,0.2653488458260773,0.5118434954500528
3921,0.3921,18,18,18,576982,28628,77938,30018,0.26518211123050134,0.5118507656106128
3922,0.3922,18,21,18,577003,28607,77956,30000,0.26498758753566265,0.5118842459091917
3923,0.3923,14,22,14,577025,28585,77970,29986,0.2647838008077365,0.5119598436086118
3924,0.3924,10,18,10,577043,28567,77980,29976,0.2646170662121605,0.5120338896195958
3925,0.3925,13,29,13,577072,28538,77993,29963,0.26434843825262144,0.512179278986684
3926,0.3926,18,20,18,577092,28518,78011,29945,0.2641631775908704,0.512204300155654
3927,0.3927,11,24,11,577116,28494,78022,29934,0.26394086479676904,0.5123228589032656
3928,0.3928,10,21,10,577137,28473,78032,29924,0.2637463411019304,0.512423583403257
3929,0.3929,5,21,5,577158,28452,78037,29919,0.26355181740709177,0.5125661715577942
3930,0.393,11,21,11,577179,28431,78048,29908,0.26335729371225314,0.512658770290886
3931,0.3931,11,28,11,577207,28403,78059,29897,0.2630979287858016,0.5128130360205831
3932,0.3932,15,20,15,577227,28383,78074,29882,0.26291266812405056,0.5128636402643096
3933,0.3933,10,21,10,577248,28362,78084,29872,0.2627181444292119,0.5129649345743037
3934,0.3934,10,25,10,577273,28337,78094,29862,0.2624865686020231,0.5131015996838434
3935,0.3935,20,21,20,577294,28316,78114,29842,0.2622920449071844,0.5131194332679941
3936,0.3936,6,25,6,577319,28291,78120,29836,0.26206046907999553,0.5132898652949576
3937,0.3937,14,19,14,577338,28272,78134,29822,0.26188447145133203,0.5133404482390609
3938,0.3938,15,13,15,577351,28259,78149,29807,0.2617640520211938,0.5133296593531499
3939,0.3939,14,22,14,577373,28237,78163,29793,0.26156026529326765,0.5134068585214544
3940,0.394,10,31,10,577404,28206,78173,29783,0.2612731112675534,0.513597406404663
3941,0.3941,13,24,13,577428,28182,78186,29770,0.26105079847345214,0.5137009939260078
3942,0.3942,14,17,14,577445,28165,78200,29756,0.26089332691096373,0.5137342242019303
3943,0.3943,12,32,12,577477,28133,78212,29744,0.260596909852162,0.51391744561743
3944,0.3944,10,29,10,577506,28104,78222,29734,0.2603282818926229,0.5140910819876205
3945,0.3945,17,26,17,577532,28078,78239,29717,0.2600874430323465,0.5141794272860974
3946,0.3946,9,22,9,577554,28056,78248,29708,0.25988365630442034,0.5142995637421232
3947,0.3947,13,22,13,577576,28034,78261,29695,0.25967986957649414,0.5143861837204871
3948,0.3948,8,17,8,577593,28017,78269,29687,0.25952239801400573,0.5144704006654651
3949,0.3949,10,20,10,577613,27997,78279,29677,0.2593371373522546,0.5145646218399972
3950,0.395,15,23,15,577636,27974,78294,29662,0.2591240875912409,0.5146436255118328
3951,0.3951,11,22,11,577658,27952,78305,29651,0.2589203008633147,0.5147474957901498
3952,0.3952,19,21,19,577679,27931,78324,29632,0.25872577716847606,0.5147751159599048
3953,0.3953,19,21,19,577700,27910,78343,29613,0.2585312534736374,0.514802774542357
3954,0.3954,14,18,14,577718,27892,78357,29599,0.25836451887806144,0.5148458019516098
3955,0.3955,10,23,10,577741,27869,78367,29589,0.25815146911704767,0.5149674544884959
3956,0.3956,15,19,15,577760,27850,78382,29574,0.2579754714883842,0.5150111451657844
3957,0.3957,11,29,11,577789,27821,78393,29563,0.2577068435288451,0.5151784469538547
3958,0.3958,13,27,13,577816,27794,78406,29550,0.2574567416354811,0.5153111049107143
3959,0.3959,8,25,8,577841,27769,78414,29542,0.25722516580829224,0.5154682347193383
3960,0.396,14,17,14,577858,27752,78428,29528,0.25706769424580383,0.5155027932960894
3961,0.3961,11,22,11,577880,27730,78439,29517,0.25686390751787763,0.5156078047757962
3962,0.3962,22,23,22,577903,27707,78461,29495,0.2566508577568639,0.5156288241669872
3963,0.3963,15,17,15,577920,27690,78476,29480,0.2564933861943755,0.5156550638446737
3964,0.3964,9,20,9,577940,27670,78485,29471,0.2563081255326244,0.5157592621760207
3965,0.3965,10,22,10,577962,27648,78495,29461,0.2561043388046982,0.5158731548442452
3966,0.3966,14,28,14,577990,27620,78509,29447,0.2558449738782467,0.5160074999561919
3967,0.3967,7,16,7,578006,27604,78516,29440,0.25569676534884583,0.5160928406142626
3968,0.3968,10,24,10,578030,27580,78526,29430,0.25547445255474455,0.5162252236449746
3969,0.3969,10,18,10,578048,27562,78536,29420,0.25530771795916857,0.5163033940542627
3970,0.397,15,19,15,578067,27543,78551,29405,0.255131720330505,0.5163482475240571
3971,0.3971,9,25,9,578092,27518,78560,29396,0.25490014450331616,0.5164985768000844
3972,0.3972,16,20,16,578112,27498,78576,29380,0.2547148838415651,0.5165441822848905
3973,0.3973,12,17,12,578129,27481,78588,29368,0.25455741227907663,0.5165965980052419
3974,0.3974,24,17,24,578146,27464,78612,29344,0.2543999407165882,0.5165469652161667
3975,0.3975,15,22,15,578168,27442,78627,29329,0.254196153988662,0.5166194007503832
3976,0.3976,14,19,14,578187,27423,78641,29315,0.25402015635999853,0.5166731291198139
3977,0.3977,10,26,10,578213,27397,78651,29305,0.2537793174997221,0.5168248033579063
3978,0.3978,12,23,12,578236,27374,78663,29293,0.2535662677387084,0.5169322533396863
3979,0.3979,10,24,10,578260,27350,78673,29283,0.25334395494460704,0.5170660215775255
3980,0.398,5,21,5,578281,27329,78678,29278,0.2531494312497684,0.5172151854010988
3981,0.3981,17,23,17,578304,27306,78695,29261,0.2529363814887547,0.517280393162091
3982,0.3982,15,20,15,578324,27286,78710,29246,0.2527511208270036,0.5173353145121348
3983,0.3983,15,25,15,578349,27261,78725,29231,0.2525195449998147,0.5174360971464986
3984,0.3984,11,24,11,578373,27237,78736,29220,0.25229723220571343,0.5175620383654816
3985,0.3985,6,19,6,578392,27218,78742,29214,0.25212123457704994,0.5176850014176354
3986,0.3986,14,18,14,578410,27200,78756,29200,0.25195449998147396,0.5177304964539007
3987,0.3987,12,15,12,578425,27185,78768,29188,0.25181555448516063,0.5177655970056587
3988,0.3988,13,26,13,578451,27159,78781,29175,0.2515747156248842,0.5178932793694749
3989,0.3989,13,17,13,578468,27142,78794,29162,0.2514172440623958,0.5179383347541915
3990,0.399,16,22,16,578490,27120,78810,29146,0.2512134573344696,0.5180037678171542
3991,0.3991,8,26,8,578516,27094,78818,29138,0.25097261847419317,0.5181747047944231
3992,0.3992,18,21,18,578537,27073,78836,29120,0.25077809477935453,0.518214012421476
3993,0.3993,11,22,11,578559,27051,78847,29109,0.2505743080514284,0.5183226495726496
3994,0.3994,7,18,7,578577,27033,78854,29102,0.2504075734558524,0.5184287877438318
3995,0.3995,12,28,12,578605,27005,78866,29090,0.25014820852940084,0.5185845440770123
3996,0.3996,17,25,17,578630,26980,78883,29073,0.249916632702212,0.5186698303391433
3997,0.3997,14,18,14,578648,26962,78897,29059,0.24974989810663603,0.5187161957123222
3998,0.3998,12,14,12,578662,26948,78909,29047,0.24962021564341028,0.5187427448879364
3999,0.3999,8,18,8,578680,26930,78917,29039,0.2494534810478343,0.5188407868641569
4000,0.4,14,21,14,578701,26909,78931,29025,0.24925895735299566,0.5189151499982122
4001,0.4001,24,16,24,578717,26893,78955,29001,0.2491107488235948,0.5188571224102766
4002,0.4002,13,24,13,578741,26869,78968,28988,0.2488884360294935,0.5189680792022486
4003,0.4003,11,22,11,578763,26847,78979,28977,0.2486846493015673,0.5190778159931212
4004,0.4004,16,13,16,578776,26834,78995,28961,0.2485642298714291,0.5190608477462139
4005,0.4005,16,17,16,578793,26817,79011,28945,0.24840675830894068,0.5190810946522721
4006,0.4006,14,18,14,578811,26799,79025,28931,0.2482400237133647,0.5191279382738202
4007,0.4007,12,19,12,578830,26780,79037,28919,0.24806402608470118,0.5192014219285804
4008,0.4008,8,15,8,578845,26765,79045,28911,0.24792508058838786,0.5192722178317408
4009,0.4009,15,23,15,578868,26742,79060,28896,0.2477120308273741,0.5193572738056724
4010,0.401,10,20,10,578888,26722,79070,28886,0.24752677016562302,0.5194576319953963
4011,0.4011,8,22,8,578910,26700,79078,28878,0.24732298343769685,0.519594083990068
4012,0.4012,14,20,14,578930,26680,79092,28864,0.24713772277594576,0.5196600892985741
4013,0.4013,7,21,7,578951,26659,79099,28857,0.24694319908110712,0.5197960948195115
4014,0.4014,9,24,9,578975,26635,79108,28848,0.2467208862870058,0.5199430456175765
4015,0.4015,9,17,9,578992,26618,79117,28839,0.2465634147245174,0.5200245235046973
4016,0.4016,11,19,11,579011,26599,79128,28828,0.24638741709585388,0.5201075288216934
4017,0.4017,10,23,10,579034,26576,79138,28818,0.24617436733484013,0.520236848756183
4018,0.4018,8,14,8,579048,26562,79146,28810,0.24604468487161435,0.5202990681210721
4019,0.4019,8,21,8,579069,26541,79154,28802,0.24585016117677572,0.5204271542923224
4020,0.402,16,14,16,579083,26527,79170,28786,0.24572047871354996,0.5204201543940846
4021,0.4021,10,12,10,579095,26515,79180,28776,0.24560932231649932,0.5204463655929537
4022,0.4022,14,18,14,579113,26497,79194,28762,0.24544258772092334,0.5204943991024087
4023,0.4023,16,15,16,579128,26482,79210,28746,0.24530364222461,0.5204968494242052
4024,0.4024,11,20,11,579148,26462,79221,28735,0.24511838156285895,0.520589887131547
4025,0.4025,11,19,11,579167,26443,79232,28724,0.2449423839341954,0.5206735910961263
4026,0.4026,6,21,6,579188,26422,79238,28718,0.24474786023935677,0.5208197315923104
4027,0.4027,7,27,7,579215,26395,79245,28711,0.2444977583459928,0.5210140456574601
4028,0.4028,7,19,7,579234,26376,79252,28704,0.24432176071732928,0.5211328976034858
4029,0.4029,17,19,17,579253,26357,79269,28687,0.24414576308866576,0.5211648862727999
4030,0.403,12,12,12,579265,26345,79281,28675,0.2440346066916151,0.5211741185023627
4031,0.4031,10,23,10,579288,26322,79291,28665,0.24382155693060137,0.5213050357357194
4032,0.4032,7,14,7,579302,26308,79298,28658,0.24369187446737559,0.5213768511443437
4033,0.4033,18,19,18,579321,26289,79316,28640,0.24351587683871206,0.5214003531832001
4034,0.4034,10,20,10,579341,26269,79326,28630,0.24333061617696097,0.5215031239184684
4035,0.4035,10,14,10,579355,26255,79336,28620,0.24320093371373522,0.5215489749430524
4036,0.4036,20,18,20,579373,26237,79356,28600,0.24303419911815924,0.5215456717180006
4037,0.4037,12,22,12,579395,26215,79368,28588,0.24283041239023306,0.5216502746200026
4038,0.4038,9,21,9,579416,26194,79377,28579,0.24263588869539443,0.5217716758256805
4039,0.4039,13,13,13,579429,26181,79390,28566,0.24251546926525622,0.5217820154529015
4040,0.404,8,20,8,579449,26161,79398,28558,0.24233020860350513,0.5219028125513989
4041,0.4041,8,16,8,579465,26145,79406,28550,0.24218200007410426,0.5219855562665692
4042,0.4042,23,22,23,579487,26123,79429,28527,0.24197821334617808,0.5219945105215005
4043,0.4043,17,28,17,579515,26095,79446,28510,0.24171884841972655,0.5221133595824559
4044,0.4044,15,19,15,579534,26076,79461,28495,0.24154285079106302,0.5221637866265966
4045,0.4045,14,19,14,579553,26057,79475,28481,0.2413668531623995,0.5222230371484102
4046,0.4046,12,23,12,579576,26034,79487,28469,0.24115380340138576,0.5223382199145001
4047,0.4047,15,27,15,579603,26007,79502,28454,0.2409037015080218,0.5224656175979141
4048,0.4048,15,21,15,579624,25986,79517,28439,0.24070917781318316,0.5225355994487827
4049,0.4049,20,25,20,579649,25961,79537,28419,0.2404776019859943,0.5226002206693637
4050,0.405,11,23,11,579672,25938,79548,28408,0.24026455222498055,0.5227247635520553
4051,0.4051,17,22,17,579694,25916,79565,28391,0.24006076549705435,0.5227871176828033
4052,0.4052,4,13,4,579707,25903,79569,28387,0.23994034606691614,0.5228771412783201
4053,0.4053,9,16,9,579723,25887,79578,28378,0.23979213753751527,0.5229521791209804
4054,0.4054,10,10,10,579733,25877,79588,28368,0.23969950720663974,0.522960641533782
4055,0.4055,20,22,20,579755,25855,79608,28348,0.23949572047871354,0.5229968820913972
4056,0.4056,16,17,16,579772,25838,79624,28332,0.23933824891622513,0.5230201218386561
4057,0.4057,12,21,12,579793,25817,79636,28320,0.2391437252213865,0.5231172765391506
4058,0.4058,12,21,12,579814,25796,79648,28308,0.23894920152654786,0.5232145497560254
4059,0.4059,16,12,16,579826,25784,79664,28292,0.2388380451294972,0.5231895850284785
4060,0.406,14,17,14,579843,25767,79678,28278,0.23868057356700878,0.5232306411323897
4061,0.4061,13,31,13,579874,25736,79691,28265,0.2383934195412946,0.5234162330327217
4062,0.4062,17,12,17,579886,25724,79708,28248,0.23828226314424394,0.5233824946268435
4063,0.4063,15,15,15,579901,25709,79723,28233,0.23814331764793065,0.5233954988691557
4064,0.4064,14,26,14,579927,25683,79737,28219,0.23790247878765422,0.5235241735000556
4065,0.4065,17,21,17,579948,25662,79754,28202,0.2377079550928156,0.5235778998960344
4066,0.4066,12,13,12,579961,25649,79766,28190,0.23758753566267737,0.5235981351808169
4067,0.4067,8,12,8,579973,25637,79774,28182,0.23747637926562673,0.5236440662219662
4068,0.4068,9,17,9,579990,25620,79783,28173,0.23731890770313832,0.523729853326641
4069,0.4069,12,34,12,580024,25586,79795,28161,0.23700396457816147,0.5239548253856029
4070,0.407,11,21,11,580045,25565,79806,28150,0.23680944088332284,0.5240621800242018
4071,0.4071,7,21,7,580066,25544,79813,28143,0.2366149171884842,0.5242051148322685
4072,0.4072,9,25,9,580091,25519,79822,28134,0.23638334136129535,0.5243695599500494
4073,0.4073,11,15,11,580106,25504,79833,28123,0.23624439586498203,0.5244186696999645
4074,0.4074,18,19,18,580125,25485,79851,28105,0.2360683982363185,0.5244448591155066
4075,0.4075,20,20,20,580145,25465,79871,28085,0.23588313757456741,0.5244631185807657
4076,0.4076,14,25,14,580170,25440,79885,28071,0.23565156174737856,0.5245837304479453
4077,0.4077,14,19,14,580189,25421,79899,28057,0.23547556411871504,0.524645648677961
4078,0.4078,13,15,13,580204,25406,79912,28044,0.2353366186224017,0.5246772684752105
4079,0.4079,14,18,14,580222,25388,79926,28030,0.23516988402682573,0.5247294919315586
4080,0.408,15,24,15,580246,25364,79941,28015,0.23494757123272444,0.5248318627175481
4081,0.4081,14,17,14,580263,25347,79955,28001,0.23479009967023604,0.5248744095373772
4082,0.4082,7,12,7,580275,25335,79962,27994,0.23467894327318536,0.5249301505747342
4083,0.4083,13,17,13,580292,25318,79975,27981,0.23452147171069695,0.5249817069738644
4084,0.4084,14,14,14,580306,25304,79989,27967,0.2343917892474712,0.5249948377165813
4085,0.4085,9,16,9,580322,25288,79998,27958,0.23424358071807033,0.5250723059009127
4086,0.4086,12,16,12,580338,25272,80010,27946,0.23409537218866946,0.5251230786575971
4087,0.4087,14,25,14,580363,25247,80024,27932,0.2338637963614806,0.5252449275089791
4088,0.4088,9,14,9,580377,25233,80033,27923,0.23373411389825485,0.5253028820829257
4089,0.4089,13,29,13,580406,25204,80046,27910,0.23346548593871577,0.5254735098090899
4090,0.409,15,14,15,580420,25190,80061,27895,0.23333580347549002,0.5254780069699538
4091,0.4091,8,22,8,580442,25168,80069,27887,0.2331320167475638,0.5256243520874564
4092,0.4092,17,22,17,580464,25146,80086,27870,0.23292823001963764,0.525690357627886
4093,0.4093,10,22,10,580486,25124,80096,27860,0.23272444329171144,0.52581911520459
4094,0.4094,9,16,9,580502,25108,80105,27851,0.23257623476231057,0.5258973923223625
4095,0.4095,10,22,10,580524,25086,80115,27841,0.23237244803438437,0.5260264137396792
4096,0.4096,13,24,13,580548,25062,80128,27828,0.23215013524028308,0.5261486103233125
4097,0.4097,14,27,14,580575,25035,80142,27814,0.2319000333469191,0.5262918882098053
4098,0.4098,10,23,10,580598,25012,80152,27804,0.23168698358590537,0.5264313844289609
4099,0.4099,10,18,10,580616,24994,80162,27794,0.23152024899032939,0.5265211790558461
4100,0.41,14,16,14,580632,24978,80176,27780,0.23137204046092852,0.5265552143750711
4101,0.4101,6,21,6,580653,24957,80182,27774,0.23117751676608989,0.5267110428400751
4102,0.4102,14,20,14,580673,24937,80196,27760,0.2309922561043388,0.5267852059889557
4103,0.4103,16,17,16,580690,24920,80212,27744,0.23083478454185039,0.5268114841257785
4104,0.4104,14,22,14,580712,24898,80226,27730,0.23063099781392418,0.5269058295964125
4105,0.4105,12,18,12,580730,24880,80238,27718,0.2304642632183482,0.5269782120993194
4106,0.4106,21,10,21,580740,24870,80259,27697,0.23037163288747267,0.5268894934084121
4107,0.4107,12,20,12,580760,24850,80271,27685,0.23018637222572158,0.5269820119920053
4108,0.4108,12,14,12,580774,24836,80283,27673,0.23005668976249583,0.527014416576206
4109,0.4109,16,18,16,580792,24818,80299,27657,0.22988995516691985,0.5270509766555502
4110,0.411,8,24,8,580816,24794,80307,27649,0.22966764237281856,0.5272200293652156
4111,0.4111,7,21,7,580837,24773,80314,27642,0.22947311867797993,0.5273681198130307
4112,0.4112,12,22,12,580859,24751,80326,27630,0.22926933195005372,0.5274813386533285
4113,0.4113,8,23,8,580882,24728,80334,27622,0.22905628218903998,0.5276408787010506
4114,0.4114,8,17,8,580899,24711,80342,27614,0.22889881062655157,0.5277400860009556
4115,0.4115,9,18,9,580917,24693,80351,27605,0.2287320760309756,0.5278404527897816
4116,0.4116,10,16,10,580933,24677,80361,27595,0.22858386750157472,0.52791169268442
4117,0.4117,13,19,13,580952,24658,80374,27582,0.22840786987291117,0.5279862174578867
4118,0.4118,13,14,13,580966,24644,80387,27569,0.22827818740968542,0.5280102656426561
4119,0.4119,10,28,10,580994,24616,80397,27559,0.2280188224832339,0.5282031624341159
4120,0.412,14,22,14,581016,24594,80411,27545,0.2278150357553077,0.528299353650818
4121,0.4121,8,13,8,581029,24581,80419,27537,0.22769461632516952,0.5283587244330173
4122,0.4122,13,16,13,581045,24565,80432,27524,0.22754640779576865,0.5284033097199025
4123,0.4123,19,16,19,581061,24549,80451,27505,0.22739819926636778,0.5283935912706036
4124,0.4124,14,16,14,581077,24533,80465,27491,0.22724999073696692,0.5284291865292942
4125,0.4125,15,28,15,581105,24505,80480,27476,0.2269906258105154,0.52857774956234
4126,0.4126,16,16,16,581121,24489,80496,27460,0.22684241728111454,0.5285953531348053
4127,0.4127,8,14,8,581135,24475,80504,27452,0.22671273481788876,0.528665241589154
4128,0.4128,7,19,7,581154,24456,80511,27445,0.22653673718922523,0.5287952062580682
4129,0.4129,12,23,12,581177,24433,80523,27433,0.2263236874282115,0.5289206802143986
4130,0.413,10,15,10,581192,24418,80533,27423,0.2261847419318982,0.5289828514110453
4131,0.4131,12,18,12,581210,24400,80545,27411,0.2260180073363222,0.5290575360444694
4132,0.4132,15,15,15,581225,24385,80560,27396,0.2258790618400089,0.5290743709082482
4133,0.4133,10,19,10,581244,24366,80570,27386,0.22570306421134537,0.5291776163240068
4134,0.4134,18,21,18,581265,24345,80588,27368,0.22550854051650673,0.5292286272310638
4135,0.4135,9,25,9,581290,24320,80597,27359,0.22527696468931788,0.5294026587201764
4136,0.4136,14,21,14,581311,24299,80611,27345,0.22508244099447924,0.5294903570598715
4137,0.4137,12,10,12,581321,24289,80623,27333,0.22498981066360368,0.5294835535236915
4138,0.4138,15,22,15,581343,24267,80638,27318,0.2247860239356775,0.5295725501599302
4139,0.4139,13,15,13,581358,24252,80651,27305,0.22464707843936418,0.5296080066722268
4140,0.414,8,22,8,581380,24230,80659,27297,0.22444329171143798,0.529761096124362
4141,0.4141,10,24,10,581404,24206,80669,27287,0.2242209789173367,0.529916687705125
4142,0.4142,10,18,10,581422,24188,80679,27277,0.22405424432176071,0.530010686874575
4143,0.4143,10,19,10,581441,24169,80689,27267,0.2238782466930972,0.530115094486352
4144,0.4144,17,12,17,581453,24157,80706,27250,0.22376709029604655,0.530083451670006
4145,0.4145,15,21,15,581474,24136,80721,27235,0.2235725666012079,0.530162932393763
4146,0.4146,17,16,17,581490,24120,80738,27218,0.22342435807180702,0.5301725817133507
4147,0.4147,6,17,6,581507,24103,80744,27212,0.2232668865093186,0.530293286563383
4148,0.4148,12,15,12,581522,24088,80756,27200,0.2231279410130053,0.5303384807362346
4149,0.4149,7,18,7,581540,24070,80763,27193,0.22296120641742934,0.5304605661003062
4150,0.415,9,9,9,581549,24061,80772,27184,0.22287783911964135,0.530471265489316
4151,0.4151,13,23,13,581572,24038,80785,27171,0.2226647893586276,0.530590325919272
4152,0.4152,18,22,18,581594,24016,80803,27153,0.2224610026307014,0.5306533252555258
4153,0.4153,17,33,17,581627,23983,80820,27136,0.22215532253881212,0.5308398051605079
4154,0.4154,12,17,12,581644,23966,80832,27124,0.22199785097632369,0.5309062438833431
4155,0.4155,13,18,13,581662,23948,80845,27111,0.2218311163807477,0.5309739712881176
4156,0.4156,11,15,11,581677,23933,80856,27100,0.2216921708844344,0.5310289420571003
4157,0.4157,14,13,14,581690,23920,80870,27086,0.2215717514542962,0.5310355644433988
4158,0.4158,8,21,8,581711,23899,80878,27078,0.22137722775945756,0.5311807285638621
4159,0.4159,15,13,15,581724,23886,80893,27063,0.22125680832931935,0.53117823706059
4160,0.416,21,13,21,581737,23873,80914,27042,0.22113638889918114,0.5311204949425513
4161,0.4161,15,19,15,581756,23854,80929,27027,0.22096039127051761,0.531180597865608
4162,0.4162,20,24,20,581780,23830,80949,27007,0.22073807847641633,0.5312469264512067
4163,0.4163,10,17,10,581797,23813,80959,26997,0.2205806069139279,0.5313324148789609
4164,0.4164,16,25,16,581822,23788,80975,26981,0.22034903108673903,0.5314463550591897
4165,0.4165,9,21,9,581843,23767,80984,26972,0.2201545073919004,0.5315832002995723
4166,0.4166,11,11,11,581854,23756,80995,26961,0.2200526140279373,0.5315969004475817
4167,0.4167,9,26,9,581880,23730,81004,26952,0.2198117751676609,0.531786433053155
4168,0.4168,17,17,17,581897,23713,81021,26935,0.2196543036051725,0.5318077712841573
4169,0.4169,8,27,8,581924,23686,81029,26927,0.21940420171180852,0.5320174658684528
4170,0.417,17,16,17,581940,23670,81046,26910,0.21925599318240765,0.5320284697508897
4171,0.4171,10,14,10,581954,23656,81056,26900,0.2191263107191819,0.5320832344331039
4172,0.4172,6,23,6,581977,23633,81062,26894,0.21891326095816815,0.5322698755121025
4173,0.4173,12,19,12,581996,23614,81074,26882,0.2187372633295046,0.5323589987325729
4174,0.4174,11,17,11,582013,23597,81085,26871,0.2185797917670162,0.5324363953396212
4175,0.4175,10,19,10,582032,23578,81095,26861,0.21840379413835267,0.5325442613850394
4176,0.4176,10,12,10,582044,23566,81105,26851,0.218292637741302,0.532578297002995
4177,0.4177,14,20,14,582064,23546,81119,26837,0.21810737707955094,0.5326598257348709
4178,0.4178,10,16,10,582080,23530,81129,26827,0.21795916855015007,0.5327362630815974
4179,0.4179,13,18,13,582098,23512,81142,26814,0.2177924339545741,0.532806104200612
4180,0.418,10,17,10,582115,23495,81152,26804,0.21763496239208566,0.5328932980774965
4181,0.4181,11,28,11,582143,23467,81163,26793,0.21737559746563415,0.5330879426979706
4182,0.4182,12,21,12,582164,23446,81175,26781,0.2171810737707955,0.5331992752901825
4183,0.4183,17,18,17,582182,23428,81192,26764,0.21701433917521953,0.533232387631495
4184,0.4184,8,26,8,582208,23402,81200,26756,0.21677350031494313,0.53343434746202
4185,0.4185,10,23,10,582231,23379,81210,26746,0.2165604505539294,0.5335860349127182
4186,0.4186,11,26,11,582257,23353,81221,26735,0.21631961169365296,0.5337605813767768
4187,0.4187,8,16,8,582273,23337,81229,26727,0.2161714031642521,0.5338566634707574
4188,0.4188,17,18,17,582291,23319,81246,26710,0.21600466856867612,0.5338903436007116
4189,0.4189,11,17,11,582308,23302,81257,26699,0.2158471970061877,0.5339693206135877
4190,0.419,19,18,19,582326,23284,81276,26680,0.21568046241061173,0.5339844688175487
4191,0.4191,13,15,13,582341,23269,81289,26667,0.21554151691429843,0.5340235501441846
4192,0.4192,8,15,8,582356,23254,81297,26659,0.2154025714179851,0.5341093502694689
4193,0.4193,7,19,7,582375,23235,81304,26652,0.21522657378932158,0.5342473991220158
4194,0.4194,10,16,10,582391,23219,81314,26642,0.21507836525992072,0.5343254246806121
4195,0.4195,8,9,8,582400,23210,81322,26634,0.21499499796213273,0.534347163149025
4196,0.4196,8,23,8,582423,23187,81330,26626,0.21478194820111898,0.5345191014393833
4197,0.4197,14,20,14,582443,23167,81344,26612,0.2145966875393679,0.534602945016975
4198,0.4198,11,21,11,582464,23146,81355,26601,0.21440216384452926,0.5347257121032424
4199,0.4199,14,16,14,582480,23130,81369,26587,0.2142539553151284,0.5347667799746566
4200,0.42,18,18,18,582498,23112,81387,26569,0.2140872207195524,0.5347919727863771
4201,0.4201,14,18,14,582516,23094,81401,26555,0.21392048612397643,0.534854679852565
4202,0.4202,9,20,9,582536,23074,81410,26546,0.21373522546222534,0.5349858927851673
4203,0.4203,11,18,11,582554,23056,81421,26535,0.21356849086664936,0.5350769292815228
4204,0.4204,12,24,12,582578,23032,81433,26523,0.21334617807254808,0.5352234890525679
4205,0.4205,11,25,11,582603,23007,81444,26512,0.21311460224535922,0.5353904561885336
4206,0.4206,11,20,11,582623,22987,81455,26501,0.21292934158360813,0.5355035564177174
4207,0.4207,10,16,10,582639,22971,81465,26491,0.21278113305420726,0.5355828716994865
4208,0.4208,13,15,13,582654,22956,81478,26478,0.21264218755789396,0.5356232552494234
4209,0.4209,12,21,12,582675,22935,81490,26466,0.21244766386305533,0.5357381429525718
4210,0.421,12,17,12,582692,22918,81502,26454,0.2122901923005669,0.5358097707202463
4211,0.4211,16,19,16,582711,22899,81518,26438,0.21211419467190337,0.5358655775584247
4212,0.4212,12,10,12,582721,22889,81530,26426,0.2120215643410278,0.5358612998073609
4213,0.4213,11,14,11,582735,22875,81541,26415,0.21189188187780206,0.5359099208764455
4214,0.4214,9,15,9,582750,22860,81550,26406,0.21175293638148876,0.535988308366825
4215,0.4215,10,16,10,582766,22844,81560,26396,0.2116047278520879,0.536068237205524
4216,0.4216,12,14,12,582780,22830,81572,26384,0.21147504538886214,0.53610761165522
4217,0.4217,14,14,14,582794,22816,81586,26370,0.21134536292563638,0.5361281665514578
4218,0.4218,12,16,12,582810,22800,81598,26358,0.21119715439623551,0.5361894300012205
4219,0.4219,9,24,9,582834,22776,81607,26349,0.2109748416021342,0.5363664122137405
4220,0.422,18,14,18,582848,22762,81625,26331,0.21084515913890844,0.5363493777116901
4221,0.4221,10,14,10,582862,22748,81635,26321,0.2107154766756827,0.5364079153844586
4222,0.4222,8,13,8,582875,22735,81643,26313,0.21059505724554448,0.5364744739846681
4223,0.4223,17,12,17,582887,22723,81660,26296,0.21048390084849383,0.5364450519186438
4224,0.4224,12,12,12,582899,22711,81672,26284,0.2103727444514432,0.5364629043779977
4225,0.4225,12,14,12,582913,22697,81684,26272,0.21024306198821743,0.5365026853723784
4226,0.4226,11,17,11,582930,22680,81695,26261,0.210085590425729,0.5365848674935126
4227,0.4227,12,14,12,582944,22666,81707,26249,0.20995590796250324,0.5366247572319329
4228,0.4228,7,12,7,582956,22654,81714,26242,0.2098447515654526,0.5366901178010471
4229,0.4229,9,19,9,582975,22635,81723,26233,0.20966875393678905,0.5368134566587542
4230,0.423,6,12,6,582987,22623,81729,26227,0.2095575975397384,0.5368884339815763
4231,0.4231,11,11,11,582998,22612,81740,26216,0.2094557041757753,0.5369050544769395
4232,0.4232,8,20,8,583018,22592,81748,26208,0.20927044351402424,0.5370491803278689
4233,0.4233,12,18,12,583036,22574,81760,26196,0.20910370891844826,0.5371334836989953
4234,0.4234,10,20,10,583056,22554,81770,26186,0.20891844825669717,0.5372589249076734
4235,0.4235,19,23,19,583079,22531,81789,26167,0.20870539849568343,0.5373321286295125
4236,0.4236,7,14,7,583093,22517,81796,26160,0.20857571603245767,0.5374201368202642
4237,0.4237,8,20,8,583113,22497,81804,26152,0.20839045537070658,0.5375650064749532
4238,0.4238,7,20,7,583133,22477,81811,26145,0.2082051947089555,0.5377195508206162
4239,0.4239,15,13,15,583146,22464,81826,26130,0.2080847752788173,0.5377207062600321
4240,0.424,14,11,14,583157,22453,81840,26116,0.2079828819148542,0.5377092384030966
4241,0.4241,17,20,17,583177,22433,81857,26099,0.2077976212531031,0.5377688947498558
4242,0.4242,11,9,11,583186,22424,81868,26088,0.20771425395531512,0.537763852242744
4243,0.4243,6,10,6,583196,22414,81874,26082,0.2076216236244396,0.5378175519630485
4244,0.4244,9,11,9,583207,22403,81883,26073,0.2075197302604765,0.5378537833154551
4245,0.4245,14,14,14,583221,22389,81897,26059,0.20739004779725073,0.5378756605019815
4246,0.4246,4,15,4,583236,22374,81901,26055,0.2072511023009374,0.5380040884593942
4247,0.4247,9,19,9,583255,22355,81910,26046,0.20707510467227389,0.5381293774922006
4248,0.4248,12,19,12,583274,22336,81922,26034,0.20689910704361036,0.5382261732478809
4249,0.4249,12,14,12,583288,22322,81934,26022,0.2067694245803846,0.5382674168459375
4250,0.425,15,19,15,583307,22303,81949,26007,0.20659342695172106,0.538335748292279
4251,0.4251,11,15,11,583322,22288,81960,25996,0.20645448145540776,0.5383978129401044
4252,0.4252,10,20,10,583342,22268,81970,25986,0.20626922079365667,0.538525303601774
4253,0.4253,13,16,13,583358,22252,81983,25973,0.2061210122642558,0.5385795749092794
4254,0.4254,12,11,12,583369,22241,81995,25961,0.2060191189002927,0.5385876104725945
4255,0.4255,10,18,10,583387,22223,82005,25951,0.20585238430471672,0.5386930709511355
4256,0.4256,16,21,16,583408,22202,82021,25935,0.2056578606098781,0.5387747470760538
4257,0.4257,8,13,8,583421,22189,82029,25927,0.2055374411797399,0.5388436278992434
4258,0.4258,12,15,12,583436,22174,82041,25915,0.20539849568342658,0.5388966291667533
4259,0.4259,10,19,10,583455,22155,82051,25905,0.20522249805476306,0.5390137328339576
4260,0.426,9,22,9,583477,22133,82060,25896,0.20501871132683686,0.5391742488912948
4261,0.4261,13,19,13,583496,22114,82073,25883,0.20484271369817333,0.5392628705960789
4262,0.4262,11,20,11,583516,22094,82084,25872,0.20465745303642224,0.539382062294125
4263,0.4263,7,16,7,583532,22078,82091,25865,0.20450924450702138,0.5394948167615711
4264,0.4264,15,17,15,583549,22061,82106,25850,0.20435177294453297,0.5395420675836446
4265,0.4265,6,16,6,583565,22045,82112,25844,0.2042035644151321,0.5396646411493244
4266,0.4266,12,15,12,583580,22030,82124,25832,0.20406461891881877,0.5397183569428774
4267,0.4267,17,15,17,583595,22015,82141,25815,0.20392567342250548,0.5397240225799708
4268,0.4268,4,15,4,583610,22000,82145,25811,0.20378672792619215,0.539854845119324
4269,0.4269,11,15,11,583625,21985,82156,25800,0.20364778242987883,0.5399183844302605
4270,0.427,12,21,12,583646,21964,82168,25788,0.2034532587350402,0.54004020773999
4271,0.4271,17,16,17,583662,21948,82185,25771,0.20330505020563933,0.5400574194765188
4272,0.4272,8,22,8,583684,21926,82193,25763,0.20310126347771315,0.5402294030069827
4273,0.4273,15,21,15,583705,21905,82208,25748,0.20290673978287452,0.540322749879336
4274,0.4274,13,19,13,583724,21886,82221,25735,0.20273074215421097,0.540412843073434
4275,0.4275,22,14,22,583738,21872,82243,25713,0.2026010596909852,0.5403593569402122
4276,0.4276,11,32,11,583770,21840,82254,25702,0.20230464263218348,0.5406167178494805
4277,0.4277,11,20,11,583790,21820,82265,25691,0.2021193819704324,0.5407379343730926
4278,0.4278,14,19,14,583809,21801,82279,25677,0.20194338434176887,0.5408189055983824
4279,0.4279,11,15,11,583824,21786,82290,25666,0.20180443884545557,0.5408834190339712
4280,0.428,14,7,14,583831,21779,82304,25652,0.20173959761384266,0.5408277287006388
4281,0.4281,13,18,13,583849,21761,82317,25639,0.2015728630182667,0.5409071729957806
4282,0.4282,17,13,17,583862,21748,82334,25622,0.2014524435881285,0.5408908591935825
4283,0.4283,14,15,14,583877,21733,82348,25608,0.20131349809181517,0.5409264696563233
4284,0.4284,17,17,17,583894,21716,82365,25591,0.20115602652932676,0.5409558839072441
4285,0.4285,9,14,9,583908,21702,82374,25582,0.201026344066101,0.5410286777768378
4286,0.4286,13,8,13,583916,21694,82387,25569,0.20095223980140056,0.5409940122294395
4287,0.4287,15,16,15,583932,21678,82402,25554,0.2008040312719997,0.5410315040650406
4288,0.4288,16,16,16,583948,21662,82418,25538,0.20065582274259883,0.5410593220338983
4289,0.4289,10,17,10,583965,21645,82428,25528,0.20049835118011042,0.5411570177855977
4290,0.429,11,30,11,583995,21615,82439,25517,0.2002204601874838,0.5413943817363999
4291,0.4291,12,21,12,584016,21594,82451,25505,0.20002593649264516,0.5415189282150364
4292,0.4292,12,22,12,584038,21572,82463,25493,0.19982214976471896,0.541655157760544
4293,0.4293,8,11,8,584049,21561,82471,25485,0.19972025640075586,0.5417038643030225
4294,0.4294,9,8,9,584057,21553,82480,25476,0.19964615213605544,0.5417083076399668
4295,0.4295,9,12,9,584069,21541,82489,25467,0.19953499573900477,0.5417588495575221
4296,0.4296,12,13,12,584082,21528,82501,25455,0.19941457630886658,0.5417917118957921
4297,0.4297,14,13,14,584095,21515,82515,25441,0.19929415687872837,0.5418050941306756
4298,0.4298,14,15,14,584110,21500,82529,25427,0.19915521138241507,0.5418415837364418
4299,0.4299,17,14,17,584124,21486,82546,25410,0.1990255289191893,0.5418372569089048
4300,0.43,15,14,15,584138,21472,82561,25395,0.19889584645596353,0.5418524761559306
4301,0.4301,12,9,12,584147,21463,82573,25383,0.19881247915817554,0.5418392178627844
4302,0.4302,11,22,11,584169,21441,82584,25372,0.19860869243024937,0.5419862004144148
4303,0.4303,8,20,8,584189,21421,82592,25364,0.19842343176849828,0.5421395746499946
4304,0.4304,12,17,12,584206,21404,82604,25352,0.19826596020600987,0.5422191804260416
4305,0.4305,9,17,9,584223,21387,82613,25343,0.19810848864352143,0.5423282687780869
4306,0.4306,6,14,6,584237,21373,82619,25337,0.19797880618029567,0.5424320274031257
4307,0.4307,6,7,6,584244,21366,82625,25331,0.1979139649486828,0.542454547401332
4308,0.4308,10,18,10,584262,21348,82635,25321,0.19774723035310682,0.5425657288564143
4309,0.4309,16,20,16,584282,21328,82651,25305,0.19756196969135573,0.5426414770655973
4310,0.431,11,18,11,584300,21310,82662,25294,0.19739523509577978,0.5427431121792121
4311,0.4311,10,15,10,584315,21295,82672,25284,0.19725628959946645,0.5428197256274286
4312,0.4312,11,15,11,584330,21280,82683,25273,0.19711734410315312,0.5428866023671943
4313,0.4313,11,21,11,584351,21259,82694,25262,0.1969228204083145,0.5430235807484792
4314,0.4314,15,21,15,584372,21238,82709,25247,0.19672829671347586,0.5431214370226954
4315,0.4315,10,15,10,584387,21223,82719,25237,0.19658935121716256,0.5431984502798106
4316,0.4316,12,11,12,584398,21212,82731,25225,0.19648745785319946,0.5432090789672028
4317,0.4317,8,14,8,584412,21198,82739,25217,0.1963577753899737,0.5432941936873855
4318,0.4318,11,14,11,584426,21184,82750,25206,0.19622809292674792,0.5433498598835956
4319,0.4319,8,19,8,584445,21165,82758,25198,0.1960520952980844,0.5434937342277247
4320,0.432,3,16,3,584461,21149,82761,25195,0.19590388676868353,0.5436518211634731
4321,0.4321,12,12,12,584473,21137,82773,25183,0.1957927303716329,0.5436744386873921
4322,0.4322,9,14,9,584487,21123,82782,25174,0.19566304790840713,0.543750134997948
4323,0.4323,15,12,15,584499,21111,82797,25159,0.1955518915113565,0.5437432461638211
4324,0.4324,15,11,15,584510,21100,82812,25144,0.1954499981473934,0.5437245912983306
4325,0.4325,7,14,7,584524,21086,82819,25137,0.19532031568416763,0.543820176102806
4326,0.4326,9,17,9,584541,21069,82828,25128,0.1951628441216792,0.5439314241184493
4327,0.4327,7,19,7,584560,21050,82835,25121,0.19498684649301568,0.5440861146607178
4328,0.4328,8,15,8,584575,21035,82843,25113,0.19484790099670235,0.5441839299644622
4329,0.4329,12,17,12,584592,21018,82855,25101,0.19469042943421394,0.5442659207701814
4330,0.433,12,14,12,584606,21004,82867,25089,0.19456074697098819,0.5443125854251187
4331,0.4331,12,8,12,584614,20996,82879,25077,0.19448664270628774,0.5442884118681224
4332,0.4332,8,17,8,584631,20979,82887,25069,0.19432917114379933,0.5444101806810285
4333,0.4333,8,14,8,584645,20965,82895,25061,0.19419948868057357,0.5444965888845436
4334,0.4334,11,9,11,584654,20956,82906,25050,0.19411612138278558,0.5444941964091641
4335,0.4335,16,14,16,584668,20942,82922,25034,0.19398643891955983,0.5445014790325388
4336,0.4336,12,20,12,584688,20922,82934,25022,0.19380117825780874,0.5446195368274421
4337,0.4337,14,15,14,584703,20907,82948,25008,0.1936622327614954,0.5446586082979419
4338,0.4338,7,18,7,584721,20889,82955,25001,0.19349549816591946,0.54480278927871
4339,0.4339,10,17,10,584738,20872,82965,24991,0.19333802660343102,0.544905479362449
4340,0.434,7,14,7,584752,20858,82972,24984,0.19320834414020527,0.5450023995462676
4341,0.4341,11,17,11,584769,20841,82983,24973,0.19305087257771686,0.5450953856899637
4342,0.4342,9,13,9,584782,20828,82992,24964,0.19293045314757865,0.5451607267645003
4343,0.4343,11,24,11,584806,20804,83003,24953,0.19270814035347733,0.5453373254365452
4344,0.4344,16,14,16,584820,20790,83019,24937,0.19257845789025158,0.5453452008660091
4345,0.4345,15,20,15,584840,20770,83034,24922,0.1923931972285005,0.5454346493915784
4346,0.4346,9,15,9,584855,20755,83043,24913,0.1922542517321872,0.5455242182709994
4347,0.4347,13,18,13,584873,20737,83056,24900,0.1920875171366112,0.5456099217739991
4348,0.4348,12,14,12,584887,20723,83068,24888,0.19195783467338545,0.5456578456951174
4349,0.4349,7,18,7,584905,20705,83075,24881,0.19179110007780947,0.5458035361733866
4350,0.435,10,12,10,584917,20693,83085,24871,0.19167994368075883,0.5458475989816521
4351,0.4351,7,17,7,584934,20676,83092,24864,0.1915224721182704,0.5459815546772069
4352,0.4352,14,15,14,584949,20661,83106,24850,0.1913835266219571,0.5460218408736349
4353,0.4353,5,13,5,584962,20648,83111,24845,0.19126310719181888,0.5461279757325302
4354,0.4354,11,13,11,584975,20635,83122,24834,0.1911426877616807,0.5461743165673316
4355,0.4355,10,7,10,584982,20628,83132,24824,0.19107784653006782,0.5461585848807533
4356,0.4356,17,16,17,584998,20612,83149,24807,0.19092963800066695,0.5461811136308593
4357,0.4357,8,12,8,585010,20600,83157,24799,0.19081848160361628,0.5462455120156832
4358,0.4358,11,17,11,585027,20583,83168,24788,0.19066101004112787,0.5463401732384122
4359,0.4359,8,16,8,585043,20567,83176,24780,0.190512801511727,0.5464529075793327
4360,0.436,10,19,10,585062,20548,83186,24770,0.19033680388306348,0.5465819321241008
4361,0.4361,10,15,10,585077,20533,83196,24760,0.19019785838675016,0.546662839732409
4362,0.4362,9,19,9,585096,20514,83205,24751,0.19002186075808664,0.5468021650281675
4363,0.4363,8,22,8,585118,20492,83213,24743,0.18981807403016043,0.5469879518072289
4364,0.4364,11,15,11,585133,20477,83224,24732,0.18967912853384714,0.5470592138733438
4365,0.4365,9,18,9,585151,20459,83233,24723,0.18951239393827116,0.5471869328493648
4366,0.4366,5,14,5,585165,20445,83238,24718,0.1893827114750454,0.5473064233996856
4367,0.4367,17,15,17,585180,20430,83255,24701,0.18924376597873208,0.547317808158472
4368,0.4368,10,8,10,585188,20422,83265,24691,0.18916966171403166,0.547314521313147
4369,0.4369,13,14,13,585202,20408,83278,24678,0.18903997925080587,0.5473539457924854
4370,0.437,9,13,9,585215,20395,83287,24669,0.1889195598206677,0.5474214450559205
4371,0.4371,9,17,9,585232,20378,83296,24660,0.18876208825817925,0.5475376348860962
4372,0.4372,5,11,5,585243,20367,83301,24655,0.18866019489421615,0.5476211629869842
4373,0.4373,11,17,11,585260,20350,83312,24644,0.18850272333172774,0.5477174734409033
4374,0.4374,10,21,10,585281,20329,83322,24634,0.1883081996368891,0.5478726953272691
4375,0.4375,15,11,15,585292,20318,83337,24619,0.188206306272926,0.5478558871308721
4376,0.4376,10,24,10,585316,20294,83347,24609,0.18798399347882472,0.5480480146092689
4377,0.4377,11,18,11,585334,20276,83358,24598,0.18781725888324874,0.5481570619958105
4378,0.4378,5,11,5,585345,20265,83363,24593,0.18771536551928564,0.5482411164117883
4379,0.4379,11,11,11,585356,20254,83374,24582,0.18761347215532254,0.5482647872245517
4380,0.438,17,15,17,585371,20239,83391,24565,0.18747452665900924,0.548276939558968
4381,0.4381,7,8,7,585379,20231,83398,24558,0.1874004223943088,0.5483042711380026
4382,0.4382,14,13,14,585392,20218,83412,24544,0.18728000296417058,0.5483222376122604
4383,0.4383,11,21,11,585413,20197,83423,24533,0.18708547926933194,0.5484685893136597
4384,0.4384,13,21,13,585434,20176,83436,24520,0.1868909555744933,0.5485949525684625
4385,0.4385,7,14,7,585448,20162,83443,24513,0.18676127311126756,0.5486961387800784
4386,0.4386,10,25,10,585473,20137,83453,24503,0.1865296972840787,0.5489023297491039
4387,0.4387,15,16,15,585489,20121,83468,24488,0.18638148875467783,0.5489475218005335
4388,0.4388,8,21,8,585510,20100,83476,24480,0.1861869650598392,0.5491251682368775
4389,0.4389,10,19,10,585529,20081,83486,24470,0.18601096743117568,0.5492581535767996
4390,0.439,17,19,17,585548,20062,83503,24453,0.18583496980251213,0.5493204537796248
4391,0.4391,14,10,14,585558,20052,83517,24439,0.1857423394716366,0.549302106043919
4392,0.4392,16,21,16,585579,20031,83533,24423,0.18554781577679796,0.5493993791334864
4393,0.4393,13,15,13,585594,20016,83546,24410,0.18540887028048464,0.5494530230045469
4394,0.4394,11,19,11,585613,19997,83557,24399,0.18523287265182112,0.5495765384268853
4395,0.4395,14,14,14,585627,19983,83571,24385,0.18510319018859536,0.5496078254597908
4396,0.4396,9,14,9,585641,19969,83580,24376,0.1849735077253696,0.5496899312211072
4397,0.4397,10,10,10,585651,19959,83590,24366,0.18488087739449405,0.5497123519458544
4398,0.4398,11,20,11,585671,19939,83601,24355,0.18469561673274296,0.5498487379780557
4399,0.4399,9,17,9,585688,19922,83610,24346,0.18453814517025455,0.5499683744465528
4400,0.44,9,9,9,585697,19913,83619,24337,0.18445477787246656,0.5499887005649717
4401,0.4401,8,18,8,585715,19895,83627,24329,0.18428804327689058,0.5501311505065123
4402,0.4402,13,6,13,585721,19889,83640,24316,0.18423246507836527,0.5500735210948988
4403,0.4403,13,13,13,585734,19876,83653,24303,0.18411204564822706,0.5501029901084226
4404,0.4404,11,18,11,585752,19858,83664,24292,0.18394531105265108,0.5502151755379389
4405,0.4405,9,18,9,585770,19840,83673,24283,0.1837785764570751,0.5503478911225438
4406,0.4406,15,19,15,585789,19821,83688,24268,0.18360257882841158,0.5504320805643131
4407,0.4407,10,18,10,585807,19803,83698,24258,0.1834358442328356,0.5505549125076599
4408,0.4408,15,16,15,585823,19787,83713,24243,0.18328763570343473,0.5506018623665683
4409,0.4409,14,18,14,585841,19769,83727,24229,0.18312090110785875,0.5506841220055457
4410,0.441,10,18,10,585859,19751,83737,24219,0.18295416651228277,0.5508073686604503
4411,0.4411,10,22,10,585881,19729,83747,24209,0.1827503797843566,0.5509809276708089
4412,0.4412,11,16,11,585897,19713,83758,24198,0.18260217125495573,0.5510692081710733
4413,0.4413,5,8,5,585905,19705,83763,24193,0.18252806699025528,0.5511185019818671
4414,0.4414,11,10,11,585915,19695,83774,24182,0.18243543665937975,0.5511315723499783
4415,0.4415,10,17,10,585932,19678,83784,24172,0.18227796509689131,0.5512428734321551
4416,0.4416,13,10,13,585942,19668,83797,24159,0.18218533476601578,0.5512355397357793
4417,0.4417,6,16,6,585958,19652,83803,24153,0.18203712623661492,0.5513754137655519
4418,0.4418,8,15,8,585973,19637,83811,24145,0.18189818074030162,0.5514823443424238
4419,0.4419,9,17,9,585990,19620,83820,24136,0.18174070917781318,0.5516043514032362
4420,0.442,10,10,10,586000,19610,83830,24126,0.18164807884693765,0.5516279495152735
4421,0.4421,12,11,12,586011,19599,83842,24114,0.18154618548297455,0.5516436757943861
4422,0.4422,14,12,14,586023,19587,83856,24100,0.1814350290859239,0.5516515210474512
4423,0.4423,9,16,9,586039,19571,83865,24091,0.18128682055652304,0.5517612569282213
4424,0.4424,7,11,7,586050,19560,83872,24084,0.18118492719255994,0.5518284300247457
4425,0.4425,15,18,15,586068,19542,83887,24069,0.18101819259698396,0.5519020430625301
4426,0.4426,14,16,14,586084,19526,83901,24055,0.1808699840675831,0.5519607168261398
4427,0.4427,8,14,8,586098,19512,83909,24047,0.18074030160435733,0.5520558323193829
4428,0.4428,12,12,12,586110,19500,83921,24035,0.1806291452073067,0.5520845296887562
4429,0.4429,11,12,11,586122,19488,83932,24024,0.18051798881025602,0.5521235521235521
4430,0.443,10,8,10,586130,19480,83942,24014,0.1804438845455556,0.5521221317882926
4431,0.4431,15,13,15,586143,19467,83957,23999,0.1803234651154174,0.5521327014218009
4432,0.4432,10,14,10,586157,19453,83967,23989,0.18019378265219163,0.5522075410892684
4433,0.4433,10,18,10,586175,19435,83977,23979,0.18002704805661565,0.5523333486893629
4434,0.4434,8,19,8,586194,19416,83985,23971,0.17985105042795213,0.5524926821398115
4435,0.4435,5,12,5,586206,19404,83990,23966,0.1797398940309015,0.5525939589578049
4436,0.4436,14,17,14,586223,19387,84004,23952,0.17958242246841305,0.5526661898059485
4437,0.4437,15,15,15,586238,19372,84019,23937,0.17944347697209975,0.5527026715001501
4438,0.4438,9,21,9,586259,19351,84028,23928,0.17924895327726112,0.5528778391367638
4439,0.4439,13,22,13,586281,19329,84041,23915,0.17904516654933492,0.5530246970678013
4440,0.444,4,11,4,586292,19318,84045,23911,0.17894327318537182,0.5531240602373406
4441,0.4441,8,12,8,586304,19306,84053,23903,0.17883211678832117,0.5531949362401352
4442,0.4442,10,13,10,586317,19293,84063,23893,0.17871169735818296,0.5532580002778679
4443,0.4443,8,14,8,586331,19279,84071,23885,0.1785820148949572,0.5533546473913447
4444,0.4444,6,13,6,586344,19266,84077,23879,0.178461595464819,0.5534592652682814
4445,0.4445,9,16,9,586360,19250,84086,23870,0.17831338693541812,0.5535714285714286
4446,0.4446,15,17,15,586377,19233,84101,23855,0.1781559153729297,0.5536344225770516
4447,0.4447,5,11,5,586388,19222,84106,23850,0.1780540220089666,0.5537239970282318
4448,0.4448,11,14,11,586402,19208,84117,23839,0.17792433954574086,0.5537900434408902
4449,0.4449,12,14,12,586416,19194,84129,23827,0.1777946570825151,0.5538457962390461
4450,0.445,13,16,13,586432,19178,84142,23814,0.17764644855311423,0.5539170078154075
4451,0.4451,8,12,8,586444,19166,84150,23806,0.1775352921560636,0.553988643768035
4452,0.4452,12,13,12,586457,19153,84162,23794,0.17741487272592538,0.5540317135073463
4453,0.4453,7,19,7,586476,19134,84169,23787,0.17723887509726186,0.5542042356888236
4454,0.4454,9,12,9,586488,19122,84178,23778,0.17712771870021118,0.5542657342657342
4455,0.4455,6,16,6,586504,19106,84184,23772,0.17697951017081032,0.554410187042306
4456,0.4456,13,8,13,586512,19098,84197,23759,0.1769054059061099,0.5543785145950486
4457,0.4457,12,19,12,586531,19079,84209,23747,0.17672940827744638,0.5544996030448793
4458,0.4458,7,16,7,586547,19063,84216,23740,0.1765811997480455,0.5546340209798378
4459,0.4459,6,13,6,586560,19050,84222,23734,0.1764607803179073,0.5547400897531788
4460,0.446,18,10,18,586570,19040,84240,23716,0.17636814998703176,0.5546823837590046
4461,0.4461,11,12,11,586582,19028,84251,23705,0.1762569935899811,0.5547235157840544
4462,0.4462,8,17,8,586599,19011,84259,23697,0.17609952202749268,0.554860915987637
4463,0.4463,10,12,10,586611,18999,84269,23687,0.17598836563044204,0.5549126177200956
4464,0.4464,7,14,7,586625,18985,84276,23680,0.17585868316721628,0.5550216805343958
4465,0.4465,9,9,9,586634,18976,84285,23671,0.1757753158694283,0.5550449035102117
4466,0.4466,12,19,12,586653,18957,84297,23659,0.17559931824076475,0.5551670733996621
4467,0.4467,10,11,10,586664,18946,84307,23649,0.17549742487680167,0.5552060100950816
4468,0.4468,13,10,13,586674,18936,84320,23636,0.1754047945459261,0.5552006013342102
4469,0.4469,15,16,15,586690,18920,84335,23621,0.17525658601652525,0.5552525798641311
4470,0.447,11,20,11,586710,18900,84346,23610,0.17507132535477415,0.5553987297106563
4471,0.4471,13,19,13,586729,18881,84359,23597,0.17489532772611063,0.5555110880926597
4472,0.4472,8,12,8,586741,18869,84367,23589,0.17478417132906,0.555584342173442
4473,0.4473,15,10,15,586751,18859,84382,23574,0.17469154099818446,0.55555817406264
4474,0.4474,10,14,10,586765,18845,84392,23564,0.17456185853495867,0.5556367752128086
4475,0.4475,8,14,8,586779,18831,84400,23556,0.17443217607173292,0.5557364286219831
4476,0.4476,8,14,8,586793,18817,84408,23548,0.17430249360850716,0.5558361855305086
4477,0.4477,13,14,13,586807,18803,84421,23535,0.1741728111452814,0.5558836033823044
4478,0.4478,13,13,13,586820,18790,84434,23522,0.1740523917151432,0.5559179429003592
4479,0.4479,11,14,11,586834,18776,84445,23511,0.17392270925191744,0.5559864733842552
4480,0.448,9,14,9,586848,18762,84454,23502,0.17379302678869168,0.556076093128904
4481,0.4481,11,21,11,586869,18741,84465,23491,0.17359850309385305,0.5562369767001326
4482,0.4482,7,12,7,586881,18729,84472,23484,0.1734873466968024,0.5563215123303248
4483,0.4483,12,17,12,586898,18712,84484,23472,0.17332987513431397,0.5564194955433339
4484,0.4484,9,8,9,586906,18704,84493,23463,0.17325577086961355,0.556430383949534
4485,0.4485,8,19,8,586925,18685,84501,23455,0.17307977324095003,0.5565970574276222
4486,0.4486,11,14,11,586939,18671,84512,23444,0.17295009077772425,0.5566662709248487
4487,0.4487,13,18,13,586957,18653,84525,23431,0.1727833561821483,0.5567674175458607
4488,0.4488,9,14,9,586971,18639,84534,23422,0.1726536737189225,0.5568578968640784
4489,0.4489,6,15,6,586986,18624,84540,23416,0.17251472822260921,0.5569933396764986
4490,0.449,12,9,12,586995,18615,84552,23404,0.17243136092482123,0.5569861253242581
4491,0.4491,14,21,14,587016,18594,84566,23390,0.1722368372299826,0.5571169969512195
4492,0.4492,3,15,3,587031,18579,84569,23387,0.17209789173366927,0.5572844683791641
4493,0.4493,14,14,14,587045,18565,84583,23373,0.1719682092704435,0.5573227144832849
4494,0.4494,16,18,16,587063,18547,84599,23357,0.17180147467486753,0.557393088965254
4495,0.4495,9,12,9,587075,18535,84608,23348,0.1716903182778169,0.5574576797268581
4496,0.4496,10,12,10,587087,18523,84618,23338,0.17157916188076625,0.5575117651274456
4497,0.4497,8,12,8,587099,18511,84626,23330,0.17146800548371557,0.5575870557587056
4498,0.4498,7,9,7,587108,18502,84633,23323,0.1713846381859276,0.5576329946204424
4499,0.4499,9,12,9,587120,18490,84642,23314,0.17127348178887694,0.557697827959047
4500,0.45,12,10,12,587130,18480,84654,23302,0.1711808514580014,0.5577042745679958
4501,0.4501,8,18,8,587148,18462,84662,23294,0.17101411686242543,0.5578599482709071
4502,0.4502,12,11,12,587159,18451,84674,23282,0.17091222349846233,0.5578798552704095
4503,0.4503,8,15,8,587174,18436,84682,23274,0.17077327800214903,0.5579956844881323
4504,0.4504,12,12,12,587186,18424,84694,23262,0.17066212160509836,0.5580290745094276
4505,0.4505,7,12,7,587198,18412,84701,23255,0.17055096520804772,0.5581155350757194
4506,0.4506,12,14,12,587212,18398,84713,23243,0.17042128274482196,0.5581758363151701
4507,0.4507,14,15,14,587227,18383,84727,23229,0.17028233724850866,0.5582283956550995
4508,0.4508,12,16,12,587243,18367,84739,23217,0.1701341287191078,0.5583156983455175
4509,0.4509,12,15,12,587258,18352,84751,23205,0.16999518322279447,0.5583896816420819
4510,0.451,13,13,13,587271,18339,84764,23192,0.16987476379265626,0.5584262358238424
4511,0.4511,13,10,13,587281,18329,84777,23179,0.16978213346178073,0.5584224727763323
4512,0.4512,8,12,8,587293,18317,84785,23171,0.16967097706473008,0.558498843038951
4513,0.4513,11,21,11,587314,18296,84796,23160,0.16947645336989145,0.5586646082593594
4514,0.4514,9,14,9,587328,18282,84805,23151,0.16934677090666567,0.558757512128014
4515,0.4515,9,8,9,587336,18274,84814,23142,0.16927266664196525,0.5587695576588758
4516,0.4516,6,14,6,587350,18260,84820,23136,0.1691429841787395,0.5588945791863948
4517,0.4517,14,17,14,587367,18243,84834,23122,0.16898551261625105,0.5589749788468512
4518,0.4518,10,19,10,587386,18224,84844,23112,0.16880951498758753,0.5591252177278885
4519,0.4519,4,14,4,587400,18210,84848,23108,0.16867983252436178,0.5592719879955468
4520,0.452,8,13,8,587413,18197,84856,23100,0.16855941309422356,0.5593626655689276
4521,0.4521,9,14,9,587427,18183,84865,23091,0.1684297306309978,0.5594563163250472
4522,0.4522,6,15,6,587442,18168,84871,23085,0.1682907851346845,0.5595956657697622
4523,0.4523,10,13,10,587455,18155,84881,23075,0.1681703657045463,0.5596652922629154
4524,0.4524,11,17,11,587472,18138,84892,23064,0.1680128941420579,0.5597786515217708
4525,0.4525,11,14,11,587486,18124,84903,23053,0.1678832116788321,0.5598513733394856
4526,0.4526,13,12,13,587498,18112,84916,23040,0.16777205528178146,0.5598755832037325
4527,0.4527,8,12,8,587510,18100,84924,23032,0.16766089888473082,0.559953321015268
4528,0.4528,12,13,12,587523,18087,84936,23020,0.1675404794545926,0.56000194614056
4529,0.4529,5,14,5,587537,18073,84941,23015,0.16741079699136685,0.5601392133956387
4530,0.453,11,9,11,587546,18064,84952,23004,0.16732742969357886,0.5601441511639232
4531,0.4531,9,19,9,587565,18045,84961,22995,0.16715143206491534,0.5603070175438597
4532,0.4532,8,14,8,587579,18031,84969,22987,0.16702174960168958,0.5604125018284656
4533,0.4533,2,9,2,587588,18022,84971,22985,0.1669383823039016,0.5605140585753652
4534,0.4534,9,15,9,587603,18007,84980,22976,0.16679943680758827,0.5606226972159188
4535,0.4535,11,13,11,587616,17994,84991,22965,0.16667901737745008,0.5606826338533656
4536,0.4536,6,19,6,587635,17975,84997,22959,0.16650301974878653,0.5608784873210534
4537,0.4537,6,20,6,587655,17955,85003,22953,0.16631775908703547,0.561088295687885
4538,0.4538,4,16,4,587671,17939,85007,22949,0.1661695505576346,0.5612649188025827
4539,0.4539,9,10,9,587681,17929,85016,22940,0.16607692022675904,0.561305635077932
4540,0.454,16,8,16,587689,17921,85032,22924,0.16600281596205863,0.5612437262822867
4541,0.4541,12,14,12,587703,17907,85044,22912,0.16587313349883287,0.5613072343761484
4542,0.4542,10,14,10,587717,17893,85054,22902,0.1657434510356071,0.5613923274911141
4543,0.4543,12,17,12,587734,17876,85066,22890,0.16558597947311868,0.5614973262032086
4544,0.4544,10,14,10,587748,17862,85076,22880,0.16545629700989292,0.5615826419910658
4545,0.4545,10,5,10,587753,17857,85086,22870,0.16540998184445516,0.5615439389103052
4546,0.4546,9,12,9,587765,17845,85095,22861,0.16529882544740448,0.5616125386920847
4547,0.4547,12,9,12,587774,17836,85107,22849,0.16521545814961652,0.5616074720412929
4548,0.4548,7,16,7,587790,17820,85114,22842,0.16506724962021566,0.5617529880478087
4549,0.4549,6,8,6,587798,17812,85120,22836,0.1649931453555152,0.5617988584924227
4550,0.455,11,11,11,587809,17801,85131,22825,0.1648912519915521,0.5618323241274061
4551,0.4551,11,14,11,587823,17787,85142,22814,0.16476156952832635,0.5619073421836901
4552,0.4552,9,13,9,587836,17774,85151,22805,0.16464115009818814,0.5619901919712167
4553,0.4553,11,18,11,587854,17756,85162,22794,0.1644744155026122,0.5621208384710235
4554,0.4554,12,15,12,587869,17741,85174,22782,0.16433547000629886,0.5621992448732819
4555,0.4555,7,15,7,587884,17726,85181,22775,0.16419652450998554,0.5623317942766846
4556,0.4556,18,6,18,587890,17720,85199,22757,0.16414094631146023,0.5622205202954764
4557,0.4557,7,18,7,587908,17702,85206,22750,0.16397421171588425,0.5623949372095323
4558,0.4558,8,8,8,587916,17694,85214,22742,0.1639001074511838,0.5624196260757741
4559,0.4559,5,10,5,587926,17684,85219,22737,0.16380747712030827,0.5625046386779149
4560,0.456,10,13,10,587939,17671,85229,22727,0.16368705769017006,0.5625773553146195
4561,0.4561,11,18,11,587957,17653,85240,22716,0.1635203230945941,0.5627090093883921
4562,0.4562,8,10,8,587967,17643,85248,22708,0.16342769276371855,0.5627617655076702
4563,0.4563,9,16,9,587983,17627,85257,22699,0.16327948423431768,0.5628874671427863
4564,0.4564,10,10,10,587993,17617,85267,22689,0.16318685390344215,0.5629186721579914
4565,0.4565,8,12,8,588005,17605,85275,22681,0.1630756975063915,0.5629995531946582
4566,0.4566,12,11,12,588016,17594,85287,22669,0.1629738041424284,0.5630231229664953
4567,0.4567,9,16,9,588032,17578,85296,22660,0.16282559561302754,0.5631492618917441
4568,0.4568,12,15,12,588047,17563,85308,22648,0.1626866501167142,0.5632289671980304
4569,0.4569,9,18,9,588065,17545,85317,22639,0.16251991552113823,0.5633834361935098
4570,0.457,8,16,8,588081,17529,85325,22631,0.16237170699173736,0.5635209163346614
4571,0.4571,11,17,11,588098,17512,85336,22620,0.16221423542924895,0.5636399880394698
4572,0.4572,14,13,14,588111,17499,85350,22606,0.16209381599911074,0.5636703652911108
4573,0.4573,7,17,7,588128,17482,85357,22599,0.16193634443662233,0.5638332376936703
4574,0.4574,15,17,15,588145,17465,85372,22584,0.1617788728741339,0.56390921121626
4575,0.4575,10,9,10,588154,17456,85382,22574,0.16169550557634593,0.5639270547089683
4576,0.4576,9,17,9,588171,17439,85391,22565,0.1615380340138575,0.5640685931406859
4577,0.4577,12,13,12,588184,17426,85403,22553,0.16141761458371928,0.5641211636108957
4578,0.4578,13,14,13,588198,17412,85416,22540,0.16128793212049353,0.5641770124148979
4579,0.4579,13,10,13,588208,17402,85429,22527,0.161195301789618,0.5641764131333117
4580,0.458,11,15,11,588223,17387,85440,22516,0.16105635629330467,0.5642683507505701
4581,0.4581,11,10,11,588233,17377,85451,22505,0.16096372596242914,0.5642896544807181
4582,0.4582,8,8,8,588241,17369,85459,22497,0.1608896216977287,0.5643154567802137
4583,0.4583,12,9,12,588250,17360,85471,22485,0.16080625439994073,0.5643117078679885
4584,0.4584,12,12,12,588262,17348,85483,22473,0.16069509800289006,0.5643504683458477
4585,0.4585,12,9,12,588271,17339,85495,22461,0.16061173070510207,0.5643467336683418
4586,0.4586,10,11,10,588282,17328,85505,22451,0.160509837341139,0.564393272832399
4587,0.4587,8,15,8,588297,17313,85513,22443,0.16037089184482567,0.564518563235738
4588,0.4588,17,12,17,588309,17301,85530,22426,0.16025973544777503,0.5645027311400307
4589,0.4589,17,8,17,588317,17293,85547,22409,0.16018563118307458,0.5644300035262707
4590,0.459,8,8,8,588325,17285,85555,22401,0.16011152691837416,0.5644559794385929
4591,0.4591,7,12,7,588337,17273,85562,22394,0.16000037052132352,0.56454987773212
4592,0.4592,8,14,8,588351,17259,85570,22386,0.15987068805809773,0.5646613696556942
4593,0.4593,5,16,5,588367,17243,85575,22381,0.15972247952869686,0.5648344437714516
4594,0.4594,10,11,10,588378,17232,85585,22371,0.1596205861647338,0.5648814483751231
4595,0.4595,10,10,10,588388,17222,85595,22361,0.15952795583385823,0.5649142308566809
4596,0.4596,9,15,9,588403,17207,85604,22352,0.15938901033754493,0.5650294496827524
4597,0.4597,2,7,2,588410,17200,85606,22350,0.15932416910593206,0.5651074589127687
4598,0.4598,12,13,12,588423,17187,85618,22338,0.15920374967579384,0.5651612903225807
4599,0.4599,5,11,5,588434,17176,85623,22333,0.15910185631183074,0.5652636108228505
4600,0.46,9,13,9,588447,17163,85632,22324,0.15898143688169253,0.5653506217236053
4601,0.4601,7,11,7,588458,17152,85639,22317,0.15887954351772945,0.5654310978236085
4602,0.4602,10,13,10,588471,17139,85649,22307,0.15875912408759124,0.5655072757694063
4603,0.4603,6,6,6,588477,17133,85655,22301,0.1587035458890659,0.5655272100218086
4604,0.4604,10,12,10,588489,17121,85665,22291,0.15859238949201526,0.5655891606617274
4605,0.4605,11,12,11,588501,17109,85676,22280,0.15848123309496462,0.5656401533423037
4606,0.4606,12,19,12,588520,17090,85688,22268,0.1583052354663011,0.5657807815437776
4607,0.4607,7,12,7,588532,17078,85695,22261,0.15819407906925043,0.5658761025953888
4608,0.4608,17,12,17,588544,17066,85712,22244,0.15808292267219978,0.5658611040447723
4609,0.4609,15,16,15,588560,17050,85727,22229,0.15793471414279892,0.5659258127752743
4610,0.461,8,11,8,588571,17039,85735,22221,0.15783282077883581,0.5659959246051961
4611,0.4611,9,6,9,588577,17033,85744,22212,0.1577772425803105,0.5659829277614983
4612,0.4612,7,13,7,588590,17020,85751,22205,0.1576568231501723,0.5660930528999363
4613,0.4613,12,8,12,588598,17012,85763,22193,0.15758271888547185,0.5660757556434128
4614,0.4614,16,18,16,588616,16994,85779,22177,0.1574159842898959,0.5661586377677363
4615,0.4615,10,22,10,588638,16972,85789,22167,0.1572121975619697,0.5663660287692582
4616,0.4616,13,9,13,588647,16963,85802,22154,0.1571288302641817,0.5663522253751566
4617,0.4617,10,10,10,588657,16953,85812,22144,0.15703619993330617,0.566386167736655
4618,0.4618,11,13,11,588670,16940,85823,22133,0.15691578050316796,0.5664525375579045
4619,0.4619,10,14,10,588684,16926,85833,22123,0.1567860980399422,0.5665445978130041
4620,0.462,11,9,11,588693,16917,85844,22112,0.1567027307421542,0.5665530759179072
4621,0.4621,6,16,6,588709,16901,85850,22106,0.15655452221275334,0.5667187940626042
4622,0.4622,8,9,8,588718,16892,85858,22098,0.15647115491496535,0.5667607078738138
4623,0.4623,6,16,6,588734,16876,85864,22092,0.1563229463855645,0.5669267090946417
4624,0.4624,9,11,9,588745,16865,85873,22083,0.15622105302160139,0.5669867515661908
4625,0.4625,11,8,11,588753,16857,85884,22072,0.15614694875690097,0.5669809139715893
4626,0.4626,10,10,10,588763,16847,85894,22062,0.1560543184260254,0.5670153434937932
4627,0.4627,11,16,11,588779,16831,85905,22051,0.15590610989662454,0.5671261766370043
4628,0.4628,9,9,9,588788,16822,85914,22042,0.15582274259883655,0.5671572663647592
4629,0.4629,11,10,11,588798,16812,85925,22031,0.15573011226796102,0.567180701799552
4630,0.463,16,21,16,588819,16791,85941,22015,0.15553558857312239,0.5673091789929392
4631,0.4631,11,5,11,588824,16786,85952,22004,0.15548927340768462,0.5672596029904614
4632,0.4632,13,9,13,588833,16777,85965,21991,0.15540590610989663,0.5672461824184895
4633,0.4633,5,11,5,588844,16766,85970,21986,0.15530401274593353,0.567351362510322
4634,0.4634,12,7,12,588851,16759,85982,21974,0.15523917151432065,0.5673198564531536
4635,0.4635,13,13,13,588864,16746,85995,21961,0.15511875208418244,0.5673650760844292
4636,0.4636,10,12,10,588876,16734,86005,21951,0.1550075956871318,0.567429236138038
4637,0.4637,13,13,13,588889,16721,86018,21938,0.15488717625699358,0.5674745854781551
4638,0.4638,13,12,13,588901,16709,86031,21925,0.15477601985994294,0.5675053062069679
4639,0.4639,8,10,8,588911,16699,86039,21917,0.1546833895290674,0.5675626683240108
4640,0.464,7,7,7,588918,16692,86046,21910,0.15461854829745453,0.5675871716491373
4641,0.4641,5,9,5,588927,16683,86051,21905,0.15453518099966654,0.5676635223385509
4642,0.4642,9,6,9,588933,16677,86060,21896,0.1544796028011412,0.5676509475539886
4643,0.4643,13,11,13,588944,16666,86073,21883,0.1543777094371781,0.5676671249578459
4644,0.4644,11,20,11,588964,16646,86084,21872,0.15419244877542704,0.5678384132094086
4645,0.4645,17,13,17,588977,16633,86101,21855,0.15407202934528882,0.5678393265433381
4646,0.4646,10,13,10,588990,16620,86111,21845,0.1539516099151506,0.567918887300143
4647,0.4647,7,13,7,589003,16607,86118,21838,0.15383119048501243,0.5680322538691638
4648,0.4648,9,16,9,589019,16591,86127,21829,0.15368298195561156,0.5681676210307132
4649,0.4649,9,10,9,589029,16581,86136,21820,0.153590351624736,0.5682143694174631
4650,0.465,5,11,5,589040,16570,86141,21815,0.1534884582607729,0.5683209587078286
4651,0.4651,10,9,10,589049,16561,86151,21805,0.1534050909629849,0.5683417609341604
4652,0.4652,6,7,6,589056,16554,86157,21799,0.15334024973137203,0.5683779626104868
4653,0.4653,11,11,11,589067,16543,86168,21788,0.15323835636740896,0.5684172080039654
4654,0.4654,5,12,5,589079,16531,86173,21783,0.15312719997035829,0.5685389152790102
4655,0.4655,11,9,11,589088,16522,86184,21772,0.1530438326725703,0.5685485976915444
4656,0.4656,7,15,7,589103,16507,86191,21765,0.152904887176257,0.5686925167224081
4657,0.4657,12,10,12,589113,16497,86203,21753,0.15281225684538144,0.5687058823529412
4658,0.4658,6,6,6,589119,16491,86209,21747,0.15275667864685613,0.5687274439039699
4659,0.4659,14,9,14,589128,16482,86223,21733,0.15267331134906814,0.5687033887217061
4660,0.466,12,14,12,589142,16468,86235,21721,0.15254362888584239,0.5687763492105057
4661,0.4661,10,10,10,589152,16458,86245,21711,0.15245099855496683,0.568812387015641
4662,0.4662,12,19,12,589171,16439,86257,21699,0.1522750009263033,0.5689600922963973
4663,0.4663,7,6,7,589177,16433,86264,21692,0.15221942272777797,0.5689704918032787
4664,0.4664,7,17,7,589194,16416,86271,21685,0.15206195116528956,0.5691451667935225
4665,0.4665,9,14,9,589208,16402,86280,21676,0.1519322687020638,0.5692525867955249
4666,0.4666,7,15,7,589223,16387,86287,21669,0.15179332320575048,0.5693977296615514
4667,0.4667,9,12,9,589235,16375,86296,21660,0.15168216680869984,0.569475483107664
4668,0.4668,10,14,10,589249,16361,86306,21650,0.15155248434547408,0.5695719660098393
4669,0.4669,8,12,8,589261,16349,86314,21642,0.15144132794842344,0.5696612355557895
4670,0.467,7,14,7,589275,16335,86321,21635,0.15131164548519768,0.5697919410060575
4671,0.4671,10,8,10,589283,16327,86331,21625,0.15123754122049723,0.5697986930860034
4672,0.4672,13,13,13,589296,16314,86344,21612,0.15111712179035902,0.5698465432684702
4673,0.4673,14,14,14,589310,16300,86358,21598,0.15098743932713327,0.5698981476595071
4674,0.4674,8,11,8,589321,16289,86366,21590,0.1508855459631702,0.5699728081522744
4675,0.4675,9,17,9,589338,16272,86375,21581,0.15072807440068176,0.5701265421498957
4676,0.4676,7,8,7,589346,16264,86382,21574,0.15065397013598134,0.5701675564247581
4677,0.4677,8,12,8,589358,16252,86390,21566,0.15054281373893066,0.5702575493151409
4678,0.4678,10,12,10,589370,16240,86400,21556,0.15043165734188002,0.5703249021060429
4679,0.4679,11,11,11,589381,16229,86411,21545,0.15032976397791692,0.5703658601154233
4680,0.468,12,12,12,589393,16217,86423,21533,0.15021860758086628,0.57041059602649
4681,0.4681,7,8,7,589401,16209,86430,21526,0.15014450331616586,0.5704518351662913
4682,0.4682,13,11,13,589412,16198,86443,21513,0.15004260995220275,0.570470154596802
4683,0.4683,15,9,15,589421,16189,86458,21498,0.14995924265441476,0.5704354286624035
4684,0.4684,9,15,9,589436,16174,86467,21489,0.14982029715810144,0.5705599660143907
4685,0.4685,6,8,6,589444,16166,86473,21483,0.14974619289340102,0.5706127652792903
4686,0.4686,11,14,11,589458,16152,86484,21472,0.14961651043017526,0.5706995534765044
4687,0.4687,8,7,8,589465,16145,86492,21464,0.1495516691985624,0.5707144566460156
4688,0.4688,7,12,7,589477,16133,86499,21457,0.14944051280151172,0.5708167065708966
4689,0.4689,9,15,9,589492,16118,86508,21448,0.14930156730519842,0.5709418090826811
4690,0.469,7,12,7,589504,16106,86515,21441,0.14919041090814777,0.5710442911550856
4691,0.4691,6,10,6,589514,16096,86521,21435,0.14909778057727222,0.5711278676294264
4692,0.4692,12,12,12,589526,16084,86533,21423,0.14898662418022157,0.5711733809688858
4693,0.4693,14,15,14,589541,16069,86547,21409,0.14884767868390825,0.5712417951865094
4694,0.4694,12,12,12,589553,16057,86559,21397,0.1487365222868576,0.5712874459336786
4695,0.4695,14,13,14,589566,16044,86573,21383,0.14861610285671942,0.5713255136666043
4696,0.4696,10,8,10,589574,16036,86583,21373,0.14854199859201897,0.5713331016600284
4697,0.4697,14,15,14,589589,16021,86597,21359,0.14840305309570564,0.5714018191546282
4698,0.4698,13,7,13,589596,16014,86610,21346,0.14833821186409277,0.5713597430406853
4699,0.4699,7,14,7,589610,16000,86617,21339,0.148208529400867,0.5714936125766624
4700,0.47,7,5,7,589615,15995,86624,21332,0.14816221423542925,0.571489806306427
4701,0.4701,7,10,7,589625,15985,86631,21325,0.14806958390455371,0.5715625837577057
4702,0.4702,9,14,9,589639,15971,86640,21316,0.14793990144132796,0.57167377370129
4703,0.4703,8,17,8,589656,15954,86648,21308,0.14778242987883952,0.5718426278782675
4704,0.4704,8,16,8,589672,15938,86656,21300,0.14763422134943865,0.5719963478167464
4705,0.4705,6,13,6,589685,15925,86662,21294,0.14751380191930047,0.5721271393643031
4706,0.4706,19,17,19,589702,15908,86681,21275,0.14735633035681203,0.5721700777236909
4707,0.4707,12,5,12,589707,15903,86693,21263,0.14731001519137427,0.57210891675187
4708,0.4708,11,14,11,589721,15889,86704,21252,0.1471803327281485,0.5721978406612638
4709,0.4709,10,12,10,589733,15877,86714,21242,0.14706917633109787,0.5722675718634661
4710,0.471,10,16,10,589749,15861,86724,21232,0.146920967801697,0.5723991049524169
4711,0.4711,16,15,16,589764,15846,86740,21216,0.14678202230538367,0.5724461712805569
4712,0.4712,19,10,19,589774,15836,86759,21197,0.14668939197450814,0.5723813895714633
4713,0.4713,14,10,14,589784,15826,86773,21183,0.14659676164363258,0.572374287335513
4714,0.4714,7,12,7,589796,15814,86780,21176,0.14648560524658194,0.5724790483914571
4715,0.4715,11,14,11,589810,15800,86791,21165,0.14635592278335618,0.5725686460165021
4716,0.4716,16,11,16,589821,15789,86807,21149,0.14625402941939308,0.5725540094211923
4717,0.4717,6,12,6,589833,15777,86813,21143,0.14614287302234244,0.572670639219935
4718,0.4718,8,13,8,589846,15764,86821,21135,0.14602245359220423,0.5727797501287297
4719,0.4719,9,7,9,589853,15757,86830,21126,0.14595761236059135,0.5727842095274246
4720,0.472,12,13,12,589866,15744,86842,21114,0.14583719293045314,0.5728471430896956
4721,0.4721,10,12,10,589878,15732,86852,21104,0.1457260365334025,0.5729177978064937
4722,0.4722,7,11,7,589889,15721,86859,21097,0.1456241431694394,0.5730077679395947
4723,0.4723,11,14,11,589903,15707,86870,21086,0.14549446070621364,0.5730981436686327
4724,0.4724,8,20,8,589923,15687,86878,21078,0.14530920004446257,0.5733170134638923
4725,0.4725,13,12,13,589935,15675,86891,21065,0.1451980436474119,0.5733532934131736
4726,0.4726,7,6,7,589941,15669,86898,21058,0.1451424654488866,0.5733656438042857
4727,0.4727,5,10,5,589951,15659,86903,21053,0.14504983511801103,0.5734637175855306
4728,0.4728,15,7,15,589958,15652,86918,21038,0.14498499388639816,0.5733987462523848
4729,0.4729,8,5,8,589963,15647,86926,21030,0.1449386787209604,0.573383864547264
4730,0.473,11,11,11,589974,15636,86937,21019,0.1448367853569973,0.5734279088800982
4731,0.4731,9,6,9,589980,15630,86946,21010,0.14478120715847198,0.5734170305676856
4732,0.4732,9,12,9,589992,15618,86955,21001,0.1446700507614213,0.5735000955787979
4733,0.4733,15,10,15,590002,15608,86970,20986,0.14457742043054578,0.5734819915833197
4734,0.4734,7,18,7,590020,15590,86977,20979,0.1444106858349698,0.5736826273619733
4735,0.4735,12,14,12,590034,15576,86989,20967,0.14428100337174404,0.5737624168787456
4736,0.4736,9,16,9,590050,15560,86998,20958,0.14413279484234318,0.5739087573251547
4737,0.4737,11,17,11,590067,15543,87009,20947,0.14397532327985477,0.5740476842970677
4738,0.4738,7,7,7,590074,15536,87016,20940,0.1439104820482419,0.5740761048360565
4739,0.4739,8,17,8,590091,15519,87024,20932,0.14375301048575345,0.5742503635016872
4740,0.474,9,13,9,590104,15506,87033,20923,0.14363259105561524,0.5743501056850312
4741,0.4741,9,11,9,590115,15495,87042,20914,0.14353069769165216,0.5744184130297454
4742,0.4742,11,16,11,590131,15479,87053,20903,0.1433824891622513,0.5745423561101644
4743,0.4743,8,11,8,590142,15468,87061,20895,0.1432805957982882,0.5746225558947281
4744,0.4744,11,6,11,590148,15462,87072,20884,0.14322501759976286,0.5745886755076212
4745,0.4745,6,8,6,590156,15454,87078,20878,0.14315091333506244,0.574644941098756
4746,0.4746,9,6,9,590162,15448,87087,20869,0.1430953351365371,0.5746344687061156
4747,0.4747,6,19,6,590181,15429,87093,20863,0.14291933750787358,0.5748649840185165
4748,0.4748,9,17,9,590198,15412,87102,20854,0.14276186594538515,0.5750289527381018
4749,0.4749,9,13,9,590211,15399,87111,20845,0.14264144651524696,0.5751296766361329
4750,0.475,12,12,12,590223,15387,87123,20833,0.1425302901181963,0.5751794588625069
4751,0.4751,7,11,7,590234,15376,87130,20826,0.14242839675423322,0.5752720844152257
4752,0.4752,10,15,10,590249,15361,87140,20816,0.1422894512579199,0.5753932056278851
4753,0.4753,9,15,9,590264,15346,87149,20807,0.1421505057616066,0.5755262357204105
4754,0.4754,8,9,8,590273,15337,87157,20799,0.1420671384638186,0.5755756032765109
4755,0.4755,11,16,11,590289,15321,87168,20788,0.14191892993441774,0.5757013486942314
4756,0.4756,13,13,13,590302,15308,87181,20775,0.14179851050427952,0.5757558961283707
4757,0.4757,10,10,10,590312,15298,87191,20765,0.141705880173404,0.5757979092144303
4758,0.4758,9,14,9,590326,15284,87200,20756,0.1415761977101782,0.5759156492785794
4759,0.4759,8,4,8,590330,15280,87208,20748,0.141539145577828,0.5758854224492062
4760,0.476,7,10,7,590340,15270,87215,20741,0.14144651524695245,0.5759629002249312
4761,0.4761,10,15,10,590355,15255,87225,20731,0.14130756975063916,0.5760851442227533
4762,0.4762,14,13,14,590368,15242,87239,20717,0.14118715032050094,0.5761283684195889
4763,0.4763,11,11,11,590379,15231,87250,20706,0.14108525695653784,0.5761749728691877
4764,0.4764,6,18,6,590397,15213,87256,20700,0.14091852236096186,0.5763929496282684
4765,0.4765,11,18,11,590415,15195,87267,20689,0.1407517877653859,0.5765522238323487
4766,0.4766,8,16,8,590431,15179,87275,20681,0.14060357923598504,0.5767150027886224
4767,0.4767,7,11,7,590442,15168,87282,20674,0.14050168587202194,0.5768093298365047
4768,0.4768,10,9,10,590451,15159,87292,20664,0.14041831857423395,0.5768361108784859
4769,0.4769,8,12,8,590463,15147,87300,20656,0.1403071621771833,0.5769348937239897
4770,0.477,13,11,13,590474,15136,87313,20643,0.1402052688132202,0.5769585511053971
4771,0.4771,11,8,11,590482,15128,87324,20632,0.14013116454851976,0.5769574944071588
4772,0.4772,6,13,6,590495,15115,87330,20626,0.14001074511838157,0.5770963319437061
4773,0.4773,12,15,12,590510,15100,87342,20614,0.13987179962206825,0.5771966175729406
4774,0.4774,8,8,8,590518,15092,87350,20606,0.13979769535736783,0.5772312174351504
4775,0.4775,7,15,7,590533,15077,87357,20599,0.1396587498610545,0.5773909631124565
4776,0.4776,11,9,11,590542,15068,87368,20588,0.13957538256326651,0.5774063271258694
4777,0.4777,8,20,8,590562,15048,87376,20580,0.13939012190151542,0.5776355675311553
4778,0.4778,6,8,6,590570,15040,87382,20574,0.139316017636815,0.5776941652159263
4779,0.4779,6,8,6,590578,15032,87388,20568,0.13924191337211456,0.577752808988764
4780,0.478,9,11,9,590589,15021,87397,20559,0.13914002000815148,0.5778246205733558
4781,0.4781,8,15,8,590604,15006,87405,20551,0.13900107451183816,0.577973394830835
4782,0.4782,13,8,13,590612,14998,87418,20538,0.1389269702471377,0.5779491220171095
4783,0.4783,10,11,10,590623,14987,87428,20528,0.13882507688317464,0.5780092918485147
4784,0.4784,7,10,7,590633,14977,87435,20521,0.13873244655229908,0.578088906417263
4785,0.4785,7,8,7,590641,14969,87442,20514,0.13865834228759866,0.5781360087929431
4786,0.4786,13,9,13,590650,14960,87455,20501,0.13857497498981067,0.5781280843743831
4787,0.4787,7,13,7,590663,14947,87462,20494,0.13845455555967245,0.5782568211957901
4788,0.4788,9,9,9,590672,14938,87471,20485,0.13837118826188446,0.5782965869632725
4789,0.4789,9,12,9,590684,14926,87480,20476,0.13826003186483382,0.5783854019546918
4790,0.479,11,10,11,590694,14916,87491,20465,0.1381674015339583,0.5784177948616489
4791,0.4791,6,9,6,590703,14907,87497,20459,0.1380840342361703,0.5784934683028898
4792,0.4792,5,6,5,590709,14901,87502,20454,0.13802845603764496,0.5785320322443784
4793,0.4793,5,19,5,590728,14882,87507,20449,0.13785245840898144,0.5787835045710565
4794,0.4794,10,11,10,590739,14871,87517,20439,0.13775056504501834,0.5788445199660153
4795,0.4795,9,16,9,590755,14855,87526,20430,0.13760235651561747,0.57899957489018
4796,0.4796,12,17,12,590772,14838,87538,20418,0.13744488495312907,0.5791354663036079
4797,0.4797,11,10,11,590782,14828,87549,20407,0.1373522546222535,0.5791684404711225
4798,0.4798,14,13,14,590795,14815,87563,20393,0.13723183519211532,0.5792149511474665
4799,0.4799,8,12,8,590807,14803,87571,20385,0.13712067879506465,0.5793168125497329
4800,0.48,9,4,9,590811,14799,87580,20376,0.13708362666271445,0.579275053304904
4801,0.4801,10,17,10,590828,14782,87590,20366,0.13692615510022602,0.5794355297598726
4802,0.4802,10,8,10,590836,14774,87600,20356,0.1368520508355256,0.5794477654426416
4803,0.4803,5,9,5,590845,14765,87605,20351,0.1367686835377376,0.5795363936667046
4804,0.4804,5,8,5,590853,14757,87610,20346,0.13669457927303716,0.5796085804632083
4805,0.4805,8,12,8,590865,14745,87618,20338,0.13658342287598652,0.5797109711256164
4806,0.4806,9,3,9,590868,14742,87627,20329,0.13655563377672386,0.5796527045137008
4807,0.4807,5,10,5,590878,14732,87632,20324,0.1364630034458483,0.5797581013235965
4808,0.4808,11,5,11,590883,14727,87643,20313,0.13641668828041054,0.5797089041095891
4809,0.4809,8,9,8,590892,14718,87651,20305,0.13633332098262255,0.5797618707706365
4810,0.481,11,10,11,590902,14708,87662,20294,0.13624069065174702,0.5797954402605565
4811,0.4811,10,7,10,590909,14701,87672,20284,0.13617584942013414,0.579791339145348
4812,0.4812,12,14,12,590923,14687,87684,20272,0.13604616695690838,0.5798792871649646
4813,0.4813,14,6,14,590929,14681,87698,20258,0.13599058875838305,0.5798105269183434
4814,0.4814,11,11,11,590940,14670,87709,20247,0.13588869539441994,0.5798608127846034
4815,0.4815,3,10,3,590950,14660,87712,20244,0.1357960650635444,0.5799908319963328
4816,0.4816,10,12,10,590962,14648,87722,20234,0.13568490866649377,0.5800699501175391
4817,0.4817,10,6,10,590968,14642,87732,20224,0.13562933046796843,0.5800493317271841
4818,0.4818,9,16,9,590984,14626,87741,20215,0.13548112193856757,0.5802072271174765
4819,0.4819,7,12,7,590996,14614,87748,20208,0.13536996554151692,0.5803227844466142
4820,0.482,10,16,10,591012,14598,87758,20198,0.13522175701211606,0.5804690194275204
4821,0.4821,5,8,5,591020,14590,87763,20193,0.1351476527474156,0.5805422189000373
4822,0.4822,8,10,8,591030,14580,87771,20185,0.13505502241654008,0.5806126851718683
4823,0.4823,12,17,12,591047,14563,87783,20173,0.13489755085405164,0.5807519576232151
4824,0.4824,8,12,8,591059,14551,87791,20165,0.134786394457001,0.5808560894112225
4825,0.4825,10,6,10,591065,14545,87801,20155,0.1347308162584757,0.580835734870317
4826,0.4826,12,7,12,591072,14538,87813,20143,0.13466597502686278,0.5808079351806464
4827,0.4827,7,12,7,591084,14526,87820,20136,0.13455481862981214,0.5809243552016617
4828,0.4828,11,11,11,591095,14515,87831,20125,0.13445292526584904,0.5809757505773672
4829,0.4829,8,13,8,591108,14502,87839,20117,0.13433250583571085,0.5810970854155233
4830,0.483,6,9,6,591117,14493,87845,20111,0.13424913853792286,0.581175586637383
4831,0.4831,6,18,6,591135,14475,87851,20105,0.13408240394234688,0.5814054366685946
4832,0.4832,5,13,5,591148,14462,87856,20100,0.13396198451220867,0.5815635669232104
4833,0.4833,10,13,10,591161,14449,87866,20090,0.13384156508207048,0.5816613104027332
4834,0.4834,9,9,9,591170,14440,87875,20081,0.1337581977842825,0.5817038903855624
4835,0.4835,9,11,9,591181,14429,87884,20072,0.1336563044203194,0.5817802382539636
4836,0.4836,12,13,12,591194,14416,87896,20060,0.13353588499018118,0.5818540433925049
4837,0.4837,13,13,13,591207,14403,87909,20047,0.13341546556004297,0.5819158200290275
4838,0.4838,9,10,9,591217,14393,87918,20038,0.13332283522916744,0.5819755452934855
4839,0.4839,8,10,8,591227,14383,87926,20030,0.1332302048982919,0.5820474820561997
4840,0.484,10,7,10,591234,14376,87936,20020,0.13316536366667903,0.5820444237702058
4841,0.4841,8,12,8,591246,14364,87944,20012,0.13305420726962836,0.5821503374447289
4842,0.4842,8,11,8,591257,14353,87952,20004,0.13295231390566528,0.5822394271909654
4843,0.4843,12,9,12,591266,14344,87964,19992,0.1328689466078773,0.5822460391425909
4844,0.4844,7,7,7,591273,14337,87971,19985,0.13280410537626441,0.5822795874366296
4845,0.4845,16,13,16,591286,14324,87987,19969,0.1326836859461262,0.5823054267634794
4846,0.4846,11,6,11,591292,14318,87998,19958,0.13262810774760087,0.5822733107713852
4847,0.4847,7,9,7,591301,14309,88005,19951,0.13254474044981288,0.5823409223584355
4848,0.4848,5,11,5,591312,14298,88010,19946,0.1324428470858498,0.5824670015185142
4849,0.4849,6,16,6,591328,14282,88016,19940,0.13229463855644893,0.5826661212085793
4850,0.485,6,10,6,591338,14272,88022,19934,0.13220200822557338,0.5827632579079693
4851,0.4851,4,7,4,591345,14265,88026,19930,0.1321371669939605,0.5828337476239216
4852,0.4852,13,12,13,591357,14253,88039,19917,0.13202601059690985,0.5828797190517998
4853,0.4853,11,6,11,591363,14247,88050,19906,0.13197043239838452,0.5828477732556437
4854,0.4854,12,9,12,591372,14238,88062,19894,0.13188706510059653,0.5828547990155866
4855,0.4855,5,7,5,591379,14231,88067,19889,0.13182222386898365,0.5829132473622509
4856,0.4856,5,11,5,591390,14220,88072,19884,0.13172033050502058,0.5830401125967628
4857,0.4857,12,9,12,591399,14211,88084,19872,0.1316369632072326,0.5830472669659361
4858,0.4858,9,12,9,591411,14199,88093,19863,0.13152580681018192,0.5831425048441078
4859,0.4859,7,13,7,591424,14186,88100,19856,0.13140538738004373,0.5832794782915223
4860,0.486,11,5,11,591429,14181,88111,19845,0.13135907221460594,0.5832304708164345
4861,0.4861,7,9,7,591438,14172,88118,19838,0.13127570491681798,0.5832990296971479
4862,0.4862,7,12,7,591450,14160,88125,19831,0.1311645485197673,0.5834191403606838
4863,0.4863,6,12,6,591462,14148,88131,19825,0.13105339212271666,0.5835516439525505
4864,0.4864,10,7,10,591469,14141,88141,19815,0.13098855089110378,0.5835492990929438
4865,0.4865,10,3,10,591472,14138,88151,19805,0.13096076179184113,0.583478184014377
4866,0.4866,12,20,12,591492,14118,88163,19793,0.13077550113009004,0.5836749137448026
4867,0.4867,9,10,9,591502,14108,88172,19784,0.1306828707992145,0.5837365750029505
4868,0.4868,13,15,13,591517,14093,88185,19771,0.13054392530290118,0.5838353413654619
4869,0.4869,9,10,9,591527,14083,88194,19762,0.13045129497202565,0.583897178312897
4870,0.487,8,10,8,591537,14073,88202,19754,0.1303586646411501,0.5839713838058356
4871,0.4871,7,14,7,591551,14059,88209,19747,0.13022898217792434,0.5841270780334852
4872,0.4872,13,8,13,591559,14051,88222,19734,0.13015487791322392,0.5841053722066005
4873,0.4873,11,11,11,591570,14040,88233,19723,0.1300529845492608,0.5841601753398691
4874,0.4874,5,14,5,591584,14026,88238,19718,0.12992330208603506,0.5843409198672357
4875,0.4875,9,7,9,591591,14019,88247,19709,0.12985846085442218,0.5843512808349146
4876,0.4876,8,6,8,591597,14013,88255,19701,0.12980288265589685,0.5843566470902296
4877,0.4877,8,11,8,591608,14002,88263,19693,0.12970098929193374,0.5844487312657665
4878,0.4878,11,4,11,591612,13998,88274,19682,0.12966393715958355,0.5843824228028504
4879,0.4879,10,13,10,591625,13985,88284,19672,0.12954351772944533,0.5844846540095671
4880,0.488,6,12,6,591637,13973,88290,19666,0.1294323613323947,0.5846190433722762
4881,0.4881,9,8,9,591645,13965,88299,19657,0.12935825706769424,0.5846469573493546
4882,0.4882,12,11,12,591656,13954,88311,19645,0.12925636370373114,0.5846900205363255
4883,0.4883,8,17,8,591673,13937,88319,19637,0.12909889214124273,0.5848871150294871
4884,0.4884,13,8,13,591681,13929,88332,19624,0.12902478787654229,0.5848657348076178
4885,0.4885,11,12,11,591693,13917,88343,19613,0.12891363147949164,0.5849388607217417
4886,0.4886,11,13,11,591706,13904,88354,19602,0.12879321204935343,0.5850295469468155
4887,0.4887,10,14,10,591720,13890,88364,19592,0.12866352958612767,0.5851502299743145
4888,0.4888,4,10,4,591730,13880,88368,19588,0.12857089925525214,0.5852754870323892
4889,0.4889,16,9,16,591739,13871,88384,19572,0.12848753195746415,0.5852345782375983
4890,0.489,14,7,14,591746,13864,88398,19558,0.12842269072585127,0.5851834121237508
4891,0.4891,7,11,7,591757,13853,88405,19551,0.12832079736188817,0.5852891869237217
4892,0.4892,8,10,8,591767,13843,88413,19543,0.12822816703101264,0.5853651231054933
4893,0.4893,7,12,7,591779,13831,88420,19536,0.128117010633962,0.5854886564569785
4894,0.4894,11,15,11,591794,13816,88431,19525,0.12797806513764867,0.5856153084790499
4895,0.4895,8,10,8,591804,13806,88439,19517,0.12788543480677314,0.5856915643849593
4896,0.4896,11,12,11,591816,13794,88450,19506,0.12777427840972247,0.5857657657657658
4897,0.4897,10,9,10,591825,13785,88460,19496,0.12769091111193448,0.5857997055376942
4898,0.4898,10,16,10,591841,13769,88470,19486,0.1275427025825336,0.5859569989475267
4899,0.4899,6,10,6,591851,13759,88476,19480,0.12745007225165808,0.5860585456842865
4900,0.49,8,12,8,591863,13747,88484,19472,0.12733891585460744,0.5861705650380806
4901,0.4901,5,9,5,591872,13738,88489,19467,0.12725554855681945,0.5862671284445113
4902,0.4902,12,20,12,591892,13718,88501,19455,0.12707028789506836,0.5864709251499713
4903,0.4903,5,8,5,591900,13710,88506,19450,0.12699618363036794,0.5865500603136309
4904,0.4904,13,14,13,591914,13696,88519,19437,0.12686650116714218,0.586635680439441
4905,0.4905,9,7,9,591921,13689,88528,19428,0.12680165993552928,0.586647341244678
4906,0.4906,5,10,5,591931,13679,88533,19423,0.12670902960465374,0.5867621291764848
4907,0.4907,8,8,8,591939,13671,88541,19415,0.12663492533995332,0.5868040863204981
4908,0.4908,11,14,11,591953,13657,88552,19404,0.12650524287672757,0.5869150963370738
4909,0.4909,8,8,8,591961,13649,88560,19396,0.12643113861202712,0.5869571796035709
4910,0.491,3,11,3,591972,13638,88563,19393,0.12632924524806402,0.587115134267809
4911,0.4911,8,12,8,591984,13626,88571,19385,0.12621808885101338,0.5872284995910454
4912,0.4912,5,16,5,592000,13610,88576,19380,0.1260698803216125,0.5874507426492876
4913,0.4913,11,15,11,592015,13595,88587,19369,0.12593093482529918,0.5875803907292805
4914,0.4914,4,7,4,592022,13588,88591,19365,0.1258660935936863,0.5876551452068097
4915,0.4915,10,15,10,592037,13573,88601,19355,0.125727148097373,0.5877976190476191
4916,0.4916,6,18,6,592055,13555,88607,19349,0.12556041350179703,0.588044006807683
4917,0.4917,12,11,12,592066,13544,88619,19337,0.12545852013783393,0.5880903865454213
4918,0.4918,6,2,6,592068,13542,88625,19331,0.12543999407165882,0.5880509840902869
4919,0.4919,8,13,8,592081,13529,88633,19323,0.12531957464152063,0.5881833678314866
4920,0.492,16,9,16,592090,13520,88649,19307,0.12523620734373264,0.5881439059310933
4921,0.4921,13,23,13,592113,13497,88662,19294,0.1250231575827189,0.5883931566588393
4922,0.4922,9,12,9,592125,13485,88671,19285,0.12491200118566824,0.588495575221239
4923,0.4923,5,13,5,592138,13472,88676,19280,0.12479158175553003,0.5886663409868099
4924,0.4924,10,13,10,592151,13459,88686,19270,0.12467116232539183,0.5887744813468178
4925,0.4925,7,10,7,592161,13449,88693,19263,0.12457853199451628,0.5888664710198093
4926,0.4926,6,12,6,592173,13437,88699,19257,0.12446737559746564,0.5890071572765645
4927,0.4927,14,2,14,592175,13435,88713,19243,0.12444884953129053,0.5888671277311953
4928,0.4928,11,6,11,592181,13429,88724,19232,0.1243932713327652,0.5888368390435076
4929,0.4929,8,8,8,592189,13421,88732,19224,0.12431916706806477,0.588880379843774
4930,0.493,6,11,6,592200,13410,88738,19218,0.12421727370410167,0.589003310040456
4931,0.4931,14,11,14,592211,13399,88752,19204,0.12411538034013858,0.5890255497960311
4932,0.4932,11,9,11,592220,13390,88763,19193,0.12403201304235059,0.5890495043427554
4933,0.4933,8,7,8,592227,13383,88771,19185,0.12396717181073771,0.5890751658069271
4934,0.4934,8,2,8,592229,13381,88779,19177,0.1239486457445626,0.5890103814730635
4935,0.4935,16,9,16,592238,13372,88795,19161,0.12386527844677461,0.5889711984753943
4936,0.4936,5,10,5,592248,13362,88800,19156,0.12377264811589907,0.5890891198720708
4937,0.4937,7,5,7,592253,13357,88807,19149,0.1237263329504613,0.5890912446932874
4938,0.4938,12,14,12,592267,13343,88819,19137,0.12359665048723555,0.5891933497536945
4939,0.4939,8,8,8,592275,13335,88827,19129,0.12352254622253511,0.5892373090192213
4940,0.494,12,15,12,592290,13320,88839,19117,0.1233836007262218,0.5893578321053118
4941,0.4941,8,17,8,592307,13303,88847,19109,0.12322612916373338,0.5895655929902506
4942,0.4942,4,8,4,592315,13295,88851,19105,0.12315202489903294,0.5896604938271605
4943,0.4943,11,6,11,592321,13289,88862,19094,0.12309644670050761,0.5896303616094865
4944,0.4944,13,15,13,592336,13274,88875,19081,0.1229575012041943,0.5897388348014218
4945,0.4945,10,16,10,592352,13258,88885,19071,0.12280929267479343,0.5899038015404127
4946,0.4946,12,11,12,592363,13247,88897,19059,0.12270739931083034,0.5899523308363771
4947,0.4947,11,12,11,592375,13235,88908,19048,0.12259624291377968,0.5900319053371743
4948,0.4948,8,11,8,592386,13224,88916,19040,0.1224943495498166,0.5901314158194892
4949,0.4949,8,7,8,592393,13217,88924,19032,0.1224295083182037,0.5901578343514527
4950,0.495,7,6,7,592399,13211,88931,19025,0.12237393011967838,0.5901786822186376
4951,0.4951,11,15,11,592414,13196,88942,19014,0.12223498462336507,0.5903135672151506
4952,0.4952,13,7,13,592421,13189,88955,19001,0.1221701433917522,0.5902764833799317
4953,0.4953,11,8,11,592429,13181,88966,18990,0.12209603912705176,0.5902831742874017
4954,0.4954,6,12,6,592441,13169,88972,18984,0.12198488273000112,0.5904270208067677
4955,0.4955,8,13,8,592454,13156,88980,18976,0.1218644632998629,0.5905639238142661
4956,0.4956,12,9,12,592463,13147,88992,18964,0.12178109600207492,0.5905764379807542
4957,0.4957,13,12,13,592475,13135,89005,18951,0.12166993960502427,0.5906314280371502
4958,0.4958,5,15,5,592490,13120,89010,18946,0.12153099410871096,0.590843884488243
4959,0.4959,11,20,11,592510,13100,89021,18935,0.12134573344695987,0.5910722647104729
4960,0.496,7,9,7,592519,13091,89028,18928,0.12126236614917188,0.5911490052781161
4961,0.4961,4,6,4,592525,13085,89032,18924,0.12120678795064656,0.5912087225467837
4962,0.4962,8,7,8,592532,13078,89040,18916,0.12114194671903368,0.5912358567231356
4963,0.4963,8,13,8,592545,13065,89048,18908,0.12102152728889548,0.5913739717886967
4964,0.4964,12,5,12,592550,13060,89060,18896,0.1209752121234577,0.5913130554512455
4965,0.4965,14,12,14,592562,13048,89074,18882,0.12086405572640706,0.591356091450047
4966,0.4966,9,10,9,592572,13038,89083,18873,0.12077142539553151,0.5914261539907869
4967,0.4967,8,10,8,592582,13028,89091,18865,0.12067879506465597,0.5915091085818205
4968,0.4968,9,7,9,592589,13021,89100,18856,0.12061395383304309,0.591523669103115
4969,0.4969,10,7,10,592596,13014,89110,18846,0.12054911260143021,0.5915254237288136
4970,0.497,6,16,6,592612,12998,89116,18840,0.12040090407202934,0.5917457126703939
4971,0.4971,10,7,10,592619,12991,89126,18830,0.12033606284041647,0.5917475880707709
4972,0.4972,10,9,10,592628,12982,89136,18820,0.12025269554262848,0.5917866800830136
4973,0.4973,7,13,7,592641,12969,89143,18813,0.12013227611249028,0.591938833301869
4974,0.4974,13,9,13,592650,12960,89156,18800,0.12004890881470229,0.5919395465994962
4975,0.4975,7,11,7,592661,12949,89163,18793,0.11994701545073919,0.5920546909457501
4976,0.4976,7,12,7,592673,12937,89170,18786,0.11983585905368854,0.5921886328531349
4977,0.4977,8,6,8,592679,12931,89178,18778,0.11978028085516322,0.5921977987322211
4978,0.4978,9,5,9,592684,12926,89187,18769,0.11973396568972544,0.5921754219908503
4979,0.4979,21,6,21,592690,12920,89208,18748,0.11967838749120012,0.5920171782240747
4980,0.498,13,14,13,592704,12906,89221,18735,0.11954870502797436,0.5921115009007301
4981,0.4981,4,12,4,592716,12894,89225,18731,0.1194375486309237,0.5922845849802372
4982,0.4982,6,13,6,592729,12881,89231,18725,0.11931712920078551,0.5924508004809214
4983,0.4983,2,13,2,592742,12868,89233,18723,0.1191967097706473,0.5926687980754012
4984,0.4984,5,14,5,592756,12854,89238,18718,0.11906702730742154,0.5928670974281008
4985,0.4985,10,8,10,592764,12846,89248,18708,0.1189929230427211,0.592888381821639
4986,0.4986,15,11,15,592775,12835,89263,18693,0.11889102967875802,0.5929015478304999
4987,0.4987,11,14,11,592789,12821,89274,18682,0.11876134721553225,0.5930228867092023
4988,0.4988,10,12,10,592801,12809,89284,18672,0.1186501908184816,0.593119659477145
4989,0.4989,12,7,12,592808,12802,89296,18660,0.11858534958686873,0.5930964337931472
4990,0.499,6,11,6,592819,12791,89302,18654,0.11848345622290563,0.5932262680871363
4991,0.4991,6,13,6,592832,12778,89308,18648,0.11836303679276743,0.5933940049640425
4992,0.4992,11,10,11,592842,12768,89319,18637,0.11827040646189188,0.5934405349466645
4993,0.4993,11,9,11,592851,12759,89330,18626,0.11818703916410389,0.5934682173012585
4994,0.4994,9,7,9,592858,12752,89339,18617,0.11812219793249101,0.5934840128789569
4995,0.4995,14,7,14,592865,12745,89353,18603,0.11805735670087814,0.5934349878780145
4996,0.4996,10,9,10,592874,12736,89363,18593,0.11797398940309015,0.593475693446966
4997,0.4997,11,8,11,592882,12728,89374,18582,0.11789988513838971,0.5934845097412967
4998,0.4998,7,10,7,592892,12718,89381,18575,0.11780725480751417,0.5935832294762406
4999,0.4999,1,15,1,592907,12703,89382,18574,0.11766830931120086,0.5938549093583144
5000,0.5,14,11,14,592918,12692,89396,18560,0.11756641594723777,0.5938819915525406
5001,0.5001,14,10,14,592928,12682,89410,18546,0.11747378561636222,0.5938900986294351
5002,0.5002,11,6,11,592934,12676,89421,18535,0.1174182074178369,0.593861138701099
5003,0.5003,9,8,9,592942,12668,89430,18526,0.11734410315313647,0.5938962621016862
5004,0.5004,8,9,8,592951,12659,89438,18518,0.11726073585534848,0.5939634987330403
5005,0.5005,11,14,11,592965,12645,89449,18507,0.11713105339212272,0.5940870570107858
5006,0.5006,8,7,8,592972,12638,89457,18499,0.11706621216050983,0.5941163246298615
5007,0.5007,6,10,6,592982,12628,89463,18493,0.1169735818296343,0.5942289772179558
5008,0.5008,13,8,13,592990,12620,89476,18480,0.11689947756493387,0.5942122186495177
5009,0.5009,7,12,7,593002,12608,89483,18473,0.11678832116788321,0.5943502461310769
5010,0.501,13,10,13,593012,12598,89496,18460,0.11669569083700768,0.5943718204649365
5011,0.5011,8,15,8,593027,12583,89504,18452,0.11655674534069435,0.594554535202191
5012,0.5012,7,12,7,593039,12571,89511,18445,0.11644558894364371,0.5946930616456023
5013,0.5013,15,9,15,593048,12562,89526,18430,0.11636222164585572,0.5946695921528137
5014,0.5014,9,10,9,593058,12552,89535,18421,0.11626959131498017,0.5947438091240758
5015,0.5015,12,10,12,593068,12542,89547,18409,0.11617696098410464,0.5947788439791929
5016,0.5016,7,6,7,593074,12536,89554,18402,0.1161213827855793,0.5948025082422911
5017,0.5017,5,16,5,593090,12520,89559,18397,0.11597317425617844,0.5950447973606754
5018,0.5018,3,12,3,593102,12508,89562,18394,0.1158620178591278,0.5952365542683321
5019,0.5019,10,7,10,593109,12501,89572,18384,0.11579717662751492,0.5952404079650315
5020,0.502,11,9,11,593118,12492,89583,18373,0.11571380932972693,0.5952697229872024
5021,0.5021,3,13,3,593131,12479,89586,18370,0.11559338989958873,0.5954812149502415
5022,0.5022,12,6,12,593137,12473,89598,18358,0.11553781170106339,0.5954396548928027
5023,0.5023,9,12,9,593149,12461,89607,18349,0.11542665530401275,0.5955533917559234
5024,0.5024,15,9,15,593158,12452,89622,18334,0.11534328800622476,0.5955304359124277
5025,0.5025,13,13,13,593171,12439,89635,18321,0.11522286857608656,0.5956111833550065
5026,0.5026,6,8,6,593179,12431,89641,18315,0.11514876431138613,0.5956872438691212
5027,0.5027,14,15,14,593194,12416,89655,18301,0.1150098188150728,0.5957938600774815
5028,0.5028,9,12,9,593206,12404,89664,18292,0.11489866241802216,0.5959082616627573
5029,0.5029,9,8,9,593214,12396,89673,18283,0.11482455815332172,0.5959451090322371
5030,0.503,7,11,7,593225,12385,89680,18276,0.11472266478935862,0.5960666644923518
5031,0.5031,10,15,10,593240,12370,89690,18266,0.11458371929304531,0.5962266614440528
5032,0.5032,11,8,11,593248,12362,89701,18255,0.11450961502834488,0.5962373844596139
5033,0.5033,11,7,11,593255,12355,89712,18244,0.114444773796732,0.5962286349227099
5034,0.5034,5,12,5,593267,12343,89717,18239,0.11433361739968136,0.5963965731476032
5035,0.5035,5,9,5,593276,12334,89722,18234,0.11425025010189337,0.5965061502224549
5036,0.5036,11,6,11,593282,12328,89733,18223,0.11419467190336804,0.596478020359399
5037,0.5037,12,17,12,593299,12311,89745,18211,0.11403720034087962,0.5966515955704083
5038,0.5038,8,9,8,593308,12302,89753,18203,0.11395383304309163,0.5967218488772332
5039,0.5039,10,11,10,593319,12291,89763,18193,0.11385193967912853,0.5968048812491799
5040,0.504,11,8,11,593327,12283,89774,18182,0.1137778354144281,0.5968160183817496
5041,0.5041,9,9,9,593336,12274,89783,18173,0.11369446811664011,0.5968732551647125
5042,0.5042,11,6,11,593342,12268,89794,18162,0.11363888991811479,0.5968452185343411
5043,0.5043,8,5,8,593347,12263,89802,18154,0.11359257475267702,0.5968372949337541
5044,0.5044,6,14,6,593361,12249,89808,18148,0.11346289228945126,0.5970326019015034
5045,0.5045,5,10,5,593371,12239,89813,18143,0.11337026195857572,0.5971627937594628
5046,0.5046,10,9,10,593380,12230,89823,18133,0.11328689466078773,0.5972071270954781
5047,0.5047,8,12,8,593392,12218,89831,18125,0.11317573826373707,0.5973371123488119
5048,0.5048,7,5,7,593397,12213,89838,18118,0.1131294230982993,0.5973426527315288
5049,0.5049,9,8,9,593405,12205,89847,18109,0.11305531883359887,0.5973807481691628
5050,0.505,12,12,12,593417,12193,89859,18097,0.11294416243654823,0.597457906899967
5051,0.5051,9,11,9,593428,12182,89868,18088,0.11284226907258513,0.5975553353154939
5052,0.5052,10,6,10,593434,12176,89878,18078,0.1127866908740598,0.5975408210484564
5053,0.5053,7,7,7,593441,12169,89885,18071,0.11272184964244693,0.5975859788359789
5054,0.5054,7,8,7,593449,12161,89892,18064,0.1126477453777465,0.5976509511993383
5055,0.5055,9,13,9,593462,12148,89901,18055,0.11252732594760828,0.5977882991755786
5056,0.5056,2,6,2,593468,12142,89903,18053,0.11247174774908296,0.5978804437820832
5057,0.5057,9,7,9,593475,12135,89912,18044,0.11240690651747008,0.5978992014314589
5058,0.5058,10,5,10,593480,12130,89922,18034,0.11236059135203232,0.5978650046412942
5059,0.5059,9,2,9,593482,12128,89931,18025,0.1123420652858572,0.5977846317116041
5060,0.506,5,9,5,593491,12119,89936,18020,0.11225869798806921,0.5978964132851123
5061,0.5061,11,8,11,593499,12111,89947,18009,0.11218459372336878,0.5979083665338646
5062,0.5062,9,11,9,593510,12100,89956,18000,0.11208270035940568,0.5980066445182725
5063,0.5063,4,8,4,593518,12092,89960,17996,0.11200859609470525,0.5981122042010104
5064,0.5064,12,8,12,593526,12084,89972,17984,0.11193449183000481,0.5981109485166954
5065,0.5065,13,6,13,593532,12078,89985,17971,0.11187891363147949,0.5980565077040834
5066,0.5066,12,8,12,593540,12070,89997,17959,0.11180480936677906,0.598055213293816
5067,0.5067,6,13,6,593553,12057,90003,17953,0.11168438993664086,0.5982339220259913
5068,0.5068,6,7,6,593560,12050,90009,17947,0.11161954870502798,0.5982931626495983
5069,0.5069,7,10,7,593570,12040,90016,17940,0.11152691837415243,0.5983989326217478
5070,0.507,5,7,5,593577,12033,90021,17935,0.11146207714253956,0.5984717031500267
5071,0.5071,9,8,9,593585,12025,90030,17926,0.11138797287783912,0.5985109011385262
5072,0.5072,10,9,10,593594,12016,90040,17916,0.11130460558005113,0.5985567285847921
5073,0.5073,9,9,9,593603,12007,90049,17907,0.11122123828226314,0.5986160326268637
5074,0.5074,13,10,13,593613,11997,90062,17894,0.1111286079513876,0.5986417316249039
5075,0.5075,7,8,7,593621,11989,90069,17887,0.11105450368668716,0.5987079930378899
5076,0.5076,5,8,5,593629,11981,90074,17882,0.11098039942198673,0.5988011921106385
5077,0.5077,10,5,10,593634,11976,90084,17872,0.11093408425654896,0.5987670865719646
5078,0.5078,9,12,9,593646,11964,90093,17863,0.11082292785949831,0.598886914540517
5079,0.5079,15,5,15,593651,11959,90108,17848,0.11077661269406054,0.5987855201798236
5080,0.508,7,9,7,593660,11950,90115,17841,0.11069324539627255,0.5988721425934007
5081,0.5081,7,9,7,593669,11941,90122,17834,0.11060987809848456,0.5989588581024349
5082,0.5082,3,12,3,593681,11929,90125,17831,0.11049872170143392,0.5991599462365591
5083,0.5083,7,11,7,593692,11918,90132,17824,0.11039682833747082,0.5992872032815547
5084,0.5084,12,12,12,593704,11906,90144,17812,0.11028567194042017,0.5993673867689616
5085,0.5085,9,7,9,593711,11899,90153,17803,0.1102208307088073,0.5993872466500573
5086,0.5086,5,6,5,593717,11893,90158,17798,0.11016525251028196,0.5994409080192651
5087,0.5087,12,11,12,593728,11882,90170,17786,0.11006335914631887,0.5995011460159094
5088,0.5088,10,12,10,593740,11870,90180,17776,0.10995220274926822,0.5996087161843082
5089,0.5089,11,9,11,593749,11861,90191,17765,0.10986883545148023,0.5996422061702559
5090,0.509,12,11,12,593760,11850,90203,17753,0.10976694208751714,0.599702732831132
5091,0.5091,5,14,5,593774,11836,90208,17748,0.10963725962429138,0.5999188750676041
5092,0.5092,5,12,5,593786,11824,90213,17743,0.10952610322724073,0.6000947001724896
5093,0.5093,9,9,9,593795,11815,90222,17734,0.10944273592945274,0.6001556736268571
5094,0.5094,5,8,5,593803,11807,90227,17729,0.1093686316647523,0.6002505417118094
5095,0.5095,2,17,2,593820,11790,90229,17727,0.10921116010226388,0.6005691635328794
5096,0.5096,11,8,11,593828,11782,90240,17716,0.10913705583756345,0.6005830903790087
5097,0.5097,12,7,12,593835,11775,90252,17704,0.10907221460595057,0.6005631127243122
5098,0.5098,7,9,7,593844,11766,90259,17697,0.10898884730816258,0.6006516647999185
5099,0.5099,6,10,6,593854,11756,90265,17691,0.10889621697728705,0.6007742724216388
5100,0.51,13,9,13,593863,11747,90278,17678,0.10881284967949906,0.6007816482582837
5101,0.5101,7,9,7,593872,11738,90285,17671,0.10872948238171107,0.6008704818252916
5102,0.5102,10,11,10,593883,11727,90295,17661,0.10862758901774797,0.6009595753368722
5103,0.5103,6,10,6,593893,11717,90301,17655,0.10853495868687243,0.6010826637614054
5104,0.5104,10,7,10,593900,11710,90311,17645,0.10847011745525956,0.601090103900528
5105,0.5105,7,8,7,593908,11702,90318,17638,0.10839601319055912,0.6011588275391956
5106,0.5106,7,12,7,593920,11690,90325,17631,0.10828485679350847,0.6013096415538352
5107,0.5107,5,9,5,593929,11681,90330,17626,0.10820148949572048,0.6014262804108234
5108,0.5108,10,12,10,593941,11669,90340,17616,0.10809033309866983,0.6015366228444596
5109,0.5109,11,9,11,593950,11660,90351,17605,0.10800696580088184,0.6015718434990603
5110,0.511,12,4,12,593954,11656,90363,17593,0.10796991366853162,0.6014906492529659
5111,0.5111,7,11,7,593965,11645,90370,17586,0.10786802030456853,0.6016215661455304
5112,0.5112,10,7,10,593972,11638,90380,17576,0.10780317907295565,0.6016293557883207
5113,0.5113,9,6,9,593978,11632,90389,17567,0.10774760087443032,0.6016301928148224
5114,0.5114,9,7,9,593985,11625,90398,17558,0.10768275964281744,0.6016516465065278
5115,0.5115,10,7,10,593992,11618,90408,17548,0.10761791841120456,0.6016594665020915
5116,0.5116,8,9,8,594001,11609,90416,17540,0.10753455111341657,0.6017359086074994
5117,0.5117,7,14,7,594015,11595,90423,17533,0.10740486865019082,0.6019294149958803
5118,0.5118,13,6,13,594021,11589,90436,17520,0.1073492904516655,0.6018757085437494
5119,0.5119,7,17,7,594038,11572,90443,17513,0.10719181888917707,0.602131682998109
5120,0.512,12,7,12,594045,11565,90455,17501,0.1071269776575642,0.6021124337714168
5121,0.5121,6,5,6,594050,11560,90461,17495,0.10708066249212642,0.6021338840130787
5122,0.5122,11,8,11,594058,11552,90472,17484,0.10700655822742598,0.602149056343849
5123,0.5123,10,12,10,594070,11540,90482,17474,0.10689540183037534,0.6022609774591576
5124,0.5124,10,12,10,594082,11528,90492,17464,0.10678424543332468,0.6023730684326711
5125,0.5125,3,13,3,594095,11515,90495,17461,0.10666382600318648,0.60260215350635
5126,0.5126,8,16,8,594111,11499,90503,17453,0.10651561747378561,0.6028253661232384
5127,0.5127,7,10,7,594121,11489,90510,17446,0.10642298714291007,0.6029376188007604
5128,0.5128,10,9,10,594130,11480,90520,17436,0.1063396198451221,0.6029879651404066
5129,0.5129,8,10,8,594140,11470,90528,17428,0.10624698951424655,0.6030867188040695
5130,0.513,9,12,9,594152,11458,90537,17419,0.10613583311719589,0.6032136302247464
5131,0.5131,6,9,6,594161,11449,90543,17413,0.1060524658194079,0.6033192432956829
5132,0.5132,7,11,7,594172,11438,90550,17406,0.10595057245544481,0.6034530578283178
5133,0.5133,10,3,10,594175,11435,90560,17396,0.10592278335618215,0.6033783080711734
5134,0.5134,5,7,5,594182,11428,90565,17391,0.10585794212456927,0.6034560532981713
5135,0.5135,5,8,5,594190,11420,90570,17386,0.10578383785986883,0.6035548149691037
5136,0.5136,9,6,9,594196,11414,90579,17377,0.10572825966134351,0.6035566670139975
5137,0.5137,6,8,6,594204,11406,90585,17371,0.10565415539664308,0.6036417972686521
5138,0.5138,11,11,11,594215,11395,90596,17360,0.10555226203267998,0.6037210919840028
5139,0.5139,7,10,7,594225,11385,90603,17353,0.10545963170180443,0.6038346440253323
5140,0.514,8,7,8,594232,11378,90611,17345,0.10539479047019155,0.6038714618946489
5141,0.5141,6,9,6,594241,11369,90617,17339,0.10531142317240358,0.6039779852305978
5142,0.5142,9,10,9,594251,11359,90626,17330,0.10521879284152803,0.6040642755062916
5143,0.5143,7,5,7,594256,11354,90633,17323,0.10517247767609025,0.6040729504480943
5144,0.5144,10,3,10,594259,11351,90643,17313,0.1051446885768276,0.6039980463298912
5145,0.5145,7,6,7,594265,11345,90650,17306,0.10508911037830228,0.6040277826253883
5146,0.5146,16,5,16,594270,11340,90666,17290,0.1050427952128645,0.6039119804400978
5147,0.5147,11,9,11,594279,11331,90677,17279,0.10495942791507651,0.6039496679482699
5148,0.5148,8,13,8,594292,11318,90685,17271,0.10483900848493831,0.6041134702158173
5149,0.5149,7,10,7,594302,11308,90692,17264,0.10474637815406276,0.6042279154416912
5150,0.515,5,12,5,594314,11296,90697,17259,0.10463522175701212,0.6044125372088951
5151,0.5151,7,3,7,594317,11293,90704,17252,0.10460743265774945,0.6043790506218252
5152,0.5152,5,13,5,594330,11280,90709,17247,0.10448701322761125,0.6045851298769587
5153,0.5153,9,7,9,594337,11273,90718,17238,0.10442217199599838,0.6046087475009645
5154,0.5154,6,8,6,594345,11265,90724,17232,0.10434806773129794,0.6046952310769554
5155,0.5155,5,10,5,594355,11255,90729,17227,0.1042554374004224,0.6048381433888069
5156,0.5156,4,6,4,594361,11249,90733,17223,0.10419985920189707,0.6049100871031189
5157,0.5157,12,9,12,594370,11240,90745,17211,0.10411649190410908,0.6049348001827703
5158,0.5158,5,8,5,594378,11232,90750,17206,0.10404238763940865,0.6050355158590618
5159,0.5159,6,7,6,594385,11225,90756,17200,0.10397754640779577,0.6051011433597185
5160,0.516,3,10,3,594395,11215,90759,17197,0.10388491607692023,0.6052724201041814
5161,0.5161,14,5,14,594400,11210,90773,17183,0.10383860091148246,0.6051843764308104
5162,0.5162,8,13,8,594413,11197,90781,17175,0.10371818148134425,0.6053503454109685
5163,0.5163,8,13,8,594426,11184,90789,17167,0.10359776205120605,0.6055165602624246
5164,0.5164,10,11,10,594437,11173,90799,17157,0.10349586868724295,0.6056124249911754
5165,0.5165,7,7,7,594444,11166,90806,17150,0.10343102745563007,0.6056646418985733
5166,0.5166,11,8,11,594452,11158,90817,17139,0.10335692319092964,0.6056825811923525
5167,0.5167,9,13,9,594465,11145,90826,17130,0.10323650376079144,0.6058355437665782
5168,0.5168,6,10,6,594475,11135,90832,17124,0.10314387342991589,0.605966240843625
5169,0.5169,7,11,7,594486,11124,90839,17117,0.10304198006595279,0.6061045996954783
5170,0.517,10,8,10,594494,11116,90849,17107,0.10296787580125236,0.6061368387485384
5171,0.5171,11,6,11,594500,11110,90860,17096,0.10291229760272703,0.6061121747145998
5172,0.5172,10,12,10,594512,11098,90870,17086,0.10280114120567639,0.6062304853817769
5173,0.5173,5,8,5,594520,11090,90875,17081,0.10272703694097596,0.6063327535408753
5174,0.5174,8,8,8,594528,11082,90883,17073,0.10265293267627552,0.6063931806073521
5175,0.5175,4,11,4,594539,11071,90887,17069,0.10255103931231242,0.6065742714996446
5176,0.5176,7,7,7,594546,11064,90894,17062,0.10248619808069954,0.6066273199175141
5177,0.5177,9,8,9,594554,11056,90903,17053,0.10241209381599911,0.6066740189974741
5178,0.5178,9,7,9,594561,11049,90912,17044,0.10234725258438623,0.6066991777311074
5179,0.5179,10,6,10,594567,11043,90922,17034,0.10229167438586091,0.6066887487979485
5180,0.518,12,14,12,594581,11029,90934,17022,0.10216199192263514,0.6068232861573563
5181,0.5181,3,6,3,594587,11023,90937,17019,0.10210641372410982,0.6069110619784609
5182,0.5182,9,4,9,594591,11019,90946,17010,0.10206936159175961,0.6068714545649149
5183,0.5183,10,7,10,594598,11012,90956,17000,0.10200452036014673,0.6068827645294874
5184,0.5184,7,9,7,594607,11003,90963,16993,0.10192115306235874,0.6069795685097871
5185,0.5185,8,14,8,594621,10989,90971,16985,0.10179147059913297,0.6071709444484163
5186,0.5186,7,4,7,594625,10985,90978,16978,0.10175441846678276,0.6071594607159461
5187,0.5187,7,6,7,594631,10979,90985,16971,0.10169884026825744,0.6071914132379249
5188,0.5188,8,7,8,594638,10972,90993,16963,0.10163399903664457,0.6072310721317343
5189,0.5189,8,7,8,594645,10965,91001,16955,0.10156915780503167,0.6072707736389685
5190,0.519,5,8,5,594653,10957,91006,16950,0.10149505354033124,0.6073744938545884
5191,0.5191,8,7,8,594660,10950,91014,16942,0.10143021230871836,0.6074143123476266
5192,0.5192,3,7,3,594667,10943,91017,16939,0.10136537107710548,0.6075245678215336
5193,0.5193,5,7,5,594674,10936,91022,16934,0.1013005298454926,0.6076067456045927
5194,0.5194,4,6,4,594680,10930,91026,16930,0.10124495164696728,0.6076812634601579
5195,0.5195,4,11,4,594691,10919,91030,16926,0.10114305828300418,0.6078649667803915
5196,0.5196,10,10,10,594701,10909,91040,16916,0.10105042795212865,0.6079424977538185
5197,0.5197,10,3,10,594704,10906,91050,16906,0.10102263885286598,0.6078671077232849
5198,0.5198,8,11,8,594715,10895,91058,16898,0.10092074548890288,0.6079948188392761
5199,0.5199,5,9,5,594724,10886,91063,16893,0.1008373781911149,0.6081212426653227
5200,0.52,9,11,9,594735,10875,91072,16884,0.1007354848271518,0.6082351669728736
5201,0.5201,10,7,10,594742,10868,91082,16874,0.10067064359553893,0.6082474226804123
5202,0.5202,13,5,13,594747,10863,91095,16861,0.10062432843010115,0.6081734237483769
5203,0.5203,4,5,4,594752,10858,91099,16857,0.10057801326466338,0.6082265920981418
5204,0.5204,8,13,8,594765,10845,91107,16849,0.10045759383452518,0.6083989311764281
5205,0.5205,12,12,12,594777,10833,91119,16837,0.10034643743747453,0.6084929526563064
5206,0.5206,7,12,7,594789,10821,91126,16830,0.10023528104042388,0.6086579147227948
5207,0.5207,11,7,11,594796,10814,91137,16819,0.10017043980881099,0.608656316722759
5208,0.5208,7,7,7,594803,10807,91144,16812,0.10010559857719811,0.6087113943299902
5209,0.5209,9,9,9,594812,10798,91153,16803,0.10002223127941012,0.6087822904967212
5210,0.521,10,5,10,594817,10793,91163,16793,0.09997591611397236,0.6087508156311172
5211,0.5211,1,6,1,594823,10787,91164,16792,0.09992033791544704,0.6088690670437652
5212,0.5212,8,5,8,594828,10782,91172,16784,0.09987402275000927,0.6088659943408546
5213,0.5213,7,8,7,594836,10774,91179,16777,0.09979991848530884,0.6089434140321586
5214,0.5214,11,8,11,594844,10766,91190,16766,0.0997258142206084,0.6089641144849629
5215,0.5215,6,12,6,594856,10754,91196,16760,0.09961465782355775,0.6091444355600785
5216,0.5216,7,10,7,594866,10744,91203,16753,0.0995220274926822,0.6092664654325927
5217,0.5217,5,7,5,594873,10737,91208,16748,0.09945718626106932,0.609350554848099
5218,0.5218,6,6,6,594879,10731,91214,16742,0.099401608062544,0.6093983183489244
5219,0.5219,5,10,5,594889,10721,91219,16737,0.09930897773166845,0.6095491295797217
5220,0.522,11,12,11,594901,10709,91230,16726,0.09919782133461781,0.6096591944596319
5221,0.5221,10,8,10,594909,10701,91240,16716,0.09912371706991738,0.6096947149578729
5222,0.5222,8,9,8,594918,10692,91248,16708,0.09904034977212939,0.6097810218978102
5223,0.5223,10,8,10,594926,10684,91258,16698,0.09896624550742895,0.6098166678840113
5224,0.5224,10,8,10,594934,10676,91268,16688,0.09889214124272852,0.6098523607659699
5225,0.5225,10,8,10,594942,10668,91278,16678,0.09881803697802809,0.6098881006362905
5226,0.5226,13,11,13,594953,10657,91291,16665,0.09871614361406499,0.609948027230803
5227,0.5227,6,13,6,594966,10644,91297,16659,0.09859572418392679,0.6101527304691792
5228,0.5228,9,7,9,594973,10637,91306,16650,0.09853088295231391,0.6101806721149265
5229,0.5229,6,6,6,594979,10631,91312,16644,0.09847530475378859,0.6102291475710357
5230,0.523,7,15,7,594994,10616,91319,16637,0.09833635925747526,0.6104649029464646
5231,0.5231,9,8,9,595002,10608,91328,16628,0.09826225499277483,0.6105154941988544
5232,0.5232,6,6,6,595008,10602,91334,16622,0.0982066767942495,0.6105642080517191
5233,0.5233,8,9,8,595017,10593,91342,16614,0.09812330949646152,0.6106516705259676
5234,0.5234,6,12,6,595029,10581,91348,16608,0.09801215309941087,0.6108352642612821
5235,0.5235,8,7,8,595036,10574,91356,16600,0.097947311867798,0.6108780451902553
5236,0.5236,14,9,14,595045,10565,91370,16586,0.09786394457001,0.6108798939265588
5237,0.5237,11,11,11,595056,10554,91381,16575,0.0977620512060469,0.6109698109034613
5238,0.5238,10,10,10,595066,10544,91391,16565,0.09766942087517137,0.6110516802537903
5239,0.5239,8,10,8,595076,10534,91399,16557,0.09757679054429583,0.6111623786497361
5240,0.524,9,6,9,595082,10528,91408,16548,0.0975212123457705,0.6111685625646329
5241,0.5241,10,9,10,595091,10519,91418,16538,0.09743784504798252,0.6112281479838859
5242,0.5242,5,11,5,595102,10508,91423,16533,0.09733595168401941,0.6114049036648053
5243,0.5243,9,6,9,595108,10502,91432,16524,0.09728037348549409,0.6114112336268778
5244,0.5244,10,14,10,595122,10488,91442,16514,0.09715069102226834,0.6115843270868825
5245,0.5245,4,8,4,595130,10480,91446,16510,0.0970765867575679,0.6117080400148203
5246,0.5246,12,6,12,595136,10474,91458,16498,0.09702100855904257,0.6116713628948539
5247,0.5247,8,7,8,595143,10467,91466,16490,0.09695616732742969,0.6117149534443743
5248,0.5248,8,8,8,595151,10459,91474,16482,0.09688206306272926,0.6117812998775101
5249,0.5249,8,9,8,595160,10450,91482,16474,0.09679869576494127,0.6118704501559946
5250,0.525,12,14,12,595174,10436,91494,16462,0.09666901330171551,0.6120157632537735
5251,0.5251,10,7,10,595181,10429,91504,16452,0.09660417207010263,0.612030802425505
5252,0.5252,3,8,3,595189,10421,91507,16449,0.0965300678054022,0.6121697059918124
5253,0.5253,8,4,8,595193,10417,91515,16441,0.09649301567305199,0.6121453570630725
5254,0.5254,11,6,11,595199,10411,91526,16430,0.09643743747452665,0.6121232442904512
5255,0.5255,7,6,7,595205,10405,91533,16423,0.09638185927600133,0.6121589384225437
5256,0.5256,2,5,2,595210,10400,91535,16421,0.09633554411056357,0.6122441370567838
5257,0.5257,9,9,9,595219,10391,91544,16412,0.09625217681277558,0.6123195164720368
5258,0.5258,8,7,8,595226,10384,91552,16404,0.0961873355811627,0.61236374496043
5259,0.5259,7,11,7,595237,10373,91559,16397,0.0960854422171996,0.6125140082181546
5260,0.526,13,8,13,595245,10365,91572,16384,0.09601133795249917,0.612508878836592
5261,0.5261,15,9,15,595254,10356,91587,16369,0.09592797065471118,0.6124976613657624
5262,0.5262,6,8,6,595262,10348,91593,16363,0.09585386639001074,0.6125940623713076
5263,0.5263,6,11,6,595273,10337,91599,16357,0.09575197302604765,0.6127594215928673
5264,0.5264,7,8,7,595281,10329,91606,16350,0.09567786876134722,0.6128415607781401
5265,0.5265,11,6,11,595287,10323,91617,16339,0.09562229056282188,0.6128197434551046
5266,0.5266,8,9,8,595296,10314,91625,16331,0.09553892326503391,0.6129104897729405
5267,0.5267,9,10,9,595306,10304,91634,16322,0.09544629293415836,0.6130098400060091
5268,0.5268,10,5,10,595311,10299,91644,16312,0.09539997776872058,0.6129795949043628
5269,0.5269,5,9,5,595320,10290,91649,16307,0.09531661047093261,0.6131142610068805
5270,0.527,6,9,6,595329,10281,91655,16301,0.09523324317314462,0.6132345195997292
5271,0.5271,6,6,6,595335,10275,91661,16295,0.09517766497461928,0.6132856605193827
5272,0.5272,17,8,17,595343,10267,91678,16278,0.09510356070991885,0.6132228291580335
5273,0.5273,9,5,9,595348,10262,91687,16269,0.09505724554448108,0.6132071915871998
5274,0.5274,8,6,8,595354,10256,91695,16261,0.09500166734595576,0.6132292491609156
5275,0.5275,7,12,7,595366,10244,91702,16254,0.0948905109489051,0.6134047852668126
5276,0.5276,7,6,7,595372,10238,91709,16247,0.09483493275037978,0.6134415707003964
5277,0.5277,7,8,7,595380,10230,91716,16240,0.09476082848567935,0.6135247449943332
5278,0.5278,6,8,6,595388,10222,91722,16234,0.09468672422097892,0.6136226186876323
5279,0.5279,6,7,6,595395,10215,91728,16228,0.09462188298936604,0.6136973868320539
5280,0.528,7,8,7,595403,10207,91735,16221,0.0945477787246656,0.6137808385046163
5281,0.5281,8,12,8,595415,10195,91743,16213,0.09443662232761496,0.6139427446228416
5282,0.5282,9,12,9,595427,10183,91752,16204,0.0943254659305643,0.614090271724713
5283,0.5283,6,11,6,595438,10172,91758,16198,0.0942235725666012,0.6142586272279105
5284,0.5284,7,6,7,595444,10166,91765,16191,0.09416799436807588,0.6142960124445119
5285,0.5285,5,7,5,595451,10159,91770,16186,0.094103153136463,0.6143860315050295
5286,0.5286,8,3,8,595454,10156,91778,16178,0.09407536403720033,0.6143388774967722
5287,0.5287,6,12,6,595466,10144,91784,16172,0.09396420764014969,0.61453108375133
5288,0.5288,5,9,5,595475,10135,91789,16167,0.0938808403423617,0.6146680860771044
5289,0.5289,8,8,8,595483,10127,91797,16159,0.09380673607766127,0.6147378832838774
5290,0.529,7,6,7,595489,10121,91804,16152,0.09375115787913595,0.6147756251665207
5291,0.5291,8,11,8,595500,10110,91812,16144,0.09364926451517284,0.6149158223508798
5292,0.5292,6,13,6,595513,10097,91818,16138,0.09352884508503465,0.6151324566418906
5293,0.5293,8,5,8,595518,10092,91826,16130,0.09348252991959688,0.6151323316299291
5294,0.5294,9,8,9,595526,10084,91835,16121,0.09340842565489645,0.6151879412325892
5295,0.5295,12,13,12,595539,10071,91847,16109,0.09328800622475823,0.6153170359052712
5296,0.5296,4,9,4,595548,10062,91851,16105,0.09320463892697024,0.6154698666259029
5297,0.5297,14,8,14,595556,10054,91865,16091,0.09313053466226981,0.6154522853318034
5298,0.5298,7,8,7,595564,10046,91872,16084,0.09305643039756938,0.6155376961347111
5299,0.5299,12,11,12,595575,10035,91884,16072,0.09295453703360629,0.6156203317118014
5300,0.53,8,9,8,595584,10026,91892,16064,0.0928711697358183,0.6157148332694519
5301,0.5301,6,11,6,595595,10015,91898,16058,0.0927692763718552,0.6158861657653512
5302,0.5302,4,10,4,595605,10005,91902,16054,0.09267664604097965,0.6160635481023831
5303,0.5303,5,5,5,595610,10000,91907,16049,0.09263033087554189,0.6161081039579255
5304,0.5304,6,9,6,595619,9991,91913,16043,0.0925469635777539,0.6162326188829992
5305,0.5305,13,5,13,595624,9986,91926,16030,0.09250064841231613,0.6161592865928659
5306,0.5306,8,10,8,595634,9976,91934,16022,0.09240801808144058,0.6162781752442495
5307,0.5307,13,5,13,595639,9971,91947,16009,0.09236170291600282,0.6162047729022325
5308,0.5308,12,4,12,595643,9967,91959,15997,0.0923246507836526,0.6161223232167616
5309,0.5309,7,8,7,595651,9959,91966,15990,0.09225054651895216,0.6162087170989248
5310,0.531,9,4,9,595655,9955,91975,15981,0.09221349438660195,0.616170573719926
5311,0.5311,9,12,9,595667,9943,91984,15972,0.0921023379895513,0.6163225930928034
5312,0.5312,13,7,13,595674,9936,91997,15959,0.09203749675793842,0.6162965823518054
5313,0.5313,13,5,13,595679,9931,92010,15946,0.09199118159250065,0.6162229006453608
5314,0.5314,2,8,2,595687,9923,92012,15944,0.09191707732780022,0.6163838094869911
5315,0.5315,11,8,11,595695,9915,92023,15933,0.09184297306309978,0.6164113277623027
5316,0.5316,10,10,10,595705,9905,92033,15923,0.09175034273222424,0.6165014712714884
5317,0.5317,11,9,11,595714,9896,92044,15912,0.09166697543443625,0.6165530068195908
5318,0.5318,9,8,9,595722,9888,92053,15903,0.09159287116973581,0.6166104455042457
5319,0.5319,12,8,12,595730,9880,92065,15891,0.09151876690503538,0.6166233363082535
5320,0.532,6,2,6,595732,9878,92071,15885,0.09150024083886027,0.6165819198074758
5321,0.5321,5,11,5,595743,9867,92076,15880,0.09139834747489718,0.6167708859284576
5322,0.5322,7,10,7,595753,9857,92083,15873,0.09130571714402164,0.6169063350174893
5323,0.5323,5,7,5,595760,9850,92088,15868,0.09124087591240876,0.6169997667003655
5324,0.5324,5,7,5,595767,9843,92093,15863,0.09117603468079588,0.6170932856142535
5325,0.5325,9,6,9,595773,9837,92102,15854,0.09112045648227056,0.6171032657350823
5326,0.5326,6,8,6,595781,9829,92108,15848,0.09104635221757013,0.6172060598979632
5327,0.5327,6,7,6,595788,9822,92114,15842,0.09098151098595725,0.6172849127182045
5328,0.5328,5,7,5,595795,9815,92119,15837,0.09091666975434436,0.6173787618899111
5329,0.5329,8,5,8,595800,9810,92127,15829,0.09087035458890659,0.6173797730020671
5330,0.533,9,7,9,595807,9803,92136,15820,0.09080551335729371,0.6174140420715764
5331,0.5331,2,11,2,595818,9792,92138,15818,0.09070361999333061,0.6176493557204217
5332,0.5332,12,7,12,595825,9785,92150,15806,0.09063877876171773,0.6176390137157595
5333,0.5333,9,10,9,595835,9775,92159,15797,0.09054614843084219,0.6177459721570467
5334,0.5334,7,6,7,595841,9769,92166,15790,0.09049057023231687,0.6177862983684808
5335,0.5335,6,10,6,595851,9759,92172,15784,0.09039793990144133,0.6179383784207023
5336,0.5336,9,5,9,595856,9754,92181,15775,0.09035162473600356,0.617924713071409
5337,0.5337,18,6,18,595862,9748,92199,15757,0.09029604653747823,0.6178004312879828
5338,0.5338,2,6,2,595868,9742,92201,15755,0.09024046833895291,0.6179158332352825
5339,0.5339,10,5,10,595873,9737,92211,15745,0.09019415317351513,0.617887136017581
5340,0.534,10,11,10,595884,9726,92221,15735,0.09009225980955204,0.6180040061270178
5341,0.5341,6,11,6,595895,9715,92227,15729,0.08999036644558894,0.6181811036000628
5342,0.5342,3,11,3,595906,9704,92230,15726,0.08988847308162584,0.6184034604797484
5343,0.5343,7,4,7,595910,9700,92237,15719,0.08985142094927563,0.6183956882646839
5344,0.5344,7,9,7,595919,9691,92244,15712,0.08976805365148764,0.618509624847459
5345,0.5345,6,6,6,595925,9685,92250,15706,0.08971247545296232,0.6185656334921823
5346,0.5346,5,6,5,595931,9679,92255,15701,0.089656897254437,0.6186367218282112
5347,0.5347,7,7,7,595938,9672,92262,15694,0.08959205602282411,0.6187021997950012
5348,0.5348,5,8,5,595946,9664,92267,15689,0.08951795175812367,0.618822230110835
5349,0.5349,11,7,11,595953,9657,92278,15678,0.0894531105265108,0.6188277087033748
5350,0.535,11,5,11,595958,9652,92289,15667,0.08940679536107303,0.6187843121766262
5351,0.5351,13,14,13,595972,9638,92302,15654,0.08927711289784727,0.618930887237071
5352,0.5352,11,9,11,595981,9629,92313,15643,0.08919374560005928,0.6189854384298829
5353,0.5353,9,7,9,595988,9622,92322,15634,0.08912890436844641,0.6190212226797592
5354,0.5354,8,11,8,595999,9611,92330,15626,0.0890270110044833,0.6191702658794627
5355,0.5355,7,6,7,596005,9605,92337,15619,0.08897143280595798,0.6192118617189978
5356,0.5356,4,7,4,596012,9598,92341,15615,0.0889065915743451,0.6193233649307897
5357,0.5357,7,15,7,596027,9583,92348,15608,0.0887676460780318,0.6195863602080108
5358,0.5358,8,8,8,596035,9575,92356,15600,0.08869354181333136,0.6196623634558094
5359,0.5359,3,5,3,596040,9570,92359,15597,0.08864722664789358,0.6197401358922399
5360,0.536,8,5,8,596045,9565,92367,15589,0.08860091148245582,0.6197423868967162
5361,0.5361,6,8,6,596053,9557,92373,15583,0.08852680721775538,0.619848846459825
5362,0.5362,5,6,5,596059,9551,92378,15578,0.08847122901923006,0.6199212065740778
5363,0.5363,5,8,5,596067,9543,92383,15573,0.08839712475452963,0.620043000477783
5364,0.5364,7,5,7,596072,9538,92390,15566,0.08835080958909185,0.6200605481198216
5365,0.5365,6,10,6,596082,9528,92396,15560,0.08825817925821632,0.6202168367346939
5366,0.5366,8,6,8,596088,9522,92404,15552,0.08820260105969098,0.6202440775305097
5367,0.5367,5,6,5,596094,9516,92409,15547,0.08814702286116566,0.6203168016598173
5368,0.5368,6,4,6,596098,9512,92415,15541,0.08810997072881545,0.6203249111882808
5369,0.5369,10,6,10,596104,9506,92425,15531,0.08805439253029011,0.6203219235531413
5370,0.537,8,10,8,596114,9496,92433,15523,0.08796176219941458,0.62044845917103
5371,0.5371,8,6,8,596120,9490,92441,15515,0.08790618400088925,0.6204759048190361
5372,0.5372,5,9,5,596129,9481,92446,15510,0.08782281670310127,0.6206234244327958
5373,0.5373,3,2,3,596131,9479,92449,15507,0.08780429063692616,0.6206275514288001
5374,0.5374,11,10,11,596141,9469,92460,15496,0.08771166030605061,0.6207089925896255
5375,0.5375,9,6,9,596147,9463,92469,15487,0.08765608210752529,0.6207214428857716
5376,0.5376,12,1,12,596148,9462,92481,15475,0.08764681907443773,0.6205638208284878
5377,0.5377,3,6,3,596154,9456,92484,15472,0.08759124087591241,0.6206675224646984
5378,0.5378,8,5,8,596159,9451,92492,15464,0.08754492571047463,0.6206702789484246
5379,0.5379,11,10,11,596169,9441,92503,15453,0.0874522953795991,0.6207519884309473
5380,0.538,10,7,10,596176,9434,92513,15443,0.08738745414798621,0.6207742091088154
5381,0.5381,10,8,10,596184,9426,92523,15433,0.08731334988328578,0.6208214328814514
5382,0.5382,6,12,6,596196,9414,92529,15427,0.08720219348623513,0.6210297492049435
5383,0.5383,7,9,7,596205,9405,92536,15420,0.08711882618844714,0.6211480362537765
5384,0.5384,5,7,5,596212,9398,92541,15415,0.08705398495683427,0.6212469270140653
5385,0.5385,5,6,5,596218,9392,92546,15410,0.08699840675830894,0.6213208612208693
5386,0.5386,9,8,9,596226,9384,92555,15401,0.08692430249360851,0.6213839015533589
5387,0.5387,10,10,10,596236,9374,92565,15391,0.08683167216273296,0.6214819301433475
5388,0.5388,10,8,10,596244,9366,92575,15381,0.08675756789803253,0.6215298824099891
5389,0.5389,8,5,8,596249,9361,92583,15373,0.08671125273259477,0.6215331123150319
5390,0.539,13,4,13,596253,9357,92596,15360,0.08667420060024454,0.621434640126229
5391,0.5391,7,9,7,596262,9348,92603,15353,0.08659083330245655,0.6215537832476418
5392,0.5392,6,3,6,596265,9345,92609,15347,0.0865630442031939,0.6215373400291593
5393,0.5393,6,10,6,596275,9335,92615,15341,0.08647041387231835,0.6216971956556978
5394,0.5394,6,9,6,596284,9326,92621,15335,0.08638704657453036,0.6218320424962491
5395,0.5395,5,11,5,596295,9315,92626,15330,0.08628515321056726,0.6220328667072429
5396,0.5396,11,5,11,596300,9310,92637,15319,0.0862388380451295,0.6219903365950709
5397,0.5397,5,8,5,596308,9302,92642,15314,0.08616473378042906,0.6221156971075723
5398,0.5398,11,7,11,596315,9295,92653,15303,0.08609989254881618,0.6221237498983657
5399,0.5399,6,12,6,596327,9283,92659,15297,0.08598873615176554,0.6223352318958503
5400,0.54,10,5,10,596332,9278,92669,15287,0.08594242098632776,0.6223081620191329
5401,0.5401,2,11,2,596343,9267,92671,15285,0.08584052762236467,0.6225562072336266
5402,0.5402,4,9,4,596352,9258,92675,15281,0.08575716032457668,0.6227230123476915
5403,0.5403,11,8,11,596360,9250,92686,15270,0.08568305605987625,0.6227569331158238
5404,0.5404,7,7,7,596367,9243,92693,15263,0.08561821482826337,0.6228270627601403
5405,0.5405,9,11,9,596378,9232,92702,15254,0.08551632146430027,0.6229682267418116
5406,0.5406,6,5,6,596383,9227,92708,15248,0.0854700062988625,0.623003064351379
5407,0.5407,6,15,6,596398,9212,92714,15242,0.08533106080254918,0.6232927128486138
5408,0.5408,7,7,7,596405,9205,92721,15235,0.0852662195709363,0.6233633387888707
5409,0.5409,8,5,8,596410,9200,92729,15227,0.08521990440549854,0.6233675850493307
5410,0.541,11,11,11,596421,9189,92740,15216,0.08511801104153544,0.6234787953288261
5411,0.5411,7,7,7,596428,9182,92747,15209,0.08505316980992256,0.6235496699602312
5412,0.5412,8,2,8,596430,9180,92755,15201,0.08503464374374746,0.6234772978959026
5413,0.5413,7,4,7,596434,9176,92762,15194,0.08499759161139724,0.6234714813295035
5414,0.5414,10,7,10,596441,9169,92772,15184,0.08493275037978436,0.6234960785118876
5415,0.5415,10,6,10,596447,9163,92782,15174,0.08487717218125904,0.6234950897809919
5416,0.5416,13,6,13,596453,9157,92795,15161,0.0848215939827337,0.6234476519450612
5417,0.5417,8,12,8,596465,9145,92803,15153,0.08471043758568306,0.6236315746151947
5418,0.5418,10,7,10,596472,9138,92813,15143,0.08464559635407018,0.6236563568222067
5419,0.5419,6,4,6,596476,9134,92819,15137,0.08460854422171996,0.6236661035804046
5420,0.542,8,11,8,596487,9123,92827,15129,0.08450665085775687,0.6238248391885205
5421,0.5421,5,8,5,596495,9115,92832,15124,0.08443254659305643,0.62395313338009
5422,0.5422,5,7,5,596502,9108,92837,15119,0.08436770536144356,0.6240558055062534
5423,0.5423,14,3,14,596505,9105,92851,15105,0.08433991626218089,0.6239157372986369
5424,0.5424,10,8,10,596513,9097,92861,15095,0.08426581199748046,0.6239666005291006
5425,0.5425,7,12,7,596525,9085,92868,15088,0.0841546556004298,0.6241674595623216
5426,0.5426,6,10,6,596535,9075,92874,15082,0.08406202526955427,0.6243324916173366
5427,0.5427,10,5,10,596540,9070,92884,15072,0.08401571010411649,0.6243061883853864
5428,0.5428,4,5,4,596545,9065,92888,15068,0.08396939493867872,0.6243732648240998
5429,0.5429,12,7,12,596552,9058,92900,15056,0.08390455370706584,0.6243675872936884
5430,0.543,9,9,9,596561,9049,92909,15047,0.08382118640927785,0.6244604913678619
5431,0.5431,5,1,5,596562,9048,92914,15042,0.0838119233761903,0.6244084682440847
5432,0.5432,4,7,4,596569,9041,92918,15038,0.08374708214457742,0.6245275966609909
5433,0.5433,6,8,6,596577,9033,92924,15032,0.08367297787987699,0.6246415956783711
5434,0.5434,2,9,2,596586,9024,92926,15030,0.083589610582089,0.6248441007732601
5435,0.5435,10,7,10,596593,9017,92936,15020,0.08352476935047612,0.6248699920955194
5436,0.5436,5,5,5,596598,9012,92941,15015,0.08347845418503835,0.6249219627918592
5437,0.5437,4,9,4,596607,9003,92945,15011,0.08339508688725036,0.6250936953443824
5438,0.5438,13,6,13,596613,8997,92958,14998,0.08333950868872504,0.6250468847676599
5439,0.5439,7,1,7,596614,8996,92965,14991,0.08333024565563749,0.6249635219077
5440,0.544,9,5,9,596619,8991,92974,14982,0.0832839304901997,0.624953072206232
5441,0.5441,9,10,9,596629,8981,92983,14973,0.08319130015932417,0.625073056691993
5442,0.5442,6,5,6,596634,8976,92989,14967,0.0831449849938864,0.6251096353840371
5443,0.5443,5,2,5,596636,8974,92994,14962,0.08312645892771128,0.6250835561497327
5444,0.5444,12,8,12,596644,8966,93006,14950,0.08305235466301085,0.6251045325305234
5445,0.5445,10,11,10,596655,8955,93016,14940,0.08295046129904776,0.6252354048964218
5446,0.5446,7,6,7,596661,8949,93023,14933,0.08289488310052244,0.6252826396449208
5447,0.5447,10,6,10,596667,8943,93033,14923,0.0828393049019971,0.6252828291293053
5448,0.5448,8,8,8,596675,8935,93041,14915,0.08276520063729667,0.6253668763102725
5449,0.5449,8,5,8,596680,8930,93049,14907,0.0827188854718589,0.6253723203423249
5450,0.545,8,12,8,596692,8918,93057,14899,0.08260772907480826,0.625561573665869
5451,0.5451,8,5,8,596697,8913,93065,14891,0.08256141390937048,0.6255671315745253
5452,0.5452,6,4,6,596701,8909,93071,14885,0.08252436177702027,0.6255778767756577
5453,0.5453,5,11,5,596712,8898,93076,14880,0.08242246841305717,0.6257885440322988
5454,0.5454,4,5,4,596717,8893,93080,14876,0.0823761532476194,0.6258572089696663
5455,0.5455,9,2,9,596719,8891,93089,14867,0.08235762718144429,0.6257681623032242
5456,0.5456,4,6,4,596725,8885,93093,14863,0.08230204898291897,0.625863230587839
5457,0.5457,9,7,9,596732,8878,93102,14854,0.0822372077513061,0.6259059497724592
5458,0.5458,6,7,6,596739,8871,93108,14848,0.0821723665196932,0.625996036932417
5459,0.5459,6,7,6,596746,8864,93114,14842,0.08210752528808032,0.6260862228971569
5460,0.546,4,6,4,596752,8858,93118,14838,0.082051947089555,0.6261816340310601
5461,0.5461,8,5,8,596757,8853,93126,14830,0.08200563192411724,0.6261875606975468
5462,0.5462,4,8,4,596765,8845,93130,14826,0.0819315276594168,0.6263360229817075
5463,0.5463,5,4,5,596769,8841,93135,14821,0.08189447552706658,0.6263629448060181
5464,0.5464,3,8,3,596777,8833,93138,14818,0.08182037126236615,0.6265274195594267
5465,0.5465,10,2,10,596779,8831,93148,14808,0.08180184519619105,0.626422437497356
5466,0.5466,3,6,3,596785,8825,93151,14805,0.08174626699766571,0.6265340668641557
5467,0.5467,5,7,5,596792,8818,93156,14800,0.08168142576605283,0.6266406977728851
5468,0.5468,8,5,8,596797,8813,93164,14792,0.08163511060061507,0.626646896843889
5469,0.5469,9,6,9,596803,8807,93173,14783,0.08157953240208975,0.6266638406104281
5470,0.547,6,5,6,596808,8802,93179,14777,0.08153321723665197,0.6267017261122185
5471,0.5471,9,9,9,596817,8793,93188,14768,0.08144984993886398,0.6267985229828955
5472,0.5472,7,2,7,596819,8791,93195,14761,0.08143132387268888,0.6267408288043478
5473,0.5473,8,9,8,596828,8782,93203,14753,0.08134795657490089,0.6268536222647121
5474,0.5474,7,13,7,596841,8769,93210,14746,0.08122753714476268,0.6270890920688922
5475,0.5475,5,2,5,596843,8767,93215,14741,0.08120901107858758,0.6270631274459758
5476,0.5476,12,6,12,596849,8761,93227,14729,0.08115343288006224,0.6270327799063431
5477,0.5477,5,11,5,596860,8750,93232,14724,0.08105153951609916,0.6272471670784698
5478,0.5478,9,11,9,596871,8739,93241,14715,0.08094964615213605,0.6273983115886416
5479,0.5479,8,5,8,596876,8734,93249,14707,0.08090333098669829,0.6274049741905209
5480,0.548,4,5,4,596881,8729,93253,14703,0.08085701582126051,0.6274752475247525
5481,0.5481,8,6,8,596887,8723,93261,14695,0.08080143762273519,0.627508753949953
5482,0.5482,8,7,8,596894,8716,93269,14687,0.08073659639112231,0.6275691150707174
5483,0.5483,6,3,6,596897,8713,93275,14681,0.08070880729185964,0.6275540736941096
5484,0.5484,5,10,5,596907,8703,93280,14676,0.08061617696098411,0.6277428461439754
5485,0.5485,11,5,11,596912,8698,93291,14665,0.08056986179554633,0.6277019218422292
5486,0.5486,10,6,10,596918,8692,93301,14655,0.08051428359702101,0.6277037735040905
5487,0.5487,8,6,8,596924,8686,93309,14647,0.08045870539849569,0.6277375391077016
5488,0.5488,6,5,6,596929,8681,93315,14641,0.0804123902330579,0.6277763485121345
5489,0.5489,8,7,8,596936,8674,93323,14633,0.08034754900144503,0.6278371304758227
5490,0.549,14,5,14,596941,8669,93337,14619,0.08030123383600726,0.6277481964960495
5491,0.5491,4,6,4,596947,8663,93341,14615,0.08024565563748194,0.6278460348827218
5492,0.5492,11,10,11,596957,8653,93352,14604,0.0801530253066064,0.6279399750612719
5493,0.5493,6,7,6,596964,8646,93358,14598,0.08008818407499352,0.6280330407847187
5494,0.5494,4,7,4,596971,8639,93362,14594,0.08002334284338064,0.6281582232169759
5495,0.5495,11,9,11,596980,8630,93373,14583,0.07993997554559265,0.6282255632619653
5496,0.5496,8,5,8,596985,8625,93381,14575,0.07989366038015487,0.6282327586206896
5497,0.5497,8,3,8,596988,8622,93389,14567,0.07986587128089222,0.6281857777394454
5498,0.5498,4,10,4,596998,8612,93393,14563,0.07977324095001667,0.6283926645091694
5499,0.5499,8,9,8,597007,8603,93401,14555,0.07968987365222868,0.6285085067795146
5500,0.55,5,8,5,597015,8595,93406,14550,0.07961576938752825,0.6286454957874271
5501,0.5501,9,6,9,597021,8589,93415,14541,0.07956019118900293,0.6286640726329442
5502,0.5502,12,9,12,597030,8580,93427,14529,0.07947682389121494,0.6287160846423472
5503,0.5503,8,5,8,597035,8575,93435,14521,0.07943050872577717,0.6287235885001732
5504,0.5504,8,11,8,597046,8564,93443,14513,0.07932861536181407,0.6288945703514321
5505,0.5505,8,10,8,597056,8554,93451,14505,0.07923598503093852,0.629038553276378
5506,0.5506,10,5,10,597061,8549,93461,14495,0.07918966986550076,0.6290140600590175
5507,0.5507,7,10,7,597071,8539,93468,14488,0.07909703953462521,0.629174447387849
5508,0.5508,6,8,6,597079,8531,93474,14482,0.07902293526992478,0.6292964845956633
5509,0.5509,3,6,3,597085,8525,93477,14479,0.07896735707139946,0.6294122761258911
5510,0.551,8,8,8,597093,8517,93485,14471,0.07889325280669902,0.6295023490516791
5511,0.5511,4,11,4,597104,8506,93489,14467,0.07879135944273592,0.6297392591302834
5512,0.5512,9,3,9,597107,8503,93498,14458,0.07876357034347327,0.629676407821959
5513,0.5513,9,6,9,597113,8497,93507,14449,0.07870799214494795,0.6296958075481566
5514,0.5514,5,15,5,597128,8482,93512,14444,0.07856904664863464,0.6300270435313617
5515,0.5515,3,5,3,597133,8477,93515,14441,0.07852273148319686,0.6301160659743433
5516,0.5516,11,4,11,597137,8473,93526,14430,0.07848567935084665,0.630048465266559
5517,0.5517,11,4,11,597141,8469,93537,14419,0.07844862721849642,0.6299807759524642
5518,0.5518,6,7,6,597148,8462,93543,14413,0.07838378598688354,0.6300765027322405
5519,0.5519,5,7,5,597155,8455,93548,14408,0.07831894475527067,0.630188514193238
5520,0.552,8,8,8,597163,8447,93556,14400,0.07824484049057023,0.6302796866109336
5521,0.5521,6,7,6,597170,8440,93562,14394,0.07817999925895736,0.6303757554523955
5522,0.5522,4,7,4,597177,8433,93566,14390,0.07811515802734448,0.6305043158217587
5523,0.5523,1,6,1,597183,8427,93567,14389,0.07805957982881914,0.6306539270687237
5524,0.5524,4,3,4,597186,8424,93571,14385,0.07803179072955649,0.6306721031171906
5525,0.5525,11,6,11,597192,8418,93582,14374,0.07797621253103117,0.6306598806598807
5526,0.5526,10,7,10,597199,8411,93592,14364,0.07791137129941827,0.6306915477497256
5527,0.5527,10,9,10,597208,8402,93602,14354,0.0778280040016303,0.630778695728599
5528,0.5528,8,6,8,597214,8396,93610,14346,0.07777242580310496,0.6308152317298391
5529,0.5529,7,7,7,597221,8389,93617,14339,0.07770758457149209,0.6308958113340373
5530,0.553,8,10,8,597231,8379,93625,14331,0.07761495424061655,0.6310435931307794
5531,0.5531,8,8,8,597239,8371,93633,14323,0.07754084997591612,0.631135983079228
5532,0.5532,7,10,7,597249,8361,93640,14316,0.07744821964504058,0.6313004365656832
5533,0.5533,9,7,9,597256,8354,93649,14307,0.0773833784134277,0.6313490137240192
5534,0.5534,7,5,7,597261,8349,93656,14300,0.07733706324798992,0.6313744536182613
5535,0.5535,7,8,7,597269,8341,93663,14293,0.07726295898328948,0.6314836087302289
5536,0.5536,9,12,9,597281,8329,93672,14284,0.07715180258623884,0.6316720470525804
5537,0.5537,9,8,9,597289,8321,93681,14275,0.07707769832153841,0.6317489821207294
5538,0.5538,7,7,7,597296,8314,93688,14268,0.07701285708992553,0.6318306615888761
5539,0.5539,8,8,8,597304,8306,93696,14260,0.0769387528252251,0.6319241336523974
5540,0.554,8,5,8,597309,8301,93704,14252,0.07689243765978732,0.6319336673613266
5541,0.5541,9,5,9,597314,8296,93713,14243,0.07684612249434955,0.6319268822929145
5542,0.5542,8,8,8,597322,8288,93721,14235,0.07677201822964912,0.6320206011632553
5543,0.5543,12,7,12,597329,8281,93733,14223,0.07670717699803624,0.632020974049058
5544,0.5544,8,4,8,597333,8277,93741,14215,0.07667012486568602,0.6320024897741419
5545,0.5545,7,6,7,597339,8271,93748,14208,0.0766145466671607,0.6320565861470706
5546,0.5546,10,5,10,597344,8266,93758,14198,0.07656823150172293,0.6320334757834758
5547,0.5547,6,7,6,597351,8259,93764,14192,0.07650339027011005,0.6321321990111799
5548,0.5548,9,3,9,597354,8256,93773,14183,0.07647560117084738,0.632069165292571
5549,0.5549,14,8,14,597362,8248,93787,14169,0.07640149690614695,0.6320649507070527
5550,0.555,9,6,9,597368,8242,93796,14160,0.07634591870762163,0.6320864208552808
5551,0.5551,8,8,8,597376,8234,93804,14152,0.07627181444292119,0.6321808273027785
5552,0.5552,6,3,6,597379,8231,93810,14146,0.07624402534365853,0.6321669571434956
5553,0.5553,13,9,13,597388,8222,93823,14133,0.07616065804587054,0.6322075598300156
5554,0.5554,8,8,8,597396,8214,93831,14125,0.0760865537811701,0.6323022516674873
5555,0.5555,6,11,6,597407,8203,93837,14119,0.07598466041720701,0.632515007615805
5556,0.5556,5,7,5,597414,8196,93842,14114,0.07591981918559414,0.632631107126849
5557,0.5557,3,6,3,597420,8190,93845,14111,0.0758642409870688,0.6327518945338774
5558,0.5558,9,6,9,597426,8184,93854,14102,0.07580866278854348,0.6327739387956565
5559,0.5559,11,9,11,597435,8175,93865,14091,0.07572529549075549,0.6328482888709243
5560,0.556,3,6,3,597441,8169,93868,14088,0.07566971729223017,0.6329694028844858
5561,0.5561,5,4,5,597445,8165,93873,14083,0.07563266515987994,0.6330007191657677
5562,0.5562,7,7,7,597452,8158,93880,14076,0.07556782392826707,0.6330844652334263
5563,0.5563,1,9,1,597461,8149,93881,14075,0.07548445663047909,0.6333243340532757
5564,0.5564,4,8,4,597469,8141,93885,14071,0.07541035236577866,0.6334864037457231
5565,0.5565,7,15,7,597484,8126,93892,14064,0.07527140686946533,0.6337990085624156
5566,0.5566,4,6,4,597490,8120,93896,14060,0.07521582867094001,0.6339044183949504
5567,0.5567,6,6,6,597496,8114,93902,14054,0.07516025047241469,0.6339769036448936
5568,0.5568,4,4,4,597500,8110,93906,14050,0.07512319834006446,0.6340252707581228
5569,0.5569,4,3,4,597503,8107,93910,14046,0.07509540924080181,0.6340450503317835
5570,0.557,9,7,9,597510,8100,93919,14037,0.07503056800918893,0.6340967610787369
5571,0.5571,10,7,10,597517,8093,93929,14027,0.07496572677757606,0.634132007233273
5572,0.5572,6,7,6,597524,8086,93935,14021,0.07490088554596316,0.6342335007011354
5573,0.5573,8,4,8,597528,8082,93943,14013,0.07486383341361295,0.6342158859470468
5574,0.5574,9,8,9,597536,8074,93952,14004,0.07478972914891252,0.6342965848355829
5575,0.5575,5,6,5,597542,8068,93957,13999,0.0747341509503872,0.634386187519826
5576,0.5576,6,5,6,597547,8063,93963,13993,0.07468783578494942,0.63443054044251
5577,0.5577,5,5,5,597552,8058,93968,13988,0.07464152061951165,0.6344915177356436
5578,0.5578,7,4,7,597556,8054,93975,13981,0.07460446848716143,0.6344905831631495
5579,0.5579,11,6,11,597562,8048,93986,13970,0.07454889028863611,0.6344808792805886
5580,0.558,6,8,6,597570,8040,93992,13964,0.07447478602393567,0.6346118887475004
5581,0.5581,4,7,4,597577,8033,93996,13960,0.0744099447923228,0.6347474196335198
5582,0.5582,7,7,7,597584,8026,94003,13953,0.07434510356070992,0.6348332499203786
5583,0.5583,4,7,4,597591,8019,94007,13949,0.07428026232909704,0.6349690458849235
5584,0.5584,7,7,7,597598,8012,94014,13942,0.07421542109748416,0.6350551152409584
5585,0.5585,5,10,5,597608,8002,94019,13937,0.07412279076660862,0.6352614066274671
5586,0.5586,5,3,5,597611,7999,94024,13932,0.07409500166734595,0.6352651497879713
5587,0.5587,7,9,7,597620,7990,94031,13925,0.07401163436955797,0.6354095368469085
5588,0.5588,8,4,8,597624,7986,94039,13917,0.07397458223720775,0.6353924119983564
5589,0.5589,7,6,7,597630,7980,94046,13910,0.07391900403868243,0.6354499771585199
5590,0.559,5,8,5,597638,7972,94051,13905,0.073844899773982,0.6355990309457421
5591,0.5591,11,3,11,597641,7969,94062,13894,0.07381711067471933,0.6355029044504413
5592,0.5592,7,5,7,597646,7964,94069,13887,0.07377079550928156,0.6355315546199258
5593,0.5593,11,6,11,597652,7958,94080,13876,0.07371521731075624,0.6355225794632225
5594,0.5594,11,6,11,597658,7952,94091,13865,0.0736596391122309,0.6355135903194756
5595,0.5595,7,3,7,597661,7949,94098,13858,0.07363185001296825,0.635484018893016
5596,0.5596,7,3,7,597664,7946,94105,13851,0.07360406091370558,0.6354544203330733
5597,0.5597,5,4,5,597668,7942,94110,13846,0.07356700878135537,0.6354874242702405
5598,0.5598,9,6,9,597674,7936,94119,13837,0.07351143058283004,0.6355118725026409
5599,0.5599,2,4,2,597678,7932,94121,13835,0.07347437845047983,0.6355951669959112
5600,0.56,9,6,9,597684,7926,94130,13826,0.0734188002519545,0.6356197131298271
5601,0.5601,4,5,4,597689,7921,94134,13822,0.07337248508651673,0.6356988456054822
5602,0.5602,7,8,7,597697,7913,94141,13815,0.07329838082181629,0.6358155375552282
5603,0.5603,6,5,6,597702,7908,94147,13809,0.07325206565637853,0.6358613068103329
5604,0.5604,5,3,5,597705,7905,94152,13804,0.07322427655711586,0.6358653093187158
5605,0.5605,7,8,7,597713,7897,94159,13797,0.07315017229241542,0.6359822992532498
5606,0.5606,7,5,7,597718,7892,94166,13790,0.07310385712697766,0.6360114380592197
5607,0.5607,5,5,5,597723,7887,94171,13785,0.07305754196153989,0.6360741971207088
5608,0.5608,8,4,8,597727,7883,94179,13777,0.07302048982918967,0.6360572483841181
5609,0.5609,7,7,7,597734,7876,94186,13770,0.07295564859757679,0.6361452462348702
5610,0.561,8,8,8,597742,7868,94194,13762,0.07288154433287636,0.6362459546925566
5611,0.5611,10,8,10,597750,7860,94204,13752,0.07280744006817592,0.6363131593559134
5612,0.5612,10,6,10,597756,7854,94214,13742,0.0727518618696506,0.6363215410261159
5613,0.5613,8,4,8,597760,7850,94222,13734,0.07271480973730038,0.6363046701260193
5614,0.5614,3,3,3,597763,7847,94225,13731,0.07268702063803772,0.6363425711372694
5615,0.5615,7,3,7,597766,7844,94232,13724,0.07265923153877506,0.6363130563798219
5616,0.5616,8,14,8,597780,7830,94240,13716,0.0725295490755493,0.6365914786967418
5617,0.5617,10,8,10,597788,7822,94250,13706,0.07245544481084887,0.6366592344853215
5618,0.5618,11,7,11,597795,7815,94261,13695,0.07239060357923599,0.6366806136680614
5619,0.5619,7,1,7,597796,7814,94268,13688,0.07238134054614843,0.6365919449353549
5620,0.562,8,7,8,597803,7807,94276,13680,0.07231649931453556,0.6366640294131335
5621,0.5621,9,4,9,597807,7803,94285,13671,0.07227944718218533,0.6366303436714166
5622,0.5622,6,9,6,597816,7794,94291,13665,0.07219607988439734,0.6367957500349504
5623,0.5623,4,1,4,597817,7793,94295,13661,0.07218681685130979,0.636757714179174
5624,0.5624,8,8,8,597825,7785,94303,13653,0.07211271258660935,0.6368597816960537
5625,0.5625,8,7,8,597832,7778,94311,13645,0.07204787135499648,0.6369322690566214
5626,0.5626,14,7,14,597839,7771,94325,13631,0.0719830301233836,0.6369030931688627
5627,0.5627,12,11,12,597850,7760,94337,13619,0.07188113675942051,0.6370269891014547
5628,0.5628,5,6,5,597856,7754,94342,13614,0.07182555856089518,0.6371209284912018
5629,0.5629,6,9,6,597865,7745,94348,13608,0.07174219126310719,0.6372875005853978
5630,0.563,10,7,10,597872,7738,94358,13598,0.07167735003149431,0.6373265841769779
5631,0.5631,7,6,7,597878,7732,94365,13591,0.07162177183296899,0.6373868592599541
5632,0.5632,4,6,4,597884,7726,94369,13587,0.07156619363444366,0.6374982405104865
5633,0.5633,7,4,7,597888,7722,94376,13580,0.07152914150209344,0.6374988264012769
5634,0.5634,8,7,8,597895,7715,94384,13572,0.07146430027048056,0.6375722271809086
5635,0.5635,7,1,7,597896,7714,94391,13565,0.07145503723739301,0.63748296442502
5636,0.5636,7,5,7,597901,7709,94398,13558,0.07140872207195524,0.6375135185968872
5637,0.5637,9,4,9,597905,7705,94407,13549,0.07137166993960502,0.6374800037639974
5638,0.5638,7,7,7,597912,7698,94414,13542,0.07130682870799214,0.6375706214689265
5639,0.5639,7,4,7,597916,7694,94421,13535,0.07126977657564193,0.6375712468792689
5640,0.564,9,11,9,597927,7683,94430,13526,0.07116788321167883,0.6377481257956528
5641,0.5641,11,10,11,597937,7673,94441,13515,0.0710752528808033,0.6378610534264678
5642,0.5642,7,11,7,597948,7662,94448,13508,0.0709733595168402,0.638072744449693
5643,0.5643,4,8,4,597956,7654,94452,13504,0.07089925525213976,0.6382455808677568
5644,0.5644,12,9,12,597965,7645,94464,13492,0.07081588795435177,0.6383119648010598
5645,0.5645,2,8,2,597973,7637,94466,13490,0.07074178368965134,0.6385194301131254
5646,0.5646,8,4,8,597977,7633,94474,13482,0.07070473155730113,0.6385034335780251
5647,0.5647,5,5,5,597982,7628,94479,13477,0.07065841639186335,0.6385690594645819
5648,0.5648,12,6,12,597988,7622,94491,13465,0.07060283819333803,0.6385450751647935
5649,0.5649,6,8,6,597996,7614,94497,13459,0.0705287339286376,0.638684572675936
5650,0.565,6,10,6,598006,7604,94503,13453,0.07043610359776205,0.6388849313767393
5651,0.5651,6,3,6,598009,7601,94509,13447,0.0704083144984994,0.6388730520714557
5652,0.5652,3,16,3,598025,7585,94512,13444,0.07026010596909853,0.6393076228066004
5653,0.5653,4,16,4,598041,7569,94516,13440,0.07011189743969766,0.6397258317863773
5654,0.5654,5,3,5,598044,7566,94521,13435,0.07008410834043499,0.6397314413599352
5655,0.5655,4,6,4,598050,7560,94525,13431,0.07002853014190967,0.639845648134915
5656,0.5656,11,6,11,598056,7554,94536,13420,0.06997295194338435,0.6398398016591971
5657,0.5657,9,7,9,598063,7547,94545,13411,0.06990811071177146,0.639898845309667
5658,0.5658,6,7,6,598070,7540,94551,13405,0.06984326948015858,0.6400095488183337
5659,0.5659,8,4,8,598074,7536,94559,13397,0.06980621734780837,0.6399942674246405
5660,0.566,10,7,10,598081,7529,94569,13387,0.06974137611619549,0.6400363358194684
5661,0.5661,9,5,9,598086,7524,94578,13378,0.06969506095075771,0.6400344464644532
5662,0.5662,9,5,9,598091,7519,94587,13369,0.06964874578531995,0.6400325545767905
5663,0.5663,7,6,7,598097,7513,94594,13362,0.06959316758679462,0.6400958083832335
5664,0.5664,8,5,8,598102,7508,94602,13354,0.06954685242135684,0.6401112069791967
5665,0.5665,4,4,4,598106,7504,94606,13350,0.06950980028900663,0.6401649563632876
5666,0.5666,6,5,6,598111,7499,94612,13344,0.06946348512356885,0.6402149402677157
5667,0.5667,9,12,9,598123,7487,94621,13335,0.06935232872651821,0.6404283930458169
5668,0.5668,6,5,6,598128,7482,94627,13329,0.06930601356108045,0.6404785930517515
5669,0.5669,8,3,8,598131,7479,94635,13321,0.06927822446181778,0.6404326923076923
5670,0.567,5,6,5,598137,7473,94640,13316,0.06922264626329246,0.6405310500745587
5671,0.5671,5,5,5,598142,7468,94645,13311,0.06917633109785468,0.6405986813609894
5672,0.5672,5,4,5,598146,7464,94650,13306,0.06913927896550447,0.6406355320173327
5673,0.5673,5,11,5,598157,7453,94655,13301,0.06903738560154137,0.6408885034210273
5674,0.5674,7,3,7,598160,7450,94662,13294,0.06900959650227871,0.6408600077130736
5675,0.5675,9,4,9,598164,7446,94671,13285,0.06897254436992849,0.6408277458878009
5676,0.5676,4,8,4,598172,7438,94675,13281,0.06889844010522805,0.6410058400501955
5677,0.5677,4,6,4,598178,7432,94679,13277,0.06884286190670273,0.6411222173934038
5678,0.5678,6,9,6,598187,7423,94685,13271,0.06875949460891474,0.6412969942978641
5679,0.5679,9,5,9,598192,7418,94694,13262,0.06871317944347698,0.6412959381044487
5680,0.568,6,5,6,598197,7413,94700,13256,0.0686668642780392,0.6413469446997919
5681,0.5681,12,7,12,598204,7406,94712,13244,0.06860202304642632,0.6413559322033898
5682,0.5682,4,7,4,598211,7399,94716,13240,0.06853718181481344,0.6415039488347304
5683,0.5683,8,5,8,598216,7394,94724,13232,0.06849086664937568,0.6415204111315815
5684,0.5684,3,9,3,598225,7385,94727,13229,0.06840749935158769,0.64174832638013
5685,0.5685,5,8,5,598233,7377,94732,13224,0.06833339508688725,0.6419105868647154
5686,0.5686,10,7,10,598240,7370,94742,13214,0.06826855385527437,0.6419549164399534
5687,0.5687,6,12,6,598252,7358,94748,13208,0.06815739745822372,0.6422250316055625
5688,0.5688,8,6,8,598258,7352,94756,13200,0.0681018192596984,0.6422732580770728
5689,0.5689,7,8,7,598266,7344,94763,13193,0.06802771499499796,0.6424015192092322
5690,0.569,6,1,6,598267,7343,94769,13187,0.0680184519619104,0.6423283000487092
5691,0.5691,7,7,7,598274,7336,94776,13180,0.06795361073029753,0.6424254240592708
5692,0.5692,7,3,7,598277,7333,94783,13173,0.06792582163103486,0.6423973471179167
5693,0.5693,8,6,8,598283,7327,94791,13165,0.06787024343250954,0.6424458325200078
5694,0.5694,4,3,4,598286,7324,94795,13161,0.06784245433324688,0.6424701000732244
5695,0.5695,9,10,9,598296,7314,94804,13152,0.06774982400237134,0.6426267956610965
5696,0.5696,6,4,6,598300,7310,94810,13146,0.06771277187002112,0.6426476339460305
5697,0.5697,5,7,5,598307,7303,94815,13141,0.06764793063840824,0.6427802778321268
5698,0.5698,6,6,6,598313,7297,94821,13135,0.06759235243988292,0.6428641346906813
5699,0.5699,6,4,6,598317,7293,94827,13129,0.06755530030753269,0.6428851238860053
5700,0.57,9,3,9,598320,7290,94836,13120,0.06752751120827004,0.6428221460068594
5701,0.5701,3,5,3,598325,7285,94839,13117,0.06748119604283226,0.6429271640035291
5702,0.5702,8,2,8,598327,7283,94847,13109,0.06746266997665716,0.6428501373087485
5703,0.5703,7,6,7,598333,7277,94854,13102,0.06740709177813183,0.6429167280043182
5704,0.5704,10,5,10,598338,7272,94864,13092,0.06736077661269406,0.642899233942251
5705,0.5705,10,1,10,598339,7271,94874,13082,0.0673515135796065,0.6427553677590527
5706,0.5706,4,4,4,598343,7267,94878,13078,0.0673144614472563,0.642811501597444
5707,0.5707,9,5,9,598348,7262,94887,13069,0.06726814628181851,0.6428114701687079
5708,0.5708,5,4,5,598352,7258,94892,13064,0.0672310941494683,0.6428501131778368
5709,0.5709,9,2,9,598354,7256,94901,13055,0.06721256808329319,0.642755157303924
5710,0.571,9,4,9,598358,7252,94910,13046,0.06717551595094298,0.6427234210267021
5711,0.5711,8,2,8,598360,7250,94918,13038,0.06715698988476787,0.6426458990536278
5712,0.5712,9,2,9,598362,7248,94927,13029,0.06713846381859276,0.6425506731765054
5713,0.5713,11,6,11,598368,7242,94938,13018,0.06708288562006744,0.6425468904244818
5714,0.5714,12,7,12,598375,7235,94950,13006,0.06701804438845456,0.642557185909787
5715,0.5715,3,4,3,598379,7231,94953,13003,0.06698099225610434,0.6426312147869921
5716,0.5716,8,8,8,598387,7223,94961,12995,0.0669068879914039,0.6427440894252646
5717,0.5717,5,10,5,598397,7213,94966,12990,0.06681425766052837,0.6429738157699352
5718,0.5718,7,6,7,598403,7207,94973,12983,0.06675867946200303,0.6430411094601288
5719,0.5719,12,3,12,598406,7204,94985,12971,0.06673089036274038,0.6429244114002478
5720,0.572,4,5,4,598411,7199,94989,12967,0.0666845751973026,0.6430129921650303
5721,0.5721,3,5,3,598416,7194,94992,12964,0.06663826003186483,0.6431193570790753
5722,0.5722,7,7,7,598423,7187,94999,12957,0.06657341880025196,0.6432188244638603
5723,0.5723,8,3,8,598426,7184,95007,12949,0.06654562970098929,0.6431729002135796
5724,0.5724,4,6,4,598432,7178,95011,12945,0.06649005150246397,0.6432937434776127
5725,0.5725,5,6,5,598438,7172,95016,12940,0.06643447330393865,0.6433969769291965
5726,0.5726,5,1,5,598439,7171,95021,12935,0.06642521027085109,0.6433402964289267
5727,0.5727,3,6,3,598445,7165,95024,12932,0.06636963207232577,0.643479126237747
5728,0.5728,5,7,5,598452,7158,95029,12927,0.06630479084071288,0.6436146377893951
5729,0.5729,4,7,4,598459,7151,95033,12923,0.0662399496091,0.6437680581847165
5730,0.573,4,7,4,598466,7144,95037,12919,0.06617510837748712,0.6439216468125405
5731,0.5731,5,6,5,598472,7138,95042,12914,0.0661195301789618,0.6440255336126072
5732,0.5732,6,6,6,598478,7132,95048,12908,0.06606395198043648,0.6441117764471058
5733,0.5733,8,2,8,598480,7130,95056,12900,0.06604542591426137,0.6440339490763854
5734,0.5734,6,8,6,598488,7122,95062,12894,0.06597132164956093,0.6441846522781774
5735,0.5735,6,4,6,598492,7118,95068,12888,0.06593426951721072,0.6442067379786064
5736,0.5736,6,2,6,598494,7116,95074,12882,0.06591574345103561,0.6441644164416441
5737,0.5737,5,6,5,598500,7110,95079,12877,0.06586016525251029,0.6442687747035574
5738,0.5738,6,1,6,598501,7109,95085,12871,0.06585090221942273,0.6441941941941942
5739,0.5739,5,5,5,598506,7104,95090,12866,0.06580458705398495,0.6442663995993991
5740,0.574,6,7,6,598513,7097,95096,12860,0.06573974582237208,0.6443854286716441
5741,0.5741,8,7,8,598520,7090,95104,12852,0.0656749045907592,0.6444689599839535
5742,0.5742,11,5,11,598525,7085,95115,12841,0.06562858942532143,0.644434407307036
5743,0.5743,8,10,8,598535,7075,95123,12833,0.06553595909444589,0.644615230058268
5744,0.5744,6,6,6,598541,7069,95129,12827,0.06548038089592056,0.6447024527543225
5745,0.5745,5,4,5,598545,7065,95134,12822,0.06544332876357034,0.6447427968019309
5746,0.5746,8,4,8,598549,7061,95142,12814,0.06540627663122013,0.6447295597484277
5747,0.5747,4,10,4,598559,7051,95146,12810,0.06531364630034459,0.6449826292734505
5748,0.5748,9,4,9,598563,7047,95155,12801,0.06527659416799436,0.6449516324062878
5749,0.5749,10,5,10,598568,7042,95165,12791,0.0652302790025566,0.6449352089951091
5750,0.575,6,6,6,598574,7036,95171,12785,0.06517470080403127,0.6450229554512891
5751,0.5751,12,8,12,598582,7028,95183,12773,0.06510059653933084,0.6450684308873289
5752,0.5752,4,9,4,598591,7019,95187,12769,0.06501722924154285,0.6452900747928038
5753,0.5753,9,3,9,598594,7016,95196,12760,0.06498944014228018,0.6452265372168284
5754,0.5754,3,3,3,598597,7013,95199,12757,0.06496165104301753,0.645270612038442
5755,0.5755,4,9,4,598606,7004,95203,12753,0.06487828374522954,0.6454927367515311
5756,0.5756,3,5,3,598611,6999,95206,12750,0.06483196857979177,0.6456023089776698
5757,0.5757,6,7,6,598618,6992,95212,12744,0.06476712734817888,0.6457235508715039
5758,0.5758,7,5,7,598623,6987,95219,12737,0.06472081218274112,0.64576150882174
5759,0.5759,4,2,4,598625,6985,95223,12733,0.064702286116566,0.6457551475808906
5760,0.576,7,8,7,598633,6977,95230,12726,0.06462818185186557,0.645891488605796
5761,0.5761,6,9,6,598642,6968,95236,12720,0.06454481455407758,0.6460788297440065
5762,0.5762,13,7,13,598649,6961,95249,12707,0.0644799733224647,0.6460748423835672
5763,0.5763,9,2,9,598651,6959,95258,12698,0.0644614472562896,0.6459785318207254
5764,0.5764,5,6,5,598657,6953,95263,12693,0.06440586905776427,0.6460857171943398
5765,0.5765,4,7,4,598664,6946,95267,12689,0.06434102782615139,0.646243952126305
5766,0.5766,11,6,11,598670,6940,95278,12678,0.06428544962762607,0.6462432459985727
5767,0.5767,6,4,6,598674,6936,95284,12672,0.06424839749527585,0.6462668298653611
5768,0.5768,12,2,12,598676,6934,95296,12660,0.06422987142910075,0.6461161580075533
5769,0.5769,4,4,4,598680,6930,95300,12656,0.06419281929675053,0.6461758398856325
5770,0.577,5,9,5,598689,6921,95305,12651,0.06410945199896254,0.6463825873697119
5771,0.5771,12,3,12,598692,6918,95317,12639,0.06408166289969988,0.6462647645344378
5772,0.5772,10,5,10,598697,6913,95327,12629,0.0640353477342621,0.6462491044928871
5773,0.5773,8,8,8,598705,6905,95335,12621,0.06396124346956167,0.6463689439721397
5774,0.5774,10,6,10,598711,6899,95345,12611,0.06390566527103635,0.6463864684777038
5775,0.5775,9,1,9,598712,6898,95354,12602,0.06389640223794879,0.6462564102564102
5776,0.5776,8,11,8,598723,6887,95362,12594,0.0637945088739857,0.6464760535906781
5777,0.5777,1,9,1,598732,6878,95363,12593,0.06371114157619771,0.646756715114786
5778,0.5778,2,1,2,598733,6877,95365,12591,0.06370187854311016,0.6467536470104788
5779,0.5779,4,8,4,598741,6869,95369,12587,0.06362777427840972,0.6469469572368421
5780,0.578,3,8,3,598749,6861,95372,12584,0.06355367001370929,0.6471586526099254
5781,0.5781,6,1,6,598750,6860,95378,12578,0.06354440698062173,0.6470830332338718
5782,0.5782,3,5,3,598755,6855,95381,12575,0.06349809181518397,0.6471950591868245
5783,0.5783,6,4,6,598759,6851,95387,12569,0.06346103968283374,0.6472193614830072
5784,0.5784,15,3,15,598762,6848,95402,12554,0.06343325058357109,0.6470466962168848
5785,0.5785,8,5,8,598767,6843,95410,12546,0.06338693541813331,0.647067925112177
5786,0.5786,2,3,2,598770,6840,95412,12544,0.06335914631887066,0.6471316549731737
5787,0.5787,4,10,4,598780,6830,95416,12540,0.06326651598799511,0.6473928755807951
5788,0.5788,7,6,7,598786,6824,95423,12533,0.06321093778946979,0.6474660329596529
5789,0.5789,4,7,4,598793,6817,95427,12529,0.0631460965578569,0.6476274165202109
5790,0.579,10,8,10,598801,6809,95437,12519,0.06307199229315646,0.6477131622516556
5791,0.5791,2,11,2,598812,6798,95439,12517,0.06297009892919338,0.6480455604452499
5792,0.5792,2,8,2,598820,6790,95441,12515,0.06289599466449294,0.6482776482776483
5793,0.5793,9,6,9,598826,6784,95450,12506,0.06284041646596762,0.648315189217211
5794,0.5794,6,10,6,598836,6774,95456,12500,0.06274778613509208,0.6485420774099824
5795,0.5795,7,9,7,598845,6765,95463,12493,0.06266441883730409,0.6487174161387476
5796,0.5796,5,1,5,598846,6764,95468,12488,0.06265515580421653,0.6486598794930397
5797,0.5797,4,9,4,598855,6755,95472,12484,0.06257178850642854,0.6488902749623161
5798,0.5798,8,5,8,598860,6750,95480,12476,0.06252547334099078,0.6489129304067409
5799,0.5799,10,5,10,598865,6745,95490,12466,0.062479158175553,0.6488990682421529
5800,0.58,7,3,7,598868,6742,95497,12459,0.06245136907629034,0.6488724545596584
5801,0.5801,6,6,6,598874,6736,95503,12453,0.06239579087776501,0.6489655531815103
5802,0.5802,6,3,6,598877,6733,95509,12447,0.06236800177850235,0.6489572471324296
5803,0.5803,9,5,9,598882,6728,95518,12438,0.06232168661306458,0.6489617030157571
5804,0.5804,8,7,8,598889,6721,95526,12430,0.0622568453814517,0.6490522688110282
5805,0.5805,9,4,9,598893,6717,95535,12421,0.062219793249101485,0.649022886404013
5806,0.5806,4,7,4,598900,6710,95539,12417,0.06215495201748861,0.6491870131228107
5807,0.5807,4,9,4,598909,6701,95543,12413,0.06207158471970062,0.6494192738307
5808,0.5808,9,3,9,598912,6698,95552,12404,0.06204379562043796,0.6493560883677102
5809,0.5809,8,6,8,598918,6692,95560,12396,0.06198821742191263,0.6494132439228835
5810,0.581,9,2,9,598920,6690,95569,12387,0.06196969135573752,0.649315930177701
5811,0.5811,7,7,7,598927,6683,95576,12380,0.061904850124124645,0.6494255888370141
5812,0.5812,6,3,6,598930,6680,95582,12374,0.06187706102486198,0.6494174451558727
5813,0.5813,11,4,11,598934,6676,95593,12363,0.06184000889251176,0.6493513314774936
5814,0.5814,4,7,4,598941,6669,95597,12359,0.06177516766089888,0.649516501997057
5815,0.5815,9,3,9,598944,6666,95606,12350,0.06174737856163622,0.6494530921329407
5816,0.5816,7,5,7,598949,6661,95613,12343,0.06170106339619845,0.6494948431909072
5817,0.5817,5,6,5,598955,6655,95618,12338,0.06164548519767313,0.6496077502237666
5818,0.5818,9,5,9,598960,6650,95627,12329,0.061599170032235355,0.6496127298593182
5819,0.5819,6,6,6,598966,6644,95633,12323,0.06154359183371003,0.6497073865134181
5820,0.582,6,6,6,598972,6638,95639,12317,0.061488013635184705,0.6498021630176735
5821,0.5821,5,2,5,598974,6636,95644,12312,0.0614694875690096,0.6497783407219759
5822,0.5822,8,4,8,598978,6632,95652,12304,0.06143243543665938,0.6497676383607942
5823,0.5823,8,7,8,598985,6625,95660,12296,0.0613675942050465,0.6498599439775911
5824,0.5824,4,9,4,598994,6616,95664,12292,0.061284226907258516,0.650095197799873
5825,0.5825,7,3,7,598997,6613,95671,12285,0.06125643780799585,0.650068790348185
5826,0.5826,9,3,9,599000,6610,95680,12276,0.06122864870873319,0.6500052949274595
5827,0.5827,7,4,7,599004,6606,95687,12269,0.06119159657638297,0.6500132450331125
5828,0.5828,4,9,4,599013,6597,95691,12265,0.06110822927859498,0.6502491782419679
5829,0.5829,9,2,9,599015,6595,95700,12256,0.061089703212419875,0.6501511856134953
5830,0.583,5,10,5,599025,6585,95705,12251,0.06099707288154433,0.6504034826927161
5831,0.5831,6,6,6,599031,6579,95711,12245,0.06094149468301901,0.6504993625159371
5832,0.5832,7,12,7,599043,6567,95718,12238,0.06083033828596836,0.6507843658601435
5833,0.5833,3,6,3,599049,6561,95721,12235,0.06077476008744303,0.6509363694403064
5834,0.5834,4,8,4,599057,6553,95725,12231,0.060700655822742595,0.6511392674616695
5835,0.5835,16,4,16,599061,6549,95741,12215,0.06066360369039238,0.6509806011511405
5836,0.5836,5,7,5,599068,6542,95746,12210,0.0605987624587795,0.6511305460750854
5837,0.5837,6,4,6,599072,6538,95752,12204,0.060561710326429284,0.6511578273396649
5838,0.5838,11,7,11,599079,6531,95763,12193,0.060496869094816406,0.6511963255714591
5839,0.5839,12,0,12,599079,6531,95775,12181,0.060496869094816406,0.6509726378794357
5840,0.584,7,4,7,599083,6527,95782,12174,0.06045981696246619,0.6509812309502165
5841,0.5841,4,5,4,599088,6522,95786,12170,0.06041350179702842,0.651080676225123
5842,0.5842,4,4,4,599092,6518,95790,12166,0.0603764496646782,0.6511453650181974
5843,0.5843,4,7,4,599099,6511,95794,12162,0.06031160843306532,0.6513147325014728
5844,0.5844,4,5,4,599104,6506,95798,12158,0.06026529326762755,0.6514144877839692
5845,0.5845,3,6,3,599110,6500,95801,12155,0.06020971506910223,0.6515679442508711
5846,0.5846,8,9,8,599119,6491,95809,12147,0.06012634777131424,0.6517330185642236
5847,0.5847,5,2,5,599121,6489,95814,12142,0.06010782170513913,0.6517095163974022
5848,0.5848,3,4,3,599125,6485,95817,12139,0.06007076957278892,0.651793384879725
5849,0.5849,10,6,10,599131,6479,95827,12129,0.06001519137426359,0.6518164230438521
5850,0.585,4,4,4,599135,6475,95831,12125,0.05997813924191337,0.6518817204301075
5851,0.5851,9,6,9,599141,6469,95840,12116,0.05992256104338805,0.6519235942964756
5852,0.5852,8,7,8,599148,6462,95848,12108,0.059857719811775165,0.6520193861066236
5853,0.5853,7,5,7,599153,6457,95855,12101,0.0598114046463374,0.652063799978446
5854,0.5854,5,8,5,599161,6449,95860,12096,0.059737300381636965,0.6522512806686438
5855,0.5855,8,4,8,599165,6445,95868,12088,0.05970024824928675,0.6522419467976043
5856,0.5856,5,5,5,599170,6440,95873,12083,0.059653933083848976,0.6523241375587108
5857,0.5857,3,4,3,599174,6436,95876,12080,0.05961688095149876,0.6524087275869518
5858,0.5858,4,10,4,599184,6426,95880,12076,0.05952425062062322,0.6526861960869095
5859,0.5859,8,2,8,599186,6424,95888,12068,0.05950572455444811,0.6526065325546182
5860,0.586,5,5,5,599191,6419,95893,12063,0.059459409389010336,0.6526891029109404
5861,0.5861,6,5,6,599196,6414,95899,12057,0.05941309422357257,0.6527529641058958
5862,0.5862,7,6,7,599202,6408,95906,12050,0.05935751602504724,0.6528334597464514
5863,0.5863,2,3,2,599205,6405,95908,12048,0.05932972692578458,0.6529019671598114
5864,0.5864,4,3,4,599208,6402,95912,12044,0.05930193782652192,0.6529328851783585
5865,0.5865,9,5,9,599213,6397,95921,12035,0.05925562266108415,0.6529405381944444
5866,0.5866,6,3,6,599216,6394,95927,12029,0.059227833561821486,0.6529338327091136
5867,0.5867,9,7,9,599223,6387,95936,12020,0.0591629923302086,0.6530124409192155
5868,0.5868,6,5,6,599228,6382,95942,12014,0.059116677164770835,0.6530767558164818
5869,0.5869,5,4,5,599232,6378,95947,12009,0.05907962503242062,0.6531244901288954
5870,0.587,9,1,9,599233,6377,95956,12000,0.05907036199933306,0.6529901507318931
5871,0.5871,8,5,8,599238,6372,95964,11992,0.05902404683389529,0.65301677194511
5872,0.5872,11,8,11,599246,6364,95975,11981,0.058949942569194856,0.6530934859634778
5873,0.5873,6,3,6,599249,6361,95981,11975,0.058922153469932195,0.6530868237347295
5874,0.5874,4,5,4,599254,6356,95985,11971,0.05887583830449442,0.6531892835706881
5875,0.5875,9,4,9,599258,6352,95994,11962,0.058838786172144206,0.6531615157802774
5876,0.5876,7,3,7,599261,6349,96001,11955,0.058810997072881545,0.6531359265734266
5877,0.5877,9,6,9,599267,6343,96010,11946,0.058755418874356216,0.6531795068073706
5878,0.5878,8,9,8,599276,6334,96018,11938,0.058672051576568233,0.6533493870402802
5879,0.5879,6,4,6,599280,6330,96024,11932,0.05863499944421802,0.653378600372358
5880,0.588,4,6,4,599286,6324,96028,11928,0.05857942124569269,0.653517422748192
5881,0.5881,2,6,2,599292,6318,96030,11926,0.058523843047167366,0.653694365270774
5882,0.5882,9,2,9,599294,6316,96039,11917,0.058505316980992254,0.6535951297098668
5883,0.5883,2,8,2,599302,6308,96041,11915,0.05843121271629182,0.6538440432420567
5884,0.5884,3,4,3,599306,6304,96044,11912,0.058394160583941604,0.6539306104523496
5885,0.5885,8,3,8,599309,6301,96052,11904,0.05836637148467894,0.6538862949739083
5886,0.5886,4,3,4,599312,6298,96056,11900,0.05833858238541628,0.6539180129684581
5887,0.5887,3,3,3,599315,6295,96059,11897,0.05831079328615362,0.6539687774846086
5888,0.5888,7,3,7,599318,6292,96066,11890,0.05828300418689095,0.6539434605653943
5889,0.5889,3,5,3,599323,6287,96069,11887,0.05823668902145319,0.6540662484868494
5890,0.589,5,3,5,599326,6284,96074,11882,0.05820889992219052,0.6540790487724321
5891,0.5891,1,6,1,599332,6278,96075,11881,0.0581533217236652,0.6542761165262404
5892,0.5892,5,1,5,599333,6277,96080,11876,0.05814405869057764,0.6542169338401366
5893,0.5893,3,5,3,599338,6272,96083,11873,0.05809774352513987,0.6543400385781207
5894,0.5894,7,3,7,599341,6269,96090,11866,0.05806995442587721,0.6543148607664737
5895,0.5895,7,9,7,599350,6260,96097,11859,0.05798658712808922,0.6545063193332965
5896,0.5896,7,7,7,599357,6253,96104,11852,0.05792174589647634,0.6546257939795637
5897,0.5897,8,5,8,599362,6248,96112,11844,0.05787543073103857,0.6546539907141278
5898,0.5898,9,7,9,599369,6241,96121,11835,0.05781058949942569,0.6547355609648152
5899,0.5899,3,3,3,599372,6238,96124,11832,0.05778280040016303,0.654786939679026
5900,0.59,3,4,3,599376,6234,96127,11829,0.05774574826781281,0.6548746055472513
5901,0.5901,3,6,3,599382,6228,96130,11826,0.057690170069287484,0.6550348953140578
5902,0.5902,4,3,4,599385,6225,96134,11822,0.057662380970024824,0.6550673242090098
5903,0.5903,6,7,6,599392,6218,96140,11816,0.057597539738411946,0.6552068315404237
5904,0.5904,4,4,4,599396,6214,96144,11812,0.05756048760606173,0.6552757128592034
5905,0.5905,4,4,4,599400,6210,96148,11808,0.05752343547371151,0.6553446553446554
5906,0.5906,8,2,8,599402,6208,96156,11800,0.0575049094075364,0.655264326965793
5907,0.5907,4,3,4,599405,6205,96160,11796,0.05747712030827374,0.6552969279484473
5908,0.5908,7,1,7,599406,6204,96167,11789,0.057467857275186184,0.655199244150503
5909,0.5909,8,3,8,599409,6201,96175,11781,0.05744006817592352,0.6551551551551551
5910,0.591,6,10,6,599419,6191,96181,11775,0.057347437845047984,0.6554046532338862
5911,0.5911,6,8,6,599427,6183,96187,11769,0.05727333358034755,0.6555815508021391
5912,0.5912,6,7,6,599434,6176,96193,11763,0.05720849234873467,0.6557221695746697
5913,0.5913,5,5,5,599439,6171,96198,11758,0.0571621771832969,0.6558090244854705
5914,0.5914,5,8,5,599447,6163,96203,11753,0.057088072918596466,0.6560058048671579
5915,0.5915,5,4,5,599451,6159,96208,11748,0.05705102078624625,0.6560562908359859
5916,0.5916,5,6,5,599457,6153,96213,11743,0.05699544258772092,0.6561801519892714
5917,0.5917,13,3,13,599460,6150,96226,11730,0.05696765348845826,0.6560402684563759
5918,0.5918,7,3,7,599463,6147,96233,11723,0.0569398643891956,0.6560156687185227
5919,0.5919,8,5,8,599468,6142,96241,11715,0.056893549223757826,0.6560452483619869
5920,0.592,6,7,6,599475,6135,96247,11709,0.05682870799214495,0.6561869535978481
5921,0.5921,8,8,8,599483,6127,96255,11701,0.056754603727444515,0.6563271258694189
5922,0.5922,6,6,6,599489,6121,96261,11695,0.056699025528919186,0.6564324202963628
5923,0.5923,7,6,7,599495,6115,96268,11688,0.056643447330393865,0.6565185642869179
5924,0.5924,6,5,6,599500,6110,96274,11682,0.05659713216495609,0.6565872302158273
5925,0.5925,11,3,11,599503,6107,96285,11671,0.05656934306569343,0.6564855439307009
5926,0.5926,8,6,8,599509,6101,96293,11663,0.0565137648671681,0.6565525782481423
5927,0.5927,3,4,3,599513,6097,96296,11660,0.056476712734817885,0.6566424508644478
5928,0.5928,5,5,5,599518,6092,96301,11655,0.05643039756938012,0.656730715050431
5929,0.5929,6,6,6,599524,6086,96307,11649,0.05637481937085479,0.6568367634620806
5930,0.593,6,3,6,599527,6083,96313,11643,0.05634703027159213,0.6568317725375156
5931,0.5931,7,0,7,599527,6083,96320,11636,0.05634703027159213,0.6566962018172583
5932,0.5932,7,4,7,599531,6079,96327,11629,0.05630997813924191,0.6567088321662525
5933,0.5933,9,7,9,599538,6072,96336,11620,0.056245136907629036,0.6567940312005426
5934,0.5934,5,3,5,599541,6069,96341,11615,0.056217347808366375,0.6568084143858856
5935,0.5935,5,4,5,599545,6065,96346,11610,0.05618029567601616,0.6568599717114568
5936,0.5936,5,3,5,599548,6062,96351,11605,0.05615250657675349,0.6568743985962529
5937,0.5937,6,5,6,599553,6057,96357,11599,0.056106191411315724,0.6569438151336656
5938,0.5938,4,9,4,599562,6048,96361,11595,0.056022824113527735,0.6572011562659411
5939,0.5939,4,5,4,599567,6043,96365,11591,0.05597650894808996,0.657309742542815
5940,0.594,8,1,8,599568,6042,96373,11583,0.055967245915002406,0.6571914893617021
5941,0.5941,10,4,10,599572,6038,96383,11573,0.05593019378265219,0.6571461018681506
5942,0.5942,9,7,9,599579,6031,96392,11564,0.05586535255103931,0.6572321682296107
5943,0.5943,3,5,3,599584,6026,96395,11561,0.05581903738560154,0.6573605504065503
5944,0.5944,5,10,5,599594,6016,96400,11556,0.055726407054726,0.6576371500113818
5945,0.5945,2,7,2,599601,6009,96402,11554,0.05566156582311312,0.6578602744405854
5946,0.5946,5,4,5,599605,6005,96407,11549,0.055624513690762906,0.6579127264441152
5947,0.5947,10,2,10,599607,6003,96417,11539,0.055605987624587794,0.6577927260289591
5948,0.5948,4,2,4,599609,6001,96421,11535,0.05558746155841269,0.6577896897810219
5949,0.5949,6,3,6,599612,5998,96427,11529,0.05555967245915002,0.6577851315113824
5950,0.595,10,4,10,599616,5994,96437,11519,0.055522620326799804,0.6577399645977274
5951,0.5951,5,3,5,599619,5991,96442,11514,0.05549483122753714,0.6577549271636676
5952,0.5952,10,5,10,599624,5986,96452,11504,0.05544851606209937,0.6577472841623785
5953,0.5953,4,3,4,599627,5983,96456,11500,0.05542072696283671,0.6577818452210719
5954,0.5954,8,3,8,599630,5980,96464,11492,0.05539293786357405,0.6577380952380952
5955,0.5955,9,3,9,599633,5977,96473,11483,0.05536514876431139,0.6576746849942726
5956,0.5956,8,6,8,599639,5971,96481,11475,0.05530957056578606,0.6577438954488135
5957,0.5957,11,5,11,599644,5966,96492,11464,0.05526325540034829,0.6577165806081469
5958,0.5958,6,4,6,599648,5962,96498,11458,0.05522620326799808,0.6577497129735935
5959,0.5959,5,5,5,599653,5957,96503,11453,0.055179888102560304,0.6578403216542217
5960,0.596,8,5,8,599658,5952,96511,11445,0.05513357293712253,0.6578720469046387
5961,0.5961,8,5,8,599663,5947,96519,11437,0.05508725777168476,0.6579038196042338
5962,0.5962,6,9,6,599672,5938,96525,11431,0.055003890473896776,0.6581265472969083
5963,0.5963,6,8,6,599680,5930,96531,11425,0.05492978620919634,0.6583117257274561
5964,0.5964,4,6,4,599686,5924,96535,11421,0.05487420801067101,0.6584606514845777
5965,0.5965,5,4,5,599690,5920,96540,11416,0.0548371558783208,0.6585140747577296
5966,0.5966,5,6,5,599696,5914,96545,11411,0.054781577679795475,0.6586435786435787
5967,0.5967,3,1,3,599697,5913,96548,11408,0.05477231464670792,0.6586224813809827
5968,0.5968,10,3,10,599700,5910,96558,11398,0.05474452554744526,0.6585394037439335
5969,0.5969,7,5,7,599705,5905,96565,11391,0.054698210382007485,0.6585915818686402
5970,0.597,4,3,4,599708,5902,96569,11387,0.054670421282744824,0.6586268725779397
5971,0.5971,6,6,6,599714,5896,96575,11381,0.054614843084219496,0.6587370492562367
5972,0.5972,5,5,5,599719,5891,96580,11376,0.05456852791878172,0.6588289801355186
5973,0.5973,3,6,3,599725,5885,96583,11373,0.0545129497202564,0.6589987252288794
5974,0.5974,5,8,5,599733,5877,96588,11368,0.05443884545555597,0.6592055668309655
5975,0.5975,8,3,8,599736,5874,96596,11360,0.05441105635629331,0.659162121387954
5976,0.5976,7,3,7,599739,5871,96603,11353,0.05438326725703064,0.6591384115188109
5977,0.5977,10,14,10,599753,5857,96613,11343,0.05425358479380488,0.6594767441860465
5978,0.5978,4,1,4,599754,5856,96617,11339,0.05424432176071733,0.6594358825239895
5979,0.5979,5,6,5,599760,5850,96622,11334,0.054188743562192006,0.6595670391061452
5980,0.598,4,4,4,599764,5846,96626,11330,0.05415169142984179,0.6596413600372613
5981,0.5981,5,3,5,599767,5843,96631,11325,0.05412390233057913,0.6596575023299162
5982,0.5982,8,4,8,599771,5839,96639,11317,0.05408685019822891,0.6596525996735836
5983,0.5983,8,6,8,599777,5833,96647,11309,0.05403127199970358,0.6597246528993116
5984,0.5984,4,6,4,599783,5827,96651,11305,0.05397569380117826,0.6598762549614756
5985,0.5985,10,1,10,599784,5826,96661,11295,0.053966430768090705,0.659716138076047
5986,0.5986,4,5,4,599789,5821,96665,11291,0.05392011560265293,0.6598293595137915
5987,0.5987,3,7,3,599796,5814,96668,11288,0.053855274371040054,0.6600397614314115
5988,0.5988,4,6,4,599802,5808,96672,11284,0.053799696172514726,0.6601919026445121
5989,0.5989,1,4,1,599806,5804,96673,11283,0.05376264404016451,0.6603265640545444
5990,0.599,5,4,5,599810,5800,96678,11278,0.05372559190781429,0.660381777725729
5991,0.5991,4,7,4,599817,5793,96682,11274,0.053660750676201414,0.6605730356828968
5992,0.5992,2,3,2,599820,5790,96684,11272,0.053632961576938754,0.6606493963193061
5993,0.5993,6,3,6,599823,5787,96690,11266,0.05360517247767609,0.6606462206063449
5994,0.5994,9,2,9,599825,5785,96699,11257,0.05358664641150098,0.6605445370261707
5995,0.5995,7,5,7,599830,5780,96706,11250,0.05354033124606321,0.6605989430416911
5996,0.5996,4,3,4,599833,5777,96710,11246,0.05351254214680055,0.6606356106444222
5997,0.5997,11,3,11,599836,5774,96721,11235,0.053484753047537886,0.6605326591804339
5998,0.5998,5,6,5,599842,5768,96726,11230,0.05342917484901256,0.6606659607012589
5999,0.5999,5,5,5,599847,5763,96731,11225,0.05338285968357479,0.6607605368495408
6000,0.6,8,2,8,599849,5761,96739,11217,0.05336433361739968,0.6606785251501943
6001,0.6001,7,2,7,599851,5759,96746,11210,0.053345807551224575,0.6606164181743178
6002,0.6002,7,2,7,599853,5757,96753,11203,0.05332728148504946,0.6605542452830189
6003,0.6003,8,5,8,599858,5752,96761,11195,0.05328096631961169,0.6605888947896383
6004,0.6004,7,8,7,599866,5744,96768,11188,0.05320686205491126,0.6607606898180959
6005,0.6005,7,5,7,599871,5739,96775,11181,0.05316054688947349,0.6608156028368795
6006,0.6006,6,12,6,599883,5727,96781,11175,0.05304939049242284,0.6611643592474263
6007,0.6007,9,5,9,599888,5722,96790,11166,0.05300307532698507,0.6611795357650403
6008,0.6008,6,8,6,599896,5714,96796,11160,0.052928971062284634,0.6613725257793054
6009,0.6009,5,4,5,599900,5710,96801,11155,0.05289191892993442,0.6614289949599763
6010,0.601,9,6,9,599906,5704,96810,11146,0.052836340731409095,0.6614836795252226
6011,0.6011,4,4,4,599910,5700,96814,11142,0.05279928859905888,0.6615603847524048
6012,0.6012,6,4,6,599914,5696,96820,11136,0.05276223646670866,0.6615969581749049
6013,0.6013,6,5,6,599919,5691,96826,11130,0.05271592130127089,0.66167290886392
6014,0.6014,6,2,6,599921,5689,96832,11124,0.05269739523509578,0.6616308808659965
6015,0.6015,10,3,10,599924,5686,96842,11114,0.052669606135833116,0.661547619047619
6016,0.6016,6,3,6,599927,5683,96848,11108,0.052641817036570455,0.6615448752307784
6017,0.6017,4,8,4,599935,5675,96852,11104,0.05256771277187002,0.661779605459205
6018,0.6018,2,6,2,599941,5669,96854,11102,0.05251213457334469,0.6619760300518752
6019,0.6019,5,9,5,599950,5660,96859,11097,0.05242876727555671,0.6622307095542161
6020,0.602,4,4,4,599954,5656,96863,11093,0.052391715143206494,0.6623081975043286
6021,0.6021,5,7,5,599961,5649,96868,11088,0.05232687391159361,0.6624843161856964
6022,0.6022,10,2,10,599963,5647,96878,11078,0.052308347845418504,0.6623617339312406
6023,0.6023,7,7,7,599970,5640,96885,11071,0.052243506613805626,0.6624977559691221
6024,0.6024,7,2,7,599972,5638,96892,11064,0.052224980547630515,0.6624356364507245
6025,0.6025,6,3,6,599975,5635,96898,11058,0.052197191448367854,0.6624333552986281
6026,0.6026,5,4,5,599979,5631,96903,11053,0.05216013931601764,0.6624910093502757
6027,0.6027,5,5,5,599984,5626,96908,11048,0.052113824150579864,0.6625884610771261
6028,0.6028,3,5,3,599989,5621,96911,11045,0.0520675089851421,0.6627265090603625
6029,0.6029,10,3,10,599992,5618,96921,11035,0.05203971988587943,0.6626433675614003
6030,0.603,5,3,5,599995,5615,96926,11030,0.05201193078661677,0.6626614598978672
6031,0.6031,10,4,10,599999,5611,96936,11020,0.05197487865426655,0.6626180025254044
6032,0.6032,8,5,8,600004,5606,96944,11012,0.05192856348882878,0.6626549524611867
6033,0.6033,4,5,4,600009,5601,96948,11008,0.051882248323391014,0.6627731952555843
6034,0.6034,8,5,8,600014,5596,96956,11000,0.05183593315795324,0.6628103157387322
6035,0.6035,5,7,5,600021,5589,96961,10995,0.051771091926340364,0.6629884225759769
6036,0.6036,7,9,7,600030,5580,96968,10988,0.051687724628552374,0.6632061805890874
6037,0.6037,7,3,7,600033,5577,96975,10981,0.05165993552928971,0.6631839594153883
6038,0.6038,5,2,5,600035,5575,96980,10976,0.0516414094631146,0.6631623466860008
6039,0.6039,8,4,8,600039,5571,96988,10968,0.051604357330764385,0.6631598040994015
6040,0.604,4,1,4,600040,5570,96992,10964,0.05159509429767683,0.6631184226442483
6041,0.6041,6,5,6,600045,5565,96998,10958,0.05154877913223906,0.6631967560370393
6042,0.6042,7,4,7,600049,5561,97005,10951,0.051511726999888846,0.6632146317829457
6043,0.6043,2,4,2,600053,5557,97007,10949,0.05147467486753863,0.6633345450139343
6044,0.6044,5,8,5,600061,5549,97012,10944,0.051400570602838196,0.6635542351300552
6045,0.6045,6,6,6,600067,5543,97018,10938,0.05134499240431287,0.6636733207936412
6046,0.6046,5,5,5,600072,5538,97023,10933,0.051298677238875094,0.6637726913970008
6047,0.6047,4,3,4,600075,5535,97027,10929,0.05127088813961243,0.6638119533527697
6048,0.6048,6,3,6,600078,5532,97033,10923,0.05124309904034977,0.6638103919781222
6049,0.6049,8,3,8,600081,5529,97041,10915,0.05121530994108711,0.6637679396740452
6050,0.605,5,10,5,600091,5519,97046,10910,0.051122679610211566,0.6640696329660966
6051,0.6051,4,6,4,600097,5513,97050,10906,0.051067101411686244,0.664230464705524
6052,0.6052,7,2,7,600099,5511,97057,10899,0.05104857534551113,0.6641681901279708
6053,0.6053,9,2,9,600101,5509,97066,10890,0.05103004927933603,0.6640648820050004
6054,0.6054,6,6,6,600107,5503,97072,10884,0.0509744710808107,0.6641850247147129
6055,0.6055,7,4,7,600111,5499,97079,10877,0.05093741894846048,0.6642037127503664
6056,0.6056,8,8,8,600119,5491,97087,10869,0.05086331468376005,0.6643643031784842
6057,0.6057,5,6,5,600125,5485,97092,10864,0.05080773648523473,0.6645054743409383
6058,0.6058,4,5,4,600130,5480,97096,10860,0.050761421319796954,0.6646266829865362
6059,0.6059,7,8,7,600138,5472,97103,10853,0.05068731705509652,0.6648085758039817
6060,0.606,6,3,6,600141,5469,97109,10847,0.05065952795583386,0.6648075508703114
6061,0.6061,4,2,4,600143,5467,97113,10843,0.05064100188965875,0.6648068669527897
6062,0.6062,6,4,6,600147,5463,97119,10837,0.05060394975730853,0.6648466257668711
6063,0.6063,5,2,5,600149,5461,97124,10832,0.050585423691133426,0.6648253851347204
6064,0.6064,10,7,10,600156,5454,97134,10822,0.05052058245952055,0.6649053821577783
6065,0.6065,2,2,2,600158,5452,97136,10820,0.050502056393345436,0.6649459193706981
6066,0.6066,6,3,6,600161,5449,97142,10814,0.050474267294082775,0.6649449671032405
6067,0.6067,1,7,1,600168,5442,97143,10813,0.0504094260624699,0.6652107043986466
6068,0.6068,4,6,4,600174,5436,97147,10809,0.05035384786394457,0.6653739612188365
6069,0.6069,2,5,2,600179,5431,97149,10807,0.050307532698506796,0.6655376277866732
6070,0.607,3,6,3,600185,5425,97152,10804,0.050251954499981474,0.665721855936903
6071,0.6071,3,7,3,600192,5418,97155,10801,0.0501871132683686,0.6659473457056538
6072,0.6072,1,6,1,600198,5412,97156,10800,0.05013153506984327,0.6661732050333087
6073,0.6073,10,4,10,600202,5408,97166,10790,0.05009448293749305,0.666131621187801
6074,0.6074,4,5,4,600207,5403,97170,10786,0.05004816777205528,0.6662548644141083
6075,0.6075,2,7,2,600214,5396,97172,10784,0.0499833265404424,0.6665018541409147
6076,0.6076,4,4,4,600218,5392,97176,10780,0.049946274408092184,0.666584219638882
6077,0.6077,4,7,4,600225,5385,97180,10776,0.049881433176479306,0.6667904213848153
6078,0.6078,6,0,6,600225,5385,97186,10770,0.049881433176479306,0.6666666666666666
6079,0.6079,11,4,11,600229,5381,97197,10759,0.04984438104412909,0.6666047087980174
6080,0.608,1,2,1,600231,5379,97198,10758,0.049825854977953984,0.6666666666666666
6081,0.6081,6,9,6,600240,5370,97204,10752,0.049742487680165995,0.666914774841831
6082,0.6082,1,6,1,600246,5364,97205,10751,0.049686909481640666,0.6671424139000931
6083,0.6083,10,2,10,600248,5362,97215,10741,0.04966838341546556,0.6670185679687015
6084,0.6084,9,6,9,600254,5356,97224,10732,0.04961280521694023,0.6670810542018896
6085,0.6085,4,11,4,600265,5345,97228,10728,0.04951091185297714,0.6674547377589747
6086,0.6086,10,5,10,600270,5340,97238,10718,0.049464596687539365,0.6674554739070868
6087,0.6087,6,3,6,600273,5337,97244,10712,0.049436807588276704,0.6674559162564646
6088,0.6088,7,6,7,600279,5331,97251,10705,0.04938122938975138,0.6675604888999751
6089,0.6089,7,4,7,600283,5327,97258,10698,0.049344177257401166,0.6675819032761311
6090,0.609,9,5,9,600288,5322,97267,10689,0.04929786209196339,0.6676035225782274
6091,0.6091,6,1,6,600289,5321,97273,10683,0.04928859905887584,0.6675206198450387
6092,0.6092,8,1,8,600290,5320,97281,10675,0.04927933602578828,0.6673960612691466
6093,0.6093,5,6,5,600296,5314,97286,10670,0.04922375782726296,0.6675425425425425
6094,0.6094,8,7,8,600303,5307,97294,10662,0.04915891659565008,0.6676686079278602
6095,0.6095,7,5,7,600308,5302,97301,10655,0.04911260143021231,0.6677320298301685
6096,0.6096,9,1,9,600309,5301,97310,10646,0.04910333839712475,0.6675863798833637
6097,0.6097,6,5,6,600314,5296,97316,10640,0.04905702323168698,0.6676706827309237
6098,0.6098,3,3,3,600317,5293,97319,10637,0.04902923413242432,0.6677338355304457
6099,0.6099,7,6,7,600323,5287,97326,10630,0.048973655933899,0.6678394169755607
6100,0.61,10,8,10,600331,5279,97336,10620,0.048899551669198564,0.6679665387760236
6101,0.6101,7,2,7,600333,5277,97343,10613,0.04888102560302345,0.6679043423536816
6102,0.6102,10,1,10,600334,5276,97353,10603,0.0488717625699359,0.6677372630518295
6103,0.6103,6,5,6,600339,5271,97359,10597,0.04882544740449813,0.6678220317620368
6104,0.6104,6,4,6,600343,5267,97365,10591,0.048788395272147914,0.6678648001008954
6105,0.6105,6,6,6,600349,5261,97371,10585,0.048732817073622585,0.6679919222516724
6106,0.6106,3,3,3,600352,5258,97374,10582,0.048705027974359924,0.6680555555555555
6107,0.6107,4,3,4,600355,5255,97378,10578,0.04867723887509726,0.6680982757531737
6108,0.6108,7,8,7,600363,5247,97385,10571,0.04860313461039683,0.6682892906815021
6109,0.6109,5,3,5,600366,5244,97390,10566,0.04857534551113417,0.6683111954459203
6110,0.611,6,5,6,600371,5239,97396,10560,0.048529030345696396,0.6683967339705045
6111,0.6111,7,11,7,600382,5228,97403,10553,0.0484271369817333,0.668715544008618
6112,0.6112,5,5,5,600387,5223,97408,10548,0.04838082181629553,0.6688225223511508
6113,0.6113,6,8,6,600395,5215,97414,10542,0.048306717551595095,0.669035984007108
6114,0.6114,1,9,1,600404,5206,97415,10541,0.048223350253807105,0.669397345526132
6115,0.6115,5,2,5,600406,5204,97420,10536,0.048204824187632,0.6693773824650572
6116,0.6116,6,3,6,600409,5201,97426,10530,0.04817703508836933,0.6693789333163817
6117,0.6117,6,6,6,600415,5195,97432,10524,0.04812145688984401,0.6695082384375597
6118,0.6118,12,3,12,600418,5192,97444,10512,0.04809366779058135,0.6693835965359144
6119,0.6119,5,6,5,600424,5186,97449,10507,0.04803808959205602,0.6695341872172306
6120,0.612,6,4,6,600428,5182,97455,10501,0.048001037459705805,0.669578524516993
6121,0.6121,3,5,3,600433,5177,97458,10498,0.04795472229426803,0.6697288676236045
6122,0.6122,5,4,5,600437,5173,97463,10493,0.047917670161917815,0.6697944593386953
6123,0.6123,5,1,5,600438,5172,97468,10488,0.047908407128830266,0.6697318007662836
6124,0.6124,4,0,4,600438,5172,97472,10484,0.047908407128830266,0.669647419519673
6125,0.6125,6,6,6,600444,5166,97478,10478,0.04785282893030494,0.6697775504985937
6126,0.6126,4,6,4,600450,5160,97482,10474,0.047797250731779616,0.6699501087373673
6127,0.6127,5,2,5,600452,5158,97487,10469,0.047778724665604504,0.6699302489281372
6128,0.6128,3,2,3,600454,5156,97490,10466,0.0477601985994294,0.6699526309051338
6129,0.6129,4,5,4,600459,5151,97494,10462,0.047713883433991626,0.6700826234548133
6130,0.613,3,3,3,600462,5148,97497,10459,0.047686094334728965,0.6701480105081054
6131,0.6131,3,3,3,600465,5145,97500,10456,0.047658305235466304,0.6702134478559066
6132,0.6132,1,7,1,600472,5138,97501,10455,0.04759346400385342,0.670493170012185
6133,0.6133,4,4,4,600476,5134,97505,10451,0.0475564118715032,0.6705806865575874
6134,0.6134,5,3,5,600479,5131,97510,10446,0.04752862277224054,0.670604095782243
6135,0.6135,1,7,1,600486,5124,97511,10445,0.047463781540627664,0.6708844498683281
6136,0.6136,7,2,7,600488,5122,97518,10438,0.04744525547445255,0.6708226221079692
6137,0.6137,6,7,6,600495,5115,97524,10432,0.047380414242839675,0.6709976201196373
6138,0.6138,4,5,4,600500,5110,97528,10428,0.0473340990774019,0.6711288454112498
6139,0.6139,3,4,3,600504,5106,97531,10425,0.047297046945051685,0.6712381688236431
6140,0.614,4,6,4,600510,5100,97535,10421,0.04724146874652636,0.6714129244249726
6141,0.6141,8,8,8,600518,5092,97543,10413,0.04716736448182593,0.6715898097387939
6142,0.6142,9,5,9,600523,5087,97552,10404,0.04712104931638816,0.6716157769027177
6143,0.6143,2,3,2,600526,5084,97554,10402,0.047093260217125496,0.6717034741056438
6144,0.6144,4,4,4,600530,5080,97558,10398,0.04705620808477528,0.6717922212172115
6145,0.6145,5,5,5,600535,5075,97563,10393,0.047009892919337506,0.671903284199638
6146,0.6146,4,2,4,600537,5073,97567,10389,0.0469913668531624,0.6719053162592161
6147,0.6147,7,3,7,600540,5070,97574,10382,0.046963577753899734,0.6718871343515402
6148,0.6148,4,4,4,600544,5066,97578,10378,0.04692652562154952,0.671976171976172
6149,0.6149,5,3,5,600547,5063,97583,10373,0.046898736522286856,0.6720005182689816
6150,0.615,8,7,8,600554,5056,97591,10365,0.04683389529067398,0.6721353997795214
6151,0.6151,8,3,8,600557,5053,97599,10357,0.04680610619141132,0.6720960415314731
6152,0.6152,8,7,8,600564,5046,97607,10349,0.04674126495979844,0.6722312439103605
6153,0.6153,8,2,8,600566,5044,97615,10341,0.04672273889362333,0.6721481962950926
6154,0.6154,6,4,6,600570,5040,97621,10335,0.04668568676127311,0.6721951219512196
6155,0.6155,5,5,5,600575,5035,97626,10330,0.04663937159583534,0.6723071916693785
6156,0.6156,5,3,5,600578,5032,97631,10325,0.04661158249657268,0.6723318356449828
6157,0.6157,4,4,4,600582,5028,97635,10321,0.04657453036422246,0.6724216561339501
6158,0.6158,4,4,4,600586,5024,97639,10317,0.046537478231872244,0.6725115703018056
6159,0.6159,11,1,11,600587,5023,97650,10306,0.04652821519878469,0.672320438384761
6160,0.616,8,2,8,600589,5021,97658,10298,0.04650968913260958,0.6722370911939421
6161,0.6161,11,8,11,600597,5013,97669,10287,0.04643558486790915,0.6723529411764706
6162,0.6162,5,3,5,600600,5010,97674,10282,0.04640779576864649,0.6723777138373005
6163,0.6163,2,5,2,600605,5005,97676,10280,0.046361480603208716,0.6725547922800131
6164,0.6164,3,7,3,600612,4998,97679,10277,0.04629663937159584,0.672798690671031
6165,0.6165,4,4,4,600616,4994,97683,10273,0.04625958723924562,0.6728892382262396
6166,0.6166,6,9,6,600625,4985,97689,10267,0.04617621994145763,0.673157618672961
6167,0.6167,3,6,3,600631,4979,97692,10264,0.0461206417429323,0.6733582628091583
6168,0.6168,6,4,6,600635,4975,97698,10258,0.046083589610582086,0.6734064202717783
6169,0.6169,4,5,4,600640,4970,97702,10254,0.04603727444514432,0.6735417761429322
6170,0.617,8,3,8,600643,4967,97710,10246,0.04600948534588165,0.6735029251298231
6171,0.6171,7,6,7,600649,4961,97717,10239,0.04595390714735633,0.6736184210526316
6172,0.6172,7,5,7,600654,4956,97724,10232,0.04590759198191856,0.6736897550697919
6173,0.6173,5,8,5,600662,4948,97729,10227,0.045833487717218124,0.6739373970345964
6174,0.6174,4,2,4,600664,4946,97733,10223,0.04581496165104302,0.6739402729250445
6175,0.6175,5,3,5,600667,4943,97738,10218,0.04578717255178035,0.6739660972231383
6176,0.6176,4,6,4,600673,4937,97742,10214,0.04573159435325503,0.6741469209953138
6177,0.6177,9,5,9,600678,4932,97751,10205,0.04568527918781726,0.6741758604743344
6178,0.6178,8,4,8,600682,4928,97759,10197,0.04564822705546704,0.6741818181818182
6179,0.6179,7,3,7,600685,4925,97766,10190,0.04562043795620438,0.674164737016209
6180,0.618,10,7,10,600692,4918,97776,10180,0.0455555967245915,0.6742614915882899
6181,0.6181,6,4,6,600696,4914,97782,10174,0.045518544592241285,0.6743107104984093
6182,0.6182,7,7,7,600703,4907,97789,10167,0.04545370336062841,0.6744726018309672
6183,0.6183,4,7,4,600710,4900,97793,10163,0.04538886212901552,0.6746995950341897
6184,0.6184,8,3,8,600713,4897,97801,10155,0.04536107302975286,0.6746611745947383
6185,0.6185,4,6,4,600719,4891,97805,10151,0.04530549483122754,0.6748437707751629
6186,0.6186,9,5,9,600724,4886,97814,10142,0.04525917966578977,0.6748735693372372
6187,0.6187,7,6,7,600730,4880,97821,10135,0.04520360146726444,0.674991674991675
6188,0.6188,4,8,4,600738,4872,97825,10131,0.045129497202564005,0.6752649470105979
6189,0.6189,3,7,3,600745,4865,97828,10128,0.04506465597095113,0.6755152404455412
6190,0.619,8,2,8,600747,4863,97836,10120,0.04504612990477602,0.6754321564439698
6191,0.6191,4,4,4,600751,4859,97840,10116,0.045009077772425805,0.6755258764607679
6192,0.6192,6,5,6,600756,4854,97846,10110,0.04496276260698803,0.6756214915797915
6193,0.6193,3,1,3,600757,4853,97849,10107,0.04495349957390048,0.6756016042780749
6194,0.6194,5,4,5,600761,4849,97854,10102,0.04491644744155026,0.6756738679686978
6195,0.6195,3,2,3,600763,4847,97857,10099,0.044897921375375155,0.6756991837280878
6196,0.6196,5,2,5,600765,4845,97862,10094,0.04487939530920004,0.6756811031528215
6197,0.6197,6,6,6,600771,4839,97868,10088,0.04482381711067472,0.6758223353654451
6198,0.6198,3,4,3,600775,4835,97871,10085,0.044786764978324504,0.6759383378016086
6199,0.6199,5,4,5,600779,4831,97876,10080,0.04474971284597429,0.6760109985916437
6200,0.62,12,4,12,600783,4827,97888,10068,0.04471266071362407,0.6759315206445116
6201,0.6201,6,3,6,600786,4824,97894,10062,0.0446848716143614,0.6759371221281741
6202,0.6202,7,3,7,600789,4821,97901,10055,0.04465708251509874,0.6759209464909922
6203,0.6203,2,5,2,600794,4816,97903,10053,0.044610767349660976,0.6761046472526734
6204,0.6204,6,2,6,600796,4814,97909,10047,0.044592241283485864,0.6760648677747123
6205,0.6205,8,5,8,600801,4809,97917,10039,0.04454592611804809,0.6761179956896551
6206,0.6206,3,2,3,600803,4807,97920,10036,0.04452740005187299,0.676143636731119
6207,0.6207,6,8,6,600811,4799,97926,10030,0.04445329578717255,0.6763773686694989
6208,0.6208,6,1,6,600812,4798,97932,10024,0.044444032754085,0.6762919983807854
6209,0.6209,4,2,4,600814,4796,97936,10020,0.04442550668790989,0.6762958963282938
6210,0.621,5,1,5,600815,4795,97941,10015,0.044416243654822336,0.6762322754895341
6211,0.6211,5,3,5,600818,4792,97946,10010,0.044388454555559675,0.6762599648696123
6212,0.6212,7,7,7,600825,4785,97953,10003,0.04432361332394679,0.6764268325669461
6213,0.6213,2,7,2,600832,4778,97955,10001,0.04425877209233391,0.6767034305433385
6214,0.6214,6,6,6,600838,4772,97961,9995,0.04420319389380859,0.6768470237692151
6215,0.6215,9,6,9,600844,4766,97970,9986,0.04414761569528326,0.6769251626898047
6216,0.6216,6,2,6,600846,4764,97976,9980,0.04412908962910816,0.6768855127509495
6217,0.6217,4,3,4,600849,4761,97980,9976,0.04410130052984549,0.6769356042613829
6218,0.6218,8,3,8,600852,4758,97988,9968,0.04407351143058283,0.6768980035311694
6219,0.6219,9,4,9,600856,4754,97997,9959,0.04403645929823261,0.6768843879562292
6220,0.622,2,4,2,600860,4750,97999,9957,0.043999407165882395,0.6770245461344938
6221,0.6221,3,4,3,600864,4746,98002,9954,0.04396235503353218,0.6771428571428572
6222,0.6222,5,6,5,600870,4740,98007,9949,0.04390677683500686,0.677309551364967
6223,0.6223,7,4,7,600874,4736,98014,9942,0.04386972470265664,0.6773402370895217
6224,0.6224,7,2,7,600876,4734,98021,9935,0.04385119863648153,0.6772786147658327
6225,0.6225,7,4,7,600880,4730,98028,9928,0.04381414650413131,0.6773093191431301
6226,0.6226,6,4,6,600884,4726,98034,9922,0.043777094371781095,0.6773620972146368
6227,0.6227,7,1,7,600885,4725,98041,9915,0.04376783133869354,0.6772540983606558
6228,0.6228,5,7,5,600892,4718,98046,9910,0.04370299010708066,0.6774678698386656
6229,0.6229,5,7,5,600899,4711,98051,9905,0.04363814887546778,0.6776819923371648
6230,0.623,1,6,1,600905,4705,98052,9904,0.04358257067694246,0.6779382572386885
6231,0.6231,10,2,10,600907,4703,98062,9894,0.04356404461076735,0.6778105090087004
6232,0.6232,3,1,3,600908,4702,98065,9891,0.043554781577679794,0.6777907215788391
6233,0.6233,5,4,5,600912,4698,98070,9886,0.04351772944532958,0.6778661546900713
6234,0.6234,6,4,6,600916,4694,98076,9880,0.04348067731297936,0.6779195828187182
6235,0.6235,6,3,6,600919,4691,98082,9874,0.0434528882137167,0.6779265362169584
6236,0.6236,5,4,5,600923,4687,98087,9869,0.04341583608136648,0.6780021984061555
6237,0.6237,5,7,5,600930,4680,98092,9864,0.043350994849753605,0.6782178217821783
6238,0.6238,8,4,8,600934,4676,98100,9856,0.04331394271740339,0.6782273603082851
6239,0.6239,8,3,8,600937,4673,98108,9848,0.04328615361814073,0.6781902072859995
6240,0.624,3,1,3,600938,4672,98111,9845,0.04327689058505317,0.678170420885858
6241,0.6241,7,6,7,600944,4666,98118,9838,0.04322131238652784,0.6782956425813569
6242,0.6242,4,2,4,600946,4664,98122,9834,0.04320278632035274,0.6783004552352049
6243,0.6243,2,4,2,600950,4660,98124,9832,0.04316573418800252,0.6784432790505106
6244,0.6244,3,2,3,600952,4658,98127,9829,0.04314720812182741,0.6784703527300339
6245,0.6245,2,2,2,600954,4656,98129,9827,0.043128682055652304,0.6785196437202237
6246,0.6246,7,3,7,600957,4653,98136,9820,0.04310089295638964,0.6785048020451876
6247,0.6247,5,7,5,600964,4646,98141,9815,0.04303605172477676,0.6787220800774497
6248,0.6248,8,4,8,600968,4642,98149,9807,0.04299899959242654,0.6787320921863105
6249,0.6249,5,5,5,600973,4637,98154,9802,0.042952684426988776,0.6788558764457372
6250,0.625,6,3,6,600976,4634,98160,9796,0.04292489532772611,0.6788634788634789
6251,0.6251,9,5,9,600981,4629,98169,9787,0.04287858016228834,0.6788984461709212
6252,0.6252,7,2,7,600983,4627,98176,9780,0.04286005409611323,0.6788366766155342
6253,0.6253,6,5,6,600988,4622,98182,9774,0.04281373893067546,0.6789385940539039
6254,0.6254,4,6,4,600994,4616,98186,9770,0.042758160732150136,0.6791324899207563
6255,0.6255,4,8,4,601002,4608,98190,9766,0.0426840564674497,0.6794211771253652
6256,0.6256,6,6,6,601008,4602,98196,9760,0.04262847826892437,0.6795710903773847
6257,0.6257,1,1,1,601009,4601,98197,9759,0.042619215235836824,0.6795961002785516
6258,0.6258,4,2,4,601011,4599,98201,9755,0.04260068916966171,0.6796015048070224
6259,0.6259,9,3,9,601014,4596,98210,9746,0.04257290007039905,0.6795426021475387
6260,0.626,3,2,3,601016,4594,98213,9743,0.04255437400422394,0.6795703424705308
6261,0.6261,7,5,7,601021,4589,98220,9736,0.042508058838786174,0.6796509598603839
6262,0.6262,6,5,6,601026,4584,98226,9730,0.0424617436733484,0.6797540869079223
6263,0.6263,8,4,8,601030,4580,98234,9722,0.042424691540998184,0.6797650678226821
6264,0.6264,7,6,7,601036,4574,98241,9715,0.04236911334247286,0.6798936244663727
6265,0.6265,3,3,3,601039,4571,98244,9712,0.042341324243210195,0.679969194146888
6266,0.6266,4,2,4,601041,4569,98248,9708,0.04232279817703509,0.6799747846186174
6267,0.6267,8,1,8,601042,4568,98256,9700,0.042313535143947534,0.679843005326605
6268,0.6268,10,7,10,601049,4561,98266,9690,0.042248693912334656,0.6799522840502421
6269,0.6269,4,4,4,601053,4557,98270,9686,0.04221164177998444,0.6800533595450396
6270,0.627,3,4,3,601057,4553,98273,9683,0.04217458964763422,0.6801770160157348
6271,0.6271,9,4,9,601061,4549,98282,9674,0.042137537515284006,0.6801659284257893
6272,0.6272,2,5,2,601066,4544,98284,9672,0.04209122234984623,0.6803601575689364
6273,0.6273,5,0,5,601066,4544,98289,9667,0.04209122234984623,0.6802476954471888
6274,0.6274,5,3,5,601069,4541,98294,9662,0.04206343325058357,0.6802788143349996
6275,0.6275,5,4,5,601073,4537,98299,9657,0.042026381118233355,0.6803578977032549
6276,0.6276,5,2,5,601075,4535,98304,9652,0.04200785505205824,0.6803411573976176
6277,0.6277,4,5,4,601080,4530,98308,9648,0.04196153988662048,0.6804909013965298
6278,0.6278,6,2,6,601082,4528,98314,9642,0.041943013820445366,0.6804516584333098
6279,0.6279,4,7,4,601089,4521,98318,9638,0.04187817258883249,0.6806977893919062
6280,0.628,5,4,5,601093,4517,98323,9633,0.04184112045648227,0.6807773851590107
6281,0.6281,3,2,3,601095,4515,98326,9630,0.04182259439030716,0.6808059384941676
6282,0.6282,1,2,1,601097,4513,98327,9629,0.041804068324132054,0.680879649271673
6283,0.6283,4,1,4,601098,4512,98331,9625,0.0417948052910445,0.680837518568296
6284,0.6284,10,5,10,601103,4507,98341,9615,0.041748490125606726,0.6808525704574423
6285,0.6285,7,5,7,601108,4502,98348,9608,0.04170217496016896,0.6809355067328136
6286,0.6286,7,4,7,601112,4498,98355,9601,0.04166512282781874,0.680970281580254
6287,0.6287,3,3,3,601115,4495,98358,9598,0.041637333728556075,0.6810473284609381
6288,0.6288,6,5,6,601120,4490,98364,9592,0.04159101856311831,0.6811532452776594
6289,0.6289,5,0,5,601120,4490,98369,9587,0.04159101856311831,0.6810399943169709
6290,0.629,4,3,4,601123,4487,98373,9583,0.04156322946385564,0.6810945273631841
6291,0.6291,3,2,3,601125,4485,98376,9580,0.04154470339768054,0.6811233558478492
6292,0.6292,1,2,1,601127,4483,98377,9579,0.041526177331505425,0.6811975536907979
6293,0.6293,7,3,7,601130,4480,98384,9572,0.041498388232242764,0.6811841730714489
6294,0.6294,6,5,6,601135,4475,98390,9566,0.041452073066805,0.6812905063741899
6295,0.6295,5,3,5,601138,4472,98395,9561,0.04142428396754233,0.6813225967362645
6296,0.6296,6,4,6,601142,4468,98401,9555,0.04138723183519211,0.681380589032304
6297,0.6297,4,3,4,601145,4465,98405,9551,0.04135944273592945,0.681435502283105
6298,0.6298,4,1,4,601146,4464,98409,9547,0.0413501797028419,0.6813931910641639
6299,0.6299,6,0,6,601146,4464,98415,9541,0.0413501797028419,0.6812566940378436
6300,0.63,2,2,2,601148,4462,98417,9539,0.04133165363666679,0.6813084779658596
6301,0.6301,7,3,7,601151,4459,98424,9532,0.04130386453740413,0.6812951182903295
6302,0.6302,4,2,4,601153,4457,98428,9528,0.04128533847122902,0.6813013943510905
6303,0.6303,8,0,8,601153,4457,98436,9520,0.04128533847122902,0.6811189811833727
6304,0.6304,3,4,3,601157,4453,98439,9517,0.0412482863388788,0.6812455261274158
6305,0.6305,4,6,4,601163,4447,98443,9513,0.04119270814035348,0.6814469914040114
6306,0.6306,3,2,3,601165,4445,98446,9510,0.04117418207417837,0.6814761734145468
6307,0.6307,6,3,6,601168,4442,98452,9504,0.04114639297491571,0.6814857306754625
6308,0.6308,4,7,4,601175,4435,98456,9500,0.04108155174330283,0.6817366343738788
6309,0.6309,3,3,3,601178,4432,98459,9497,0.04105376264404016,0.6818149185153277
6310,0.631,8,0,8,601178,4432,98467,9489,0.04105376264404016,0.6816320666618777
6311,0.6311,4,4,4,601182,4428,98471,9485,0.041016710511689945,0.6817365054265795
6312,0.6312,5,7,5,601189,4421,98476,9480,0.04095186928007707,0.6819653262355226
6313,0.6313,7,6,7,601195,4415,98483,9473,0.040896291081551746,0.6820996543778802
6314,0.6314,7,2,7,601197,4413,98490,9466,0.040877765015376634,0.6820376107788746
6315,0.6315,4,6,4,601203,4407,98494,9462,0.04082218681685131,0.6822409690677049
6316,0.6316,6,2,6,601205,4405,98500,9456,0.0408036607506762,0.6822018613375659
6317,0.6317,2,2,2,601207,4403,98502,9454,0.040785134684501095,0.6822544562315075
6318,0.6318,4,3,4,601210,4400,98506,9450,0.04075734558523843,0.6823104693140795
6319,0.6319,6,4,6,601214,4396,98512,9444,0.04072029345288821,0.6823699421965318
6320,0.632,12,2,12,601216,4394,98524,9432,0.040701767386713106,0.6821929697671054
6321,0.6321,6,2,6,601218,4392,98530,9426,0.040683241320537994,0.6821537125488494
6322,0.6322,6,3,6,601221,4389,98536,9420,0.04065545222127533,0.6821638062133392
6323,0.6323,3,5,3,601226,4384,98539,9417,0.04060913705583756,0.682341859285559
6324,0.6324,5,7,5,601233,4377,98544,9412,0.04054429582422468,0.6825730654869824
6325,0.6325,6,3,6,601236,4374,98550,9406,0.04051650672496202,0.6825834542815675
6326,0.6326,7,4,7,601240,4370,98557,9399,0.040479454592611805,0.6826203791124991
6327,0.6327,3,3,3,601243,4367,98560,9396,0.040451665493349144,0.6826999927341423
6328,0.6328,4,1,4,601244,4366,98564,9392,0.04044240246026159,0.6826573629888065
6329,0.6329,1,6,1,601250,4360,98565,9391,0.040386824261736266,0.6829321503890626
6330,0.633,5,2,5,601252,4358,98570,9386,0.040368298195561154,0.6829161816065192
6331,0.6331,5,5,5,601257,4353,98575,9381,0.04032198303012338,0.6830493665356051
6332,0.6332,7,3,7,601260,4350,98582,9374,0.04029419393086072,0.6830370154473915
6333,0.6333,5,5,5,601265,4345,98587,9369,0.04024787876542295,0.68317048271839
6334,0.6334,5,1,5,601266,4344,98592,9364,0.0402386157323354,0.6831047563466589
6335,0.6335,7,2,7,601268,4342,98599,9357,0.04022008966616029,0.683042557850938
6336,0.6336,7,5,7,601273,4337,98606,9350,0.040173774500722514,0.6831299773507709
6337,0.6337,9,3,9,601276,4334,98615,9341,0.040145985401459854,0.6830712979890311
6338,0.6338,6,4,6,601280,4330,98621,9335,0.04010893326910964,0.6831320892791803
6339,0.6339,7,2,7,601282,4328,98628,9328,0.04009040720293453,0.68306971294669
6340,0.634,8,7,8,601289,4321,98636,9320,0.04002556597132165,0.6832343669818928
6341,0.6341,8,2,8,601291,4319,98644,9312,0.04000703990514654,0.6831487051573619
6342,0.6342,6,4,6,601295,4315,98650,9306,0.039969987772796325,0.6832097496512738
6343,0.6343,2,3,2,601298,4312,98652,9304,0.039942198673533665,0.6833137485311398
6344,0.6344,9,3,9,601301,4309,98661,9295,0.039914409574271,0.6832549250220523
6345,0.6345,6,3,6,601304,4306,98667,9289,0.039886620475008336,0.6832659065833027
6346,0.6346,5,2,5,601306,4304,98672,9284,0.03986809440883323,0.6832499264056521
6347,0.6347,5,0,5,601306,4304,98677,9279,0.03986809440883323,0.6831333284252374
6348,0.6348,5,4,5,601310,4300,98682,9274,0.039831042276483014,0.6832179166052748
6349,0.6349,7,2,7,601312,4298,98689,9267,0.0398125162103079,0.6831551787688905
6350,0.635,5,3,5,601315,4295,98694,9262,0.03978472711104524,0.6831894962012245
6351,0.6351,4,3,4,601318,4292,98698,9258,0.03975693801178258,0.6832472324723248
6352,0.6352,8,2,8,601320,4290,98706,9250,0.03973841194560747,0.6831610044313147
6353,0.6353,2,4,2,601324,4286,98708,9248,0.03970135981325725,0.6833160928033102
6354,0.6354,2,3,2,601327,4283,98710,9246,0.03967357071399459,0.683420799763471
6355,0.6355,6,7,6,601334,4276,98716,9240,0.03960872948238171,0.6836342113051198
6356,0.6356,4,3,4,601337,4273,98720,9236,0.039580940383119045,0.6836923532459842
6357,0.6357,2,9,2,601346,4264,98722,9234,0.03949757308533106,0.6841013483479034
6358,0.6358,5,2,5,601348,4262,98727,9229,0.03947904701915595,0.6840856867541324
6359,0.6359,2,5,2,601353,4257,98729,9227,0.03943273185371818,0.6842924948086622
6360,0.636,2,4,2,601357,4253,98731,9225,0.03939567972136796,0.6844487312657664
6361,0.6361,8,3,8,601360,4250,98739,9217,0.0393678906221053,0.6844137521348481
6362,0.6362,4,9,4,601369,4241,98743,9213,0.03928452332431732,0.6847777612605916
6363,0.6363,4,4,4,601373,4237,98747,9209,0.0392474711919671,0.6848876989439239
6364,0.6364,2,4,2,601377,4233,98749,9207,0.039210419059616884,0.6850446428571428
6365,0.6365,7,4,7,601381,4229,98756,9200,0.03917336692726667,0.6850845185791943
6366,0.6366,4,2,4,601383,4227,98760,9196,0.039154840861091555,0.6850927512478582
6367,0.6367,2,1,2,601384,4226,98762,9194,0.039145577828004,0.685096870342772
6368,0.6368,7,5,7,601389,4221,98769,9187,0.039099262662566234,0.6851879474940334
6369,0.6369,3,6,3,601395,4215,98772,9184,0.039043684464040905,0.6854242853944325
6370,0.637,7,4,7,601399,4211,98779,9177,0.03900663233169069,0.6854645951598446
6371,0.6371,4,3,4,601402,4208,98783,9173,0.03897884323242803,0.685524250803378
6372,0.6372,8,1,8,601403,4207,98791,9165,0.03896958019934047,0.6853873766078372
6373,0.6373,0,8,0,601411,4199,98791,9165,0.03889547593464004,0.6857976653696498
6374,0.6374,7,6,7,601417,4193,98798,9158,0.038839897736114716,0.6859411280053929
6375,0.6375,7,7,7,601424,4186,98805,9151,0.03877505650450183,0.6861363125140586
6376,0.6376,4,5,4,601429,4181,98809,9147,0.038728741339064066,0.6862995198079231
6377,0.6377,6,3,6,601432,4178,98815,9141,0.0387009522398014,0.6863127862452136
6378,0.6378,5,3,5,601435,4175,98820,9136,0.03867316314053874,0.6863496356396965
6379,0.6379,13,4,13,601439,4171,98833,9123,0.03863611100818852,0.6862494358357154
6380,0.638,11,2,11,601441,4169,98844,9112,0.038617584942013415,0.6860929146901589
6381,0.6381,7,4,7,601445,4165,98851,9105,0.0385805328096632,0.6861341371514694
6382,0.6382,5,4,5,601449,4161,98856,9100,0.03854348067731298,0.6862227584646708
6383,0.6383,12,5,12,601454,4156,98868,9088,0.03849716551187521,0.6861975234068257
6384,0.6384,11,1,11,601455,4155,98879,9077,0.03848790247878765,0.6859885126964933
6385,0.6385,3,4,3,601459,4151,98882,9074,0.038450850346437436,0.686124763705104
6386,0.6386,5,1,5,601460,4150,98887,9069,0.03844158731334988,0.6860579468946214
6387,0.6387,5,4,5,601464,4146,98892,9064,0.03840453518099966,0.6861468584405753
6388,0.6388,3,5,3,601469,4141,98895,9061,0.0383582200155619,0.6863354037267081
6389,0.6389,6,3,6,601472,4138,98901,9055,0.03833043091629923,0.6863488213446525
6390,0.639,8,3,8,601475,4135,98909,9047,0.03830264181703657,0.6863146715217722
6391,0.6391,4,7,4,601482,4128,98913,9043,0.03823780058542369,0.6865841621744743
6392,0.6392,4,6,4,601488,4122,98917,9039,0.03818222238689837,0.6868019147481195
6393,0.6393,8,5,8,601493,4117,98925,9031,0.038135907221460597,0.6868725281411622
6394,0.6394,3,3,3,601496,4114,98928,9028,0.038108118122197936,0.6869578450768529
6395,0.6395,3,1,3,601497,4113,98931,9025,0.03809885508911038,0.6869386512406759
6396,0.6396,3,3,3,601500,4110,98934,9022,0.03807106598984772,0.687024063356686
6397,0.6397,4,3,4,601503,4107,98938,9018,0.03804327689058505,0.6870857142857143
6398,0.6398,5,2,5,601505,4105,98943,9013,0.038024750824409946,0.6870711998780302
6399,0.6399,11,3,11,601508,4102,98954,9002,0.037996961725147285,0.686965811965812
6400,0.64,5,2,5,601510,4100,98959,8997,0.03797843565897217,0.6869512102008093
6401,0.6401,3,4,3,601514,4096,98962,8994,0.037941383526621957,0.6870893812070282
6402,0.6402,3,5,3,601519,4091,98965,8991,0.037895068361184184,0.68728023238037
6403,0.6403,4,3,4,601522,4088,98969,8987,0.03786727926192152,0.6873422562141491
6404,0.6404,7,2,7,601524,4086,98976,8980,0.03784875319574642,0.6872799632634318
6405,0.6405,6,5,6,601529,4081,98982,8974,0.037802438030308645,0.6873994638069705
6406,0.6406,5,5,5,601534,4076,98987,8969,0.03775612286487087,0.6875431199693369
6407,0.6407,6,1,6,601535,4075,98993,8963,0.037746859831783316,0.6874520631998773
6408,0.6408,6,4,6,601539,4071,98999,8957,0.0377098076994331,0.6875191894381333
6409,0.6409,9,3,9,601542,4068,99008,8948,0.03768201860017044,0.6874615857406269
6410,0.641,6,1,6,601543,4067,99014,8942,0.03767275556708288,0.6873702821123837
6411,0.6411,7,4,7,601547,4063,99021,8935,0.037635703434732666,0.6874134482228035
6412,0.6412,3,3,3,601550,4060,99024,8932,0.037607914335470005,0.6875
6413,0.6413,8,4,8,601554,4056,99032,8924,0.03757086220311979,0.6875192604006163
6414,0.6414,6,5,6,601559,4051,99038,8918,0.037524547037682016,0.6876397563420464
6415,0.6415,4,7,4,601566,4044,99042,8914,0.03745970580606914,0.6879148016669239
6416,0.6416,4,4,4,601570,4040,99046,8910,0.03742265367371892,0.6880308880308881
6417,0.6417,8,2,8,601572,4038,99054,8902,0.037404127607543816,0.6879443585780526
6418,0.6418,3,2,3,601574,4036,99057,8899,0.037385601541368704,0.6879783533049865
6419,0.6419,5,2,5,601576,4034,99062,8894,0.0373670754751936,0.6879641089108911
6420,0.642,7,2,7,601578,4032,99069,8887,0.03734854940901849,0.6879015403669014
6421,0.6421,2,4,2,601582,4028,99071,8885,0.03731149727666827,0.6880662897854875
6422,0.6422,9,7,9,601589,4021,99080,8876,0.03724665604505539,0.6882220671473986
6423,0.6423,6,4,6,601593,4017,99086,8870,0.037209603912705176,0.6882905253356095
6424,0.6424,7,5,7,601598,4012,99093,8863,0.0371632887472674,0.6883883495145631
6425,0.6425,4,2,4,601600,4010,99097,8859,0.0371447626810923,0.6883984769601368
6426,0.6426,5,3,5,601603,4007,99102,8854,0.03711697358182964,0.6884379130705233
6427,0.6427,4,1,4,601604,4006,99106,8850,0.03710771054874208,0.6883945239576851
6428,0.6428,2,5,2,601609,4001,99108,8848,0.03706139538330431,0.6886138999143903
6429,0.6429,4,2,4,601611,3999,99112,8844,0.037042869317129204,0.6886241532352254
6430,0.643,7,3,7,601614,3996,99119,8837,0.037015080217866536,0.6886152887087976
6431,0.6431,8,5,8,601619,3991,99127,8829,0.03696876505242877,0.6886895475819033
6432,0.6432,6,3,6,601622,3988,99133,8823,0.0369409759531661,0.6887050191241901
6433,0.6433,4,3,4,601625,3985,99137,8819,0.03691318685390344,0.6887691346454233
6434,0.6434,5,3,5,601628,3982,99142,8814,0.03688539775464078,0.6888090028133792
6435,0.6435,4,1,4,601629,3981,99146,8810,0.036876134721553225,0.6887655382690955
6436,0.6436,6,3,6,601632,3978,99152,8804,0.036848345622290564,0.6887810984196526
6437,0.6437,4,7,4,601639,3971,99156,8800,0.036783504390677686,0.6890611541774333
6438,0.6438,5,3,5,601642,3968,99161,8795,0.03675571529141502,0.6891013084697954
6439,0.6439,3,2,3,601644,3966,99164,8792,0.036737189225239913,0.6891362282489418
6440,0.644,7,3,7,601647,3963,99171,8785,0.03670940012597725,0.6891277063068717
6441,0.6441,3,4,3,601651,3959,99174,8782,0.036672347993627036,0.6892708578604505
6442,0.6442,4,4,4,601655,3955,99178,8778,0.03663529586127682,0.6893897746014294
6443,0.6443,4,3,4,601658,3952,99182,8774,0.03660750676201415,0.6894546597516894
6444,0.6444,2,3,2,601661,3949,99184,8772,0.03657971766275149,0.689568430154862
6445,0.6445,6,3,6,601664,3946,99190,8766,0.03655192856348883,0.6895846444304594
6446,0.6446,3,3,3,601667,3943,99193,8763,0.03652413946422617,0.6896741696836141
6447,0.6447,5,4,5,601671,3939,99198,8758,0.03648708733187595,0.689769236827597
6448,0.6448,4,2,4,601673,3937,99202,8754,0.03646856126570084,0.6897801591679142
6449,0.6449,5,1,5,601674,3936,99207,8749,0.036459298232613284,0.6897122585731179
6450,0.645,7,7,7,601681,3929,99214,8742,0.036394457001000406,0.6899218688343461
6451,0.6451,6,6,6,601687,3923,99220,8736,0.036338878802475084,0.6901019037838692
6452,0.6452,6,4,6,601691,3919,99226,8730,0.03630182667012487,0.6901731362163017
6453,0.6453,5,2,5,601693,3917,99231,8725,0.036283300603949756,0.6901597848441702
6454,0.6454,7,5,7,601698,3912,99238,8718,0.03623698543851198,0.6902612826603325
6455,0.6455,6,2,6,601700,3910,99244,8712,0.03621845937233688,0.6902234194263983
6456,0.6456,4,2,4,601702,3908,99248,8708,0.036199933306161766,0.6902346227013316
6457,0.6457,4,6,4,601708,3902,99252,8704,0.036144355107636444,0.690464858004125
6458,0.6458,6,7,6,601715,3895,99258,8698,0.03607951387602357,0.6907011831970142
6459,0.6459,7,0,7,601715,3895,99265,8691,0.03607951387602357,0.690529159383442
6460,0.646,7,2,7,601717,3893,99272,8684,0.036060987809848455,0.6904667249741592
6461,0.6461,6,2,6,601719,3891,99278,8678,0.03604246174367335,0.6904288328427083
6462,0.6462,5,3,5,601722,3888,99283,8673,0.03601467264441069,0.690470503940769
6463,0.6463,4,2,4,601724,3886,99287,8669,0.03599614657823558,0.6904818797291915
6464,0.6464,9,5,9,601729,3881,99296,8660,0.035949831412797804,0.6905350450522287
6465,0.6465,9,2,9,601731,3879,99305,8651,0.0359313053466227,0.6904229848363926
6466,0.6466,4,3,4,601734,3876,99309,8647,0.03590351624736004,0.6904894993212489
6467,0.6467,9,1,9,601735,3875,99318,8638,0.03589425321427248,0.6903220650523456
6468,0.6468,10,4,10,601739,3871,99328,8628,0.035857201081922266,0.6902952236178894
6469,0.6469,7,2,7,601741,3869,99335,8621,0.035838675015747154,0.6902321857485989
6470,0.647,7,5,7,601746,3864,99342,8614,0.03579235985030939,0.6903349895816637
6471,0.6471,4,4,4,601750,3860,99346,8610,0.03575530771795917,0.6904570970328789
6472,0.6472,5,2,5,601752,3858,99351,8605,0.03573678165178406,0.6904437133916392
6473,0.6473,8,3,8,601755,3855,99359,8597,0.0357089925525214,0.69041117892708
6474,0.6474,5,3,5,601758,3852,99364,8592,0.03568120345325874,0.6904532304725168
6475,0.6475,1,7,1,601765,3845,99365,8591,0.03561636222164585,0.6908169829527179
6476,0.6476,8,1,8,601766,3844,99373,8583,0.035607099188558304,0.6906735334352619
6477,0.6477,4,5,4,601771,3839,99377,8579,0.03556078402312053,0.6908519890481559
6478,0.6478,13,5,13,601776,3834,99390,8566,0.03551446885768276,0.6908064516129032
6479,0.6479,4,2,4,601778,3832,99394,8562,0.035495942791507654,0.6908181378086171
6480,0.648,10,4,10,601782,3828,99404,8552,0.03545889065915744,0.6907915993537964
6481,0.6481,6,6,6,601788,3822,99410,8546,0.03540331246063211,0.6909767141009056
6482,0.6482,7,2,7,601790,3820,99417,8539,0.035384786394457,0.6909135043288291
6483,0.6483,3,1,3,601791,3819,99420,8536,0.03537552336136945,0.6908943747470659
6484,0.6484,2,3,2,601794,3816,99422,8534,0.035347734262106786,0.6910121457489878
6485,0.6485,6,6,6,601800,3810,99428,8528,0.03529215606358146,0.691197925109418
6486,0.6486,5,2,5,601802,3808,99433,8523,0.03527362999740635,0.6911848187494931
6487,0.6487,3,1,3,601803,3807,99436,8520,0.0352643669643188,0.6911657337551715
6488,0.6488,4,4,4,601807,3803,99440,8516,0.03522731483196858,0.6912898774251157
6489,0.6489,3,4,3,601811,3799,99443,8513,0.03519026269961836,0.6914392462638077
6490,0.649,2,2,2,601813,3797,99445,8511,0.03517173663344325,0.6915014624634385
6491,0.6491,5,6,5,601819,3791,99450,8506,0.03511615843491793,0.6917134260388713
6492,0.6492,2,4,2,601823,3787,99452,8504,0.03507910630256771,0.6918883736067041
6493,0.6493,8,4,8,601827,3783,99460,8496,0.035042054170217496,0.6919130222330808
6494,0.6494,4,4,4,601831,3779,99464,8492,0.03500500203786728,0.6920381387010024
6495,0.6495,5,4,5,601835,3775,99469,8487,0.03496794990551706,0.6921383134888273
6496,0.6496,6,4,6,601839,3771,99475,8481,0.034930897773166845,0.6922135161606269
6497,0.6497,9,1,9,601840,3770,99484,8472,0.03492163474007929,0.6920437836954746
6498,0.6498,4,7,4,601847,3763,99488,8468,0.03485679350846641,0.6923391382552531
6499,0.6499,5,9,5,601856,3754,99493,8463,0.03477342621067842,0.6927232544814602
6500,0.65,4,3,4,601859,3751,99497,8459,0.03474563711141576,0.6927927927927928
6501,0.6501,6,1,6,601860,3750,99503,8453,0.034736374078328205,0.6926985167581742
6502,0.6502,3,2,3,601862,3748,99506,8450,0.0347178480121531,0.6927365141826529
6503,0.6503,8,3,8,601865,3745,99514,8442,0.03469005891289044,0.6927053417576106
6504,0.6504,6,3,6,601868,3742,99520,8436,0.03466226981362777,0.6927245853177861
6505,0.6505,2,4,2,601872,3738,99522,8434,0.034625217681277555,0.6929017417022675
6506,0.6506,5,4,5,601876,3734,99527,8429,0.03458816554892734,0.693003370878895
6507,0.6507,7,3,7,601879,3731,99534,8422,0.03456037644966468,0.6929976137579199
6508,0.6508,3,0,3,601879,3731,99537,8419,0.03456037644966468,0.6929218106995885
6509,0.6509,7,5,7,601884,3726,99544,8412,0.034514061284226905,0.6930301532377657
6510,0.651,5,4,5,601888,3722,99549,8407,0.03447700915187669,0.6931321625855388
6511,0.6511,10,4,10,601892,3718,99559,8397,0.03443995701952647,0.693107717705324
6512,0.6512,5,2,5,601894,3716,99564,8392,0.034421430953351366,0.6930954740667328
6513,0.6513,8,2,8,601896,3714,99572,8384,0.034402904887176254,0.6930071086129939
6514,0.6514,9,3,9,601899,3711,99581,8375,0.03437511578791359,0.6929505212642727
6515,0.6515,13,3,13,601902,3708,99594,8362,0.03434732668865093,0.6927920463960232
6516,0.6516,1,1,1,601903,3707,99595,8361,0.034338063655563376,0.6928239973483593
6517,0.6517,12,5,12,601908,3702,99607,8349,0.034291748490125604,0.6928055763007219
6518,0.6518,5,5,5,601913,3697,99612,8344,0.03424543332468784,0.6929657005232124
6519,0.6519,10,2,10,601915,3695,99622,8334,0.034226907258512726,0.6928256712943719
6520,0.652,6,3,6,601918,3692,99628,8328,0.034199118159250065,0.6928452579034942
6521,0.6521,7,4,7,601922,3688,99635,8321,0.03416206602689985,0.6928969939212257
6522,0.6522,9,3,9,601925,3685,99644,8312,0.03413427692763719,0.6928398766358256
6523,0.6523,7,5,7,601930,3680,99651,8305,0.034087961762199415,0.6929495202336253
6524,0.6524,5,0,5,601930,3680,99656,8300,0.034087961762199415,0.6928213689482471
6525,0.6525,7,1,7,601931,3679,99663,8293,0.03407869872911186,0.6926996324757768
6526,0.6526,12,4,12,601935,3675,99675,8281,0.03404164659676164,0.6926229508196722
6527,0.6527,2,1,2,601936,3674,99677,8279,0.03403238356367409,0.6926294654061742
6528,0.6528,4,5,4,601941,3669,99681,8275,0.03398606839823632,0.6928164768921634
6529,0.6529,7,2,7,601943,3667,99688,8268,0.03396754233206121,0.6927524088814412
6530,0.653,2,4,2,601947,3663,99690,8266,0.03393049019971099,0.6929331880291726
6531,0.6531,4,4,4,601951,3659,99694,8262,0.033893438067360775,0.6930626625283114
6532,0.6532,6,4,6,601955,3655,99700,8256,0.03385638593501056,0.6931407942238267
6533,0.6533,5,2,5,601957,3653,99705,8251,0.03383785986883545,0.6931283602150538
6534,0.6534,7,3,7,601960,3650,99712,8244,0.03381007076957279,0.6931225828148646
6535,0.6535,6,2,6,601962,3648,99718,8238,0.03379154470339768,0.6930843008581524
6536,0.6536,2,4,2,601966,3644,99720,8236,0.03375449257104746,0.6932659932659933
6537,0.6537,7,1,7,601967,3643,99727,8229,0.03374522953795991,0.6931435309973046
6538,0.6538,9,3,9,601970,3640,99736,8220,0.033717440438697246,0.6930860033726813
6539,0.6539,4,1,4,601971,3639,99740,8216,0.03370817740560969,0.6930409110080135
6540,0.654,9,7,9,601978,3632,99749,8207,0.03364333617399681,0.6932173325449784
6541,0.6541,2,2,2,601980,3630,99751,8205,0.03362481010782171,0.6932826362484157
6542,0.6542,3,1,3,601981,3629,99754,8202,0.03361554707473415,0.6932634604006424
6543,0.6543,10,2,10,601983,3627,99764,8192,0.03359702100855904,0.693121245452238
6544,0.6544,9,2,9,601985,3625,99773,8183,0.033578494942383935,0.6930047425474255
6545,0.6545,4,3,4,601988,3622,99777,8179,0.033550705843121274,0.6930768578933989
6546,0.6546,5,3,5,601991,3619,99782,8174,0.033522916743858606,0.6931230390909862
6547,0.6547,5,2,5,601993,3617,99787,8169,0.0335043906776835,0.6931104700492109
6548,0.6548,7,3,7,601996,3614,99794,8162,0.03347660157842084,0.6931046195652174
6549,0.6549,2,5,2,602001,3609,99796,8160,0.03343028641298307,0.6933469283711445
6550,0.655,3,2,3,602003,3607,99799,8157,0.033411760346807956,0.6933866031961917
6551,0.6551,6,3,6,602006,3604,99805,8151,0.033383971247545295,0.6934070608251808
6552,0.6552,2,5,2,602011,3599,99807,8149,0.03333765608210752,0.6936499829758257
6553,0.6553,8,3,8,602014,3596,99815,8141,0.03330986698284486,0.6936184715003834
6554,0.6554,5,5,5,602019,3591,99820,8136,0.03326355181740709,0.693783576362241
6555,0.6555,4,6,4,602025,3585,99824,8132,0.03320797361888177,0.6940343091234957
6556,0.6556,1,2,1,602027,3583,99825,8131,0.033189447552706655,0.6941266860167321
6557,0.6557,4,5,4,602032,3578,99829,8127,0.03314313238726889,0.6943186672362238
6558,0.6558,4,6,4,602038,3572,99833,8123,0.03308755418874356,0.6945703292005131
6559,0.6559,4,2,4,602040,3570,99837,8119,0.033069028122568456,0.694584652237146
6560,0.656,4,1,4,602041,3569,99841,8115,0.0330597650894809,0.6945395412529956
6561,0.6561,13,0,13,602041,3569,99854,8102,0.0330597650894809,0.6941992974038215
6562,0.6562,5,4,5,602045,3565,99859,8097,0.03302271295713068,0.6943062939461498
6563,0.6563,8,3,8,602048,3562,99867,8089,0.03299492385786802,0.6942751695133464
6564,0.6564,5,7,5,602055,3555,99872,8084,0.032930082626255144,0.6945613884354326
6565,0.6565,4,3,4,602058,3552,99876,8080,0.03290229352699248,0.6946354883081155
6566,0.6566,6,4,6,602062,3548,99882,8074,0.03286524139464226,0.6947169161934262
6567,0.6567,4,2,4,602064,3546,99886,8070,0.032846715328467155,0.6947314049586777
6568,0.6568,11,3,11,602067,3543,99897,8059,0.032818926229204494,0.6946216169625926
6569,0.6569,9,4,9,602071,3539,99906,8050,0.03278187409685428,0.6946242126154112
6570,0.657,6,4,6,602075,3535,99912,8044,0.03274482196450406,0.6947059331548493
6571,0.6571,4,3,4,602078,3532,99916,8040,0.03271703286524139,0.6947805046664363
6572,0.6572,5,5,5,602083,3527,99921,8035,0.03267071769980363,0.6949489707663034
6573,0.6573,7,4,7,602087,3523,99928,8028,0.03263366556745341,0.6950047614925114
6574,0.6574,4,3,4,602090,3520,99932,8024,0.03260587646819074,0.695079695079695
6575,0.6575,5,5,5,602095,3515,99937,8019,0.032559561302752976,0.695248829547425
6576,0.6576,8,3,8,602098,3512,99945,8011,0.03253177220349031,0.6952182591339061
6577,0.6577,8,0,8,602098,3512,99953,8003,0.03253177220349031,0.6950065132435953
6578,0.6578,8,4,8,602102,3508,99961,7995,0.03249472007114009,0.6950360775449883
6579,0.6579,5,2,5,602104,3506,99966,7990,0.03247619400496499,0.6950243562978428
6580,0.658,9,2,9,602106,3504,99975,7981,0.032457667938789875,0.6949063996517196
6581,0.6581,4,5,4,602111,3499,99979,7977,0.03241135277335211,0.695102823283374
6582,0.6582,5,2,5,602113,3497,99984,7972,0.032392826707177,0.6950911151800506
6583,0.6583,4,1,4,602114,3496,99988,7968,0.03238356367408944,0.6950453593859037
6584,0.6584,1,5,1,602119,3491,99989,7967,0.032337248508651675,0.6953220457322394
6585,0.6585,3,1,3,602120,3490,99992,7964,0.03232798547556412,0.6953029509341715
6586,0.6586,4,3,4,602123,3487,99996,7960,0.03230019637630146,0.6953787018432778
6587,0.6587,14,1,14,602124,3486,100010,7946,0.0322909333432139,0.6950664800559833
6588,0.6588,4,1,4,602125,3485,100014,7942,0.03228167031012635,0.6950205653277326
6589,0.6589,4,6,4,602131,3479,100018,7938,0.032226092111601025,0.6952789699570815
6590,0.659,2,4,2,602135,3475,100020,7936,0.03218903997925081,0.6954692840241872
6591,0.6591,4,1,4,602136,3474,100024,7932,0.03217977694616325,0.6954234613361389
6592,0.6592,3,4,3,602140,3470,100027,7929,0.032142724813813035,0.6955873322221248
6593,0.6593,6,2,6,602142,3468,100033,7923,0.03212419874763792,0.6955491177245193
6594,0.6594,1,2,1,602144,3466,100034,7922,0.03210567268146282,0.6956445381102916
6595,0.6595,5,1,5,602145,3465,100039,7917,0.03209640964837526,0.6955719557195572
6596,0.6596,8,3,8,602148,3462,100047,7909,0.0320686205491126,0.6955412892445695
6597,0.6597,6,0,6,602148,3462,100053,7903,0.0320686205491126,0.69538055433348
6598,0.6598,3,1,3,602149,3461,100056,7900,0.032059357516025046,0.6953613238271279
6599,0.6599,7,0,7,602149,3461,100063,7893,0.032059357516025046,0.6951735071340497
6600,0.66,5,4,5,602153,3457,100068,7888,0.03202230538367483,0.6952842661965624
6601,0.6601,3,4,3,602157,3453,100071,7885,0.03198525325132461,0.6954489327923796
6602,0.6602,2,6,2,602163,3447,100073,7883,0.03192967505279929,0.6957634598411297
6603,0.6603,6,2,6,602165,3445,100079,7877,0.03191114898662418,0.6957251369016075
6604,0.6604,3,1,3,602166,3444,100082,7874,0.03190188595353663,0.6957059551157448
6605,0.6605,5,2,5,602168,3442,100087,7869,0.03188335988736152,0.6956944567235435
6606,0.6606,4,0,4,602168,3442,100091,7865,0.03188335988736152,0.6955868046342973
6607,0.6607,12,5,12,602173,3437,100103,7853,0.031837044721923745,0.6955713020372011
6608,0.6608,3,2,3,602175,3435,100106,7850,0.03181851865574864,0.6956136464333186
6609,0.6609,3,2,3,602177,3433,100109,7847,0.03179999258957353,0.6956560283687944
6610,0.661,9,2,9,602179,3431,100118,7838,0.03178146652339842,0.6955364273671133
6611,0.6611,4,2,4,602181,3429,100122,7834,0.03176294045722331,0.6955518068010299
6612,0.6612,4,3,4,602184,3426,100126,7830,0.03173515135796065,0.6956289978678039
6613,0.6613,5,6,5,602190,3420,100131,7825,0.03167957315943533,0.6958648288128056
6614,0.6614,3,2,3,602192,3418,100134,7822,0.03166104709326022,0.6959074733096086
6615,0.6615,4,5,4,602197,3413,100138,7818,0.031614731927822444,0.6961089840619713
6616,0.6616,5,3,5,602200,3410,100143,7813,0.03158694282855978,0.6961596721019335
6617,0.6617,4,4,4,602204,3406,100147,7809,0.031549890696209566,0.6962995987516719
6618,0.6618,2,0,2,602204,3406,100149,7807,0.031549890696209566,0.6962454294122893
6619,0.6619,6,3,6,602207,3403,100155,7801,0.031522101596946905,0.6962691895751517
6620,0.662,7,1,7,602208,3402,100162,7794,0.03151283856385935,0.6961414790996785
6621,0.6621,5,4,5,602212,3398,100167,7789,0.03147578643150913,0.6962545812103335
6622,0.6622,4,2,4,602214,3396,100171,7785,0.03145726036533403,0.6962704588140596
6623,0.6623,3,2,3,602216,3394,100174,7782,0.031438734299158916,0.6963135289906943
6624,0.6624,5,3,5,602219,3391,100179,7777,0.031410945199896255,0.6963646131805158
6625,0.6625,3,1,3,602220,3390,100182,7774,0.0314016821668087,0.6963453959154425
6626,0.6626,4,3,4,602223,3387,100186,7770,0.03137389306754604,0.6964237698305996
6627,0.6627,0,2,0,602225,3385,100186,7770,0.031355367001370926,0.6965486329000449
6628,0.6628,6,1,6,602226,3384,100192,7764,0.03134610396828338,0.6964477933261571
6629,0.6629,4,3,4,602229,3381,100196,7760,0.03131831486902071,0.6965263441342788
6630,0.663,11,3,11,602232,3378,100207,7749,0.03129052576975805,0.69641412779725
6631,0.6631,6,3,6,602235,3375,100213,7743,0.03126273667049539,0.6964382083108472
6632,0.6632,1,2,1,602237,3373,100214,7742,0.03124421060432028,0.696536212325686
6633,0.6633,3,2,3,602239,3371,100217,7739,0.03122568453814517,0.6965796579657966
6634,0.6634,5,8,5,602247,3363,100222,7734,0.031151580273444737,0.6969451203027845
6635,0.6635,4,4,4,602251,3359,100226,7730,0.03111452814109452,0.6970872035350347
6636,0.6636,8,4,8,602255,3355,100234,7722,0.031077476008744304,0.6971201588877854
6637,0.6637,3,2,3,602257,3353,100237,7719,0.031058949942569195,0.6971640173410405
6638,0.6638,6,2,6,602259,3351,100243,7713,0.031040423876394087,0.6971258134490239
6639,0.6639,7,3,7,602262,3348,100250,7706,0.031012634777131422,0.6971232133164466
6640,0.664,3,0,3,602262,3348,100253,7703,0.031012634777131422,0.6970409917654511
6641,0.6641,3,3,3,602265,3345,100256,7700,0.03098484567786876,0.6971480307831598
6642,0.6642,2,2,2,602267,3343,100258,7698,0.030966319611693653,0.6972194547595326
6643,0.6643,7,2,7,602269,3341,100265,7691,0.030947793545518545,0.6971537345902828
6644,0.6644,1,4,1,602273,3337,100266,7690,0.030910741413168328,0.6973791602430398
6645,0.6645,8,3,8,602276,3334,100274,7682,0.030882952313905664,0.6973493100944081
6646,0.6646,3,0,3,602276,3334,100277,7679,0.030882952313905664,0.697266866430582
6647,0.6647,7,1,7,602277,3333,100284,7672,0.03087368928081811,0.6971376646978646
6648,0.6648,2,4,2,602281,3329,100286,7670,0.030836637148467894,0.6973361214655878
6649,0.6649,6,3,6,602284,3326,100292,7664,0.030808848049205233,0.697361237488626
6650,0.665,7,4,7,602288,3322,100299,7657,0.030771795916855017,0.6974223517624556
6651,0.6651,7,3,7,602291,3319,100306,7650,0.030744006817592352,0.6974200018233203
6652,0.6652,4,6,4,602297,3313,100310,7646,0.030688428619067027,0.697691395200292
6653,0.6653,4,6,4,602303,3307,100314,7642,0.030632850420541702,0.6979632843182025
6654,0.6654,5,3,5,602306,3304,100319,7637,0.03060506132127904,0.6980166346769033
6655,0.6655,5,6,5,602312,3298,100324,7632,0.030549483122753716,0.6982616651418115
6656,0.6656,6,5,6,602317,3293,100330,7626,0.030503167957315943,0.6984156058247092
6657,0.6657,3,2,3,602319,3291,100333,7623,0.030484641891140835,0.6984606926882903
6658,0.6658,5,3,5,602322,3288,100338,7618,0.030456852791878174,0.6985145791307538
6659,0.6659,6,2,6,602324,3286,100344,7612,0.030438326725703065,0.6984767847311433
6660,0.666,8,2,8,602326,3284,100352,7604,0.030419800659527957,0.6983835415135929
6661,0.6661,4,1,4,602327,3283,100356,7600,0.0304105376264404,0.698336855646421
6662,0.6662,4,5,4,602332,3278,100360,7596,0.03036422246100263,0.6985469928269266
6663,0.6663,4,4,4,602336,3274,100364,7592,0.030327170328652415,0.6986931713602061
6664,0.6664,5,2,5,602338,3272,100369,7587,0.030308644262477306,0.6986831199926329
6665,0.6665,2,3,2,602341,3269,100371,7585,0.030280855163214642,0.6988207112585222
6666,0.6666,3,3,3,602344,3266,100374,7582,0.03025306606395198,0.6989306784660767
6667,0.6667,5,1,5,602345,3265,100379,7577,0.030243803030864425,0.698856299575724
6668,0.6668,5,3,5,602348,3262,100384,7572,0.030216013931601764,0.6989108362562304
6669,0.6669,4,2,4,602350,3260,100388,7568,0.030197487865426656,0.698928703361655
6670,0.667,2,3,2,602353,3257,100390,7566,0.03016969876616399,0.6990668021805414
6671,0.6671,6,2,6,602355,3255,100396,7560,0.030151172699988883,0.6990291262135923
6672,0.6672,5,2,5,602357,3253,100401,7555,0.030132646633813775,0.6990192450037009
6673,0.6673,2,0,2,602357,3253,100403,7553,0.030132646633813775,0.6989635387747548
6674,0.6674,6,1,6,602358,3252,100409,7547,0.030123383600726222,0.6988610056486712
6675,0.6675,5,2,5,602360,3250,100414,7542,0.030104857534551114,0.6988510007412898
6676,0.6676,8,3,8,602363,3247,100422,7534,0.03007706843528845,0.698822001669604
6677,0.6677,8,2,8,602365,3245,100430,7526,0.03005854236911334,0.6987280661034259
6678,0.6678,1,2,1,602367,3243,100431,7525,0.030040016302938233,0.6988298662704309
6679,0.6679,4,1,4,602368,3242,100435,7521,0.03003075326985068,0.6987828672303261
6680,0.668,1,5,1,602373,3237,100436,7520,0.029984438104412908,0.6990796690527099
6681,0.6681,1,6,1,602379,3231,100437,7519,0.029928859905887582,0.6994418604651162
6682,0.6682,8,3,8,602382,3228,100445,7511,0.02990107080662492,0.6994133531986219
6683,0.6683,4,2,4,602384,3226,100449,7507,0.029882544740449813,0.6994316593683033
6684,0.6684,7,3,7,602387,3223,100456,7500,0.02985475564118715,0.6994311293481302
6685,0.6685,6,2,6,602389,3221,100462,7494,0.02983622957501204,0.6993933737750817
6686,0.6686,7,6,7,602395,3215,100469,7487,0.02978065137648672,0.6995888618949729
6687,0.6687,4,3,4,602398,3212,100473,7483,0.029752862277224054,0.6996727442730247
6688,0.6688,3,4,3,602402,3208,100476,7480,0.029715810144873837,0.6998502994011976
6689,0.6689,4,2,4,602404,3206,100480,7476,0.02969728407869873,0.6998689384010485
6690,0.669,3,3,3,602407,3203,100483,7473,0.029669494979436068,0.699981266391907
6691,0.6691,2,5,2,602412,3198,100485,7471,0.029623179813998295,0.7002530696410161
6692,0.6692,6,1,6,602413,3197,100491,7465,0.029613916780910743,0.7001500656537235
6693,0.6693,8,0,8,602413,3197,100499,7457,0.029613916780910743,0.6999249108316126
6694,0.6694,2,5,2,602418,3192,100501,7455,0.02956760161547297,0.7001972386587771
6695,0.6695,6,10,6,602428,3182,100507,7449,0.029474971284597428,0.7006866710563446
6696,0.6696,1,2,1,602430,3180,100508,7448,0.02945644521842232,0.7007903650733911
6697,0.6697,9,1,9,602431,3179,100517,7439,0.029447182185334767,0.7006027500470898
6698,0.6698,4,1,4,602432,3178,100521,7435,0.02943791915224721,0.7005559219824743
6699,0.6699,6,2,6,602434,3176,100527,7429,0.029419393086072103,0.7005186232909005
6700,0.67,13,6,13,602440,3170,100540,7416,0.029363814887546778,0.7005478934441716
6701,0.6701,10,4,10,602444,3166,100550,7406,0.02932676275519656,0.700529701097238
6702,0.6702,4,2,4,602446,3164,100554,7402,0.029308236689021452,0.7005489305318947
6703,0.6703,4,2,4,602448,3162,100558,7398,0.029289710622846344,0.7005681818181818
6704,0.6704,5,2,5,602450,3160,100563,7393,0.029271184556671236,0.7005590827252914
6705,0.6705,4,5,4,602455,3155,100567,7389,0.029224869391233466,0.7007776934749621
6706,0.6706,9,3,9,602458,3152,100576,7380,0.029197080291970802,0.7007216103304216
6707,0.6707,5,1,5,602459,3151,100581,7375,0.02918781725888325,0.7006460193805815
6708,0.6708,3,4,3,602463,3147,100584,7372,0.029150765126533033,0.7008270748169978
6709,0.6709,8,2,8,602465,3145,100592,7364,0.029132239060357924,0.7007327053002188
6710,0.671,6,11,6,602476,3134,100598,7358,0.029030345696394826,0.7012962256957682
6711,0.6711,5,1,5,602477,3133,100603,7353,0.029021082663307274,0.7012206751859622
6712,0.6712,7,4,7,602481,3129,100610,7346,0.028984030530957057,0.7012887828162291
6713,0.6713,3,0,3,602481,3129,100613,7343,0.028984030530957057,0.7012032085561497
6714,0.6714,4,5,4,602486,3124,100617,7339,0.028937715365519284,0.7014240657555194
6715,0.6715,3,4,3,602490,3120,100620,7336,0.028900663233169067,0.7016067329762815
6716,0.6716,8,2,8,602492,3118,100628,7328,0.02888213716699396,0.7015125406854298
6717,0.6717,6,6,6,602498,3112,100634,7322,0.028826558968468634,0.7017442974889784
6718,0.6718,3,5,3,602503,3107,100637,7319,0.028780243803030865,0.7019950124688279
6719,0.6719,6,3,6,602506,3104,100643,7313,0.0287524547037682,0.7020255351828741
6720,0.672,6,3,6,602509,3101,100649,7307,0.02872466560450554,0.7020561106840891
6721,0.6721,2,3,2,602512,3098,100651,7305,0.02869687650524288,0.7022012880899741
6722,0.6722,8,2,8,602514,3096,100659,7297,0.02867835043906777,0.7021071875300683
6723,0.6723,5,3,5,602517,3093,100664,7292,0.028650561339805106,0.7021665864227251
6724,0.6724,6,0,6,602517,3093,100670,7286,0.028650561339805106,0.7019944117930437
6725,0.6725,4,2,4,602519,3091,100674,7282,0.028632035273629997,0.7020148462354189
6726,0.6726,5,4,5,602523,3087,100679,7277,0.02859498314127978,0.7021420301042068
6727,0.6727,5,4,5,602527,3083,100684,7272,0.028557931008929564,0.7022694350555287
6728,0.6728,8,4,8,602531,3079,100692,7264,0.028520878876579347,0.702310741564343
6729,0.6729,6,2,6,602533,3077,100698,7258,0.02850235281040424,0.7022738268021287
6730,0.673,5,5,5,602538,3072,100703,7253,0.02845603764496647,0.7024697336561744
6731,0.6731,5,2,5,602540,3070,100708,7248,0.02843751157879136,0.7024617173870905
6732,0.6732,5,1,5,602541,3069,100713,7243,0.028428248545703805,0.7023855702094647
6733,0.6733,3,4,3,602545,3065,100716,7240,0.028391196413353588,0.7025715672003882
6734,0.6734,3,2,3,602547,3063,100719,7237,0.02837267034717848,0.7026213592233009
6735,0.6735,3,0,3,602547,3063,100722,7234,0.02837267034717848,0.7025347188501505
6736,0.6736,5,4,5,602551,3059,100727,7229,0.028335618214828263,0.7026632970451011
6737,0.6737,6,1,6,602552,3058,100733,7223,0.02832635518174071,0.702558116914697
6738,0.6738,8,1,8,602553,3057,100741,7215,0.028317092148653154,0.7023948598130841
6739,0.6739,3,3,3,602556,3054,100744,7212,0.028289303049390493,0.7025131502045587
6740,0.674,6,2,6,602558,3052,100750,7206,0.028270776983215385,0.7024761162019887
6741,0.6741,6,5,6,602563,3047,100756,7200,0.028224461817777612,0.7026446764906802
6742,0.6742,4,6,4,602569,3041,100760,7196,0.028168883619252287,0.702940314545277
6743,0.6743,9,6,9,602575,3035,100769,7187,0.028113305420726962,0.7030913715515554
6744,0.6744,8,3,8,602578,3032,100777,7179,0.0280855163214643,0.7030653217118793
6745,0.6745,3,4,3,602582,3028,100780,7176,0.028048464189114084,0.7032536260290082
6746,0.6746,4,3,4,602585,3025,100784,7172,0.02802067508985142,0.703344120819849
6747,0.6747,3,4,3,602589,3021,100787,7169,0.027983622957501203,0.7035328753680079
6748,0.6748,2,5,2,602594,3016,100789,7167,0.027937307792063434,0.703820092310714
6749,0.6749,5,4,5,602598,3012,100794,7162,0.027900255659713217,0.7039512482799293
6750,0.675,9,4,9,602602,3008,100803,7153,0.027863203527363,0.7039661450644622
6751,0.6751,5,3,5,602605,3005,100808,7148,0.027835414428100336,0.704028366000197
6752,0.6752,4,2,4,602607,3003,100812,7144,0.027816888361925227,0.7040504582635262
6753,0.6753,4,3,4,602610,3000,100816,7140,0.027789099262662566,0.7041420118343196
6754,0.6754,6,1,6,602611,2999,100822,7134,0.02777983622957501,0.7040363169841113
6755,0.6755,7,2,7,602613,2997,100829,7127,0.027761310163399902,0.7039707625444488
6756,0.6756,9,4,9,602617,2993,100838,7118,0.027724258031049685,0.7039857580852537
6757,0.6757,1,5,1,602622,2988,100839,7117,0.027677942865611916,0.7043047996041564
6758,0.6758,4,1,4,602623,2987,100843,7113,0.02766867983252436,0.7042574257425742
6759,0.6759,6,5,6,602628,2982,100849,7107,0.02762236466708659,0.7044305679452869
6760,0.676,5,4,5,602632,2978,100854,7102,0.027585312534736374,0.7045634920634921
6761,0.6761,2,3,2,602635,2975,100856,7100,0.027557523435473713,0.7047146401985112
6762,0.6762,10,3,10,602638,2972,100866,7090,0.02752973433621105,0.7046312860266348
6763,0.6763,5,3,5,602641,2969,100871,7085,0.027501945236948388,0.7046946488959618
6764,0.6764,10,1,10,602642,2968,100881,7075,0.027492682203860832,0.704470775664642
6765,0.6765,2,2,2,602644,2966,100883,7073,0.027474156137685724,0.7045522462396653
6766,0.6766,3,1,3,602645,2965,100886,7070,0.02746489310459817,0.7045341305430991
6767,0.6767,3,0,3,602645,2965,100889,7067,0.02746489310459817,0.7044457735247209
6768,0.6768,5,0,5,602645,2965,100894,7062,0.02746489310459817,0.7042983943352947
6769,0.6769,6,3,6,602648,2962,100900,7056,0.027437104005335507,0.7043322020363346
6770,0.677,5,4,5,602652,2958,100905,7051,0.02740005187298529,0.7044659806174443
6771,0.6771,8,3,8,602655,2955,100913,7043,0.02737226277372263,0.7044408881776355
6772,0.6772,9,4,9,602659,2951,100922,7034,0.027335210641372412,0.7044566850275413
6773,0.6773,8,2,8,602661,2949,100930,7026,0.027316684575197304,0.7043609022556391
6774,0.6774,5,4,5,602665,2945,100935,7021,0.027279632442847087,0.7044952839654827
6775,0.6775,6,4,6,602669,2941,100941,7015,0.02724258031049687,0.704600241060667
6776,0.6776,1,3,1,602672,2938,100942,7014,0.027214791211234206,0.7047829581993569
6777,0.6777,7,3,7,602675,2935,100949,7007,0.027187002111971545,0.7047877690605512
6778,0.6778,3,2,3,602677,2933,100952,7004,0.027168476045796437,0.7048404951192513
6779,0.6779,4,3,4,602680,2930,100956,7000,0.027140686946533772,0.7049345417925479
6780,0.678,3,1,3,602681,2929,100959,6997,0.02713142391344622,0.7049163812210356
6781,0.6781,1,3,1,602684,2926,100960,6996,0.027103634814183555,0.70509977827051
6782,0.6782,8,2,8,602686,2924,100968,6988,0.027085108748008447,0.7050040355125101
6783,0.6783,3,8,3,602694,2916,100971,6985,0.027011004483308013,0.7054842945157055
6784,0.6784,4,2,4,602696,2914,100975,6981,0.026992478417132905,0.7055078322385043
6785,0.6785,3,1,3,602697,2913,100978,6978,0.026983215384045352,0.7054898392478011
6786,0.6786,4,5,4,602702,2908,100982,6974,0.02693690021860758,0.7057275855090063
6787,0.6787,6,4,6,602706,2904,100988,6968,0.026899848086257363,0.7058346839546191
6788,0.6788,5,3,5,602709,2901,100993,6963,0.026872058986994702,0.7059002433090025
6789,0.6789,5,0,5,602709,2901,100998,6958,0.026872058986994702,0.7057510903742773
6790,0.679,3,1,3,602710,2900,101001,6955,0.026862795953907146,0.7057331303906647
6791,0.6791,3,1,3,602711,2899,101004,6952,0.026853532920819594,0.7057151558217439
6792,0.6792,2,1,2,602712,2898,101006,6950,0.026844269887732038,0.7057270511779041
6793,0.6793,6,4,6,602716,2894,101012,6944,0.02680721775538182,0.7058345192112218
6794,0.6794,5,1,5,602717,2893,101017,6939,0.02679795472229427,0.7057567127746135
6795,0.6795,5,6,5,602723,2887,101022,6934,0.026742376523768943,0.7060380816617452
6796,0.6796,2,3,2,602726,2884,101024,6932,0.02671458742450628,0.7061939690301549
6797,0.6797,5,1,5,602727,2883,101029,6927,0.026705324391418726,0.7061162079510703
6798,0.6798,4,1,4,602728,2882,101033,6923,0.02669606135833117,0.7060683324834268
6799,0.6799,2,3,2,602731,2879,101035,6921,0.02666827225906851,0.7062244897959183
6800,0.68,2,3,2,602734,2876,101037,6919,0.026640483159805845,0.7063808065339459
6801,0.6801,6,3,6,602737,2873,101043,6913,0.026612694060543184,0.7064173308808502
6802,0.6802,11,3,11,602740,2870,101054,6902,0.026584904961280523,0.7063037249283668
6803,0.6803,5,4,5,602744,2866,101059,6897,0.026547852828930307,0.7064426917955546
6804,0.6804,5,3,5,602747,2863,101064,6892,0.026520063729667642,0.7065094823167606
6805,0.6805,6,2,6,602749,2861,101070,6886,0.026501537663492534,0.7064737868061968
6806,0.6806,3,3,3,602752,2858,101073,6883,0.026473748564229873,0.7066009649933271
6807,0.6807,7,2,7,602754,2856,101080,6876,0.026455222498054765,0.7065351418002466
6808,0.6808,6,4,6,602758,2852,101086,6870,0.026418170365704548,0.7066447233079614
6809,0.6809,0,3,0,602761,2849,101086,6870,0.026390381266441883,0.7068628459718078
6810,0.681,2,4,2,602765,2845,101088,6868,0.026353329134091667,0.707093585915783
6811,0.6811,4,3,4,602768,2842,101092,6864,0.026325540034829006,0.7071914279826911
6812,0.6812,4,3,4,602771,2839,101096,6860,0.02629775093556634,0.7072894112795134
6813,0.6813,11,2,11,602773,2837,101107,6849,0.026279224869391233,0.707103035308693
6814,0.6814,3,5,3,602778,2832,101110,6846,0.026232909703953464,0.7073775573465592
6815,0.6815,4,6,4,602784,2826,101114,6842,0.02617733150542814,0.7076954902772031
6816,0.6816,7,3,7,602787,2823,101121,6835,0.026149542406165474,0.7077034582729343
6817,0.6817,3,5,3,602792,2818,101124,6832,0.026103227240727705,0.707979274611399
6818,0.6818,2,4,2,602796,2814,101126,6830,0.026066175108377488,0.7082123600165906
6819,0.6819,5,0,5,602796,2814,101131,6825,0.026066175108377488,0.7080610021786492
6820,0.682,7,4,7,602800,2810,101138,6818,0.02602912297602727,0.7081429164935604
6821,0.6821,5,2,5,602802,2808,101143,6813,0.026010596909852163,0.7081384471468662
6822,0.6822,2,2,2,602804,2806,101145,6811,0.025992070843677054,0.708225018196943
6823,0.6823,3,3,3,602807,2803,101148,6808,0.02596428174441439,0.7083550098845073
6824,0.6824,6,5,6,602812,2798,101154,6802,0.02591796657897662,0.7085416666666666
6825,0.6825,6,1,6,602813,2797,101160,6796,0.025908703545889065,0.7084332325654122
6826,0.6826,3,1,3,602814,2796,101163,6793,0.025899440512801512,0.7084158932109709
6827,0.6827,3,2,3,602816,2794,101166,6790,0.025880914446626404,0.7084724540901502
6828,0.6828,4,0,4,602816,2794,101170,6786,0.025880914446626404,0.7083507306889353
6829,0.6829,8,4,8,602820,2790,101178,6778,0.025843862314276187,0.7084030100334449
6830,0.683,7,4,7,602824,2786,101185,6771,0.02580681018192597,0.7084859265459872
6831,0.6831,5,6,5,602830,2780,101190,6766,0.025751231983400645,0.7087785459878483
6832,0.6832,2,2,2,602832,2778,101192,6764,0.025732705917225537,0.7088660658142947
6833,0.6833,6,3,6,602835,2775,101198,6758,0.025704916817962872,0.7089059058009022
6834,0.6834,3,6,3,602841,2769,101201,6755,0.025649338619437547,0.7092608147837043
6835,0.6835,8,2,8,602843,2767,101209,6747,0.02563081255326244,0.7091654404036157
6836,0.6836,9,3,9,602846,2764,101218,6738,0.025603023453999778,0.7091138707640496
6837,0.6837,6,2,6,602848,2762,101224,6732,0.02558449738782467,0.7090794185801559
6838,0.6838,4,2,4,602850,2760,101228,6728,0.02556597132164956,0.709106239460371
6839,0.6839,4,4,4,602854,2756,101232,6724,0.025528919189299344,0.709282700421941
6840,0.684,6,3,6,602857,2753,101238,6718,0.025501130090036683,0.7093231971280751
6841,0.6841,9,0,9,602857,2753,101247,6709,0.025501130090036683,0.7090467131684633
6842,0.6842,3,3,3,602860,2750,101250,6706,0.02547334099077402,0.7091793570219966
6843,0.6843,5,1,5,602861,2749,101255,6701,0.025464077957686466,0.7091005291005291
6844,0.6844,6,1,6,602862,2748,101261,6695,0.02545481492459891,0.7089907868262205
6845,0.6845,3,2,3,602864,2746,101264,6692,0.025436288858423802,0.7090485272303454
6846,0.6846,6,0,6,602864,2746,101270,6686,0.025436288858423802,0.7088634435962681
6847,0.6847,3,6,3,602870,2740,101273,6683,0.025380710659898477,0.709222116098907
6848,0.6848,0,2,0,602872,2738,101273,6683,0.02536218459372337,0.709372678059654
6849,0.6849,8,3,8,602875,2735,101281,6675,0.025334395494460708,0.7093517534537725
6850,0.685,5,2,5,602877,2733,101286,6670,0.0253158694282856,0.7093480803998724
6851,0.6851,5,0,5,602877,2733,101291,6665,0.0253158694282856,0.7091934454139178
6852,0.6852,5,1,5,602878,2732,101296,6660,0.025306606395198043,0.709114139693356
6853,0.6853,6,5,6,602883,2727,101302,6654,0.025260291229760274,0.7093060441317557
6854,0.6854,4,5,4,602888,2722,101306,6650,0.0252139760643225,0.7095603926589842
6855,0.6855,4,1,4,602889,2721,101310,6646,0.02520471303123495,0.7095121170065122
6856,0.6856,2,3,2,602892,2718,101312,6644,0.025176923931972284,0.7096774193548387
6857,0.6857,7,1,7,602893,2717,101319,6637,0.025167660898884732,0.709536027367971
6858,0.6858,4,1,4,602894,2716,101323,6633,0.025158397865797176,0.709487645737512
6859,0.6859,2,4,2,602898,2712,101325,6631,0.02512134573344696,0.709729209033501
6860,0.686,3,6,3,602904,2706,101328,6628,0.025065767534921634,0.7100921362759803
6861,0.6861,11,4,11,602908,2702,101339,6617,0.025028715402571417,0.7100547269020281
6862,0.6862,10,2,10,602910,2700,101349,6607,0.02501018933639631,0.7098957773718706
6863,0.6863,6,4,6,602914,2696,101355,6601,0.024973137204046092,0.7100139830052705
6864,0.6864,1,3,1,602917,2693,101356,6600,0.02494534810478343,0.7102119875174863
6865,0.6865,5,3,5,602920,2690,101361,6595,0.024917559005520767,0.7102854065697362
6866,0.6866,4,2,4,602922,2688,101365,6591,0.02489903293934566,0.7103136113805367
6867,0.6867,5,0,5,602922,2688,101370,6586,0.02489903293934566,0.7101574293724391
6868,0.6868,6,3,6,602925,2685,101376,6580,0.024871243840082997,0.7101996762007555
6869,0.6869,3,4,3,602929,2681,101379,6577,0.02483419170773278,0.7104126161157918
6870,0.687,5,3,5,602932,2678,101384,6572,0.024806402608470116,0.7104864864864865
6871,0.6871,5,1,5,602933,2677,101389,6567,0.024797139575382564,0.7104067503245348
6872,0.6872,3,4,3,602937,2673,101392,6564,0.024760087443032347,0.7106203312763885
6873,0.6873,5,6,5,602943,2667,101397,6559,0.024704509244507022,0.7109256449165402
6874,0.6874,2,8,2,602951,2659,101399,6557,0.024630404979806588,0.7114800347222222
6875,0.6875,6,2,6,602953,2657,101405,6551,0.02461187891363148,0.7114465682015638
6876,0.6876,4,3,4,602956,2654,101409,6547,0.024584089814368815,0.7115530920552114
6877,0.6877,3,4,3,602960,2650,101412,6544,0.0245470376820186,0.7117685447030672
6878,0.6878,2,3,2,602963,2647,101414,6542,0.024519248582755938,0.7119381869626727
6879,0.6879,8,4,8,602967,2643,101422,6534,0.02448219645040572,0.7119973847662635
6880,0.688,6,5,6,602972,2638,101428,6528,0.02443588128496795,0.7121972507091425
6881,0.6881,4,3,4,602975,2635,101432,6524,0.024408092185705287,0.7123048367725734
6882,0.6882,4,0,4,602975,2635,101436,6520,0.024408092185705287,0.7121791370835608
6883,0.6883,6,1,6,602976,2634,101442,6514,0.024398829152617735,0.7120682116309576
6884,0.6884,4,3,4,602979,2631,101446,6510,0.02437104005335507,0.7121759107318674
6885,0.6885,8,2,8,602981,2629,101454,6502,0.024352513987179962,0.7120797283977659
6886,0.6886,2,1,2,602982,2628,101456,6500,0.02434325095409241,0.7120946538124452
6887,0.6887,2,4,2,602986,2624,101458,6498,0.024306198821742193,0.7123437842578382
6888,0.6888,5,0,5,602986,2624,101463,6493,0.024306198821742193,0.7121860261050784
6889,0.6889,4,2,4,602988,2622,101467,6489,0.024287672755567084,0.7122160026341785
6890,0.689,4,5,4,602993,2617,101471,6485,0.02424135759012931,0.7124807734563832
6891,0.6891,2,0,2,602993,2617,101473,6483,0.02424135759012931,0.7124175824175825
6892,0.6892,4,6,4,602999,2611,101477,6479,0.024185779391603986,0.7127612761276128
6893,0.6893,10,4,10,603003,2607,101487,6469,0.02414872725925377,0.7127589246364037
6894,0.6894,6,0,6,603003,2607,101493,6463,0.02414872725925377,0.7125689084895259
6895,0.6895,6,5,6,603008,2602,101499,6457,0.024102412093816,0.712771829120212
6896,0.6896,2,2,2,603010,2600,101501,6455,0.024083886027640892,0.7128658199889564
6897,0.6897,5,4,5,603014,2596,101506,6450,0.024046833895290675,0.71302233031174
6898,0.6898,6,7,6,603021,2589,101512,6444,0.023981992663677794,0.7133842577216871
6899,0.6899,7,2,7,603023,2587,101519,6437,0.023963466597502685,0.7133200354609929
6900,0.69,7,1,7,603024,2586,101526,6430,0.023954203564415133,0.7131765749778172
6901,0.6901,1,2,1,603026,2584,101527,6429,0.023935677498240025,0.7133030067680017
6902,0.6902,5,2,5,603028,2582,101532,6424,0.023917151432064916,0.713302242949145
6903,0.6903,8,4,8,603032,2578,101540,6416,0.0238800992997147,0.7133644651990215
6904,0.6904,4,1,4,603033,2577,101544,6412,0.023870836266627143,0.7133162754477695
6905,0.6905,5,3,5,603036,2574,101549,6407,0.023843047167364483,0.7133949448836433
6906,0.6906,3,2,3,603038,2572,101552,6404,0.023824521101189374,0.7134581105169341
6907,0.6907,5,2,5,603040,2570,101557,6399,0.023805995035014266,0.7134574646002899
6908,0.6908,2,3,2,603043,2567,101559,6397,0.0237782059357516,0.7136323070058009
6909,0.6909,7,3,7,603046,2564,101566,6390,0.02375041683648894,0.71364753182935
6910,0.691,3,2,3,603048,2562,101569,6387,0.023731890770313832,0.7137110291652699
6911,0.6911,3,4,3,603052,2558,101572,6384,0.023694838637963615,0.7139342428986803
6912,0.6912,2,2,2,603054,2556,101574,6382,0.023676312571788507,0.7140299843365406
6913,0.6913,2,2,2,603056,2554,101576,6380,0.0236577865056134,0.714125811506604
6914,0.6914,5,0,5,603056,2554,101581,6375,0.0236577865056134,0.7139657296449771
6915,0.6915,5,2,5,603058,2552,101586,6370,0.02363926043943829,0.7139654785922439
6916,0.6916,5,4,5,603062,2548,101591,6365,0.023602208307088073,0.7141254347582183
6917,0.6917,10,4,10,603066,2544,101601,6355,0.023565156174737856,0.7141251826047871
6918,0.6918,6,4,6,603070,2540,101607,6349,0.02352810404238764,0.7142535718303521
6919,0.6919,4,2,4,603072,2538,101611,6345,0.02350957797621253,0.7142857142857143
6920,0.692,4,3,4,603075,2535,101615,6341,0.023481788876949867,0.714398377647589
6921,0.6921,5,1,5,603076,2534,101620,6336,0.023472525843862314,0.7143179255918828
6922,0.6922,3,1,3,603077,2533,101623,6333,0.02346326281077476,0.714301827205053
6923,0.6923,5,1,5,603078,2532,101628,6328,0.023453999777687206,0.7142212189616253
6924,0.6924,4,4,4,603082,2528,101632,6324,0.02341694764533699,0.7144148215092635
6925,0.6925,4,0,4,603082,2528,101636,6320,0.02341694764533699,0.7142857142857143
6926,0.6926,8,0,8,603082,2528,101644,6312,0.02341694764533699,0.714027149321267
6927,0.6927,6,2,6,603084,2526,101650,6306,0.02339842157916188,0.7139945652173914
6928,0.6928,6,2,6,603086,2524,101656,6300,0.023379895512986772,0.713961922030825
6929,0.6929,4,2,4,603088,2522,101660,6296,0.023361369446811664,0.7139941029711953
6930,0.693,3,2,3,603090,2520,101663,6293,0.023342843380636556,0.7140587768069897
6931,0.6931,2,3,2,603093,2517,101665,6291,0.023315054281373895,0.7142370572207084
6932,0.6932,4,1,4,603094,2516,101669,6287,0.02330579124828634,0.7141883448824264
6933,0.6933,3,5,3,603099,2511,101672,6284,0.02325947608284857,0.7144968732234224
6934,0.6934,4,5,4,603104,2506,101676,6280,0.023213160917410797,0.7147735033007057
6935,0.6935,2,0,2,603104,2506,101678,6278,0.023213160917410797,0.7147085610200364
6936,0.6936,5,4,5,603108,2502,101683,6273,0.02317610878506058,0.7148717948717949
6937,0.6937,5,2,5,603110,2500,101688,6268,0.02315758271888547,0.7148722627737226
6938,0.6938,2,0,2,603110,2500,101690,6266,0.02315758271888547,0.7148072096737395
6939,0.6939,4,2,4,603112,2498,101694,6262,0.023139056652710363,0.7148401826484019
6940,0.694,5,3,5,603115,2495,101699,6257,0.023111267553447702,0.7149223034734917
6941,0.6941,2,5,2,603120,2490,101701,6255,0.02306495238800993,0.7152658662092625
6942,0.6942,8,2,8,603122,2488,101709,6247,0.02304642632183482,0.7151688609044076
6943,0.6943,7,0,7,603122,2488,101716,6240,0.02304642632183482,0.7149404216315307
6944,0.6944,5,1,5,603123,2487,101721,6235,0.02303716328874727,0.7148589772987847
6945,0.6945,8,5,8,603128,2482,101729,6227,0.022990848123309496,0.7150074635434608
6946,0.6946,5,3,5,603131,2479,101734,6222,0.022963059024046835,0.7150902195149983
6947,0.6947,5,4,5,603135,2475,101739,6217,0.022926006891696618,0.7152554072710539
6948,0.6948,5,2,5,603137,2473,101744,6212,0.02290748082552151,0.7152561888313184
6949,0.6949,3,3,3,603140,2470,101747,6209,0.022879691726258845,0.7154050005761032
6950,0.695,9,1,9,603141,2469,101756,6200,0.022870428693171293,0.7151920636751644
6951,0.6951,4,2,4,603143,2467,101760,6196,0.022851902626996184,0.7152256723998615
6952,0.6952,2,2,2,603145,2465,101762,6194,0.022833376560821076,0.7153250952765908
6953,0.6953,4,2,4,603147,2463,101766,6190,0.022814850494645968,0.7153588350860973
6954,0.6954,3,4,3,603151,2459,101769,6187,0.02277779836229575,0.7155910247513301
6955,0.6955,7,2,7,603153,2457,101776,6180,0.022759272296120642,0.7155262243834665
6956,0.6956,6,4,6,603157,2453,101782,6174,0.022722220163770426,0.7156601367798772
6957,0.6957,2,3,2,603160,2450,101784,6172,0.02269443106450776,0.7158431918348411
6958,0.6958,9,1,9,603161,2449,101793,6163,0.02268516803142021,0.7156293543892244
6959,0.6959,3,4,3,603165,2445,101796,6160,0.022648115899069992,0.715862870424172
6960,0.696,1,2,1,603167,2443,101797,6159,0.022629589832894884,0.7159962799348989
6961,0.6961,8,1,8,603168,2442,101805,6151,0.022620326799807328,0.7158151984173164
6962,0.6962,6,3,6,603171,2439,101811,6145,0.022592537700544667,0.7158667287977633
6963,0.6963,9,4,9,603175,2435,101820,6136,0.02255548556819445,0.7159024617897561
6964,0.6964,1,2,1,603177,2433,101821,6135,0.02253695950201934,0.7160364145658263
6965,0.6965,2,7,2,603184,2426,101823,6133,0.02247211827040646,0.7165556723916345
6966,0.6966,5,1,5,603185,2425,101828,6128,0.022462855237318908,0.7164737518999181
6967,0.6967,2,0,2,603185,2425,101830,6126,0.022462855237318908,0.7164074377265817
6968,0.6968,6,2,6,603187,2423,101836,6120,0.0224443291711438,0.716375980334777
6969,0.6969,5,3,5,603190,2420,101841,6115,0.022416540071881135,0.7164616285881664
6970,0.697,7,3,7,603193,2417,101848,6108,0.022388750972618474,0.7164809384164222
6971,0.6971,4,2,4,603195,2415,101852,6104,0.022370224906443366,0.7165160230073953
6972,0.6972,7,2,7,603197,2413,101859,6097,0.022351698840268257,0.7164512338425382
6973,0.6973,4,2,4,603199,2411,101863,6093,0.02233317277409315,0.716486359360301
6974,0.6974,6,1,6,603200,2410,101869,6087,0.022323909741005597,0.7163704837001295
6975,0.6975,1,1,1,603201,2409,101870,6086,0.02231464670791804,0.7164214243672749
6976,0.6976,1,0,1,603201,2409,101871,6085,0.02231464670791804,0.7163880386154933
6977,0.6977,4,2,4,603203,2407,101875,6081,0.022296120641742932,0.7164231856738925
6978,0.6978,5,1,5,603204,2406,101880,6076,0.02228685760865538,0.7163404857344966
6979,0.6979,9,0,9,603204,2406,101889,6067,0.02228685760865538,0.7160391832880916
6980,0.698,9,1,9,603205,2405,101898,6058,0.022277594575567824,0.7158218125960062
6981,0.6981,2,3,2,603208,2402,101900,6056,0.022249805476305163,0.7160085126507448
6982,0.6982,8,3,8,603211,2399,101908,6048,0.0222220163770425,0.7159938439682728
6983,0.6983,3,3,3,603214,2396,101911,6045,0.022194227277779838,0.716147375903329
6984,0.6984,3,2,3,603216,2394,101914,6042,0.02217570121160473,0.7162162162162162
6985,0.6985,7,2,7,603218,2392,101921,6035,0.02215717514542962,0.7161504687314584
6986,0.6986,5,3,5,603221,2389,101926,6030,0.022129386046166957,0.7162370827889298
6987,0.6987,4,4,4,603225,2385,101930,6026,0.02209233391381674,0.7164427535370348
6988,0.6988,4,2,4,603227,2383,101934,6022,0.02207380784764163,0.7164782867340869
6989,0.6989,4,3,4,603230,2380,101938,6018,0.02204601874837897,0.7165991902834008
6990,0.699,8,4,8,603234,2376,101946,6010,0.022008966616028754,0.7166706415454329
6991,0.6991,5,3,5,603237,2373,101951,6005,0.02198117751676609,0.7167581761756983
6992,0.6992,5,4,5,603241,2369,101956,6000,0.021944125384415872,0.7169315330385948
6993,0.6993,6,5,6,603246,2364,101962,5994,0.021897810218978103,0.7171572146446519
6994,0.6994,1,3,1,603249,2361,101963,5993,0.02187002111971544,0.7173808953794589
6995,0.6995,5,2,5,603251,2359,101968,5988,0.02185149505354033,0.7173834910746376
6996,0.6996,6,1,6,603252,2358,101974,5982,0.021842232020452778,0.7172661870503597
6997,0.6997,4,4,4,603256,2354,101978,5978,0.02180517988810256,0.7174747959673548
6998,0.6998,3,3,3,603259,2351,101981,5975,0.021777390788839897,0.7176315157338458
6999,0.6999,5,1,5,603260,2350,101986,5970,0.021768127755752344,0.7175480769230769
7000,0.7,3,1,3,603261,2349,101989,5967,0.02175886472266479,0.7175324675324676
7001,0.7001,4,3,4,603264,2346,101993,5963,0.021731075623402128,0.7176555542183175
7002,0.7002,8,3,8,603267,2343,102001,5955,0.021703286524139463,0.7176428054953
7003,0.7003,2,3,2,603270,2340,102003,5953,0.021675497424876802,0.7178343180996021
7004,0.7004,5,3,5,603273,2337,102008,5948,0.021647708325614138,0.7179239589619795
7005,0.7005,8,2,8,603275,2335,102016,5940,0.02162918225943903,0.7178247734138973
7006,0.7006,3,1,3,603276,2334,102019,5937,0.021619919226351477,0.7178092129125861
7007,0.7007,4,0,4,603276,2334,102023,5933,0.021619919226351477,0.7176726744889319
7008,0.7008,8,5,8,603281,2329,102031,5925,0.021573604060913704,0.717833777562394
7009,0.7009,5,2,5,603283,2327,102036,5920,0.021555077994738596,0.7178367891354432
7010,0.701,3,4,3,603287,2323,102039,5917,0.02151802586238838,0.7180825242718447
7011,0.7011,3,1,3,603288,2322,102042,5914,0.021508762829300827,0.7180670228266148
7012,0.7012,6,0,6,603288,2322,102048,5908,0.021508762829300827,0.717861482381531
7013,0.7013,3,4,3,603292,2318,102051,5905,0.02147171069695061,0.7181077465645141
7014,0.7014,4,1,4,603293,2317,102055,5901,0.021462447663863054,0.7180579216354344
7015,0.7015,4,2,4,603295,2315,102059,5897,0.021443921597687945,0.7180954700438383
7016,0.7016,6,1,6,603296,2314,102065,5891,0.021434658564600393,0.7179768433881779
7017,0.7017,3,1,3,603297,2313,102068,5888,0.021425395531512837,0.7179612242409462
7018,0.7018,2,1,2,603298,2312,102070,5886,0.021416132498425285,0.7179799951207612
7019,0.7019,7,2,7,603300,2310,102077,5879,0.021397606432250176,0.7179142752472829
7020,0.702,6,2,6,603302,2308,102083,5873,0.021379080366075068,0.7178828994010512
7021,0.7021,6,3,6,603305,2305,102089,5867,0.021351291266812403,0.7179393049437103
7022,0.7022,3,3,3,603308,2302,102092,5864,0.021323502167549743,0.7180994366887092
7023,0.7023,7,5,7,603313,2297,102099,5857,0.02127718700211197,0.7182977679666421
7024,0.7024,2,1,2,603314,2296,102101,5855,0.021267923969024417,0.7183167709483499
7025,0.7025,4,2,4,603316,2294,102105,5851,0.02124939790284931,0.7183548189073051
7026,0.7026,12,3,12,603319,2291,102117,5839,0.021221608803586648,0.7182041820418205
7027,0.7027,3,1,3,603320,2290,102120,5836,0.021212345770499092,0.7181885306423825
7028,0.7028,5,5,5,603325,2285,102125,5831,0.021166030605061323,0.718457368161656
7029,0.7029,4,3,4,603328,2282,102129,5827,0.02113824150579866,0.7185842890615366
7030,0.703,2,3,2,603331,2279,102131,5825,0.021110452406535998,0.7187808489634748
7031,0.7031,5,6,5,603337,2273,102136,5820,0.021054874208010672,0.7191399975287285
7032,0.7032,8,7,8,603344,2266,102144,5812,0.02099003297639779,0.719485021044813
7033,0.7033,6,2,6,603346,2264,102150,5806,0.020971506910222683,0.719454770755886
7034,0.7034,5,1,5,603347,2263,102155,5801,0.02096224387713513,0.7193700396825397
7035,0.7035,4,3,4,603350,2260,102159,5797,0.020934454777872466,0.7194985726697282
7036,0.7036,4,5,4,603355,2255,102163,5793,0.020888139612434697,0.7198061630218688
7037,0.7037,4,3,4,603358,2252,102167,5789,0.020860350513172032,0.7199353314264395
7038,0.7038,2,1,2,603359,2251,102169,5787,0.02085108748008448,0.7199552127394875
7039,0.7039,5,5,5,603364,2246,102174,5782,0.020804772314646707,0.7202291978076731
7040,0.704,3,6,3,603370,2240,102177,5779,0.020749194116121382,0.720663424367128
7041,0.7041,4,1,4,603371,2239,102181,5775,0.02073993108303383,0.7206139256301473
7042,0.7042,3,3,3,603374,2236,102184,5772,0.020712141983771165,0.7207792207792207
7043,0.7043,5,4,5,603378,2232,102189,5767,0.02067508985142095,0.72096512064008
7044,0.7044,6,0,6,603378,2232,102195,5761,0.02067508985142095,0.720755661203553
7045,0.7045,5,3,5,603381,2229,102200,5756,0.020647300752158287,0.7208515967438948
7046,0.7046,7,3,7,603384,2226,102207,5749,0.020619511652895623,0.7208777429467085
7047,0.7047,6,1,6,603385,2225,102213,5743,0.02061024861980807,0.7207580321285141
7048,0.7048,3,3,3,603388,2222,102216,5740,0.020582459520545406,0.7209243908565687
7049,0.7049,3,1,3,603389,2221,102219,5737,0.020573196487457854,0.72090977632571
7050,0.705,3,3,3,603392,2218,102222,5734,0.02054540738819519,0.7210764587525151
7051,0.7051,3,3,3,603395,2215,102225,5731,0.02051761828893253,0.721243392902089
7052,0.7052,3,0,3,603395,2215,102228,5728,0.02051761828893253,0.7211381090268161
7053,0.7053,2,1,2,603396,2214,102230,5726,0.020508355255844973,0.7211586901763224
7054,0.7054,6,2,6,603398,2212,102236,5720,0.020489829189669864,0.7211296016137166
7055,0.7055,4,3,4,603401,2209,102240,5716,0.020462040090407203,0.7212618296529969
7056,0.7056,4,1,4,603402,2208,102244,5712,0.020452777057319647,0.7212121212121212
7057,0.7057,7,3,7,603405,2205,102251,5705,0.020424987958056987,0.7212389380530974
7058,0.7058,5,3,5,603408,2202,102256,5700,0.020397198858794322,0.721336370539104
7059,0.7059,0,3,0,603411,2199,102256,5700,0.02036940975953166,0.7216103304215723
7060,0.706,6,1,6,603412,2198,102262,5694,0.020360146726444105,0.7214901165737455
7061,0.7061,1,4,1,603416,2194,102263,5693,0.02032309459409389,0.7218207176366173
7062,0.7062,5,7,5,603423,2187,102268,5688,0.02025825336248101,0.7222857142857143
7063,0.7063,0,1,0,603424,2186,102268,5688,0.020248990329393455,0.7223774447548895
7064,0.7064,4,1,4,603425,2185,102272,5684,0.020239727296305902,0.7223281230143601
7065,0.7065,2,4,2,603429,2181,102274,5682,0.020202675163955686,0.7226249523082793
7066,0.7066,1,3,1,603432,2178,102275,5681,0.020174886064693025,0.7228655045171142
7067,0.7067,2,2,2,603434,2176,102277,5679,0.020156359998517916,0.7229789942711649
7068,0.7068,2,0,2,603434,2176,102279,5677,0.020156359998517916,0.7229084426333885
7069,0.7069,4,3,4,603437,2173,102283,5673,0.020128570899255252,0.7230435890899821
7070,0.707,9,4,9,603441,2169,102292,5664,0.020091518766905035,0.723094599770203
7071,0.7071,4,5,4,603446,2164,102296,5660,0.020045203601467266,0.7234151329243353
7072,0.7072,6,3,6,603449,2161,102302,5654,0.0200174145022046,0.7234804862444018
7073,0.7073,6,4,6,603453,2157,102308,5648,0.019980362369854385,0.7236386931454196
7074,0.7074,6,4,6,603457,2153,102314,5642,0.019943310237504168,0.7237973059653624
7075,0.7075,7,4,7,603461,2149,102321,5635,0.01990625810515395,0.7239208633093526
7076,0.7076,3,1,3,603462,2148,102324,5632,0.0198969950720664,0.7239074550128535
7077,0.7077,7,2,7,603464,2146,102331,5625,0.01987846900589129,0.7238450649852014
7078,0.7078,5,7,5,603471,2139,102336,5620,0.01981362777427841,0.7243201443484986
7079,0.7079,1,5,1,603476,2134,102337,5619,0.01976731260884064,0.7247517090158648
7080,0.708,6,3,6,603479,2131,102343,5613,0.019739523509577975,0.7248192148760331
7081,0.7081,4,0,4,603479,2131,102347,5609,0.019739523509577975,0.7246770025839794
7082,0.7082,5,3,5,603482,2128,102352,5604,0.019711734410315315,0.7247801345059492
7083,0.7083,6,4,6,603486,2124,102358,5598,0.019674682277965098,0.7249417249417249
7084,0.7084,8,3,8,603489,2121,102366,5590,0.019646893178702433,0.7249383996887563
7085,0.7085,4,1,4,603490,2120,102370,5586,0.01963763014561488,0.7248896963405139
7086,0.7086,6,5,6,603495,2115,102376,5580,0.019591314980177108,0.7251461988304093
7087,0.7087,6,0,6,603495,2115,102382,5574,0.019591314980177108,0.7249317206398751
7088,0.7088,4,6,4,603501,2109,102386,5570,0.019535736781651783,0.7253548639145722
7089,0.7089,3,2,3,603503,2107,102389,5567,0.019517210715476675,0.7254365389627313
7090,0.709,7,1,7,603504,2106,102396,5560,0.019507947682389122,0.7252804591703627
7091,0.7091,7,2,7,603506,2104,102403,5553,0.019489421616214014,0.7252187540812328
7092,0.7092,5,7,5,603513,2097,102408,5548,0.019424580384601133,0.7257030739045127
7093,0.7093,5,1,5,603514,2096,102413,5543,0.01941531735151358,0.7256185364576515
7094,0.7094,4,1,4,603515,2095,102417,5539,0.019406054318426024,0.7255698192297616
7095,0.7095,3,2,3,603517,2093,102420,5536,0.019387528252250916,0.7256521169222703
7096,0.7096,4,2,4,603519,2091,102424,5532,0.019369002186075807,0.725698543880362
7097,0.7097,8,1,8,603520,2090,102432,5524,0.019359739152988255,0.7255056474914631
7098,0.7098,6,4,6,603524,2086,102438,5518,0.019322687020638038,0.7256706996317728
7099,0.7099,8,0,8,603524,2086,102446,5510,0.019322687020638038,0.7253817798841495
7100,0.71,6,1,6,603525,2085,102452,5504,0.019313423987550482,0.7252602450915799
7101,0.7101,4,3,4,603528,2082,102456,5500,0.01928563488828782,0.7254022685307306
7102,0.7102,5,1,5,603529,2081,102461,5495,0.019276371855200265,0.7253167898627244
7103,0.7103,1,3,1,603532,2078,102462,5494,0.019248582755937604,0.725567881669308
7104,0.7104,3,3,3,603535,2075,102465,5491,0.01922079365667494,0.725746761829236
7105,0.7105,2,2,2,603537,2073,102467,5489,0.01920226759049983,0.7258661729701137
7106,0.7106,7,4,7,603541,2069,102474,5482,0.019165215458149615,0.7259965567474507
7107,0.7107,4,3,4,603544,2066,102478,5478,0.019137426358886954,0.7261399787910923
7108,0.7108,2,4,2,603548,2062,102480,5476,0.019100374226536737,0.7264526399575484
7109,0.7109,3,2,3,603550,2060,102483,5473,0.01908184816036163,0.7265365724147086
7110,0.711,6,2,6,603552,2058,102489,5467,0.01906332209418652,0.7265116279069768
7111,0.7111,7,5,7,603557,2053,102496,5460,0.01901700692874875,0.7267403167842407
7112,0.7112,3,3,3,603560,2050,102499,5457,0.018989217829486087,0.726921539896097
7113,0.7113,5,1,5,603561,2049,102504,5452,0.018979954796398534,0.7268364218104253
7114,0.7114,5,2,5,603563,2047,102509,5447,0.018961428730223426,0.7268481451828129
7115,0.7115,3,4,3,603567,2043,102512,5444,0.01892437659787321,0.7271270201682917
7116,0.7116,8,2,8,603569,2041,102520,5436,0.0189058505316981,0.7270295573090811
7117,0.7117,4,1,4,603570,2040,102524,5432,0.018896587498610545,0.7269807280513919
7118,0.7118,4,5,4,603575,2035,102528,5428,0.018850272333172775,0.727321452498995
7119,0.7119,2,4,2,603579,2031,102530,5426,0.01881322020082256,0.7276384605069063
7120,0.712,4,3,4,603582,2028,102534,5422,0.018785431101559894,0.7277852348993289
7121,0.7121,5,2,5,603584,2026,102539,5417,0.018766905035384786,0.7277979309418245
7122,0.7122,1,1,1,603585,2025,102540,5416,0.018757642002297233,0.7278591587152264
7123,0.7123,5,0,5,603585,2025,102545,5411,0.018757642002297233,0.7276761699838623
7124,0.7124,1,3,1,603588,2022,102546,5410,0.01872985290303457,0.7279332615715823
7125,0.7125,3,2,3,603590,2020,102549,5407,0.01871132683685946,0.7280193887168439
7126,0.7126,4,1,4,603591,2019,102553,5403,0.018702063803771908,0.7279708973322555
7127,0.7127,5,3,5,603594,2016,102558,5398,0.018674274704509244,0.7280820070137578
7128,0.7128,5,1,5,603595,2015,102563,5393,0.01866501167142169,0.7279967602591793
7129,0.7129,4,1,4,603596,2014,102567,5389,0.018655748638334135,0.7279481291368364
7130,0.713,4,5,4,603601,2009,102571,5385,0.018609433472896366,0.7282932107113876
7131,0.7131,8,2,8,603603,2007,102579,5377,0.018590907406721258,0.7281960996749729
7132,0.7132,3,2,3,603605,2005,102582,5374,0.01857238134054615,0.7282829651714324
7133,0.7133,7,2,7,603607,2003,102589,5367,0.01855385527437104,0.7282225237449118
7134,0.7134,3,1,3,603608,2002,102592,5364,0.018544592241283485,0.7282106978007059
7135,0.7135,3,2,3,603610,2000,102595,5361,0.018526066175108376,0.7282977856269529
7136,0.7136,8,2,8,603612,1998,102603,5353,0.018507540108933268,0.7282002448646443
7137,0.7137,1,4,1,603616,1994,102604,5352,0.01847048797658305,0.7285597604138306
7138,0.7138,0,2,0,603618,1992,102604,5352,0.018451961910407943,0.7287581699346405
7139,0.7139,6,1,6,603619,1991,102610,5346,0.01844269887732039,0.7286356821589205
7140,0.714,5,3,5,603622,1988,102615,5341,0.018414909778057726,0.728748806112703
7141,0.7141,7,1,7,603623,1987,102622,5334,0.018405646744970174,0.7285889905750581
7142,0.7142,2,2,2,603625,1985,102624,5332,0.018387120678795065,0.7287139538062047
7143,0.7143,4,5,4,603630,1980,102628,5328,0.018340805513357292,0.729064039408867
7144,0.7144,11,0,11,603630,1980,102639,5317,0.018340805513357292,0.7286556118952995
7145,0.7145,7,1,7,603631,1979,102646,5310,0.01833154248026974,0.7284949924543833
7146,0.7146,3,1,3,603632,1978,102649,5307,0.018322279447182184,0.7284831846259437
7147,0.7147,5,5,5,603637,1973,102654,5302,0.018275964281744415,0.7287972508591065
7148,0.7148,5,1,5,603638,1972,102659,5297,0.01826670124865686,0.7287109643692392
7149,0.7149,5,0,5,603638,1972,102664,5292,0.01826670124865686,0.7285242290748899
7150,0.715,3,2,3,603640,1970,102667,5289,0.01824817518248175,0.728612756578041
7151,0.7151,2,1,2,603641,1969,102669,5287,0.018238912149394198,0.728638368246968
7152,0.7152,9,2,9,603643,1967,102678,5278,0.01822038608321909,0.7285024154589372
7153,0.7153,5,1,5,603644,1966,102683,5273,0.018211123050131534,0.7284155270064926
7154,0.7154,5,3,5,603647,1963,102688,5268,0.018183333950868873,0.7285299405338127
7155,0.7155,7,3,7,603650,1960,102695,5261,0.01815554485160621,0.7285694502146517
7156,0.7156,4,1,4,603651,1959,102699,5257,0.018146281818518656,0.728519955654102
7157,0.7157,3,1,3,603652,1958,102702,5254,0.0181370187854311,0.728508042151969
7158,0.7158,4,2,4,603654,1956,102706,5250,0.01811849271925599,0.7285595337218984
7159,0.7159,1,2,1,603656,1954,102707,5249,0.018099966653080883,0.7287241427183118
7160,0.716,5,1,5,603657,1953,102712,5244,0.01809070361999333,0.7286369320550229
7161,0.7161,1,1,1,603658,1952,102713,5243,0.018081440586905778,0.7287004864489228
7162,0.7162,4,2,4,603660,1950,102717,5239,0.01806291452073067,0.72875226039783
7163,0.7163,5,4,5,603664,1946,102722,5234,0.018025862388380453,0.7289693593314763
7164,0.7164,3,4,3,603668,1942,102725,5231,0.017988810256030236,0.7292625121985222
7165,0.7165,4,3,4,603671,1939,102729,5227,0.017961021156767572,0.7294166899246441
7166,0.7166,5,3,5,603674,1936,102734,5222,0.01793323205750491,0.7295333892148644
7167,0.7167,2,3,2,603677,1933,102736,5220,0.017905442958242247,0.7297637354955963
7168,0.7168,4,1,4,603678,1932,102740,5216,0.017896179925154694,0.7297146054840515
7169,0.7169,3,2,3,603680,1930,102743,5213,0.017877653858979586,0.7298054038919222
7170,0.717,6,3,6,603683,1927,102749,5207,0.01784986475971692,0.7298850574712644
7171,0.7171,3,7,3,603690,1920,102752,5204,0.017785023528104044,0.7304884896125772
7172,0.7172,3,0,3,603690,1920,102755,5201,0.017785023528104044,0.7303749473388569
7173,0.7173,10,0,10,603690,1920,102765,5191,0.017785023528104044,0.729995781184081
7174,0.7174,4,5,4,603695,1915,102769,5187,0.01773870836266627,0.7303576457335962
7175,0.7175,3,4,3,603699,1911,102772,5184,0.017701656230316054,0.7306553911205074
7176,0.7176,1,4,1,603703,1907,102773,5183,0.017664604097965837,0.7310296191819464
7177,0.7177,8,1,8,603704,1906,102781,5175,0.017655341064878285,0.7308289789577743
7178,0.7178,3,1,3,603705,1905,102784,5172,0.01764607803179073,0.7308181432810513
7179,0.7179,3,1,3,603706,1904,102787,5169,0.017636814998703176,0.7308072953485084
7180,0.718,9,0,9,603706,1904,102796,5160,0.017636814998703176,0.7304643261608154
7181,0.7181,5,1,5,603707,1903,102801,5155,0.01762755196561562,0.7303768773023519
7182,0.7182,3,5,3,603712,1898,102804,5152,0.01758123680017785,0.7307801418439717
7183,0.7183,4,1,4,603713,1897,102808,5148,0.017571973767090295,0.7307310149041873
7184,0.7184,6,1,6,603714,1896,102814,5142,0.017562710734002743,0.7306052855924978
7185,0.7185,4,1,4,603715,1895,102818,5138,0.017553447700915187,0.7305559505189819
7186,0.7186,8,4,8,603719,1891,102826,5130,0.01751639556856497,0.7306651474148982
7187,0.7187,5,3,5,603722,1888,102831,5125,0.01748860646930231,0.7307856837302154
7188,0.7188,5,0,5,603722,1888,102836,5120,0.01748860646930231,0.730593607305936
7189,0.7189,6,2,6,603724,1886,102842,5114,0.0174700804031272,0.7305714285714285
7190,0.719,6,2,6,603726,1884,102848,5108,0.017451554336952092,0.7305491990846682
7191,0.7191,4,2,4,603728,1882,102852,5104,0.017433028270776984,0.7306040652734039
7192,0.7192,5,0,5,603728,1882,102857,5099,0.017433028270776984,0.7304111158859762
7193,0.7193,7,3,7,603731,1879,102864,5092,0.01740523917151432,0.7304547410701477
7194,0.7194,3,1,3,603732,1878,102867,5089,0.017395976138426767,0.7304435194488302
7195,0.7195,5,2,5,603734,1876,102872,5084,0.01737745007225166,0.7304597701149426
7196,0.7196,5,2,5,603736,1874,102877,5079,0.01735892400607655,0.7304760535020854
7197,0.7197,5,1,5,603737,1873,102882,5074,0.017349660972988994,0.7303872175039585
7198,0.7198,3,2,3,603739,1871,102885,5071,0.017331134906813886,0.7304811293575338
7199,0.7199,3,3,3,603742,1868,102888,5068,0.017303345807551225,0.7306805074971164
7200,0.72,6,1,6,603743,1867,102894,5062,0.01729408277446367,0.7305527493144754
7201,0.7201,1,2,1,603745,1865,102895,5061,0.01727555670828856,0.7307248050822985
7202,0.7202,8,3,8,603748,1862,102903,5053,0.0172477676090259,0.7307302964569776
7203,0.7203,3,0,3,603748,1862,102906,5050,0.0172477676090259,0.7306134259259259
7204,0.7204,2,3,2,603751,1859,102908,5048,0.017219978509763235,0.7308527580715216
7205,0.7205,2,0,2,603751,1859,102910,5046,0.017219978509763235,0.7307748008689355
7206,0.7206,1,1,1,603752,1858,102911,5045,0.017210715476675683,0.7308416630450528
7207,0.7207,4,0,4,603752,1858,102915,5041,0.017210715476675683,0.7306856066096535
7208,0.7208,3,2,3,603754,1856,102918,5038,0.017192189410500575,0.7307803887438352
7209,0.7209,1,2,1,603756,1854,102919,5037,0.017173663344325466,0.7309534175010883
7210,0.721,8,3,8,603759,1851,102927,5029,0.017145874245062802,0.7309593023255814
7211,0.7211,9,2,9,603761,1849,102936,5020,0.017127348178887693,0.7308196243994759
7212,0.7212,3,3,3,603764,1846,102939,5017,0.017099559079625033,0.7310214192044295
7213,0.7213,5,4,5,603768,1842,102944,5012,0.017062506947274816,0.7312518237525533
7214,0.7214,5,1,5,603769,1841,102949,5007,0.01705324391418726,0.7311623831775701
7215,0.7215,2,2,2,603771,1839,102951,5005,0.01703471784801215,0.7312974868497955
7216,0.7216,2,2,2,603773,1837,102953,5003,0.017016191781837046,0.7314327485380117
7217,0.7217,6,2,6,603775,1835,102959,4997,0.016997665715661938,0.7314110070257611
7218,0.7218,3,4,3,603779,1831,102962,4994,0.01696061358331172,0.7317216117216118
7219,0.7219,6,1,6,603780,1830,102968,4988,0.016951350550224165,0.7315928424757994
7220,0.722,4,1,4,603781,1829,102972,4984,0.016942087517136613,0.7315426390723616
7221,0.7221,2,3,2,603784,1826,102974,4982,0.01691429841787395,0.731786133960047
7222,0.7222,5,2,5,603786,1824,102979,4977,0.01689577235169884,0.7318041464490516
7223,0.7223,4,4,4,603790,1820,102983,4973,0.016858720219348623,0.7320771382305314
7224,0.7224,7,5,7,603795,1815,102990,4966,0.016812405053910854,0.7323403627783512
7225,0.7225,4,3,4,603798,1812,102994,4962,0.01678461595464819,0.7325066430469442
7226,0.7226,4,4,4,603802,1808,102998,4958,0.016747563822297973,0.7327815548329885
7227,0.7227,5,2,5,603804,1806,103003,4953,0.016729037756122864,0.7328007101642254
7228,0.7228,8,1,8,603805,1805,103011,4945,0.016719774723035312,0.7325925925925926
7229,0.7229,4,1,4,603806,1804,103015,4941,0.016710511689947756,0.7325426241660489
7230,0.723,2,0,2,603806,1804,103017,4939,0.016710511689947756,0.732463295269168
7231,0.7231,5,3,5,603809,1801,103022,4934,0.016682722590685095,0.7325909428359317
7232,0.7232,6,7,6,603816,1794,103028,4928,0.016617881359072214,0.733115144302291
7233,0.7233,3,2,3,603818,1792,103031,4925,0.016599355292897106,0.7332142325442906
7234,0.7234,7,4,7,603822,1788,103038,4918,0.01656230316054689,0.7333730987175664
7235,0.7235,3,0,3,603822,1788,103041,4915,0.01656230316054689,0.7332537669700134
7236,0.7236,3,5,3,603827,1783,103044,4912,0.01651598799510912,0.733681852128454
7237,0.7237,6,2,6,603829,1781,103050,4906,0.01649746192893401,0.7336623298938239
7238,0.7238,2,4,2,603833,1777,103052,4904,0.016460409796583794,0.7340218530160155
7239,0.7239,4,3,4,603836,1774,103056,4900,0.01643262069732113,0.7341923883727899
7240,0.724,5,2,5,603838,1772,103061,4895,0.01641409463114602,0.7342132893355332
7241,0.7241,5,2,5,603840,1770,103066,4890,0.016395568564970913,0.7342342342342343
7242,0.7242,4,2,4,603842,1768,103070,4886,0.016377042498795805,0.7342951608055305
7243,0.7243,5,3,5,603845,1765,103075,4881,0.016349253399533144,0.7344267228408065
7244,0.7244,5,3,5,603848,1762,103080,4876,0.01632146430027048,0.7345586019885507
7245,0.7245,4,3,4,603851,1759,103084,4872,0.01629367520100782,0.7347308098326044
7246,0.7246,1,2,1,603853,1757,103085,4871,0.01627514913483271,0.7349124924562462
7247,0.7247,4,2,4,603855,1755,103089,4867,0.0162566230686576,0.7349743279975838
7248,0.7248,6,1,6,603856,1754,103095,4861,0.016247360035570046,0.7348450491307634
7249,0.7249,2,3,2,603859,1751,103097,4859,0.016219570936307385,0.7350983358547655
7250,0.725,2,0,2,603859,1751,103099,4857,0.016219570936307385,0.7350181598062954
7251,0.7251,7,0,7,603859,1751,103106,4850,0.016219570936307385,0.7347371610362067
7252,0.7252,4,2,4,603861,1749,103110,4846,0.016201044870132277,0.7347990902198636
7253,0.7253,6,2,6,603863,1747,103116,4840,0.016182518803957168,0.7347806285107029
7254,0.7254,3,0,3,603863,1747,103119,4837,0.016182518803957168,0.7346597812879708
7255,0.7255,4,3,4,603866,1744,103123,4833,0.016154729704694504,0.7348335107191729
7256,0.7256,3,2,3,603868,1742,103126,4830,0.016136203638519395,0.7349360925136945
7257,0.7257,5,4,5,603872,1738,103131,4825,0.01609915150616918,0.7351820813652293
7258,0.7258,4,1,4,603873,1737,103135,4821,0.016089888473081626,0.7351326623970723
7259,0.7259,4,2,4,603875,1735,103139,4817,0.016071362406906518,0.7351953601953602
7260,0.726,1,8,1,603883,1727,103140,4816,0.015997258142206084,0.7360537979520098
7261,0.7261,3,1,3,603884,1726,103143,4813,0.015987995109118528,0.7360452668603762
7262,0.7262,4,4,4,603888,1722,103147,4809,0.015950942976768315,0.7363344051446945
7263,0.7263,5,3,5,603891,1719,103152,4804,0.01592315387750565,0.7364709489498696
7264,0.7264,2,1,2,603892,1718,103154,4802,0.015913890844418098,0.7365030674846625
7265,0.7265,3,1,3,603893,1717,103157,4799,0.015904627811330542,0.7364947820748926
7266,0.7266,4,0,4,603893,1717,103161,4795,0.015904627811330542,0.7363329238329238
7267,0.7267,4,2,4,603895,1715,103165,4791,0.015886101745155434,0.7363971718413772
7268,0.7268,1,2,1,603897,1713,103166,4790,0.015867575678980325,0.7365831154851606
7269,0.7269,6,2,6,603899,1711,103172,4784,0.015849049612805217,0.7365665896843726
7270,0.727,6,1,6,603900,1710,103178,4778,0.015839786579717664,0.7364364981504316
7271,0.7271,8,2,8,603902,1708,103186,4770,0.015821260513542556,0.7363383760419883
7272,0.7272,2,3,2,603905,1705,103188,4768,0.01579347141427989,0.7365981770431022
7273,0.7273,3,0,3,603905,1705,103191,4765,0.01579347141427989,0.7364760432766615
7274,0.7274,5,1,5,603906,1704,103196,4760,0.01578420838119234,0.7363861386138614
7275,0.7275,4,4,4,603910,1700,103200,4756,0.015747156248842122,0.7366790582403965
7276,0.7276,6,3,6,603913,1697,103206,4750,0.015719367149579458,0.7367767954087172
7277,0.7277,7,5,7,603918,1692,103213,4743,0.01567305198414169,0.737062937062937
7278,0.7278,4,1,4,603919,1691,103217,4739,0.015663788951054133,0.7370139968895801
7279,0.7279,5,1,5,603920,1690,103222,4734,0.01565452591796658,0.7369240348692403
7280,0.728,1,0,1,603920,1690,103223,4733,0.01565452591796658,0.7368830764440293
7281,0.7281,5,0,5,603920,1690,103228,4728,0.01565452591796658,0.7366780928638205
7282,0.7282,5,2,5,603922,1688,103233,4723,0.015635999851791472,0.7367025425050694
7283,0.7283,5,2,5,603924,1686,103238,4718,0.015617473785616362,0.7367270455965022
7284,0.7284,9,2,9,603926,1684,103247,4709,0.015598947719441253,0.7365868919130298
7285,0.7285,3,1,3,603927,1683,103250,4706,0.015589684686353699,0.7365784942870559
7286,0.7286,2,3,2,603930,1680,103252,4704,0.015561895587091036,0.7368421052631579
7287,0.7287,2,1,2,603931,1679,103254,4702,0.015552632554003482,0.7368750979470302
7288,0.7288,4,1,4,603932,1678,103258,4698,0.015543369520915928,0.7368255959849436
7289,0.7289,5,2,5,603934,1676,103263,4693,0.01552484345474082,0.7368503689747213
7290,0.729,3,1,3,603935,1675,103266,4690,0.015515580421653265,0.7368421052631579
7291,0.7291,7,3,7,603938,1672,103273,4683,0.015487791322390603,0.7369000786782062
7292,0.7292,1,2,1,603940,1670,103274,4682,0.015469265256215494,0.7370906801007556
7293,0.7293,1,3,1,603943,1667,103275,4681,0.015441476156952832,0.7373976055450535
7294,0.7294,8,2,8,603945,1665,103283,4673,0.015422950090777725,0.7372988324392553
7295,0.7295,5,1,5,603946,1664,103288,4668,0.015413687057690171,0.7372078332280481
7296,0.7296,7,3,7,603949,1661,103295,4661,0.015385897958427508,0.737266687757039
7297,0.7297,4,0,4,603949,1661,103299,4657,0.015385897958427508,0.7371003482114593
7298,0.7298,6,5,6,603954,1656,103305,4651,0.015339582792989737,0.7374345964801015
7299,0.7299,2,1,2,603955,1655,103307,4649,0.015330319759902183,0.7374682741116751
7300,0.73,5,4,5,603959,1651,103312,4644,0.015293267627551966,0.7377283558379666
7301,0.7301,9,3,9,603962,1648,103321,4635,0.015265478528289304,0.7377049180327869
7302,0.7302,7,3,7,603965,1645,103328,4628,0.015237689429026641,0.7377650247090706
7303,0.7303,10,3,10,603968,1642,103338,4618,0.015209900329763978,0.7376996805111821
7304,0.7304,5,2,5,603970,1640,103343,4613,0.01519137426358887,0.7377258915720454
7305,0.7305,2,2,2,603972,1638,103345,4611,0.015172848197413762,0.7378780604896783
7306,0.7306,6,1,6,603973,1637,103351,4605,0.015163585164326207,0.737744312720282
7307,0.7307,2,0,2,603973,1637,103353,4603,0.015163585164326207,0.7376602564102565
7308,0.7308,7,1,7,603974,1636,103360,4596,0.015154322131238653,0.7374839537869063
7309,0.7309,6,3,6,603977,1633,103366,4590,0.01512653303197599,0.73758637313193
7310,0.731,1,4,1,603981,1629,103367,4589,0.015089480899625774,0.7380186555162431
7311,0.7311,5,6,5,603987,1623,103372,4584,0.015033902701100449,0.7385210246495891
7312,0.7313,7,2,7,603989,1621,103379,4577,0.01501537663492534,0.7384640206518231
7313,0.7314,2,4,2,603993,1617,103381,4575,0.014978324502575123,0.7388565891472868
7314,0.7315,3,3,3,603996,1614,103384,4572,0.01495053540331246,0.7390882638215325
7315,0.7316,3,4,3,604000,1610,103387,4569,0.014913483270962244,0.7394400388412364
7316,0.7317,1,2,1,604002,1608,103388,4568,0.014894957204787136,0.7396373056994818
7317,0.7318,4,4,4,604006,1604,103392,4564,0.014857905072436919,0.7399481193255513
7318,0.7319,3,3,3,604009,1601,103395,4561,0.014830115973174256,0.7401817591691009
7319,0.732,4,1,4,604010,1600,103399,4557,0.014820852940086702,0.740133181744356
7320,0.7321,2,1,2,604011,1599,103401,4555,0.014811589906999148,0.7401689957751056
7321,0.7322,4,2,4,604013,1597,103405,4551,0.01479306384082404,0.7402407286922577
7322,0.7323,4,1,4,604014,1596,103409,4547,0.014783800807736485,0.7401920885560801
7323,0.7324,6,1,6,604015,1595,103415,4541,0.01477453777464893,0.7400586701434159
7324,0.7325,4,4,4,604019,1591,103419,4537,0.014737485642298714,0.7403720626631853
7325,0.7326,2,3,2,604022,1588,103421,4535,0.014709696543036051,0.7406500081659317
7326,0.7327,2,2,2,604024,1586,103423,4533,0.014691170476860943,0.7408073214577545
7327,0.7328,4,2,4,604026,1584,103427,4529,0.014672644410685835,0.7408800916080485
7328,0.7329,4,4,4,604030,1580,103431,4525,0.014635592278335618,0.7411957411957412
7329,0.733,4,2,4,604032,1578,103435,4521,0.01461706621216051,0.7412690605017216
7330,0.7331,4,2,4,604034,1576,103439,4517,0.014598540145985401,0.7413425242081076
7331,0.7332,2,2,2,604036,1574,103441,4515,0.014580014079810293,0.7415010674987683
7332,0.7333,9,1,9,604037,1573,103450,4506,0.014570751046722738,0.7412403355815101
7333,0.7334,5,1,5,604038,1572,103455,4501,0.014561488013635184,0.7411493495801087
7334,0.7335,5,1,5,604039,1571,103460,4496,0.01455222498054763,0.7410581836162848
7335,0.7336,2,0,2,604039,1571,103462,4494,0.01455222498054763,0.7409727947238253
7336,0.7337,5,3,5,604042,1568,103467,4489,0.014524435881284967,0.7411259699521215
7337,0.7338,3,4,3,604046,1564,103470,4486,0.01448738374893475,0.7414876033057851
7338,0.7339,7,2,7,604048,1562,103477,4479,0.014468857682759642,0.7414335374937924
7339,0.734,5,2,5,604050,1560,103482,4474,0.014450331616584534,0.7414650314882334
7340,0.7341,4,3,4,604053,1557,103486,4470,0.014422542517321871,0.741662518666003
7341,0.7342,7,1,7,604054,1556,103493,4463,0.014413279484234317,0.7414852965608905
7342,0.7343,2,1,2,604055,1555,103495,4461,0.014404016451146763,0.7415226063829787
7343,0.7344,1,0,1,604055,1555,103496,4460,0.014404016451146763,0.741479634247714
7344,0.7345,4,1,4,604056,1554,103500,4456,0.014394753418059208,0.7414309484193011
7345,0.7346,5,3,5,604059,1551,103505,4451,0.014366964318796546,0.7415861379540153
7346,0.7347,5,6,5,604065,1545,103510,4446,0.014311386120271222,0.7421131697546319
7347,0.7348,2,2,2,604067,1543,103512,4444,0.014292860054096114,0.7422749290128612
7348,0.7349,5,1,5,604068,1542,103517,4439,0.01428359702100856,0.7421835813409129
7349,0.735,4,2,4,604070,1540,103521,4435,0.014265070954833451,0.7422594142259414
7350,0.7351,6,5,6,604075,1535,103527,4429,0.01421875578939568,0.7426224010731053
7351,0.7352,9,2,9,604077,1533,103536,4420,0.014200229723220572,0.7424827817906937
7352,0.7353,5,2,5,604079,1531,103541,4415,0.014181703657045464,0.7425159771274806
7353,0.7354,6,0,6,604079,1531,103547,4409,0.014181703657045464,0.7422558922558923
7354,0.7355,5,0,5,604079,1531,103552,4404,0.014181703657045464,0.742038753159225
7355,0.7356,3,0,3,604079,1531,103555,4401,0.014181703657045464,0.7419082939986514
7356,0.7357,8,0,8,604079,1531,103563,4393,0.014181703657045464,0.7415597569209993
7357,0.7358,5,1,5,604080,1530,103568,4388,0.01417244062395791,0.7414667117269348
7358,0.7359,3,2,3,604082,1528,103571,4385,0.014153914557782801,0.7415863351936411
7359,0.736,6,1,6,604083,1527,103577,4379,0.014144651524695247,0.7414493735184559
7360,0.7361,5,1,5,604084,1526,103582,4374,0.014135388491607693,0.7413559322033898
7361,0.7362,3,0,3,604084,1526,103585,4371,0.014135388491607693,0.7412243513651009
7362,0.7363,6,2,6,604086,1524,103591,4365,0.014116862425432584,0.7412124299541518
7363,0.7364,6,2,6,604088,1522,103597,4359,0.014098336359257476,0.7412004761095052
7364,0.7365,3,1,3,604089,1521,103600,4356,0.014089073326169922,0.7411944869831547
7365,0.7366,4,4,4,604093,1517,103604,4352,0.014052021193819705,0.7415232577951951
7366,0.7367,1,1,1,604094,1516,103605,4351,0.01404275816073215,0.7416055905914437
7367,0.7368,8,3,8,604097,1513,103613,4343,0.014014969061469488,0.7416325136612022
7368,0.7369,7,1,7,604098,1512,103620,4336,0.014005706028381934,0.7414500683994528
7369,0.737,3,2,3,604100,1510,103623,4333,0.013987179962206825,0.741571110730789
7370,0.7371,2,2,2,604102,1508,103625,4331,0.013968653896031717,0.7417365987326597
7371,0.7372,4,6,4,604108,1502,103629,4327,0.013913075697506392,0.742322868416538
7372,0.7373,6,0,6,604108,1502,103635,4321,0.013913075697506392,0.7420573587497853
7373,0.7374,5,3,5,604111,1499,103640,4316,0.013885286598243729,0.7422184006878761
7374,0.7375,4,3,4,604114,1496,103644,4312,0.013857497498981066,0.7424242424242424
7375,0.7376,2,2,2,604116,1494,103646,4310,0.013838971432805958,0.742591316333563
7376,0.7377,4,3,4,604119,1491,103650,4306,0.013811182333543295,0.7427979989649819
7377,0.7378,10,1,10,604120,1490,103660,4296,0.013801919300455741,0.7424818527480125
7378,0.7379,4,1,4,604121,1489,103664,4292,0.013792656267368187,0.7424321051721156
7379,0.738,4,2,4,604123,1487,103668,4288,0.013774130201193079,0.7425108225108226
7380,0.7381,2,5,2,604128,1482,103670,4286,0.013727815035755308,0.7430651872399445
7381,0.7382,4,2,4,604130,1480,103674,4282,0.0137092889695802,0.7431447414092329
7382,0.7383,2,1,2,604131,1479,103676,4280,0.013700025936492645,0.743184580656364
7383,0.7384,5,0,5,604131,1479,103681,4275,0.013700025936492645,0.7429614181438999
7384,0.7385,2,1,2,604132,1478,103683,4273,0.01369076290340509,0.743001217179621
7385,0.7386,1,3,1,604135,1475,103684,4272,0.013662973804142428,0.7433443535757787
7386,0.7387,2,3,2,604138,1472,103686,4270,0.013635184704879766,0.7436433298502264
7387,0.7388,4,3,4,604141,1469,103690,4266,0.013607395605617103,0.7438535309503052
7388,0.7389,5,0,5,604141,1469,103695,4261,0.013607395605617103,0.743630017452007
7389,0.739,4,2,4,604143,1467,103699,4257,0.013588869539441994,0.7437106918238994
7390,0.7391,2,1,2,604144,1466,103701,4255,0.01357960650635444,0.7437510924663521
7391,0.7392,3,1,3,604145,1465,103704,4252,0.013570343473266886,0.7437467203078537
7392,0.7393,3,0,3,604145,1465,103707,4249,0.013570343473266886,0.7436121806090304
7393,0.7394,6,1,6,604146,1464,103713,4243,0.013561080440179332,0.7434729279831785
7394,0.7395,4,2,4,604148,1462,103717,4239,0.013542554374004223,0.7435537624978074
7395,0.7396,3,1,3,604149,1461,103720,4236,0.01353329134091667,0.7435492364402317
7396,0.7397,7,2,7,604151,1459,103727,4229,0.01351476527474156,0.7434950773558369
7397,0.7398,6,1,6,604152,1458,103733,4223,0.013505502241654007,0.7433550431262101
7398,0.7399,5,1,5,604153,1457,103738,4218,0.013496239208566452,0.7432599118942731
7399,0.74,5,2,5,604155,1455,103743,4213,0.013477713142391344,0.7432956951305575
7400,0.7401,4,2,4,604157,1453,103747,4209,0.013459187076216236,0.7433768986223949
7401,0.7402,6,0,6,604157,1453,103753,4203,0.013459187076216236,0.7431046676096181
7402,0.7403,5,1,5,604158,1452,103758,4198,0.013449924043128681,0.7430088495575221
7403,0.7404,6,1,6,604159,1451,103764,4192,0.013440661010041127,0.7428672691830587
7404,0.7405,5,0,5,604159,1451,103769,4187,0.013440661010041127,0.7426392337708407
7405,0.7406,5,1,5,604160,1450,103774,4182,0.013431397976953573,0.7425426136363636
7406,0.7407,2,0,2,604160,1450,103776,4180,0.013431397976953573,0.7424511545293073
7407,0.7408,3,1,3,604161,1449,103779,4177,0.013422134943866019,0.7424457874155705
7408,0.7409,3,2,3,604163,1447,103782,4174,0.01340360887769091,0.7425724959971536
7409,0.741,5,2,5,604165,1445,103787,4169,0.013385082811515802,0.7426077662985394
7410,0.7411,6,3,6,604168,1442,103793,4163,0.01335729371225314,0.7427297056199822
7411,0.7412,3,2,3,604170,1440,103796,4160,0.013338767646078031,0.7428571428571429
7412,0.7413,3,2,3,604172,1438,103799,4157,0.013320241579902923,0.7429848078641644
7413,0.7414,7,2,7,604174,1436,103806,4150,0.013301715513727814,0.7429287504475475
7414,0.7415,4,2,4,604176,1434,103810,4146,0.013283189447552708,0.7430107526881721
7415,0.7416,3,3,3,604179,1431,103813,4143,0.013255400348290045,0.7432723358449946
7416,0.7417,7,1,7,604180,1430,103820,4136,0.01324613731520249,0.7430830039525692
7417,0.7418,2,1,2,604181,1429,103822,4134,0.013236874282114936,0.7431242135538378
7418,0.7419,3,3,3,604184,1426,103825,4131,0.013209085182852274,0.7433867194529422
7419,0.742,5,1,5,604185,1425,103830,4126,0.01319982214976472,0.743289497387858
7420,0.7421,5,1,5,604186,1424,103835,4121,0.013190559116677165,0.7431920649233543
7421,0.7422,4,1,4,604187,1423,103839,4117,0.013181296083589611,0.7431407942238267
7422,0.7423,7,1,7,604188,1422,103846,4110,0.013172033050502057,0.7429501084598699
7423,0.7424,3,1,3,604189,1421,103849,4107,0.013162770017414503,0.74294500723589
7424,0.7425,4,3,4,604192,1418,103853,4103,0.01313498091815184,0.7431624705669263
7425,0.7426,5,2,5,604194,1416,103858,4098,0.013116454851976732,0.7431991294885746
7426,0.7427,3,3,3,604197,1413,103861,4095,0.01308866575271407,0.7434640522875817
7427,0.7428,5,3,5,604200,1410,103866,4090,0.013060876653451407,0.7436363636363637
7428,0.7429,4,0,4,604200,1410,103870,4086,0.013060876653451407,0.7434497816593887
7429,0.743,5,2,5,604202,1408,103875,4081,0.013042350587276298,0.7434869739478958
7430,0.7431,3,3,3,604205,1405,103878,4078,0.013014561488013636,0.7437534196607697
7431,0.7432,5,2,5,604207,1403,103883,4073,0.012996035421838527,0.743791088385683
7432,0.7433,3,1,3,604208,1402,103886,4070,0.012986772388750973,0.7437865497076024
7433,0.7434,4,0,4,604208,1402,103890,4066,0.012986772388750973,0.7435991221653255
7434,0.7435,4,1,4,604209,1401,103894,4062,0.012977509355663419,0.7435475013728721
7435,0.7436,2,1,2,604210,1400,103896,4060,0.012968246322575865,0.7435897435897436
7436,0.7437,2,1,2,604211,1399,103898,4058,0.01295898328948831,0.7436320322521532
7437,0.7438,5,0,5,604211,1399,103903,4053,0.01295898328948831,0.7433969185619956
7438,0.7439,3,3,3,604214,1396,103906,4050,0.012931194190225648,0.7436650752846126
7439,0.744,1,2,1,604216,1394,103907,4049,0.01291266812405054,0.7438912364504868
7440,0.7441,3,3,3,604219,1391,103910,4046,0.012884879024787877,0.7441603825639139
7441,0.7442,6,0,6,604219,1391,103916,4040,0.012884879024787877,0.7438777389062787
7442,0.7443,5,2,5,604221,1389,103921,4035,0.012866352958612768,0.7439159292035398
7443,0.7444,7,1,7,604222,1388,103928,4028,0.012857089925525214,0.7437223042836041
7444,0.7445,7,3,7,604225,1385,103935,4021,0.012829300826262552,0.7438031816500185
7445,0.7446,4,2,4,604227,1383,103939,4017,0.012810774760087443,0.7438888888888889
7446,0.7447,4,2,4,604229,1381,103943,4013,0.012792248693912335,0.7439747868001483
7447,0.7448,4,0,4,604229,1381,103947,4009,0.012792248693912335,0.7437847866419295
7448,0.7449,7,0,7,604229,1381,103954,4002,0.012792248693912335,0.7434516069106446
7449,0.745,3,1,3,604230,1380,103957,3999,0.01278298566082478,0.743446737311768
7450,0.7451,6,3,6,604233,1377,103963,3993,0.012755196561562118,0.7435754189944134
7451,0.7452,3,0,3,604233,1377,103966,3990,0.012755196561562118,0.7434320849636669
7452,0.7453,4,2,4,604235,1375,103970,3986,0.01273667049538701,0.7435180003730647
7453,0.7454,4,3,4,604238,1372,103974,3982,0.012708881396124347,0.7437429958909226
7454,0.7455,5,1,5,604239,1371,103979,3977,0.012699618363036793,0.743642483171279
7455,0.7456,5,2,5,604241,1369,103984,3972,0.012681092296861684,0.7436809586219809
7456,0.7457,1,4,1,604245,1365,103985,3971,0.012644040164511467,0.7441904047976012
7457,0.7458,8,3,8,604248,1362,103993,3963,0.012616251065248805,0.744225352112676
7458,0.7459,2,1,2,604249,1361,103995,3961,0.01260698803216125,0.7442690717775272
7459,0.746,3,1,3,604250,1360,103998,3958,0.012597724999073696,0.7442647611884167
7460,0.7461,10,1,10,604251,1359,104008,3948,0.012588461965986142,0.7439231204070096
7461,0.7462,4,1,4,604252,1358,104012,3944,0.012579198932898588,0.7438702376461712
7462,0.7463,5,0,5,604252,1358,104017,3939,0.012579198932898588,0.7436284689446857
7463,0.7464,5,2,5,604254,1356,104022,3934,0.01256067286672348,0.7436672967863894
7464,0.7465,2,1,2,604255,1355,104024,3932,0.012551409833635925,0.7437109892188387
7465,0.7466,6,1,6,604256,1354,104030,3926,0.012542146800548371,0.743560606060606
7466,0.7467,3,1,3,604257,1353,104033,3923,0.012532883767460817,0.7435557240333586
7467,0.7468,5,2,5,604259,1351,104038,3918,0.012514357701285709,0.7435946099829189
7468,0.7469,3,0,3,604259,1351,104041,3915,0.012514357701285709,0.7434485377895936
7469,0.747,1,0,1,604259,1351,104042,3914,0.012514357701285709,0.7433998100664767
7470,0.7471,4,3,4,604262,1348,104046,3910,0.012486568602023046,0.7436287561810574
7471,0.7472,4,1,4,604263,1347,104050,3906,0.012477305568935492,0.7435750999428897
7472,0.7473,1,1,1,604264,1346,104051,3905,0.012468042535847938,0.743667872786136
7473,0.7474,3,1,3,604265,1345,104054,3902,0.012458779502760383,0.743663045549838
7474,0.7475,8,1,8,604266,1344,104062,3894,0.01244951646967283,0.7434135166093929
7475,0.7476,2,3,2,604269,1341,104064,3892,0.012421727370410167,0.7437416395948786
7476,0.7477,2,0,2,604269,1341,104066,3890,0.012421727370410167,0.7436436627795833
7477,0.7478,2,1,2,604270,1340,104068,3888,0.012412464337322612,0.7436878347360367
7478,0.7479,4,3,4,604273,1337,104072,3884,0.01238467523805995,0.7439187895039264
7479,0.748,4,1,4,604274,1336,104076,3880,0.012375412204972396,0.7438650306748467
7480,0.7481,3,2,3,604276,1334,104079,3877,0.012356886138797287,0.7440030704279409
7481,0.7482,6,2,6,604278,1332,104085,3871,0.012338360072622179,0.7439938497020949
7482,0.7483,4,2,4,604280,1330,104089,3867,0.01231983400644707,0.7440831248797383
7483,0.7484,5,2,5,604282,1328,104094,3862,0.012301307940271962,0.7441233140655106
7484,0.7485,2,2,2,604284,1326,104096,3860,0.012282781874096853,0.7443116081758581
7485,0.7486,10,3,10,604287,1323,104106,3850,0.012254992774834191,0.7442489851150202
7486,0.7487,4,1,4,604288,1322,104110,3846,0.012245729741746637,0.7441950464396285
7487,0.7488,6,1,6,604289,1321,104116,3840,0.012236466708659082,0.744041852354195
7488,0.7489,6,3,6,604292,1318,104122,3834,0.012208677609396422,0.7441770186335404
7489,0.749,3,1,3,604293,1317,104125,3831,0.012199414576308867,0.7441724941724942
7490,0.7491,8,2,8,604295,1315,104133,3823,0.012180888510133759,0.7440638380692877
7491,0.7492,5,0,5,604295,1315,104138,3818,0.012180888510133759,0.7438145334112605
7492,0.7493,4,1,4,604296,1314,104142,3814,0.012171625477046205,0.7437597503900156
7493,0.7494,2,1,2,604297,1313,104144,3812,0.01216236244395865,0.7438048780487805
7494,0.7495,7,1,7,604298,1312,104151,3805,0.012153099410871096,0.7435997654875904
7495,0.7496,4,0,4,604298,1312,104155,3801,0.012153099410871096,0.7433991785644436
7496,0.7497,3,3,3,604301,1309,104158,3798,0.012125310311608434,0.7436851380458195
7497,0.7498,3,0,3,604301,1309,104161,3795,0.012125310311608434,0.7435344827586207
7498,0.7499,2,0,2,604301,1309,104163,3793,0.012125310311608434,0.7434339474715798
7499,0.75,6,0,6,604301,1309,104169,3787,0.012125310311608434,0.7431318681318682
7500,0.7502,4,2,4,604303,1307,104173,3783,0.012106784245433325,0.7432220039292731
7501,0.7503,4,2,4,604305,1305,104177,3779,0.012088258179258217,0.7433123524783635
7502,0.7504,3,0,3,604305,1305,104180,3776,0.012088258179258217,0.7431607951190711
7503,0.7505,2,0,2,604305,1305,104182,3774,0.012088258179258217,0.7430596574128765
7504,0.7506,4,0,4,604305,1305,104186,3770,0.012088258179258217,0.7428571428571429
7505,0.7507,5,0,5,604305,1305,104191,3765,0.012088258179258217,0.742603550295858
7506,0.7508,1,0,1,604305,1305,104192,3764,0.012088258179258217,0.742552771749852
7507,0.7509,3,1,3,604306,1304,104195,3761,0.012078995146170663,0.7425468904244817
7508,0.751,3,2,3,604308,1302,104198,3758,0.012060469079995554,0.7426877470355732
7509,0.7511,1,2,1,604310,1300,104199,3757,0.012041943013820446,0.7429305912596401
7510,0.7512,7,1,7,604311,1299,104206,3750,0.012032679980732892,0.7427213309566251
7511,0.7513,6,1,6,604312,1298,104212,3744,0.012023416947645338,0.7425624752082507
7512,0.7514,2,1,2,604313,1297,104214,3742,0.012014153914557783,0.7426076602500497
7513,0.7515,5,0,5,604313,1297,104219,3737,0.012014153914557783,0.7423520063567739
7514,0.7516,3,0,3,604313,1297,104222,3734,0.012014153914557783,0.7421983701053468
7515,0.7517,4,2,4,604315,1295,104226,3730,0.011995627848382675,0.7422885572139304
7516,0.7518,6,1,6,604316,1294,104232,3724,0.01198636481529512,0.7421283379832603
7517,0.7519,4,2,4,604318,1292,104236,3720,0.011967838749120012,0.7422186751795691
7518,0.752,5,1,5,604319,1291,104241,3715,0.011958575716032458,0.7421094686376348
7519,0.7521,3,2,3,604321,1289,104244,3712,0.01194004964985735,0.742251549690062
7520,0.7522,4,1,4,604322,1288,104248,3708,0.011930786616769795,0.7421937550040032
7521,0.7523,1,0,1,604322,1288,104249,3707,0.011930786616769795,0.7421421421421421
7522,0.7524,2,1,2,604323,1287,104251,3705,0.011921523583682241,0.7421875
7523,0.7525,4,2,4,604325,1285,104255,3701,0.011902997517507133,0.742278379462495
7524,0.7526,5,2,5,604327,1283,104260,3696,0.011884471451332024,0.7423177344848363
7525,0.7527,1,1,1,604328,1282,104261,3695,0.01187520841824447,0.7424151095037171
7526,0.7528,2,1,2,604329,1281,104263,3693,0.011865945385156916,0.7424607961399277
7527,0.7529,5,0,5,604329,1281,104268,3688,0.011865945385156916,0.7422016502314349
7528,0.753,1,0,1,604329,1281,104269,3687,0.011865945385156916,0.7421497584541062
7529,0.7531,4,1,4,604330,1280,104273,3683,0.011856682352069362,0.7420914769292767
7530,0.7532,2,3,2,604333,1277,104275,3681,0.0118288932528067,0.7424364663170633
7531,0.7533,4,3,4,604336,1274,104279,3677,0.011801104153544037,0.7426782468188244
7532,0.7534,7,0,7,604336,1274,104286,3670,0.011801104153544037,0.7423139158576052
7533,0.7535,4,2,4,604338,1272,104290,3666,0.011782578087368928,0.7424058323207776
7534,0.7536,3,3,3,604341,1269,104293,3663,0.011754788988106266,0.7427007299270073
7535,0.7537,4,4,4,604345,1265,104297,3659,0.011717736855756049,0.7430950446791227
7536,0.7538,5,1,5,604346,1264,104302,3654,0.011708473822668495,0.7429849532330216
7537,0.7539,2,2,2,604348,1262,104304,3652,0.011689947756493386,0.7431827431827431
7538,0.754,4,2,4,604350,1260,104308,3648,0.011671421690318278,0.7432762836185819
7539,0.7541,1,0,1,604350,1260,104309,3647,0.011671421690318278,0.7432239657631954
7540,0.7542,7,0,7,604350,1260,104316,3640,0.011671421690318278,0.7428571428571429
7541,0.7543,1,3,1,604353,1257,104317,3639,0.011643632591055615,0.7432598039215687
7542,0.7544,7,0,7,604353,1257,104324,3632,0.011643632591055615,0.7428922069952956
7543,0.7545,2,1,2,604354,1256,104326,3630,0.011634369557968061,0.7429390094146541
7544,0.7546,5,1,5,604355,1255,104331,3625,0.011625106524880507,0.742827868852459
7545,0.7547,1,4,1,604359,1251,104332,3624,0.01158805439253029,0.7433846153846154
7546,0.7548,4,0,4,604359,1251,104336,3620,0.01158805439253029,0.7431738862656538
7547,0.7549,3,4,3,604363,1247,104339,3617,0.011551002260180073,0.7436266447368421
7548,0.755,5,1,5,604364,1246,104344,3612,0.011541739227092519,0.7435158501440923
7549,0.7551,1,0,1,604364,1246,104345,3611,0.011541739227092519,0.7434630430306773
7550,0.7552,1,5,1,604369,1241,104346,3610,0.011495424061654748,0.7441764584621727
7551,0.7553,8,1,8,604370,1240,104354,3602,0.011486161028567194,0.7439074762494837
7552,0.7554,5,0,5,604370,1240,104359,3597,0.011486161028567194,0.7436427537729998
7553,0.7555,3,2,3,604372,1238,104362,3594,0.011467634962392085,0.7437913907284768
7554,0.7556,4,3,4,604375,1235,104366,3590,0.011439845863129423,0.7440414507772021
7555,0.7557,1,0,1,604375,1235,104367,3589,0.011439845863129423,0.7439883913764511
7556,0.7558,6,2,6,604377,1233,104373,3583,0.011421319796954314,0.7439784053156147
7557,0.7559,2,3,2,604380,1230,104375,3581,0.011393530697691652,0.7443358969029308
7558,0.756,5,0,5,604380,1230,104380,3576,0.011393530697691652,0.7440699126092385
7559,0.7561,5,1,5,604381,1229,104385,3571,0.011384267664604097,0.7439583333333334
7560,0.7562,8,3,8,604384,1226,104393,3563,0.011356478565341435,0.7439966590102318
7561,0.7563,3,0,3,604384,1226,104396,3560,0.011356478565341435,0.7438361888842457
7562,0.7564,3,1,3,604385,1225,104399,3557,0.01134721553225388,0.7438310330405687
7563,0.7565,5,1,5,604386,1224,104404,3552,0.011337952499166326,0.7437185929648241
7564,0.7566,1,1,1,604387,1223,104405,3551,0.011328689466078772,0.7438206954335986
7565,0.7567,4,2,4,604389,1221,104409,3547,0.011310163399903664,0.7439177852348994
7566,0.7568,2,2,2,604391,1219,104411,3545,0.011291637333728555,0.7441225860621327
7567,0.7569,7,0,7,604391,1219,104418,3538,0.011291637333728555,0.7437460584401934
7568,0.757,3,0,3,604391,1219,104421,3535,0.011291637333728555,0.743584350021035
7569,0.7571,5,2,5,604393,1217,104426,3530,0.011273111267553447,0.7436275542447862
7570,0.7572,5,2,5,604395,1215,104431,3525,0.011254585201378339,0.7436708860759493
7571,0.7573,4,4,4,604399,1211,104435,3521,0.011217533069028122,0.7440828402366864
7572,0.7574,2,0,2,604399,1211,104437,3519,0.011217533069028122,0.7439746300211416
7573,0.7575,3,1,3,604400,1210,104440,3516,0.011208270035940568,0.7439695302581464
7574,0.7576,1,4,1,604404,1206,104441,3515,0.01117121790359035,0.7445456471086634
7575,0.7577,6,2,6,604406,1204,104447,3509,0.011152691837415244,0.744536388712073
7576,0.7578,6,4,6,604410,1200,104453,3503,0.011115639705065027,0.7448437167765256
7577,0.7579,3,3,3,604413,1197,104456,3500,0.011087850605802365,0.7451564828614009
7578,0.758,4,2,4,604415,1195,104460,3496,0.011069324539627256,0.7452568748667662
7579,0.7581,7,2,7,604417,1193,104467,3489,0.011050798473452148,0.745194361384024
7580,0.7582,1,2,1,604419,1191,104468,3488,0.01103227240727704,0.7454584312887369
7581,0.7583,3,1,3,604420,1190,104471,3485,0.011023009374189485,0.7454545454545455
7582,0.7584,6,1,6,604421,1189,104477,3479,0.011013746341101931,0.74528706083976
7583,0.7585,2,2,2,604423,1187,104479,3477,0.010995220274926823,0.7454974271012007
7584,0.7586,4,2,4,604425,1185,104483,3473,0.010976694208751714,0.7455989695148132
7585,0.7587,6,2,6,604427,1183,104489,3467,0.010958168142576606,0.7455913978494624
7586,0.7588,6,2,6,604429,1181,104495,3461,0.010939642076401497,0.7455838000861698
7587,0.7589,5,3,5,604432,1178,104500,3456,0.010911852977138835,0.7457919723780752
7588,0.759,1,2,1,604434,1176,104501,3455,0.010893326910963726,0.7460591664867199
7589,0.7591,5,1,5,604435,1175,104506,3450,0.010884063877876172,0.745945945945946
7590,0.7592,2,2,2,604437,1173,104508,3448,0.010865537811701064,0.7461588400779052
7591,0.7593,8,1,8,604438,1172,104516,3440,0.01085627477861351,0.7458803122289679
7592,0.7594,9,3,9,604441,1169,104525,3431,0.010828485679350847,0.7458695652173913
7593,0.7595,6,0,6,604441,1169,104531,3425,0.010828485679350847,0.7455376578145407
7594,0.7596,7,1,7,604442,1168,104538,3418,0.010819222646263293,0.7453118185782818
7595,0.7597,8,1,8,604443,1167,104546,3410,0.010809959613175739,0.7450294953026
7596,0.7598,0,1,0,604444,1166,104546,3410,0.010800696580088184,0.7451923076923077
7597,0.7599,7,2,7,604446,1164,104553,3403,0.010782170513913076,0.7451280928399386
7598,0.76,3,0,3,604446,1164,104556,3400,0.010782170513913076,0.7449605609114811
7599,0.7601,2,2,2,604448,1162,104558,3398,0.010763644447737968,0.7451754385964913
7600,0.7602,6,0,6,604448,1162,104564,3392,0.010763644447737968,0.7448397013614405
7601,0.7603,2,3,2,604451,1159,104566,3390,0.010735855348475305,0.7452187293910749
7602,0.7604,4,1,4,604452,1158,104570,3386,0.01072659231538775,0.7451584507042254
7603,0.7605,3,2,3,604454,1156,104573,3383,0.010708066249212642,0.7453183520599251
7604,0.7606,5,1,5,604455,1155,104578,3378,0.010698803216125088,0.7452018530774321
7605,0.7607,2,4,2,604459,1151,104580,3376,0.010661751083774871,0.745747735807378
7606,0.7608,4,1,4,604460,1150,104584,3372,0.010652488050687317,0.745687748783724
7607,0.7609,4,1,4,604461,1149,104588,3368,0.010643225017599763,0.7456276289572725
7608,0.761,5,0,5,604461,1149,104593,3363,0.010643225017599763,0.745345744680851
7609,0.7611,7,0,7,604461,1149,104600,3356,0.010643225017599763,0.7449500554938957
7610,0.7612,3,2,3,604463,1147,104603,3353,0.010624698951424654,0.7451111111111111
7611,0.7613,2,1,2,604464,1146,104605,3351,0.0106154359183371,0.7451634422948632
7612,0.7614,3,4,3,604468,1142,104608,3348,0.010578383785986883,0.7456570155902005
7613,0.7615,8,3,8,604471,1139,104616,3340,0.01055059468672422,0.7457021656619781
7614,0.7616,3,2,3,604473,1137,104619,3337,0.010532068620549112,0.7458649977648637
7615,0.7617,4,3,4,604476,1134,104623,3333,0.01050427952128645,0.7461383478844862
7616,0.7618,3,2,3,604478,1132,104626,3330,0.010485753455111341,0.7463021066786194
7617,0.7619,3,0,3,604478,1132,104629,3327,0.010485753455111341,0.7461314196008073
7618,0.762,2,0,2,604478,1132,104631,3325,0.010485753455111341,0.7460175005609154
7619,0.7621,6,1,6,604479,1131,104637,3319,0.010476490422023787,0.7458426966292134
7620,0.7622,3,1,3,604480,1130,104640,3316,0.010467227388936233,0.7458389563652722
7621,0.7623,5,0,5,604480,1130,104645,3311,0.010467227388936233,0.7455528034226525
7622,0.7624,9,1,9,604481,1129,104654,3302,0.010457964355848679,0.7452042428345745
7623,0.7625,4,0,4,604481,1129,104658,3298,0.010457964355848679,0.7449740230404337
7624,0.7626,0,2,0,604483,1127,104658,3298,0.01043943828967357,0.7453107344632769
7625,0.7627,5,2,5,604485,1125,104663,3293,0.010420912223498462,0.7453598913535536
7626,0.7628,2,3,2,604488,1122,104665,3291,0.0103931231242358,0.7457511896668932
7627,0.763,3,4,3,604492,1118,104668,3288,0.010356070991885583,0.746255106672719
7628,0.7631,3,0,3,604492,1118,104671,3285,0.010356070991885583,0.7460822166704519
7629,0.7632,7,1,7,604493,1117,104678,3278,0.010346807958798028,0.7458475540386803
7630,0.7633,5,0,5,604493,1117,104683,3273,0.010346807958798028,0.7455580865603645
7631,0.7634,3,1,3,604494,1116,104686,3270,0.010337544925710474,0.7455540355677155
7632,0.7635,3,2,3,604496,1114,104689,3267,0.010319018859535366,0.7457201552157042
7633,0.7636,3,3,3,604499,1111,104692,3264,0.010291229760272703,0.7460571428571429
7634,0.7637,6,2,6,604501,1109,104698,3258,0.010272703694097595,0.7460499198534463
7635,0.7638,7,1,7,604502,1108,104705,3251,0.01026344066101004,0.7458132599220004
7636,0.7639,9,0,9,604502,1108,104714,3242,0.01026344066101004,0.7452873563218391
7637,0.764,3,2,3,604504,1106,104717,3239,0.010244914594834932,0.7454545454545455
7638,0.7641,4,0,4,604504,1106,104721,3235,0.010244914594834932,0.7452199953927666
7639,0.7642,4,1,4,604505,1105,104725,3231,0.010235651561747378,0.7451568265682657
7640,0.7643,3,2,3,604507,1103,104728,3228,0.01021712549557227,0.745324405449088
7641,0.7644,3,0,3,604507,1103,104731,3225,0.01021712549557227,0.7451478743068392
7642,0.7645,5,0,5,604507,1103,104736,3220,0.01021712549557227,0.744853111265325
7643,0.7646,6,3,6,604510,1100,104742,3214,0.010189336396309607,0.7450162262401484
7644,0.7647,3,4,3,604514,1096,104745,3211,0.01015228426395939,0.7455305316925934
7645,0.7648,6,2,6,604516,1094,104751,3205,0.010133758197784282,0.745522214468481
7646,0.7649,6,2,6,604518,1092,104757,3199,0.010115232131609173,0.7455138662316476
7647,0.765,5,0,5,604518,1092,104762,3194,0.010115232131609173,0.7452169855342977
7648,0.7651,5,0,5,604518,1092,104767,3189,0.010115232131609173,0.7449194113524877
7649,0.7652,1,0,1,604518,1092,104768,3188,0.010115232131609173,0.7448598130841122
7650,0.7653,1,1,1,604519,1091,104769,3187,0.01010596909852162,0.7449742870500233
7651,0.7654,2,3,2,604522,1088,104771,3185,0.010078179999258958,0.7453779545986426
7652,0.7655,1,1,1,604523,1087,104772,3184,0.010068916966171404,0.7454928588152657
7653,0.7656,6,1,6,604524,1086,104778,3178,0.01005965393308385,0.7453095684803002
7654,0.7657,1,1,1,604525,1085,104779,3177,0.010050390899996296,0.7454246832473017
7655,0.7658,1,3,1,604528,1082,104780,3176,0.010022601800733633,0.7458900892437764
7656,0.7659,4,2,4,604530,1080,104784,3172,0.010004075734558525,0.7460018814675446
7657,0.766,1,1,1,604531,1079,104785,3171,0.00999481270147097,0.7461176470588236
7658,0.7661,1,2,1,604533,1077,104786,3170,0.009976286635295862,0.7464092300447375
7659,0.7662,2,4,2,604537,1073,104788,3168,0.009939234502945645,0.7469936335769866
7660,0.7663,5,0,5,604537,1073,104793,3163,0.009939234502945645,0.7466949952785646
7661,0.7664,4,2,4,604539,1071,104797,3159,0.009920708436770537,0.7468085106382979
7662,0.7665,2,2,2,604541,1069,104799,3157,0.009902182370595428,0.7470421202082347
7663,0.7666,1,2,1,604543,1067,104800,3156,0.00988365630442032,0.7473360170494909
7664,0.7667,3,2,3,604545,1065,104803,3153,0.009865130238245211,0.7475106685633002
7665,0.7668,5,1,5,604546,1064,104808,3148,0.009855867205157657,0.7473884140550807
7666,0.7669,2,0,2,604546,1064,104810,3146,0.009855867205157657,0.7472684085510689
7667,0.767,2,2,2,604548,1062,104812,3144,0.009837341138982549,0.7475035663338089
7668,0.7671,2,2,2,604550,1060,104814,3142,0.00981881507280744,0.7477391718229415
7669,0.7672,4,1,4,604551,1059,104818,3138,0.009809552039719886,0.7476769120800572
7670,0.7673,1,0,1,604551,1059,104819,3137,0.009809552039719886,0.7476167778836987
7671,0.7674,4,0,4,604551,1059,104823,3133,0.009809552039719886,0.7473759541984732
7672,0.7675,2,2,2,604553,1057,104825,3131,0.009791025973544778,0.7476122254059216
7673,0.7676,2,0,2,604553,1057,104827,3129,0.009791025973544778,0.7474916387959866
7674,0.7677,4,2,4,604555,1055,104831,3125,0.00977249990736967,0.7476076555023924
7675,0.7678,2,0,2,604555,1055,104833,3123,0.00977249990736967,0.747486835806606
7676,0.7679,6,0,6,604555,1055,104839,3117,0.00977249990736967,0.74712368168744
7677,0.768,5,0,5,604555,1055,104844,3112,0.00977249990736967,0.7468202543796496
7678,0.7681,3,0,3,604555,1055,104847,3109,0.00977249990736967,0.7466378482228626
7679,0.7682,3,1,3,604556,1054,104850,3106,0.009763236874282115,0.7466346153846154
7680,0.7683,7,0,7,604556,1054,104857,3099,0.009763236874282115,0.7462075607994221
7681,0.7684,5,3,5,604559,1051,104862,3094,0.009735447775019453,0.7464414957780459
7682,0.7685,0,1,0,604560,1050,104862,3094,0.009726184741931898,0.7466216216216216
7683,0.7686,3,0,3,604560,1050,104865,3091,0.009726184741931898,0.7464380584399903
7684,0.7687,4,3,4,604563,1047,104869,3087,0.009698395642669236,0.7467343976777939
7685,0.7688,3,1,3,604564,1046,104872,3084,0.009689132609581682,0.7467312348668281
7686,0.7689,1,0,1,604564,1046,104873,3083,0.009689132609581682,0.7466698958585614
7687,0.769,4,5,4,604569,1041,104877,3079,0.00964281744414391,0.7473300970873786
7688,0.7691,3,1,3,604570,1040,104880,3076,0.009633554411056356,0.7473275024295433
7689,0.7692,6,1,6,604571,1039,104886,3070,0.009624291377968802,0.747140423460696
7690,0.7693,1,3,1,604574,1036,104887,3069,0.00959650227870614,0.7476248477466504
7691,0.7694,3,0,3,604574,1036,104890,3066,0.00959650227870614,0.7474402730375427
7692,0.7695,2,1,2,604575,1035,104892,3064,0.009587239245618585,0.7474993900951452
7693,0.7696,2,2,2,604577,1033,104894,3062,0.009568713179443477,0.7477411477411477
7694,0.7697,3,1,3,604578,1032,104897,3059,0.009559450146355923,0.7477389391346859
7695,0.7698,2,1,2,604579,1031,104899,3057,0.009550187113268369,0.74779843444227
7696,0.7699,5,1,5,604580,1030,104904,3052,0.009540924080180814,0.7476727094561489
7697,0.77,2,0,2,604580,1030,104906,3050,0.009540924080180814,0.7475490196078431
7698,0.7701,3,1,3,604581,1029,104909,3047,0.00953166104709326,0.7475466143277724
7699,0.7702,3,1,3,604582,1028,104912,3044,0.009522398014005706,0.7475442043222004
7700,0.7703,4,2,4,604584,1026,104916,3040,0.009503871947830598,0.7476635514018691
7701,0.7704,3,1,3,604585,1025,104919,3037,0.009494608914743043,0.7476612506154604
7702,0.7705,2,0,2,604585,1025,104921,3035,0.009494608914743043,0.7475369458128078
7703,0.7706,2,0,2,604585,1025,104923,3033,0.009494608914743043,0.7474125184820108
7704,0.7707,1,2,1,604587,1023,104924,3032,0.009476082848567935,0.7477188655980271
7705,0.7708,3,2,3,604589,1021,104927,3029,0.009457556782392827,0.7479012345679013
7706,0.7709,2,0,2,604589,1021,104929,3027,0.009457556782392827,0.7477766798418972
7707,0.771,2,1,2,604590,1020,104931,3025,0.009448293749305272,0.7478368355995055
7708,0.7711,6,1,6,604591,1019,104937,3019,0.009439030716217718,0.7476473501733532
7709,0.7712,4,3,4,604594,1016,104941,3015,0.009411241616955055,0.747953361448772
7710,0.7713,4,3,4,604597,1013,104945,3011,0.009383452517692393,0.7482604373757455
7711,0.7714,7,2,7,604599,1011,104952,3004,0.009364926451517284,0.7481942714819427
7712,0.7715,3,1,3,604600,1010,104955,3001,0.00935566341842973,0.7481924707055597
7713,0.7716,3,0,3,604600,1010,104958,2998,0.00935566341842973,0.748003992015968
7714,0.7717,5,2,5,604602,1008,104963,2993,0.009337137352254622,0.7480629842539365
7715,0.7718,4,1,4,604603,1007,104967,2989,0.009327874319167068,0.747997997997998
7716,0.7719,4,1,4,604604,1006,104971,2985,0.009318611286079513,0.7479328489100476
7717,0.772,4,1,4,604605,1005,104975,2981,0.00930934825299196,0.7478675363773206
7718,0.7721,5,2,5,604607,1003,104980,2976,0.00929082218681685,0.7479266147273185
7719,0.7722,1,0,1,604607,1003,104981,2975,0.00929082218681685,0.7478632478632479
7720,0.7723,6,0,6,604607,1003,104987,2969,0.00929082218681685,0.7474823766364552
7721,0.7724,6,1,6,604608,1002,104993,2963,0.009281559153729297,0.7472887767969735
7722,0.7725,4,3,4,604611,999,104997,2959,0.009253770054466634,0.747599797877716
7723,0.7726,4,2,4,604613,997,105001,2955,0.009235243988291526,0.7477226720647774
7724,0.7727,4,1,4,604614,996,105005,2951,0.009225980955203971,0.7476564479351406
7725,0.7728,3,0,3,604614,996,105008,2948,0.009225980955203971,0.7474645030425964
7726,0.7729,3,0,3,604614,996,105011,2945,0.009225980955203971,0.7472722659223547
7727,0.773,2,0,2,604614,996,105013,2943,0.009225980955203971,0.7471439451637472
7728,0.7731,5,1,5,604615,995,105018,2938,0.009216717922116417,0.7470124586829392
7729,0.7732,3,5,3,604620,990,105021,2935,0.009170402756678646,0.7477707006369426
7730,0.7733,5,1,5,604621,989,105026,2930,0.009161139723591092,0.747639704006124
7731,0.7734,5,0,5,604621,989,105031,2925,0.009161139723591092,0.7473173224322943
7732,0.7735,4,3,4,604624,986,105035,2921,0.00913335062432843,0.7476324545687228
7733,0.7736,2,2,2,604626,984,105037,2919,0.009114824558153321,0.7478862413528056
7734,0.7737,5,1,5,604627,983,105042,2914,0.009105561525065767,0.7477546830895561
7735,0.7738,5,1,5,604628,982,105047,2909,0.009096298491978213,0.7476227190953483
7736,0.7739,2,1,2,604629,981,105049,2907,0.009087035458890658,0.7476851851851852
7737,0.774,5,0,5,604629,981,105054,2902,0.009087035458890658,0.7473602884367757
7738,0.7741,4,4,4,604633,977,105058,2898,0.009049983326540442,0.7478709677419355
7739,0.7742,2,1,2,604634,976,105060,2896,0.009040720293452889,0.7479338842975206
7740,0.7743,9,4,9,604638,972,105069,2887,0.009003668161102672,0.7481212749416948
7741,0.7744,5,0,5,604638,972,105074,2882,0.009003668161102672,0.7477944992215879
7742,0.7745,3,2,3,604640,970,105077,2879,0.008985142094927564,0.7479864899974019
7743,0.7746,2,0,2,604640,970,105079,2877,0.008985142094927564,0.7478554717962048
7744,0.7747,1,3,1,604643,967,105080,2876,0.008957352995664901,0.7483736664064533
7745,0.7748,3,0,3,604643,967,105083,2873,0.008957352995664901,0.7481770833333333
7746,0.7749,4,2,4,604645,965,105087,2869,0.008938826929489793,0.7483046426708398
7747,0.775,6,1,6,604646,964,105093,2863,0.008929563896402239,0.748105565717272
7748,0.7751,3,1,3,604647,963,105096,2860,0.008920300863314684,0.7481035835731101
7749,0.7752,4,0,4,604647,963,105100,2856,0.008920300863314684,0.7478397486252946
7750,0.7753,2,1,2,604648,962,105102,2854,0.00891103783022713,0.7479035639412998
7751,0.7754,3,2,3,604650,960,105105,2851,0.008892511764052022,0.748097612175282
7752,0.7755,1,2,1,604652,958,105106,2850,0.008873985697876913,0.7484243697478992
7753,0.7756,2,1,2,604653,957,105108,2848,0.00886472266478936,0.7484888304862024
7754,0.7757,2,1,2,604654,956,105110,2846,0.008855459631701805,0.7485533929510784
7755,0.7758,1,4,1,604658,952,105111,2845,0.008818407499351588,0.7492757440084277
7756,0.7759,4,2,4,604660,950,105115,2841,0.00879988143317648,0.7494064890530203
7757,0.776,3,1,3,604661,949,105118,2838,0.008790618400088926,0.7494058621600211
7758,0.7761,5,1,5,604662,948,105123,2833,0.008781355367001371,0.7492726791854006
7759,0.7762,3,1,3,604663,947,105126,2830,0.008772092333913817,0.7492719089224252
7760,0.7763,4,0,4,604663,947,105130,2826,0.008772092333913817,0.7490060959448714
7761,0.7764,4,1,4,604664,946,105134,2822,0.008762829300826263,0.7489384288747346
7762,0.7765,4,2,4,604666,944,105138,2818,0.008744303234651155,0.7490696438064859
7763,0.7766,3,0,3,604666,944,105141,2815,0.008744303234651155,0.7488693801542964
7764,0.7767,2,1,2,604667,943,105143,2813,0.0087350402015636,0.7489350372736954
7765,0.7768,2,1,2,604668,942,105145,2811,0.008725777168476046,0.7490007993605116
7766,0.7769,7,2,7,604670,940,105152,2804,0.008707251102300938,0.7489316239316239
7767,0.777,4,0,4,604670,940,105156,2800,0.008707251102300938,0.7486631016042781
7768,0.7771,3,3,3,604673,937,105159,2797,0.008679462003038275,0.7490626673808248
7769,0.7772,4,2,4,604675,935,105163,2793,0.008660935936863167,0.7491952789699571
7770,0.7773,4,4,4,604679,931,105167,2789,0.00862388380451295,0.749731182795699
7771,0.7774,3,3,3,604682,928,105170,2786,0.008596094705250287,0.7501346257404415
7772,0.7775,6,1,6,604683,927,105176,2780,0.008586831672162733,0.7499325600215808
7773,0.7776,6,1,6,604684,926,105182,2774,0.008577568639075179,0.7497297297297297
7774,0.7777,2,2,2,604686,924,105184,2772,0.00855904257290007,0.75
7775,0.7778,3,1,3,604687,923,105187,2769,0.008549779539812516,0.75
7776,0.7779,4,2,4,604689,921,105191,2765,0.008531253473637408,0.7501356483993489
7777,0.778,4,5,4,604694,916,105195,2761,0.008484938308199637,0.750883872722328
7778,0.7781,2,5,2,604699,911,105197,2759,0.008438623142761866,0.7517711171662126
7779,0.7782,2,1,2,604700,910,105199,2757,0.008429360109674312,0.7518407417507499
7780,0.7783,6,1,6,604701,909,105205,2751,0.008420097076586757,0.7516393442622951
7781,0.7784,4,0,4,604701,909,105209,2747,0.008420097076586757,0.7513676148796499
7782,0.7785,3,2,3,604703,907,105212,2744,0.008401571010411649,0.7515749109832922
7783,0.7786,5,2,5,604705,905,105217,2739,0.00838304494423654,0.7516465422612514
7784,0.7787,0,3,0,604708,902,105217,2739,0.008355255844973878,0.7522658610271903
7785,0.7788,6,2,6,604710,900,105223,2733,0.00833672977879877,0.7522708505367465
7786,0.7789,2,2,2,604712,898,105225,2731,0.008318203712623661,0.7525489115458804
7787,0.779,2,1,2,604713,897,105227,2729,0.008308940679536107,0.7526199669056812
7788,0.7791,1,1,1,604714,896,105228,2728,0.008299677646448553,0.7527593818984547
7789,0.7792,2,2,2,604716,894,105230,2726,0.008281151580273444,0.7530386740331492
7790,0.7793,3,2,3,604718,892,105233,2723,0.008262625514098336,0.7532503457814661
7791,0.7794,2,0,2,604718,892,105235,2721,0.008262625514098336,0.7531137558815388
7792,0.7795,6,2,6,604720,890,105241,2715,0.008244099447923228,0.753120665742025
7793,0.7796,2,2,2,604722,888,105243,2713,0.00822557338174812,0.7534018328242155
7794,0.7797,3,2,3,604724,886,105246,2710,0.00820704731557301,0.753615127919911
7795,0.7798,5,0,5,604724,886,105251,2705,0.00820704731557301,0.7532720690615428
7796,0.7799,5,2,5,604726,884,105256,2700,0.008188521249397902,0.7533482142857143
7797,0.78,6,0,6,604726,884,105262,2694,0.008188521249397902,0.7529346003353828
7798,0.7801,4,1,4,604727,883,105266,2690,0.008179258216310348,0.7528687377553877
7799,0.7802,4,0,4,604727,883,105270,2686,0.008179258216310348,0.752591762398431
7800,0.7803,1,2,1,604729,881,105271,2685,0.00816073215013524,0.7529444756029164
7801,0.7804,2,1,2,604730,880,105273,2683,0.008151469117047686,0.7530171204041538
7802,0.7805,4,1,4,604731,879,105277,2679,0.008142206083960131,0.7529510961214165
7803,0.7806,8,3,8,604734,876,105285,2671,0.008114416984697469,0.7530307301945306
7804,0.7807,2,2,2,604736,874,105287,2669,0.00809589091852236,0.7533163985323172
7805,0.7808,4,0,4,604736,874,105291,2665,0.00809589091852236,0.7530375812376378
7806,0.7809,6,1,6,604737,873,105297,2659,0.008086627885434806,0.7528312570781427
7807,0.781,3,1,3,604738,872,105300,2656,0.008077364852347252,0.7528344671201814
7808,0.7811,2,3,2,604741,869,105302,2654,0.00804957575308459,0.7533352256599489
7809,0.7812,0,3,0,604744,866,105302,2654,0.008021786653821927,0.7539772727272728
7810,0.7813,4,1,4,604745,865,105306,2650,0.008012523620734372,0.7539118065433855
7811,0.7814,3,1,3,604746,864,105309,2647,0.008003260587646818,0.7539162631728852
7812,0.7815,0,3,0,604749,861,105309,2647,0.007975471488384157,0.7545610034207526
7813,0.7816,2,0,2,604749,861,105311,2645,0.007975471488384157,0.7544209925841415
7814,0.7817,1,0,1,604749,861,105312,2644,0.007975471488384157,0.7543509272467903
7815,0.7818,4,0,4,604749,861,105316,2640,0.007975471488384157,0.7540702656383891
7816,0.7819,4,1,4,604750,860,105320,2636,0.007966208455296603,0.7540045766590389
7817,0.782,2,2,2,604752,858,105322,2634,0.007947682389121495,0.7542955326460481
7818,0.7821,5,1,5,604753,857,105327,2629,0.00793841935603394,0.7541594951233506
7819,0.7822,2,2,2,604755,855,105329,2627,0.007919893289858832,0.7544514646754739
7820,0.7823,7,1,7,604756,854,105336,2620,0.007910630256771278,0.7541738629821532
7821,0.7824,4,2,4,604758,852,105340,2616,0.00789210419059617,0.754325259515571
7822,0.7825,5,1,5,604759,851,105345,2611,0.007882841157508615,0.7541883304448296
7823,0.7826,1,2,1,604761,849,105346,2610,0.007864315091333507,0.7545533391153513
7824,0.7827,4,1,4,604762,848,105350,2606,0.007855052058245953,0.7544875506658946
7825,0.7828,2,1,2,604763,847,105352,2604,0.007845789025158399,0.7545638945233266
7826,0.7829,6,0,6,604763,847,105358,2598,0.007845789025158399,0.7541364296081278
7827,0.783,4,0,4,604763,847,105362,2594,0.007845789025158399,0.7538506248183667
7828,0.7831,5,3,5,604766,844,105367,2589,0.007817999925895736,0.7541508884357705
7829,0.7832,4,5,4,604771,839,105371,2585,0.007771684760457964,0.7549649532710281
7830,0.7833,0,1,0,604772,838,105371,2585,0.00776242172737041,0.7551855097867368
7831,0.7834,4,2,4,604774,836,105375,2581,0.007743895661195301,0.755340942347088
7832,0.7836,3,2,3,604776,834,105378,2578,0.007725369595020193,0.7555685814771395
7833,0.7837,5,1,5,604777,833,105383,2573,0.007716106561932639,0.7554315913094539
7834,0.7838,4,3,4,604780,830,105387,2569,0.007688317462669977,0.7558105325095617
7835,0.7839,1,2,1,604782,828,105388,2568,0.007669791396494869,0.7561837455830389
7836,0.784,4,1,4,604783,827,105392,2564,0.0076605283634073144,0.7561191388970805
7837,0.7841,2,2,2,604785,825,105394,2562,0.007642002297232206,0.7564216120460585
7838,0.7842,0,1,0,604786,824,105394,2562,0.007632739264144652,0.7566450088600118
7839,0.7843,7,2,7,604788,822,105401,2555,0.007614213197969543,0.7565886881847794
7840,0.7844,3,0,3,604788,822,105404,2552,0.007614213197969543,0.7563722584469472
7841,0.7845,8,0,8,604788,822,105412,2544,0.007614213197969543,0.7557932263814616
7842,0.7846,2,2,2,604790,820,105414,2542,0.007595687131794435,0.7560975609756098
7843,0.7847,1,1,1,604791,819,105415,2541,0.007586424098706881,0.75625
7844,0.7848,3,1,3,604792,818,105418,2538,0.007577161065619327,0.7562574493444577
7845,0.7849,5,3,5,604795,815,105423,2533,0.007549371966356664,0.7565710872162486
7846,0.785,0,1,0,604796,814,105423,2533,0.00754010893326911,0.7567971317597849
7847,0.7851,1,0,1,604796,814,105424,2532,0.00754010893326911,0.7567244471010162
7848,0.7852,4,1,4,604797,813,105428,2528,0.007530845900181556,0.7566596827297216
7849,0.7853,4,3,4,604800,810,105432,2524,0.007503056800918893,0.7570485902819436
7850,0.7854,3,2,3,604802,808,105435,2521,0.0074845307347437846,0.757284469810754
7851,0.7855,4,1,4,604803,807,105439,2517,0.00747526770165623,0.7572202166064982
7852,0.7856,3,1,3,604804,806,105442,2514,0.007466004668568676,0.7572289156626506
7853,0.7857,2,4,2,604808,802,105444,2512,0.007428952536218459,0.7579963789981895
7854,0.7858,1,1,1,604809,801,105445,2511,0.007419689503130905,0.7581521739130435
7855,0.7859,4,0,4,604809,801,105449,2507,0.007419689503130905,0.7578597339782346
7856,0.786,1,1,1,604810,800,105450,2506,0.007410426470043351,0.7580157289776165
7857,0.7861,3,3,3,604813,797,105453,2503,0.007382637370780688,0.7584848484848485
7858,0.7862,6,0,6,604813,797,105459,2497,0.007382637370780688,0.7580449301760778
7859,0.7863,3,1,3,604814,796,105462,2494,0.007373374337693134,0.7580547112462006
7860,0.7864,1,3,1,604817,793,105463,2493,0.0073455852384304715,0.7586731588557517
7861,0.7865,3,3,3,604820,790,105466,2490,0.007317796139167809,0.7591463414634146
7862,0.7866,1,0,1,604820,790,105467,2489,0.007317796139167809,0.7590728880756328
7863,0.7867,2,1,2,604821,789,105469,2487,0.007308533106080255,0.7591575091575091
7864,0.7868,1,2,1,604823,787,105470,2486,0.007290007039905146,0.7595478154598228
7865,0.7869,4,3,4,604826,784,105474,2482,0.007262217940642484,0.7599510104102878
7866,0.787,3,0,3,604826,784,105477,2479,0.007262217940642484,0.7597303095311063
7867,0.7871,3,4,3,604830,780,105480,2476,0.007225165808292267,0.7604422604422605
7868,0.7872,2,2,2,604832,778,105482,2474,0.0072066397421171585,0.7607626076260763
7869,0.7873,5,1,5,604833,777,105487,2469,0.007197376709029604,0.7606284658040665
7870,0.7874,3,1,3,604834,776,105490,2466,0.00718811367594205,0.7606415792720543
7871,0.7875,5,3,5,604837,773,105495,2461,0.007160324576679388,0.7609771181199753
7872,0.7876,4,2,4,604839,771,105499,2457,0.00714179851050428,0.7611524163568774
7873,0.7878,1,2,1,604841,769,105500,2456,0.0071232724443291715,0.7615503875968992
7874,0.7879,6,0,6,604841,769,105506,2450,0.0071232724443291715,0.7611059335197267
7875,0.788,2,1,2,604842,768,105508,2448,0.007114009411241617,0.7611940298507462
7876,0.7881,4,0,4,604842,768,105512,2444,0.007114009411241617,0.7608966376089664
7877,0.7882,3,5,3,604847,763,105515,2441,0.007067694245803846,0.7618601747815231
7878,0.7883,0,1,0,604848,762,105515,2441,0.007058431212716292,0.7620980330939744
7879,0.7884,5,1,5,604849,761,105520,2436,0.007049168179628738,0.7619643415702221
7880,0.7885,3,2,3,604851,759,105523,2433,0.0070306421134536294,0.7622180451127819
7881,0.7886,4,0,4,604851,759,105527,2429,0.0070306421134536294,0.7619196988707654
7882,0.7887,3,0,3,604851,759,105530,2426,0.0070306421134536294,0.7616954474097332
7883,0.7888,4,1,4,604852,758,105534,2422,0.007021379080366075,0.7616352201257862
7884,0.7889,1,1,1,604853,757,105535,2421,0.007012116047278521,0.7617998741346759
7885,0.789,9,0,9,604853,757,105544,2412,0.007012116047278521,0.7611233827705901
7886,0.7891,1,3,1,604856,754,105545,2411,0.006984326948015858,0.7617693522906793
7887,0.7892,8,1,8,604857,753,105553,2403,0.006975063914928304,0.7614068441064639
7888,0.7893,2,0,2,604857,753,105555,2401,0.006975063914928304,0.7612555485098288
7889,0.7895,2,1,2,604858,752,105557,2399,0.00696580088184075,0.7613456045699778
7890,0.7896,2,0,2,604858,752,105559,2397,0.00696580088184075,0.7611940298507462
7891,0.7897,3,0,3,604858,752,105562,2394,0.00696580088184075,0.7609663064208518
7892,0.7898,5,0,5,604858,752,105567,2389,0.00696580088184075,0.7605858007004139
7893,0.7899,2,1,2,604859,751,105569,2387,0.006956537848753196,0.7606755895474825
7894,0.79,2,1,2,604860,750,105571,2385,0.006947274815665642,0.7607655502392344
7895,0.7901,2,1,2,604861,749,105573,2383,0.006938011782578087,0.7608556832694764
7896,0.7902,2,5,2,604866,744,105575,2381,0.006891696617140316,0.76192
7897,0.7903,2,3,2,604869,741,105577,2379,0.006863907517877654,0.7625
7898,0.7904,2,1,2,604870,740,105579,2377,0.0068546444847901,0.7625922361244787
7899,0.7905,4,1,4,604871,739,105583,2373,0.006845381451702545,0.7625321336760925
7900,0.7906,1,1,1,604872,738,105584,2372,0.006836118418614991,0.7627009646302251
7901,0.7907,2,1,2,604873,737,105586,2370,0.006826855385527437,0.7627936916639846
7902,0.7908,5,2,5,604875,735,105591,2365,0.0068083293193523286,0.7629032258064516
7903,0.7909,1,6,1,604881,729,105592,2364,0.006752751120827003,0.7643064985451018
7904,0.791,2,0,2,604881,729,105594,2362,0.006752751120827003,0.7641539954707215
7905,0.7911,3,2,3,604883,727,105597,2359,0.006734225054651895,0.7644199611147116
7906,0.7912,2,0,2,604883,727,105599,2357,0.006734225054651895,0.7642671854734111
7907,0.7913,1,0,1,604883,727,105600,2356,0.006734225054651895,0.7641907233214401
7908,0.7914,1,0,1,604883,727,105601,2355,0.006734225054651895,0.764114211550941
7909,0.7915,5,1,5,604884,726,105606,2350,0.006724962021564341,0.7639791937581274
7910,0.7916,2,1,2,604885,725,105608,2348,0.0067156989884767865,0.7640741945981125
7911,0.7917,4,0,4,604885,725,105612,2344,0.0067156989884767865,0.7637666992505702
7912,0.7918,3,1,3,604886,724,105615,2341,0.006706435955389232,0.7637846655791191
7913,0.7919,3,0,3,604886,724,105618,2338,0.006706435955389232,0.7635532331809275
7914,0.792,3,1,3,604887,723,105621,2335,0.006697172922301678,0.763570961412688
7915,0.7921,4,1,4,604888,722,105625,2331,0.006687909889214124,0.7635113003603013
7916,0.7922,4,2,4,604890,720,105629,2327,0.0066693838230390155,0.76370200196915
7917,0.7923,1,3,1,604893,717,105630,2326,0.006641594723776354,0.7643772592836017
7918,0.7924,1,0,1,604893,717,105631,2325,0.006641594723776354,0.7642998027613412
7919,0.7925,3,1,3,604894,716,105634,2322,0.0066323316906887995,0.7643186306780777
7920,0.7926,2,0,2,604894,716,105636,2320,0.0066323316906887995,0.764163372859025
7921,0.7927,3,2,3,604896,714,105639,2317,0.006613805624513691,0.7644341801385681
7922,0.7928,3,0,3,604896,714,105642,2314,0.006613805624513691,0.7642007926023778
7923,0.7929,2,2,2,604898,712,105644,2312,0.006595279558338583,0.7645502645502645
7924,0.793,1,2,1,604900,710,105645,2311,0.006576753492163474,0.7649784839457133
7925,0.7931,2,3,2,604903,707,105647,2309,0.006548964392900812,0.7655835543766578
7926,0.7932,5,2,5,604905,705,105652,2304,0.006530438326725703,0.765702891326022
7927,0.7933,3,2,3,604907,703,105655,2301,0.006511912260550595,0.7659786950732357
7928,0.7934,4,0,4,604907,703,105659,2297,0.006511912260550595,0.7656666666666667
7929,0.7935,2,0,2,604907,703,105661,2295,0.006511912260550595,0.7655103402268179
7930,0.7936,5,2,5,604909,701,105666,2290,0.0064933861943754865,0.7656302240053494
7931,0.7937,2,3,2,604912,698,105668,2288,0.006465597095112824,0.7662424648359009
7932,0.7938,1,3,1,604915,695,105669,2287,0.006437807995850161,0.7669349429912811
7933,0.7939,3,0,3,604915,695,105672,2284,0.006437807995850161,0.7667002349781806
7934,0.794,3,1,3,604916,694,105675,2281,0.006428544962762607,0.7667226890756302
7935,0.7941,3,0,3,604916,694,105678,2278,0.006428544962762607,0.7664872139973082
7936,0.7942,5,3,5,604919,691,105683,2273,0.0064007558634999445,0.7668690958164642
7937,0.7943,4,1,4,604920,690,105687,2269,0.00639149283041239,0.7668131125380196
7938,0.7944,6,5,6,604925,685,105693,2263,0.006345177664974619,0.7676390773405699
7939,0.7945,5,2,5,604927,683,105698,2258,0.006326651598799511,0.7677660659639578
7940,0.7946,6,3,6,604930,680,105704,2252,0.006298862499536848,0.7680763983628922
7941,0.7947,3,0,3,604930,680,105707,2249,0.006298862499536848,0.7678388528508023
7942,0.7948,4,1,4,604931,679,105711,2245,0.006289599466449294,0.7677838577291382
7943,0.7949,2,6,2,604937,673,105713,2243,0.006234021267923969,0.7692043895747599
7944,0.795,1,0,1,604937,673,105714,2242,0.006234021267923969,0.7691252144082332
7945,0.7951,2,1,2,604938,672,105716,2240,0.006224758234836415,0.7692307692307693
7946,0.7952,4,4,4,604942,668,105720,2236,0.006187706102486198,0.7699724517906336
7947,0.7953,1,1,1,604943,667,105721,2235,0.0061784430693986436,0.770158511371468
7948,0.7954,4,0,4,604943,667,105725,2231,0.0061784430693986436,0.7698412698412699
7949,0.7955,5,3,5,604946,664,105730,2226,0.006150653970135981,0.770242214532872
7950,0.7956,4,0,4,604946,664,105734,2222,0.006150653970135981,0.7699237699237699
7951,0.7957,1,1,1,604947,663,105735,2221,0.006141390937048427,0.7701109570041609
7952,0.7958,5,0,5,604947,663,105740,2216,0.006141390937048427,0.7697117054532824
7953,0.7959,2,0,2,604947,663,105742,2214,0.006141390937048427,0.7695516162669447
7954,0.796,4,0,4,604947,663,105746,2210,0.006141390937048427,0.7692307692307693
7955,0.7961,3,0,3,604947,663,105749,2207,0.006141390937048427,0.7689895470383276
7956,0.7962,2,2,2,604949,661,105751,2205,0.006122864870873318,0.7693649685973483
7957,0.7963,4,2,4,604951,659,105755,2201,0.006104338804698211,0.7695804195804196
7958,0.7964,5,1,5,604952,658,105760,2196,0.006095075771610657,0.7694463910301331
7959,0.7965,5,1,5,604953,657,105765,2191,0.006085812738523102,0.769311797752809
7960,0.7966,2,2,2,604955,655,105767,2189,0.006067286672347994,0.769690576652602
7961,0.7967,2,3,2,604958,652,105769,2187,0.006039497573085331,0.7703416696019725
7962,0.7968,1,0,1,604958,652,105770,2186,0.006039497573085331,0.7702607470049331
7963,0.7969,4,2,4,604960,650,105774,2182,0.006020971506910223,0.7704802259887006
7964,0.797,5,0,5,604960,650,105779,2177,0.006020971506910223,0.7700742836929607
7965,0.7971,3,0,3,604960,650,105782,2174,0.006020971506910223,0.7698300283286119
7966,0.7972,5,0,5,604960,650,105787,2169,0.006020971506910223,0.7694217807733239
7967,0.7973,2,3,2,604963,647,105789,2167,0.00599318240764756,0.7700781805259417
7968,0.7974,1,1,1,604964,646,105790,2166,0.005983919374560006,0.7702702702702703
7969,0.7975,2,3,2,604967,643,105792,2164,0.0059561302752973435,0.7709298183113644
7970,0.7976,5,3,5,604970,640,105797,2159,0.005928341176034681,0.7713469096105752
7971,0.7977,3,2,3,604972,638,105800,2156,0.0059098151098595725,0.7716535433070866
7972,0.7978,3,2,3,604974,636,105803,2153,0.005891289043684464,0.7719612764431696
7973,0.7979,1,1,1,604975,635,105804,2152,0.00588202601059691,0.772156440617151
7974,0.798,3,0,3,604975,635,105807,2149,0.00588202601059691,0.7719109195402298
7975,0.7981,5,0,5,604975,635,105812,2144,0.00588202601059691,0.7715005397625045
7976,0.7982,4,3,4,604978,632,105816,2140,0.005854236911334247,0.772005772005772
7977,0.7983,4,1,4,604979,631,105820,2136,0.005844973878246693,0.771955186122154
7978,0.7984,7,1,7,604980,630,105827,2129,0.005835710845159139,0.7716563972453787
7979,0.7985,4,0,4,604980,630,105831,2125,0.005835710845159139,0.7713248638838476
7980,0.7986,2,0,2,604980,630,105833,2123,0.005835710845159139,0.7711587359244461
7981,0.7987,3,1,3,604981,629,105836,2120,0.005826447812071585,0.7711895234630775
7982,0.7988,1,0,1,604981,629,105837,2119,0.005826447812071585,0.7711062590975255
7983,0.7989,1,1,1,604982,628,105838,2118,0.0058171847789840305,0.7713037144938092
7984,0.799,3,2,3,604984,626,105841,2115,0.005798658712808922,0.7716161984677126
7985,0.7991,2,3,2,604987,623,105843,2113,0.0057708696135462595,0.7722953216374269
7986,0.7992,5,2,5,604989,621,105848,2108,0.005752343547371151,0.7724441187248077
7987,0.7993,3,1,3,604990,620,105851,2105,0.005743080514283597,0.7724770642201835
7988,0.7995,3,2,3,604992,618,105854,2102,0.0057245544481084884,0.7727941176470589
7989,0.7996,3,0,3,604992,618,105857,2099,0.0057245544481084884,0.7725432462274567
7990,0.7998,2,0,2,604992,618,105859,2097,0.0057245544481084884,0.7723756906077348
7991,0.7999,10,1,10,604993,617,105869,2087,0.005715291415020934,0.771819526627219
7992,0.8,2,1,2,604994,616,105871,2085,0.00570602838193338,0.7719363198815253
7993,0.8001,1,1,1,604995,615,105872,2084,0.005696765348845826,0.7721378288254909
7994,0.8002,4,2,4,604997,613,105876,2080,0.005678239282670717,0.7723728184181211
7995,0.8003,4,1,4,604998,612,105880,2076,0.005668976249583163,0.7723214285714286
7996,0.8004,4,1,4,604999,611,105884,2072,0.005659713216495609,0.7722698471859858
7997,0.8005,1,0,1,604999,611,105885,2071,0.005659713216495609,0.7721849366144669
7998,0.8006,4,1,4,605000,610,105889,2067,0.005650450183408055,0.7721329846843481
7999,0.8007,3,1,3,605001,609,105892,2064,0.005641187150320501,0.7721661054994389
8000,0.8008,5,0,5,605001,609,105897,2059,0.005641187150320501,0.7717391304347826
8001,0.8009,2,1,2,605002,608,105899,2057,0.005631924117232946,0.7718574108818012
8002,0.801,4,2,4,605004,606,105903,2053,0.005613398051057838,0.7720947724708537
8003,0.8011,1,1,1,605005,605,105904,2052,0.005604135017970284,0.7722995859992473
8004,0.8012,3,1,3,605006,604,105907,2049,0.00559487198488273,0.7723332076894082
8005,0.8013,3,2,3,605008,602,105910,2046,0.005576345918707622,0.7726586102719033
8006,0.8014,3,1,3,605009,601,105913,2043,0.005567082885620068,0.7726928895612708
8007,0.8015,5,0,5,605009,601,105918,2038,0.005567082885620068,0.7722622205380826
8008,0.8016,2,2,2,605011,599,105920,2036,0.005548556819444959,0.7726755218216319
8009,0.8017,4,1,4,605012,598,105924,2032,0.005539293786357405,0.7726235741444867
8010,0.8018,2,0,2,605012,598,105926,2030,0.005539293786357405,0.7724505327245054
8011,0.8019,3,1,3,605013,597,105929,2027,0.005530030753269851,0.772484756097561
8012,0.802,7,2,7,605015,595,105936,2020,0.005511504687094743,0.7724665391969407
8013,0.8021,4,2,4,605017,593,105940,2016,0.005492978620919634,0.7727098505174397
8014,0.8022,1,2,1,605019,591,105941,2015,0.005474452554744526,0.7732156561780507
8015,0.8023,4,2,4,605021,589,105945,2011,0.005455926488569417,0.7734615384615384
8016,0.8024,5,0,5,605021,589,105950,2006,0.005455926488569417,0.7730250481695569
8017,0.8025,0,1,0,605022,588,105950,2006,0.005446663455481863,0.7733230531996916
8018,0.8026,2,1,2,605023,587,105952,2004,0.005437400422394309,0.7734465457352374
8019,0.8027,5,1,5,605024,586,105957,1999,0.005428137389306755,0.7733075435203095
8020,0.8028,1,1,1,605025,585,105958,1998,0.005418874356219201,0.7735191637630662
8021,0.8029,0,1,0,605026,584,105958,1998,0.005409611323131646,0.7738187451587917
8022,0.803,7,1,7,605027,583,105965,1991,0.005400348290044092,0.7735042735042735
8023,0.8031,4,1,4,605028,582,105969,1987,0.005391085256956538,0.7734527053328143
8024,0.8032,2,0,2,605028,582,105971,1985,0.005391085256956538,0.7732761978963771
8025,0.8033,2,2,2,605030,580,105973,1983,0.0053725591907814296,0.7737026921576278
8026,0.8034,4,1,4,605031,579,105977,1979,0.005363296157693875,0.7736512900703675
8027,0.8035,2,0,2,605031,579,105979,1977,0.005363296157693875,0.7734741784037559
8028,0.8036,2,2,2,605033,577,105981,1975,0.005344770091518767,0.7739028213166145
8029,0.8037,5,0,5,605033,577,105986,1970,0.005344770091518767,0.77345897133883
8030,0.8038,3,2,3,605035,575,105989,1967,0.0053262440253436585,0.7738001573564123
8031,0.8039,3,1,3,605036,574,105992,1964,0.005316980992256104,0.7738376674546887
8032,0.804,4,1,4,605037,573,105996,1960,0.00530771795916855,0.7737860244769048
8033,0.8041,1,1,1,605038,572,105997,1959,0.005298454926080996,0.7740023706045042
8034,0.8042,1,1,1,605039,571,105998,1958,0.005289191892993442,0.7742190589165678
8035,0.8043,3,0,3,605039,571,106001,1955,0.005289191892993442,0.7739509105304829
8036,0.8044,4,0,4,605039,571,106005,1951,0.005289191892993442,0.7735923869944489
8037,0.8045,4,2,4,605041,569,106009,1947,0.005270665826818333,0.7738473767885533
8038,0.8046,3,0,3,605041,569,106012,1944,0.005270665826818333,0.7735773975328293
8039,0.8047,2,2,2,605043,567,106014,1942,0.005252139760643225,0.7740135512156238
8040,0.8048,4,2,4,605045,565,106018,1938,0.0052336136944681165,0.77427087495006
8041,0.8049,1,2,1,605047,563,106019,1937,0.005215087628293008,0.7748
8042,0.805,2,1,2,605048,562,106021,1935,0.005205824595205454,0.7749299158990789
8043,0.8051,4,1,4,605049,561,106025,1931,0.0051965615621179,0.7748796147672552
8044,0.8052,3,0,3,605049,561,106028,1928,0.0051965615621179,0.7746082764162314
8045,0.8053,3,3,3,605052,558,106031,1925,0.005168772462855237,0.7752718485702779
8046,0.8054,7,0,7,605052,558,106038,1918,0.005168772462855237,0.7746365105008077
8047,0.8055,0,1,0,605053,557,106038,1918,0.005159509429767683,0.7749494949494949
8048,0.8056,3,0,3,605053,557,106041,1915,0.005159509429767683,0.7746763754045307
8049,0.8057,3,0,3,605053,557,106044,1912,0.005159509429767683,0.7744025921425678
8050,0.8058,5,0,5,605053,557,106049,1907,0.005159509429767683,0.7739448051948052
8051,0.8059,1,2,1,605055,555,106050,1906,0.0051409833635925745,0.7744819179195449
8052,0.806,2,1,2,605056,554,106052,1904,0.00513172033050502,0.774613506916192
8053,0.8061,4,0,4,605056,554,106056,1900,0.00513172033050502,0.7742461287693562
8054,0.8062,3,0,3,605056,554,106059,1897,0.00513172033050502,0.773969808241534
8055,0.8063,2,0,2,605056,554,106061,1895,0.00513172033050502,0.7737852184565128
8056,0.8064,1,0,1,605056,554,106062,1894,0.00513172033050502,0.7736928104575164
8057,0.8065,1,0,1,605056,554,106063,1893,0.00513172033050502,0.7736003269309358
8058,0.8066,2,2,2,605058,552,106065,1891,0.005113194264329912,0.7740483012689316
8059,0.8067,3,2,3,605060,550,106068,1888,0.0050946681981548034,0.7744052502050861
8060,0.8068,3,0,3,605060,550,106071,1885,0.0050946681981548034,0.7741273100616016
8061,0.8069,0,1,0,605061,549,106071,1885,0.005085405165067249,0.7744453574363188
8062,0.807,3,1,3,605062,548,106074,1882,0.005076142131979695,0.7744855967078189
8063,0.8071,3,0,3,605062,548,106077,1879,0.005076142131979695,0.7742068397198187
8064,0.8072,4,1,4,605063,547,106081,1875,0.005066879098892141,0.7741535920726672
8065,0.8073,3,0,3,605063,547,106084,1872,0.005066879098892141,0.7738735014468788
8066,0.8074,1,0,1,605063,547,106085,1871,0.005066879098892141,0.7737799834574028
8067,0.8075,3,1,3,605064,546,106088,1868,0.005057616065804587,0.7738193869096934
8068,0.8076,3,0,3,605064,546,106091,1865,0.005057616065804587,0.7735379510576524
8069,0.8077,3,1,3,605065,545,106094,1862,0.005048353032717033,0.7735770668882426
8070,0.8078,2,1,2,605066,544,106096,1860,0.005039089999629479,0.7737104825291181
8071,0.8079,4,1,4,605067,543,106100,1856,0.005029826966541925,0.7736556898707795
8072,0.808,2,1,2,605068,542,106102,1854,0.005020563933454371,0.7737896494156928
8073,0.8081,2,1,2,605069,541,106104,1852,0.0050113009003668165,0.7739239448391141
8074,0.8082,5,2,5,605071,539,106109,1847,0.004992774834191708,0.7740989103101426
8075,0.8083,1,0,1,605071,539,106110,1846,0.004992774834191708,0.7740041928721174
8076,0.8084,1,0,1,605071,539,106111,1845,0.004992774834191708,0.7739093959731543
8077,0.8085,2,1,2,605072,538,106113,1843,0.004983511801104154,0.7740445191096178
8078,0.8086,5,0,5,605072,538,106118,1838,0.004983511801104154,0.7735690235690236
8079,0.8087,3,0,3,605072,538,106121,1835,0.004983511801104154,0.7732827644332069
8080,0.8088,1,2,1,605074,536,106122,1834,0.0049649857349290455,0.7738396624472574
8081,0.8089,2,1,2,605075,535,106124,1832,0.004955722701841491,0.7739754964089565
8082,0.809,3,0,3,605075,535,106127,1829,0.004955722701841491,0.7736886632825719
8083,0.8091,2,0,2,605075,535,106129,1827,0.004955722701841491,0.7734970364098221
8084,0.8092,2,1,2,605076,534,106131,1825,0.004946459668753937,0.7736328952946163
8085,0.8093,3,1,3,605077,533,106134,1822,0.004937196635666383,0.7736730360934183
8086,0.8094,2,1,2,605078,532,106136,1820,0.004927933602578829,0.7738095238095238
8087,0.8095,8,0,8,605078,532,106144,1812,0.004927933602578829,0.773037542662116
8088,0.8096,4,1,4,605079,531,106148,1808,0.0049186705694912744,0.7729799059427106
8089,0.8097,2,0,2,605079,531,106150,1806,0.0049186705694912744,0.772785622593068
8090,0.8098,6,0,6,605079,531,106156,1800,0.0049186705694912744,0.7722007722007722
8091,0.8099,4,1,4,605080,530,106160,1796,0.00490940753640372,0.7721410146173688
8092,0.8101,4,2,4,605082,528,106164,1792,0.004890881470228612,0.7724137931034483
8093,0.8102,2,0,2,605082,528,106166,1790,0.004890881470228612,0.7722174288179465
8094,0.8103,5,2,5,605084,526,106171,1785,0.004872355404053503,0.7723929035049762
8095,0.8104,3,0,3,605084,526,106174,1782,0.004872355404053503,0.7720970537261699
8096,0.8105,3,2,3,605086,524,106177,1779,0.004853829337878395,0.7724706904038211
8097,0.8106,4,1,4,605087,523,106181,1775,0.004844566304790841,0.7724107919930374
8098,0.8107,1,0,1,605087,523,106182,1774,0.004844566304790841,0.7723117109272964
8099,0.8108,2,3,2,605090,520,106184,1772,0.004816777205528178,0.7731239092495636
8100,0.8109,3,0,3,605090,520,106187,1769,0.004816777205528178,0.7728265618173875
8101,0.811,4,0,4,605090,520,106191,1765,0.004816777205528178,0.7724288840262582
8102,0.8111,3,2,3,605092,518,106194,1762,0.00479825113935307,0.7728070175438596
8103,0.8112,3,4,3,605096,514,106197,1759,0.004761199007002853,0.7738671359436867
8104,0.8113,2,2,2,605098,512,106199,1757,0.0047426729408277446,0.7743499338915822
8105,0.8114,2,1,2,605099,511,106201,1755,0.00473340990774019,0.7744924977934686
8106,0.8115,1,0,1,605099,511,106202,1754,0.00473340990774019,0.7743929359823399
8107,0.8116,5,1,5,605100,510,106207,1749,0.004724146874652636,0.7742363877822045
8108,0.8117,3,0,3,605100,510,106210,1746,0.004724146874652636,0.773936170212766
8109,0.8118,2,1,2,605101,509,106212,1744,0.004714883841565082,0.7740790057700844
8110,0.8119,4,1,4,605102,508,106216,1740,0.004705620808477528,0.7740213523131673
8111,0.812,5,1,5,605103,507,106221,1735,0.0046963577753899735,0.7738626226583407
8112,0.8121,3,1,3,605104,506,106224,1732,0.004687094742302419,0.77390527256479
8113,0.8122,1,2,1,605106,504,106225,1731,0.004668568676127311,0.774496644295302
8114,0.8123,3,1,3,605107,503,106228,1728,0.004659305643039757,0.7745405647691618
8115,0.8125,3,1,3,605108,502,106231,1725,0.0046500426099522025,0.7745846430175124
8116,0.8126,3,2,3,605110,500,106234,1722,0.004631516543777094,0.774977497749775
8117,0.8127,1,1,1,605111,499,106235,1721,0.00462225351068954,0.7752252252252252
8118,0.8128,4,0,4,605111,499,106239,1717,0.00462225351068954,0.7748194945848376
8119,0.8129,1,1,1,605112,498,106240,1716,0.004612990477601986,0.7750677506775068
8120,0.813,2,3,2,605115,495,106242,1714,0.004585201378339323,0.7759167043911273
8121,0.8131,1,0,1,605115,495,106243,1713,0.004585201378339323,0.7758152173913043
8122,0.8132,3,3,3,605118,492,106246,1710,0.0045574122790766605,0.776566757493188
8123,0.8133,2,1,2,605119,491,106248,1708,0.004548149245989106,0.7767166894042746
8124,0.8134,3,0,3,605119,491,106251,1705,0.004548149245989106,0.7764116575591985
8125,0.8135,1,1,1,605120,490,106252,1704,0.004538886212901552,0.7766636280765725
8126,0.8136,1,0,1,605120,490,106253,1703,0.004538886212901552,0.7765617875056999
8127,0.8137,1,1,1,605121,489,106254,1702,0.004529623179813998,0.776814240073026
8128,0.8138,2,2,2,605123,487,106256,1700,0.00451109711363889,0.7773205304069501
8129,0.8139,2,2,2,605125,485,106258,1698,0.004492571047463782,0.7778286761337608
8130,0.814,1,0,1,605125,485,106259,1697,0.004492571047463782,0.7777268560953254
8131,0.8141,1,4,1,605129,481,106260,1696,0.004455518915113565,0.7790537436839687
8132,0.8142,5,3,5,605132,478,106265,1691,0.0044277298158509025,0.7796219455970493
8133,0.8143,4,1,4,605133,477,106269,1687,0.004418466782763348,0.7795748613678374
8134,0.8144,3,2,3,605135,475,106272,1684,0.00439994071658824,0.7799907364520612
8135,0.8145,5,1,5,605136,474,106277,1679,0.004390677683500686,0.779842080817464
8136,0.8146,2,0,2,605136,474,106279,1677,0.004390677683500686,0.7796373779637378
8137,0.8147,6,1,6,605137,473,106285,1671,0.0043814146504131315,0.7793843283582089
8138,0.8148,3,1,3,605138,472,106288,1668,0.004372151617325577,0.7794392523364486
8139,0.8149,1,1,1,605139,471,106289,1667,0.004362888584238023,0.7797006548175865
8140,0.815,1,0,1,605139,471,106290,1666,0.004362888584238023,0.7795975666822649
8141,0.8151,1,0,1,605139,471,106291,1665,0.004362888584238023,0.7794943820224719
8142,0.8152,4,2,4,605141,469,106295,1661,0.004344362518062915,0.77981220657277
8143,0.8153,2,1,2,605142,468,106297,1659,0.0043350994849753605,0.7799717912552891
8144,0.8154,2,1,2,605143,467,106299,1657,0.004325836451887806,0.7801318267419962
8145,0.8155,2,1,2,605144,466,106301,1655,0.004316573418800252,0.7802923149457803
8146,0.8156,1,1,1,605145,465,106302,1654,0.004307310385712698,0.780556866446437
8147,0.8157,6,0,6,605145,465,106308,1648,0.004307310385712698,0.7799337434926644
8148,0.8158,3,2,3,605147,463,106311,1645,0.0042887843195375894,0.780360531309298
8149,0.8159,1,0,1,605147,463,106312,1644,0.0042887843195375894,0.7802562885619364
8150,0.816,1,2,1,605149,461,106313,1643,0.004270258253362481,0.780893536121673
8151,0.8161,2,0,2,605149,461,106315,1641,0.004270258253362481,0.7806850618458611
8152,0.8162,1,2,1,605151,459,106316,1640,0.004251732187187373,0.7813244402096237
8153,0.8163,3,3,3,605154,456,106319,1637,0.00422394308792471,0.7821309125656952
8154,0.8164,4,0,4,605154,456,106323,1633,0.00422394308792471,0.7817137386309239
8155,0.8165,1,2,1,605156,454,106324,1632,0.004205417021749602,0.7823585810162992
8156,0.8166,0,1,0,605157,453,106324,1632,0.004196153988662047,0.7827338129496403
8157,0.8167,3,1,3,605158,452,106327,1629,0.004186890955574493,0.7827967323402211
8158,0.8168,6,2,6,605160,450,106333,1623,0.004168364889399385,0.7829232995658466
8159,0.8169,5,1,5,605161,449,106338,1618,0.004159101856311831,0.7827769714562167
8160,0.817,3,0,3,605161,449,106341,1615,0.004159101856311831,0.7824612403100775
8161,0.8171,5,1,5,605162,448,106346,1610,0.004149838823224276,0.782312925170068
8162,0.8172,3,3,3,605165,445,106349,1607,0.004122049723961614,0.7831384015594542
8163,0.8173,3,3,3,605168,442,106352,1604,0.004094260624698951,0.7839687194525904
8164,0.8174,4,2,4,605170,440,106356,1600,0.004075734558523843,0.7843137254901961
8165,0.8175,3,1,3,605171,439,106359,1597,0.0040664715254362886,0.7843811394891945
8166,0.8176,1,1,1,605172,438,106360,1596,0.004057208492348734,0.7846607669616519
8167,0.8177,6,0,6,605172,438,106366,1590,0.004057208492348734,0.7840236686390533
8168,0.8178,3,2,3,605174,436,106369,1587,0.004038682426173626,0.7844784972812654
8169,0.8179,0,1,0,605175,435,106369,1587,0.004029419393086072,0.7848664688427299
8170,0.8181,4,1,4,605176,434,106373,1583,0.0040201563599985175,0.7848289538919186
8171,0.8182,5,0,5,605176,434,106378,1578,0.0040201563599985175,0.7842942345924453
8172,0.8184,3,0,3,605176,434,106381,1575,0.0040201563599985175,0.7839721254355401
8173,0.8185,2,0,2,605176,434,106383,1573,0.0040201563599985175,0.783756851021425
8174,0.8186,3,0,3,605176,434,106386,1570,0.0040201563599985175,0.783433133732535
8175,0.8188,3,0,3,605176,434,106389,1567,0.0040201563599985175,0.7831084457771115
8176,0.8189,2,0,2,605176,434,106391,1565,0.0040201563599985175,0.7828914457228614
8177,0.819,3,2,3,605178,432,106394,1562,0.004001630293823409,0.7833500501504513
8178,0.8191,2,0,2,605178,432,106396,1560,0.004001630293823409,0.7831325301204819
8179,0.8192,2,0,2,605178,432,106398,1558,0.004001630293823409,0.7829145728643216
8180,0.8193,3,0,3,605178,432,106401,1555,0.004001630293823409,0.7825868142929039
8181,0.8194,5,0,5,605178,432,106406,1550,0.004001630293823409,0.7820383451059536
8182,0.8195,2,0,2,605178,432,106408,1548,0.004001630293823409,0.7818181818181819
8183,0.8196,1,0,1,605178,432,106409,1547,0.004001630293823409,0.7817079332996463
8184,0.8197,8,1,8,605179,431,106417,1539,0.003992367260735855,0.7812182741116751
8185,0.8198,3,0,3,605179,431,106420,1536,0.003992367260735855,0.7808845958312151
8186,0.8199,2,1,2,605180,430,106422,1534,0.003983104227648302,0.7810590631364562
8187,0.82,0,1,0,605181,429,106422,1534,0.003973841194560747,0.7814569536423841
8188,0.8201,3,1,3,605182,428,106425,1531,0.003964578161473193,0.7815211842776927
8189,0.8202,1,1,1,605183,427,106426,1530,0.003955315128385639,0.7818088911599387
8190,0.8203,3,0,3,605183,427,106429,1527,0.003955315128385639,0.7814738996929376
8191,0.8204,4,1,4,605184,426,106433,1523,0.003946052095298085,0.7814263724987173
8192,0.8205,1,1,1,605185,425,106434,1522,0.0039367890622105306,0.7817154596815614
8193,0.8206,2,1,2,605186,424,106436,1520,0.003927526029122976,0.7818930041152263
8194,0.8207,3,3,3,605189,421,106439,1517,0.0038997369298603133,0.782765737874097
8195,0.8209,1,1,1,605190,420,106440,1516,0.003890473896772759,0.7830578512396694
8196,0.821,6,1,6,605191,419,106446,1510,0.003881210863685205,0.782789009849663
8197,0.8211,1,1,1,605192,418,106447,1509,0.0038719478305976507,0.7830825116761806
8198,0.8212,6,0,6,605192,418,106453,1503,0.0038719478305976507,0.7824049973971889
8199,0.8213,2,1,2,605193,417,106455,1501,0.0038626847975100965,0.7825860271115745
8200,0.8214,3,1,3,605194,416,106458,1498,0.0038534217644225427,0.7826541274817137
8201,0.8215,5,2,5,605196,414,106463,1493,0.0038348956982474343,0.7829050865233351
8202,0.8216,2,0,2,605196,414,106465,1491,0.0038348956982474343,0.7826771653543307
8203,0.8217,5,0,5,605196,414,106470,1486,0.0038348956982474343,0.7821052631578947
8204,0.8218,1,0,1,605196,414,106471,1485,0.0038348956982474343,0.7819905213270142
8205,0.8219,2,1,2,605197,413,106473,1483,0.00382563266515988,0.7821729957805907
8206,0.822,4,0,4,605197,413,106477,1479,0.00382563266515988,0.7817124735729387
8207,0.8221,1,1,1,605198,412,106478,1478,0.003816369632072326,0.782010582010582
8208,0.8222,3,0,3,605198,412,106481,1475,0.003816369632072326,0.7816640169581346
8209,0.8223,4,0,4,605198,412,106485,1471,0.003816369632072326,0.7812002124269782
8210,0.8224,4,2,4,605200,410,106489,1467,0.0037978435658972175,0.7815663292488013
8211,0.8225,6,2,6,605202,408,106495,1461,0.003779317499722109,0.7817014446227929
8212,0.8226,3,1,3,605203,407,106498,1458,0.003770054466634555,0.781769436997319
8213,0.8227,1,1,1,605204,406,106499,1457,0.0037607914335470007,0.7820719269994633
8214,0.8228,0,2,0,605206,404,106499,1457,0.0037422653673718923,0.7829124126813541
8215,0.8229,1,0,1,605206,404,106500,1456,0.0037422653673718923,0.7827956989247312
8216,0.823,3,0,3,605206,404,106503,1453,0.0037422653673718923,0.782444803446419
8217,0.8231,3,0,3,605206,404,106506,1450,0.0037422653673718923,0.7820927723840345
8218,0.8233,6,1,6,605207,403,106512,1444,0.003733002334284338,0.7818083378451544
8219,0.8234,3,0,3,605207,403,106515,1441,0.003733002334284338,0.7814533622559653
8220,0.8235,2,2,2,605209,401,106517,1439,0.0037144762681092297,0.7820652173913043
8221,0.8236,1,0,1,605209,401,106518,1438,0.0037144762681092297,0.7819467101685699
8222,0.8237,0,2,0,605211,399,106518,1438,0.0036959502019341213,0.7827980402830702
8223,0.8238,2,1,2,605212,398,106520,1436,0.003686687168846567,0.7829880043620502
8224,0.8239,1,1,1,605213,397,106521,1435,0.003677424135759013,0.7832969432314411
8225,0.824,5,0,5,605213,397,106526,1430,0.003677424135759013,0.782703886152162
8226,0.8241,5,0,5,605213,397,106531,1425,0.003677424135759013,0.7821075740944018
8227,0.8242,1,2,1,605215,395,106532,1424,0.0036588980695839044,0.782847718526663
8228,0.8243,0,1,0,605216,394,106532,1424,0.0036496350364963502,0.7832783278327833
8229,0.8244,4,2,4,605218,392,106536,1420,0.003631108970321242,0.7836644591611479
8230,0.8245,4,0,4,605218,392,106540,1416,0.003631108970321242,0.7831858407079646
8231,0.8246,3,1,3,605219,391,106543,1413,0.0036218459372336876,0.7832594235033259
8232,0.8247,2,1,2,605220,390,106545,1411,0.0036125829041461334,0.7834536368684064
8233,0.8248,2,0,2,605220,390,106547,1409,0.0036125829041461334,0.783212896053363
8234,0.8249,2,2,2,605222,388,106549,1407,0.003594056837971025,0.7838440111420613
8235,0.825,3,0,3,605222,388,106552,1404,0.003594056837971025,0.7834821428571429
8236,0.8251,2,1,2,605223,387,106554,1402,0.0035847938048834713,0.7836780324203466
8237,0.8252,1,1,1,605224,386,106555,1401,0.003575530771795917,0.7839955232232793
8238,0.8253,7,3,7,605227,383,106562,1394,0.0035477416725332544,0.7844682048396173
8239,0.8254,2,0,2,605227,383,106564,1392,0.0035477416725332544,0.7842253521126761
8240,0.8255,1,1,1,605228,382,106565,1391,0.0035384786394457002,0.784545967287084
8241,0.8256,2,1,2,605229,381,106567,1389,0.003529215606358146,0.7847457627118644
8242,0.8257,4,1,4,605230,380,106571,1385,0.003519952573270592,0.7847025495750708
8243,0.8258,3,0,3,605230,380,106574,1382,0.003519952573270592,0.7843359818388195
8244,0.8259,2,0,2,605230,380,106576,1380,0.003519952573270592,0.7840909090909091
8245,0.8261,2,1,2,605231,379,106578,1378,0.0035106895401830376,0.7842914058053501
8246,0.8262,3,3,3,605234,376,106581,1375,0.003482900440920375,0.7852655625356939
8247,0.8263,1,1,1,605235,375,106582,1374,0.003473637407832821,0.7855917667238422
8248,0.8264,4,0,4,605235,375,106586,1370,0.003473637407832821,0.7851002865329513
8249,0.8265,3,0,3,605235,375,106589,1367,0.003473637407832821,0.7847301951779564
8250,0.8266,1,2,1,605237,373,106590,1366,0.0034551113416577124,0.7855089131684876
8251,0.8267,3,2,3,605239,371,106593,1363,0.003436585275482604,0.7860438292964245
8252,0.8268,3,1,3,605240,370,106596,1360,0.00342732224239505,0.7861271676300579
8253,0.8269,2,0,2,605240,370,106598,1358,0.00342732224239505,0.7858796296296297
8254,0.827,6,0,6,605240,370,106604,1352,0.00342732224239505,0.7851335656213705
8255,0.8271,3,0,3,605240,370,106607,1349,0.00342732224239505,0.7847585805700988
8256,0.8272,3,0,3,605240,370,106610,1346,0.00342732224239505,0.7843822843822844
8257,0.8273,3,1,3,605241,369,106613,1343,0.0034180592093074956,0.7844626168224299
8258,0.8274,3,2,3,605243,367,106616,1340,0.003399533143132387,0.7850029291154071
8259,0.8276,1,1,1,605244,366,106617,1339,0.003390270110044833,0.7853372434017595
8260,0.8277,1,0,1,605244,366,106618,1338,0.003390270110044833,0.7852112676056338
8261,0.8278,4,1,4,605245,365,106622,1334,0.0033810070769572788,0.785167745732784
8262,0.8279,1,0,1,605245,365,106623,1333,0.0033810070769572788,0.7850412249705536
8263,0.828,4,0,4,605245,365,106627,1329,0.0033810070769572788,0.7845336481700118
8264,0.8281,1,0,1,605245,365,106628,1328,0.0033810070769572788,0.7844063792085056
8265,0.8283,1,0,1,605245,365,106629,1327,0.0033810070769572788,0.7842789598108747
8266,0.8284,3,1,3,605246,364,106632,1324,0.0033717440438697246,0.7843601895734598
8267,0.8285,3,1,3,605247,363,106635,1321,0.0033624810107821704,0.7844418052256532
8268,0.8286,5,1,5,605248,362,106640,1316,0.003353217977694616,0.7842669845053635
8269,0.8287,2,2,2,605250,360,106642,1314,0.0033346919115195077,0.7849462365591398
8270,0.8288,1,1,1,605251,359,106643,1313,0.0033254288784319535,0.7852870813397129
8271,0.8289,2,2,2,605253,357,106645,1311,0.0033069028122568456,0.7859712230215827
8272,0.829,5,0,5,605253,357,106650,1306,0.0033069028122568456,0.7853277209861695
8273,0.8291,2,1,2,605254,356,106652,1304,0.0032976397791692914,0.7855421686746988
8274,0.8292,4,1,4,605255,355,106656,1300,0.003288376746081737,0.7854984894259819
8275,0.8293,3,0,3,605255,355,106659,1297,0.003288376746081737,0.7851089588377724
8276,0.8294,1,0,1,605255,355,106660,1296,0.003288376746081737,0.7849788007268322
8277,0.8295,3,2,3,605257,353,106663,1293,0.0032698506799066288,0.7855407047387606
8278,0.8296,3,0,3,605257,353,106666,1290,0.0032698506799066288,0.7851491174680463
8279,0.8297,2,3,2,605260,350,106668,1288,0.003242061580643966,0.7863247863247863
8280,0.8298,5,0,5,605260,350,106673,1283,0.003242061580643966,0.7856705450091855
8281,0.8299,4,3,4,605263,347,106677,1279,0.0032142724813813035,0.7865928659286593
8282,0.83,3,0,3,605263,347,106680,1276,0.0032142724813813035,0.7861983980283426
8283,0.8301,2,0,2,605263,347,106682,1274,0.0032142724813813035,0.7859346082665022
8284,0.8302,2,0,2,605263,347,106684,1272,0.0032142724813813035,0.7856701667696109
8285,0.8303,0,1,0,605264,346,106684,1272,0.0032050094482937493,0.7861557478368356
8286,0.8304,1,0,1,605264,346,106685,1271,0.0032050094482937493,0.7860235003092146
8287,0.8305,3,1,3,605265,345,106688,1268,0.003195746415206195,0.7861128332300062
8288,0.8306,2,0,2,605265,345,106690,1266,0.003195746415206195,0.7858472998137802
8289,0.8307,3,1,3,605266,344,106693,1263,0.003186483382118641,0.7859365276913504
8290,0.8308,2,1,2,605267,343,106695,1261,0.0031772203490310867,0.7861596009975063
8291,0.8309,3,1,3,605268,342,106698,1258,0.0031679573159435325,0.78625
8292,0.831,4,1,4,605269,341,106702,1254,0.0031586942828559783,0.7862068965517242
8293,0.8311,2,1,2,605270,340,106704,1252,0.003149431249768424,0.7864321608040201
8294,0.8312,2,3,2,605273,337,106706,1250,0.0031216421505057615,0.7876496534341525
8295,0.8313,3,0,3,605273,337,106709,1247,0.0031216421505057615,0.7872474747474747
8296,0.8314,1,0,1,605273,337,106710,1246,0.0031216421505057615,0.7871130764371447
8297,0.8315,1,0,1,605273,337,106711,1245,0.0031216421505057615,0.7869785082174463
8298,0.8316,3,1,3,605274,336,106714,1242,0.0031123791174182073,0.7870722433460076
8299,0.8317,3,2,3,605276,334,106717,1239,0.003093853051243099,0.7876668785759695
8300,0.8318,3,0,3,605276,334,106720,1236,0.003093853051243099,0.7872611464968153
8301,0.8319,2,0,2,605276,334,106722,1234,0.003093853051243099,0.7869897959183674
8302,0.832,3,0,3,605276,334,106725,1231,0.003093853051243099,0.7865814696485623
8303,0.8321,2,0,2,605276,334,106727,1229,0.003093853051243099,0.7863083813179782
8304,0.8322,2,3,2,605279,331,106729,1227,0.0030660639519804363,0.7875481386392811
8305,0.8323,2,1,2,605280,330,106731,1225,0.0030568009188928825,0.7877813504823151
8306,0.8324,4,0,4,605280,330,106735,1221,0.0030568009188928825,0.7872340425531915
8307,0.8325,1,1,1,605281,329,106736,1220,0.0030475378858053283,0.7876049063912202
8308,0.8326,1,0,1,605281,329,106737,1219,0.0030475378858053283,0.787467700258398
8309,0.8327,3,1,3,605282,328,106740,1216,0.003038274852717774,0.7875647668393783
8310,0.8328,2,1,2,605283,327,106742,1214,0.00302901181963022,0.7878001297858533
8311,0.833,1,1,1,605284,326,106743,1213,0.0030197487865426657,0.788174139051332
8312,0.8331,3,2,3,605286,324,106746,1210,0.0030012227203675573,0.788787483702738
8313,0.8332,5,0,5,605286,324,106751,1205,0.0030012227203675573,0.7880967952910399
8314,0.8333,5,0,5,605286,324,106756,1200,0.0030012227203675573,0.7874015748031497
8315,0.8334,7,1,7,605287,323,106763,1193,0.002991959687280003,0.7869393139841688
8316,0.8336,4,0,4,605287,323,106767,1189,0.002991959687280003,0.7863756613756614
8317,0.8337,6,0,6,605287,323,106773,1183,0.002991959687280003,0.7855245683930943
8318,0.8338,1,2,1,605289,321,106774,1182,0.0029734336211048947,0.7864271457085829
8319,0.8339,3,0,3,605289,321,106777,1179,0.0029734336211048947,0.786
8320,0.834,3,0,3,605289,321,106780,1176,0.0029734336211048947,0.7855711422845691
8321,0.8341,2,0,2,605289,321,106782,1174,0.0029734336211048947,0.7852842809364549
8322,0.8342,1,0,1,605289,321,106783,1173,0.0029734336211048947,0.785140562248996
8323,0.8343,1,0,1,605289,321,106784,1172,0.0029734336211048947,0.7849966510381782
8324,0.8344,2,2,2,605291,319,106786,1170,0.0029549075549297863,0.7857622565480188
8325,0.8345,3,0,3,605291,319,106789,1167,0.0029549075549297863,0.7853297442799462
8326,0.8346,1,0,1,605291,319,106790,1166,0.0029549075549297863,0.7851851851851852
8327,0.8347,4,0,4,605291,319,106794,1162,0.0029549075549297863,0.7846049966239028
8328,0.8348,2,0,2,605291,319,106796,1160,0.0029549075549297863,0.7843137254901961
8329,0.8349,0,1,0,605292,318,106796,1160,0.002945644521842232,0.7848443843031123
8330,0.835,3,1,3,605293,317,106799,1157,0.002936381488754678,0.7849389416553596
8331,0.8351,2,0,2,605293,317,106801,1155,0.002936381488754678,0.7846467391304348
8332,0.8353,2,1,2,605294,316,106803,1153,0.0029271184556671236,0.7848876786929885
8333,0.8354,1,1,1,605295,315,106804,1152,0.0029178554225795694,0.7852760736196319
8334,0.8355,3,0,3,605295,315,106807,1149,0.0029178554225795694,0.7848360655737705
8335,0.8356,3,0,3,605295,315,106810,1146,0.0029178554225795694,0.784394250513347
8336,0.8357,3,1,3,605296,314,106813,1143,0.0029085923894920152,0.7844886753603294
8337,0.8358,5,0,5,605296,314,106818,1138,0.0029085923894920152,0.7837465564738292
8338,0.8359,2,2,2,605298,312,106820,1136,0.002890066323316907,0.7845303867403315
8339,0.836,1,0,1,605298,312,106821,1135,0.002890066323316907,0.7843814789219073
8340,0.8361,1,1,1,605299,311,106822,1134,0.0028808032902293526,0.7847750865051903
8341,0.8362,4,1,4,605300,310,106826,1130,0.0028715402571417984,0.7847222222222222
8342,0.8363,2,2,2,605302,308,106828,1128,0.00285301419096669,0.7855153203342619
8343,0.8364,1,1,1,605303,307,106829,1127,0.002843751157879136,0.7859135285913529
8344,0.8365,2,1,2,605304,306,106831,1125,0.0028344881247915816,0.7861635220125787
8345,0.8366,1,2,1,605306,304,106832,1124,0.002815962058616473,0.7871148459383753
8346,0.8367,1,1,1,605307,303,106833,1123,0.002806699025528919,0.7875175315568023
8347,0.8368,3,0,3,605307,303,106836,1120,0.002806699025528919,0.7870695713281799
8348,0.8369,1,0,1,605307,303,106837,1119,0.002806699025528919,0.7869198312236287
8349,0.837,1,0,1,605307,303,106838,1118,0.002806699025528919,0.7867698803659395
8350,0.8372,2,0,2,605307,303,106840,1116,0.002806699025528919,0.7864693446088795
8351,0.8374,2,0,2,605307,303,106842,1114,0.002806699025528919,0.7861679604798871
8352,0.8375,1,1,1,605308,302,106843,1113,0.002797435992441365,0.7865724381625442
8353,0.8376,2,2,2,605310,300,106845,1111,0.002778909926266257,0.7873848334514528
8354,0.8377,2,0,2,605310,300,106847,1109,0.002778909926266257,0.78708303761533
8355,0.8378,2,0,2,605310,300,106849,1107,0.002778909926266257,0.7867803837953091
8356,0.8379,3,1,3,605311,299,106852,1104,0.0027696468931787026,0.7868852459016393
8357,0.838,1,2,1,605313,297,106853,1103,0.002751120827003594,0.7878571428571428
8358,0.8381,2,3,2,605316,294,106855,1101,0.0027233317277409316,0.789247311827957
8359,0.8382,2,0,2,605316,294,106857,1099,0.0027233317277409316,0.7889447236180904
8360,0.8383,2,0,2,605316,294,106859,1097,0.0027233317277409316,0.7886412652767792
8361,0.8384,3,0,3,605316,294,106862,1094,0.0027233317277409316,0.7881844380403458
8362,0.8385,2,0,2,605316,294,106864,1092,0.0027233317277409316,0.7878787878787878
8363,0.8386,1,0,1,605316,294,106865,1091,0.0027233317277409316,0.787725631768953
8364,0.8388,2,0,2,605316,294,106867,1089,0.0027233317277409316,0.7874186550976139
8365,0.8389,1,1,1,605317,293,106868,1088,0.0027140686946533774,0.7878349022447502
8366,0.839,4,0,4,605317,293,106872,1084,0.0027140686946533774,0.7872185911401598
8367,0.8391,2,1,2,605318,292,106874,1082,0.002704805661565823,0.7874818049490538
8368,0.8392,3,1,3,605319,291,106877,1079,0.002695542628478269,0.7875912408759124
8369,0.8393,6,0,6,605319,291,106883,1073,0.002695542628478269,0.7866568914956011
8370,0.8394,1,1,1,605320,290,106884,1072,0.0026862795953907148,0.7870778267254038
8371,0.8395,2,0,2,605320,290,106886,1070,0.0026862795953907148,0.7867647058823529
8372,0.8396,3,0,3,605320,290,106889,1067,0.0026862795953907148,0.7862932940309506
8373,0.8397,2,1,2,605321,289,106891,1065,0.0026770165623031606,0.7865583456425406
8374,0.8398,5,1,5,605322,288,106896,1060,0.0026677535292156064,0.7863501483679525
8375,0.8399,2,1,2,605323,287,106898,1058,0.002658490496128052,0.7866171003717473
8376,0.84,1,0,1,605323,287,106899,1057,0.002658490496128052,0.7864583333333334
8377,0.8401,2,1,2,605324,286,106901,1055,0.002649227463040498,0.7867263236390754
8378,0.8402,2,0,2,605324,286,106903,1053,0.002649227463040498,0.7864077669902912
8379,0.8403,1,0,1,605324,286,106904,1052,0.002649227463040498,0.7862481315396114
8380,0.8404,2,0,2,605324,286,106906,1050,0.002649227463040498,0.7859281437125748
8381,0.8405,1,2,1,605326,284,106907,1049,0.0026307013968653896,0.786946736684171
8382,0.8406,1,1,1,605327,283,106908,1048,0.0026214383637778354,0.7873779113448535
8383,0.8407,1,0,1,605327,283,106909,1047,0.0026214383637778354,0.7872180451127819
8384,0.8408,2,0,2,605327,283,106911,1045,0.0026214383637778354,0.7868975903614458
8385,0.8409,3,0,3,605327,283,106914,1042,0.0026214383637778354,0.7864150943396226
8386,0.841,2,3,2,605330,280,106916,1040,0.0025936492645151727,0.7878787878787878
8387,0.8411,3,1,3,605331,279,106919,1037,0.0025843862314276185,0.7879939209726444
8388,0.8412,1,1,1,605332,278,106920,1036,0.0025751231983400643,0.7884322678843226
8389,0.8413,3,0,3,605332,278,106923,1033,0.0025751231983400643,0.7879481311975591
8390,0.8414,1,2,1,605334,276,106924,1032,0.002556597132164956,0.7889908256880734
8391,0.8415,4,0,4,605334,276,106928,1028,0.002556597132164956,0.7883435582822086
8392,0.8416,1,1,1,605335,275,106929,1027,0.0025473340990774017,0.7887864823348695
8393,0.8417,1,1,1,605336,274,106930,1026,0.0025380710659898475,0.7892307692307692
8394,0.8419,1,0,1,605336,274,106931,1025,0.0025380710659898475,0.7890685142417244
8395,0.842,1,1,1,605337,273,106932,1024,0.0025288080329022933,0.7895142636854279
8396,0.8421,2,1,2,605338,272,106934,1022,0.0025195449998147395,0.7897990726429676
8397,0.8422,5,1,5,605339,271,106939,1017,0.0025102819667271853,0.7895962732919255
8398,0.8423,0,1,0,605340,270,106939,1017,0.002501018933639631,0.7902097902097902
8399,0.8424,2,1,2,605341,269,106941,1015,0.002491755900552077,0.7904984423676013
8400,0.8425,0,4,0,605345,265,106941,1015,0.00245470376820186,0.79296875
8401,0.8427,1,0,1,605345,265,106942,1014,0.00245470376820186,0.7928068803752932
8402,0.8429,3,1,3,605346,264,106945,1011,0.002445440735114306,0.7929411764705883
8403,0.843,0,2,0,605348,262,106945,1011,0.0024269146689391975,0.7941869599371564
8404,0.8431,1,0,1,605348,262,106946,1010,0.0024269146689391975,0.7940251572327044
8405,0.8432,0,1,0,605349,261,106946,1010,0.0024176516358516433,0.7946498819826908
8406,0.8433,3,0,3,605349,261,106949,1007,0.0024176516358516433,0.7941640378548895
8407,0.8434,3,1,3,605350,260,106952,1004,0.002408388602764089,0.7943037974683544
8408,0.8435,1,0,1,605350,260,106953,1003,0.002408388602764089,0.7941409342834521
8409,0.8436,3,0,3,605350,260,106956,1000,0.002408388602764089,0.7936507936507936
8410,0.8437,3,0,3,605350,260,106959,997,0.002408388602764089,0.7931583134447097
8411,0.8438,2,1,2,605351,259,106961,995,0.002399125569676535,0.7934609250398724
8412,0.8439,3,0,3,605351,259,106964,992,0.002399125569676535,0.7929656274980016
8413,0.844,4,0,4,605351,259,106968,988,0.002399125569676535,0.7923015236567763
8414,0.8441,4,2,4,605353,257,106972,984,0.0023805995035014265,0.7929089443996776
8415,0.8442,1,0,1,605353,257,106973,983,0.0023805995035014265,0.792741935483871
8416,0.8443,3,2,3,605355,255,106976,980,0.002362073437326318,0.7935222672064778
8417,0.8444,3,0,3,605355,255,106979,977,0.002362073437326318,0.7930194805194806
8418,0.8445,1,0,1,605355,255,106980,976,0.002362073437326318,0.7928513403736799
8419,0.8446,1,0,1,605355,255,106981,975,0.002362073437326318,0.7926829268292683
8420,0.8447,1,2,1,605357,253,106982,974,0.0023435473711512097,0.7938060309698451
8421,0.8448,1,0,1,605357,253,106983,973,0.0023435473711512097,0.7936378466557912
8422,0.8449,2,0,2,605357,253,106985,971,0.0023435473711512097,0.7933006535947712
8423,0.845,2,1,2,605358,252,106987,969,0.0023342843380636555,0.7936117936117936
8424,0.8451,1,0,1,605358,252,106988,968,0.0023342843380636555,0.7934426229508197
8425,0.8452,3,1,3,605359,251,106991,965,0.0023250213049761013,0.7935855263157895
8426,0.8453,3,0,3,605359,251,106994,962,0.0023250213049761013,0.7930750206100577
8427,0.8454,2,0,2,605359,251,106996,960,0.0023250213049761013,0.7927332782824112
8428,0.8455,1,1,1,605360,250,106997,959,0.002315758271888547,0.7932175351530191
8429,0.8456,1,0,1,605360,250,106998,958,0.002315758271888547,0.793046357615894
8430,0.8457,0,2,0,605362,248,106998,958,0.0022972322057134387,0.7943615257048093
8431,0.8458,4,0,4,605362,248,107002,954,0.0022972322057134387,0.7936772046589018
8432,0.8459,0,1,0,605363,247,107002,954,0.0022879691726258844,0.794338051623647
8433,0.846,3,0,3,605363,247,107005,951,0.0022879691726258844,0.7938230383973289
8434,0.8461,2,0,2,605363,247,107007,949,0.0022879691726258844,0.7934782608695652
8435,0.8462,4,1,4,605364,246,107011,945,0.0022787061395383302,0.7934508816120907
8436,0.8463,1,0,1,605364,246,107012,944,0.0022787061395383302,0.7932773109243697
8437,0.8464,0,2,0,605366,244,107012,944,0.0022601800733632223,0.7946127946127947
8438,0.8465,2,1,2,605367,243,107014,942,0.002250917040275668,0.7949367088607595
8439,0.8466,2,0,2,605367,243,107016,940,0.002250917040275668,0.7945900253592562
8440,0.8467,2,0,2,605367,243,107018,938,0.002250917040275668,0.79424216765453
8441,0.8468,4,1,4,605368,242,107022,934,0.002241654007188114,0.79421768707483
8442,0.8469,5,0,5,605368,242,107027,929,0.002241654007188114,0.7933390264731
8443,0.847,3,2,3,605370,240,107030,926,0.0022231279410130055,0.7941680960548885
8444,0.8471,1,0,1,605370,240,107031,925,0.0022231279410130055,0.7939914163090128
8445,0.8472,1,0,1,605370,240,107032,924,0.0022231279410130055,0.7938144329896907
8446,0.8473,6,1,6,605371,239,107038,918,0.0022138649079254513,0.7934312878133103
8447,0.8474,2,0,2,605371,239,107040,916,0.0022138649079254513,0.793073593073593
8448,0.8475,2,0,2,605371,239,107042,914,0.0022138649079254513,0.792714657415438
8449,0.8476,4,1,4,605372,238,107046,910,0.002204601874837897,0.7926829268292683
8450,0.8477,4,0,4,605372,238,107050,906,0.002204601874837897,0.791958041958042
8451,0.8478,3,0,3,605372,238,107053,903,0.002204601874837897,0.7914110429447853
8452,0.8481,2,2,2,605374,236,107055,901,0.0021860758086627886,0.7924362357080035
8453,0.8482,2,0,2,605374,236,107057,899,0.0021860758086627886,0.7920704845814978
8454,0.8483,5,1,5,605375,235,107062,894,0.0021768127755752344,0.79185119574845
8455,0.8484,2,2,2,605377,233,107064,892,0.002158286709400126,0.7928888888888889
8456,0.8485,1,1,1,605378,232,107065,891,0.002149023676312572,0.7934105075690115
8457,0.8486,1,0,1,605378,232,107066,890,0.002149023676312572,0.7932263814616756
8458,0.8487,3,1,3,605379,231,107069,887,0.0021397606432250176,0.7933810375670841
8459,0.8488,2,0,2,605379,231,107071,885,0.0021397606432250176,0.793010752688172
8460,0.8489,1,0,1,605379,231,107072,884,0.0021397606432250176,0.7928251121076233
8461,0.849,3,0,3,605379,231,107075,881,0.0021397606432250176,0.7922661870503597
8462,0.8491,2,1,2,605380,230,107077,879,0.0021304976101374634,0.7926059513074842
8463,0.8492,2,0,2,605380,230,107079,877,0.0021304976101374634,0.7922312556458898
8464,0.8493,2,2,2,605382,228,107081,875,0.002111971543962355,0.7932910244786945
8465,0.8494,1,0,1,605382,228,107082,874,0.002111971543962355,0.7931034482758621
8466,0.8495,1,0,1,605382,228,107083,873,0.002111971543962355,0.7929155313351499
8467,0.8496,2,0,2,605382,228,107085,871,0.002111971543962355,0.7925386715195633
8468,0.8498,5,5,5,605387,223,107090,866,0.002065656378524584,0.7952249770431589
8469,0.8499,0,1,0,605388,222,107090,866,0.00205639334543703,0.7959558823529411
8470,0.85,0,1,0,605389,221,107090,866,0.0020471303123494756,0.796688132474701
8471,0.8501,3,1,3,605390,220,107093,863,0.0020378672792619214,0.7968605724838412
8472,0.8502,1,0,1,605390,220,107094,862,0.0020378672792619214,0.7966728280961183
8473,0.8503,2,4,2,605394,216,107096,860,0.0020008151469117046,0.7992565055762082
8474,0.8504,4,1,4,605395,215,107100,856,0.001991552113824151,0.7992530345471522
8475,0.8505,1,1,1,605396,214,107101,855,0.0019822890807365966,0.7998129092609916
8476,0.8506,3,0,3,605396,214,107104,852,0.0019822890807365966,0.799249530956848
8477,0.8508,1,3,1,605399,211,107105,851,0.001954499981473934,0.8013182674199624
8478,0.8509,4,0,4,605399,211,107109,847,0.001954499981473934,0.8005671077504726
8479,0.851,1,0,1,605399,211,107110,846,0.001954499981473934,0.8003784295175024
8480,0.8512,1,2,1,605401,209,107111,845,0.0019359739152988254,0.801707779886148
8481,0.8513,2,0,2,605401,209,107113,843,0.0019359739152988254,0.8013307984790875
8482,0.8514,3,2,3,605403,207,107116,840,0.0019174478491237172,0.8022922636103151
8483,0.8515,5,1,5,605404,206,107121,835,0.001908184816036163,0.8021133525456292
8484,0.8516,1,0,1,605404,206,107122,834,0.001908184816036163,0.801923076923077
8485,0.8517,2,0,2,605404,206,107124,832,0.001908184816036163,0.8015414258188824
8486,0.8518,0,1,0,605405,205,107124,832,0.0018989217829486088,0.8023143683702989
8487,0.8519,3,1,3,605406,204,107127,829,0.0018896587498610545,0.8025169409486931
8488,0.852,1,1,1,605407,203,107128,828,0.0018803957167735003,0.8031037827352085
8489,0.8521,4,0,4,605407,203,107132,824,0.0018803957167735003,0.8023369036027264
8490,0.8522,2,0,2,605407,203,107134,822,0.0018803957167735003,0.8019512195121952
8491,0.8523,2,0,2,605407,203,107136,820,0.0018803957167735003,0.8015640273704789
8492,0.8524,2,1,2,605408,202,107138,818,0.0018711326836859461,0.8019607843137255
8493,0.8525,1,0,1,605408,202,107139,817,0.0018711326836859461,0.8017664376840039
8494,0.8526,3,1,3,605409,201,107142,814,0.001861869650598392,0.8019704433497536
8495,0.8527,3,0,3,605409,201,107145,811,0.001861869650598392,0.8013833992094862
8496,0.8528,2,0,2,605409,201,107147,809,0.001861869650598392,0.800990099009901
8497,0.8529,3,0,3,605409,201,107150,806,0.001861869650598392,0.8003972194637538
8498,0.853,1,0,1,605409,201,107151,805,0.001861869650598392,0.8001988071570576
8499,0.8531,4,1,4,605410,200,107155,801,0.0018526066175108377,0.8001998001998002
8500,0.8532,1,0,1,605410,200,107156,800,0.0018526066175108377,0.8
8501,0.8534,2,1,2,605411,199,107158,798,0.0018433435844232835,0.8004012036108324
8502,0.8535,1,1,1,605412,198,107159,797,0.0018340805513357293,0.8010050251256281
8503,0.8537,3,1,3,605413,197,107162,794,0.0018248175182481751,0.8012108980827447
8504,0.8538,2,1,2,605414,196,107164,792,0.001815554485160621,0.8016194331983806
8505,0.8539,1,0,1,605414,196,107165,791,0.001815554485160621,0.8014184397163121
8506,0.854,1,0,1,605414,196,107166,790,0.001815554485160621,0.8012170385395537
8507,0.8541,2,0,2,605414,196,107168,788,0.001815554485160621,0.8008130081300813
8508,0.8542,2,0,2,605414,196,107170,786,0.001815554485160621,0.8004073319755601
8509,0.8543,2,0,2,605414,196,107172,784,0.001815554485160621,0.8
8510,0.8544,4,0,4,605414,196,107176,780,0.001815554485160621,0.7991803278688525
8511,0.8545,3,0,3,605414,196,107179,777,0.001815554485160621,0.7985611510791367
8512,0.8546,0,1,0,605415,195,107179,777,0.0018062914520730667,0.7993827160493827
8513,0.8547,1,1,1,605416,194,107180,776,0.0017970284189855125,0.8
8514,0.8548,2,1,2,605417,193,107182,774,0.0017877653858979585,0.8004136504653567
8515,0.8549,1,0,1,605417,193,107183,773,0.0017877653858979585,0.8002070393374742
8516,0.855,3,0,3,605417,193,107186,770,0.0017877653858979585,0.7995846313603323
8517,0.8551,1,0,1,605417,193,107187,769,0.0017877653858979585,0.7993762993762994
8518,0.8552,2,0,2,605417,193,107189,767,0.0017877653858979585,0.7989583333333333
8519,0.8553,3,0,3,605417,193,107192,764,0.0017877653858979585,0.7983281086729362
8520,0.8554,1,1,1,605418,192,107193,763,0.0017785023528104043,0.7989528795811518
8521,0.8555,1,0,1,605418,192,107194,762,0.0017785023528104043,0.7987421383647799
8522,0.8556,3,0,3,605418,192,107197,759,0.0017785023528104043,0.7981072555205048
8523,0.8557,2,1,2,605419,191,107199,757,0.0017692393197228501,0.7985232067510548
8524,0.8558,1,0,1,605419,191,107200,756,0.0017692393197228501,0.7983104540654699
8525,0.8559,2,1,2,605420,190,107202,754,0.001759976286635296,0.798728813559322
8526,0.856,3,0,3,605420,190,107205,751,0.001759976286635296,0.798087141339001
8527,0.8561,1,0,1,605420,190,107206,750,0.001759976286635296,0.7978723404255319
8528,0.8562,1,0,1,605420,190,107207,749,0.001759976286635296,0.7976570820021299
8529,0.8563,2,0,2,605420,190,107209,747,0.001759976286635296,0.7972251867662753
8530,0.8564,2,0,2,605420,190,107211,745,0.001759976286635296,0.7967914438502673
8531,0.8565,1,0,1,605420,190,107212,744,0.001759976286635296,0.7965738758029979
8532,0.8566,2,2,2,605422,188,107214,742,0.0017414502204601875,0.7978494623655914
8533,0.8567,5,0,5,605422,188,107219,737,0.0017414502204601875,0.7967567567567567
8534,0.8568,4,0,4,605422,188,107223,733,0.0017414502204601875,0.7958740499457112
8535,0.8569,2,0,2,605422,188,107225,731,0.0017414502204601875,0.795429815016322
8536,0.857,3,1,3,605423,187,107228,728,0.0017321871873726333,0.7956284153005464
8537,0.8571,4,1,4,605424,186,107232,724,0.001722924154285079,0.7956043956043956
8538,0.8572,3,0,3,605424,186,107235,721,0.001722924154285079,0.794928335170893
8539,0.8573,1,0,1,605424,186,107236,720,0.001722924154285079,0.7947019867549668
8540,0.8574,3,0,3,605424,186,107239,717,0.001722924154285079,0.7940199335548173
8541,0.8575,1,1,1,605425,185,107240,716,0.001713661121197525,0.7946725860155383
8542,0.8576,3,0,3,605425,185,107243,713,0.001713661121197525,0.7939866369710468
8543,0.8577,4,0,4,605425,185,107247,709,0.001713661121197525,0.7930648769574944
8544,0.8578,4,0,4,605425,185,107251,705,0.001713661121197525,0.7921348314606742
8545,0.8579,4,0,4,605425,185,107255,701,0.001713661121197525,0.791196388261851
8546,0.858,3,1,3,605426,184,107258,698,0.0017043980881099707,0.7913832199546486
8547,0.8581,0,2,0,605428,182,107258,698,0.0016858720219348623,0.7931818181818182
8548,0.8582,3,1,3,605429,181,107261,695,0.001676608988847308,0.79337899543379
8549,0.8583,2,2,2,605431,179,107263,693,0.0016580829226721999,0.7947247706422018
8550,0.8584,1,1,1,605432,178,107264,692,0.0016488198895846457,0.7954022988505747
8551,0.8585,3,1,3,605433,177,107267,689,0.0016395568564970915,0.7956120092378753
8552,0.8588,1,0,1,605433,177,107268,688,0.0016395568564970915,0.7953757225433526
8553,0.8589,1,1,1,605434,176,107269,687,0.0016302938234095373,0.7960602549246814
8554,0.8592,0,1,0,605435,175,107269,687,0.001621030790321983,0.796983758700696
8555,0.8593,4,0,4,605435,175,107273,683,0.001621030790321983,0.796037296037296
8556,0.8594,3,1,3,605436,174,107276,680,0.0016117677572344289,0.7962529274004684
8557,0.8595,3,0,3,605436,174,107279,677,0.0016117677572344289,0.7955346650998825
8558,0.8596,3,0,3,605436,174,107282,674,0.0016117677572344289,0.7948113207547169
8559,0.8597,1,0,1,605436,174,107283,673,0.0016117677572344289,0.79456906729634
8560,0.8599,3,0,3,605436,174,107286,670,0.0016117677572344289,0.7938388625592417
8561,0.86,2,2,2,605438,172,107288,668,0.0015932416910593205,0.7952380952380952
8562,0.8601,1,0,1,605438,172,107289,667,0.0015932416910593205,0.7949940405244339
8563,0.8602,1,0,1,605438,172,107290,666,0.0015932416910593205,0.7947494033412887
8564,0.8605,4,2,4,605440,170,107294,662,0.001574715624884212,0.7956730769230769
8565,0.8606,1,0,1,605440,170,107295,661,0.001574715624884212,0.7954271961492179
8566,0.8607,2,0,2,605440,170,107297,659,0.001574715624884212,0.7949336550060314
8567,0.8608,1,0,1,605440,170,107298,658,0.001574715624884212,0.7946859903381642
8568,0.861,2,3,2,605443,167,107300,656,0.0015469265256215494,0.7970838396111786
8569,0.8611,1,0,1,605443,167,107301,655,0.0015469265256215494,0.7968369829683698
8570,0.8612,1,1,1,605444,166,107302,654,0.0015376634925339952,0.7975609756097561
8571,0.8613,2,1,2,605445,165,107304,652,0.0015284004594464412,0.7980416156670747
8572,0.8614,1,0,1,605445,165,107305,651,0.0015284004594464412,0.7977941176470589
8573,0.8615,1,0,1,605445,165,107306,650,0.0015284004594464412,0.7975460122699386
8574,0.8616,2,0,2,605445,165,107308,648,0.0015284004594464412,0.7970479704797048
8575,0.8617,4,0,4,605445,165,107312,644,0.0015284004594464412,0.796044499381953
8576,0.8618,2,0,2,605445,165,107314,642,0.0015284004594464412,0.7955390334572491
8577,0.8619,4,0,4,605445,165,107318,638,0.0015284004594464412,0.7945205479452054
8578,0.862,2,0,2,605445,165,107320,636,0.0015284004594464412,0.7940074906367042
8579,0.8622,1,2,1,605447,163,107321,635,0.0015098743932713328,0.7957393483709273
8580,0.8623,2,0,2,605447,163,107323,633,0.0015098743932713328,0.7952261306532663
8581,0.8624,2,0,2,605447,163,107325,631,0.0015098743932713328,0.7947103274559194
8582,0.8625,0,1,0,605448,162,107325,631,0.0015006113601837786,0.7957124842370744
8583,0.8626,1,0,1,605448,162,107326,630,0.0015006113601837786,0.7954545454545454
8584,0.8627,1,0,1,605448,162,107327,629,0.0015006113601837786,0.7951959544879899
8585,0.8628,3,1,3,605449,161,107330,626,0.0014913483270962244,0.795425667090216
8586,0.8629,2,1,2,605450,160,107332,624,0.0014820852940086702,0.7959183673469388
8587,0.8632,2,1,2,605451,159,107334,622,0.001472822260921116,0.7964148527528809
8588,0.8634,2,0,2,605451,159,107336,620,0.001472822260921116,0.7958921694480102
8589,0.8635,6,0,6,605451,159,107342,614,0.001472822260921116,0.7943078913324709
8590,0.8636,1,0,1,605451,159,107343,613,0.001472822260921116,0.7940414507772021
8591,0.8637,1,2,1,605453,157,107344,612,0.0014542961947460076,0.7958387516254877
8592,0.8638,2,1,2,605454,156,107346,610,0.0014450331616584534,0.7963446475195822
8593,0.8639,1,1,1,605455,155,107347,609,0.0014357701285708992,0.7971204188481675
8594,0.864,2,0,2,605455,155,107349,607,0.0014357701285708992,0.7965879265091863
8595,0.8641,0,1,0,605456,154,107349,607,0.001426507095483345,0.797634691195795
8596,0.8643,2,1,2,605457,153,107351,605,0.0014172440623957908,0.7981530343007915
8597,0.8644,2,0,2,605457,153,107353,603,0.0014172440623957908,0.7976190476190477
8598,0.8645,5,2,5,605459,151,107358,598,0.0013987179962206824,0.7983978638184246
8599,0.8647,2,1,2,605460,150,107360,596,0.0013894549631331284,0.7989276139410187
8600,0.8648,1,0,1,605460,150,107361,595,0.0013894549631331284,0.7986577181208053
8601,0.8649,2,0,2,605460,150,107363,593,0.0013894549631331284,0.7981157469717362
8602,0.865,4,0,4,605460,150,107367,589,0.0013894549631331284,0.79702300405954
8603,0.8651,1,0,1,605460,150,107368,588,0.0013894549631331284,0.7967479674796748
8604,0.8652,1,0,1,605460,150,107369,587,0.0013894549631331284,0.7964721845318861
8605,0.8653,1,0,1,605460,150,107370,586,0.0013894549631331284,0.7961956521739131
8606,0.8654,2,1,2,605461,149,107372,584,0.0013801919300455742,0.7967257844474761
8607,0.8655,3,0,3,605461,149,107375,581,0.0013801919300455742,0.7958904109589041
8608,0.8656,3,0,3,605461,149,107378,578,0.0013801919300455742,0.7950481430536451
8609,0.8657,4,2,4,605463,147,107382,574,0.0013616658638704658,0.7961165048543689
8610,0.8658,2,0,2,605463,147,107384,572,0.0013616658638704658,0.7955493741307371
8611,0.8659,2,2,2,605465,145,107386,570,0.0013431397976953574,0.7972027972027972
8612,0.866,4,0,4,605465,145,107390,566,0.0013431397976953574,0.7960618846694796
8613,0.8663,3,1,3,605466,144,107393,563,0.0013338767646078032,0.7963224893917963
8614,0.8664,0,1,0,605467,143,107393,563,0.001324613731520249,0.7974504249291785
8615,0.8667,0,1,0,605468,142,107393,563,0.0013153506984326948,0.798581560283688
8616,0.8668,1,0,1,605468,142,107394,562,0.0013153506984326948,0.7982954545454546
8617,0.8669,1,1,1,605469,141,107395,561,0.0013060876653451406,0.7991452991452992
8618,0.8672,0,1,0,605470,140,107395,561,0.0012968246322575864,0.8002853067047075
8619,0.8673,1,0,1,605470,140,107396,560,0.0012968246322575864,0.8
8620,0.8675,1,0,1,605470,140,107397,559,0.0012968246322575864,0.7997138769670958
8621,0.8676,3,0,3,605470,140,107400,556,0.0012968246322575864,0.7988505747126436
8622,0.8677,0,1,0,605471,139,107400,556,0.0012875615991700322,0.8
8623,0.8678,2,0,2,605471,139,107402,554,0.0012875615991700322,0.7994227994227994
8624,0.8679,2,0,2,605471,139,107404,552,0.0012875615991700322,0.7988422575976846
8625,0.868,5,0,5,605471,139,107409,547,0.0012875615991700322,0.7973760932944607
8626,0.8681,1,2,1,605473,137,107410,546,0.0012690355329949238,0.7994143484626647
8627,0.8682,2,0,2,605473,137,107412,544,0.0012690355329949238,0.7988252569750367
8628,0.8683,2,1,2,605474,136,107414,542,0.0012597724999073698,0.799410029498525
8629,0.8684,2,1,2,605475,135,107416,540,0.0012505094668198156,0.8
8630,0.8685,1,0,1,605475,135,107417,539,0.0012505094668198156,0.7997032640949555
8631,0.8686,3,1,3,605476,134,107420,536,0.0012412464337322614,0.8
8632,0.8688,3,0,3,605476,134,107423,533,0.0012412464337322614,0.7991004497751124
8633,0.8689,3,0,3,605476,134,107426,530,0.0012412464337322614,0.7981927710843374
8634,0.8692,4,0,4,605476,134,107430,526,0.0012412464337322614,0.796969696969697
8635,0.8694,3,0,3,605476,134,107433,523,0.0012412464337322614,0.7960426179604262
8636,0.8696,1,1,1,605477,133,107434,522,0.0012319834006447072,0.7969465648854962
8637,0.8697,2,0,2,605477,133,107436,520,0.0012319834006447072,0.7963246554364471
8638,0.8698,3,0,3,605477,133,107439,517,0.0012319834006447072,0.7953846153846154
8639,0.8699,0,2,0,605479,131,107439,517,0.0012134573344695988,0.7978395061728395
8640,0.87,2,0,2,605479,131,107441,515,0.0012134573344695988,0.7972136222910217
8641,0.8701,2,2,2,605481,129,107443,513,0.0011949312682944903,0.7990654205607477
8642,0.8702,2,0,2,605481,129,107445,511,0.0011949312682944903,0.7984375
8643,0.8704,1,0,1,605481,129,107446,510,0.0011949312682944903,0.7981220657276995
8644,0.8705,1,0,1,605481,129,107447,509,0.0011949312682944903,0.7978056426332288
8645,0.8706,2,0,2,605481,129,107449,507,0.0011949312682944903,0.7971698113207547
8646,0.8708,1,1,1,605482,128,107450,506,0.0011856682352069361,0.7981072555205048
8647,0.8709,1,0,1,605482,128,107451,505,0.0011856682352069361,0.7977883096366508
8648,0.871,1,0,1,605482,128,107452,504,0.0011856682352069361,0.7974683544303798
8649,0.8713,2,1,2,605483,127,107454,502,0.001176405202119382,0.7980922098569158
8650,0.8714,2,0,2,605483,127,107456,500,0.001176405202119382,0.7974481658692185
8651,0.8715,1,0,1,605483,127,107457,499,0.001176405202119382,0.7971246006389776
8652,0.8716,0,1,0,605484,126,107457,499,0.0011671421690318277,0.7984
8653,0.8717,2,0,2,605484,126,107459,497,0.0011671421690318277,0.797752808988764
8654,0.8718,1,0,1,605484,126,107460,496,0.0011671421690318277,0.797427652733119
8655,0.8719,3,1,3,605485,125,107463,493,0.0011578791359442735,0.7977346278317152
8656,0.872,1,1,1,605486,124,107464,492,0.0011486161028567193,0.7987012987012987
8657,0.8721,1,0,1,605486,124,107465,491,0.0011486161028567193,0.7983739837398374
8658,0.8723,2,1,2,605487,123,107467,489,0.0011393530697691651,0.7990196078431373
8659,0.8728,2,1,2,605488,122,107469,487,0.0011300900366816111,0.7996715927750411
8660,0.8729,3,1,3,605489,121,107472,484,0.001120827003594057,0.8
8661,0.873,1,1,1,605490,120,107473,483,0.0011115639705065027,0.8009950248756219
8662,0.8731,0,1,0,605491,119,107473,483,0.0011023009374189485,0.8023255813953488
8663,0.8732,1,0,1,605491,119,107474,482,0.0011023009374189485,0.8019966722129783
8664,0.8733,2,1,2,605492,118,107476,480,0.0010930379043313943,0.802675585284281
8665,0.8736,0,2,0,605494,116,107476,480,0.001074511838156286,0.8053691275167785
8666,0.8737,1,1,1,605495,115,107477,479,0.0010652488050687317,0.8063973063973064
8667,0.8738,2,0,2,605495,115,107479,477,0.0010652488050687317,0.8057432432432432
8668,0.8741,1,0,1,605495,115,107480,476,0.0010652488050687317,0.805414551607445
8669,0.8742,2,1,2,605496,114,107482,474,0.0010559857719811775,0.8061224489795918
8670,0.8743,2,1,2,605497,113,107484,472,0.0010467227388936233,0.8068376068376069
8671,0.8744,2,1,2,605498,112,107486,470,0.001037459705806069,0.8075601374570447
8672,0.8745,2,2,2,605500,110,107488,468,0.0010189336396309607,0.8096885813148789
8673,0.8746,1,1,1,605501,109,107489,467,0.0010096706065434065,0.8107638888888888
8674,0.8747,1,0,1,605501,109,107490,466,0.0010096706065434065,0.8104347826086956
8675,0.8749,1,0,1,605501,109,107491,465,0.0010096706065434065,0.8101045296167247
8676,0.875,2,0,2,605501,109,107493,463,0.0010096706065434065,0.8094405594405595
8677,0.8751,1,0,1,605501,109,107494,462,0.0010096706065434065,0.809106830122592
8678,0.8752,2,0,2,605501,109,107496,460,0.0010096706065434065,0.8084358523725835
8679,0.8753,2,0,2,605501,109,107498,458,0.0010096706065434065,0.8077601410934744
8680,0.8754,1,0,1,605501,109,107499,457,0.0010096706065434065,0.8074204946996466
8681,0.8755,2,0,2,605501,109,107501,455,0.0010096706065434065,0.8067375886524822
8682,0.8757,2,1,2,605502,108,107503,453,0.0010004075734558523,0.8074866310160428
8683,0.8758,2,2,2,605504,106,107505,451,0.000981881507280744,0.8096947935368043
8684,0.876,2,1,2,605505,105,107507,449,0.0009726184741931898,0.8104693140794224
8685,0.8761,2,1,2,605506,104,107509,447,0.0009633554411056357,0.8112522686025408
8686,0.8762,3,1,3,605507,103,107512,444,0.0009540924080180815,0.8117001828153565
8687,0.8763,3,1,3,605508,102,107515,441,0.0009448293749305273,0.8121546961325967
8688,0.8765,2,0,2,605508,102,107517,439,0.0009448293749305273,0.8114602587800369
8689,0.8766,1,0,1,605508,102,107518,438,0.0009448293749305273,0.8111111111111111
8690,0.8767,0,1,0,605509,101,107518,438,0.0009355663418429731,0.8126159554730983
8691,0.8768,0,1,0,605510,100,107518,438,0.0009263033087554189,0.8141263940520446
8692,0.8769,1,0,1,605510,100,107519,437,0.0009263033087554189,0.813780260707635
8693,0.8771,0,1,0,605511,99,107519,437,0.0009170402756678647,0.8152985074626866
8694,0.8772,2,0,2,605511,99,107521,435,0.0009170402756678647,0.8146067415730337
8695,0.8773,1,0,1,605511,99,107522,434,0.0009170402756678647,0.8142589118198874
8696,0.8774,1,0,1,605511,99,107523,433,0.0009170402756678647,0.8139097744360902
8697,0.8775,1,1,1,605512,98,107524,432,0.0009077772425803105,0.8150943396226416
8698,0.8778,3,0,3,605512,98,107527,429,0.0009077772425803105,0.8140417457305503
8699,0.8779,2,1,2,605513,97,107529,427,0.0008985142094927563,0.8148854961832062
8700,0.878,2,0,2,605513,97,107531,425,0.0008985142094927563,0.814176245210728
8701,0.8781,1,1,1,605514,96,107532,424,0.0008892511764052022,0.8153846153846154
8702,0.8782,3,0,3,605514,96,107535,421,0.0008892511764052022,0.8143133462282398
8703,0.8783,1,0,1,605514,96,107536,420,0.0008892511764052022,0.813953488372093
8704,0.8784,0,1,0,605515,95,107536,420,0.000879988143317648,0.8155339805825242
8705,0.8785,3,0,3,605515,95,107539,417,0.000879988143317648,0.814453125
8706,0.8786,2,1,2,605516,94,107541,415,0.0008707251102300938,0.8153241650294696
8707,0.8787,1,0,1,605516,94,107542,414,0.0008707251102300938,0.8149606299212598
8708,0.8788,0,1,0,605517,93,107542,414,0.0008614620771425395,0.8165680473372781
8709,0.8789,0,1,0,605518,92,107542,414,0.0008521990440549853,0.8181818181818182
8710,0.8791,2,0,2,605518,92,107544,412,0.0008521990440549853,0.8174603174603174
8711,0.8793,1,0,1,605518,92,107545,411,0.0008521990440549853,0.8170974155069582
8712,0.8794,3,0,3,605518,92,107548,408,0.0008521990440549853,0.816
8713,0.8795,1,0,1,605518,92,107549,407,0.0008521990440549853,0.8156312625250501
8714,0.8797,3,0,3,605518,92,107552,404,0.0008521990440549853,0.8145161290322581
8715,0.8798,1,0,1,605518,92,107553,403,0.0008521990440549853,0.8141414141414142
8716,0.8799,1,0,1,605518,92,107554,402,0.0008521990440549853,0.8137651821862348
8717,0.88,0,2,0,605520,90,107554,402,0.0008336729778798769,0.8170731707317073
8718,0.8801,0,1,0,605521,89,107554,402,0.0008244099447923228,0.8187372708757638
8719,0.8802,1,0,1,605521,89,107555,401,0.0008244099447923228,0.8183673469387756
8720,0.8803,3,0,3,605521,89,107558,398,0.0008244099447923228,0.8172484599589322
8721,0.8804,0,2,0,605523,87,107558,398,0.0008058838786172144,0.8206185567010309
8722,0.8805,1,0,1,605523,87,107559,397,0.0008058838786172144,0.8202479338842975
8723,0.8807,2,0,2,605523,87,107561,395,0.0008058838786172144,0.8195020746887967
8724,0.8808,2,0,2,605523,87,107563,393,0.0008058838786172144,0.81875
8725,0.8809,1,0,1,605523,87,107564,392,0.0008058838786172144,0.8183716075156576
8726,0.881,1,1,1,605524,86,107565,391,0.0007966208455296602,0.8197064989517819
8727,0.8811,2,0,2,605524,86,107567,389,0.0007966208455296602,0.8189473684210526
8728,0.8812,2,0,2,605524,86,107569,387,0.0007966208455296602,0.8181818181818182
8729,0.8813,3,0,3,605524,86,107572,384,0.0007966208455296602,0.8170212765957446
8730,0.8814,3,0,3,605524,86,107575,381,0.0007966208455296602,0.815845824411135
8731,0.8816,2,0,2,605524,86,107577,379,0.0007966208455296602,0.8150537634408602
8732,0.8817,2,0,2,605524,86,107579,377,0.0007966208455296602,0.8142548596112311
8733,0.8818,2,0,2,605524,86,107581,375,0.0007966208455296602,0.8134490238611713
8734,0.8819,2,0,2,605524,86,107583,373,0.0007966208455296602,0.8126361655773421
8735,0.882,1,0,1,605524,86,107584,372,0.0007966208455296602,0.8122270742358079
8736,0.8821,2,0,2,605524,86,107586,370,0.0007966208455296602,0.8114035087719298
8737,0.8823,1,0,1,605524,86,107587,369,0.0007966208455296602,0.810989010989011
8738,0.8824,0,1,0,605525,85,107587,369,0.000787357812442106,0.8127753303964758
8739,0.8825,2,0,2,605525,85,107589,367,0.000787357812442106,0.8119469026548672
8740,0.8827,2,1,2,605526,84,107591,365,0.0007780947793545518,0.8129175946547884
8741,0.8828,1,0,1,605526,84,107592,364,0.0007780947793545518,0.8125
8742,0.8829,3,0,3,605526,84,107595,361,0.0007780947793545518,0.8112359550561797
8743,0.883,0,1,0,605527,83,107595,361,0.0007688317462669976,0.8130630630630631
8744,0.8833,0,1,0,605528,82,107595,361,0.0007595687131794435,0.8148984198645598
8745,0.8834,1,0,1,605528,82,107596,360,0.0007595687131794435,0.8144796380090498
8746,0.8835,2,0,2,605528,82,107598,358,0.0007595687131794435,0.8136363636363636
8747,0.8837,2,0,2,605528,82,107600,356,0.0007595687131794435,0.8127853881278538
8748,0.8838,1,0,1,605528,82,107601,355,0.0007595687131794435,0.8123569794050344
8749,0.8839,1,1,1,605529,81,107602,354,0.0007503056800918893,0.8137931034482758
8750,0.884,3,0,3,605529,81,107605,351,0.0007503056800918893,0.8125
8751,0.8841,1,0,1,605529,81,107606,350,0.0007503056800918893,0.8120649651972158
8752,0.8842,2,0,2,605529,81,107608,348,0.0007503056800918893,0.8111888111888111
8753,0.8844,0,1,0,605530,80,107608,348,0.0007410426470043351,0.8130841121495327
8754,0.8847,2,0,2,605530,80,107610,346,0.0007410426470043351,0.812206572769953
8755,0.885,1,0,1,605530,80,107611,345,0.0007410426470043351,0.8117647058823529
8756,0.8851,1,1,1,605531,79,107612,344,0.0007317796139167809,0.8132387706855791
8757,0.8852,0,1,0,605532,78,107612,344,0.0007225165808292267,0.8151658767772512
8758,0.8854,2,1,2,605533,77,107614,342,0.0007132535477416725,0.8162291169451074
8759,0.8855,1,1,1,605534,76,107615,341,0.0007039905146541183,0.8177458033573142
8760,0.8856,1,1,1,605535,75,107616,340,0.0006947274815665642,0.8192771084337349
8761,0.8859,2,0,2,605535,75,107618,338,0.0006947274815665642,0.8184019370460048
8762,0.886,0,1,0,605536,74,107618,338,0.00068546444847901,0.8203883495145631
8763,0.8861,3,0,3,605536,74,107621,335,0.00068546444847901,0.8190709046454768
8764,0.8864,2,0,2,605536,74,107623,333,0.00068546444847901,0.8181818181818182
8765,0.8865,1,0,1,605536,74,107624,332,0.00068546444847901,0.8177339901477833
8766,0.8866,3,0,3,605536,74,107627,329,0.00068546444847901,0.8163771712158809
8767,0.8868,1,0,1,605536,74,107628,328,0.00068546444847901,0.8159203980099502
8768,0.8869,1,0,1,605536,74,107629,327,0.00068546444847901,0.8154613466334164
8769,0.8872,0,1,0,605537,73,107629,327,0.0006762014153914558,0.8175
8770,0.8874,1,0,1,605537,73,107630,326,0.0006762014153914558,0.8170426065162907
8771,0.8877,0,1,0,605538,72,107630,326,0.0006669383823039016,0.8190954773869347
8772,0.8878,1,0,1,605538,72,107631,325,0.0006669383823039016,0.818639798488665
8773,0.8879,2,1,2,605539,71,107633,323,0.0006576753492163474,0.8197969543147208
8774,0.8881,1,0,1,605539,71,107634,322,0.0006576753492163474,0.8193384223918575
8775,0.8884,2,0,2,605539,71,107636,320,0.0006576753492163474,0.8184143222506394
8776,0.8885,1,0,1,605539,71,107637,319,0.0006576753492163474,0.8179487179487179
8777,0.8886,1,0,1,605539,71,107638,318,0.0006576753492163474,0.8174807197943444
8778,0.8887,2,0,2,605539,71,107640,316,0.0006576753492163474,0.8165374677002584
8779,0.8888,2,0,2,605539,71,107642,314,0.0006576753492163474,0.8155844155844156
8780,0.889,1,1,1,605540,70,107643,313,0.0006484123161287932,0.8172323759791122
8781,0.8891,1,0,1,605540,70,107644,312,0.0006484123161287932,0.8167539267015707
8782,0.8892,1,1,1,605541,69,107645,311,0.000639149283041239,0.8184210526315789
8783,0.8893,2,0,2,605541,69,107647,309,0.000639149283041239,0.8174603174603174
8784,0.8894,2,0,2,605541,69,107649,307,0.000639149283041239,0.8164893617021277
8785,0.8895,0,1,0,605542,68,107649,307,0.0006298862499536849,0.8186666666666667
8786,0.8896,1,0,1,605542,68,107650,306,0.0006298862499536849,0.8181818181818182
8787,0.8902,2,0,2,605542,68,107652,304,0.0006298862499536849,0.8172043010752689
8788,0.8903,2,0,2,605542,68,107654,302,0.0006298862499536849,0.8162162162162162
8789,0.8904,2,0,2,605542,68,107656,300,0.0006298862499536849,0.8152173913043478
8790,0.8905,1,0,1,605542,68,107657,299,0.0006298862499536849,0.8147138964577657
8791,0.8907,2,0,2,605542,68,107659,297,0.0006298862499536849,0.8136986301369863
8792,0.8908,1,0,1,605542,68,107660,296,0.0006298862499536849,0.8131868131868132
8793,0.8909,2,0,2,605542,68,107662,294,0.0006298862499536849,0.8121546961325967
8794,0.891,2,0,2,605542,68,107664,292,0.0006298862499536849,0.8111111111111111
8795,0.8912,2,0,2,605542,68,107666,290,0.0006298862499536849,0.8100558659217877
8796,0.8913,0,1,0,605543,67,107666,290,0.0006206232168661307,0.8123249299719888
8797,0.8914,0,1,0,605544,66,107666,290,0.0006113601837785765,0.8146067415730337
8798,0.8918,2,0,2,605544,66,107668,288,0.0006113601837785765,0.8135593220338984
8799,0.8919,2,0,2,605544,66,107670,286,0.0006113601837785765,0.8125
8800,0.892,2,0,2,605544,66,107672,284,0.0006113601837785765,0.8114285714285714
8801,0.8922,0,2,0,605546,64,107672,284,0.0005928341176034681,0.8160919540229885
8802,0.8925,2,0,2,605546,64,107674,282,0.0005928341176034681,0.815028901734104
8803,0.8926,1,0,1,605546,64,107675,281,0.0005928341176034681,0.8144927536231884
8804,0.8927,0,1,0,605547,63,107675,281,0.0005835710845159139,0.8168604651162791
8805,0.8928,1,0,1,605547,63,107676,280,0.0005835710845159139,0.8163265306122449
8806,0.8929,2,1,2,605548,62,107678,278,0.0005743080514283597,0.8176470588235294
8807,0.893,1,1,1,605549,61,107679,277,0.0005650450183408056,0.8195266272189349
8808,0.8931,3,0,3,605549,61,107682,274,0.0005650450183408056,0.817910447761194
8809,0.8932,1,0,1,605549,61,107683,273,0.0005650450183408056,0.8173652694610778
8810,0.8933,2,0,2,605549,61,107685,271,0.0005650450183408056,0.8162650602409639
8811,0.8934,1,0,1,605549,61,107686,270,0.0005650450183408056,0.8157099697885196
8812,0.8935,1,0,1,605549,61,107687,269,0.0005650450183408056,0.8151515151515152
8813,0.8937,1,1,1,605550,60,107688,268,0.0005557819852532514,0.8170731707317073
8814,0.8938,0,1,0,605551,59,107688,268,0.0005465189521656972,0.8195718654434251
8815,0.8939,1,0,1,605551,59,107689,267,0.0005465189521656972,0.8190184049079755
8816,0.8941,1,0,1,605551,59,107690,266,0.0005465189521656972,0.8184615384615385
8817,0.8942,0,1,0,605552,58,107690,266,0.000537255919078143,0.8209876543209876
8818,0.8943,0,1,0,605553,57,107690,266,0.0005279928859905888,0.8235294117647058
8819,0.8947,1,1,1,605554,56,107691,265,0.0005187298529030345,0.8255451713395638
8820,0.8948,1,1,1,605555,55,107692,264,0.0005094668198154803,0.8275862068965517
8821,0.8949,1,0,1,605555,55,107693,263,0.0005094668198154803,0.8270440251572327
8822,0.895,1,0,1,605555,55,107694,262,0.0005094668198154803,0.8264984227129337
8823,0.8954,1,0,1,605555,55,107695,261,0.0005094668198154803,0.8259493670886076
8824,0.8955,2,0,2,605555,55,107697,259,0.0005094668198154803,0.8248407643312102
8825,0.8957,1,1,1,605556,54,107698,258,0.0005002037867279261,0.8269230769230769
8826,0.8959,1,0,1,605556,54,107699,257,0.0005002037867279261,0.8263665594855305
8827,0.896,2,0,2,605556,54,107701,255,0.0005002037867279261,0.8252427184466019
8828,0.8961,0,1,0,605557,53,107701,255,0.000490940753640372,0.827922077922078
8829,0.8962,1,0,1,605557,53,107702,254,0.000490940753640372,0.8273615635179153
8830,0.8963,0,1,0,605558,52,107702,254,0.00048167772055281784,0.8300653594771242
8831,0.8964,2,1,2,605559,51,107704,252,0.00047241468746526364,0.8316831683168316
8832,0.8965,1,0,1,605559,51,107705,251,0.00047241468746526364,0.8311258278145696
8833,0.8966,1,0,1,605559,51,107706,250,0.00047241468746526364,0.8305647840531561
8834,0.8967,0,1,0,605560,50,107706,250,0.00046315165437770943,0.8333333333333334
8835,0.8969,1,0,1,605560,50,107707,249,0.00046315165437770943,0.8327759197324415
8836,0.897,1,0,1,605560,50,107708,248,0.00046315165437770943,0.8322147651006712
8837,0.8971,1,0,1,605560,50,107709,247,0.00046315165437770943,0.8316498316498316
8838,0.8972,1,0,1,605560,50,107710,246,0.00046315165437770943,0.831081081081081
8839,0.8973,1,1,1,605561,49,107711,245,0.00045388862129015523,0.8333333333333334
8840,0.8974,1,0,1,605561,49,107712,244,0.00045388862129015523,0.8327645051194539
8841,0.8975,1,0,1,605561,49,107713,243,0.00045388862129015523,0.8321917808219178
8842,0.8976,1,0,1,605561,49,107714,242,0.00045388862129015523,0.8316151202749141
8843,0.8977,2,0,2,605561,49,107716,240,0.00045388862129015523,0.8304498269896193
8844,0.8979,1,0,1,605561,49,107717,239,0.00045388862129015523,0.8298611111111112
8845,0.8983,1,0,1,605561,49,107718,238,0.00045388862129015523,0.8292682926829268
8846,0.8985,0,1,0,605562,48,107718,238,0.0004446255882026011,0.8321678321678322
8847,0.8986,2,0,2,605562,48,107720,236,0.0004446255882026011,0.8309859154929577
8848,0.8987,1,0,1,605562,48,107721,235,0.0004446255882026011,0.8303886925795053
8849,0.8988,2,0,2,605562,48,107723,233,0.0004446255882026011,0.8291814946619217
8850,0.8989,1,1,1,605563,47,107724,232,0.0004353625551150469,0.8315412186379928
8851,0.8991,1,0,1,605563,47,107725,231,0.0004353625551150469,0.8309352517985612
8852,0.8992,1,1,1,605564,46,107726,230,0.00042609952202749267,0.8333333333333334
8853,0.8994,1,0,1,605564,46,107727,229,0.00042609952202749267,0.8327272727272728
8854,0.8995,0,1,0,605565,45,107727,229,0.00041683648893993847,0.8357664233576643
8855,0.8996,1,0,1,605565,45,107728,228,0.00041683648893993847,0.8351648351648352
8856,0.9,2,1,2,605566,44,107730,226,0.0004075734558523843,0.837037037037037
8857,0.9001,1,0,1,605566,44,107731,225,0.0004075734558523843,0.8364312267657993
8858,0.9003,0,1,0,605567,43,107731,225,0.0003983104227648301,0.8395522388059702
8859,0.9004,1,1,1,605568,42,107732,224,0.0003890473896772759,0.8421052631578947
8860,0.9005,3,1,3,605569,41,107735,221,0.00037978435658972176,0.8435114503816794
8861,0.9008,1,0,1,605569,41,107736,220,0.00037978435658972176,0.842911877394636
8862,0.9009,0,1,0,605570,40,107736,220,0.00037052132350216756,0.8461538461538461
8863,0.901,1,0,1,605570,40,107737,219,0.00037052132350216756,0.8455598455598455
8864,0.9013,1,0,1,605570,40,107738,218,0.00037052132350216756,0.8449612403100775
8865,0.9015,3,0,3,605570,40,107741,215,0.00037052132350216756,0.8431372549019608
8866,0.9016,0,2,0,605572,38,107741,215,0.00035199525732705915,0.849802371541502
8867,0.9017,1,1,1,605573,37,107742,214,0.000342732224239505,0.852589641434263
8868,0.9018,1,0,1,605573,37,107743,213,0.000342732224239505,0.852
8869,0.902,1,0,1,605573,37,107744,212,0.000342732224239505,0.8514056224899599
8870,0.9021,1,0,1,605573,37,107745,211,0.000342732224239505,0.8508064516129032
8871,0.9022,1,0,1,605573,37,107746,210,0.000342732224239505,0.8502024291497976
8872,0.9023,2,0,2,605573,37,107748,208,0.000342732224239505,0.8489795918367347
8873,0.9025,1,0,1,605573,37,107749,207,0.000342732224239505,0.8483606557377049
8874,0.9026,1,0,1,605573,37,107750,206,0.000342732224239505,0.8477366255144033
8875,0.9027,7,0,7,605573,37,107757,199,0.000342732224239505,0.8432203389830508
8876,0.903,2,0,2,605573,37,107759,197,0.000342732224239505,0.8418803418803419
8877,0.9032,1,0,1,605573,37,107760,196,0.000342732224239505,0.8412017167381974
8878,0.9034,1,0,1,605573,37,107761,195,0.000342732224239505,0.8405172413793104
8879,0.9035,2,0,2,605573,37,107763,193,0.000342732224239505,0.8391304347826087
8880,0.9036,2,0,2,605573,37,107765,191,0.000342732224239505,0.8377192982456141
8881,0.9037,2,0,2,605573,37,107767,189,0.000342732224239505,0.8362831858407079
8882,0.9039,1,0,1,605573,37,107768,188,0.000342732224239505,0.8355555555555556
8883,0.9042,2,0,2,605573,37,107770,186,0.000342732224239505,0.8340807174887892
8884,0.9043,1,0,1,605573,37,107771,185,0.000342732224239505,0.8333333333333334
8885,0.9046,2,0,2,605573,37,107773,183,0.000342732224239505,0.8318181818181818
8886,0.9047,1,0,1,605573,37,107774,182,0.000342732224239505,0.8310502283105022
8887,0.9048,0,1,0,605574,36,107774,182,0.0003334691911519508,0.8348623853211009
8888,0.9053,2,0,2,605574,36,107776,180,0.0003334691911519508,0.8333333333333334
8889,0.9054,1,0,1,605574,36,107777,179,0.0003334691911519508,0.8325581395348837
8890,0.9055,1,1,1,605575,35,107778,178,0.0003242061580643966,0.8356807511737089
8891,0.9056,1,0,1,605575,35,107779,177,0.0003242061580643966,0.8349056603773585
8892,0.9057,1,0,1,605575,35,107780,176,0.0003242061580643966,0.8341232227488151
8893,0.9059,1,0,1,605575,35,107781,175,0.0003242061580643966,0.8333333333333334
8894,0.9063,0,2,0,605577,33,107781,175,0.00030568009188928824,0.8413461538461539
8895,0.9065,1,0,1,605577,33,107782,174,0.00030568009188928824,0.8405797101449275
8896,0.907,1,0,1,605577,33,107783,173,0.00030568009188928824,0.8398058252427184
8897,0.9076,1,0,1,605577,33,107784,172,0.00030568009188928824,0.8390243902439024
8898,0.9079,2,0,2,605577,33,107786,170,0.00030568009188928824,0.8374384236453202
8899,0.908,2,0,2,605577,33,107788,168,0.00030568009188928824,0.835820895522388
8900,0.9081,1,0,1,605577,33,107789,167,0.00030568009188928824,0.835
8901,0.9086,1,0,1,605577,33,107790,166,0.00030568009188928824,0.8341708542713567
8902,0.9087,0,1,0,605578,32,107790,166,0.00029641705880173404,0.8383838383838383
8903,0.909,1,0,1,605578,32,107791,165,0.00029641705880173404,0.8375634517766497
8904,0.9092,2,0,2,605578,32,107793,163,0.00029641705880173404,0.8358974358974359
8905,0.9093,2,0,2,605578,32,107795,161,0.00029641705880173404,0.8341968911917098
8906,0.9096,2,0,2,605578,32,107797,159,0.00029641705880173404,0.8324607329842932
8907,0.9098,2,1,2,605579,31,107799,157,0.00028715402571417983,0.8351063829787234
8908,0.9099,2,0,2,605579,31,107801,155,0.00028715402571417983,0.8333333333333334
8909,0.9104,1,0,1,605579,31,107802,154,0.00028715402571417983,0.8324324324324325
8910,0.9106,0,1,0,605580,30,107802,154,0.0002778909926266257,0.8369565217391305
8911,0.9108,1,0,1,605580,30,107803,153,0.0002778909926266257,0.8360655737704918
8912,0.9113,2,0,2,605580,30,107805,151,0.0002778909926266257,0.8342541436464088
8913,0.9115,2,0,2,605580,30,107807,149,0.0002778909926266257,0.8324022346368715
8914,0.9116,1,0,1,605580,30,107808,148,0.0002778909926266257,0.8314606741573034
8915,0.9117,1,0,1,605580,30,107809,147,0.0002778909926266257,0.8305084745762712
8916,0.9118,2,0,2,605580,30,107811,145,0.0002778909926266257,0.8285714285714286
8917,0.912,1,0,1,605580,30,107812,144,0.0002778909926266257,0.8275862068965517
8918,0.9121,1,0,1,605580,30,107813,143,0.0002778909926266257,0.8265895953757225
8919,0.9122,0,1,0,605581,29,107813,143,0.0002686279595390715,0.8313953488372093
8920,0.9123,1,0,1,605581,29,107814,142,0.0002686279595390715,0.8304093567251462
8921,0.9128,1,0,1,605581,29,107815,141,0.0002686279595390715,0.8294117647058824
8922,0.9129,0,1,0,605582,28,107815,141,0.0002593649264515173,0.834319526627219
8923,0.913,1,0,1,605582,28,107816,140,0.0002593649264515173,0.8333333333333334
8924,0.9133,0,1,0,605583,27,107816,140,0.00025010189336396307,0.8383233532934131
8925,0.9137,1,0,1,605583,27,107817,139,0.00025010189336396307,0.8373493975903614
8926,0.9141,1,0,1,605583,27,107818,138,0.00025010189336396307,0.8363636363636363
8927,0.9142,0,1,0,605584,26,107818,138,0.00024083886027640892,0.8414634146341463
8928,0.9145,0,1,0,605585,25,107818,138,0.00023157582718885472,0.8466257668711656
8929,0.9146,1,0,1,605585,25,107819,137,0.00023157582718885472,0.845679012345679
8930,0.9148,2,0,2,605585,25,107821,135,0.00023157582718885472,0.84375
8931,0.9149,1,1,1,605586,24,107822,134,0.00022231279410130054,0.8481012658227848
8932,0.9154,1,1,1,605587,23,107823,133,0.00021304976101374634,0.8525641025641025
8933,0.9156,1,0,1,605587,23,107824,132,0.00021304976101374634,0.8516129032258064
8934,0.9158,0,1,0,605588,22,107824,132,0.00020378672792619216,0.8571428571428571
8935,0.9159,0,1,0,605589,21,107824,132,0.00019452369483863796,0.8627450980392157
8936,0.9163,2,0,2,605589,21,107826,130,0.00019452369483863796,0.8609271523178808
8937,0.9168,1,0,1,605589,21,107827,129,0.00019452369483863796,0.86
8938,0.9172,1,0,1,605589,21,107828,128,0.00019452369483863796,0.8590604026845637
8939,0.9173,1,0,1,605589,21,107829,127,0.00019452369483863796,0.8581081081081081
8940,0.9174,2,0,2,605589,21,107831,125,0.00019452369483863796,0.8561643835616438
8941,0.9176,0,1,0,605590,20,107831,125,0.00018526066175108378,0.8620689655172413
8942,0.918,2,0,2,605590,20,107833,123,0.00018526066175108378,0.8601398601398601
8943,0.9181,1,0,1,605590,20,107834,122,0.00018526066175108378,0.8591549295774648
8944,0.9182,0,1,0,605591,19,107834,122,0.00017599762866352957,0.8652482269503546
8945,0.9186,1,0,1,605591,19,107835,121,0.00017599762866352957,0.8642857142857143
8946,0.9187,3,0,3,605591,19,107838,118,0.00017599762866352957,0.8613138686131386
8947,0.9188,1,0,1,605591,19,107839,117,0.00017599762866352957,0.8602941176470589
8948,0.919,1,0,1,605591,19,107840,116,0.00017599762866352957,0.8592592592592593
8949,0.9193,1,0,1,605591,19,107841,115,0.00017599762866352957,0.8582089552238806
8950,0.9195,1,0,1,605591,19,107842,114,0.00017599762866352957,0.8571428571428571
8951,0.9196,1,0,1,605591,19,107843,113,0.00017599762866352957,0.8560606060606061
8952,0.92,1,0,1,605591,19,107844,112,0.00017599762866352957,0.8549618320610687
8953,0.9203,1,0,1,605591,19,107845,111,0.00017599762866352957,0.8538461538461538
8954,0.9209,1,0,1,605591,19,107846,110,0.00017599762866352957,0.8527131782945736
8955,0.9211,0,1,0,605592,18,107846,110,0.0001667345955759754,0.859375
8956,0.9212,1,1,1,605593,17,107847,109,0.00015747156248842122,0.8650793650793651
8957,0.9215,1,0,1,605593,17,107848,108,0.00015747156248842122,0.864
8958,0.9217,1,0,1,605593,17,107849,107,0.00015747156248842122,0.8629032258064516
8959,0.9222,1,0,1,605593,17,107850,106,0.00015747156248842122,0.8617886178861789
8960,0.9225,1,0,1,605593,17,107851,105,0.00015747156248842122,0.860655737704918
8961,0.9226,2,0,2,605593,17,107853,103,0.00015747156248842122,0.8583333333333333
8962,0.9228,1,0,1,605593,17,107854,102,0.00015747156248842122,0.8571428571428571
8963,0.9229,1,0,1,605593,17,107855,101,0.00015747156248842122,0.8559322033898306
8964,0.9231,1,0,1,605593,17,107856,100,0.00015747156248842122,0.8547008547008547
8965,0.9233,2,0,2,605593,17,107858,98,0.00015747156248842122,0.8521739130434782
8966,0.9239,2,0,2,605593,17,107860,96,0.00015747156248842122,0.8495575221238938
8967,0.924,0,1,0,605594,16,107860,96,0.00014820852940086702,0.8571428571428571
8968,0.9243,2,0,2,605594,16,107862,94,0.00014820852940086702,0.8545454545454545
8969,0.925,1,0,1,605594,16,107863,93,0.00014820852940086702,0.8532110091743119
8970,0.9251,0,1,0,605595,15,107863,93,0.00013894549631331284,0.8611111111111112
8971,0.9252,1,0,1,605595,15,107864,92,0.00013894549631331284,0.8598130841121495
8972,0.9253,0,1,0,605596,14,107864,92,0.00012968246322575864,0.8679245283018868
8973,0.9255,0,1,0,605597,13,107864,92,0.00012041943013820446,0.8761904761904762
8974,0.9257,0,1,0,605598,12,107864,92,0.00011115639705065027,0.8846153846153846
8975,0.9258,1,0,1,605598,12,107865,91,0.00011115639705065027,0.883495145631068
8976,0.926,2,0,2,605598,12,107867,89,0.00011115639705065027,0.8811881188118812
8977,0.927,1,0,1,605598,12,107868,88,0.00011115639705065027,0.88
8978,0.9274,1,0,1,605598,12,107869,87,0.00011115639705065027,0.8787878787878788
8979,0.9276,4,0,4,605598,12,107873,83,0.00011115639705065027,0.8736842105263158
8980,0.928,2,1,2,605599,11,107875,81,0.00010189336396309608,0.8804347826086957
8981,0.9284,2,1,2,605600,10,107877,79,9.263033087554189e-05,0.8876404494382022
8982,0.9285,1,0,1,605600,10,107878,78,9.263033087554189e-05,0.8863636363636364
8983,0.9287,1,0,1,605600,10,107879,77,9.263033087554189e-05,0.8850574712643678
8984,0.9288,1,0,1,605600,10,107880,76,9.263033087554189e-05,0.8837209302325582
8985,0.9297,1,0,1,605600,10,107881,75,9.263033087554189e-05,0.8823529411764706
8986,0.9314,1,1,1,605601,9,107882,74,8.33672977879877e-05,0.891566265060241
8987,0.932,1,0,1,605601,9,107883,73,8.33672977879877e-05,0.8902439024390244
8988,0.9325,2,0,2,605601,9,107885,71,8.33672977879877e-05,0.8875
8989,0.9326,1,0,1,605601,9,107886,70,8.33672977879877e-05,0.8860759493670886
8990,0.9327,0,1,0,605602,8,107886,70,7.410426470043351e-05,0.8974358974358975
8991,0.9328,1,0,1,605602,8,107887,69,7.410426470043351e-05,0.8961038961038961
8992,0.9331,1,0,1,605602,8,107888,68,7.410426470043351e-05,0.8947368421052632
8993,0.9332,2,0,2,605602,8,107890,66,7.410426470043351e-05,0.8918918918918919
8994,0.9334,3,1,3,605603,7,107893,63,6.484123161287932e-05,0.9
8995,0.9335,1,0,1,605603,7,107894,62,6.484123161287932e-05,0.8985507246376812
8996,0.9337,1,0,1,605603,7,107895,61,6.484123161287932e-05,0.8970588235294118
8997,0.9338,1,0,1,605603,7,107896,60,6.484123161287932e-05,0.8955223880597015
8998,0.934,1,0,1,605603,7,107897,59,6.484123161287932e-05,0.8939393939393939
8999,0.9358,1,0,1,605603,7,107898,58,6.484123161287932e-05,0.8923076923076924
9000,0.9361,1,0,1,605603,7,107899,57,6.484123161287932e-05,0.890625
9001,0.9362,0,1,0,605604,6,107899,57,5.5578198525325135e-05,0.9047619047619048
9002,0.9366,1,0,1,605604,6,107900,56,5.5578198525325135e-05,0.9032258064516129
9003,0.9373,1,0,1,605604,6,107901,55,5.5578198525325135e-05,0.9016393442622951
9004,0.9375,1,0,1,605604,6,107902,54,5.5578198525325135e-05,0.9
9005,0.9378,1,0,1,605604,6,107903,53,5.5578198525325135e-05,0.8983050847457628
9006,0.9382,2,0,2,605604,6,107905,51,5.5578198525325135e-05,0.8947368421052632
9007,0.9387,0,1,0,605605,5,107905,51,4.6315165437770945e-05,0.9107142857142857
9008,0.9388,0,1,0,605606,4,107905,51,3.7052132350216754e-05,0.9272727272727272
9009,0.9389,1,0,1,605606,4,107906,50,3.7052132350216754e-05,0.9259259259259259
9010,0.9407,2,0,2,605606,4,107908,48,3.7052132350216754e-05,0.9230769230769231
9011,0.9408,1,0,1,605606,4,107909,47,3.7052132350216754e-05,0.9215686274509803
9012,0.9433,1,0,1,605606,4,107910,46,3.7052132350216754e-05,0.92
9013,0.9434,1,0,1,605606,4,107911,45,3.7052132350216754e-05,0.9183673469387755
9014,0.9447,0,1,0,605607,3,107911,45,2.7789099262662567e-05,0.9375
9015,0.9456,1,0,1,605607,3,107912,44,2.7789099262662567e-05,0.9361702127659575
9016,0.9462,2,0,2,605607,3,107914,42,2.7789099262662567e-05,0.9333333333333333
9017,0.9496,0,1,0,605608,2,107914,42,1.8526066175108377e-05,0.9545454545454546
9018,0.95,1,0,1,605608,2,107915,41,1.8526066175108377e-05,0.9534883720930233
9019,0.9504,1,0,1,605608,2,107916,40,1.8526066175108377e-05,0.9523809523809523
9020,0.9509,1,0,1,605608,2,107917,39,1.8526066175108377e-05,0.9512195121951219
9021,0.9514,1,0,1,605608,2,107918,38,1.8526066175108377e-05,0.95
9022,0.9515,1,0,1,605608,2,107919,37,1.8526066175108377e-05,0.9487179487179487
9023,0.9518,1,0,1,605608,2,107920,36,1.8526066175108377e-05,0.9473684210526315
9024,0.9519,1,0,1,605608,2,107921,35,1.8526066175108377e-05,0.9459459459459459
9025,0.9553,1,0,1,605608,2,107922,34,1.8526066175108377e-05,0.9444444444444444
9026,0.9562,1,0,1,605608,2,107923,33,1.8526066175108377e-05,0.9428571428571428
9027,0.9578,1,0,1,605608,2,107924,32,1.8526066175108377e-05,0.9411764705882353
9028,0.9582,1,0,1,605608,2,107925,31,1.8526066175108377e-05,0.9393939393939394
9029,0.9586,0,1,0,605609,1,107925,31,9.263033087554189e-06,0.96875
9030,0.9589,2,0,2,605609,1,107927,29,9.263033087554189e-06,0.9666666666666667
9031,0.9591,2,0,2,605609,1,107929,27,9.263033087554189e-06,0.9642857142857143
9032,0.9595,1,0,1,605609,1,107930,26,9.263033087554189e-06,0.9629629629629629
9033,0.9616,1,0,1,605609,1,107931,25,9.263033087554189e-06,0.9615384615384616
9034,0.964,2,0,2,605609,1,107933,23,9.263033087554189e-06,0.9583333333333334
9035,0.9653,2,0,2,605609,1,107935,21,9.263033087554189e-06,0.9545454545454546
9036,0.9659,1,0,1,605609,1,107936,20,9.263033087554189e-06,0.9523809523809523
9037,0.9665,1,0,1,605609,1,107937,19,9.263033087554189e-06,0.95
9038,0.972,1,0,1,605609,1,107938,18,9.263033087554189e-06,0.9473684210526315
9039,0.9729,1,0,1,605609,1,107939,17,9.263033087554189e-06,0.9444444444444444
9040,0.9742,1,0,1,605609,1,107940,16,9.263033087554189e-06,0.9411764705882353
9041,0.9767,0,1,0,605610,0,107940,16,0.0,1.0
9042,0.9769,1,0,1,605610,0,107941,15,0.0,1.0
9043,0.9789,1,0,1,605610,0,107942,14,0.0,1.0
9044,0.9821,3,0,3,605610,0,107945,11,0.0,1.0
9045,0.9822,1,0,1,605610,0,107946,10,0.0,1.0
9046,0.9842,4,0,4,605610,0,107950,6,0.0,1.0
9047,0.9869,1,0,1,605610,0,107951,5,0.0,1.0
9048,0.991,1,0,1,605610,0,107952,4,0.0,1.0
9049,0.9917,2,0,2,605610,0,107954,2,0.0,1.0
9050,0.9926,1,0,1,605610,0,107955,1,0.0,1.0
9051,0.9985,1,0,1,605610,0,107956,0,0.0,
