,y_proba,y_test,Neg,Pos,TN,FP,FN,TP,FP/P,Prec
0,0.124,0,3,0,3,605607,0,107956,5.60975767905443,0.1512914767161414
1,0.1246,0,1,0,4,605606,0,107956,5.609748416021342,0.15129168873903037
2,0.1303,0,2,0,6,605604,0,107956,5.609729889955167,0.1512921127865912
3,0.1339,0,2,0,8,605602,0,107956,5.609711363888992,0.15129253683652905
4,0.1346,0,1,0,9,605601,0,107956,5.6097021008559045,0.15129274886238941
5,0.1399,0,3,0,12,605598,0,107956,5.609674311756642,0.15129338494353617
6,0.1403,0,1,0,13,605597,0,107956,5.609665048723554,0.15129359697177364
7,0.1405,0,1,0,14,605596,0,107956,5.6096557856904665,0.15129380900060543
8,0.1409,0,1,0,15,605595,0,107956,5.609646522657379,0.15129402103003148
9,0.1418,0,2,0,17,605593,0,107956,5.609627996591204,0.1512944450906665
10,0.142,0,2,0,19,605591,0,107956,5.609609470525029,0.15129486915367873
11,0.1423,1,0,1,19,605591,1,107955,5.609609470525029,0.1512936797347333
12,0.1431,0,2,0,21,605589,1,107955,5.609590944458853,0.1512941037973832
13,0.1436,0,2,0,23,605587,1,107955,5.609572418392679,0.15129452786241035
14,0.1441,0,1,0,24,605586,1,107955,5.609563155359591,0.15129473989581538
15,0.1458,0,1,0,25,605585,1,107955,5.609553892326503,0.15129495192981474
16,0.1471,0,1,0,26,605584,1,107955,5.609544629293416,0.1512951639644084
17,0.1476,0,5,0,31,605579,1,107955,5.609498314127978,0.15129622414629157
18,0.1479,0,2,0,33,605577,1,107955,5.609479788061803,0.15129664822320513
19,0.1482,0,1,0,34,605576,1,107955,5.609470525028716,0.1512968602625534
20,0.1486,0,1,0,35,605575,1,107955,5.6094612619956274,0.15129707230249603
21,0.1489,0,1,0,36,605574,1,107955,5.60945199896254,0.15129728434303302
22,0.1493,0,3,0,39,605571,1,107955,5.609424209863278,0.15129792046821
23,0.1494,0,1,0,40,605570,1,107955,5.60941494683019,0.15129813251112434
24,0.1503,0,4,0,44,605566,1,107955,5.60937789469784,0.15129898068872535
25,0.1511,0,5,0,49,605561,1,107955,5.609331579532402,0.15130004092409982
26,0.152,0,1,0,50,605560,1,107955,5.6093223164993145,0.15130025297295782
27,0.1521,0,1,0,51,605559,1,107955,5.609313053466227,0.1513004650224102
28,0.1531,1,0,1,51,605559,2,107954,5.609313053466227,0.1512992755562968
29,0.1534,0,2,0,53,605557,2,107954,5.609294527400052,0.151299699654245
30,0.1541,0,3,0,56,605554,2,107954,5.609266738300789,0.15130033580562516
31,0.1544,0,1,0,57,605553,2,107954,5.609257475267702,0.151300547857274
32,0.1548,0,2,0,59,605551,2,107954,5.609238949201527,0.15130097196235484
33,0.1552,0,3,0,62,605548,2,107954,5.609211160102264,0.15130160812443413
34,0.1554,0,1,0,63,605547,2,107954,5.609201897069176,0.15130182017964935
35,0.1555,0,1,0,64,605546,2,107954,5.609192634036089,0.15130203223545902
36,0.1561,0,1,0,65,605545,2,107954,5.6091833710030015,0.15130224429186306
37,0.1566,1,5,1,70,605540,3,107953,5.6091370558375635,0.1513021150873239
38,0.1576,0,1,0,71,605539,3,107953,5.609127792804476,0.15130232714592456
39,0.1579,0,1,0,72,605538,3,107953,5.609118529771388,0.15130253920511963
40,0.1589,1,0,1,72,605538,4,107952,5.609118529771388,0.1513013497035698
41,0.1593,0,2,0,74,605536,4,107952,5.609100003705214,0.1513017738210033
42,0.1595,0,1,0,75,605535,4,107952,5.6090907406721255,0.1513019858806117
43,0.1601,0,4,0,79,605531,4,107952,5.609053688539776,0.15130283412498965
44,0.1603,0,1,0,80,605530,4,107952,5.609044425506688,0.15130304618757026
45,0.161,0,3,0,83,605527,4,107952,5.609016636407425,0.1513036823788787
46,0.1615,1,8,1,91,605519,5,107951,5.608942532142724,0.15130418938427684
47,0.1616,0,3,0,94,605516,5,107951,5.608914743043462,0.1513048255910925
48,0.1617,0,1,0,95,605515,5,107951,5.608905480010375,0.15130503766122003
49,0.1619,0,2,0,97,605513,5,107951,5.608886953944199,0.15130546180325846
50,0.162,0,2,0,99,605511,5,107951,5.608868427878025,0.15130588594767486
51,0.1624,0,1,0,100,605510,5,107951,5.608859164844937,0.1513060980207748
52,0.1628,0,4,0,104,605506,5,107951,5.608822112712587,0.15130694631911945
53,0.1629,0,2,0,106,605504,5,107951,5.608803586646411,0.15130737047185877
54,0.1632,0,1,0,107,605503,5,107951,5.608794323613324,0.1513075825491202
55,0.1636,0,1,0,108,605502,5,107951,5.608785060580236,0.15130779462697613
56,0.1639,1,0,1,108,605502,6,107950,5.608785060580236,0.15130660506943705
57,0.1643,0,1,0,109,605501,6,107950,5.608775797547149,0.15130681714651742
58,0.1645,0,7,0,116,605494,6,107950,5.608710956315536,0.1513083017027265
59,0.1646,0,2,0,118,605492,6,107950,5.608692430249361,0.1513087258669941
60,0.1647,0,1,0,119,605491,6,107950,5.608683167216273,0.1513089379500197
61,0.165,0,3,0,122,605488,6,107950,5.60865537811701,0.15130957420266372
62,0.1654,0,1,0,123,605487,6,107950,5.608646115083923,0.1513097862880675
63,0.1655,0,2,0,125,605485,6,107950,5.608627589017748,0.15131021046065865
64,0.1657,0,10,0,135,605475,6,107950,5.608534958686873,0.15131233135928795
65,0.1658,0,1,0,136,605474,6,107950,5.608525695653785,0.151312543452421
66,0.1661,0,4,0,140,605470,6,107950,5.608488643521435,0.15131339183089906
67,0.1665,0,1,0,141,605469,6,107950,5.6084793804883475,0.15131360392700502
68,0.1675,0,4,0,145,605465,6,107950,5.608442328355997,0.1513144523173749
69,0.1679,0,1,0,146,605464,6,107950,5.6084330653229095,0.15131466441645383
70,0.1681,0,2,0,148,605462,6,107950,5.608414539256734,0.1513150886163956
71,0.1682,0,3,0,151,605459,6,107950,5.608386750157472,0.15131572492076775
72,0.1684,0,8,0,159,605451,6,107950,5.608312645892771,0.1513174217585902
73,0.1689,0,1,0,160,605450,6,107950,5.608303382859684,0.15131763386599384
74,0.169,0,41,0,201,605409,6,107950,5.607923598503094,0.151326330781556
75,0.1692,0,3,0,204,605406,6,107950,5.607895809403831,0.1513269671804821
76,0.1694,1,1,1,205,605405,7,107949,5.607886546370744,0.15132598962086144
77,0.1696,0,2,0,207,605403,7,107949,5.6078680203045685,0.1513264138882347
78,0.1698,0,3,0,210,605400,7,107949,5.607840231205306,0.15132705029375523
79,0.1699,0,2,0,212,605398,7,107949,5.607821705139131,0.15132747456707604
80,0.17,0,2,0,214,605396,7,107949,5.607803179072955,0.15132789884277595
81,0.1701,0,7,0,221,605389,7,107949,5.607738337841343,0.15132938382646094
82,0.1704,0,6,0,227,605383,7,107949,5.607682759642818,0.15133065669281626
83,0.1705,0,1,0,228,605382,7,107949,5.6076734966097295,0.1513308688392906
84,0.1706,1,1,1,229,605381,8,107948,5.607664233576642,0.15132989125634874
85,0.171,0,2,0,231,605379,8,107948,5.607645707510467,0.15133031554953058
86,0.1711,0,2,0,233,605377,8,107948,5.607627181444292,0.15133073984509166
87,0.1722,0,1,0,234,605376,8,107948,5.607617918411204,0.1513309519937644
88,0.1724,0,2,0,236,605374,8,107948,5.60759939234503,0.15133137629289437
89,0.1726,0,2,0,238,605372,8,107948,5.607580866278854,0.15133180059440363
90,0.1727,0,2,0,240,605370,8,107948,5.607562340212679,0.1513322248982922
91,0.1728,0,3,0,243,605367,8,107948,5.6075345511134165,0.1513328613585863
92,0.1729,0,2,0,245,605365,8,107948,5.607516025047241,0.15133328566842325
93,0.173,0,1,0,246,605364,8,107948,5.607506762014154,0.151333497824234
94,0.1732,2,28,2,274,605336,10,107946,5.607247397087702,0.15133705883507506
95,0.1733,0,2,0,276,605334,10,107946,5.607228871021527,0.15133748317631224
96,0.1734,0,3,0,279,605331,10,107946,5.607201081922264,0.15133811969262992
97,0.1739,0,1,0,280,605330,10,107946,5.607191818889177,0.15133833186592568
98,0.174,0,2,0,282,605328,10,107946,5.607173292823002,0.15133875621430193
99,0.1742,0,1,0,283,605327,10,107946,5.607164029789915,0.15133896838938246
100,0.1743,0,5,0,288,605322,10,107946,5.607117714624477,0.15134002927370918
101,0.1744,0,28,0,316,605294,10,107946,5.606858349698025,0.1513459705008132
102,0.1745,0,8,0,324,605286,10,107946,5.6067842454333245,0.15134766807995154
103,0.1749,0,2,0,326,605284,10,107946,5.606765719367149,0.15134809248068645
104,0.175,0,1,0,327,605283,10,107946,5.606756456334062,0.15134830468194646
105,0.1751,1,12,1,339,605271,11,107945,5.6066452999370116,0.15134966125269203
106,0.1754,0,9,0,348,605262,11,107945,5.606561932639224,0.15135157114273975
107,0.1755,0,1,0,349,605261,11,107945,5.606552669606136,0.1513517833557205
108,0.1756,0,1,0,350,605260,11,107945,5.606543406573048,0.15135199556929635
109,0.1757,0,10,0,360,605250,11,107945,5.6064507762421725,0.1513541177377856
110,0.1758,1,11,1,371,605239,12,107944,5.606348882878209,0.15135526225386753
111,0.1759,0,2,0,373,605237,12,107944,5.606330356812035,0.15135568670505803
112,0.176,1,36,1,409,605201,13,107943,5.605996887620883,0.15136213724016467
113,0.1761,0,1,0,410,605200,13,107943,5.605987624587795,0.15136234948670885
114,0.1763,0,3,0,413,605197,13,107943,5.605959835488532,0.1513629862299128
115,0.1764,0,4,0,417,605193,13,107943,5.605922783356182,0.1513638352291849
116,0.1765,0,5,0,422,605188,13,107943,5.605876468190744,0.15136489649166843
117,0.1766,0,4,0,426,605184,13,107943,5.605839416058394,0.15136574551237017
118,0.1768,0,20,0,446,605164,13,107943,5.6056541553966435,0.1513699907587501
119,0.1769,0,2,0,448,605162,13,107943,5.605635629330468,0.1513704152964851
120,0.177,1,22,1,470,605140,14,107942,5.605431842602542,0.15137389528833992
121,0.1772,0,20,0,490,605120,14,107942,5.605246581940791,0.15137814103121466
122,0.1774,0,2,0,492,605118,14,107942,5.6052280558746155,0.15137856561860152
123,0.1775,0,2,0,494,605116,14,107942,5.60520952980844,0.15137899020837015
124,0.1776,0,1,0,495,605115,14,107942,5.605200266775353,0.15137920250414763
125,0.1777,0,3,0,498,605112,14,107942,5.60517247767609,0.15137983939505284
126,0.1778,0,1,0,499,605111,14,107942,5.605163214643003,0.15138005169321214
127,0.1779,0,30,0,529,605081,14,107942,5.604885323650376,0.15138642091489335
128,0.178,0,37,0,566,605044,14,107942,5.604542591426137,0.15139427702647737
129,0.1782,0,1,0,567,605043,14,107942,5.604533328393049,0.15139448936513392
130,0.1783,1,0,1,567,605043,15,107941,5.604533328393049,0.151393299148368
131,0.1785,0,1,0,568,605042,15,107941,5.6045240653599615,0.15139351148624863
132,0.1786,0,1,0,569,605041,15,107941,5.604514802326874,0.15139372382472488
133,0.1787,0,1,0,570,605040,15,107941,5.604505539293786,0.1513939361637968
134,0.1788,0,1,0,571,605039,15,107941,5.604496276260699,0.15139414850346433
135,0.1789,0,19,0,590,605020,15,107941,5.604320278632035,0.1513981830703222
136,0.179,1,12,1,602,605008,16,107940,5.604209122234985,0.1513995410604981
137,0.1791,0,22,0,624,604986,16,107940,5.6040053355070585,0.15140421305998097
138,0.1792,0,1,0,625,604985,16,107940,5.603996072473971,0.151404425430445
139,0.1793,0,3,0,628,604982,16,107940,5.603968283374709,0.1514050625454117
140,0.1795,0,3,0,631,604979,16,107940,5.603940494275445,0.15140569966574044
141,0.1796,0,13,0,644,604966,16,107940,5.6038200748453075,0.15140846058246107
142,0.1797,0,6,0,650,604960,16,107940,5.603764496646782,0.15140973488567822
143,0.1798,0,1,0,651,604959,16,107940,5.603755233613694,0.15140994727163315
144,0.1801,2,37,2,688,604922,18,107938,5.603412501389455,0.1514154251886766
145,0.1803,0,2,0,690,604920,18,107938,5.6033939753232795,0.15141585000098196
146,0.1805,0,1,0,691,604919,18,107938,5.603384712290192,0.15141606240802855
147,0.1807,0,8,0,699,604911,18,107938,5.603310608025492,0.15141776168585494
148,0.1808,0,1,0,700,604910,18,107938,5.6033013449924045,0.151417974098265
149,0.1811,2,4,2,704,604906,20,107936,5.603264292860054,0.15141644291441864
150,0.1814,0,19,0,723,604887,20,107936,5.603088295231391,0.15142047885660256
151,0.1815,4,63,4,786,604824,24,107932,5.602504724146875,0.15142910056176306
152,0.1816,1,7,1,793,604817,25,107931,5.602439882915262,0.15142939720630574
153,0.1818,0,3,0,796,604814,25,107931,5.602412093815999,0.15143003458459897
154,0.1819,0,5,0,801,604809,25,107931,5.602365778650562,0.15143109689367792
155,0.182,0,1,0,802,604808,25,107931,5.6023565156174735,0.15143130935728225
156,0.1821,0,1,0,803,604807,25,107931,5.602347252584386,0.15143152182148278
157,0.1822,0,31,0,834,604776,25,107931,5.602060098558672,0.15143810850742312
158,0.1823,0,2,0,836,604774,25,107931,5.602041572492497,0.15143853347457925
159,0.1825,0,4,0,840,604770,25,107931,5.602004520360147,0.15143938341604685
160,0.1826,0,4,0,844,604766,25,107931,5.601967468227796,0.151440233367055
161,0.1827,1,28,1,872,604738,26,107930,5.601708103301345,0.15144499261928415
162,0.1828,0,2,0,874,604736,26,107930,5.60168957723517,0.15144541762901556
163,0.183,0,8,0,882,604728,26,107930,5.60161547297047,0.15144711769179606
164,0.1831,0,2,0,884,604726,26,107930,5.601596946904294,0.151447542713455
165,0.1832,0,7,0,891,604719,26,107930,5.601532105672682,0.15144903030804785
166,0.1833,0,1,0,892,604718,26,107930,5.601522842639594,0.15144924282394676
167,0.1837,0,2,0,894,604716,26,107930,5.601504316573418,0.15144966785753375
168,0.1838,0,2,0,896,604714,26,107930,5.601485790507244,0.15145009289350644
169,0.1839,0,4,0,900,604710,26,107930,5.601448738374893,0.1514509429726089
170,0.184,0,1,0,901,604709,26,107930,5.601439475341806,0.15145115549387558
171,0.1841,0,2,0,903,604707,26,107930,5.601420949275631,0.15145158053819827
172,0.1842,0,55,0,958,604652,26,107930,5.600911482455816,0.1514632701920621
173,0.1844,1,13,1,971,604639,27,107929,5.600791063025677,0.1514648426536134
174,0.1845,0,8,0,979,604631,27,107929,5.600716958760977,0.1514665431682946
175,0.1846,0,2,0,981,604629,27,107929,5.600698432694801,0.15146696830293113
176,0.1847,0,1,0,982,604628,27,107929,5.600689169661714,0.15146718087114433
177,0.1848,0,3,0,985,604625,27,107929,5.600661380562451,0.1514678185793638
178,0.1849,0,20,0,1005,604605,27,107929,5.6004761199007005,0.15147207010472483
179,0.185,0,6,0,1011,604599,27,107929,5.600420541702175,0.15147334560887432
180,0.1851,0,29,0,1040,604570,27,107929,5.600151913742636,0.15147951084843628
181,0.1852,0,14,0,1054,604556,27,107929,5.60002223127941,0.1514824873506109
182,0.1853,0,2,0,1056,604554,27,107929,5.600003705213235,0.15148291257475616
183,0.1854,0,42,0,1098,604512,27,107929,5.599614657823558,0.15149184283330128
184,0.1855,0,1,0,1099,604511,27,107929,5.59960539479047,0.15149205547133793
185,0.1856,0,3,0,1102,604508,27,107929,5.599577605691207,0.1514926933890295
186,0.1857,0,5,0,1107,604503,27,107929,5.5995312905257695,0.15149375659712086
187,0.1858,0,2,0,1109,604501,27,107929,5.599512764459595,0.15149418188453603
188,0.1859,0,7,0,1116,604494,27,107929,5.599447923227982,0.15149567040929335
189,0.1861,0,1,0,1117,604493,27,107929,5.5994386601948944,0.15149588305807513
190,0.1862,1,16,1,1133,604477,28,107928,5.599290451665493,0.15149809448277315
191,0.1863,0,1,0,1134,604476,28,107928,5.599281188632406,0.1514983071403305
192,0.1864,1,14,1,1148,604462,29,107927,5.59915150616918,0.15150009334787595
193,0.1865,0,62,0,1210,604400,29,107927,5.598577198117752,0.15151327971563622
194,0.1866,0,3,0,1213,604397,29,107927,5.598549409018489,0.1515139178239116
195,0.1867,0,2,0,1215,604395,29,107927,5.598530882952314,0.15151434323241456
196,0.1868,0,8,0,1223,604387,29,107927,5.598456778687614,0.15151604489031523
197,0.1869,1,15,1,1238,604372,30,107926,5.5983178331913,0.15151804441399527
198,0.187,0,2,0,1240,604370,30,107926,5.598299307125125,0.1515184698496131
199,0.1871,0,11,0,1251,604359,30,107926,5.598197413761162,0.1515208097882168
200,0.1873,0,2,0,1253,604357,30,107926,5.598178887694987,0.15152123523936412
201,0.1874,0,2,0,1255,604355,30,107926,5.598160361628811,0.15152166069290068
202,0.1875,0,36,0,1291,604319,30,107926,5.59782689243766,0.15152931926514052
203,0.1876,1,36,1,1327,604283,31,107925,5.597493423246508,0.1515357872980927
204,0.1877,0,7,0,1334,604276,31,107925,5.597428582014895,0.15153727669576425
205,0.1878,0,2,0,1336,604274,31,107925,5.597410055948719,0.15153770224333368
206,0.1879,1,9,1,1345,604265,32,107924,5.597326688650932,0.15153842589537328
207,0.188,0,2,0,1347,604263,32,107924,5.597308162584757,0.1515388514533402
208,0.1881,0,9,0,1356,604254,32,107924,5.5972247952869685,0.15154076649376982
209,0.1882,1,10,1,1366,604244,33,107923,5.5971321649560934,0.15154170299943692
210,0.1883,0,7,0,1373,604237,33,107923,5.59706732372448,0.15154319254100201
211,0.1884,0,13,0,1386,604224,33,107923,5.5969469042943425,0.15154595891016884
212,0.1885,1,22,1,1408,604202,34,107922,5.596743117566416,0.15154944925321995
213,0.1886,0,4,0,1412,604198,34,107922,5.5967060654340655,0.15155030051114982
214,0.1887,0,21,0,1433,604177,34,107922,5.596511541739227,0.15155476977218055
215,0.1888,3,14,3,1447,604163,37,107919,5.5963818592760015,0.1515541749405265
216,0.1889,1,5,1,1452,604158,38,107918,5.5963355441105636,0.1515540476016605
217,0.189,0,4,0,1456,604154,38,107918,5.596298491978214,0.15155489894280352
218,0.1891,1,15,1,1471,604139,39,107917,5.5961595464819,0.15155690001909963
219,0.1892,2,33,2,1504,604106,41,107915,5.59585386639001,0.15156154102196423
220,0.1893,0,3,0,1507,604103,41,107915,5.595826077290748,0.1515621796078189
221,0.1894,0,2,0,1509,604101,41,107915,5.595807551224573,0.15156260533471158
222,0.1895,0,1,0,1510,604100,41,107915,5.595798288191485,0.1515628181990548
223,0.1897,0,1,0,1511,604099,41,107915,5.595789025158398,0.15156303106399593
224,0.1898,0,29,0,1540,604070,41,107915,5.595520397198859,0.1515692044073962
225,0.1899,0,3,0,1543,604067,41,107915,5.595492608099596,0.1515698430578301
226,0.19,0,2,0,1545,604065,41,107915,5.595474082033421,0.15157026882777605
227,0.1901,1,12,1,1557,604053,42,107914,5.59536292563637,0.1515716318312506
228,0.1902,0,24,0,1581,604029,42,107914,5.595140612842269,0.151576741396432
229,0.1903,0,55,0,1636,603974,42,107914,5.594631146022453,0.1515884521160632
230,0.1904,0,1,0,1637,603973,42,107914,5.594621882989366,0.15158866505498766
231,0.1905,0,1,0,1638,603972,42,107914,5.594612619956279,0.15158887799451035
232,0.1906,0,16,0,1654,603956,42,107914,5.594464411426878,0.15159228510823605
233,0.1908,0,1,0,1655,603955,42,107914,5.59445514839379,0.1515924980579292
234,0.1909,0,16,0,1671,603939,42,107914,5.594306939864389,0.15159590533438785
235,0.191,1,23,1,1694,603916,43,107913,5.594093890103376,0.15159961170449646
236,0.1911,1,24,1,1718,603892,44,107912,5.593871577309274,0.1516035313091806
237,0.1912,1,47,1,1765,603845,45,107911,5.593436214754159,0.15161235029982184
238,0.1913,0,13,0,1778,603832,45,107911,5.5933157953240205,0.15161511950240467
239,0.1914,0,15,0,1793,603817,45,107911,5.5931768498277075,0.15161831486185734
240,0.1915,0,5,0,1798,603812,45,107911,5.5931305346622695,0.15161938001160563
241,0.1916,4,108,4,1906,603704,49,107907,5.592130127088814,0.1516376222402408
242,0.1918,0,20,0,1926,603684,49,107907,5.591944866427063,0.15164188417222815
243,0.1919,0,1,0,1927,603683,49,107907,5.591935603393975,0.1516420972751163
244,0.192,0,2,0,1929,603681,49,107907,5.591917077327801,0.15164252348268942
245,0.1921,1,13,1,1942,603668,50,107906,5.591796657897662,0.15164410166757075
246,0.1922,0,9,0,1951,603659,50,107906,5.591713290599874,0.15164601968899538
247,0.1923,0,3,0,1954,603656,50,107906,5.591685501500612,0.1516466590402523
248,0.1924,0,4,0,1958,603652,50,107906,5.591648449368261,0.15164751151698105
249,0.1925,0,3,0,1961,603649,50,107906,5.591620660268998,0.15164815088081737
250,0.1926,0,40,0,2001,603609,50,107906,5.5912501389454965,0.15165667624716275
251,0.1927,1,53,1,2054,603556,51,107905,5.590759198191856,0.15166678145393775
252,0.1928,0,14,0,2068,603542,51,107905,5.59062951572863,0.1516697659839735
253,0.1929,0,1,0,2069,603541,51,107905,5.590620252695542,0.151669979169185
254,0.193,0,2,0,2071,603539,51,107905,5.590601726629368,0.15167040554140593
255,0.1931,0,11,0,2082,603528,51,107905,5.590499833265405,0.15167275063147198
256,0.1932,1,57,1,2139,603471,52,107904,5.589971840379413,0.15168371112282553
257,0.1933,0,3,0,2142,603468,52,107904,5.589944051280151,0.15168435080379886
258,0.1934,0,16,0,2158,603452,52,107904,5.589795842750751,0.15168776252677985
259,0.1935,0,5,0,2163,603447,52,107904,5.589749527585313,0.15168882872168593
260,0.1936,0,13,0,2176,603434,52,107904,5.589629108155174,0.1516916008985883
261,0.1937,0,7,0,2183,603427,52,107904,5.589564266923562,0.15169309365119754
262,0.1938,0,22,0,2205,603405,52,107904,5.589360480195635,0.15169778535067038
263,0.1939,0,4,0,2209,603401,52,107904,5.589323428063285,0.15169863841811881
264,0.194,0,29,0,2238,603372,52,107904,5.589054800103746,0.1517048234440639
265,0.1941,0,28,0,2266,603344,52,107904,5.588795435177294,0.15171079567183318
266,0.1942,0,35,0,2301,603309,52,107904,5.58847122901923,0.15171826161782756
267,0.1943,0,40,0,2341,603269,52,107904,5.588100707695728,0.15172679502737027
268,0.1944,0,12,0,2353,603257,52,107904,5.587989551298677,0.15172935523742162
269,0.1945,0,5,0,2358,603252,52,107904,5.587943236133239,0.15173042201711018
270,0.1946,0,3,0,2361,603249,52,107904,5.587915447033977,0.15173106209212364
271,0.1947,1,46,1,2407,603203,53,107903,5.58748934751195,0.15173968437898147
272,0.1948,0,4,0,2411,603199,53,107903,5.587452295379599,0.15174053792564218
273,0.195,2,45,2,2456,603154,55,107901,5.587035458890659,0.15174775509630056
274,0.1951,0,13,0,2469,603141,55,107901,5.586915039460521,0.15175052950458623
275,0.1952,1,3,1,2472,603138,56,107900,5.586887250361258,0.15174997679448918
276,0.1954,0,4,0,2476,603134,56,107900,5.586850198228908,0.15175083048068025
277,0.1955,0,3,0,2479,603131,56,107900,5.5868224091296455,0.15175147075162687
278,0.1956,3,48,3,2527,603083,59,107897,5.586377783541443,0.15175813665644602
279,0.1957,1,11,1,2538,603072,60,107896,5.58627589017748,0.15175929155742593
280,0.1958,1,61,1,2599,603011,61,107895,5.585710845159139,0.15177112023249206
281,0.196,0,14,0,2613,602997,61,107895,5.585581162695913,0.15177410914738104
282,0.1961,0,3,0,2616,602994,61,107895,5.5855533735966505,0.15177474964445925
283,0.1962,0,10,0,2626,602984,61,107895,5.585460743265775,0.15177688467376305
284,0.1963,0,18,0,2644,602966,61,107895,5.585294008670199,0.1517807278778833
285,0.1964,0,34,0,2678,602932,61,107895,5.584979065545222,0.1517879877944985
286,0.1965,0,4,0,2682,602928,61,107895,5.5849420134128716,0.1517888419479955
287,0.1966,0,6,0,2688,602922,61,107895,5.584886435214346,0.1517901231962657
288,0.1967,1,7,1,2695,602915,62,107894,5.584821593982734,0.15179042471324927
289,0.1968,1,17,1,2712,602898,63,107893,5.584664122420246,0.15179286175542459
290,0.1969,3,30,3,2742,602868,66,107890,5.584386231427619,0.15179568854659392
291,0.197,0,1,0,2743,602867,66,107890,5.5843769683945315,0.15179590211563165
292,0.1971,0,4,0,2747,602863,66,107890,5.584339916262181,0.1517967563977922
293,0.1972,0,22,0,2769,602841,66,107890,5.584136129534254,0.15180145512155793
294,0.1973,0,12,0,2781,602829,66,107890,5.584024973137204,0.151804018184402
295,0.1974,0,2,0,2783,602827,66,107890,5.584006447071029,0.15180444536995738
296,0.1975,3,63,3,2846,602764,69,107887,5.583422875986513,0.15181432236076497
297,0.1976,5,28,5,2874,602736,74,107882,5.583163511060062,0.15181433625379598
298,0.1977,0,45,0,2919,602691,74,107882,5.582746674571122,0.15182395053006517
299,0.1978,0,51,0,2970,602640,74,107882,5.582274259883656,0.15183484818204082
300,0.1979,0,34,0,3004,602606,74,107882,5.581959316758679,0.15184211415252616
301,0.198,0,11,0,3015,602595,74,107882,5.581857423394716,0.15184446505657467
302,0.1981,4,31,4,3046,602564,78,107878,5.581570269369002,0.15184631539238952
303,0.1982,3,40,3,3086,602524,81,107875,5.5811997480455,0.15185128357444197
304,0.1983,0,5,0,3091,602519,81,107875,5.581153432880062,0.1518523523565796
305,0.1984,1,19,1,3110,602500,82,107874,5.580977435251398,0.15185521992640497
306,0.1985,0,38,0,3148,602462,82,107874,5.580625439994072,0.15186334354446346
307,0.1986,0,39,0,3187,602423,82,107874,5.580264181703657,0.1518716818457631
308,0.1987,0,3,0,3190,602420,82,107874,5.5802363926043945,0.15187232329148212
309,0.1988,0,6,0,3196,602414,82,107874,5.580180814405869,0.15187360619917556
310,0.199,0,34,0,3230,602380,82,107874,5.579865871280893,0.1518808764188586
311,0.1991,2,23,2,3253,602357,84,107872,5.579652821519878,0.1518834066195551
312,0.1992,0,44,0,3297,602313,84,107872,5.579245248064026,0.15189281666044763
313,0.1993,0,2,0,3299,602311,84,107872,5.579226721997851,0.151893244417284
314,0.1994,0,14,0,3313,602297,84,107872,5.579097039534625,0.15189623878259964
315,0.1995,3,24,3,3337,602273,87,107869,5.578874726740524,0.15189778945619326
316,0.1996,0,2,0,3339,602271,87,107869,5.578856200674349,0.15189821725293604
317,0.1997,1,7,1,3346,602264,88,107868,5.578791359442736,0.15189852027510378
318,0.1998,0,4,0,3350,602260,88,107868,5.578754307310386,0.151899375887164
319,0.1999,2,56,2,3406,602204,90,107866,5.578235577457483,0.15190896672159082
320,0.2,0,7,0,3413,602197,90,107866,5.57817073622587,0.15191046428274674
321,0.2001,2,20,2,3433,602177,92,107864,5.577985475564119,0.15191235435700193
322,0.2002,1,34,1,3467,602143,93,107863,5.577670532439142,0.15191843449210288
323,0.2003,1,7,1,3474,602136,94,107862,5.577605691207529,0.1519187377992614
324,0.2004,0,28,0,3502,602108,94,107862,5.577346326281077,0.15192472921391045
325,0.2005,0,12,0,3514,602096,94,107862,5.577235169884027,0.15192729710771624
326,0.2006,1,31,1,3545,602065,95,107861,5.576948015858313,0.15193273665142565
327,0.2007,0,5,0,3550,602060,95,107861,5.576901700692875,0.1519338067193392
328,0.2008,1,5,1,3555,602055,96,107860,5.576855385527437,0.1519336822013903
329,0.2009,0,2,0,3557,602053,96,107860,5.576836859461262,0.151934110236043
330,0.2011,7,68,7,3625,601985,103,107853,5.576206973211308,0.15194030187169466
331,0.2012,0,4,0,3629,601981,103,107853,5.576169921078958,0.15194115807357778
332,0.2013,0,36,0,3665,601945,103,107853,5.575836451887806,0.15194886432477972
333,0.2014,0,7,0,3672,601938,103,107853,5.575771610656194,0.1519503628532906
334,0.2015,1,27,1,3699,601911,104,107852,5.575521508762829,0.1519549483419113
335,0.2016,2,98,2,3797,601813,106,107850,5.574613731520249,0.15197354237152
336,0.2017,1,28,1,3825,601785,107,107849,5.574354366593798,0.15197834376594133
337,0.2018,0,3,0,3828,601782,107,107849,5.574326577494535,0.15197898626187412
338,0.2019,0,5,0,3833,601777,107,107849,5.574280262329097,0.15198005710050083
339,0.202,0,18,0,3851,601759,107,107849,5.574113527733521,0.15198391224450683
340,0.2021,0,5,0,3856,601754,107,107849,5.5740672125680835,0.1519849831525515
341,0.2022,0,32,0,3888,601722,107,107849,5.573770795509281,0.1519918373214238
342,0.2023,0,24,0,3912,601698,107,107849,5.57354848271518,0.15199697835379475
343,0.2024,0,4,0,3916,601694,107,107849,5.57351143058283,0.15199783522633584
344,0.2025,0,21,0,3937,601673,107,107849,5.5733169068879915,0.15200233396568394
345,0.2026,0,18,0,3955,601655,107,107849,5.573150172292415,0.15200619023994227
346,0.2027,1,36,1,3991,601619,108,107848,5.572816703101264,0.1520127081315974
347,0.2028,0,31,0,4022,601588,108,107848,5.572529549075549,0.1520193505827164
348,0.2029,0,8,0,4030,601580,108,107848,5.572455444810849,0.1520210648578855
349,0.203,1,10,1,4040,601570,109,107847,5.572362814479973,0.15202201244120173
350,0.2031,1,45,1,4085,601525,110,107846,5.571945977991033,0.15203046078850135
351,0.2032,0,13,0,4098,601512,110,107846,5.571825558560895,0.15203324696415632
352,0.2033,0,31,0,4129,601481,110,107846,5.571538404535181,0.15203989133361623
353,0.2034,0,38,0,4167,601443,110,107846,5.571186409277854,0.15204803683688878
354,0.2035,0,6,0,4173,601437,110,107846,5.571130831079329,0.15204932304876898
355,0.2036,1,13,1,4186,601424,111,107845,5.5710104116491905,0.15205091439214177
356,0.2037,5,119,5,4305,601305,116,107840,5.569908110711771,0.15207045103610686
357,0.2038,1,4,1,4309,601301,117,107839,5.569871058579421,0.15207011309473448
358,0.2039,0,44,0,4353,601257,117,107839,5.569463485123569,0.1520795491724675
359,0.2041,1,62,1,4415,601195,118,107838,5.5688891770721405,0.15209165158744375
360,0.2042,1,26,1,4441,601169,119,107837,5.568648338211864,0.15209603303780223
361,0.2043,3,31,3,4472,601138,122,107834,5.56836118418615,0.15209909559192747
362,0.2044,2,15,2,4487,601123,124,107832,5.568222238689836,0.15209992171576475
363,0.2045,0,13,0,4500,601110,124,107832,5.568101819259699,0.15210271080003723
364,0.2046,1,16,1,4516,601094,125,107831,5.567953610730298,0.152104947631978
365,0.2047,1,35,1,4551,601059,126,107830,5.567629404572233,0.15211126142456718
366,0.2048,0,3,0,4554,601056,126,107830,5.56760161547297,0.1521119051582342
367,0.2049,0,22,0,4576,601034,126,107830,5.567397828745044,0.15211662603828097
368,0.205,0,6,0,4582,601028,126,107830,5.567342250546519,0.15211791360187796
369,0.2051,0,72,0,4654,600956,126,107830,5.566675312164215,0.15213336606535682
370,0.2052,0,120,0,4774,600836,126,107830,5.565563748193709,0.15215912714875554
371,0.2053,0,9,0,4783,600827,126,107830,5.56548038089592,0.15216105958171583
372,0.2054,2,86,2,4869,600741,128,107828,5.564683760050391,0.15217713447808187
373,0.2055,1,3,1,4872,600738,129,107827,5.5646559709511285,0.15217658224721797
374,0.2056,1,18,1,4890,600720,130,107826,5.564489236355552,0.15217925159410964
375,0.2057,0,2,0,4892,600718,130,107826,5.564470710289378,0.1521796811489477
376,0.2058,1,7,1,4899,600711,131,107825,5.564405869057764,0.15217998803165964
377,0.2059,0,26,0,4925,600685,131,107825,5.564165030197488,0.15218557253955484
378,0.206,0,39,0,4964,600646,131,107825,5.563803771907073,0.15219395006993935
379,0.2061,3,18,3,4982,600628,134,107822,5.563637037311497,0.15219422683322748
380,0.2062,2,100,2,5082,600528,136,107820,5.562710734002742,0.15221331887716208
381,0.2063,1,3,1,5085,600525,137,107819,5.56268294490348,0.15221276667833708
382,0.2064,1,36,1,5121,600489,138,107818,5.5623494757123275,0.1522193060353773
383,0.2065,0,18,0,5139,600471,138,107818,5.562182741116751,0.15222317443868252
384,0.2066,0,24,0,5163,600447,138,107818,5.56196042832265,0.15222833261561702
385,0.2067,1,39,1,5202,600408,139,107817,5.561599170032236,0.15223551837339827
386,0.2068,0,11,0,5213,600397,139,107817,5.561497276668272,0.15223788289980147
387,0.2069,3,51,3,5264,600346,142,107814,5.561024861980807,0.15224525530953456
388,0.207,0,19,0,5283,600327,142,107814,5.560848864352144,0.15224934017377895
389,0.2071,0,20,0,5303,600307,142,107814,5.560663603690393,0.15225364026769436
390,0.2072,1,16,1,5319,600291,143,107813,5.560515395160992,0.15225588331657497
391,0.2073,0,6,0,5325,600285,143,107813,5.560459816962466,0.15225717344209416
392,0.2074,0,68,0,5393,600217,143,107813,5.559829930712512,0.15227179639280822
393,0.2075,1,21,1,5414,600196,144,107812,5.559635407017674,0.15227511553541767
394,0.2076,0,49,0,5463,600147,144,107812,5.559181518396383,0.15228565496024488
395,0.2077,1,6,1,5469,600141,145,107811,5.559125940197858,0.1522857481863177
396,0.2078,1,25,1,5494,600116,146,107810,5.558894364370669,0.15228992860835738
397,0.2079,1,57,1,5551,600059,147,107809,5.558366371484679,0.1523009939706273
398,0.208,2,18,2,5569,600041,149,107807,5.558199636889103,0.1523024717170918
399,0.2081,4,78,4,5647,599963,153,107803,5.557477120308274,0.15231446551543873
400,0.2082,1,6,1,5653,599957,154,107802,5.557421542109749,0.15231455905188065
401,0.2083,0,17,0,5670,599940,154,107802,5.55726407054726,0.15231821765558637
402,0.2084,1,46,1,5716,599894,155,107801,5.5568379710252325,0.15232692049541116
403,0.2085,2,22,2,5738,599872,157,107799,5.556634184297306,0.15232926034838223
404,0.2086,4,107,4,5845,599765,161,107795,5.555643039756938,0.15234750409859235
405,0.2087,0,29,0,5874,599736,161,107795,5.555374411797399,0.15235374845766475
406,0.2088,1,11,1,5885,599725,162,107794,5.555272518433436,0.15235491909051205
407,0.2089,0,2,0,5887,599723,162,107794,5.555253992367261,0.15235534976544735
408,0.209,4,58,4,5945,599665,166,107790,5.554716736448182,0.1523630478263635
409,0.2091,0,14,0,5959,599651,166,107790,5.554587053984957,0.15236606303564537
410,0.2093,1,16,1,5975,599635,167,107789,5.5544388454555556,0.1523683109422355
411,0.2094,0,26,0,6001,599609,167,107789,5.554198006595279,0.15237391115044147
412,0.2095,3,32,3,6033,599577,170,107786,5.553901589536478,0.15237720943843544
413,0.2096,1,16,1,6049,599561,171,107785,5.553753381007077,0.15237945786079232
414,0.2097,1,19,1,6068,599542,172,107784,5.553577383378413,0.1523823526916867
415,0.2098,2,23,2,6091,599519,174,107782,5.5533643336174,0.15238491109160032
416,0.2099,2,30,2,6121,599489,176,107780,5.553086442624773,0.15238897788535904
417,0.21,0,5,0,6126,599484,176,107780,5.553040127459336,0.15239005519862456
418,0.2101,1,50,1,6176,599434,177,107779,5.552576975804958,0.15239963066289788
419,0.2102,0,10,0,6186,599424,177,107779,5.552484345474082,0.1524017856259094
420,0.2103,0,19,0,6205,599405,177,107779,5.552308347845418,0.15240588022353446
421,0.2104,0,18,0,6223,599387,177,107779,5.552141613249843,0.1524097595189814
422,0.2105,4,89,4,6312,599298,181,107775,5.55131720330505,0.15242414856740394
423,0.2106,0,7,0,6319,599291,181,107775,5.551252362073438,0.15242565757652043
424,0.2107,1,1,1,6320,599290,182,107774,5.55124309904035,0.1524246744283403
425,0.2108,0,2,0,6322,599288,182,107774,5.551224572974174,0.15242510557772868
426,0.2109,3,68,3,6390,599220,185,107771,5.550594686724221,0.15243616962592169
427,0.211,1,27,1,6417,599193,186,107770,5.550344584830857,0.15244079251672293
428,0.2111,0,4,0,6421,599189,186,107770,5.550307532698507,0.15244165503232862
429,0.2112,0,1,0,6422,599188,186,107770,5.5502982696654195,0.15244187066275508
430,0.2113,0,8,0,6430,599180,186,107770,5.550224165400719,0.15244359572812788
431,0.2114,0,35,0,6465,599145,186,107770,5.549899959242654,0.1524511433482102
432,0.2115,0,4,0,6469,599141,186,107770,5.549862907110304,0.15245200598095093
433,0.2116,0,34,0,6503,599107,186,107770,5.549547963985328,0.15245933875341822
434,0.2117,0,27,0,6530,599080,186,107770,5.549297862091963,0.15246516233995897
435,0.2118,0,40,0,6570,599040,186,107770,5.548927340768461,0.1524737906933971
436,0.2119,1,40,1,6610,599000,187,107769,5.5485568194449595,0.15248122087980656
437,0.212,2,60,2,6670,598940,189,107767,5.548001037459706,0.15249176815851548
438,0.2121,0,1,0,6671,598939,189,107767,5.5479917744266185,0.15249198393674315
439,0.2122,1,19,1,6690,598920,190,107766,5.547815776797955,0.1524948845739126
440,0.2123,0,22,0,6712,598898,190,107766,5.5476119900700285,0.1524996320740833
441,0.2124,0,14,0,6726,598884,190,107766,5.547482307606803,0.15250265336446614
442,0.2125,1,16,1,6742,598868,191,107765,5.547334099077402,0.15250490707340303
443,0.2126,1,28,1,6770,598840,192,107764,5.54707473415095,0.1525097508646993
444,0.2127,0,3,0,6773,598837,192,107764,5.5470469450516875,0.15251039837192418
445,0.2128,0,9,0,6782,598828,192,107764,5.5469635777539,0.15251234092658847
446,0.2129,1,72,1,6854,598756,193,107763,5.546296639371596,0.15252668364191196
447,0.213,0,31,0,6885,598725,193,107763,5.5460094853458815,0.15253337636308048
448,0.2131,2,10,2,6895,598715,195,107761,5.545916855015006,0.15253313629903917
449,0.2132,1,33,1,6928,598682,196,107760,5.545611174923117,0.15253906194705297
450,0.2133,0,22,0,6950,598660,196,107760,5.545407388195191,0.1525438124628408
451,0.2134,5,88,5,7038,598572,201,107755,5.544592241283486,0.15255681858402695
452,0.2135,0,34,0,7072,598538,201,107755,5.544277298158509,0.15256416246515256
453,0.2136,1,32,1,7104,598506,202,107754,5.543980881099707,0.1525698751168125
454,0.2137,0,7,0,7111,598499,202,107754,5.543916039868094,0.15257138730738135
455,0.2138,2,84,2,7195,598415,204,107752,5.5431379450887395,0.15258713590411332
456,0.2139,1,15,1,7210,598400,205,107751,5.5429989995924265,0.1525891771023478
457,0.214,0,34,0,7244,598366,205,107751,5.54268405646745,0.15259652437202334
458,0.2141,4,79,4,7323,598287,209,107747,5.541952276853533,0.1526087978765895
459,0.2142,0,21,0,7344,598266,209,107747,5.541757753158694,0.15261333714818281
460,0.2143,4,24,4,7368,598242,213,107743,5.541535440364593,0.15261372408762225
461,0.2144,1,39,1,7407,598203,214,107742,5.541174182074179,0.15262095489025349
462,0.2145,0,39,0,7446,598164,214,107742,5.540812923783764,0.15262938691553832
463,0.2146,1,30,1,7476,598134,215,107741,5.540535032791137,0.15263467327784663
464,0.2147,2,44,2,7520,598090,217,107739,5.5401274593352845,0.15264178717508065
465,0.2148,0,2,0,7522,598088,217,107739,5.54010893326911,0.152642219694061
466,0.2149,0,13,0,7535,598075,217,107739,5.5399885138389715,0.1526450311271808
467,0.215,3,18,3,7553,598057,220,107736,5.539821779243395,0.15264532235372127
468,0.2151,0,16,0,7569,598041,220,107736,5.539673570713995,0.1526487828308375
469,0.2152,0,14,0,7583,598027,220,107736,5.539543888250769,0.15265181087702245
470,0.2153,2,26,2,7609,598001,222,107734,5.539303049390492,0.15265503340488995
471,0.2154,2,26,2,7635,597975,224,107732,5.539062210530216,0.1526582561884748
472,0.2155,2,51,2,7686,597924,226,107730,5.538589795842751,0.1526668877381833
473,0.2156,4,52,4,7738,597872,230,107726,5.538108118122198,0.15267333524187993
474,0.2157,0,36,0,7774,597836,230,107726,5.5377746489310455,0.1526811251172824
475,0.2158,1,37,1,7811,597799,231,107725,5.537431916706806,0.15268793123975938
476,0.2159,1,30,1,7841,597769,232,107724,5.53715402571418,0.15269322303694013
477,0.216,0,41,0,7882,597728,232,107724,5.53677424135759,0.15270209737870188
478,0.2161,0,3,0,7885,597725,232,107724,5.536746452258328,0.15270274676128254
479,0.2162,0,23,0,7908,597702,232,107724,5.536533402497314,0.15270772554456455
480,0.2163,1,11,1,7919,597691,233,107723,5.536431509133351,0.15270890569226014
481,0.2164,2,50,2,7969,597641,235,107721,5.535968357478973,0.1527173281237152
482,0.2165,3,77,3,8046,597564,238,107718,5.535255103931231,0.152730397202821
483,0.2166,0,27,0,8073,597537,238,107718,5.535005002037868,0.15273624433715466
484,0.2167,1,12,1,8085,597525,239,107717,5.534893845640816,0.15273764183074745
485,0.2168,3,65,3,8150,597460,242,107714,5.5342917484901255,0.1527481160678074
486,0.2169,0,8,0,8158,597452,242,107714,5.534217644225425,0.15274984897173147
487,0.217,0,33,0,8191,597419,242,107714,5.5339119641335355,0.15275699761605258
488,0.2171,6,55,6,8246,597364,248,107708,5.533402497313721,0.15276170376926043
489,0.2172,1,56,1,8302,597308,249,107707,5.532883767460818,0.15277263604320476
490,0.2173,1,49,1,8351,597259,250,107706,5.532429878839527,0.1527820530097239
491,0.2174,7,113,7,8464,597146,257,107699,5.531383156100634,0.1527981329228412
492,0.2175,1,12,1,8476,597134,258,107698,5.531271999703583,0.15279953237083446
493,0.2176,0,10,0,8486,597124,258,107698,5.531179369372707,0.15280170028744847
494,0.2177,1,13,1,8499,597111,259,107697,5.531058949942569,0.15280331664793817
495,0.2178,0,14,0,8513,597097,259,107697,5.530929267479343,0.15280635192694603
496,0.2179,0,5,0,8518,597092,259,107697,5.530882952313906,0.1528074359843868
497,0.218,3,32,3,8550,597060,262,107694,5.530586535255104,0.15281076801266824
498,0.2181,1,7,1,8557,597053,263,107693,5.530521694023491,0.15281108370959182
499,0.2182,1,3,1,8560,597050,264,107692,5.530493904924229,0.15281053208124393
500,0.2183,2,43,2,8603,597007,266,107690,5.530095594501463,0.15281745203967095
501,0.2184,0,11,0,8614,596996,266,107690,5.5299937011375,0.15281983748790243
502,0.2185,1,8,1,8622,596988,267,107689,5.5299195968728,0.15282037018378633
503,0.2186,3,96,3,8718,596892,270,107686,5.529030345696395,0.1528375850509099
504,0.2187,0,5,0,8723,596887,270,107686,5.528984030530957,0.1528386696623345
505,0.2188,1,61,1,8784,596826,271,107685,5.528418985512617,0.15285070069878257
506,0.2189,0,36,0,8820,596790,271,107685,5.528085516321465,0.15285851165761738
507,0.219,0,21,0,8841,596769,271,107685,5.5278909926266255,0.15286306841894573
508,0.2191,3,119,3,8960,596650,274,107682,5.526788691689207,0.15288528705212884
509,0.2192,0,27,0,8987,596623,274,107682,5.526538589795843,0.15289114801115994
510,0.2193,0,8,0,8995,596615,274,107682,5.526464485531142,0.15289288467791287
511,0.2194,3,16,3,9011,596599,277,107679,5.526316277001741,0.15289274973802958
512,0.2195,0,17,0,9028,596582,277,107679,5.526158805439253,0.15289644038218786
513,0.2196,1,8,1,9036,596574,278,107678,5.526084701174552,0.1528969743784895
514,0.2197,2,29,2,9065,596545,280,107676,5.5258160732150134,0.15290086492734525
515,0.2198,2,16,2,9081,596529,282,107674,5.525667864685612,0.15290193310735684
516,0.2199,3,49,3,9130,596480,285,107671,5.525213976064323,0.1529089641284327
517,0.22,0,28,0,9158,596452,285,107671,5.524954611137871,0.1529150446725927
518,0.2201,3,85,3,9243,596367,288,107668,5.5241672533254285,0.1529298969511459
519,0.2202,1,71,1,9314,596296,289,107667,5.5235095779762124,0.15294411780164582
520,0.2203,1,6,1,9320,596290,290,107666,5.523453999777687,0.15294421810454062
521,0.2204,0,16,0,9336,596274,290,107666,5.523305791248286,0.15294769440577322
522,0.2205,5,38,5,9374,596236,295,107661,5.52295379599096,0.15294993443643032
523,0.2206,4,47,4,9421,596189,299,107657,5.522518433435844,0.15295533397930797
524,0.2207,2,57,2,9478,596132,301,107655,5.521990440549853,0.1529653147898441
525,0.2208,0,8,0,9486,596124,301,107655,5.5219163362851535,0.15296705357789875
526,0.2209,2,42,2,9528,596082,303,107653,5.521527288895476,0.1529737756399781
527,0.221,0,8,0,9536,596074,303,107653,5.521453184630776,0.15297551465269912
528,0.2211,4,92,4,9628,595982,307,107649,5.520600985586721,0.15299070109190754
529,0.2212,1,31,1,9659,595951,308,107648,5.5203138315610065,0.15299623791392541
530,0.2213,1,37,1,9696,595914,309,107647,5.519971099336767,0.15300308004565347
531,0.2214,1,16,1,9712,595898,310,107646,5.519822890807366,0.1530053557417873
532,0.2215,0,6,0,9718,595892,310,107646,5.519767312608841,0.15300666062103255
533,0.2216,4,82,4,9800,595810,314,107642,5.519007743895661,0.1530196800918897
534,0.2217,0,43,0,9843,595767,314,107642,5.518609433472896,0.15302903431716114
535,0.2218,1,17,1,9860,595750,315,107641,5.518451961910408,0.15303152869456674
536,0.2219,5,104,5,9964,595646,320,107636,5.5174886064693025,0.15304813716261756
537,0.222,0,17,0,9981,595629,320,107636,5.517331134906814,0.15305183678983028
538,0.2221,0,17,0,9998,595612,320,107636,5.517173663344326,0.15305553659590926
539,0.2222,0,7,0,10005,595605,320,107636,5.5171088221127125,0.15305706009746303
540,0.2223,1,88,1,10093,595517,321,107635,5.516293675201008,0.15307501080847385
541,0.2224,3,27,3,10120,595490,324,107632,5.516043573307644,0.1530772753519304
542,0.2225,6,82,6,10202,595408,330,107626,5.515284004594465,0.15308790186534363
543,0.2226,1,99,1,10301,595309,331,107625,5.514366964318796,0.15310825767426245
544,0.2227,0,26,0,10327,595283,331,107625,5.51412612545852,0.15311392102522664
545,0.2229,9,182,9,10509,595101,340,107616,5.512440253436585,0.15314273028829528
546,0.223,1,21,1,10530,595080,341,107615,5.512245729741746,0.15314610179380814
547,0.2231,1,26,1,10556,595054,342,107614,5.51200489088147,0.1531505632816636
548,0.2232,1,90,1,10646,594964,343,107613,5.51117121790359,0.15316897649652636
549,0.2233,5,97,5,10743,594867,348,107608,5.510272703694097,0.153184099078259
550,0.2234,1,113,1,10856,594754,349,107607,5.509225980955204,0.15320753857346864
551,0.2235,2,90,2,10946,594664,351,107605,5.508392307977324,0.15322476145180836
552,0.2236,1,15,1,10961,594649,352,107604,5.50825336248101,0.15322682850767458
553,0.2237,3,35,3,10996,594614,355,107601,5.507929156322946,0.153230848102077
554,0.2238,2,177,2,11173,594437,357,107599,5.50628959946645,0.1532670689252403
555,0.2239,2,15,2,11188,594422,359,107597,5.506150653970136,0.1532679314947316
556,0.224,1,25,1,11213,594397,360,107596,5.505919078142947,0.15327218362576264
557,0.2241,1,4,1,11217,594393,361,107595,5.505882026010597,0.1532718508008684
558,0.2242,2,52,2,11269,594341,363,107593,5.505400348290044,0.1532807927810877
559,0.2243,6,98,6,11367,594243,369,107587,5.5044925710474635,0.1532949574683328
560,0.2244,0,22,0,11389,594221,369,107587,5.504288784319537,0.1532997628981146
561,0.2245,2,57,2,11446,594164,371,107585,5.503760791433547,0.15330980165272767
562,0.2246,3,53,3,11499,594111,374,107582,5.5032698506799065,0.1533177614711847
563,0.2247,1,15,1,11514,594096,375,107581,5.5031309051835935,0.1533198323445118
564,0.2248,0,8,0,11522,594088,375,107581,5.503056800918893,0.15332158040329558
565,0.2249,3,54,3,11576,594034,378,107578,5.502556597132165,0.15332976060842746
566,0.225,3,22,3,11598,594012,381,107575,5.502352810404239,0.15333094826443477
567,0.2251,5,89,5,11687,593923,386,107570,5.5015284004594465,0.15334436694307713
568,0.2252,2,20,2,11707,593903,388,107568,5.5013431397976955,0.15334632507972532
569,0.2253,6,58,6,11765,593845,394,107562,5.500805883878617,0.15335176295645753
570,0.2254,5,45,5,11810,593800,399,107557,5.500389047389677,0.1533555664233764
571,0.2255,19,230,19,12040,593570,418,107538,5.49825854977954,0.15338293101776046
572,0.2256,0,18,0,12058,593552,418,107538,5.4980918151839635,0.15338686901824303
573,0.2257,0,21,0,12079,593531,418,107538,5.497897291489125,0.15339146360771908
574,0.2258,13,129,13,12208,593402,431,107525,5.496702360220831,0.15340399214183503
575,0.2259,5,42,5,12250,593360,436,107520,5.496313312831154,0.1534071453030476
576,0.226,7,140,7,12390,593220,443,107513,5.495016488198896,0.15342933756509256
577,0.2261,1,42,1,12432,593178,444,107512,5.494627440809219,0.15343732606430804
578,0.2262,3,48,3,12480,593130,447,107509,5.494182815221016,0.15344421306835618
579,0.2263,1,50,1,12530,593080,448,107508,5.4937196635666385,0.15345395581996837
580,0.2264,2,36,2,12566,593044,450,107506,5.4933861943754865,0.1534594247377061
581,0.2265,1,43,1,12609,593001,451,107505,5.492987883952721,0.1534676362515096
582,0.2266,1,13,1,12622,592988,452,107504,5.4928674645225835,0.15346927588038123
583,0.2267,5,38,5,12660,592950,457,107499,5.492515469265256,0.15347155895718317
584,0.2268,1,70,1,12730,592880,458,107498,5.491867056949127,0.15348568915642696
585,0.2269,0,13,0,12743,592867,458,107498,5.49174663751899,0.15348853811940916
586,0.227,5,54,5,12797,592813,463,107493,5.491246433732261,0.15349432962162254
587,0.2271,5,68,5,12865,592745,468,107488,5.490616547482308,0.15350319108068314
588,0.2272,7,34,7,12899,592711,475,107481,5.490301604357331,0.1535021822585805
589,0.2273,2,51,2,12950,592660,477,107479,5.489829189669866,0.15351094568364282
590,0.2274,7,154,7,13104,592506,484,107472,5.488402682574383,0.15353625399655418
591,0.2275,1,7,1,13111,592499,485,107471,5.488337841342769,0.1535365801391488
592,0.2276,1,60,1,13171,592439,486,107470,5.487782059357516,0.15354853273782734
593,0.2277,6,65,6,13236,592374,492,107464,5.487179962206825,0.15355553713859493
594,0.2278,0,32,0,13268,592342,492,107464,5.486883545148023,0.15356255876628666
595,0.2279,3,24,3,13292,592318,495,107461,5.486661232353922,0.15356419669638557
596,0.228,1,69,1,13361,592249,496,107460,5.486022083070881,0.15357813033704013
597,0.2281,1,6,1,13367,592243,497,107459,5.485966504872356,0.15357823759257513
598,0.2282,0,30,0,13397,592213,497,107459,5.485688613879729,0.15358482260259093
599,0.2283,4,28,4,13425,592185,501,107455,5.485429248953277,0.1535861300097193
600,0.2284,1,56,1,13481,592129,502,107454,5.484910519100374,0.15359721434054285
601,0.2285,1,54,1,13535,592075,503,107453,5.484410315313646,0.1536078613007628
602,0.2286,0,28,0,13563,592047,503,107453,5.484150950387194,0.15361401000714797
603,0.2287,1,28,1,13591,592019,504,107452,5.483891585460743,0.15361894917730684
604,0.2288,3,9,3,13600,592010,507,107449,5.483808218162955,0.1536172956527831
605,0.2289,1,43,1,13643,591967,508,107448,5.4834099077401905,0.15362552990713668
606,0.229,2,61,2,13704,591906,510,107446,5.48284486272185,0.1536365092256832
607,0.2291,0,9,0,13713,591897,510,107446,5.482761495424062,0.1536384864079572
608,0.2292,3,88,3,13801,591809,513,107443,5.4819463485123565,0.1536541904778249
609,0.2293,1,41,1,13842,591768,514,107442,5.481566564155767,0.15366198996009783
610,0.2294,4,54,4,13896,591714,518,107438,5.481066360369039,0.15366901617960044
611,0.2295,6,76,6,13972,591638,524,107432,5.480362369854385,0.1536784585234669
612,0.2296,6,122,6,14094,591516,530,107426,5.479232279817704,0.15369801786128176
613,0.2297,2,34,2,14128,591482,532,107424,5.478917336692727,0.1537030730885126
614,0.2298,1,34,1,14162,591448,533,107423,5.4786023935677495,0.1537093397780134
615,0.2299,0,58,0,14220,591390,533,107423,5.478065137648672,0.15372209732789746
616,0.23,5,55,5,14275,591335,538,107418,5.477555670828856,0.1537281414176397
617,0.2301,2,40,2,14315,591295,540,107416,5.477185149505354,0.15373451970843452
618,0.2302,1,65,1,14380,591230,541,107415,5.476583052354663,0.1537476114478741
619,0.2303,0,20,0,14400,591210,541,107415,5.476397791692912,0.15375201288244766
620,0.2304,3,79,3,14479,591131,544,107412,5.475666012078995,0.15376576674592687
621,0.2305,6,196,6,14675,590935,550,107406,5.4738504575938345,0.15380165277421776
622,0.2306,1,89,1,14764,590846,551,107405,5.473026047649042,0.15382004465442942
623,0.2307,3,59,3,14823,590787,554,107402,5.472479528696876,0.1538294072235455
624,0.2308,5,92,5,14915,590695,559,107397,5.471627329652821,0.15384361946562916
625,0.2309,11,194,11,15109,590501,570,107386,5.469830301233836,0.15387304821554207
626,0.231,2,147,2,15256,590354,572,107384,5.468468635369965,0.15390304096953297
627,0.2311,0,21,0,15277,590333,572,107384,5.468274111675127,0.15390767316834764
628,0.2312,1,50,1,15327,590283,573,107383,5.467810960020749,0.15391749060438661
629,0.2313,1,69,1,15396,590214,574,107382,5.467171810737708,0.15393150190081364
630,0.2314,7,95,7,15491,590119,581,107375,5.46629182259439,0.15394397657901
631,0.2315,4,123,4,15614,589996,585,107371,5.465152469524621,0.1539662760067511
632,0.2316,6,102,6,15716,589894,591,107365,5.464207640149691,0.15398151906250046
633,0.2317,6,59,6,15775,589835,597,107359,5.463661121197525,0.15398726896674383
634,0.2318,2,43,2,15818,589792,599,107357,5.4632628107747605,0.15399433980397303
635,0.2319,2,49,2,15867,589743,601,107355,5.46280892215347,0.15400273706136008
636,0.232,5,127,5,15994,589616,606,107350,5.461632516951351,0.15402473004422024
637,0.2321,0,27,0,16021,589589,606,107350,5.461382415057987,0.1540306970911371
638,0.2322,4,130,4,16151,589459,610,107346,5.460178220756605,0.15405457767955166
639,0.2323,0,30,0,16181,589429,610,107346,5.459900329763978,0.15406121057730257
640,0.2324,3,64,3,16245,589365,613,107343,5.4593074956463745,0.15407172014674728
641,0.2325,6,52,6,16297,589313,619,107337,5.458825817925821,0.1540759348309768
642,0.2326,2,30,2,16327,589283,621,107335,5.458547926933195,0.15408014148356775
643,0.2327,9,120,9,16447,589163,630,107326,5.457436362962689,0.1540957574347908
644,0.2328,5,126,5,16573,589037,635,107321,5.456269220793657,0.15411756596463314
645,0.2329,2,106,2,16679,588931,637,107319,5.455287339286376,0.15413859964093357
646,0.233,0,15,0,16694,588916,637,107319,5.455148393790062,0.15414192047225433
647,0.2331,1,20,1,16714,588896,638,107318,5.454963133128311,0.15414513353652756
648,0.2332,5,80,5,16794,588816,643,107313,5.4542220904813075,0.15415677266713498
649,0.2333,0,4,0,16798,588812,643,107313,5.454185038348957,0.15415765846651105
650,0.2334,10,133,10,16931,588679,653,107303,5.4529530549483125,0.15417496429505362
651,0.2335,3,52,3,16983,588627,656,107300,5.452471377227759,0.15418283814250633
652,0.2336,10,209,10,17192,588418,666,107290,5.45053540331246,0.15421699908582337
653,0.2337,3,77,3,17269,588341,669,107287,5.449822149764719,0.15423042200716475
654,0.2338,6,88,6,17357,588253,675,107281,5.449007002853014,0.15424263946837968
655,0.2339,5,54,5,17411,588199,680,107276,5.448506799066286,0.15424853517380208
656,0.234,1,20,1,17431,588179,681,107275,5.448321538404535,0.1542517549686967
657,0.2341,1,132,1,17563,588047,682,107274,5.447098818036978,0.1542798218376836
658,0.2342,4,91,4,17654,587956,686,107270,5.44625588202601,0.15429515006630937
659,0.2343,5,52,5,17706,587904,691,107265,5.445774204305458,0.15430060891668068
660,0.2344,4,57,4,17763,587847,695,107261,5.445246211419467,0.15430839524217818
661,0.2345,3,51,3,17814,587796,698,107258,5.444773796732002,0.15431606752856614
662,0.2346,6,110,6,17924,587686,704,107252,5.443754863092371,0.1543331923135589
663,0.2347,5,105,5,18029,587581,709,107247,5.4427822446181775,0.15435042917096028
664,0.2348,4,99,4,18128,587482,713,107243,5.44186520434251,0.15436755550757494
665,0.2349,2,43,2,18171,587439,715,107241,5.4414668939197455,0.15437467610986352
666,0.235,5,120,5,18291,587319,720,107236,5.440355329949239,0.1543952602745643
667,0.2351,0,44,0,18335,587275,720,107236,5.439947756493386,0.1544050418207919
668,0.2352,3,48,3,18383,587227,723,107233,5.439503130905184,0.1544120611698298
669,0.2353,2,77,2,18460,587150,725,107231,5.438789877357442,0.15442674842773635
670,0.2354,9,186,9,18646,586964,734,107222,5.437066953203157,0.15445716277769936
671,0.2355,4,42,4,18688,586922,738,107218,5.43667790581348,0.15446163598121415
672,0.2356,16,284,16,18972,586638,754,107202,5.434047204416614,0.15450536146662056
673,0.2357,1,49,1,19021,586589,755,107201,5.433593315795324,0.15451505498782053
674,0.2358,1,63,1,19084,586526,756,107200,5.433009744710808,0.15452786835148172
675,0.2359,15,201,15,19285,586325,771,107185,5.431147875060209,0.1545543683580626
676,0.236,3,76,3,19361,586249,774,107182,5.430443884545555,0.1545676498454785
677,0.2361,4,116,4,19477,586133,778,107178,5.4293693727073995,0.1545886333838638
678,0.2362,1,65,1,19542,586068,779,107177,5.428767275556709,0.1546019084162165
679,0.2363,10,155,10,19697,585913,789,107167,5.427331505428137,0.15462428579673343
680,0.2364,4,48,4,19745,585865,793,107163,5.426886879839935,0.1546301159549109
681,0.2365,4,82,4,19827,585783,797,107159,5.426127311126756,0.15464353437950074
682,0.2366,7,119,7,19946,585664,804,107152,5.425025010189336,0.1546615551603889
683,0.2367,5,112,5,20058,585552,809,107147,5.42398755048353,0.15468046005552194
684,0.2368,6,43,6,20101,585509,815,107141,5.423589240060766,0.15468274020067854
685,0.2369,2,36,2,20137,585473,817,107139,5.423255770869614,0.15468833921445196
686,0.237,1,46,1,20183,585427,818,107138,5.422829671347586,0.15469739302448146
687,0.2371,5,40,5,20223,585387,823,107133,5.422459150024084,0.15470022526425228
688,0.2372,2,54,2,20277,585333,825,107131,5.421958946237356,0.15470984773215649
689,0.2373,5,72,5,20349,585261,830,107126,5.421292007855052,0.1547198315392981
690,0.2374,12,188,12,20537,585073,842,107114,5.419550557634592,0.15474719981739038
691,0.2375,3,36,3,20573,585037,845,107111,5.41921708844344,0.15475158492114402
692,0.2376,12,130,12,20703,584907,857,107099,5.418012894142058,0.1547659991387358
693,0.2377,2,143,2,20846,584764,859,107097,5.416688280410538,0.15479554419168012
694,0.2378,0,19,0,20865,584745,859,107097,5.416512282781874,0.1547997953289913
695,0.2379,1,38,1,20903,584707,860,107096,5.416160287524547,0.1548070765810498
696,0.238,13,173,13,21076,584534,873,107083,5.4145577828004,0.15482991308773497
697,0.2381,1,187,1,21263,584347,874,107082,5.412825595613027,0.15487056516287284
698,0.2382,3,97,3,21360,584250,877,107079,5.411927081403535,0.15488862755648902
699,0.2383,4,77,4,21437,584173,881,107075,5.411213827855793,0.15490099067194407
700,0.2384,6,135,6,21572,584038,887,107069,5.409963318388973,0.1549239119268073
701,0.2385,11,247,11,21819,583791,898,107058,5.407675349216348,0.15496584637163838
702,0.2386,3,125,3,21944,583666,901,107055,5.406517470080403,0.15499022036393856
703,0.2387,8,78,8,22022,583588,909,107047,5.405794953499574,0.1549979366814598
704,0.2388,13,255,13,22277,583333,922,107034,5.4034328800622475,0.15503927621105876
705,0.2389,7,217,7,22494,583116,929,107027,5.401422801882248,0.1550794545478256
706,0.239,4,109,4,22603,583007,933,107023,5.400413131275705,0.15509905366433344
707,0.2391,3,27,3,22630,582980,936,107020,5.400163029382341,0.15510144927536232
708,0.2392,10,294,10,22924,582686,946,107010,5.3974396976546,0.15515531480536351
709,0.2393,4,86,4,23010,582600,950,107006,5.39664307680907,0.15516976360414497
710,0.2394,4,50,4,23060,582550,954,107002,5.3961799251546925,0.15517611434670628
711,0.2395,7,153,7,23213,582397,961,106995,5.394762681092297,0.15520197507368813
712,0.2396,7,207,7,23420,582190,968,106988,5.3928452332431736,0.15524001056330874
713,0.2397,15,237,15,23657,581953,983,106973,5.390649894401423,0.15527502228105777
714,0.2398,9,137,9,23794,581816,992,106964,5.389380858868428,0.15529486918900084
715,0.2399,1,88,1,23882,581728,993,106963,5.388565711956723,0.15531348601912903
716,0.24,1,24,1,23906,581704,994,106962,5.388343399162622,0.1553176721371463
717,0.2401,10,277,10,24183,581427,1004,106952,5.385777538997369,0.1553679005315386
718,0.2402,8,129,8,24312,581298,1012,106944,5.384582607729075,0.15538720391955155
719,0.2403,1,64,1,24376,581234,1013,106943,5.3839897736114715,0.15540042750629562
720,0.2404,10,118,10,24494,581116,1023,106933,5.38289673570714,0.1554148033061599
721,0.2405,10,92,10,24586,581024,1033,106923,5.382044536663085,0.15542331022593311
722,0.2406,2,81,2,24667,580943,1035,106921,5.381294230982993,0.155439156577463
723,0.2407,1,115,1,24782,580828,1036,106920,5.380228982177925,0.15546391992415826
724,0.2408,8,129,8,24911,580699,1044,106912,5.37903405090963,0.15548326015726915
725,0.2409,5,96,5,25007,580603,1049,106907,5.378144799733224,0.15549882910794025
726,0.241,6,100,6,25107,580503,1055,106901,5.37721849642447,0.1555140790568574
727,0.2411,2,133,2,25240,580370,1057,106899,5.3759865130238245,0.15554171656221946
728,0.2412,3,90,3,25330,580280,1060,106896,5.375152840045945,0.15555840134114113
729,0.2413,1,156,1,25486,580124,1061,106895,5.373707806884286,0.15559249453071894
730,0.2414,8,136,8,25622,579988,1069,106887,5.372448034384379,0.15561346678798907
731,0.2415,7,74,7,25696,579914,1076,106880,5.3717625699359,0.15562162744578434
732,0.2416,8,136,8,25832,579778,1084,106872,5.370502797435992,0.1556426126847739
733,0.2417,15,233,15,26065,579545,1099,106857,5.368344510726592,0.15567699394815282
734,0.2418,0,23,0,26088,579522,1099,106857,5.368131460965579,0.15568221055714118
735,0.2419,15,183,15,26271,579339,1114,106842,5.3664363259105565,0.15570527309849733
736,0.242,6,183,6,26454,579156,1120,106836,5.364741190855534,0.15573942553265926
737,0.2421,13,152,13,26606,579004,1133,106823,5.363333209826226,0.15575793895545087
738,0.2422,12,198,12,26804,578806,1145,106811,5.36149912927489,0.15578814410961223
739,0.2423,1,77,1,26881,578729,1146,106810,5.3607858757271485,0.15580441083585325
740,0.2424,2,67,2,26948,578662,1148,106808,5.360165252510282,0.15581717653580754
741,0.2425,5,152,5,27100,578510,1153,106803,5.3587572714809735,0.15584557713044989
742,0.2426,2,72,2,27172,578438,1155,106801,5.35809033309867,0.1558594884412592
743,0.2427,0,30,0,27202,578408,1155,106801,5.357812442106043,0.15586631232222578
744,0.2428,9,111,9,27313,578297,1164,106792,5.3567842454333245,0.15588047684315468
745,0.2429,6,135,6,27448,578162,1170,106786,5.355533735966505,0.15590380583635546
746,0.243,4,81,4,27529,578081,1174,106782,5.354783430286413,0.1559173148498313
747,0.2431,10,94,10,27623,577987,1184,106772,5.353912705176183,0.15592639162099367
748,0.2432,13,229,13,27852,577758,1197,106759,5.351791470599133,0.15596252540112227
749,0.2433,5,157,5,28009,577601,1202,106754,5.350337174404387,0.15599213858304534
750,0.2434,10,297,10,28306,577304,1212,106744,5.347586053577383,0.15604752882838632
751,0.2435,5,100,5,28406,577204,1217,106739,5.346659750268628,0.15606417493855482
752,0.2436,5,108,5,28514,577096,1222,106734,5.345659342695172,0.15608265212114122
753,0.2437,8,218,8,28732,576878,1230,106726,5.343640001482085,0.15612255048244306
754,0.2438,4,83,4,28815,576795,1234,106722,5.342871169735818,0.1561365701218843
755,0.2439,9,65,9,28880,576730,1243,106713,5.342269072585127,0.15614030723849684
756,0.244,4,54,4,28934,576676,1247,106709,5.3417688687983995,0.15614770590516328
757,0.2441,4,127,4,29061,576549,1251,106705,5.34059246359628,0.15617178970046278
758,0.2442,4,93,4,29154,576456,1255,106701,5.339731001519137,0.15618810902911043
759,0.2443,16,188,16,29342,576268,1271,106685,5.337989551298677,0.15621133518704802
760,0.2444,5,90,5,29432,576178,1276,106680,5.3371558783207975,0.15622574532333222
761,0.2445,17,236,17,29668,575942,1293,106663,5.334969802512134,0.15625874407600296
762,0.2446,7,167,7,29835,575775,1300,106656,5.333422875986513,0.156288328050748
763,0.2447,4,66,4,29901,575709,1304,106652,5.332811515802734,0.1562984988884183
764,0.2448,4,160,4,30061,575549,1308,106648,5.331329430508726,0.15633020960221167
765,0.2449,4,131,4,30192,575418,1312,106644,5.330115973174256,0.15635528734924392
766,0.245,6,149,6,30341,575269,1318,106638,5.328735781244211,0.15638202863440323
767,0.2451,5,158,5,30499,575111,1323,106633,5.327272222016377,0.15641208430143866
768,0.2452,11,158,11,30657,574953,1334,106622,5.3258086627885435,0.15643472838645783
769,0.2453,6,89,6,30746,574864,1340,106616,5.324984252843751,0.15644773140811175
770,0.2454,3,64,3,30810,574800,1343,106613,5.324391418726147,0.1564587115303054
771,0.2455,11,140,11,30950,574660,1354,106602,5.32309459409389,0.15647724370359714
772,0.2456,20,323,20,31273,574337,1374,106582,5.32010263440661,0.15652669407080724
773,0.2457,10,129,10,31402,574208,1384,106572,5.318907703138316,0.15654396427627135
774,0.2458,9,199,9,31601,574009,1393,106563,5.317064359553893,0.15657858389707482
775,0.2459,3,107,3,31708,573902,1396,106560,5.316073215013524,0.15659948681924926
776,0.246,9,196,9,31904,573706,1405,106551,5.314257660528363,0.15663344882889849
777,0.2461,12,138,12,32042,573568,1417,106539,5.312979361962281,0.15665035060659574
778,0.2462,15,178,15,32220,573390,1432,106524,5.311330542072696,0.15667275567204086
779,0.2463,7,190,7,32410,573200,1439,106517,5.309570565786061,0.15670786518506966
780,0.2464,7,75,7,32485,573125,1446,106510,5.308875838304495,0.15671647281261264
781,0.2465,10,211,10,32696,572914,1456,106500,5.30692133832302,0.15675273102997583
782,0.2466,1,77,1,32773,572837,1457,106499,5.306208084775279,0.15676925703922653
783,0.2467,8,216,8,32989,572621,1465,106491,5.3042072696283675,0.15680918611363073
784,0.2468,9,189,9,33178,572432,1474,106482,5.302456556374819,0.15684166183051168
785,0.2469,11,172,11,33350,572260,1485,106471,5.3008633146837605,0.15686774289077704
786,0.247,16,201,16,33551,572059,1501,106455,5.299001445033162,0.15689433084652638
787,0.2471,8,116,8,33667,571943,1509,106447,5.297926933195005,0.15691121626203217
788,0.2472,16,216,16,33883,571727,1525,106431,5.295926118048094,0.15694130276425258
789,0.2473,3,120,3,34003,571607,1528,106428,5.294814554077587,0.1569653483964692
790,0.2474,22,400,22,34403,571207,1550,106406,5.291109340842565,0.15703063548072424
791,0.2475,8,166,8,34569,571041,1558,106398,5.289571677350032,0.15705915957008676
792,0.2476,10,184,10,34753,570857,1568,106388,5.2878672792619215,0.15708938419626575
793,0.2477,9,141,9,34894,570716,1577,106379,5.286561191596577,0.15711089285846153
794,0.2478,7,173,7,35067,570543,1584,106372,5.28495868687243,0.15714232953915927
795,0.2479,7,118,7,35185,570425,1591,106365,5.283865648968098,0.1571610100622054
796,0.248,10,152,10,35337,570273,1601,106355,5.28245766793879,0.1571838587820782
797,0.2481,6,142,6,35479,570131,1607,106349,5.2811423172403575,0.1572093779564806
798,0.2482,7,113,7,35592,570018,1614,106342,5.280095594501463,0.1572269205748418
799,0.2483,6,124,6,35716,569894,1620,106336,5.278946978398607,0.15724827351640713
800,0.2484,15,125,15,35841,569769,1635,106321,5.277789099262662,0.15725864899643538
801,0.2485,4,87,4,35928,569682,1639,106317,5.276983215384045,0.1572739012927534
802,0.2486,3,55,3,35983,569627,1642,106314,5.2764737485642295,0.1572829581280023
803,0.2487,6,108,6,36091,569519,1648,106308,5.275473340990774,0.15730061095517048
804,0.2488,14,256,14,36347,569263,1662,106294,5.27310200452036,0.1573427556816079
805,0.2489,9,208,9,36555,569055,1671,106285,5.271175293638149,0.15737998637723222
806,0.249,9,86,9,36641,568969,1680,106276,5.270378672792619,0.15738879962087834
807,0.2491,16,202,16,36843,568767,1696,106260,5.268507540108933,0.15741592558519882
808,0.2492,5,80,5,36923,568687,1701,106255,5.267766497461929,0.15742834199086736
809,0.2493,2,113,2,37036,568574,1703,106253,5.266719774723035,0.15745220626916231
810,0.2494,17,225,17,37261,568349,1720,106236,5.264635592278336,0.15748348984931476
811,0.2495,4,108,4,37369,568241,1724,106232,5.26363518470488,0.15750371030419305
812,0.2496,7,163,7,37532,568078,1731,106225,5.262125310311609,0.15753303781831016
813,0.2497,6,154,6,37686,567924,1737,106219,5.260698803216125,0.15756152626371556
814,0.2498,11,200,11,37886,567724,1748,106208,5.258846196598614,0.1575945347601835
815,0.2499,3,78,3,37964,567646,1751,106205,5.258123680017785,0.1576090263277787
816,0.25,7,164,7,38128,567482,1758,106198,5.256604542591426,0.15763864149150933
817,0.2501,11,162,11,38290,567320,1769,106187,5.255103931231242,0.15766280083206263
818,0.2502,8,59,8,38349,567261,1777,106179,5.254557412279077,0.15766660727013543
819,0.2503,10,272,10,38621,566989,1787,106169,5.252037867279262,0.15771780176422176
820,0.2504,15,274,15,38895,566715,1802,106154,5.249499796213272,0.1577632496072787
821,0.2505,11,139,11,39034,566576,1813,106143,5.248212234614102,0.15778207542822487
822,0.2506,2,67,2,39101,566509,1815,106141,5.247591611397236,0.1577952872965138
823,0.2507,8,144,8,39245,566365,1823,106133,5.2462577346326285,0.1578190567109493
824,0.2508,8,236,8,39481,566129,1831,106125,5.244071658823965,0.15786443814391585
825,0.2509,10,136,10,39617,565993,1841,106115,5.242811886324058,0.1578838519999762
826,0.251,5,64,5,39681,565929,1846,106110,5.242219052206455,0.15789262230316992
827,0.2511,5,106,5,39787,565823,1851,106105,5.241237170699174,0.1579112643021276
828,0.2512,7,130,7,39917,565693,1858,106098,5.240032976397791,0.15793304762939664
829,0.2513,13,108,13,40025,565585,1871,106085,5.239032568824336,0.15794214420772104
830,0.2514,4,102,4,40127,565483,1875,106081,5.238087739449405,0.15796111762989082
831,0.2515,16,236,16,40363,565247,1891,106065,5.2359016636407425,0.1579965798317325
832,0.2516,6,171,6,40534,565076,1897,106059,5.234317684982771,0.15802930855938074
833,0.2517,3,121,3,40655,564955,1900,106056,5.233196857979177,0.15805404084284758
834,0.2518,13,246,13,40901,564709,1913,106043,5.230918151839639,0.15809568961404513
835,0.2519,16,224,16,41125,564485,1929,106027,5.2288432324280265,0.15812841530054644
836,0.252,6,72,6,41197,564413,1935,106021,5.228176294045722,0.15813786293654558
837,0.2521,6,140,6,41337,564273,1941,106015,5.226879469413465,0.15816335664669515
838,0.2522,9,168,9,41505,564105,1950,106006,5.225323279854756,0.15819170256867893
839,0.2523,15,190,15,41695,563915,1965,105991,5.22356330356812,0.1582177200980436
840,0.2524,3,87,3,41782,563828,1968,105988,5.222757419689503,0.1582345002209562
841,0.2525,10,219,10,42001,563609,1978,105978,5.220728815443329,0.15827368213540585
842,0.2526,13,323,13,42324,563286,1991,105965,5.217736855756049,0.15833371933699017
843,0.2527,15,228,15,42552,563058,2006,105950,5.215624884212087,0.15836880874369216
844,0.2528,7,113,7,42665,562945,2013,105943,5.2145781614731925,0.15838675533123633
845,0.2529,11,199,11,42864,562746,2024,105932,5.212734817888769,0.15842004671904863
846,0.253,6,85,6,42949,562661,2030,105926,5.211947460076328,0.15843263479547165
847,0.2531,6,148,6,43097,562513,2036,105920,5.2105765311793695,0.15846015980659242
848,0.2532,5,123,5,43220,562390,2041,105915,5.2094371781096,0.15848302795879127
849,0.2533,19,329,19,43549,562061,2060,105896,5.206389640223795,0.15853715134357452
850,0.2534,16,186,16,43735,561875,2076,105880,5.20466671606951,0.15856114892438095
851,0.2535,9,137,9,43872,561738,2085,105871,5.203397680536515,0.15858234385695819
852,0.2536,14,262,14,44134,561476,2099,105857,5.2009707658675755,0.15862695236111507
853,0.2537,6,116,6,44250,561360,2105,105851,5.19989625402942,0.15864696475327894
854,0.2538,20,380,20,44630,560980,2125,105831,5.196376301456149,0.15871213882194504
855,0.2539,9,133,9,44763,560847,2134,105822,5.195144318055504,0.15873244443644446
856,0.254,2,80,2,44843,560767,2136,105820,5.1944032754085,0.15874897050197498
857,0.2541,9,138,9,44981,560629,2145,105811,5.193124976842418,0.15877048196386773
858,0.2542,13,222,13,45203,560407,2158,105798,5.19106858349698,0.15880697382937684
859,0.2543,10,181,10,45384,560226,2168,105788,5.1893919745081325,0.15883750191437418
860,0.2544,14,157,14,45541,560069,2182,105774,5.187937678313387,0.15885726815480528
861,0.2545,8,63,8,45604,560006,2190,105766,5.187354107228871,0.15886219306309066
862,0.2546,5,42,5,45646,559964,2195,105761,5.186965059839194,0.15886589808103946
863,0.2547,6,130,6,45776,559834,2201,105755,5.185760865537811,0.15888934462558726
864,0.2548,16,228,16,46004,559606,2217,105739,5.183648893993849,0.1589235659695346
865,0.2549,0,56,0,46060,559550,2217,105739,5.183130164140946,0.15893694319310855
866,0.255,6,136,6,46196,559414,2223,105733,5.181870391641039,0.15896185354515618
867,0.2551,5,92,5,46288,559322,2228,105728,5.181018192596984,0.15897752048718142
868,0.2552,7,94,7,46382,559228,2235,105721,5.180147467486754,0.15899114067394643
869,0.2553,5,112,5,46494,559116,2240,105716,5.179110007780948,0.15901159992298805
870,0.2554,17,265,17,46759,558851,2257,105699,5.176655304012746,0.15905349484613648
871,0.2555,7,170,7,46929,558681,2264,105692,5.1750805883878614,0.15908533308849096
872,0.2556,12,272,12,47201,558409,2276,105680,5.172561043388047,0.15913529662439824
873,0.2557,9,87,9,47288,558322,2285,105671,5.17175515950943,0.15914475001995504
874,0.2558,7,150,7,47438,558172,2292,105664,5.170365704546296,0.15917184364812997
875,0.2559,12,259,12,47697,557913,2304,105652,5.16796657897662,0.15921876530558424
876,0.256,13,257,13,47954,557656,2317,105639,5.165585979473119,0.15926397756654279
877,0.2561,26,414,26,48368,557242,2343,105613,5.161751083774871,0.15933047197350853
878,0.2562,5,119,5,48487,557123,2348,105608,5.160648782837452,0.1593527388940611
879,0.2563,8,192,8,48679,556931,2356,105600,5.158870280484642,0.15938876822367556
880,0.2564,11,122,11,48801,556809,2367,105589,5.15774019044796,0.15940416486764755
881,0.2565,7,168,7,48969,556641,2374,105582,5.156184000889251,0.15943571878355176
882,0.2566,24,413,24,49382,556228,2398,105558,5.152358368224092,0.1595047341587764
883,0.2567,11,277,11,49659,555951,2409,105547,5.149792508058839,0.1595575496826899
884,0.2568,10,325,10,49984,555626,2419,105537,5.146782022305383,0.15962326990469825
885,0.2569,8,248,8,50232,555378,2427,105529,5.14448479009967,0.15967299483891076
886,0.257,5,97,5,50329,555281,2432,105524,5.143586275890177,0.15969007498429946
887,0.2571,10,132,10,50461,555149,2442,105514,5.14236355552262,0.1597092617567504
888,0.2572,21,242,21,50703,554907,2463,105493,5.140121901515432,0.15974106602059357
889,0.2573,6,111,6,50814,554796,2469,105487,5.139093704842714,0.15976028460523745
890,0.2574,3,114,3,50928,554682,2472,105484,5.1380377190707325,0.15978405431361203
891,0.2575,10,162,10,51090,554520,2482,105474,5.136537107710549,0.15981054373221576
892,0.2576,5,143,5,51233,554377,2487,105469,5.1352124939790285,0.15983881087405244
893,0.2577,16,143,16,51376,554234,2503,105453,5.133887880247508,0.15985308184032732
894,0.2578,11,270,11,51646,553964,2514,105442,5.131386861313868,0.15990452012872192
895,0.2579,8,176,8,51822,553788,2522,105434,5.1297565674904595,0.15993701666509916
896,0.258,6,103,6,51925,553685,2528,105428,5.128802475082441,0.15995436290893975
897,0.2581,12,249,12,52174,553436,2540,105416,5.12649597984364,0.15999951430670317
898,0.2582,10,225,10,52399,553211,2550,105406,5.12441179739894,0.16004142012732742
899,0.2583,13,203,13,52602,553008,2563,105393,5.122531401682167,0.160074179717224
900,0.2584,6,72,6,52674,552936,2569,105387,5.121864463299863,0.1600840316987254
901,0.2585,1,64,1,52738,552872,2570,105386,5.121271629182259,0.1600983201115672
902,0.2586,8,137,8,52875,552735,2578,105378,5.120002593649264,0.16012143811169208
903,0.2587,9,54,9,52929,552681,2587,105369,5.119502389862537,0.16012309095053567
904,0.2588,20,273,20,53202,552408,2607,105349,5.116973581829634,0.16016401193753924
905,0.2589,9,152,9,53354,552256,2616,105340,5.115565600800326,0.1601895388658082
906,0.259,16,199,16,53553,552057,2632,105324,5.113722257215903,0.16021759071223537
907,0.2591,21,249,21,53802,551808,2653,105303,5.111415761977102,0.1602514643644681
908,0.2592,11,164,11,53966,551644,2664,105292,5.109896624550743,0.16027740906267887
909,0.2593,4,127,4,54093,551517,2668,105288,5.108720219348624,0.16030328636353255
910,0.2594,29,309,29,54402,551208,2697,105259,5.105857942124569,0.16034164702871584
911,0.2595,12,178,12,54580,551030,2709,105247,5.104209122234985,0.16036978288131384
912,0.2596,6,285,6,54865,550745,2715,105241,5.101569157805032,0.1604317775074468
913,0.2597,17,319,17,55184,550426,2732,105224,5.098614250250102,0.16048806527873102
914,0.2598,17,183,17,55367,550243,2749,105207,5.09691911519508,0.16051109924479365
915,0.2599,24,351,24,55718,549892,2773,105183,5.093667790581348,0.16056634736480555
916,0.26,8,190,8,55908,549702,2781,105175,5.0919078142947125,0.1606026780601548
917,0.2601,8,138,8,56046,549564,2789,105167,5.09062951572863,0.16062627246915145
918,0.2602,1,69,1,56115,549495,2790,105166,5.089990366445589,0.16064192001661928
919,0.2603,5,168,5,56283,549327,2795,105161,5.08843417688688,0.16067674273630686
920,0.2604,18,246,18,56529,549081,2813,105143,5.086155470747341,0.16071406735307783
921,0.2605,20,264,20,56793,548817,2833,105123,5.083710030012227,0.16075328011744197
922,0.2606,9,241,9,57034,548576,2842,105114,5.081477639038127,0.16080099129556824
923,0.2607,9,170,9,57204,548406,2851,105105,5.0799029234132425,0.16083126374307394
924,0.2608,23,284,23,57488,548122,2874,105082,5.077272222016377,0.16087164193728146
925,0.2609,10,181,10,57669,547941,2884,105072,5.07559561302753,0.16090338170909307
926,0.261,6,132,6,57801,547809,2890,105066,5.074372892659973,0.16092820218265363
927,0.2611,17,270,17,58071,547539,2907,105049,5.071871873726333,0.16097292625668874
928,0.2612,10,230,10,58301,547309,2917,105039,5.069741376116196,0.16101681924371655
929,0.2613,23,302,23,58603,547007,2940,105016,5.066943940123754,0.16106180303455553
930,0.2614,15,350,15,58953,546657,2955,105001,5.06370187854311,0.16112899711198206
931,0.2615,10,184,10,59137,546473,2965,104991,5.061997480455,0.16116162980609827
932,0.2616,11,168,11,59305,546305,2976,104980,5.060441290896291,0.16118903398665715
933,0.2617,15,178,15,59483,546127,2991,104965,5.058792471006706,0.1612137762405313
934,0.2618,7,79,7,59562,546048,2998,104958,5.0580606913927895,0.161224320513175
935,0.2619,8,110,8,59672,545938,3006,104950,5.057041757753159,0.16124125809663106
936,0.262,5,207,5,59879,545731,3011,104945,5.055124309904035,0.16128610860090123
937,0.2621,24,306,24,60185,545425,3035,104921,5.052289821779244,0.16133104532049095
938,0.2622,8,222,8,60407,545203,3043,104913,5.050233428433806,0.16137581600822007
939,0.2623,9,210,9,60617,544993,3052,104904,5.04828819148542,0.16141634751352907
940,0.2624,36,472,36,61089,544521,3088,104868,5.043916039868094,0.1614871825669976
941,0.2625,8,135,8,61224,544386,3096,104860,5.042665530401274,0.16151042902074098
942,0.2626,10,146,10,61370,544240,3106,104850,5.041313127570492,0.16153383968324886
943,0.2627,23,259,23,61629,543981,3129,104827,5.038914002000815,0.1615685996473533
944,0.2628,9,199,9,61828,543782,3138,104818,5.037070658416392,0.16160653715695344
945,0.2629,14,253,14,62081,543529,3152,104804,5.034727111045241,0.1616514969930576
946,0.263,16,200,16,62281,543329,3168,104788,5.032874504427729,0.161680684197452
947,0.2631,16,233,16,62514,543096,3184,104772,5.0307162177183296,0.1617181277667673
948,0.2632,11,194,11,62708,542902,3195,104761,5.028919189299344,0.1617523310734132
949,0.2633,13,189,13,62897,542713,3208,104748,5.027168476045796,0.16178271741463965
950,0.2634,12,230,12,63127,542483,3220,104736,5.025037978435659,0.1618246683116534
951,0.2635,15,158,15,63285,542325,3235,104721,5.023574419207826,0.1618447529232852
952,0.2636,14,123,14,63408,542202,3249,104707,5.022435066138057,0.16185738643302228
953,0.2637,10,201,10,63609,542001,3259,104697,5.020573196487458,0.16189473293562065
954,0.2638,19,153,19,63762,541848,3278,104678,5.019155952425062,0.16190841512947662
955,0.2639,16,233,16,63995,541615,3294,104662,5.016997665715662,0.16194603861811577
956,0.264,12,130,12,64125,541485,3306,104650,5.01579347141428,0.16196305725583662
957,0.2641,16,301,16,64426,541184,3322,104634,5.013005298454926,0.16201778209960083
958,0.2642,7,133,7,64559,541051,3329,104627,5.011773315054281,0.16204207050573197
959,0.2643,21,236,21,64795,540815,3350,104606,5.009587239245619,0.1620740570883191
960,0.2644,9,208,9,65003,540607,3359,104597,5.007660528363408,0.16211461801228758
961,0.2645,21,239,21,65242,540368,3380,104576,5.005446663455482,0.16214741124810836
962,0.2646,23,387,23,65629,539981,3403,104553,5.0018618696505985,0.16221487151957847
963,0.2647,12,189,12,65818,539792,3415,104541,5.00011115639705,0.1622468506191674
964,0.2648,16,264,16,66082,539528,3431,104525,4.997665715661936,0.16229254424713493
965,0.2649,7,66,7,66148,539462,3438,104518,4.9970543554781575,0.16230007143078978
966,0.265,22,274,22,66422,539188,3460,104496,4.9945162844121676,0.162340527339502
967,0.2651,16,174,16,66596,539014,3476,104480,4.992904516654933,0.1623635962417676
968,0.2652,12,132,12,66728,538882,3488,104468,4.991681796287376,0.16238128545892594
969,0.2653,11,218,11,66946,538664,3499,104457,4.989662455074289,0.16242200145851246
970,0.2654,21,256,21,67202,538408,3520,104436,4.987291118603876,0.16245932139057065
971,0.2655,14,234,14,67436,538174,3534,104422,4.985123568861388,0.16250023342815703
972,0.2656,23,330,23,67766,537844,3557,104399,4.982066767942495,0.16255373744828672
973,0.2657,4,77,4,67843,537767,3561,104395,4.981353514394754,0.16256801243299976
974,0.2658,6,77,6,67920,537690,3567,104389,4.980640260847012,0.1625796825624261
975,0.2659,23,299,23,68219,537391,3590,104366,4.977870613953833,0.16262541740876998
976,0.266,9,145,9,68364,537246,3599,104357,4.976527474156137,0.1626504240160972
977,0.2661,27,496,27,68860,536750,3626,104330,4.971933009744711,0.16274099956323704
978,0.2662,13,132,13,68992,536618,3639,104317,4.970710289377154,0.16275753391529563
979,0.2663,26,287,26,69279,536331,3665,104291,4.968051798881025,0.16279646968102876
980,0.2664,17,268,17,69547,536063,3682,104274,4.9655693060135615,0.16284237831017104
981,0.2665,9,144,9,69691,535919,3691,104265,4.964235429248953,0.1628672381690264
982,0.2666,22,266,22,69957,535653,3713,104243,4.961771462447664,0.16290615975095954
983,0.2667,21,338,21,70295,535315,3734,104222,4.95864055726407,0.16296476982567076
984,0.2668,21,374,21,70669,534941,3755,104201,4.955176182889326,0.16303262811706945
985,0.2669,8,97,8,70766,534844,3763,104193,4.954277668679833,0.1630468971280223
986,0.267,26,278,26,71044,534566,3789,104167,4.951702545481492,0.16308379244535667
987,0.2671,10,202,10,71246,534364,3799,104157,4.949831412797806,0.16312227788905925
988,0.2672,15,216,15,71462,534148,3814,104142,4.947830597650895,0.1631578122796848
989,0.2673,27,318,27,71780,533830,3841,104115,4.944884953129052,0.16320372445900508
990,0.2674,24,229,24,72009,533601,3865,104091,4.942763718552003,0.16323083871210553
991,0.2675,27,357,27,72366,533244,3892,104064,4.939456815739746,0.16328682520853338
992,0.2676,23,338,23,72704,532906,3915,104041,4.936325910556152,0.1633432608992585
993,0.2677,17,221,17,72925,532685,3932,104024,4.934278780243803,0.16337761834684292
994,0.2678,33,403,33,73328,532282,3965,103991,4.9305457779095185,0.16343770677052147
995,0.2679,11,179,11,73507,532103,3976,103980,4.928887694986846,0.1634692327888027
996,0.268,18,177,18,73684,531926,3994,103962,4.9272481381303495,0.16349105502855849
997,0.2681,12,221,12,73905,531705,4006,103950,4.925201007818,0.16353210467942517
998,0.2682,13,222,13,74127,531483,4019,103937,4.923144614472563,0.16357212552327594
999,0.2683,16,235,16,74362,531248,4035,103921,4.920967801696988,0.1636115742424457
1000,0.2684,10,235,10,74597,531013,4045,103911,4.918790988921413,0.1636589576075247
1001,0.2685,21,219,21,74816,530794,4066,103890,4.916762384675238,0.16368775642682026
1002,0.2686,14,238,14,75054,530556,4080,103876,4.9145577828004,0.16373070715222435
1003,0.2687,10,183,10,75237,530373,4090,103866,4.912862647745378,0.16376476375624963
1004,0.2688,22,374,22,75611,529999,4112,103844,4.909398273370632,0.16383236858338737
1005,0.2689,9,108,9,75719,529891,4121,103835,4.908397865797177,0.16384841398333033
1006,0.269,26,334,26,76053,529557,4147,103809,4.905304012745933,0.1639004935534904
1007,0.2691,15,201,15,76254,529356,4162,103794,4.903442143095335,0.16393271736555318
1008,0.2692,13,187,13,76441,529169,4175,103781,4.901709955907963,0.16396397819732997
1009,0.2693,18,264,18,76705,528905,4193,103763,4.899264515172848,0.16400861115150442
1010,0.2694,17,266,17,76971,528639,4210,103746,4.896800548371559,0.16405512464716904
1011,0.2695,17,256,17,77227,528383,4227,103729,4.894429211901145,0.16409908370668488
1012,0.2696,15,221,15,77448,528162,4242,103714,4.892382081588796,0.16413663440295248
1013,0.2697,18,323,18,77771,527839,4260,103696,4.889390121901515,0.1641967586911256
1014,0.2698,15,201,15,77972,527638,4275,103681,4.887528252250917,0.16422917732556758
1015,0.2699,10,193,10,78165,527445,4285,103671,4.885740486865019,0.1642661570931493
1016,0.27,16,286,16,78451,527159,4301,103655,4.883091259401978,0.1643194348888896
1017,0.2701,12,170,12,78621,526989,4313,103643,4.881516543777094,0.16434782884471452
1018,0.2702,15,206,15,78827,526783,4328,103628,4.879608358961058,0.16438164943187858
1019,0.2703,15,308,15,79135,526475,4343,103613,4.876755344770092,0.1644421096735694
1020,0.2704,9,205,9,79340,526270,4352,103604,4.8748564229871425,0.16448369038887142
1021,0.2705,18,207,18,79547,526063,4370,103586,4.872938975138019,0.1645138799553402
1022,0.2706,18,294,18,79841,525769,4388,103568,4.870215643410278,0.1645668377991442
1023,0.2707,14,220,14,80061,525549,4402,103554,4.8681777761310165,0.16460579587126434
1024,0.2708,8,162,8,80223,525387,4410,103546,4.866677164770833,0.16463756870763657
1025,0.2709,14,261,14,80484,525126,4424,103532,4.864259513134981,0.16468731806483017
1026,0.271,27,353,27,80837,524773,4451,103505,4.860989662455074,0.16474395092618235
1027,0.2711,10,162,10,80999,524611,4461,103495,4.859489051094891,0.16477314338662583
1028,0.2712,17,293,17,81292,524318,4478,103478,4.856774982400237,0.16482742801801858
1029,0.2713,7,112,7,81404,524206,4485,103471,4.855737522694431,0.16484752508057487
1030,0.2714,23,290,23,81694,523916,4508,103448,4.85305124309904,0.16489310830713907
1031,0.2715,13,169,13,81863,523747,4521,103435,4.851485790507244,0.16492023049130874
1032,0.2716,35,411,35,82274,523336,4556,103400,4.847678683908259,0.16498174670036506
1033,0.2717,4,131,4,82405,523205,4560,103396,4.846465226573789,0.16501090805791885
1034,0.2718,10,112,10,82517,523093,4570,103386,4.845427766867983,0.16502707991808185
1035,0.2719,17,249,17,82766,522844,4587,103369,4.843121271629182,0.16507003208173576
1036,0.272,11,219,11,82985,522625,4598,103358,4.841092667383008,0.16511311010043403
1037,0.2721,19,186,19,83171,522439,4617,103339,4.839369743228723,0.16513683766447526
1038,0.2722,7,101,7,83272,522338,4624,103332,4.83843417688688,0.16515415474611217
1039,0.2723,16,227,16,83499,522111,4640,103316,4.836331468376005,0.1651927403198135
1040,0.2724,13,140,13,83639,521971,4653,103303,4.8350346437437475,0.16521237089659893
1041,0.2725,19,185,19,83824,521786,4672,103284,4.83332098262255,0.16523589357991905
1042,0.2726,20,237,20,84061,521549,4692,103264,4.8311256437807995,0.16527184933732172
1043,0.2727,17,272,17,84333,521277,4709,103247,4.828606098780985,0.16532110855627646
1044,0.2728,26,316,26,84649,520961,4735,103221,4.825678980325318,0.16537003630351405
1045,0.2729,23,383,23,85032,520578,4758,103198,4.822131238652784,0.16544079926127328
1046,0.273,24,296,24,85328,520282,4782,103174,4.819389380858868,0.16548721962736745
1047,0.2731,8,192,8,85520,520090,4790,103166,4.817610878506058,0.16552748790224242
1048,0.2732,18,284,18,85804,519806,4808,103148,4.8149801771091925,0.1655788388869804
1049,0.2733,12,151,12,85955,519655,4820,103136,4.813581459112972,0.16560290691419755
1050,0.2734,17,242,17,86197,519413,4837,103119,4.811339805105784,0.16564449698971298
1051,0.2735,14,164,14,86361,519249,4851,103105,4.809820667679425,0.1656693778781851
1052,0.2736,14,214,14,86575,519035,4865,103091,4.807838378598689,0.16570758978084826
1053,0.2737,27,266,27,86841,518769,4892,103064,4.805374411797399,0.165742249124765
1054,0.2738,8,175,8,87016,518594,4900,103056,4.803753381007077,0.16577817099654146
1055,0.2739,10,120,10,87136,518474,4910,103046,4.80264181703657,0.16579675633929722
1056,0.274,11,209,11,87345,518265,4921,103035,4.800705843121271,0.16583775953645583
1057,0.2741,22,304,22,87649,517961,4943,103013,4.797889881062655,0.16588939311468756
1058,0.2742,21,310,21,87959,517651,4964,102992,4.795018340805513,0.16594402901506985
1059,0.2743,11,166,11,88125,517485,4975,102981,4.79348067731298,0.1659736391679802
1060,0.2744,10,215,10,88340,517270,4985,102971,4.791489125199155,0.16601772536804243
1061,0.2745,11,229,11,88569,517041,4996,102960,4.789367890622105,0.16606424828347052
1062,0.2746,12,169,12,88738,516872,5008,102948,4.787802438030309,0.16609338194959827
1063,0.2747,22,323,22,89061,516549,5030,102926,4.7848104783430285,0.16615036926429638
1064,0.2748,18,187,18,89248,516362,5048,102908,4.783078291155656,0.16617630435835742
1065,0.2749,7,160,7,89408,516202,5055,102901,4.781596205861647,0.16620982292122635
1066,0.275,18,410,18,89818,515792,5073,102883,4.7777983622957505,0.1662957126116297
1067,0.2751,19,210,19,90028,515582,5092,102864,4.775853125347364,0.16632656691125822
1068,0.2752,14,236,14,90264,515346,5106,102850,4.773667049538701,0.16637118324932545
1069,0.2753,17,321,17,90585,515025,5123,102833,4.770693615917596,0.16643468240275275
1070,0.2754,8,189,8,90774,514836,5131,102825,4.768942902664048,0.16647481385420157
1071,0.2755,17,185,17,90959,514651,5148,102808,4.767229241542851,0.16650174343559654
1072,0.2756,10,169,10,91128,514482,5158,102798,4.765663788951054,0.16653382581648524
1073,0.2757,24,277,24,91405,514205,5182,102774,4.763097928785801,0.16657617196047192
1074,0.2758,18,216,18,91621,513989,5200,102756,4.76109711363889,0.16661018735457928
1075,0.2759,15,158,15,91779,513831,5215,102741,4.759633554411057,0.16663260738405247
1076,0.276,19,228,19,92007,513603,5234,102722,4.757521582867094,0.16666855960735003
1077,0.2761,24,251,24,92258,513352,5258,102698,4.755196561562118,0.1667040012985959
1078,0.2762,17,191,17,92449,513161,5275,102681,4.753427322242395,0.16673270092004117
1079,0.2763,30,313,30,92762,512848,5305,102651,4.75052799288599,0.16677687534829463
1080,0.2764,21,267,21,93029,512581,5326,102630,4.748054763051614,0.16682081432224066
1081,0.2765,8,148,8,93177,512433,5334,102622,4.746683834154656,0.16685011909504027
1082,0.2766,33,296,33,93473,512137,5367,102589,4.743941976360739,0.16688573445730293
1083,0.2767,13,219,13,93692,511918,5380,102576,4.741913372114565,0.16692758594876436
1084,0.2768,14,198,14,93890,511720,5394,102562,4.740079291563229,0.1669624048889598
1085,0.2769,22,197,22,94087,511523,5416,102540,4.7382544740449815,0.16698612357363984
1086,0.277,36,350,36,94437,511173,5452,102504,4.735012412464338,0.16703249429260017
1087,0.2771,17,152,17,94589,511021,5469,102487,4.733604431435029,0.16705079640363288
1088,0.2772,12,168,12,94757,510853,5481,102475,4.73204824187632,0.167080257219628
1089,0.2773,11,146,11,94903,510707,5492,102464,4.730695839045537,0.1671050979253748
1090,0.2774,27,352,27,95255,510355,5519,102437,4.727435251398718,0.16716438856904137
1091,0.2775,20,222,20,95477,510133,5539,102417,4.725378858053281,0.16719777977307976
1092,0.2776,17,291,17,95768,509842,5556,102400,4.722683315424803,0.16725412500285836
1093,0.2777,27,295,27,96063,509547,5583,102373,4.719950720663975,0.1672980128121323
1094,0.2778,11,194,11,96257,509353,5594,102362,4.7181536922449885,0.1673360960578047
1095,0.2779,17,158,17,96415,509195,5611,102345,4.716690133017155,0.1673561827517415
1096,0.278,17,232,17,96647,508963,5628,102328,4.714541109340843,0.16739654272678642
1097,0.2781,12,192,12,96839,508771,5640,102316,4.712762606988032,0.16743278780271875
1098,0.2782,11,179,11,97018,508592,5651,102305,4.71110452406536,0.16746685611486062
1099,0.2783,25,290,25,97308,508302,5676,102280,4.70841824446997,0.1675123079291561
1100,0.2784,19,277,19,97585,508025,5695,102261,4.705852384304717,0.16756242155317344
1101,0.2785,14,172,14,97757,507853,5709,102247,4.704259142613657,0.16759055892476643
1102,0.2786,17,207,17,97964,507646,5726,102230,4.702341694764534,0.16762423836976698
1103,0.2787,6,140,6,98104,507506,5732,102224,4.701044870132276,0.16765453561412427
1104,0.2788,27,300,27,98404,507206,5759,102197,4.69826596020601,0.16770019182708323
1105,0.2789,19,221,19,98625,506985,5778,102178,4.6962188298936605,0.1677350725503683
1106,0.279,30,359,30,98984,506626,5808,102148,4.692893401015229,0.16779297407576538
1107,0.2791,9,201,9,99185,506425,5817,102139,4.69103153136463,0.16783608626208582
1108,0.2792,18,169,18,99354,506256,5835,102121,4.689466078772833,0.16785808799477955
1109,0.2793,13,221,13,99575,506035,5848,102108,4.687418948460484,0.1679012995298803
1110,0.2794,28,332,28,99907,505703,5876,102080,4.684343621475416,0.16795468119378135
1111,0.2795,15,142,15,100049,505561,5891,102065,4.683028270776983,0.16797339152702484
1112,0.2796,20,214,20,100263,505347,5911,102045,4.681045981696246,0.16800517622886044
1113,0.2797,28,321,28,100584,505026,5939,102017,4.678072548075142,0.1680556402100016
1114,0.2798,21,261,21,100845,504765,5960,101996,4.67565489643929,0.1680991362332121
1115,0.2799,19,173,19,101018,504592,5979,101977,4.6740523917151435,0.16812102168096293
1116,0.28,22,241,22,101259,504351,6001,101955,4.671820000741043,0.16815766296226659
1117,0.2801,20,198,20,101457,504153,6021,101935,4.669985920189707,0.168185148031309
1118,0.2802,9,155,9,101612,503998,6030,101926,4.668550150061136,0.16821581584489143
1119,0.2803,15,196,15,101808,503802,6045,101911,4.666734595575975,0.16824964958652036
1120,0.2804,26,330,26,102138,503472,6071,101885,4.663677794657082,0.16830564443791018
1121,0.2805,25,340,25,102478,503132,6096,101860,4.660528363407314,0.1683658626890934
1122,0.2806,36,457,36,102935,502675,6132,101824,4.656295157286301,0.1684436202541278
1123,0.2807,16,264,16,103199,502411,6148,101808,4.653849716551187,0.16849519793319973
1124,0.2808,20,244,20,103443,502167,6168,101788,4.651589536477824,0.1685357352782906
1125,0.2809,36,441,36,103884,501726,6204,101752,4.647504538886213,0.1686092947878796
1126,0.281,19,320,19,104204,501406,6223,101733,4.644540368298196,0.1686725613830311
1127,0.2811,13,171,13,104375,501235,6236,101720,4.642956389640224,0.16870247365060412
1128,0.2812,17,279,17,104654,500956,6253,101703,4.640372003408796,0.1687571246758117
1129,0.2813,25,307,25,104961,500649,6278,101678,4.637528252250917,0.1688086371688468
1130,0.2814,21,211,21,105172,500438,6299,101657,4.635573752269443,0.1688388045075943
1131,0.2815,26,265,26,105437,500173,6325,101631,4.633119048501241,0.16887724242444385
1132,0.2816,18,213,18,105650,499960,6343,101613,4.631146022453592,0.16891216859799227
1133,0.2817,32,282,32,105932,499678,6375,101581,4.628533847122902,0.1689471592109224
1134,0.2818,13,160,13,106092,499518,6388,101568,4.627051761828893,0.168974156776235
1135,0.2819,18,244,18,106336,499274,6406,101550,4.62479158175553,0.16901788210857088
1136,0.282,10,187,10,106523,499087,6416,101540,4.623059394568157,0.16905666911410908
1137,0.2821,17,334,17,106857,498753,6433,101523,4.6199655415169145,0.16912720148731583
1138,0.2822,19,247,19,107104,498506,6452,101504,4.617677572344288,0.16917051382476958
1139,0.2823,24,228,24,107332,498278,6476,101480,4.615565600800326,0.16920157796978114
1140,0.2824,18,215,18,107547,498063,6494,101462,4.613574048686502,0.1692373128726909
1141,0.2825,17,220,17,107767,497843,6511,101445,4.61153618140724,0.1692758740371908
1142,0.2826,17,271,17,108038,497572,6528,101428,4.609025899440513,0.1693288814691152
1143,0.2827,18,284,18,108322,497288,6546,101410,4.606395198043647,0.1693842304467361
1144,0.2828,19,183,19,108505,497105,6565,101391,4.604700062988625,0.16940965353151902
1145,0.2829,17,273,17,108778,496832,6582,101374,4.6021712549557225,0.1694633621194037
1146,0.283,22,244,22,109022,496588,6604,101352,4.5999110748823595,0.16950195671806537
1147,0.2831,28,284,28,109306,496304,6632,101324,4.597280373485494,0.16954359568159458
1148,0.2832,33,413,33,109719,495891,6665,101291,4.593454740820334,0.16961495825393264
1149,0.2833,12,126,12,109845,495765,6677,101279,4.5922875986513025,0.16963406382109192
1150,0.2834,32,356,32,110201,495409,6709,101247,4.5889899588721335,0.16969074307473653
1151,0.2835,32,427,32,110628,494982,6741,101215,4.5850346437437475,0.16976771100827412
1152,0.2836,26,269,26,110897,494713,6767,101189,4.5825428878431955,0.16980812281214025
1153,0.2837,26,410,26,111307,494303,6793,101163,4.578745044277298,0.16988879297894421
1154,0.2838,16,246,16,111553,494057,6809,101147,4.5764663381377595,0.16993669397383082
1155,0.2839,27,230,27,111783,493827,6836,101120,4.574335840527622,0.16996471954644699
1156,0.284,17,327,17,112110,493500,6853,101103,4.571306828707992,0.17003445996740682
1157,0.2841,22,178,22,112288,493322,6875,101081,4.569658008818408,0.17005465988563315
1158,0.2842,20,366,20,112654,492956,6895,101061,4.566267738708363,0.17013149455318619
1159,0.2843,25,249,25,112903,492707,6920,101036,4.563961243469562,0.17016790092683198
1160,0.2844,20,263,20,113166,492444,6940,101016,4.561525065767535,0.170215347285411
1161,0.2845,26,273,26,113439,492171,6966,100990,4.558996257734632,0.1702573163104115
1162,0.2846,25,266,25,113705,491905,6991,100965,4.556532290933343,0.170298716413379
1163,0.2847,11,152,11,113857,491753,7002,100954,4.555124309904035,0.17032699124525272
1164,0.2848,33,431,33,114288,491322,7035,100921,4.551131942643299,0.1704047156319281
1165,0.2849,22,240,22,114528,491082,7057,100899,4.548908814702286,0.1704429702980332
1166,0.285,13,205,13,114733,490877,7070,100886,4.547009892919338,0.17048379165307734
1167,0.2851,34,319,34,115052,490558,7104,100852,4.544054985364408,0.17052806005985696
1168,0.2852,11,255,11,115307,490303,7115,100841,4.541692911927082,0.17058618543028434
1169,0.2853,37,513,37,115820,489790,7152,100804,4.536940975953166,0.17068239772161586
1170,0.2854,32,335,32,116155,489455,7184,100772,4.533837859868836,0.17073431069740963
1171,0.2855,24,234,24,116389,489221,7208,100748,4.531670310126348,0.17076829460530976
1172,0.2856,24,321,24,116710,488900,7232,100724,4.528696876505243,0.170827510413416
1173,0.2857,27,302,27,117012,488598,7259,100697,4.525899440512801,0.1708770649674611
1174,0.2858,26,244,26,117256,488354,7285,100671,4.523639260439438,0.17091125164466703
1175,0.2859,27,285,27,117541,488069,7312,100644,4.520999296009485,0.17095596665947585
1176,0.286,13,181,13,117722,487888,7325,100631,4.519322687020638,0.17099023141139028
1177,0.2861,35,333,35,118055,487555,7360,100596,4.516238097002483,0.17103770970380056
1178,0.2862,25,243,25,118298,487312,7385,100571,4.513987179962207,0.17107315571295648
1179,0.2863,41,275,41,118573,487037,7426,100530,4.511439845863129,0.17109538146287998
1180,0.2864,21,267,21,118840,486770,7447,100509,4.5089666160287525,0.1711435280335241
1181,0.2865,28,311,28,119151,486459,7475,100481,4.506085812738523,0.1711946706648039
1182,0.2866,41,311,41,119462,486148,7516,100440,4.503205009448294,0.17122750550642019
1183,0.2867,19,242,19,119704,485906,7535,100421,4.5009633554411055,0.17127132129340794
1184,0.2868,23,237,23,119941,485669,7558,100398,4.498768016599355,0.17130805863493423
1185,0.2869,22,208,22,120149,485461,7580,100376,4.496841305717144,0.17133776118613198
1186,0.287,28,228,28,120377,485233,7608,100348,4.494729334173182,0.17136484961089926
1187,0.2871,34,330,34,120707,484903,7642,100314,4.491672533254289,0.17141333898365904
1188,0.2872,23,269,23,120976,484634,7665,100291,4.489180777353737,0.17145958883617557
1189,0.2873,21,176,21,121152,484458,7686,100270,4.4875504835303275,0.17148144094348142
1190,0.2874,15,213,15,121365,484245,7701,100255,4.4855774574826786,0.17152266894781865
1191,0.2875,27,355,27,121720,483890,7728,100228,4.482289080736597,0.17158861736840844
1192,0.2876,27,269,27,121989,483621,7755,100201,4.479797324836044,0.17162936648499028
1193,0.2877,29,352,29,122341,483269,7784,100172,4.4765367371892255,0.17169173918185388
1194,0.2878,17,300,17,122641,482969,7801,100155,4.473757827262959,0.17175592155356323
1195,0.2879,22,208,22,122849,482761,7823,100133,4.471831116380748,0.17178595079036668
1196,0.288,23,269,23,123118,482492,7846,100110,4.469339360480196,0.17183257180716854
1197,0.2881,22,286,22,123404,482206,7868,100088,4.466690133017155,0.17188567974253555
1198,0.2882,40,373,40,123777,481833,7908,100048,4.463235021675497,0.17193893596800722
1199,0.2883,31,330,31,124107,481503,7939,100017,4.460178220756605,0.17199236483697894
1200,0.2884,28,322,28,124429,481181,7967,99989,4.457195524102412,0.17204776571399075
1201,0.2885,23,184,23,124613,480997,7990,99966,4.455491126014302,0.17206947774643136
1202,0.2886,32,449,32,125062,480548,8022,99934,4.45133202415799,0.17215693165335014
1203,0.2887,29,295,29,125357,480253,8051,99905,4.448599429397162,0.1722030895032043
1204,0.2888,26,311,26,125668,479942,8077,99879,4.445718626106933,0.17225833489990877
1205,0.2889,19,224,19,125892,479718,8096,99860,4.443643706695321,0.1722977752778746
1206,0.289,22,249,22,126141,479469,8118,99838,4.44133721145652,0.1723403998225466
1207,0.2891,22,276,22,126417,479193,8140,99816,4.4387806143243544,0.17239110272897312
1208,0.2892,29,286,29,126703,478907,8169,99787,4.436131386861314,0.17243482738718563
1209,0.2893,37,292,37,126995,478615,8206,99750,4.433426581199748,0.17246894262273824
1210,0.2894,22,270,22,127265,478345,8228,99728,4.430925562266109,0.17251800378152932
1211,0.2895,29,325,29,127590,478020,8257,99699,4.427915076512654,0.17257351757515332
1212,0.2896,40,339,40,127929,477681,8297,99659,4.424774908295973,0.17261752173762426
1213,0.2897,37,326,37,128255,477355,8334,99622,4.42175515950943,0.1726619951921827
1214,0.2898,24,287,24,128542,477068,8358,99598,4.419096669013301,0.17271349446646758
1215,0.2899,22,260,22,128802,476808,8380,99576,4.416688280410538,0.17275982678214524
1216,0.29,33,396,33,129198,476412,8413,99543,4.413020119307866,0.17283121077167488
1217,0.2901,15,161,15,129359,476251,8428,99528,4.41152877098077,0.17285798891588613
1218,0.2902,33,330,33,129689,475921,8461,99495,4.408471970061877,0.1729096862096292
1219,0.2903,15,186,15,129875,475735,8476,99480,4.406749045907592,0.17294402962370592
1220,0.2904,34,434,34,130309,475301,8510,99446,4.402728889547594,0.1730256965238618
1221,0.2905,31,377,31,130686,474924,8541,99415,4.399236726073585,0.17309463574648423
1222,0.2906,40,371,40,131057,474553,8581,99375,4.395800140798103,0.1731488967257217
1223,0.2907,31,361,31,131418,474192,8612,99344,4.392456185853496,0.17321318975617922
1224,0.2908,32,286,32,131704,473906,8644,99312,4.389806958390455,0.1732534568000307
1225,0.2909,32,347,32,132051,473559,8676,99280,4.386592685909074,0.17331222210778247
1226,0.291,28,243,28,132294,473316,8704,99252,4.384341768868798,0.17334534937334953
1227,0.2911,33,266,33,132560,473050,8737,99219,4.381877802067509,0.173378253933028
1228,0.2912,18,246,18,132806,472804,8755,99201,4.37959909592797,0.1734268057097403
1229,0.2913,32,371,32,133177,472433,8787,99169,4.376162510652488,0.17349309484571432
1230,0.2914,15,236,15,133413,472197,8802,99154,4.373976434843826,0.17354305847018733
1231,0.2915,27,279,27,133692,471918,8829,99127,4.371392048612398,0.17358877146284443
1232,0.2916,36,324,36,134016,471594,8865,99091,4.36839082589203,0.173635192794624
1233,0.2917,30,261,30,134277,471333,8895,99061,4.365973174256179,0.17367118167442153
1234,0.2918,36,333,36,134610,471000,8931,99025,4.362888584238023,0.17372045085741852
1235,0.2919,38,372,38,134982,470628,8969,98987,4.359442735929453,0.17377878040430816
1236,0.292,42,327,42,135309,470301,9011,98945,4.356413724109823,0.17381764650080983
1237,0.2921,16,296,16,135605,470005,9027,98929,4.353671866315906,0.17388484428773812
1238,0.2922,24,294,24,135899,469711,9051,98905,4.3509485345881656,0.1739398820996947
1239,0.2923,14,217,14,136116,469494,9065,98891,4.348938456408166,0.1739859426269166
1240,0.2924,21,239,21,136355,469255,9086,98870,4.346724591500241,0.17402860286028604
1241,0.2925,31,372,31,136727,468883,9117,98839,4.343278743191671,0.17409753365203393
1242,0.2926,43,396,43,137123,468487,9160,98796,4.339610582089,0.174156461589718
1243,0.2927,22,357,22,137480,468130,9182,98774,4.336303679276742,0.17423408548890112
1244,0.2928,37,342,37,137822,467788,9219,98737,4.333135721960799,0.17428533603989232
1245,0.2929,25,223,25,138045,467565,9244,98712,4.331070065582274,0.1743175159859927
1246,0.293,25,329,25,138374,467236,9269,98687,4.328022527696469,0.17438238064188943
1247,0.2931,49,328,49,138702,466908,9318,98638,4.324984252843751,0.17441198417104886
1248,0.2932,37,403,37,139105,466505,9355,98601,4.321251250509467,0.17448230951361338
1249,0.2933,44,390,44,139495,466115,9399,98557,4.317638667605321,0.1745384931429219
1250,0.2934,45,349,45,139844,465766,9444,98512,4.314405869057764,0.17458061451979343
1251,0.2935,36,295,36,140139,465471,9480,98476,4.311673274296936,0.17461924613483182
1252,0.2936,34,275,34,140414,465196,9514,98442,4.309125940197858,0.17465465422842322
1253,0.2937,28,281,28,140695,464915,9542,98414,4.306523027900256,0.17470075213596317
1254,0.2938,22,236,22,140931,464679,9564,98392,4.304336952091593,0.17474172884059028
1255,0.2939,39,330,39,141261,464349,9603,98353,4.3012801511727,0.17478700982047335
1256,0.294,28,343,28,141604,464006,9631,98325,4.298102930823669,0.17485253347227878
1257,0.2941,32,308,32,141912,463698,9663,98293,4.295249916632702,0.17490137742419362
1258,0.2942,20,338,20,142250,463360,9683,98273,4.292119011449109,0.17497725382945803
1259,0.2943,31,360,31,142610,463000,9714,98242,4.288784319537589,0.17504392044786385
1260,0.2944,32,343,32,142953,462657,9746,98210,4.285607099188558,0.17510390163799974
1261,0.2945,37,382,37,143335,462275,9783,98173,4.282068620549112,0.17516879353659928
1262,0.2946,40,306,40,143641,461969,9823,98133,4.279234132424321,0.17520558755369559
1263,0.2947,43,427,43,144068,461542,9866,98090,4.275278817295935,0.1752758955885296
1264,0.2948,24,207,24,144275,461335,9890,98066,4.273361369446811,0.1753053712810667
1265,0.2949,32,368,32,144643,460967,9922,98034,4.269952573270592,0.17537356820470804
1266,0.295,46,306,46,144949,460661,9968,97988,4.2671180851458,0.1754017280976069
1267,0.2951,34,329,34,145278,460332,10002,97954,4.264070547259995,0.17545487438338056
1268,0.2952,40,288,40,145566,460044,10042,97914,4.261402793730779,0.17548632692783328
1269,0.2953,29,285,29,145851,459759,10071,97885,4.258762829300826,0.17553313583576619
1270,0.2954,37,328,37,146179,459431,10108,97848,4.255724554448109,0.17558171041794146
1271,0.2955,27,252,27,146431,459179,10135,97821,4.253390270110045,0.17562118491921005
1272,0.2956,39,364,39,146795,458815,10174,97782,4.250018526066175,0.175678273508481
1273,0.2957,24,350,24,147145,458465,10198,97758,4.2467764644855315,0.17575325004539546
1274,0.2958,32,312,32,147457,458153,10230,97726,4.243886398162214,0.17580444665115968
1275,0.2959,36,416,36,147873,457737,10266,97690,4.240032976397791,0.175882699256608
1276,0.296,25,244,25,148117,457493,10291,97665,4.237772796324428,0.17592289042038484
1277,0.2961,42,309,42,148426,457184,10333,97623,4.234910519100374,0.17595848646466247
1278,0.2962,26,334,26,148760,456850,10359,97597,4.231816666049131,0.17602584196505708
1279,0.2963,33,396,33,149156,456454,10392,97564,4.22814850494646,0.17610258150457206
1280,0.2964,30,352,30,149508,456102,10422,97534,4.2248879172996405,0.1761699022462412
1281,0.2965,33,352,33,149860,455750,10455,97501,4.221627329652821,0.17623284910465595
1282,0.2966,54,386,54,150246,455364,10509,97447,4.218051798881025,0.17627543590847505
1283,0.2967,34,268,34,150514,455096,10543,97413,4.2155693060135615,0.1763102501497713
1284,0.2968,27,340,27,150854,454756,10570,97386,4.212419874763793,0.17637854030303798
1285,0.2969,26,280,26,151134,454476,10596,97360,4.2098262254992775,0.17642922897382557
1286,0.297,39,429,39,151563,454047,10635,97321,4.205852384304717,0.17650824857445482
1287,0.2971,46,321,46,151884,453726,10681,97275,4.202878950683612,0.1765423293242662
1288,0.2972,29,329,29,152213,453397,10710,97246,4.199831412797806,0.1766044424427442
1289,0.2973,47,349,47,152562,453048,10757,97199,4.1965986142502505,0.17664612437687074
1290,0.2974,45,328,45,152890,452720,10802,97154,4.193560339397532,0.17668411308772555
1291,0.2975,34,312,34,153202,452408,10836,97120,4.190670273074216,0.1767334876475812
1292,0.2976,28,338,28,153540,452070,10864,97092,4.187539367890622,0.17680028843947687
1293,0.2977,40,430,40,153970,451640,10904,97052,4.1835562636629735,0.17687883184008515
1294,0.2978,43,437,43,154407,451203,10947,97009,4.1795083182037125,0.1769552654812372
1295,0.2979,44,407,44,154814,450796,10991,96965,4.175738263737078,0.17702063491194153
1296,0.298,37,382,37,155196,450414,11028,96928,4.172199785097632,0.17708854792798653
1297,0.2981,55,286,55,155482,450128,11083,96873,4.169550557634592,0.17709839652943962
1298,0.2982,31,347,31,155829,449781,11114,96842,4.166336285153211,0.1771641515267378
1299,0.2983,47,353,47,156182,449428,11161,96795,4.163066434473304,0.1772078436828914
1300,0.2984,26,374,26,156556,449054,11187,96769,4.159602060098559,0.17729007388842172
1301,0.2985,38,383,38,156939,448671,11225,96731,4.156054318426025,0.17735725208195055
1302,0.2986,32,286,32,157225,448385,11257,96699,4.153405090962985,0.17740201510225947
1303,0.2987,33,313,33,157538,448072,11290,96666,4.15050576160658,0.17745411555646934
1304,0.2988,33,355,33,157893,447717,11323,96633,4.1472173848604985,0.1775199779553596
1305,0.2989,31,331,31,158224,447386,11354,96602,4.144151320908518,0.17758112311300986
1306,0.299,30,279,30,158503,447107,11384,96572,4.1415669346770905,0.1776268717386546
1307,0.2991,27,229,27,158732,446878,11411,96545,4.13944570010004,0.17766086455670813
1308,0.2992,42,351,42,159083,446527,11453,96503,4.136194375486309,0.1777120969375541
1309,0.2993,37,339,37,159422,446188,11490,96466,4.133054207269629,0.1777670486166139
1310,0.2994,36,373,36,159795,445815,11526,96430,4.12959909592797,0.17783474259790316
1311,0.2995,39,469,39,160264,445346,11565,96391,4.125254733409908,0.17792951192183662
1312,0.2996,41,402,41,160666,444944,11606,96350,4.121530994108711,0.17799938665494167
1313,0.2997,59,486,59,161152,444458,11665,96291,4.117029160028159,0.17806967742889954
1314,0.2998,32,236,32,161388,444222,11697,96259,4.114843084219497,0.17809876757924886
1315,0.2999,45,400,45,161788,443822,11742,96214,4.111137870984475,0.17816219659430113
1316,0.3,34,314,34,162102,443508,11776,96180,4.108229278594983,0.17821407924578644
1317,0.3001,40,336,40,162438,443172,11816,96140,4.105116899477565,0.17826415878007534
1318,0.3002,36,280,36,162718,442892,11852,96104,4.10252325021305,0.1783018797913157
1319,0.3003,29,274,29,162992,442618,11881,96075,4.09998517914706,0.17834833569398525
1320,0.3004,33,407,33,163399,442211,11914,96042,4.096215124680425,0.17843281876738262
1321,0.3005,36,330,36,163729,441881,11950,96006,4.093158323761532,0.17848730309525979
1322,0.3006,37,333,37,164062,441548,11987,95969,4.090073733743377,0.17854132985561386
1323,0.3007,24,348,24,164410,441200,12011,95945,4.086850198228908,0.17862029805732157
1324,0.3008,58,483,58,164893,440717,12069,95887,4.082376153247619,0.1786922945039545
1325,0.3009,29,290,29,165183,440427,12098,95858,4.079689873652229,0.17874451084777684
1326,0.301,22,336,22,165519,440091,12120,95836,4.076577494534811,0.17882286206890116
1327,0.3011,61,426,61,165945,439665,12181,95775,4.072631442439512,0.17887158225011207
1328,0.3012,51,507,51,166452,439158,12232,95724,4.067935084664122,0.1789628366630397
1329,0.3013,39,373,39,166825,438785,12271,95685,4.064479973322465,0.17902782195445957
1330,0.3014,40,382,40,167207,438403,12311,95645,4.060941494683019,0.17909438851938403
1331,0.3015,39,354,39,167561,438049,12350,95606,4.057662380970025,0.17915319822731915
1332,0.3016,60,488,60,168049,437561,12410,95546,4.053142020823298,0.17922480852811912
1333,0.3017,26,323,26,168372,437238,12436,95520,4.050150061136018,0.17929341276902458
1334,0.3018,40,310,40,168682,436928,12476,95480,4.047278520878876,0.17933614821715677
1335,0.3019,34,272,34,168954,436656,12510,95446,4.044758975879062,0.17937538291530572
1336,0.302,44,452,44,169406,436204,12554,95402,4.040572084923487,0.17945997599726113
1337,0.3021,22,253,22,169659,435951,12576,95380,4.038228537552336,0.17951145331253024
1338,0.3022,43,400,43,170059,435551,12619,95337,4.034523324317314,0.17958025044830547
1339,0.3023,46,367,46,170426,435184,12665,95291,4.031123791174182,0.17963334747160564
1340,0.3024,52,439,52,170865,434745,12717,95239,4.027057319648746,0.17970165137060742
1341,0.3025,35,268,35,171133,434477,12752,95204,4.024574826781281,0.1797383708307453
1342,0.3026,59,432,59,171565,434045,12811,95145,4.020573196487458,0.17979364689431018
1343,0.3027,29,304,29,171869,433741,12840,95116,4.017757234428841,0.1798520204894707
1344,0.3028,45,526,45,172395,433215,12885,95071,4.012884879024788,0.17996123311993883
1345,0.3029,62,560,62,172955,432655,12947,95009,4.0076975804957575,0.18005586888626096
1346,0.303,59,463,59,173418,432192,13006,94950,4.00340879617622,0.18012224410120992
1347,0.3031,51,408,51,173826,431784,13057,94899,3.9996294786764977,0.18018238674876538
1348,0.3032,38,321,38,174147,431463,13095,94861,3.996656045055393,0.18023308836382151
1349,0.3033,63,488,63,174635,430975,13158,94798,3.9921356849086664,0.18030214560276012
1350,0.3034,30,379,30,175014,430596,13188,94768,3.9886249953684834,0.18038540897358785
1351,0.3035,64,514,64,175528,430082,13252,94704,3.9838637963614807,0.18046213123063495
1352,0.3036,43,417,43,175945,429665,13295,94661,3.9800011115639706,0.18053844364002547
1353,0.3037,41,308,41,176253,429357,13336,94620,3.977148097373004,0.1805804453248902
1354,0.3038,48,450,48,176703,428907,13384,94572,3.9729797324836045,0.18066054225670944
1355,0.3039,30,376,30,177079,428531,13414,94542,3.969496832042684,0.1807434143991374
1356,0.304,22,261,22,177340,428270,13436,94520,3.9670791804068326,0.18079917366437767
1357,0.3041,49,409,49,177749,427861,13485,94471,3.9632905998740227,0.1808638949939885
1358,0.3042,33,249,33,177998,427612,13518,94438,3.9609841046352217,0.18089838138109376
1359,0.3043,50,511,50,178509,427101,13568,94388,3.9562506947274816,0.18099710636274208
1360,0.3044,32,315,32,178824,426786,13600,94356,3.953332839304902,0.1810562188424652
1361,0.3045,36,372,36,179196,426414,13636,94320,3.949886990996332,0.1811289449123737
1362,0.3046,72,560,72,179756,425854,13708,94248,3.9446996924673017,0.18121060868829575
1363,0.3047,36,306,36,180062,425548,13744,94212,3.94186520434251,0.18126058180698784
1364,0.3048,39,416,39,180478,425132,13783,94173,3.938011782578087,0.18134429670424895
1365,0.3049,48,431,48,180909,424701,13831,94125,3.9340194153173513,0.18141920412623885
1366,0.305,33,363,33,181272,424338,13864,94092,3.9306569343065694,0.18149412649730917
1367,0.3051,48,398,48,181670,423940,13912,94044,3.9269702471377226,0.1815577315129425
1368,0.3052,41,294,41,181964,423646,13953,94003,3.9242469154099817,0.1815960235603662
1369,0.3053,47,373,47,182337,423273,14000,93956,3.9207918040683243,0.18165261421923365
1370,0.3054,39,399,39,182736,422874,14039,93917,3.91709585386639,0.18173110599836298
1371,0.3055,51,441,51,183177,422433,14090,93866,3.9130108562747785,0.1818055041749064
1372,0.3056,35,350,35,183527,422083,14125,93831,3.9097687946941346,0.18187333547839368
1373,0.3057,45,275,45,183802,421808,14170,93786,3.907221460595057,0.18189893598451495
1374,0.3058,71,505,71,184307,421303,14241,93715,3.902543628885842,0.18196451386165144
1375,0.3059,57,365,57,184672,420938,14298,93658,3.8991626218088853,0.1820029693196216
1376,0.306,36,420,36,185092,420518,14334,93622,3.895272147912112,0.18209437118294627
1377,0.3061,52,442,52,185534,420076,14386,93570,3.891177887287413,0.1821682637458483
1378,0.3062,64,515,64,186049,419561,14450,93506,3.886407425247323,0.18224910196913854
1379,0.3063,36,405,36,186454,419156,14486,93470,3.8826558968468636,0.18233565991580605
1380,0.3064,83,531,83,186985,418625,14569,93387,3.877737226277372,0.1823922095575885
1381,0.3065,71,534,71,187519,418091,14640,93316,3.8727907666086185,0.18246914883840074
1382,0.3066,46,391,46,187910,417700,14686,93270,3.8691689206713846,0.1825351781905004
1383,0.3067,41,383,41,188293,417317,14727,93229,3.8656211789988513,0.182606464451783
1384,0.3068,37,430,37,188723,416887,14764,93192,3.861638074771203,0.18270111100437383
1385,0.3069,42,379,42,189102,416508,14806,93150,3.85812738523102,0.18276962198179955
1386,0.307,32,337,32,189439,416171,14838,93118,3.8550057430805142,0.18283921309904594
1387,0.3071,29,340,29,189779,415831,14867,93089,3.851856311830746,0.1829147999685609
1388,0.3072,36,402,36,190181,415429,14903,93053,3.848132572529549,0.1830015615105353
1389,0.3073,46,394,46,190575,415035,14949,93007,3.8444829374930527,0.18306951000114163
1390,0.3074,47,417,47,190992,414618,14996,92960,3.8406202526955426,0.18314426551190163
1391,0.3075,45,413,45,191405,414205,15041,92915,3.836794620030383,0.18322093390124625
1392,0.3076,44,343,44,191748,413862,15085,92871,3.833617399681352,0.18327403188661484
1393,0.3077,62,541,62,192289,413321,15147,92809,3.828606098780985,0.18336988520735778
1394,0.3078,51,433,51,192722,412888,15198,92758,3.8245952054540737,0.18344454420681663
1395,0.3079,42,409,42,193131,412479,15240,92716,3.820806624921264,0.18352517344787656
1396,0.308,29,327,29,193458,412152,15269,92687,3.817777613101634,0.1835971468131424
1397,0.3081,52,439,52,193897,411713,15321,92635,3.8137111415761975,0.1836727814921443
1398,0.3082,81,573,81,194470,411140,15402,92554,3.808403423617029,0.18375045166311293
1399,0.3083,28,327,28,194797,410813,15430,92526,3.805374411797399,0.183824420519769
1400,0.3084,73,414,73,195211,410399,15503,92453,3.8015395160991514,0.1838572780857986
1401,0.3085,41,357,41,195568,410042,15544,92412,3.7982326132868947,0.1839213141899557
1402,0.3086,34,374,34,195942,409668,15578,92378,3.7947682389121495,0.18400305948060536
1403,0.3087,51,386,51,196328,409282,15629,92327,3.7911927081403536,0.18406168948324292
1404,0.3088,57,538,57,196866,408744,15686,92270,3.7862091963392492,0.18416651031707698
1405,0.3089,61,547,61,197413,408197,15747,92209,3.781142317240357,0.18426837408024685
1406,0.309,62,515,62,197928,407682,15809,92147,3.7763718552002667,0.184357050111138
1407,0.3091,49,412,49,198340,407270,15858,92098,3.7725554855681946,0.18442911840566475
1408,0.3092,69,429,69,198769,406841,15927,92029,3.7685816443736337,0.18447491330406718
1409,0.3093,58,421,58,199190,406420,15985,91971,3.7646819074437734,0.1845358363212819
1410,0.3094,55,435,55,199625,405985,16040,91916,3.7606524880506873,0.18460698010247018
1411,0.3095,47,524,47,200149,405461,16087,91869,3.7557986587128087,0.18472442844791184
1412,0.3096,49,391,49,200540,405070,16136,91820,3.7521768127755752,0.1847893900058363
1413,0.3097,68,474,68,201014,404596,16204,91752,3.7477861350920745,0.18485417489342154
1414,0.3098,61,479,61,201493,404117,16265,91691,3.743349142243136,0.18493247386084935
1415,0.3099,55,425,55,201918,403692,16320,91636,3.7394123531809256,0.18500064603656566
1416,0.31,56,452,56,202370,403240,16376,91580,3.735225462225351,0.1850774018835132
1417,0.3101,54,456,54,202826,402784,16430,91526,3.7310015191374264,0.18515911067953308
1418,0.3102,44,332,44,203158,402452,16474,91482,3.7279261921523585,0.18521097960456256
1419,0.3103,47,483,47,203641,401969,16521,91435,3.7234521471710695,0.18531467114170133
1420,0.3104,59,403,59,204044,401566,16580,91376,3.7197191448367852,0.18536866406189775
1421,0.3105,66,557,66,204601,401009,16646,91310,3.7145596354070176,0.1854691775048292
1422,0.3106,57,395,57,204996,400614,16703,91253,3.710900737337434,0.18552372897551575
1423,0.3107,44,311,44,205307,400303,16747,91209,3.708019934047204,0.18556820586272563
1424,0.3108,89,635,89,205942,399668,16836,91120,3.7021379080366077,0.18566061109888587
1425,0.3109,48,404,48,206346,399264,16884,91072,3.6983956426692357,0.18573386412582393
1426,0.311,58,413,58,206759,398851,16942,91014,3.694570010004076,0.1857940452981944
1427,0.3111,53,407,53,207166,398444,16995,90961,3.6907999555374413,0.1858603814836383
1428,0.3112,35,348,35,207514,398096,17030,90926,3.6875764200229724,0.18593437514058672
1429,0.3113,45,410,45,207924,397686,17075,90881,3.683778576457075,0.1860154287948224
1430,0.3114,62,496,62,208420,397190,17137,90819,3.679184112045648,0.18610107600474582
1431,0.3115,48,419,48,208839,396771,17185,90771,3.675302901181963,0.18618088287778284
1432,0.3116,49,483,49,209322,396288,17234,90722,3.6708288562006746,0.1862836492063818
1433,0.3117,39,311,39,209633,395977,17273,90683,3.667948052910445,0.18633748407512432
1434,0.3118,54,465,54,210098,395512,17327,90629,3.6636407425247324,0.18642533750496254
1435,0.3119,28,330,28,210428,395182,17355,90601,3.6605839416058394,0.186505085604066
1436,0.312,68,466,68,210894,394716,17423,90533,3.6562673681870392,0.18657019385923515
1437,0.3121,52,424,52,211318,394292,17475,90481,3.6523398421579163,0.1866461209679582
1438,0.3122,43,393,43,211711,393899,17518,90438,3.6486994701545075,0.18672535858297012
1439,0.3123,42,342,42,212053,393557,17560,90396,3.6455315128385637,0.18678673342246044
1440,0.3124,47,373,47,212426,393184,17607,90349,3.6420764014969063,0.18685177640409237
1441,0.3125,24,315,24,212741,392869,17631,90325,3.6391585460743268,0.1869331986738246
1442,0.3126,42,509,42,213250,392360,17673,90283,3.6344436622327616,0.18705958648524892
1443,0.3127,33,356,33,213606,392004,17706,90250,3.631146022453592,0.18714204547810906
1444,0.3128,58,404,58,214010,391600,17764,90192,3.62740375708622,0.18720111583421892
1445,0.3129,48,391,48,214401,391209,17812,90144,3.6237819111489866,0.18727212669288443
1446,0.313,64,512,64,214913,390697,17876,90080,3.619039238208159,0.1873633722079051
1447,0.3131,67,530,67,215443,390167,17943,90013,3.614129830671755,0.18745678703819402
1448,0.3132,54,349,54,215792,389818,17997,89959,3.610897032124199,0.18750169349510293
1449,0.3133,61,465,61,216257,389353,18058,89898,3.606589721738486,0.18758020327552785
1450,0.3134,56,529,56,216786,388824,18114,89842,3.60168957723517,0.18769246196721723
1451,0.3135,49,382,49,217168,388442,18163,89793,3.598151098595724,0.18775915606344162
1452,0.3136,78,565,78,217733,387877,18241,89715,3.592917484901256,0.18784862393004909
1453,0.3137,47,546,47,218279,387331,18288,89668,3.5878598688354515,0.18798362260717527
1454,0.3138,70,516,70,218795,386815,18358,89598,3.5830801437622735,0.18806791586291727
1455,0.3139,62,549,62,219344,386266,18420,89536,3.5779947385972064,0.18817911652325967
1456,0.314,37,379,37,219723,385887,18457,89499,3.5744840490570233,0.1882659565069228
1457,0.3141,71,458,71,220181,385429,18528,89428,3.5702415799029232,0.18832616977321592
1458,0.3142,43,390,43,220571,385039,18571,89385,3.5666289969987774,0.18840741615095358
1459,0.3143,55,337,55,220908,384702,18626,89330,3.5635073548482716,0.18844719343841765
1460,0.3144,42,456,42,221364,384246,18668,89288,3.559283411760347,0.18855668230792297
1461,0.3145,56,417,56,221781,383829,18724,89232,3.555420726962837,0.18862683670816238
1462,0.3146,77,485,77,222266,383344,18801,89155,3.550928155915373,0.18868823002800006
1463,0.3147,78,506,78,222772,382838,18879,89077,3.5462410611730704,0.18875644978438913
1464,0.3148,42,370,42,223142,382468,18921,89035,3.5428137389306755,0.1888323085961277
1465,0.3149,64,448,64,223590,382020,18985,88971,3.5386639001074514,0.18890169875857502
1466,0.315,45,328,45,223918,381692,19030,88926,3.5356256252547333,0.188955798545742
1467,0.3151,64,457,64,224375,381235,19094,88862,3.531392419133721,0.18902907272328903
1468,0.3152,92,546,92,224921,380689,19186,88770,3.5263348030679165,0.18908999507944252
1469,0.3153,76,556,76,225477,380133,19262,88694,3.5211845566712365,0.1891827902403232
1470,0.3154,72,514,72,225991,379619,19334,88622,3.5164233576642334,0.18926578407273179
1471,0.3155,55,487,55,226478,379132,19389,88567,3.5119122605505946,0.1893675205634393
1472,0.3156,54,448,54,226926,378684,19443,88513,3.5077624217273704,0.189455411742798
1473,0.3157,59,517,59,227443,378167,19502,88454,3.5029734336211047,0.1895628357917882
1474,0.3158,52,415,52,227858,377752,19554,88402,3.49912927488977,0.18964119153756054
1475,0.3159,62,526,62,228384,377226,19616,88340,3.4942569194857165,0.1897475331102357
1476,0.316,66,603,66,228987,376623,19682,88274,3.4886713105339213,0.18987861827458555
1477,0.3161,91,676,91,229663,375947,19773,88183,3.482409500166735,0.1899963372331028
1478,0.3162,47,332,47,229995,375615,19820,88136,3.4793341731816665,0.19005026404255732
1479,0.3163,69,493,69,230488,375122,19889,88067,3.4747674978695025,0.19013189000602346
1480,0.3164,65,495,65,230983,374627,19954,88002,3.470182296491163,0.1902215382088023
1481,0.3165,38,367,38,231350,374260,19992,87964,3.466782763348031,0.19030599882308144
1482,0.3166,69,525,69,231875,373735,20061,87895,3.4619196709770645,0.19040140372159522
1483,0.3167,36,225,36,232100,373510,20097,87859,3.459835488532365,0.19043108661396843
1484,0.3168,53,369,53,232469,373141,20150,87806,3.4564174293230576,0.19049044684096003
1485,0.3169,67,490,67,232959,372651,20217,87739,3.451878543110156,0.19057538174156693
1486,0.317,91,590,91,233549,372061,20308,87648,3.446413353588499,0.1906597434463976
1487,0.3171,76,565,76,234114,371496,20384,87572,3.441179739894031,0.19076041022245072
1488,0.3172,60,488,60,234602,371008,20444,87512,3.4366593797473044,0.19085754165576202
1489,0.3173,60,462,60,235064,370546,20504,87452,3.4323798584608545,0.1909440652579269
1490,0.3174,49,505,49,235569,370041,20553,87403,3.4277020267516396,0.19106819632567046
1491,0.3175,60,413,60,235982,369628,20613,87343,3.42387639408648,0.19113466718894634
1492,0.3176,58,399,58,236381,369229,20671,87285,3.4201804438845453,0.1911989555632467
1493,0.3177,61,417,61,236798,368812,20732,87224,3.4163177590870353,0.19126560183845134
1494,0.3178,70,544,70,237342,368268,20802,87154,3.411278669087406,0.19136976254989876
1495,0.3179,43,359,43,237701,367909,20845,87111,3.407953240208974,0.19144433211726958
1496,0.318,79,659,79,238360,367250,20924,87032,3.401848901404276,0.1915814406029735
1497,0.3181,72,671,72,239031,366579,20996,86960,3.395633406202527,0.19173654305362933
1498,0.3182,55,392,55,239423,366187,21051,86905,3.3920022972322057,0.1918043134727605
1499,0.3183,88,719,88,240142,365468,21139,86817,3.385342176442254,0.1919519771825287
1500,0.3184,40,489,40,240631,364979,21179,86777,3.3808125532624405,0.19208820690815395
1501,0.3185,62,452,62,241083,364527,21241,86715,3.3766256623068656,0.19216961187123538
1502,0.3186,95,582,95,241665,363945,21336,86620,3.371234577049909,0.19224751145783628
1503,0.3187,64,419,64,242084,363526,21400,86556,3.367353366186224,0.19231162321532522
1504,0.3188,50,365,50,242449,363161,21450,86506,3.3639723591092667,0.19237791521281303
1505,0.3189,71,564,71,243013,362597,21521,86435,3.3587480084478862,0.19249184913324663
1506,0.319,64,433,64,243446,362164,21585,86371,3.354737115120975,0.1925624533202537
1507,0.3191,67,447,67,243893,361717,21652,86304,3.3505965393308386,0.19263382743219626
1508,0.3192,51,498,51,244391,361219,21703,86253,3.3459835488532366,0.1927561948010155
1509,0.3193,57,428,57,244819,360791,21760,86196,3.3420189706917633,0.19283782302393582
1510,0.3194,71,527,71,245346,360264,21831,86125,3.337137352254622,0.1929371019447164
1511,0.3195,54,555,54,245901,359709,21885,86071,3.3319963688910295,0.19307954596437704
1512,0.3196,59,390,59,246291,359319,21944,86012,3.3283837859868837,0.19314173053301925
1513,0.3197,66,462,66,246753,358857,22010,85946,3.3241042647004333,0.19322261765320828
1514,0.3198,56,426,56,247179,358431,22066,85890,3.3201582126051354,0.19330619079449318
1515,0.3199,66,435,66,247614,357996,22132,85824,3.3161287932120493,0.19337569284845207
1516,0.32,62,536,62,248150,357460,22194,85762,3.3111638074771204,0.19349671270830418
1517,0.3201,87,685,87,248835,356775,22281,85675,3.3048186298121456,0.19363769917504803
1518,0.3202,66,453,66,249288,356322,22347,85609,3.3006224758234834,0.19371576105772167
1519,0.3203,47,406,47,249694,355916,22394,85562,3.2968616843899365,0.19380807197640654
1520,0.3204,63,421,63,250115,355495,22457,85499,3.292961947460076,0.19387792124155884
1521,0.3205,70,461,70,250576,355034,22527,85429,3.288691689206714,0.19395272701679822
1522,0.3206,40,522,40,251098,354512,22567,85389,3.2838563859350107,0.19410958374725223
1523,0.3207,97,636,97,251734,353876,22664,85292,3.277965096891326,0.1942126930923929
1524,0.3208,54,437,54,252171,353439,22718,85238,3.273917151432065,0.19430697301203392
1525,0.3209,63,480,63,252651,352959,22781,85175,3.269470895550039,0.19440399512477918
1526,0.321,55,521,55,253172,352438,22836,85120,3.264644855311423,0.19453421032183163
1527,0.3211,51,441,51,253613,351997,22887,85069,3.260559857719812,0.19463650798735202
1528,0.3212,68,383,68,253996,351614,22955,85001,3.2570121160472785,0.19468181349701683
1529,0.3213,58,445,58,254441,351169,23013,84943,3.252890066323317,0.19477336097149356
1530,0.3214,48,324,48,254765,350845,23061,84895,3.249888843602949,0.19482948547298848
1531,0.3215,67,471,67,255236,350374,23128,84828,3.2455259550187114,0.1949163836563251
1532,0.3216,68,478,68,255714,349896,23196,84760,3.2410982252028604,0.1950047853935066
1533,0.3217,77,674,77,256388,349222,23273,84683,3.2348549409018488,0.19516484023000427
1534,0.3218,47,503,47,256891,348719,23320,84636,3.2301956352588093,0.19530408094979868
1535,0.3219,52,325,52,257216,348394,23372,84584,3.227185149505354,0.19535403646374644
1536,0.322,87,531,87,257747,347863,23459,84497,3.222266478935863,0.19543204736793413
1537,0.3221,68,503,68,258250,347360,23527,84429,3.217607173292823,0.19553300338822896
1538,0.3222,68,456,68,258706,346904,23595,84361,3.213383230204898,0.19561290621775473
1539,0.3223,66,462,66,259168,346442,23661,84295,3.209103708918448,0.19569946394203425
1540,0.3224,68,525,68,259693,345917,23729,84227,3.2042406165474824,0.19581117021276595
1541,0.3225,86,709,86,260402,345208,23815,84141,3.1976731260884064,0.19597343885743299
1542,0.3226,74,469,74,260871,344739,23889,84067,3.1933287635703436,0.19604902916470385
1543,0.3227,72,642,72,261513,344097,23961,83995,3.1873818963281337,0.19620782448632537
1544,0.3228,73,507,73,262020,343590,24034,83922,3.1826855385527435,0.19630326166283052
1545,0.3229,57,437,57,262457,343153,24091,83865,3.1786375930934825,0.1963968731997246
1546,0.323,82,559,82,263016,342594,24173,83783,3.17345955759754,0.19649981119994747
1547,0.3231,65,540,65,263556,342054,24238,83718,3.1684575197302607,0.19662636340576647
1548,0.3232,55,401,55,263957,341653,24293,83663,3.1647430434621513,0.1967078595679448
1549,0.3233,71,542,71,264499,341111,24364,83592,3.1597224795286967,0.19682460448831302
1550,0.3234,50,445,50,264944,340666,24414,83542,3.155600429804735,0.19693640855429412
1551,0.3235,60,446,60,265390,340220,24474,83482,3.1514691170476863,0.1970299880576443
1552,0.3236,50,477,50,265867,339743,24524,83432,3.147050650264923,0.19715720446623738
1553,0.3237,104,769,104,266636,338974,24628,83328,3.1399273778205936,0.1973185066611098
1554,0.3238,59,390,59,267026,338584,24687,83269,3.1363147949164474,0.19738866382365422
1555,0.3239,53,382,53,267408,338202,24740,83216,3.1327763162770017,0.19746664831592387
1556,0.324,75,479,75,267887,337723,24815,83141,3.1283393234280634,0.19754837667274938
1557,0.3241,68,505,68,268392,337218,24883,83073,3.1236614917188485,0.1976559098339008
1558,0.3242,93,564,93,268956,336654,24976,82980,3.118437141057468,0.19774374812336465
1559,0.3243,76,620,76,269576,336034,25052,82904,3.112694060543184,0.19789085735836806
1560,0.3244,54,376,54,269952,335658,25106,82850,3.109211160102264,0.19796515239852047
1561,0.3245,69,494,69,270446,335164,25175,82781,3.104635221757012,0.19806673126846833
1562,0.3246,84,610,84,271056,334554,25259,82697,3.098984771573604,0.19819485154020003
1563,0.3247,71,560,71,271616,333994,25330,82626,3.0937974730445736,0.19832461235658394
1564,0.3248,58,381,58,271997,333613,25388,82568,3.0902682574382156,0.1983944485692523
1565,0.3249,86,587,86,272584,333026,25474,82482,3.084830857015821,0.198508813308047
1566,0.325,77,501,77,273085,332525,25551,82405,3.0801900774389566,0.19859976381558336
1567,0.3251,53,471,53,273556,332054,25604,82352,3.0758271888547184,0.19872299146247882
1568,0.3252,73,504,73,274060,331550,25677,82279,3.071158620178591,0.1988236687134058
1569,0.3253,55,461,55,274521,331089,25732,82224,3.066888361925229,0.19893881876447148
1570,0.3254,57,496,57,275017,330593,25789,82167,3.062293897513802,0.19906725457893207
1571,0.3255,70,575,70,275592,330018,25859,82097,3.0569676534884582,0.19920895866445046
1572,0.3256,75,506,75,276098,329512,25934,82022,3.0522805587461557,0.19930795511427973
1573,0.3257,70,454,70,276552,329058,26004,81952,3.0480751417244063,0.19939174229337486
1574,0.3258,80,497,80,277049,328561,26084,81872,3.043471414279892,0.1994771375596017
1575,0.3259,64,445,64,277494,328116,26148,81808,3.0393493645559304,0.19956870053961223
1576,0.326,82,508,82,278002,327608,26230,81726,3.0346437437474525,0.19965602661884915
1577,0.3261,53,394,53,278396,327214,26283,81673,3.0309941087109564,0.19974467273354252
1578,0.3262,64,450,64,278846,326764,26347,81609,3.026825743821557,0.199839362543557
1579,0.3263,78,404,78,279250,326360,26425,81531,3.023083478454185,0.19988428281084897
1580,0.3264,88,480,88,279730,325880,26513,81443,3.018637222572159,0.19994697083150229
1581,0.3265,74,499,74,280229,325381,26587,81369,3.0140149690614697,0.20004671173939767
1582,0.3266,71,414,71,280643,324967,26658,81298,3.0101800733632222,0.20011076514097942
1583,0.3267,75,429,75,281072,324538,26733,81223,3.0062062321686613,0.20017448695167844
1584,0.3268,58,368,58,281440,324170,26791,81165,3.0027974359924414,0.20024177532164752
1585,0.3269,59,496,59,281936,323674,26850,81106,2.9982029715810143,0.2003705716685607
1586,0.327,88,577,88,282513,323097,26938,81018,2.9928582014894958,0.20048253591180729
1587,0.3271,48,450,48,282963,322647,26986,80970,2.9886898366000962,0.2006109752562454
1588,0.3272,86,590,86,283553,322057,27072,80884,2.983224647078439,0.20073410251128576
1589,0.3273,47,404,47,283957,321653,27119,80837,2.9794823817110676,0.20084225695048324
1590,0.3274,57,473,57,284430,321180,27176,80780,2.9751009670606545,0.20096527017613694
1591,0.3275,76,541,76,284971,320639,27252,80704,2.9700896661602876,0.20108485759063943
1592,0.3276,62,442,62,285413,320197,27314,80642,2.9659954055355886,0.2011830186184478
1593,0.3277,52,400,52,285813,319797,27366,80590,2.962290192300567,0.20128026134714663
1594,0.3278,64,432,64,286245,319365,27430,80526,2.9582885620067434,0.20136987329047165
1595,0.3279,68,539,68,286784,318826,27498,80458,2.953295787172552,0.20150569519439798
1596,0.328,63,498,63,287282,318328,27561,80395,2.94868279669495,0.20163120763035994
1597,0.3281,93,628,93,287910,317700,27654,80302,2.9428656119159657,0.2017628052120341
1598,0.3282,72,484,72,288394,317216,27726,80230,2.9383823039015895,0.20186390100793566
1599,0.3283,95,572,95,288966,316644,27821,80135,2.9330838489755084,0.20196381360908716
1600,0.3284,80,562,80,289528,316082,27901,80055,2.927878024380303,0.20208917621933825
1601,0.3285,88,709,88,290237,315373,27989,79967,2.9213105339212273,0.20227399200688015
1602,0.3286,40,307,40,290544,315066,28029,79927,2.918466782763348,0.20235042139987292
1603,0.3287,79,632,79,291176,314434,28108,79848,2.9126125458520136,0.20251495122780142
1604,0.3288,70,503,70,291679,313931,28178,79778,2.907953240208974,0.20263189309870996
1605,0.3289,79,573,79,292252,313358,28257,79699,2.9026455222498053,0.20276702870067193
1606,0.329,61,441,61,292693,312917,28318,79638,2.898560524658194,0.20287093528295397
1607,0.3291,44,324,44,293017,312593,28362,79594,2.8955593019378267,0.20294910336140667
1608,0.3292,88,659,88,293676,311934,28450,79506,2.889454963133128,0.20311158798283263
1609,0.3293,97,614,97,294290,311320,28547,79409,2.8837674608173702,0.20323293126438016
1610,0.3294,65,391,65,294681,310929,28612,79344,2.8801456148801363,0.2033038411573437
1611,0.3295,70,383,70,295064,310546,28682,79274,2.876597873207603,0.20336052537068391
1612,0.3296,104,568,104,295632,309978,28786,79170,2.871336470413872,0.203444447870733
1613,0.3297,82,542,82,296174,309436,28868,79088,2.866315906480418,0.2035601404289053
1614,0.3298,83,591,83,296765,308845,28951,79005,2.8608414539256732,0.20369988397576383
1615,0.3299,90,508,90,297273,308337,29041,78915,2.8561358331171958,0.20378203340460474
1616,0.33,71,587,71,297860,307750,29112,78844,2.8506984326948017,0.20394522418868374
1617,0.3301,79,523,79,298383,307227,29191,78765,2.845853866390011,0.20405863333955107
1618,0.3302,97,454,97,298837,306773,29288,78668,2.841648449368261,0.20409868176971313
1619,0.3303,55,344,55,299181,306429,29343,78613,2.8384619659861423,0.20416733758914613
1620,0.3304,86,498,86,299679,305931,29429,78527,2.8338489755085403,0.20425378064704078
1621,0.3305,61,467,61,300146,305464,29490,78466,2.829523139056653,0.20437579767145053
1622,0.3306,57,400,57,300546,305064,29547,78409,2.825817925821631,0.204470718929364
1623,0.3307,66,430,66,300976,304634,29613,78343,2.8218348215939826,0.20456319831217018
1624,0.3308,83,512,83,301488,304122,29696,78260,2.817092148653155,0.20466444550214183
1625,0.3309,70,426,70,301914,303696,29766,78190,2.813146096557857,0.2047469663721634
1626,0.331,47,339,47,302253,303357,29813,78143,2.8100059283411762,0.20483093053735255
1627,0.3311,84,561,84,302814,302796,29897,78059,2.8048093667790583,0.20495726720142837
1628,0.3312,103,607,103,303421,302189,30000,77956,2.799186705694913,0.20506911836273
1629,0.3313,74,379,74,303800,301810,30074,77882,2.79567601615473,0.20511888583378107
1630,0.3314,93,632,93,304432,301178,30167,77789,2.7898217792433955,0.20526589386410954
1631,0.3315,64,457,64,304889,300721,30231,77725,2.785588573122383,0.20537936720166153
1632,0.3316,78,538,78,305427,300183,30309,77647,2.780605061321279,0.20550776804382923
1633,0.3317,83,506,83,305933,299677,30392,77564,2.7759179665789766,0.20560861624266716
1634,0.3318,70,558,70,306491,299119,30462,77494,2.7707491941161213,0.20576560023153742
1635,0.3319,75,529,75,307020,298590,30537,77419,2.765849049612805,0.20589666736700452
1636,0.332,98,568,98,307588,298022,30635,77321,2.7605876468190744,0.2060009111665863
1637,0.3321,84,489,84,308077,297533,30719,77237,2.7560580236392602,0.20609173626490915
1638,0.3322,80,470,80,308547,297063,30799,77157,2.75170439808811,0.2061808561808562
1639,0.3323,92,430,92,308977,296633,30891,77065,2.7477212938604616,0.20622267178309758
1640,0.3324,99,574,99,309551,296059,30990,76966,2.7424043128682056,0.20632933449500704
1641,0.3325,73,416,73,309967,295643,31063,76893,2.738550891103783,0.20640421328408529
1642,0.3326,118,674,118,310641,294969,31181,76775,2.7323076068027716,0.2065265343892571
1643,0.3327,135,809,135,311450,294160,31316,76640,2.72481381303494,0.20668824163969796
1644,0.3328,101,570,101,312020,293590,31417,76539,2.7195338841750343,0.20679006508541617
1645,0.3329,62,488,62,312508,293102,31479,76477,2.7150135240283078,0.2069300474323487
1646,0.333,77,378,77,312886,292724,31556,76400,2.7115120975212124,0.20697651737627465
1647,0.3331,101,664,101,313550,292060,31657,76299,2.705361443551076,0.20713217269022882
1648,0.3332,68,451,68,314001,291609,31725,76231,2.7011838156285894,0.2072395606785559
1649,0.3333,90,605,90,314606,291004,31815,76141,2.695579680610619,0.2073867273148211
1650,0.3334,71,484,71,315090,290520,31886,76070,2.691096372596243,0.20750702419596825
1651,0.3335,80,562,80,315652,289958,31966,75990,2.6858905480010375,0.20765245335402843
1652,0.3336,83,506,83,316158,289452,32049,75907,2.681203453258735,0.20776003875640123
1653,0.3337,66,452,66,316610,289000,32115,75841,2.6770165623031605,0.20787411502544945
1654,0.3338,84,512,84,317122,288488,32199,75757,2.672273889362333,0.20798363738692363
1655,0.3339,58,310,58,317432,288178,32257,75699,2.669402349105191,0.2080345831146239
1656,0.334,78,488,78,317920,287690,32335,75621,2.6648819889584647,0.20814398683221813
1657,0.3341,88,521,88,318441,287169,32423,75533,2.6600559487198487,0.20825085056051523
1658,0.3342,58,415,58,318856,286754,32481,75475,2.656211789988514,0.2083626656065638
1659,0.3343,70,414,70,319270,286340,32551,75405,2.6523768942902666,0.2084479398471299
1660,0.3344,115,739,115,320009,285601,32666,75290,2.6455315128385637,0.20862254808238498
1661,0.3345,68,505,68,320514,285096,32734,75222,2.640853681129349,0.20876559039515094
1662,0.3346,54,323,54,320837,284773,32788,75168,2.637861721442069,0.20883422560919707
1663,0.3347,107,609,107,321446,284164,32895,75061,2.6322205342917484,0.20895260630524046
1664,0.3348,90,434,90,321880,283730,32985,74971,2.62820037793175,0.20900694450252438
1665,0.3349,89,569,89,322449,283161,33074,74882,2.6229297121049315,0.20914247730021254
1666,0.335,99,544,99,322993,282617,33173,74783,2.617890622105302,0.2092417459429211
1667,0.3351,76,483,76,323476,282134,33249,74707,2.6134165771240134,0.2093565481545002
1668,0.3352,99,538,99,324014,281596,33348,74608,2.6084330653229095,0.2094530100728796
1669,0.3353,60,461,60,324475,281135,33408,74548,2.604162807069547,0.20959112468124708
1670,0.3354,78,434,78,324909,280701,33486,74470,2.6001426507095484,0.2096736501572482
1671,0.3355,84,473,84,325382,280228,33570,74386,2.5957612360591353,0.20976611188503555
1672,0.3356,76,497,76,325879,279731,33646,74310,2.5911575086146206,0.2098909448340729
1673,0.3357,72,432,72,326311,279299,33718,74238,2.5871558783207975,0.2099865077771209
1674,0.3358,72,464,72,326775,278835,33790,74166,2.5828578309681722,0.2101013878147654
1675,0.3359,96,565,96,327340,278270,33886,74070,2.577624217273704,0.21022307997956519
1676,0.336,98,540,98,327880,277730,33984,73972,2.572622179406425,0.21032578717209455
1677,0.3361,98,661,98,328541,277069,34082,73874,2.5664993145355517,0.210501420458593
1678,0.3362,57,445,57,328986,276624,34139,73817,2.56237726481159,0.21064030749826648
1679,0.3363,101,606,101,329592,276018,34240,73716,2.556763866760532,0.2107773336307022
1680,0.3364,73,435,73,330027,275583,34313,73643,2.552734447367446,0.2108749062211863
1681,0.3365,69,395,69,330422,275188,34382,73574,2.549075549297862,0.2109576157952988
1682,0.3366,123,706,123,331128,274482,34505,73451,2.5425358479380487,0.2111067360670014
1683,0.3367,68,441,68,331569,274041,34573,73383,2.5384508503464374,0.21122029566178502
1684,0.3368,59,425,59,331994,273616,34632,73324,2.5345140612842267,0.21134490113564305
1685,0.3369,85,483,85,332477,273133,34717,73239,2.530040016302938,0.21144607531786633
1686,0.337,106,551,106,333028,272582,34823,73133,2.5249360850716958,0.2115412984683916
1687,0.3371,54,433,54,333461,272149,34877,73079,2.520925191744785,0.21168329335975067
1688,0.3372,77,408,77,333869,271741,34954,73002,2.5171458742450628,0.21175774417464605
1689,0.3373,67,395,67,334264,271346,35021,72935,2.513486976175479,0.21184729915388884
1690,0.3374,60,357,60,334621,270989,35081,72875,2.5101800733632222,0.21192971639950678
1691,0.3375,81,473,81,335094,270516,35162,72794,2.5057986587128087,0.2120357694212228
1692,0.3376,55,440,55,335534,270076,35217,72739,2.501722924154285,0.21218149730904423
1693,0.3377,66,391,66,335925,269685,35283,72673,2.498101078217051,0.21227194924611079
1694,0.3378,66,429,66,336354,269256,35349,72607,2.4941272370224907,0.21238624829244462
1695,0.3379,99,660,99,337014,268596,35448,72508,2.488013635184705,0.21256860077864814
1696,0.338,84,470,84,337484,268126,35532,72424,2.4836600096335544,0.21266774335633534
1697,0.3381,61,384,61,337868,267742,35593,72363,2.480103004927934,0.2127666455947428
1698,0.3382,100,604,100,338472,267138,35693,72263,2.474508132943051,0.21291333849929728
1699,0.3383,94,377,94,338849,266761,35787,72169,2.471015969469043,0.21293187383825568
1700,0.3384,105,697,105,339546,266064,35892,72064,2.4645596354070176,0.21312639000615152
1701,0.3385,48,265,48,339811,265799,35940,72016,2.462104931638816,0.21318177108772554
1702,0.3386,88,580,88,340391,265219,36028,71928,2.4567323724480343,0.21334314112241842
1703,0.3387,59,369,59,340760,264850,36087,71869,2.4533143132387267,0.21343909907073852
1704,0.3388,100,582,100,341342,264268,36187,71769,2.44792322798177,0.2135746956436345
1705,0.3389,71,376,71,341718,263892,36258,71698,2.44444032754085,0.2136476057093477
1706,0.339,60,353,60,342071,263539,36318,71638,2.4411704768609432,0.21373184914239343
1707,0.3391,75,387,75,342458,263152,36393,71563,2.43758568305606,0.21380278744603617
1708,0.3392,58,321,58,342779,262831,36451,71505,2.434612249434955,0.21387167400459417
1709,0.3393,48,366,48,343145,262465,36499,71457,2.4312219793249104,0.2139930882062278
1710,0.3394,90,447,90,343592,262018,36589,71367,2.4270814035347734,0.21406781948797937
1711,0.3395,61,459,61,344051,261559,36650,71306,2.422829671347586,0.2142189776636174
1712,0.3396,81,450,81,344501,261109,36731,71225,2.4186613064581866,0.21431752393676243
1713,0.3397,73,436,73,344937,260673,36804,71152,2.414622624032013,0.21442627891207716
1714,0.3398,80,442,80,345379,260231,36884,71072,2.4105283634073142,0.21452265750687438
1715,0.3399,93,424,93,345803,259807,36977,70979,2.4066008373781913,0.21457679587406964
1716,0.34,132,770,132,346573,259037,37109,70847,2.3994683019007743,0.21476337136690474
1717,0.3401,78,495,78,347068,258542,37187,70769,2.394883100522435,0.21490020072211374
1718,0.3402,84,586,84,347654,257956,37271,70685,2.389454963133128,0.2150827194415791
1719,0.3403,88,476,88,348130,257480,37359,70597,2.3850457593834524,0.21518424028505503
1720,0.3404,76,465,76,348595,257015,37435,70521,2.38073844899774,0.21530763030628694
1721,0.3405,70,353,70,348948,256662,37505,70451,2.377468598317833,0.21537205797385
1722,0.3406,84,489,84,349437,256173,37589,70367,2.372938975138019,0.2154927420836651
1723,0.3407,40,219,40,349656,255954,37629,70327,2.3709103708918446,0.2155412052801113
1724,0.3408,88,620,88,350276,255334,37717,70239,2.365167290377561,0.21573963442914493
1725,0.3409,75,432,75,350708,254902,37792,70164,2.3611656600837376,0.21584539755003598
1726,0.341,99,565,99,351273,254337,37891,70065,2.35593204638927,0.2159820223056578
1727,0.3411,57,491,57,351764,253846,37948,70008,2.3513838971432808,0.21617148468136876
1728,0.3412,117,689,117,352453,253157,38065,69891,2.3450016673459557,0.2163486540699834
1729,0.3413,93,572,93,353025,252585,38158,69798,2.3397032124198747,0.21650645350406195
1730,0.3414,83,518,83,353543,252067,38241,69715,2.3349049612805217,0.21665288922313863
1731,0.3415,74,457,74,354000,251610,38315,69641,2.3306717551595093,0.2167806481536244
1732,0.3416,68,408,68,354408,251202,38383,69573,2.3268924376597875,0.21689034369885435
1733,0.3417,68,457,68,354865,250745,38451,69505,2.322659231538775,0.2170335675253708
1734,0.3418,65,447,65,355312,250298,38516,69440,2.318518655748638,0.2171778143354872
1735,0.3419,84,561,84,355873,249737,38600,69356,2.3133220941865202,0.21735356150087906
1736,0.342,75,336,75,356209,249401,38675,69281,2.310209715069102,0.2173985352169247
1737,0.3421,78,444,78,356653,248957,38753,69203,2.306096928378228,0.2175100578325371
1738,0.3422,84,396,84,357049,248561,38837,69119,2.302428767275557,0.21757428859229413
1739,0.3423,76,351,76,357400,248210,38913,69043,2.299177442661825,0.21762757168568933
1740,0.3424,86,379,86,357779,247831,38999,68957,2.295666753121642,0.21767554326552774
1741,0.3425,82,439,82,358218,247392,39081,68875,2.2916002815962058,0.21777485479041442
1742,0.3426,76,403,76,358621,246989,39157,68799,2.2878672792619215,0.21786451670107793
1743,0.3427,87,512,87,359133,246477,39244,68712,2.2831246063210937,0.21800253181424478
1744,0.3428,50,346,50,359479,246131,39294,68662,2.2799195968728,0.21811793781945596
1745,0.3429,70,385,70,359864,245746,39364,68592,2.276353329134092,0.21821097035674974
1746,0.343,81,466,81,360330,245280,39445,68511,2.2720367557152916,0.21833322179412412
1747,0.3431,84,416,84,360746,244864,39529,68427,2.268183333950869,0.21841355161814416
1748,0.3432,71,353,71,361099,244511,39600,68356,2.2649134832709623,0.21848261401809715
1749,0.3433,108,682,108,361781,243829,39708,68248,2.25859609470525,0.2186896182672866
1750,0.3434,72,428,72,362209,243401,39780,68176,2.254631516543777,0.21880947566733103
1751,0.3435,89,503,89,362712,242898,39869,68087,2.2499722109007374,0.21893982024856504
1752,0.3436,51,288,51,363000,242610,39920,68036,2.2473044573715217,0.2190145696387528
1753,0.3437,88,376,88,363376,242234,40008,67948,2.2438215569306013,0.21905848824238672
1754,0.3438,93,562,93,363938,241672,40101,67855,2.2386157323353957,0.21922158648518547
1755,0.3439,82,426,82,364364,241246,40183,67773,2.234669680240098,0.21931661159993399
1756,0.344,53,354,53,364718,240892,40236,67720,2.2313905665271037,0.21943411144090313
1757,0.3441,99,546,99,365264,240346,40335,67621,2.226332950461299,0.21957222689443998
1758,0.3442,113,631,113,365895,239715,40448,67508,2.2204879765830525,0.21973615256670237
1759,0.3443,59,330,59,366225,239385,40507,67449,2.2174311756641596,0.2198224447095172
1760,0.3444,84,465,84,366690,238920,40591,67365,2.2131238652784466,0.21994221068612566
1761,0.3445,59,416,59,367106,238504,40650,67306,2.2092704435140242,0.22009090611817794
1762,0.3446,56,397,56,367503,238107,40706,67250,2.205593019378265,0.22023402116211516
1763,0.3447,85,548,85,368051,237559,40791,67165,2.2005168772462853,0.22041257006340165
1764,0.3448,82,412,82,368463,237147,40873,67083,2.196700507614213,0.22050093679124347
1765,0.3449,68,320,68,368783,236827,40941,67015,2.1937363370261957,0.22055871143554873
1766,0.345,82,388,82,369171,236439,41023,66933,2.190142280188225,0.22063011747953007
1767,0.3451,86,472,86,369643,235967,41109,66847,2.1857701285708995,0.2207526732581717
1768,0.3452,56,376,56,370019,235591,41165,66791,2.182287228129979,0.22088285678380326
1769,0.3453,65,345,65,370364,235246,41230,66726,2.1790914817147726,0.2209675069211715
1770,0.3454,107,641,107,371005,234605,41337,66619,2.1731538775056505,0.22116099646774492
1771,0.3455,114,520,114,371525,234085,41451,66505,2.168337100300122,0.22124821185002827
1772,0.3456,83,522,83,372047,233563,41534,66422,2.163501797028419,0.22141773755354435
1773,0.3457,132,665,132,372712,232898,41666,66290,2.1573418800251956,0.22156637298287366
1774,0.3458,76,445,76,373157,232453,41742,66214,2.153219830301234,0.2216984132830209
1775,0.3459,97,612,97,373769,231841,41839,66117,2.1475508540516506,0.2219004020700904
1776,0.346,86,463,86,374232,231378,41925,66031,2.143262069732113,0.22202085343752206
1777,0.3461,72,413,72,374645,230965,41997,65959,2.139436437066953,0.22214101925071736
1778,0.3462,101,519,101,375164,230446,42098,65858,2.1346289228945126,0.2222649711107511
1779,0.3463,75,428,75,375592,230018,42173,65783,2.1306643447330393,0.22238937664172873
1780,0.3464,87,494,87,376086,229524,42260,65696,2.1260884063877876,0.2225323487568593
1781,0.3465,80,399,80,376485,229125,42340,65616,2.1223924561858536,0.22262257371726363
1782,0.3466,60,388,60,376873,228737,42400,65556,2.1187983993478823,0.2227575919236951
1783,0.3467,73,333,73,377206,228404,42473,65483,2.1157138093297267,0.2228169330388891
1784,0.3468,75,423,75,377629,227981,42548,65408,2.1117955463336915,0.22293951034292356
1785,0.3469,89,445,89,378074,227536,42637,65319,2.10767349660973,0.22304211982038893
1786,0.347,93,449,93,378523,227087,42730,65226,2.103514394753418,0.22313752723963695
1787,0.3471,77,445,77,378968,226642,42807,65149,2.0993923450294565,0.22327282198559928
1788,0.3472,106,495,106,379463,226147,42913,65043,2.094807143651117,0.22336962120951956
1789,0.3473,76,451,76,379914,225696,42989,64967,2.0906295157286303,0.22351314064741643
1790,0.3474,72,434,72,380348,225262,43061,64895,2.0866093593686315,0.22365477999841465
1791,0.3475,86,465,86,380813,224797,43147,64809,2.082302048982919,0.22378334703010297
1792,0.3476,80,481,80,381294,224316,43227,64729,2.0778465300678053,0.22394090885502257
1793,0.3477,48,334,48,381628,223982,43275,64681,2.0747526770165625,0.2240709754973793
1794,0.3478,61,343,61,381971,223639,43336,64620,2.071575456667531,0.22417339961631727
1795,0.3479,74,377,74,382348,223262,43410,64546,2.0680832931935234,0.22426756726706693
1796,0.348,83,452,83,382800,222810,43493,64463,2.063896402237949,0.2243963059528741
1797,0.3481,86,452,86,383252,222358,43579,64377,2.0597095112823745,0.22451741154724747
1798,0.3482,57,410,57,383662,221948,43636,64320,2.0559116677164773,0.2246845613201615
1799,0.3483,89,458,89,384120,221490,43725,64231,2.051669198562377,0.22480321712439758
1800,0.3484,93,420,93,384540,221070,43818,64138,2.0477787246656045,0.2248814900002805
1801,0.3485,71,412,71,384952,220658,43889,64067,2.043962355033532,0.22501360962332076
1802,0.3486,92,397,92,385349,220261,43981,63975,2.0402849308977733,0.22507704864971362
1803,0.3487,89,434,89,385783,219827,44070,63886,2.0362647745377744,0.22517826113008568
1804,0.3488,71,332,71,386115,219495,44141,63815,2.0331894475527066,0.22524796159683738
1805,0.3489,53,320,53,386435,219175,44194,63762,2.030225276964689,0.2253575884384156
1806,0.349,66,383,66,386818,218792,44260,63696,2.026677535292156,0.2254821443742743
1807,0.3491,68,424,68,387242,218368,44328,63628,2.0227500092630333,0.22563440616178954
1808,0.3492,49,324,49,387566,218044,44377,63579,2.0197487865426655,0.22575925971955416
1809,0.3493,106,520,106,388086,217524,44483,63473,2.0149320093371372,0.2258849738609309
1810,0.3494,91,436,91,388522,217088,44574,63382,2.010893326910964,0.22598495382750383
1811,0.3495,79,489,79,389011,216599,44653,63303,2.0063637037311497,0.22616129931190201
1812,0.3496,100,412,100,389423,216187,44753,63203,2.0025473340990776,0.22621783170478543
1813,0.3497,71,410,71,389833,215777,44824,63132,1.9987494905331802,0.22635339842027327
1814,0.3498,88,479,88,390312,215298,44912,63044,1.9943124976842417,0.22649833657874127
1815,0.3499,79,400,79,390712,214898,44991,62965,1.99060728444922,0.22660447774622747
1816,0.35,109,491,109,391203,214407,45100,62856,1.9860591352032309,0.22670172363423896
1817,0.3501,79,381,79,391584,214026,45179,62777,1.9825299195968729,0.2267930622139211
1818,0.3502,67,431,67,392015,213595,45246,62710,1.978537552336137,0.22695933841226182
1819,0.3503,96,419,96,392434,213176,45342,62614,1.9746563414724518,0.2270350629101853
1820,0.3504,74,388,74,392822,212788,45416,62540,1.9710622846344807,0.22714725708972572
1821,0.3505,87,474,87,393296,212314,45503,62453,1.96667160695098,0.22729439852675176
1822,0.3506,56,382,56,393678,211932,45559,62397,1.9631331283115343,0.2274531675469965
1823,0.3507,69,360,69,394038,211572,45628,62328,1.9597984364000147,0.22755750273822564
1824,0.3508,83,371,83,394409,211201,45711,62245,1.9563618511245322,0.22763178104634918
1825,0.3509,71,366,71,394775,210835,45782,62174,1.9529715810144874,0.22773608196066797
1826,0.351,94,560,94,395335,210275,45876,62080,1.947784282485457,0.22793780176607736
1827,0.3511,91,501,91,395836,209774,45967,61989,1.9431435029085924,0.22809948374134817
1828,0.3512,118,577,118,396413,209197,46085,61871,1.9377987328170736,0.22824900025085956
1829,0.3513,76,331,76,396744,208866,46161,61795,1.9347326688650932,0.22831143016540986
1830,0.3514,62,328,62,397072,208538,46223,61733,1.9316943940123754,0.22841148328899513
1831,0.3515,108,491,108,397563,208047,46331,61625,1.9271462447663863,0.22851834821561007
1832,0.3516,62,289,62,397852,207758,46393,61563,1.9244692282040832,0.22858596247600446
1833,0.3517,72,403,72,398255,207355,46465,61491,1.9207362258697989,0.22872201929729288
1834,0.3518,72,352,72,398607,207003,46537,61419,1.9174756382229798,0.22881507477032434
1835,0.3519,114,659,114,399266,206344,46651,61305,1.9113712994182814,0.2290499871099836
1836,0.352,55,251,55,399517,206093,46706,61250,1.9090462781133055,0.2291064288199055
1837,0.3521,86,370,86,399887,205723,46792,61164,1.9056189558709105,0.2291756436244553
1838,0.3522,87,418,87,400305,205305,46879,61077,1.9017470080403127,0.229283510147082
1839,0.3523,76,509,76,400814,204796,46955,61001,1.8970321241987476,0.22950221409571966
1840,0.3524,77,335,77,401149,204461,47032,60924,1.893929008114417,0.22956836294440153
1841,0.3525,78,425,78,401574,204036,47110,60846,1.8899922190522065,0.22970983305773893
1842,0.3526,57,429,57,402003,203607,47167,60789,1.8860183778576458,0.22991648890300911
1843,0.3527,68,427,68,402430,203180,47235,60721,1.88206306272926,0.23009007165565876
1844,0.3528,57,339,57,402769,202841,47292,60664,1.878922894512579,0.23021954042617787
1845,0.3529,71,366,71,403135,202475,47363,60593,1.8755326244025343,0.23033208143901956
1846,0.353,81,426,81,403561,202049,47444,60512,1.8715865723072362,0.23046834830763138
1847,0.3531,76,380,76,403941,201669,47520,60436,1.8680666197339657,0.2305793479712329
1848,0.3532,82,396,82,404337,201273,47602,60354,1.8643984586312943,0.23068719971562568
1849,0.3533,94,334,94,404671,200939,47696,60260,1.861304605580051,0.23070532429297202
1850,0.3534,97,464,97,405135,200475,47793,60163,1.857006558227426,0.23082973319316447
1851,0.3535,74,354,74,405489,200121,47867,60089,1.8537274445144318,0.2309250220975366
1852,0.3536,78,443,78,405932,199678,47945,60011,1.8496239208566454,0.2310879552079603
1853,0.3537,62,293,62,406225,199385,48007,59949,1.846909852161992,0.2311652155135848
1854,0.3538,90,439,90,406664,198946,48097,59859,1.8428433806365556,0.2312899673499353
1855,0.3539,99,526,99,407190,198420,48196,59760,1.837971025232502,0.23146641877759702
1856,0.354,84,444,84,407634,197976,48280,59676,1.833858238541628,0.23161473615574496
1857,0.3541,89,451,89,408085,197525,48369,59587,1.8296806106191412,0.23175503282616136
1858,0.3542,94,470,94,408555,197055,48463,59493,1.8253269850679907,0.2318981243276112
1859,0.3543,83,400,83,408955,196655,48546,59410,1.821621771832969,0.23201140335461698
1860,0.3544,73,408,73,409363,196247,48619,59337,1.817842454333247,0.23216242018279704
1861,0.3545,87,411,87,409774,195836,48706,59250,1.8140353477342621,0.23227460542718925
1862,0.3546,101,518,101,410292,195318,48807,59149,1.809237096594909,0.23244271359351115
1863,0.3547,51,285,51,410577,195033,48858,59098,1.806597132164956,0.23254935446679076
1864,0.3548,59,328,59,410905,194705,48917,59039,1.8035588573122383,0.2326715114446056
1865,0.3549,60,324,60,411229,194381,48977,58979,1.8005576345918708,0.23278733817492894
1866,0.355,114,500,114,411729,193881,49091,58865,1.7959261180480937,0.23290180655678033
1867,0.3551,90,524,90,412253,193357,49181,58775,1.7910722887102153,0.23311202068757636
1868,0.3552,115,505,115,412758,192852,49296,58660,1.7863944570010004,0.2332294284169344
1869,0.3553,65,270,65,413028,192582,49361,58595,1.7838934380673608,0.2332817097106821
1870,0.3554,96,515,96,413543,192067,49457,58499,1.7791229760272704,0.23346742973907075
1871,0.3555,58,358,58,413901,191709,49515,58441,1.775806810181926,0.23362382570457726
1872,0.3556,101,448,101,414349,191261,49616,58340,1.7716569713587016,0.23373303792853395
1873,0.3557,70,318,70,414667,190943,49686,58270,1.7687113268368595,0.23381605293463825
1874,0.3558,86,396,86,415063,190547,49772,58184,1.765043165734188,0.2339233951538007
1875,0.3559,71,427,71,415490,190120,49843,58113,1.7610878506058023,0.23410666591468499
1876,0.356,51,281,51,415771,189839,49894,58062,1.7584849383081997,0.23421446464516077
1877,0.3561,84,442,84,416213,189397,49978,57978,1.7543906776835008,0.23437291561394644
1878,0.3562,76,468,76,416681,188929,50054,57902,1.7500555781985254,0.23458155580133777
1879,0.3563,113,453,113,417134,188476,50167,57789,1.7458594242098633,0.23466184800925832
1880,0.3564,61,360,61,417494,188116,50228,57728,1.7425247322983437,0.2348155741039033
1881,0.3565,69,403,69,417897,187713,50297,57659,1.7387917299640594,0.23498606197936195
1882,0.3566,66,378,66,418275,187335,50363,57593,1.735290303456964,0.2351425725111053
1883,0.3567,94,435,94,418710,186900,50457,57499,1.731260884063878,0.2352669200774144
1884,0.3568,63,358,63,419068,186542,50520,57436,1.7279447182185335,0.23541466853568765
1885,0.3569,59,325,59,419393,186217,50579,57377,1.7249342324650783,0.23554356839659432
1886,0.357,123,481,123,419874,185736,50702,57254,1.7204787135499648,0.23562286513848307
1887,0.3571,71,341,71,420215,185395,50773,57183,1.7173200192671088,0.2357303630172563
1888,0.3572,67,282,67,420497,185113,50840,57116,1.7147078439364185,0.23579340211122532
1889,0.3573,53,281,53,420778,184832,50893,57063,1.7121049316388157,0.23589987391223466
1890,0.3574,105,510,105,421288,184322,50998,56958,1.707380784764163,0.23606598143236074
1891,0.3575,71,372,71,421660,183950,51069,56887,1.7039349364555931,0.2362054003330053
1892,0.3576,91,448,91,422108,183502,51160,56796,1.6997850976323687,0.23635652398272144
1893,0.3577,113,468,113,422576,183034,51273,56683,1.6954499981473934,0.23645799004659662
1894,0.3578,67,407,67,422983,182627,51340,56616,1.6916799436807588,0.23664642225686855
1895,0.3579,77,476,77,423459,182151,51417,56539,1.6872707399310831,0.236872093510411
1896,0.358,49,221,49,423680,181930,51466,56490,1.6852236096187336,0.23693482090428655
1897,0.3581,109,535,109,424215,181395,51575,56381,1.680267886916892,0.23711812798600362
1898,0.3582,61,304,61,424519,181091,51636,56320,1.6774519248582755,0.23722573932968566
1899,0.3583,69,345,69,424864,180746,51705,56251,1.6742561784430694,0.23734899597885206
1900,0.3584,93,411,93,425275,180335,51798,56158,1.6704490718440845,0.237461573915507
1901,0.3585,88,375,88,425650,179960,51886,56070,1.6669754344362517,0.23755454815065882
1902,0.3586,77,310,77,425960,179650,51963,55993,1.66410389417911,0.23761792202611579
1903,0.3587,122,611,122,426571,179039,52085,55871,1.6584441809626145,0.23784002383891703
1904,0.3588,64,348,64,426919,178691,52149,55807,1.6552206454481455,0.23798497215328063
1905,0.3589,97,374,97,427293,178317,52246,55710,1.6517562710734002,0.2380494558320194
1906,0.359,97,429,97,427722,177888,52343,55613,1.6477824298788395,0.23817028620862438
1907,0.3591,89,363,89,428085,177525,52432,55524,1.6444199488680573,0.2382503250389403
1908,0.3592,91,375,91,428460,177150,52523,55433,1.6409463114602245,0.2383364218365057
1909,0.3593,60,241,60,428701,176909,52583,55373,1.638713920486124,0.238386960677108
1910,0.3594,98,401,98,429102,176508,52681,55275,1.6349994442180147,0.23847736891834173
1911,0.3595,77,387,77,429489,176121,52758,55198,1.6314146504131313,0.23862285415378762
1912,0.3596,99,438,99,429927,175683,52857,55099,1.6273574419207826,0.23874912254855232
1913,0.3597,67,348,67,430275,175335,52924,55032,1.6241339064063136,0.23888838245061142
1914,0.3598,68,285,68,430560,175050,52992,54964,1.6214939419763608,0.2389593676906623
1915,0.3599,79,377,79,430937,174673,53071,54885,1.6180017785023528,0.23908990320529017
1916,0.36,60,315,60,431252,174358,53131,54825,1.6150839230797733,0.23921931382345113
1917,0.3601,68,365,68,431617,173993,53199,54757,1.611702916002816,0.23937486338797814
1918,0.3602,63,430,63,432047,173563,53262,54694,1.6077198117751677,0.23961587158334685
1919,0.3603,93,386,93,432433,173177,53355,54601,1.6041442810033717,0.23971147345222102
1920,0.3604,73,349,73,432782,172828,53428,54528,1.6009114824558153,0.23983532433716287
1921,0.3605,83,372,83,433154,172456,53511,54445,1.597465634147245,0.2399504629772456
1922,0.3606,53,342,53,433496,172114,53564,54392,1.5942976768313017,0.24013491916328927
1923,0.3607,76,395,76,433891,171719,53640,54316,1.5906387787617178,0.2402990687282943
1924,0.3608,98,429,98,434320,171290,53738,54218,1.586664937567157,0.24042606027280627
1925,0.3609,66,237,66,434557,171053,53804,54152,1.5844695987254067,0.24045647299127462
1926,0.361,57,296,57,434853,170757,53861,54095,1.5817277409314907,0.24058047070962232
1927,0.3611,95,453,95,435306,170304,53956,54000,1.5775315869428286,0.24074470361652045
1928,0.3612,79,328,79,435634,169976,54035,53921,1.5744933120901108,0.24082948855947153
1929,0.3613,90,438,90,436072,169538,54125,53831,1.570436103597762,0.24099584096271193
1930,0.3614,71,350,71,436422,169188,54196,53760,1.567194042017118,0.24113246138112923
1931,0.3615,70,333,70,436755,168855,54266,53690,1.5641094519989625,0.2412545777258532
1932,0.3616,70,285,70,437040,168570,54336,53620,1.5614694875690096,0.24132499212385797
1933,0.3617,83,306,83,437346,168264,54419,53537,1.558634999444218,0.2413740244633703
1934,0.3618,73,362,73,437708,167902,54492,53464,1.5552817814665234,0.2415185710542721
1935,0.3619,67,311,67,438019,167591,54559,53397,1.552400978176294,0.24162850471518815
1936,0.362,68,319,68,438338,167272,54627,53329,1.5494460706213642,0.2417441444055104
1937,0.3621,94,420,94,438758,166852,54721,53235,1.5455555967245915,0.2418816195413632
1938,0.3622,93,412,93,439170,166440,54814,53142,1.5417392270925192,0.24201437276279478
1939,0.3623,54,257,54,439427,166183,54868,53088,1.5393586275890176,0.24211135991535587
1940,0.3624,82,332,82,439759,165851,54950,53006,1.5362833006039498,0.24219467506179834
1941,0.3625,72,305,72,440064,165546,55022,52934,1.5334580755122458,0.24228304650311241
1942,0.3626,53,268,53,440332,165278,55075,52881,1.5309755826447813,0.24239660064448407
1943,0.3627,65,324,65,440656,164954,55140,52816,1.5279743599244135,0.24253111080497772
1944,0.3628,75,277,75,440933,164677,55215,52741,1.525408499759161,0.24257881132196965
1945,0.3629,60,234,60,441167,164443,55275,52681,1.5232409500166735,0.2426309390025976
1946,0.363,61,320,61,441487,164123,55336,52620,1.520276779428656,0.2427760066069031
1947,0.3631,67,330,67,441817,163793,55403,52553,1.5172199785097633,0.24291181718173666
1948,0.3632,100,472,100,442289,163321,55503,52453,1.5128478268924377,0.24309230954609917
1949,0.3633,76,313,76,442602,163008,55579,52377,1.509948497536033,0.24317849432411728
1950,0.3634,84,371,84,442973,162637,55663,52293,1.5065119122605506,0.2433024705718141
1951,0.3635,85,385,85,443358,162252,55748,52208,1.5029456445218423,0.24343933600671455
1952,0.3636,72,331,72,443689,161921,55820,52136,1.4998795805698617,0.2435612944215793
1953,0.3637,74,361,74,444050,161560,55894,52062,1.4965356256252547,0.24371085375101814
1954,0.3638,88,394,88,444444,161166,55982,51974,1.4928859905887584,0.24384911325889086
1955,0.3639,51,252,51,444696,160914,56033,51923,1.4905517062506948,0.24395664287694338
1956,0.364,67,405,67,445101,160509,56100,51856,1.4868001778502353,0.24418336354860734
1957,0.3641,127,478,127,445579,160031,56227,51729,1.4823724480343843,0.2442812618058179
1958,0.3642,95,378,95,445957,159653,56322,51634,1.4788710215272889,0.2443784993870896
1959,0.3643,126,548,126,446505,159105,56448,51508,1.4737948793953093,0.24456230147236876
1960,0.3644,81,301,81,446806,158804,56529,51427,1.4710067064359553,0.2446213926585518
1961,0.3645,88,393,88,447199,158411,56617,51339,1.4673663344325465,0.24476281287246723
1962,0.3646,51,325,51,447524,158086,56668,51288,1.4643558486790915,0.24495878189268963
1963,0.3647,85,371,85,447895,157715,56753,51203,1.4609192634036088,0.24508658899663982
1964,0.3648,53,215,53,448110,157500,56806,51150,1.4589277112897847,0.24514737598849748
1965,0.3649,106,494,106,448604,157006,56912,51044,1.454351772944533,0.24534486902186975
1966,0.365,59,298,59,448902,156708,56971,50985,1.4515913890844419,0.24548251505828314
1967,0.3651,63,305,63,449207,156403,57034,50922,1.4487661639927378,0.24561437356806945
1968,0.3652,77,276,77,449483,156127,57111,50845,1.4462095668605728,0.2456612488645807
1969,0.3653,71,326,71,449809,155801,57182,50774,1.4431898180740301,0.2457896647706644
1970,0.3654,88,360,88,450169,155441,57270,50686,1.4398551261625105,0.24589694702780324
1971,0.3655,77,446,77,450615,154995,57347,50609,1.4357238134054615,0.24614793486508044
1972,0.3656,62,271,62,450886,154724,57409,50547,1.4332135314387342,0.24624520755489085
1973,0.3657,72,355,72,451241,154369,57481,50475,1.4299251546926526,0.24640702192888247
1974,0.3658,70,347,70,451588,154022,57551,50405,1.4267108822112713,0.24656723426944582
1975,0.3659,100,348,100,451936,153674,57651,50305,1.4234873466968023,0.2466185244559489
1976,0.366,55,187,55,452123,153487,57706,50250,1.4217551595094298,0.24664150350697223
1977,0.3661,79,370,79,452493,153117,57785,50171,1.4183278372670347,0.246797646688442
1978,0.3662,77,305,77,452798,152812,57862,50094,1.4155026121753307,0.24688279301745636
1979,0.3663,90,359,90,453157,152453,57952,50004,1.4121771832968988,0.24698577969642938
1980,0.3664,85,415,85,453572,152038,58037,49919,1.4083330245655636,0.2471763791302109
1981,0.3665,67,314,67,453886,151724,58104,49852,1.4054244321760718,0.2473111878398222
1982,0.3666,94,434,94,454320,151290,58198,49758,1.4014042758160732,0.24749313596753014
1983,0.3667,75,285,75,454605,151005,58273,49683,1.3987643113861203,0.24756338196603683
1984,0.3668,99,442,99,455047,150563,58372,49584,1.3946700507614214,0.24773791263421385
1985,0.3669,75,280,75,455327,150283,58447,49509,1.3920764014969063,0.24780271482341634
1986,0.367,98,420,98,455747,149863,58545,49411,1.3881859276001334,0.2479550769292532
1987,0.3671,69,285,69,456032,149578,58614,49342,1.3855459631701805,0.2480494671224613
1988,0.3672,67,264,67,456296,149314,58681,49275,1.383100522435066,0.24812552558298798
1989,0.3673,82,334,82,456630,148980,58763,49193,1.380006669383823,0.24823260484526147
1990,0.3674,88,450,88,457080,148530,58851,49105,1.3758383044944236,0.24846307587218863
1991,0.3675,76,359,76,457439,148171,58927,49029,1.3725128756159917,0.24862576064908723
1992,0.3676,81,282,81,457721,147889,59008,48948,1.3699007002853014,0.24867275969456962
1993,0.3677,67,273,67,457994,147616,59075,48881,1.3673718922523992,0.24876206761426384
1994,0.3678,72,284,72,458278,147332,59147,48809,1.3647411908555338,0.24884649308405687
1995,0.3679,45,323,45,458601,147009,59192,48764,1.3617492311682537,0.24908439876796085
1996,0.368,64,307,64,458908,146702,59256,48700,1.3589054800103746,0.2492297929396833
1997,0.3681,91,404,91,459312,146298,59347,48609,1.3551632146430026,0.24939586572057443
1998,0.3682,77,468,77,459780,145830,59424,48532,1.3508281151580273,0.24969901523960444
1999,0.3683,77,397,77,460177,145433,59501,48455,1.3471506910222684,0.24991232051493645
2000,0.3684,73,384,73,460561,145049,59574,48382,1.3435936863166476,0.250125367702178
2001,0.3685,99,479,99,461040,144570,59673,48283,1.339156693467709,0.25036167443596935
2002,0.3686,88,351,88,461391,144219,59761,48195,1.3359053688539775,0.25047553712307835
2003,0.3687,87,383,87,461774,143836,59848,48108,1.3323576271814443,0.2506356020505981
2004,0.3688,83,361,83,462135,143475,59931,48025,1.3290136722368373,0.25078328981723236
2005,0.3689,85,288,85,462423,143187,60016,47940,1.3263459187076216,0.25082798348741936
2006,0.369,89,388,89,462811,142799,60105,47851,1.3227518618696505,0.2509887227904537
2007,0.3691,102,364,102,463175,142435,60207,47749,1.319380117825781,0.251067387372229
2008,0.3692,66,290,66,463465,142145,60273,47683,1.31669383823039,0.2511905514465727
2009,0.3693,65,295,65,463760,141850,60338,47618,1.3139612434695618,0.2513247619650812
2010,0.3694,95,377,95,464137,141473,60433,47523,1.3104690799955538,0.25144976613261655
2011,0.3695,72,365,72,464502,141108,60505,47451,1.3070880729185965,0.25165067697643706
2012,0.3696,73,291,73,464793,140817,60578,47378,1.3043925302901183,0.25174951513058264
2013,0.3697,80,359,80,465152,140458,60658,47298,1.3010671014116861,0.2519120560727753
2014,0.3698,103,401,103,465553,140057,60761,47195,1.297352625143577,0.25204003161514965
2015,0.3699,67,290,67,465843,139767,60828,47128,1.2946663455481864,0.252162979212927
2016,0.37,51,310,51,466153,139457,60879,47077,1.2917948052910444,0.25237758263908994
2017,0.3701,77,331,77,466484,139126,60956,47000,1.288728741339064,0.25251711206387073
2018,0.3702,71,341,71,466825,138785,61027,46929,1.2855700470562081,0.25269500414616025
2019,0.3703,93,340,93,467165,138445,61120,46836,1.2824206158064397,0.25278360976031
2020,0.3704,95,460,95,467625,137985,61215,46741,1.2781596205861647,0.25302881023786583
2021,0.3705,97,400,97,468025,137585,61312,46644,1.274454407351143,0.2531848948862557
2022,0.3706,105,479,105,468504,137106,61417,46539,1.2700174145022045,0.25341827983337417
2023,0.3707,69,238,69,468742,136868,61486,46470,1.2678128126273667,0.2534662754038988
2024,0.3708,59,231,59,468973,136637,61545,46411,1.2656730519841417,0.253545518115467
2025,0.3709,82,361,82,469334,136276,61627,46329,1.2623290970395347,0.2537115632102078
2026,0.371,79,296,79,469630,135980,61706,46250,1.2595872392456187,0.253800142676837
2027,0.3711,68,243,68,469873,135737,61774,46182,1.2573363222053429,0.25386023449996975
2028,0.3712,94,427,94,470300,135310,61868,46088,1.2533810070769573,0.25407115844717143
2029,0.3713,89,428,89,470728,134882,61957,45999,1.249416428915484,0.2543053167552147
2030,0.3714,108,415,108,471143,134467,62065,45891,1.2455722701841492,0.2544439392763282
2031,0.3715,102,360,102,471503,134107,62167,45789,1.2422375782726296,0.2545303953395295
2032,0.3716,87,359,87,471862,133748,62254,45702,1.2389121493941977,0.25467818333797715
2033,0.3717,90,384,90,472246,133364,62344,45612,1.2353551446885769,0.25484981226533165
2034,0.3718,86,319,86,472565,133045,62430,45526,1.232400237133647,0.2549462118709085
2035,0.3719,63,296,63,472861,132749,62493,45463,1.229658379339731,0.2551062779161897
2036,0.372,63,249,63,473110,132500,62556,45400,1.22735188410093,0.25519955030916247
2037,0.3721,81,338,81,473448,132162,62637,45319,1.2242209789173366,0.2553456426321691
2038,0.3722,67,289,67,473737,131873,62704,45252,1.2215439623550335,0.2554805928016937
2039,0.3723,54,241,54,473978,131632,62758,45198,1.219311571380933,0.2556014250975513
2040,0.3724,57,202,57,474180,131430,62815,45141,1.217440438697247,0.25565353313964356
2041,0.3725,80,398,80,474578,131032,62895,45061,1.2137537515284005,0.255893192801531
2042,0.3726,71,276,71,474854,130756,62966,44990,1.2111971543962354,0.25599444653078873
2043,0.3727,70,274,70,475128,130482,63036,44920,1.2086590833302457,0.25609742192221296
2044,0.3728,80,372,80,475500,130110,63116,44840,1.2052132350216755,0.2563018005144327
2045,0.3729,72,281,72,475781,129829,63188,44768,1.2026103227240728,0.25640761296013104
2046,0.373,79,416,79,476197,129413,63267,44689,1.1987569009596502,0.2566828640681899
2047,0.3731,59,227,59,476424,129186,63326,44630,1.1966541924487755,0.25676577530261885
2048,0.3732,117,470,117,476894,128716,63443,44513,1.192300566897625,0.2569604396492504
2049,0.3733,108,428,108,477322,128288,63551,44405,1.1883359887361518,0.2571325994684208
2050,0.3734,95,348,95,477670,127940,63646,44310,1.185112453221683,0.2572423802612482
2051,0.3735,80,293,80,477963,127647,63726,44230,1.1823983845270296,0.2573351873723651
2052,0.3736,72,245,72,478208,127402,63798,44158,1.1801289414205787,0.2573910002331546
2053,0.3737,98,384,98,478592,127018,63896,44060,1.1765719367149579,0.2575433428026982
2054,0.3738,55,210,55,478802,126808,63951,44005,1.1746266997665715,0.2576209070738176
2055,0.3739,36,191,36,478993,126617,63987,43969,1.1728574604468487,0.25775268779384003
2056,0.374,70,242,70,479235,126375,64057,43899,1.1706158064396606,0.25781387645794424
2057,0.3741,41,199,41,479434,126176,64098,43858,1.1687724628552374,0.25793664796452476
2058,0.3742,77,295,77,479729,125881,64175,43781,1.1660398680944088,0.2580483549645766
2059,0.3743,67,295,67,480024,125586,64242,43714,1.1633072733335803,0.25820437093916127
2060,0.3744,81,324,81,480348,125262,64323,43633,1.1603060506132128,0.2583439415021167
2061,0.3745,85,315,85,480663,124947,64408,43548,1.1573881951906333,0.25845277307931985
2062,0.3746,53,195,53,480858,124752,64461,43495,1.1555819037385602,0.2585187254453274
2063,0.3747,66,232,66,481090,124520,64527,43429,1.1534328800622475,0.2585844512322193
2064,0.3748,61,312,61,481402,124208,64588,43368,1.1505428137389306,0.25879600897503224
2065,0.3749,110,418,110,481820,123790,64698,43258,1.1466708659083331,0.2589555097935923
2066,0.375,65,244,65,482064,123546,64763,43193,1.1444106858349699,0.25904557422078817
2067,0.3751,108,451,108,482515,123095,64871,43085,1.1402330579124829,0.2592670598146588
2068,0.3752,99,317,99,482832,122778,64970,42986,1.1372966764237282,0.25932047971815353
2069,0.3753,79,352,79,483184,122426,65049,42907,1.1340360887769092,0.25951866838441207
2070,0.3754,63,277,63,483461,122149,65112,42844,1.1314702286116567,0.25967162243246683
2071,0.3755,89,450,89,483911,121699,65201,42755,1.1273018637222572,0.25998151458766583
2072,0.3756,48,252,48,484163,121447,65249,42707,1.1249675793841936,0.2601642360222718
2073,0.3757,60,267,60,484430,121180,65309,42647,1.1224943495498165,0.2603172859174617
2074,0.3758,72,312,72,484742,120868,65381,42575,1.1196042832264996,0.2604883659746823
2075,0.3759,76,344,76,485086,120524,65457,42499,1.116417799844381,0.26069327640885026
2076,0.376,94,327,94,485413,120197,65551,42405,1.1133887880247508,0.26079015018265456
2077,0.3761,76,377,76,485790,119820,65627,42329,1.109896624550743,0.2610500218934437
2078,0.3762,80,318,80,486108,119502,65707,42249,1.1069509800289006,0.2611977669380715
2079,0.3763,70,331,70,486439,119171,65777,42179,1.1038849160769202,0.26141307716145024
2080,0.3764,95,337,95,486776,118834,65872,42084,1.1007632739264144,0.2615245031631017
2081,0.3765,61,293,61,487069,118541,65933,42023,1.0980492052317612,0.2617211828305224
2082,0.3766,62,355,62,487424,118186,65995,41961,1.0947608284856793,0.26201552323802507
2083,0.3767,110,354,110,487778,117832,66105,41851,1.0914817147726852,0.26208801187352443
2084,0.3768,48,205,48,487983,117627,66153,41803,1.0895827929897366,0.2622028476447344
2085,0.3769,71,240,71,488223,117387,66224,41732,1.0873596650487236,0.26226911933835684
2086,0.377,102,363,102,488586,117024,66326,41630,1.0839971840379414,0.26239489707161495
2087,0.3771,97,331,97,488917,116693,66423,41533,1.080931120085961,0.26249162590219055
2088,0.3772,84,259,84,489176,116434,66507,41449,1.0785319945162843,0.26252984805203855
2089,0.3773,81,319,81,489495,116115,66588,41368,1.0755770869613546,0.2626823212664224
2090,0.3774,57,214,57,489709,115901,66645,41311,1.073594797880618,0.2627725618909498
2091,0.3775,63,251,63,489960,115650,66708,41248,1.0712697765756418,0.2628969139185968
2092,0.3776,70,286,70,490246,115364,66778,41178,1.0686205491126015,0.2630476166140716
2093,0.3777,57,234,57,490480,115130,66835,41121,1.0664529993701137,0.26317271569461953
2094,0.3778,61,234,61,490714,114896,66896,41060,1.0642854496276262,0.2632793864936264
2095,0.3779,90,252,90,490966,114644,66986,40970,1.0619511652895623,0.263279653501613
2096,0.378,56,247,56,491213,114397,67042,40914,1.0596631961169365,0.2634327253059989
2097,0.3781,45,166,45,491379,114231,67087,40869,1.0581255326244026,0.26350096711798837
2098,0.3782,91,346,91,491725,113885,67178,40778,1.0549205231761087,0.2636571125608581
2099,0.3783,57,235,57,491960,113650,67235,40721,1.0527437104005335,0.26378659204125127
2100,0.3784,92,361,92,492321,113289,67327,40629,1.0493997554559265,0.2639652282384127
2101,0.3785,67,272,67,492593,113017,67394,40562,1.0468802104561117,0.26411162984522624
2102,0.3786,64,235,64,492828,112782,67458,40498,1.0447033976805364,0.26420929018789147
2103,0.3787,98,336,98,493164,112446,67556,40400,1.0415910185631183,0.26431833348599243
2104,0.3788,69,305,69,493469,112141,67625,40331,1.0387657934714143,0.26451414030117004
2105,0.3789,64,250,64,493719,111891,67689,40267,1.0364500351995258,0.2646393880045742
2106,0.379,94,274,94,493993,111617,67783,40173,1.033911964133536,0.26466170366954345
2107,0.3791,48,201,48,494194,111416,67831,40125,1.0320500944829374,0.26477982856124743
2108,0.3792,74,350,74,494544,111066,67905,40051,1.0288080329022935,0.2650330538589305
2109,0.3793,84,255,84,494799,110811,67989,39967,1.0264459594649673,0.26507182745493374
2110,0.3794,86,279,86,495078,110532,68075,39881,1.0238615732335397,0.2651433054323762
2111,0.3795,71,309,71,495387,110223,68146,39810,1.0209992960094854,0.26534162484253465
2112,0.3796,108,417,108,495804,109806,68254,39702,1.0171366112119753,0.265551007303957
2113,0.3797,113,434,113,496238,109372,68367,39589,1.0131164548519767,0.26576754989561024
2114,0.3798,85,239,85,496477,109133,68452,39504,1.0109025899440514,0.2657750089143349
2115,0.3799,91,285,91,496762,108848,68543,39413,1.0082626255140983,0.26583524999831376
2116,0.38,55,182,55,496944,108666,68598,39358,1.0065767534921635,0.2658893152461763
2117,0.3801,99,369,99,497313,108297,68697,39259,1.003158694282856,0.26606169860934153
2118,0.3802,77,215,77,497528,108082,68774,39182,1.0011671421690318,0.266066384180791
2119,0.3803,75,254,75,497782,107828,68849,39107,0.9988143317647931,0.26615169973117364
2120,0.3804,75,268,75,498050,107560,68924,39032,0.9963318388973286,0.26626282471076185
2121,0.3805,64,265,64,498315,107295,68988,38968,0.9938771351291267,0.2664241810984323
2122,0.3806,64,237,64,498552,107058,69052,38904,0.9916817962873763,0.2665351255806306
2123,0.3807,82,305,82,498857,106753,69134,38822,0.9888565711956723,0.26668040528936976
2124,0.3808,93,354,93,499211,106399,69227,38729,0.9855774574826781,0.2668609778953751
2125,0.3809,92,316,92,499527,106083,69319,38637,0.982650339027011,0.2669776119402985
2126,0.381,67,293,67,499820,105790,69386,38570,0.9799362703323576,0.2671792740371294
2127,0.3811,79,288,79,500108,105502,69465,38491,0.977268516803142,0.2673116054252637
2128,0.3812,67,243,67,500351,105259,69532,38424,0.9750175997628664,0.26742203322592095
2129,0.3813,70,262,70,500613,104997,69602,38354,0.9725906850939272,0.2675530690403276
2130,0.3814,98,303,98,500916,104694,69700,38256,0.9697839860683982,0.2676180482686254
2131,0.3815,60,221,60,501137,104473,69760,38196,0.9677368557560487,0.2677245932893621
2132,0.3816,93,322,93,501459,104151,69853,38103,0.9647541591018564,0.26785187059766336
2133,0.3817,47,199,47,501658,103952,69900,38056,0.9629108155174331,0.26798490225902766
2134,0.3818,65,254,65,501912,103698,69965,37991,0.9605580051131942,0.2681294948796307
2135,0.3819,84,311,84,502223,103387,70049,37907,0.9576772018229649,0.2682845697623395
2136,0.382,82,348,82,502571,103039,70131,37825,0.954453666308496,0.26852141072239893
2137,0.3821,79,271,79,502842,102768,70210,37746,0.9519433843417688,0.26862803706392246
2138,0.3822,66,263,66,503105,102505,70276,37680,0.9495072066397421,0.2687876734315369
2139,0.3823,43,165,43,503270,102340,70319,37637,0.9479788061802957,0.2688798874100745
2140,0.3824,102,315,102,503585,102025,70421,37535,0.9450609507577161,0.2689524218973918
2141,0.3825,104,381,104,503966,101644,70525,37431,0.9415317351513579,0.26914254898436096
2142,0.3826,65,185,65,504151,101459,70590,37366,0.9398180740301605,0.2691590131460472
2143,0.3827,96,324,96,504475,101135,70686,37270,0.9368168513097929,0.2692821791120263
2144,0.3828,84,289,84,504764,100846,70770,37186,0.9341398347474897,0.26940129824968123
2145,0.3829,64,245,64,505009,100601,70834,37122,0.9318703916410389,0.26954103526644063
2146,0.383,86,284,86,505293,100317,70920,37036,0.9292396902441735,0.26964099801242053
2147,0.3831,68,295,68,505588,100022,70988,36968,0.9265070954833451,0.2698591138039273
2148,0.3832,54,113,54,505701,99909,71042,36914,0.9254603727444515,0.26979382121426954
2149,0.3833,95,302,95,506003,99607,71137,36819,0.92266293675201,0.26988257370295987
2150,0.3834,78,230,78,506233,99377,71215,36741,0.9205324391418727,0.269920216282931
2151,0.3835,87,312,87,506545,99065,71302,36654,0.9176423728185558,0.2700727237895947
2152,0.3836,99,270,99,506815,98795,71401,36555,0.9151413538849161,0.27007757665312154
2153,0.3837,61,234,61,507049,98561,71462,36494,0.9129738041424283,0.2702158379919292
2154,0.3838,83,308,83,507357,98253,71545,36411,0.9101207899514617,0.27038406701122797
2155,0.3839,108,312,108,507669,97941,71653,36303,0.9072307236281448,0.2704254938768213
2156,0.384,80,310,80,507979,97631,71733,36223,0.904359183371003,0.2706157455137687
2157,0.3841,99,313,99,508292,97318,71832,36124,0.9014598540145985,0.2707093718619325
2158,0.3842,60,200,60,508492,97118,71892,36064,0.8996072473970878,0.27078734363502577
2159,0.3843,66,250,66,508742,96868,71958,35998,0.8972914891251992,0.2709346258636521
2160,0.3844,77,267,77,509009,96601,72035,35921,0.8948182592908221,0.27105688112162507
2161,0.3845,74,264,74,509273,96337,72109,35847,0.8923728185557079,0.2711901591720632
2162,0.3846,74,230,74,509503,96107,72183,35773,0.8902423209455704,0.2712541704579921
2163,0.3847,62,176,62,509679,95931,72245,35711,0.8886120271221609,0.27127360568815423
2164,0.3848,89,330,89,510009,95601,72334,35622,0.885555226203268,0.27146155780617726
2165,0.3849,91,338,91,510347,95263,72425,35531,0.8824243210196747,0.2716561921800694
2166,0.385,96,345,96,510692,94918,72521,35435,0.8792285746044685,0.2718387762460396
2167,0.3851,44,163,44,510855,94755,72565,35391,0.8777187002111971,0.27193305979438476
2168,0.3852,76,278,76,511133,94477,72641,35315,0.875143577012857,0.2720891888560158
2169,0.3853,79,234,79,511367,94243,72720,35236,0.8729760272703694,0.27213679438364524
2170,0.3854,62,268,62,511635,93975,72782,35174,0.8704935344029049,0.2723520894470728
2171,0.3855,82,337,82,511972,93638,72864,35092,0.8673718922523991,0.2726015691757943
2172,0.3856,65,230,65,512202,93408,72929,35027,0.8652413946422617,0.2727216101529957
2173,0.3857,74,294,74,512496,93114,73003,34953,0.8625180629145207,0.27292745203682445
2174,0.3858,75,255,75,512751,92859,73078,34878,0.8601559894771944,0.27304539796613353
2175,0.3859,50,219,50,512970,92640,73128,34828,0.8581273852310201,0.27322935952552796
2176,0.386,97,296,97,513266,92344,73225,34731,0.855385527437104,0.27331103678929763
2177,0.3861,92,251,92,513517,92093,73317,34639,0.8530605061321279,0.27332481141306064
2178,0.3862,75,248,75,513765,91845,73392,34564,0.8507632739264145,0.27342989818762903
2179,0.3863,81,302,81,514067,91543,73473,34483,0.8479658379339731,0.2736181422880993
2180,0.3864,94,283,94,514350,91260,73567,34389,0.8453443995701952,0.27369099634696653
2181,0.3865,83,317,83,514667,90943,73650,34306,0.8424080180814406,0.2739023864461992
2182,0.3866,68,238,68,514905,90705,73718,34238,0.8402034162066027,0.2740289572044852
2183,0.3867,50,199,50,515104,90506,73768,34188,0.8383600726221794,0.2741751808427029
2184,0.3868,65,304,65,515408,90202,73833,34123,0.8355441105635629,0.27446611703197266
2185,0.3869,73,261,73,515669,89941,73906,34050,0.8331264589277113,0.27461670605124566
2186,0.387,96,335,96,516004,89606,74002,33954,0.8300233428433806,0.27479766914859177
2187,0.3871,63,215,63,516219,89391,74065,33891,0.8280317907295565,0.2749063123570351
2188,0.3872,59,193,59,516412,89198,74124,33832,0.8262440253436585,0.2749898398764529
2189,0.3873,82,276,82,516688,88922,74206,33750,0.8236874282114935,0.2751239076561889
2190,0.3874,67,231,67,516919,88691,74273,33683,0.8215476675682686,0.2752463758641541
2191,0.3875,91,360,91,517279,88331,74364,33592,0.818212975656749,0.2755181549010441
2192,0.3876,53,184,53,517463,88147,74417,33539,0.816508577568639,0.2756192166724192
2193,0.3877,54,216,54,517679,87931,74471,33485,0.8145077624217274,0.2757873756341833
2194,0.3878,65,209,65,517888,87722,74536,33420,0.8125717885064285,0.2758745934523122
2195,0.3879,89,356,89,518244,87366,74625,33331,0.8092741487272592,0.27615433689321195
2196,0.388,97,354,97,518598,87012,74722,33234,0.8059950350142651,0.27638341400129735
2197,0.3881,94,308,94,518906,86704,74816,33140,0.8031420208232983,0.27652615066252795
2198,0.3882,89,315,89,519221,86389,74905,33051,0.8002241654007188,0.2767163429336906
2199,0.3883,77,282,77,519503,86107,74982,32974,0.7976119900700285,0.27690395613070096
2200,0.3884,69,242,69,519745,85865,75051,32905,0.7953703360628405,0.2770480761134967
2201,0.3885,69,295,69,520040,85570,75120,32836,0.7926377413020119,0.27731702785331824
2202,0.3886,62,215,62,520255,85355,75182,32774,0.7906461891881877,0.2774424569750019
2203,0.3887,104,358,104,520613,84997,75286,32670,0.7873300233428434,0.2776479386743947
2204,0.3888,84,305,84,520918,84692,75370,32586,0.7845047982511394,0.2778526236804857
2205,0.3889,92,258,92,521176,84434,75462,32494,0.7821149357145504,0.2778975095785441
2206,0.389,99,314,99,521490,84120,75561,32395,0.7792063433250583,0.2780328713041239
2207,0.3891,72,196,72,521686,83924,75633,32323,0.7773907888398978,0.27805448742763256
2208,0.3892,88,251,88,521937,83673,75721,32235,0.7750657675349216,0.2781084998447044
2209,0.3893,68,215,68,522152,83458,75789,32167,0.7730742154210974,0.2782010810810811
2210,0.3894,62,202,62,522354,83256,75851,32105,0.7712030827374116,0.27830029212645524
2211,0.3895,80,218,80,522572,83038,75931,32025,0.7691837415243247,0.27832578674291475
2212,0.3896,119,316,119,522888,82722,76050,31906,0.7662566230686576,0.27834386013888407
2213,0.3897,98,344,98,523232,82378,76148,31808,0.7630701396865389,0.27856304625786
2214,0.3898,79,250,79,523482,82128,76227,31729,0.7607543814146505,0.2786741263163442
2215,0.3899,82,260,82,523742,81868,76309,31647,0.7583459928118863,0.27879134916090387
2216,0.39,78,244,78,523986,81624,76387,31569,0.7560858127385232,0.2788953380509395
2217,0.3901,86,262,86,524248,81362,76473,31483,0.7536588980695839,0.2789933094067083
2218,0.3902,99,299,99,524547,81063,76572,31384,0.7508892511764051,0.2791003761772213
2219,0.3903,89,306,89,524853,80757,76661,31295,0.7480547630516137,0.27928997251276194
2220,0.3904,48,173,48,525026,80584,76709,31247,0.7464522583274668,0.27941268521250817
2221,0.3905,86,243,86,525269,80341,76795,31161,0.7442013412871911,0.2794658391777726
2222,0.3906,57,216,57,525485,80125,76852,31104,0.7422005261402794,0.2796393026998355
2223,0.3907,76,235,76,525720,79890,76928,31028,0.7400237133647042,0.27973818496547
2224,0.3908,72,199,72,525919,79691,77000,30956,0.7381803697802809,0.2797726101927752
2225,0.3909,97,291,97,526210,79400,77097,30859,0.7354848271518026,0.27987737962433906
2226,0.391,66,215,66,526425,79185,77163,30793,0.7334932750379785,0.2799923621087854
2227,0.3911,71,212,71,526637,78973,77234,30722,0.731529512023417,0.2800674597748302
2228,0.3912,81,259,81,526896,78714,77315,30641,0.7291303864537404,0.2801975218325637
2229,0.3913,74,257,74,527153,78457,77389,30567,0.726749786950239,0.28036945993542706
2230,0.3914,118,352,118,527505,78105,77507,30449,0.7234891993034199,0.2804963428339812
2231,0.3915,56,205,56,527710,77900,77563,30393,0.7215902775204713,0.28065525934270913
2232,0.3916,110,319,110,528029,77581,77673,30283,0.7186353699655416,0.2807516873099459
2233,0.3917,101,327,101,528356,77254,77774,30182,0.7156063581459113,0.28093004207155886
2234,0.3918,87,256,87,528612,76998,77861,30095,0.7132350216754975,0.28101743344569674
2235,0.3919,63,209,63,528821,76789,77924,30032,0.7112990477601986,0.2811432209022571
2236,0.392,98,308,98,529129,76481,78022,29934,0.7084460335692319,0.281294930226002
2237,0.3921,92,275,92,529404,76206,78114,29842,0.7058986994701545,0.28140087507543754
2238,0.3922,61,185,61,529589,76021,78175,29781,0.704185038348957,0.28147861099034044
2239,0.3923,70,252,70,529841,75769,78245,29711,0.7018507540108934,0.2816742510428517
2240,0.3924,62,168,62,530009,75601,78307,29649,0.7002945644521842,0.28170071258907364
2241,0.3925,87,282,87,530291,75319,78394,29562,0.6976823891214939,0.2818623010840858
2242,0.3926,92,259,92,530550,75060,78486,29470,0.6952832635518174,0.2819286329283459
2243,0.3927,60,263,60,530813,74797,78546,29410,0.6928470858497906,0.2822267218133139
2244,0.3928,57,242,57,531055,74555,78603,29353,0.6906054318426026,0.2824902798629557
2245,0.3929,67,227,67,531282,74328,78670,29286,0.6885027233317278,0.282645202385778
2246,0.393,64,211,64,531493,74117,78734,29222,0.6865482233502538,0.28277804120419203
2247,0.3931,80,300,80,531793,73817,78814,29142,0.6837693134239875,0.283044707116425
2248,0.3932,48,176,48,531969,73641,78862,29094,0.682139019600578,0.2831946269528398
2249,0.3933,77,216,77,532185,73425,78939,29017,0.6801382044536664,0.28325296265203725
2250,0.3934,75,250,75,532435,73175,79014,28942,0.6778224461817778,0.28341999862902356
2251,0.3935,69,218,69,532653,72957,79083,28873,0.6758031049686909,0.2835411961111657
2252,0.3936,88,252,88,532905,72705,79171,28785,0.6734688206306273,0.283624002364765
2253,0.3937,88,300,88,533205,72405,79259,28697,0.670689910704361,0.28384206049336314
2254,0.3938,55,186,55,533391,72219,79314,28642,0.6689669865500759,0.28397497546127837
2255,0.3939,104,270,104,533661,71949,79418,28538,0.6664659676164363,0.283996934926906
2256,0.394,79,266,79,533927,71683,79497,28459,0.6640020008151469,0.28418645523356834
2257,0.3941,58,203,58,534130,71480,79555,28401,0.6621216050983734,0.2843483745657332
2258,0.3942,62,211,62,534341,71269,79617,28339,0.6601671051168995,0.28450526062163684
2259,0.3943,31,106,31,534447,71163,79648,28308,0.6591852236096187,0.2845854570678891
2260,0.3944,81,205,81,534652,70958,79729,28227,0.6572863018266701,0.28458940363966323
2261,0.3945,76,284,76,534936,70674,79805,28151,0.6546556004298048,0.28485707057930687
2262,0.3946,120,321,120,535257,70353,79925,28031,0.6516821668086998,0.28491421369328346
2263,0.3947,101,264,101,535521,70089,80026,27930,0.6492367260735855,0.2849447556086065
2264,0.3948,105,305,105,535826,69784,80131,27825,0.6464115009818815,0.28506592629777994
2265,0.3949,70,219,70,536045,69565,80201,27755,0.6443828967357071,0.28519317714755443
2266,0.395,63,203,63,536248,69362,80264,27692,0.6425025010189337,0.28532569497393206
2267,0.3951,106,312,106,536560,69050,80370,27586,0.6396124346956167,0.28546297446086344
2268,0.3952,44,154,44,536714,68896,80414,27542,0.6381859276001334,0.2855928161098322
2269,0.3953,77,211,77,536925,68685,80491,27465,0.6362314276186595,0.2856474258970359
2270,0.3954,67,211,67,537136,68474,80558,27398,0.6342769276371856,0.2857768691588785
2271,0.3955,67,206,67,537342,68268,80625,27331,0.6323687428211494,0.28589211184217406
2272,0.3956,115,280,115,537622,67988,80740,27216,0.6297750935566342,0.28587034158228647
2273,0.3957,78,206,78,537828,67782,80818,27138,0.627866908740598,0.2859039190897598
2274,0.3958,76,265,76,538093,67517,80894,27062,0.6254122049723961,0.28613117076729505
2275,0.3959,98,278,98,538371,67239,80992,26964,0.6228370817740561,0.2862329225183911
2276,0.396,63,190,63,538561,67049,81055,26901,0.6210771054874208,0.28633315593400743
2277,0.3961,69,258,69,538819,66791,81124,26832,0.6186872429508318,0.2865962423763391
2278,0.3962,61,210,61,539029,66581,81185,26771,0.6167420060024454,0.28677478789956296
2279,0.3963,65,184,65,539213,66397,81250,26706,0.6150376079143355,0.286843603321053
2280,0.3964,54,185,54,539398,66212,81304,26652,0.613323946793138,0.28700034458993795
2281,0.3965,101,298,101,539696,65914,81405,26551,0.6105635629330468,0.28714648786027147
2282,0.3966,59,184,59,539880,65730,81464,26492,0.6088591648449369,0.2872633428032357
2283,0.3967,116,297,116,540177,65433,81580,26376,0.6061080440179333,0.2872920955461883
2284,0.3968,69,193,69,540370,65240,81649,26307,0.6043202786320353,0.2873605907348138
2285,0.3969,63,218,63,540588,65022,81712,26244,0.6023009374189484,0.28755505883899807
2286,0.397,93,228,93,540816,64794,81805,26151,0.6001889658749862,0.287547418769586
2287,0.3971,78,199,78,541015,64595,81883,26073,0.5983456222905629,0.2875656240349407
2288,0.3972,51,188,51,541203,64407,81934,26022,0.5966041720701026,0.2877616693759745
2289,0.3973,59,193,59,541396,64214,81993,25963,0.5948164066842047,0.2879115517260499
2290,0.3974,64,188,64,541584,64026,82057,25899,0.5930749564637445,0.2880066722268557
2291,0.3975,90,299,90,541883,63727,82147,25809,0.5903053095705658,0.28825276983559683
2292,0.3976,64,209,64,542092,63518,82211,25745,0.588369335655267,0.28841737337978784
2293,0.3977,93,285,93,542377,63233,82304,25652,0.585729371225314,0.28859762614614387
2294,0.3978,29,101,29,542478,63132,82333,25623,0.584793804883471,0.28869359472705763
2295,0.3979,83,269,83,542747,62863,82416,25540,0.5823020489829189,0.2889042227073742
2296,0.398,81,292,81,543039,62571,82497,25459,0.5795972433213531,0.289208224468931
2297,0.3981,87,271,87,543310,62300,82584,25372,0.577086961354626,0.2893968427776257
2298,0.3982,72,243,72,543553,62057,82656,25300,0.5748360443143503,0.28961617271655393
2299,0.3983,74,191,74,543744,61866,82730,25226,0.5730668049946275,0.2896477288384697
2300,0.3984,57,134,57,543878,61732,82787,25169,0.5718255585608952,0.2896284277511191
2301,0.3985,124,306,124,544184,61426,82911,25045,0.5689910704361036,0.28963467520902964
2302,0.3986,58,203,58,544387,61223,82969,24987,0.5671106747193301,0.289838765804431
2303,0.3987,54,180,54,544567,61043,83023,24933,0.5654433287635704,0.2899995347538848
2304,0.3988,65,231,65,544798,60812,83088,24868,0.5633035681203453,0.29024276377217556
2305,0.3989,71,201,71,544999,60611,83159,24797,0.5614416984697469,0.2903357999250656
2306,0.399,67,216,67,545215,60395,83226,24730,0.5594408833228353,0.29051395007342146
2307,0.3991,95,249,95,545464,60146,83321,24635,0.5571343880840343,0.2905721800875196
2308,0.3992,67,220,67,545684,59926,83388,24568,0.5550965208047723,0.2907662082514735
2309,0.3993,64,191,64,545875,59735,83452,24504,0.5533272814850495,0.2908866439535132
2310,0.3994,110,269,110,546144,59466,83562,24394,0.5508355255844974,0.290889577867875
2311,0.3995,65,156,65,546300,59310,83627,24329,0.5493904924228389,0.2908810483147814
2312,0.3996,57,168,57,546468,59142,83684,24272,0.5478343028641298,0.29098232910542593
2313,0.3997,58,214,58,546682,58928,83742,24214,0.5458520137833932,0.291236679415939
2314,0.3998,76,242,76,546924,58686,83818,24138,0.5436103597762051,0.29143726456099683
2315,0.3999,67,197,67,547121,58489,83885,24071,0.5417855422579569,0.2915576550387597
2316,0.4,48,199,48,547320,58290,83933,24023,0.5399421986735337,0.2918494041038475
2317,0.4001,57,211,57,547531,58079,83990,23966,0.5379876986920598,0.2921079895179475
2318,0.4002,64,190,64,547721,57889,84054,23902,0.5362277224054244,0.292232641733198
2319,0.4003,44,186,44,547907,57703,84098,23858,0.5345047982511394,0.2925172570223514
2320,0.4004,79,234,79,548141,57469,84177,23779,0.5323372485086517,0.2926718196140213
2321,0.4005,63,210,63,548351,57259,84240,23716,0.5303920115602653,0.2928805186786045
2322,0.4006,65,211,65,548562,57048,84305,23651,0.5284375115787914,0.2930767419670628
2323,0.4007,72,219,72,548781,56829,84377,23579,0.526408907332617,0.29324196597353497
2324,0.4008,94,297,94,549078,56532,84471,23485,0.5236577865056133,0.2935001312221153
2325,0.4009,66,193,66,549271,56339,84537,23419,0.5218700211197155,0.2936257177963339
2326,0.401,60,169,60,549440,56170,84597,23359,0.5203045685279187,0.29371675740924696
2327,0.4011,67,177,67,549617,55993,84664,23292,0.5186650116714216,0.29377561960017656
2328,0.4012,72,206,72,549823,55787,84736,23220,0.5167568268553855,0.29389800903717395
2329,0.4013,73,196,73,550019,55591,84809,23147,0.5149412723702249,0.29397495491376463
2330,0.4014,52,182,52,550201,55409,84861,23095,0.5132554003482901,0.29418883114236216
2331,0.4015,73,233,73,550434,55176,84934,23022,0.5110971136388899,0.29440650656027006
2332,0.4016,85,263,85,550697,54913,85019,22937,0.5086609359368631,0.2946307000642261
2333,0.4017,108,267,108,550964,54646,85127,22829,0.5061877061024862,0.2946627944498225
2334,0.4018,58,159,58,551123,54487,85185,22771,0.504714883841565,0.2947397033316938
2335,0.4019,62,161,62,551284,54326,85247,22709,0.5032235355144689,0.2947880833387421
2336,0.402,65,195,65,551479,54131,85312,22644,0.5014172440623957,0.29493975903614456
2337,0.4021,74,204,74,551683,53927,85386,22570,0.4995275853125347,0.2950442501013112
2338,0.4022,66,184,66,551867,53743,85452,22504,0.49782318722442476,0.2951460385326636
2339,0.4023,53,190,53,552057,53553,85505,22451,0.4960632109377895,0.29539234777116996
2340,0.4024,82,221,82,552278,53332,85587,22369,0.49401608062544,0.29549147303206036
2341,0.4025,43,167,43,552445,53165,85630,22326,0.49246915409981845,0.2957438635069081
2342,0.4026,53,203,53,552648,52962,85683,22273,0.49058875838304494,0.2960457234000133
2343,0.4027,58,223,58,552871,52739,85741,22215,0.48852310200452037,0.29638178082557304
2344,0.4028,86,236,86,553107,52503,85827,22129,0.48633702619585756,0.29650820023582375
2345,0.4029,46,136,46,553243,52367,85873,22083,0.48507725369595023,0.29661517797179315
2346,0.403,42,135,42,553378,52232,85915,22041,0.4838267442291304,0.2967565602574287
2347,0.4031,63,192,63,553570,52040,85978,21978,0.48204824187632,0.29692777432516415
2348,0.4032,64,200,64,553770,51840,86042,21914,0.48019563525880915,0.29712286791224884
2349,0.4033,47,173,47,553943,51667,86089,21867,0.4785931305346623,0.2973726439470177
2350,0.4034,75,209,75,554152,51458,86164,21792,0.4766571566193634,0.29750170648464164
2351,0.4035,68,166,68,554318,51292,86232,21724,0.47511949312682944,0.29752383039333846
2352,0.4036,65,221,65,554539,51071,86297,21659,0.47307236281447995,0.29780008249690637
2353,0.4037,83,213,83,554752,50858,86380,21576,0.4710993367668309,0.29787116547477704
2354,0.4038,37,206,37,554958,50652,86417,21539,0.46919115195079475,0.29836129157374186
2355,0.4039,105,338,105,555296,50314,86522,21434,0.4660602467672014,0.2987400345654234
2356,0.404,86,209,86,555505,50105,86608,21348,0.4641242728519026,0.2987698207213133
2357,0.4041,36,99,36,555604,50006,86644,21312,0.46320723257623475,0.2988305897529375
2358,0.4042,134,333,134,555937,49673,86778,21178,0.4601226425580792,0.2989089779960763
2359,0.4043,68,197,68,556134,49476,86846,21110,0.458297825039831,0.29906780381378745
2360,0.4044,69,166,69,556300,49310,86915,21041,0.45676016154729704,0.29908601157055337
2361,0.4045,83,235,83,556535,49075,86998,20958,0.4545833487717218,0.2992589207944826
2362,0.4046,49,190,49,556725,48885,87047,20909,0.45282337248508653,0.2995816259277302
2363,0.4047,56,187,56,556912,48698,87103,20853,0.45109118529771386,0.2998231513565585
2364,0.4048,43,116,43,557028,48582,87146,20810,0.4500166734595576,0.29989047728844825
2365,0.4049,65,165,65,557193,48417,87211,20745,0.4484882730001112,0.2999479482953067
2366,0.405,78,192,78,557385,48225,87289,20667,0.4467097706473008,0.29999129071590314
2367,0.4051,45,129,45,557514,48096,87334,20622,0.44551483937900627,0.30009604470444423
2368,0.4052,63,228,63,557742,47868,87397,20559,0.4434028678350439,0.3004515761322285
2369,0.4053,63,159,63,557901,47709,87460,20496,0.4419300455741228,0.3005058280184737
2370,0.4054,59,138,59,558039,47571,87519,20437,0.44065174700804033,0.3005087636748618
2371,0.4055,41,142,41,558181,47429,87560,20396,0.43933639630960764,0.30071507556210836
2372,0.4056,95,269,95,558450,47160,87655,20301,0.4368446404090555,0.3009294258905145
2373,0.4057,47,145,47,558595,47015,87702,20254,0.43550150061136017,0.30108965496736984
2374,0.4058,57,151,57,558746,46864,87759,20197,0.4341027826151395,0.30117355840205184
2375,0.4059,112,281,112,559027,46583,87871,20085,0.4314998703175368,0.3012689746205076
2376,0.406,58,137,58,559164,46446,87929,20027,0.4302308347845418,0.3012802190363005
2377,0.4061,64,206,64,559370,46240,87993,19963,0.42832264996850566,0.3015422261831035
2378,0.4062,55,148,55,559518,46092,88048,19908,0.42695172107154766,0.30163636363636365
2379,0.4063,67,212,67,559730,45880,88115,19841,0.4249879580569862,0.3018974148293544
2380,0.4064,73,195,73,559925,45685,88188,19768,0.42318166660491313,0.30201824209738287
2381,0.4065,57,155,57,560080,45530,88245,19711,0.4217458964763422,0.30212596373446143
2382,0.4066,53,159,53,560239,45371,88298,19658,0.4202730742154211,0.3022958987528641
2383,0.4067,46,128,46,560367,45243,88344,19612,0.41908740598021416,0.3023976563102305
2384,0.4068,52,184,52,560551,45059,88396,19560,0.4173830078921042,0.3026973490768969
2385,0.4069,126,260,126,560811,44799,88522,19434,0.4149746192893401,0.302554761571155
2386,0.407,67,193,67,561004,44606,88589,19367,0.4131868539034421,0.30273709221077644
2387,0.4071,56,148,56,561152,44458,88645,19311,0.4118159250064841,0.30282739262023867
2388,0.4072,67,189,67,561341,44269,88712,19244,0.41006521175293636,0.30299308802922237
2389,0.4073,62,162,62,561503,44107,88774,19182,0.4085646003927526,0.3030858443015374
2390,0.4074,51,226,51,561729,43881,88825,19131,0.4064711549149654,0.303608836412112
2391,0.4075,52,131,52,561860,43750,88877,19079,0.40525769758049573,0.3036655047828232
2392,0.4076,62,123,62,561983,43627,88939,19017,0.4041183445107266,0.30357256880148137
2393,0.4077,76,177,76,562160,43450,89015,18941,0.4024787876542295,0.30358545303008444
2394,0.4078,78,188,78,562348,43262,89093,18863,0.4007373374337693,0.30362977867203217
2395,0.4079,48,137,48,562485,43125,89141,18815,0.39946830190077437,0.30376170487568616
2396,0.408,72,168,72,562653,42957,89213,18743,0.3979121123420653,0.30377633711507296
2397,0.4081,67,148,67,562801,42809,89280,18676,0.39654118344510725,0.30374888184109944
2398,0.4082,68,154,68,562955,42655,89348,18608,0.39511467634962394,0.30373961444917813
2399,0.4083,70,212,70,563167,42443,89418,18538,0.3931509133350624,0.30399632672471755
2400,0.4084,69,186,69,563353,42257,89487,18469,0.39142798918077737,0.30413661364160327
2401,0.4085,83,254,83,563607,42003,89570,18386,0.3890751787765386,0.30445942141780785
2402,0.4086,23,103,23,563710,41900,89593,18363,0.3881210863685205,0.3047143354960755
2403,0.4087,57,137,57,563847,41763,89650,18306,0.3868520508355256,0.30474953803126403
2404,0.4088,49,95,49,563942,41668,89699,18257,0.38597206269220796,0.30466416353775555
2405,0.4089,56,160,56,564102,41508,89755,18201,0.3844899773981993,0.3048284178264583
2406,0.409,73,247,73,564349,41261,89828,18128,0.3822020082255734,0.30524171142804224
2407,0.4091,62,143,62,564492,41118,89890,18066,0.3808773944940531,0.3052514193025142
2408,0.4092,77,159,77,564651,40959,89967,17989,0.379404572233132,0.30516726606500644
2409,0.4093,54,141,54,564792,40818,90021,17935,0.3780984845677869,0.3052610079485303
2410,0.4094,60,164,60,564956,40654,90081,17875,0.376579347141428,0.3054041586222215
2411,0.4095,78,202,78,565158,40452,90159,17797,0.37470821445774205,0.3055331421998661
2412,0.4096,64,178,64,565336,40274,90223,17733,0.3730593945681574,0.3057044839415933
2413,0.4097,64,156,64,565492,40118,90287,17669,0.37161436140649895,0.3057608112551266
2414,0.4098,42,122,42,565614,39996,90329,17627,0.3704842713698173,0.3059021571247592
2415,0.4099,58,177,58,565791,39819,90387,17569,0.36884471451332024,0.306144141632397
2416,0.41,86,220,86,566011,39599,90473,17483,0.3668068472340583,0.30627868680144354
2417,0.4101,61,145,61,566156,39454,90534,17422,0.365463707436363,0.306315493353963
2418,0.4102,32,119,32,566275,39335,90566,17390,0.364361406498944,0.30656676950198325
2419,0.4103,57,169,57,566444,39166,90623,17333,0.36279595390714736,0.30678419087063485
2420,0.4104,67,220,67,566664,38946,90690,17266,0.36075808662788544,0.30715861381911336
2421,0.4105,53,215,53,566879,38731,90743,17213,0.35876653451406126,0.3076826826826827
2422,0.4106,65,147,65,567026,38584,90808,17148,0.35740486865019083,0.30768678676523364
2423,0.4107,38,100,38,567126,38484,90846,17110,0.3564785653414354,0.30776702521854876
2424,0.4108,59,155,59,567281,38329,90905,17051,0.3550427952128645,0.3078909353557241
2425,0.4109,97,270,97,567551,38059,91002,16954,0.3525417762792249,0.30818170250668026
2426,0.411,51,126,51,567677,37933,91053,16903,0.35137463411019304,0.30824640746954557
2427,0.4111,82,186,82,567863,37747,91135,16821,0.34965170995590794,0.30825758686409616
2428,0.4112,44,158,44,568021,37589,91179,16777,0.3481881507280744,0.30859360629805394
2429,0.4113,36,140,36,568161,37449,91215,16741,0.3468913260958168,0.3089315371839823
2430,0.4114,68,145,68,568306,37304,91283,16673,0.34554818629812145,0.30889082386942585
2431,0.4115,46,139,46,568445,37165,91329,16627,0.3442606246989514,0.30909800713860797
2432,0.4116,96,195,96,568640,36970,91425,16531,0.34245433324687835,0.3089848787873124
2433,0.4117,63,167,63,568807,36803,91488,16468,0.3409074067212568,0.3091363030541946
2434,0.4118,62,171,62,568978,36632,91550,16406,0.339323428063285,0.3093253893434896
2435,0.4119,76,187,76,569165,36445,91626,16330,0.3375912408759124,0.3094268119374704
2436,0.412,49,154,49,569319,36291,91675,16281,0.33616473378042905,0.30968956859164576
2437,0.4121,63,168,63,569487,36123,91738,16218,0.33460854422172,0.3098526967386943
2438,0.4122,47,151,47,569638,35972,91785,16171,0.3332098262254993,0.3101279174577604
2439,0.4123,60,168,60,569806,35804,91845,16111,0.33165363666679015,0.3103342001348358
2440,0.4124,61,138,61,569944,35666,91906,16050,0.3303753381007077,0.31034882821563925
2441,0.4125,48,129,48,570073,35537,91954,16002,0.32918040683241323,0.31048332330856243
2442,0.4126,55,139,55,570212,35398,92009,15947,0.3278928452332432,0.31058525659752656
2443,0.4127,61,215,61,570427,35183,92070,15886,0.325901293119419,0.3110693375629051
2444,0.4128,71,183,71,570610,35000,92141,15815,0.3242061580643966,0.31122699990160385
2445,0.4129,78,170,78,570780,34830,92219,15737,0.3226314424395124,0.3112108687483932
2446,0.413,35,78,35,570858,34752,92254,15702,0.3219089258586832,0.3112141752883815
2447,0.4131,44,122,44,570980,34630,92298,15658,0.32077883582200156,0.3113665287941457
2448,0.4132,56,184,56,571164,34446,92354,15602,0.3190744377338916,0.3117407289002558
2449,0.4133,72,204,72,571368,34242,92426,15530,0.3171847789840305,0.31202282407779475
2450,0.4134,50,147,50,571515,34095,92476,15480,0.3158231131201601,0.31225416036308623
2451,0.4135,68,200,68,571715,33895,92544,15412,0.31397050650264924,0.3125722514044659
2452,0.4136,69,155,69,571870,33740,92613,15343,0.3125347363740783,0.31259295479086446
2453,0.4137,56,134,56,572004,33606,92669,15287,0.31129348994034606,0.31266234430286544
2454,0.4138,66,164,66,572168,33442,92735,15221,0.30977435251398716,0.312783839878347
2455,0.4139,40,118,40,572286,33324,92775,15181,0.3086813146096558,0.31297804350067004
2456,0.414,64,172,64,572458,33152,92839,15117,0.30708807291859647,0.313182373780273
2457,0.4141,63,147,63,572605,33005,92902,15054,0.305726407054726,0.31323997586300173
2458,0.4142,45,86,45,572691,32919,92947,15009,0.30492978620919636,0.3131572358537807
2459,0.4143,41,99,41,572790,32820,92988,14968,0.30401274593352845,0.31321670712312716
2460,0.4144,61,163,61,572953,32657,93049,14907,0.3025028715402571,0.3134093011521319
2461,0.4145,58,149,58,573102,32508,93107,14849,0.30112267961021155,0.3135544903604536
2462,0.4146,63,145,63,573247,32363,93170,14786,0.2997795398125162,0.31360156100871706
2463,0.4147,44,113,44,573360,32250,93214,14742,0.2987328170736226,0.31371297242083757
2464,0.4148,74,176,74,573536,32074,93288,14668,0.297102523250213,0.3138077104103376
2465,0.4149,48,152,48,573688,31922,93336,14620,0.2956945422209048,0.31412487645567444
2466,0.415,62,130,62,573818,31792,93398,14558,0.2944903479195228,0.31408845738942825
2467,0.4151,30,106,30,573924,31686,93428,14528,0.29350846641224204,0.3143636127580387
2468,0.4152,66,166,66,574090,31520,93494,14462,0.291970802919708,0.31451437519029185
2469,0.4153,59,113,59,574203,31407,93553,14403,0.2909240801808144,0.314407334643091
2470,0.4154,52,126,52,574329,31281,93605,14351,0.2897569380117826,0.31449421458625526
2471,0.4155,70,168,70,574497,31113,93675,14281,0.2882007484530735,0.3146010485967308
2472,0.4156,46,142,46,574639,30971,93721,14235,0.2868853977546408,0.31489182851833825
2473,0.4157,69,176,69,574815,30795,93790,14166,0.28525510393123127,0.31507306332154533
2474,0.4158,67,161,67,574976,30634,93857,14099,0.283763755604135,0.3151811861489281
2475,0.4159,44,111,44,575087,30523,93901,14055,0.2827355589314165,0.31529005338956434
2476,0.416,52,137,52,575224,30386,93953,14003,0.2814665233984216,0.3154610376444615
2477,0.4161,94,222,94,575446,30164,94047,13909,0.27941013005298454,0.31559004379098315
2478,0.4162,63,147,63,575593,30017,94110,13846,0.2780484641891141,0.3156646832182021
2479,0.4163,55,94,55,575687,29923,94165,13791,0.277177739078884,0.31548245413368714
2480,0.4164,65,147,65,575834,29776,94230,13726,0.2758160732150135,0.31552572295526643
2481,0.4165,58,166,58,576000,29610,94288,13668,0.2742784097224795,0.31581866075142107
2482,0.4166,46,105,46,576105,29505,94334,13622,0.27330579124828636,0.3158578152897257
2483,0.4167,82,203,82,576308,29302,94416,13540,0.27142539553151285,0.3160450025675739
2484,0.4168,26,96,26,576404,29206,94442,13514,0.27053614435510764,0.3163389513108614
2485,0.4169,47,123,47,576527,29083,94489,13467,0.26939679128533844,0.3164982373678026
2486,0.417,63,130,63,576657,28953,94552,13404,0.2681925969839564,0.31645300658686876
2487,0.4171,64,181,64,576838,28772,94616,13340,0.2665159879951091,0.31677431610942247
2488,0.4172,65,171,65,577009,28601,94681,13275,0.26493200933713734,0.3170073550482376
2489,0.4173,50,99,50,577108,28502,94731,13225,0.2640149690614695,0.3169410693316078
2490,0.4174,55,129,55,577237,28373,94786,13170,0.262820037793175,0.3170209180848759
2491,0.4175,42,123,42,577360,28250,94828,13128,0.26168068472340583,0.317270046884818
2492,0.4176,48,142,48,577502,28108,94876,13080,0.26036533402497314,0.3175682237544916
2493,0.4177,61,141,61,577643,27967,94937,13019,0.259059246359628,0.3176450495291075
2494,0.4178,41,82,41,577725,27885,94978,12978,0.25829967764644857,0.317597826884957
2495,0.4179,80,238,80,577963,27647,95058,12898,0.25609507577161067,0.318115673942533
2496,0.418,46,113,46,578076,27534,95104,12852,0.25504835303271706,0.31822908928836724
2497,0.4181,68,183,68,578259,27351,95172,12784,0.2533532179776946,0.3185249781985798
2498,0.4182,41,119,41,578378,27232,95213,12743,0.2522509170402757,0.3187742338961851
2499,0.4183,44,96,44,578474,27136,95257,12699,0.2513616658638705,0.31879000878624325
2500,0.4184,42,97,42,578571,27039,95299,12657,0.2504631516543777,0.31884824667472794
2501,0.4185,44,116,44,578687,26923,95343,12613,0.24938863981622142,0.3190256980979361
2502,0.4186,37,113,37,578800,26810,95380,12576,0.2483419170773278,0.3193012745645661
2503,0.4187,70,158,70,578958,26652,95450,12506,0.24687835784949425,0.3193727973849533
2504,0.4188,50,152,50,579110,26500,95500,12456,0.245470376820186,0.3197453537324161
2505,0.4189,26,65,26,579175,26435,95526,12430,0.24486827966949498,0.3198250353788756
2506,0.419,55,129,55,579304,26306,95581,12375,0.2436733484012005,0.3199245107417078
2507,0.4191,55,123,55,579427,26183,95636,12320,0.24253399533143133,0.3199750668779056
2508,0.4192,48,105,48,579532,26078,95684,12272,0.24156137685723814,0.32
2509,0.4193,46,111,46,579643,25967,95730,12226,0.2405331801845196,0.3201110151074804
2510,0.4194,39,112,39,579755,25855,95769,12187,0.23949572047871354,0.32035644813627046
2511,0.4195,55,160,55,579915,25695,95824,12132,0.2380136351847049,0.3207232928860338
2512,0.4196,45,84,45,579999,25611,95869,12087,0.23723554040535033,0.3206270889702372
2513,0.4197,55,139,55,580138,25472,95924,12032,0.2359479788061803,0.32081911262798635
2514,0.4198,43,124,43,580262,25348,95967,11989,0.23479936270332358,0.3211023917293837
2515,0.4199,27,65,27,580327,25283,95994,11962,0.23419726555263257,0.32117062692978926
2516,0.42,39,126,39,580453,25157,96033,11923,0.2330301233836007,0.3215480043149946
2517,0.4201,54,158,54,580611,24999,96087,11869,0.23156656415576715,0.32193229901269393
2518,0.4202,57,104,57,580715,24895,96144,11812,0.23060320871466153,0.3217914839131501
2519,0.4203,75,148,75,580863,24747,96219,11737,0.2292322798177035,0.321702664181559
2520,0.4204,55,120,55,580983,24627,96274,11682,0.228120715847197,0.3217384119639759
2521,0.4205,29,79,29,581062,24548,96303,11653,0.22738893623328021,0.3218971851606309
2522,0.4206,54,129,54,581191,24419,96357,11599,0.22619400496498573,0.32203342773057914
2523,0.4207,59,144,59,581335,24275,96416,11540,0.22486012820037793,0.3222113639536507
2524,0.4208,61,164,61,581499,24111,96477,11479,0.22334099077401903,0.3225344197808373
2525,0.4209,45,123,45,581622,23988,96522,11434,0.2222016377042499,0.3227937440009034
2526,0.421,35,73,35,581695,23915,96557,11399,0.22152543628885843,0.32278982839666986
2527,0.4211,60,134,60,581829,23781,96617,11339,0.22028418985512616,0.3228644646924829
2528,0.4212,36,93,36,581922,23688,96653,11303,0.21942272777798363,0.3230259209511017
2529,0.4213,57,106,57,582028,23582,96710,11246,0.21844084627070287,0.3229011140461697
2530,0.4214,26,111,26,582139,23471,96736,11220,0.21741264959798437,0.32342682540140094
2531,0.4215,54,126,54,582265,23345,96790,11166,0.21624550742895254,0.32354901335805974
2532,0.4216,25,88,25,582353,23257,96815,11141,0.21543036051724776,0.3238851095993953
2533,0.4217,42,114,42,582467,23143,96857,11099,0.21437437474526658,0.32413410431633666
2534,0.4218,25,85,25,582552,23058,96882,11074,0.21358701693282447,0.3244462674323216
2535,0.4219,26,94,26,582646,22964,96908,11048,0.21271629182259438,0.32482653181230153
2536,0.422,54,91,54,582737,22873,96962,10994,0.21187335581162695,0.32462278914577614
2537,0.4221,62,130,62,582867,22743,97024,10932,0.21066916151024492,0.3246325167037862
2538,0.4222,33,67,33,582934,22676,97057,10899,0.21004853829337877,0.3246165301563663
2539,0.4223,33,105,33,583039,22571,97090,10866,0.2090759198191856,0.324969345336005
2540,0.4224,42,79,42,583118,22492,97132,10824,0.2083441402052688,0.32488894224997
2541,0.4225,36,85,36,583203,22407,97168,10788,0.2075567823928267,0.3249887031179394
2542,0.4226,41,89,41,583292,22318,97209,10747,0.20673237244803438,0.3250264630273703
2543,0.4227,48,83,48,583375,22235,97257,10699,0.2059635407017674,0.32486184490192505
2544,0.4228,58,148,58,583523,22087,97315,10641,0.20459261180480937,0.3251344414568565
2545,0.4229,52,146,52,583669,21941,97367,10589,0.20324020897402645,0.32551490931447896
2546,0.423,41,135,41,583804,21806,97408,10548,0.20198969950720663,0.32601842121530566
2547,0.4231,58,134,58,583938,21672,97466,10490,0.2007484530734744,0.32616130837634477
2548,0.4232,27,70,27,584008,21602,97493,10463,0.20010004075734558,0.3263059410572275
2549,0.4233,52,144,52,584152,21458,97545,10411,0.19876616399273778,0.32668110075622075
2550,0.4234,50,75,50,584227,21383,97595,10361,0.1980714365111712,0.32639238911290325
2551,0.4235,40,59,40,584286,21324,97635,10321,0.19752491755900553,0.32614947069047245
2552,0.4236,32,90,32,584376,21234,97667,10289,0.19669124458112563,0.32639659930844145
2553,0.4237,40,78,40,584454,21156,97707,10249,0.1959687280002964,0.3263493074351218
2554,0.4238,55,145,55,584599,21011,97762,10194,0.19462558820260106,0.3266784169203653
2555,0.4239,38,94,38,584693,20917,97800,10156,0.19375486309237097,0.32684324011199434
2556,0.424,36,81,36,584774,20836,97836,10120,0.19300455741227907,0.3269156221734074
2557,0.4241,67,99,67,584873,20737,97903,10053,0.1920875171366112,0.32650211107502436
2558,0.4242,60,136,60,585009,20601,97963,9993,0.19082774463670385,0.3266326730731516
2559,0.4243,26,97,26,585106,20504,97989,9967,0.18992923042721108,0.32709789636047387
2560,0.4244,46,113,46,585219,20391,98035,9921,0.18888250768831746,0.3272961203483769
2561,0.4245,47,105,47,585324,20286,98082,9874,0.18790988921412427,0.3273872679045093
2562,0.4246,39,106,39,585430,20180,98121,9835,0.18692800770684354,0.3276694985840413
2563,0.4247,47,121,47,585551,20059,98168,9788,0.18580718070324947,0.3279391563641237
2564,0.4248,39,83,39,585634,19976,98207,9749,0.18503834895698248,0.327973086627418
2565,0.4249,28,72,28,585706,19904,98235,9721,0.18437141057467857,0.3281350210970464
2566,0.425,37,103,37,585809,19801,98272,9684,0.1834173181666605,0.32843818890961507
2567,0.4251,48,108,48,585917,19693,98320,9636,0.18241691059320464,0.3285485355791196
2568,0.4252,30,66,30,585983,19627,98350,9606,0.18180555040942606,0.32860123832654875
2569,0.4253,31,66,31,586049,19561,98381,9575,0.18119419022564748,0.3286312465678199
2570,0.4254,42,88,42,586137,19473,98423,9533,0.18037904331394272,0.32865614010894295
2571,0.4255,38,83,38,586220,19390,98461,9495,0.17961021156767573,0.3287173273325255
2572,0.4256,42,96,42,586316,19294,98503,9453,0.17872096039127053,0.32883431314571954
2573,0.4257,41,114,41,586430,19180,98544,9412,0.17766497461928935,0.3291829882484611
2574,0.4258,37,73,37,586503,19107,98581,9375,0.1769887732038979,0.32915525595112705
2575,0.4259,61,124,61,586627,18983,98642,9314,0.17584015710104117,0.32915150015902744
2576,0.426,38,91,38,586718,18892,98680,9276,0.17499722109007373,0.32930985515478556
2577,0.4261,35,79,35,586797,18813,98715,9241,0.17426544147615694,0.3294004420047052
2578,0.4262,48,108,48,586905,18705,98763,9193,0.1732650339027011,0.3295218295218295
2579,0.4263,50,128,50,587033,18577,98813,9143,0.17207936566749416,0.3298340548340548
2580,0.4264,61,166,61,587199,18411,98874,9082,0.17054170217496017,0.33033863165169314
2581,0.4265,33,86,33,587285,18325,98907,9049,0.1697450813294305,0.3305691532110762
2582,0.4266,36,68,36,587353,18257,98943,9013,0.16911519507947684,0.3305097176384305
2583,0.4267,30,63,30,587416,18194,98973,8983,0.1685316239949609,0.3305368510137248
2584,0.4268,45,65,45,587481,18129,99018,8938,0.1679295268442699,0.330217608157535
2585,0.4269,39,102,39,587583,18027,99057,8899,0.16698469746933936,0.33049840303052813
2586,0.427,22,92,22,587675,17935,99079,8877,0.16613249842528438,0.3310830971206922
2587,0.4271,35,69,35,587744,17866,99114,8842,0.16549334914224315,0.33106185412610456
2588,0.4272,26,82,26,587826,17784,99140,8816,0.1647337804290637,0.3314285714285714
2589,0.4273,29,60,29,587886,17724,99169,8787,0.16417799844381045,0.33144732375240465
2590,0.4274,27,83,27,587969,17641,99196,8760,0.16340916669754343,0.33180561342373394
2591,0.4275,44,87,44,588056,17554,99240,8716,0.16260328281892622,0.33178530643319376
2592,0.4276,47,95,47,588151,17459,99287,8669,0.1617232946756086,0.3317896509491733
2593,0.4277,43,101,43,588252,17358,99330,8626,0.16078772833376562,0.3319735221674877
2594,0.4278,36,86,36,588338,17272,99366,8590,0.15999110748823595,0.33214755239347304
2595,0.4279,27,87,27,588425,17185,99393,8563,0.15918522360961873,0.33256951996271555
2596,0.428,49,100,49,588525,17085,99442,8514,0.1582589203008633,0.3325911168405016
2597,0.4281,18,39,18,588564,17046,99460,8496,0.1578976620104487,0.33262861169837915
2598,0.4282,35,58,35,588622,16988,99495,8461,0.15736040609137056,0.3324688592872019
2599,0.4283,30,97,30,588719,16891,99525,8431,0.1564618918818778,0.3329515836031909
2600,0.4284,42,98,42,588817,16793,99567,8389,0.1555541146392975,0.3331347788102613
2601,0.4285,45,75,45,588892,16718,99612,8344,0.15485938715773093,0.33293432287925945
2602,0.4286,44,85,44,588977,16633,99656,8300,0.15407202934528882,0.3328921509645851
2603,0.4287,34,64,34,589041,16569,99690,8266,0.15347919522768536,0.33283672236762635
2604,0.4288,47,83,47,589124,16486,99737,8219,0.15271036348141837,0.3326856911556365
2605,0.4289,48,120,48,589244,16366,99785,8171,0.15159879951091185,0.3330072951053511
2606,0.429,39,85,39,589329,16281,99824,8132,0.15081144169846974,0.3331012165649449
2607,0.4291,30,110,30,589439,16171,99854,8102,0.14979250805883879,0.3337865117620401
2608,0.4292,48,96,48,589535,16075,99902,8054,0.14890325688243358,0.3337892162957437
2609,0.4293,30,105,30,589640,15970,99932,8024,0.1479306384082404,0.3344169375677253
2610,0.4294,41,66,41,589706,15904,99973,7983,0.1473192782244618,0.33419851802235523
2611,0.4295,11,65,11,589771,15839,99984,7972,0.1467171810737708,0.33480324219898366
2612,0.4296,41,82,41,589853,15757,100025,7931,0.14595761236059135,0.3348108747044917
2613,0.4297,28,91,28,589944,15666,100053,7903,0.1451146763496239,0.3353133353133353
2614,0.4298,30,75,30,590019,15591,100083,7873,0.14441994886805737,0.33553528810092054
2615,0.4299,21,65,21,590084,15526,100104,7852,0.14381785171736633,0.3358713320215587
2616,0.43,29,66,29,590150,15460,100133,7823,0.14320649153358775,0.335996220418331
2617,0.4301,32,103,32,590253,15357,100165,7791,0.14225239912556967,0.33657335406946604
2618,0.4302,13,50,13,590303,15307,100178,7778,0.14178924747119195,0.3369287416071042
2619,0.4303,15,54,15,590357,15253,100193,7763,0.14128904368446404,0.33728710462287104
2620,0.4304,15,62,15,590419,15191,100208,7748,0.1407147356330357,0.33776537774096516
2621,0.4305,20,48,20,590467,15143,100228,7728,0.14027011004483309,0.33789515106466705
2622,0.4306,44,99,44,590566,15044,100272,7684,0.13935306976916523,0.33808518127419923
2623,0.4307,35,91,35,590657,14953,100307,7649,0.1385101337581978,0.33842137863905847
2624,0.4308,65,122,65,590779,14831,100372,7584,0.13738004372151616,0.338344858353781
2625,0.4309,17,76,17,590855,14755,100389,7567,0.13667605320686205,0.3389929217812024
2626,0.431,17,76,17,590931,14679,100406,7550,0.13597206269220793,0.33964640784560707
2627,0.4311,40,76,40,591007,14603,100446,7510,0.13526807217755382,0.3396192285081174
2628,0.4312,57,104,57,591111,14499,100503,7453,0.13430471673644817,0.3395134839650146
2629,0.4313,24,68,24,591179,14431,100527,7429,0.1336748304864945,0.3398444647758463
2630,0.4314,32,85,32,591264,14346,100559,7397,0.1328874726740524,0.34020144414294257
2631,0.4315,18,59,18,591323,14287,100577,7379,0.1323409537218867,0.34057971014492755
2632,0.4316,51,137,51,591460,14150,100628,7328,0.13107191818889177,0.3411863301983425
2633,0.4317,26,57,26,591517,14093,100654,7302,0.13054392530290118,0.34129469502220144
2634,0.4318,26,31,26,591548,14062,100680,7276,0.130256771277187,0.34098790889492925
2635,0.4319,21,45,21,591593,14017,100701,7255,0.12983993478824707,0.34105866867243323
2636,0.432,48,92,48,591685,13925,100749,7207,0.1289877357441921,0.3410467537384062
2637,0.4321,27,53,27,591738,13872,100776,7180,0.1284967949905517,0.3410602318069542
2638,0.4322,41,61,41,591799,13811,100817,7139,0.1279317499722109,0.340763723150358
2639,0.4323,48,107,48,591906,13704,100865,7091,0.1269406054318426,0.3409954315941332
2640,0.4324,19,48,19,591954,13656,100884,7072,0.12649597984364,0.34118101119258976
2641,0.4325,40,106,40,592060,13550,100924,7032,0.12551409833635926,0.34165775920707414
2642,0.4326,20,32,20,592092,13518,100944,7012,0.12521768127755753,0.34154895275207015
2643,0.4327,30,58,30,592150,13460,100974,6982,0.12468042535847938,0.3415517072693474
2644,0.4328,22,62,22,592212,13398,100996,6960,0.12410611730705103,0.3418803418803419
2645,0.4329,30,64,30,592276,13334,101026,6930,0.12351328318944756,0.3419857876036321
2646,0.433,37,87,37,592363,13247,101063,6893,0.12270739931083034,0.34225422045680237
2647,0.4331,26,82,26,592445,13165,101089,6867,0.1219478305976509,0.342801517571885
2648,0.4332,29,38,29,592483,13127,101118,6838,0.12159583534032384,0.3424993739043326
2649,0.4333,49,122,49,592605,13005,101167,6789,0.12046574530364222,0.3429827220369809
2650,0.4334,18,43,18,592648,12962,101185,6771,0.1200674348808774,0.343130796128313
2651,0.4335,17,42,17,592690,12920,101202,6754,0.11967838749120012,0.34329572023991056
2652,0.4336,38,98,38,592788,12822,101240,6716,0.1187706102486198,0.34374040331661376
2653,0.4337,58,98,58,592886,12724,101298,6658,0.1178628330060395,0.3435146011763492
2654,0.4338,33,62,33,592948,12662,101331,6625,0.11728852495461113,0.3434956188105978
2655,0.4339,26,48,26,592996,12614,101357,6599,0.11684389936640854,0.3434653619944829
2656,0.434,25,81,25,593077,12533,101382,6574,0.11609359368631665,0.3440623855131627
2657,0.4341,28,75,28,593152,12458,101410,6546,0.11539886620475008,0.3444537992001684
2658,0.4342,22,45,22,593197,12413,101432,6524,0.11498202971581015,0.3445107461583144
2659,0.4343,27,55,27,593252,12358,101459,6497,0.11447256289599467,0.3445770352691594
2660,0.4344,29,56,29,593308,12302,101488,6468,0.11395383304309163,0.3445924347362813
2661,0.4345,26,49,26,593357,12253,101514,6442,0.11349994442180147,0.3445841133993046
2662,0.4346,27,56,27,593413,12197,101541,6415,0.11298121456889844,0.3446701053084032
2663,0.4347,43,58,43,593471,12139,101584,6372,0.11244395864982029,0.34422775646912646
2664,0.4348,30,53,30,593524,12086,101614,6342,0.11195301789617992,0.34415020620794445
2665,0.4349,45,95,45,593619,11991,101659,6297,0.11107302975286228,0.3443241469816273
2666,0.435,31,64,31,593683,11927,101690,6266,0.11048019563525881,0.3444181828175672
2667,0.4351,33,83,33,593766,11844,101723,6233,0.10971136388899182,0.3448027880732422
2668,0.4352,31,73,31,593839,11771,101754,6202,0.10903516247360036,0.34507316530351084
2669,0.4353,24,74,24,593913,11697,101778,6178,0.10834969802512134,0.34562237762237763
2670,0.4354,25,51,25,593964,11646,101803,6153,0.10787728333765609,0.34569357829091524
2671,0.4355,31,59,31,594023,11587,101834,6122,0.10733076438549038,0.3456999265909989
2672,0.4356,25,50,25,594073,11537,101859,6097,0.10686761273111267,0.34575252353408187
2673,0.4357,20,60,20,594133,11477,101879,6077,0.10631183074585943,0.3461889028141734
2674,0.4358,25,56,25,594189,11421,101904,6052,0.10579310089295639,0.3463629599954215
2675,0.4359,34,70,34,594259,11351,101938,6018,0.1051446885768276,0.3464793597789165
2676,0.436,20,32,20,594291,11319,101958,5998,0.10484827151802587,0.3463648437951146
2677,0.4361,39,66,39,594357,11253,101997,5959,0.10423691133424728,0.34621194515454334
2678,0.4362,27,57,27,594414,11196,102024,5932,0.10370891844825669,0.34633348902382066
2679,0.4363,23,68,23,594482,11128,102047,5909,0.10307903219830301,0.3468333626812232
2680,0.4364,43,70,43,594552,11058,102090,5866,0.10243061988217422,0.3466083668163555
2681,0.4365,21,44,21,594596,11014,102111,5845,0.10202304642632183,0.3466990924728632
2682,0.4366,26,57,26,594653,10957,102137,5819,0.10149505354033124,0.34686456843109204
2683,0.4367,28,44,28,594697,10913,102165,5791,0.10108748008447886,0.3466834291187739
2684,0.4368,25,60,25,594757,10853,102190,5766,0.10053169809922562,0.34695228353089835
2685,0.4369,26,47,26,594804,10806,102216,5740,0.10009633554411056,0.3469116402755953
2686,0.437,36,95,36,594899,10711,102252,5704,0.09921634740079291,0.34748705452330186
2687,0.4371,39,74,39,594973,10637,102291,5665,0.09853088295231391,0.3475033738191633
2688,0.4372,16,40,16,595013,10597,102307,5649,0.09816036162881174,0.34771636095038777
2689,0.4373,29,39,29,595052,10558,102336,5620,0.09779910333839713,0.34738533811348743
2690,0.4374,33,91,33,595143,10467,102369,5587,0.09695616732742969,0.34801295627258005
2691,0.4375,37,67,37,595210,10400,102406,5550,0.09633554411056357,0.34796238244514105
2692,0.4376,26,67,26,595277,10333,102432,5524,0.09571492089369743,0.3483634987702592
2693,0.4377,37,73,37,595350,10260,102469,5487,0.09503871947830597,0.34844732329967615
2694,0.4378,43,82,43,595432,10178,102512,5444,0.09427915076512654,0.3484829087184739
2695,0.4379,27,72,27,595504,10106,102539,5417,0.09361221238282263,0.3489660503768601
2696,0.438,16,38,16,595542,10068,102555,5401,0.09326021712549558,0.3491499127286832
2697,0.4381,34,50,34,595592,10018,102589,5367,0.09279706547111786,0.34884627884302893
2698,0.4382,18,78,18,595670,9940,102607,5349,0.09207454889028864,0.3498593760219766
2699,0.4383,28,56,28,595726,9884,102635,5321,0.0915558190373856,0.34995067412035513
2700,0.4384,17,57,17,595783,9827,102652,5304,0.09102782615139501,0.3505386293040777
2701,0.4385,10,35,10,595818,9792,102662,5294,0.09070361999333061,0.35092138406469575
2702,0.4386,39,98,39,595916,9694,102701,5255,0.08979584275075031,0.35152853033647735
2703,0.4387,26,56,26,595972,9638,102727,5229,0.08927711289784727,0.35171857133248136
2704,0.4388,19,52,19,596024,9586,102746,5210,0.08879543517729445,0.3521221951878886
2705,0.4389,16,35,16,596059,9551,102762,5194,0.08847122901923006,0.35225500169549
2706,0.439,35,48,35,596107,9503,102797,5159,0.08802660343102746,0.35186195607693355
2707,0.4391,24,38,24,596145,9465,102821,5135,0.0876746081737004,0.3517123287671233
2708,0.4392,32,75,32,596220,9390,102853,5103,0.08697988069213383,0.3521010142827572
2709,0.4393,30,53,30,596273,9337,102883,5073,0.08648893993849346,0.3520471894517696
2710,0.4394,29,70,29,596343,9267,102912,5044,0.08584052762236467,0.3524561526098805
2711,0.4395,28,35,28,596378,9232,102940,5016,0.08551632146430027,0.352049410443571
2712,0.4396,21,46,21,596424,9186,102961,4995,0.08509022194227278,0.3522318595303575
2713,0.4397,40,89,40,596513,9097,103001,4955,0.08426581199748046,0.3526188442926274
2714,0.4398,54,88,54,596601,9009,103055,4901,0.08345066508577569,0.35233644859813085
2715,0.4399,34,65,34,596666,8944,103089,4867,0.08284856793508466,0.3524002606617913
2716,0.44,18,48,18,596714,8896,103107,4849,0.08240394234688206,0.35278283012004363
2717,0.4401,29,43,29,596757,8853,103136,4820,0.08200563192411724,0.3525195641044394
2718,0.4402,25,57,25,596814,8796,103161,4795,0.08147763903812665,0.3528070046354205
2719,0.4403,28,48,28,596862,8748,103189,4767,0.08103301344992404,0.3527192008879023
2720,0.4404,39,74,39,596936,8674,103228,4728,0.08034754900144503,0.3527831666915386
2721,0.4405,24,56,24,596992,8618,103252,4704,0.079828819148542,0.3531001351148476
2722,0.4406,16,50,16,597042,8568,103268,4688,0.0793656674941643,0.3536511768255884
2723,0.4407,29,38,29,597080,8530,103297,4659,0.07901367223683722,0.3532489195541739
2724,0.4408,20,54,20,597134,8476,103317,4639,0.0785134684501093,0.3537171178040412
2725,0.4409,13,24,13,597158,8452,103330,4626,0.078291155656008,0.3537238109802722
2726,0.441,22,54,22,597212,8398,103352,4604,0.07779095186928008,0.35409936932779573
2727,0.4411,19,43,19,597255,8355,103371,4585,0.07739264144651525,0.3543276661514683
2728,0.4412,12,53,12,597308,8302,103383,4573,0.07690170069287487,0.3551844660194175
2729,0.4413,37,56,37,597364,8246,103420,4536,0.07638297083997184,0.3548740416210296
2730,0.4414,22,55,22,597419,8191,103442,4514,0.07587350402015636,0.35529319165682804
2731,0.4415,27,32,27,597451,8159,103469,4487,0.07557708696135462,0.3548157520164479
2732,0.4416,26,39,26,597490,8120,103495,4461,0.07521582867094001,0.35458230665288926
2733,0.4417,35,72,35,597562,8048,103530,4426,0.07454889028863611,0.35481802148468816
2734,0.4418,21,43,21,597605,8005,103551,4405,0.07415057986587129,0.35495568090249796
2735,0.4419,29,46,29,597651,7959,103580,4376,0.07372448034384378,0.3547628698824483
2736,0.442,24,70,24,597721,7889,103604,4352,0.07307606802771499,0.3555265092721183
2737,0.4421,10,19,10,597740,7870,103614,4342,0.07290007039905147,0.3555519161480511
2738,0.4422,17,31,17,597771,7839,103631,4325,0.07261291637333729,0.35555738243998686
2739,0.4423,26,53,26,597824,7786,103657,4299,0.07212197561969691,0.35573024410426146
2740,0.4424,36,67,36,597891,7719,103693,4263,0.07150135240283079,0.3557836755132699
2741,0.4425,14,38,14,597929,7681,103707,4249,0.07114935714550373,0.3561609388097234
2742,0.4426,22,30,22,597959,7651,103729,4227,0.0708714661528771,0.3558679912443172
2743,0.4427,11,54,11,598013,7597,103740,4216,0.07037126236614917,0.35689494624566154
2744,0.4428,29,49,29,598062,7548,103769,4187,0.06991737374485901,0.3567959096719216
2745,0.4429,32,54,32,598116,7494,103801,4155,0.06941716995813109,0.35668297707957763
2746,0.443,25,32,25,598148,7462,103826,4130,0.06912075289932935,0.35628019323671495
2747,0.4431,37,65,37,598213,7397,103863,4093,0.06851865574863833,0.35622280243690163
2748,0.4432,38,74,38,598287,7323,103901,4055,0.06783319130015933,0.35638952364211635
2749,0.4433,15,32,15,598319,7291,103916,4040,0.0675367742413576,0.3565439943517783
2750,0.4434,23,59,23,598378,7232,103939,4017,0.06699025528919189,0.3570984087474442
2751,0.4435,12,33,12,598411,7199,103951,4005,0.0666845751973026,0.3574616208496965
2752,0.4436,18,35,18,598446,7164,103969,3987,0.06636036903923821,0.35754640839386603
2753,0.4437,26,39,26,598485,7125,103995,3961,0.0659991107488236,0.35729749233267183
2754,0.4438,15,24,15,598509,7101,104010,3946,0.0657767979547223,0.3572010500588395
2755,0.4439,7,24,7,598533,7077,104017,3939,0.065554485160621,0.35757080610021785
2756,0.444,51,76,51,598609,7001,104068,3888,0.06485049464596687,0.3570575810450914
2757,0.4441,18,38,18,598647,6963,104086,3870,0.06449849938863982,0.3572417612849626
2758,0.4442,20,33,20,598680,6930,104106,3850,0.06419281929675053,0.35714285714285715
2759,0.4443,17,44,17,598724,6886,104123,3833,0.06378524584089815,0.3575893273626271
2760,0.4444,25,59,25,598783,6827,104148,3808,0.06323872688873244,0.35806299952985426
2761,0.4445,11,35,11,598818,6792,104159,3797,0.06291452073066806,0.3585796581358013
2762,0.4446,27,28,27,598846,6764,104186,3770,0.06265515580421653,0.3578887412189102
2763,0.4447,14,40,14,598886,6724,104200,3756,0.06228463448071436,0.3583969465648855
2764,0.4448,6,18,6,598904,6706,104206,3750,0.06211789988513839,0.358645753634277
2765,0.4449,19,24,19,598928,6682,104225,3731,0.06189558709103709,0.35830212234706615
2766,0.445,7,40,7,598968,6642,104232,3724,0.06152506576753492,0.3592513988037816
2767,0.4451,40,55,40,599023,6587,104272,3684,0.06101559894771944,0.35867977801577255
2768,0.4452,11,25,11,599048,6562,104283,3673,0.060784023120530585,0.35886663409868097
2769,0.4453,19,53,19,599101,6509,104302,3654,0.06029308236689022,0.3595395060513628
2770,0.4454,13,17,13,599118,6492,104315,3641,0.060135610804401794,0.35932103029704926
2771,0.4455,14,22,14,599140,6470,104329,3627,0.0599318240764756,0.35921560859661283
2772,0.4456,13,29,13,599169,6441,104342,3614,0.05966319611693653,0.35942317255096967
2773,0.4457,22,39,22,599208,6402,104364,3592,0.05930193782652192,0.3594156493896338
2774,0.4458,16,45,16,599253,6357,104380,3576,0.05888510133758198,0.3600120809423135
2775,0.4459,4,19,4,599272,6338,104384,3572,0.05870910370891845,0.36044399596367305
2776,0.446,17,34,17,599306,6304,104401,3555,0.058394160583941604,0.3605842377523075
2777,0.4461,11,35,11,599341,6269,104412,3544,0.05806995442587721,0.3611535717925201
2778,0.4462,25,44,25,599385,6225,104437,3519,0.057662380970024824,0.3611453201970443
2779,0.4463,23,55,23,599440,6170,104460,3496,0.057152914150209344,0.36168011587006
2780,0.4464,20,37,20,599477,6133,104480,3476,0.05681018192596984,0.36174419814757
2781,0.4465,27,50,27,599527,6083,104507,3449,0.05634703027159213,0.36183382291229543
2782,0.4466,29,57,29,599584,6026,104536,3420,0.05581903738560154,0.362058013974169
2783,0.4467,12,28,12,599612,5998,104548,3408,0.05555967245915002,0.3623219221773336
2784,0.4468,26,27,26,599639,5971,104574,3382,0.05530957056578606,0.36159521009301826
2785,0.4469,13,32,13,599671,5939,104587,3369,0.055013153506984325,0.36194671250537175
2786,0.447,13,38,13,599709,5901,104600,3356,0.05466115824965727,0.36253645889597064
2787,0.4471,22,52,22,599761,5849,104622,3334,0.05417948052910445,0.3630621801154307
2788,0.4472,12,28,12,599789,5821,104634,3322,0.05392011560265293,0.3633380728426118
2789,0.4473,23,62,23,599851,5759,104657,3299,0.053345807551224575,0.3642084345330095
2790,0.4474,15,32,15,599883,5727,104672,3284,0.05304939049242284,0.3644434579957829
2791,0.4475,32,44,32,599927,5683,104704,3252,0.052641817036570455,0.3639619473978735
2792,0.4476,26,34,26,599961,5649,104730,3226,0.05232687391159361,0.3634929577464789
2793,0.4477,14,20,14,599981,5629,104744,3212,0.052141613249842525,0.36330731817667683
2794,0.4478,24,43,24,600024,5586,104768,3188,0.051743302827077696,0.3633462502849328
2795,0.4479,18,23,18,600047,5563,104786,3170,0.05153025306606395,0.3629909538532005
2796,0.448,10,16,10,600063,5547,104796,3160,0.051382044536663084,0.36292638107270014
2797,0.4481,21,26,21,600089,5521,104817,3139,0.05114120567638668,0.3624711316397229
2798,0.4482,19,30,19,600119,5491,104836,3120,0.05086331468376005,0.3623272558355592
2799,0.4483,13,29,13,600148,5462,104849,3107,0.05059468672422098,0.3625860660520481
2800,0.4484,18,47,18,600195,5415,104867,3089,0.05015932416910593,0.36324082784571965
2801,0.4485,7,8,7,600203,5407,104874,3082,0.050085219904405495,0.36305807515608435
2802,0.4486,14,35,14,600238,5372,104888,3068,0.0497610137463411,0.3635071090047393
2803,0.4487,18,29,18,600267,5343,104906,3050,0.04949238578680203,0.36339806982008815
2804,0.4488,25,47,25,600314,5296,104931,3025,0.04905702323168698,0.3635380362937147
2805,0.4489,19,28,19,600342,5268,104950,3006,0.04879765830523547,0.3633067440174039
2806,0.449,25,29,25,600371,5239,104975,2981,0.048529030345696396,0.3626520681265207
2807,0.4491,19,26,19,600397,5213,104994,2962,0.04828819148541998,0.36232415902140674
2808,0.4492,12,21,12,600418,5192,105006,2950,0.04809366779058135,0.36231884057971014
2809,0.4493,17,36,17,600454,5156,105023,2933,0.0477601985994294,0.36259117319817036
2810,0.4494,13,40,13,600494,5116,105036,2920,0.04738967727592723,0.3633648581383773
2811,0.4495,29,58,29,600552,5058,105065,2891,0.04685242135684908,0.36369354635803247
2812,0.4496,13,28,13,600580,5030,105078,2878,0.04659305643039757,0.36393525543753164
2813,0.4497,18,40,18,600620,4990,105096,2860,0.046222535106895404,0.3643312101910828
2814,0.4498,17,29,17,600649,4961,105113,2843,0.04595390714735633,0.36430035879036393
2815,0.4499,13,33,13,600682,4928,105126,2830,0.04564822705546704,0.3647847383346223
2816,0.45,30,49,30,600731,4879,105156,2800,0.04519433843417689,0.3646308113035551
2817,0.4501,18,35,18,600766,4844,105174,2782,0.04487013227611249,0.36480461578809337
2818,0.4502,10,17,10,600783,4827,105184,2772,0.04471266071362407,0.36478484011054085
2819,0.4503,4,5,4,600788,4822,105188,2768,0.0446663455481863,0.3646903820816864
2820,0.4504,9,21,9,600809,4801,105197,2759,0.04447182185334766,0.36494708994708996
2821,0.4505,12,24,12,600833,4777,105209,2747,0.04424950905924636,0.3650983519404572
2822,0.4506,17,19,17,600852,4758,105226,2730,0.04407351143058283,0.3645833333333333
2823,0.4507,25,53,25,600905,4705,105251,2705,0.04358257067694246,0.3650472334682861
2824,0.4508,18,41,18,600946,4664,105269,2687,0.04320278632035274,0.3655284995238743
2825,0.4509,7,12,7,600958,4652,105276,2680,0.04309162992330209,0.36552100381887614
2826,0.451,30,52,30,601010,4600,105306,2650,0.04260995220274927,0.36551724137931035
2827,0.4511,13,21,13,601031,4579,105319,2637,0.04241542850791063,0.3654379157427938
2828,0.4512,11,16,11,601047,4563,105330,2626,0.04226721997850976,0.36528028933092227
2829,0.4513,14,33,14,601080,4530,105344,2612,0.04196153988662048,0.365723886866424
2830,0.4514,21,42,21,601122,4488,105365,2591,0.0415724924969432,0.3660121486085605
2831,0.4515,31,61,31,601183,4427,105396,2560,0.041007447478602396,0.366394733075712
2832,0.4516,5,21,5,601204,4406,105401,2555,0.040812923783763756,0.36704496480390747
2833,0.4517,9,16,9,601220,4390,105410,2546,0.04066471525436289,0.3670703575547866
2834,0.4518,14,42,14,601262,4348,105424,2532,0.040275667864685616,0.3680232558139535
2835,0.4519,7,25,7,601287,4323,105431,2525,0.04004409203749676,0.36872079439252337
2836,0.452,19,41,19,601328,4282,105450,2506,0.039664307680907035,0.36918090748379495
2837,0.4521,24,41,24,601369,4241,105474,2482,0.03928452332431732,0.36918042540532503
2838,0.4522,11,22,11,601391,4219,105485,2471,0.03908073659639112,0.36935724962630795
2839,0.4523,21,34,21,601425,4185,105506,2450,0.03876579347141428,0.36925395629238883
2840,0.4524,20,41,20,601466,4144,105526,2430,0.03838600911482456,0.36963796775174934
2841,0.4525,10,23,10,601489,4121,105536,2420,0.03817295935381081,0.36997401009020026
2842,0.4526,15,22,15,601511,4099,105551,2405,0.03796917262588462,0.36977244772447726
2843,0.4527,10,10,10,601521,4089,105561,2395,0.03787654229500908,0.36937075879086984
2844,0.4528,21,43,21,601564,4046,105582,2374,0.03747823187224425,0.36978193146417443
2845,0.4529,23,25,23,601589,4021,105605,2351,0.03724665604505539,0.3689579409918393
2846,0.453,20,30,20,601619,3991,105625,2331,0.03696876505242877,0.3687124327744385
2847,0.4531,15,10,15,601629,3981,105640,2316,0.036876134721553225,0.3677941877084326
2848,0.4532,15,21,15,601650,3960,105655,2301,0.036681611026714585,0.3675131768088165
2849,0.4533,5,28,5,601678,3932,105660,2296,0.03642224610026307,0.3686576750160565
2850,0.4534,16,36,16,601714,3896,105676,2280,0.03608877690911112,0.36917098445595853
2851,0.4535,6,24,6,601738,3872,105682,2274,0.03586646411500982,0.36999674585096
2852,0.4536,19,25,19,601763,3847,105701,2255,0.035634888287820965,0.3695509668960996
2853,0.4537,20,60,20,601823,3787,105721,2235,0.03507910630256771,0.3711391564264364
2854,0.4538,10,17,10,601840,3770,105731,2225,0.03492163474007929,0.3711426188490409
2855,0.4539,13,22,13,601862,3748,105744,2212,0.0347178480121531,0.3711409395973154
2856,0.454,5,17,5,601879,3731,105749,2207,0.03456037644966468,0.37167396429774335
2857,0.4541,21,20,21,601899,3711,105770,2186,0.03437511578791359,0.37069696455824996
2858,0.4542,26,49,26,601948,3662,105796,2160,0.03392122716662344,0.37100652696667813
2859,0.4543,6,18,6,601966,3644,105802,2154,0.03375449257104746,0.3715074163504657
2860,0.4544,8,8,8,601974,3636,105810,2146,0.03368038830634703,0.3711518505707368
2861,0.4545,20,27,20,602001,3609,105830,2126,0.03343028641298307,0.3707061900610288
2862,0.4546,14,28,14,602029,3581,105844,2112,0.03317092148653155,0.3709819076058317
2863,0.4547,10,15,10,602044,3566,105854,2102,0.03303197599021824,0.37085391672547635
2864,0.4548,25,25,25,602069,3541,105879,2077,0.03280040016302938,0.36970452118191527
2865,0.4549,10,11,10,602080,3530,105889,2067,0.03269850679906629,0.3693049848132928
2866,0.455,21,40,21,602120,3490,105910,2046,0.03232798547556412,0.3695809248554913
2867,0.4551,20,28,20,602148,3462,105930,2026,0.0320686205491126,0.36916909620991256
2868,0.4552,22,35,22,602183,3427,105952,2004,0.031744414391048206,0.3689928190020254
2869,0.4553,9,11,9,602194,3416,105961,1995,0.03164252102708511,0.36869340232858994
2870,0.4554,18,32,18,602226,3384,105979,1977,0.03134610396828338,0.36877448237269167
2871,0.4555,5,20,5,602246,3364,105984,1972,0.03116084330653229,0.3695652173913043
2872,0.4556,5,13,5,602259,3351,105989,1967,0.031040423876394087,0.3698758931929297
2873,0.4557,23,34,23,602293,3317,106012,1944,0.030725480751417244,0.3695114997148831
2874,0.4558,8,18,8,602311,3299,106020,1936,0.030558746155841268,0.36981852913085006
2875,0.4559,13,15,13,602326,3284,106033,1923,0.030419800659527957,0.3693105434991358
2876,0.456,19,35,19,602361,3249,106052,1904,0.030095594501463558,0.3694934989326606
2877,0.4561,11,34,11,602395,3215,106063,1893,0.02978065137648672,0.3705951448707909
2878,0.4562,12,17,12,602412,3198,106075,1881,0.029623179813998295,0.37034849379799173
2879,0.4563,20,20,20,602432,3178,106095,1861,0.02943791915224721,0.3693193093867831
2880,0.4564,15,20,15,602452,3158,106110,1846,0.029252658490496127,0.3689048760991207
2881,0.4565,18,25,18,602477,3133,106128,1828,0.029021082663307274,0.3684740979641201
2882,0.4566,12,29,12,602506,3104,106140,1816,0.0287524547037682,0.36910569105691055
2883,0.4567,6,19,6,602525,3085,106146,1810,0.028576457075104672,0.36976506639427986
2884,0.4568,17,22,17,602547,3063,106163,1793,0.02837267034717848,0.3692339373970346
2885,0.4569,7,18,7,602565,3045,106170,1786,0.028205935751602504,0.36969571517284205
2886,0.457,15,14,15,602579,3031,106185,1771,0.028076253288376745,0.3688046647230321
2887,0.4571,10,24,10,602603,3007,106195,1761,0.027853940494275444,0.36933724832214765
2888,0.4572,14,19,14,602622,2988,106209,1747,0.027677942865611916,0.3689545934530095
2889,0.4573,1,9,1,602631,2979,106210,1746,0.02759457556782393,0.36952380952380953
2890,0.4574,2,12,2,602643,2967,106212,1744,0.02748341917077328,0.37019741031628106
2891,0.4575,3,4,3,602647,2963,106215,1741,0.027446367038423063,0.3701105442176871
2892,0.4576,13,24,13,602671,2939,106228,1728,0.027224054244321762,0.37025926719520036
2893,0.4577,14,20,14,602691,2919,106242,1714,0.027038793582570678,0.3699546729980574
2894,0.4578,8,14,8,602705,2905,106250,1706,0.02690911111934492,0.3699848189112991
2895,0.4579,4,29,4,602734,2876,106254,1702,0.026640483159805845,0.3717780690257754
2896,0.458,6,17,6,602751,2859,106260,1696,0.026483011597317425,0.37233809001097695
2897,0.4581,4,7,4,602758,2852,106264,1692,0.026418170365704548,0.37235915492957744
2898,0.4582,6,16,6,602774,2836,106270,1686,0.02626996183630368,0.372843874391862
2899,0.4583,19,49,19,602823,2787,106289,1667,0.025816073215013523,0.3742703188145487
2900,0.4584,7,21,7,602844,2766,106296,1660,0.025621549520174886,0.37505648441030276
2901,0.4585,12,27,12,602871,2739,106308,1648,0.025371447626810924,0.3756553453385001
2902,0.4586,15,21,15,602892,2718,106323,1633,0.025176923931972284,0.3753160193059067
2903,0.4587,7,13,7,602905,2705,106330,1626,0.02505650450183408,0.37543292542138074
2904,0.4588,1,8,1,602913,2697,106331,1625,0.024982400237133648,0.3759833410458121
2905,0.4589,10,16,10,602929,2681,106341,1615,0.02483419170773278,0.37593109869646185
2906,0.459,7,9,7,602938,2672,106348,1608,0.02475082440994479,0.37570093457943926
2907,0.4591,5,6,5,602944,2666,106353,1603,0.024695246211419466,0.3754977746544858
2908,0.4592,18,26,18,602970,2640,106371,1585,0.02445440735114306,0.37514792899408284
2909,0.4593,22,24,22,602994,2616,106393,1563,0.02423209455704176,0.3740129217516152
2910,0.4594,15,13,15,603007,2603,106408,1548,0.024111675126903553,0.37292218742471694
2911,0.4595,4,8,4,603015,2595,106412,1544,0.02403757086220312,0.37303696545059195
2912,0.4596,4,10,4,603025,2585,106416,1540,0.023944940531327577,0.37333333333333335
2913,0.4597,2,20,2,603045,2565,106418,1538,0.023759679869576493,0.3748476724348038
2914,0.4598,7,5,7,603050,2560,106425,1531,0.023713364704138724,0.3742361280860425
2915,0.4599,13,19,13,603069,2541,106438,1518,0.023537367075475192,0.37398373983739835
2916,0.46,13,12,13,603081,2529,106451,1505,0.02342621067842454,0.37307882994546354
2917,0.4601,17,30,17,603111,2499,106468,1488,0.02314831968579792,0.3732129420617005
2918,0.4602,13,14,13,603125,2485,106481,1475,0.02301863722257216,0.37247474747474746
2919,0.4603,6,15,6,603140,2470,106487,1469,0.022879691726258845,0.37293729372937295
2920,0.4604,9,10,9,603150,2460,106496,1460,0.022787061395383303,0.37244897959183676
2921,0.4605,9,18,9,603168,2442,106505,1451,0.022620326799807328,0.3727202671461598
2922,0.4606,9,7,9,603175,2435,106514,1442,0.02255548556819445,0.371937064740779
2923,0.4607,7,13,7,603188,2422,106521,1435,0.022435066138056244,0.3720508166969147
2924,0.4608,6,11,6,603199,2411,106527,1429,0.02233317277409315,0.37213541666666666
2925,0.4609,7,12,7,603211,2399,106534,1422,0.0222220163770425,0.3721538864171683
2926,0.461,2,8,2,603219,2391,106536,1420,0.022147912112342065,0.37260561532406195
2927,0.4611,4,8,4,603227,2383,106540,1416,0.02207380784764163,0.3727296657015004
2928,0.4612,21,22,21,603249,2361,106561,1395,0.02187002111971544,0.37140575079872207
2929,0.4613,3,4,3,603253,2357,106564,1392,0.021832968987365222,0.37129901307015206
2930,0.4614,3,12,3,603265,2345,106567,1389,0.02172181259031457,0.3719871451526513
2931,0.4615,9,23,9,603288,2322,106576,1380,0.021508762829300827,0.3727714748784441
2932,0.4616,3,6,3,603294,2316,106579,1377,0.0214531846307755,0.3728675873273761
2933,0.4617,7,20,7,603314,2296,106586,1370,0.021267923969024417,0.37370430987452263
2934,0.4618,9,14,9,603328,2282,106595,1361,0.02113824150579866,0.3735931924238265
2935,0.4619,12,19,12,603347,2263,106607,1349,0.02096224387713513,0.37347729789590256
2936,0.462,4,9,4,603356,2254,106611,1345,0.02087887657934714,0.3737149208113365
2937,0.4621,11,18,11,603374,2236,106622,1334,0.020712141983771165,0.37366946778711485
2938,0.4622,8,11,8,603385,2225,106630,1326,0.02061024861980807,0.3734159391720642
2939,0.4623,7,25,7,603410,2200,106637,1319,0.020378672792619214,0.374822392725206
2940,0.4624,5,10,5,603420,2190,106642,1314,0.02028604246174367,0.375
2941,0.4625,10,27,10,603447,2163,106652,1304,0.02003594056837971,0.37611768099221227
2942,0.4626,9,14,9,603461,2149,106661,1295,0.01990625810515395,0.37601626016260165
2943,0.4627,21,20,21,603481,2129,106682,1274,0.019720997443402867,0.3743755509844255
2944,0.4628,1,3,1,603484,2126,106683,1273,0.019693208344140206,0.3745219182112386
2945,0.4629,11,22,11,603506,2104,106694,1262,0.019489421616214014,0.3749257278669043
2946,0.463,8,10,8,603516,2094,106702,1254,0.01939679128533847,0.37455197132616486
2947,0.4631,8,18,8,603534,2076,106710,1246,0.019230056689762496,0.3750752558699579
2948,0.4632,2,4,2,603538,2072,106712,1244,0.01919300455741228,0.3751507840772014
2949,0.4633,18,30,18,603568,2042,106730,1226,0.018915113564785653,0.37515299877600977
2950,0.4634,11,31,11,603599,2011,106741,1215,0.018627959539071474,0.3766274023558587
2951,0.4635,14,5,14,603604,2006,106755,1201,0.0185816443736337,0.37449329591518554
2952,0.4636,9,21,9,603625,1985,106764,1192,0.018387120678795065,0.37519672647151403
2953,0.4637,2,6,2,603631,1979,106766,1190,0.01833154248026974,0.3755127800568003
2954,0.4638,3,11,3,603642,1968,106769,1187,0.018229649116306642,0.3762282091917591
2955,0.4639,7,15,7,603657,1953,106776,1180,0.01809070361999333,0.3766358123204596
2956,0.464,12,22,12,603679,1931,106788,1168,0.017886916892067138,0.37689577282994513
2957,0.4641,0,5,0,603684,1926,106788,1168,0.01784060172662937,0.3775048480930834
2958,0.4642,4,9,4,603693,1917,106792,1164,0.01775723442884138,0.3777994157740993
2959,0.4643,2,4,2,603697,1913,106794,1162,0.017720182296491162,0.3778861788617886
2960,0.4644,7,8,7,603705,1905,106801,1155,0.01764607803179073,0.37745098039215685
2961,0.4645,7,12,7,603717,1893,106808,1148,0.01753492163474008,0.37750739888194673
2962,0.4646,14,31,14,603748,1862,106822,1134,0.0172477676090259,0.37850467289719625
2963,0.4647,10,13,10,603761,1849,106832,1124,0.017127348178887693,0.3780692902791793
2964,0.4648,2,9,2,603770,1840,106834,1122,0.017043980881099707,0.3787981093855503
2965,0.4649,7,13,7,603783,1827,106841,1115,0.016923561450961504,0.3789938817131203
2966,0.465,2,12,2,603795,1815,106843,1113,0.016812405053910854,0.3801229508196721
2967,0.4651,5,13,5,603808,1802,106848,1108,0.016691985623772648,0.38075601374570445
2968,0.4652,5,22,5,603830,1780,106853,1103,0.016488198895846455,0.38258758237946583
2969,0.4653,7,19,7,603849,1761,106860,1096,0.016312201267182927,0.38361918095904796
2970,0.4654,13,11,13,603860,1750,106873,1083,0.01621030790321983,0.3822802682668549
2971,0.4655,7,14,7,603874,1736,106880,1076,0.01608062543999407,0.38264580369843526
2972,0.4656,2,10,2,603884,1726,106882,1074,0.015987995109118528,0.38357142857142856
2973,0.4657,6,9,6,603893,1717,106888,1068,0.015904627811330542,0.38348294434470376
2974,0.4658,4,10,4,603903,1707,106892,1064,0.015811997480455,0.38397690364489356
2975,0.4659,14,26,14,603929,1681,106906,1050,0.01557115862017859,0.38447455144635667
2976,0.466,4,6,4,603935,1675,106910,1046,0.015515580421653265,0.384417493568541
2977,0.4661,7,11,7,603946,1664,106917,1039,0.015413687057690171,0.3843877173510914
2978,0.4662,3,5,3,603951,1659,106920,1036,0.0153673718922524,0.38441558441558443
2979,0.4663,2,3,2,603954,1656,106922,1034,0.015339582792989737,0.38438661710037175
2980,0.4664,4,9,4,603963,1647,106926,1030,0.01525621549520175,0.38475905864774
2981,0.4665,3,8,3,603971,1639,106929,1027,0.015182111230501316,0.3852213053263316
2982,0.4666,1,7,1,603978,1632,106930,1026,0.015117269998888436,0.3860045146726862
2983,0.4667,6,10,6,603988,1622,106936,1020,0.015024639668012894,0.38607115821347465
2984,0.4668,7,11,7,603999,1611,106943,1013,0.014922746304049798,0.3860518292682927
2985,0.4669,4,11,4,604010,1600,106947,1009,0.014820852940086702,0.3867382138750479
2986,0.467,3,7,3,604017,1593,106950,1006,0.014756011708473822,0.38707195075028855
2987,0.4671,9,11,9,604028,1582,106959,997,0.014654118344510726,0.38658394726638234
2988,0.4672,4,8,4,604036,1574,106963,993,0.014580014079810293,0.386832878846903
2989,0.4673,22,28,22,604064,1546,106985,971,0.014320649153358777,0.3857767183154549
2990,0.4674,6,8,6,604072,1538,106991,965,0.014246544888658343,0.38553735517379145
2991,0.4675,6,4,6,604076,1534,106997,959,0.014209492756308126,0.38467709586843163
2992,0.4676,5,3,5,604079,1531,107002,954,0.014181703657045464,0.3839034205231388
2993,0.4677,8,17,8,604096,1514,107010,946,0.014024232094557042,0.3845528455284553
2994,0.4678,4,6,4,604102,1508,107014,942,0.013968653896031717,0.38448979591836735
2995,0.4679,3,1,3,604103,1507,107017,939,0.013959390862944163,0.383892068683565
2996,0.468,8,13,8,604116,1494,107025,931,0.013838971432805958,0.3839175257731959
2997,0.4681,3,4,3,604120,1490,107028,928,0.013801919300455741,0.3837882547559967
2998,0.4682,7,17,7,604137,1473,107035,921,0.01364444773796732,0.38471177944862156
2999,0.4683,3,7,3,604144,1466,107038,918,0.01357960650635444,0.3850671140939597
3000,0.4684,3,8,3,604152,1458,107041,915,0.013505502241654007,0.38558786346396967
3001,0.4685,4,15,4,604167,1443,107045,911,0.013366556745340694,0.38700084961767206
3002,0.4686,4,6,4,604173,1437,107049,907,0.013310978546815368,0.3869453924914676
3003,0.4687,1,6,1,604179,1431,107050,906,0.013255400348290045,0.38767650834403083
3004,0.4688,2,2,2,604181,1429,107052,904,0.013236874282114936,0.3874839262751822
3005,0.4689,5,5,5,604186,1424,107057,899,0.013190559116677165,0.38699956952216963
3006,0.469,8,14,8,604200,1410,107065,891,0.013060876653451407,0.38722294654498046
3007,0.4691,4,13,4,604213,1397,107069,887,0.012940457223313202,0.388353765323993
3008,0.4692,15,29,15,604242,1368,107084,872,0.01267182926377413,0.3892857142857143
3009,0.4693,9,9,9,604251,1359,107093,863,0.012588461965986142,0.38838883888388837
3010,0.4694,4,3,4,604254,1356,107097,859,0.01256067286672348,0.38781038374717836
3011,0.4695,3,6,3,604260,1350,107100,856,0.012505094668198154,0.38803263825929285
3012,0.4696,7,12,7,604272,1338,107107,849,0.012393938271147504,0.38820301783264743
3013,0.4697,3,3,3,604275,1335,107110,846,0.012366149171884841,0.3878954607977992
3014,0.4698,3,8,3,604283,1327,107113,843,0.012292044907184408,0.3884792626728111
3015,0.4699,10,16,10,604299,1311,107123,833,0.012143836377783542,0.3885261194029851
3016,0.47,19,33,19,604332,1278,107142,814,0.011838156285894253,0.38910133843212236
3017,0.4701,2,5,2,604337,1273,107144,812,0.011791841120456482,0.3894484412470024
3018,0.4702,6,8,6,604345,1265,107150,806,0.011717736855756049,0.38918396909705455
3019,0.4703,4,10,4,604355,1255,107154,802,0.011625106524880507,0.38988818667963054
3020,0.4704,8,9,8,604364,1246,107162,794,0.011541739227092519,0.3892156862745098
3021,0.4705,3,2,3,604366,1244,107165,791,0.01152321316091741,0.3886977886977887
3022,0.4706,5,14,5,604380,1230,107170,786,0.011393530697691652,0.3898809523809524
3023,0.4707,3,1,3,604381,1229,107173,783,0.011384267664604097,0.38916500994035785
3024,0.4708,7,9,7,604390,1220,107180,776,0.01130090036681611,0.38877755511022044
3025,0.4709,6,7,6,604397,1213,107186,770,0.01123605913520323,0.3883005547150782
3026,0.471,13,16,13,604413,1197,107199,757,0.011087850605802365,0.387410440122825
3027,0.4711,3,13,3,604426,1184,107202,754,0.01096743117566416,0.3890608875128999
3028,0.4712,2,9,2,604435,1175,107204,752,0.010884063877876172,0.3902439024390244
3029,0.4713,3,5,3,604440,1170,107207,749,0.010837748712438401,0.39030745179781134
3030,0.4714,1,2,1,604442,1168,107208,748,0.010819222646263293,0.3903966597077244
3031,0.4715,0,7,0,604449,1161,107208,748,0.010754381414650413,0.391828182294395
3032,0.4716,8,5,8,604454,1156,107216,740,0.010708066249212642,0.39029535864978904
3033,0.4717,1,4,1,604458,1152,107217,739,0.010671014116862425,0.39079851930195664
3034,0.4718,5,15,5,604473,1137,107222,734,0.010532068620549112,0.39230358097274187
3035,0.4719,9,14,9,604487,1123,107231,725,0.010402386157323354,0.39231601731601734
3036,0.472,11,19,11,604506,1104,107242,714,0.010226388528659824,0.3927392739273927
3037,0.4721,1,5,1,604511,1099,107243,713,0.010180073363222053,0.3934878587196468
3038,0.4722,6,3,6,604514,1096,107249,707,0.01015228426395939,0.39212423738214086
3039,0.4723,1,2,1,604516,1094,107250,706,0.010133758197784282,0.39222222222222225
3040,0.4724,10,6,10,604522,1088,107260,696,0.010078179999258958,0.3901345291479821
3041,0.4725,0,3,0,604525,1085,107260,696,0.010050390899996296,0.39079169006176306
3042,0.4726,4,5,4,604530,1080,107264,692,0.010004075734558525,0.3905191873589165
3043,0.4727,6,6,6,604536,1074,107270,686,0.0099484975360332,0.38977272727272727
3044,0.4728,5,5,5,604541,1069,107275,681,0.009902182370595428,0.3891428571428571
3045,0.4729,7,23,7,604564,1046,107282,674,0.009689132609581682,0.3918604651162791
3046,0.473,14,7,14,604571,1039,107296,660,0.009624291377968802,0.38846380223660976
3047,0.4731,2,2,2,604573,1037,107298,658,0.009605765311793694,0.3882005899705015
3048,0.4732,6,8,6,604581,1029,107304,652,0.00953166104709326,0.38786436644854255
3049,0.4733,4,5,4,604586,1024,107308,648,0.009485345881655489,0.3875598086124402
3050,0.4734,1,5,1,604591,1019,107309,647,0.009439030716217718,0.38835534213685474
3051,0.4735,5,2,5,604593,1017,107314,642,0.00942050465004261,0.38698010849909587
3052,0.4736,2,5,2,604598,1012,107316,640,0.009374189484604839,0.387409200968523
3053,0.4737,5,4,5,604602,1008,107321,635,0.009337137352254622,0.386488131466829
3054,0.4738,0,6,0,604608,1002,107321,635,0.009281559153729297,0.3879047037263286
3055,0.4739,2,9,2,604617,993,107323,633,0.009198191855941309,0.3892988929889299
3056,0.474,8,5,8,604622,988,107331,625,0.009151876690503538,0.38747675139491633
3057,0.4741,3,12,3,604634,976,107334,622,0.009040720293452889,0.38923654568210264
3058,0.4742,5,6,5,604640,970,107339,617,0.008985142094927564,0.38878386893509764
3059,0.4743,9,9,9,604649,961,107348,608,0.008901774797139576,0.38750796685787126
3060,0.4744,7,13,7,604662,948,107355,601,0.008781355367001371,0.3879922530664945
3061,0.4745,6,20,6,604682,928,107361,595,0.008596094705250287,0.3906762967826658
3062,0.4746,3,1,3,604683,927,107364,592,0.008586831672162733,0.3897300855826201
3063,0.4747,8,8,8,604691,919,107372,584,0.0085127274074623,0.38855622089155023
3064,0.4748,4,13,4,604704,906,107376,580,0.008392307977324095,0.39030955585464333
3065,0.4749,4,4,4,604708,902,107380,576,0.008355255844973878,0.38971583220568334
3066,0.475,10,8,10,604716,894,107390,566,0.008281151580273444,0.38767123287671235
3067,0.4751,7,16,7,604732,878,107397,559,0.008132943050872577,0.38900487125956856
3068,0.4752,1,7,1,604739,871,107398,558,0.008068101819259698,0.390482855143457
3069,0.4753,15,11,15,604750,860,107413,543,0.007966208455296603,0.38702779757662154
3070,0.4754,7,8,7,604758,852,107420,536,0.00789210419059617,0.3861671469740634
3071,0.4755,6,6,6,604764,846,107426,530,0.007836525992070844,0.3851744186046512
3072,0.4756,3,3,3,604767,843,107429,527,0.007808736892808181,0.38467153284671535
3073,0.4757,5,7,5,604774,836,107434,522,0.007743895661195301,0.38438880706921946
3074,0.4758,6,6,6,604780,830,107440,516,0.007688317462669977,0.3833580980683507
3075,0.4759,4,10,4,604790,820,107444,512,0.007595687131794435,0.3843843843843844
3076,0.476,5,8,5,604798,812,107449,507,0.007521582867094001,0.3843821076573162
3077,0.4761,2,6,2,604804,806,107451,505,0.007466004668568676,0.38520213577421814
3078,0.4762,1,2,1,604806,804,107452,504,0.007447478602393568,0.3853211009174312
3079,0.4763,0,2,0,604808,802,107452,504,0.007428952536218459,0.38591117917304746
3080,0.4764,1,5,1,604813,797,107453,503,0.007382637370780688,0.3869230769230769
3081,0.4765,6,10,6,604823,787,107459,497,0.007290007039905146,0.3870716510903427
3082,0.4766,2,3,2,604826,784,107461,495,0.007262217940642484,0.38702111024237684
3083,0.4767,0,5,0,604831,779,107461,495,0.007215902775204713,0.38854003139717425
3084,0.4768,3,1,3,604832,778,107464,492,0.0072066397421171585,0.38740157480314963
3085,0.4769,2,5,2,604837,773,107466,490,0.007160324576679388,0.38796516231195566
3086,0.477,1,1,1,604838,772,107467,489,0.007151061543591834,0.3877874702616971
3087,0.4771,1,1,1,604839,771,107468,488,0.00714179851050428,0.3876092136616362
3088,0.4772,3,3,3,604842,768,107471,485,0.007114009411241617,0.3870710295291301
3089,0.4773,3,1,3,604843,767,107474,482,0.007104746378154063,0.3859087269815853
3090,0.4774,0,9,0,604852,758,107474,482,0.007021379080366075,0.38870967741935486
3091,0.4775,1,2,1,604854,756,107475,481,0.007002853014190967,0.38884397736459175
3092,0.4776,0,1,0,604855,755,107475,481,0.006993589981103413,0.38915857605177995
3093,0.4778,4,5,4,604860,750,107479,477,0.006947274815665642,0.38875305623471884
3094,0.4779,5,4,5,604864,746,107484,472,0.006910222683315425,0.38752052545155996
3095,0.478,3,2,3,604866,744,107487,469,0.006891696617140316,0.3866446826051113
3096,0.4781,3,5,3,604871,739,107490,466,0.006845381451702545,0.3867219917012448
3097,0.4782,2,7,2,604878,732,107492,464,0.006780540220089666,0.3879598662207358
3098,0.4783,2,2,2,604880,730,107494,462,0.0067620141539145575,0.3875838926174497
3099,0.4785,2,2,2,604882,728,107496,460,0.006743488087739449,0.3872053872053872
3100,0.4786,0,1,0,604883,727,107496,460,0.006734225054651895,0.3875315922493682
3101,0.4787,4,4,4,604887,723,107500,456,0.006697172922301678,0.38676844783715014
3102,0.4788,2,1,2,604888,722,107502,454,0.006687909889214124,0.38605442176870747
3103,0.4789,1,3,1,604891,719,107503,453,0.006660120789951461,0.386518771331058
3104,0.479,4,8,4,604899,711,107507,449,0.0065860165252510285,0.3870689655172414
3105,0.4791,2,3,2,604902,708,107509,447,0.006558227425988366,0.38701298701298703
3106,0.4792,5,10,5,604912,698,107514,442,0.006465597095112824,0.387719298245614
3107,0.4793,1,12,1,604924,686,107515,441,0.006354440698062173,0.391304347826087
3108,0.4794,2,2,2,604926,684,107517,439,0.006335914631887065,0.39091718610863757
3109,0.4795,2,3,2,604929,681,107519,437,0.006308125532624402,0.39087656529516995
3110,0.4796,3,3,3,604932,678,107522,434,0.00628033643336174,0.3902877697841727
3111,0.4798,2,1,2,604933,677,107524,432,0.006271073400274186,0.38954012623985573
3112,0.4799,7,4,7,604937,673,107531,425,0.006234021267923969,0.3870673952641166
3113,0.48,5,14,5,604951,659,107536,420,0.006104338804698211,0.38924930491195553
3114,0.4802,10,11,10,604962,648,107546,410,0.0060024454407351146,0.387523629489603
3115,0.4803,3,3,3,604965,645,107549,407,0.005974656341472452,0.38688212927756654
3116,0.4804,3,3,3,604968,642,107552,404,0.005946867242209789,0.3862332695984704
3117,0.4805,3,9,3,604977,633,107555,401,0.0058634999444218015,0.38781431334622823
3118,0.4806,1,0,1,604977,633,107556,400,0.0058634999444218015,0.3872216844143272
3119,0.4807,0,4,0,604981,629,107556,400,0.005826447812071585,0.38872691933916426
3120,0.4808,7,9,7,604990,620,107563,393,0.005743080514283597,0.38795656465942746
3121,0.4809,6,3,6,604993,617,107569,387,0.005715291415020934,0.3854581673306773
3122,0.4811,2,8,2,605001,609,107571,385,0.005641187150320501,0.3873239436619718
3123,0.4812,2,2,2,605003,607,107573,383,0.005622661084145392,0.38686868686868686
3124,0.4813,3,2,3,605005,605,107576,380,0.005604135017970284,0.38578680203045684
3125,0.4814,7,5,7,605010,600,107583,373,0.005557819852532514,0.38335046248715315
3126,0.4815,3,2,3,605012,598,107586,370,0.005539293786357405,0.3822314049586777
3127,0.4816,1,0,1,605012,598,107587,369,0.005539293786357405,0.3815925542916236
3128,0.4817,1,3,1,605015,595,107588,368,0.005511504687094743,0.3821391484942887
3129,0.4819,4,2,4,605017,593,107592,364,0.005492978620919634,0.38035527690700105
3130,0.482,2,4,2,605021,589,107594,362,0.005455926488569417,0.38065194532071506
3131,0.4821,2,3,2,605024,586,107596,360,0.005428137389306755,0.38054968287526425
3132,0.4822,1,12,1,605036,574,107597,359,0.005316980992256104,0.38478027867095393
3133,0.4823,1,5,1,605041,569,107598,358,0.005270665826818333,0.3861920172599784
3134,0.4824,2,4,2,605045,565,107600,356,0.0052336136944681165,0.38653637350705755
3135,0.4825,1,3,1,605048,562,107601,355,0.005205824595205454,0.3871319520174482
3136,0.4826,8,7,8,605055,555,107609,347,0.0051409833635925745,0.38470066518847007
3137,0.4827,2,2,2,605057,553,107611,345,0.005122457297417466,0.3841870824053452
3138,0.4828,0,4,0,605061,549,107611,345,0.005085405165067249,0.3859060402684564
3139,0.4829,7,5,7,605066,544,107618,338,0.005039089999629479,0.3832199546485261
3140,0.4831,2,0,2,605066,544,107620,336,0.005039089999629479,0.38181818181818183
3141,0.4832,1,10,1,605076,534,107621,335,0.004946459668753937,0.38550057537399307
3142,0.4833,1,4,1,605080,530,107622,334,0.00490940753640372,0.38657407407407407
3143,0.4835,9,9,9,605089,521,107631,325,0.004826040238615732,0.38416075650118203
3144,0.4836,1,1,1,605090,520,107632,324,0.004816777205528178,0.38388625592417064
3145,0.4837,1,0,1,605090,520,107633,323,0.004816777205528178,0.3831553973902728
3146,0.4838,4,8,4,605098,512,107637,319,0.0047426729408277446,0.3838748495788207
3147,0.4839,5,11,5,605109,501,107642,314,0.004640779576864648,0.3852760736196319
3148,0.484,7,2,7,605111,499,107649,307,0.00462225351068954,0.38089330024813894
3149,0.4841,4,9,4,605120,490,107653,303,0.004538886212901552,0.38209331651954603
3150,0.4842,1,4,1,605124,486,107654,302,0.004501834080551336,0.383248730964467
3151,0.4844,4,1,4,605125,485,107658,298,0.004492571047463782,0.38058748403575987
3152,0.4845,2,14,2,605139,471,107660,296,0.004362888584238023,0.3859191655801825
3153,0.4846,5,4,5,605143,467,107665,291,0.004325836451887806,0.3839050131926121
3154,0.4848,2,2,2,605145,465,107667,289,0.004307310385712698,0.383289124668435
3155,0.4849,3,10,3,605155,455,107670,286,0.004214680054837156,0.38596491228070173
3156,0.485,4,3,4,605158,452,107674,282,0.004186890955574493,0.38419618528610355
3157,0.4851,3,3,3,605161,449,107677,279,0.004159101856311831,0.38324175824175827
3158,0.4852,2,1,2,605162,448,107679,277,0.004149838823224276,0.3820689655172414
3159,0.4853,1,0,1,605162,448,107680,276,0.004149838823224276,0.3812154696132597
3160,0.4855,0,3,0,605165,445,107680,276,0.004122049723961614,0.3828016643550624
3161,0.4856,1,1,1,605166,444,107681,275,0.00411278669087406,0.38247566063977745
3162,0.4857,5,8,5,605174,436,107686,270,0.004038682426173626,0.38243626062322944
3163,0.4858,3,4,3,605178,432,107689,267,0.004001630293823409,0.38197424892703863
3164,0.4859,6,9,6,605187,423,107695,261,0.003918262996035422,0.3815789473684211
3165,0.486,1,0,1,605187,423,107696,260,0.003918262996035422,0.3806734992679356
3166,0.4861,5,3,5,605190,420,107701,255,0.003890473896772759,0.37777777777777777
3167,0.4862,0,3,0,605193,417,107701,255,0.0038626847975100965,0.3794642857142857
3168,0.4863,3,5,3,605198,412,107704,252,0.003816369632072326,0.3795180722891566
3169,0.4864,3,3,3,605201,409,107707,249,0.0037885805328096633,0.378419452887538
3170,0.4865,2,4,2,605205,405,107709,247,0.0037515284004594465,0.37883435582822084
3171,0.4866,1,6,1,605211,399,107710,246,0.0036959502019341213,0.3813953488372093
3172,0.4868,2,1,2,605212,398,107712,244,0.003686687168846567,0.38006230529595014
3173,0.4869,1,4,1,605216,394,107713,243,0.0036496350364963502,0.3814756671899529
3174,0.487,1,2,1,605218,392,107714,242,0.003631108970321242,0.38170347003154576
3175,0.4872,2,9,2,605227,383,107716,240,0.0035477416725332544,0.3852327447833066
3176,0.4873,3,4,3,605231,379,107719,237,0.0035106895401830376,0.3847402597402597
3177,0.4874,3,2,3,605233,377,107722,234,0.003492163474007929,0.3829787234042553
3178,0.4875,2,1,2,605234,376,107724,232,0.003482900440920375,0.3815789473684211
3179,0.4876,2,0,2,605234,376,107726,230,0.003482900440920375,0.3795379537953795
3180,0.4877,1,2,1,605236,374,107727,229,0.0034643743747452666,0.37976782752902155
3181,0.4879,4,2,4,605238,372,107731,225,0.003445848308570158,0.3768844221105528
3182,0.488,3,2,3,605240,370,107734,222,0.00342732224239505,0.375
3183,0.4882,0,5,0,605245,365,107734,222,0.0033810070769572788,0.3781942078364566
3184,0.4883,0,2,0,605247,363,107734,222,0.0033624810107821704,0.37948717948717947
3185,0.4884,2,1,2,605248,362,107736,220,0.003353217977694616,0.37800687285223367
3186,0.4885,1,5,1,605253,357,107737,219,0.0033069028122568456,0.3802083333333333
3187,0.4886,6,10,6,605263,347,107743,213,0.0032142724813813035,0.38035714285714284
3188,0.4887,3,5,3,605268,342,107746,210,0.0031679573159435325,0.3804347826086957
3189,0.4888,2,1,2,605269,341,107748,208,0.0031586942828559783,0.3788706739526412
3190,0.4889,3,8,3,605277,333,107751,205,0.0030845900181555447,0.38104089219330856
3191,0.489,0,1,0,605278,332,107751,205,0.0030753269850679905,0.3817504655493482
3192,0.4891,3,8,3,605286,324,107754,202,0.0030012227203675573,0.3840304182509506
3193,0.4892,6,6,6,605292,318,107760,196,0.002945644521842232,0.38132295719844356
3194,0.4894,0,7,0,605299,311,107760,196,0.0028808032902293526,0.3865877712031558
3195,0.4895,2,1,2,605300,310,107762,194,0.0028715402571417984,0.38492063492063494
3196,0.4896,1,0,1,605300,310,107763,193,0.0028715402571417984,0.3836978131212724
3197,0.4897,0,3,0,605303,307,107763,193,0.002843751157879136,0.386
3198,0.4898,1,3,1,605306,304,107764,192,0.002815962058616473,0.3870967741935484
3199,0.4899,0,1,0,605307,303,107764,192,0.002806699025528919,0.3878787878787879
3200,0.49,1,0,1,605307,303,107765,191,0.002806699025528919,0.3866396761133603
3201,0.4901,1,2,1,605309,301,107766,190,0.002788172959353811,0.3869653767820774
3202,0.4902,0,2,0,605311,299,107766,190,0.0027696468931787026,0.3885480572597137
3203,0.4903,2,3,2,605314,296,107768,188,0.00274185779391604,0.3884297520661157
3204,0.4904,0,4,0,605318,292,107768,188,0.002704805661565823,0.39166666666666666
3205,0.4905,3,0,3,605318,292,107771,185,0.002704805661565823,0.38784067085953877
3206,0.4906,1,1,1,605319,291,107772,184,0.002695542628478269,0.3873684210526316
3207,0.4907,1,0,1,605319,291,107773,183,0.002695542628478269,0.3860759493670886
3208,0.4908,0,1,0,605320,290,107773,183,0.0026862795953907148,0.386892177589852
3209,0.4909,2,2,2,605322,288,107775,181,0.0026677535292156064,0.3859275053304904
3210,0.491,2,8,2,605330,280,107777,179,0.0025936492645151727,0.3899782135076253
3211,0.4911,3,5,3,605335,275,107780,176,0.0025473340990774017,0.3902439024390244
3212,0.4912,0,1,0,605336,274,107780,176,0.0025380710659898475,0.39111111111111113
3213,0.4913,2,4,2,605340,270,107782,174,0.002501018933639631,0.3918918918918919
3214,0.4914,2,3,2,605343,267,107784,172,0.0024732298343769685,0.3917995444191344
3215,0.4915,3,5,3,605348,262,107787,169,0.0024269146689391975,0.39211136890951276
3216,0.4916,1,0,1,605348,262,107788,168,0.0024269146689391975,0.39069767441860465
3217,0.492,2,2,2,605350,260,107790,166,0.002408388602764089,0.38967136150234744
3218,0.4921,1,2,1,605352,258,107791,165,0.0023898625365889807,0.3900709219858156
3219,0.4923,2,2,2,605354,256,107793,163,0.0023713364704138723,0.38902147971360385
3220,0.4925,0,1,0,605355,255,107793,163,0.002362073437326318,0.38995215311004783
3221,0.4926,1,1,1,605356,254,107794,162,0.002352810404238764,0.3894230769230769
3222,0.4927,3,7,3,605363,247,107797,159,0.0022879691726258844,0.3916256157635468
3223,0.493,1,4,1,605367,243,107798,158,0.002250917040275668,0.3940149625935162
3224,0.4931,2,2,2,605369,241,107800,156,0.0022323909741005597,0.3929471032745592
3225,0.4932,0,2,0,605371,239,107800,156,0.0022138649079254513,0.3949367088607595
3226,0.4933,1,1,1,605372,238,107801,155,0.002204601874837897,0.3944020356234097
3227,0.4934,1,2,1,605374,236,107802,154,0.0021860758086627886,0.39487179487179486
3228,0.4935,1,2,1,605376,234,107803,153,0.0021675497424876802,0.3953488372093023
3229,0.4936,1,0,1,605376,234,107804,152,0.0021675497424876802,0.39378238341968913
3230,0.4937,2,1,2,605377,233,107806,150,0.002158286709400126,0.391644908616188
3231,0.4938,1,0,1,605377,233,107807,149,0.002158286709400126,0.3900523560209424
3232,0.4939,7,6,7,605383,227,107814,142,0.002102708510874801,0.38482384823848237
3233,0.494,0,2,0,605385,225,107814,142,0.0020841824446996924,0.3869209809264305
3234,0.4941,2,4,2,605389,221,107816,140,0.0020471303123494756,0.3878116343490305
3235,0.4942,6,2,6,605391,219,107822,134,0.002028604246174367,0.37960339943342775
3236,0.4943,0,4,0,605395,215,107822,134,0.001991552113824151,0.3839541547277937
3237,0.4944,4,2,4,605397,213,107826,130,0.0019730260476490424,0.37900874635568516
3238,0.4945,4,2,4,605399,211,107830,126,0.001954499981473934,0.37388724035608306
3239,0.4946,0,1,0,605400,210,107830,126,0.0019452369483863796,0.375
3240,0.4947,2,1,2,605401,209,107832,124,0.0019359739152988254,0.37237237237237236
3241,0.495,0,1,0,605402,208,107832,124,0.0019267108822112714,0.37349397590361444
3242,0.4951,0,2,0,605404,206,107832,124,0.001908184816036163,0.37575757575757573
3243,0.4952,2,1,2,605405,205,107834,122,0.0018989217829486088,0.3730886850152905
3244,0.4953,3,4,3,605409,201,107837,119,0.001861869650598392,0.371875
3245,0.4954,2,4,2,605413,197,107839,117,0.0018248175182481751,0.37261146496815284
3246,0.4955,3,2,3,605415,195,107842,114,0.0018062914520730667,0.36893203883495146
3247,0.4956,1,4,1,605419,191,107843,113,0.0017692393197228501,0.3717105263157895
3248,0.4958,2,2,2,605421,189,107845,111,0.0017507132535477417,0.37
3249,0.4959,6,1,6,605422,188,107851,105,0.0017414502204601875,0.3583617747440273
3250,0.496,3,6,3,605428,182,107854,102,0.0016858720219348623,0.3591549295774648
3251,0.4961,0,1,0,605429,181,107854,102,0.001676608988847308,0.36042402826855124
3252,0.4962,1,5,1,605434,176,107855,101,0.0016302938234095373,0.36462093862815886
3253,0.4963,0,1,0,605435,175,107855,101,0.001621030790321983,0.36594202898550726
3254,0.4964,1,0,1,605435,175,107856,100,0.001621030790321983,0.36363636363636365
3255,0.4969,0,3,0,605438,172,107856,100,0.0015932416910593205,0.36764705882352944
3256,0.497,0,3,0,605441,169,107856,100,0.0015654525917966578,0.37174721189591076
3257,0.4971,2,3,2,605444,166,107858,98,0.0015376634925339952,0.3712121212121212
3258,0.4972,0,1,0,605445,165,107858,98,0.0015284004594464412,0.3726235741444867
3259,0.4973,1,1,1,605446,164,107859,97,0.001519137426358887,0.3716475095785441
3260,0.4974,2,5,2,605451,159,107861,95,0.001472822260921116,0.37401574803149606
3261,0.4976,1,1,1,605452,158,107862,94,0.0014635592278335618,0.373015873015873
3262,0.4977,1,1,1,605453,157,107863,93,0.0014542961947460076,0.372
3263,0.4978,0,2,0,605455,155,107863,93,0.0014357701285708992,0.375
3264,0.4979,1,4,1,605459,151,107864,92,0.0013987179962206824,0.3786008230452675
3265,0.498,2,2,2,605461,149,107866,90,0.0013801919300455742,0.37656903765690375
3266,0.4982,3,2,3,605463,147,107869,87,0.0013616658638704658,0.3717948717948718
3267,0.4983,0,1,0,605464,146,107869,87,0.0013524028307829116,0.37339055793991416
3268,0.4985,1,1,1,605465,145,107870,86,0.0013431397976953574,0.3722943722943723
3269,0.4988,0,2,0,605467,143,107870,86,0.001324613731520249,0.37554585152838427
3270,0.4989,0,1,0,605468,142,107870,86,0.0013153506984326948,0.37719298245614036
3271,0.499,0,2,0,605470,140,107870,86,0.0012968246322575864,0.3805309734513274
3272,0.4992,1,0,1,605470,140,107871,85,0.0012968246322575864,0.37777777777777777
3273,0.4994,2,0,2,605470,140,107873,83,0.0012968246322575864,0.3721973094170404
3274,0.4995,1,2,1,605472,138,107874,82,0.001278298566082478,0.37272727272727274
3275,0.4996,0,1,0,605473,137,107874,82,0.0012690355329949238,0.3744292237442922
3276,0.4997,0,2,0,605475,135,107874,82,0.0012505094668198156,0.3778801843317972
3277,0.4998,0,1,0,605476,134,107874,82,0.0012412464337322614,0.37962962962962965
3278,0.5006,1,0,1,605476,134,107875,81,0.0012412464337322614,0.3767441860465116
3279,0.5007,1,1,1,605477,133,107876,80,0.0012319834006447072,0.3755868544600939
3280,0.5008,2,0,2,605477,133,107878,78,0.0012319834006447072,0.3696682464454976
3281,0.5009,1,0,1,605477,133,107879,77,0.0012319834006447072,0.36666666666666664
3282,0.501,0,1,0,605478,132,107879,77,0.001222720367557153,0.3684210526315789
3283,0.5012,3,2,3,605480,130,107882,74,0.0012041943013820445,0.3627450980392157
3284,0.5014,1,0,1,605480,130,107883,73,0.0012041943013820445,0.35960591133004927
3285,0.5015,1,2,1,605482,128,107884,72,0.0011856682352069361,0.36
3286,0.5016,1,1,1,605483,127,107885,71,0.001176405202119382,0.35858585858585856
3287,0.5017,0,1,0,605484,126,107885,71,0.0011671421690318277,0.3604060913705584
3288,0.5019,2,1,2,605485,125,107887,69,0.0011578791359442735,0.3556701030927835
3289,0.5022,0,2,0,605487,123,107887,69,0.0011393530697691651,0.359375
3290,0.5023,3,1,3,605488,122,107890,66,0.0011300900366816111,0.35106382978723405
3291,0.5024,1,0,1,605488,122,107891,65,0.0011300900366816111,0.34759358288770054
3292,0.5025,1,1,1,605489,121,107892,64,0.001120827003594057,0.34594594594594597
3293,0.5027,0,1,0,605490,120,107892,64,0.0011115639705065027,0.34782608695652173
3294,0.5028,0,2,0,605492,118,107892,64,0.0010930379043313943,0.3516483516483517
3295,0.503,0,1,0,605493,117,107892,64,0.0010837748712438401,0.35359116022099446
3296,0.5032,2,0,2,605493,117,107894,62,0.0010837748712438401,0.3463687150837989
3297,0.5034,1,0,1,605493,117,107895,61,0.0010837748712438401,0.34269662921348315
3298,0.5038,2,1,2,605494,116,107897,59,0.001074511838156286,0.33714285714285713
3299,0.504,1,0,1,605494,116,107898,58,0.001074511838156286,0.3333333333333333
3300,0.5041,0,5,0,605499,111,107898,58,0.001028196672718515,0.3431952662721893
3301,0.5042,0,1,0,605500,110,107898,58,0.0010189336396309607,0.34523809523809523
3302,0.5043,2,1,2,605501,109,107900,56,0.0010096706065434065,0.3393939393939394
3303,0.5044,1,0,1,605501,109,107901,55,0.0010096706065434065,0.3353658536585366
3304,0.5045,0,4,0,605505,105,107901,55,0.0009726184741931898,0.34375
3305,0.5046,0,1,0,605506,104,107901,55,0.0009633554411056357,0.34591194968553457
3306,0.5047,0,1,0,605507,103,107901,55,0.0009540924080180815,0.34810126582278483
3307,0.5049,0,1,0,605508,102,107901,55,0.0009448293749305273,0.3503184713375796
3308,0.5051,0,2,0,605510,100,107901,55,0.0009263033087554189,0.3548387096774194
3309,0.5052,0,4,0,605514,96,107901,55,0.0008892511764052022,0.36423841059602646
3310,0.5054,1,0,1,605514,96,107902,54,0.0008892511764052022,0.36
3311,0.5055,1,0,1,605514,96,107903,53,0.0008892511764052022,0.35570469798657717
3312,0.5056,1,1,1,605515,95,107904,52,0.000879988143317648,0.35374149659863946
3313,0.5057,1,0,1,605515,95,107905,51,0.000879988143317648,0.3493150684931507
3314,0.5059,1,4,1,605519,91,107906,50,0.0008429360109674311,0.3546099290780142
3315,0.506,1,1,1,605520,90,107907,49,0.0008336729778798769,0.35251798561151076
3316,0.5063,0,2,0,605522,88,107907,49,0.0008151469117047686,0.35766423357664234
3317,0.5064,0,2,0,605524,86,107907,49,0.0007966208455296602,0.362962962962963
3318,0.5068,0,1,0,605525,85,107907,49,0.000787357812442106,0.3656716417910448
3319,0.5069,2,0,2,605525,85,107909,47,0.000787357812442106,0.3560606060606061
3320,0.5073,0,3,0,605528,82,107909,47,0.0007595687131794435,0.3643410852713178
3321,0.5074,0,3,0,605531,79,107909,47,0.0007317796139167809,0.373015873015873
3322,0.5075,1,3,1,605534,76,107910,46,0.0007039905146541183,0.3770491803278688
3323,0.508,2,0,2,605534,76,107912,44,0.0007039905146541183,0.36666666666666664
3324,0.5081,0,2,0,605536,74,107912,44,0.00068546444847901,0.3728813559322034
3325,0.5084,0,1,0,605537,73,107912,44,0.0006762014153914558,0.37606837606837606
3326,0.5086,1,0,1,605537,73,107913,43,0.0006762014153914558,0.3706896551724138
3327,0.5087,1,0,1,605537,73,107914,42,0.0006762014153914558,0.3652173913043478
3328,0.5089,0,1,0,605538,72,107914,42,0.0006669383823039016,0.3684210526315789
3329,0.509,0,1,0,605539,71,107914,42,0.0006576753492163474,0.37168141592920356
3330,0.5093,0,1,0,605540,70,107914,42,0.0006484123161287932,0.375
3331,0.5095,1,0,1,605540,70,107915,41,0.0006484123161287932,0.36936936936936937
3332,0.5096,0,1,0,605541,69,107915,41,0.000639149283041239,0.37272727272727274
3333,0.5101,0,2,0,605543,67,107915,41,0.0006206232168661307,0.37962962962962965
3334,0.5105,1,0,1,605543,67,107916,40,0.0006206232168661307,0.37383177570093457
3335,0.5109,0,1,0,605544,66,107916,40,0.0006113601837785765,0.37735849056603776
3336,0.511,0,1,0,605545,65,107916,40,0.0006020971506910223,0.38095238095238093
3337,0.5115,0,1,0,605546,64,107916,40,0.0005928341176034681,0.38461538461538464
3338,0.5116,0,1,0,605547,63,107916,40,0.0005835710845159139,0.3883495145631068
3339,0.5117,4,2,4,605549,61,107920,36,0.0005650450183408056,0.3711340206185567
3340,0.5118,0,1,0,605550,60,107920,36,0.0005557819852532514,0.375
3341,0.5143,0,6,0,605556,54,107920,36,0.0005002037867279261,0.4
3342,0.5145,0,1,0,605557,53,107920,36,0.000490940753640372,0.4044943820224719
3343,0.5149,1,1,1,605558,52,107921,35,0.00048167772055281784,0.40229885057471265
3344,0.5153,2,0,2,605558,52,107923,33,0.00048167772055281784,0.38823529411764707
3345,0.5158,0,1,0,605559,51,107923,33,0.00047241468746526364,0.39285714285714285
3346,0.5159,2,4,2,605563,47,107925,31,0.0004353625551150469,0.3974358974358974
3347,0.5162,3,3,3,605566,44,107928,28,0.0004075734558523843,0.3888888888888889
3348,0.5165,1,0,1,605566,44,107929,27,0.0004075734558523843,0.38028169014084506
3349,0.5166,1,0,1,605566,44,107930,26,0.0004075734558523843,0.37142857142857144
3350,0.5167,1,1,1,605567,43,107931,25,0.0003983104227648301,0.36764705882352944
3351,0.5181,1,0,1,605567,43,107932,24,0.0003983104227648301,0.3582089552238806
3352,0.5184,1,0,1,605567,43,107933,23,0.0003983104227648301,0.3484848484848485
3353,0.5193,0,1,0,605568,42,107933,23,0.0003890473896772759,0.35384615384615387
3354,0.5198,1,0,1,605568,42,107934,22,0.0003890473896772759,0.34375
3355,0.5202,0,1,0,605569,41,107934,22,0.00037978435658972176,0.3492063492063492
3356,0.5204,0,1,0,605570,40,107934,22,0.00037052132350216756,0.3548387096774194
3357,0.5205,1,0,1,605570,40,107935,21,0.00037052132350216756,0.3442622950819672
3358,0.5207,0,1,0,605571,39,107935,21,0.00036125829041461335,0.35
3359,0.5213,0,1,0,605572,38,107935,21,0.00035199525732705915,0.3559322033898305
3360,0.5217,0,2,0,605574,36,107935,21,0.0003334691911519508,0.3684210526315789
3361,0.5218,0,1,0,605575,35,107935,21,0.0003242061580643966,0.375
3362,0.522,2,1,2,605576,34,107937,19,0.00031494312497684244,0.3584905660377358
3363,0.5231,0,1,0,605577,33,107937,19,0.00030568009188928824,0.36538461538461536
3364,0.5234,0,2,0,605579,31,107937,19,0.00028715402571417983,0.38
3365,0.5244,0,1,0,605580,30,107937,19,0.0002778909926266257,0.3877551020408163
3366,0.5256,1,0,1,605580,30,107938,18,0.0002778909926266257,0.375
3367,0.5259,0,1,0,605581,29,107938,18,0.0002686279595390715,0.3829787234042553
3368,0.5261,1,0,1,605581,29,107939,17,0.0002686279595390715,0.3695652173913043
3369,0.5274,0,1,0,605582,28,107939,17,0.0002593649264515173,0.37777777777777777
3370,0.5286,1,1,1,605583,27,107940,16,0.00025010189336396307,0.37209302325581395
3371,0.53,1,3,1,605586,24,107941,15,0.00022231279410130054,0.38461538461538464
3372,0.5308,0,1,0,605587,23,107941,15,0.00021304976101374634,0.39473684210526316
3373,0.5352,1,1,1,605588,22,107942,14,0.00020378672792619216,0.3888888888888889
3374,0.5354,1,2,1,605590,20,107943,13,0.00018526066175108378,0.3939393939393939
3375,0.5375,0,1,0,605591,19,107943,13,0.00017599762866352957,0.40625
3376,0.5394,0,1,0,605592,18,107943,13,0.0001667345955759754,0.41935483870967744
3377,0.5415,0,1,0,605593,17,107943,13,0.00015747156248842122,0.43333333333333335
3378,0.5433,1,1,1,605594,16,107944,12,0.00014820852940086702,0.42857142857142855
3379,0.5437,1,0,1,605594,16,107945,11,0.00014820852940086702,0.4074074074074074
3380,0.5438,1,1,1,605595,15,107946,10,0.00013894549631331284,0.4
3381,0.5448,0,1,0,605596,14,107946,10,0.00012968246322575864,0.4166666666666667
3382,0.5484,0,1,0,605597,13,107946,10,0.00012041943013820446,0.43478260869565216
3383,0.5496,1,0,1,605597,13,107947,9,0.00012041943013820446,0.4090909090909091
3384,0.5524,0,1,0,605598,12,107947,9,0.00011115639705065027,0.42857142857142855
3385,0.5529,1,0,1,605598,12,107948,8,0.00011115639705065027,0.4
3386,0.5535,0,3,0,605601,9,107948,8,8.33672977879877e-05,0.47058823529411764
3387,0.5542,0,1,0,605602,8,107948,8,7.410426470043351e-05,0.5
3388,0.5553,0,1,0,605603,7,107948,8,6.484123161287932e-05,0.5333333333333333
3389,0.5557,0,1,0,605604,6,107948,8,5.5578198525325135e-05,0.5714285714285714
3390,0.5568,0,1,0,605605,5,107948,8,4.6315165437770945e-05,0.6153846153846154
3391,0.5599,1,0,1,605605,5,107949,7,4.6315165437770945e-05,0.5833333333333334
3392,0.5603,1,0,1,605605,5,107950,6,4.6315165437770945e-05,0.5454545454545454
3393,0.5657,1,0,1,605605,5,107951,5,4.6315165437770945e-05,0.5
3394,0.5669,1,0,1,605605,5,107952,4,4.6315165437770945e-05,0.4444444444444444
3395,0.585,1,0,1,605605,5,107953,3,4.6315165437770945e-05,0.375
3396,0.5915,1,3,1,605608,2,107954,2,1.8526066175108377e-05,0.5
3397,0.5931,2,0,2,605608,2,107956,0,1.8526066175108377e-05,0.0
3398,0.6114,0,1,0,605609,1,107956,0,9.263033087554189e-06,0.0
3399,0.6268,0,1,0,605610,0,107956,0,0.0,
