,y_proba,y_test,Neg,Pos,TN,FP,FN,TP,FP/P,Prec
0,0.0564,0,1,0,1,605609,0,107956,5.609776205120605,0.1512910526721462
1,0.0686,0,1,0,2,605608,0,107956,5.609766942087517,0.15129126469384666
2,0.0709,0,2,0,4,605606,0,107956,5.609748416021342,0.15129168873903037
3,0.0714,0,4,0,8,605602,0,107956,5.609711363888992,0.15129253683652905
4,0.0734,0,1,0,9,605601,0,107956,5.6097021008559045,0.15129274886238941
5,0.0742,0,1,0,10,605600,0,107956,5.609692837822816,0.15129296088884403
6,0.0746,0,1,0,11,605599,0,107956,5.609683574789729,0.15129317291589295
7,0.0748,0,3,0,14,605596,0,107956,5.6096557856904665,0.15129380900060543
8,0.0749,0,1,0,15,605595,0,107956,5.609646522657379,0.15129402103003148
9,0.0751,0,3,0,18,605592,0,107956,5.609618733558117,0.15129465712187548
10,0.0753,0,4,0,22,605588,0,107956,5.609581681425766,0.15129550525265437
11,0.0787,0,2,0,24,605586,0,107956,5.609563155359591,0.15129592932160965
12,0.0793,0,1,0,25,605585,0,107956,5.609553892326503,0.15129614135697877
13,0.0806,0,1,0,26,605584,0,107956,5.609544629293416,0.15129635339294223
14,0.0827,0,3,0,29,605581,0,107956,5.6095168401941535,0.15129698950439852
15,0.0829,1,2,1,31,605579,1,107955,5.609498314127978,0.15129622414629157
16,0.0843,0,4,0,35,605575,1,107955,5.6094612619956274,0.15129707230249603
17,0.0845,0,1,0,36,605574,1,107955,5.60945199896254,0.15129728434303302
18,0.0854,0,1,0,37,605573,1,107955,5.609442735929453,0.15129749638416432
19,0.0859,0,3,0,40,605570,1,107955,5.60941494683019,0.15129813251112434
20,0.0865,0,4,0,44,605566,1,107955,5.60937789469784,0.15129898068872535
21,0.0867,0,3,0,47,605563,1,107955,5.609350105598577,0.15129961682816692
22,0.0879,0,1,0,48,605562,1,107955,5.60934084256549,0.15129982887583618
23,0.0883,3,20,3,68,605542,4,107952,5.609155581903739,0.15130050147583582
24,0.0884,0,4,0,72,605538,4,107952,5.609118529771388,0.1513013497035698
25,0.0885,0,1,0,73,605537,4,107952,5.609109266738301,0.15130156176198933
26,0.0886,0,3,0,76,605534,4,107952,5.609081477639038,0.15130219794081454
27,0.0889,0,1,0,77,605533,4,107952,5.60907221460595,0.15130241000161182
28,0.0893,0,2,0,79,605531,4,107952,5.609053688539776,0.15130283412498965
29,0.0898,0,3,0,82,605528,4,107952,5.609025899440513,0.15130347031451477
30,0.0905,0,1,0,83,605527,4,107952,5.609016636407425,0.1513036823788787
31,0.0906,0,2,0,85,605525,4,107952,5.6089981103412505,0.15130410650938994
32,0.0907,0,1,0,86,605524,4,107952,5.608988847308162,0.15130431857553722
33,0.0913,0,4,0,90,605520,4,107952,5.6089517951758125,0.15130516684607104
34,0.0918,0,1,0,91,605519,4,107952,5.608942532142724,0.15130537891519066
35,0.0919,1,20,1,111,605499,5,107951,5.6087572714809735,0.151308430864111
36,0.0923,0,1,0,112,605498,5,107951,5.608748008447886,0.151308642944345
37,0.0924,0,2,0,114,605496,5,107951,5.608729482381711,0.15130906710659656
38,0.0928,0,3,0,117,605493,5,107951,5.608701693282448,0.15130970335443286
39,0.093,0,5,0,122,605488,5,107951,5.60865537811701,0.15131076377938407
40,0.0932,1,2,1,124,605486,6,107950,5.608636852050836,0.15130999837406578
41,0.0933,0,3,0,127,605483,6,107950,5.608609062951573,0.15131063463562802
42,0.0934,0,18,0,145,605465,6,107950,5.608442328355997,0.1513144523173749
43,0.0936,0,1,0,146,605464,6,107950,5.6084330653229095,0.15131466441645383
44,0.0937,0,1,0,147,605463,6,107950,5.608423802289821,0.1513148765161274
45,0.094,0,5,0,152,605458,6,107950,5.608377487124384,0.15131593702341437
46,0.0941,0,3,0,155,605455,6,107950,5.608349698025122,0.15131657333492196
47,0.0944,0,1,0,156,605454,6,107950,5.608340434992034,0.15131678543994706
48,0.0945,0,9,0,165,605445,6,107950,5.608257067694246,0.1513186944119317
49,0.0947,0,3,0,168,605442,6,107950,5.608229278594983,0.15131933074663018
50,0.0951,0,7,0,175,605435,6,107950,5.60816443736337,0.15132081554840654
51,0.0952,0,3,0,178,605432,6,107950,5.608136648264107,0.15132145190094506
52,0.0955,0,1,0,179,605431,6,107950,5.60812738523102,0.15132166401964728
53,0.0957,0,1,0,180,605430,6,107950,5.608118122197933,0.15132187613894418
54,0.096,0,2,0,182,605428,6,107950,5.6080995961317575,0.15132230037932204
55,0.0962,1,26,1,208,605402,7,107949,5.607858757271481,0.15132662602281347
56,0.0964,0,2,0,210,605400,7,107949,5.607840231205306,0.15132705029375523
57,0.0965,0,1,0,211,605399,7,107949,5.607830968172219,0.15132726243011826
58,0.0966,0,2,0,213,605397,7,107949,5.607812442106043,0.15132768670462862
59,0.0967,0,1,0,214,605396,7,107949,5.607803179072955,0.15132789884277595
60,0.0968,0,2,0,216,605394,7,107949,5.607784653006781,0.1513283231208549
61,0.097,0,2,0,218,605392,7,107949,5.607766126940605,0.15132874740131297
62,0.0971,0,2,0,220,605390,7,107949,5.60774760087443,0.15132917168415017
63,0.0973,0,1,0,221,605389,7,107949,5.607738337841343,0.15132938382646094
64,0.0974,0,3,0,224,605386,7,107949,5.60771054874208,0.15133002025696202
65,0.0976,0,15,0,239,605371,7,107949,5.607571603245767,0.15133320248976617
66,0.0979,0,1,0,240,605370,7,107949,5.607562340212679,0.15133341464337835
67,0.098,2,14,2,254,605356,9,107947,5.607432657749453,0.15133400532452548
68,0.0981,0,7,0,261,605349,9,107947,5.607367816517841,0.15133549045557523
69,0.0982,0,1,0,262,605348,9,107947,5.607358553484753,0.1513357026195333
70,0.0983,0,2,0,264,605346,9,107947,5.607340027418578,0.15133612694923404
71,0.0986,0,1,0,265,605345,9,107947,5.60733076438549,0.15133633911497676
72,0.0987,0,3,0,268,605342,9,107947,5.607302975286228,0.15133697561577425
73,0.0988,0,8,0,276,605334,9,107947,5.607228871021527,0.15133867297741002
74,0.0991,1,1,1,277,605333,10,107946,5.60721960798844,0.1513376953478232
75,0.0992,0,1,0,278,605332,10,107946,5.6072103449553525,0.15133790751992912
76,0.0993,0,1,0,279,605331,10,107946,5.607201081922264,0.15133811969262992
77,0.0994,0,12,0,291,605319,10,107946,5.607089925525214,0.15134066581144456
78,0.0995,0,6,0,297,605313,10,107946,5.607034347326689,0.15134193890297915
79,0.0996,0,2,0,299,605311,10,107946,5.6070158212605135,0.15134236327158374
80,0.0997,0,4,0,303,605307,10,107946,5.606978769128164,0.15134321201593265
81,0.1001,0,33,0,336,605274,10,107946,5.606673089036274,0.15135021452006395
82,0.1002,0,1,0,337,605273,10,107946,5.606663826003187,0.1513504267272745
83,0.1007,0,2,0,339,605271,10,107946,5.6066452999370116,0.15135085114348087
84,0.1011,0,30,0,369,605241,10,107946,5.606367408944385,0.1513572176722234
85,0.1013,0,1,0,370,605240,10,107946,5.606358145911297,0.1513574298990726
86,0.1014,0,2,0,372,605238,10,107946,5.606339619845122,0.15135785435455648
87,0.1016,0,24,0,396,605214,10,107946,5.60611730705102,0.15136294800605754
88,0.1017,0,6,0,402,605208,10,107946,5.606061728852495,0.15136422147250103
89,0.1018,0,5,0,407,605203,10,107946,5.606015413687057,0.15136528271090613
90,0.1019,0,1,0,408,605202,10,107946,5.60600615065397,0.15136549496037288
91,0.102,0,2,0,410,605200,10,107946,5.605987624587795,0.15136591946109212
92,0.1021,0,4,0,414,605196,10,107946,5.605950572455445,0.15136676846967365
93,0.1023,0,38,0,452,605158,10,107946,5.605598577198117,0.1513748345262402
94,0.1024,0,1,0,453,605157,10,107946,5.60558931416503,0.15137504680249558
95,0.1026,0,2,0,455,605155,10,107946,5.605570788098855,0.15137547135679238
96,0.1027,0,2,0,457,605153,10,107946,5.60555226203268,0.15137589591347064
97,0.1029,0,1,0,458,605152,10,107946,5.605542998999592,0.15137610819270284
98,0.103,0,2,0,460,605150,10,107946,5.605524472933418,0.15137653275295332
99,0.1031,0,1,0,461,605149,10,107946,5.60551520990033,0.15137674503397164
100,0.1032,0,9,0,470,605140,10,107946,5.605431842602542,0.15137865558992886
101,0.1033,0,1,0,471,605139,10,107946,5.6054225795694546,0.15137886787690108
102,0.1034,0,10,0,481,605129,10,107946,5.605329949238579,0.15138099077937103
103,0.1035,1,33,1,514,605096,11,107945,5.605024269146689,0.15138680664926701
104,0.1037,0,31,0,545,605065,11,107945,5.604737115120975,0.15139338859202536
105,0.1039,0,3,0,548,605062,11,107945,5.6047093260217125,0.15139402558460155
106,0.1042,0,1,0,549,605061,11,107945,5.604700062988625,0.15139423791665146
107,0.1043,0,14,0,563,605047,11,107945,5.6045703805253995,0.15139721062788924
108,0.1044,0,5,0,568,605042,11,107945,5.6045240653599615,0.15139827233876635
109,0.1045,0,4,0,572,605038,11,107945,5.604487013227612,0.15139912171818964
110,0.1046,0,3,0,575,605035,11,107945,5.604459224128348,0.15139975875901146
111,0.1047,1,60,1,635,604975,12,107944,5.603903442143095,0.15141131040132189
112,0.1048,0,30,0,665,604945,12,107944,5.6036255511504685,0.15141768213564805
113,0.1049,0,13,0,678,604932,12,107944,5.603505131720331,0.15142044338706873
114,0.105,0,9,0,687,604923,12,107944,5.603421764422542,0.1514223550816632
115,0.1051,0,9,0,696,604914,12,107944,5.603338397124754,0.15142426682452886
116,0.1052,1,6,1,702,604908,13,107943,5.603282818926229,0.1514243509513208
117,0.1053,1,1,1,703,604907,14,107942,5.603273555893142,0.1514233729723967
118,0.1054,0,1,0,704,604906,14,107942,5.603264292860054,0.1514235853926784
119,0.1055,0,20,0,724,604886,14,107942,5.603079032198303,0.151427833923471
120,0.1056,0,6,0,730,604880,14,107942,5.603023453999778,0.15142910852919803
121,0.1057,0,13,0,743,604867,14,107942,5.602903034569639,0.15143187024855187
122,0.1059,0,1,0,744,604866,14,107942,5.602893771536552,0.1514320826926746
123,0.106,0,6,0,750,604860,14,107942,5.602838193338027,0.15143335736992883
124,0.1061,0,14,0,764,604846,14,107942,5.602708510874801,0.1514363317003092
125,0.1063,0,1,0,765,604845,14,107942,5.602699247841714,0.15143654415695013
126,0.1064,0,2,0,767,604843,14,107942,5.602680721775538,0.1514369690720203
127,0.1065,1,22,1,789,604821,15,107941,5.602476935047612,0.1514404527738572
128,0.1066,0,3,0,792,604818,15,107941,5.602449145948349,0.15144109018616392
129,0.1067,0,2,0,794,604816,15,107941,5.602430619882174,0.15144151513068269
130,0.1069,0,3,0,797,604813,15,107941,5.6024028307829115,0.15144215255193236
131,0.107,0,7,0,804,604806,15,107941,5.602337989551299,0.151443639889049
132,0.1071,0,14,0,818,604792,15,107941,5.602208307088073,0.15144661465092818
133,0.1072,0,3,0,821,604789,15,107941,5.602180517988811,0.1514472521151067
134,0.1073,0,1,0,822,604788,15,107941,5.6021712549557225,0.15144746460435873
135,0.1074,0,1,0,823,604787,15,107941,5.602161991922635,0.15144767709420703
136,0.1075,0,19,0,842,604768,15,107941,5.601985994293972,0.15145171451461958
137,0.1076,2,24,2,866,604744,17,107939,5.60176368149987,0.1514544334577926
138,0.1077,0,2,0,868,604742,17,107939,5.6017451554336954,0.15145485848507256
139,0.1078,0,18,0,886,604724,17,107939,5.601578420838119,0.15145868383794303
140,0.1079,1,41,1,927,604683,18,107938,5.60119863648153,0.151466207142366
141,0.108,0,6,0,933,604677,18,107938,5.601143058283005,0.15146748244143052
142,0.1081,0,1,0,934,604676,18,107938,5.6011337952499165,0.15146769499336246
143,0.1082,0,1,0,935,604675,18,107938,5.601124532216829,0.15146790754589096
144,0.1083,0,8,0,943,604667,18,107938,5.601050427952129,0.15146960798759482
145,0.1084,0,13,0,956,604654,18,107938,5.60093000852199,0.15147237128679525
146,0.1085,0,17,0,973,604637,18,107938,5.600772536959502,0.15147598498403678
147,0.1086,2,100,2,1073,604537,20,107936,5.599846233650746,0.15149486366500906
148,0.1087,0,26,0,1099,604511,20,107936,5.59960539479047,0.1515003923098841
149,0.1088,0,32,0,1131,604479,20,107936,5.599308977731669,0.1515071973498593
150,0.1089,1,55,1,1186,604424,21,107935,5.598799510911853,0.1515177038543768
151,0.109,0,28,0,1214,604396,21,107935,5.598540145985401,0.15152365964698994
152,0.1092,1,15,1,1229,604381,22,107934,5.598401200489088,0.15152565929399212
153,0.1093,0,8,0,1237,604373,22,107934,5.598327096224388,0.15152736109570733
154,0.1094,0,30,0,1267,604343,22,107934,5.598049205231761,0.15153374319260624
155,0.1095,1,9,1,1276,604334,23,107933,5.597965837933973,0.15153446670981527
156,0.1096,0,21,0,1297,604313,23,107933,5.597771314239134,0.15153893458159118
157,0.1097,0,4,0,1301,604309,23,107933,5.597734262106784,0.1515397856346579
158,0.1099,1,33,1,1334,604276,24,107932,5.597428582014895,0.15154561588749355
159,0.11,2,65,2,1399,604211,26,107930,5.596826484864204,0.15155706524410195
160,0.1101,1,5,1,1404,604206,27,107929,5.596780169698766,0.15155693794013775
161,0.1102,0,1,0,1405,604205,27,107929,5.596770906665679,0.1515571507609523
162,0.1103,0,1,0,1406,604204,27,107929,5.596761643632591,0.15155736358236452
163,0.1104,0,38,0,1444,604166,27,107929,5.596409648375264,0.15156545123894985
164,0.1105,2,51,2,1495,604115,29,107927,5.595937233687799,0.15157392401010053
165,0.1106,1,10,1,1505,604105,30,107926,5.595844603356923,0.15157486120688565
166,0.1107,0,2,0,1507,604103,30,107926,5.595826077290748,0.15157528696162656
167,0.1108,1,26,1,1533,604077,31,107925,5.595585238430472,0.15157963039429664
168,0.1109,0,6,0,1539,604071,31,107925,5.595529660231946,0.15158090775790875
169,0.111,0,1,0,1540,604070,31,107925,5.595520397198859,0.15158112065393717
170,0.1111,1,31,1,1571,604039,32,107924,5.595233243173144,0.1515865290752469
171,0.1112,0,7,0,1578,604032,32,107924,5.595168401941532,0.15158801948435016
172,0.1113,0,7,0,1585,604025,32,107924,5.595103560709918,0.15158950992276132
173,0.1114,0,2,0,1587,604023,32,107924,5.595085034643744,0.15158993576769056
174,0.1115,0,29,0,1616,603994,32,107924,5.594816406684204,0.1515961107880402
175,0.1116,0,56,0,1672,603938,32,107924,5.594297676831301,0.1516080363890754
176,0.1117,0,20,0,1692,603918,32,107924,5.59411241616955,0.15161229598703083
177,0.1118,0,19,0,1711,603899,32,107924,5.593936418540887,0.15161634282679823
178,0.1119,2,22,2,1733,603877,34,107922,5.593732631812961,0.1516186451512295
179,0.112,2,31,2,1764,603846,36,107920,5.593445477787247,0.15162286481793175
180,0.1121,0,29,0,1793,603817,36,107920,5.5931768498277075,0.15162904275034178
181,0.1122,2,67,2,1860,603750,38,107918,5.592556226610841,0.15164093369380105
182,0.1123,0,25,0,1885,603725,38,107918,5.592324650783652,0.15164626083584043
183,0.1124,1,11,1,1896,603714,39,107917,5.592222757419689,0.15164741277431704
184,0.1125,0,29,0,1925,603685,39,107917,5.5919541294601505,0.1516535928791656
185,0.1126,0,34,0,1959,603651,39,107917,5.591639186335174,0.15166083916083917
186,0.1127,0,73,0,2032,603578,39,107917,5.590962984919782,0.15167639969360291
187,0.1128,2,35,2,2067,603543,41,107915,5.5906387787617176,0.1516814766296816
188,0.1129,1,18,1,2085,603525,42,107914,5.590472044166142,0.15168412189941793
189,0.113,0,27,0,2112,603498,42,107914,5.590221942272778,0.15168987872006656
190,0.1131,1,33,1,2145,603465,43,107913,5.589916262180888,0.1516957229489807
191,0.1133,0,31,0,2176,603434,43,107913,5.589629108155174,0.1517023337414792
192,0.1135,0,28,0,2204,603406,43,107913,5.589369743228723,0.1517083052751297
193,0.1136,0,3,0,2207,603403,43,107913,5.58934195412946,0.15170894511019012
194,0.1137,0,71,0,2278,603332,43,107913,5.588684278780244,0.15172408944878346
195,0.1138,1,17,1,2295,603315,44,107912,5.588526807217756,0.151726523318153
196,0.1139,1,47,1,2342,603268,45,107911,5.58809144466264,0.15173535776506336
197,0.114,0,20,0,2362,603248,45,107911,5.5879061840008895,0.15173962503462657
198,0.1141,0,8,0,2370,603240,45,107911,5.587832079736189,0.1517413320096576
199,0.1142,2,52,2,2422,603188,47,107909,5.587350402015636,0.15175004253990665
200,0.1143,0,2,0,2424,603186,47,107909,5.587331875949461,0.15175046934657113
201,0.1144,0,7,0,2431,603179,47,107909,5.587267034717848,0.15175196318880363
202,0.1145,0,8,0,2439,603171,47,107909,5.587192930453147,0.1517536704730832
203,0.1146,1,24,1,2463,603147,48,107908,5.586970617659047,0.15175759962309526
204,0.1147,0,44,0,2507,603103,48,107908,5.586563044203194,0.1517669909466942
205,0.1148,1,47,1,2554,603056,49,107907,5.586127681648079,0.15177583080976084
206,0.1149,2,13,2,2567,603043,51,107905,5.586007262217941,0.15177621992044424
207,0.115,0,21,0,2588,603022,51,107905,5.585812738523102,0.15178070322269374
208,0.1151,0,2,0,2590,603020,51,107905,5.585794212456927,0.15178113021767417
209,0.1152,1,9,1,2599,603011,52,107904,5.585710845159139,0.15178185859068946
210,0.1153,0,35,0,2634,602976,52,107904,5.585386639001075,0.15178933153274815
211,0.1154,0,18,0,2652,602958,52,107904,5.585219904405498,0.15179317504663353
212,0.1155,1,23,1,2675,602935,53,107903,5.585006854644485,0.15179689324431164
213,0.1156,0,57,0,2732,602878,53,107903,5.584478861758495,0.15180906636502664
214,0.1157,0,2,0,2734,602876,53,107903,5.584460335692319,0.15180949352752401
215,0.1158,3,32,3,2766,602844,56,107900,5.584163918633517,0.15181274833132605
216,0.1159,0,3,0,2769,602841,56,107900,5.584136129534254,0.15181338912487108
217,0.1161,0,2,0,2771,602839,56,107900,5.58411760346808,0.15181381632357308
218,0.1162,0,15,0,2786,602824,56,107900,5.583978657971766,0.15181702039047507
219,0.1163,1,21,1,2807,602803,57,107899,5.583784134276928,0.15182031287375017
220,0.1164,0,56,0,2863,602747,57,107899,5.583265404424025,0.1518322765483799
221,0.1165,0,2,0,2865,602745,57,107899,5.5832468783578495,0.1518327038573463
222,0.1166,0,2,0,2867,602743,57,107899,5.583228352291674,0.15183313116871786
223,0.1167,0,4,0,2871,602739,57,107899,5.583191300159324,0.15183398579867668
224,0.1168,1,30,1,2901,602709,58,107898,5.582913409166697,0.15183920225947675
225,0.1169,0,9,0,2910,602700,58,107898,5.58283004186891,0.15184112536201902
226,0.117,0,41,0,2951,602659,58,107898,5.58245025751232,0.15184988677896355
227,0.1171,0,3,0,2954,602656,58,107898,5.582422468413057,0.15185052789795006
228,0.1172,0,7,0,2961,602649,58,107898,5.582357627181445,0.15185202386330532
229,0.1173,1,31,1,2992,602618,59,107897,5.5820704731557305,0.15185745550762475
230,0.1174,0,2,0,2994,602616,59,107897,5.582051947089555,0.15185788296625113
231,0.1176,2,67,2,3061,602549,61,107895,5.581431323872689,0.15186981662171825
232,0.1177,0,14,0,3075,602535,61,107895,5.581301641409463,0.15187280942527764
233,0.1179,0,1,0,3076,602534,61,107895,5.581292378376376,0.15187302320147403
234,0.118,1,28,1,3104,602506,62,107894,5.581033013449924,0.15187781531531533
235,0.1181,0,9,0,3113,602497,62,107894,5.580949646152136,0.15187973946742006
236,0.1182,0,45,0,3158,602452,62,107894,5.580532809663196,0.15188936095930716
237,0.1183,0,4,0,3162,602448,62,107894,5.580495757530846,0.1518902162620259
238,0.1184,6,110,6,3272,602338,68,107888,5.579476823891215,0.15190657621658457
239,0.1185,0,12,0,3284,602326,68,107888,5.579365667494164,0.1519091428780621
240,0.1186,1,4,1,3288,602322,69,107887,5.579328615361814,0.1519088043097173
241,0.1187,0,57,0,3345,602265,69,107887,5.578800622475823,0.1519209971949667
242,0.1188,0,46,0,3391,602219,69,107887,5.578374522953796,0.15193083849453462
243,0.1189,0,5,0,3396,602214,69,107887,5.578328207788358,0.15193190827783654
244,0.119,0,37,0,3433,602177,69,107887,5.577985475564119,0.15193982514252236
245,0.1191,3,85,3,3518,602092,72,107884,5.577198117751677,0.15195443226249902
246,0.1192,2,8,2,3526,602084,74,107882,5.577124013486976,0.15195375553195506
247,0.1193,2,84,2,3610,602000,76,107880,5.576345918707622,0.1519693469318758
248,0.1194,0,36,0,3646,601964,76,107880,5.57601244951647,0.15197705411329812
249,0.1195,0,8,0,3654,601956,76,107880,5.575938345251769,0.151978766926445
250,0.1196,0,28,0,3682,601928,76,107880,5.575678980325318,0.1519847620765052
251,0.1197,0,5,0,3687,601923,76,107880,5.57563266515988,0.1519858326887883
252,0.1198,3,36,3,3723,601887,79,107877,5.575299195968728,0.15198995722521852
253,0.1199,2,38,2,3761,601849,81,107875,5.574947200711401,0.1519957053727928
254,0.12,3,12,3,3773,601837,84,107872,5.57483604431435,0.15199469078171476
255,0.1201,1,3,1,3776,601834,85,107871,5.574808255215087,0.1519941384096209
256,0.1203,1,41,1,3817,601793,86,107870,5.574428470858498,0.15200172476231677
257,0.1204,4,109,4,3926,601684,90,107866,5.573418800251955,0.15202029455288563
258,0.1205,2,54,2,3980,601630,92,107864,5.572918596465226,0.15202947452691637
259,0.1206,1,5,1,3985,601625,93,107863,5.572872281299789,0.15202935074307106
260,0.1207,0,5,0,3990,601620,93,107863,5.572825966134351,0.15203042215246876
261,0.1208,7,123,7,4113,601497,100,107856,5.571686613064582,0.15204841595087354
262,0.1209,0,11,0,4124,601486,100,107856,5.571584719700619,0.15205077381573345
263,0.121,2,18,2,4142,601468,102,107854,5.571417985105043,0.15205224143618837
264,0.1211,1,6,1,4148,601462,103,107853,5.571362406906517,0.1520523321796381
265,0.1212,0,18,0,4166,601444,103,107853,5.5711956723109415,0.15205619084812144
266,0.1213,2,18,2,4184,601426,105,107851,5.571028937715366,0.15205765871443738
267,0.1214,0,10,0,4194,601416,105,107851,5.57093630738449,0.1520598025849222
268,0.1215,1,30,1,4224,601386,106,107850,5.570658416391863,0.15206503899971235
269,0.1216,2,13,2,4237,601373,108,107848,5.5705379969617255,0.15206543517464938
270,0.1217,0,10,0,4247,601363,108,107848,5.5704453666308495,0.15206757932406575
271,0.1218,0,10,0,4257,601353,108,107848,5.570352736299974,0.15206972353394876
272,0.1219,3,15,3,4272,601338,111,107845,5.570213790803661,0.1520693530442777
273,0.122,0,4,0,4276,601334,111,107845,5.570176738671311,0.15207021076484217
274,0.1221,2,27,2,4303,601307,113,107843,5.5699266367779465,0.15207360925051117
275,0.1222,1,26,1,4329,601281,114,107842,5.56968579791767,0.15207798929099747
276,0.1224,0,59,0,4388,601222,114,107842,5.569139278965505,0.15209064343980233
277,0.1225,2,33,2,4421,601189,116,107840,5.568833598873615,0.15209533037435705
278,0.1226,3,34,3,4455,601155,119,107837,5.568518655748639,0.15209903637840766
279,0.1227,0,3,0,4458,601152,119,107837,5.568490866649376,0.152099679966826
280,0.1228,6,85,6,4543,601067,125,107831,5.567703508836933,0.15211074089643362
281,0.1229,0,4,0,4547,601063,125,107831,5.5676664567045835,0.1521115991953663
282,0.123,0,4,0,4551,601059,125,107831,5.567629404572233,0.1521124575039851
283,0.1231,2,16,2,4567,601043,127,107829,5.5674811960428325,0.15211349862880746
284,0.1232,1,3,1,4570,601040,128,107828,5.56745340694357,0.1521129462749059
285,0.1233,3,26,3,4596,601014,131,107825,5.567212568083293,0.15211493724244857
286,0.1234,3,47,3,4643,600967,134,107822,5.566777205528179,0.15212143529315494
287,0.1235,2,29,2,4672,600938,136,107820,5.566508577568639,0.1521252670163864
288,0.1236,0,14,0,4686,600924,136,107820,5.566378895105413,0.1521282719853713
289,0.1237,7,126,7,4812,600798,143,107813,5.565211752936381,0.15214694663221429
290,0.1238,0,23,0,4835,600775,143,107813,5.564998703175368,0.15215188515752454
291,0.1239,0,8,0,4843,600767,143,107813,5.564924598910667,0.1521536029806091
292,0.124,1,11,1,4854,600756,144,107812,5.564822705546704,0.15215476849081527
293,0.1241,0,30,0,4884,600726,144,107812,5.564544814554077,0.15216121083131745
294,0.1242,3,22,3,4906,600704,147,107809,5.564341027826152,0.15216234564503403
295,0.1243,0,39,0,4945,600665,147,107809,5.563979769535737,0.15217072186135272
296,0.1244,0,26,0,4971,600639,147,107809,5.56373893067546,0.15217630651790956
297,0.1245,4,41,4,5012,600598,151,107805,5.563359146318871,0.1521803267349235
298,0.1246,0,48,0,5060,600550,151,107805,5.562914520730668,0.1521906388745756
299,0.1247,1,38,1,5098,600512,152,107804,5.562562525473341,0.15219760671790558
300,0.1248,0,17,0,5115,600495,152,107804,5.562405053910853,0.15220125963752595
301,0.1249,5,96,5,5211,600399,157,107799,5.561515802734448,0.15221590572128132
302,0.125,0,9,0,5220,600390,157,107799,5.561432435436659,0.15221784015284057
303,0.1251,2,8,2,5228,600382,159,107797,5.5613583311719585,0.15221716543416283
304,0.1252,0,10,0,5238,600372,159,107797,5.5612657008410835,0.1522193148810524
305,0.1253,0,15,0,5253,600357,159,107797,5.5611267553447705,0.15222253916520984
306,0.1254,0,12,0,5265,600345,159,107797,5.561015598947719,0.15222511869088404
307,0.1255,1,81,1,5346,600264,160,107796,5.560265293267627,0.15224133548004407
308,0.1256,1,37,1,5383,600227,161,107795,5.559922561043388,0.1522480939857801
309,0.1257,1,51,1,5434,600176,162,107794,5.559450146355923,0.15225786403378674
310,0.1258,3,51,3,5485,600125,165,107791,5.558977731668458,0.15226524050876092
311,0.1259,1,6,1,5491,600119,166,107790,5.558922153469932,0.15226533353863278
312,0.126,2,17,2,5508,600102,168,107788,5.558764681907443,0.15226659509245788
313,0.1261,1,81,1,5589,600021,169,107787,5.5580143762273515,0.15228282246032823
314,0.1262,3,58,3,5647,599963,172,107784,5.557477120308274,0.15229170876033385
315,0.1263,0,11,0,5658,599952,172,107784,5.557375226944311,0.15229407575706194
316,0.1264,1,29,1,5687,599923,173,107783,5.557106598984771,0.1522991185605322
317,0.1265,1,36,1,5723,599887,174,107782,5.55677312979362,0.1523056683279895
318,0.1266,7,155,7,5878,599732,181,107775,5.555337359665049,0.15233064831867388
319,0.1267,0,34,0,5912,599698,181,107775,5.555022416540072,0.1523379690815056
320,0.1268,1,46,1,5958,599652,182,107774,5.554596317018045,0.1523466765428469
321,0.1269,1,46,1,6004,599606,183,107773,5.554170217496017,0.15235538516127847
322,0.127,1,6,1,6010,599600,184,107772,5.554114639297492,0.15235547915382572
323,0.1271,11,172,11,6182,599428,195,107761,5.552521397606432,0.15237934979192266
324,0.1272,1,5,1,6187,599423,196,107760,5.552475082440995,0.15237922857308503
325,0.1273,4,106,4,6293,599317,200,107756,5.551493200933714,0.15239727722597243
326,0.1274,3,36,3,6329,599281,203,107753,5.551159731742562,0.1524014403833479
327,0.1275,0,8,0,6337,599273,203,107753,5.551085627477861,0.15240316480582045
328,0.1276,0,16,0,6353,599257,203,107753,5.55093741894846,0.1524066137678392
329,0.1277,1,27,1,6380,599230,204,107752,5.550687317055097,0.15241123536384235
330,0.1278,2,112,2,6492,599118,206,107750,5.549649857349291,0.15243298607377898
331,0.1279,1,15,1,6507,599103,207,107749,5.549510911852977,0.15243502175844448
332,0.128,1,25,1,6532,599078,208,107748,5.549279336025788,0.15243921417718082
333,0.1281,1,22,1,6554,599056,209,107747,5.5490755492978625,0.152442759863781
334,0.1282,3,86,3,6640,598970,212,107744,5.548278928452333,0.15245771273810904
335,0.1283,0,32,0,6672,598938,212,107744,5.54798251139353,0.15246461633379654
336,0.1284,2,4,2,6676,598934,214,107742,5.5479454592611805,0.15246308067629297
337,0.1285,1,43,1,6719,598891,215,107741,5.547547148838416,0.15247115896251515
338,0.1286,0,8,0,6727,598883,215,107741,5.5474730445737155,0.15247288515533014
339,0.1287,3,67,3,6794,598816,218,107738,5.546852421356849,0.15248374504991832
340,0.1288,5,110,5,6904,598706,223,107733,5.545833487717218,0.15250148986678255
341,0.1289,1,40,1,6944,598666,224,107732,5.545462966393716,0.1525089255632094
342,0.129,7,117,7,7061,598549,231,107725,5.544379191522472,0.15252579027402963
343,0.1291,4,23,4,7084,598526,235,107721,5.544166141761458,0.1525259576323864
344,0.1292,1,47,1,7131,598479,236,107720,5.543730779206343,0.15253490871553202
345,0.1293,0,39,0,7170,598440,236,107720,5.543369520915928,0.1525433329557041
346,0.1294,2,21,2,7191,598419,238,107718,5.54317499722109,0.15254546922197817
347,0.1295,2,74,2,7265,598345,240,107716,5.542489532772611,0.1525590565121144
348,0.1296,1,37,1,7302,598308,241,107715,5.542146800548371,0.1525658512541376
349,0.1297,0,41,0,7343,598267,241,107715,5.541767016191782,0.15257471153655475
350,0.1298,2,81,2,7424,598186,243,107713,5.54101671051169,0.15258981809012337
351,0.1299,0,15,0,7439,598171,243,107713,5.540877765015376,0.1525930606161919
352,0.13,2,55,2,7494,598116,245,107711,5.5403682981955615,0.15260254991662262
353,0.1301,4,104,4,7598,598012,249,107707,5.539404942754455,0.15262023553283957
354,0.1302,1,51,1,7649,597961,250,107706,5.53893252806699,0.15263006488896322
355,0.1303,1,17,1,7666,597944,251,107705,5.538775056504502,0.15263254110754781
356,0.1304,2,51,2,7717,597893,253,107703,5.538302641817037,0.15264117143521222
357,0.1305,4,10,4,7727,597883,257,107699,5.538210011486161,0.15263853102828587
358,0.1306,0,15,0,7742,597868,257,107699,5.538071065989848,0.15264177604678222
359,0.1307,0,41,0,7783,597827,257,107699,5.537691281633258,0.1526506464680253
360,0.1308,5,151,5,7934,597676,262,107694,5.536292563637037,0.15267731828685654
361,0.1309,5,78,5,8012,597598,267,107689,5.535570047056208,0.15268819643634435
362,0.131,3,60,3,8072,597538,270,107686,5.535014265070955,0.1526975826120495
363,0.1311,0,13,0,8085,597525,270,107686,5.534893845640816,0.15270039746969347
364,0.1312,1,40,1,8125,597485,271,107685,5.534523324317314,0.15270785767970843
365,0.1313,1,46,1,8171,597439,272,107684,5.534097224795287,0.15271661823540006
366,0.1314,2,73,2,8244,597366,274,107682,5.533421023379896,0.15273002689178608
367,0.1315,4,27,4,8271,597339,278,107678,5.533170921486532,0.15273106889621102
368,0.1316,0,46,0,8317,597293,278,107678,5.532744821964504,0.15274103473759915
369,0.1317,7,101,7,8418,597192,285,107671,5.531809255622661,0.15275450690417855
370,0.1318,1,49,1,8467,597143,286,107670,5.531355367001371,0.15276392461546537
371,0.1319,0,18,0,8485,597125,286,107670,5.531188632405795,0.1527678261054633
372,0.132,0,20,0,8505,597105,286,107670,5.531003371744044,0.15277216132808344
373,0.1321,0,7,0,8512,597098,286,107670,5.530938530512431,0.15277367871413003
374,0.1322,1,23,1,8535,597075,287,107669,5.530725480751418,0.15277746245445153
375,0.1323,4,77,4,8612,596998,291,107665,5.530012227203676,0.1527893475320827
376,0.1324,2,57,2,8669,596941,293,107663,5.529484234317685,0.1527993028708324
377,0.1325,4,121,4,8790,596820,297,107659,5.528363407314091,0.15282073702693763
378,0.1326,3,107,3,8897,596713,300,107656,5.5273722627737225,0.15284034362670704
379,0.1327,1,28,1,8925,596685,301,107655,5.527112897847271,0.15284521679870516
380,0.1328,0,16,0,8941,596669,301,107655,5.52696468931787,0.1528486889556511
381,0.1329,1,60,1,9001,596609,302,107654,5.526408907332617,0.1528605080772382
382,0.133,6,126,6,9127,596483,308,107648,5.525241765163585,0.15288064294854226
383,0.1331,0,27,0,9154,596456,308,107648,5.524991663270221,0.15288650540261098
384,0.1332,2,55,2,9209,596401,310,107646,5.524482196450406,0.15289604245171132
385,0.1333,2,84,2,9293,596317,312,107644,5.5237041016710515,0.1529118800615375
386,0.1334,1,40,1,9333,596277,313,107643,5.523333580347549,0.15291936583702692
387,0.1335,1,32,1,9365,596245,314,107642,5.523037163288747,0.15292511440046486
388,0.1336,9,113,9,9478,596132,323,107633,5.521990440549853,0.1529388361171698
389,0.1337,2,14,2,9492,596118,325,107631,5.5218607580866275,0.15293947131718838
390,0.1338,2,13,2,9505,596105,327,107629,5.52174033865649,0.15293988921950624
391,0.1339,12,79,12,9584,596026,339,107617,5.521008559042573,0.15294261436552342
392,0.134,1,28,1,9612,595998,340,107616,5.520749194116122,0.15294749678090544
393,0.1341,1,3,1,9615,595995,341,107615,5.520721405016859,0.15294694504057646
394,0.1342,2,47,2,9662,595948,343,107613,5.520286042461744,0.15295475445625895
395,0.1343,3,186,3,9848,595762,346,107610,5.518563118307458,0.15299158908799326
396,0.1344,0,21,0,9869,595741,346,107610,5.51836859461262,0.15299615696856902
397,0.1345,3,30,3,9899,595711,349,107607,5.518090703619993,0.15299907012190786
398,0.1346,0,11,0,9910,595700,349,107607,5.51798881025603,0.15300146308795448
399,0.1347,1,28,1,9938,595672,350,107606,5.517729445329579,0.1530063502626273
400,0.1348,2,75,2,10013,595597,352,107604,5.517034717848012,0.1530202602100964
401,0.1349,2,36,2,10049,595561,354,107602,5.51670124865686,0.15302568536740416
402,0.135,3,74,3,10123,595487,357,107599,5.516015784208381,0.15303817740646236
403,0.1351,3,66,3,10189,595421,360,107596,5.515404424024602,0.15304893053795285
404,0.1352,3,29,3,10218,595392,363,107593,5.5151357960650635,0.1530516298356295
405,0.1353,3,92,3,10310,595300,366,107590,5.5142835970210085,0.15306804763191964
406,0.1354,3,75,3,10385,595225,369,107587,5.513588869539442,0.15308076697609033
407,0.1355,4,62,4,10447,595163,373,107583,5.5130145614880135,0.15308945194992216
408,0.1356,2,105,2,10552,595058,375,107581,5.512041943013821,0.15310991846453156
409,0.1357,0,25,0,10577,595033,375,107581,5.511810367186632,0.15311536633201162
410,0.1358,3,45,3,10622,594988,378,107578,5.511393530697692,0.15312155726294754
411,0.1359,1,32,1,10654,594956,379,107577,5.51109711363889,0.15312732640317253
412,0.136,1,32,1,10686,594924,380,107576,5.510800696580088,0.15313309608540926
413,0.1361,1,74,1,10760,594850,381,107575,5.510115232131609,0.1531480229205965
414,0.1362,2,32,2,10792,594818,383,107573,5.509818815072808,0.15315258880025512
415,0.1363,4,90,4,10882,594728,387,107569,5.508985142094928,0.15316739214321007
416,0.1364,2,58,2,10940,594670,389,107567,5.5084478861758495,0.1531776309137798
417,0.1365,2,17,2,10957,594653,391,107565,5.508290414613361,0.15317892734165173
418,0.1366,2,69,2,11026,594584,393,107563,5.50765126533032,0.15319156814741072
419,0.1367,1,9,1,11035,594575,394,107562,5.507567898032532,0.15319232571421246
420,0.1368,1,59,1,11094,594516,395,107561,5.507021379080366,0.15320399329418283
421,0.1369,1,76,1,11170,594440,396,107560,5.506317388565712,0.1532193732193732
422,0.137,4,35,4,11205,594405,400,107556,5.505993182407647,0.1532221875574284
423,0.1371,3,86,3,11291,594319,403,107553,5.505196561562118,0.15323734242141018
424,0.1372,0,11,0,11302,594308,403,107553,5.505094668198155,0.15323974405188492
425,0.1373,4,86,4,11388,594222,407,107549,5.504298047352625,0.15325369671873018
426,0.1374,5,81,5,11469,594141,412,107544,5.503547741672533,0.15326535411188782
427,0.1375,2,32,2,11501,594109,414,107542,5.503251324613731,0.1532699304925098
428,0.1376,1,89,1,11590,594020,415,107541,5.5024269146689395,0.1532881673867276
429,0.1377,1,45,1,11635,593975,416,107540,5.50201007818,0.15329679336863788
430,0.1378,5,33,5,11668,593942,421,107535,5.50170439808811,0.15329796985503444
431,0.1379,1,92,1,11760,593850,422,107534,5.500852199044055,0.1533168706443261
432,0.138,3,50,3,11810,593800,425,107531,5.500389047389677,0.1533241793104825
433,0.1381,4,70,4,11880,593730,429,107527,5.4997406350735485,0.15333465476993455
434,0.1382,3,29,3,11909,593701,432,107524,5.49947200711401,0.1533373738814218
435,0.1383,0,21,0,11930,593680,432,107524,5.499277483419171,0.15334196610401538
436,0.1384,1,58,1,11988,593622,433,107523,5.498740227500092,0.15335344329632244
437,0.1385,7,60,7,12048,593562,440,107516,5.498184445514839,0.1533581142183894
438,0.1386,7,116,7,12164,593446,447,107509,5.497109933676683,0.1533750383405497
439,0.1387,4,153,4,12317,593293,451,107505,5.4956926896142875,0.15340369122057998
440,0.1388,0,23,0,12340,593270,451,107505,5.495479639853274,0.15340872605329814
441,0.1389,3,123,3,12463,593147,454,107502,5.494340286783505,0.15343203230148048
442,0.139,9,209,9,12672,592938,463,107493,5.492404312868206,0.15346693678606457
443,0.1391,2,67,2,12739,592871,465,107491,5.4917836896513395,0.15347920075618038
444,0.1392,1,32,1,12771,592839,466,107490,5.491487272592538,0.15348500490483757
445,0.1393,3,53,3,12824,592786,469,107487,5.490996331838898,0.15349299487485596
446,0.1394,3,41,3,12865,592745,472,107484,5.490616547482308,0.153498355537974
447,0.1395,4,111,4,12976,592634,476,107480,5.489588350809589,0.15351785566350623
448,0.1396,3,28,3,13004,592606,479,107477,5.489328985883137,0.1535203682991874
449,0.1397,6,155,6,13159,592451,485,107471,5.487893215754567,0.15354710953506248
450,0.1398,1,35,1,13194,592416,486,107470,5.487569009596502,0.15355357872567818
451,0.1399,0,56,0,13250,592360,486,107470,5.487050279743599,0.15356586599602762
452,0.14,5,99,5,13349,592261,491,107465,5.486133239467931,0.15358154477609806
453,0.1401,2,78,2,13427,592183,493,107463,5.485410722887102,0.15359624724503534
454,0.1402,3,37,3,13464,592146,496,107460,5.485067990662863,0.15360074098849924
455,0.1403,5,77,5,13541,592069,501,107455,5.484354737115121,0.15361159874428898
456,0.1404,2,61,2,13602,592008,503,107453,5.483789692096781,0.1536225750971105
457,0.1405,9,165,9,13767,591843,512,107444,5.482261291637334,0.153647929962948
458,0.1406,5,109,5,13876,591734,517,107439,5.481251621030791,0.1536658309173838
459,0.1407,5,85,5,13961,591649,522,107434,5.480464263218348,0.15367846164189375
460,0.1408,8,234,8,14195,591415,530,107426,5.478296713475861,0.15372023106829738
461,0.1409,6,99,6,14294,591316,536,107420,5.4773796732001925,0.15373474388037828
462,0.141,3,115,3,14409,591201,539,107417,5.476314424395124,0.1537564162389174
463,0.1411,6,157,6,14566,591044,545,107411,5.474860128200378,0.15378370832766605
464,0.1412,5,55,5,14621,590989,550,107406,5.474350661380562,0.1537897608087114
465,0.1413,8,149,8,14770,590840,558,107398,5.472970469450517,0.15381288328621473
466,0.1414,5,128,5,14898,590712,563,107393,5.47178480121531,0.15383502481718367
467,0.1415,2,41,2,14939,590671,565,107391,5.4714050168587205,0.15384163584323454
468,0.1416,3,129,3,15068,590542,568,107388,5.470210085590426,0.1538664335964925
469,0.1417,2,86,2,15154,590456,570,107386,5.469413464744896,0.1538829706437847
470,0.1418,4,49,4,15203,590407,574,107382,5.468959576123606,0.15388892630866924
471,0.1419,1,44,1,15247,590363,575,107381,5.468552002667754,0.15389741796418172
472,0.142,1,21,1,15268,590342,576,107380,5.468357478972915,0.15390083729622972
473,0.1421,1,29,1,15297,590313,577,107379,5.468088851013376,0.15390602156825647
474,0.1422,3,69,3,15366,590244,580,107376,5.4674497017303345,0.15391760557323472
475,0.1423,2,58,2,15424,590186,582,107374,5.466912445811256,0.15392797752164689
476,0.1424,4,157,4,15581,590029,586,107370,5.46545814961651,0.15395777739859104
477,0.1425,2,78,2,15659,589951,588,107368,5.464735633035681,0.15397257209397708
478,0.1426,4,125,4,15784,589826,592,107364,5.463577753899737,0.15399532408669087
479,0.1427,4,51,4,15835,589775,596,107360,5.463105339212271,0.15400173567529962
480,0.1428,4,84,4,15919,589691,600,107356,5.462327244432917,0.15401543941800194
481,0.1429,3,102,3,16021,589589,603,107353,5.461382415057987,0.15403433858197668
482,0.143,4,167,4,16188,589422,607,107349,5.459835488532365,0.15406640058211377
483,0.1431,9,81,9,16269,589341,616,107340,5.459085182852273,0.15407338509303398
484,0.1432,10,148,10,16417,589193,626,107330,5.457714253955315,0.15409397823187462
485,0.1433,8,174,8,16591,589019,634,107322,5.4561024861980805,0.15412276456506224
486,0.1434,6,143,6,16734,588876,640,107316,5.45477787246656,0.15414713182570325
487,0.1435,6,123,6,16857,588753,646,107310,5.453638519396791,0.15416707970399232
488,0.1436,7,171,7,17028,588582,653,107303,5.4520545407388195,0.15419645487400935
489,0.1437,2,56,2,17084,588526,655,107301,5.451535810885916,0.1542064334956821
490,0.1438,3,128,3,17212,588398,658,107298,5.450350142650709,0.15423115843701846
491,0.1439,5,105,5,17317,588293,663,107293,5.4493775241765166,0.1542483603752807
492,0.144,8,110,8,17427,588183,671,107285,5.448358590536885,0.1542630286368316
493,0.1441,15,329,15,17756,587854,686,107270,5.44531105265108,0.15431779078265173
494,0.1442,7,179,7,17935,587675,693,107263,5.443652969728408,0.15434902106374956
495,0.1443,1,121,1,18056,587554,694,107262,5.442532142724814,0.15437468336941004
496,0.1444,4,159,4,18215,587395,698,107258,5.441059320463893,0.15440514904563862
497,0.1445,5,103,5,18318,587292,703,107253,5.440105228055875,0.1544219597002354
498,0.1446,3,45,3,18363,587247,706,107250,5.439688391566935,0.15442831286528236
499,0.1447,5,123,5,18486,587124,711,107245,5.4385490384971655,0.15444957940230628
500,0.1448,5,102,5,18588,587022,716,107240,5.437604209122235,0.15446618135516563
501,0.1449,4,131,4,18719,586891,720,107236,5.436390751787766,0.15449046067938577
502,0.145,8,157,8,18876,586734,728,107228,5.43493645559302,0.15451566512287415
503,0.1451,1,63,1,18939,586671,729,107227,5.434352884508503,0.15452847536669653
504,0.1452,7,262,7,19201,586409,736,107220,5.431925969839564,0.15457831203712646
505,0.1453,3,91,3,19292,586318,739,107217,5.431083033828597,0.15459493753018955
506,0.1454,10,257,10,19549,586061,749,107207,5.428702434325095,0.15464005262034308
507,0.1455,6,148,6,19697,585913,755,107201,5.427331505428137,0.1546657548397522
508,0.1456,2,85,2,19782,585828,757,107199,5.4265441476156955,0.15468228510577509
509,0.1457,6,147,6,19929,585681,763,107193,5.425182481751825,0.15470778236735683
510,0.1458,9,117,9,20046,585564,772,107184,5.424098706880581,0.15472292955013944
511,0.1459,6,141,6,20187,585423,778,107178,5.422792619215236,0.1547471054763132
512,0.146,8,119,8,20306,585304,786,107170,5.4216903182778164,0.15476393337511588
513,0.1461,12,188,12,20494,585116,798,107158,5.419948868057356,0.15479131095491092
514,0.1462,6,137,6,20631,584979,804,107152,5.4186798325243615,0.15481462324328776
515,0.1463,12,163,12,20794,584816,816,107140,5.41716995813109,0.15483643468659858
516,0.1464,1,37,1,20831,584779,817,107139,5.416827225906851,0.15484349301506825
517,0.1465,7,135,7,20966,584644,824,107132,5.4155767164400315,0.15486515866407624
518,0.1466,6,126,6,21092,584518,830,107126,5.414409574271,0.15488603963888936
519,0.1467,4,126,4,21218,584392,834,107122,5.413242432101968,0.15490937276757955
520,0.1468,7,212,7,21430,584180,841,107115,5.411278669087406,0.15494832162824843
521,0.1469,9,214,9,21644,583966,850,107106,5.409296380006669,0.154985298203371
522,0.147,4,160,4,21804,583806,854,107102,5.407814294712661,0.1550162973941538
523,0.1471,8,159,8,21963,583647,862,107094,5.406341472451739,0.15504219381794335
524,0.1472,7,105,7,22068,583542,869,107087,5.405368853977547,0.15505720147865207
525,0.1473,11,397,11,22465,583145,880,107076,5.4016914298417875,0.15513292119480573
526,0.1474,15,160,15,22625,582985,895,107061,5.400209344547779,0.15515052619680428
527,0.1475,4,140,4,22765,582845,899,107057,5.3989125199155215,0.15517711211157525
528,0.1476,6,156,6,22921,582689,905,107051,5.397467486753863,0.15520485980224433
529,0.1477,7,273,7,23194,582416,912,107044,5.39493867872096,0.15525773793983697
530,0.1478,6,120,6,23314,582296,918,107038,5.3938271147504535,0.15527741269109024
531,0.1479,4,107,4,23421,582189,922,107034,5.392835970210085,0.15529661662480793
532,0.148,11,253,11,23674,581936,933,107023,5.390492422838935,0.15534015812261687
533,0.1481,15,205,15,23879,581731,948,107008,5.388593501055985,0.15536799861776376
534,0.1482,11,153,11,24032,581578,959,106997,5.38717625699359,0.15538902806520713
535,0.1483,5,67,5,24099,581511,964,106992,5.386555633776724,0.15539801569492073
536,0.1484,10,183,10,24282,581328,974,106982,5.384860498721701,0.1554270604814691
537,0.1485,4,52,4,24334,581276,978,106978,5.384378821001149,0.15543389504456204
538,0.1486,2,90,2,24424,581186,980,106976,5.383545148023269,0.15545176862424837
539,0.1487,10,226,10,24650,580960,990,106966,5.3814517025454816,0.15549056148481086
540,0.1488,10,90,10,24740,580870,1000,106956,5.380618029567602,0.15549862901373313
541,0.1489,2,42,2,24782,580828,1002,106954,5.380228982177925,0.15550566894742812
542,0.149,2,137,2,24919,580691,1004,106952,5.37895994664493,0.1555341943421223
543,0.1491,6,161,6,25080,580530,1010,106946,5.377468598317833,0.15556324875341102
544,0.1492,3,68,3,25148,580462,1013,106943,5.3768387120678796,0.15557495217520967
545,0.1493,7,119,7,25267,580343,1020,106936,5.37573641113046,0.15559328889723095
546,0.1494,6,95,6,25362,580248,1026,106930,5.3748564229871425,0.15560742631457933
547,0.1495,13,172,13,25534,580076,1039,106917,5.373263181296084,0.1556304067144789
548,0.1496,12,167,12,25701,579909,1051,106905,5.371716254770462,0.15565349570626108
549,0.1497,7,67,7,25768,579842,1058,106898,5.371095631553596,0.15566007513760666
550,0.1498,13,342,13,26110,579500,1071,106885,5.367927674237652,0.155721643101175
551,0.1499,14,201,14,26311,579299,1085,106871,5.366065804587054,0.15575003279070784
552,0.15,8,209,8,26520,579090,1093,106863,5.3641298306717555,0.15578764142732812
553,0.1501,6,204,6,26724,578886,1099,106857,5.362240171921894,0.155826599761135
554,0.1502,11,189,11,26913,578697,1110,106846,5.360489458668346,0.155856014867047
555,0.1503,9,100,9,27013,578597,1119,106837,5.359563155359591,0.15586766924313647
556,0.1504,4,125,4,27138,578472,1123,106833,5.358405276223647,0.15589117254361196
557,0.1505,2,72,2,27210,578400,1125,106831,5.357738337841343,0.15590508894080973
558,0.1506,6,117,6,27327,578283,1131,106825,5.356654562970099,0.15592432142085627
559,0.1507,17,302,17,27629,577981,1148,106808,5.353857126977657,0.15597213156169273
560,0.1508,3,105,3,27734,577876,1151,106805,5.352884508503465,0.15599235264305567
561,0.1509,10,197,10,27931,577679,1161,106795,5.351059690985216,0.15602491840449748
562,0.151,10,197,10,28128,577482,1171,106785,5.349234873466968,0.15605750386910372
563,0.1511,4,35,4,28163,577447,1175,106781,5.348910667308903,0.15606055291511017
564,0.1512,17,308,17,28471,577139,1192,106764,5.346057653117937,0.1561098576844962
565,0.1513,10,181,10,28652,576958,1202,106754,5.34438104412909,0.15613884208555648
566,0.1514,5,98,5,28750,576860,1207,106749,5.34347326688651,0.15615505354669115
567,0.1515,4,72,4,28822,576788,1211,106745,5.342806328504206,0.15616656401373452
568,0.1516,1,52,1,28874,576736,1212,106744,5.342324650783652,0.1561772107450108
569,0.1517,7,187,7,29061,576549,1219,106737,5.34059246359628,0.15621130829550145
570,0.1518,5,79,5,29140,576470,1224,106732,5.339860683982363,0.1562231960679272
571,0.1519,6,203,6,29343,576267,1230,106726,5.33798028826559,0.1562622164502418
572,0.152,5,37,5,29380,576230,1235,106721,5.33763755604135,0.1562645050669814
573,0.1521,6,107,6,29487,576123,1241,106715,5.336646411500982,0.1562815777680797
574,0.1522,3,93,3,29580,576030,1244,106712,5.335784949423839,0.15629915839365383
575,0.1523,3,47,3,29627,575983,1247,106709,5.335349586868724,0.1563062112929403
576,0.1524,4,134,4,29761,575849,1251,106705,5.334108340434992,0.15633195322274868
577,0.1525,2,95,2,29856,575754,1253,106703,5.333228352291674,0.15635124264239358
578,0.1526,6,182,6,30038,575572,1259,106697,5.331542480269739,0.1563855312200906
579,0.1527,5,140,5,30178,575432,1264,106692,5.330245655637482,0.15641144425353748
580,0.1528,9,103,9,30281,575329,1273,106683,5.3292915632294635,0.15642393388972628
581,0.1529,4,148,4,30429,575181,1277,106679,5.327920634332505,0.15645293755316342
582,0.153,10,209,10,30638,574972,1287,106669,5.325984660417207,0.15648853282006217
583,0.1531,15,306,15,30944,574666,1302,106654,5.323150172292415,0.15654024540597664
584,0.1532,20,247,20,31191,574419,1322,106634,5.320862203119789,0.15657224914947881
585,0.1533,4,112,4,31303,574307,1326,106630,5.319824743413983,0.15659304752128317
586,0.1534,3,90,3,31393,574217,1329,106627,5.318991070436104,0.15661003107907245
587,0.1535,12,149,12,31542,574068,1341,106615,5.317610878506058,0.15662944424937894
588,0.1536,18,408,18,31950,573660,1359,106597,5.313831561006336,0.15670107033077205
589,0.1537,5,118,5,32068,573542,1364,106592,5.312738523102005,0.15672205771215672
590,0.1538,4,157,4,32225,573385,1368,106588,5.311284226907259,0.15675328285093673
591,0.1539,8,195,8,32420,573190,1376,106580,5.3094779354551855,0.15678832546302426
592,0.154,19,262,19,32682,572928,1395,106561,5.307051020786246,0.15682520246832546
593,0.1541,12,150,12,32832,572778,1407,106549,5.305661565823113,0.15684493623836532
594,0.1542,10,164,10,32996,572614,1417,106539,5.304142428396754,0.1568703959196234
595,0.1543,25,373,25,33369,572241,1442,106514,5.300687317055097,0.15692554750977894
596,0.1544,5,89,5,33458,572152,1447,106509,5.299862907110304,0.15693991551010003
597,0.1545,19,298,19,33756,571854,1466,106490,5.297102523250213,0.15698524642364345
598,0.1546,1,74,1,33830,571780,1467,106489,5.296417058801734,0.15700113081977798
599,0.1547,15,332,15,34162,571448,1482,106474,5.293341731816666,0.1570593667118046
600,0.1548,12,224,12,34386,571224,1494,106462,5.291266812405054,0.15709635435880334
601,0.1549,3,65,3,34451,571159,1497,106459,5.290664715254363,0.15710769194442886
602,0.155,11,138,11,34589,571021,1508,106448,5.289386416688281,0.15712600871774207
603,0.1551,6,140,6,34729,570881,1514,106442,5.288089592056023,0.15715101952834912
604,0.1552,14,296,14,35025,570585,1528,106428,5.285347734262107,0.15720229892188187
605,0.1553,8,177,8,35202,570408,1536,106420,5.28370817740561,0.15723344778880308
606,0.1554,8,100,8,35302,570308,1544,106412,5.282781874096854,0.15724671947038657
607,0.1555,8,155,8,35457,570153,1552,106404,5.281346103968283,0.15727277967710038
608,0.1556,11,214,11,35671,569939,1563,106393,5.279363814887547,0.15730883648858845
609,0.1557,3,62,3,35733,569877,1566,106390,5.278789506836119,0.1573195202486592
610,0.1558,20,269,20,36002,569608,1586,106370,5.276297750935567,0.1573571920979677
611,0.1559,10,167,10,36169,569441,1596,106360,5.274750824409945,0.15738360848829758
612,0.156,19,247,19,36416,569194,1615,106341,5.272462855237319,0.15741745431398818
613,0.1561,4,116,4,36532,569078,1619,106337,5.271388343399162,0.15743950015916142
614,0.1562,12,217,12,36749,568861,1631,106325,5.269378265219164,0.1574751253728602
615,0.1563,7,158,7,36907,568703,1638,106318,5.26791470599133,0.15750324804709778
616,0.1564,14,263,14,37170,568440,1652,106304,5.265478528289303,0.15754715862608634
617,0.1565,4,119,4,37289,568321,1656,106300,5.264376227351884,0.15756995409274244
618,0.1566,11,253,11,37542,568068,1667,106289,5.262032679980733,0.15761532837947853
619,0.1567,13,239,13,37781,567829,1680,106276,5.259818815072808,0.1576549647310137
620,0.1568,7,240,7,38021,567589,1687,106269,5.257595687131794,0.15770236459313386
621,0.1569,11,229,11,38250,567360,1698,106258,5.255474452554744,0.15774222185274148
622,0.157,10,146,10,38396,567214,1708,106248,5.254122049723962,0.15776391244049404
623,0.1571,4,142,4,38538,567072,1712,106244,5.252806699025529,0.15779218078881238
624,0.1572,6,186,6,38724,566886,1718,106238,5.251083774871244,0.1578282753252001
625,0.1573,8,89,8,38813,566797,1726,106230,5.2502593649264515,0.1578391357256098
626,0.1574,9,176,9,38989,566621,1735,106221,5.248629071103042,0.15786915798954287
627,0.1575,6,169,6,39158,566452,1741,106215,5.247063618511246,0.1579013092659518
628,0.1576,15,245,15,39403,566207,1756,106200,5.244794175404794,0.15794005713801315
629,0.1577,1,142,1,39545,566065,1757,106199,5.2434788247063615,0.15797216569680958
630,0.1578,5,133,5,39678,565932,1762,106194,5.242246841305717,0.157997161246552
631,0.1579,13,276,13,39954,565656,1775,106181,5.239690244173552,0.15804577598435335
632,0.158,6,175,6,40129,565481,1781,106175,5.2380692133832305,0.15807943351953976
633,0.1581,17,241,17,40370,565240,1798,106158,5.23583682240913,0.15811485884676452
634,0.1582,1,65,1,40435,565175,1799,106157,5.235234725258438,0.1581289138608021
635,0.1583,13,184,13,40619,564991,1812,106144,5.233530327170329,0.15815595968024318
636,0.1584,14,258,14,40877,564733,1826,106130,5.231140464633739,0.1581992150409249
637,0.1585,7,162,7,41039,564571,1833,106123,5.2296398532735555,0.15822864078104174
638,0.1586,8,111,8,41150,564460,1841,106115,5.228611656600838,0.1582447899190993
639,0.1587,16,217,16,41367,564243,1857,106099,5.226601578420838,0.15827592482643188
640,0.1588,13,278,13,41645,563965,1870,106086,5.224026455222498,0.1583252618084295
641,0.1589,9,129,9,41774,563836,1879,106077,5.222831523954204,0.15834444174094248
642,0.159,1,86,1,41860,563750,1880,106076,5.222034903108674,0.1583635153009886
643,0.1591,8,163,8,42023,563587,1888,106068,5.220525028715403,0.15839200782492477
644,0.1592,7,104,7,42127,563483,1895,106061,5.219561673274297,0.15840781188390904
645,0.1593,14,192,14,42319,563291,1909,106047,5.217783170921487,0.15843564835703336
646,0.1594,13,213,13,42532,563078,1922,106034,5.215810144873838,0.15846973301928527
647,0.1595,11,137,11,42669,562941,1933,106023,5.214541109340843,0.1584883491488331
648,0.1596,10,190,10,42859,562751,1943,106013,5.212781133054207,0.15852079358338667
649,0.1597,7,137,7,42996,562614,1950,106006,5.211512097521212,0.15854446471837516
650,0.1598,20,326,20,43322,562288,1970,105986,5.208492348734669,0.15859662354064352
651,0.1599,22,258,22,43580,562030,1992,105964,5.2061024861980805,0.15863016733683236
652,0.16,7,114,7,43694,561916,1999,105957,5.2050465004261,0.15864842567374335
653,0.1601,8,131,8,43825,561785,2007,105949,5.20383304309163,0.15866947017824462
654,0.1602,8,79,8,43904,561706,2015,105941,5.203101263477713,0.15867816376019064
655,0.1603,20,336,20,44240,561370,2035,105921,5.199988884360295,0.15873284668907567
656,0.1604,14,328,14,44568,561042,2049,105907,5.196950609507577,0.15879325105817685
657,0.1605,3,86,3,44654,560956,2052,105904,5.196153988662047,0.1588099451159164
658,0.1606,12,191,12,44845,560765,2064,105892,5.1943847493423245,0.15884030318439618
659,0.1607,9,185,9,45030,560580,2073,105883,5.192671088221127,0.15887303571241015
660,0.1608,10,237,10,45267,560343,2083,105873,5.1904757493793765,0.158916927843222
661,0.1609,25,371,25,45638,559972,2108,105848,5.187039164103894,0.15897389684899824
662,0.161,18,277,18,45915,559695,2126,105830,5.184473303938642,0.159017317155629
663,0.1611,11,154,11,46069,559541,2137,105819,5.183046796843159,0.15904021882890465
664,0.1612,9,229,9,46298,559312,2146,105810,5.180925562266109,0.15908359669353894
665,0.1613,17,150,17,46448,559162,2163,105793,5.179536107302975,0.15909798407411027
666,0.1614,16,253,16,46701,558909,2179,105777,5.177192559931824,0.15913829988897013
667,0.1615,16,168,16,46869,558741,2195,105761,5.175636370373115,0.15915828695775183
668,0.1616,17,281,17,47150,558460,2212,105744,5.173033458075512,0.15920409994519755
669,0.1617,12,214,12,47364,558246,2224,105732,5.171051168994776,0.15924021579028222
670,0.1618,5,128,5,47492,558118,2229,105727,5.169865500759569,0.1592645873660267
671,0.1619,18,360,18,47852,557758,2247,105709,5.166530808848049,0.15932819567514284
672,0.162,4,188,4,48040,557570,2251,105705,5.164789358627589,0.15936828615581772
673,0.1621,4,106,4,48146,557464,2255,105701,5.163807477120308,0.1593886890894423
674,0.1622,25,308,25,48454,557156,2280,105676,5.160954462929341,0.15943104738455596
675,0.1623,20,379,20,48833,556777,2300,105656,5.157443773389159,0.15949688496798922
676,0.1624,7,113,7,48946,556664,2307,105649,5.1563970506502645,0.1595152141057174
677,0.1625,32,396,32,49342,556268,2339,105617,5.152728889547594,0.1595700159393248
678,0.1626,2,116,2,49458,556152,2341,105615,5.151654377709437,0.15959544673578466
679,0.1627,5,211,5,49669,555941,2346,105610,5.149699877727963,0.1596399975209772
680,0.1628,8,134,8,49803,555807,2354,105602,5.148458631294231,0.15966217574904484
681,0.1629,5,57,5,49860,555750,2359,105597,5.147930638408241,0.159669583441068
682,0.163,15,183,15,50043,555567,2374,105582,5.146235503353218,0.15969471329458262
683,0.1631,6,96,6,50139,555471,2380,105576,5.145346252176813,0.15971027778660216
684,0.1632,7,183,7,50322,555288,2387,105569,5.143651117121791,0.1597456030578476
685,0.1633,18,244,18,50566,555044,2405,105551,5.141390937048427,0.15978171194150728
686,0.1634,8,100,8,50666,554944,2413,105543,5.140464633739672,0.15979572648666818
687,0.1635,14,163,14,50829,554781,2427,105529,5.1389547593464,0.15981735851342552
688,0.1636,24,375,24,51204,554406,2451,105505,5.135481121938567,0.15987761986086002
689,0.1637,9,173,9,51377,554233,2460,105496,5.133878617214421,0.15990808347063717
690,0.1638,11,157,11,51534,554076,2471,105485,5.132424321019674,0.1599321366787909
691,0.1639,10,184,10,51718,553892,2481,105475,5.130719922931565,0.15996402610382382
692,0.164,2,123,2,51841,553769,2483,105473,5.129580569861796,0.15999132336835334
693,0.1641,11,210,11,52051,553559,2494,105462,5.1276353329134094,0.16002828437940522
694,0.1642,14,282,14,52333,553277,2508,105448,5.125023157582719,0.1600789403772439
695,0.1643,15,234,15,52567,553043,2523,105433,5.122855607840231,0.16011669369878326
696,0.1644,4,131,4,52698,552912,2527,105429,5.121642150505761,0.1601434514939826
697,0.1645,17,165,17,52863,552747,2544,105412,5.120113750046315,0.16016190616553144
698,0.1646,13,206,13,53069,552541,2557,105399,5.118205565230279,0.1601954585524516
699,0.1647,5,167,5,53236,552374,2562,105394,5.116658638704657,0.16022974665839626
700,0.1648,5,103,5,53339,552271,2567,105389,5.115704546296639,0.1602484566493325
701,0.1649,24,417,24,53756,551854,2591,105365,5.111841861499129,0.1603194673312853
702,0.165,4,56,4,53812,551798,2595,105361,5.111323131646226,0.16032801802912233
703,0.1651,16,264,16,54076,551534,2611,105345,5.108877690911112,0.1603720015406186
704,0.1652,12,173,12,54249,551361,2623,105333,5.107275186186965,0.1603989072536067
705,0.1653,12,159,12,54408,551202,2635,105321,5.105802363926044,0.16042240713577438
706,0.1654,8,181,8,54589,551021,2643,105313,5.104125754937197,0.16045641395996552
707,0.1655,9,120,9,54709,550901,2652,105304,5.10301419096669,0.1604742420432639
708,0.1656,15,251,15,54960,550650,2667,105289,5.100689169661714,0.16051645046261923
709,0.1657,10,155,10,55115,550495,2677,105279,5.0992533995331435,0.16054158902304758
710,0.1658,7,106,7,55221,550389,2684,105272,5.098271518025863,0.16055858134005224
711,0.1659,4,69,4,55290,550320,2688,105268,5.097632368742821,0.16057035821277998
712,0.166,12,208,12,55498,550112,2700,105256,5.09570565786061,0.1606059496344039
713,0.1661,5,211,5,55709,549901,2705,105251,5.093751157879136,0.16065126871321464
714,0.1662,11,139,11,55848,549762,2716,105240,5.092463596279966,0.160671265125908
715,0.1663,12,105,12,55953,549657,2728,105228,5.091490977805773,0.1606816463959321
716,0.1664,10,217,10,56170,549440,2738,105218,5.089480899625774,0.16072208695227128
717,0.1665,16,218,16,56388,549222,2754,105202,5.087461558412687,0.16075510678092492
718,0.1666,16,182,16,56570,549040,2770,105186,5.085775686390752,0.16077930256516862
719,0.1667,13,253,13,56823,548787,2783,105173,5.0834321390196004,0.16082482108997492
720,0.1668,14,211,14,57034,548576,2797,105159,5.081477639038127,0.16085875775352398
721,0.1669,15,191,15,57225,548385,2812,105144,5.079708399718403,0.16088651000950224
722,0.167,4,109,4,57334,548276,2816,105140,5.078698729111861,0.16090821161404067
723,0.1671,4,78,4,57412,548198,2820,105136,5.0779762125310315,0.1609222847731788
724,0.1672,17,264,17,57676,547934,2837,105119,5.075530771795917,0.1609654959092141
725,0.1673,9,144,9,57820,547790,2846,105110,5.074196895031309,0.16098943176596722
726,0.1674,18,219,18,58039,547571,2864,105092,5.072168290785135,0.16102031216722873
727,0.1675,15,291,15,58330,547280,2879,105077,5.069472748156657,0.16107284814909628
728,0.1676,9,141,9,58471,547139,2888,105068,5.068166660491311,0.161096093724845
729,0.1677,10,289,10,58760,546850,2898,105058,5.065489643929008,0.16115464145247488
730,0.1678,7,142,7,58902,546708,2905,105051,5.064174293230575,0.16118074318881673
731,0.1679,8,113,8,59015,546595,2913,105043,5.063127570491682,0.1611983954281365
732,0.168,17,239,17,59254,546356,2930,105026,5.060913705583756,0.16123564974162627
733,0.1681,14,167,14,59421,546189,2944,105012,5.059366779058135,0.16125896612566626
734,0.1682,9,138,9,59559,546051,2953,105003,5.058088480492052,0.161281552682266
735,0.1683,6,85,6,59644,545966,2959,104997,5.05730112267961,0.16129488158313146
736,0.1684,23,366,23,60010,545600,2982,104974,5.053910852569565,0.16135597180336134
737,0.1685,12,215,12,60225,545385,2994,104962,5.051919300455741,0.16139384051898448
738,0.1686,20,235,20,60460,545150,3014,104942,5.049742487680166,0.1614263827273678
739,0.1687,7,121,7,60581,545029,3021,104935,5.048621660676572,0.16144740324079487
740,0.1688,8,129,8,60710,544900,3029,104927,5.0474267294082775,0.161469129475999
741,0.1689,16,228,16,60938,544672,3045,104911,5.045314757864315,0.16150515022714573
742,0.169,16,243,16,61181,544429,3061,104895,5.04306384082404,0.16154492980391916
743,0.1691,18,226,18,61407,544203,3079,104877,5.040970395346252,0.1615779256794232
744,0.1692,16,188,16,61595,544015,3095,104861,5.039228945125792,0.16160406610816241
745,0.1693,20,303,20,61898,543712,3115,104841,5.036422246100263,0.16165371218697625
746,0.1694,21,369,21,62267,543343,3136,104820,5.033004186890955,0.16171858004853717
747,0.1695,24,405,24,62672,542938,3160,104796,5.029252658490496,0.1617886354583826
748,0.1696,9,220,9,62892,542718,3169,104787,5.027214791211234,0.1618319549655987
749,0.1697,7,216,7,63108,542502,3176,104780,5.025213976064323,0.1618768944602198
750,0.1698,9,113,9,63221,542389,3185,104771,5.0241672533254285,0.16189350392484084
751,0.1699,7,122,7,63343,542267,3192,104764,5.023037163288747,0.16191496234338076
752,0.17,17,251,17,63594,542016,3209,104747,5.020712141983771,0.1619557705063524
753,0.1701,6,119,6,63713,541897,3215,104741,5.0196098410463525,0.16197779901583267
754,0.1702,7,104,7,63817,541793,3222,104734,5.018646485605246,0.16199478134710538
755,0.1703,8,163,8,63980,541630,3230,104726,5.017136611211975,0.1620252616205311
756,0.1704,14,180,14,64160,541450,3244,104712,5.015469265256216,0.16205224076934266
757,0.1705,8,124,8,64284,541326,3252,104704,5.014320649153359,0.16207296874758137
758,0.1706,10,214,10,64498,541112,3262,104694,5.012338360072622,0.16211369977981002
759,0.1707,10,170,10,64668,540942,3272,104684,5.010763644447738,0.16214340810314332
760,0.1708,24,367,24,65035,540575,3296,104660,5.0073641113046055,0.16220446813951506
761,0.1709,6,111,6,65146,540464,3302,104654,5.006335914631887,0.1622245852696716
762,0.171,11,164,11,65310,540300,3313,104643,5.004816777205528,0.1622515478112019
763,0.1711,16,119,16,65429,540181,3329,104627,5.003714476268109,0.1622607039614893
764,0.1712,12,146,12,65575,540035,3341,104615,5.002362073437326,0.1622818583727604
765,0.1713,25,305,25,65880,539730,3366,104590,4.999536848345622,0.16232617333002236
766,0.1714,13,161,13,66041,539569,3379,104577,4.998045500018526,0.1623498399431185
767,0.1715,6,109,6,66150,539460,3385,104571,4.997035829411983,0.16236951326877122
768,0.1716,9,183,9,66333,539277,3394,104562,4.99534069435696,0.1624039550260236
769,0.1717,18,339,18,66672,538938,3412,104544,4.992200526140279,0.16246608296735573
770,0.1718,22,192,22,66864,538746,3434,104522,4.990422023787469,0.16248593121373983
771,0.1719,25,292,25,67156,538454,3459,104497,4.987717218125903,0.16252715992354005
772,0.172,8,151,8,67307,538303,3467,104489,4.986318500129682,0.16255491667600094
773,0.1721,19,294,19,67601,538009,3486,104470,4.9835951684019415,0.16260453649068685
774,0.1722,23,222,23,67823,537787,3509,104447,4.981538775056505,0.16263075452249492
775,0.1723,13,97,13,67920,537690,3522,104434,4.980640260847012,0.1626383689131694
776,0.1724,27,373,27,68293,537317,3549,104407,4.977185149505354,0.1626976706496874
777,0.1725,7,169,7,68462,537148,3556,104400,4.975619696913557,0.1627313934421119
778,0.1726,22,225,22,68687,536923,3578,104378,4.973535514468858,0.16275976491538294
779,0.1727,18,309,18,68996,536614,3596,104360,4.970673237244803,0.16281471635354944
780,0.1728,19,250,19,69246,536364,3615,104341,4.968357478972915,0.162853419280324
781,0.1729,17,275,17,69521,536089,3632,104324,4.965810144873838,0.16290112786592403
782,0.173,13,100,13,69621,535989,3645,104311,4.964883841565082,0.1629095736373575
783,0.1731,15,175,15,69796,535814,3660,104296,4.9632628107747605,0.162934495633563
784,0.1732,5,120,5,69916,535694,3665,104291,4.962151246804254,0.16295850684000407
785,0.1733,9,150,9,70066,535544,3674,104282,4.96076179184112,0.16298493652961898
786,0.1734,13,352,13,70418,535192,3687,104269,4.957501204194301,0.16305763760416978
787,0.1735,8,197,8,70615,534995,3695,104261,4.955676386676053,0.16309741324289487
788,0.1736,17,375,17,70990,534620,3712,104244,4.952202749268221,0.16317087830899848
789,0.1737,10,195,10,71185,534425,3722,104234,4.950396457816147,0.16320759591581735
790,0.1738,13,219,13,71404,534206,3735,104221,4.948367853569973,0.16324654189124208
791,0.1739,10,76,10,71480,534130,3745,104211,4.947663863055319,0.1632528695477809
792,0.174,5,103,5,71583,534027,3750,104206,4.946709770647301,0.1632726606114068
793,0.1741,10,260,10,71843,533767,3760,104196,4.944301382044537,0.16332608630908063
794,0.1742,19,345,19,72188,533422,3779,104177,4.941105635629331,0.16338952852811878
795,0.1743,30,358,30,72546,533064,3809,104147,4.937789469783986,0.16344193681527783
796,0.1744,14,175,14,72721,532889,3823,104133,4.936168438993664,0.16346845163903287
797,0.1745,23,269,23,72990,532620,3846,104110,4.933676683093112,0.16350729508582915
798,0.1746,9,168,9,73158,532452,3855,104101,4.932120493534403,0.1635386212931209
799,0.1747,11,198,11,73356,532254,3866,104090,4.930286412983067,0.1635750474586073
800,0.1748,11,223,11,73579,532031,3877,104079,4.928220756604542,0.1636179277169043
801,0.1749,14,212,14,73791,531819,3891,104065,4.926256993589981,0.16365406269067942
802,0.175,9,174,9,73965,531645,3900,104056,4.924645225832747,0.16368701638034233
803,0.1751,18,204,18,74169,531441,3918,104038,4.922755567082886,0.16371587416736036
804,0.1752,9,142,9,74311,531299,3927,104029,4.921440216384453,0.16374061901883752
805,0.1753,21,298,21,74609,531001,3948,104008,4.9186798325243615,0.1637898045539512
806,0.1754,28,361,28,74970,530640,3976,103980,4.915335877579754,0.16384608111941004
807,0.1755,20,328,20,75298,530312,3996,103960,4.912297602727037,0.16390444478078806
808,0.1756,12,212,12,75510,530100,4008,103948,4.910333839712475,0.16394342384172808
809,0.1757,9,140,9,75650,529960,4017,103939,4.909037015080218,0.1639677614257161
810,0.1758,8,147,8,75797,529813,4025,103931,4.907675349216348,0.1639952409805852
811,0.1759,25,358,25,76155,529455,4050,103906,4.904359183371003,0.16405493865267992
812,0.176,15,227,15,76382,529228,4065,103891,4.9022564748601285,0.16409395390124132
813,0.1761,7,169,7,76551,529059,4072,103884,4.900691022268331,0.16412852342154033
814,0.1762,35,318,35,76869,528741,4107,103849,4.89774537774649,0.16416478287674482
815,0.1763,11,210,11,77079,528531,4118,103838,4.895800140798103,0.16420476019539224
816,0.1764,14,157,14,77236,528374,4132,103824,4.8943458446033565,0.1642270301392918
817,0.1765,16,212,16,77448,528162,4148,103808,4.892382081588796,0.16426096175451366
818,0.1766,22,285,22,77733,527877,4170,103786,4.889742117158843,0.16430596694756539
819,0.1767,16,234,16,77967,527643,4186,103770,4.887574567416355,0.16434568182790027
820,0.1768,20,304,20,78271,527339,4206,103750,4.884758605357739,0.16439836536526545
821,0.1769,17,242,17,78513,527097,4223,103733,4.88251695135055,0.16443891381196202
822,0.177,7,173,7,78686,526924,4230,103726,4.880914446626403,0.16447474827558867
823,0.1771,12,147,12,78833,526777,4242,103714,4.879552780762533,0.16449719345716274
824,0.1772,21,170,21,79003,526607,4263,103693,4.877978065137649,0.16451372362367125
825,0.1773,6,112,6,79115,526495,4269,103687,4.876940605431843,0.16453500734708384
826,0.1774,8,198,8,79313,526297,4277,103679,4.875106524880507,0.16457611083596835
827,0.1775,18,268,18,79581,526029,4295,103661,4.872624032013042,0.16462227445250838
828,0.1776,28,244,28,79825,525785,4323,103633,4.870363851939679,0.16464892964611752
829,0.1777,12,115,12,79940,525670,4335,103621,4.86929860313461,0.1646630890955059
830,0.1778,15,204,15,80144,525466,4350,103606,4.867408944384749,0.16469656891421014
831,0.1779,12,157,12,80301,525309,4362,103594,4.865954648190003,0.16472174564280978
832,0.178,7,125,7,80426,525184,4369,103587,4.864796769054059,0.16474519340109514
833,0.1781,6,160,6,80586,525024,4375,103581,4.86331468376005,0.16477915384064715
834,0.1782,5,104,5,80690,524920,4380,103576,4.862351328318945,0.16479977597311676
835,0.1783,17,153,17,80843,524767,4397,103559,4.860934084256549,0.16481730821261575
836,0.1784,4,140,4,80983,524627,4401,103555,4.859637259624291,0.16484872218560864
837,0.1785,17,202,17,81185,524425,4418,103538,4.857766126940605,0.16487914096849654
838,0.1786,10,219,10,81404,524206,4428,103528,4.855737522694431,0.164923359257265
839,0.1787,7,134,7,81538,524072,4435,103521,4.854496276260699,0.1649492585162677
840,0.1788,8,191,8,81729,523881,4443,103513,4.852727036940976,0.16498882679783358
841,0.1789,19,185,19,81914,523696,4462,103494,4.851013375819779,0.16501219726079816
842,0.179,8,104,8,82018,523592,4470,103486,4.8500500203786725,0.16502891187380198
843,0.1791,13,141,13,82159,523451,4483,103473,4.848743932713328,0.16504871403870325
844,0.1792,23,272,23,82431,523179,4506,103450,4.846224387713513,0.16508971017938845
845,0.1793,13,121,13,82552,523058,4519,103437,4.845103560709918,0.16510427058476126
846,0.1794,12,122,12,82674,522936,4531,103425,4.843973470673237,0.1651204337434802
847,0.1795,10,134,10,82808,522802,4541,103415,4.842732224239505,0.1651424346512471
848,0.1796,9,150,9,82958,522652,4550,103406,4.8413427692763715,0.16517000022362147
849,0.1797,4,168,4,83126,522484,4554,103402,4.8397865797176625,0.1652089997219941
850,0.1798,15,201,15,83327,522283,4569,103387,4.837924710067064,0.16524206051113208
851,0.1799,7,109,7,83436,522174,4576,103380,4.836915039460521,0.16526151219558982
852,0.18,9,176,9,83612,521998,4585,103371,4.835284745637112,0.16529600923614698
853,0.1801,19,250,19,83862,521748,4604,103352,4.832968987365223,0.16533674612062071
854,0.1802,11,227,11,84089,521521,4615,103341,4.830866278854348,0.16538211637129477
855,0.1803,22,350,22,84439,521171,4637,103319,4.827624217273704,0.16544540344921455
856,0.1804,21,276,21,84715,520895,4658,103298,4.825067620141539,0.16549048130946678
857,0.1805,15,143,15,84858,520752,4673,103283,4.823743006410019,0.16550834488450167
858,0.1806,8,147,8,85005,520605,4681,103275,4.822381340546149,0.16553664166185805
859,0.1807,3,160,3,85165,520445,4684,103272,4.82089925525214,0.16557509254998662
860,0.1808,14,151,14,85316,520294,4698,103258,4.819500537255919,0.16559645386431285
861,0.1809,13,198,13,85514,520096,4711,103245,4.8176664567045835,0.16563165265881757
862,0.181,26,413,26,85927,519683,4737,103219,4.813840824039423,0.16570664406278998
863,0.1811,8,104,8,86031,519579,4745,103211,4.812877468598318,0.16572359864480804
864,0.1812,6,170,6,86201,519409,4751,103205,4.811302752973433,0.165760808462386
865,0.1813,17,183,17,86384,519226,4768,103188,4.809607617918411,0.16578675929526007
866,0.1814,19,236,19,86620,518990,4787,103169,4.807421542109749,0.16582417034873723
867,0.1815,9,104,9,86724,518886,4796,103160,4.806458186668642,0.1658398253505368
868,0.1816,8,335,8,87059,518551,4804,103152,4.803355070584312,0.16591845302338898
869,0.1817,19,205,19,87264,518346,4823,103133,4.801456148801363,0.165947682866195
870,0.1818,3,122,3,87386,518224,4826,103130,4.800326058764682,0.16597623898775898
871,0.1819,33,502,33,87888,517722,4859,103097,4.795676016154729,0.16606611588885006
872,0.182,5,195,5,88083,517527,4864,103092,4.793869724702657,0.16611157570103396
873,0.1821,11,216,11,88299,517311,4875,103081,4.7918689095557445,0.1661546248178571
874,0.1822,19,189,19,88488,517122,4894,103062,4.790118196302197,0.16617971440733717
875,0.1823,18,285,18,88773,516837,4912,103044,4.787478231872244,0.16623190580127475
876,0.1824,14,143,14,88916,516694,4926,103030,4.786153618140724,0.16625142805506968
877,0.1825,19,309,19,89225,516385,4945,103011,4.78329134091667,0.16630879114492184
878,0.1826,8,197,8,89422,516188,4953,103003,4.7814665233984215,0.1663509321033413
879,0.1827,27,262,27,89684,515926,4980,102976,4.779039608729482,0.1663849850218613
880,0.1828,13,203,13,89887,515723,4993,102963,4.777159213012709,0.16642206224158942
881,0.1829,22,386,22,90273,515337,5015,102941,4.773583682240913,0.16649630101669474
882,0.183,26,287,26,90560,515050,5041,102915,4.770925191744785,0.16653855800894873
883,0.1831,13,167,13,90727,514883,5054,102902,4.769378265219164,0.166566038346674
884,0.1832,15,184,15,90911,514699,5069,102887,4.7676738671310535,0.16659542152833776
885,0.1833,24,274,24,91185,514425,5093,102863,4.7651357960650635,0.1666369668614974
886,0.1834,17,165,17,91350,514260,5110,102846,4.763607395605617,0.16665856433092532
887,0.1835,15,120,15,91470,514140,5125,102831,4.7624958316351105,0.16667071872097716
888,0.1836,14,245,14,91715,513895,5139,102817,4.76022638852866,0.16671801424327726
889,0.1837,15,257,15,91972,513638,5154,102802,4.757845789025159,0.16676724417623776
890,0.1838,27,245,27,92217,513393,5181,102775,4.7555763459187075,0.16679704236506926
891,0.1839,16,294,16,92511,513099,5197,102759,4.752853014190967,0.16685502177449996
892,0.184,17,246,17,92757,512853,5214,102742,4.750574308051428,0.16689869150984007
893,0.1841,19,194,19,92951,512659,5233,102723,4.748777279632443,0.16692558443373384
894,0.1842,15,258,15,93209,512401,5248,102708,4.746387417095854,0.16697528405534628
895,0.1843,7,170,7,93379,512231,5255,102701,4.74481270147097,0.16701196229827037
896,0.1844,10,146,10,93525,512085,5265,102691,4.743460298640187,0.1670380756568246
897,0.1845,18,175,18,93700,511910,5283,102673,4.741839267849865,0.1670612431518607
898,0.1846,24,299,24,93999,511611,5307,102649,4.739069620956686,0.1671100185589164
899,0.1847,20,353,20,94352,511258,5327,102629,4.735799770276779,0.16717897593531056
900,0.1848,12,234,12,94586,511024,5339,102617,4.733632220534291,0.1672264402150443
901,0.1849,17,194,17,94780,510830,5356,102600,4.731835192115306,0.16725624765661934
902,0.185,12,238,12,95018,510592,5368,102588,4.729630590240468,0.16730486969568478
903,0.1851,23,177,23,95195,510415,5391,102565,4.727991033383971,0.16732193546282098
904,0.1852,12,234,12,95429,510181,5403,102553,4.725823483641483,0.1673695273968802
905,0.1853,19,191,19,95620,509990,5422,102534,4.724054244321761,0.16739588979370604
906,0.1854,12,184,12,95804,509806,5434,102522,4.722349846233651,0.16742987418507727
907,0.1855,17,151,17,95955,509655,5451,102505,4.72095112823743,0.16744805279665448
908,0.1856,12,226,12,96181,509429,5463,102493,4.7188576827596425,0.16749356944185698
909,0.1857,19,236,19,96417,509193,5482,102474,4.71667160695098,0.16753233376984536
910,0.1858,19,173,19,96590,509020,5501,102455,4.715069102226833,0.16755386565272498
911,0.1859,24,349,24,96939,508671,5525,102431,4.711836303679276,0.1676168626514068
912,0.186,14,186,14,97125,508485,5539,102417,4.710113379524992,0.1676488209238143
913,0.1861,4,49,4,97174,508436,5543,102413,4.709659490903702,0.16765681862457008
914,0.1862,22,346,22,97520,508090,5565,102391,4.706454481455408,0.1677218455611231
915,0.1863,14,214,14,97734,507876,5579,102377,4.704472192374671,0.1677615677432147
916,0.1864,35,411,35,98145,507465,5614,102342,4.700665085775686,0.167826869812908
917,0.1865,13,162,13,98307,507303,5627,102329,4.699164474415503,0.1678537215894179
918,0.1866,20,289,20,98596,507014,5647,102309,4.696487457853199,0.16790602028809024
919,0.1867,20,115,20,98711,506899,5667,102289,4.695422209048131,0.16791039876031702
920,0.1868,6,148,6,98859,506751,5673,102283,4.6940512801511725,0.16794300482403282
921,0.1869,9,122,9,98981,506629,5682,102274,4.692921190114491,0.1679643555705917
922,0.187,12,99,12,99080,506530,5694,102262,4.692004149838823,0.16797526905741206
923,0.1871,7,106,7,99186,506424,5701,102255,4.691022268331542,0.16799495300478579
924,0.1872,25,246,25,99432,506178,5726,102230,4.688743562192004,0.16802869127296158
925,0.1873,2,156,2,99588,506022,5728,102228,4.687298529030346,0.16806905055487054
926,0.1874,22,319,22,99907,505703,5750,102206,4.684343621475416,0.16812713744984858
927,0.1875,10,139,10,100046,505564,5760,102196,4.683056059876246,0.16815190206660524
928,0.1876,11,146,11,100192,505418,5771,102185,4.681703657045463,0.1681772473144471
929,0.1877,24,157,24,100349,505261,5795,102161,4.680249360850717,0.16818784963336855
930,0.1878,7,224,7,100573,505037,5802,102154,4.678174441439105,0.16824030659215963
931,0.1879,19,211,19,100784,504826,5821,102135,4.676219941457631,0.16827275558067156
932,0.188,28,246,28,101030,504580,5849,102107,4.673941235318092,0.1683026008468947
933,0.1881,21,249,21,101279,504331,5870,102086,4.671634740079291,0.16834290595415366
934,0.1882,6,122,6,101401,504209,5876,102080,4.67050465004261,0.168368550311815
935,0.1883,5,137,5,101538,504072,5881,102075,4.669235614509615,0.16839974461640494
936,0.1884,19,169,19,101707,503903,5900,102056,4.667670161917818,0.16842063571957838
937,0.1885,6,94,6,101801,503809,5906,102050,4.6667994368075885,0.1684385310773629
938,0.1886,12,174,12,101975,503635,5918,102038,4.665187669050354,0.1684704452732745
939,0.1887,24,297,24,102272,503338,5942,102014,4.66243654822335,0.16852013374036923
940,0.1888,14,172,14,102444,503166,5956,102000,4.660843306532291,0.16854879487611663
941,0.1889,5,148,5,102592,503018,5961,101995,4.659472377635333,0.1685831544115581
942,0.189,18,101,18,102693,502917,5979,101977,4.65853681129349,0.16858656227372068
943,0.1891,23,284,23,102977,502633,6002,101954,4.655906109896624,0.16863412544431158
944,0.1892,15,172,15,103149,502461,6017,101939,4.654312868205565,0.16866148246194573
945,0.1893,7,128,7,103277,502333,6024,101932,4.653127199970358,0.16868757912505275
946,0.1894,28,330,28,103607,502003,6052,101904,4.650070399051465,0.16874121346498716
947,0.1895,29,366,29,103973,501637,6081,101875,4.646680128941421,0.16880360291096116
948,0.1896,17,187,17,104160,501450,6098,101858,4.644947941754048,0.16883250346423387
949,0.1897,15,233,15,104393,501217,6113,101843,4.6427896550446475,0.1688770603256724
950,0.1898,12,166,12,104559,501051,6125,101831,4.641251991552114,0.16890701663011998
951,0.1899,10,133,10,104692,500918,6135,101821,4.6400200081514695,0.16893049893901008
952,0.19,11,211,11,104903,500707,6146,101810,4.638065508169995,0.16897448536721785
953,0.1901,15,162,15,105065,500545,6161,101795,4.636564896809811,0.16899923631171762
954,0.1902,13,156,13,105221,500389,6174,101782,4.6351198636481525,0.16902507759423818
955,0.1903,17,212,17,105433,500177,6191,101765,4.633156100633592,0.16906113878081278
956,0.1904,18,212,18,105645,499965,6209,101747,4.63119233761903,0.1690958465179355
957,0.1905,43,349,43,105994,499616,6252,101704,4.627959539071473,0.16913457061132176
958,0.1906,12,114,12,106108,499502,6264,101692,4.626903553299492,0.16915005805114489
959,0.1907,15,176,15,106284,499326,6279,101677,4.625273259476083,0.16917885601236599
960,0.1908,22,207,22,106491,499119,6301,101655,4.6233558116269595,0.16920672332690828
961,0.1909,16,173,16,106664,498946,6317,101639,4.6217533069028125,0.16923333083576847
962,0.191,23,310,23,106974,498636,6340,101616,4.6188817666456705,0.16928889866256172
963,0.1911,9,135,9,107109,498501,6349,101607,4.617631257178851,0.16931452338579056
964,0.1912,23,257,23,107366,498244,6372,101584,4.615250657675349,0.16935521516167967
965,0.1913,7,128,7,107494,498116,6379,101577,4.614064989440142,0.16938166695292425
966,0.1914,15,224,15,107718,497892,6394,101562,4.61199007002853,0.16942417600016016
967,0.1915,22,233,22,107951,497659,6416,101540,4.60983178331913,0.16945956184840094
968,0.1916,11,191,11,108142,497468,6427,101529,4.608062543999407,0.16949834473294523
969,0.1917,13,196,13,108338,497272,6440,101516,4.606246989514246,0.1695357956405272
970,0.1918,12,236,12,108574,497036,6452,101504,4.604060913705584,0.16958599258194942
971,0.1919,19,275,19,108849,496761,6471,101485,4.6015135796065065,0.16963757384086145
972,0.192,10,156,10,109005,496605,6481,101475,4.600068546444848,0.16966793739967898
973,0.1921,17,244,17,109249,496361,6498,101458,4.597808366371485,0.16971357551365882
974,0.1922,15,180,15,109429,496181,6513,101443,4.596141020415725,0.16974385232186123
975,0.1923,18,210,18,109639,495971,6531,101425,4.594195783467338,0.16977850538001593
976,0.1924,12,160,12,109799,495811,6543,101413,4.59271369817333,0.1698073084805701
977,0.1925,7,74,7,109873,495737,6550,101406,4.592028233724851,0.16981861966061731
978,0.1926,12,183,12,110056,495554,6562,101394,4.590333098669828,0.16985399063234988
979,0.1927,21,220,21,110276,495334,6583,101373,4.588295231390567,0.16988739867305058
980,0.1928,13,173,13,110449,495161,6596,101360,4.58669272666642,0.16991857788745074
981,0.1929,11,139,11,110588,495022,6607,101349,4.585405165067249,0.16994287113223144
982,0.193,19,162,19,110750,494860,6626,101330,4.5839045537070655,0.1699625958167698
983,0.1931,14,145,14,110895,494715,6640,101316,4.582561413909371,0.16998444711768348
984,0.1932,23,256,23,111151,494459,6663,101293,4.580190077438957,0.17002544683022466
985,0.1933,18,175,18,111326,494284,6681,101275,4.578569046648635,0.1700503224701499
986,0.1934,22,101,22,111427,494183,6703,101253,4.577633480306791,0.17004850227396395
987,0.1935,18,244,18,111671,493939,6721,101235,4.575373300233428,0.1700931156266907
988,0.1936,6,173,6,111844,493766,6727,101229,4.573770795509281,0.17013420280842695
989,0.1937,10,167,10,112011,493599,6737,101219,4.57222386898366,0.17016801778022858
990,0.1938,9,215,9,112226,493384,6746,101210,4.570232316869836,0.17021698839880658
991,0.1939,12,123,12,112349,493261,6758,101198,4.569092963800067,0.17023545778598692
992,0.194,10,123,10,112472,493138,6768,101188,4.567953610730298,0.17025672778912584
993,0.1941,18,150,18,112622,492988,6786,101170,4.566564155767164,0.17027457342996308
994,0.1942,10,227,10,112849,492761,6796,101160,4.564461447256289,0.1703256830453882
995,0.1943,11,176,11,113025,492585,6807,101149,4.56283115343288,0.17036080130159298
996,0.1944,18,222,18,113247,492363,6825,101131,4.560774760087443,0.17039936376778872
997,0.1945,21,206,21,113453,492157,6846,101110,4.558866575271407,0.1704291659573177
998,0.1946,28,230,28,113683,491927,6874,101082,4.556736077661269,0.170456097630896
999,0.1947,13,203,13,113886,491724,6887,101069,4.554855681944496,0.17049627779005488
1000,0.1948,24,271,24,114157,491453,6911,101045,4.552345399977769,0.17054066005286095
1001,0.1949,26,383,26,114540,491070,6937,101019,4.548797658305236,0.1706145528797191
1002,0.195,17,224,17,114764,490846,6954,101002,4.5467227388936235,0.1706553033887079
1003,0.1951,9,209,9,114973,490637,6963,100993,4.5447867649783245,0.17070297314199753
1004,0.1952,12,199,12,115172,490438,6975,100981,4.542943421393901,0.1707435844976235
1005,0.1953,11,194,11,115366,490244,6986,100970,4.541146392974916,0.1707841830538519
1006,0.1954,26,182,26,115548,490062,7012,100944,4.539460520952981,0.17080029644369094
1007,0.1955,27,167,27,115715,489895,7039,100917,4.537913594427359,0.17081068089341447
1008,0.1956,10,150,10,115865,489745,7049,100907,4.536524139464226,0.17084002085830574
1009,0.1957,14,233,14,116098,489512,7063,100893,4.534365852754826,0.17088778042191377
1010,0.1958,20,248,20,116346,489264,7083,100873,4.532068620549112,0.1709314955679783
1011,0.1959,14,187,14,116533,489077,7097,100859,4.53033643336174,0.1709660030918608
1012,0.196,17,234,17,116767,488843,7114,100842,4.528168883619252,0.1710099459881123
1013,0.1961,15,175,15,116942,488668,7129,100827,4.52654785282893,0.1710396186566468
1014,0.1962,14,157,14,117099,488511,7143,100813,4.525093556634184,0.17106549198742965
1015,0.1963,16,208,16,117307,488303,7159,100797,4.523166845751973,0.1711033780342896
1016,0.1964,19,231,19,117538,488072,7178,100778,4.521027085108748,0.17114375477625882
1017,0.1965,13,142,13,117680,487930,7191,100765,4.519711734410316,0.17116673319800577
1018,0.1966,18,174,18,117854,487756,7209,100747,4.518099966653081,0.17119199052511203
1019,0.1967,18,210,18,118064,487546,7227,100729,4.516154729704694,0.1712277421274064
1020,0.1968,40,329,40,118393,487217,7267,100689,4.513107191818889,0.1712671753647692
1021,0.1969,18,202,18,118595,487015,7285,100671,4.511236059135204,0.17130066055682797
1022,0.197,15,222,15,118817,486793,7300,100656,4.509179665789766,0.1713442358400474
1023,0.1971,14,188,14,119005,486605,7314,100642,4.507438215569306,0.17137933441975864
1024,0.1972,16,119,16,119124,486486,7330,100626,4.506335914631887,0.17139148918775293
1025,0.1973,14,114,14,119238,486372,7344,100612,4.505279928859906,0.17140501274310713
1026,0.1974,21,216,21,119454,486156,7365,100591,4.503279113712995,0.1714384564386354
1027,0.1975,22,202,22,119656,485954,7387,100569,4.501407981029308,0.17146642160665482
1028,0.1976,7,119,7,119775,485835,7394,100562,4.5003056800918895,0.17149132754771937
1029,0.1977,16,241,16,120016,485594,7410,100546,4.498073289117789,0.17153922271129765
1030,0.1978,17,244,17,120260,485350,7427,100529,4.495813109044425,0.1715866245419276
1031,0.1979,19,239,19,120499,485111,7446,100510,4.4935992441365,0.17162977420550152
1032,0.198,15,237,15,120736,484874,7461,100495,4.491403905294749,0.1716780355638922
1033,0.1981,22,163,22,120899,484711,7483,100473,4.489894030901478,0.1716947148247389
1034,0.1982,16,207,16,121106,484504,7499,100457,4.487976583052355,0.17173281637579257
1035,0.1983,13,182,13,121288,484322,7512,100444,4.48629071103042,0.17176785244012135
1036,0.1984,16,194,16,121482,484128,7528,100428,4.4844936826114346,0.17180218832755118
1037,0.1985,26,227,26,121709,483901,7554,100402,4.48239097410056,0.17183208027341978
1038,0.1986,12,151,12,121860,483750,7566,100390,4.480992256104339,0.17185948573971993
1039,0.1987,21,223,21,122083,483527,7587,100369,4.478926599725814,0.17189533752586078
1040,0.1988,19,149,19,122232,483378,7606,100350,4.477546407795769,0.1719122605048927
1041,0.1989,9,159,9,122391,483219,7615,100341,4.476073585534848,0.17194632942628008
1042,0.199,11,212,11,122603,483007,7626,100330,4.474109822520286,0.17199320461414241
1043,0.1991,24,189,24,122792,482818,7650,100306,4.472359109266739,0.17201487162250226
1044,0.1992,15,249,15,123041,482569,7665,100291,4.470052614027938,0.17206704869093778
1045,0.1993,25,241,25,123282,482328,7690,100266,4.467820223053836,0.17210269930689295
1046,0.1994,23,195,23,123477,482133,7713,100243,4.466013931601764,0.17212762888580574
1047,0.1995,19,259,19,123736,481874,7732,100224,4.463614806032087,0.17217719353098618
1048,0.1996,19,241,19,123977,481633,7751,100205,4.461382415057987,0.17222147745592417
1049,0.1997,18,136,18,124113,481497,7769,100187,4.460122642558079,0.17223612820706777
1050,0.1998,17,188,17,124301,481309,7786,100170,4.458381192337619,0.17226761413567815
1051,0.1999,17,201,17,124502,481108,7803,100153,4.45651932268702,0.1723029757716413
1052,0.2,13,206,13,124708,480902,7816,100140,4.454611137870985,0.17234554472826405
1053,0.2001,21,210,21,124918,480692,7837,100119,4.452665900922598,0.17237793361351628
1054,0.2002,20,254,20,125172,480438,7857,100099,4.450313090518359,0.17242484113846318
1055,0.2003,21,162,21,125334,480276,7878,100078,4.448812479158176,0.17244302615300316
1056,0.2004,13,215,13,125549,480061,7891,100065,4.446820927044351,0.17248839045310846
1057,0.2005,20,188,20,125737,479873,7911,100045,4.445079476823891,0.17251576947085623
1058,0.2006,16,136,16,125873,479737,7927,100029,4.4438197043239835,0.17253340140677445
1059,0.2007,24,243,24,126116,479494,7951,100005,4.441568787283708,0.17257147984724736
1060,0.2008,31,235,31,126351,479259,7982,99974,4.4393919745081325,0.1725972104489903
1061,0.2009,20,166,20,126517,479093,8002,99954,4.437854311015599,0.1726181121739686
1062,0.201,16,209,16,126726,478884,8018,99938,4.4359183371003,0.17265757003016471
1063,0.2011,18,173,18,126899,478711,8036,99920,4.434315832376154,0.17268345456776427
1064,0.2012,27,275,27,127174,478436,8063,99893,4.4317684982770755,0.17272694262262483
1065,0.2013,18,129,18,127303,478307,8081,99875,4.430573567008781,0.17273972555354541
1066,0.2014,16,160,16,127463,478147,8097,99859,4.429091481714773,0.1727646425815649
1067,0.2015,7,140,7,127603,478007,8104,99852,4.427794657082515,0.17279647803356873
1068,0.2016,7,151,7,127754,477856,8111,99845,4.426395939086294,0.17283162050957157
1069,0.2017,4,146,4,127900,477710,8115,99841,4.425043536255512,0.17286958208019726
1070,0.2018,16,191,16,128091,477519,8131,99825,4.423274296935789,0.17290384935151312
1071,0.2019,27,218,27,128309,477301,8158,99798,4.421254955722702,0.17293046773603835
1072,0.202,15,152,15,128461,477149,8173,99783,4.419846974693393,0.1729545249700138
1073,0.2021,11,147,11,128608,477002,8184,99772,4.418485308829523,0.17298283209714724
1074,0.2022,25,278,25,128886,476724,8209,99747,4.415910185631183,0.17303038661094833
1075,0.2023,33,265,33,129151,476459,8242,99714,4.413455481862981,0.17306260446081298
1076,0.2024,20,323,20,129474,476136,8262,99694,4.410463522175701,0.17313095878992063
1077,0.2025,23,288,23,129762,475848,8285,99671,4.407795768646485,0.17318455168291577
1078,0.2026,30,268,30,130030,475580,8315,99641,4.405313275779021,0.17322211810764906
1079,0.2027,24,264,24,130294,475316,8339,99617,4.4028678350439066,0.17326714591091483
1080,0.2028,22,176,22,130470,475140,8361,99595,4.401237541220497,0.17328855907505197
1081,0.2029,37,254,37,130724,474886,8398,99558,4.398884730816259,0.17331193292992877
1082,0.203,28,263,28,130987,474623,8426,99530,4.396448553114232,0.1733510057423718
1083,0.2031,40,370,40,131357,474253,8466,99490,4.393021230871836,0.17340516572751213
1084,0.2032,18,182,18,131539,474071,8484,99472,4.391335358849902,0.17343424991674555
1085,0.2033,18,218,18,131757,473853,8502,99454,4.389316017636815,0.173474246782265
1086,0.2034,28,256,28,132013,473597,8530,99426,4.386944681166401,0.17351135992796102
1087,0.2035,24,274,24,132287,473323,8554,99402,4.384406610100411,0.1735597363481601
1088,0.2036,30,224,30,132511,473099,8584,99372,4.382331690688799,0.17358433876999882
1089,0.2037,21,208,21,132719,472891,8605,99351,4.380404979806588,0.17361710604953848
1090,0.2038,31,226,31,132945,472665,8636,99320,4.378311534328801,0.17364091715691846
1091,0.2039,24,215,24,133160,472450,8660,99296,4.3763199822149765,0.17367152546760276
1092,0.204,20,185,20,133345,472265,8680,99276,4.374606321093779,0.17369882475622922
1093,0.2041,21,219,21,133564,472046,8701,99255,4.372577716847605,0.17373503634686444
1094,0.2042,21,212,21,133776,471834,8722,99234,4.370613953833043,0.17376914833259788
1095,0.2043,16,179,16,133955,471655,8738,99218,4.368955870910371,0.17380047751426325
1096,0.2044,24,215,24,134170,471440,8762,99194,4.366964318796547,0.17383121230070414
1097,0.2045,26,242,26,134412,471198,8788,99168,4.364722664789358,0.173867306255983
1098,0.2046,20,268,20,134680,470930,8808,99148,4.362240171921894,0.17392006006195643
1099,0.2047,16,142,16,134822,470788,8824,99132,4.3609248212234615,0.1739402021336328
1100,0.2048,25,223,25,135045,470565,8849,99107,4.358859164844937,0.17397204005111713
1101,0.2049,19,154,19,135199,470411,8868,99088,4.357432657749453,0.17399152588503228
1102,0.205,21,205,21,135404,470206,8889,99067,4.355533735966505,0.17402371094360702
1103,0.2051,21,153,21,135557,470053,8910,99046,4.354116491904109,0.1740400176419217
1104,0.2052,14,273,14,135830,469780,8924,99032,4.351587683871207,0.17410321863814407
1105,0.2053,21,193,21,136023,469587,8945,99011,4.349799918485309,0.17413181193039723
1106,0.2054,20,249,20,136272,469338,8965,98991,4.347493423246508,0.1741790406613071
1107,0.2055,16,189,16,136461,469149,8981,98975,4.34574270999296,0.17421372798896015
1108,0.2056,19,214,19,136675,468935,9000,98956,4.343760420912224,0.17425174901521595
1109,0.2057,24,238,24,136913,468697,9024,98932,4.341555819037386,0.17428989709828074
1110,0.2058,22,218,22,137131,468479,9046,98910,4.339536477824299,0.17432484591699873
1111,0.2059,21,246,21,137377,468233,9067,98889,4.337257771684761,0.17436988866593078
1112,0.206,27,400,27,137777,467833,9094,98862,4.333552558449739,0.17445363025966348
1113,0.2061,19,163,19,137940,467670,9113,98843,4.332042684056468,0.1744761373525409
1114,0.2062,23,197,23,138137,467473,9136,98820,4.330217866538219,0.17450330482630017
1115,0.2063,24,311,24,138448,467162,9160,98796,4.32733706324799,0.1745641902756035
1116,0.2064,23,257,23,138705,466905,9183,98773,4.324956463744488,0.17460993710202624
1117,0.2065,28,214,28,138919,466691,9211,98745,4.322974174663752,0.17463514880552353
1118,0.2066,24,189,24,139108,466502,9235,98721,4.321223461410204,0.17465849761952362
1119,0.2067,31,218,31,139326,466284,9266,98690,4.319204120197117,0.17468060477119302
1120,0.2068,28,314,28,139640,465970,9294,98662,4.316295527807625,0.1747368197339152
1121,0.2069,16,245,16,139885,465725,9310,98646,4.314026084701174,0.17478927868370275
1122,0.207,17,189,17,140074,465536,9327,98629,4.312275371447627,0.17482296845780934
1123,0.2071,15,147,15,140221,465389,9342,98614,4.310913705583756,0.17484658769545552
1124,0.2072,21,271,21,140492,465118,9363,98593,4.308403423617029,0.1748999043836292
1125,0.2073,15,205,15,140697,464913,9378,98578,4.30650450183408,0.17494156960803278
1126,0.2074,26,232,26,140929,464681,9404,98552,4.304355478157768,0.1749755429813239
1127,0.2075,39,339,39,141268,464342,9443,98513,4.301215309941087,0.17502376278082277
1128,0.2076,27,247,27,141515,464095,9470,98486,4.298927340768461,0.1750610134362874
1129,0.2077,25,268,25,141783,463827,9495,98461,4.296444847900997,0.17510777395213842
1130,0.2078,14,186,14,141969,463641,9509,98447,4.294721923746712,0.1751451729978224
1131,0.2079,29,270,29,142239,463371,9538,98418,4.292220904813072,0.1751867694098674
1132,0.208,27,289,27,142528,463082,9565,98391,4.289543888250769,0.17523727766072456
1133,0.2081,39,288,39,142816,462794,9604,98352,4.286876134721553,0.17526989410955437
1134,0.2082,14,193,14,143009,462601,9618,98338,4.285088369335655,0.1753096147709466
1135,0.2083,25,256,25,143265,462345,9643,98313,4.282717032865241,0.17535288892693943
1136,0.2084,26,171,26,143436,462174,9669,98287,4.281133054207269,0.1753681344464646
1137,0.2085,39,267,39,143703,461907,9708,98248,4.278659824372893,0.17539431050334284
1138,0.2086,29,318,29,144021,461589,9737,98219,4.27571417985105,0.17545122613467476
1139,0.2087,23,217,23,144238,461372,9760,98196,4.2737041016710515,0.17548537443170445
1140,0.2088,29,291,29,144529,461081,9789,98167,4.271008559042573,0.1755339312791463
1141,0.2089,23,211,23,144740,460870,9812,98144,4.269054059061099,0.17556626488782034
1142,0.209,27,199,27,144939,460671,9839,98117,4.267210715476676,0.17558895323450038
1143,0.2091,25,286,25,145225,460385,9864,98092,4.264561488013635,0.17564196914107474
1144,0.2092,26,203,26,145428,460182,9890,98066,4.262681092296861,0.17566744529313136
1145,0.2093,15,183,15,145611,459999,9905,98051,4.260985957241839,0.17570289400591343
1146,0.2094,30,311,30,145922,459688,9935,98021,4.25810515395161,0.1757565325286126
1147,0.2095,38,274,38,146196,459414,9973,97983,4.25556708288562,0.1757867372806097
1148,0.2096,32,295,32,146491,459119,10005,97951,4.252834488124791,0.17583248065772702
1149,0.2097,27,223,27,146714,458896,10032,97924,4.250768831746267,0.17586293595776015
1150,0.2098,28,249,28,146963,458647,10060,97896,4.248462336507466,0.17590015506438855
1151,0.2099,17,213,17,147176,458434,10077,97879,4.246489310459817,0.17594232024058398
1152,0.21,36,353,36,147529,458081,10113,97843,4.24321945977991,0.17600067635144373
1153,0.2101,23,201,23,147730,457880,10136,97820,4.241357590129312,0.1760302321396437
1154,0.2102,23,253,23,147983,457627,10159,97797,4.239014042758161,0.1760762948666244
1155,0.2103,29,278,29,148261,457349,10188,97768,4.236438919559821,0.1761214302570449
1156,0.2104,19,171,19,148432,457178,10207,97749,4.234854940901849,0.17614749327389007
1157,0.2105,32,337,32,148769,456841,10239,97717,4.231733298751343,0.17620699728432374
1158,0.2106,28,296,28,149065,456545,10267,97689,4.228991440957427,0.1762594860654525
1159,0.2107,18,176,18,149241,456369,10285,97671,4.227361147134018,0.176288715616201
1160,0.2108,19,241,19,149482,456128,10304,97652,4.225128756159917,0.17633717360684747
1161,0.2109,32,276,32,149758,455852,10336,97620,4.222572159027752,0.1763774861239593
1162,0.211,28,157,28,149915,455695,10364,97592,4.221117862833006,0.17638585399620813
1163,0.2111,24,277,24,150192,455418,10388,97568,4.218552002667754,0.17643846317989967
1164,0.2112,9,130,9,150322,455288,10397,97559,4.217347808366371,0.17646654499346112
1165,0.2113,26,180,26,150502,455108,10423,97533,4.215680462410612,0.17648527706051487
1166,0.2114,23,277,23,150779,454831,10446,97510,4.213114602245359,0.1765394928133164
1167,0.2115,21,212,21,150991,454619,10467,97489,4.211150839230798,0.17657595977598586
1168,0.2116,25,241,25,151232,454378,10492,97464,4.208918448256697,0.17661577045603633
1169,0.2117,15,204,15,151436,454174,10507,97449,4.207028789506836,0.17665869624725583
1170,0.2118,24,253,24,151689,453921,10531,97425,4.204685242135685,0.176703920949821
1171,0.2119,22,280,22,151969,453641,10553,97403,4.20209159287117,0.17676083942480092
1172,0.212,24,304,24,152273,453337,10577,97379,4.199275630812553,0.1768225364797827
1173,0.2121,33,316,33,152589,453021,10610,97346,4.196348512356886,0.17687470360686597
1174,0.2122,24,228,24,152817,452793,10634,97322,4.194236540812923,0.1769121001972315
1175,0.2123,23,228,23,153045,452565,10657,97299,4.1921245692689615,0.17695102789053294
1176,0.2124,26,349,26,153394,452216,10683,97273,4.188891770721405,0.1770244718274615
1177,0.2125,35,287,35,153681,451929,10718,97238,4.186233280225277,0.17706453592440916
1178,0.2126,27,256,27,153937,451673,10745,97211,4.183861943754863,0.17710663819677747
1179,0.2127,15,189,15,154126,451484,10760,97196,4.182111230501316,0.17714514835605452
1180,0.2128,36,277,36,154403,451207,10796,97160,4.179545370336063,0.17718061079532502
1181,0.2129,25,274,25,154677,450933,10821,97135,4.177007299270073,0.1772316573855799
1182,0.213,24,225,24,154902,450708,10845,97111,4.174923116825373,0.1772684043452308
1183,0.2131,30,254,30,155156,450454,10875,97081,4.172570306421134,0.17730556037513584
1184,0.2132,25,270,25,155426,450184,10900,97056,4.170069287487495,0.17735545647248008
1185,0.2133,26,226,26,155652,449958,10926,97030,4.1679758420097075,0.17738963194805005
1186,0.2134,37,347,37,155999,449611,10963,96993,4.164761569528326,0.17744656094723055
1187,0.2135,37,272,37,156271,449339,11000,96956,4.162242024528512,0.1774792007981036
1188,0.2136,27,242,27,156513,449097,11027,96929,4.160000370521323,0.17751718782622072
1189,0.2137,22,233,22,156746,448864,11049,96907,4.157842083811923,0.17755981904498408
1190,0.2138,28,315,28,157061,448549,11077,96879,4.154924228389344,0.1776201441803501
1191,0.2139,24,225,24,157286,448324,11101,96855,4.152840045944644,0.1776572465190332
1192,0.214,21,195,21,157481,448129,11122,96834,4.151033754492571,0.177689127518749
1193,0.2141,29,206,29,157687,447923,11151,96805,4.149125569676535,0.17771254644519835
1194,0.2142,53,388,53,158075,447535,11204,96752,4.145531512838564,0.17775916014896553
1195,0.2143,32,224,32,158299,447311,11236,96720,4.143456593426952,0.17778398657429448
1196,0.2144,17,185,17,158484,447126,11253,96703,4.141742932305754,0.1778187628831857
1197,0.2145,21,267,21,158751,446859,11274,96682,4.139269702471378,0.17787434618547635
1198,0.2146,35,255,35,159006,446604,11309,96647,4.1369076290340505,0.17790487270156888
1199,0.2147,30,241,30,159247,446363,11339,96617,4.13467523805995,0.17793841393789828
1200,0.2148,18,277,18,159524,446086,11357,96599,4.132109377894698,0.178001971677861
1201,0.2149,37,421,37,159945,445665,11394,96562,4.128209640964838,0.17808408655415536
1202,0.215,21,191,21,160136,445474,11415,96541,4.126440401645115,0.17811499681743126
1203,0.2151,15,182,15,160318,445292,11430,96526,4.12475452962318,0.1781520732053937
1204,0.2152,31,318,31,160636,444974,11461,96495,4.121808885101338,0.1782096481977731
1205,0.2153,39,437,39,161073,444537,11500,96456,4.117760939642077,0.17829435870704427
1206,0.2154,19,192,19,161265,444345,11519,96437,4.115982437289266,0.1783287905292706
1207,0.2155,30,285,30,161550,444060,11549,96407,4.113342472859313,0.1783772182205389
1208,0.2156,48,381,48,161931,443679,11597,96359,4.109813257252955,0.1784300364048456
1209,0.2157,29,242,29,162173,443437,11626,96330,4.107571603245767,0.1784658936170607
1210,0.2158,48,469,48,162642,442968,11674,96282,4.103227240727704,0.17854798331015298
1211,0.2159,26,208,26,162850,442760,11700,96256,4.101300529845493,0.17857725930213575
1212,0.216,24,274,24,163124,442486,11724,96232,4.098762458779503,0.17863149180090512
1213,0.2161,42,379,42,163503,442107,11766,96190,4.0952517692393196,0.1786931749573191
1214,0.2162,32,282,32,163785,441825,11798,96158,4.092639593908629,0.17873798986213318
1215,0.2163,31,364,31,164149,441461,11829,96127,4.089267849864759,0.1788116550220615
1216,0.2164,44,362,44,164511,441099,11873,96083,4.085914631887065,0.1788648912286711
1217,0.2165,53,505,53,165016,440594,11926,96030,4.08123680017785,0.17895211544768777
1218,0.2166,22,238,22,165254,440356,11948,96008,4.079032198303012,0.1789978447472239
1219,0.2167,34,269,34,165523,440087,11982,95974,4.07654044240246,0.1790355948296929
1220,0.2168,44,348,44,165871,439739,12026,95930,4.0733169068879915,0.1790844719406947
1221,0.2169,29,247,29,166118,439492,12055,95901,4.071028937715366,0.17912262580945212
1222,0.217,18,265,18,166383,439227,12073,95883,4.068574233947164,0.1791837192352974
1223,0.2171,44,371,44,166754,438856,12117,95839,4.065137648671681,0.17924050159436689
1224,0.2172,27,179,27,166933,438677,12144,95812,4.063479565749009,0.1792590680070123
1225,0.2173,35,281,35,167214,438396,12179,95777,4.060876653451406,0.1792995902076668
1226,0.2174,39,234,39,167448,438162,12218,95738,4.058709103708918,0.17931822438658926
1227,0.2175,34,273,34,167721,437889,12252,95704,4.0561802956760165,0.1793576752318715
1228,0.2176,35,311,35,168032,437578,12287,95669,4.053299492385787,0.1794084167374594
1229,0.2177,28,235,28,168267,437343,12315,95641,4.051122679610212,0.17944441108926346
1230,0.2178,31,266,31,168533,437077,12346,95610,4.048658712808922,0.17948626491729666
1231,0.2179,25,205,25,168738,436872,12371,95585,4.046759791025973,0.1795168436136627
1232,0.218,26,298,26,169036,436574,12397,95559,4.043999407165883,0.17957728612959542
1233,0.2181,39,334,39,169370,436240,12436,95520,4.040905554114639,0.17962990822927635
1234,0.2182,25,359,25,169729,435881,12461,95495,4.037580125236207,0.17971267050073772
1235,0.2183,35,372,35,170101,435509,12496,95460,4.034134276927637,0.17978450719345196
1236,0.2184,39,353,39,170454,435156,12535,95421,4.030864426247731,0.17984383039596516
1237,0.2185,28,228,28,170682,434928,12563,95393,4.028752454703768,0.17987784756779385
1238,0.2186,27,268,27,170950,434660,12590,95366,4.026269961836304,0.1799270224479554
1239,0.2187,23,268,23,171218,434392,12613,95343,4.023787468968839,0.17998244405221478
1240,0.2188,26,290,26,171508,434102,12639,95317,4.021101189373448,0.18004076166514613
1241,0.2189,45,309,45,171817,433793,12684,95272,4.018238912149394,0.18007617211495752
1242,0.219,25,273,25,172090,433520,12709,95247,4.015710104116492,0.18013037878687588
1243,0.2191,29,335,29,172425,433185,12738,95218,4.012606988032161,0.18019958251561782
1244,0.2192,41,332,41,172757,432853,12779,95177,4.0095316610470935,0.18024922826354564
1245,0.2193,27,312,27,173069,432541,12806,95150,4.006641594723776,0.18031385792063917
1246,0.2194,27,269,27,173338,432272,12833,95123,4.004149838823224,0.18036386389707904
1247,0.2195,22,212,22,173550,432060,12855,95101,4.0021860758086625,0.180402192119675
1248,0.2196,40,272,40,173822,431788,12895,95061,3.999666530808848,0.18043310322312464
1249,0.2197,36,250,36,174072,431538,12931,95025,3.9973507725369597,0.18046273665259427
1250,0.2198,15,212,15,174284,431326,12946,95010,3.995387009522398,0.18051206833657588
1251,0.2199,37,302,37,174586,431024,12983,94973,3.9925895735299566,0.18055806401937655
1252,0.22,25,313,25,174899,430711,13008,94948,3.989690244173552,0.18062660393905555
1253,0.2201,35,295,35,175194,430416,13043,94913,3.986957649412724,0.1806734446413581
1254,0.2202,50,322,50,175516,430094,13093,94863,3.983974952758531,0.1807062292721118
1255,0.2203,25,254,25,175770,429840,13118,94838,3.9816221423542926,0.18075467238954177
1256,0.2204,20,252,20,176022,429588,13138,94818,3.979287858016229,0.18081028821180536
1257,0.2205,31,252,31,176274,429336,13169,94787,3.9769535736781654,0.18084877023141516
1258,0.2206,41,304,41,176578,429032,13210,94746,3.9741376116195486,0.18088961353856023
1259,0.2207,30,220,30,176798,428812,13240,94716,3.972099744340287,0.18091869011781606
1260,0.2208,48,411,48,177209,428401,13288,94668,3.968292637741302,0.1809856825772508
1261,0.2209,40,336,40,177545,428065,13328,94628,3.965180258623884,0.18103934814508707
1262,0.221,30,280,30,177825,427785,13358,94598,3.9625866093593687,0.18108935397974282
1263,0.2211,25,286,25,178111,427499,13383,94573,3.959937381896328,0.18114934338558666
1264,0.2212,30,269,30,178380,427230,13413,94543,3.957445625995776,0.18119565404879134
1265,0.2213,30,314,30,178694,426916,13443,94513,3.954537033606284,0.1812576592402801
1266,0.2214,57,375,57,179069,426541,13500,94456,3.9510633961984514,0.18129854874404266
1267,0.2215,32,310,32,179379,426231,13532,94424,3.9481918559413094,0.18135617635478388
1268,0.2216,35,313,35,179692,425918,13567,94389,3.945292526584905,0.18141020589767196
1269,0.2217,37,292,37,179984,425626,13604,94352,3.9425877209233393,0.1814538307389928
1270,0.2218,34,355,34,180339,425271,13638,94318,3.9392993441772575,0.18152424319991378
1271,0.2219,27,173,27,180512,425098,13665,94291,3.9376968394531104,0.18154215818971908
1272,0.222,45,356,45,180868,424742,13710,94246,3.9343991996739414,0.18159572090298812
1273,0.2221,33,336,33,181204,424406,13743,94213,3.9312868205565232,0.18166129663587335
1274,0.2222,22,192,22,181396,424214,13765,94191,3.9295083182037125,0.18169384940345867
1275,0.2223,30,206,30,181602,424008,13795,94161,3.9276001333876764,0.1817187056732456
1276,0.2224,34,265,34,181867,423743,13829,94127,3.9251454296194748,0.18175797014694808
1277,0.2225,33,383,33,182250,423360,13862,94094,3.9215976879469414,0.1818403181732096
1278,0.2226,27,239,27,182489,423121,13889,94067,3.919383823039016,0.18188163685158976
1279,0.2227,37,322,37,182811,422799,13926,94030,3.9164011263848235,0.1819363851486662
1280,0.2228,68,442,68,183253,422357,13994,93962,3.9123068657601245,0.18198439336921554
1281,0.2229,50,430,50,183683,421927,14044,93912,3.9083237615324764,0.18205680454560436
1282,0.223,52,380,52,184063,421547,14096,93860,3.9048038089592056,0.1821085084214999
1283,0.2231,37,374,37,184437,421173,14133,93823,3.9013394345844605,0.1821819975300779
1284,0.2232,35,290,35,184727,420883,14168,93788,3.8986531549890695,0.18222903563635798
1285,0.2233,36,339,36,185066,420544,14204,93752,3.8955129867723888,0.1822919097173612
1286,0.2234,26,253,26,185319,420291,14230,93726,3.8931694394012375,0.1823402727925341
1287,0.2235,34,336,34,185655,419955,14264,93692,3.8900570602838194,0.18240542629471213
1288,0.2236,41,312,41,185967,419643,14305,93651,3.8871669939605025,0.1824509929981648
1289,0.2237,38,332,38,186299,419311,14343,93613,3.8840916669754346,0.18250851978070826
1290,0.2238,42,283,42,186582,419028,14385,93571,3.8814702286116565,0.18254229914611617
1291,0.2239,43,323,43,186905,418705,14428,93528,3.8784782689243764,0.18258878283905958
1292,0.224,46,319,46,187224,418386,14474,93482,3.8755233613694466,0.18262911531879314
1293,0.2241,51,449,51,187673,417937,14525,93431,3.871364259513135,0.18270795200325401
1294,0.2242,22,335,22,188008,417602,14547,93409,3.8682611434288043,0.18279254262628397
1295,0.2243,39,300,39,188308,417302,14586,93370,3.8654822335025383,0.18283751605727355
1296,0.2244,44,336,44,188644,416966,14630,93326,3.8623698543851197,0.18288744483550595
1297,0.2245,43,315,43,188959,416651,14673,93283,3.85945199896254,0.182931516627642
1298,0.2246,44,364,44,189323,416287,14717,93239,3.8560802549186706,0.18299164321349645
1299,0.2247,40,289,40,189612,415998,14757,93199,3.853403238356367,0.18303132186560409
1300,0.2248,27,257,27,189869,415741,14784,93172,3.851022638852866,0.18308040863566072
1301,0.2249,32,301,32,190170,415440,14816,93140,3.8482344658935124,0.18313736285343504
1302,0.225,57,458,57,190628,414982,14873,93083,3.8439919967394123,0.18321080964049877
1303,0.2251,40,459,40,191087,414523,14913,93043,3.839740264552225,0.18331212098525118
1304,0.2252,45,387,45,191474,414136,14958,92998,3.8361554707473413,0.18337954071310542
1305,0.2253,27,270,27,191744,413866,14985,92971,3.8336544518137017,0.18343372721407475
1306,0.2254,37,293,37,192037,413573,15022,92934,3.8309403831190485,0.18348018882266187
1307,0.2255,31,354,31,192391,413219,15053,92903,3.8276612694060543,0.1835585096083553
1308,0.2256,28,250,28,192641,412969,15081,92875,3.8253455111341657,0.18360403602691738
1309,0.2257,41,321,41,192962,412648,15122,92834,3.822372077513061,0.1836544130156959
1310,0.2258,37,338,37,193300,412310,15159,92797,3.8192411723294675,0.18371750935940306
1311,0.2259,37,235,37,193535,412075,15196,92760,3.8170643595538922,0.18374320322481602
1312,0.226,52,422,52,193957,411653,15248,92708,3.8131553595909446,0.1838127848901878
1313,0.2261,51,367,51,194324,411286,15299,92657,3.809755826447812,0.18386404811655285
1314,0.2262,40,281,40,194605,411005,15339,92617,3.807152914150209,0.18390181525032664
1315,0.2263,36,353,36,194958,410652,15375,92581,3.8038830634703027,0.18397243424020285
1316,0.2264,48,431,48,195389,410221,15423,92533,3.799890696209567,0.18405224026064437
1317,0.2265,59,323,59,195712,409898,15482,92474,3.796898736522287,0.18407474938889906
1318,0.2266,30,240,30,195952,409658,15512,92444,3.794675608581274,0.18411398480786773
1319,0.2267,41,302,41,196254,409356,15553,92403,3.7918781725888326,0.18415813169270506
1320,0.2268,40,422,40,196676,408934,15593,92363,3.7879691726258846,0.18424806053098264
1321,0.2269,48,316,48,196992,408618,15641,92315,3.7850420541702174,0.18428612209616854
1322,0.227,41,329,41,197321,408289,15682,92274,3.781994516284412,0.18434043267281042
1323,0.2271,53,376,53,197697,407913,15735,92221,3.7785116158434917,0.18439258278781287
1324,0.2272,22,243,22,197940,407670,15757,92199,3.776260698803216,0.18444632493713353
1325,0.2273,41,357,41,198297,407313,15798,92158,3.772953795990959,0.18451121286320926
1326,0.2274,33,314,33,198611,406999,15831,92125,3.7700452036014673,0.18457337254870534
1327,0.2275,61,413,61,199024,406586,15892,92064,3.7662195709363075,0.18462649152712324
1328,0.2276,46,367,46,199391,406219,15938,92018,3.762820037793175,0.18468720709220712
1329,0.2277,57,415,57,199806,405804,15995,91961,3.75897587906184,0.18474782276777194
1330,0.2278,39,270,39,200076,405534,16034,91922,3.7564748601282005,0.18478418191759674
1331,0.2279,34,252,34,200328,405282,16068,91888,3.754140575790137,0.18482209304664401
1332,0.228,48,484,48,200812,404798,16116,91840,3.7496572677757607,0.18492342511044263
1333,0.2281,32,332,32,201144,404466,16148,91808,3.7465819407906924,0.1849945796072331
1334,0.2282,52,402,52,201546,404064,16200,91756,3.7428582014894958,0.18505909402605783
1335,0.2283,30,288,30,201834,403776,16230,91726,3.74019044796028,0.18511731536906006
1336,0.2284,40,391,40,202225,403385,16270,91686,3.7365686020230466,0.1851976787167901
1337,0.2285,41,345,41,202570,403040,16311,91645,3.7333728556078403,0.18525930642732244
1338,0.2286,43,310,43,202880,402730,16354,91602,3.7305013153506983,0.18530461309403398
1339,0.2287,32,318,32,203198,402412,16386,91570,3.727555670828856,0.1853711268831658
1340,0.2288,35,299,35,203497,402113,16421,91535,3.7247860239356774,0.18542564742488574
1341,0.2289,30,261,30,203758,401852,16451,91505,3.722368372299826,0.18547421035882738
1342,0.229,34,302,34,204060,401550,16485,91471,3.7195709363073846,0.1855316507816097
1343,0.2291,43,444,43,204504,401106,16528,91428,3.71545814961651,0.18562779422334297
1344,0.2292,29,240,29,204744,400866,16557,91399,3.7132350216754975,0.18567031984804933
1345,0.2293,45,340,45,205084,400526,16602,91354,3.710085590425729,0.1857241603643165
1346,0.2294,38,257,38,205341,400269,16640,91316,3.7077049909222275,0.1857583123976525
1347,0.2295,47,351,47,205692,399918,16687,91269,3.704453666308496,0.1858131424488026
1348,0.2296,35,345,35,206037,399573,16722,91234,3.70125791989329,0.18588569437681207
1349,0.2297,49,411,49,206448,399162,16771,91185,3.697450813294305,0.18596014659006785
1350,0.2298,52,468,52,206916,398694,16823,91133,3.6931157138093296,0.1860514018214594
1351,0.2299,40,259,40,207175,398435,16863,91093,3.690716588239653,0.1860833292477652
1352,0.23,41,284,41,207459,398151,16904,91052,3.6880858868427877,0.18612314315325132
1353,0.2301,40,328,40,207787,397823,16944,91012,3.68504761199007,0.18618143136232063
1354,0.2302,51,362,51,208149,397461,16995,90961,3.6816943940123754,0.1862344448038786
1355,0.2303,56,383,56,208532,397078,17051,90905,3.678146652339842,0.186287227218981
1356,0.2304,46,395,46,208927,396683,17097,90859,3.6744877542702583,0.18636138014776163
1357,0.2305,54,387,54,209314,396296,17151,90805,3.6709029604653747,0.18641924364762133
1358,0.2306,61,358,61,209672,395938,17212,90744,3.6675867946200302,0.18645439938193728
1359,0.2307,34,332,34,210004,395606,17246,90710,3.6645114676349624,0.18652481102822033
1360,0.2308,49,486,49,210490,395120,17295,90661,3.6600096335544112,0.18662936590768267
1361,0.2309,23,224,23,210714,394896,17318,90638,3.657934714142799,0.1866769371454934
1362,0.231,57,460,57,211174,394436,17375,90581,3.653673718922524,0.18675840228280657
1363,0.2311,40,350,40,211524,394086,17415,90541,3.6504316573418802,0.18682615702385547
1364,0.2312,46,251,46,211775,393835,17461,90495,3.648106636036904,0.1868457456692751
1365,0.2313,52,468,52,212243,393367,17513,90443,3.6437715365519288,0.1869390876583783
1366,0.2314,47,349,47,212592,393018,17560,90396,3.640538738004372,0.18699499807618314
1367,0.2315,45,339,45,212931,392679,17605,90351,3.6373985697876914,0.18705049375815166
1368,0.2316,32,265,32,213196,392414,17637,90319,3.6349438660194893,0.1870992867692907
1369,0.2317,84,546,84,213742,391868,17721,90235,3.629886249953685,0.18716954675660596
1370,0.2318,58,479,58,214221,391389,17779,90177,3.6254492571047465,0.18725782135782013
1371,0.2319,51,399,51,214620,390990,17830,90126,3.621753306902812,0.18732696480682415
1372,0.232,60,486,60,215106,390504,17890,90066,3.617251472822261,0.1874149447531057
1373,0.2321,30,373,30,215479,390131,17920,90036,3.613796361480603,0.18750976222855797
1374,0.2322,58,401,58,215880,389730,17978,89978,3.610081885212494,0.18756827069800797
1375,0.2323,49,416,49,216296,389314,18027,89929,3.6062284634480712,0.18764801989804755
1376,0.2324,25,267,25,216563,389047,18052,89904,3.6037552336136947,0.1877102250543375
1377,0.2325,42,486,42,217049,388561,18094,89862,3.599253399533143,0.18782959849338346
1378,0.2326,50,368,50,217417,388193,18144,89812,3.595844603356923,0.1878892480204182
1379,0.2327,58,376,58,217793,387817,18202,89754,3.5923617029160027,0.1879385473573563
1380,0.2328,45,444,45,218237,387373,18247,89709,3.5882489162251288,0.18803685739558398
1381,0.2329,36,268,36,218505,387105,18283,89673,3.585766423357664,0.18808124535947549
1382,0.233,47,293,47,218798,386812,18330,89626,3.583052354663011,0.1881168168785865
1383,0.2331,51,394,51,219192,386418,18381,89575,3.5794027196265144,0.18818554054366346
1384,0.2332,42,347,42,219539,386071,18423,89533,3.576188447145133,0.18825115011648347
1385,0.2333,47,391,47,219930,385680,18470,89486,3.5725666012078996,0.18832576404877455
1386,0.2334,43,426,43,220356,385254,18513,89443,3.5686205491126013,0.18842124555242606
1387,0.2335,44,383,44,220739,384871,18557,89399,3.5650728074400684,0.18849811288928248
1388,0.2336,46,365,46,221104,384506,18603,89353,3.561691800363111,0.18856453079924618
1389,0.2337,50,365,50,221469,384141,18653,89303,3.5583107932861537,0.18862420898775778
1390,0.2338,44,384,44,221853,383757,18697,89259,3.5547537885805327,0.18870186209345985
1391,0.2339,39,228,39,222081,383529,18736,89220,3.5526418170365703,0.18872594125000794
1392,0.234,33,318,33,222399,383211,18769,89187,3.5496961725147282,0.18879631158472304
1393,0.2341,46,319,46,222718,382892,18815,89141,3.5467412649597985,0.18884484771191845
1394,0.2342,39,297,39,223015,382595,18854,89102,3.543990144132795,0.18889668579617847
1395,0.2343,27,220,27,223235,382375,18881,89075,3.5419522768535328,0.18893838158871568
1396,0.2344,51,391,51,223626,381984,18932,89024,3.5383304309162993,0.1890074053943882
1397,0.2345,56,413,56,224039,381571,18988,88968,3.5345047982511395,0.18907678215833332
1398,0.2346,64,451,64,224490,381120,19052,88904,3.5303271703286523,0.18914778819804945
1399,0.2347,56,475,56,224965,380645,19108,88848,3.5259272296120643,0.18924243811941818
1400,0.2348,67,453,67,225418,380192,19175,88781,3.521731075623402,0.18930940587197984
1401,0.2349,75,509,75,225927,379683,19250,88706,3.517016191781837,0.1893853186133748
1402,0.235,74,458,74,226385,379225,19324,88632,3.5127737226277373,0.18944250059312995
1403,0.2351,49,405,49,226790,378820,19373,88583,3.5090221942272777,0.18952167615526644
1404,0.2352,53,398,53,227188,378422,19426,88530,3.5053355070584313,0.18959122136750672
1405,0.2353,39,258,39,227446,378164,19465,88491,3.502945644521842,0.18962831213637485
1406,0.2354,41,413,41,227859,377751,19506,88450,3.4991200118566823,0.1897250327648375
1407,0.2355,46,356,46,228215,377395,19552,88404,3.4958223720775132,0.18979001672395174
1408,0.2356,47,260,47,228475,377135,19599,88357,3.493413983474749,0.1898142180746393
1409,0.2357,47,437,47,228912,376698,19646,88310,3.4893660380154876,0.18991071121357053
1410,0.2358,45,393,45,229305,376305,19691,88265,3.485725666012079,0.1899928966571238
1411,0.2359,32,322,32,229627,375983,19723,88233,3.4827429693578864,0.19006884726075793
1412,0.236,53,372,53,229999,375611,19776,88180,3.479297121049316,0.19012874333482108
1413,0.2361,85,487,85,230486,375124,19861,88095,3.4747860239356774,0.19018002284016847
1414,0.2362,64,463,64,230949,374661,19925,88031,3.4704972396161398,0.190258314386244
1415,0.2363,35,231,35,231180,374430,19960,87996,3.468357478972915,0.19029206835255802
1416,0.2364,47,402,47,231582,374028,20007,87949,3.464633739671718,0.1903752784229518
1417,0.2365,38,312,38,231894,373716,20045,87911,3.4617436733484013,0.19043730111107018
1418,0.2366,44,325,44,232219,373391,20089,87867,3.4587331875949463,0.19049425701017653
1419,0.2367,56,385,56,232604,373006,20145,87811,3.4551669198562376,0.19055503594702453
1420,0.2368,53,489,53,233093,372517,20198,87758,3.450637296676424,0.19066427679104883
1421,0.2369,36,262,36,233355,372255,20234,87722,3.4482103820074843,0.19070953547677383
1422,0.237,57,343,57,233698,371912,20291,87665,3.4450331616584533,0.19075149539685407
1423,0.2371,55,400,55,234098,371512,20346,87610,3.4413279484234316,0.1908207404567849
1424,0.2372,65,523,65,234621,370989,20411,87545,3.436483382118641,0.1909236828675736
1425,0.2373,38,367,38,234988,370622,20449,87507,3.4330838489755084,0.19100951915290235
1426,0.2374,41,260,41,235248,370362,20490,87466,3.4306754603727443,0.19104554548869881
1427,0.2375,47,483,47,235731,369879,20537,87419,3.4262014153914557,0.19116418615432387
1428,0.2376,46,357,46,236088,369522,20583,87373,3.422894512579199,0.19123212116569452
1429,0.2377,27,282,27,236370,369240,20610,87346,3.4202823372485085,0.19130240524238587
1430,0.2378,60,474,60,236844,368766,20670,87286,3.415891659565008,0.19139484093919115
1431,0.2379,49,370,49,237214,368396,20719,87237,3.412464337322613,0.19146330489670416
1432,0.238,69,487,69,237701,367909,20788,87168,3.407953240208974,0.19154560656767974
1433,0.2381,48,419,48,238120,367490,20836,87120,3.4040720293452886,0.19163678757616417
1434,0.2382,44,286,44,238406,367204,20880,87076,3.4014228018822483,0.19167914061812097
1435,0.2383,62,400,62,238806,366804,20942,87014,3.3977175886472266,0.19173765694617667
1436,0.2384,47,371,47,239177,366433,20989,86967,3.394281003371744,0.19181076312307013
1437,0.2385,48,348,48,239525,366085,21037,86919,3.391057467857275,0.1918724779472146
1438,0.2386,39,274,39,239799,365811,21076,86880,3.388519396791285,0.19191899109988933
1439,0.2387,52,445,52,240244,365366,21128,86828,3.3843973470673236,0.1920149316443827
1440,0.2388,44,374,44,240618,364992,21172,86784,3.3809329726925785,0.1920951976200595
1441,0.2389,34,298,34,240916,364694,21206,86750,3.3781725888324874,0.19216115398587644
1442,0.239,50,359,50,241275,364335,21256,86700,3.3748471599540553,0.1922245502012039
1443,0.2391,57,331,57,241606,364004,21313,86643,3.371781096002075,0.1922635677148633
1444,0.2392,48,411,48,242017,363593,21361,86595,3.3679739894030902,0.19235297253591832
1445,0.2393,50,376,50,242393,363217,21411,86545,3.3644910889621698,0.19242399313414651
1446,0.2394,69,384,69,242777,362833,21480,86476,3.360934084256549,0.19246442871164388
1447,0.2395,62,479,62,243256,362354,21542,86414,3.3564970914076104,0.19255829292641186
1448,0.2396,49,379,49,243635,361975,21591,86365,3.3529864018674274,0.1926328233037427
1449,0.2397,35,244,35,243879,361731,21626,86330,3.3507262217940643,0.19267465813806603
1450,0.2398,58,356,58,244235,361375,21684,86272,3.347428582014895,0.1927232841949125
1451,0.2399,67,438,67,244673,360937,21751,86205,3.343371373522546,0.1927911043918934
1452,0.24,54,311,54,244984,360626,21805,86151,3.340490570232317,0.19282774180407675
1453,0.2401,51,314,51,245298,360312,21856,86100,3.337581977842825,0.1928711593774361
1454,0.2402,60,441,60,245739,359871,21916,86040,3.3334969802512133,0.1929533023406016
1455,0.2403,39,330,39,246069,359541,21955,86001,3.3304401793323204,0.19302557334662052
1456,0.2404,22,223,22,246292,359318,21977,85979,3.328374522953796,0.19308236974423812
1457,0.2405,78,444,78,246736,358874,22055,85901,3.324261736262922,0.1931336068798831
1458,0.2406,37,315,37,247051,358559,22092,85864,3.321343880840342,0.1932033220602894
1459,0.2407,35,310,35,247361,358249,22127,85829,3.3184723405832006,0.19327460491174975
1460,0.2408,38,273,38,247634,357976,22165,85791,3.3159435325502984,0.19332442475443196
1461,0.2409,36,286,36,247920,357690,22201,85755,3.3132943050872576,0.19338362141866522
1462,0.241,43,315,43,248235,357375,22244,85712,3.310376449664678,0.1934428227413578
1463,0.2411,66,467,66,248702,356908,22310,85646,3.3060506132127903,0.1935266656724377
1464,0.2412,46,333,46,249035,356575,22356,85600,3.3029660231946347,0.1935885113360095
1465,0.2413,58,371,58,249406,356204,22414,85542,3.299529437919152,0.19364521693461853
1466,0.2414,52,345,52,249751,355859,22466,85490,3.296333691503946,0.19370158310090202
1467,0.2415,49,392,49,250143,355467,22515,85441,3.2927025825336247,0.1937841908062453
1468,0.2416,57,447,57,250590,355020,22572,85384,3.288562006743488,0.19387653154830564
1469,0.2417,58,378,58,250968,354642,22630,85326,3.285060580236393,0.19393683176958323
1470,0.2418,46,339,46,251307,354303,22676,85280,3.2819204120197116,0.19400204284515096
1471,0.2419,42,333,42,251640,353970,22718,85238,3.278835822001556,0.1940720569752828
1472,0.242,82,452,82,252092,353518,22800,85156,3.2746489310459816,0.19412137487063286
1473,0.2421,36,251,36,252343,353267,22836,85120,3.2723239097410057,0.19416634161140728
1474,0.2422,51,400,51,252743,352867,22887,85069,3.268618696505984,0.19424984472617005
1475,0.2423,46,355,46,253098,352512,22933,85023,3.265330319759902,0.1943227398950941
1476,0.2424,59,494,59,253592,352018,22992,84964,3.2607543814146505,0.1944336379988192
1477,0.2425,33,271,33,253863,351747,23025,84931,3.258244099447923,0.19449342536147918
1478,0.2426,51,410,51,254273,351337,23076,84880,3.254446255882026,0.194582054344512
1479,0.2427,51,312,51,254585,351025,23127,84829,3.251556189558709,0.19462709990042537
1480,0.2428,49,369,49,254954,350656,23176,84780,3.2481381303494015,0.1947014027319744
1481,0.2429,41,354,41,255308,350302,23217,84739,3.2448590166364073,0.19478393990451476
1482,0.243,43,271,43,255579,350031,23260,84696,3.2423487346696804,0.19482571820935898
1483,0.2431,62,468,62,256047,349563,23322,84634,3.238013635184705,0.19492073874301297
1484,0.2432,48,402,48,256449,349161,23370,84586,3.2342898958835082,0.1950122997968862
1485,0.2433,39,253,39,256702,348908,23409,84547,3.231946348512357,0.19505369646214715
1486,0.2434,80,523,80,257225,348385,23489,84467,3.227101782207566,0.19514060233058875
1487,0.2435,63,348,63,257573,348037,23552,84404,3.223878246693097,0.19518038298866203
1488,0.2436,45,295,45,257868,347742,23597,84359,3.2211456519322685,0.19522981895436484
1489,0.2437,60,466,60,258334,347276,23657,84299,3.2168290785134683,0.1953287377628454
1490,0.2438,70,467,70,258801,346809,23727,84229,3.2125032420615804,0.19540968545696666
1491,0.2439,56,439,56,259240,346370,23783,84173,3.2084367705361445,0.19550428180228224
1492,0.244,44,282,44,259522,346088,23827,84129,3.205824595205454,0.19555015259741015
1493,0.2441,50,402,50,259924,345686,23877,84079,3.2021008559042574,0.19563947738880552
1494,0.2442,49,433,49,260357,345253,23926,84030,3.1980899625773462,0.19574499805489617
1495,0.2443,43,321,43,260678,344932,23969,83987,3.1951165289562415,0.19581086405591733
1496,0.2444,65,417,65,261095,344515,24034,83922,3.1912538441587315,0.19587944085128034
1497,0.2445,46,288,46,261383,344227,24080,83876,3.188586090629516,0.19592481248671464
1498,0.2446,54,325,54,261708,343902,24134,83822,3.1855756048760604,0.19597216896877426
1499,0.2447,73,469,73,262177,343433,24207,83749,3.1812312423579976,0.196049927197307
1500,0.2448,47,498,47,262675,342935,24254,83702,3.1766182518803956,0.19619020385011146
1501,0.2449,71,539,71,263214,342396,24325,83631,3.171625477046204,0.19630445957650572
1502,0.245,63,373,63,263587,342023,24388,83568,3.168170365704546,0.19635753575616025
1503,0.2451,53,433,53,264020,341590,24441,83515,3.1641594723776354,0.19645734583220617
1504,0.2452,87,641,87,264661,340949,24528,83428,3.1582218681685132,0.19658935333441727
1505,0.2453,38,263,38,264924,340686,24566,83390,3.1557856904664865,0.19663928163819694
1506,0.2454,35,392,35,265316,340294,24601,83355,3.152154581496165,0.19675486074557003
1507,0.2455,83,438,83,265754,339856,24684,83272,3.148097373003816,0.1968009680285871
1508,0.2456,48,348,48,266102,339508,24732,83224,3.1448738374893477,0.1968717769177635
1509,0.2457,57,403,57,266505,339105,24789,83167,3.1411408351550634,0.19695125416792966
1510,0.2458,69,517,69,267022,338588,24858,83098,3.1363518470487977,0.1970613205086249
1511,0.2459,69,407,69,267429,338181,24927,83029,3.132581792582163,0.19712020132475488
1512,0.246,48,406,48,267835,337775,24975,82981,3.128821001148616,0.1972188156556294
1513,0.2461,57,403,57,268238,337372,25032,82924,3.125087998814332,0.19729904638635629
1514,0.2462,63,520,63,268758,336852,25095,82861,3.1202712216088035,0.19742300095541476
1515,0.2463,59,375,59,269133,336477,25154,82802,3.1167975842009707,0.19748663777580083
1516,0.2464,47,313,47,269446,336164,25201,82755,3.113898254844566,0.19754415531403446
1517,0.2465,51,400,51,269846,335764,25252,82704,3.1101930416095445,0.19763518357437126
1518,0.2466,60,418,60,270264,335346,25312,82644,3.106321093778947,0.1977176487475777
1519,0.2467,110,606,110,270870,334740,25422,82534,3.100707695727889,0.19779329649103466
1520,0.2468,49,331,49,271201,334409,25471,82485,3.097641631775909,0.19785604973926227
1521,0.2469,64,470,64,271671,333939,25535,82421,3.0932880062247583,0.19795609568642522
1522,0.247,48,291,48,271962,333648,25583,82373,3.09059246359628,0.19800202393629168
1523,0.2471,50,343,50,272305,333305,25633,82323,3.087415243247249,0.19806894626926
1524,0.2472,70,410,70,272715,332895,25703,82253,3.083617399681352,0.19812934182508407
1525,0.2473,40,343,40,273058,332552,25743,82213,3.0804401793323204,0.1982158571721336
1526,0.2474,66,431,66,273489,332121,25809,82147,3.0764478120715846,0.19829434086147132
1527,0.2475,51,357,51,273846,331764,25860,82096,3.073140909259328,0.198366597400087
1528,0.2476,49,326,49,274172,331438,25909,82047,3.070121160472785,0.19842799617882148
1529,0.2477,70,473,70,274645,330965,25979,81977,3.065739745822372,0.19851940466215595
1530,0.2478,40,299,40,274944,330666,26019,81937,3.0629700989291933,0.19858556530127022
1531,0.2479,54,415,54,275359,330251,26073,81883,3.0591259401978586,0.19868052623661236
1532,0.248,57,389,57,275748,329862,26130,81826,3.0555226203268,0.19875731136200228
1533,0.2481,58,432,58,276180,329430,26188,81768,3.0515209900329765,0.19885310726219485
1534,0.2482,79,434,79,276614,328996,26267,81689,3.047500833672978,0.19890913960821555
1535,0.2483,40,308,40,276922,328688,26307,81649,3.044647819482011,0.19898035029743844
1536,0.2484,65,441,65,277363,328247,26372,81584,3.0405628218903997,0.19906742047331705
1537,0.2485,40,338,40,277701,327909,26412,81544,3.0374319167068067,0.19915350479786448
1538,0.2486,60,446,60,278147,327463,26472,81484,3.0333006039497574,0.1992532039604154
1539,0.2487,86,590,86,278737,326873,26558,81398,3.0278354144281003,0.19937247563505614
1540,0.2488,60,468,60,279205,326405,26618,81338,3.0235003149431248,0.19948349818390507
1541,0.2489,42,313,42,279518,326092,26660,81296,3.0206009855867206,0.19955423331075045
1542,0.249,52,396,52,279914,325696,26712,81244,3.016932824484049,0.19964613948002163
1543,0.2491,40,342,40,280256,325354,26752,81204,3.0137648671681054,0.1997353391152062
1544,0.2492,56,317,56,280573,325037,26808,81148,3.010828485679351,0.19978088801900612
1545,0.2493,27,372,27,280945,324665,26835,81121,3.007382637370781,0.19991079041662355
1546,0.2494,81,511,81,281456,324154,26916,81040,3.0026492274630403,0.20000296154434666
1547,0.2495,43,302,43,281758,323852,26959,80997,2.9998517914705993,0.20006718554325192
1548,0.2496,36,303,36,282061,323549,26995,80961,2.9970450924450702,0.20014585547946898
1549,0.2497,54,377,54,282438,323172,27049,80907,2.993552928971062,0.2002256984401565
1550,0.2498,56,508,56,282946,322664,27105,80851,2.9888473081625846,0.2003667769475732
1551,0.2499,30,247,30,283193,322417,27135,80821,2.986559338989959,0.20043001899622556
1552,0.25,71,442,71,283635,321975,27206,80750,2.98246507836526,0.20050903221801478
1553,0.2501,57,367,57,284002,321608,27263,80693,2.9790655452221277,0.20057867119395675
1554,0.2502,86,650,86,284652,320958,27349,80607,2.9730445737152174,0.20073213551977886
1555,0.2503,60,420,60,285072,320538,27409,80547,2.9691540998184447,0.2008227682411459
1556,0.2504,54,348,54,285420,320190,27463,80493,2.9659305643039757,0.2008894812108325
1557,0.2505,40,419,40,285839,319771,27503,80453,2.9620493534402903,0.20101992883984968
1558,0.2506,51,293,51,286132,319478,27554,80402,2.959335284745637,0.20106531959587876
1559,0.2507,57,368,57,286500,319110,27611,80345,2.955926488569417,0.20113654854739582
1560,0.2508,40,312,40,286812,318798,27651,80305,2.9530364222461003,0.20121372177107164
1561,0.2509,46,297,46,287109,318501,27697,80259,2.950285301419097,0.20127144146855253
1562,0.251,56,507,56,287616,317994,27753,80203,2.9455889436437066,0.2014153798245592
1563,0.2511,60,410,60,288026,317584,27813,80143,2.9417911000778094,0.20150253817316904
1564,0.2512,77,610,77,288636,316974,27890,80066,2.9361406498944014,0.20165726375176304
1565,0.2513,36,312,36,288948,316662,27926,80030,2.9332505835710845,0.20174341806741755
1566,0.2514,44,404,44,289352,316258,27970,79986,2.9295083182037125,0.20186046981153027
1567,0.2515,72,405,72,289757,315853,28042,79914,2.9257567898032533,0.20192183784903744
1568,0.2516,43,351,43,290108,315502,28085,79871,2.9225054651895217,0.20201430042010962
1569,0.2517,54,343,54,290451,315159,28139,79817,2.9193282448404907,0.20208063274730617
1570,0.2518,86,507,86,290958,314652,28225,79731,2.9146318870651005,0.20216642198066348
1571,0.2519,64,378,64,291336,314274,28289,79667,2.911130460558005,0.20223079090523707
1572,0.252,61,430,61,291766,313844,28350,79606,2.907147356330357,0.20232812301436015
1573,0.2521,55,344,55,292110,313500,28405,79551,2.9039608729482382,0.20239358251219308
1574,0.2522,41,319,41,292429,313181,28446,79510,2.9010059653933085,0.20247471930856578
1575,0.2523,54,400,54,292829,312781,28500,79456,2.8973007521582868,0.20257140453348357
1576,0.2524,33,252,33,293081,312529,28533,79423,2.894966467820223,0.2026345062660734
1577,0.2525,55,294,55,293375,312235,28588,79368,2.8922431360924823,0.20267464753845094
1578,0.2526,64,473,64,293848,311762,28652,79304,2.887861721442069,0.20278929899300885
1579,0.2527,38,321,38,294169,311441,28690,79266,2.884888287820964,0.20287837177219759
1580,0.2528,50,420,50,294589,311021,28740,79216,2.8809978139241914,0.2029945904668189
1581,0.2529,51,318,51,294907,310703,28791,79165,2.8780521694023493,0.20305590610155233
1582,0.253,37,313,37,295220,310390,28828,79128,2.8751528400459447,0.20314337206496233
1583,0.2531,72,457,72,295677,309933,28900,79056,2.8709196339249323,0.2032345387658777
1584,0.2532,56,396,56,296073,309537,28956,79000,2.867251472822261,0.20332683888535713
1585,0.2533,61,339,61,296412,309198,29017,78939,2.86411130460558,0.20337921919322302
1586,0.2534,58,340,58,296752,308858,29075,78881,2.8609618733558118,0.2034383954154728
1587,0.2535,76,590,76,297342,308268,29151,78805,2.8554966838341547,0.20359208728069383
1588,0.2536,50,289,50,297631,307979,29201,78755,2.8528196672718513,0.2036412624698113
1589,0.2537,64,388,64,298019,307591,29265,78691,2.8492256104338805,0.20371386707120703
1590,0.2538,61,391,61,298410,307200,29326,78630,2.845603764496647,0.20379441723038644
1591,0.2539,53,357,53,298767,306843,29379,78577,2.8422968616843898,0.20387369622749207
1592,0.254,74,515,74,299282,306328,29453,78503,2.8375263996442994,0.2039934412768202
1593,0.2541,48,353,48,299635,305975,29501,78455,2.834256548964393,0.20408136721899955
1594,0.2542,42,262,42,299897,305713,29543,78413,2.831829634295454,0.20413353951567975
1595,0.2543,37,354,37,300251,305359,29580,78376,2.8285505205824597,0.20424511707298004
1596,0.2544,57,366,57,300617,304993,29637,78319,2.8251602504724147,0.2043218057352757
1597,0.2545,71,565,71,301182,304428,29708,78248,2.8199266367779465,0.20447584902110402
1598,0.2546,45,335,45,301517,304093,29753,78203,2.816823520693616,0.204561386988093
1599,0.2547,72,475,72,301992,303618,29825,78131,2.8124235799770276,0.2046658930344284
1600,0.2548,43,354,43,302346,303264,29868,78088,2.8091444662640335,0.20476620025593154
1601,0.2549,52,362,52,302708,302902,29920,78036,2.8057912482863387,0.20485223317180223
1602,0.255,71,355,71,303063,302547,29991,77965,2.8025028715402573,0.2048949836010428
1603,0.2551,74,454,74,303517,302093,30065,77891,2.7982974545185075,0.20498494673459935
1604,0.2552,64,403,64,303920,301690,30129,77827,2.7945644521842232,0.2050685476539918
1605,0.2553,42,288,42,304208,301402,30171,77785,2.7918966986550076,0.20513625203395686
1606,0.2554,69,407,69,304615,300995,30240,77716,2.788126644188373,0.20521188980515487
1607,0.2555,73,375,73,304990,300620,30313,77643,2.78465300678054,0.20526194737523892
1608,0.2556,32,227,32,305217,300393,30345,77611,2.7825502982696655,0.2053179331435646
1609,0.2557,71,487,71,305704,299906,30416,77540,2.7780392011560266,0.20543336000381512
1610,0.2558,48,393,48,306097,299513,30464,77492,2.774398829152618,0.20554634553918383
1611,0.2559,66,420,66,306517,299093,30530,77426,2.770508355255845,0.20563636894818058
1612,0.256,50,297,50,306814,298796,30580,77376,2.7677572344288413,0.20569314037195752
1613,0.2561,40,431,40,307245,298365,30620,77336,2.7637648671681054,0.20584454127085103
1614,0.2562,84,486,84,307731,297879,30704,77252,2.7592630330875543,0.2059333939343856
1615,0.2563,70,407,70,308138,297472,30774,77182,2.7554929786209197,0.20600874406785993
1616,0.2564,67,449,67,308587,297023,30841,77115,2.751333876764608,0.20611378689146787
1617,0.2565,70,442,70,309029,296581,30911,77045,2.747239616139909,0.2062088826794709
1618,0.2566,68,533,68,309562,296048,30979,76977,2.7423024195042425,0.20635882313517862
1619,0.2567,72,450,72,310012,295598,31051,76905,2.738134054614843,0.20645471311640443
1620,0.2568,68,413,68,310425,295185,31119,76837,2.734308421949683,0.20653886060501797
1621,0.2569,42,272,42,310697,294913,31161,76795,2.7317888769498686,0.20660034220409568
1622,0.257,51,280,51,310977,294633,31212,76744,2.7291952276853535,0.20664715370095618
1623,0.2571,45,307,45,311284,294326,31257,76699,2.726351476527474,0.2067219190081531
1624,0.2572,70,447,70,311731,293879,31327,76629,2.7222109007373376,0.2068214451509819
1625,0.2573,69,483,69,312214,293396,31396,76560,2.7177368557560486,0.20694352841959585
1626,0.2574,61,429,61,312643,292967,31457,76499,2.713763014561488,0.20705288172660002
1627,0.2575,71,413,71,313056,292554,31528,76428,2.709937381896328,0.20713205522220596
1628,0.2576,61,369,61,313425,292185,31589,76367,2.706519322687021,0.20720820942499293
1629,0.2577,79,429,79,313854,291756,31668,76288,2.70254548149246,0.20727956439990872
1630,0.2578,66,352,66,314206,291404,31734,76222,2.6992848938456406,0.20733571618982335
1631,0.2579,58,359,58,314565,291045,31792,76164,2.695959464967209,0.20741321699631546
1632,0.258,60,361,60,314926,290684,31852,76104,2.692615510022602,0.2074877040688354
1633,0.2581,64,467,64,315393,290217,31916,76040,2.688289673570714,0.20761377939534262
1634,0.2582,90,481,90,315874,289736,32006,75950,2.6838341546556004,0.20769184491613024
1635,0.2583,44,259,44,316133,289477,32050,75906,2.681435029085924,0.20774365528773917
1636,0.2584,40,293,40,316426,289184,32090,75866,2.6787209603912707,0.207823585810163
1637,0.2585,55,279,55,316705,288905,32145,75811,2.676136574159843,0.207863104442909
1638,0.2586,59,314,59,317019,288591,32204,75752,2.673227981770351,0.2079139711755132
1639,0.2587,69,418,69,317437,288173,32273,75683,2.6693560339397533,0.2080026164196825
1640,0.2588,41,272,41,317709,287901,32314,75642,2.6668364889399383,0.20806892169564536
1641,0.2589,70,435,70,318144,287466,32384,75572,2.662807069546852,0.20816553639012997
1642,0.259,82,507,82,318651,286959,32466,75490,2.6581107117714624,0.20827757836274896
1643,0.2591,59,340,59,318991,286619,32525,75431,2.654961280521694,0.20834415136030934
1644,0.2592,57,398,57,319389,286221,32582,75374,2.6512745933528477,0.2084486787704476
1645,0.2593,105,679,105,320068,285542,32687,75269,2.644984993886398,0.2086106022266505
1646,0.2594,87,479,87,320547,285063,32774,75182,2.64054800103746,0.20869685908201363
1647,0.2595,64,362,64,320909,284701,32838,75118,2.637194783059765,0.20876607405389933
1648,0.2596,44,340,44,321249,284361,32882,75074,2.6340453518099967,0.20886669356072726
1649,0.2597,60,384,60,321633,283977,32942,75014,2.630488347104376,0.2089578847380575
1650,0.2598,87,493,87,322126,283484,33029,74927,2.6259216717922116,0.20905329356520866
1651,0.2599,74,431,74,322557,283053,33103,74853,2.6219293045314758,0.20914150642906237
1652,0.26,64,409,64,322966,282644,33167,74789,2.6181407239986663,0.20923921406249563
1653,0.2601,71,394,71,323360,282250,33238,74718,2.6144910889621698,0.20931287958584524
1654,0.2602,51,305,51,323665,281945,33289,74667,2.6116658638704657,0.20937882067905736
1655,0.2603,61,328,61,323993,281617,33350,74606,2.608627589017748,0.2094362239383757
1656,0.2604,85,519,85,324512,281098,33435,74521,2.6038200748453075,0.20955292040076598
1657,0.2605,66,416,66,324928,280682,33501,74455,2.5999666530808847,0.209651486609393
1658,0.2606,78,425,78,325353,280257,33579,74377,2.596029864018674,0.20972890360202348
1659,0.2607,94,506,94,325859,279751,33673,74283,2.591342769276372,0.20981883095973833
1660,0.2608,70,521,70,326380,279230,33743,74213,2.586516729037756,0.20997162201543107
1661,0.2609,29,249,29,326629,278981,33772,74184,2.584210233798955,0.21005479025384735
1662,0.261,48,241,48,326870,278740,33820,74136,2.5819778428248545,0.21009079676713632
1663,0.2611,83,496,83,327366,278244,33903,74053,2.577383378413428,0.21020048425050455
1664,0.2612,49,282,49,327648,277962,33952,74004,2.5747712030827374,0.21025894546632345
1665,0.2613,48,318,48,327966,277644,34000,73956,2.5718255585608953,0.21034129692832765
1666,0.2614,54,294,54,328260,277350,34054,73902,2.569102226833154,0.2103959550408254
1667,0.2615,56,367,56,328627,276983,34110,73846,2.565702693690022,0.2104900108029838
1668,0.2616,36,285,36,328912,276698,34146,73810,2.5630627292600687,0.21058007235212892
1669,0.2617,88,515,88,329427,276183,34234,73722,2.5582922672199784,0.21069147339992284
1670,0.2618,49,366,49,329793,275817,34283,73673,2.554901997109934,0.21080145354659646
1671,0.2619,54,311,54,330104,275506,34337,73619,2.552021193819704,0.2108671679197995
1672,0.262,45,290,45,330394,275216,34382,73574,2.5493349142243136,0.21094068063877977
1673,0.2621,37,258,37,330652,274958,34419,73537,2.546945051687725,0.2110130704888162
1674,0.2622,65,352,65,331004,274606,34484,73472,2.5436844640409055,0.21107912594303577
1675,0.2623,40,310,40,331314,274296,34524,73432,2.5408129237837636,0.2111765517876041
1676,0.2624,77,458,77,331772,273838,34601,73355,2.536570454629664,0.21128018134006157
1677,0.2625,51,347,51,332119,273491,34652,73304,2.5333561821482826,0.2113755965339754
1678,0.2626,65,378,65,332497,273113,34717,73239,2.5298547556411872,0.21145828521273155
1679,0.2627,73,375,73,332872,272738,34790,73166,2.5263811182333544,0.21152111568527684
1680,0.2628,64,408,64,333280,272330,34854,73102,2.522601800733632,0.21162486393848862
1681,0.2629,52,316,52,333596,272014,34906,73050,2.519674682277965,0.21169985857695964
1682,0.263,71,402,71,333998,271612,34977,72979,2.5159509429767684,0.2117844052804629
1683,0.2631,67,373,67,334371,271239,35044,72912,2.5124958316351105,0.2118604914703139
1684,0.2632,59,369,59,334740,270870,35103,72853,2.5090777724258033,0.21195264791707277
1685,0.2633,48,298,48,335038,270572,35151,72805,2.506317388565712,0.2120264315897687
1686,0.2634,46,386,46,335424,270186,35197,72759,2.5027418577939162,0.21215938415780955
1687,0.2635,43,307,43,335731,269879,35240,72716,2.499898106636037,0.21225061661728864
1688,0.2636,73,345,73,336076,269534,35313,72643,2.496702360220831,0.2122965599675022
1689,0.2637,41,245,41,336321,269289,35354,72602,2.4944329171143798,0.2123542298568842
1690,0.2638,50,261,50,336582,269028,35404,72552,2.4920152654785284,0.21240119444932373
1691,0.2639,47,285,47,336867,268743,35451,72505,2.4893753010485753,0.21247010971492875
1692,0.264,85,452,85,337319,268291,35536,72420,2.485188410093001,0.21255550892105038
1693,0.2641,51,241,51,337560,268050,35587,72369,2.4829560191189004,0.21258801653256723
1694,0.2642,52,272,52,337832,267778,35639,72317,2.4804364741190854,0.2126376453637954
1695,0.2643,63,414,63,338246,267364,35702,72254,2.476601578420838,0.2127507964831075
1696,0.2644,75,354,75,338600,267010,35777,72179,2.473322464707844,0.21279876411086446
1697,0.2645,93,417,93,339017,266593,35870,72086,2.4694597799103337,0.21284461097381296
1698,0.2646,59,340,59,339357,266253,35929,72027,2.4663103486605653,0.21292124866974105
1699,0.2647,43,339,43,339696,265914,35972,71984,2.4631701804438846,0.21303470278012893
1700,0.2648,63,334,63,340030,265580,36035,71921,2.4600763273926414,0.21309862785591746
1701,0.2649,50,295,50,340325,265285,36085,71871,2.457343732631813,0.21316838496126422
1702,0.265,53,300,53,340625,264985,36138,71818,2.4545648227055468,0.21323444268608058
1703,0.2651,53,249,53,340874,264736,36191,71765,2.4522583274667458,0.21326831123830242
1704,0.2652,79,506,79,341380,264230,36270,71686,2.447571232724443,0.21340454161159336
1705,0.2653,50,284,50,341664,263946,36320,71636,2.444940531327578,0.2134679452414015
1706,0.2654,67,432,67,342096,263514,36387,71569,2.4409389010337543,0.21358588767559084
1707,0.2655,61,336,61,342432,263178,36448,71508,2.437826521916336,0.2136569799752604
1708,0.2656,43,296,43,342728,262882,36491,71465,2.4350846641224204,0.21374500145058875
1709,0.2657,50,285,50,343013,262597,36541,71415,2.4324446996924673,0.21380968348442572
1710,0.2658,85,415,85,343428,262182,36626,71330,2.428600540961132,0.21387536280553623
1711,0.2659,71,382,71,343810,261800,36697,71259,2.4250620623216865,0.21395308338762803
1712,0.266,62,343,62,344153,261457,36759,71197,2.4218848419726555,0.21402718740793739
1713,0.2661,71,457,71,344610,261000,36830,71126,2.417651635851643,0.2141536645730837
1714,0.2662,58,301,58,344911,260699,36888,71068,2.4148634628922894,0.21421057549424746
1715,0.2663,50,322,50,345233,260377,36938,71018,2.411880766238097,0.21430015540367237
1716,0.2664,57,302,57,345535,260075,36995,70961,2.4090833302456556,0.2143603716816298
1717,0.2665,70,401,70,345936,259674,37065,70891,2.4053688539775466,0.21445404080891806
1718,0.2666,69,334,69,346270,259340,37134,70822,2.4022750009263034,0.21450681786516923
1719,0.2667,65,395,65,346665,258945,37199,70757,2.3986161028567192,0.21460894990021293
1720,0.2668,40,287,40,346952,258658,37239,70717,2.3959576123605912,0.21470056925996206
1721,0.2669,68,382,68,347334,258276,37307,70649,2.3924191337211456,0.21478756555445772
1722,0.267,55,347,55,347681,257929,37362,70594,2.3892048612397643,0.21488297622997476
1723,0.2671,50,339,50,348020,257590,37412,70544,2.3860646930230835,0.21498534135444666
1724,0.2672,50,258,50,348278,257332,37462,70494,2.3836748304864943,0.2150348050490199
1725,0.2673,45,229,45,348507,257103,37507,70449,2.3815535959094447,0.21507730070339975
1726,0.2674,35,248,35,348755,256855,37542,70414,2.379256363703731,0.21515633928053068
1727,0.2675,71,379,71,349134,256476,37613,70343,2.3757456741635483,0.21523534433432573
1728,0.2676,70,392,70,349526,256084,37683,70273,2.3721145651932267,0.21532554840251628
1729,0.2677,32,238,32,349764,255846,37715,70241,2.369909963318389,0.21540570461257272
1730,0.2678,42,244,42,350008,255602,37757,70199,2.367649783245026,0.2154658825479357
1731,0.2679,56,341,56,350349,255261,37813,70143,2.3644910889621698,0.21555666187262604
1732,0.268,49,305,49,350654,254956,37862,70094,2.3616658638704657,0.2156406706660514
1733,0.2681,75,373,75,351027,254583,37937,70019,2.358210752528808,0.21570723532202513
1734,0.2682,59,311,59,351338,254272,37996,69960,2.3553299492385786,0.2157714229317279
1735,0.2683,58,230,58,351568,254042,38054,69902,2.3531994516284414,0.21578420961647693
1736,0.2684,73,395,73,351963,253647,38127,69829,2.349540553558857,0.2158707292040213
1737,0.2685,53,272,53,352235,253375,38180,69776,2.3470210085590426,0.21592382508486743
1738,0.2686,74,268,74,352503,253107,38254,69702,2.344538515691578,0.21592334786204845
1739,0.2687,44,294,44,352797,252813,38298,69658,2.341815183963837,0.21601322289446181
1740,0.2688,88,468,88,353265,252345,38386,69570,2.337480084478862,0.2161129490704068
1741,0.2689,50,386,50,353651,251959,38436,69520,2.333904553707066,0.21625051714108853
1742,0.269,52,256,52,353907,251703,38488,69468,2.331533217236652,0.21629599185480633
1743,0.2691,54,450,54,354357,251253,38542,69414,2.3273648523472525,0.21646755044953175
1744,0.2692,52,300,52,354657,250953,38594,69362,2.3245859424209865,0.21654309039539205
1745,0.2693,42,233,42,354890,250720,38636,69320,2.322427655711586,0.21659792525934257
1746,0.2694,31,164,31,355054,250556,38667,69289,2.3209085182852274,0.21663305663680846
1747,0.2695,60,356,60,355410,250200,38727,69229,2.317610878506058,0.21672734786134007
1748,0.2696,52,315,52,355725,249885,38779,69177,2.3146930230834784,0.21681366004099517
1749,0.2697,68,489,68,356214,249396,38847,69109,2.3101633999036646,0.21697932528531735
1750,0.2698,57,190,57,356404,249206,38904,69052,2.308403423617029,0.2169686229411358
1751,0.2699,40,260,40,356664,248946,38944,69012,2.305995035014265,0.21704753458003886
1752,0.27,51,380,51,357044,248566,38995,68961,2.3024750824409943,0.21718153101940937
1753,0.2701,59,356,59,357400,248210,39054,68902,2.299177442661825,0.21727969928605667
1754,0.2702,56,293,56,357693,247917,39110,68846,2.2964633739671716,0.21734230323617343
1755,0.2703,61,337,61,358030,247580,39171,68785,2.2933417318166662,0.21742291340698244
1756,0.2704,51,330,51,358360,247250,39222,68734,2.2902849308977733,0.21752367208466253
1757,0.2705,72,377,72,358737,246873,39294,68662,2.286792767423765,0.21760502004531984
1758,0.2706,49,346,49,359083,246527,39343,68613,2.2835877579754715,0.2177222821603097
1759,0.2707,70,356,70,359439,246171,39413,68543,2.280290118196302,0.21779456903728464
1760,0.2708,57,381,57,359820,245790,39470,68486,2.276760902589944,0.21791673560819153
1761,0.2709,36,296,36,360116,245494,39506,68450,2.2740190447960282,0.2180325153530566
1762,0.271,64,359,64,360475,245135,39570,68386,2.270693615917596,0.21812255000462488
1763,0.2711,97,517,97,360992,244618,39667,68289,2.2659046278113304,0.21824056349011048
1764,0.2712,43,240,43,361232,244378,39710,68246,2.2636814998703176,0.21830057833051844
1765,0.2713,58,487,58,361719,243891,39768,68188,2.259170402756679,0.21849595775428657
1766,0.2714,73,383,73,362102,243508,39841,68115,2.2556226610841454,0.21858142691649846
1767,0.2715,58,426,58,362528,243082,39899,68057,2.251676608988847,0.21873503482366402
1768,0.2716,36,187,36,362715,242895,39935,68021,2.249944421801475,0.21877613246021432
1769,0.2717,67,384,67,363099,242511,40002,67954,2.2463874170958538,0.21887813441128628
1770,0.2718,91,441,91,363540,242070,40093,67863,2.2423024195042425,0.21896022688774672
1771,0.2719,56,312,56,363852,241758,40149,67807,2.2394123531809256,0.21903962011209277
1772,0.272,60,430,60,364282,241328,40209,67747,2.2354292489532774,0.21919275256814688
1773,0.2721,95,499,95,364781,240829,40304,67652,2.2308069954425878,0.21930686168678135
1774,0.2722,72,355,72,365136,240474,40376,67580,2.227518618696506,0.2193771221928623
1775,0.2723,50,264,50,365400,240210,40426,67530,2.2250731779613915,0.21943848703450966
1776,0.2724,57,326,57,365726,239884,40483,67473,2.222053429174849,0.21952647898046895
1777,0.2725,84,513,84,366239,239371,40567,67389,2.217301493200934,0.21967988003651062
1778,0.2726,73,376,73,366615,238995,40640,67316,2.2138185927600134,0.21976357362288654
1779,0.2727,71,371,71,366986,238624,40711,67245,2.210382007484531,0.21984902033223375
1780,0.2728,70,351,70,367337,238273,40781,67175,2.2071306828707993,0.2199228673947775
1781,0.2729,46,320,46,367657,237953,40827,67129,2.204166512282782,0.22003592476776734
1782,0.273,74,328,74,367985,237625,40901,67055,2.2011282374300642,0.22008336615465407
1783,0.2731,96,510,96,368495,237115,40997,66959,2.1964040905554114,0.22020626558008904
1784,0.2732,42,318,42,368813,236797,41039,66917,2.1934584460335693,0.2203289937243591
1785,0.2733,64,322,64,369135,236475,41103,66853,2.190475749379377,0.22039838063086822
1786,0.2734,72,354,72,369489,236121,41175,66781,2.187196635666383,0.22047064727205498
1787,0.2735,77,468,77,369957,235653,41252,66704,2.182861536181407,0.2206133808709572
1788,0.2736,53,276,53,370233,235377,41305,66651,2.1803049390492424,0.22067821526480988
1789,0.2737,63,316,63,370549,235061,41368,66588,2.177377820593575,0.22074662936061448
1790,0.2738,64,392,64,370941,234669,41432,66524,2.173746711623254,0.22086834687393134
1791,0.2739,52,303,52,371244,234366,41484,66472,2.170940012597725,0.22095612921240004
1792,0.274,52,292,52,371536,234074,41536,66420,2.168235206936159,0.2210360273416441
1793,0.2741,84,432,84,371968,233642,41620,66336,2.164233576642336,0.2211362166558881
1794,0.2742,75,431,75,372399,233211,41695,66261,2.1602412093815997,0.22125941657316878
1795,0.2743,36,199,36,372598,233012,41731,66225,2.1583978657971765,0.2213128724054846
1796,0.2744,61,367,61,372965,232645,41792,66164,2.1549983326540443,0.2214257268020709
1797,0.2745,88,568,88,373533,232077,41880,66076,2.1497369298603135,0.22161776000912284
1798,0.2746,61,281,61,373814,231796,41941,66015,2.1471340175627107,0.2216674333721723
1799,0.2747,40,241,40,374055,231555,41981,65975,2.1449016265886103,0.22174234530971668
1800,0.2748,63,337,63,374392,231218,42044,65912,2.1417799844381045,0.22182882913202975
1801,0.2749,53,268,53,374660,230950,42097,65859,2.1392974915706398,0.221890171793982
1802,0.275,47,294,47,374954,230656,42144,65812,2.136574159842899,0.22198685861543235
1803,0.2751,66,282,66,375236,230374,42210,65746,2.133961984512209,0.2220248547885992
1804,0.2752,55,310,55,375546,230064,42265,65691,2.131090444255067,0.22211289749961963
1805,0.2753,64,272,64,375818,229792,42329,65627,2.1285708992552523,0.22214888006526323
1806,0.2754,61,379,61,376197,229413,42390,65566,2.1250602097150693,0.22227344997440496
1807,0.2755,45,249,45,376446,229164,42435,65521,2.1227537144762683,0.22234250131496344
1808,0.2756,80,401,80,376847,228763,42515,65441,2.119039238208159,0.22243409335019237
1809,0.2757,45,248,45,377095,228515,42560,65396,2.1167420060024456,0.22250273041839197
1810,0.2758,59,400,59,377495,228115,42619,65337,2.113036792767424,0.22264970080285704
1811,0.2759,66,297,66,377792,227818,42685,65271,2.1102856719404204,0.22270027193105166
1812,0.276,75,405,75,378197,227413,42760,65196,2.1065341435399607,0.22280927791011212
1813,0.2761,42,293,42,378490,227120,42802,65154,2.1038200748453075,0.22292095773144377
1814,0.2762,74,414,74,378904,226706,42876,65080,2.09998517914706,0.2230401732776761
1815,0.2763,48,321,48,379225,226385,42924,65032,2.097011745525955,0.223157880288384
1816,0.2764,45,303,45,379528,226082,42969,64987,2.0942050465004263,0.22327008372585194
1817,0.2765,53,319,53,379847,225763,43022,64934,2.0912501389454965,0.2233734782264695
1818,0.2766,76,428,76,380275,225335,43098,64858,2.0872855607840233,0.22349953306937106
1819,0.2767,72,352,72,380627,224983,43170,64786,2.084024973137204,0.22357809151427516
1820,0.2768,60,363,60,380990,224620,43230,64726,2.080662492126422,0.22369758005985912
1821,0.2769,51,336,51,381326,224284,43281,64675,2.0775501130090035,0.22382068044255413
1822,0.277,48,263,48,381589,224021,43329,64627,2.0751139353069767,0.22389554058922978
1823,0.2771,55,369,55,381958,223652,43384,64572,2.0716958760976696,0.224034084600866
1824,0.2772,83,442,83,382400,223210,43467,64489,2.0676016154729706,0.2241544113813395
1825,0.2773,42,264,42,382664,222946,43509,64447,2.065156174737856,0.22424693712094587
1826,0.2774,61,359,61,383023,222587,43570,64386,2.061830745859424,0.22436257069480403
1827,0.2775,44,287,44,383310,222300,43614,64342,2.059172255363296,0.22446815191074582
1828,0.2776,68,357,68,383667,221943,43682,64274,2.0558653525510393,0.22456387985339796
1829,0.2777,53,348,53,384015,221595,43735,64221,2.0526418170365703,0.22469350911075658
1830,0.2778,61,243,61,384258,221352,43796,64160,2.050390899996295,0.2247191011235955
1831,0.2779,57,282,57,384540,221070,43853,64103,2.0477787246656045,0.2247863577547664
1832,0.278,82,392,82,384932,220678,43935,64021,2.0441476156952834,0.22487258472983748
1833,0.2781,43,284,43,385216,220394,43978,63978,2.041516914298418,0.22497995583250108
1834,0.2782,67,344,67,385560,220050,44045,63911,2.0383304309162993,0.22506963984490827
1835,0.2783,38,228,38,385788,219822,44083,63873,2.036218459372337,0.22514672447522868
1836,0.2784,59,320,59,386108,219502,44142,63814,2.0332542887843195,0.2252396617204817
1837,0.2785,55,312,55,386420,219190,44197,63759,2.0303642224610026,0.2253374282997996
1838,0.2786,46,276,46,386696,218914,44243,63713,2.0278076253288377,0.22543139898169673
1839,0.2787,60,286,60,386982,218628,44303,63653,2.025158397865797,0.22549516262164299
1840,0.2788,79,330,79,387312,218298,44382,63574,2.0221015969469045,0.22554209002667877
1841,0.2789,54,327,54,387639,217971,44436,63520,2.019072585127274,0.2256555271749363
1842,0.279,70,344,70,387983,217627,44506,63450,2.0158861017451555,0.22573885447759867
1843,0.2791,77,386,77,388369,217241,44583,63373,2.0123105709733595,0.22583691476547857
1844,0.2792,67,308,67,388677,216933,44650,63306,2.009457556782393,0.22590003532698874
1845,0.2793,30,161,30,388838,216772,44680,63276,2.0079662084552967,0.22594698051762555
1846,0.2794,61,294,61,389132,216478,44741,63215,2.005242876727556,0.22601566717794153
1847,0.2795,53,276,53,389408,216202,44794,63162,2.0026862795953906,0.22609212353775004
1848,0.2796,45,257,45,389665,215945,44839,63117,2.0003056800918895,0.22617554521934194
1849,0.2797,66,327,66,389992,215618,44905,63051,1.9972766682722591,0.22625767487592807
1850,0.2798,62,486,62,390478,215132,44967,62989,1.9927748341917078,0.2264805606192988
1851,0.2799,77,347,77,390825,214785,45044,62912,1.9895605617103265,0.22654908047260144
1852,0.28,54,309,54,391134,214476,45098,62858,1.9866982844862722,0.22665089747380415
1853,0.2801,56,315,56,391449,214161,45154,62802,1.9837804290636927,0.2267523098753263
1854,0.2802,83,410,83,391859,213751,45237,62719,1.9799825854977955,0.22685644012008535
1855,0.2803,53,296,53,392155,213455,45290,62666,1.9772407277038793,0.2269512279037089
1856,0.2804,56,336,56,392491,213119,45346,62610,1.9741283485864611,0.22707078326907942
1857,0.2805,68,314,68,392805,212805,45414,62542,1.971219756196969,0.2271388466189935
1858,0.2806,50,251,50,393056,212554,45464,62492,1.968894734891993,0.22720563105807756
1859,0.2807,42,280,42,393336,212274,45506,62450,1.9663010856274779,0.22731905476041409
1860,0.2808,104,509,104,393845,211765,45610,62346,1.9615862017859127,0.22744800464045586
1861,0.2809,68,445,68,394290,211320,45678,62278,1.9574641520619511,0.22762593293810626
1862,0.281,53,305,53,394595,211015,45731,62225,1.954638926970247,0.2277302005562875
1863,0.2811,54,243,54,394838,210772,45785,62171,1.9523880099299715,0.22778015922738448
1864,0.2812,34,217,34,395055,210555,45819,62137,1.9503779317499723,0.22786513722441437
1865,0.2813,55,277,55,395332,210278,45874,62082,1.9478120715847198,0.22794096049346455
1866,0.2814,32,249,32,395581,210029,45906,62050,1.9455055763459188,0.22805876234476016
1867,0.2815,62,295,62,395876,209734,45968,61988,1.9427729815850903,0.2281302213291526
1868,0.2816,50,308,50,396184,209426,46018,61938,1.9399199673941234,0.22824693032237142
1869,0.2817,67,286,67,396470,209140,46085,61871,1.9372707399310831,0.2282970063945744
1870,0.2818,40,218,40,396688,208922,46125,61831,1.9352513987179962,0.22836681403345485
1871,0.2819,77,301,77,396989,208621,46202,61754,1.9324632257586425,0.22840129449838187
1872,0.282,61,250,61,397239,208371,46263,61693,1.9301474674867538,0.22843844422062917
1873,0.2821,41,206,41,397445,208165,46304,61652,1.9282392826707178,0.22849560998751006
1874,0.2822,73,355,73,397800,207810,46377,61579,1.924950905924636,0.2285876557691665
1875,0.2823,63,311,63,398111,207499,46440,61516,1.9220701026344067,0.22867126368418117
1876,0.2824,60,282,60,398393,207217,46500,61456,1.9194579273037162,0.22873902476244357
1877,0.2825,77,376,77,398769,206841,46577,61379,1.915975026862796,0.22883826709417643
1878,0.2826,78,470,78,399239,206371,46655,61301,1.9116214013116455,0.22901536208493978
1879,0.2827,42,221,42,399460,206150,46697,61259,1.909574270999296,0.22908353869914624
1880,0.2828,48,212,48,399672,205938,46745,61211,1.9076105079847345,0.2291268168699864
1881,0.2829,49,343,49,400015,205595,46794,61162,1.9044332876357035,0.2292798314570939
1882,0.283,60,368,60,400383,205227,46854,61102,1.9010244914594836,0.22942300688246492
1883,0.2831,49,374,49,400757,204853,46903,61053,1.8975601170847383,0.22960369453867155
1884,0.2832,60,266,60,401023,204587,46963,60993,1.895096150283449,0.22965961292265985
1885,0.2833,51,312,51,401335,204275,47014,60942,1.892206083960132,0.22978165049751711
1886,0.2834,79,331,79,401666,203944,47093,60863,1.8891400200081514,0.22983909035637276
1887,0.2835,49,258,49,401924,203686,47142,60814,1.8867501574715624,0.22992060491493382
1888,0.2836,58,282,58,402206,203404,47200,60756,1.8841379821408721,0.22999697153240461
1889,0.2837,79,432,79,402638,202972,47279,60677,1.8801363518470489,0.23014310693384007
1890,0.2838,72,311,72,402949,202661,47351,60605,1.8772555485568194,0.23020443201932647
1891,0.2839,69,318,69,403267,202343,47420,60536,1.874309904034977,0.23028085164657505
1892,0.284,70,341,70,403608,202002,47490,60466,1.8711512097521212,0.23037475044576863
1893,0.2841,71,289,71,403897,201713,47561,60395,1.8684741931898181,0.23042028476811086
1894,0.2842,90,375,90,404272,201338,47651,60305,1.8650005557819853,0.23048581464055984
1895,0.2843,77,375,77,404647,200963,47728,60228,1.8615269183741525,0.23058987484254817
1896,0.2844,49,265,49,404912,200698,47777,60179,1.8590722146059506,0.23067959229828616
1897,0.2845,53,288,53,405200,200410,47830,60126,1.856404461076735,0.23077808824884086
1898,0.2846,95,393,95,405593,200017,47925,60031,1.8527640890733261,0.2308458438442134
1899,0.2847,52,237,52,405830,199780,47977,59979,1.8505687502315757,0.2309024903853187
1900,0.2848,30,226,30,406056,199554,48007,59949,1.8484753047537885,0.23101467035063178
1901,0.2849,35,174,35,406230,199380,48042,59914,1.8468635369965543,0.2310658943130192
1902,0.285,52,241,52,406471,199139,48094,59862,1.8446311460224536,0.23112652074702414
1903,0.2851,51,236,51,406707,198903,48145,59811,1.842445070213791,0.2311857881676291
1904,0.2852,41,203,41,406910,198700,48186,59770,1.8405646744970172,0.23124540565636245
1905,0.2853,41,256,41,407166,198444,48227,59729,1.8381933380266033,0.23135262014230767
1906,0.2854,74,327,74,407493,198117,48301,59655,1.8351643262069732,0.2314254457427494
1907,0.2855,66,318,66,407811,197799,48367,59589,1.832218681685131,0.23151428971047602
1908,0.2856,50,301,50,408112,197498,48417,59539,1.8294305087257772,0.23163591233946865
1909,0.2857,34,180,34,408292,197318,48451,59505,1.8277631627700175,0.23169653808264837
1910,0.2858,48,220,48,408512,197098,48499,59457,1.8257252954907555,0.23175147629163337
1911,0.2859,43,276,43,408788,196822,48542,59414,1.8231686983585906,0.2318721803337548
1912,0.286,96,409,96,409197,196413,48638,59318,1.819380117825781,0.23195467111926205
1913,0.2861,50,242,50,409439,196171,48688,59268,1.8171384638185928,0.23202408402788924
1914,0.2862,40,192,40,409631,195979,48728,59228,1.8153599614657823,0.23207827371506268
1915,0.2863,65,318,65,409949,195661,48793,59163,1.8124143169439402,0.23217200891595768
1916,0.2864,29,245,29,410194,195416,48822,59134,1.8101448738374895,0.2323079945000982
1917,0.2865,72,339,72,410533,195077,48894,59062,1.8070047056208085,0.23240037931997845
1918,0.2866,47,272,47,410805,194805,48941,59015,1.8044851606209937,0.2325072886297376
1919,0.2867,58,294,58,411099,194511,48999,58957,1.8017618288932529,0.23260135401707513
1920,0.2868,63,338,63,411437,194173,49062,58894,1.7986309237096596,0.23272097902926892
1921,0.2869,53,296,53,411733,193877,49115,58841,1.7958890659157434,0.23283264349986943
1922,0.287,55,238,55,411971,193639,49170,58786,1.7936844640409055,0.23288501535109438
1923,0.2871,81,347,81,412318,193292,49251,58705,1.7904701915595242,0.23295912252923645
1924,0.2872,43,211,43,412529,193081,49294,58662,1.7885156915780502,0.23302336112622793
1925,0.2873,47,260,47,412789,192821,49341,58615,1.7861073029752863,0.23312095324456322
1926,0.2874,81,419,81,413208,192402,49422,58534,1.782226092111601,0.23326266458379827
1927,0.2875,45,238,45,413446,192164,49467,58489,1.780021490236763,0.2333464989447563
1928,0.2876,73,332,73,413778,191832,49540,58416,1.7769461632516952,0.23343243502445574
1929,0.2877,70,305,70,414083,191527,49610,58346,1.7741209381599912,0.23350261933061994
1930,0.2878,57,328,57,414411,191199,49667,58289,1.7710826633072734,0.23363448342204834
1931,0.2879,51,316,51,414727,190883,49718,58238,1.7681555448516062,0.2337739492054062
1932,0.288,58,391,58,415118,190492,49776,58180,1.7645336989143725,0.23396281044910566
1933,0.2881,67,268,67,415386,190224,49843,58113,1.762051206046908,0.23400862537600117
1934,0.2882,51,276,51,415662,189948,49894,58062,1.759494608914743,0.23411152776097738
1935,0.2883,30,163,30,415825,189785,49924,58032,1.7579847345214716,0.23417279686220074
1936,0.2884,91,413,91,416238,189372,50015,57941,1.7541591018563119,0.23428206361978546
1937,0.2885,52,280,52,416518,189092,50067,57889,1.7515654525917967,0.23438645077961462
1938,0.2886,74,312,74,416830,188780,50141,57815,1.7486753862684798,0.23445325331008335
1939,0.2887,77,325,77,417155,188455,50218,57738,1.7456649005150247,0.23452332113423208
1940,0.2888,49,255,49,417410,188200,50267,57689,1.7433028270776982,0.23461399249254744
1941,0.2889,51,250,51,417660,187950,50318,57638,1.7409870688058098,0.23469387755102042
1942,0.289,61,305,61,417965,187645,50379,57577,1.7381618437141058,0.23479540987350236
1943,0.2891,36,234,36,418199,187411,50415,57541,1.735994293971618,0.2349072471341324
1944,0.2892,64,313,64,418512,187098,50479,57477,1.7330949646152136,0.23500766636001227
1945,0.2893,78,349,78,418861,186749,50557,57399,1.7298621660676572,0.23509920212330226
1946,0.2894,68,224,68,419085,186525,50625,57331,1.727787246656045,0.23510186339479036
1947,0.2895,52,266,52,419351,186259,50677,57279,1.7253232798547555,0.2351953288603832
1948,0.2896,55,316,55,419667,185943,50732,57224,1.7223961613990886,0.23532798447157716
1949,0.2897,41,211,41,419878,185732,50773,57183,1.7204416614176146,0.2354033303830558
1950,0.2898,29,168,29,420046,185564,50802,57154,1.7188854718589055,0.23547491327384043
1951,0.2899,66,290,66,420336,185274,50868,57088,1.7161991922635147,0.2355484770714881
1952,0.29,44,275,44,420611,184999,50912,57044,1.7136518581644373,0.23567713174931726
1953,0.2901,61,307,61,420918,184692,50973,56983,1.7108081070065582,0.23578359366918383
1954,0.2902,51,265,51,421183,184427,51024,56932,1.7083534032383563,0.23588099055763406
1955,0.2903,51,232,51,421415,184195,51075,56881,1.7062043795620438,0.23594634057309727
1956,0.2904,98,441,98,421856,183754,51173,56783,1.7021193819704323,0.2360676320067183
1957,0.2905,59,278,59,422134,183476,51232,56724,1.6995442587720924,0.2361532056619484
1958,0.2906,67,413,67,422547,183063,51299,56657,1.6957186261069324,0.2363465709994994
1959,0.2907,63,337,63,422884,182726,51362,56594,1.6925969839564268,0.23647835534013037
1960,0.2908,108,488,108,423372,182238,51470,56486,1.6880766238097002,0.23661634355992694
1961,0.2909,74,317,74,423689,181921,51544,56412,1.6851402423209456,0.23669403733431796
1962,0.291,48,214,48,423903,181707,51592,56364,1.683157953240209,0.23675290144536715
1963,0.2911,54,307,54,424210,181400,51646,56310,1.6803142020823298,0.23688528038366077
1964,0.2912,60,271,60,424481,181129,51706,56250,1.6778039201156028,0.23696283158998901
1965,0.2913,82,355,82,424836,180774,51788,56168,1.674515543369521,0.2370537937554338
1966,0.2914,40,206,40,425042,180568,51828,56128,1.6726073585534849,0.23713117247439755
1967,0.2915,40,234,40,425276,180334,51868,56088,1.670439808810997,0.2372368053734424
1968,0.2916,69,339,69,425615,179995,51937,56019,1.6672996405943161,0.23735456371232216
1969,0.2917,41,290,41,425905,179705,51978,55978,1.6646133609989255,0.23751394882108595
1970,0.2918,76,365,76,426270,179340,52054,55902,1.6612323539219682,0.23763613640421352
1971,0.2919,51,251,51,426521,179089,52105,55851,1.658907332616992,0.23772452541074318
1972,0.292,66,383,66,426904,178706,52171,55785,1.655359590944459,0.23789825622305333
1973,0.2921,59,236,59,427140,178470,52230,55726,1.653173515135796,0.2379459939537823
1974,0.2922,75,293,75,427433,178177,52305,55651,1.6504594464411426,0.23799972629454128
1975,0.2923,47,269,47,427702,177908,52352,55604,1.6479676905405907,0.2381205248552537
1976,0.2924,68,278,68,427980,177630,52420,55536,1.6453925673422505,0.23818223926301432
1977,0.2925,36,194,36,428174,177436,52456,55500,1.643595538923265,0.23826287048803105
1978,0.2926,76,288,76,428462,177148,52532,55424,1.6409277853940494,0.2383089967837917
1979,0.2927,73,360,73,428822,176788,52605,55351,1.63759309348253,0.2384390386794119
1980,0.2928,74,358,74,429180,176430,52679,55277,1.6342769276371856,0.2385642211931448
1981,0.2929,54,210,54,429390,176220,52733,55223,1.6323316906887992,0.238603025366937
1982,0.293,54,313,54,429703,175907,52787,55169,1.6294323613323947,0.23874829060568817
1983,0.2931,65,314,65,430017,175593,52852,55104,1.6265237689429026,0.23885876279275414
1984,0.2932,51,269,51,430286,175324,52903,55053,1.6240320130423507,0.23896916792909015
1985,0.2933,68,296,68,430582,175028,52971,54985,1.6212901552484345,0.23905170577315196
1986,0.2934,71,406,71,430988,174622,53042,54914,1.6175293638148875,0.23923916074167015
1987,0.2935,72,298,72,431286,174324,53114,54842,1.6147689799547964,0.23931124163270293
1988,0.2936,40,180,40,431466,174144,53154,54802,1.6131016339990367,0.2393664881675155
1989,0.2937,69,241,69,431707,173903,53223,54733,1.610869243024936,0.23938924753757063
1990,0.2938,49,227,49,431934,173676,53272,54684,1.6087665345140614,0.2394640042038886
1991,0.2939,48,267,48,432201,173409,53320,54636,1.6062933046796843,0.23958429257383412
1992,0.294,52,238,52,432439,173171,53372,54584,1.6040887028048465,0.23966103927465918
1993,0.2941,78,383,78,432822,172788,53450,54506,1.6005409611323131,0.23980395434987284
1994,0.2942,51,187,51,433009,172601,53501,54455,1.5988087739449406,0.23983070255795927
1995,0.2943,46,231,46,433240,172370,53547,54409,1.5966690133017156,0.2399208039545108
1996,0.2944,54,297,54,433537,172073,53601,54355,1.593917892474712,0.24005423357535288
1997,0.2945,84,385,84,433922,171688,53685,54271,1.5903516247360037,0.24018074075385357
1998,0.2946,45,221,45,434143,171467,53730,54226,1.5883044944236542,0.2402644300000443
1999,0.2947,78,247,78,434390,171220,53808,54148,1.586016525251028,0.2402648113308012
2000,0.2948,40,250,40,434640,170970,53848,54108,1.5837007669791396,0.24039666249033667
2001,0.2949,43,277,43,434917,170693,53891,54065,1.5811349068138871,0.2405476112084998
2002,0.295,55,292,55,435209,170401,53946,54010,1.5784301011523214,0.2406744767413362
2003,0.2951,67,284,67,435493,170117,54013,53943,1.575799399755456,0.24075247701508526
2004,0.2952,45,175,45,435668,169942,54058,53898,1.5741783689651339,0.2407880629020729
2005,0.2953,46,224,46,435892,169718,54104,53852,1.5721034495535218,0.2408731046204768
2006,0.2954,61,234,61,436126,169484,54165,53791,1.5699358998110342,0.24091815026312843
2007,0.2955,56,244,56,436370,169240,54221,53735,1.567675719737671,0.2409911425047651
2008,0.2956,69,326,69,436696,168914,54290,53666,1.5646559709511283,0.24110881480815888
2009,0.2957,56,275,56,436971,168639,54346,53610,1.562108636852051,0.24121593348001566
2010,0.2958,78,347,78,437318,168292,54424,53532,1.5588943643706696,0.24132645701096364
2011,0.2959,98,291,98,437609,168001,54522,53434,1.5561988217421914,0.2413078329983968
2012,0.296,51,259,51,437868,167742,54573,53383,1.5537996961725147,0.24141548897682305
2013,0.2961,41,182,41,438050,167560,54614,53342,1.5521138241505799,0.2414735946256711
2014,0.2962,77,387,77,438437,167173,54691,53265,1.5485290303456964,0.2416325678875693
2015,0.2963,43,192,43,438629,166981,54734,53222,1.546750527992886,0.24169516309950365
2016,0.2964,67,347,67,438976,166634,54801,53155,1.5435362555115046,0.24184558826874866
2017,0.2965,78,301,78,439277,166333,54879,53077,1.540748082552151,0.24190784376281846
2018,0.2966,50,256,50,439533,166077,54929,53027,1.538376746081737,0.24201748941142107
2019,0.2967,49,182,49,439715,165895,54978,52978,1.5366908740598022,0.2420490421385918
2020,0.2968,80,409,80,440124,165486,55058,52898,1.5329022935269925,0.2422247051066012
2021,0.2969,44,201,44,440325,165285,55102,52854,1.5310404238763942,0.24229505040364172
2022,0.297,39,293,39,440618,164992,55141,52815,1.5283263551817408,0.24248531957191458
2023,0.2971,56,244,56,440862,164748,55197,52759,1.5260661751083775,0.2425623083395017
2024,0.2972,51,197,51,441059,164551,55248,52708,1.5242413575901292,0.2426044490677026
2025,0.2973,38,152,38,441211,164399,55286,52670,1.522833376560821,0.2426417406446798
2026,0.2974,83,248,83,441459,164151,55369,52587,1.5205361443551075,0.2426293497217839
2027,0.2975,52,215,52,441674,163936,55421,52535,1.5185445922412835,0.24268839706011427
2028,0.2976,53,227,53,441901,163709,55474,52482,1.5164418837304088,0.24275756160062167
2029,0.2977,68,276,68,442177,163433,55542,52414,1.5138852865982437,0.24282941157393895
2030,0.2978,37,195,37,442372,163238,55579,52377,1.5120789951461706,0.2429190918999142
2031,0.2979,41,227,41,442599,163011,55620,52336,1.509976286635296,0.24303101505941574
2032,0.298,60,273,60,442872,162738,55680,52276,1.5074474786023935,0.24312835443273462
2033,0.2981,55,312,55,443184,162426,55735,52221,1.5045574122790766,0.24328781674097472
2034,0.2982,51,200,51,443384,162226,55786,52170,1.5027048056615657,0.24333476370827814
2035,0.2983,51,175,51,443559,162051,55837,52119,1.5010837748712438,0.2433534108418546
2036,0.2984,70,276,70,443835,161775,55907,52049,1.498527177739079,0.2434198219096079
2037,0.2985,58,237,58,444072,161538,55965,51991,1.4963318388973286,0.24348449156789007
2038,0.2986,36,169,36,444241,161369,56001,51955,1.4947663863055318,0.24354971780015375
2039,0.2987,67,276,67,444517,161093,56068,51888,1.492209789173367,0.24362736582136435
2040,0.2988,69,269,69,444786,160824,56137,51819,1.4897180332728148,0.24369012852527475
2041,0.2989,54,211,54,444997,160613,56191,51765,1.4877635332913408,0.2437399353982051
2042,0.299,62,241,62,445238,160372,56253,51703,1.4855311423172404,0.24379582694801366
2043,0.2991,52,226,52,445464,160146,56305,51651,1.4834376968394531,0.2438703097777589
2044,0.2992,37,187,37,445651,159959,56342,51614,1.4817055096520806,0.24395362357200587
2045,0.2993,40,183,40,445834,159776,56382,51574,1.480010374597058,0.24402176484504376
2046,0.2994,31,176,31,446010,159600,56413,51543,1.4783800807736485,0.24411417854250436
2047,0.2995,52,180,52,446190,159420,56465,51491,1.4767127348178888,0.24413615221586357
2048,0.2996,60,291,60,446481,159129,56525,51431,1.4740171921894105,0.24425816869300912
2049,0.2997,68,231,68,446712,158898,56593,51363,1.4718774315461856,0.2442821065247478
2050,0.2998,70,274,70,446986,158624,56663,51293,1.4693393604801956,0.24434895696870668
2051,0.2999,51,255,51,447241,158369,56714,51242,1.4669772870428692,0.24446236123104226
2052,0.3,47,188,47,447429,158181,56761,51195,1.4652358368224092,0.2445122650160477
2053,0.3001,54,313,54,447742,157868,56815,51141,1.4623365074660046,0.24468324330531221
2054,0.3002,48,261,48,448003,157607,56863,51093,1.459918855830153,0.24481552467656925
2055,0.3003,56,240,56,448243,157367,56919,51037,1.45769572788914,0.24489453177482198
2056,0.3004,81,324,81,448567,157043,57000,50956,1.4546945051687725,0.2449819470285915
2057,0.3005,51,278,51,448845,156765,57051,50905,1.4521193819704323,0.24512447633264314
2058,0.3006,39,193,39,449038,156572,57090,50866,1.4503316165845344,0.24521061714825634
2059,0.3007,41,165,41,449203,156407,57131,50825,1.448803216125088,0.2452565240889438
2060,0.3008,83,333,83,449536,156074,57214,50742,1.4457186261069324,0.24534852235803806
2061,0.3009,53,251,53,449787,155823,57267,50689,1.4433936048019564,0.24545304873324553
2062,0.301,56,355,56,450142,155468,57323,50633,1.4401052280558746,0.24567081188349402
2063,0.3011,54,323,54,450465,155145,57377,50579,1.4371132683685945,0.2458585289028018
2064,0.3012,70,264,70,450729,154881,57447,50509,1.4346678276334803,0.24591752276157555
2065,0.3013,67,338,67,451067,154543,57514,50442,1.431536922449887,0.2460765421860136
2066,0.3014,42,220,42,451287,154323,57556,50400,1.429499055170625,0.24618631028267463
2067,0.3015,38,154,38,451441,154169,57594,50362,1.4280725480751417,0.2462316225902186
2068,0.3016,43,194,43,451635,153975,57637,50319,1.4262755196561563,0.24630679315104703
2069,0.3017,82,289,82,451924,153686,57719,50237,1.423598503093853,0.2463527900236854
2070,0.3018,63,259,63,452183,153427,57782,50174,1.4211993775241765,0.24643297429776867
2071,0.3019,55,213,55,452396,153214,57837,50119,1.4192263514765275,0.24648728932342512
2072,0.302,33,156,33,452552,153058,57870,50086,1.417781318314869,0.24655416847162603
2073,0.3021,75,228,75,452780,152830,57945,50011,1.4156693467709067,0.24655271863183478
2074,0.3022,58,207,58,452987,152623,58003,49953,1.413751898921783,0.24658893452333938
2075,0.3023,40,186,40,453173,152437,58043,49913,1.412028974767498,0.24666666666666667
2076,0.3024,47,215,47,453388,152222,58090,49866,1.4100374226536738,0.24675388939471912
2077,0.3025,68,314,68,453702,151908,58158,49798,1.4071288302641818,0.24688407880776972
2078,0.3026,58,298,58,454000,151610,58216,49740,1.4043684464040906,0.24703253041966725
2079,0.3027,62,296,62,454296,151314,58278,49678,1.4016265886101744,0.2471640662314918
2080,0.3028,79,278,79,454574,151036,58357,49599,1.3990514654118344,0.24721010790739403
2081,0.3029,53,241,53,454815,150795,58410,49546,1.3968190744377338,0.247308339281525
2082,0.303,69,310,69,455125,150485,58479,49477,1.393947534180592,0.24743201208229565
2083,0.3031,84,321,84,455446,150164,58563,49393,1.3909741005594871,0.2475132418306549
2084,0.3032,76,244,76,455690,149920,58639,49317,1.388713920486124,0.247529324372481
2085,0.3033,53,233,53,455923,149687,58692,49264,1.3865556337767238,0.24761876039828903
2086,0.3034,82,361,82,456284,149326,58774,49182,1.3832116788321167,0.2477582767445141
2087,0.3035,72,277,72,456561,149049,58846,49110,1.3806458186668642,0.2478312869968056
2088,0.3036,44,243,44,456804,148806,58890,49066,1.3783949016265886,0.24796838360152018
2089,0.3037,59,286,59,457090,148520,58949,49007,1.375745674163548,0.24810279101084914
2090,0.3038,56,212,56,457302,148308,59005,48951,1.3737819111489866,0.24815597767402248
2091,0.3039,30,169,30,457471,148139,59035,48921,1.3722164585571899,0.24825433878006697
2092,0.304,47,175,47,457646,147964,59082,48874,1.370595427766868,0.24829555268799725
2093,0.3041,86,387,86,458033,147577,59168,48788,1.3670106339619845,0.2484556820207267
2094,0.3042,43,182,43,458215,147395,59211,48745,1.3653247619400497,0.24852146426022229
2095,0.3043,71,271,71,458486,147124,59282,48674,1.3628144799733224,0.24859293761938325
2096,0.3044,64,242,64,458728,146882,59346,48610,1.3605728259661343,0.24865467640619565
2097,0.3045,53,280,53,459008,146602,59399,48557,1.3579791767016192,0.24880738269821018
2098,0.3046,37,160,37,459168,146442,59436,48520,1.3564970914076104,0.24886901037125184
2099,0.3047,66,321,66,459489,146121,59502,48454,1.3535236577865055,0.24902479763587307
2100,0.3048,56,217,56,459706,145904,59558,48398,1.3515135796065063,0.24908647363382774
2101,0.3049,53,271,53,459977,145633,59611,48345,1.3490032976397792,0.24922929404365443
2102,0.305,75,306,75,460283,145327,59686,48270,1.3461688095149875,0.24933237601822342
2103,0.3051,53,252,53,460535,145075,59739,48217,1.343834525176924,0.24945160689526727
2104,0.3052,44,230,44,460765,144845,59783,48173,1.3417040275667864,0.24957775958718875
2105,0.3053,52,186,52,460951,144659,59835,48121,1.3399811034125013,0.24961614275339766
2106,0.3054,68,282,68,461233,144377,59903,48053,1.337368928081811,0.24971678012783868
2107,0.3055,53,173,53,461406,144204,59956,48000,1.3357664233576643,0.24973465692701505
2108,0.3056,47,168,47,461574,144036,60003,47953,1.3342102337989552,0.24976951804530467
2109,0.3057,61,289,61,461863,143747,60064,47892,1.331533217236652,0.24990737793455403
2110,0.3058,94,353,94,462216,143394,60158,47798,1.3282633665567454,0.25
2111,0.3059,66,211,66,462427,143183,60224,47732,1.3263088665752714,0.25001702328261266
2112,0.306,37,171,37,462598,143012,60261,47695,1.3247248879172997,0.25009569653971797
2113,0.3061,126,427,126,463025,142585,60387,47569,1.320769572788914,0.25016039631035897
2114,0.3062,43,191,43,463216,142394,60430,47526,1.319000333469191,0.25024220724515583
2115,0.3063,58,250,58,463466,142144,60488,47468,1.3166845751973026,0.25034280530768094
2116,0.3064,68,258,68,463724,141886,60556,47400,1.3142947126607136,0.2504147163551451
2117,0.3065,70,253,70,463977,141633,60626,47330,1.3119511652895623,0.25047231468594383
2118,0.3066,49,262,49,464239,141371,60675,47281,1.3095242506206233,0.25062549032080234
2119,0.3067,46,179,46,464418,141192,60721,47235,1.307866167697951,0.2506806349408524
2120,0.3068,62,337,62,464755,140855,60783,47173,1.3047445255474452,0.2508828472355181
2121,0.3069,48,216,48,464971,140639,60831,47125,1.3027437104005335,0.25097995355872266
2122,0.307,81,294,81,465265,140345,60912,47044,1.3000203786727926,0.25104995490663806
2123,0.3071,57,251,57,465516,140094,60969,46987,1.2976953573678165,0.25115858906035354
2124,0.3072,58,247,58,465763,139847,61027,46929,1.2954073881951906,0.25125819163061636
2125,0.3073,50,202,50,465965,139645,61077,46879,1.2935362555115046,0.25132958761339025
2126,0.3074,60,272,60,466237,139373,61137,46819,1.2910167105116899,0.2514554868093151
2127,0.3075,57,247,57,466484,139126,61194,46762,1.288728741339064,0.2515600791874677
2128,0.3076,51,193,51,466677,138933,61245,46711,1.286940975953166,0.25161599620779557
2129,0.3077,67,200,67,466877,138733,61312,46644,1.2850883693356552,0.2516169751371529
2130,0.3078,85,307,85,467184,138426,61397,46559,1.2822446181777762,0.2516906776225099
2131,0.3079,74,216,74,467400,138210,61471,46485,1.2802438030308645,0.2516852107528628
2132,0.308,47,214,47,467614,137996,61518,46438,1.2782615139501279,0.2517865469490441
2133,0.3081,42,183,42,467797,137813,61560,46396,1.2765663788951054,0.2518660868904342
2134,0.3082,79,334,79,468131,137479,61639,46317,1.2734725258438624,0.2520022198524451
2135,0.3083,42,210,42,468341,137269,61681,46275,1.2715272888954758,0.25211938281828883
2136,0.3084,51,238,51,468579,137031,61732,46224,1.269322687020638,0.2522386838012605
2137,0.3085,52,240,52,468819,136791,61784,46172,1.267099559079625,0.2523570339358231
2138,0.3086,64,247,64,469066,136544,61848,46108,1.2648115899069992,0.25243632700435803
2139,0.3087,79,236,79,469302,136308,61927,46029,1.2626255140983365,0.2524391648431202
2140,0.3088,49,182,49,469484,136126,61976,45980,1.2609396420764014,0.252490307842685
2141,0.3089,57,271,57,469755,135855,62033,45923,1.2584293601096743,0.25263233174531574
2142,0.309,37,196,37,469951,135659,62070,45886,1.2566138056245137,0.2527527610234377
2143,0.3091,65,257,65,470208,135402,62135,45821,1.2542332061210122,0.25284318215679025
2144,0.3092,38,173,38,470381,135229,62173,45783,1.2526307013968654,0.25292798267518174
2145,0.3093,23,139,23,470520,135090,62196,45760,1.2513431397976953,0.2530273707492397
2146,0.3094,40,189,40,470709,134901,62236,45720,1.2495924265441476,0.2531267128406996
2147,0.3095,52,212,52,470921,134689,62288,45668,1.2476286635295861,0.2532089134328027
2148,0.3096,40,180,40,471101,134509,62328,45628,1.2459613175738264,0.2532961024109428
2149,0.3097,68,333,68,471434,134176,62396,45560,1.242876727555671,0.2534828860105933
2150,0.3098,49,229,49,471663,133947,62445,45511,1.2407554929786209,0.25360251423731456
2151,0.3099,59,247,59,471910,133700,62504,45452,1.238467523805995,0.25370634991515584
2152,0.31,67,214,67,472124,133486,62571,45385,1.2364852347252584,0.2537303419782972
2153,0.3101,44,210,44,472334,133276,62615,45341,1.234539997776872,0.2538448188022417
2154,0.3102,55,247,55,472581,133029,62670,45286,1.2322520286042462,0.2539662956004823
2155,0.3103,58,189,58,472770,132840,62728,45228,1.2305013153506985,0.2539928566615001
2156,0.3104,36,134,36,472904,132706,62764,45192,1.2292600689169662,0.2540332100417093
2157,0.3105,52,156,52,473060,132550,62816,45140,1.2278150357553077,0.25403793122854407
2158,0.3106,73,341,73,473401,132209,62889,45067,1.2246563414724518,0.2542194092827004
2159,0.3107,52,219,52,473620,131990,62941,45015,1.2226277372262773,0.25431484986299824
2160,0.3108,60,262,60,473882,131728,63001,44955,1.2202008225573382,0.25443874056926813
2161,0.3109,51,241,51,474123,131487,63052,44904,1.2179684315832375,0.2545708114359576
2162,0.311,57,252,57,474375,131235,63109,44847,1.215634147245174,0.2546938358264899
2163,0.3111,51,244,51,474619,130991,63160,44796,1.2133739671718107,0.25483113085723064
2164,0.3112,37,139,37,474758,130852,63197,44759,1.2120864055726408,0.2548758335184015
2165,0.3113,91,311,91,475069,130541,63288,44668,1.2092056022824114,0.25494124160288567
2166,0.3114,53,196,53,475265,130345,63341,44615,1.2073900477972508,0.2550011431184271
2167,0.3115,60,211,60,475476,130134,63401,44555,1.2054355478157768,0.2550532660900228
2168,0.3116,43,231,43,475707,129903,63444,44512,1.2032957871725518,0.25520740761975746
2169,0.3117,73,246,73,475953,129657,63517,44439,1.2010170810330134,0.25525572098152743
2170,0.3118,56,292,56,476245,129365,63573,44383,1.1983122753714477,0.25544466698897256
2171,0.3119,59,215,59,476460,129150,63632,44324,1.1963207232576234,0.25550803002179
2172,0.312,59,271,59,476731,128879,63691,44265,1.1938104412908963,0.2556542531072402
2173,0.3121,77,279,77,477010,128600,63768,44188,1.1912260550594687,0.2557353519920365
2174,0.3122,36,148,36,477158,128452,63804,44152,1.1898551261625105,0.2557994020996037
2175,0.3123,39,204,39,477362,128248,63843,44113,1.1879654674126496,0.2559337669194307
2176,0.3124,71,234,71,477596,128014,63914,44042,1.1857979176701618,0.2559747989026828
2177,0.3125,59,205,59,477801,127809,63973,43983,1.1838989958872133,0.25602472757753564
2178,0.3126,65,278,65,478079,127531,64038,43918,1.1813238726888733,0.2561578078612299
2179,0.3127,65,264,65,478343,127267,64103,43853,1.1788784319537589,0.256270453482936
2180,0.3128,46,222,46,478565,127045,64149,43807,1.176822038608322,0.2564032027719898
2181,0.3129,71,295,71,478860,126750,64220,43736,1.1740894438474934,0.25653719366986144
2182,0.313,50,243,50,479103,126507,64270,43686,1.1718385268072178,0.25668505755230825
2183,0.3131,44,199,44,479302,126308,64314,43642,1.1699951832227944,0.25679317446307737
2184,0.3132,81,264,81,479566,126044,64395,43561,1.1675497424876802,0.2568379469944872
2185,0.3133,44,272,44,479838,125772,64439,43517,1.1650301974878654,0.25705745795651225
2186,0.3134,44,228,44,480066,125544,64483,43473,1.162918225943903,0.25721081311347377
2187,0.3135,67,243,67,480309,125301,64550,43406,1.1606673089036275,0.2572863011019104
2188,0.3136,59,204,59,480513,125097,64609,43347,1.1587776501537663,0.25733775023153094
2189,0.3137,85,320,85,480833,124777,64694,43262,1.155813479565749,0.2574521390867596
2190,0.3138,75,248,75,481081,124529,64769,43187,1.1535162473600356,0.2575007751198454
2191,0.3139,42,218,42,481299,124311,64811,43145,1.1514969061469487,0.25764977068603095
2192,0.314,63,266,63,481565,124045,64874,43082,1.1490329393456593,0.2577800116079389
2193,0.3141,49,185,49,481750,123860,64923,43033,1.147319278224462,0.25784784262970883
2194,0.3142,38,168,38,481918,123692,64961,42995,1.1457630886657526,0.2579385314991571
2195,0.3143,44,188,44,482106,123504,65005,42951,1.1440216384452926,0.2580337028025593
2196,0.3144,38,177,38,482283,123327,65043,42913,1.1423820815887955,0.2581388354186718
2197,0.3145,62,248,62,482531,123079,65105,42851,1.140084849383082,0.25824745374555536
2198,0.3146,55,249,55,482780,122830,65160,42796,1.137778354144281,0.25838938330938377
2199,0.3147,58,227,58,483007,122603,65218,42738,1.1356756456334063,0.25848398158956337
2200,0.3148,57,210,57,483217,122393,65275,42681,1.1337304086850197,0.25855676847959097
2201,0.3149,57,234,57,483451,122159,65332,42624,1.1315628589425322,0.25866745962872384
2202,0.315,55,159,55,483610,122000,65387,42569,1.1300900366816111,0.25866961578426073
2203,0.3151,60,276,60,483886,121724,65447,42509,1.127533439549446,0.2588334865709084
2204,0.3152,27,103,27,483989,121621,65474,42482,1.126579347141428,0.25887399986593784
2205,0.3153,45,171,45,484160,121450,65519,42437,1.1249953684834562,0.2589406115189124
2206,0.3154,41,185,41,484345,121265,65560,42396,1.1232817073622587,0.25904766560145664
2207,0.3155,69,309,69,484654,120956,65629,42327,1.1204194301382044,0.2592247815143034
2208,0.3156,50,182,50,484836,120774,65679,42277,1.1187335581162696,0.2592869715610453
2209,0.3157,46,199,46,485035,120575,65725,42231,1.1168902145318462,0.25939461690601084
2210,0.3158,46,222,46,485257,120353,65771,42185,1.1148338211864093,0.25953930773111517
2211,0.3159,33,148,33,485405,120205,65804,42152,1.1134628922894512,0.25962539342313545
2212,0.316,47,181,47,485586,120024,65851,42105,1.111786283300604,0.25970060877449436
2213,0.3161,41,130,41,485716,119894,65892,42064,1.110582088999222,0.2597216562318626
2214,0.3162,58,272,58,485988,119622,65950,42006,1.1080625439994072,0.25989308783131637
2215,0.3163,66,182,66,486170,119440,66016,41940,1.1063766719774724,0.25988350477134714
2216,0.3164,48,182,48,486352,119258,66064,41892,1.1046907999555375,0.25995656220912194
2217,0.3165,36,105,36,486457,119153,66100,41856,1.1037181814813442,0.25996062331919334
2218,0.3166,47,235,47,486692,118918,66147,41809,1.101541368705769,0.26012431016568466
2219,0.3167,65,260,65,486952,118658,66212,41744,1.099132980103005,0.26024613159436916
2220,0.3168,47,200,47,487152,118458,66259,41697,1.0972803734854941,0.2603540320314695
2221,0.3169,42,144,42,487296,118314,66301,41655,1.0959464967208863,0.2603942013765167
2222,0.317,47,164,47,487460,118150,66348,41608,1.0944273592945275,0.2604439214311646
2223,0.3171,91,261,91,487721,117889,66439,41517,1.0920097076586757,0.26044816380813773
2224,0.3172,77,279,77,488000,117610,66516,41440,1.0894253214272482,0.26054699779943413
2225,0.3173,53,195,53,488195,117415,66569,41387,1.0876190299751751,0.26062014332313194
2226,0.3174,46,187,46,488382,117228,66615,41341,1.0858868427878023,0.26071300191084007
2227,0.3175,45,190,45,488572,117038,66660,41296,1.0841268665011672,0.26081574393370976
2228,0.3176,49,161,49,488733,116877,66709,41247,1.082635518174071,0.2608522425438264
2229,0.3177,57,244,57,488977,116633,66766,41190,1.0803753381007077,0.2609885758096095
2230,0.3178,63,247,63,489224,116386,66829,41127,1.0780873689280819,0.2611022582263051
2231,0.3179,57,214,57,489438,116172,66886,41070,1.0761050798473453,0.26118975846147974
2232,0.318,64,218,64,489656,115954,66950,41006,1.0740857386342584,0.2612512742099898
2233,0.3181,53,209,53,489865,115745,67003,40953,1.0721497647189595,0.26134985768803687
2234,0.3182,44,197,44,490062,115548,67047,40909,1.0703249472007115,0.2614712029503314
2235,0.3183,54,186,54,490248,115362,67101,40855,1.0686020230464264,0.2615272345519374
2236,0.3184,44,182,44,490430,115180,67145,40811,1.0669161510244916,0.2616240680552083
2237,0.3185,37,202,37,490632,114978,67182,40774,1.0650450183408056,0.26178797061995995
2238,0.3186,30,187,30,490819,114791,67212,40744,1.0633128311534328,0.261960330472241
2239,0.3187,51,237,51,491056,114554,67263,40693,1.0611174923116826,0.26211778649506917
2240,0.3188,49,213,49,491269,114341,67312,40644,1.0591444662640335,0.262244733361293
2241,0.3189,43,185,43,491454,114156,67355,40601,1.057430805142836,0.26235323765645496
2242,0.319,52,185,52,491639,113971,67407,40549,1.0557171440216384,0.262419104323065
2243,0.3191,47,137,47,491776,113834,67454,40502,1.0544481084886435,0.26242743105950656
2244,0.3192,42,146,42,491922,113688,67496,40460,1.0530957056578607,0.2624750240029063
2245,0.3193,27,147,27,492069,113541,67523,40433,1.05173403979399,0.26259628248925143
2246,0.3194,72,250,72,492319,113291,67595,40361,1.0494182815221016,0.26267799963554006
2247,0.3195,51,193,51,492512,113098,67646,40310,1.0476305161362036,0.26276335002085943
2248,0.3196,39,166,39,492678,112932,67685,40271,1.0460928526436697,0.26286038785141286
2249,0.3197,67,251,67,492929,112681,67752,40204,1.0437678313386936,0.2629688981914511
2250,0.3198,39,150,39,493079,112531,67791,40165,1.0423783763755605,0.2630389794100697
2251,0.3199,53,178,53,493257,112353,67844,40112,1.0407295564859758,0.26308988948283213
2252,0.32,50,201,50,493458,112152,67894,40062,1.0388676868353774,0.2631952382829438
2253,0.3201,70,220,70,493678,111932,67964,39992,1.0368298195561154,0.2632368815986941
2254,0.3202,49,195,49,493873,111737,68013,39943,1.0350235281040423,0.26333728902953585
2255,0.3203,30,127,30,494000,111610,68043,39913,1.033847122901923,0.26341215525035805
2256,0.3204,28,170,28,494170,111440,68071,39885,1.0322724072770388,0.26357178258714686
2257,0.3205,37,140,37,494310,111300,68108,39848,1.0309755826447813,0.2636356418874216
2258,0.3206,46,237,46,494547,111063,68154,39802,1.028780243803031,0.2638252742518145
2259,0.3207,46,180,46,494727,110883,68200,39756,1.027112897847271,0.2639157190369028
2260,0.3208,78,296,78,495023,110587,68278,39678,1.024371040053355,0.2640535054736632
2261,0.3209,56,200,56,495223,110387,68334,39622,1.0225184334358441,0.26413081881753764
2262,0.321,82,279,82,495502,110108,68416,39540,1.0199340472044167,0.2642200363519726
2263,0.3211,67,271,67,495773,109837,68483,39473,1.0174237652376894,0.2643694327238631
2264,0.3212,68,254,68,496027,109583,68551,39405,1.0150709548334507,0.26448438800440305
2265,0.3213,30,137,30,496164,109446,68581,39375,1.0138019193004557,0.2645795956215857
2266,0.3214,50,196,50,496360,109250,68631,39325,1.0119863648152951,0.2646811374726569
2267,0.3215,57,240,57,496600,109010,68688,39268,1.0097632368742822,0.2648268792403458
2268,0.3216,55,245,55,496845,108765,68743,39213,1.0074937937678314,0.26499209341929203
2269,0.3217,31,161,31,497006,108604,68774,39182,1.006002445440735,0.26512660197853655
2270,0.3218,89,283,89,497289,108321,68863,39093,1.0033810070769573,0.26519190850258456
2271,0.3219,62,187,62,497476,108134,68925,39031,1.0016488198895845,0.26521931165698365
2272,0.322,49,174,49,497650,107960,68974,38982,1.0000370521323503,0.2652883450613167
2273,0.3221,48,198,48,497848,107762,69022,38934,0.9982029715810145,0.2654060097071495
2274,0.3222,55,168,55,498016,107594,69077,38879,0.9966467820223054,0.26543458521365715
2275,0.3223,100,272,100,498288,107322,69177,38779,0.9941272370224906,0.26542597244372046
2276,0.3224,59,218,59,498506,107104,69236,38720,0.9921078958094038,0.26552556506473557
2277,0.3225,48,198,48,498704,106906,69284,38672,0.9902738152580681,0.2656445342015964
2278,0.3226,59,221,59,498925,106685,69343,38613,0.9882266849457186,0.26575038885600627
2279,0.3227,66,217,66,499142,106468,69409,38547,0.9862166067657193,0.2658138813226218
2280,0.3228,56,158,56,499300,106310,69465,38491,0.9847530475378858,0.26581998743102603
2281,0.3229,47,132,47,499432,106178,69512,38444,0.9835303271703286,0.2658240101782578
2282,0.323,39,171,39,499603,106007,69551,38405,0.9819463485123568,0.265940503559261
2283,0.3231,56,189,56,499792,105818,69607,38349,0.9801956352588092,0.266004009239285
2284,0.3232,50,236,50,500028,105582,69657,38299,0.9780095594501463,0.2661852503110209
2285,0.3233,52,168,52,500196,105414,69709,38247,0.9764533698914373,0.2662309186209201
2286,0.3234,61,204,61,500400,105210,69770,38186,0.9745637111415762,0.26629752573293536
2287,0.3235,63,208,63,500608,105002,69833,38123,0.972637000259365,0.26636157205240174
2288,0.3236,48,200,48,500808,104802,69881,38075,0.9707843936418541,0.2664879581738138
2289,0.3237,45,173,45,500981,104629,69926,38030,0.9691818889177072,0.26657974610785157
2290,0.3238,43,157,43,501138,104472,69969,37987,0.9677275927229612,0.266652159568718
2291,0.3239,79,285,79,501423,104187,70048,37908,0.9650876282930083,0.26677926739153385
2292,0.324,46,193,46,501616,103994,70094,37862,0.9632998629071103,0.2669044665012407
2293,0.3241,57,201,57,501817,103793,70151,37805,0.9614379932565119,0.2669882342970946
2294,0.3242,41,211,41,502028,103582,70192,37764,0.959483493275038,0.2671741683528363
2295,0.3243,64,229,64,502257,103353,70256,37700,0.9573622586979881,0.2672754212955414
2296,0.3244,52,226,52,502483,103127,70308,37648,0.9552688132202009,0.2674338483395489
2297,0.3245,79,244,79,502727,102883,70387,37569,0.9530086331468376,0.2674864010480449
2298,0.3246,34,145,34,502872,102738,70421,37535,0.9516654933491422,0.26758535142187023
2299,0.3247,64,183,64,503055,102555,70485,37471,0.9499703582941198,0.2676003028009084
2300,0.3248,71,306,71,503361,102249,70556,37400,0.9471358701693282,0.2678143058668519
2301,0.3249,63,222,63,503583,102027,70619,37337,0.9450794768238913,0.2679099336988031
2302,0.325,41,164,41,503747,101863,70660,37296,0.9435603393975324,0.2680099742021716
2303,0.3251,60,227,60,503974,101636,70720,37236,0.9414576308866576,0.268131804827467
2304,0.3252,87,278,87,504252,101358,70807,37149,0.9388825076883175,0.26821027096103445
2305,0.3253,75,218,75,504470,101140,70882,37074,0.9368631664752306,0.2682362134081931
2306,0.3254,75,235,75,504705,100905,70957,36999,0.9346863536996555,0.2682953358858336
2307,0.3255,54,215,54,504920,100690,71011,36945,0.9326948015858313,0.2684273622261779
2308,0.3256,49,166,49,505086,100524,71060,36896,0.9311571380932973,0.26849075825935087
2309,0.3257,80,289,80,505375,100235,71140,36816,0.9284801215309941,0.26862992608590963
2310,0.3258,49,157,49,505532,100078,71189,36767,0.9270258253362481,0.2686762395410866
2311,0.3259,56,174,56,505706,99904,71245,36711,0.9254140575790136,0.26871866193316984
2312,0.326,89,289,89,505995,99615,71334,36622,0.9227370410167105,0.2688109691199894
2313,0.3261,58,257,58,506252,99358,71392,36564,0.9203564415132091,0.2690072247318315
2314,0.3262,49,148,49,506400,99210,71441,36515,0.918985512616251,0.269036655000921
2315,0.3263,63,243,63,506643,98967,71504,36452,0.9167345955759754,0.2691793618325346
2316,0.3264,42,184,42,506827,98783,71546,36410,0.9150301974878654,0.2693186777421908
2317,0.3265,67,271,67,507098,98512,71613,36343,0.9125199155211382,0.269496867005302
2318,0.3266,79,293,79,507391,98219,71692,36264,0.9098058468264849,0.26965490061940917
2319,0.3267,51,185,51,507576,98034,71743,36213,0.9080921857052874,0.2697490446713893
2320,0.3268,41,182,41,507758,97852,71784,36172,0.9064063136833524,0.2698919596490181
2321,0.3269,55,167,55,507925,97685,71839,36117,0.904859387157731,0.2699287006173301
2322,0.327,76,224,76,508149,97461,71915,36041,0.9027844677461188,0.2699659930188312
2323,0.3271,41,141,41,508290,97320,71956,36000,0.9014783800807736,0.27002700270027
2324,0.3272,70,211,70,508501,97109,72026,35930,0.8995238800992997,0.27007118213456205
2325,0.3273,51,171,51,508672,96938,72077,35879,0.897939901441328,0.2701386117740952
2326,0.3274,66,207,66,508879,96731,72143,35813,0.8960224535922042,0.2701970666344761
2327,0.3275,36,151,36,509030,96580,72179,35777,0.8946237355959835,0.2703068217019122
2328,0.3276,80,254,80,509284,96326,72259,35697,0.8922709251917448,0.2703847056952198
2329,0.3277,56,194,56,509478,96132,72315,35641,0.8904738967727592,0.27047270685193475
2330,0.3278,59,135,59,509613,95997,72374,35582,0.8892233873059394,0.27042309183076324
2331,0.3279,66,298,66,509911,95699,72440,35516,0.8864630034458483,0.2706702739778227
2332,0.328,28,128,28,510039,95571,72468,35488,0.8852773352106413,0.27077880954379324
2333,0.3281,47,221,47,510260,95350,72515,35441,0.8832302048982918,0.27097430251316984
2334,0.3282,44,207,44,510467,95143,72559,35397,0.8813127570491682,0.27115826566569634
2335,0.3283,36,227,36,510694,94916,72595,35361,0.8792100485382934,0.2714293390237724
2336,0.3284,47,123,47,510817,94793,72642,35314,0.8780706954685242,0.2714227520425496
2337,0.3285,32,133,32,510950,94660,72674,35282,0.8768387120678796,0.27152114020101276
2338,0.3286,55,212,55,511162,94448,72729,35227,0.874874949053318,0.2716560632350106
2339,0.3287,84,276,84,511438,94172,72813,35143,0.872318351921153,0.27176274987433785
2340,0.3288,43,128,43,511566,94044,72856,35100,0.8711326836859461,0.2717896301802639
2341,0.3289,64,208,64,511774,93836,72920,35036,0.8692059728037349,0.27186665838972
2342,0.329,63,167,63,511941,93669,72983,34973,0.8676590462781133,0.2718629996424185
2343,0.3291,49,174,49,512115,93495,73032,34924,0.8660472785208789,0.2719535271260483
2344,0.3292,68,218,68,512333,93277,73100,34856,0.864027937307792,0.2720298439902289
2345,0.3293,66,229,66,512562,93048,73166,34790,0.8619067027307421,0.27214130383766955
2346,0.3294,66,270,66,512832,92778,73232,34724,0.8594056837971025,0.2723408260262584
2347,0.3295,35,131,35,512963,92647,73267,34689,0.8581922264626329,0.27242099641892314
2348,0.3296,69,238,69,513201,92409,73336,34620,0.855987624587795,0.2725361925229672
2349,0.3297,50,185,50,513386,92224,73386,34570,0.8542739634665975,0.2726469706768459
2350,0.3298,63,191,63,513577,92033,73449,34507,0.8525047241468746,0.27269638059111745
2351,0.3299,65,198,65,513775,91835,73514,34442,0.8506706435955389,0.2727495901866532
2352,0.33,91,270,91,514045,91565,73605,34351,0.8481696246618993,0.2728088566981162
2353,0.3301,52,163,52,514208,91402,73657,34299,0.8466597502686279,0.2728617910756478
2354,0.3302,46,146,46,514354,91256,73703,34253,0.8453073474378451,0.27291269948768615
2355,0.3303,51,144,51,514498,91112,73754,34202,0.8439734706732372,0.27293039883811865
2356,0.3304,69,227,69,514725,90885,73823,34133,0.8418707621623625,0.27302468444543987
2357,0.3305,33,165,33,514890,90720,73856,34100,0.840342361702916,0.2731933984938311
2358,0.3306,86,260,86,515150,90460,73942,34014,0.8379339731001519,0.2732618860163568
2359,0.3307,52,153,52,515303,90307,73994,33962,0.8365167290377561,0.2732942246256106
2360,0.3308,39,134,39,515437,90173,74033,33923,0.8352754826040238,0.2733609463641052
2361,0.3309,78,263,78,515700,89910,74111,33845,0.8328393049019971,0.2734838996404186
2362,0.331,45,137,45,515837,89773,74156,33800,0.8315702693690021,0.2735225332394617
2363,0.3311,52,160,52,515997,89613,74208,33748,0.8300881840749935,0.2735710637883934
2364,0.3312,53,214,53,516211,89399,74261,33695,0.8281058949942569,0.2737338944221489
2365,0.3313,84,381,84,516592,89018,74345,33611,0.8245766793878988,0.2740868799386768
2366,0.3314,37,130,37,516722,88888,74382,33574,0.8233724850865167,0.2741585144779605
2367,0.3315,61,184,61,516906,88704,74443,33513,0.8216680869984068,0.274208988929527
2368,0.3316,40,165,40,517071,88539,74483,33473,0.8201396865389603,0.2743418680129823
2369,0.3317,43,199,43,517270,88340,74526,33430,0.818296342954537,0.27453395746078674
2370,0.3318,64,193,64,517463,88147,74590,33366,0.816508577568639,0.27458790417486195
2371,0.3319,78,230,78,517693,87917,74668,33288,0.8143780799585016,0.2746421352254445
2372,0.332,59,205,59,517898,87712,74727,33229,0.812479158175553,0.27475380557461904
2373,0.3321,85,357,85,518255,87355,74812,33144,0.8091722553632962,0.2750562245329837
2374,0.3322,60,233,60,518488,87122,74872,33084,0.8070139686538961,0.27522752608022893
2375,0.3323,35,126,35,518614,86996,74907,33049,0.8058468264848642,0.27530509392311214
2376,0.3324,60,202,60,518816,86794,74967,32989,0.8039756938011783,0.2754063598340332
2377,0.3325,41,132,41,518948,86662,75008,32948,0.8027529734336211,0.27546191789984115
2378,0.3326,36,106,36,519054,86556,75044,32912,0.8017710919263403,0.27548799678575014
2379,0.3327,40,155,40,519209,86401,75084,32872,0.8003353217977695,0.27560302834673395
2380,0.3328,46,154,46,519363,86247,75130,32826,0.7989088147022861,0.27567962510392785
2381,0.3329,56,211,56,519574,86036,75186,32770,0.7969543147208121,0.2758278201437638
2382,0.333,35,108,35,519682,85928,75221,32735,0.7959539071473564,0.2758652654997767
2383,0.3331,59,212,59,519894,85716,75280,32676,0.7939901441327949,0.27599837826880197
2384,0.3332,45,189,45,520083,85527,75325,32631,0.7922394308792471,0.2761641192301833
2385,0.3333,59,239,59,520322,85288,75384,32572,0.7900255659713217,0.2763617851688444
2386,0.3334,45,152,45,520474,85136,75429,32527,0.7886175849420134,0.276442042103295
2387,0.3335,51,200,51,520674,84936,75480,32476,0.7867649783245025,0.27659864409089363
2388,0.3336,44,188,44,520862,84748,75524,32432,0.7850235281040424,0.27677077999658645
2389,0.3337,64,195,64,521057,84553,75588,32368,0.7832172366519693,0.27683649643776564
2390,0.3338,56,174,56,521231,84379,75644,32312,0.7816054688947349,0.27690224610295566
2391,0.3339,73,234,73,521465,84145,75717,32239,0.7794379191522472,0.27700543029969754
2392,0.334,48,179,48,521644,83966,75765,32191,0.777779836229575,0.2771335347848171
2393,0.3341,91,307,91,521951,83659,75856,32100,0.7749360850716959,0.277300253112069
2394,0.3342,70,287,70,522238,83372,75926,32030,0.7722775945755678,0.27755151557165386
2395,0.3343,34,127,34,522365,83245,75960,31996,0.7711011893734484,0.27764424119887887
2396,0.3344,55,168,55,522533,83077,76015,31941,0.7695449998147393,0.277704359317672
2397,0.3345,54,212,54,522745,82865,76069,31887,0.7675812368001779,0.2778775097601785
2398,0.3346,30,100,30,522845,82765,76099,31857,0.7666549334914224,0.2779309382143044
2399,0.3347,53,176,53,523021,82589,76152,31804,0.7650246396680129,0.2780240049653388
2400,0.3348,54,151,54,523172,82438,76206,31750,0.7636259216717922,0.2780502329491715
2401,0.3349,43,146,43,523318,82292,76249,31707,0.7622735188410092,0.2781340187194625
2402,0.335,28,127,28,523445,82165,76277,31679,0.7610971136388899,0.27826675099258635
2403,0.3351,51,191,51,523636,81974,76328,31628,0.759327874319167,0.27841059136282814
2404,0.3352,37,116,37,523752,81858,76365,31591,0.7582533624810108,0.27845992472388476
2405,0.3353,44,137,44,523889,81721,76409,31547,0.7569843269480159,0.2785164388883003
2406,0.3354,47,191,47,524080,81530,76456,31500,0.755215087628293,0.27868707422808103
2407,0.3355,62,174,62,524254,81356,76518,31438,0.7536033198710586,0.27872049931733955
2408,0.3356,54,169,54,524423,81187,76572,31384,0.7520378672792619,0.27879293956702883
2409,0.3357,36,121,36,524544,81066,76608,31348,0.7509170402756679,0.278862063444055
2410,0.3358,61,223,61,524767,80843,76669,31287,0.7488513838971432,0.2790243467403906
2411,0.3359,78,244,78,525011,80599,76747,31209,0.7465912038237801,0.27913029479107043
2412,0.336,52,164,52,525175,80435,76799,31157,0.7450720663974212,0.2792046024804645
2413,0.3361,60,191,60,525366,80244,76859,31097,0.7433028270776983,0.27929513835873576
2414,0.3362,55,203,55,525569,80041,76914,31042,0.7414224313609248,0.2794487005212319
2415,0.3363,44,156,44,525725,79885,76958,30998,0.7399773981992663,0.2795559283208427
2416,0.3364,50,134,50,525859,79751,77008,30948,0.7387361517655341,0.2795689211284655
2417,0.3365,37,160,37,526019,79591,77045,30911,0.7372540664715255,0.2797324935295289
2418,0.3366,51,208,51,526227,79383,77096,30860,0.7353273555893142,0.27992707019946844
2419,0.3367,83,189,83,526416,79194,77179,30777,0.7335766423357665,0.27986469160051286
2420,0.3368,52,162,52,526578,79032,77231,30725,0.7320760309755826,0.2799365871880609
2421,0.3369,60,190,60,526768,78842,77291,30665,0.7303160546889473,0.28002776078241576
2422,0.337,39,118,39,526886,78724,77330,30626,0.729223016784616,0.28007315957933243
2423,0.3371,57,199,57,527085,78525,77387,30569,0.7273796732001927,0.2802078941096669
2424,0.3372,41,132,41,527217,78393,77428,30528,0.7261569528326355,0.2802765306965599
2425,0.3373,67,236,67,527453,78157,77495,30461,0.7239708770239728,0.2804415474414922
2426,0.3374,44,163,44,527616,77994,77539,30417,0.7224610026307013,0.2805711597531616
2427,0.3375,49,171,49,527787,77823,77588,30368,0.7208770239727297,0.2806887818764962
2428,0.3376,45,166,45,527953,77657,77633,30323,0.7193393604801956,0.28082052231894794
2429,0.3377,43,158,43,528111,77499,77676,30280,0.7178758012523621,0.28094526763098565
2430,0.3378,64,202,64,528313,77297,77740,30216,0.7160046685686762,0.281045082920205
2431,0.3379,51,210,51,528523,77087,77791,30165,0.7140594316202897,0.28125349643829484
2432,0.338,52,189,52,528712,76898,77843,30113,0.712308718366742,0.2814009774696059
2433,0.3381,89,279,89,528991,76619,77932,30024,0.7097243321353144,0.28153746612529656
2434,0.3382,32,93,32,529084,76526,77964,29992,0.7088628700581718,0.28156743461199046
2435,0.3383,38,109,38,529193,76417,78002,29954,0.7078531994516284,0.28159930808209005
2436,0.3384,69,200,69,529393,76217,78071,29885,0.7060005928341176,0.28166292812576577
2437,0.3385,86,221,86,529614,75996,78157,29799,0.7039534625217682,0.2816673755848575
2438,0.3386,60,243,60,529857,75753,78217,29739,0.7017025454814925,0.2819076328062792
2439,0.3387,60,165,60,530022,75588,78277,29679,0.700174145022046,0.28194020918236484
2440,0.3388,64,192,64,530214,75396,78341,29615,0.6983956426692356,0.2820180742969784
2441,0.3389,69,179,69,530393,75217,78410,29546,0.6967375597465634,0.28202705153537033
2442,0.339,41,151,41,530544,75066,78451,29505,0.6953388417503428,0.28215279570817914
2443,0.3391,55,164,55,530708,74902,78506,29450,0.6938197043239839,0.2822178779515486
2444,0.3392,63,175,63,530883,74727,78569,29387,0.6921986735336618,0.2822579095990933
2445,0.3393,49,151,49,531034,74576,78618,29338,0.6907999555374412,0.2823296187231749
2446,0.3394,47,141,47,531175,74435,78665,29291,0.689493867872096,0.282388215105181
2447,0.3395,40,114,40,531289,74321,78705,29251,0.6884378821001148,0.2824218900861237
2448,0.3396,38,114,38,531403,74207,78743,29213,0.6873818963281337,0.28246954167472443
2449,0.3397,52,220,52,531623,73987,78795,29161,0.6853440290488718,0.2827102803738318
2450,0.3398,45,150,45,531773,73837,78840,29116,0.6839545740857387,0.28280866026244983
2451,0.3399,34,107,34,531880,73730,78874,29082,0.6829634295453704,0.28286581332918337
2452,0.34,67,246,67,532126,73484,78941,29015,0.680684723405832,0.28307593244812146
2453,0.3401,60,187,60,532313,73297,79001,28955,0.6789525362184594,0.2831729452724641
2454,0.3402,57,217,57,532530,73080,79058,28898,0.6769424580384601,0.2833748455549236
2455,0.3403,67,195,67,532725,72885,79125,28831,0.6751361665863871,0.28344606551574975
2456,0.3404,55,135,55,532860,72750,79180,28776,0.6738856571195673,0.28343478517818094
2457,0.3405,62,189,62,533049,72561,79242,28714,0.6721349438660195,0.28352505554184154
2458,0.3406,47,134,47,533183,72427,79289,28667,0.6708936974322872,0.2835677686113914
2459,0.3407,54,158,54,533341,72269,79343,28613,0.6694301382044536,0.2836283975337523
2460,0.3408,35,115,35,533456,72154,79378,28578,0.668364889399385,0.2837032919032681
2461,0.3409,67,201,67,533657,71953,79445,28511,0.6665030197487866,0.2837931995540691
2462,0.341,61,183,61,533840,71770,79506,28450,0.6648078846937642,0.28387547395729396
2463,0.3411,40,165,40,534005,71605,79546,28410,0.6632794842343177,0.2840573913912913
2464,0.3412,39,129,39,534134,71476,79585,28371,0.6620845529660232,0.28414474145442525
2465,0.3413,40,165,40,534299,71311,79625,28331,0.6605561525065767,0.2843278938600189
2466,0.3414,56,197,56,534496,71114,79681,28275,0.6587313349883286,0.2844882230427915
2467,0.3415,51,179,51,534675,70935,79732,28224,0.6570732520656564,0.28463377000574835
2468,0.3416,55,157,55,534832,70778,79787,28169,0.6556189558709103,0.28468776213528457
2469,0.3417,80,275,80,535107,70503,79867,28089,0.653071621771833,0.28490141187926
2470,0.3418,48,134,48,535241,70369,79915,28041,0.6518303753381007,0.28494055482166447
2471,0.3419,48,159,48,535400,70210,79963,27993,0.6503575530771796,0.2850523914748022
2472,0.342,55,123,55,535523,70087,80018,27938,0.6492182000074104,0.2850089262943127
2473,0.3421,55,151,55,535674,69936,80073,27883,0.6478194820111898,0.2850468722845255
2474,0.3422,64,180,64,535854,69756,80137,27819,0.64615213605543,0.2851037663335895
2475,0.3423,52,169,52,536023,69587,80189,27767,0.6445866834636333,0.2852168375208004
2476,0.3424,53,200,53,536223,69387,80242,27714,0.6427340768461225,0.2854141563938579
2477,0.3425,50,167,50,536390,69220,80292,27664,0.641187150320501,0.2855373436274307
2478,0.3426,78,185,78,536575,69035,80370,27586,0.6394734891993035,0.2855072913755809
2479,0.3427,57,146,57,536721,68889,80427,27529,0.6381210863685205,0.2855172270737829
2480,0.3428,51,156,51,536877,68733,80478,27478,0.636676053206862,0.2856014385049527
2481,0.3429,44,189,44,537066,68544,80522,27434,0.6349253399533143,0.28583633749400905
2482,0.343,44,143,44,537209,68401,80566,27390,0.6336007262217941,0.28593500433234853
2483,0.3431,17,56,17,537265,68345,80583,27373,0.6330819963688911,0.28597546960864206
2484,0.3432,49,142,49,537407,68203,80632,27324,0.6317666456704584,0.28603431490573344
2485,0.3433,85,232,85,537639,67971,80717,27239,0.6296176219941457,0.28609389769982146
2486,0.3434,43,147,43,537786,67824,80760,27196,0.6282559561302753,0.2862134287518417
2487,0.3435,51,162,51,537948,67662,80811,27145,0.6267553447700915,0.2863185207843303
2488,0.3436,61,196,61,538144,67466,80872,27084,0.6249397902849309,0.2864516129032258
2489,0.3437,53,175,53,538319,67291,80925,27031,0.6233187594946089,0.28658213354254575
2490,0.3438,44,165,44,538484,67126,80969,26987,0.6217903590351624,0.28675103333227075
2491,0.3439,46,143,46,538627,66983,81015,26941,0.6204657453036422,0.28683829479153355
2492,0.344,72,182,72,538809,66801,81087,26869,0.6187798732817074,0.28684744315148925
2493,0.3441,60,180,60,538989,66621,81147,26809,0.6171125273259476,0.2869420956866103
2494,0.3442,49,197,49,539186,66424,81196,26760,0.6152877098076994,0.28717376373626374
2495,0.3443,55,147,55,539333,66277,81251,26705,0.613926043943829,0.28720612591684413
2496,0.3444,54,147,54,539480,66130,81305,26651,0.6125643780799584,0.2872463112059581
2497,0.3445,49,160,49,539640,65970,81354,26602,0.6110822927859498,0.2873655100894439
2498,0.3446,59,186,59,539826,65784,81413,26543,0.6093593686316647,0.2874890335438171
2499,0.3447,38,150,38,539976,65634,81451,26505,0.6079699136685316,0.28766320450623517
2500,0.3448,39,121,39,540097,65513,81490,26466,0.6068490866649375,0.2877395927331239
2501,0.3449,37,89,37,540186,65424,81527,26429,0.6060246767201453,0.28773148400161125
2502,0.345,81,185,81,540371,65239,81608,26348,0.6043110155989477,0.28768274973522445
2503,0.3451,47,151,47,540522,65088,81655,26301,0.602912297602727,0.2877917473656567
2504,0.3452,42,100,42,540622,64988,81697,26259,0.6019859942939716,0.28777932425175623
2505,0.3453,71,219,71,540841,64769,81768,26188,0.5999573900477972,0.28791626812669724
2506,0.3454,70,198,70,541039,64571,81838,26118,0.5981233094964615,0.2879952364674878
2507,0.3455,48,133,48,541172,64438,81886,26070,0.5968913260958169,0.2880408361691784
2508,0.3456,44,130,44,541302,64308,81930,26026,0.5956871317944348,0.2881085748444661
2509,0.3457,53,164,53,541466,64144,81983,25973,0.5941679943680759,0.28821421041534895
2510,0.3458,34,110,34,541576,64034,82017,25939,0.593149060728445,0.2882976003912285
2511,0.3459,48,178,48,541754,63856,82065,25891,0.5915002408388603,0.2884887517131492
2512,0.346,34,97,34,541851,63759,82099,25857,0.5906017266293675,0.2885310658810927
2513,0.3461,40,114,40,541965,63645,82139,25817,0.5895457408573863,0.2885806264112137
2514,0.3462,43,135,43,542100,63510,82182,25774,0.5882952313905665,0.2886743425473769
2515,0.3463,45,141,45,542241,63369,82227,25729,0.5869891437252214,0.28877191407214525
2516,0.3464,59,184,59,542425,63185,82286,25670,0.5852847456371114,0.2888976422260987
2517,0.3465,30,83,30,542508,63102,82316,25640,0.5845159138908445,0.288927452615447
2518,0.3466,43,80,43,542588,63022,82359,25597,0.5837748712438401,0.2888432503187804
2519,0.3467,52,133,52,542721,62889,82411,25545,0.5825428878431954,0.288859488432051
2520,0.3468,30,93,30,542814,62796,82441,25515,0.5816814257660529,0.2889221048340524
2521,0.3469,54,166,54,542980,62630,82495,25461,0.5801437622735188,0.28903066147506556
2522,0.347,46,142,46,543122,62488,82541,25415,0.5788284115750861,0.2891255133499426
2523,0.3471,45,155,45,543277,62333,82586,25370,0.5773926414465153,0.2892717466905351
2524,0.3472,54,173,54,543450,62160,82640,25316,0.5757901367223683,0.2894050939686314
2525,0.3473,52,194,52,543644,61966,82692,25264,0.5739931083033829,0.28962512896939124
2526,0.3474,51,152,51,543796,61814,82743,25213,0.5725851272740746,0.28971468624679697
2527,0.3475,54,111,54,543907,61703,82797,25159,0.5715569306013562,0.28964334231309435
2528,0.3476,45,140,45,544047,61563,82842,25114,0.5702601059690985,0.28974237687045007
2529,0.3477,44,150,44,544197,61413,82886,25070,0.5688706510059653,0.28988356093105005
2530,0.3478,50,141,50,544338,61272,82936,25020,0.5675645633406202,0.28994576554025864
2531,0.3479,59,169,59,544507,61103,82995,24961,0.5659991107488236,0.29002835099460866
2532,0.348,62,184,62,544691,60919,83057,24899,0.5642947126607136,0.29013726723997296
2533,0.3481,58,183,58,544874,60736,83115,24841,0.5625995776056912,0.290276593009804
2534,0.3482,53,105,53,544979,60631,83168,24788,0.5616269591314981,0.29019304838501975
2535,0.3483,46,146,46,545125,60485,83214,24742,0.5602745563007151,0.29030706231593273
2536,0.3484,28,88,28,545213,60397,83242,24714,0.5594594093890103,0.2903737472242131
2537,0.3485,80,207,80,545420,60190,83322,24634,0.5575419615398867,0.29041309063472603
2538,0.3486,51,143,51,545563,60047,83373,24583,0.5562173478083664,0.2904761904761905
2539,0.3487,50,139,50,545702,59908,83423,24533,0.5549297862091963,0.2905342191589394
2540,0.3488,45,96,45,545798,59812,83468,24488,0.5540405350327912,0.29048635824436536
2541,0.3489,39,110,39,545908,59702,83507,24449,0.5530216013931601,0.29053724851754587
2542,0.349,47,126,47,546034,59576,83554,24402,0.5518544592241283,0.2905761032651409
2543,0.3491,35,137,35,546171,59439,83589,24367,0.5505854236911334,0.290754838555712
2544,0.3492,57,217,57,546388,59222,83646,24310,0.5485753455111342,0.29102619355456594
2545,0.3493,48,192,48,546580,59030,83694,24262,0.5467968431583238,0.2912884790856265
2546,0.3494,32,94,32,546674,58936,83726,24230,0.5459261180480937,0.29134502080176994
2547,0.3495,42,164,42,546838,58772,83768,24188,0.5444069806217348,0.2915621986499518
2548,0.3496,65,163,65,547001,58609,83833,24123,0.5428971062284634,0.2915800415800416
2549,0.3497,29,126,29,547127,58483,83862,24094,0.5417299640594316,0.2917761604320816
2550,0.3498,56,173,56,547300,58310,83918,24038,0.5401274593352847,0.29190751445086704
2551,0.3499,40,148,40,547448,58162,83958,23998,0.5387565304383267,0.2920886075949367
2552,0.35,37,161,37,547609,58001,83995,23961,0.5372651821112305,0.2923427930016349
2553,0.3501,51,142,51,547751,57859,84046,23910,0.5359498314127978,0.2924091036945542
2554,0.3502,42,129,42,547880,57730,84088,23868,0.5347549001445033,0.292507169293365
2555,0.3503,43,179,43,548059,57551,84131,23825,0.5330968172218311,0.2927767400707825
2556,0.3504,37,142,37,548201,57409,84168,23788,0.5317814665233984,0.2929664889096888
2557,0.3505,60,148,60,548349,57261,84228,23728,0.5304105376264404,0.29297805874871896
2558,0.3506,41,152,41,548501,57109,84269,23687,0.5290025565971321,0.29317045398287045
2559,0.3507,48,176,48,548677,56933,84317,23639,0.5273722627737226,0.29338976319316884
2560,0.3508,49,138,49,548815,56795,84366,23590,0.5260939642076401,0.29346271070473345
2561,0.3509,46,161,46,548976,56634,84412,23544,0.5246026158805439,0.29364663623437853
2562,0.351,26,97,26,549073,56537,84438,23518,0.5237041016710512,0.2937730310411592
2563,0.3511,38,148,38,549221,56389,84476,23480,0.5223331727740932,0.2939813945335487
2564,0.3512,53,170,53,549391,56219,84529,23427,0.520758457149209,0.29413906536423673
2565,0.3513,57,178,57,549569,56041,84586,23370,0.5191096372596243,0.2942917228091826
2566,0.3514,72,198,72,549767,55843,84658,23298,0.5172755567082885,0.2943859693458511
2567,0.3515,47,181,47,549948,55662,84705,23251,0.5155989477194413,0.2946409336864648
2568,0.3516,42,127,42,550075,55535,84747,23209,0.5144225425173219,0.29473991669206545
2569,0.3517,63,130,63,550205,55405,84810,23146,0.5132183482159398,0.29466206668279205
2570,0.3518,41,163,41,550368,55242,84851,23105,0.5117084738226685,0.2949059951242549
2571,0.3519,71,159,71,550527,55083,84922,23034,0.5102356515617473,0.29486539421636776
2572,0.352,77,223,77,550750,54860,84999,22957,0.5081699951832228,0.29501265790251485
2573,0.3521,63,150,63,550900,54710,85062,22894,0.5067805402200897,0.2950105664656461
2574,0.3522,42,134,42,551034,54576,85104,22852,0.5055392937863574,0.2951387095107713
2575,0.3523,34,100,34,551134,54476,85138,22818,0.504612990477602,0.29521049499314306
2576,0.3524,50,162,50,551296,54314,85188,22768,0.5031123791174182,0.29537375781635145
2577,0.3525,42,119,42,551415,54195,85230,22726,0.5020100781799992,0.2954459770413801
2578,0.3526,48,139,48,551554,54056,85278,22678,0.5007225165808292,0.29554043839758126
2579,0.3527,47,168,47,551722,53888,85325,22631,0.4991663270221201,0.2957566094695435
2580,0.3528,53,185,53,551907,53703,85378,22578,0.4974526659009226,0.29598458331694655
2581,0.3529,61,194,61,552101,53509,85439,22517,0.4956556374819371,0.2961749927656328
2582,0.353,44,142,44,552243,53367,85483,22473,0.4943402867835044,0.29632120253164557
2583,0.3531,64,158,64,552401,53209,85547,22409,0.4928767275556708,0.29634478563305033
2584,0.3532,39,135,39,552536,53074,85586,22370,0.491626218088851,0.29651131965431315
2585,0.3533,41,136,41,552672,52938,85627,22329,0.49036644558894366,0.2966638765993065
2586,0.3534,45,143,45,552815,52795,85672,22284,0.4890418318574234,0.296807362911067
2587,0.3535,57,164,57,552979,52631,85729,22227,0.4875226944310645,0.2969221726468781
2588,0.3536,42,141,42,553120,52490,85771,22185,0.4862166067657194,0.2970873786407767
2589,0.3537,57,149,57,553269,52341,85828,22128,0.4848364148356738,0.29714377794787095
2590,0.3538,44,150,44,553419,52191,85872,22084,0.48344695987254066,0.29732749915853246
2591,0.3539,55,152,55,553571,52039,85927,22029,0.48203897884323244,0.29741588810282443
2592,0.354,45,112,45,553683,51927,85972,21984,0.48100151913742634,0.2974388115436133
2593,0.3541,45,149,45,553832,51778,86017,21939,0.47962132720738077,0.2976111344737306
2594,0.3542,46,139,46,553971,51639,86063,21893,0.4783337656082107,0.29773431975194475
2595,0.3543,37,122,37,554093,51517,86100,21856,0.47720367557152915,0.2978752402109768
2596,0.3544,51,103,51,554196,51414,86151,21805,0.47624958316351107,0.2978052144935058
2597,0.3545,72,172,72,554368,51242,86223,21733,0.4746563414724517,0.29781431997259333
2598,0.3546,33,103,33,554471,51139,86256,21700,0.47370224906443364,0.2979173245102212
2599,0.3547,49,187,49,554658,50952,86305,21651,0.47197006187706103,0.29821081773480435
2600,0.3548,59,171,59,554829,50781,86364,21592,0.47038608321908926,0.2983433048236221
2601,0.3549,40,128,40,554957,50653,86404,21552,0.4692004149838823,0.2984834845232325
2602,0.355,35,103,35,555060,50550,86439,21517,0.46824632257586424,0.2985693868205975
2603,0.3551,25,81,25,555141,50469,86464,21492,0.46749601689577236,0.2986617751281944
2604,0.3552,45,163,45,555304,50306,86509,21447,0.46598614250250103,0.29890039440859617
2605,0.3553,70,212,70,555516,50094,86579,21377,0.4640223794879395,0.2991003344013656
2606,0.3554,48,166,48,555682,49928,86627,21329,0.4624847159954055,0.2993249785985938
2607,0.3555,33,107,33,555789,49821,86660,21296,0.4614935714550372,0.29945020178016507
2608,0.3556,50,122,50,555911,49699,86710,21246,0.46036348141835565,0.29947142152371553
2609,0.3557,33,116,33,556027,49583,86743,21213,0.4592889695801993,0.2996355726312221
2610,0.3558,49,116,49,556143,49467,86792,21164,0.45821445774204306,0.2996418003426258
2611,0.3559,38,99,38,556242,49368,86830,21126,0.4572974174663752,0.29968507958124097
2612,0.356,36,71,36,556313,49297,86866,21090,0.45663974211715885,0.29962919289073264
2613,0.3561,32,95,32,556408,49202,86898,21058,0.4557597539738412,0.2997153430116709
2614,0.3562,19,65,19,556473,49137,86917,21039,0.4551576568231502,0.29980335157318744
2615,0.3563,50,143,50,556616,48994,86967,20989,0.4538330430916299,0.2999156938113542
2616,0.3564,46,160,46,556776,48834,87013,20943,0.45235095779762124,0.30014188056236296
2617,0.3565,40,91,40,556867,48743,87053,20903,0.45150802178665383,0.30013209660282
2618,0.3566,42,133,42,557000,48610,87095,20861,0.4502760383860091,0.3002835715622346
2619,0.3567,39,134,39,557134,48476,87134,20822,0.44903479195227686,0.30047043204710094
2620,0.3568,35,103,35,557237,48373,87169,20787,0.4480806995442588,0.3005639097744361
2621,0.3569,60,142,60,557379,48231,87229,20727,0.4467653488458261,0.30057426259462283
2622,0.357,41,105,41,557484,48126,87270,20686,0.44579273037163286,0.3006161715979771
2623,0.3571,24,81,24,557565,48045,87294,20662,0.445042424691541,0.30072627243221217
2624,0.3572,54,164,54,557729,47881,87348,20608,0.4435232872651821,0.3008950342390749
2625,0.3573,54,134,54,557863,47747,87402,20554,0.44228204083144984,0.30093263641820767
2626,0.3574,47,123,47,557986,47624,87449,20507,0.4411426877616807,0.30099367395165194
2627,0.3575,37,110,37,558096,47514,87486,20470,0.44012375412204974,0.3011002588844434
2628,0.3576,35,119,35,558215,47395,87521,20435,0.43902145318463076,0.30126787557128115
2629,0.3577,55,130,55,558345,47265,87576,20380,0.43781725888324874,0.30127873457018256
2630,0.3578,40,116,40,558461,47149,87616,20340,0.43674274704509247,0.30138244750996457
2631,0.3579,47,119,47,558580,47030,87663,20293,0.4356404461076735,0.301427446786388
2632,0.358,51,124,51,558704,46906,87714,20242,0.4344918300048168,0.301453505688926
2633,0.3581,23,77,23,558781,46829,87737,20219,0.4337785764570751,0.3015600763632025
2634,0.3582,34,95,34,558876,46734,87771,20185,0.43289858831375744,0.3016333178917796
2635,0.3583,36,119,36,558995,46615,87807,20149,0.4317962873763385,0.30179438020490085
2636,0.3584,43,101,43,559096,46514,87850,20106,0.4308607210344955,0.30180126088261783
2637,0.3585,26,83,26,559179,46431,87876,20080,0.43009188928822856,0.3019049480537054
2638,0.3586,39,111,39,559290,46320,87915,20041,0.42906369261551003,0.3019996684799807
2639,0.3587,55,124,55,559414,46196,87970,19986,0.4279150765126533,0.30198543410595025
2640,0.3588,43,148,43,559562,46048,88013,19943,0.42654414761569526,0.30220787683168915
2641,0.3589,49,148,49,559710,45900,88062,19894,0.42517321871873726,0.3023679970818008
2642,0.359,68,219,68,559929,45681,88130,19826,0.4231446144725629,0.3026546781260018
2643,0.3591,62,171,62,560100,45510,88192,19764,0.42156063581459113,0.30278518246162334
2644,0.3592,41,67,41,560167,45443,88233,19723,0.420940012597725,0.3026578277015622
2645,0.3593,23,69,23,560236,45374,88256,19700,0.42030086331468375,0.30273227402649294
2646,0.3594,44,134,44,560370,45240,88300,19656,0.4190596168809515,0.30288461538461536
2647,0.3595,59,120,59,560490,45120,88359,19597,0.417948052910445,0.3028106988890091
2648,0.3596,46,114,46,560604,45006,88405,19551,0.41689206713846383,0.30284864538314976
2649,0.3597,61,161,61,560765,44845,88466,19490,0.4154007188113676,0.30294551954612575
2650,0.3598,42,103,42,560868,44742,88508,19448,0.4144466264033495,0.3029755413615828
2651,0.3599,44,144,44,561012,44598,88552,19404,0.4131127496387417,0.3031780256866973
2652,0.36,56,142,56,561154,44456,88608,19348,0.41179739894030903,0.3032411761018118
2653,0.3601,51,129,51,561283,44327,88659,19297,0.4106024676720145,0.3032974977995725
2654,0.3602,42,91,42,561374,44236,88701,19255,0.4097595316610471,0.30327132979477406
2655,0.3603,47,100,47,561474,44136,88748,19208,0.4088332283522917,0.3032331396817378
2656,0.3604,31,92,31,561566,44044,88779,19177,0.4079810293082367,0.3033327533572705
2657,0.3605,54,151,54,561717,43893,88833,19123,0.406582311312016,0.3034626126697981
2658,0.3606,28,82,28,561799,43811,88861,19095,0.40582274259883655,0.30354815120974155
2659,0.3607,39,149,39,561948,43662,88900,19056,0.404442550668791,0.303836219267196
2660,0.3608,51,109,51,562057,43553,88951,19005,0.4034328800622476,0.30379807538604175
2661,0.3609,54,146,54,562203,43407,89005,18951,0.4020804772314647,0.3039064755123641
2662,0.361,57,137,57,562340,43270,89062,18894,0.4008114416984698,0.30393797052956695
2663,0.3611,45,142,45,562482,43128,89107,18849,0.3994960910000371,0.30412895106249094
2664,0.3612,64,212,64,562694,42916,89171,18785,0.39753232798547555,0.30445211584901377
2665,0.3613,24,86,24,562780,42830,89195,18761,0.3967357071399459,0.30460619246318454
2666,0.3614,57,150,57,562930,42680,89252,18704,0.3953462521768128,0.30470480907076763
2667,0.3615,56,173,56,563103,42507,89308,18648,0.3937437474526659,0.3049300956585725
2668,0.3616,41,119,41,563222,42388,89349,18607,0.39264144651524696,0.3050577916222641
2669,0.3617,46,105,46,563327,42283,89395,18561,0.39166882804105374,0.3050588389980935
2670,0.3618,59,186,59,563513,42097,89454,18502,0.3899459038867687,0.30531856961335996
2671,0.3619,40,130,40,563643,41967,89494,18462,0.3887417095853866,0.30551556371940625
2672,0.362,43,93,43,563736,41874,89537,18419,0.3878802475082441,0.3054915164281094
2673,0.3621,29,88,29,563824,41786,89566,18390,0.3870651005965393,0.3056035628822122
2674,0.3622,50,111,50,563935,41675,89616,18340,0.38603690392382084,0.3055902690993918
2675,0.3623,42,139,42,564074,41536,89658,18298,0.3847493423246508,0.3058127486044724
2676,0.3624,30,72,30,564146,41464,89688,18268,0.3840824039423469,0.3058327194803455
2677,0.3625,31,89,31,564235,41375,89719,18237,0.38325799399755456,0.30592833657652824
2678,0.3626,36,98,36,564333,41277,89755,18201,0.38235021675497427,0.3060123070715222
2679,0.3627,30,83,30,564416,41194,89785,18171,0.38158138500870725,0.30608944664364524
2680,0.3628,94,259,94,564675,40935,89879,18077,0.3791822594390307,0.30632752660475837
2681,0.3629,49,163,49,564838,40772,89928,18028,0.3776723850457594,0.3065986394557823
2682,0.363,36,135,36,564973,40637,89964,17992,0.3764218755789396,0.3068788483514984
2683,0.3631,48,168,48,565141,40469,90012,17944,0.37486568602023046,0.30719189221577387
2684,0.3632,35,103,35,565244,40366,90047,17909,0.3739115936122124,0.3073187473187473
2685,0.3633,39,88,39,565332,40278,90086,17870,0.3730964467005076,0.30731925431657153
2686,0.3634,55,121,55,565453,40157,90141,17815,0.37197561969691356,0.3073035258400607
2687,0.3635,30,80,30,565533,40077,90171,17785,0.3712345770499092,0.3073692578894611
2688,0.3636,35,99,35,565632,39978,90206,17750,0.37031753677424134,0.30747644124168516
2689,0.3637,43,109,43,565741,39869,90249,17707,0.36930786616769795,0.3075413366680561
2690,0.3638,67,144,67,565885,39725,90316,17640,0.3679739894030902,0.3075045759609518
2691,0.3639,38,88,38,565973,39637,90354,17602,0.36715884249138536,0.3075176016352487
2692,0.364,29,70,29,566043,39567,90383,17573,0.3665104301752566,0.3075428771438572
2693,0.3641,40,127,40,566170,39440,90423,17533,0.3653340249731372,0.3077422638793815
2694,0.3642,46,93,46,566263,39347,90469,17487,0.36447256289599467,0.3076855403455678
2695,0.3643,22,71,22,566334,39276,90491,17465,0.3638148875467783,0.30780211839763133
2696,0.3644,44,105,44,566439,39171,90535,17421,0.3628422690725851,0.3078350296861747
2697,0.3645,19,92,19,566531,39079,90554,17402,0.3619900700285301,0.3081036100635612
2698,0.3646,35,135,35,566666,38944,90589,17367,0.3607395605617103,0.3084122107581112
2699,0.3647,27,86,27,566752,38858,90616,17340,0.3599429397161807,0.3085519057617709
2700,0.3648,66,170,66,566922,38688,90682,17274,0.35836822409129643,0.3086737428969658
2701,0.3649,39,112,39,567034,38576,90721,17235,0.3573307643854904,0.3088100912006594
2702,0.365,60,172,60,567206,38404,90781,17175,0.35573752269443104,0.30901959373144533
2703,0.3651,28,62,28,567268,38342,90809,17147,0.3551632146430027,0.3090162014092883
2704,0.3652,27,70,27,567338,38272,90836,17120,0.35451480232687393,0.30906990179087235
2705,0.3653,50,155,50,567493,38117,90886,17070,0.353079032198303,0.3093119756464385
2706,0.3654,24,61,24,567554,38056,90910,17046,0.3525139871799622,0.3093535624841204
2707,0.3655,38,128,38,567682,37928,90948,17008,0.35132831894475525,0.30959662152322703
2708,0.3656,39,85,39,567767,37843,90987,16969,0.35054096113231314,0.30958549222797926
2709,0.3657,59,151,59,567918,37692,91046,16910,0.3491422431360925,0.30969561554521813
2710,0.3658,65,179,65,568097,37513,91111,16845,0.34748416021342027,0.3098899885941352
2711,0.3659,50,142,50,568239,37371,91161,16795,0.3461688095149876,0.31006535465051877
2712,0.366,64,136,64,568375,37235,91225,16731,0.34490903701508024,0.3100285364859356
2713,0.3661,31,84,31,568459,37151,91256,16700,0.34413094223572566,0.31011494679764534
2714,0.3662,36,124,36,568583,37027,91292,16664,0.34298232613286894,0.310368590639027
2715,0.3663,53,124,53,568707,36903,91345,16611,0.34183371003001223,0.3104047538961767
2716,0.3664,48,178,48,568885,36725,91393,16563,0.3401848901404276,0.31082044738027326
2717,0.3665,59,144,59,569029,36581,91452,16504,0.3388510133758198,0.31089761702929264
2718,0.3666,37,85,37,569114,36496,91489,16467,0.3380636555633777,0.31091516719219076
2719,0.3667,48,116,48,569230,36380,91537,16419,0.3369891437252214,0.3109717987083089
2720,0.3668,63,133,63,569363,36247,91600,16356,0.3357571603245767,0.3109328365302359
2721,0.3669,60,132,60,569495,36115,91660,16296,0.33453443995701954,0.31092709545706054
2722,0.367,51,155,51,569650,35960,91711,16245,0.3330986698284486,0.31117709031701946
2723,0.3671,48,114,48,569764,35846,91759,16197,0.3320426840564675,0.31122341140979576
2724,0.3672,34,91,34,569855,35755,91793,16163,0.3311997480455,0.31131784737470625
2725,0.3673,52,137,52,569992,35618,91845,16111,0.3299307125125051,0.3114500570279727
2726,0.3674,24,101,24,570093,35517,91869,16087,0.3289951461706621,0.311739400046508
2727,0.3675,25,89,25,570182,35428,91894,16062,0.3281707362258698,0.31194406680908915
2728,0.3676,33,70,33,570252,35358,91927,16029,0.327522323909741,0.3119271411057271
2729,0.3677,52,107,52,570359,35251,91979,15977,0.3265311793693727,0.3118802217537284
2730,0.3678,71,172,71,570531,35079,92050,15906,0.32493793767831336,0.3119741100323625
2731,0.3679,39,119,39,570650,34960,92089,15867,0.32383563674089444,0.31217659905168516
2732,0.368,40,90,40,570740,34870,92129,15827,0.32300196376301454,0.312188097915064
2733,0.3681,36,71,36,570811,34799,92165,15791,0.3223442884137982,0.31213678592607236
2734,0.3682,36,132,36,570943,34667,92201,15755,0.32112156804624103,0.31246281385109675
2735,0.3683,31,124,31,571067,34543,92232,15724,0.3199729519433843,0.3128095967533372
2736,0.3684,39,98,39,571165,34445,92271,15685,0.31906517470080403,0.31288649511270694
2737,0.3685,36,90,36,571255,34355,92307,15649,0.31823150172292414,0.31295496360291175
2738,0.3686,61,155,61,571410,34200,92368,15588,0.31679573159435326,0.31308749096167754
2739,0.3687,37,71,37,571481,34129,92405,15551,0.3161380562451369,0.31302334943639293
2740,0.3688,49,125,49,571606,34004,92454,15502,0.3149801771091926,0.3131337615642548
2741,0.3689,25,53,25,571659,33951,92479,15477,0.31448923635555226,0.31312211701869386
2742,0.369,59,144,59,571803,33807,92538,15418,0.3131553595909445,0.3132148298628746
2743,0.3691,32,73,32,571876,33734,92570,15386,0.312479158175553,0.3132328990228013
2744,0.3692,23,40,23,571916,33694,92593,15363,0.3121086368520508,0.31316631673359563
2745,0.3693,37,131,37,572047,33563,92630,15326,0.3108951795175812,0.3134856511689746
2746,0.3694,24,57,24,572104,33506,92654,15302,0.31036718663159063,0.313514178003606
2747,0.3695,45,103,45,572207,33403,92699,15257,0.30941309422357255,0.3135429510891903
2748,0.3696,54,133,54,572340,33270,92753,15203,0.3081811108229279,0.31363852041342605
2749,0.3697,46,96,46,572436,33174,92799,15157,0.30729185964652267,0.31360824315656616
2750,0.3698,51,113,51,572549,33061,92850,15106,0.30624513690762906,0.31361720680133703
2751,0.3699,36,93,36,572642,32968,92886,15070,0.3053836748304865,0.31370997959948377
2752,0.37,30,112,30,572754,32856,92916,15040,0.3043462151246804,0.3140136963420745
2753,0.3701,34,96,34,572850,32760,92950,15006,0.3034569639482752,0.31415651300087927
2754,0.3702,46,89,46,572939,32671,92996,14960,0.3026325540034829,0.3140811656274275
2755,0.3703,32,89,32,573028,32582,93028,14928,0.30180814405869055,0.31420753525573564
2756,0.3704,37,70,37,573098,32512,93065,14891,0.3011597317425618,0.31413623610320024
2757,0.3705,24,80,24,573178,32432,93089,14867,0.30041868909555747,0.3143195416393581
2758,0.3706,37,82,37,573260,32350,93126,14830,0.299659120382378,0.31432810512929205
2759,0.3707,23,44,23,573304,32306,93149,14807,0.2992515469265256,0.31428692717508966
2760,0.3708,24,69,24,573373,32237,93173,14783,0.2986123976434844,0.3143981284559762
2761,0.3709,31,100,31,573473,32137,93204,14752,0.297686094334729,0.31461536821002795
2762,0.371,53,144,53,573617,31993,93257,14699,0.29635221757012115,0.31480767583311914
2763,0.3711,50,131,50,573748,31862,93307,14649,0.29513876023565155,0.31495775192965103
2764,0.3712,71,175,71,573923,31687,93378,14578,0.29351772944532956,0.31509780611693505
2765,0.3713,38,127,38,574050,31560,93416,14540,0.2923413242432102,0.3154013015184382
2766,0.3714,51,97,51,574147,31463,93467,14489,0.2914428100337174,0.3153072771587744
2767,0.3715,41,97,41,574244,31366,93508,14448,0.2905442958242247,0.3153621163836382
2768,0.3716,28,84,28,574328,31282,93536,14420,0.2897662010448701,0.31552229661721587
2769,0.3717,36,107,36,574435,31175,93572,14384,0.28877505650450186,0.3157224697644812
2770,0.3718,53,130,53,574565,31045,93625,14331,0.2875708622031198,0.3158277503526093
2771,0.3719,47,96,47,574661,30949,93672,14284,0.2866816110267146,0.3157871465522959
2772,0.372,37,102,37,574763,30847,93709,14247,0.28573678165178407,0.31594003636847473
2773,0.3721,32,81,32,574844,30766,93741,14215,0.2849864759716922,0.31602232053533713
2774,0.3722,41,100,41,574944,30666,93782,14174,0.28406017266293676,0.31610169491525425
2775,0.3723,27,102,27,575046,30564,93809,14147,0.28311534328800625,0.31640983203238576
2776,0.3724,23,96,23,575142,30468,93832,14124,0.28222609211160105,0.3167384284176534
2777,0.3725,20,68,20,575210,30400,93852,14104,0.28159620586164735,0.31691533345317274
2778,0.3726,48,81,48,575291,30319,93900,14056,0.2808459001815555,0.31675492957746476
2779,0.3727,37,156,37,575447,30163,93937,14019,0.27940086701989697,0.31730116336969805
2780,0.3728,40,128,40,575575,30035,93977,13979,0.27821519878469003,0.3176034897987004
2781,0.3729,41,90,41,575665,29945,94018,13938,0.2773815258068102,0.31761730054918763
2782,0.373,35,110,35,575775,29835,94053,13903,0.27636259216717923,0.3178700443550231
2783,0.3731,37,67,37,575842,29768,94090,13866,0.2757419689503131,0.3177797130677912
2784,0.3732,25,96,25,575938,29672,94115,13841,0.2748527177739079,0.318088847011238
2785,0.3733,62,125,62,576063,29547,94177,13779,0.2736948386379636,0.31803074366431244
2786,0.3734,42,86,42,576149,29461,94219,13737,0.27289821779243395,0.31800083337191537
2787,0.3735,64,138,64,576287,29323,94283,13673,0.2716199192263515,0.3180063261698763
2788,0.3736,41,124,41,576411,29199,94324,13632,0.27047130312349477,0.3182741472298102
2789,0.3737,20,70,20,576481,29129,94344,13612,0.269822890807366,0.31847640438922814
2790,0.3738,40,131,40,576612,28998,94384,13572,0.26860943347289634,0.31881606765327697
2791,0.3739,46,67,46,576679,28931,94430,13526,0.2679888102560302,0.31858115269566856
2792,0.374,41,145,41,576824,28786,94471,13485,0.26664567045833487,0.31901303494121264
2793,0.3741,28,92,28,576916,28694,94499,13457,0.2657934714142799,0.3192569571303172
2794,0.3742,47,124,47,577040,28570,94546,13410,0.2646448553114232,0.31943782753692235
2795,0.3743,46,76,46,577116,28494,94592,13364,0.26394086479676904,0.3192699125615175
2796,0.3744,48,130,48,577246,28364,94640,13316,0.262736670495387,0.3194817658349328
2797,0.3745,34,87,34,577333,28277,94674,13282,0.2619307866167698,0.31959383045790324
2798,0.3746,26,102,26,577435,28175,94700,13256,0.26098595724183926,0.3199536578890203
2799,0.3747,26,81,26,577516,28094,94726,13230,0.2602356515617474,0.32015293776013937
2800,0.3748,32,69,32,577585,28025,94758,13198,0.2595965022787061,0.32016107512796255
2801,0.3749,19,46,19,577631,27979,94777,13179,0.25917040275667863,0.32020506341416005
2802,0.375,30,74,30,577705,27905,94807,13149,0.25848493830819963,0.3202854776635651
2803,0.3751,40,103,40,577808,27802,94847,13109,0.25753084590018155,0.3204272689496712
2804,0.3752,48,152,48,577960,27650,94895,13061,0.2561228648708733,0.3208223821571565
2805,0.3753,30,83,30,578043,27567,94925,13031,0.2553540331246063,0.320976402778462
2806,0.3754,40,87,40,578130,27480,94965,12991,0.2545481492459891,0.32099528057127324
2807,0.3755,42,98,42,578228,27382,95007,12949,0.2536403720034088,0.3210681609679899
2808,0.3756,36,86,36,578314,27296,95043,12913,0.25284375115787916,0.32114700688900494
2809,0.3757,48,121,48,578435,27175,95091,12865,0.2517229241542851,0.3213036963036963
2810,0.3758,51,119,51,578554,27056,95142,12814,0.2506206232168661,0.3213945322297467
2811,0.3759,50,120,50,578674,26936,95192,12764,0.24950905924635963,0.32151133501259443
2812,0.376,28,79,28,578753,26857,95220,12736,0.24877727963244284,0.32167302300911776
2813,0.3761,42,112,42,578865,26745,95262,12694,0.24773981992663677,0.3218641446284135
2814,0.3762,28,63,28,578928,26682,95290,12666,0.24715624884212087,0.3218969197926197
2815,0.3763,28,57,28,578985,26625,95318,12638,0.24662825595613028,0.321880650994575
2816,0.3764,28,79,28,579064,26546,95346,12610,0.24589647634221348,0.32204515272244355
2817,0.3765,51,116,51,579180,26430,95397,12559,0.24482196450405722,0.32211649439585527
2818,0.3766,35,137,35,579317,26293,95432,12524,0.2435529289710623,0.3226421413298297
2819,0.3767,34,71,34,579388,26222,95466,12490,0.24289525362184594,0.3226389749948336
2820,0.3768,48,101,48,579489,26121,95514,12442,0.24195968728000297,0.32264087337603403
2821,0.3769,30,61,30,579550,26060,95544,12412,0.24139464226166216,0.3226242462050322
2822,0.377,19,53,19,579603,26007,95563,12393,0.2409037015080218,0.322734375
2823,0.3771,29,73,29,579676,25934,95592,12364,0.24022750009263033,0.32283670165543893
2824,0.3772,19,73,19,579749,25861,95611,12345,0.23955129867723887,0.3231167879390672
2825,0.3773,38,82,38,579831,25779,95649,12307,0.23879172996405942,0.3231371107493567
2826,0.3774,30,79,30,579910,25700,95679,12277,0.23805995035014266,0.32327461358190485
2827,0.3775,41,65,41,579975,25635,95720,12236,0.23745785319945162,0.32309682870798234
2828,0.3776,45,93,45,580068,25542,95765,12191,0.2365963911223091,0.32308589298492035
2829,0.3777,37,103,37,580171,25439,95802,12154,0.23564229871429102,0.32330487058760937
2830,0.3778,26,72,26,580243,25367,95828,12128,0.2349753603319871,0.3234564608614482
2831,0.3779,26,92,26,580335,25275,95854,12102,0.23412316128793212,0.3237820049763223
2832,0.378,16,38,16,580373,25237,95870,12086,0.23377116603060505,0.3238217720976342
2833,0.3781,15,36,15,580409,25201,95885,12071,0.23343769683945312,0.32386241682764544
2834,0.3782,49,87,49,580496,25114,95934,12022,0.2326318129608359,0.32372899612236106
2835,0.3783,32,75,32,580571,25039,95966,11990,0.23193708547926933,0.32380026465743067
2836,0.3784,17,58,17,580629,24981,95983,11973,0.2313998295601912,0.32399740217567785
2837,0.3785,17,65,17,580694,24916,96000,11956,0.23079773240950016,0.32425688869602953
2838,0.3786,23,58,23,580752,24858,96023,11933,0.23026047649042203,0.3243456280068495
2839,0.3787,46,91,46,580843,24767,96069,11887,0.2294175404794546,0.32430294101598733
2840,0.3788,43,78,43,580921,24689,96112,11844,0.22869502389862537,0.32420003832151756
2841,0.3789,30,66,30,580987,24623,96142,11814,0.22808366371484678,0.3242308642314131
2842,0.379,21,55,21,581042,24568,96163,11793,0.2275741968950313,0.3243310139985149
2843,0.3791,35,98,35,581140,24470,96198,11758,0.226666419652451,0.32455559235950093
2844,0.3792,26,55,26,581195,24415,96224,11732,0.2261569528326355,0.32456358757296594
2845,0.3793,44,126,44,581321,24289,96268,11688,0.22498981066360368,0.324874225199433
2846,0.3794,22,70,22,581391,24219,96290,11666,0.2243413983474749,0.32509405043890205
2847,0.3795,33,97,33,581488,24122,96323,11633,0.22344288413798213,0.32535309746888547
2848,0.3796,17,58,17,581546,24064,96340,11616,0.222905628218904,0.3255605381165919
2849,0.3797,45,134,45,581680,23930,96385,11571,0.22166438178517173,0.325934480718853
2850,0.3798,13,36,13,581716,23894,96398,11558,0.2213309125940198,0.3260182782353605
2851,0.3799,38,97,38,581813,23797,96436,11520,0.22043239838452702,0.32618852110881447
2852,0.38,19,52,19,581865,23745,96455,11501,0.21995072066397423,0.32630653123758724
2853,0.3801,24,70,24,581935,23675,96479,11477,0.21930230834784542,0.32649635867091487
2854,0.3802,44,128,44,582063,23547,96523,11433,0.21811664011263848,0.326843910806175
2855,0.3803,43,92,43,582155,23455,96566,11390,0.2172644410685835,0.3268761658774573
2856,0.3804,30,76,30,582231,23379,96596,11360,0.2165604505539294,0.3270099887734247
2857,0.3805,34,55,34,582286,23324,96630,11326,0.2160509837341139,0.32686868686868686
2858,0.3806,62,130,62,582416,23194,96692,11264,0.21484678943273186,0.3268907075280051
2859,0.3807,51,94,51,582510,23100,96743,11213,0.21397606432250177,0.3267857663276309
2860,0.3808,34,68,34,582578,23032,96777,11179,0.21334617807254808,0.3267662447750723
2861,0.3809,39,80,39,582658,22952,96816,11140,0.21260513542554374,0.32676287692127187
2862,0.381,14,56,14,582714,22896,96830,11126,0.21208640557264072,0.3270236905531715
2863,0.3811,51,88,51,582802,22808,96881,11075,0.21127125866093593,0.3268600773249122
2864,0.3812,53,138,53,582940,22670,96934,11022,0.20999296009485346,0.32713997388104
2865,0.3813,22,77,22,583017,22593,96956,11000,0.20927970654711178,0.32744917095823534
2866,0.3814,11,43,11,583060,22550,96967,10989,0.20888139612434695,0.3276484093145294
2867,0.3815,40,113,40,583173,22437,97007,10949,0.20783467338545333,0.3279518360989636
2868,0.3816,24,43,24,583216,22394,97031,10925,0.2074363629626885,0.3278909931270446
2869,0.3817,23,73,23,583289,22321,97054,10902,0.20676016154729704,0.32814616380218525
2870,0.3818,32,74,32,583363,22247,97086,10870,0.20607469709881804,0.3282302140894405
2871,0.3819,31,98,31,583461,22149,97117,10839,0.20516691985623772,0.3285740269188796
2872,0.382,30,66,30,583527,22083,97147,10809,0.20455555967245914,0.328620941262313
2873,0.3821,24,82,24,583609,22001,97171,10785,0.2037959909592797,0.32895138168730553
2874,0.3822,37,83,37,583692,21918,97208,10748,0.2030271592130127,0.32902712300251025
2875,0.3823,42,82,42,583774,21836,97250,10706,0.20226759049983326,0.3289902280130293
2876,0.3824,20,79,20,583853,21757,97270,10686,0.2015358108859165,0.32937767777332555
2877,0.3825,26,59,26,583912,21698,97296,10660,0.20098929193375079,0.329439396748872
2878,0.3826,28,73,28,583985,21625,97324,10632,0.20031309051835933,0.32960287689493756
2879,0.3827,21,36,21,584021,21589,97345,10611,0.19997962132720737,0.3295341614906832
2880,0.3828,26,72,26,584093,21517,97371,10585,0.19931268294490348,0.3297302348763317
2881,0.3829,38,74,38,584167,21443,97409,10547,0.19862721849642448,0.3296967802438262
2882,0.383,27,82,27,584249,21361,97436,10520,0.19786764978324503,0.3299771023493617
2883,0.3831,13,60,13,584309,21301,97449,10507,0.19731186779799179,0.3303257042253521
2884,0.3832,38,63,38,584372,21238,97487,10469,0.19672829671347586,0.3301794556407103
2885,0.3833,25,65,25,584437,21173,97512,10444,0.19612619956278485,0.3303286206787488
2886,0.3834,29,78,29,584515,21095,97541,10415,0.19540368298195562,0.33052999047921294
2887,0.3835,39,85,39,584600,21010,97580,10376,0.1946163251695135,0.3305932581405722
2888,0.3836,29,69,29,584669,20941,97609,10347,0.19397717588647226,0.33070186653029915
2889,0.3837,24,40,24,584709,20901,97633,10323,0.1936066545629701,0.33061106840891624
2890,0.3838,18,61,18,584770,20840,97651,10305,0.1930416095446293,0.3308717290094718
2891,0.3839,28,69,28,584839,20771,97679,10277,0.19240246026158805,0.3310036073177016
2892,0.384,43,106,43,584945,20665,97722,10234,0.19142057875430732,0.3312081297129357
2893,0.3841,24,45,24,584990,20620,97746,10210,0.19100374226536737,0.3311709373986377
2894,0.3842,15,29,15,585019,20591,97761,10195,0.1907351143058283,0.33115701942441367
2895,0.3843,30,80,30,585099,20511,97791,10165,0.18999407165882395,0.33136654061807275
2896,0.3844,25,73,25,585172,20438,97816,10140,0.18931787024343252,0.3316109621296357
2897,0.3845,30,72,30,585244,20366,97846,10110,0.1886509318611286,0.3317364483528022
2898,0.3846,30,77,30,585321,20289,97876,10080,0.18793767831338692,0.3319174157858342
2899,0.3847,28,46,28,585367,20243,97904,10052,0.18751157879135943,0.33180392804093084
2900,0.3848,30,60,30,585427,20183,97934,10022,0.1869557968061062,0.331799370965072
2901,0.3849,17,61,17,585488,20122,97951,10005,0.18639075178776537,0.33209413482922295
2902,0.385,34,106,34,585594,20016,97985,9971,0.18540887028048464,0.3325107546603528
2903,0.3851,30,67,30,585661,19949,98015,9941,0.18478824706361852,0.3325861492137839
2904,0.3852,19,54,19,585715,19895,98034,9922,0.18428804327689058,0.33276318878492134
2905,0.3853,43,51,43,585766,19844,98077,9879,0.18381562858942532,0.33236887259025
2906,0.3854,36,73,36,585839,19771,98113,9843,0.18313942717403386,0.33237657864523534
2907,0.3855,20,42,20,585881,19729,98133,9823,0.1827503797843566,0.3323971304818625
2908,0.3856,39,106,39,585987,19623,98172,9784,0.18176849827707584,0.33270989900363857
2909,0.3857,29,49,29,586036,19574,98201,9755,0.1813146096557857,0.33260595315217023
2910,0.3858,12,52,12,586088,19522,98213,9743,0.18083293193523287,0.3329232872031437
2911,0.3859,16,44,16,586132,19478,98229,9727,0.1804253584793805,0.3330594076356788
2912,0.386,24,52,24,586184,19426,98253,9703,0.17994368075882766,0.33310446633938684
2913,0.3861,31,53,31,586237,19373,98284,9672,0.1794527400051873,0.3330005164400069
2914,0.3862,35,62,35,586299,19311,98319,9637,0.17887843195375894,0.3329072820229377
2915,0.3863,23,62,23,586361,19249,98342,9614,0.17830412390233058,0.3330908083012854
2916,0.3864,20,42,20,586403,19207,98362,9594,0.17791507651265331,0.33311343356133466
2917,0.3865,28,58,28,586461,19149,98390,9566,0.17737782059357515,0.333135991641999
2918,0.3866,34,80,34,586541,19069,98424,9532,0.17663677794657082,0.3332750603125765
2919,0.3867,32,70,32,586611,18999,98456,9500,0.17598836563044204,0.33334502965016316
2920,0.3868,23,50,23,586661,18949,98479,9477,0.17552521397606433,0.33339196510237107
2921,0.3869,15,65,15,586726,18884,98494,9462,0.1749231168253733,0.3338037112820151
2922,0.387,12,20,12,586746,18864,98506,9450,0.17473785616362222,0.3337571519389701
2923,0.3871,27,57,27,586803,18807,98533,9423,0.17420986327763163,0.33379383634431453
2924,0.3872,18,41,18,586844,18766,98551,9405,0.1738300789210419,0.33385396329558764
2925,0.3873,29,73,29,586917,18693,98580,9376,0.17315387750565045,0.33403398767323383
2926,0.3874,18,44,18,586961,18649,98598,9358,0.17274630404979807,0.3341307530260292
2927,0.3875,24,81,24,587042,18568,98622,9334,0.17199599836970617,0.3345279908250305
2928,0.3876,35,70,35,587112,18498,98657,9299,0.1713475860535774,0.33453250350757274
2929,0.3877,27,47,27,587159,18451,98684,9272,0.17091222349846233,0.33445153843379144
2930,0.3878,31,98,31,587257,18353,98715,9241,0.170004446255882,0.3348916431108212
2931,0.3879,44,99,44,587356,18254,98759,9197,0.16908740598021416,0.3350333321190485
2932,0.388,19,60,19,587416,18194,98778,9178,0.1685316239949609,0.33530615227239513
2933,0.3881,32,71,32,587487,18123,98810,9146,0.16787394864574456,0.33539917122006674
2934,0.3882,24,62,24,587549,18061,98834,9122,0.1672996405943162,0.3355773829231505
2935,0.3883,15,57,15,587606,18004,98849,9107,0.16677164770832562,0.3359153111283243
2936,0.3884,39,106,39,587712,17898,98888,9068,0.16578976620104488,0.3362753096491879
2937,0.3885,24,57,24,587769,17841,98912,9044,0.1652617733150543,0.3363957597173145
2938,0.3886,26,50,26,587819,17791,98938,9018,0.16479862166067658,0.33637957402364876
2939,0.3887,20,68,20,587887,17723,98958,8998,0.16416873541072288,0.33673889450245126
2940,0.3888,22,40,22,587927,17683,98980,8976,0.16379821408722073,0.3366968003300949
2941,0.3889,20,71,20,587998,17612,99000,8956,0.16314053873800438,0.33709725986148753
2942,0.389,17,49,17,588047,17563,99017,8939,0.1626866501167142,0.33729529846804013
2943,0.3891,30,84,30,588131,17479,99047,8909,0.16190855533735968,0.33761558284068516
2944,0.3892,21,34,21,588165,17445,99068,8888,0.16159361221238283,0.3375232597880986
2945,0.3893,26,46,26,588211,17399,99094,8862,0.16116751269035534,0.3374585887818438
2946,0.3894,23,41,23,588252,17358,99117,8839,0.16078772833376562,0.3374050463793564
2947,0.3895,21,43,21,588295,17315,99138,8818,0.16038941791100078,0.3374277733134351
2948,0.3896,27,61,27,588356,17254,99165,8791,0.15982437289265997,0.3375311960069111
2949,0.3897,38,88,38,588444,17166,99203,8753,0.1590092259809552,0.33770593001273197
2950,0.3898,29,81,29,588525,17085,99232,8724,0.1582589203008633,0.33802162036498895
2951,0.3899,15,16,15,588541,17069,99247,8709,0.15811071177146244,0.33784622546357357
2952,0.39,21,50,21,588591,17019,99268,8688,0.15764756011708475,0.33796242268642784
2953,0.3901,35,50,35,588641,16969,99303,8653,0.15718440846270704,0.3377175864491453
2954,0.3902,30,59,30,588700,16910,99333,8623,0.15663788951054133,0.33771981357458974
2955,0.3903,25,50,25,588750,16860,99358,8598,0.15617473785616362,0.337732736271506
2956,0.3904,14,49,14,588799,16811,99372,8584,0.15572084923487348,0.338019295136838
2957,0.3905,27,44,27,588843,16767,99399,8557,0.15531327577902107,0.3379008055599431
2958,0.3906,25,55,25,588898,16712,99424,8532,0.1548038089592056,0.33798130248771985
2959,0.3907,39,102,39,589000,16610,99463,8493,0.15385897958427508,0.3383260964824921
2960,0.3908,15,25,15,589025,16585,99478,8478,0.15362740375708622,0.33826756573434946
2961,0.3909,41,106,41,589131,16479,99519,8437,0.1526455222498055,0.3386177556590143
2962,0.391,55,89,55,589220,16390,99574,8382,0.15182111230501316,0.3383658969804618
2963,0.3911,16,27,16,589247,16363,99590,8366,0.1515710104116492,0.3383072505964657
2964,0.3912,22,74,22,589321,16289,99612,8344,0.1508855459631702,0.3387325944870702
2965,0.3913,37,101,37,589422,16188,99649,8307,0.1499499796213272,0.3391304347826087
2966,0.3914,49,97,49,589519,16091,99698,8258,0.14905146541183445,0.33915150519528525
2967,0.3915,37,86,37,589605,16005,99735,8221,0.14825484456630478,0.339346157021382
2968,0.3916,27,49,27,589654,15956,99762,8194,0.14780095594501463,0.339296066252588
2969,0.3917,26,66,26,589720,15890,99788,8168,0.14718959576123605,0.33951284396042897
2970,0.3918,28,81,28,589801,15809,99816,8140,0.14643929008114417,0.33988893064428577
2971,0.3919,34,80,34,589881,15729,99850,8106,0.14569824743413984,0.34008810572687226
2972,0.392,5,53,5,589934,15676,99855,8101,0.14520730668049947,0.34070740631702906
2973,0.3921,20,29,20,589963,15647,99875,8081,0.1449386787209604,0.340568105192178
2974,0.3922,16,35,16,589998,15612,99891,8065,0.144614472562896,0.340625923892385
2975,0.3923,37,72,37,590070,15540,99928,8028,0.14394753418059208,0.3406313645621181
2976,0.3924,33,74,33,590144,15466,99961,7995,0.14326206973211308,0.34077831294488725
2977,0.3925,29,54,29,590198,15412,99990,7966,0.14276186594538515,0.34074771152365474
2978,0.3926,39,79,39,590277,15333,100029,7927,0.14203008633146838,0.3407996560619089
2979,0.3927,16,37,16,590314,15296,100045,7911,0.14168735410722888,0.3408885250140044
2980,0.3928,41,58,41,590372,15238,100086,7870,0.14115009818815072,0.34057469274710056
2981,0.3929,20,51,20,590423,15187,100106,7850,0.14067768350068546,0.3407561748491557
2982,0.393,25,41,25,590464,15146,100131,7825,0.14029789914409574,0.34064690261634234
2983,0.3931,30,61,30,590525,15085,100161,7795,0.13973285412575492,0.3406905594405594
2984,0.3932,24,42,24,590567,15043,100185,7771,0.13934380673607766,0.34062417813623214
2985,0.3933,43,93,43,590660,14950,100228,7728,0.1384823446589351,0.3407707910750507
2986,0.3934,22,66,22,590726,14884,100250,7706,0.13787098447515655,0.3411243913235945
2987,0.3935,14,45,14,590771,14839,100264,7692,0.1374541479862166,0.34139629843326974
2988,0.3936,5,33,5,590804,14806,100269,7687,0.13714846789432733,0.3417507669052594
2989,0.3937,30,51,30,590855,14755,100299,7657,0.13667605320686205,0.34164733178654294
2990,0.3938,23,41,23,590896,14714,100322,7634,0.13629626885027232,0.3415965634508681
2991,0.3939,19,66,19,590962,14648,100341,7615,0.13568490866649377,0.34204734312536494
2992,0.394,17,50,17,591012,14598,100358,7598,0.13522175701211606,0.34231393043791675
2993,0.3941,23,71,23,591083,14527,100381,7575,0.1345640816628997,0.34272916478146775
2994,0.3942,23,77,23,591160,14450,100404,7552,0.13385082811515803,0.34324152349786385
2995,0.3943,12,32,12,591192,14418,100416,7540,0.1335544110563563,0.3433828217506148
2996,0.3944,35,66,35,591258,14352,100451,7505,0.1329430508725777,0.3433682573088713
2997,0.3945,37,79,37,591337,14273,100488,7468,0.13221127125866095,0.3434984591325146
2998,0.3946,17,50,17,591387,14223,100505,7451,0.13174811960428323,0.34377595275445233
2999,0.3947,10,32,10,591419,14191,100515,7441,0.1314517025454815,0.34398113905325445
3000,0.3948,21,58,21,591477,14133,100536,7420,0.13091444662640334,0.34426761935693406
3001,0.3949,13,25,13,591502,14108,100549,7407,0.1306828707992145,0.34427143853125725
3002,0.395,18,38,18,591540,14070,100567,7389,0.13033087554188744,0.34433104990912905
3003,0.3951,18,39,18,591579,14031,100585,7371,0.12996961725147282,0.34440706476030275
3004,0.3952,19,54,19,591633,13977,100604,7352,0.1294694134647449,0.3446950161751606
3005,0.3953,22,52,22,591685,13925,100626,7330,0.1289877357441921,0.34486003293342743
3006,0.3954,18,41,18,591726,13884,100644,7312,0.12860795138760237,0.3449707491979619
3007,0.3955,27,69,27,591795,13815,100671,7285,0.12796880210456113,0.345260663507109
3008,0.3956,25,47,25,591842,13768,100696,7260,0.12753343954944607,0.34525394711812823
3009,0.3957,28,58,28,591900,13710,100724,7232,0.12699618363036794,0.3453347340273135
3010,0.3958,24,60,24,591960,13650,100748,7208,0.12644040164511466,0.34557483939016204
3011,0.3959,8,37,8,591997,13613,100756,7200,0.12609766942087516,0.34593763513188874
3012,0.396,15,40,15,592037,13573,100771,7185,0.125727148097373,0.3461316119086617
3013,0.3961,24,70,24,592107,13503,100795,7161,0.1250787357812442,0.3465447154471545
3014,0.3962,30,69,30,592176,13434,100825,7131,0.12443958649820297,0.34675419401896423
3015,0.3963,37,79,37,592255,13355,100862,7094,0.12370780688428619,0.3469118294293119
3016,0.3964,38,93,38,592348,13262,100900,7056,0.12284634480714365,0.34727827542080913
3017,0.3965,14,31,14,592379,13231,100914,7042,0.12255919078142948,0.34735855571449714
3018,0.3966,16,43,16,592422,13188,100930,7026,0.12216088035866464,0.3475808845354705
3019,0.3967,18,50,18,592472,13138,100948,7008,0.12169772870428693,0.3478606174923062
3020,0.3968,25,61,25,592533,13077,100973,6983,0.12113268368594612,0.3481056829511466
3021,0.3969,31,65,31,592598,13012,101004,6952,0.1205305865352551,0.34822680825485874
3022,0.397,28,54,28,592652,12958,101032,6924,0.12003038274852718,0.34825470274620257
3023,0.3971,15,34,15,592686,12924,101047,6909,0.11971543962355033,0.3483587959461504
3024,0.3972,21,49,21,592735,12875,101068,6888,0.11926155100226019,0.34853008146536457
3025,0.3973,31,89,31,592824,12786,101099,6857,0.11843714105746786,0.3490810975920175
3026,0.3974,28,30,28,592854,12756,101127,6829,0.11815925006484124,0.3486852182792954
3027,0.3975,10,46,10,592900,12710,101137,6819,0.11773315054281373,0.34917302473244916
3028,0.3976,14,22,14,592922,12688,101151,6805,0.11752936381488754,0.34909967680705895
3029,0.3977,14,39,14,592961,12649,101165,6791,0.11716810552447293,0.3493312757201646
3030,0.3978,11,46,11,593007,12603,101176,6780,0.11674200600244544,0.34979105401640614
3031,0.3979,16,46,16,593053,12557,101192,6764,0.11631590648041795,0.3500853993064541
3032,0.398,19,42,19,593095,12515,101211,6745,0.11592685909074067,0.35020768431983385
3033,0.3981,37,37,37,593132,12478,101248,6708,0.11558412686650117,0.3496299384968206
3034,0.3982,29,55,29,593187,12423,101277,6679,0.11507466004668569,0.3496492513872893
3035,0.3983,16,39,16,593226,12384,101293,6663,0.11471340175627108,0.34981886911324617
3036,0.3984,40,65,40,593291,12319,101333,6623,0.11411130460558006,0.34964628867067893
3037,0.3985,26,50,26,593341,12269,101359,6597,0.11364815295120234,0.349676667020036
3038,0.3986,13,35,13,593376,12234,101372,6584,0.11332394679313794,0.34987777659687536
3039,0.3987,16,41,16,593417,12193,101388,6568,0.11294416243654823,0.35008794840360324
3040,0.3988,34,64,34,593481,12129,101422,6534,0.11235132831894476,0.35010448480951617
3041,0.3989,37,61,37,593542,12068,101459,6497,0.11178628330060394,0.34995960140048477
3042,0.399,20,46,20,593588,12022,101479,6477,0.11136018377857645,0.35012703389372396
3043,0.3991,9,30,9,593618,11992,101488,6468,0.11108229278594983,0.3503791982665222
3044,0.3992,30,72,30,593690,11920,101518,6438,0.11041535440364593,0.3506917964919926
3045,0.3993,34,69,34,593759,11851,101552,6404,0.1097762051206047,0.3508079978088195
3046,0.3994,58,82,58,593841,11769,101610,6346,0.10901663640742525,0.3503174165056583
3047,0.3995,40,56,40,593897,11713,101650,6306,0.10849790655452221,0.34996392696598033
3048,0.3996,16,42,16,593939,11671,101666,6290,0.10810885916484493,0.35020321808362564
3049,0.3997,15,39,15,593978,11632,101681,6275,0.10774760087443032,0.35042162282906125
3050,0.3998,24,25,24,594003,11607,101705,6251,0.10751602504724146,0.3500391981184903
3051,0.3999,11,28,11,594031,11579,101716,6240,0.10725666012078995,0.35018800157135643
3052,0.4,27,52,27,594083,11527,101743,6213,0.10677498240023714,0.35022547914317925
3053,0.4001,17,51,17,594134,11476,101760,6196,0.10630256771277187,0.35061113626075147
3054,0.4002,22,28,22,594162,11448,101782,6174,0.10604320278632036,0.3503575076608784
3055,0.4003,19,22,19,594184,11426,101801,6155,0.10583941605839416,0.3500938513167624
3056,0.4004,33,41,33,594225,11385,101834,6122,0.10545963170180443,0.34968869595019136
3057,0.4005,17,23,17,594248,11362,101851,6105,0.10524658194079069,0.3495162306062861
3058,0.4006,9,40,9,594288,11322,101860,6096,0.10487606061728852,0.3499827764381674
3059,0.4007,19,68,19,594356,11254,101879,6077,0.10424617436733484,0.3506433558363626
3060,0.4008,25,43,25,594399,11211,101904,6052,0.10384786394457,0.3505763772229624
3061,0.4009,18,36,18,594435,11175,101922,6034,0.10351439475341806,0.3506304840490441
3062,0.401,28,58,28,594493,11117,101950,6006,0.10297713883433991,0.35075629270571745
3063,0.4011,8,20,8,594513,11097,101958,5998,0.10279187817258884,0.3508628253875402
3064,0.4012,30,74,30,594587,11023,101988,5968,0.10210641372410982,0.35124477664645987
3065,0.4013,19,53,19,594640,10970,102007,5949,0.10161547297046945,0.3516165257993971
3066,0.4014,14,50,14,594690,10920,102021,5935,0.10115232131609174,0.35212103233461883
3067,0.4015,20,32,20,594722,10888,102041,5915,0.10085590425729,0.35202047253466645
3068,0.4016,9,26,9,594748,10862,102050,5906,0.10061506539701359,0.3522185114503817
3069,0.4017,31,61,31,594809,10801,102081,5875,0.10005002037867279,0.35230271048213
3070,0.4018,20,43,20,594852,10758,102101,5855,0.09965170995590797,0.352434840185397
3071,0.4019,29,46,29,594898,10712,102130,5826,0.09922561043388047,0.3522795985004233
3072,0.402,26,45,26,594943,10667,102156,5800,0.09880877394494053,0.3522195906965446
3073,0.4021,23,51,23,594994,10616,102179,5777,0.09833635925747526,0.35240651497590436
3074,0.4022,33,54,33,595048,10562,102212,5744,0.09783615547074734,0.35226297068563717
3075,0.4023,10,32,10,595080,10530,102222,5734,0.0975397384119456,0.352557796360059
3076,0.4024,19,33,19,595113,10497,102241,5715,0.09723405832005631,0.35251665433012586
3077,0.4025,19,61,19,595174,10436,102260,5696,0.09666901330171551,0.3530870319861146
3078,0.4026,9,22,9,595196,10414,102269,5687,0.09646522657378932,0.35320787528724923
3079,0.4027,20,55,20,595251,10359,102289,5667,0.09595575975397384,0.3536128790715088
3080,0.4028,14,44,14,595295,10315,102303,5653,0.09554818629812145,0.35402054108216435
3081,0.4029,27,43,27,595338,10272,102330,5626,0.09514987587535663,0.35388099131966283
3082,0.403,16,22,16,595360,10250,102346,5610,0.09494608914743044,0.3537200504413619
3083,0.4031,29,94,29,595454,10156,102375,5581,0.09407536403720033,0.35464192666963207
3084,0.4032,16,35,16,595489,10121,102391,5565,0.09375115787913595,0.3547749585617748
3085,0.4033,18,30,18,595519,10091,102409,5547,0.09347326688650932,0.3547128788847679
3086,0.4034,29,53,29,595572,10038,102438,5518,0.09298232613286894,0.3547184366160967
3087,0.4035,8,14,8,595586,10024,102446,5510,0.09285264366964319,0.3547058066177417
3088,0.4036,24,71,24,595657,9953,102470,5486,0.09219496832042684,0.3553338946822981
3089,0.4037,15,22,15,595679,9931,102485,5471,0.09199118159250065,0.35521360862225687
3090,0.4038,11,32,11,595711,9899,102496,5460,0.09169476453369892,0.35549189400351583
3091,0.4039,34,62,34,595773,9837,102530,5426,0.09112045648227056,0.355500229312717
3092,0.404,21,43,21,595816,9794,102551,5405,0.09072214605950572,0.35561550101980394
3093,0.4041,22,33,22,595849,9761,102573,5383,0.09041646596761643,0.35545430533544636
3094,0.4042,26,34,26,595883,9727,102599,5357,0.0901015228426396,0.35514452399893925
3095,0.4043,23,76,23,595959,9651,102622,5334,0.08939753232798547,0.35595595595595597
3096,0.4044,23,31,23,595990,9620,102645,5311,0.0891103783022713,0.35570290000669746
3097,0.4045,13,27,13,596017,9593,102658,5298,0.08886027640890733,0.3557853737156672
3098,0.4046,23,70,23,596087,9523,102681,5275,0.08821186409277854,0.3564670901473172
3099,0.4047,21,37,21,596124,9486,102702,5254,0.08786913186853904,0.3564450474898236
3100,0.4048,7,17,7,596141,9469,102709,5247,0.08771166030605061,0.3565506931231313
3101,0.4049,28,37,28,596178,9432,102737,5219,0.08736892808181111,0.3562214183332196
3102,0.405,26,42,26,596220,9390,102763,5193,0.08697988069213383,0.3560995679901255
3103,0.4051,17,49,17,596269,9341,102780,5176,0.08652599207084367,0.35654749603912655
3104,0.4052,12,18,12,596287,9323,102792,5164,0.0863592574752677,0.3564575136329123
3105,0.4053,14,44,14,596331,9279,102806,5150,0.08595168401941532,0.3569200914824312
3106,0.4054,20,45,20,596376,9234,102826,5130,0.08553484753047538,0.35714285714285715
3107,0.4055,15,29,15,596405,9205,102841,5115,0.0852662195709363,0.3571927374301676
3108,0.4056,10,18,10,596423,9187,102851,5105,0.08509948497536034,0.35719283515253286
3109,0.4057,16,31,16,596454,9156,102867,5089,0.08481233094964616,0.3572481572481572
3110,0.4058,16,51,16,596505,9105,102883,5073,0.08433991626218089,0.3578078713499788
3111,0.4059,19,37,19,596542,9068,102902,5054,0.08399718403794139,0.357881319926356
3112,0.406,18,46,18,596588,9022,102920,5036,0.08357108451591388,0.3582301892161047
3113,0.4061,7,34,7,596622,8988,102927,5029,0.08325614139093705,0.35877862595419846
3114,0.4062,18,32,18,596654,8956,102945,5011,0.08295972433213532,0.35877425359776616
3115,0.4063,15,32,15,596686,8924,102960,4996,0.08266330727333358,0.3589080459770115
3116,0.4064,12,35,12,596721,8889,102972,4984,0.08233910111526918,0.3592589922871765
3117,0.4065,31,43,31,596764,8846,103003,4953,0.08194079069250436,0.3589390535546054
3118,0.4066,23,65,23,596829,8781,103026,4930,0.08133869354181333,0.3595653125227919
3119,0.4067,17,28,17,596857,8753,103043,4913,0.08107932861536181,0.3595053417239865
3120,0.4068,34,48,34,596905,8705,103077,4879,0.08063470302715921,0.3591725559481743
3121,0.4069,18,40,18,596945,8665,103095,4861,0.08026418170365704,0.35938193109566763
3122,0.407,13,20,13,596965,8645,103108,4848,0.08007892104190596,0.359297413473653
3123,0.4071,25,39,25,597004,8606,103133,4823,0.07971766275149135,0.3591481122942885
3124,0.4072,13,19,13,597023,8587,103146,4810,0.07954166512282781,0.3590356049861909
3125,0.4073,13,31,13,597054,8556,103159,4797,0.07925451109711364,0.35924511345765
3126,0.4074,17,25,17,597079,8531,103176,4780,0.07902293526992478,0.3591014950041319
3127,0.4075,26,46,26,597125,8485,103202,4754,0.07859683574789729,0.3590905657527004
3128,0.4076,23,42,23,597167,8443,103225,4731,0.07820778835822001,0.3591164414756338
3129,0.4077,20,34,20,597201,8409,103245,4711,0.07789284523324318,0.3590701219512195
3130,0.4078,18,19,18,597220,8390,103263,4693,0.07771684760457964,0.35870977604524956
3131,0.4079,19,25,19,597245,8365,103282,4674,0.07748527177739079,0.35846307232149704
3132,0.408,15,30,15,597275,8335,103297,4659,0.07720738078476416,0.35855010004617516
3133,0.4081,9,19,9,597294,8316,103306,4650,0.07703138315610063,0.35863026376677465
3134,0.4082,21,41,21,597335,8275,103327,4629,0.07665159879951092,0.3587259764414135
3135,0.4083,23,45,23,597380,8230,103350,4606,0.07623476231057097,0.3588345278903085
3136,0.4084,9,19,9,597399,8211,103359,4597,0.07605876468190745,0.3589163023110556
3137,0.4085,18,45,18,597444,8166,103377,4579,0.0756419281929675,0.3592781482934484
3138,0.4086,13,21,13,597465,8145,103390,4566,0.07544740449812887,0.35921642671701676
3139,0.4087,9,19,9,597484,8126,103399,4557,0.07527140686946533,0.35929985019317195
3140,0.4088,17,37,17,597521,8089,103416,4540,0.07492867464522583,0.3594900625544382
3141,0.4089,15,33,15,597554,8056,103431,4525,0.07462299455333654,0.359669342659566
3142,0.409,16,34,16,597588,8022,103447,4509,0.07430805142835971,0.35982762748384006
3143,0.4091,13,28,13,597616,7994,103460,4496,0.07404868650190818,0.3599679743795036
3144,0.4092,5,17,5,597633,7977,103465,4491,0.07389121493941976,0.3602021174205967
3145,0.4093,11,26,11,597659,7951,103476,4480,0.07365037607914335,0.3603893492076261
3146,0.4094,18,36,18,597695,7915,103494,4462,0.0733169068879914,0.3605073927446069
3147,0.4095,12,26,12,597721,7889,103506,4450,0.07307606802771499,0.3606451090039712
3148,0.4096,31,47,31,597768,7842,103537,4419,0.07264070547259995,0.3604110594568143
3149,0.4097,13,36,13,597804,7806,103550,4406,0.072307236281448,0.360792662954471
3150,0.4098,14,40,14,597844,7766,103564,4392,0.07193671495794583,0.3612436255963152
3151,0.4099,8,18,8,597862,7748,103572,4384,0.07176998036236985,0.36135839103198153
3152,0.41,6,24,6,597886,7724,103578,4378,0.07154766756826855,0.3617583870434639
3153,0.4101,9,24,9,597910,7700,103587,4369,0.07132535477416725,0.3620018228519347
3154,0.4102,12,24,12,597934,7676,103599,4357,0.07110304198006595,0.3620875924540846
3155,0.4103,11,28,11,597962,7648,103610,4346,0.07084367705361444,0.3623478405869601
3156,0.4104,11,38,11,598000,7610,103621,4335,0.07049168179628737,0.36291335286730847
3157,0.4105,14,36,14,598036,7574,103635,4321,0.07015821260513543,0.36326187473728455
3158,0.4106,15,27,15,598063,7547,103650,4306,0.06990811071177146,0.3632835569054248
3159,0.4107,22,30,22,598093,7517,103672,4284,0.06963021971914483,0.36302008304380984
3160,0.4108,13,33,13,598126,7484,103685,4271,0.06932453962725554,0.36333475116971503
3161,0.4109,14,27,14,598153,7457,103699,4257,0.06907443773389159,0.36341130271470035
3162,0.411,17,17,17,598170,7440,103716,4240,0.06891696617140317,0.363013698630137
3163,0.4111,21,54,21,598224,7386,103737,4219,0.06841676238467524,0.3635501938819474
3164,0.4112,24,43,24,598267,7343,103761,4195,0.0680184519619104,0.36358120991506326
3165,0.4113,21,44,21,598311,7299,103782,4174,0.06761087850605803,0.363810685958337
3166,0.4114,5,9,5,598320,7290,103787,4169,0.06752751120827004,0.3638188323588446
3167,0.4115,7,15,7,598335,7275,103794,4162,0.06738856571195673,0.36390661886858444
3168,0.4116,6,28,6,598363,7247,103800,4156,0.0671292007855052,0.3644654915373147
3169,0.4117,13,40,13,598403,7207,103813,4143,0.06675867946200303,0.36502202643171805
3170,0.4118,13,24,13,598427,7183,103826,4130,0.06653636666790173,0.3650667373817732
3171,0.4119,11,34,11,598461,7149,103837,4119,0.0662214235429249,0.3655484558040469
3172,0.412,29,55,29,598516,7094,103866,4090,0.06571195672310942,0.3657010014306152
3173,0.4121,9,22,9,598538,7072,103875,4081,0.06550816999518322,0.365910517349592
3174,0.4122,19,54,19,598592,7018,103894,4062,0.0650079662084553,0.36660649819494584
3175,0.4123,10,26,10,598618,6992,103904,4052,0.06476712734817888,0.3668960521550163
3176,0.4124,6,23,6,598641,6969,103910,4046,0.06455407758716514,0.36731729459827506
3177,0.4125,25,42,25,598683,6927,103935,4021,0.06416503019748787,0.3672816952868104
3178,0.4126,10,31,10,598714,6896,103945,4011,0.06387787617177368,0.36774548455120565
3179,0.4127,12,28,12,598742,6868,103957,3999,0.06361851124532217,0.367994846783841
3180,0.4128,14,25,14,598767,6843,103971,3985,0.06338693541813331,0.3680273365349095
3181,0.4129,20,60,20,598827,6783,103991,3965,0.06283115343288007,0.3689058429475251
3182,0.413,12,35,12,598862,6748,104003,3953,0.06250694727481566,0.3694047285300439
3183,0.4131,17,31,17,598893,6717,104020,3936,0.062219793249101485,0.3694733877780907
3184,0.4132,10,17,10,598910,6700,104030,3926,0.06206232168661306,0.36947110860154336
3185,0.4133,20,36,20,598946,6664,104050,3906,0.06172885249546111,0.3695364238410596
3186,0.4134,12,31,12,598977,6633,104062,3894,0.06144169846974693,0.36990595611285265
3187,0.4135,12,29,12,599006,6604,104074,3882,0.061173070510207865,0.3702078962426092
3188,0.4136,9,28,9,599034,6576,104083,3873,0.06091370558375635,0.37065747918461095
3189,0.4137,5,19,5,599053,6557,104088,3868,0.06073770795509281,0.37103117505995203
3190,0.4138,20,27,20,599080,6530,104108,3848,0.06048760606172885,0.3707843515128156
3191,0.4139,21,29,21,599109,6501,104129,3827,0.060218978102189784,0.3705460883036406
3192,0.414,5,10,5,599119,6491,104134,3822,0.06012634777131424,0.3706002133229904
3193,0.4141,16,28,16,599147,6463,104150,3806,0.05986698284486272,0.3706300516116467
3194,0.4142,18,30,18,599177,6433,104168,3788,0.0595890918522361,0.3706095294002544
3195,0.4143,22,27,22,599204,6406,104190,3766,0.059338989958872136,0.37023200943767204
3196,0.4144,7,26,7,599230,6380,104197,3759,0.05909815109859572,0.3707466219548279
3197,0.4145,8,14,8,599244,6366,104205,3751,0.05896846863536997,0.370762083621627
3198,0.4146,4,19,4,599263,6347,104209,3747,0.05879247100670643,0.37121062017039824
3199,0.4147,27,37,27,599300,6310,104236,3720,0.05844973878246693,0.3708873379860419
3200,0.4148,10,21,10,599321,6289,104246,3710,0.05825521508762829,0.371037103710371
3201,0.4149,10,16,10,599337,6273,104256,3700,0.058107006558227425,0.37100170460242654
3202,0.415,9,15,9,599352,6258,104265,3691,0.057968061061914114,0.3709920595034677
3203,0.4151,9,9,9,599361,6249,104274,3682,0.057884693764126124,0.37075823179941597
3204,0.4152,12,26,12,599387,6223,104286,3670,0.05764385490384972,0.37096937228343274
3205,0.4153,8,26,8,599413,6197,104294,3662,0.057403016043573306,0.3714372654427427
3206,0.4154,15,32,15,599445,6165,104309,3647,0.05710659898477157,0.3716877293110477
3207,0.4155,14,25,14,599470,6140,104323,3633,0.05687502315758272,0.37173846311265735
3208,0.4156,18,30,18,599500,6110,104341,3615,0.05659713216495609,0.37172236503856043
3209,0.4157,9,18,9,599518,6092,104350,3606,0.05643039756938012,0.37182924314291604
3210,0.4158,6,17,6,599535,6075,104356,3600,0.056272926006891696,0.37209302325581395
3211,0.4159,10,8,10,599543,6067,104366,3590,0.05619882174219126,0.3717510614062338
3212,0.416,5,21,5,599564,6046,104371,3585,0.05600429804735262,0.3722354895649465
3213,0.4161,8,14,8,599578,6032,104379,3577,0.05587461558412687,0.3722551774378187
3214,0.4162,14,27,14,599605,6005,104393,3563,0.055624513690762906,0.3723871237458194
3215,0.4163,3,15,3,599620,5990,104396,3560,0.05548556819444959,0.37277486910994767
3216,0.4164,30,34,30,599654,5956,104426,3530,0.05517062506947275,0.37212734556188065
3217,0.4165,9,10,9,599664,5946,104435,3521,0.05507799473859721,0.3719235238195838
3218,0.4166,20,30,20,599694,5916,104455,3501,0.05480010374597058,0.37177445046193053
3219,0.4167,8,8,8,599702,5908,104463,3493,0.054725999481270146,0.37155621742367834
3220,0.4168,11,15,11,599717,5893,104474,3482,0.054587053984956835,0.3714133333333333
3221,0.4169,8,24,8,599741,5869,104482,3474,0.054364741190855534,0.3718291769239003
3222,0.417,11,26,11,599767,5843,104493,3463,0.05412390233057913,0.37212551042338277
3223,0.4171,6,13,6,599780,5830,104499,3457,0.05400348290044092,0.3722407666630774
3224,0.4172,7,31,7,599811,5799,104506,3450,0.05371632887472674,0.3730132987349984
3225,0.4173,12,10,12,599821,5789,104518,3438,0.0536236985438512,0.3726021458762328
3226,0.4174,13,18,13,599839,5771,104531,3425,0.053456963948275225,0.37244454110482816
3227,0.4175,16,30,16,599869,5741,104547,3409,0.053179072955648596,0.37256830601092894
3228,0.4176,9,6,9,599875,5735,104556,3400,0.053123494757123274,0.37219485495347565
3229,0.4177,25,35,25,599910,5700,104581,3375,0.05279928859905888,0.371900826446281
3230,0.4178,13,10,13,599920,5690,104594,3362,0.05270665826818333,0.37140963323022536
3231,0.4179,7,7,7,599927,5683,104601,3355,0.052641817036570455,0.37121044478867005
3232,0.418,11,15,11,599942,5668,104612,3344,0.052502871540257144,0.3710608078118065
3233,0.4181,15,35,15,599977,5633,104627,3329,0.05217866538219274,0.37145726400357065
3234,0.4182,6,12,6,599989,5621,104633,3323,0.0520675089851421,0.3715339892665474
3235,0.4183,8,26,8,600015,5595,104641,3315,0.051826670124865686,0.3720538720538721
3236,0.4184,10,22,10,600037,5573,104651,3305,0.051622883396939497,0.37226852894796125
3237,0.4185,6,11,6,600048,5562,104657,3299,0.051520990032976395,0.3723056088477599
3238,0.4186,17,11,17,600059,5551,104674,3282,0.0514190966690133,0.3715611909883392
3239,0.4187,10,24,10,600083,5527,104684,3272,0.051196783874912,0.3718604386862143
3240,0.4188,9,25,9,600108,5502,104693,3263,0.05096520804772315,0.37227609811751283
3241,0.4189,18,25,18,600133,5477,104711,3245,0.05073363222053429,0.37204769548268746
3242,0.419,9,11,9,600144,5466,104720,3236,0.0506317388565712,0.3718685359687428
3243,0.4191,12,12,12,600156,5454,104732,3224,0.05052058245952055,0.3715141737727587
3244,0.4192,23,31,23,600187,5423,104755,3201,0.05023342843380636,0.3711734693877551
3245,0.4193,9,34,9,600221,5389,104764,3192,0.04991848530882952,0.37198461717748516
3246,0.4194,19,29,19,600250,5360,104783,3173,0.04964985734929045,0.3718504629087074
3247,0.4195,4,9,4,600259,5351,104787,3169,0.04956649005150247,0.37194835680751176
3248,0.4196,10,19,10,600278,5332,104797,3159,0.04939049242283893,0.37204098457189966
3249,0.4197,21,24,21,600302,5308,104818,3138,0.04916817962873763,0.37153682216433814
3250,0.4198,8,27,8,600329,5281,104826,3130,0.04891807773537367,0.3721317322553799
3251,0.4199,17,26,17,600355,5255,104843,3113,0.04867723887509726,0.3720124282982792
3252,0.42,6,11,6,600366,5244,104849,3107,0.04857534551113417,0.37205125134714406
3253,0.4201,9,27,9,600393,5217,104858,3098,0.0483252436177702,0.3725796752856284
3254,0.4202,12,22,12,600415,5195,104870,3086,0.04812145688984401,0.3726603067262408
3255,0.4203,19,35,19,600450,5160,104889,3067,0.047797250731779616,0.3727968882946396
3256,0.4204,15,21,15,600471,5139,104904,3052,0.047602727036940976,0.372604077646197
3257,0.4205,12,23,12,600494,5116,104916,3040,0.04738967727592723,0.37273173124080433
3258,0.4206,15,14,15,600508,5102,104931,3025,0.04725999481270147,0.3722160698904885
3259,0.4207,27,30,27,600538,5072,104958,2998,0.046982103820074846,0.37149938042131353
3260,0.4208,14,35,14,600573,5037,104972,2984,0.04665789766201045,0.3720234384740057
3261,0.4209,15,30,15,600603,5007,104987,2969,0.04638000666938382,0.37224172517552656
3262,0.421,31,27,31,600630,4980,105018,2938,0.04612990477601986,0.37105329628694117
3263,0.4211,16,29,16,600659,4951,105034,2922,0.045861276816480785,0.37114187730217196
3264,0.4212,13,24,13,600683,4927,105047,2909,0.04563896402237949,0.3712353241449719
3265,0.4213,22,34,22,600717,4893,105069,2887,0.045324020897402645,0.3710796915167095
3266,0.4214,10,24,10,600741,4869,105079,2877,0.045101708103301344,0.37141750580945004
3267,0.4215,15,13,15,600754,4856,105094,2862,0.04498128867316314,0.3708214563358383
3268,0.4216,13,29,13,600783,4827,105107,2849,0.04471266071362407,0.37115685252735797
3269,0.4217,4,19,4,600802,4808,105111,2845,0.04453666308496054,0.37174964066379196
3270,0.4218,5,9,5,600811,4799,105116,2840,0.04445329578717255,0.3717764105249378
3271,0.4219,4,11,4,600822,4788,105120,2836,0.04435140242320946,0.3719832109129066
3272,0.422,12,23,12,600845,4765,105132,2824,0.04413835266219571,0.37211753854262747
3273,0.4221,9,19,9,600864,4746,105141,2815,0.04396235503353218,0.3723052506282238
3274,0.4222,13,15,13,600879,4731,105154,2802,0.04382340953721887,0.371963361210673
3275,0.4223,19,27,19,600906,4704,105173,2783,0.043573307643854906,0.37171096567383466
3276,0.4224,8,7,8,600913,4697,105181,2775,0.04350846641224203,0.3713865096359743
3277,0.4225,2,12,2,600925,4685,105183,2773,0.04339731001519138,0.3718155001340842
3278,0.4226,8,15,8,600940,4670,105191,2765,0.04325836451887806,0.3718897108271688
3279,0.4227,4,9,4,600949,4661,105195,2761,0.043174997221090076,0.37200215575316625
3280,0.4228,21,41,21,600990,4620,105216,2740,0.04279521286450035,0.37228260869565216
3281,0.4229,22,24,22,601014,4596,105238,2718,0.04257290007039905,0.3716160787530763
3282,0.423,15,20,15,601034,4576,105253,2703,0.04238763940864797,0.37134221733754635
3283,0.4231,9,14,9,601048,4562,105262,2694,0.04225795694542221,0.3712789415656009
3284,0.4232,5,11,5,601059,4551,105267,2689,0.04215606358145911,0.3714088397790055
3285,0.4233,10,15,10,601074,4536,105277,2679,0.0420171180851458,0.37130977130977133
3286,0.4234,23,32,23,601106,4504,105300,2656,0.041720701026344065,0.37094972067039106
3287,0.4235,13,19,13,601125,4485,105313,2643,0.04154470339768054,0.3707912457912458
3288,0.4236,5,11,5,601136,4474,105318,2638,0.04144281003371744,0.37092238470191224
3289,0.4237,19,37,19,601173,4437,105337,2619,0.041100077809477935,0.3711734693877551
3290,0.4238,17,15,17,601188,4422,105354,2602,0.040961132313164623,0.37044419134396356
3291,0.4239,9,6,9,601194,4416,105363,2593,0.040905554114639295,0.36995291767727206
3292,0.424,9,20,9,601214,4396,105372,2584,0.04072029345288821,0.3702005730659026
3293,0.4241,2,12,2,601226,4384,105374,2582,0.04060913705583756,0.37065747918461095
3294,0.4242,16,36,16,601262,4348,105390,2566,0.040275667864685616,0.37113103847266415
3295,0.4243,3,12,3,601274,4336,105393,2563,0.040164511467634965,0.3715031163936802
3296,0.4244,6,15,6,601289,4321,105399,2557,0.04002556597132165,0.3717650479790637
3297,0.4245,19,48,19,601337,4273,105418,2538,0.039580940383119045,0.372632506239906
3298,0.4246,12,24,12,601361,4249,105430,2526,0.03935862758901775,0.37284132841328416
3299,0.4247,5,16,5,601377,4233,105435,2521,0.039210419059616884,0.37326029019840096
3300,0.4248,5,16,5,601393,4217,105440,2516,0.03906221053021602,0.3736818654388831
3301,0.4249,18,27,18,601420,4190,105458,2498,0.03881210863685205,0.37350478468899523
3302,0.425,15,18,15,601438,4172,105473,2483,0.038645374041276076,0.3731029301277235
3303,0.4251,8,24,8,601462,4148,105481,2475,0.038423061247174775,0.37369772006643515
3304,0.4252,15,12,15,601474,4136,105496,2460,0.038311904850124125,0.37295330503335355
3305,0.4253,11,24,11,601498,4112,105507,2449,0.038089592056022824,0.37326627038561194
3306,0.4254,6,8,6,601506,4104,105513,2443,0.03801548779132239,0.3731480067206354
3307,0.4255,16,22,16,601528,4082,105529,2427,0.0378117010633962,0.37286833614994624
3308,0.4256,15,29,15,601557,4053,105544,2412,0.03754307310385713,0.3730858468677494
3309,0.4257,12,7,12,601564,4046,105556,2400,0.03747823187224425,0.37232392181197643
3310,0.4258,12,24,12,601588,4022,105568,2388,0.03725591907814295,0.37254290171606863
3311,0.4259,8,12,8,601600,4010,105576,2380,0.0371447626810923,0.37245696400625977
3312,0.426,9,16,9,601616,3994,105585,2371,0.03699655415169143,0.3725058915946583
3313,0.4261,19,43,19,601659,3951,105604,2352,0.0365982437289266,0.373155640171347
3314,0.4262,11,17,11,601676,3934,105615,2341,0.03644077216643818,0.3730677290836653
3315,0.4263,8,13,8,601689,3921,105623,2333,0.03632035273629997,0.37304125359769746
3316,0.4264,10,15,10,601704,3906,105633,2323,0.03618140723998666,0.37293305506501845
3317,0.4265,8,17,8,601721,3889,105641,2315,0.03602393567749824,0.37314635718891037
3318,0.4266,0,6,0,601727,3883,105641,2315,0.035968357478972916,0.37350758309131976
3319,0.4267,15,17,15,601744,3866,105656,2300,0.03581088591648449,0.3730132987349984
3320,0.4268,4,25,4,601769,3841,105660,2296,0.035579310089295636,0.37412416490141764
3321,0.4269,8,18,8,601787,3823,105668,2288,0.035412575493719664,0.3744068073964981
3322,0.427,15,26,15,601813,3797,105683,2273,0.03517173663344325,0.3744645799011532
3323,0.4271,30,29,30,601842,3768,105713,2243,0.034903108673904185,0.3731492264182332
3324,0.4272,14,19,14,601861,3749,105727,2229,0.034727111045240656,0.37286717965874877
3325,0.4273,12,17,12,601878,3732,105739,2217,0.03456963948275223,0.37266767523953603
3326,0.4274,12,23,12,601901,3709,105751,2205,0.03435658972173849,0.3728440987487318
3327,0.4275,7,9,7,601910,3700,105758,2198,0.0342732224239505,0.3726687012546626
3328,0.4276,23,30,23,601940,3670,105781,2175,0.033995331431323876,0.3721129170230967
3329,0.4277,17,22,17,601962,3648,105798,2158,0.03379154470339768,0.371684464347227
3330,0.4278,8,19,8,601981,3629,105806,2150,0.03361554707473415,0.37203668454749955
3331,0.4279,7,8,7,601989,3621,105813,2143,0.03354144281003372,0.37179042331714085
3332,0.428,7,12,7,602001,3609,105820,2136,0.03343028641298307,0.3718015665796345
3333,0.4281,9,20,9,602021,3589,105829,2127,0.033245025751231984,0.37211336599020295
3334,0.4282,16,16,16,602037,3573,105845,2111,0.03309681722183112,0.371393384940183
3335,0.4283,5,4,5,602041,3569,105850,2106,0.0330597650894809,0.3711013215859031
3336,0.4284,9,23,9,602064,3546,105859,2097,0.032846715328467155,0.37161084529505584
3337,0.4285,5,6,5,602070,3540,105864,2092,0.032791137129941826,0.37144886363636365
3338,0.4286,7,9,7,602079,3531,105871,2085,0.032707769832153843,0.3712606837606838
3339,0.4287,9,28,9,602107,3503,105880,2076,0.032448404905702326,0.37210969707832947
3340,0.4288,2,12,2,602119,3491,105882,2074,0.032337248508651675,0.37268643306379157
3341,0.4289,15,9,15,602128,3482,105897,2059,0.032253881210863686,0.37159357516693736
3342,0.429,5,6,5,602134,3476,105902,2054,0.03219830301233836,0.37142857142857144
3343,0.4291,2,7,2,602141,3469,105904,2052,0.03213346178072548,0.37167179858721244
3344,0.4292,7,21,7,602162,3448,105911,2045,0.03193893808588684,0.3722920080101948
3345,0.4293,4,10,4,602172,3438,105915,2041,0.0318463077550113,0.37251323234166817
3346,0.4294,7,18,7,602190,3420,105922,2034,0.03167957315943533,0.37293729372937295
3347,0.4295,1,3,1,602193,3417,105923,2033,0.03165178406017266,0.37302752293577984
3348,0.4296,16,35,16,602228,3382,105939,2017,0.031327577902108265,0.37358770142619
3349,0.4297,11,28,11,602256,3354,105950,2006,0.031068212975656748,0.3742537313432836
3350,0.4298,11,10,11,602266,3344,105961,1995,0.030975582644781206,0.3736654804270463
3351,0.4299,13,10,13,602276,3334,105974,1982,0.030882952313905664,0.372836719337848
3352,0.43,11,7,11,602283,3327,105985,1971,0.030818111082292786,0.37202718006795016
3353,0.4301,8,36,8,602319,3291,105993,1963,0.030484641891140835,0.37362009897221166
3354,0.4302,11,16,11,602335,3275,106004,1952,0.030336433361739967,0.37344557107327336
3355,0.4303,6,12,6,602347,3263,106010,1946,0.030225276964689317,0.37358418122480325
3356,0.4304,6,12,6,602359,3251,106016,1940,0.030114120567638666,0.37372375264881524
3357,0.4305,10,19,10,602378,3232,106026,1930,0.029938122938975138,0.3738860906625339
3358,0.4306,11,15,11,602393,3217,106037,1919,0.029799177442661823,0.37363707165109034
3359,0.4307,7,7,7,602400,3210,106044,1912,0.029734336211048946,0.373291682936353
3360,0.4308,15,14,15,602414,3196,106059,1897,0.029604653747823187,0.37247202042018457
3361,0.4309,8,16,8,602430,3180,106067,1889,0.02945644521842232,0.37265732886170844
3362,0.431,8,23,8,602453,3157,106075,1881,0.029243395457408575,0.37336244541484714
3363,0.4311,14,24,14,602477,3133,106089,1867,0.029021082663307274,0.3734
3364,0.4312,1,6,1,602483,3127,106090,1866,0.02896550446478195,0.3737232124974965
3365,0.4313,4,2,4,602485,3125,106094,1862,0.02894697839860684,0.37337076398636454
3366,0.4314,5,21,5,602506,3104,106099,1857,0.0287524547037682,0.37431969361015927
3367,0.4315,5,8,5,602514,3096,106104,1852,0.02867835043906777,0.3742926434923201
3368,0.4316,11,18,11,602532,3078,106115,1841,0.028511615843491794,0.37426306159788575
3369,0.4317,2,13,2,602545,3065,106117,1839,0.028391196413353588,0.375
3370,0.4318,18,31,18,602576,3034,106135,1821,0.02810404238763941,0.3750772399588054
3371,0.4319,9,8,9,602584,3026,106144,1812,0.028029938122938976,0.37453493178999586
3372,0.432,7,16,7,602600,3010,106151,1805,0.02788172959353811,0.37487019730010385
3373,0.4321,6,11,6,602611,2999,106157,1799,0.02777983622957501,0.37494789495623176
3374,0.4322,7,8,7,602619,2991,106164,1792,0.027705731964874577,0.37466025507003975
3375,0.4323,2,14,2,602633,2977,106166,1790,0.02757604950164882,0.3754982169079085
3376,0.4324,12,17,12,602650,2960,106178,1778,0.0274185779391604,0.3752638243984804
3377,0.4325,8,24,8,602674,2936,106186,1770,0.027196265145059097,0.37611559711007225
3378,0.4326,5,4,5,602678,2932,106191,1765,0.02715921301270888,0.37577176921439215
3379,0.4327,3,10,3,602688,2922,106194,1762,0.02706658268183334,0.37617421007685736
3380,0.4328,7,9,7,602697,2913,106201,1755,0.026983215384045352,0.3759640102827764
3381,0.4329,5,7,5,602704,2906,106206,1750,0.02691837415243247,0.3758591065292096
3382,0.433,10,19,10,602723,2887,106216,1740,0.026742376523768943,0.37605359844391617
3383,0.4331,11,10,11,602733,2877,106227,1729,0.0266497461928934,0.37537993920972645
3384,0.4332,7,9,7,602742,2868,106234,1722,0.026566378895105415,0.37516339869281046
3385,0.4333,8,20,8,602762,2848,106242,1714,0.02638111823335433,0.3757124068391057
3386,0.4334,11,19,11,602781,2829,106253,1703,0.0262051206046908,0.37577228596646073
3387,0.4335,4,6,4,602787,2823,106257,1699,0.026149542406165474,0.375718708536046
3388,0.4336,5,17,5,602804,2806,106262,1694,0.025992070843677054,0.37644444444444447
3389,0.4337,9,10,9,602814,2796,106271,1685,0.025899440512801512,0.3760321356839991
3390,0.4338,8,15,8,602829,2781,106279,1677,0.025760495016488198,0.37617765814266485
3391,0.4339,5,13,5,602842,2768,106284,1672,0.025640075586349995,0.37657657657657656
3392,0.434,3,24,3,602866,2744,106287,1669,0.025417762792248694,0.3782007704509404
3393,0.4341,9,8,9,602874,2736,106296,1660,0.02534365852754826,0.3776160145586897
3394,0.4342,4,3,4,602877,2733,106300,1656,0.0253158694282856,0.3773069036226931
3395,0.4343,8,28,8,602905,2705,106308,1648,0.02505650450183408,0.3785894785205605
3396,0.4344,1,6,1,602911,2699,106309,1647,0.025000926303308756,0.3789691670501611
3397,0.4345,4,7,4,602918,2692,106313,1643,0.024936085071695875,0.3790080738177624
3398,0.4346,5,6,5,602924,2686,106318,1638,0.02488050687317055,0.3788159111933395
3399,0.4347,7,6,7,602930,2680,106325,1631,0.024824928674645225,0.37833449315704015
3400,0.4348,3,5,3,602935,2675,106328,1628,0.024778613509207455,0.3783406925400883
3401,0.4349,5,6,5,602941,2669,106333,1623,0.02472303531068213,0.3781453867660764
3402,0.435,6,5,6,602946,2664,106339,1617,0.024676720145244357,0.3777154870357393
3403,0.4351,15,14,15,602960,2650,106354,1602,0.0245470376820186,0.376763875823142
3404,0.4352,10,15,10,602975,2635,106364,1592,0.024408092185705287,0.37662644901821624
3405,0.4353,11,13,11,602988,2622,106375,1581,0.024287672755567084,0.3761598857958601
3406,0.4354,6,13,6,603001,2609,106381,1575,0.024167253325428878,0.376434034416826
3407,0.4355,9,11,9,603012,2598,106390,1566,0.024065359961465783,0.3760806916426513
3408,0.4356,4,14,4,603026,2584,106394,1562,0.023935677498240025,0.376748673420164
3409,0.4357,14,8,14,603034,2576,106408,1548,0.02386157323353959,0.37536372453928224
3410,0.4358,3,4,3,603038,2572,106411,1545,0.023824521101189374,0.3752732572261355
3411,0.4359,6,11,6,603049,2561,106417,1539,0.023722627737226276,0.3753658536585366
3412,0.436,7,7,7,603056,2554,106424,1532,0.0236577865056134,0.37493881546744984
3413,0.4361,10,14,10,603070,2540,106434,1522,0.02352810404238764,0.3746922698178237
3414,0.4362,10,11,10,603081,2529,106444,1512,0.02342621067842454,0.3741648106904232
3415,0.4363,12,10,12,603091,2519,106456,1500,0.023333580347549003,0.3732271709380443
3416,0.4364,4,14,4,603105,2505,106460,1496,0.023203897884323244,0.3739065233691577
3417,0.4365,6,13,6,603118,2492,106466,1490,0.023083478454185038,0.37418382722250126
3418,0.4366,1,5,1,603123,2487,106467,1489,0.02303716328874727,0.3744969818913481
3419,0.4367,6,11,6,603134,2476,106473,1483,0.02293526992478417,0.3745895428138419
3420,0.4368,3,7,3,603141,2469,106476,1480,0.022870428693171293,0.3747784249177007
3421,0.4369,9,18,9,603159,2451,106485,1471,0.022703694097595317,0.3750637429882713
3422,0.437,6,10,6,603169,2441,106491,1465,0.022611063766719775,0.37506400409626217
3423,0.4371,9,15,9,603184,2426,106500,1456,0.02247211827040646,0.37506439979392064
3424,0.4372,6,16,6,603200,2410,106506,1450,0.022323909741005597,0.3756476683937824
3425,0.4373,4,4,4,603204,2406,106510,1446,0.02228685760865538,0.37538940809968846
3426,0.4374,10,12,10,603216,2394,106520,1436,0.02217570121160473,0.37493472584856397
3427,0.4375,3,0,3,603216,2394,106523,1433,0.02217570121160473,0.3744447347792004
3428,0.4376,7,9,7,603225,2385,106530,1426,0.02209233391381674,0.3741800052479664
3429,0.4377,8,16,8,603241,2369,106538,1418,0.021944125384415872,0.3744388698177977
3430,0.4378,3,7,3,603248,2362,106541,1415,0.021879284152802995,0.3746359544612126
3431,0.4379,8,5,8,603253,2357,106549,1407,0.021832968987365222,0.37380446333687567
3432,0.438,4,4,4,603257,2353,106553,1403,0.021795916855015005,0.3735356762513312
3433,0.4381,6,6,6,603263,2347,106559,1397,0.02174033865648968,0.3731303418803419
3434,0.4382,5,8,5,603271,2339,106564,1392,0.021666234391789246,0.3730903243098365
3435,0.4383,1,8,1,603279,2331,106565,1391,0.021592130127088813,0.3737238044062332
3436,0.4384,8,13,8,603292,2318,106573,1383,0.02147171069695061,0.37368278843555797
3437,0.4385,11,11,11,603303,2307,106584,1372,0.021369817332987512,0.3729274259309595
3438,0.4386,6,8,6,603311,2299,106590,1366,0.021295713068287078,0.3727148703956344
3439,0.4387,7,17,7,603328,2282,106597,1359,0.02113824150579866,0.3732491073880802
3440,0.4388,5,6,5,603334,2276,106602,1354,0.021082663307273333,0.37300275482093664
3441,0.4389,8,10,8,603344,2266,106610,1346,0.02099003297639779,0.37264673311184937
3442,0.439,6,8,6,603352,2258,106616,1340,0.020915928711697358,0.37242912729294053
3443,0.4391,6,13,6,603365,2245,106622,1334,0.020795509281559155,0.3727298127968706
3444,0.4392,5,13,5,603378,2232,106627,1329,0.02067508985142095,0.37320977253580456
3445,0.4393,6,5,6,603383,2227,106633,1323,0.02062877468598318,0.3726760563380282
3446,0.4394,4,7,4,603390,2220,106637,1319,0.020563933454370298,0.3727041537157389
3447,0.4395,3,6,3,603396,2214,106640,1316,0.020508355255844973,0.3728045325779037
3448,0.4396,4,6,4,603402,2208,106644,1312,0.020452777057319647,0.37272727272727274
3449,0.4397,10,14,10,603416,2194,106654,1302,0.02032309459409389,0.37242562929061784
3450,0.4398,6,14,6,603430,2180,106660,1296,0.020193412130868133,0.37284234752589185
3451,0.4399,2,10,2,603440,2170,106662,1294,0.02010078179999259,0.37355658198614317
3452,0.44,14,19,14,603459,2151,106676,1280,0.01992478417132906,0.3730690760711163
3453,0.4401,5,7,5,603466,2144,106681,1275,0.019859942939716182,0.3729160573267037
3454,0.4402,5,12,5,603478,2132,106686,1270,0.01974878654266553,0.3733098177542622
3455,0.4403,6,5,6,603483,2127,106692,1264,0.01970247137722776,0.37275140076673546
3456,0.4404,0,3,0,603486,2124,106692,1264,0.019674682277965098,0.3730814639905549
3457,0.4405,12,10,12,603496,2114,106704,1252,0.019582051947089556,0.3719548425430778
3458,0.4406,2,5,2,603501,2109,106706,1250,0.019535736781651783,0.37213456385829113
3459,0.4407,5,12,5,603513,2097,106711,1245,0.019424580384601133,0.3725314183123878
3460,0.4408,4,2,4,603515,2095,106715,1241,0.019406054318426024,0.3720023980815348
3461,0.4409,11,15,11,603530,2080,106726,1230,0.019267108822112713,0.3716012084592145
3462,0.441,9,22,9,603552,2058,106735,1221,0.01906332209418652,0.37236962488563585
3463,0.4411,5,4,5,603556,2054,106740,1216,0.019026269961836303,0.37186544342507644
3464,0.4412,5,5,5,603561,2049,106745,1211,0.018979954796398534,0.37147239263803683
3465,0.4413,4,6,4,603567,2043,106749,1207,0.01892437659787321,0.37138461538461537
3466,0.4414,15,26,15,603593,2017,106764,1192,0.0186835377375968,0.37145528201932065
3467,0.4415,3,4,3,603597,2013,106767,1189,0.018646485605246583,0.3713304184884447
3468,0.4416,13,10,13,603607,2003,106780,1176,0.01855385527437104,0.36992765020446683
3469,0.4417,10,14,10,603621,1989,106790,1166,0.018424172811145282,0.3695721077654517
3470,0.4418,2,5,2,603626,1984,106792,1164,0.01837785764570751,0.3697585768742058
3471,0.4419,6,13,6,603639,1971,106798,1158,0.018257438215569306,0.3700862895493768
3472,0.442,4,5,4,603644,1966,106802,1154,0.018211123050131534,0.3698717948717949
3473,0.4421,13,29,13,603673,1937,106815,1141,0.017942495090592463,0.37069525666016895
3474,0.4422,2,4,2,603677,1933,106817,1139,0.017905442958242247,0.3707682291666667
3475,0.4423,4,8,4,603685,1925,106821,1135,0.017831338693541813,0.3709150326797386
3476,0.4424,4,3,4,603688,1922,106825,1131,0.017803549594279152,0.3704552898788077
3477,0.4425,4,5,4,603693,1917,106829,1127,0.01775723442884138,0.3702365308804205
3478,0.4426,8,10,8,603703,1907,106837,1119,0.017664604097965837,0.3697951090548579
3479,0.4427,6,17,6,603720,1890,106843,1113,0.017507132535477418,0.3706293706293706
3480,0.4428,17,26,17,603746,1864,106860,1096,0.017266293675201008,0.37027027027027026
3481,0.4429,4,5,4,603751,1859,106864,1092,0.017219978509763235,0.3700440528634361
3482,0.443,10,5,10,603756,1854,106874,1082,0.017173663344325466,0.3685286103542234
3483,0.4431,8,32,8,603788,1822,106882,1074,0.01687724628552373,0.3708563535911602
3484,0.4432,3,11,3,603799,1811,106885,1071,0.016775352921560637,0.37161693268563495
3485,0.4433,7,5,7,603804,1806,106892,1064,0.016729037756122864,0.37073170731707317
3486,0.4434,1,9,1,603813,1797,106893,1063,0.01664567045833488,0.37167832167832165
3487,0.4435,0,3,0,603816,1794,106893,1063,0.016617881359072214,0.3720686034301715
3488,0.4436,5,6,5,603822,1788,106898,1058,0.01656230316054689,0.37174982431482784
3489,0.4437,5,10,5,603832,1778,106903,1053,0.016469672829671347,0.3719533733663017
3490,0.4438,6,5,6,603837,1773,106909,1047,0.016423357664233577,0.37127659574468086
3491,0.4439,7,6,7,603843,1767,106916,1040,0.016367779465708252,0.3705023156394727
3492,0.444,11,23,11,603866,1744,106927,1029,0.016154729704694504,0.3710782545979084
3493,0.4441,4,8,4,603874,1736,106931,1025,0.01608062543999407,0.37124230351321985
3494,0.4442,5,10,5,603884,1726,106936,1020,0.015987995109118528,0.37144938091769847
3495,0.4443,11,14,11,603898,1712,106947,1009,0.015858312645892773,0.3708195516354281
3496,0.4444,0,1,0,603899,1711,106947,1009,0.015849049612805217,0.3709558823529412
3497,0.4445,3,6,3,603905,1705,106950,1006,0.01579347141427989,0.37108078199926225
3498,0.4446,2,3,2,603908,1702,106952,1004,0.01576568231501723,0.37102734663710274
3499,0.4447,11,21,11,603929,1681,106963,993,0.01557115862017859,0.37135377711293943
3500,0.4448,9,6,9,603935,1675,106972,984,0.015515580421653265,0.37006393380970287
3501,0.4449,1,9,1,603944,1666,106973,983,0.015432213123865278,0.3710834277085693
3502,0.445,6,12,6,603956,1654,106979,977,0.015321056726814629,0.371341695172938
3503,0.4451,2,4,2,603960,1650,106981,975,0.015284004594464412,0.37142857142857144
3504,0.4452,4,1,4,603961,1649,106985,971,0.015274741561376858,0.3706106870229008
3505,0.4453,5,8,5,603969,1641,106990,966,0.015200637296676424,0.3705408515535098
3506,0.4454,2,11,2,603980,1630,106992,964,0.015098743932713328,0.37162683114880496
3507,0.4455,1,3,1,603983,1627,106993,963,0.015070954833450665,0.3718146718146718
3508,0.4456,4,9,4,603992,1618,106997,959,0.014987587535662678,0.3721381451299961
3509,0.4457,2,0,2,603992,1618,106999,957,0.014987587535662678,0.3716504854368932
3510,0.4458,14,13,14,604005,1605,107013,943,0.014867168105524473,0.37009419152276296
3511,0.4459,8,17,8,604022,1588,107021,935,0.014709696543036051,0.37059056678557273
3512,0.446,2,10,2,604032,1578,107023,933,0.01461706621216051,0.3715651135005974
3513,0.4461,1,4,1,604036,1574,107024,932,0.014580014079810293,0.37190742218675177
3514,0.4462,9,11,9,604047,1563,107033,923,0.014478120715847196,0.37127916331456157
3515,0.4463,8,12,8,604059,1551,107041,915,0.014366964318796546,0.3710462287104623
3516,0.4464,1,11,1,604070,1540,107042,914,0.014265070954833451,0.3724531377343113
3517,0.4465,3,5,3,604075,1535,107045,911,0.01421875578939568,0.3724448078495503
3518,0.4466,8,19,8,604094,1516,107053,903,0.01404275816073215,0.3732947498966515
3519,0.4467,4,2,4,604096,1514,107057,899,0.014024232094557042,0.3725652714463324
3520,0.4468,1,3,1,604099,1511,107058,898,0.01399644299529438,0.37276878372768785
3521,0.4469,4,4,4,604103,1507,107062,894,0.013959390862944163,0.3723448563098709
3522,0.447,4,3,4,604106,1504,107066,890,0.0139316017636815,0.3717627401837928
3523,0.4471,2,3,2,604109,1501,107068,888,0.013903812664418837,0.3717036416910841
3524,0.4472,6,5,6,604114,1496,107074,882,0.013857497498981066,0.3708999158957107
3525,0.4473,1,9,1,604123,1487,107075,881,0.013774130201193079,0.3720439189189189
3526,0.4474,5,8,5,604131,1479,107080,876,0.013700025936492645,0.3719745222929936
3527,0.4475,1,1,1,604132,1478,107081,875,0.01369076290340509,0.3718657033574161
3528,0.4476,7,29,7,604161,1449,107088,868,0.013422134943866019,0.37462235649546827
3529,0.4477,3,6,3,604167,1443,107091,865,0.013366556745340694,0.3747833622183709
3530,0.4478,1,2,1,604169,1441,107092,864,0.013348030679165585,0.37483731019522776
3531,0.4479,7,11,7,604180,1430,107099,857,0.01324613731520249,0.37472671622212506
3532,0.448,2,6,2,604186,1424,107101,855,0.013190559116677165,0.3751645458534445
3533,0.4481,3,6,3,604192,1418,107104,852,0.01313498091815184,0.37533039647577093
3534,0.4482,4,9,4,604201,1409,107108,848,0.013051613620363852,0.3757199822773593
3535,0.4483,4,9,4,604210,1400,107112,844,0.012968246322575865,0.3761140819964349
3536,0.4484,4,10,4,604220,1390,107116,840,0.012875615991700323,0.37668161434977576
3537,0.4485,1,4,1,604224,1386,107117,839,0.012838563859350106,0.3770786516853933
3538,0.4486,1,6,1,604230,1380,107118,838,0.01278298566082478,0.37781785392245265
3539,0.4487,1,3,1,604233,1377,107119,837,0.012755196561562118,0.3780487804878049
3540,0.4488,3,3,3,604236,1374,107122,834,0.012727407462299455,0.37771739130434784
3541,0.4489,5,8,5,604244,1366,107127,829,0.012653303197599022,0.3776765375854214
3542,0.449,1,8,1,604252,1358,107128,828,0.012579198932898588,0.3787740164684355
3543,0.4491,5,14,5,604266,1344,107133,823,0.01244951646967283,0.37978772496538993
3544,0.4492,2,6,2,604272,1338,107135,821,0.012393938271147504,0.38026864289022694
3545,0.4493,4,12,4,604284,1326,107139,817,0.012282781874096853,0.38124125058329444
3546,0.4494,1,4,1,604288,1322,107140,816,0.012245729741746637,0.3816651075771749
3547,0.4495,1,2,1,604290,1320,107141,815,0.01222720367557153,0.38173302107728335
3548,0.4496,1,0,1,604290,1320,107142,814,0.01222720367557153,0.38144329896907214
3549,0.4497,3,6,3,604296,1314,107145,811,0.012171625477046205,0.3816470588235294
3550,0.4498,1,1,1,604297,1313,107146,810,0.01216236244395865,0.3815355628827131
3551,0.4499,2,4,2,604301,1309,107148,808,0.012125310311608434,0.38167217760982525
3552,0.45,8,3,8,604304,1306,107156,800,0.012097521212345771,0.3798670465337132
3553,0.4501,3,1,3,604305,1305,107159,797,0.012088258179258217,0.379162702188392
3554,0.4502,4,8,4,604313,1297,107163,793,0.012014153914557783,0.37942583732057417
3555,0.4503,1,2,1,604315,1295,107164,792,0.011995627848382675,0.3794920939147101
3556,0.4504,4,8,4,604323,1287,107168,788,0.011921523583682241,0.3797590361445783
3557,0.4505,5,9,5,604332,1278,107173,783,0.011838156285894253,0.3799126637554585
3558,0.4506,2,6,2,604338,1272,107175,781,0.011782578087368928,0.3804188991719435
3559,0.4507,9,23,9,604361,1249,107184,772,0.011569528326355182,0.38198911429985155
3560,0.4508,2,2,2,604363,1247,107186,770,0.011551002260180073,0.3817550818046604
3561,0.4509,1,2,1,604365,1245,107187,769,0.011532476194004965,0.38182720953326715
3562,0.451,4,3,4,604368,1242,107191,765,0.011504687094742302,0.3811659192825112
3563,0.4511,4,6,4,604374,1236,107195,761,0.011449108896216977,0.3810716074111167
3564,0.4512,12,3,12,604377,1233,107207,749,0.011421319796954314,0.37790110998990917
3565,0.4513,5,13,5,604390,1220,107212,744,0.01130090036681611,0.3788187372708758
3566,0.4514,6,7,6,604397,1213,107218,738,0.01123605913520323,0.37826755509994875
3567,0.4515,9,10,9,604407,1203,107227,729,0.01114342880432769,0.37732919254658387
3568,0.4516,3,12,3,604419,1191,107230,726,0.01103227240727704,0.37871674491392804
3569,0.4517,2,3,2,604422,1188,107232,724,0.011004483308014377,0.3786610878661088
3570,0.4518,4,2,4,604424,1186,107236,720,0.010985957241839268,0.3777544596012592
3571,0.4519,0,3,0,604427,1183,107236,720,0.010958168142576606,0.3783499737256963
3572,0.452,0,1,0,604428,1182,107236,720,0.010948905109489052,0.3785488958990536
3573,0.4521,3,9,3,604437,1173,107239,717,0.010865537811701064,0.37936507936507935
3574,0.4522,5,10,5,604447,1163,107244,712,0.010772907480825522,0.3797333333333333
3575,0.4523,0,1,0,604448,1162,107244,712,0.010763644447737968,0.3799359658484525
3576,0.4524,2,3,2,604451,1159,107246,710,0.010735855348475305,0.37988228999464957
3577,0.4525,2,5,2,604456,1154,107248,708,0.010689540183037534,0.3802363050483351
3578,0.4526,3,3,3,604459,1151,107251,705,0.010661751083774871,0.3798491379310345
3579,0.4527,5,2,5,604461,1149,107256,700,0.010643225017599763,0.3785830178474851
3580,0.4528,3,2,3,604463,1147,107259,697,0.010624698951424654,0.3779826464208243
3581,0.4529,4,5,4,604468,1142,107263,693,0.010578383785986883,0.3776566757493188
3582,0.453,0,1,0,604469,1141,107263,693,0.01056912075289933,0.37786259541984735
3583,0.4532,4,5,4,604474,1136,107267,689,0.010522805587461558,0.37753424657534246
3584,0.4533,4,6,4,604480,1130,107271,685,0.010467227388936233,0.3774104683195592
3585,0.4534,6,8,6,604488,1122,107277,679,0.0103931231242358,0.3770127706829539
3586,0.4535,8,10,8,604498,1112,107285,671,0.010300492793360257,0.3763320246775098
3587,0.4536,6,2,6,604500,1110,107291,665,0.010281966727185149,0.37464788732394366
3588,0.4537,8,7,8,604507,1103,107299,657,0.01021712549557227,0.37329545454545454
3589,0.4538,1,4,1,604511,1099,107300,656,0.010180073363222053,0.3737891737891738
3590,0.4539,4,8,4,604519,1091,107304,652,0.01010596909852162,0.37406769936890416
3591,0.454,4,7,4,604526,1084,107308,648,0.010041127866908741,0.3741339491916859
3592,0.4541,5,8,5,604534,1076,107313,643,0.009967023602208308,0.3740546829552065
3593,0.4542,2,2,2,604536,1074,107315,641,0.0099484975360332,0.37376093294460644
3594,0.4543,4,6,4,604542,1068,107319,637,0.009892919337507874,0.37360703812316715
3595,0.4544,0,2,0,604544,1066,107319,637,0.009874393271332766,0.37404580152671757
3596,0.4545,3,7,3,604551,1059,107322,634,0.009809552039719886,0.37448316597755466
3597,0.4546,1,4,1,604555,1055,107323,633,0.00977249990736967,0.375
3598,0.4548,1,1,1,604556,1054,107324,632,0.009763236874282115,0.3748517200474496
3599,0.4549,1,4,1,604560,1050,107325,631,0.009726184741931898,0.37537180249851276
3600,0.455,4,5,4,604565,1045,107329,627,0.009679869576494127,0.375
3601,0.4551,2,6,2,604571,1039,107331,625,0.009624291377968802,0.37560096153846156
3602,0.4552,6,12,6,604583,1027,107337,619,0.009513134980918152,0.37606318347509116
3603,0.4553,3,2,3,604585,1025,107340,616,0.009494608914743043,0.3753808653260207
3604,0.4554,1,1,1,604586,1024,107341,615,0.009485345881655489,0.37522879804759
3605,0.4555,2,3,2,604589,1021,107343,613,0.009457556782392827,0.37515299877600977
3606,0.4556,3,6,3,604595,1015,107346,610,0.009401978583867501,0.37538461538461537
3607,0.4557,3,6,3,604601,1009,107349,607,0.009346400385342176,0.3756188118811881
3608,0.4558,4,2,4,604603,1007,107353,603,0.009327874319167068,0.37453416149068325
3609,0.4559,2,6,2,604609,1001,107355,601,0.009272296120641742,0.3751560549313358
3610,0.456,5,14,5,604623,987,107360,596,0.009142613657415984,0.37650031585596966
3611,0.4561,5,7,5,604630,980,107365,591,0.009077772425803104,0.37619350732017826
3612,0.4563,3,3,3,604633,977,107368,588,0.009049983326540442,0.3757188498402556
3613,0.4564,4,2,4,604635,975,107372,584,0.009031457260365335,0.37459910198845414
3614,0.4565,2,4,2,604639,971,107374,582,0.008994405128015118,0.37475853187379266
3615,0.4566,11,12,11,604651,959,107385,571,0.008883248730964468,0.373202614379085
3616,0.4567,2,0,2,604651,959,107387,569,0.008883248730964468,0.3723821989528796
3617,0.4568,2,2,2,604653,957,107389,567,0.00886472266478936,0.3720472440944882
3618,0.4569,2,2,2,604655,955,107391,565,0.00884619659861425,0.3717105263157895
3619,0.457,4,3,4,604658,952,107395,561,0.008818407499351588,0.3707865168539326
3620,0.4571,3,1,3,604659,951,107398,558,0.008809144466264034,0.3697813121272366
3621,0.4572,1,5,1,604664,946,107399,557,0.008762829300826263,0.37059214903526283
3622,0.4573,3,3,3,604667,943,107402,554,0.0087350402015636,0.3700734802939212
3623,0.4574,5,1,5,604668,942,107407,549,0.008725777168476046,0.3682092555331992
3624,0.4575,1,2,1,604670,940,107408,548,0.008707251102300938,0.3682795698924731
3625,0.4576,5,12,5,604682,928,107413,543,0.008596094705250287,0.3691366417403127
3626,0.4577,2,1,2,604683,927,107415,541,0.008586831672162733,0.3685286103542234
3627,0.4578,9,14,9,604697,913,107424,532,0.008457149208936974,0.3681660899653979
3628,0.4579,3,13,3,604710,900,107427,529,0.00833672977879877,0.3701889433170049
3629,0.458,5,8,5,604718,892,107432,524,0.008262625514098336,0.3700564971751412
3630,0.4582,3,2,3,604720,890,107435,521,0.008244099447923228,0.3692416725726435
3631,0.4583,2,6,2,604726,884,107437,519,0.008188521249397902,0.3699215965787598
3632,0.4584,7,7,7,604733,877,107444,512,0.008123680017785023,0.36861051115910726
3633,0.4585,0,6,0,604739,871,107444,512,0.008068101819259698,0.37020968908170643
3634,0.4586,0,5,0,604744,866,107444,512,0.008021786653821927,0.37155297532656023
3635,0.4587,0,5,0,604749,861,107444,512,0.007975471488384157,0.3729060451565914
3636,0.4588,1,1,1,604750,860,107445,511,0.007966208455296603,0.3727206418672502
3637,0.4589,2,7,2,604757,853,107447,509,0.007901367223683724,0.3737151248164464
3638,0.459,0,3,0,604760,850,107447,509,0.007873578124421061,0.3745401030169242
3639,0.4591,0,7,0,604767,843,107447,509,0.007808736892808181,0.3764792899408284
3640,0.4592,1,1,1,604768,842,107448,508,0.007799473859720627,0.3762962962962963
3641,0.4593,0,5,0,604773,837,107448,508,0.007753158694282856,0.37769516728624536
3642,0.4594,8,1,8,604774,836,107456,500,0.007743895661195301,0.37425149700598803
3643,0.4595,6,9,6,604783,827,107462,494,0.0076605283634073144,0.37395912187736563
3644,0.4596,5,0,5,604783,827,107467,489,0.0076605283634073144,0.371580547112462
3645,0.4597,0,2,0,604785,825,107467,489,0.007642002297232206,0.3721461187214612
3646,0.4598,1,2,1,604787,823,107468,488,0.007623476231057098,0.37223493516399697
3647,0.4599,0,3,0,604790,820,107468,488,0.007595687131794435,0.3730886850152905
3648,0.46,2,3,2,604793,817,107470,486,0.007567898032531772,0.37298541826554105
3649,0.4601,1,1,1,604794,816,107471,485,0.007558634999444218,0.3727901614142967
3650,0.4602,1,1,1,604795,815,107472,484,0.007549371966356664,0.37259430331023863
3651,0.4603,6,9,6,604804,806,107478,478,0.007466004668568676,0.37227414330218067
3652,0.4604,4,4,4,604808,802,107482,474,0.007428952536218459,0.3714733542319749
3653,0.4605,0,2,0,604810,800,107482,474,0.007410426470043351,0.37205651491365777
3654,0.4606,3,3,3,604813,797,107485,471,0.007382637370780688,0.3714511041009464
3655,0.4607,1,1,1,604814,796,107486,470,0.007373374337693134,0.3712480252764613
3656,0.4608,8,7,8,604821,789,107494,462,0.007308533106080255,0.36930455635491605
3657,0.4609,1,7,1,604828,782,107495,461,0.007243691874467375,0.37087691069991957
3658,0.461,2,3,2,604831,779,107497,459,0.007215902775204713,0.37075928917609047
3659,0.4611,0,1,0,604832,778,107497,459,0.0072066397421171585,0.37105901374292644
3660,0.4612,1,1,1,604833,777,107498,458,0.007197376709029604,0.3708502024291498
3661,0.4613,2,4,2,604837,773,107500,456,0.007160324576679388,0.371033360455655
3662,0.4614,4,5,4,604842,768,107504,452,0.007114009411241617,0.3704918032786885
3663,0.4615,0,1,0,604843,767,107504,452,0.007104746378154063,0.37079573420836753
3664,0.4616,0,1,0,604844,766,107504,452,0.007095483345066509,0.37110016420361247
3665,0.4617,4,2,4,604846,764,107508,448,0.0070769572788914005,0.3696369636963696
3666,0.4618,3,2,3,604848,762,107511,445,0.007058431212716292,0.36868268434134216
3667,0.4619,1,3,1,604851,759,107512,444,0.0070306421134536294,0.3690773067331671
3668,0.462,3,5,3,604856,754,107515,441,0.006984326948015858,0.36903765690376567
3669,0.4622,2,3,2,604859,751,107517,439,0.006956537848753196,0.3689075630252101
3670,0.4623,1,2,1,604861,749,107518,438,0.006938011782578087,0.36899747262005056
3671,0.4624,0,1,0,604862,748,107518,438,0.006928748749490533,0.36930860033726814
3672,0.4626,1,5,1,604867,743,107519,437,0.006882433584052762,0.37033898305084745
3673,0.4627,2,2,2,604869,741,107521,435,0.006863907517877654,0.36989795918367346
3674,0.4628,2,4,2,604873,737,107523,433,0.006826855385527437,0.3700854700854701
3675,0.4629,1,0,1,604873,737,107524,432,0.006826855385527437,0.369546621043627
3676,0.463,0,4,0,604877,733,107524,432,0.00678980325317722,0.3708154506437768
3677,0.4631,1,1,1,604878,732,107525,431,0.006780540220089666,0.3705932932072227
3678,0.4632,2,1,2,604879,731,107527,429,0.006771277187002112,0.36982758620689654
3679,0.4633,9,9,9,604888,722,107536,420,0.006687909889214124,0.36777583187390545
3680,0.4634,2,2,2,604890,720,107538,418,0.0066693838230390155,0.36731107205623903
3681,0.4635,0,2,0,604892,718,107538,418,0.006650857756863907,0.36795774647887325
3682,0.4636,1,0,1,604892,718,107539,417,0.006650857756863907,0.3674008810572687
3683,0.4637,1,3,1,604895,715,107540,416,0.006623068657601245,0.367816091954023
3684,0.4638,0,4,0,604899,711,107540,416,0.0065860165252510285,0.3691215616681455
3685,0.4639,0,3,0,604902,708,107540,416,0.006558227425988366,0.3701067615658363
3686,0.464,0,2,0,604904,706,107540,416,0.0065397013598132575,0.37076648841354726
3687,0.4641,4,2,4,604906,704,107544,412,0.006521175293638149,0.36917562724014336
3688,0.4642,0,1,0,604907,703,107544,412,0.006511912260550595,0.3695067264573991
3689,0.4644,2,5,2,604912,698,107546,410,0.006465597095112824,0.3700361010830325
3690,0.4646,3,6,3,604918,692,107549,407,0.006410018896587499,0.370336669699727
3691,0.4648,0,2,0,604920,690,107549,407,0.00639149283041239,0.37101185050136737
3692,0.4649,2,3,2,604923,687,107551,405,0.006363703731149728,0.3708791208791209
3693,0.465,0,5,0,604928,682,107551,405,0.006317388565711957,0.37258509659613614
3694,0.4651,10,5,10,604933,677,107561,395,0.006271073400274186,0.36847014925373134
3695,0.4652,1,4,1,604937,673,107562,394,0.006234021267923969,0.3692596063730084
3696,0.4653,9,15,9,604952,658,107571,385,0.006095075771610657,0.3691275167785235
3697,0.4654,4,4,4,604956,654,107575,381,0.00605802363926044,0.3681159420289855
3698,0.4655,8,11,8,604967,643,107583,373,0.0059561302752973435,0.3671259842519685
3699,0.4656,3,2,3,604969,641,107586,370,0.005937604209122235,0.3659742828882295
3700,0.4657,1,0,1,604969,641,107587,369,0.005937604209122235,0.36534653465346534
3701,0.4658,2,2,2,604971,639,107589,367,0.005919078142947127,0.3648111332007952
3702,0.4659,2,0,2,604971,639,107591,365,0.005919078142947127,0.36354581673306774
3703,0.466,2,8,2,604979,631,107593,363,0.005844973878246693,0.36519114688128773
3704,0.4661,3,4,3,604983,627,107596,360,0.005807921745896476,0.364741641337386
3705,0.4662,3,3,3,604986,624,107599,357,0.005780132646633814,0.363914373088685
3706,0.4663,0,5,0,604991,619,107599,357,0.005733817481196043,0.36577868852459017
3707,0.4664,0,1,0,604992,618,107599,357,0.0057245544481084884,0.36615384615384616
3708,0.4665,1,1,1,604993,617,107600,356,0.005715291415020934,0.3658787255909558
3709,0.4667,0,1,0,604994,616,107600,356,0.00570602838193338,0.3662551440329218
3710,0.4668,1,1,1,604995,615,107601,355,0.005696765348845826,0.36597938144329895
3711,0.4669,1,1,1,604996,614,107602,354,0.005687502315758272,0.365702479338843
3712,0.467,0,2,0,604998,612,107602,354,0.005668976249583163,0.36645962732919257
3713,0.4671,1,4,1,605002,608,107603,353,0.005631924117232946,0.3673257023933403
3714,0.4672,2,5,2,605007,603,107605,351,0.005585608951795175,0.36792452830188677
3715,0.4673,2,3,2,605010,600,107607,349,0.005557819852532514,0.3677555321390938
3716,0.4674,3,4,3,605014,596,107610,346,0.005520767720182297,0.3673036093418259
3717,0.4676,2,1,2,605015,595,107612,344,0.005511504687094743,0.3663471778487753
3718,0.4677,0,2,0,605017,593,107612,344,0.005492978620919634,0.3671291355389541
3719,0.4678,0,3,0,605020,590,107612,344,0.005465189521656972,0.3683083511777302
3720,0.4679,4,4,4,605024,586,107616,340,0.005428137389306755,0.367170626349892
3721,0.468,1,2,1,605026,584,107617,339,0.005409611323131646,0.36728060671722645
3722,0.4682,0,1,0,605027,583,107617,339,0.005400348290044092,0.3676789587852495
3723,0.4683,1,5,1,605032,578,107618,338,0.005354033124606321,0.36899563318777295
3724,0.4686,2,2,2,605034,576,107620,336,0.005335507058431213,0.3684210526315789
3725,0.4687,0,1,0,605035,575,107620,336,0.0053262440253436585,0.36882546652030734
3726,0.4689,1,0,1,605035,575,107621,335,0.0053262440253436585,0.36813186813186816
3727,0.469,1,0,1,605035,575,107622,334,0.0053262440253436585,0.36743674367436746
3728,0.4691,4,3,4,605038,572,107626,330,0.005298454926080996,0.36585365853658536
3729,0.4692,2,5,2,605043,567,107628,328,0.005252139760643225,0.3664804469273743
3730,0.4693,2,0,2,605043,567,107630,326,0.005252139760643225,0.3650615901455767
3731,0.4694,1,2,1,605045,565,107631,325,0.0052336136944681165,0.3651685393258427
3732,0.4695,4,14,4,605059,551,107635,321,0.005103931231242358,0.36811926605504586
3733,0.4696,1,1,1,605060,550,107636,320,0.0050946681981548034,0.367816091954023
3734,0.4697,2,6,2,605066,544,107638,318,0.005039089999629479,0.3689095127610209
3735,0.4698,1,2,1,605068,542,107639,317,0.005020563933454371,0.3690337601862631
3736,0.4699,5,7,5,605075,535,107644,312,0.004955722701841491,0.36835891381345925
3737,0.47,1,3,1,605078,532,107645,311,0.004927933602578829,0.36892052194543296
3738,0.4701,7,6,7,605084,526,107652,304,0.004872355404053503,0.36626506024096384
3739,0.4702,0,5,0,605089,521,107652,304,0.004826040238615732,0.36848484848484847
3740,0.4704,2,2,2,605091,519,107654,302,0.004807514172440624,0.36784409257003653
3741,0.4705,1,6,1,605097,513,107655,301,0.004751935973915299,0.36977886977886976
3742,0.4708,1,2,1,605099,511,107656,300,0.00473340990774019,0.36991368680641185
3743,0.4709,0,4,0,605103,507,107656,300,0.0046963577753899735,0.37174721189591076
3744,0.4711,3,3,3,605106,504,107659,297,0.004668568676127311,0.3707865168539326
3745,0.4712,0,1,0,605107,503,107659,297,0.004659305643039757,0.37125
3746,0.4713,2,1,2,605108,502,107661,295,0.0046500426099522025,0.370138017565872
3747,0.4714,0,1,0,605109,501,107661,295,0.004640779576864648,0.3706030150753769
3748,0.4715,2,1,2,605110,500,107663,293,0.004631516543777094,0.3694829760403531
3749,0.4716,4,9,4,605119,491,107667,289,0.004548149245989106,0.37051282051282053
3750,0.4717,0,3,0,605122,488,107667,289,0.0045203601467264445,0.37194337194337196
3751,0.4718,3,10,3,605132,478,107670,286,0.0044277298158509025,0.3743455497382199
3752,0.4719,0,3,0,605135,475,107670,286,0.00439994071658824,0.37582128777923784
3753,0.4721,0,1,0,605136,474,107670,286,0.004390677683500686,0.3763157894736842
3754,0.4722,0,2,0,605138,472,107670,286,0.004372151617325577,0.37730870712401055
3755,0.4725,0,2,0,605140,470,107670,286,0.004353625551150469,0.3783068783068783
3756,0.4726,1,0,1,605140,470,107671,285,0.004353625551150469,0.37748344370860926
3757,0.4727,1,2,1,605142,468,107672,284,0.0043350994849753605,0.3776595744680851
3758,0.4728,1,3,1,605145,465,107673,283,0.004307310385712698,0.3783422459893048
3759,0.4729,1,3,1,605148,462,107674,282,0.004279521286450035,0.3790322580645161
3760,0.473,0,1,0,605149,461,107674,282,0.004270258253362481,0.3795423956931359
3761,0.4731,1,1,1,605150,460,107675,281,0.004260995220274927,0.3792172739541161
3762,0.4732,1,5,1,605155,455,107676,280,0.004214680054837156,0.38095238095238093
3763,0.4733,1,1,1,605156,454,107677,279,0.004205417021749602,0.3806275579809004
3764,0.4734,3,4,3,605160,450,107680,276,0.004168364889399385,0.38016528925619836
3765,0.4736,0,3,0,605163,447,107680,276,0.004140575790136722,0.3817427385892116
3766,0.4738,2,7,2,605170,440,107682,274,0.004075734558523843,0.38375350140056025
3767,0.4739,1,3,1,605173,437,107683,273,0.00404794545926118,0.3845070422535211
3768,0.474,0,2,0,605175,435,107683,273,0.004029419393086072,0.3855932203389831
3769,0.4741,3,9,3,605184,426,107686,270,0.003946052095298085,0.3879310344827586
3770,0.4742,0,3,0,605187,423,107686,270,0.003918262996035422,0.38961038961038963
3771,0.4744,7,4,7,605191,419,107693,263,0.003881210863685205,0.38563049853372433
3772,0.4746,2,0,2,605191,419,107695,261,0.003881210863685205,0.38382352941176473
3773,0.4747,1,6,1,605197,413,107696,260,0.00382563266515988,0.3863298662704309
3774,0.4748,2,2,2,605199,411,107698,258,0.0038071065989847717,0.38565022421524664
3775,0.4749,1,0,1,605199,411,107699,257,0.0038071065989847717,0.3847305389221557
3776,0.4751,2,9,2,605208,402,107701,255,0.003723739301196784,0.3881278538812785
3777,0.4752,0,2,0,605210,400,107701,255,0.0037052132350216755,0.3893129770992366
3778,0.4753,4,10,4,605220,390,107705,251,0.0036125829041461334,0.3915756630265211
3779,0.4754,0,2,0,605222,388,107705,251,0.003594056837971025,0.39280125195618154
3780,0.4755,2,1,2,605223,387,107707,249,0.0035847938048834713,0.3915094339622642
3781,0.4756,3,2,3,605225,385,107710,246,0.003566267738708363,0.3898573692551506
3782,0.4757,1,3,1,605228,382,107711,245,0.0035384786394457002,0.39074960127591707
3783,0.4758,0,2,0,605230,380,107711,245,0.003519952573270592,0.392
3784,0.4759,0,1,0,605231,379,107711,245,0.0035106895401830376,0.3926282051282051
3785,0.476,1,4,1,605235,375,107712,244,0.003473637407832821,0.39418416801292405
3786,0.4761,0,1,0,605236,374,107712,244,0.0034643743747452666,0.3948220064724919
3787,0.4763,2,3,2,605239,371,107714,242,0.003436585275482604,0.39477977161500816
3788,0.4765,3,5,3,605244,366,107717,239,0.003390270110044833,0.3950413223140496
3789,0.4766,1,5,1,605249,361,107718,238,0.003343954944607062,0.3973288814691152
3790,0.4767,1,6,1,605255,355,107719,237,0.003288376746081737,0.40033783783783783
3791,0.4768,1,1,1,605256,354,107720,236,0.003279113712994183,0.4
3792,0.4769,10,18,10,605274,336,107730,226,0.0031123791174182073,0.40213523131672596
3793,0.4772,1,0,1,605274,336,107731,225,0.0031123791174182073,0.40106951871657753
3794,0.4773,1,2,1,605276,334,107732,224,0.003093853051243099,0.4014336917562724
3795,0.4775,4,2,4,605278,332,107736,220,0.0030753269850679905,0.39855072463768115
3796,0.4778,12,8,12,605286,324,107748,208,0.0030012227203675573,0.39097744360902253
3797,0.4781,1,1,1,605287,323,107749,207,0.002991959687280003,0.3905660377358491
3798,0.4782,1,3,1,605290,320,107750,206,0.0029641705880173405,0.3916349809885932
3799,0.4785,1,0,1,605290,320,107751,205,0.0029641705880173405,0.3904761904761905
3800,0.4786,4,1,4,605291,319,107755,201,0.0029549075549297863,0.38653846153846155
3801,0.4787,3,4,3,605295,315,107758,198,0.0029178554225795694,0.38596491228070173
3802,0.4788,0,1,0,605296,314,107758,198,0.0029085923894920152,0.38671875
3803,0.4789,0,2,0,605298,312,107758,198,0.002890066323316907,0.38823529411764707
3804,0.479,0,4,0,605302,308,107758,198,0.00285301419096669,0.391304347826087
3805,0.4793,5,8,5,605310,300,107763,193,0.002778909926266257,0.39148073022312374
3806,0.4794,0,1,0,605311,299,107763,193,0.0027696468931787026,0.39227642276422764
3807,0.4796,1,4,1,605315,295,107764,192,0.002732594760828486,0.3942505133470226
3808,0.4797,0,2,0,605317,293,107764,192,0.0027140686946533774,0.3958762886597938
3809,0.4798,1,1,1,605318,292,107765,191,0.002704805661565823,0.39544513457556935
3810,0.48,2,3,2,605321,289,107767,189,0.0026770165623031606,0.39539748953974896
3811,0.4801,1,2,1,605323,287,107768,188,0.002658490496128052,0.3957894736842105
3812,0.4803,1,1,1,605324,286,107769,187,0.002649227463040498,0.3953488372093023
3813,0.4804,0,1,0,605325,285,107769,187,0.0026399644299529438,0.3961864406779661
3814,0.4806,1,4,1,605329,281,107770,186,0.002602912297602727,0.39828693790149894
3815,0.4808,2,3,2,605332,278,107772,184,0.0025751231983400643,0.39826839826839827
3816,0.481,0,1,0,605333,277,107772,184,0.00256586016525251,0.39913232104121477
3817,0.4813,0,2,0,605335,275,107772,184,0.0025473340990774017,0.4008714596949891
3818,0.4816,5,3,5,605338,272,107777,179,0.0025195449998147395,0.3968957871396896
3819,0.4817,0,2,0,605340,270,107777,179,0.002501018933639631,0.3986636971046771
3820,0.4818,0,4,0,605344,266,107777,179,0.0024639668012894143,0.40224719101123596
3821,0.4819,1,3,1,605347,263,107778,178,0.0024361777020267517,0.4036281179138322
3822,0.4821,0,2,0,605349,261,107778,178,0.0024176516358516433,0.4054669703872437
3823,0.4822,1,5,1,605354,256,107779,177,0.0023713364704138723,0.40877598152424943
3824,0.4825,1,3,1,605357,253,107780,176,0.0023435473711512097,0.41025641025641024
3825,0.4827,1,2,1,605359,251,107781,175,0.0023250213049761013,0.4107981220657277
3826,0.4829,0,1,0,605360,250,107781,175,0.002315758271888547,0.4117647058823529
3827,0.483,1,3,1,605363,247,107782,174,0.0022879691726258844,0.41330166270783847
3828,0.4831,1,0,1,605363,247,107783,173,0.0022879691726258844,0.4119047619047619
3829,0.4832,2,5,2,605368,242,107785,171,0.002241654007188114,0.41404358353510895
3830,0.4833,2,0,2,605368,242,107787,169,0.002241654007188114,0.41119221411192214
3831,0.4834,1,1,1,605369,241,107788,168,0.0022323909741005597,0.41075794621026895
3832,0.4835,0,2,0,605371,239,107788,168,0.0022138649079254513,0.41277641277641275
3833,0.4836,8,3,8,605374,236,107796,160,0.0021860758086627886,0.40404040404040403
3834,0.4839,1,1,1,605375,235,107797,159,0.0021768127755752344,0.4035532994923858
3835,0.484,5,3,5,605378,232,107802,154,0.002149023676312572,0.39896373056994816
3836,0.4843,1,0,1,605378,232,107803,153,0.002149023676312572,0.3974025974025974
3837,0.4844,2,1,2,605379,231,107805,151,0.0021397606432250176,0.39528795811518325
3838,0.4845,0,1,0,605380,230,107805,151,0.0021304976101374634,0.3963254593175853
3839,0.4847,2,0,2,605380,230,107807,149,0.0021304976101374634,0.39313984168865435
3840,0.4848,1,2,1,605382,228,107808,148,0.002111971543962355,0.39361702127659576
3841,0.4852,0,2,0,605384,226,107808,148,0.0020934454777872466,0.39572192513368987
3842,0.4855,3,0,3,605384,226,107811,145,0.0020934454777872466,0.3908355795148248
3843,0.4856,0,1,0,605385,225,107811,145,0.0020841824446996924,0.3918918918918919
3844,0.4857,1,1,1,605386,224,107812,144,0.002074919411612138,0.391304347826087
3845,0.4858,3,6,3,605392,218,107815,141,0.002019341213086813,0.39275766016713093
3846,0.4859,1,4,1,605396,214,107816,140,0.0019822890807365966,0.3954802259887006
3847,0.486,0,2,0,605398,212,107816,140,0.001963763014561488,0.3977272727272727
3848,0.4861,0,2,0,605400,210,107816,140,0.0019452369483863796,0.4
3849,0.4862,4,0,4,605400,210,107820,136,0.0019452369483863796,0.3930635838150289
3850,0.4864,2,5,2,605405,205,107822,134,0.0018989217829486088,0.3952802359882006
3851,0.4865,2,0,2,605405,205,107824,132,0.0018989217829486088,0.3916913946587537
3852,0.4866,1,0,1,605405,205,107825,131,0.0018989217829486088,0.3898809523809524
3853,0.487,1,1,1,605406,204,107826,130,0.0018896587498610545,0.38922155688622756
3854,0.4871,2,1,2,605407,203,107828,128,0.0018803957167735003,0.3867069486404834
3855,0.4872,0,5,0,605412,198,107828,128,0.0018340805513357293,0.39263803680981596
3856,0.4873,1,1,1,605413,197,107829,127,0.0018248175182481751,0.39197530864197533
3857,0.4875,0,1,0,605414,196,107829,127,0.001815554485160621,0.3931888544891641
3858,0.4878,0,3,0,605417,193,107829,127,0.0017877653858979585,0.396875
3859,0.4879,0,1,0,605418,192,107829,127,0.0017785023528104043,0.3981191222570533
3860,0.488,1,0,1,605418,192,107830,126,0.0017785023528104043,0.39622641509433965
3861,0.4881,1,1,1,605419,191,107831,125,0.0017692393197228501,0.39556962025316456
3862,0.4882,1,0,1,605419,191,107832,124,0.0017692393197228501,0.39365079365079364
3863,0.4885,0,1,0,605420,190,107832,124,0.001759976286635296,0.39490445859872614
3864,0.4886,0,1,0,605421,189,107832,124,0.0017507132535477417,0.3961661341853035
3865,0.4887,0,1,0,605422,188,107832,124,0.0017414502204601875,0.3974358974358974
3866,0.4888,1,2,1,605424,186,107833,123,0.001722924154285079,0.39805825242718446
3867,0.489,3,6,3,605430,180,107836,120,0.0016673459557597539,0.4
3868,0.4891,0,3,0,605433,177,107836,120,0.0016395568564970915,0.40404040404040403
3869,0.4892,1,1,1,605434,176,107837,119,0.0016302938234095373,0.4033898305084746
3870,0.4893,0,1,0,605435,175,107837,119,0.001621030790321983,0.40476190476190477
3871,0.4895,2,2,2,605437,173,107839,117,0.0016025047241468747,0.40344827586206894
3872,0.4896,1,3,1,605440,170,107840,116,0.001574715624884212,0.40559440559440557
3873,0.4897,0,1,0,605441,169,107840,116,0.0015654525917966578,0.4070175438596491
3874,0.4898,1,1,1,605442,168,107841,115,0.0015561895587091036,0.40636042402826855
3875,0.49,1,1,1,605443,167,107842,114,0.0015469265256215494,0.40569395017793597
3876,0.4901,1,1,1,605444,166,107843,113,0.0015376634925339952,0.4050179211469534
3877,0.4903,0,1,0,605445,165,107843,113,0.0015284004594464412,0.4064748201438849
3878,0.4908,0,2,0,605447,163,107843,113,0.0015098743932713328,0.40942028985507245
3879,0.4909,0,1,0,605448,162,107843,113,0.0015006113601837786,0.4109090909090909
3880,0.491,0,3,0,605451,159,107843,113,0.001472822260921116,0.41544117647058826
3881,0.4912,0,1,0,605452,158,107843,113,0.0014635592278335618,0.41697416974169743
3882,0.4914,1,5,1,605457,153,107844,112,0.0014172440623957908,0.4226415094339623
3883,0.4916,3,2,3,605459,151,107847,109,0.0013987179962206824,0.41923076923076924
3884,0.4917,1,0,1,605459,151,107848,108,0.0013987179962206824,0.416988416988417
3885,0.492,0,1,0,605460,150,107848,108,0.0013894549631331284,0.4186046511627907
3886,0.4922,0,1,0,605461,149,107848,108,0.0013801919300455742,0.42023346303501946
3887,0.4923,0,7,0,605468,142,107848,108,0.0013153506984326948,0.432
3888,0.4928,0,1,0,605469,141,107848,108,0.0013060876653451406,0.43373493975903615
3889,0.4929,1,3,1,605472,138,107849,107,0.001278298566082478,0.43673469387755104
3890,0.493,3,3,3,605475,135,107852,104,0.0012505094668198156,0.4351464435146444
3891,0.4932,0,1,0,605476,134,107852,104,0.0012412464337322614,0.4369747899159664
3892,0.4933,0,1,0,605477,133,107852,104,0.0012319834006447072,0.4388185654008439
3893,0.4934,1,0,1,605477,133,107853,103,0.0012319834006447072,0.4364406779661017
3894,0.4941,0,3,0,605480,130,107853,103,0.0012041943013820445,0.44206008583690987
3895,0.4942,2,1,2,605481,129,107855,101,0.0011949312682944903,0.4391304347826087
3896,0.4943,1,0,1,605481,129,107856,100,0.0011949312682944903,0.4366812227074236
3897,0.4944,0,1,0,605482,128,107856,100,0.0011856682352069361,0.43859649122807015
3898,0.4945,1,1,1,605483,127,107857,99,0.001176405202119382,0.43805309734513276
3899,0.4946,0,2,0,605485,125,107857,99,0.0011578791359442735,0.4419642857142857
3900,0.4948,1,2,1,605487,123,107858,98,0.0011393530697691651,0.4434389140271493
3901,0.4949,1,3,1,605490,120,107859,97,0.0011115639705065027,0.4470046082949309
3902,0.4951,1,1,1,605491,119,107860,96,0.0011023009374189485,0.44651162790697674
3903,0.4957,7,10,7,605501,109,107867,89,0.0010096706065434065,0.4494949494949495
3904,0.4962,1,0,1,605501,109,107868,88,0.0010096706065434065,0.4467005076142132
3905,0.4964,0,1,0,605502,108,107868,88,0.0010004075734558523,0.4489795918367347
3906,0.4971,1,1,1,605503,107,107869,87,0.0009911445403682983,0.4484536082474227
3907,0.4972,0,1,0,605504,106,107869,87,0.000981881507280744,0.45077720207253885
3908,0.4976,2,0,2,605504,106,107871,85,0.000981881507280744,0.44502617801047123
3909,0.4977,0,2,0,605506,104,107871,85,0.0009633554411056357,0.4497354497354497
3910,0.4982,2,1,2,605507,103,107873,83,0.0009540924080180815,0.44623655913978494
3911,0.4983,1,3,1,605510,100,107874,82,0.0009263033087554189,0.45054945054945056
3912,0.4985,1,3,1,605513,97,107875,81,0.0008985142094927563,0.4550561797752809
3913,0.4986,0,1,0,605514,96,107875,81,0.0008892511764052022,0.4576271186440678
3914,0.499,1,0,1,605514,96,107876,80,0.0008892511764052022,0.45454545454545453
3915,0.4992,2,1,2,605515,95,107878,78,0.000879988143317648,0.4508670520231214
3916,0.4993,1,0,1,605515,95,107879,77,0.000879988143317648,0.4476744186046512
3917,0.4994,1,2,1,605517,93,107880,76,0.0008614620771425395,0.44970414201183434
3918,0.4995,1,0,1,605517,93,107881,75,0.0008614620771425395,0.44642857142857145
3919,0.4996,1,0,1,605517,93,107882,74,0.0008614620771425395,0.4431137724550898
3920,0.4997,0,1,0,605518,92,107882,74,0.0008521990440549853,0.4457831325301205
3921,0.4999,0,1,0,605519,91,107882,74,0.0008429360109674311,0.4484848484848485
3922,0.5003,1,1,1,605520,90,107883,73,0.0008336729778798769,0.44785276073619634
3923,0.5007,0,1,0,605521,89,107883,73,0.0008244099447923228,0.4506172839506173
3924,0.5008,0,1,0,605522,88,107883,73,0.0008151469117047686,0.453416149068323
3925,0.501,0,1,0,605523,87,107883,73,0.0008058838786172144,0.45625
3926,0.5011,0,3,0,605526,84,107883,73,0.0007780947793545518,0.46496815286624205
3927,0.5013,4,0,4,605526,84,107887,69,0.0007780947793545518,0.45098039215686275
3928,0.5018,3,3,3,605529,81,107890,66,0.0007503056800918893,0.4489795918367347
3929,0.5019,0,2,0,605531,79,107890,66,0.0007317796139167809,0.45517241379310347
3930,0.5021,2,1,2,605532,78,107892,64,0.0007225165808292267,0.4507042253521127
3931,0.5022,1,1,1,605533,77,107893,63,0.0007132535477416725,0.45
3932,0.5025,1,0,1,605533,77,107894,62,0.0007132535477416725,0.4460431654676259
3933,0.5026,1,0,1,605533,77,107895,61,0.0007132535477416725,0.4420289855072464
3934,0.5028,1,1,1,605534,76,107896,60,0.0007039905146541183,0.4411764705882353
3935,0.5029,1,1,1,605535,75,107897,59,0.0006947274815665642,0.44029850746268656
3936,0.503,1,0,1,605535,75,107898,58,0.0006947274815665642,0.43609022556390975
3937,0.5032,1,5,1,605540,70,107899,57,0.0006484123161287932,0.44881889763779526
3938,0.5035,3,2,3,605542,68,107902,54,0.0006298862499536849,0.4426229508196721
3939,0.5036,2,1,2,605543,67,107904,52,0.0006206232168661307,0.4369747899159664
3940,0.5037,1,0,1,605543,67,107905,51,0.0006206232168661307,0.4322033898305085
3941,0.5039,1,0,1,605543,67,107906,50,0.0006206232168661307,0.42735042735042733
3942,0.5048,0,1,0,605544,66,107906,50,0.0006113601837785765,0.43103448275862066
3943,0.5049,0,1,0,605545,65,107906,50,0.0006020971506910223,0.43478260869565216
3944,0.5052,0,1,0,605546,64,107906,50,0.0005928341176034681,0.43859649122807015
3945,0.5054,2,1,2,605547,63,107908,48,0.0005835710845159139,0.43243243243243246
3946,0.5061,1,0,1,605547,63,107909,47,0.0005835710845159139,0.42727272727272725
3947,0.5072,1,0,1,605547,63,107910,46,0.0005835710845159139,0.42201834862385323
3948,0.5077,3,3,3,605550,60,107913,43,0.0005557819852532514,0.4174757281553398
3949,0.5079,0,1,0,605551,59,107913,43,0.0005465189521656972,0.4215686274509804
3950,0.508,4,4,4,605555,55,107917,39,0.0005094668198154803,0.4148936170212766
3951,0.5086,0,1,0,605556,54,107917,39,0.0005002037867279261,0.41935483870967744
3952,0.5092,3,1,3,605557,53,107920,36,0.000490940753640372,0.4044943820224719
3953,0.5097,1,1,1,605558,52,107921,35,0.00048167772055281784,0.40229885057471265
3954,0.5101,2,2,2,605560,50,107923,33,0.00046315165437770943,0.39759036144578314
3955,0.5104,0,1,0,605561,49,107923,33,0.00045388862129015523,0.4024390243902439
3956,0.5105,1,0,1,605561,49,107924,32,0.00045388862129015523,0.3950617283950617
3957,0.5106,0,1,0,605562,48,107924,32,0.0004446255882026011,0.4
3958,0.5108,0,3,0,605565,45,107924,32,0.00041683648893993847,0.4155844155844156
3959,0.5111,0,1,0,605566,44,107924,32,0.0004075734558523843,0.42105263157894735
3960,0.512,0,1,0,605567,43,107924,32,0.0003983104227648301,0.4266666666666667
3961,0.5122,1,2,1,605569,41,107925,31,0.00037978435658972176,0.4305555555555556
3962,0.5125,3,1,3,605570,40,107928,28,0.00037052132350216756,0.4117647058823529
3963,0.5128,0,1,0,605571,39,107928,28,0.00036125829041461335,0.417910447761194
3964,0.5129,1,0,1,605571,39,107929,27,0.00036125829041461335,0.4090909090909091
3965,0.5133,0,1,0,605572,38,107929,27,0.00035199525732705915,0.4153846153846154
3966,0.5136,0,1,0,605573,37,107929,27,0.000342732224239505,0.421875
3967,0.5139,0,1,0,605574,36,107929,27,0.0003334691911519508,0.42857142857142855
3968,0.5145,0,1,0,605575,35,107929,27,0.0003242061580643966,0.43548387096774194
3969,0.5159,2,0,2,605575,35,107931,25,0.0003242061580643966,0.4166666666666667
3970,0.5163,0,1,0,605576,34,107931,25,0.00031494312497684244,0.423728813559322
3971,0.5164,1,1,1,605577,33,107932,24,0.00030568009188928824,0.42105263157894735
3972,0.517,1,3,1,605580,30,107933,23,0.0002778909926266257,0.4339622641509434
3973,0.5172,1,0,1,605580,30,107934,22,0.0002778909926266257,0.4230769230769231
3974,0.5175,0,2,0,605582,28,107934,22,0.0002593649264515173,0.44
3975,0.5182,1,0,1,605582,28,107935,21,0.0002593649264515173,0.42857142857142855
3976,0.5187,0,1,0,605583,27,107935,21,0.00025010189336396307,0.4375
3977,0.519,0,1,0,605584,26,107935,21,0.00024083886027640892,0.44680851063829785
3978,0.5195,0,1,0,605585,25,107935,21,0.00023157582718885472,0.45652173913043476
3979,0.5197,2,1,2,605586,24,107937,19,0.00022231279410130054,0.4418604651162791
3980,0.5218,1,0,1,605586,24,107938,18,0.00022231279410130054,0.42857142857142855
3981,0.5227,0,1,0,605587,23,107938,18,0.00021304976101374634,0.43902439024390244
3982,0.5229,1,0,1,605587,23,107939,17,0.00021304976101374634,0.425
3983,0.5232,1,0,1,605587,23,107940,16,0.00021304976101374634,0.41025641025641024
3984,0.5253,0,1,0,605588,22,107940,16,0.00020378672792619216,0.42105263157894735
3985,0.5264,0,6,0,605594,16,107940,16,0.00014820852940086702,0.5
3986,0.5268,1,0,1,605594,16,107941,15,0.00014820852940086702,0.4838709677419355
3987,0.5287,0,1,0,605595,15,107941,15,0.00013894549631331284,0.5
3988,0.5296,1,0,1,605595,15,107942,14,0.00013894549631331284,0.4827586206896552
3989,0.5298,1,0,1,605595,15,107943,13,0.00013894549631331284,0.4642857142857143
3990,0.53,1,0,1,605595,15,107944,12,0.00013894549631331284,0.4444444444444444
3991,0.5302,1,0,1,605595,15,107945,11,0.00013894549631331284,0.4230769230769231
3992,0.5304,1,1,1,605596,14,107946,10,0.00012968246322575864,0.4166666666666667
3993,0.5315,1,0,1,605596,14,107947,9,0.00012968246322575864,0.391304347826087
3994,0.5326,0,1,0,605597,13,107947,9,0.00012041943013820446,0.4090909090909091
3995,0.5335,1,0,1,605597,13,107948,8,0.00012041943013820446,0.38095238095238093
3996,0.5336,0,2,0,605599,11,107948,8,0.00010189336396309608,0.42105263157894735
3997,0.5348,0,2,0,605601,9,107948,8,8.33672977879877e-05,0.47058823529411764
3998,0.5357,0,2,0,605603,7,107948,8,6.484123161287932e-05,0.5333333333333333
3999,0.5373,3,0,3,605603,7,107951,5,6.484123161287932e-05,0.4166666666666667
4000,0.5382,0,1,0,605604,6,107951,5,5.5578198525325135e-05,0.45454545454545453
4001,0.5402,0,1,0,605605,5,107951,5,4.6315165437770945e-05,0.5
4002,0.542,0,2,0,605607,3,107951,5,2.7789099262662567e-05,0.625
4003,0.5444,0,1,0,605608,2,107951,5,1.8526066175108377e-05,0.7142857142857143
4004,0.5445,2,0,2,605608,2,107953,3,1.8526066175108377e-05,0.6
4005,0.5451,0,1,0,605609,1,107953,3,9.263033087554189e-06,0.75
4006,0.5548,0,1,0,605610,0,107953,3,0.0,1.0
4007,0.5554,1,0,1,605610,0,107954,2,0.0,1.0
4008,0.5715,1,0,1,605610,0,107955,1,0.0,1.0
4009,0.5969,1,0,1,605610,0,107956,0,0.0,
