,y_proba,y_test,Neg,Pos,TN,FP,FN,TP,FP/P,Prec
0,0.0355,0,1,0,1,605609,0,107956,5.609776205120605,0.1512910526721462
1,0.0405,0,1,0,2,605608,0,107956,5.609766942087517,0.15129126469384666
2,0.0418,0,3,0,5,605605,0,107956,5.609739152988254,0.15129190076251364
3,0.0467,0,1,0,6,605604,0,107956,5.609729889955167,0.1512921127865912
4,0.0496,0,2,0,8,605602,0,107956,5.609711363888992,0.15129253683652905
5,0.0503,0,1,0,9,605601,0,107956,5.6097021008559045,0.15129274886238941
6,0.051,0,2,0,11,605599,0,107956,5.609683574789729,0.15129317291589295
7,0.0527,0,1,0,12,605598,0,107956,5.609674311756642,0.15129338494353617
8,0.053,0,1,0,13,605597,0,107956,5.609665048723554,0.15129359697177364
9,0.0549,0,1,0,14,605596,0,107956,5.6096557856904665,0.15129380900060543
10,0.0564,0,1,0,15,605595,0,107956,5.609646522657379,0.15129402103003148
11,0.0566,0,1,0,16,605594,0,107956,5.609637259624291,0.15129423306005185
12,0.0567,0,3,0,19,605591,0,107956,5.609609470525029,0.15129486915367873
13,0.0573,0,1,0,20,605590,0,107956,5.609600207491941,0.1512950811860763
14,0.0585,0,1,0,21,605589,0,107956,5.609590944458853,0.15129529321906818
15,0.0589,0,3,0,24,605586,0,107956,5.609563155359591,0.15129592932160965
16,0.0592,0,1,0,25,605585,0,107956,5.609553892326503,0.15129614135697877
17,0.0601,0,8,0,33,605577,0,107956,5.609479788061803,0.1512978376613275
18,0.0606,1,0,1,33,605577,1,107955,5.609479788061803,0.15129664822320513
19,0.0609,0,5,0,38,605572,1,107955,5.609433472896365,0.15129770842589
20,0.0616,0,3,0,41,605569,1,107955,5.609405683797102,0.15129834455463306
21,0.0618,0,2,0,43,605567,1,107955,5.609387157730928,0.15129876864343356
22,0.0627,0,1,0,44,605566,1,107955,5.60937789469784,0.15129898068872535
23,0.0635,0,2,0,46,605564,1,107955,5.609359368631665,0.15129940478109202
24,0.0637,2,0,2,46,605564,3,107953,5.609359368631665,0.15129702585922972
25,0.0652,0,2,0,48,605562,3,107953,5.60934084256549,0.15129744994849442
26,0.0657,0,2,0,50,605560,3,107953,5.6093223164993145,0.15129787404013662
27,0.0659,0,1,0,51,605559,3,107953,5.609313053466227,0.15129808608684928
28,0.0661,0,1,0,52,605558,3,107953,5.609303790433139,0.1512982981341563
29,0.0672,0,6,0,58,605552,3,107953,5.609248212234614,0.1512995704304805
30,0.0675,0,3,0,61,605549,3,107953,5.609220423135351,0.1513002065866669
31,0.0677,0,3,0,64,605546,3,107953,5.609192634036089,0.15130084274820288
32,0.068,0,2,0,66,605544,3,107953,5.609174107969913,0.15130126685886555
33,0.0683,0,1,0,67,605543,3,107953,5.609164844936826,0.15130147891508852
34,0.0687,0,4,0,71,605539,3,107953,5.609127792804476,0.15130232714592456
35,0.0688,0,1,0,72,605538,3,107953,5.609118529771388,0.15130253920511963
36,0.0697,0,4,0,76,605534,3,107953,5.609081477639038,0.1513033874478442
37,0.0707,0,1,0,77,605533,3,107953,5.60907221460595,0.1513035995100114
38,0.0712,0,4,0,81,605529,3,107953,5.6090351624736,0.15130444776462476
39,0.0717,0,22,0,103,605507,3,107953,5.608831375745674,0.1513091133350153
40,0.072,0,5,0,108,605502,3,107953,5.608785060580236,0.15131017373205038
41,0.0724,0,1,0,109,605501,3,107953,5.608775797547149,0.15131038581324094
42,0.0725,0,1,0,110,605500,3,107953,5.608766534514062,0.15131059789502602
43,0.0729,1,1,1,111,605499,4,107952,5.6087572714809735,0.15130962042242566
44,0.0731,0,12,0,123,605487,4,107952,5.608646115083923,0.15131216544091367
45,0.0742,0,1,0,124,605486,4,107952,5.608636852050836,0.15131237752965218
46,0.0744,0,1,0,125,605485,4,107952,5.608627589017748,0.15131258961898528
47,0.0746,0,2,0,127,605483,4,107952,5.608609062951573,0.15131301379943513
48,0.0753,0,1,0,128,605482,4,107952,5.608599799918485,0.1513132258905519
49,0.0762,1,19,1,147,605463,5,107951,5.608423802289821,0.15131606612710152
50,0.0763,0,1,0,148,605462,5,107951,5.608414539256734,0.1513162782287399
51,0.0768,0,1,0,149,605461,5,107951,5.608405276223647,0.15131649033097286
52,0.0769,0,1,0,150,605460,5,107951,5.608396013190559,0.15131670243380044
53,0.0781,0,2,0,152,605458,5,107951,5.608377487124384,0.15131712664123945
54,0.0782,0,1,0,153,605457,5,107951,5.608368224091296,0.1513173387458509
55,0.0784,0,1,0,154,605456,5,107951,5.608358961058209,0.15131755085105697
56,0.0787,0,32,0,186,605424,5,107951,5.608062543999407,0.15132433853162783
57,0.0789,0,2,0,188,605422,5,107951,5.608044017933232,0.1513247627818827
58,0.0791,0,5,0,193,605417,5,107951,5.607997702767794,0.15132582341792736
59,0.0793,0,1,0,194,605416,5,107951,5.607988439734707,0.15132603554692045
60,0.0797,0,2,0,196,605414,5,107951,5.607969913668532,0.15132645980669082
61,0.0798,0,1,0,197,605413,5,107951,5.6079606506354445,0.1513266719374681
62,0.0802,0,1,0,198,605412,5,107951,5.607951387602356,0.15132688406884012
63,0.0803,0,2,0,200,605410,5,107951,5.607932861536181,0.15132730833336838
64,0.0808,0,1,0,201,605409,5,107951,5.607923598503094,0.15132752046652462
65,0.0809,0,1,0,202,605408,5,107951,5.6079143354700065,0.1513277326002756
66,0.081,0,1,0,203,605407,5,107951,5.607905072436918,0.15132794473462133
67,0.0813,0,1,0,204,605406,5,107951,5.607895809403831,0.1513281568695618
68,0.0814,0,4,0,208,605402,5,107951,5.607858757271481,0.15132900541527125
69,0.0818,0,1,0,209,605401,5,107951,5.607849494238393,0.1513292175531855
70,0.0819,0,17,0,226,605384,5,107951,5.607692022675905,0.151332823988729
71,0.0821,0,1,0,227,605383,5,107951,5.607682759642818,0.1513330361373494
72,0.0823,0,3,0,230,605380,5,107951,5.607654970543555,0.1513336725867795
73,0.0825,0,4,0,234,605376,5,107951,5.607617918411204,0.15133452119434707
74,0.0826,0,1,0,235,605375,5,107951,5.607608655378117,0.151334733347726
75,0.0831,0,2,0,237,605373,5,107951,5.607590129311942,0.1513351576562684
76,0.0836,1,30,1,267,605343,6,107950,5.607312238319316,0.15134033279451783
77,0.0837,0,2,0,269,605341,6,107950,5.60729371225314,0.15134075713839093
78,0.0838,0,1,0,270,605340,6,107950,5.607284449220052,0.15134096931121985
79,0.0841,0,5,0,275,605335,6,107950,5.607238134054615,0.15134203018428818
80,0.0843,0,1,0,276,605334,6,107950,5.607228871021527,0.15134224236068664
81,0.0848,1,0,1,276,605334,7,107949,5.607228871021527,0.1513410525695972
82,0.0849,0,3,0,279,605331,7,107949,5.607201081922264,0.15134168909825033
83,0.085,0,1,0,280,605330,7,107949,5.607191818889177,0.15134190127565791
84,0.0851,0,1,0,281,605329,7,107949,5.60718255585609,0.15134211345366042
85,0.0855,1,1,1,282,605328,8,107948,5.607173292823002,0.15134113582960873
86,0.0856,0,4,0,286,605324,8,107948,5.607136240690652,0.1513419845444655
87,0.0857,0,2,0,288,605322,8,107948,5.607117714624477,0.15134240890546358
88,0.0858,1,36,1,324,605286,9,107947,5.6067842454333245,0.15134885794684205
89,0.0862,0,1,0,325,605285,9,107947,5.606774982400237,0.15134907014828275
90,0.0863,0,1,0,326,605284,9,107947,5.606765719367149,0.15134928235031847
91,0.0865,2,22,2,348,605262,11,107945,5.606561932639224,0.15135157114273975
92,0.0867,0,1,0,349,605261,11,107945,5.606552669606136,0.1513517833557205
93,0.0869,0,1,0,350,605260,11,107945,5.606543406573048,0.15135199556929635
94,0.087,0,2,0,352,605258,11,107945,5.606524880506873,0.15135241999823332
95,0.0871,0,3,0,355,605255,11,107945,5.60649709140761,0.15135305664610207
96,0.0874,0,1,0,356,605254,11,107945,5.606487828374523,0.15135326886324854
97,0.0876,0,1,0,357,605253,11,107945,5.606478565341435,0.15135348108099014
98,0.0877,0,47,0,404,605206,11,107945,5.606043202786321,0.15136345598617965
99,0.0878,0,5,0,409,605201,11,107945,5.605996887620883,0.1513645172236821
100,0.088,0,39,0,448,605162,11,107945,5.605635629330468,0.15137279538694753
101,0.0886,0,3,0,451,605159,11,107945,5.6056078402312055,0.151373432206242
102,0.089,0,1,0,452,605158,11,107945,5.605598577198117,0.15137364448053087
103,0.0891,0,2,0,454,605156,11,107945,5.605580051131943,0.15137406903089465
104,0.0899,0,6,0,460,605150,11,107945,5.605524472933418,0.1513753426962747
105,0.0901,0,1,0,461,605149,11,107945,5.60551520990033,0.15137555497592184
106,0.0902,0,3,0,464,605146,11,107945,5.605487420801067,0.1513761918184355
107,0.0905,0,14,0,478,605132,11,107945,5.605357738337841,0.15137916382101793
108,0.0907,0,3,0,481,605129,11,107945,5.605329949238579,0.15137980069389712
109,0.0908,0,1,0,482,605128,11,107945,5.605320686205491,0.15138001298604772
110,0.0913,0,3,0,485,605125,11,107945,5.605292897106229,0.15138064986607205
111,0.0914,0,1,0,486,605124,11,107945,5.605283634073141,0.15138086216060437
112,0.0915,0,2,0,488,605122,11,107945,5.605265108006966,0.15138128675145535
113,0.0916,0,1,0,489,605121,11,107945,5.605255844973878,0.15138149904777398
114,0.0917,0,29,0,518,605092,11,107945,5.604987217014339,0.15138765590004447
115,0.0919,0,2,0,520,605090,11,107945,5.604968690948164,0.1513880805290063
116,0.0921,0,3,0,523,605087,11,107945,5.604940901848901,0.15138871747691549
117,0.0922,0,3,0,526,605084,11,107945,5.604913112749639,0.15138935443018448
118,0.0924,1,29,1,555,605055,12,107944,5.6046444847901,0.15139432173116651
119,0.0926,0,1,0,556,605054,12,107944,5.604635221757012,0.15139453406601422
120,0.0928,2,25,2,581,605029,14,107942,5.604403645929823,0.151397462168868
121,0.0936,0,2,0,583,605027,14,107942,5.6043851198636485,0.15139788686464628
122,0.0938,0,6,0,589,605021,14,107942,5.604329541665122,0.15139916096627734
123,0.0944,1,23,1,612,604998,15,107941,5.604116491904109,0.15140285494270897
124,0.0946,0,37,0,649,604961,15,107941,5.60377375967987,0.1514107128328999
125,0.0947,0,1,0,650,604960,15,107941,5.603764496646782,0.1514109252196308
126,0.0948,0,3,0,653,604957,15,107941,5.60373670754752,0.15141156238339848
127,0.0951,0,10,0,663,604947,15,107941,5.603644077216644,0.1514136863013545
128,0.0958,0,7,0,670,604940,15,107941,5.603579235985031,0.1514151730793779
129,0.096,0,12,0,682,604928,15,107941,5.60346807958798,0.15141772190963557
130,0.0962,0,2,0,684,604926,15,107941,5.603449553521805,0.15141814672302126
131,0.0966,0,3,0,687,604923,15,107941,5.603421764422542,0.15141878394756925
132,0.097,0,9,0,696,604914,15,107941,5.603338397124754,0.15142069565339375
133,0.0971,0,1,0,697,604913,15,107941,5.603329134091667,0.15142090806813177
134,0.0972,0,1,0,698,604912,15,107941,5.603319871058579,0.15142112048346573
135,0.0974,0,1,0,699,604911,15,107941,5.603310608025492,0.15142133289939566
136,0.0975,0,12,0,711,604899,15,107941,5.603199451628441,0.15142388193704057
137,0.0979,1,10,1,721,604889,16,107940,5.603106821297565,0.15142481576927988
138,0.098,0,21,0,742,604868,16,107940,5.602912297602727,0.15142927688802596
139,0.0981,2,28,2,770,604840,18,107938,5.602652932676276,0.15143284444806096
140,0.0982,0,2,0,772,604838,18,107938,5.6026344066101,0.15143326935811532
141,0.0983,0,12,0,784,604826,18,107938,5.60252325021305,0.15143581886851748
142,0.0984,0,1,0,785,604825,18,107938,5.602513987179962,0.1514360313315927
143,0.0986,0,2,0,787,604823,18,107938,5.602495461113787,0.1514364562595316
144,0.0987,0,1,0,788,604822,18,107938,5.602486198080699,0.15143666872439532
145,0.0988,0,51,0,839,604771,18,107938,5.602013783393234,0.15144750522302933
146,0.0991,0,3,0,842,604768,18,107938,5.601985994293972,0.1514481427124228
147,0.0992,1,33,1,875,604735,19,107937,5.601680314202082,0.15145396479727
148,0.0993,0,3,0,878,604732,19,107937,5.6016525251028195,0.1514546023469521
149,0.0998,0,3,0,881,604729,19,107937,5.601624736003557,0.15145523990200177
150,0.0999,0,10,0,891,604719,19,107937,5.601532105672682,0.15145736512426752
151,0.1,0,31,0,922,604688,19,107937,5.601244951646967,0.15146395369233467
152,0.1001,0,5,0,927,604683,19,107937,5.60119863648153,0.15146501641828744
153,0.1002,0,1,0,928,604682,19,107937,5.601189373448442,0.15146522896526757
154,0.1004,0,22,0,950,604660,19,107937,5.600985586720515,0.15146990514975506
155,0.1005,0,2,0,952,604658,19,107937,5.600967060654341,0.15147033027175325
156,0.1007,0,1,0,953,604657,19,107937,5.600957797621253,0.15147054283364722
157,0.1008,0,19,0,972,604638,19,107937,5.60078179999259,0.15147458162298705
158,0.1011,3,5,3,977,604633,22,107934,5.600735484827152,0.15147207209988675
159,0.1012,1,6,1,983,604627,23,107933,5.600679906628627,0.15147215673066128
160,0.1015,1,0,1,983,604627,24,107932,5.600679906628627,0.15147096591299808
161,0.1016,0,4,0,987,604623,24,107932,5.600642854496276,0.15147181621067848
162,0.1017,0,2,0,989,604621,24,107932,5.600624328430101,0.15147224136309861
163,0.1019,1,11,1,1000,604610,25,107931,5.6005224350661384,0.15147338889972647
164,0.102,1,1,1,1001,604609,26,107930,5.60051317203305,0.15147241063296185
165,0.1021,0,1,0,1002,604608,26,107930,5.600503908999963,0.15147262321448118
166,0.1022,0,1,0,1003,604607,26,107930,5.600494645966875,0.15147283579659723
167,0.1023,1,7,1,1010,604600,27,107929,5.6004298047352625,0.15147313302335766
168,0.1025,0,2,0,1012,604598,27,107929,5.600411278669087,0.1514735581949877
169,0.1026,0,11,0,1023,604587,27,107929,5.600309385305124,0.15147589668161837
170,0.1027,0,3,0,1026,604584,27,107929,5.600281596205861,0.15147653446323084
171,0.103,0,19,0,1045,604565,27,107929,5.600105598577198,0.15148057387149927
172,0.1031,0,47,0,1092,604518,27,107929,5.599670236022083,0.15149056701761676
173,0.1033,0,39,0,1131,604479,27,107929,5.599308977731669,0.15149886020370348
174,0.1034,0,1,0,1132,604478,27,107929,5.599299714698581,0.15149907286144015
175,0.1035,0,27,0,1159,604451,27,107929,5.599049612805217,0.15150481484600914
176,0.1036,0,5,0,1164,604446,27,107929,5.599003297639779,0.15150587822424988
177,0.1037,2,23,2,1187,604423,29,107927,5.598790247878766,0.15150838773075034
178,0.1038,1,5,1,1192,604418,30,107926,5.598743932713328,0.15150826005413115
179,0.1039,0,3,0,1195,604415,30,107926,5.598716143614065,0.15150889812603796
180,0.104,0,3,0,1198,604412,30,107926,5.5986883545148025,0.15150953620331922
181,0.1043,0,2,0,1200,604410,30,107926,5.598669828448627,0.15150996159115923
182,0.1044,0,1,0,1201,604409,30,107926,5.59866056541554,0.151510174285975
183,0.1045,0,4,0,1205,604405,30,107926,5.598623513283189,0.15151102507120986
184,0.1046,1,15,1,1220,604390,31,107925,5.598484567786876,0.15151302443441456
185,0.1047,0,1,0,1221,604389,31,107925,5.598475304753789,0.1515132371398007
186,0.1048,0,1,0,1222,604388,31,107925,5.598466041720701,0.15151344984578408
187,0.1052,0,1,0,1223,604387,31,107925,5.598456778687614,0.1515136625523647
188,0.1054,0,1,0,1224,604386,31,107925,5.5984475156545255,0.15151387525954252
189,0.1057,0,13,0,1237,604373,31,107925,5.598327096224388,0.15151664050720345
190,0.1058,0,11,0,1248,604362,31,107925,5.598225202860425,0.15151898041098602
191,0.1061,0,12,0,1260,604350,31,107925,5.598114046463374,0.15152153311572075
192,0.1062,0,3,0,1263,604347,31,107925,5.598086257364112,0.15152217130534404
193,0.1064,0,8,0,1271,604339,31,107925,5.598012153099411,0.15152387317062213
194,0.1065,0,1,0,1272,604338,31,107925,5.598002890066323,0.15152408590646993
195,0.1066,1,10,1,1282,604328,32,107924,5.597910259735448,0.15152502204276014
196,0.1067,1,26,1,1308,604302,33,107923,5.597669420875171,0.1515293622099758
197,0.1068,0,1,0,1309,604301,33,107923,5.597660157842084,0.1515295749651795
198,0.1069,0,1,0,1310,604300,33,107923,5.5976508948089965,0.15152978772098064
199,0.107,0,6,0,1316,604294,33,107923,5.597595316610471,0.15153106426833396
200,0.1073,0,5,0,1321,604289,33,107923,5.597549001445033,0.1515321280742251
201,0.1077,0,9,0,1330,604280,33,107923,5.5974656341472455,0.15153404296246997
202,0.1078,0,12,0,1342,604268,33,107923,5.597354477750194,0.15153659622208088
203,0.1079,0,1,0,1343,604267,33,107923,5.597345214717107,0.15153680899759894
204,0.108,0,2,0,1345,604265,33,107923,5.597326688650932,0.1515372345504277
205,0.1081,0,33,0,1378,604232,33,107923,5.597021008559042,0.15154425651719078
206,0.1083,0,5,0,1383,604227,33,107923,5.596974693393605,0.15154532050831987
207,0.1084,0,2,0,1385,604225,33,107923,5.59695616732743,0.15154574610895488
208,0.1085,5,12,5,1397,604213,38,107918,5.596845010930379,0.15154234263078
209,0.1086,0,2,0,1399,604211,38,107918,5.596826484864204,0.15154276823440696
210,0.1087,0,1,0,1400,604210,38,107918,5.596817221831117,0.15154298103711691
211,0.1088,0,4,0,1404,604206,38,107918,5.596780169698766,0.1515438322539333
212,0.1089,0,2,0,1406,604204,38,107918,5.596761643632591,0.15154425786592746
213,0.109,0,6,0,1412,604198,38,107918,5.5967060654340655,0.1515455347162541
214,0.1091,0,2,0,1414,604196,38,107918,5.596687539367891,0.1515459603378111
215,0.1092,0,14,0,1428,604182,38,107918,5.596557856904665,0.15154893975565228
216,0.1094,0,18,0,1446,604164,38,107918,5.596391122309089,0.15155277060787942
217,0.1096,0,2,0,1448,604162,38,107918,5.596372596242913,0.151553196270082
218,0.1098,0,5,0,1453,604157,38,107918,5.596326281077476,0.15155426043604958
219,0.1099,0,1,0,1454,604156,38,107918,5.596317018044388,0.15155447327103644
220,0.11,0,9,0,1463,604147,38,107918,5.5962336507466,0.15155638881281905
221,0.1101,0,12,0,1475,604135,38,107918,5.59612249434955,0.15155894294385389
222,0.1102,0,1,0,1476,604134,38,107918,5.596113231316462,0.15155915579199272
223,0.1103,0,1,0,1477,604133,38,107918,5.596103968283375,0.15155936864072939
224,0.1104,0,5,0,1482,604128,38,107918,5.596057653117937,0.15156043289338048
225,0.1105,0,1,0,1483,604127,38,107918,5.5960483900848494,0.15156064574570427
226,0.1108,0,2,0,1485,604125,38,107918,5.596029864018674,0.15156107145214545
227,0.1109,0,36,0,1521,604089,38,107918,5.595696394827522,0.1515687345770477
228,0.111,0,2,0,1523,604087,38,107918,5.5956778687613475,0.15156916032893028
229,0.1111,0,13,0,1536,604074,38,107918,5.595557449331209,0.15157192777446937
230,0.1114,0,29,0,1565,604045,38,107918,5.59528882137167,0.1515781016710138
231,0.1115,1,23,1,1588,604022,39,107917,5.595075771610656,0.15158180686828507
232,0.1119,2,29,2,1617,603993,41,107915,5.594807143651117,0.1515855981390854
233,0.112,0,11,0,1628,603982,41,107915,5.594705250287154,0.15158794039025308
234,0.1122,2,66,2,1694,603916,43,107913,5.594093890103376,0.15159961170449646
235,0.1125,0,3,0,1697,603913,43,107913,5.594066101004112,0.15160025062304552
236,0.1126,0,2,0,1699,603911,43,107913,5.594047574937938,0.15160067657173684
237,0.1127,0,28,0,1727,603883,43,107913,5.593788210011486,0.1516066401047491
238,0.1128,0,14,0,1741,603869,43,107913,5.593658527548261,0.15160962204719985
239,0.1129,0,1,0,1742,603868,43,107913,5.5936492645151725,0.15160983504757783
240,0.113,0,1,0,1743,603867,43,107913,5.593640001482085,0.15161004804855432
241,0.1131,0,1,0,1744,603866,43,107913,5.593630738448998,0.1516102610501293
242,0.1133,1,8,1,1752,603858,44,107912,5.5935566341842975,0.1516107731430097
243,0.1134,0,1,0,1753,603857,44,107912,5.593547371151209,0.15161098614859597
244,0.1135,0,9,0,1762,603848,44,107912,5.593464003853422,0.15161290322580645
245,0.1137,0,30,0,1792,603818,44,107912,5.593186112860795,0.15161929383333567
246,0.1138,0,3,0,1795,603815,44,107912,5.593158323761532,0.15161993292371934
247,0.1139,0,9,0,1804,603806,44,107912,5.593074956463744,0.15162185022719674
248,0.114,2,33,2,1837,603773,46,107910,5.592769276371855,0.15162649662841463
249,0.1142,0,2,0,1839,603771,46,107910,5.59275075030568,0.15162692273645073
250,0.1144,0,1,0,1840,603770,46,107910,5.592741487272592,0.1516271357913669
251,0.1146,0,2,0,1842,603768,46,107910,5.592722961206418,0.15162756190299545
252,0.1148,0,11,0,1853,603757,46,107910,5.592621067842455,0.15162990555976322
253,0.115,0,1,0,1854,603756,46,107910,5.5926118048093665,0.15163011862306194
254,0.1152,0,2,0,1856,603754,46,107910,5.592593278743192,0.15163054475145574
255,0.1153,0,23,0,1879,603731,46,107910,5.592380228982178,0.15163544540013854
256,0.1155,0,2,0,1881,603729,46,107910,5.592361702916003,0.15163587155847277
257,0.1156,0,1,0,1882,603728,46,107910,5.592352439882915,0.15163608463853814
258,0.1157,0,2,0,1884,603726,46,107910,5.5923339138167405,0.15163651080046542
259,0.1159,0,2,0,1886,603724,46,107910,5.592315387750565,0.15163693696478808
260,0.1161,0,3,0,1889,603721,46,107910,5.5922875986513025,0.15163757621576351
261,0.1162,0,1,0,1890,603720,46,107910,5.592278335618214,0.1516377893006197
262,0.1167,0,4,0,1894,603716,46,107910,5.592241283485865,0.15163864164603316
263,0.1168,0,1,0,1895,603715,46,107910,5.592232020452777,0.15163885473388372
264,0.1169,0,25,0,1920,603690,46,107910,5.592000444625588,0.1516441821247892
265,0.117,0,9,0,1929,603681,46,107910,5.591917077327801,0.15164610007715107
266,0.1172,0,1,0,1930,603680,46,107910,5.5919078142947125,0.15164631318596383
267,0.1173,0,1,0,1931,603679,46,107910,5.591898551261625,0.15164652629537556
268,0.1174,0,1,0,1932,603678,46,107910,5.591889288228537,0.15164673940538625
269,0.1175,0,5,0,1937,603673,46,107910,5.5918429730631,0.1516478049644244
270,0.1176,1,2,1,1939,603671,47,107909,5.591824446996925,0.15164703898367013
271,0.1177,0,1,0,1940,603670,47,107909,5.5918151839638375,0.15164725209709673
272,0.1178,0,15,0,1955,603655,47,107909,5.591676238467524,0.15165044887037568
273,0.118,1,1,1,1956,603654,48,107908,5.591666975434436,0.15164946975808152
274,0.1181,0,4,0,1960,603650,48,107908,5.591629923302086,0.15165032225061062
275,0.1182,1,24,1,1984,603626,49,107907,5.591407610507985,0.15165424512988154
276,0.1183,0,1,0,1985,603625,49,107907,5.591398347474898,0.15165445826751292
277,0.1184,1,43,1,2028,603582,50,107906,5.591000037052132,0.151662431411352
278,0.1185,0,4,0,2032,603578,50,107906,5.590962984919782,0.1516632840654182
279,0.1186,0,1,0,2033,603577,50,107906,5.590953721886694,0.15166349723043276
280,0.1187,0,10,0,2043,603567,50,107906,5.590861091555819,0.15166562891353572
281,0.1189,0,1,0,2044,603566,50,107906,5.590851828522731,0.15166584208514178
282,0.119,0,1,0,2045,603565,50,107906,5.590842565489644,0.1516660552573471
283,0.1192,0,1,0,2046,603564,50,107906,5.590833302456557,0.15166626843015166
284,0.1196,0,4,0,2050,603560,50,107906,5.590796250324206,0.1516671211273624
285,0.1197,0,1,0,2051,603559,50,107906,5.590786987291119,0.1516673343031632
286,0.1198,0,51,0,2102,603508,50,107906,5.590314572603654,0.15167820706367882
287,0.12,0,3,0,2105,603505,50,107906,5.590286783504391,0.151678846686374
288,0.1201,0,3,0,2108,603502,50,107906,5.590258994405128,0.1516794863144637
289,0.1202,0,2,0,2110,603500,50,107906,5.590240468338953,0.15167991273618722
290,0.1203,0,7,0,2117,603493,50,107906,5.59017562710734,0.15168140523110096
291,0.1205,0,3,0,2120,603490,50,107906,5.590147838008077,0.15168204488076964
292,0.1207,0,1,0,2121,603489,50,107906,5.59013857497499,0.15168225809852473
293,0.1209,0,3,0,2124,603486,50,107906,5.590110785875727,0.15168289775538663
294,0.1212,0,43,0,2167,603443,50,107906,5.589712475452962,0.15169206676329058
295,0.1213,0,36,0,2203,603407,50,107906,5.589379006261811,0.15169974399455655
296,0.1214,0,36,0,2239,603371,50,107906,5.589045537070659,0.15170742200296086
297,0.1215,0,2,0,2241,603369,50,107906,5.589027011004483,0.15170784858177216
298,0.1216,0,4,0,2245,603365,50,107906,5.5889899588721335,0.15170870174659165
299,0.1217,0,14,0,2259,603351,50,107906,5.588860276408908,0.15171168789902947
300,0.1221,1,4,1,2263,603347,51,107905,5.588823224276557,0.1517113484390905
301,0.1222,0,10,0,2273,603337,51,107905,5.588730593945682,0.15171348148731373
302,0.1223,0,57,0,2330,603280,51,107905,5.588202601059691,0.15172564100761404
303,0.1224,1,6,1,2336,603274,52,107904,5.588147022861166,0.15172572829868192
304,0.1225,2,16,2,2352,603258,54,107902,5.5879988143317645,0.15172675628550536
305,0.1227,0,2,0,2354,603256,54,107902,5.58798028826559,0.15172718298887167
306,0.1229,0,3,0,2357,603253,54,107902,5.587952499166327,0.15172782304842122
307,0.123,0,5,0,2362,603248,54,107902,5.5879061840008895,0.15172888982633762
308,0.1231,0,4,0,2366,603244,54,107902,5.587869131868539,0.15172974325947133
309,0.1233,0,1,0,2367,603243,54,107902,5.5878598688354515,0.15172995661925487
310,0.1234,0,2,0,2369,603241,54,107902,5.587841342769276,0.15173038334062208
311,0.1235,0,17,0,2386,603224,54,107902,5.587683871206788,0.1517340105691537
312,0.1236,0,24,0,2410,603200,54,107902,5.587461558412687,0.15173913165762437
313,0.1237,4,41,4,2451,603159,58,107898,5.587081774056097,0.15174310920221584
314,0.1238,0,4,0,2455,603155,58,107898,5.587044721923747,0.15174396282696226
315,0.1239,0,8,0,2463,603147,58,107898,5.586970617659047,0.1517456701052676
316,0.124,0,1,0,2464,603146,58,107898,5.586961354625958,0.151745883517757
317,0.1241,0,11,0,2475,603135,58,107898,5.586859461261995,0.15174823109475932
318,0.1243,0,3,0,2478,603132,58,107898,5.586831672162733,0.151748871355639
319,0.1244,0,17,0,2495,603115,58,107898,5.586674200600244,0.15175249960267956
320,0.1246,2,49,2,2544,603066,60,107896,5.586220311978955,0.15176057229500312
321,0.1247,0,7,0,2551,603059,60,107896,5.586155470747341,0.1517620665161649
322,0.1248,0,3,0,2554,603056,60,107896,5.586127681648079,0.15176270690567015
323,0.1249,0,3,0,2557,603053,60,107896,5.586099892548816,0.15176334730057994
324,0.125,1,24,1,2581,603029,61,107895,5.585877579754715,0.1517672775148961
325,0.1251,0,3,0,2584,603026,61,107895,5.585849790655452,0.1517679179543156
326,0.1252,0,18,0,2602,603008,61,107895,5.585683056059876,0.15177176070434362
327,0.1253,0,2,0,2604,603006,61,107895,5.585664529993701,0.1517721876885811
328,0.1255,0,4,0,2608,603002,61,107895,5.585627477861351,0.15177304166426359
329,0.1256,2,65,2,2673,602937,63,107893,5.58502538071066,0.15178453357342825
330,0.1257,0,4,0,2677,602933,63,107893,5.5849883285783095,0.15178538770388253
331,0.1258,3,19,3,2696,602914,66,107890,5.584812330949646,0.1517858650204557
332,0.1259,1,6,1,2702,602908,67,107889,5.584756752751121,0.15178595295140526
333,0.126,0,4,0,2706,602904,67,107889,5.584719700618771,0.15178680712950185
334,0.1261,0,5,0,2711,602899,67,107889,5.584673385453333,0.15178787486564208
335,0.1263,1,25,1,2736,602874,68,107888,5.584441809626144,0.1517920203950127
336,0.1264,0,32,0,2768,602842,68,107888,5.5841453925673425,0.1517988546986901
337,0.1265,0,5,0,2773,602837,68,107888,5.584099077401905,0.15179992261423195
338,0.1266,1,53,1,2826,602784,69,107887,5.583608136648264,0.15181004993871988
339,0.1267,0,1,0,2827,602783,69,107887,5.583598873615177,0.1518102635541109
340,0.1268,0,7,0,2834,602776,69,107887,5.583534032383564,0.1518117588786809
341,0.127,1,4,1,2838,602772,70,107886,5.583496980251214,0.15181141983907873
342,0.1272,0,14,0,2852,602758,70,107886,5.583367297787988,0.15181441059095693
343,0.1273,2,6,2,2858,602752,72,107884,5.583311719589462,0.1518133052645799
344,0.1274,1,6,1,2864,602746,73,107883,5.583256141390937,0.15181339348661538
345,0.1275,0,5,0,2869,602741,73,107883,5.5832098262255,0.15181446165623452
346,0.1276,0,2,0,2871,602739,73,107883,5.583191300159324,0.15181488892829098
347,0.1279,0,1,0,2872,602738,73,107883,5.583182037126236,0.15181510256522113
348,0.128,0,1,0,2873,602737,73,107883,5.583172774093149,0.15181531620275251
349,0.1281,0,4,0,2877,602733,73,107883,5.583135721960799,0.15181617075889087
350,0.1282,0,1,0,2878,602732,73,107883,5.583126458927711,0.15181638439942866
351,0.1283,0,38,0,2916,602694,73,107883,5.582774463670384,0.15182450318543944
352,0.1284,0,23,0,2939,602671,73,107883,5.582561413909371,0.15182941760935834
353,0.1285,0,23,0,2962,602648,73,107883,5.5823483641483564,0.15183433235143856
354,0.1286,0,1,0,2963,602647,73,107883,5.582339101115269,0.1518345460430946
355,0.1287,0,2,0,2965,602645,73,107883,5.582320575049094,0.15183497342821115
356,0.1288,1,14,1,2979,602631,74,107882,5.582190892585868,0.15183677145949476
357,0.1289,1,1,1,2980,602630,75,107881,5.582181629552781,0.15183579142335588
358,0.129,0,8,0,2988,602622,75,107881,5.58210752528808,0.15183750103799704
359,0.1292,0,3,0,2991,602619,75,107881,5.582079736188818,0.1518381421534131
360,0.1293,1,61,1,3052,602558,76,107880,5.581514691170477,0.15184998550190165
361,0.1294,0,7,0,3059,602551,76,107880,5.581449849938864,0.15185148170617555
362,0.1295,3,84,3,3143,602467,79,107877,5.58067175515951,0.15186585654274548
363,0.1296,0,1,0,3144,602466,79,107877,5.580662492126422,0.15186607033503532
364,0.1297,0,2,0,3146,602464,79,107877,5.580643966060247,0.15186649792142085
365,0.1298,0,3,0,3149,602461,79,107877,5.580616176960984,0.1518671393055137
366,0.13,0,45,0,3194,602416,79,107877,5.580199340472044,0.1518767607170562
367,0.1301,1,5,1,3199,602411,80,107876,5.580153025306607,0.15187663578243724
368,0.1303,0,2,0,3201,602409,80,107876,5.580134499240431,0.15187706343228422
369,0.1304,0,6,0,3207,602403,80,107876,5.580078921041906,0.15187834639627526
370,0.1305,0,2,0,3209,602401,80,107876,5.580060394975731,0.1518787740557557
371,0.1306,0,10,0,3219,602391,80,107876,5.579967764644855,0.15188091238928458
372,0.1307,5,87,5,3306,602304,85,107871,5.579161880766238,0.15189354736508606
373,0.1308,1,20,1,3326,602284,86,107870,5.578976620104487,0.15189663087161376
374,0.1309,0,8,0,3334,602276,86,107870,5.578902515839786,0.1518983420310753
375,0.131,0,2,0,3336,602274,86,107870,5.578883989773612,0.15189876982696468
376,0.1311,0,6,0,3342,602268,86,107870,5.578828411575087,0.15190005322909067
377,0.1312,0,3,0,3345,602265,86,107870,5.578800622475823,0.1519006949382864
378,0.1313,1,21,1,3366,602244,87,107869,5.578606098780985,0.15190399274481667
379,0.1314,1,28,1,3394,602216,88,107868,5.578346733854533,0.15190878825603732
380,0.1315,0,7,0,3401,602209,88,107868,5.57828189262292,0.15191028578590773
381,0.1316,0,4,0,3405,602205,88,107868,5.57824484049057,0.15191114153051868
382,0.1317,0,18,0,3423,602187,88,107868,5.578078105894995,0.15191499250058094
383,0.1318,0,2,0,3425,602185,88,107868,5.578059579828819,0.15191542039819564
384,0.1319,1,75,1,3500,602110,89,107867,5.5773648523472525,0.1519302737976019
385,0.132,0,12,0,3512,602098,89,107867,5.577253695950202,0.15193284175980507
386,0.1321,0,3,0,3515,602095,89,107867,5.5772259068509396,0.15193348376391977
387,0.1322,0,12,0,3527,602083,89,107867,5.577114750453888,0.15193605183463624
388,0.1323,0,2,0,3529,602081,89,107867,5.577096224387714,0.1519364798548626
389,0.1324,0,2,0,3531,602079,89,107867,5.577077698321538,0.15193690787750055
390,0.1325,0,10,0,3541,602069,89,107867,5.5769850679906625,0.1519390480268644
391,0.1326,0,8,0,3549,602061,89,107867,5.576910963725963,0.1519407601897657
392,0.1327,0,6,0,3555,602055,89,107867,5.576855385527437,0.15194204433726521
393,0.1328,1,14,1,3569,602041,90,107866,5.576725703064211,0.15194384616576537
394,0.1329,0,3,0,3572,602038,90,107866,5.576697913964948,0.15194448826883636
395,0.133,0,11,0,3583,602027,90,107866,5.576596020600985,0.1519468426931946
396,0.1331,1,18,1,3601,602009,91,107865,5.57642928600541,0.15194950089734235
397,0.1332,0,23,0,3624,601986,91,107865,5.576216236244396,0.15195442423832606
398,0.1333,0,2,0,3626,601984,91,107865,5.576197710178221,0.15195485237001108
399,0.1334,0,37,0,3663,601947,91,107865,5.575854977953981,0.1519627732413653
400,0.1335,2,41,2,3704,601906,93,107863,5.575475193597391,0.15196916179771164
401,0.1339,0,4,0,3708,601902,93,107863,5.575438141465042,0.15197001824547562
402,0.134,0,22,0,3730,601880,93,107863,5.575234354737115,0.1519747288807357
403,0.1341,4,91,4,3821,601789,97,107859,5.574391418726147,0.1519894370166618
404,0.1342,0,1,0,3822,601788,97,107859,5.57438215569306,0.15198965119277613
405,0.1343,0,5,0,3827,601783,97,107859,5.574335840527622,0.1519907220824021
406,0.1344,1,27,1,3854,601756,98,107858,5.574085738634259,0.15199531012635037
407,0.1345,0,1,0,3855,601755,98,107858,5.574076475601171,0.15199552432100313
408,0.1346,0,4,0,3859,601751,98,107858,5.574039423468821,0.15199638110565114
409,0.1347,0,10,0,3869,601741,98,107858,5.573946793137945,0.15199852310953088
410,0.1348,1,31,1,3900,601710,99,107857,5.573659639112231,0.1520039686174808
411,0.135,2,69,2,3969,601641,101,107855,5.573020489829189,0.15201636090971618
412,0.1351,0,2,0,3971,601639,101,107855,5.573001963763015,0.15201678943021366
413,0.1354,0,1,0,3972,601638,101,107855,5.572992700729927,0.15201700369136834
414,0.1355,0,11,0,3983,601627,101,107855,5.5728908073659635,0.15201936060393356
415,0.1356,3,77,3,4060,601550,104,107852,5.572177553818222,0.15203227507111625
416,0.1357,1,7,1,4067,601543,105,107851,5.572112712586609,0.15203257992032637
417,0.1358,0,5,0,4072,601538,105,107851,5.572066397421172,0.15203365149445508
418,0.1359,0,10,0,4082,601528,105,107851,5.571973767090296,0.15203579468802994
419,0.136,0,11,0,4093,601517,105,107851,5.571871873726333,0.15203815227075368
420,0.1361,0,6,0,4099,601511,105,107851,5.571816295527808,0.15203943825578478
421,0.1363,0,10,0,4109,601501,105,107851,5.571723665196932,0.15204158161251397
422,0.1364,0,4,0,4113,601497,105,107851,5.571686613064582,0.15204243897212652
423,0.1366,0,4,0,4117,601493,105,107851,5.571649560932232,0.1520432963414084
424,0.1367,0,7,0,4124,601486,105,107851,5.571584719700619,0.152044796760919
425,0.1368,0,2,0,4126,601484,105,107851,5.571566193634443,0.15204522545764695
426,0.137,0,24,0,4150,601460,105,107851,5.571343880840343,0.1520503700069504
427,0.1371,0,4,0,4154,601456,105,107851,5.571306828707992,0.15205122746568128
428,0.1372,0,2,0,4156,601454,105,107851,5.571288302641817,0.15205165619867336
429,0.1373,1,52,1,4208,601402,106,107850,5.570806624921264,0.15206160856789971
430,0.1374,0,17,0,4225,601385,106,107850,5.570649153358776,0.15206525340683977
431,0.1375,0,4,0,4229,601381,106,107850,5.570612101226425,0.15206611104139553
432,0.1376,0,14,0,4243,601367,106,107850,5.570482418763199,0.15206911283852473
433,0.1379,0,1,0,4244,601366,106,107850,5.570473155730112,0.15206932725714029
434,0.138,0,6,0,4250,601360,106,107850,5.570417577531587,0.15207061378153156
435,0.1381,2,59,2,4309,601301,108,107848,5.569871058579421,0.15208087440016133
436,0.1382,0,8,0,4317,601293,108,107848,5.569796954314721,0.15208259006318914
437,0.1383,0,1,0,4318,601292,108,107848,5.5697876912816335,0.1520828045237894
438,0.1384,0,1,0,4319,601291,108,107848,5.569778428248545,0.1520830189849945
439,0.1385,0,20,0,4339,601271,108,107848,5.5695931675867945,0.15208730833611847
440,0.1387,0,6,0,4345,601265,108,107848,5.569537589388269,0.15208859518863707
441,0.1388,3,28,3,4373,601237,111,107845,5.569278224461818,0.15209101345119463
442,0.1389,0,3,0,4376,601234,111,107845,5.569250435362555,0.15209165692398166
443,0.139,1,2,1,4378,601232,112,107844,5.56923190929638,0.15209089011615115
444,0.1391,0,9,0,4387,601223,112,107844,5.569148541998592,0.15209282056561652
445,0.1392,2,13,2,4400,601210,114,107842,5.5690281225684535,0.1520932174226996
446,0.1393,0,11,0,4411,601199,114,107842,5.56892622920449,0.1520955769835595
447,0.1394,0,3,0,4414,601196,114,107842,5.568898440105228,0.15209622051286392
448,0.1395,1,55,1,4469,601141,115,107841,5.568388973285413,0.15210682358649444
449,0.1396,2,55,2,4524,601086,117,107839,5.567879506465597,0.15211623232358853
450,0.1397,0,6,0,4530,601080,117,107839,5.567823928267072,0.15211751977306293
451,0.1398,0,9,0,4539,601071,117,107839,5.567740560969284,0.15211945098813673
452,0.1399,2,17,2,4556,601054,119,107837,5.567583089406796,0.15212070685055953
453,0.14,0,1,0,4557,601053,119,107837,5.567573826373708,0.152120921440562
454,0.1401,0,6,0,4563,601047,119,107837,5.567518248175182,0.15212220899329087
455,0.1403,1,26,1,4589,601021,120,107836,5.567277409314906,0.1521265925285354
456,0.1404,1,25,1,4614,600996,121,107835,5.567045833487717,0.15213076177537382
457,0.1405,0,11,0,4625,600985,121,107835,5.566943940123754,0.15213312265455264
458,0.1406,0,14,0,4639,600971,121,107835,5.566814257660528,0.1521361275158506
459,0.1407,0,5,0,4644,600966,121,107835,5.56676794249509,0.15213720070936695
460,0.1408,0,34,0,4678,600932,121,107835,5.566452999370114,0.1521444988268359
461,0.1409,1,9,1,4687,600923,122,107834,5.566369632072326,0.15214523454442072
462,0.141,0,8,0,4695,600915,122,107834,5.566295527807625,0.15214695188282454
463,0.1411,0,5,0,4700,600910,122,107834,5.566249212642187,0.15214802523901436
464,0.1412,0,1,0,4701,600909,122,107834,5.5662399496091,0.1521482399120697
465,0.1413,0,4,0,4705,600905,122,107834,5.5662028974767495,0.1521490986103488
466,0.1414,1,39,1,4744,600866,123,107833,5.565841639186335,0.15215627508998883
467,0.1415,0,9,0,4753,600857,123,107833,5.565758271888547,0.1521582073967461
468,0.1416,0,1,0,4754,600856,123,107833,5.56574900885546,0.15215842210052646
469,0.1417,1,49,1,4803,600807,124,107832,5.565295120234169,0.1521677469063938
470,0.1418,1,4,1,4807,600803,125,107831,5.565258068101819,0.1521674094102174
471,0.1419,0,1,0,4808,600802,125,107831,5.565248805068732,0.1521676241439504
472,0.142,1,13,1,4821,600789,126,107830,5.565128385638594,0.15216921928426982
473,0.1421,1,41,1,4862,600748,127,107829,5.5647486012820035,0.15217682764187943
474,0.1422,1,2,1,4864,600746,128,107828,5.564730075215829,0.1521760606513928
475,0.1424,2,72,2,4936,600674,130,107826,5.564063136833525,0.15218913196894848
476,0.1425,2,64,2,5000,600610,132,107824,5.563470302715921,0.15220048727192653
477,0.1427,0,41,0,5041,600569,132,107824,5.563090518359331,0.15220929625222157
478,0.1428,0,2,0,5043,600567,132,107824,5.563071992293157,0.152209725984661
479,0.1429,1,1,1,5044,600566,133,107823,5.563062729260069,0.1522087440657605
480,0.143,0,4,0,5048,600562,133,107823,5.563025677127719,0.15220960353480098
481,0.1431,1,1,1,5049,600561,134,107822,5.563016414094631,0.1522086216072379
482,0.1433,0,12,0,5061,600549,134,107822,5.56290525769758,0.1522112000632437
483,0.1434,0,4,0,5065,600545,134,107822,5.5628682055652305,0.1522120595679923
484,0.1435,2,11,2,5076,600534,136,107820,5.562766312201267,0.15221202957843114
485,0.1436,0,33,0,5109,600501,136,107820,5.562460632109378,0.15221912099175375
486,0.1437,0,36,0,5145,600465,136,107820,5.562127162918226,0.1522268578326521
487,0.1438,0,11,0,5156,600454,136,107820,5.562025269554263,0.15222922202424485
488,0.1439,0,12,0,5168,600442,136,107820,5.561914113157212,0.15223180122609994
489,0.144,0,4,0,5172,600438,136,107820,5.561877061024862,0.15223266097947358
490,0.1441,0,4,0,5176,600434,136,107820,5.561840008892512,0.15223352074255847
491,0.1442,0,1,0,5177,600433,136,107820,5.5618307458594245,0.15223373568484708
492,0.1444,0,29,0,5206,600404,136,107820,5.561562117899885,0.15223996927525754
493,0.1445,0,26,0,5232,600378,136,107820,5.561321279039609,0.15224555844551949
494,0.1446,0,6,0,5238,600372,136,107820,5.5612657008410835,0.15224684831232208
495,0.1447,3,4,3,5242,600368,139,107817,5.561228648708733,0.1522441170033254
496,0.1448,0,20,0,5262,600348,139,107817,5.561043388046982,0.1522484166825528
497,0.1449,0,2,0,5264,600346,139,107817,5.561024861980807,0.15224884666383304
498,0.145,0,10,0,5274,600336,139,107817,5.5609322316499314,0.1522509966066655
499,0.1451,0,36,0,5310,600300,139,107817,5.560598762458779,0.15225873690364727
500,0.1452,0,10,0,5320,600290,139,107817,5.560506132127904,0.15226088712581573
501,0.1453,0,10,0,5330,600280,139,107817,5.560413501797028,0.1522630374087166
502,0.1454,0,13,0,5343,600267,139,107817,5.56029308236689,0.15226583286728693
503,0.1456,0,2,0,5345,600265,139,107817,5.560274556300715,0.1522662629469468
504,0.1457,0,29,0,5374,600236,139,107817,5.560005928341176,0.15227249937504678
505,0.1458,0,8,0,5382,600228,139,107817,5.559931824076475,0.15227421985890727
506,0.1459,0,52,0,5434,600176,139,107817,5.559450146355923,0.15228540395173398
507,0.146,0,27,0,5461,600149,139,107817,5.559200044462559,0.15229121172485685
508,0.1461,0,4,0,5465,600145,139,107817,5.559162992330209,0.15229207217336524
509,0.1462,1,29,1,5494,600116,140,107816,5.558894364370669,0.15229711328206663
510,0.1463,0,5,0,5499,600111,140,107816,5.558848049205232,0.15229818893755995
511,0.1464,0,10,0,5509,600101,140,107816,5.558755418874356,0.15230034029413053
512,0.1465,1,20,1,5529,600081,141,107815,5.558570158212605,0.1523034457038887
513,0.1466,0,6,0,5535,600075,141,107815,5.55851458001408,0.15230473661162044
514,0.1467,0,2,0,5537,600073,141,107815,5.558496053947905,0.15230516691906065
515,0.1468,0,4,0,5541,600069,141,107815,5.558459001815555,0.15230602754123557
516,0.1469,0,7,0,5548,600062,141,107815,5.5583941605839415,0.15230753365344543
517,0.147,0,5,0,5553,600057,141,107815,5.558347845418504,0.15230860946611816
518,0.1471,2,15,2,5568,600042,143,107813,5.558208899922191,0.152309441905475
519,0.1472,0,1,0,5569,600041,143,107813,5.558199636889103,0.15230965707617672
520,0.1473,0,7,0,5576,600034,143,107813,5.55813479565749,0.1523111632881117
521,0.1474,0,31,0,5607,600003,143,107813,5.557847641631776,0.1523178340133594
522,0.1476,1,4,1,5611,599999,144,107812,5.557810589499426,0.152317497184983
523,0.1477,2,6,2,5617,599993,146,107810,5.5577550113009,0.1523163931206847
524,0.1478,1,5,1,5622,599988,147,107809,5.557708696135463,0.15231627147331792
525,0.1479,0,7,0,5629,599981,147,107809,5.55764385490385,0.15231777787196768
526,0.148,0,5,0,5634,599976,147,107809,5.557597539738412,0.15231885388924604
527,0.1481,0,36,0,5670,599940,147,107809,5.55726407054726,0.1523266016624538
528,0.1482,0,31,0,5701,599909,147,107809,5.5569769165215455,0.15233327398766175
529,0.1483,0,7,0,5708,599902,147,107809,5.556912075289933,0.15233478072263962
530,0.1484,2,30,2,5738,599872,149,107807,5.556634184297306,0.15233884289345875
531,0.1485,0,2,0,5740,599870,149,107807,5.556615658231131,0.15233927342558823
532,0.1486,4,43,4,5783,599827,153,107803,5.556217347808366,0.1523437389596258
533,0.1487,1,26,1,5809,599801,154,107802,5.55597650894809,0.15234813871620104
534,0.1488,0,10,0,5819,599791,154,107802,5.555883878617214,0.15235029176376816
535,0.1489,0,4,0,5823,599787,154,107802,5.555846826484864,0.15235115299983465
536,0.149,1,35,1,5858,599752,155,107801,5.5555226203267996,0.15235749124093884
537,0.1491,0,7,0,5865,599745,155,107801,5.555457779095187,0.15235899856687762
538,0.1492,0,6,0,5871,599739,155,107801,5.555402200896662,0.1523602905842779
539,0.1493,1,1,1,5872,599738,156,107800,5.555392937863574,0.15235930790996385
540,0.1494,0,20,0,5892,599718,156,107800,5.555207677201823,0.15236361477729188
541,0.1495,0,2,0,5894,599716,156,107800,5.5551891511356475,0.15236404547741678
542,0.1496,1,4,1,5898,599712,157,107799,5.555152099003298,0.15236370883279554
543,0.1497,0,8,0,5906,599704,157,107799,5.555077994738597,0.15236543166601413
544,0.1498,0,2,0,5908,599702,157,107799,5.555059468672422,0.15236586238040653
545,0.1499,1,10,1,5918,599692,158,107798,5.554966838341547,0.15236681790555343
546,0.15,0,10,0,5928,599682,158,107798,5.554874208010671,0.15236897156103352
547,0.1501,0,4,0,5932,599678,158,107798,5.554837155878321,0.15236983304027274
548,0.1502,0,26,0,5958,599652,158,107798,5.554596317018045,0.15237543289278394
549,0.1503,1,16,1,5974,599636,159,107797,5.554448108488644,0.15237768099593885
550,0.1504,0,2,0,5976,599634,159,107797,5.554429582422468,0.1523781117875807
551,0.1505,0,4,0,5980,599630,159,107797,5.5543925302901185,0.15237897337817188
552,0.1506,0,7,0,5987,599623,159,107797,5.554327689058505,0.15238048118515168
553,0.1507,1,46,1,6033,599577,160,107796,5.553901589536478,0.15238919212353313
554,0.1508,3,27,3,6060,599550,163,107793,5.553651487643114,0.15239141406644302
555,0.1509,0,11,0,6071,599539,163,107793,5.553549594279151,0.15239378396566253
556,0.151,1,27,1,6098,599512,164,107792,5.553299492385787,0.15239840294979246
557,0.1511,1,21,1,6119,599491,165,107791,5.553104968690948,0.15240172943748037
558,0.1512,1,13,1,6132,599478,166,107790,5.55298454926081,0.15240333225877603
559,0.1513,0,1,0,6133,599477,166,107790,5.552975286227722,0.15240354774081075
560,0.1514,0,8,0,6141,599469,166,107790,5.552901181963022,0.152405271619025
561,0.1515,0,1,0,6142,599468,166,107790,5.552891918929935,0.15240548710654386
562,0.1516,0,9,0,6151,599459,166,107790,5.552808551632147,0.15240742652163525
563,0.1517,0,10,0,6161,599449,166,107790,5.552715921301271,0.15240958148518394
564,0.1518,0,16,0,6177,599433,166,107790,5.55256771277187,0.1524130295536203
565,0.1519,0,3,0,6180,599430,166,107790,5.552539923672607,0.15241367608382117
566,0.152,2,77,2,6257,599353,168,107788,5.551826670124866,0.15242787506310623
567,0.1521,0,11,0,6268,599342,168,107788,5.551724776760903,0.15243024620649667
568,0.1522,0,1,0,6269,599341,168,107788,5.551715513727815,0.15243046176864475
569,0.1523,0,7,0,6276,599334,168,107788,5.551650672496202,0.15243197072075257
570,0.1524,1,28,1,6304,599306,169,107787,5.551391307569751,0.15243680817091954
571,0.1525,0,2,0,6306,599304,169,107787,5.551372781503575,0.1524372393369453
572,0.1526,0,9,0,6315,599295,169,107787,5.551289414205788,0.15243917961424558
573,0.1527,1,18,1,6333,599277,170,107786,5.551122679610212,0.1524418616162916
574,0.1528,0,1,0,6334,599276,170,107786,5.551113416577124,0.1524420772152937
575,0.1529,0,7,0,6341,599269,170,107786,5.551048575345511,0.15244358642538416
576,0.153,0,17,0,6358,599252,170,107786,5.550891103783023,0.15244725177430352
577,0.1531,8,102,8,6460,599150,178,107778,5.549946274408092,0.15245965642894327
578,0.1532,2,54,2,6514,599096,180,107776,5.549446070621364,0.15246890526149007
579,0.1533,2,31,2,6545,599065,182,107774,5.54915891659565,0.15247319403711454
580,0.1534,0,7,0,6552,599058,182,107774,5.549094075364037,0.15247470403150962
581,0.1535,0,7,0,6559,599051,182,107774,5.5490292341324245,0.15247621405581296
582,0.1536,1,12,1,6571,599039,183,107773,5.548918077735373,0.15247760366264296
583,0.1537,0,12,0,6583,599027,183,107773,5.548806921338323,0.1524801924165252
584,0.1538,0,1,0,6584,599026,183,107773,5.548797658305236,0.15248040814998323
585,0.1539,1,22,1,6606,599004,184,107772,5.548593871577309,0.15248395531257428
586,0.154,9,76,9,6682,598928,193,107763,5.547889881062655,0.15248956050098275
587,0.1541,4,73,4,6755,598855,197,107759,5.547213679647264,0.1525005165479314
588,0.1542,0,12,0,6767,598843,197,107759,5.547102523250213,0.15250310641634188
589,0.1543,2,37,2,6804,598806,199,107757,5.546759791025973,0.15250869349230006
590,0.1544,1,33,1,6837,598773,200,107756,5.546454110934084,0.1525146172343952
591,0.1545,1,22,1,6859,598751,201,107755,5.5462503242061585,0.15251816686624034
592,0.1546,2,40,2,6899,598711,203,107753,5.545879802882656,0.15252440322507588
593,0.1547,0,2,0,6901,598709,203,107753,5.545861276816481,0.15252483502297365
594,0.1549,2,11,2,6912,598698,205,107751,5.545759383452518,0.15252481070820398
595,0.155,0,2,0,6914,598696,205,107751,5.545740857386343,0.15252524251642374
596,0.1551,0,26,0,6940,598670,205,107751,5.5455000185260666,0.15253085624577978
597,0.1552,0,9,0,6949,598661,205,107751,5.545416651228278,0.15253279955606644
598,0.1553,5,70,5,7019,598591,210,107746,5.544768238912149,0.1525419169603178
599,0.1555,0,16,0,7035,598575,210,107746,5.544620030382749,0.15254537242981592
600,0.1556,0,3,0,7038,598572,210,107746,5.544592241283486,0.15254602034777537
601,0.1557,2,27,2,7065,598545,212,107744,5.544342139390122,0.15254945213644838
602,0.1558,0,2,0,7067,598543,212,107744,5.544323613323947,0.15254988411226597
603,0.1559,0,8,0,7075,598535,212,107744,5.544249509059246,0.1525516120400012
604,0.156,0,2,0,7077,598533,212,107744,5.544230982993072,0.1525520440280513
605,0.1563,1,21,1,7098,598512,213,107743,5.5440364592982325,0.15255538013890166
606,0.1564,0,59,0,7157,598453,213,107743,5.543489940346067,0.15256812556287488
607,0.1565,0,11,0,7168,598442,213,107743,5.543388046982104,0.15257050206390677
608,0.1566,1,9,1,7177,598433,214,107742,5.543304679684316,0.15257124650405351
609,0.1567,0,3,0,7180,598430,214,107742,5.543276890585053,0.15257189466588877
610,0.1568,0,2,0,7182,598428,214,107742,5.543258364518878,0.15257232677683844
611,0.1569,2,15,2,7197,598413,216,107740,5.543119419022565,0.15257316757133368
612,0.157,3,14,3,7211,598399,219,107737,5.542989736559339,0.1525725922485187
613,0.1571,3,43,3,7254,598356,222,107734,5.542591426136574,0.15257828322168562
614,0.1572,1,9,1,7263,598347,223,107733,5.542508058838786,0.1525790278721958
615,0.1573,0,16,0,7279,598331,223,107733,5.542359850309385,0.15258248544041333
616,0.1574,0,1,0,7280,598330,223,107733,5.542350587276298,0.15258270154362996
617,0.1575,0,20,0,7300,598310,223,107733,5.542165326614547,0.15258702373651464
618,0.1576,1,26,1,7326,598284,224,107732,5.541924487754271,0.1525914426868513
619,0.1577,5,75,5,7401,598209,229,107727,5.541229760272704,0.15260165227442715
620,0.1578,1,5,1,7406,598204,230,107726,5.541183445107266,0.15260153272987406
621,0.1579,0,11,0,7417,598193,230,107726,5.541081551743303,0.15260391064697224
622,0.158,1,1,1,7418,598192,231,107725,5.5410722887102155,0.15260292640636222
623,0.1581,0,2,0,7420,598190,231,107725,5.54105376264404,0.15260335876132394
624,0.1582,0,25,0,7445,598165,231,107725,5.540822186816851,0.1526087634050631
625,0.1583,1,11,1,7456,598154,232,107724,5.540720293452888,0.15260994109463674
626,0.1584,0,7,0,7463,598147,232,107724,5.540655452221276,0.15261145450089322
627,0.1585,4,22,4,7485,598125,236,107720,5.540451665493349,0.152611409020394
628,0.1586,0,18,0,7503,598107,236,107720,5.540284930897773,0.15261530091651354
629,0.1587,2,13,2,7516,598094,238,107718,5.540164511467635,0.15261571069916635
630,0.1588,1,14,1,7530,598080,239,107717,5.5400348290044095,0.15261753733722302
631,0.1589,0,3,0,7533,598077,239,107717,5.540007039905147,0.15261818604295305
632,0.159,2,5,2,7538,598072,241,107715,5.539960724739709,0.15261686599498148
633,0.1591,0,1,0,7539,598071,241,107715,5.539951461706621,0.15261708223172463
634,0.1592,0,3,0,7542,598068,241,107715,5.539923672607358,0.1526177309456306
635,0.1594,0,3,0,7545,598065,241,107715,5.539895883508096,0.15261837966505143
636,0.1595,1,8,1,7553,598057,242,107714,5.539821779243395,0.15261890896622277
637,0.1596,1,19,1,7572,598038,243,107713,5.539645781614732,0.15262181704312144
638,0.1598,0,4,0,7576,598034,243,107713,5.5396087294823815,0.1526226820659528
639,0.1599,0,9,0,7585,598025,243,107713,5.539525362184594,0.15262462840317512
640,0.16,0,7,0,7592,598018,243,107713,5.539460520952981,0.15262614225533525
641,0.1601,0,9,0,7601,598009,243,107713,5.539377153655193,0.15262808868081199
642,0.1603,0,11,0,7612,597998,243,107713,5.539275260291229,0.15263046771270392
643,0.1604,0,6,0,7618,597992,243,107713,5.539219682092704,0.15263176539772286
644,0.1605,0,26,0,7644,597966,243,107713,5.538978843232428,0.15263738895446796
645,0.1606,4,48,4,7692,597918,247,107709,5.538534217644226,0.15264296859388884
646,0.1607,0,6,0,7698,597912,247,107709,5.5384786394457,0.15264426653968632
647,0.1608,0,7,0,7705,597905,247,107709,5.538413798214087,0.1526457808376818
648,0.1609,4,62,4,7767,597843,251,107705,5.537839490162659,0.15265439062969494
649,0.161,0,5,0,7772,597838,251,107705,5.537793174997221,0.15265547245171449
650,0.1611,0,9,0,7781,597829,251,107705,5.537709807699433,0.1526574197699898
651,0.1612,5,44,5,7825,597785,256,107700,5.5373022342435805,0.15266093538487707
652,0.1613,0,3,0,7828,597782,256,107700,5.537274445144318,0.1526615845620441
653,0.1614,0,10,0,7838,597772,256,107700,5.537181814813443,0.15266374852580966
654,0.1615,1,7,1,7845,597765,257,107699,5.5371169735818295,0.15266406223421747
655,0.1617,0,78,0,7923,597687,257,107699,5.536394457001,0.1526809434834261
656,0.1618,0,7,0,7930,597680,257,107699,5.536329615769388,0.1526824586498889
657,0.1619,0,31,0,7961,597649,257,107699,5.536042461743674,0.1526891690342923
658,0.162,0,5,0,7966,597644,257,107699,5.535996146578236,0.15269025140959788
659,0.1621,5,58,5,8024,597586,262,107694,5.535458890659157,0.15269680127041743
660,0.1622,0,14,0,8038,597572,262,107694,5.5353292081959315,0.15269983240366047
661,0.1623,0,25,0,8063,597547,262,107694,5.535097632368743,0.1527052454409202
662,0.1626,1,10,1,8073,597537,263,107693,5.535005002037868,0.15270620932178156
663,0.1628,0,10,0,8083,597527,263,107693,5.534912371706992,0.1527083746915856
664,0.1629,0,3,0,8086,597524,263,107693,5.534884582607729,0.15270902431450178
665,0.163,1,5,1,8091,597519,264,107692,5.534838267442291,0.15270890556159789
666,0.1631,3,33,3,8124,597486,267,107689,5.534532587350402,0.15271244726486333
667,0.1632,0,27,0,8151,597459,267,107689,5.534282485457038,0.15271829459914799
668,0.1633,1,33,1,8184,597426,268,107688,5.533976805365149,0.1527242403356053
669,0.1634,1,16,1,8200,597410,269,107687,5.533828596835748,0.15272650429657197
670,0.1635,1,84,1,8284,597326,270,107686,5.533050502056393,0.15274349940142862
671,0.1636,0,16,0,8300,597310,270,107686,5.532902293526993,0.1527469659402323
672,0.1637,0,13,0,8313,597297,270,107686,5.532781874096854,0.15274978261887165
673,0.1638,2,27,2,8340,597270,272,107684,5.53253177220349,0.15275322928871954
674,0.1639,0,22,0,8362,597248,272,107684,5.532327985475564,0.15275799651597602
675,0.164,0,16,0,8378,597232,272,107684,5.532179776946164,0.1527614637772444
676,0.1641,0,4,0,8382,597228,272,107684,5.532142724813813,0.15276233061715505
677,0.1642,0,2,0,8384,597226,272,107684,5.5321241987476375,0.15276276404079953
678,0.1643,0,9,0,8393,597217,272,107684,5.53204083144985,0.15276471447763587
679,0.1644,4,113,4,8506,597104,276,107680,5.530994108710956,0.1527843991918091
680,0.1645,0,13,0,8519,597091,276,107680,5.530873689280818,0.15278721740820778
681,0.1646,3,9,3,8528,597082,279,107677,5.53079032198303,0.15278556215670888
682,0.1647,0,15,0,8543,597067,279,107677,5.530651376486717,0.1527888140941959
683,0.1648,0,17,0,8560,597050,279,107677,5.530493904924229,0.1527924997906991
684,0.1649,3,67,3,8627,596983,282,107674,5.529873281707363,0.1528034206713337
685,0.165,0,7,0,8634,596976,282,107674,5.529808440475749,0.15280493862201092
686,0.1651,0,9,0,8643,596967,282,107674,5.5297250731779615,0.152806890317197
687,0.1652,2,36,2,8679,596931,284,107672,5.529391603986809,0.15281229287982026
688,0.1653,1,21,1,8700,596910,285,107671,5.529197080291971,0.1528156450429404
689,0.1654,5,65,5,8765,596845,290,107666,5.5285949831412795,0.152823731637973
690,0.1655,3,85,3,8850,596760,293,107663,5.527807625328838,0.15283856432853554
691,0.1656,1,24,1,8874,596736,294,107662,5.527585312534736,0.15284256911575558
692,0.1657,0,7,0,8881,596729,294,107662,5.527520471303124,0.15284408801361743
693,0.1658,0,2,0,8883,596727,294,107662,5.527501945236948,0.15284452198997997
694,0.1659,0,15,0,8898,596712,294,107662,5.527362999740635,0.15284777689125378
695,0.166,1,4,1,8902,596708,295,107661,5.5273259476082846,0.15284744217874438
696,0.1661,0,2,0,8904,596706,295,107661,5.52730742154211,0.15284787617818552
697,0.1662,6,59,6,8963,596647,301,107655,5.5267609025899445,0.15285346342904038
698,0.1663,0,5,0,8968,596642,301,107655,5.5267145874245065,0.15285454857822764
699,0.1664,2,63,2,9031,596579,303,107653,5.52613101633999,0.15286581694668802
700,0.1665,1,42,1,9073,596537,304,107652,5.525741968950313,0.15287373134201188
701,0.1666,0,5,0,9078,596532,304,107652,5.525695653784875,0.15287481680924303
702,0.1667,0,10,0,9088,596522,304,107652,5.525603023454,0.15287698778994965
703,0.1668,3,59,3,9147,596463,307,107649,5.525056504501834,0.15288618856091077
704,0.1669,0,1,0,9148,596462,307,107649,5.525047241468746,0.1528864056945567
705,0.167,4,57,4,9205,596405,311,107645,5.524519248582756,0.15289397059867907
706,0.1671,1,76,1,9281,596329,312,107644,5.523815258068102,0.15290927350906924
707,0.1672,4,36,4,9317,596293,316,107640,5.52348178887695,0.15291228000392082
708,0.1673,0,15,0,9332,596278,316,107640,5.523342843380637,0.15291553845760444
709,0.1674,1,12,1,9344,596266,317,107639,5.523231686983586,0.152916941916878
710,0.1675,0,1,0,9345,596265,317,107639,5.523222423950498,0.152917159158067
711,0.1676,0,28,0,9373,596237,317,107639,5.522963059024047,0.1529232421619717
712,0.1677,0,32,0,9405,596205,317,107639,5.5226666419652455,0.15293019475906594
713,0.1678,0,3,0,9408,596202,317,107639,5.522638852865982,0.15293084659745595
714,0.1679,0,18,0,9426,596184,317,107639,5.522472118270406,0.15293475774448972
715,0.168,0,1,0,9427,596183,317,107639,5.522462855237319,0.1529349750363018
716,0.1681,0,11,0,9438,596172,317,107639,5.522360961873356,0.15293736528698756
717,0.1682,2,7,2,9445,596165,319,107637,5.522296120641743,0.1529364792938923
718,0.1683,0,9,0,9454,596156,319,107637,5.522212753343955,0.1529384350227979
719,0.1684,0,4,0,9458,596152,319,107637,5.522175701211605,0.15293930425170044
720,0.1685,5,106,5,9564,596046,324,107632,5.521193819704324,0.1529563237730894
721,0.1686,1,46,1,9610,596000,325,107631,5.520767720182296,0.15296511950155692
722,0.1687,0,32,0,9642,595968,325,107631,5.520471303123495,0.15297207642421323
723,0.1688,0,10,0,9652,595958,325,107631,5.520378672792619,0.15297425059232023
724,0.1689,0,16,0,9668,595942,325,107631,5.520230464263219,0.152977729389843
725,0.169,0,50,0,9718,595892,325,107631,5.519767312608841,0.1529886016519716
726,0.1691,1,2,1,9720,595890,326,107630,5.5197487865426655,0.15298783261314533
727,0.1692,0,5,0,9725,595885,326,107630,5.519702471377228,0.15298891992352687
728,0.1693,1,10,1,9735,595875,327,107629,5.5196098410463525,0.15298989060474424
729,0.1694,0,9,0,9744,595866,327,107629,5.519526473748564,0.15299184784540046
730,0.1695,0,24,0,9768,595842,327,107629,5.519304160954463,0.1529970673986561
731,0.1696,0,14,0,9782,595828,327,107629,5.519174478491237,0.1530001123025288
732,0.1697,0,5,0,9787,595823,327,107629,5.519128163325799,0.1530011997975697
733,0.1698,0,5,0,9792,595818,327,107629,5.519081848160361,0.1530022873080701
734,0.1699,9,119,9,9911,595699,336,107620,5.517979547222943,0.1530173363722578
735,0.17,0,26,0,9937,595673,336,107620,5.517738708362666,0.15302299326169888
736,0.1701,1,25,1,9962,595648,337,107619,5.517507132535477,0.15302722863435936
737,0.1702,0,26,0,9988,595622,337,107619,5.517266293675201,0.15303288630782336
738,0.1703,4,81,4,10069,595541,341,107615,5.516515987995109,0.153045696829722
739,0.1704,1,57,1,10126,595484,342,107614,5.515987995109119,0.15305689960716715
740,0.1705,0,4,0,10130,595480,342,107614,5.515950942976768,0.1530577703692536
741,0.1706,0,8,0,10138,595472,342,107614,5.515876838712068,0.15305951192315023
742,0.1707,0,5,0,10143,595467,342,107614,5.51583052354663,0.15306060041446148
743,0.1708,6,88,6,10231,595379,348,107608,5.515015376634925,0.15307253192448794
744,0.1709,0,2,0,10233,595377,348,107608,5.5149968505687506,0.15307296741751247
745,0.171,0,14,0,10247,595363,348,107608,5.514867168105525,0.15307601593806858
746,0.1711,7,64,7,10311,595299,355,107601,5.514274333987921,0.1530815194195476
747,0.1712,0,16,0,10327,595283,355,107601,5.51412612545852,0.1530850040689502
748,0.1713,0,40,0,10367,595243,355,107601,5.513755604135018,0.15309371638656658
749,0.1714,3,17,3,10384,595226,358,107598,5.51359813257253,0.153093804423298
750,0.1715,2,38,2,10422,595188,360,107596,5.513246137315202,0.15309967216100537
751,0.1716,0,3,0,10425,595185,360,107596,5.51321834821594,0.15310032570601653
752,0.1717,4,25,4,10450,595160,364,107592,5.512986772388751,0.15310095168708165
753,0.1718,0,17,0,10467,595143,364,107592,5.5128293008262625,0.15310465538218532
754,0.1719,0,16,0,10483,595127,364,107592,5.512681092296861,0.1531081413765673
755,0.172,1,44,1,10527,595083,365,107591,5.51227351884101,0.15311652345184254
756,0.1721,0,18,0,10545,595065,365,107591,5.512106784245433,0.1531204458511704
757,0.1722,0,2,0,10547,595063,365,107591,5.512088258179258,0.153120881685723
758,0.1723,0,15,0,10562,595048,365,107591,5.511949312682945,0.15312415052395326
759,0.1724,0,30,0,10592,595018,365,107591,5.511671421690318,0.1531306886191324
760,0.1725,0,19,0,10611,594999,365,107591,5.511495424061655,0.1531348297015329
761,0.1726,2,16,2,10627,594983,367,107589,5.511347215532254,0.1531359063555052
762,0.1727,0,7,0,10634,594976,367,107589,5.511282374300641,0.15313743212371808
763,0.1728,0,1,0,10635,594975,367,107589,5.5112731112675535,0.1531376500930876
764,0.1729,4,64,4,10699,594911,371,107585,5.51068027714995,0.1531467794834419
765,0.173,0,14,0,10713,594897,371,107585,5.510550594686724,0.15314983159710854
766,0.1731,0,20,0,10733,594877,371,107585,5.510365334024973,0.15315419197052652
767,0.1732,0,3,0,10736,594874,371,107585,5.510337544925711,0.1531548460479544
768,0.1733,2,14,2,10750,594860,373,107583,5.510207862462485,0.15315548734915146
769,0.1734,2,23,2,10773,594837,375,107581,5.509994812701471,0.15315809105119743
770,0.1735,1,22,1,10795,594815,376,107580,5.509791025973545,0.1531616825290613
771,0.1736,2,134,2,10929,594681,378,107578,5.508549779539813,0.15318849598225157
772,0.1737,3,22,3,10951,594659,381,107575,5.508345992811886,0.15318967751490245
773,0.1738,2,53,2,11004,594606,383,107573,5.507855052058246,0.15319882821901537
774,0.1739,2,26,2,11030,594580,385,107571,5.50761421319797,0.15320208900934415
775,0.174,1,15,1,11045,594565,386,107570,5.507475267701656,0.15320415589594594
776,0.1741,0,6,0,11051,594559,386,107570,5.507419689503131,0.15320546509259694
777,0.1742,0,8,0,11059,594551,386,107570,5.50734558523843,0.15320721072293808
778,0.1743,0,4,0,11063,594547,386,107570,5.50730853310608,0.15320808355302606
779,0.1744,0,45,0,11108,594502,386,107570,5.50689169661714,0.15321790357684112
780,0.1745,0,40,0,11148,594462,386,107570,5.5065211752936385,0.15322663354377009
781,0.1747,1,17,1,11165,594445,387,107569,5.50636370373115,0.15322913788044112
782,0.1748,0,13,0,11178,594432,387,107569,5.506243284301012,0.15323197545302641
783,0.1749,0,7,0,11185,594425,387,107569,5.506178443069398,0.15323350342025716
784,0.175,0,5,0,11190,594420,387,107569,5.506132127903961,0.15323459484407875
785,0.1751,0,10,0,11200,594410,387,107569,5.506039497573085,0.1532367777383654
786,0.1752,2,71,2,11271,594339,389,107567,5.505381822223869,0.15324986536658755
787,0.1753,2,43,2,11314,594296,391,107565,5.504983511801104,0.15325684145436205
788,0.1754,1,12,1,11326,594284,392,107564,5.5048723554040535,0.15325825534873647
789,0.1755,0,7,0,11333,594277,392,107564,5.50480751417244,0.15325978391117076
790,0.1756,3,89,3,11422,594188,395,107561,5.503983104227649,0.15327560139024066
791,0.1757,0,38,0,11460,594150,395,107561,5.503631108970321,0.15328390177722737
792,0.1758,1,49,1,11509,594101,396,107560,5.5031772203490315,0.153293399519141
793,0.1759,1,4,1,11513,594097,397,107559,5.503140168216681,0.15329306668794965
794,0.176,1,28,1,11541,594069,398,107558,5.502880803290229,0.1532979774153503
795,0.1761,0,13,0,11554,594056,398,107558,5.502760383860092,0.1533008178286066
796,0.1762,3,97,3,11651,593959,401,107555,5.5018618696505985,0.15331839421593868
797,0.1763,2,90,2,11741,593869,403,107553,5.501028196672719,0.1533356524317743
798,0.1764,0,12,0,11753,593857,403,107553,5.5009170402756675,0.15333827575882863
799,0.1765,1,6,1,11759,593851,404,107552,5.500861462077142,0.153338380360506
800,0.1766,1,22,1,11781,593829,405,107551,5.500657675349216,0.15334198294790272
801,0.1767,0,24,0,11805,593805,405,107551,5.500435362555115,0.15334723022259736
802,0.1768,3,33,3,11838,593772,408,107548,5.500129682463226,0.15335082416015514
803,0.1769,4,36,4,11874,593736,412,107544,5.499796213272074,0.15335386721423683
804,0.177,2,69,2,11943,593667,414,107542,5.499157063989032,0.1533665426427784
805,0.1771,0,4,0,11947,593663,414,107542,5.499120011856682,0.15336741751698862
806,0.1772,1,28,1,11975,593635,415,107541,5.498860646930231,0.15337233447807683
807,0.1773,2,88,2,12063,593547,417,107539,5.498045500018526,0.15338917051545745
808,0.1774,0,5,0,12068,593542,417,107539,5.4979991848530885,0.1533902644630221
809,0.1775,1,13,1,12081,593529,418,107538,5.49787876542295,0.15339190120202492
810,0.1776,1,20,1,12101,593509,419,107537,5.497693504761199,0.1533950696530613
811,0.1777,3,86,3,12187,593423,422,107534,5.496896883915669,0.15341026625028353
812,0.1778,1,12,1,12199,593411,423,107533,5.496785727518619,0.15341168481362277
813,0.1779,4,70,4,12269,593341,427,107529,5.49613731520249,0.1534221752964173
814,0.178,0,5,0,12274,593336,427,107529,5.496091000037052,0.1534232698165838
815,0.1781,0,31,0,12305,593305,427,107529,5.495803846011338,0.15343005619019626
816,0.1782,0,9,0,12314,593296,427,107529,5.49572047871355,0.15343202654014912
817,0.1783,0,5,0,12319,593291,427,107529,5.495674163548112,0.15343312120087896
818,0.1784,1,49,1,12368,593242,428,107528,5.495220274926822,0.1534426416655964
819,0.1785,0,8,0,12376,593234,428,107528,5.495146170662122,0.15344439338891092
820,0.1786,0,3,0,12379,593231,428,107528,5.495118381562859,0.15344505029546535
821,0.1787,2,9,2,12388,593222,430,107526,5.495035014265071,0.1534446049078984
822,0.1788,0,6,0,12394,593216,430,107526,5.494979436066545,0.15344591875469146
823,0.1789,0,7,0,12401,593209,430,107526,5.494914594834933,0.15344745160438683
824,0.179,3,125,3,12526,593084,433,107523,5.493756715698988,0.15347120425573824
825,0.1791,3,101,3,12627,592983,436,107520,5.4928211493571455,0.15348970668219836
826,0.1792,2,24,2,12651,592959,438,107518,5.492598836563044,0.15349254864899203
827,0.1793,3,88,3,12739,592871,441,107515,5.4917836896513395,0.1535082083308347
828,0.1794,0,8,0,12747,592863,441,107515,5.491709585386639,0.15350996176350484
829,0.1795,0,16,0,12763,592847,441,107515,5.491561376857238,0.15351346874901836
830,0.1796,0,16,0,12779,592831,441,107515,5.4914131683278375,0.153516975894772
831,0.1797,2,51,2,12830,592780,443,107513,5.490940753640372,0.1535257385123084
832,0.1798,0,15,0,12845,592765,443,107513,5.490801808144059,0.15352902704354557
833,0.1799,0,9,0,12854,592756,443,107513,5.490718440846271,0.15353100022991165
834,0.18,3,30,3,12884,592726,446,107510,5.490440549853644,0.15353395141066725
835,0.1801,1,3,1,12887,592723,447,107509,5.490412760754381,0.15353340035873825
836,0.1802,2,121,2,13008,592602,449,107507,5.4892919337507875,0.1535575174722793
837,0.1803,0,76,0,13084,592526,449,107507,5.4885879432361335,0.15357418864539243
838,0.1804,0,5,0,13089,592521,449,107507,5.488541628070696,0.15357528556000616
839,0.1805,1,8,1,13097,592513,450,107506,5.488467523805995,0.15357583151314463
840,0.1806,0,17,0,13114,592496,450,107506,5.488310052243507,0.1535795612012537
841,0.1807,0,27,0,13141,592469,450,107506,5.488059950350142,0.15358548519589985
842,0.1808,0,8,0,13149,592461,450,107506,5.487985846085442,0.1535872405413398
843,0.1809,1,20,1,13169,592441,451,107505,5.487800585423691,0.15359041983238708
844,0.181,3,38,3,13207,592403,454,107502,5.487448590166364,0.15359513076774706
845,0.1811,0,7,0,13214,592396,454,107502,5.487383748934751,0.1535966669428974
846,0.1812,1,12,1,13226,592384,455,107501,5.487272592537701,0.1535980911149689
847,0.1813,1,22,1,13248,592362,456,107500,5.487068805809774,0.15360171005141013
848,0.1814,4,93,4,13341,592269,460,107496,5.486207343732632,0.15361728580309103
849,0.1815,0,17,0,13358,592252,460,107496,5.486049872170144,0.15362101785214105
850,0.1816,0,5,0,13363,592247,460,107496,5.486003557004706,0.15362211554813696
851,0.1817,1,14,1,13377,592233,461,107495,5.48587387454148,0.15362397960350307
852,0.1818,2,25,2,13402,592208,463,107493,5.485642298714291,0.1536270492681874
853,0.1819,0,9,0,13411,592199,463,107493,5.485558931416503,0.1536290253425793
854,0.182,0,11,0,13422,592188,463,107493,5.48545703805254,0.15363144061365108
855,0.1821,3,45,3,13467,592143,466,107490,5.4850402015636,0.1536376929047086
856,0.1822,3,73,3,13540,592070,469,107487,5.484364000148209,0.15365009570342375
857,0.1823,1,47,1,13587,592023,470,107486,5.483928637593094,0.15365920953125692
858,0.1824,0,5,0,13592,592018,470,107486,5.483882322427656,0.1536603078752945
859,0.1825,2,27,2,13619,591991,472,107484,5.483632220534291,0.1536638192930412
860,0.1826,2,46,2,13665,591945,474,107482,5.483206121012264,0.15367150538941163
861,0.1827,2,57,2,13722,591888,476,107480,5.482678128126274,0.1536816096818842
862,0.1828,1,4,1,13726,591884,477,107479,5.482641075993923,0.15368127853489533
863,0.1829,1,40,1,13766,591844,478,107478,5.482270554670421,0.1536888586373659
864,0.183,1,88,1,13854,591756,479,107477,5.481455407758716,0.15370699037373808
865,0.1831,6,87,6,13941,591669,485,107471,5.480649523880099,0.15371885459278542
866,0.1832,2,74,2,14015,591595,487,107469,5.47996405943162,0.1537327054461394
867,0.1833,1,10,1,14025,591585,488,107468,5.479871429100744,0.1537336940117559
868,0.1834,0,10,0,14035,591575,488,107468,5.479778798769869,0.1537358932140083
869,0.1835,0,2,0,14037,591573,488,107468,5.479760272703694,0.15373633306200923
870,0.1836,0,7,0,14044,591566,488,107468,5.479695431472082,0.15373787254983307
871,0.1837,4,85,4,14129,591481,492,107464,5.478908073659639,0.15375172581533597
872,0.1838,4,62,4,14191,591419,496,107460,5.478333765608211,0.15376052220770692
873,0.1839,0,22,0,14213,591397,496,107460,5.478129978880284,0.1537653625849065
874,0.184,0,2,0,14215,591395,496,107460,5.478111452814109,0.15376580263430897
875,0.1841,1,37,1,14252,591358,497,107459,5.47776872058987,0.15377273306173148
876,0.1843,6,118,6,14370,591240,503,107453,5.4766756826855385,0.15379143629605563
877,0.1844,1,96,1,14466,591144,504,107452,5.475786431509134,0.15381135878247226
878,0.1845,2,17,2,14483,591127,506,107450,5.475628959946645,0.153812679203581
879,0.1846,8,123,8,14606,591004,514,107442,5.474489606876876,0.1538300741932805
880,0.1847,1,5,1,14611,590999,515,107441,5.474443291711438,0.15382996391959222
881,0.1848,4,93,4,14704,590906,519,107437,5.473581829634296,0.15384560309189038
882,0.1849,8,108,8,14812,590798,527,107429,5.4725814220608395,0.15385970465192553
883,0.185,7,117,7,14929,590681,534,107422,5.4714976471895955,0.15387700668812482
884,0.1851,1,9,1,14938,590672,535,107421,5.471414279891808,0.15387777846218198
885,0.1852,1,35,1,14973,590637,536,107420,5.471090073733744,0.15388428165608253
886,0.1853,1,25,1,14998,590612,537,107419,5.470858497906555,0.15388858087964574
887,0.1854,0,35,0,15033,590577,537,107419,5.47053429174849,0.1538962973999851
888,0.1855,0,10,0,15043,590567,537,107419,5.470441661417615,0.153898502262223
889,0.1856,1,105,1,15148,590462,538,107418,5.469469042943421,0.15392044477560612
890,0.1857,0,11,0,15159,590451,538,107418,5.469367149579458,0.15392287091130283
891,0.1858,7,153,7,15312,590298,545,107411,5.467949905517062,0.15394813597072704
892,0.1859,0,90,0,15402,590208,545,107411,5.467116232539182,0.15396799685788373
893,0.186,8,68,8,15470,590140,553,107403,5.466486346289229,0.15397330343792426
894,0.1861,4,103,4,15573,590037,557,107399,5.465532253881211,0.15399119058953079
895,0.1862,5,71,5,15644,589966,562,107394,5.464874578531995,0.15400080302856486
896,0.1863,1,18,1,15662,589948,563,107393,5.464707843936418,0.154003564970366
897,0.1864,0,21,0,15683,589927,563,107393,5.46451332024158,0.1540082028337062
898,0.1865,0,21,0,15704,589906,563,107393,5.464318796546741,0.15401284097639606
899,0.1866,2,5,2,15709,589901,565,107391,5.464272481381303,0.15401151884719744
900,0.1867,3,66,3,15775,589835,568,107388,5.463661121197525,0.15402245766419065
901,0.1868,0,23,0,15798,589812,568,107388,5.4634480714365115,0.1540275387263339
902,0.1869,3,68,3,15866,589744,571,107385,5.462818185186557,0.15403892249497583
903,0.1871,3,42,3,15908,589702,574,107382,5.46242913779688,0.15404456277866083
904,0.1872,0,52,0,15960,589650,574,107382,5.461947460076328,0.1540560548152739
905,0.1873,1,17,1,15977,589633,575,107381,5.461789988513839,0.15405859853604087
906,0.1874,0,12,0,15989,589621,575,107381,5.461678832116788,0.15406125090028436
907,0.1875,1,32,1,16021,589589,576,107380,5.461382415057987,0.15406711058884973
908,0.1876,1,19,1,16040,589570,577,107379,5.461206417429323,0.1540700969511399
909,0.1877,5,92,5,16132,589478,582,107374,5.460354218385268,0.1540843679863156
910,0.1878,0,7,0,16139,589471,582,107374,5.460289377153655,0.15408591580624098
911,0.1879,3,65,3,16204,589406,585,107371,5.4596872800029645,0.15409664785146468
912,0.188,0,9,0,16213,589397,585,107371,5.459603912705176,0.15409863828419215
913,0.1881,0,22,0,16235,589375,585,107371,5.4594001259772496,0.15410350400289344
914,0.1882,2,41,2,16276,589334,587,107369,5.45902034162066,0.1541101444948565
915,0.1883,2,75,2,16351,589259,589,107367,5.458325614139094,0.15412430773470986
916,0.1884,0,22,0,16373,589237,589,107367,5.458121827411167,0.15412917525595604
917,0.1885,3,23,3,16396,589214,592,107364,5.457908777650154,0.15413062140923198
918,0.1886,1,11,1,16407,589203,593,107363,5.457806884286191,0.15413184106028718
919,0.1887,0,2,0,16409,589201,593,107363,5.457788358220015,0.15413228360925915
920,0.1888,0,15,0,16424,589186,593,107363,5.457649412723702,0.15413560280755553
921,0.1889,1,15,1,16439,589171,594,107362,5.457510467227389,0.15413770776115418
922,0.189,2,52,2,16491,589119,596,107360,5.457028789506836,0.15414678690958378
923,0.1891,0,19,0,16510,589100,596,107360,5.456852791878172,0.1541509921603538
924,0.1892,0,2,0,16512,589098,596,107360,5.456834265811997,0.15415143483167687
925,0.1893,2,49,2,16561,589049,598,107358,5.456380377190707,0.15415985192566992
926,0.1894,1,28,1,16589,589021,599,107357,5.456121012264256,0.15416483576448423
927,0.1895,0,38,0,16627,588983,599,107357,5.455769017006928,0.15417324870034754
928,0.1896,1,12,1,16639,588971,600,107356,5.455657860609878,0.15417469091389535
929,0.1897,2,104,2,16743,588867,602,107354,5.4546945051687725,0.15419529143763258
930,0.1898,1,18,1,16761,588849,603,107353,5.454527770573196,0.1541980632057937
931,0.1899,0,2,0,16763,588847,603,107353,5.454509244507022,0.15419850617638609
932,0.19,0,23,0,16786,588824,603,107353,5.454296194746008,0.15420360052113183
933,0.1901,3,56,3,16842,588768,606,107350,5.453777464893105,0.154212360548068
934,0.1902,2,66,2,16908,588702,608,107348,5.453166104709326,0.15422455283384814
935,0.1903,1,22,1,16930,588680,609,107347,5.4529623179814,0.15422821241130014
936,0.1904,7,74,7,17004,588606,616,107340,5.452276853532921,0.1542361045253511
937,0.1905,2,63,2,17067,588543,618,107338,5.451693282448405,0.1542476371678491
938,0.1906,0,25,0,17092,588518,618,107338,5.451461706621216,0.15425317881860615
939,0.1907,0,66,0,17158,588452,618,107338,5.450850346437438,0.15426781069000703
940,0.1908,0,11,0,17169,588441,618,107338,5.450748453073475,0.15427024960511887
941,0.1909,2,39,2,17208,588402,620,107336,5.45038719478306,0.15427646614098986
942,0.191,6,113,6,17321,588289,626,107330,5.449340472044166,0.1542942329062317
943,0.1911,2,43,2,17364,588246,628,107328,5.448942161621401,0.15430133961303902
944,0.1912,0,18,0,17382,588228,628,107328,5.448775427025826,0.15430533271224747
945,0.1913,1,2,1,17384,588226,629,107327,5.44875690095965,0.15430456054391253
946,0.1914,0,24,0,17408,588202,629,107327,5.448534588165549,0.15430988499401174
947,0.1915,2,20,2,17428,588182,631,107325,5.448349327503798,0.15431189046264093
948,0.1916,0,49,0,17477,588133,631,107325,5.447895438882508,0.15432276284117805
949,0.1917,2,21,2,17498,588112,633,107323,5.447700915187669,0.1543249908330757
950,0.1918,1,8,1,17506,588104,634,107322,5.447626810922968,0.15432555009447446
951,0.1919,2,102,2,17608,588002,636,107320,5.446681981548038,0.15434575635460981
952,0.192,1,47,1,17655,587955,637,107319,5.446246618992923,0.15435497372258994
953,0.1921,3,90,3,17745,587865,640,107316,5.445412946015043,0.15437130761628987
954,0.1922,3,79,3,17824,587786,643,107313,5.444681166401127,0.15438520268335879
955,0.1923,2,36,2,17860,587750,645,107311,5.444347697209975,0.15439076570257862
956,0.1924,0,18,0,17878,587732,645,107311,5.444180962614398,0.15439476406495714
957,0.1925,4,42,4,17920,587690,649,107307,5.443791915224721,0.15439922762256528
958,0.1926,4,148,4,18068,587542,653,107303,5.442420986327763,0.15442724636429708
959,0.1927,0,13,0,18081,587529,653,107303,5.442300566897625,0.15443013562990765
960,0.1928,1,18,1,18099,587511,654,107302,5.442133832302049,0.1544329193610367
961,0.1929,2,19,2,18118,587492,656,107300,5.441957834673386,0.15443470851708138
962,0.193,2,56,2,18174,587436,658,107298,5.441439104820482,0.15444472272841117
963,0.1931,0,35,0,18209,587401,658,107298,5.441114898662418,0.154452503890174
964,0.1932,0,28,0,18237,587373,658,107298,5.4408555337359665,0.15445872938412572
965,0.1933,1,16,1,18253,587357,659,107297,5.440707325206565,0.15446106982756883
966,0.1934,4,75,4,18328,587282,663,107293,5.440012597724999,0.15447287909872945
967,0.1935,3,56,3,18384,587226,666,107290,5.439493867872096,0.15448168220746533
968,0.1936,1,29,1,18413,587197,667,107289,5.439225239912557,0.1544869155029763
969,0.1937,1,22,1,18435,587175,668,107288,5.439021453184631,0.15449059201138146
970,0.1938,0,25,0,18460,587150,668,107288,5.438789877357442,0.15449615372430656
971,0.1939,0,4,0,18464,587146,668,107288,5.438752825225092,0.1544970436355363
972,0.194,2,31,2,18495,587115,670,107286,5.438465671199378,0.15450150561419124
973,0.1941,0,30,0,18525,587085,670,107286,5.438187780206751,0.15450818078519984
974,0.1942,0,12,0,18537,587073,670,107286,5.4380766238097005,0.1545108510151089
975,0.1943,1,10,1,18547,587063,671,107285,5.4379839934788246,0.15451185860692332
976,0.1944,0,16,0,18563,587047,671,107285,5.437835784949423,0.1545154191366666
977,0.1945,0,14,0,18577,587033,671,107285,5.437706102486198,0.1545185347348045
978,0.1946,0,9,0,18586,587024,671,107285,5.43762273518841,0.1545205376856702
979,0.1947,1,10,1,18596,587014,672,107284,5.437530104857535,0.1545215455035158
980,0.1948,1,17,1,18613,586997,673,107283,5.4373726332950465,0.1545241113095581
981,0.1949,2,18,2,18631,586979,675,107281,5.43720589869947,0.1545256820211448
982,0.195,1,9,1,18640,586970,676,107280,5.437122531401682,0.15452646741087506
983,0.1951,0,6,0,18646,586964,676,107280,5.437066953203157,0.15452780290503051
984,0.1952,0,11,0,18657,586953,676,107280,5.436965059839194,0.15453025137093743
985,0.1953,3,52,3,18709,586901,679,107277,5.436483382118641,0.1545381732062958
986,0.1954,5,45,5,18754,586856,684,107272,5.436066545629701,0.15454210174492314
987,0.1955,3,45,3,18799,586811,687,107269,5.435649709140761,0.15454846703550024
988,0.1956,3,36,3,18835,586775,690,107266,5.435316239949609,0.15455282901154255
989,0.1957,3,73,3,18908,586702,693,107263,5.4346400385342175,0.154565431974235
990,0.1958,4,42,4,18950,586660,697,107259,5.43425099114454,0.15456991377956217
991,0.1959,1,12,1,18962,586648,698,107258,5.43413983474749,0.15457136845624622
992,0.196,2,18,2,18980,586630,700,107256,5.433973100151913,0.15457294137653735
993,0.1961,5,78,5,19058,586552,705,107251,5.433250583571085,0.15458422635820254
994,0.1962,0,4,0,19062,586548,705,107251,5.433213531438734,0.15458511759169444
995,0.1963,1,11,1,19073,586537,706,107250,5.433111638074771,0.15458634998926182
996,0.1964,3,52,3,19125,586485,709,107247,5.432629960354219,0.15459428136513811
997,0.1965,4,32,4,19157,586453,713,107243,5.4323335432954165,0.1545965379647569
998,0.1966,1,23,1,19180,586430,714,107242,5.432120493534403,0.15460044516716834
999,0.1967,1,15,1,19195,586415,715,107241,5.43198154803809,0.15460256957339086
1000,0.1968,0,14,0,19209,586401,715,107241,5.431851865574864,0.15460568996687052
1001,0.1969,3,82,3,19291,586319,718,107238,5.431092296861684,0.15462031238960894
1002,0.1971,0,16,0,19307,586303,718,107238,5.430944088332284,0.15462387948225123
1003,0.1972,1,22,1,19329,586281,719,107237,5.430740301604358,0.15462756554263912
1004,0.1973,0,9,0,19338,586272,719,107237,5.430656934306569,0.15462957221896184
1005,0.1974,4,74,4,19412,586198,723,107233,5.42997146985809,0.15464119717751298
1006,0.1975,4,34,4,19446,586164,727,107229,5.429656526733114,0.15464390324101918
1007,0.1976,1,104,1,19550,586060,728,107228,5.428693171292008,0.1546658819999769
1008,0.1977,0,13,0,19563,586047,728,107228,5.42857275186187,0.1546687822292741
1009,0.1978,4,14,4,19577,586033,732,107224,5.428443069398644,0.15466702824493658
1010,0.1979,1,15,1,19592,586018,733,107223,5.428304123902331,0.15466915545964535
1011,0.198,2,39,2,19631,585979,735,107221,5.427942865611916,0.15467541834968263
1012,0.1981,0,18,0,19649,585961,735,107221,5.42777613101634,0.15467943483818103
1013,0.1982,0,38,0,19687,585923,735,107221,5.427424135759013,0.1546879147767275
1014,0.1983,0,15,0,19702,585908,735,107221,5.427285190262699,0.15469126237684472
1015,0.1984,1,23,1,19725,585885,736,107220,5.427072140501686,0.154695176055576
1016,0.1985,8,88,8,19813,585797,744,107212,5.426256993589981,0.1547050615504272
1017,0.1986,4,46,4,19859,585751,748,107208,5.425830894067953,0.15471045184491433
1018,0.1987,1,32,1,19891,585719,749,107207,5.425534477009152,0.15471637664050708
1019,0.1988,2,93,2,19984,585626,751,107205,5.42467301493201,0.1547347044228679
1020,0.1989,3,55,3,20039,585571,754,107202,5.424163548112194,0.15474332862279563
1021,0.199,6,38,6,20077,585533,760,107196,5.4238115528548665,0.1547444960439075
1022,0.1991,9,99,9,20176,585434,769,107187,5.422894512579199,0.15475563114603802
1023,0.1992,5,110,5,20286,585324,774,107182,5.421875578939568,0.15477411026041651
1024,0.1993,1,6,1,20292,585318,775,107181,5.421820000741043,0.1547742307209108
1025,0.1994,3,25,3,20317,585293,778,107178,5.421588424913854,0.15477615669103834
1026,0.1995,2,12,2,20329,585281,780,107176,5.421477268516803,0.15477639766801404
1027,0.1996,5,95,5,20424,585186,785,107171,5.420597280373485,0.1547915309587395
1028,0.1997,4,54,4,20478,585132,789,107167,5.4200970765867575,0.15479872136172376
1029,0.1998,0,16,0,20494,585116,789,107167,5.419948868057356,0.15480229905977758
1030,0.1999,1,3,1,20497,585113,790,107166,5.419921078958094,0.15480174900581992
1031,0.2,7,127,7,20624,584986,797,107159,5.418744673755975,0.1548216052994676
1032,0.2001,1,14,1,20638,584972,798,107158,5.418614991292749,0.15482351581350323
1033,0.2002,1,11,1,20649,584961,799,107157,5.418513097928786,0.15482475531629
1034,0.2003,0,9,0,20658,584952,799,107157,5.418429730630998,0.1548267686159261
1035,0.2004,1,78,1,20736,584874,800,107156,5.417707214050169,0.15484299813591895
1036,0.2005,0,19,0,20755,584855,800,107156,5.417531216421505,0.15484724953794088
1037,0.2006,1,16,1,20771,584839,801,107155,5.417383007892104,0.15484960852261725
1038,0.2007,0,14,0,20785,584825,801,107155,5.417253325428878,0.15485274140871125
1039,0.2008,0,3,0,20788,584822,801,107155,5.417225536329616,0.15485341275793849
1040,0.2009,1,96,1,20884,584726,802,107154,5.416336285153211,0.15487367751633233
1041,0.201,3,131,3,21015,584595,805,107151,5.415122827818741,0.15489934166587158
1042,0.2011,5,88,5,21103,584507,810,107146,5.4143076809070365,0.15491294044846188
1043,0.2012,6,180,6,21283,584327,816,107140,5.412640334951276,0.15494593379004348
1044,0.2013,0,27,0,21310,584300,816,107140,5.412390233057913,0.1549519842647229
1045,0.2014,0,29,0,21339,584271,816,107140,5.412121605098373,0.15495848344906285
1046,0.2015,0,1,0,21340,584270,816,107140,5.412112342065286,0.15495870756859173
1047,0.2016,1,20,1,21360,584250,817,107139,5.411927081403535,0.15496196786468977
1048,0.2017,1,17,1,21377,584233,818,107138,5.411769609841047,0.15496455593306632
1049,0.2018,8,97,8,21474,584136,826,107130,5.4108710956315536,0.15497652133910825
1050,0.2019,0,23,0,21497,584113,826,107130,5.41065804587054,0.1549816779338091
1051,0.202,0,23,0,21520,584090,826,107130,5.4104449961095264,0.15498683487167617
1052,0.2021,2,102,2,21622,583988,828,107128,5.409500166734595,0.15500726361421238
1053,0.2022,0,4,0,21626,583984,828,107128,5.409463114602246,0.15500816076120802
1054,0.2023,3,23,3,21649,583961,831,107125,5.409250064841232,0.15500965147608256
1055,0.2024,1,28,1,21677,583933,832,107124,5.40899069991478,0.15501470935103762
1056,0.2025,5,113,5,21790,583820,837,107119,5.407943977175886,0.1550339465567872
1057,0.2026,6,74,6,21864,583746,843,107113,5.407258512727408,0.15504321431724852
1058,0.2027,5,82,5,21946,583664,848,107108,5.406498944014228,0.1550555031182503
1059,0.2028,2,22,2,21968,583642,850,107106,5.406295157286301,0.15505799510096302
1060,0.2029,2,56,2,22024,583586,852,107104,5.405776427433398,0.1550681202855116
1061,0.203,1,42,1,22066,583544,853,107103,5.405387380043721,0.1550763269803532
1062,0.2031,0,23,0,22089,583521,853,107103,5.4051743302827076,0.1550814915207117
1063,0.2032,0,20,0,22109,583501,853,107103,5.404989069620957,0.15508598270499446
1064,0.2033,1,17,1,22126,583484,854,107102,5.404831598058468,0.1550885769476937
1065,0.2034,0,13,0,22139,583471,854,107102,5.40471117862833,0.15509149648190707
1066,0.2035,6,138,6,22277,583333,860,107096,5.4034328800622475,0.15511515304252863
1067,0.2036,2,129,2,22406,583204,862,107094,5.402237948793953,0.1551416924284874
1068,0.2037,3,97,3,22503,583107,865,107091,5.40133943458446,0.15515982370276354
1069,0.2038,0,14,0,22517,583093,865,107091,5.401209752121234,0.15516297103381127
1070,0.2039,5,72,5,22589,583021,870,107086,5.400542813738931,0.15517303838390278
1071,0.204,3,97,3,22686,582924,873,107083,5.399644299529438,0.15519117921992095
1072,0.2041,4,46,4,22732,582878,877,107079,5.39921820000741,0.15519662819567018
1073,0.2042,2,59,2,22791,582819,879,107077,5.398671681055244,0.155207451557916
1074,0.2043,8,107,8,22898,582712,887,107069,5.397680536514876,0.15522172979539883
1075,0.2044,3,42,3,22940,582670,890,107066,5.397291489125199,0.1552275073361402
1076,0.2045,2,21,2,22961,582649,892,107064,5.397096965430361,0.15522978398261306
1077,0.2046,12,153,12,23114,582496,904,107052,5.395679721367965,0.15524952577630563
1078,0.2047,2,60,2,23174,582436,906,107050,5.395123939382711,0.15526058542160392
1079,0.2048,2,97,2,23271,582339,908,107048,5.394225425173219,0.15527998062046428
1080,0.2049,1,15,1,23286,582324,909,107047,5.394086479676905,0.15528213400331606
1081,0.205,1,26,1,23312,582298,910,107046,5.393845640816629,0.1552867653885433
1082,0.2051,1,52,1,23364,582246,911,107045,5.393363963096077,0.15529725471535244
1083,0.2052,0,6,0,23370,582240,911,107045,5.3933083848975505,0.1552986065270534
1084,0.2053,0,7,0,23377,582233,911,107045,5.393243543665938,0.15530018367044937
1085,0.2054,0,23,0,23400,582210,911,107045,5.3930304939049245,0.15530536593858588
1086,0.2055,5,16,5,23416,582194,916,107040,5.392882285375523,0.15530284344649278
1087,0.2056,0,47,0,23463,582147,916,107040,5.392446922820408,0.15531343452502733
1088,0.2057,0,60,0,23523,582087,916,107040,5.391891140835155,0.15532695715013342
1089,0.2058,6,58,6,23581,582029,922,107034,5.391353884916077,0.15533267640259307
1090,0.2059,3,80,3,23661,581949,925,107031,5.390612842269072,0.15534703474701733
1091,0.206,4,105,4,23766,581844,929,107027,5.3896402237948795,0.1553658086927741
1092,0.2061,8,116,8,23882,581728,937,107019,5.388565711956723,0.1553821650039855
1093,0.2062,4,29,4,23911,581699,941,107015,5.388297083997184,0.15538380227496465
1094,0.2063,2,91,2,24002,581608,943,107013,5.387454147986217,0.15540188289349294
1095,0.2064,0,35,0,24037,581573,943,107013,5.387129941828152,0.15540978178470083
1096,0.2065,1,32,1,24069,581541,944,107012,5.386833524769351,0.15541577772517148
1097,0.2066,3,113,3,24182,581428,947,107009,5.385786802030457,0.15543760721750866
1098,0.2067,0,19,0,24201,581409,947,107009,5.385610804401793,0.15544189721942192
1099,0.2068,0,41,0,24242,581368,947,107009,5.385231020045204,0.15545115539885848
1100,0.2069,0,48,0,24290,581320,947,107009,5.384786394457001,0.15546199564452465
1101,0.207,1,36,1,24326,581284,948,107008,5.384452925265849,0.15546889982739884
1102,0.2071,4,73,4,24399,581211,952,107004,5.383776723850458,0.15548048211678037
1103,0.2072,2,26,2,24425,581185,954,107002,5.383535884990181,0.15548390190456954
1104,0.2073,5,114,5,24539,581071,959,106997,5.3824798992182,0.15550352581430904
1105,0.2074,0,17,0,24556,581054,959,106997,5.382322427655712,0.15550736791313435
1106,0.2075,2,49,2,24605,581005,961,106995,5.381868539034421,0.15551598837209302
1107,0.2076,5,142,5,24747,580863,966,106990,5.3805531883359885,0.1555419544582927
1108,0.2077,1,7,1,24754,580856,967,106989,5.380488347104376,0.15554230967732555
1109,0.2078,1,21,1,24775,580835,968,106988,5.380293823409537,0.15554583083147844
1110,0.2079,2,19,2,24794,580816,970,106986,5.380117825780873,0.1555476721498338
1111,0.208,2,43,2,24837,580773,972,106984,5.379719515358109,0.15555494164363284
1112,0.2081,0,45,0,24882,580728,972,106984,5.379302678869169,0.15556512028290911
1113,0.2082,6,112,6,24994,580616,978,106978,5.378265219163363,0.1555830911846235
1114,0.2083,1,26,1,25020,580590,979,106977,5.378024380303087,0.1555877463578095
1115,0.2084,2,110,2,25130,580480,981,106975,5.377005446663455,0.15561018539395305
1116,0.2085,1,3,1,25133,580477,982,106974,5.3769776575641925,0.15560963617770576
1117,0.2086,4,56,4,25189,580421,986,106970,5.3764589277112895,0.15561739970409855
1118,0.2087,5,138,5,25327,580283,991,106965,5.375180629145207,0.15564250459804904
1119,0.2088,2,112,2,25439,580171,993,106963,5.374143169439401,0.155665416061496
1120,0.2089,0,20,0,25459,580151,993,106963,5.37395790877765,0.15566994705390955
1121,0.209,7,120,7,25579,580031,1000,106956,5.372846344807144,0.15568853559092094
1122,0.2091,4,78,4,25657,579953,1004,106952,5.372123828226314,0.15570129785050335
1123,0.2092,0,12,0,25669,579941,1004,106952,5.372012671829264,0.15570401794748237
1124,0.2093,1,21,1,25690,579920,1005,106951,5.371818148134425,0.1557075491613418
1125,0.2094,12,81,12,25771,579839,1017,106939,5.371067842454333,0.15571116139422056
1126,0.2095,2,101,2,25872,579738,1019,106937,5.37013227611249,0.15573160519896603
1127,0.2096,5,108,5,25980,579630,1024,106932,5.369131868539035,0.1557499541192201
1128,0.2097,4,56,4,26036,579574,1028,106928,5.368613138686132,0.1557577399628843
1129,0.2098,3,43,3,26079,579531,1031,106925,5.368214828263366,0.15576380714860094
1130,0.2099,0,15,0,26094,579516,1031,106925,5.368075882767053,0.15576721087464182
1131,0.21,1,23,1,26117,579493,1032,106924,5.36786283300604,0.15577120030535374
1132,0.2101,2,29,2,26146,579464,1034,106922,5.3675942050465,0.15577532175772815
1133,0.2102,1,44,1,26190,579420,1035,106921,5.3671866315906485,0.15578407817688292
1134,0.2103,6,91,6,26281,579329,1041,106915,5.366343695579681,0.15579735487669108
1135,0.2104,3,34,3,26315,579295,1044,106912,5.366028752454704,0.15580138354753012
1136,0.2105,3,120,3,26435,579175,1047,106909,5.364917188484197,0.15582494271838435
1137,0.2106,2,30,2,26465,579145,1049,106907,5.36463929749157,0.15582929573851545
1138,0.2107,6,121,6,26586,579024,1055,106901,5.363518470487977,0.15584940044465503
1139,0.2108,1,25,1,26611,578999,1056,106900,5.363286894660788,0.15585385020243506
1140,0.2109,11,86,11,26697,578913,1067,106889,5.362490273815258,0.1558598545935999
1141,0.211,6,131,6,26828,578782,1073,106883,5.361276816480789,0.15588224570307657
1142,0.2111,2,26,2,26854,578756,1075,106881,5.361035977620512,0.15588569461683077
1143,0.2112,0,18,0,26872,578738,1075,106881,5.360869243024936,0.15588978718501093
1144,0.2113,4,58,4,26930,578680,1079,106877,5.360331987105858,0.1558980507820648
1145,0.2114,2,42,2,26972,578638,1081,106875,5.359942939716181,0.1559051396545361
1146,0.2115,2,32,2,27004,578606,1083,106873,5.359646522657379,0.15590995493662096
1147,0.2116,9,55,9,27059,578551,1092,106864,5.3591370558375635,0.15591138215533654
1148,0.2117,2,26,2,27085,578525,1094,106862,5.358896216977287,0.15591483351741425
1149,0.2118,1,18,1,27103,578507,1095,106861,5.358729482381711,0.15591769677020229
1150,0.2119,5,61,5,27164,578446,1100,106856,5.35816443736337,0.1559254168235318
1151,0.212,3,41,3,27205,578405,1103,106853,5.357784653006781,0.155931050786711
1152,0.2121,4,70,4,27275,578335,1107,106849,5.357136240690652,0.15594205352138987
1153,0.2122,2,38,2,27313,578297,1109,106847,5.3567842454333245,0.155948238618451
1154,0.2123,2,37,2,27350,578260,1111,106845,5.356441513209085,0.15595419680195008
1155,0.2124,7,127,7,27477,578133,1118,106838,5.355265108006966,0.15597448651110776
1156,0.2125,3,109,3,27586,578024,1121,106835,5.354255437400423,0.15599561369566584
1157,0.2126,2,52,2,27638,577972,1123,106833,5.35377375967987,0.15600499412241442
1158,0.2127,5,83,5,27721,577889,1128,106828,5.353004927933602,0.15601774163632567
1159,0.2128,3,60,3,27781,577829,1131,106825,5.352449145948349,0.15602771618949132
1160,0.2129,2,16,2,27797,577813,1133,106823,5.352300937418948,0.156028897107368
1161,0.213,4,50,4,27847,577763,1137,106819,5.3518377857645705,0.1560353617243807
1162,0.2131,0,11,0,27858,577752,1137,106819,5.351735892400607,0.1560378689719547
1163,0.2132,7,45,7,27903,577707,1144,106812,5.3513190559116675,0.15603949634706998
1164,0.2133,0,13,0,27916,577694,1144,106812,5.35119863648153,0.15604245981773718
1165,0.2134,2,34,2,27950,577660,1146,106810,5.350883693356552,0.15604774497056118
1166,0.2135,6,62,6,28012,577598,1152,106804,5.350309385305124,0.15605448259940796
1167,0.2136,2,52,2,28064,577546,1154,106802,5.349827707584572,0.15606387393548313
1168,0.2137,6,112,6,28176,577434,1160,106796,5.348790247878766,0.1560820192040688
1169,0.2138,3,55,3,28231,577379,1163,106793,5.34828078105895,0.15609086603953393
1170,0.2139,1,33,1,28264,577346,1164,106792,5.34797510096706,0.15609716168375387
1171,0.214,1,33,1,28297,577313,1165,106791,5.347669420875171,0.1561034579537614
1172,0.2141,0,38,0,28335,577275,1165,106791,5.347317425617844,0.156112129531361
1173,0.2142,1,27,1,28362,577248,1166,106790,5.34706732372448,0.15611705782427293
1174,0.2143,9,132,9,28494,577116,1175,106781,5.345844603356923,0.1561360848197901
1175,0.2144,1,39,1,28533,577077,1176,106780,5.3454833450665085,0.1561437552002831
1176,0.2145,8,168,8,28701,576909,1184,106772,5.343927155507799,0.15617224992357548
1177,0.2146,3,33,3,28734,576876,1187,106769,5.34362147541591,0.15617608554147255
1178,0.2147,4,63,4,28797,576813,1191,106765,5.3430379043313945,0.15618554137201607
1179,0.2148,6,87,6,28884,576726,1197,106759,5.342232020452777,0.1561980145870063
1180,0.2149,4,52,4,28936,576674,1201,106755,5.341750342732224,0.15620496057381236
1181,0.215,2,37,2,28973,576637,1203,106753,5.341407610507985,0.15621094836037988
1182,0.2151,3,29,3,29002,576608,1206,106750,5.341138982548446,0.1562138732553069
1183,0.2152,5,61,5,29063,576547,1211,106745,5.340573937530105,0.1562216446263091
1184,0.2153,0,36,0,29099,576511,1211,106745,5.340240468338953,0.15622987577130681
1185,0.2154,5,46,5,29145,576465,1216,106740,5.339814368816925,0.15623421959733902
1186,0.2155,9,174,9,29319,576291,1225,106731,5.338202601059691,0.15626290221984065
1187,0.2156,1,11,1,29330,576280,1226,106730,5.338100707695728,0.15626418354050453
1188,0.2157,11,170,11,29500,576110,1237,106719,5.336525992070844,0.1562894956131037
1189,0.2158,10,218,10,29718,575892,1247,106709,5.334506650857757,0.15632704903743183
1190,0.2159,0,67,0,29785,575825,1247,106709,5.333886027640891,0.15634239466458813
1191,0.216,9,131,9,29916,575694,1256,106700,5.332672570306421,0.1563612810194697
1192,0.2161,2,48,2,29964,575646,1258,106698,5.332227944718219,0.1563698076043755
1193,0.2162,0,19,0,29983,575627,1258,106698,5.332051947089555,0.15637416187300773
1194,0.2163,2,50,2,30033,575577,1260,106696,5.331588795435177,0.15638314868095324
1195,0.2164,0,36,0,30069,575541,1260,106696,5.331255326244025,0.15639140064229878
1196,0.2165,1,13,1,30082,575528,1261,106695,5.331134906813888,0.15639314417719719
1197,0.2166,0,24,0,30106,575504,1261,106695,5.330912594019786,0.15639864614284102
1198,0.2167,7,79,7,30185,575425,1268,106688,5.330180814405869,0.1564081024698254
1199,0.2168,2,35,2,30220,575390,1270,106686,5.3298566082478045,0.15641365478333794
1200,0.2169,7,88,7,30308,575302,1277,106679,5.3290414613361,0.156425179000588
1201,0.217,3,38,3,30346,575264,1280,106676,5.328689466078773,0.15643018447370735
1202,0.2171,3,115,3,30461,575149,1283,106673,5.327624217273704,0.15645285719733304
1203,0.2172,1,31,1,30492,575118,1284,106672,5.32733706324799,0.1564587336276566
1204,0.2173,1,9,1,30501,575109,1285,106671,5.327253695950202,0.1564595617354572
1205,0.2174,2,20,2,30521,575089,1287,106669,5.327068435288451,0.15646167701735805
1206,0.2175,1,43,1,30564,575046,1288,106668,5.326670124865686,0.15647030866316372
1207,0.2176,5,70,5,30634,574976,1293,106663,5.326021712549557,0.15648018966050944
1208,0.2177,0,11,0,30645,574965,1293,106663,5.325919819185594,0.1564827149119461
1209,0.2178,1,96,1,30741,574869,1294,106662,5.325030568009189,0.1565035192823217
1210,0.2179,0,11,0,30752,574858,1294,106662,5.324928674645226,0.15650604531048246
1211,0.218,3,103,3,30855,574755,1297,106659,5.3239745822372075,0.15652598860604566
1212,0.2181,1,37,1,30892,574718,1298,106658,5.323631850012968,0.15653325036396937
1213,0.2182,5,120,5,31012,574598,1303,106653,5.322520286042462,0.15655463258035585
1214,0.2183,3,58,3,31070,574540,1306,106650,5.321983030123383,0.15656424786036202
1215,0.2184,18,187,18,31257,574353,1324,106632,5.320250842936011,0.1565849468049957
1216,0.2185,4,64,4,31321,574289,1328,106628,5.319658008818408,0.15659470978107465
1217,0.2186,1,21,1,31342,574268,1329,106627,5.319463485123569,0.1565983007659037
1218,0.2187,2,17,2,31359,574251,1331,106625,5.31930601356108,0.15659973328476845
1219,0.2188,7,89,7,31448,574162,1338,106618,5.318481603616288,0.15661153382884338
1220,0.2189,8,104,8,31552,574058,1346,106610,5.317518248175182,0.15662555019480862
1221,0.219,4,76,4,31628,573982,1350,106606,5.316814257660528,0.15663808353952757
1222,0.2191,3,37,3,31665,573945,1353,106603,5.316471525436289,0.15664288191281145
1223,0.2192,4,52,4,31717,573893,1357,106599,5.315989847715736,0.15664989448810565
1224,0.2193,1,50,1,31767,573843,1358,106598,5.315526696061358,0.156660165980592
1225,0.2194,3,21,3,31788,573822,1361,106595,5.31533217236652,0.15666128271339488
1226,0.2195,0,11,0,31799,573811,1361,106595,5.315230279002557,0.1566638154278475
1227,0.2196,0,14,0,31813,573797,1361,106595,5.315100596539331,0.15666703900104645
1228,0.2197,2,20,2,31833,573777,1363,106593,5.31491533587758,0.1566691653071123
1229,0.2198,5,73,5,31906,573704,1368,106588,5.314239134462189,0.1566797786832713
1230,0.2199,3,38,3,31944,573666,1371,106585,5.313887139204861,0.15668481192971417
1231,0.22,9,151,9,32095,573515,1380,106576,5.3124884212086405,0.15670844048811114
1232,0.2201,1,34,1,32129,573481,1381,106575,5.312173478083664,0.15671503523239264
1233,0.2202,4,119,4,32248,573362,1385,106571,5.311071177146244,0.15673750207741058
1234,0.2203,1,44,1,32292,573318,1386,106570,5.310663603690393,0.1567464052902831
1235,0.2204,5,31,5,32323,573287,1391,106565,5.310376449664679,0.15674735089401812
1236,0.2205,6,174,6,32497,573113,1397,106559,5.308764681907443,0.15678003507574242
1237,0.2206,4,182,4,32679,572931,1401,106555,5.307078809885509,0.15681706466358394
1238,0.2207,9,185,9,32864,572746,1410,106546,5.305365148764311,0.15684860119065144
1239,0.2208,10,61,10,32925,572685,1420,106536,5.30480010374597,0.15685027406396446
1240,0.2209,2,111,2,33036,572574,1422,106534,5.303771907073252,0.15687342808507632
1241,0.221,3,43,3,33079,572531,1425,106531,5.303373596650487,0.15687963691091536
1242,0.2211,4,65,4,33144,572466,1429,106527,5.302771499499796,0.15688968811165946
1243,0.2212,0,48,0,33192,572418,1429,106527,5.302326873911594,0.15690077988644147
1244,0.2213,6,56,6,33248,572362,1435,106521,5.301808144058691,0.1569062710363936
1245,0.2214,2,88,2,33336,572274,1437,106519,5.300992997146986,0.15692412856349433
1246,0.2215,7,121,7,33457,572153,1444,106512,5.2998721701433915,0.15694341096122535
1247,0.2216,3,141,3,33598,572012,1447,106509,5.298566082478047,0.1569722970991318
1248,0.2217,6,105,6,33703,571907,1453,106503,5.297593464003853,0.15698913636296635
1249,0.2218,4,51,4,33754,571856,1457,106499,5.297121049316388,0.1569959681877483
1250,0.2219,0,42,0,33796,571814,1457,106499,5.296732001926711,0.15700568911402257
1251,0.222,3,64,3,33860,571750,1460,106496,5.296139167809107,0.15701677562418356
1252,0.2221,6,63,6,33923,571687,1466,106490,5.295555596724592,0.1570239037891288
1253,0.2222,4,184,4,34107,571503,1470,106486,5.293851198636482,0.1570615452463093
1254,0.2223,10,121,10,34228,571382,1480,106476,5.292730371632888,0.15707714595092187
1255,0.2224,11,161,11,34389,571221,1491,106465,5.291239023305791,0.15710078118774773
1256,0.2225,0,17,0,34406,571204,1491,106465,5.291081551743303,0.1571047222168935
1257,0.2226,4,54,4,34460,571150,1495,106461,5.290581347956575,0.1571122664773742
1258,0.2227,3,68,3,34528,571082,1498,106458,5.289951461706621,0.1571243026241993
1259,0.2228,4,41,4,34569,571041,1502,106454,5.289571677350032,0.15712883489915055
1260,0.2229,2,26,2,34595,571015,1504,106452,5.2893308384897555,0.15713237692758467
1261,0.223,1,18,1,34613,570997,1505,106451,5.289164103894179,0.15713530780222246
1262,0.2231,2,25,2,34638,570972,1507,106449,5.28893252806699,0.1571386183776411
1263,0.2232,4,70,4,34708,570902,1511,106445,5.288284115750861,0.1571498803419813
1264,0.2233,6,96,6,34804,570806,1517,106439,5.287394864574456,0.1571646892926489
1265,0.2234,2,66,2,34870,570740,1519,106437,5.2867835043906775,0.1571775178424548
1266,0.2235,4,59,4,34929,570681,1523,106433,5.286236985438512,0.15718623451885502
1267,0.2236,2,23,2,34952,570658,1525,106431,5.286023935677498,0.15718908444827784
1268,0.2237,3,37,3,34989,570621,1528,106428,5.285681203453259,0.15719394017272015
1269,0.2238,3,45,3,35034,570576,1531,106425,5.285264366964319,0.15720065406107228
1270,0.2239,3,15,3,35049,570561,1534,106422,5.285125421468005,0.15720040237347171
1271,0.224,2,39,2,35088,570522,1536,106420,5.284764163177591,0.15720696898700331
1272,0.2241,7,37,7,35125,570485,1543,106413,5.284421430953351,0.15720684652635997
1273,0.2242,0,43,0,35168,570442,1543,106413,5.284023120530587,0.157216833738393
1274,0.2243,4,31,4,35199,570411,1547,106409,5.283735966504873,0.15721905381046658
1275,0.2244,2,54,2,35253,570357,1549,106407,5.283235762718144,0.15722910793127293
1276,0.2245,12,167,12,35420,570190,1561,106395,5.281688836192523,0.1572529689543812
1277,0.2246,1,72,1,35492,570118,1562,106394,5.281021897810219,0.15726845939170334
1278,0.2247,13,248,13,35740,569870,1575,106381,5.278724665604505,0.1573099337376211
1279,0.2248,7,76,7,35816,569794,1582,106374,5.278020675089851,0.15731889116314288
1280,0.2249,2,32,2,35848,569762,1584,106372,5.27772425803105,0.15732384409007683
1281,0.225,4,113,4,35961,569649,1588,106368,5.276677535292156,0.1573451555212369
1282,0.2251,1,87,1,36048,569562,1589,106367,5.275871651413539,0.1573641610287471
1283,0.2252,0,13,0,36061,569549,1589,106367,5.275751231983401,0.15736718763870067
1284,0.2253,1,23,1,36084,569526,1590,106366,5.275538182222387,0.15737129600587077
1285,0.2254,1,32,1,36116,569494,1591,106365,5.275241765163585,0.15737750033660866
1286,0.2255,6,33,6,36149,569461,1597,106359,5.274936085071696,0.15737770412239946
1287,0.2256,2,28,2,36177,569433,1599,106357,5.274676720145244,0.1573817310111129
1288,0.2257,3,63,3,36240,569370,1602,106354,5.274093149060729,0.15739266327672244
1289,0.2258,8,125,8,36365,569245,1610,106346,5.272935269924784,0.15741180684763414
1290,0.2259,5,117,5,36482,569128,1615,106341,5.27185149505354,0.15743283555573978
1291,0.226,10,99,10,36581,569029,1625,106331,5.270934454777873,0.1574434375740346
1292,0.2261,6,131,6,36712,568898,1631,106325,5.269720997443403,0.15746649625383022
1293,0.2262,0,22,0,36734,568876,1631,106325,5.269517210715477,0.15747162696737713
1294,0.2263,5,58,5,36792,568818,1636,106320,5.268979954796398,0.157478915421736
1295,0.2264,16,120,16,36912,568698,1652,106304,5.267868390825892,0.15748694077943473
1296,0.2265,0,12,0,36924,568686,1652,106304,5.267757234428841,0.15748974058874946
1297,0.2266,1,26,1,36950,568660,1653,106303,5.267516395568565,0.15749455896100972
1298,0.2267,3,51,3,37001,568609,1656,106300,5.2670439808811,0.15750271518086142
1299,0.2268,4,100,4,37101,568509,1660,106296,5.266117677572344,0.15752106164002935
1300,0.2269,2,47,2,37148,568462,1662,106294,5.265682315017229,0.1575295366028609
1301,0.227,2,49,2,37197,568413,1664,106292,5.2652284263959395,0.15753847978005203
1302,0.2271,1,40,1,37237,568373,1665,106291,5.264857905072437,0.15754657133032146
1303,0.2272,6,164,6,37401,568209,1671,106285,5.263338767646078,0.15757738393521661
1304,0.2273,14,215,14,37616,567994,1685,106271,5.261347215532254,0.15761013844704974
1305,0.2274,1,42,1,37658,567952,1686,106270,5.260958168142577,0.15761870719139986
1306,0.2275,2,47,2,37705,567905,1688,106268,5.2605228055874615,0.1576271965801063
1307,0.2276,3,64,3,37769,567841,1691,106265,5.259929971469858,0.15763841294989214
1308,0.2277,5,45,5,37814,567796,1696,106260,5.259513134980918,0.15764268844131646
1309,0.2278,7,128,7,37942,567668,1703,106253,5.258327466745711,0.15766388048450783
1310,0.2279,1,38,1,37980,567630,1704,106252,5.257975471488384,0.15767152112684416
1311,0.228,6,106,6,38086,567524,1710,106246,5.2569935899811036,0.15768882556361963
1312,0.2281,1,9,1,38095,567515,1711,106245,5.256910222683316,0.1576896817857991
1313,0.2282,9,118,9,38213,567397,1720,106236,5.255817184778984,0.15770605062400447
1314,0.2283,1,29,1,38242,567368,1721,106235,5.255548556819445,0.15771158976429736
1315,0.2284,1,54,1,38296,567314,1722,106234,5.255048353032717,0.15772298336569926
1316,0.2285,1,41,1,38337,567273,1723,106233,5.254668568676127,0.15773133424201122
1317,0.2286,2,39,2,38376,567234,1725,106231,5.2543073103857125,0.15773796708069462
1318,0.2287,4,57,4,38433,567177,1729,106227,5.253779317499722,0.15774631573320028
1319,0.2288,8,129,8,38562,567048,1737,106219,5.252584386231428,0.1577665324455231
1320,0.2289,4,63,4,38625,566985,1741,106215,5.2520008151469115,0.15777629233511586
1321,0.229,3,57,3,38682,566928,1744,106212,5.251472822260921,0.1577858989214725
1322,0.2291,1,86,1,38768,566842,1745,106211,5.250676201415391,0.15780480883377684
1323,0.2292,7,214,7,38982,566628,1752,106204,5.248693912334655,0.15784623799105868
1324,0.2293,6,158,6,39140,566470,1758,106198,5.247230353106821,0.15787580203012483
1325,0.2294,0,25,0,39165,566445,1758,106198,5.246998777279632,0.15788166977133486
1326,0.2295,2,48,2,39213,566397,1760,106196,5.24655415169143,0.1578904329958831
1327,0.2296,7,104,7,39317,566293,1767,106189,5.245590796250324,0.15790608521863783
1328,0.2297,4,55,4,39372,566238,1771,106185,5.2450813294305085,0.1579139916391914
1329,0.2298,15,162,15,39534,566076,1786,106170,5.243580718070325,0.15793325657571783
1330,0.2299,2,22,2,39556,566054,1788,106168,5.243376931342398,0.15793591997881654
1331,0.23,12,144,12,39700,565910,1800,106156,5.242043054577791,0.15795472468477798
1332,0.2301,6,126,6,39826,565784,1806,106150,5.240875912408759,0.15797682510484662
1333,0.2302,1,28,1,39854,565756,1807,106149,5.240616547482308,0.15798215521539502
1334,0.2303,6,155,6,40009,565601,1813,106143,5.239180777353737,0.15801108755716464
1335,0.2304,1,29,1,40038,565572,1814,106142,5.2389121493941975,0.15801665589819477
1336,0.2305,3,83,3,40121,565489,1817,106139,5.238143317647931,0.15803242271019077
1337,0.2306,0,14,0,40135,565475,1817,106139,5.238013635184705,0.15803571694455446
1338,0.2307,4,177,4,40312,565298,1821,106135,5.236374078328208,0.1580723616503806
1339,0.2308,3,70,3,40382,565228,1824,106132,5.235725666012079,0.15808508102955196
1340,0.2309,4,43,4,40425,565185,1828,106128,5.235327355589314,0.15809019041788258
1341,0.231,4,64,4,40489,565121,1832,106124,5.234734521471711,0.15810024655677138
1342,0.2311,1,154,1,40643,564967,1833,106123,5.233308014376227,0.15813527246718026
1343,0.2312,4,24,4,40667,564943,1837,106119,5.233085701582126,0.15813590994572782
1344,0.2313,1,29,1,40696,564914,1838,106118,5.232817073622587,0.15814148952657994
1345,0.2314,4,43,4,40739,564871,1842,106114,5.2324187631998225,0.15814660536375627
1346,0.2315,6,187,6,40926,564684,1848,106108,5.23068657601245,0.15818316258989373
1347,0.2316,2,11,2,40937,564673,1850,106106,5.2305846826484865,0.15818324664308214
1348,0.2317,1,25,1,40962,564648,1851,106105,5.230353106821298,0.15818788734452174
1349,0.2318,6,123,6,41085,564525,1857,106099,5.229213753751528,0.1582093691845207
1350,0.2319,3,49,3,41134,564476,1860,106096,5.228759865130238,0.15821716385414245
1351,0.232,12,187,12,41321,564289,1872,106084,5.227027677942866,0.15824623008384883
1352,0.2321,13,257,13,41578,564032,1885,106071,5.224647078439364,0.158290591147928
1353,0.2322,9,128,9,41706,563904,1894,106062,5.223461410204157,0.1583095261550586
1354,0.2323,2,66,2,41772,563838,1896,106060,5.222850050020378,0.1583226103078379
1355,0.2324,4,41,4,41813,563797,1900,106056,5.222470265663789,0.15832727479014053
1356,0.2325,17,227,17,42040,563570,1917,106039,5.2203675571529145,0.15835957999369782
1357,0.2326,6,47,6,42087,563523,1923,106033,5.219932194597799,0.15836315409017318
1358,0.2327,11,96,11,42183,563427,1934,106022,5.219042943421394,0.15837203431478725
1359,0.2328,7,124,7,42307,563303,1941,106015,5.217894327318537,0.1583925727382201
1360,0.2329,4,60,4,42367,563243,1945,106011,5.217338545333284,0.15840174283605327
1361,0.233,18,234,18,42601,563009,1963,105993,5.215170995590796,0.15843450393272368
1362,0.2331,9,130,9,42731,562879,1972,105984,5.2139668012894145,0.15845397338468417
1363,0.2332,1,26,1,42757,562853,1973,105983,5.213725962429137,0.1584588748213314
1364,0.2333,5,74,5,42831,562779,1978,105978,5.213040497980659,0.15847011694830856
1365,0.2334,0,37,0,42868,562742,1978,105978,5.2126977657564195,0.158478885034095
1366,0.2335,3,53,3,42921,562689,1981,105975,5.212206825002779,0.15848767093787014
1367,0.2336,5,116,5,43037,562573,1986,105970,5.211132313164622,0.15850887676634112
1368,0.2337,0,16,0,43053,562557,1986,105970,5.210984104635222,0.15851267039326758
1369,0.2338,6,59,6,43112,562498,1992,105964,5.2104375856830565,0.15851910804204278
1370,0.2339,6,73,6,43185,562425,1998,105958,5.209761384267664,0.15852886743079941
1371,0.234,12,232,12,43417,562193,2010,105946,5.2076123605913525,0.15856880080342564
1372,0.2341,9,106,9,43523,562087,2019,105937,5.206630479084072,0.1585826257739243
1373,0.2342,2,16,2,43539,562071,2021,105935,5.2064822705546705,0.15858390493498561
1374,0.2343,5,42,5,43581,562029,2026,105930,5.206093223164993,0.1585875779800856
1375,0.2344,4,154,4,43735,561875,2030,105926,5.20466671606951,0.15861910958504105
1376,0.2345,8,77,8,43812,561798,2038,105918,5.203953462521768,0.15862732059737972
1377,0.2346,2,58,2,43870,561740,2040,105916,5.20341620660269,0.1586385803467654
1378,0.2347,1,40,1,43910,561700,2041,105915,5.2030456852791875,0.1586468248915917
1379,0.2348,8,92,8,44002,561608,2049,105907,5.2021934862351324,0.15865860692269088
1380,0.2349,3,110,3,44112,561498,2052,105904,5.201174552595502,0.15868097488470218
1381,0.235,2,46,2,44158,561452,2054,105902,5.200748453073475,0.158689391237634
1382,0.2351,5,75,5,44233,561377,2059,105897,5.200053725591908,0.1587009234587291
1383,0.2352,14,107,14,44340,561270,2073,105883,5.19906258105154,0.15870872198731026
1384,0.2353,7,54,7,44394,561216,2080,105876,5.198562377264811,0.15871274127106905
1385,0.2354,9,80,9,44474,561136,2089,105867,5.1978213346178075,0.15872042554531238
1386,0.2355,15,158,15,44632,560978,2104,105852,5.1963577753899735,0.15873910891831503
1387,0.2356,6,173,6,44805,560805,2110,105846,5.194755270665826,0.15877273115918225
1388,0.2357,2,90,2,44895,560715,2112,105844,5.193921597687947,0.15879164485064337
1389,0.2358,7,112,7,45007,560603,2119,105837,5.192884137982141,0.15880949522837765
1390,0.2359,6,96,6,45103,560507,2125,105831,5.191994886805736,0.15882480062670898
1391,0.236,2,42,2,45145,560465,2127,105829,5.1916058394160585,0.15883228724857196
1392,0.2361,0,75,0,45220,560390,2127,105829,5.190911111934492,0.15885016788773662
1393,0.2362,3,80,3,45300,560310,2130,105826,5.190170069287488,0.15886545690369533
1394,0.2363,8,68,8,45368,560242,2138,105818,5.189540183037534,0.1588715731315497
1395,0.2364,3,90,3,45458,560152,2141,105815,5.188706510059654,0.15888925427235884
1396,0.2365,2,49,2,45507,560103,2143,105813,5.188252621438364,0.15889841962049267
1397,0.2366,4,115,4,45622,559988,2147,105809,5.187187372633295,0.15892081219951426
1398,0.2367,1,43,1,45665,559945,2148,105808,5.18678906221053,0.1589298133091402
1399,0.2368,5,32,5,45697,559913,2153,105803,5.186492645151729,0.1589311357996503
1400,0.2369,10,110,10,45807,559803,2163,105793,5.185473711512097,0.15894476529306065
1401,0.237,4,70,4,45877,559733,2167,105789,5.1848252991959685,0.1589564281871974
1402,0.2371,3,23,3,45900,559710,2170,105786,5.184612249434955,0.15895813047711782
1403,0.2372,2,52,2,45952,559658,2172,105784,5.184130571714402,0.15896802426056666
1404,0.2373,10,187,10,46139,559471,2182,105774,5.18239838452703,0.15900006764425137
1405,0.2374,8,129,8,46268,559342,2190,105766,5.181203453258735,0.15902079060844254
1406,0.2375,8,51,8,46319,559291,2198,105758,5.1807310385712695,0.15902286899160814
1407,0.2376,4,95,4,46414,559196,2202,105754,5.179851050427952,0.15904052936311
1408,0.2377,15,93,15,46507,559103,2217,105739,5.1789895883508095,0.15904380288850584
1409,0.2378,5,44,5,46551,559059,2222,105734,5.178582014894957,0.15904800441641231
1410,0.2379,16,264,16,46815,558795,2238,105718,5.176136574159843,0.1590909432923058
1411,0.238,7,76,7,46891,558719,2245,105711,5.175432583645189,0.15910028144424546
1412,0.2381,6,63,6,46954,558656,2251,105705,5.1748490125606725,0.15910777423719935
1413,0.2382,1,51,1,47005,558605,2252,105704,5.1743765978732075,0.15911872336518096
1414,0.2383,1,43,1,47048,558562,2253,105703,5.173978287450443,0.1591277577472846
1415,0.2384,1,42,1,47090,558520,2254,105702,5.173589240060766,0.15913655374257402
1416,0.2385,1,19,1,47109,558501,2255,105701,5.173413242432102,0.15913983998843725
1417,0.2386,3,47,3,47156,558454,2258,105698,5.172977879876987,0.1591473036292897
1418,0.2387,3,48,3,47204,558406,2261,105695,5.172533254288784,0.15915500804847454
1419,0.2388,8,132,8,47336,558274,2269,105687,5.171310533921227,0.1591765178978886
1420,0.2389,8,44,8,47380,558230,2277,105679,5.170902960465375,0.1591769353932542
1421,0.239,6,180,6,47560,558050,2283,105673,5.169235614509615,0.15921250280614052
1422,0.2391,3,33,3,47593,558017,2286,105670,5.168929934417726,0.15921661867717765
1423,0.2392,9,137,9,47730,557880,2295,105661,5.167660898884731,0.15923808777453088
1424,0.2393,11,158,11,47888,557722,2306,105650,5.166197339656898,0.15926207316558433
1425,0.2394,8,116,8,48004,557606,2314,105642,5.165122827818741,0.15927978674643573
1426,0.2395,1,63,1,48067,557543,2315,105641,5.164539256734225,0.15929365002774493
1427,0.2396,7,80,7,48147,557463,2322,105634,5.163798214087221,0.15930399323175945
1428,0.2397,6,199,6,48346,557264,2328,105628,5.1619548705027976,0.15934420689946477
1429,0.2398,6,192,6,48538,557072,2334,105622,5.160176368149987,0.1593827618780312
1430,0.2399,3,36,3,48574,557036,2337,105619,5.159842898958835,0.15938761497310064
1431,0.24,5,46,5,48620,556990,2342,105614,5.159416799436808,0.15939233690107515
1432,0.2401,3,57,3,48677,556933,2345,105611,5.158888806550817,0.159402243473641
1433,0.2402,3,41,3,48718,556892,2348,105608,5.158509022194227,0.15940830188679245
1434,0.2403,12,144,12,48862,556748,2360,105596,5.157175145429619,0.15942772939741282
1435,0.2404,11,127,11,48989,556621,2371,105585,5.1559987402275,0.1594443420929439
1436,0.2405,5,104,5,49093,556517,2376,105580,5.155035384786395,0.1594630394035919
1437,0.2406,5,70,5,49163,556447,2381,105575,5.154386972470266,0.15947355223844525
1438,0.2407,6,176,6,49339,556271,2387,105569,5.152756678646856,0.15950834038438294
1439,0.2408,7,114,7,49453,556157,2394,105562,5.151700692874875,0.15952692910434793
1440,0.2409,2,54,2,49507,556103,2396,105560,5.151200489088147,0.15953740801586305
1441,0.241,7,51,7,49558,556052,2403,105553,5.150728074400682,0.15954081362746653
1442,0.2411,9,129,9,49687,555923,2412,105544,5.149533143132388,0.15956049205780484
1443,0.2412,4,53,4,49740,555870,2416,105540,5.149042202378747,0.1595681952193042
1444,0.2413,5,60,5,49800,555810,2421,105535,5.1484864203934935,0.15957631795810054
1445,0.2414,8,96,8,49896,555714,2429,105527,5.1475971692170885,0.1595893176617905
1446,0.2415,8,107,8,50003,555607,2437,105519,5.1466060246767205,0.159604976963544
1447,0.2416,1,13,1,50016,555594,2438,105518,5.146485605246582,0.1596068442260918
1448,0.2417,4,36,4,50052,555558,2442,105514,5.14615213605543,0.15961045090398626
1449,0.2418,7,131,7,50183,555427,2449,105507,5.14493867872096,0.15963318576438798
1450,0.2419,0,41,0,50224,555386,2449,105507,5.144558894364371,0.15964308897204238
1451,0.242,3,88,3,50312,555298,2452,105504,5.143743747452666,0.15966053371509167
1452,0.2421,1,36,1,50348,555262,2453,105503,5.143410278261514,0.15966796062140096
1453,0.2422,2,39,2,50387,555223,2455,105501,5.143049019971099,0.15967484153746497
1454,0.2423,5,113,5,50500,555110,2460,105496,5.142002297232206,0.1596957944675041
1455,0.2424,3,52,3,50552,555058,2463,105493,5.1415206195116525,0.15970454968654957
1456,0.2425,6,82,6,50634,554976,2469,105487,5.140761050798473,0.159716744162807
1457,0.2426,8,169,8,50803,554807,2477,105479,5.139195598206677,0.15974744277479758
1458,0.2427,2,33,2,50836,554774,2479,105477,5.138889918114788,0.1597528818585659
1459,0.2428,3,13,3,50849,554761,2482,105474,5.138769498684649,0.15975220944057797
1460,0.2429,0,40,0,50889,554721,2482,105474,5.138398977361147,0.15976188853293344
1461,0.243,5,73,5,50962,554648,2487,105469,5.137722775945756,0.15977319172207352
1462,0.2431,16,238,16,51200,554410,2503,105453,5.135518174070918,0.15981044550156623
1463,0.2432,1,28,1,51228,554382,2504,105452,5.135258809144466,0.15981595370956939
1464,0.2433,8,124,8,51352,554258,2512,105444,5.13411019304161,0.159835804651191
1465,0.2434,9,114,9,51466,554144,2521,105435,5.133054207269629,0.15985196617842592
1466,0.2435,2,42,2,51508,554102,2523,105433,5.132665159879951,0.15985959805014138
1467,0.2436,5,99,5,51607,554003,2528,105428,5.131748119604283,0.15987722748854694
1468,0.2437,11,104,11,51711,553899,2539,105417,5.130784764163177,0.15988842982727555
1469,0.2438,3,35,3,51746,553864,2542,105414,5.1304605580051135,0.15989309517381134
1470,0.2439,2,16,2,51762,553848,2544,105412,5.130312349475712,0.1598944270849134
1471,0.244,3,86,3,51848,553762,2547,105409,5.1295157286301825,0.1599114645516869
1472,0.2441,3,66,3,51914,553696,2550,105406,5.128904368446404,0.15992365369851708
1473,0.2442,3,46,3,51960,553650,2553,105403,5.128478268924376,0.15993099189291302
1474,0.2443,5,71,5,52031,553579,2558,105398,5.12782059357516,0.15994184926029284
1475,0.2444,2,33,2,52064,553546,2560,105396,5.127514913483271,0.1599473094748855
1476,0.2445,0,38,0,52102,553508,2560,105396,5.1271629182259435,0.1599565338805046
1477,0.2446,3,32,3,52134,553476,2563,105393,5.126866501167142,0.15996047772774255
1478,0.2447,8,87,8,52221,553389,2571,105385,5.126060617288525,0.1599714014214283
1479,0.2448,9,179,9,52400,553210,2580,105376,5.124402534365853,0.16000340122626355
1480,0.2449,1,22,1,52422,553188,2581,105375,5.1241987476379265,0.16000747081144856
1481,0.245,2,29,2,52451,553159,2583,105373,5.123930119678388,0.1600119660092448
1482,0.2451,8,161,8,52612,552998,2591,105365,5.122438771351291,0.16004088929663424
1483,0.2452,7,55,7,52667,552943,2598,105358,5.121929304531476,0.16004532880855415
1484,0.2453,3,115,3,52782,552828,2601,105355,5.120864055726407,0.16006946396366967
1485,0.2454,7,57,7,52839,552771,2608,105348,5.120336062840416,0.1600743938406276
1486,0.2455,14,165,14,53004,552606,2622,105334,5.11880766238097,0.16009666534942396
1487,0.2456,2,50,2,53054,552556,2624,105332,5.118344510726592,0.16010627948830197
1488,0.2457,4,65,4,53119,552491,2628,105328,5.117742413575901,0.16011699266819596
1489,0.2458,12,181,12,53300,552310,2640,105316,5.116065804587054,0.16014573633037624
1490,0.2459,1,57,1,53357,552253,2641,105315,5.1155378117010635,0.16015834103849336
1491,0.246,8,118,8,53475,552135,2649,105307,5.114444773796732,0.16017686731301012
1492,0.2461,11,215,11,53690,551920,2660,105296,5.112453221682908,0.16021521082870777
1493,0.2462,8,66,8,53756,551854,2668,105288,5.111841861499129,0.1602210785492329
1494,0.2463,4,92,4,53848,551762,2672,105284,5.110989662455074,0.16023840035553066
1495,0.2464,4,101,4,53949,551661,2676,105280,5.110054096113231,0.16025792270538755
1496,0.2465,7,85,7,54034,551576,2683,105273,5.109266738300789,0.16026971191247913
1497,0.2466,13,216,13,54250,551360,2696,105260,5.107265923153878,0.16030580853461668
1498,0.2467,7,140,7,54390,551220,2703,105253,5.10596909852162,0.1603310417945597
1499,0.2468,4,156,4,54546,551064,2707,105249,5.1045240653599615,0.16036403362420065
1500,0.2469,3,52,3,54598,551012,2710,105246,5.104042387639408,0.16037290212081223
1501,0.247,1,52,1,54650,550960,2711,105245,5.103560709918856,0.16038433111603842
1502,0.2471,5,93,5,54743,550867,2716,105240,5.102699247841714,0.1604006663547257
1503,0.2472,4,86,4,54829,550781,2720,105236,5.101902626996184,0.16041657457047606
1504,0.2473,11,148,11,54977,550633,2731,105225,5.100531698099226,0.16043869252185686
1505,0.2474,3,119,3,55096,550514,2734,105222,5.099429397161806,0.16046396720631473
1506,0.2475,1,9,1,55105,550505,2735,105221,5.0993460298640185,0.16046488929827396
1507,0.2476,7,61,7,55166,550444,2742,105214,5.0987809848456775,0.1604708552324535
1508,0.2477,1,59,1,55225,550385,2743,105213,5.098234465893512,0.16048401611963428
1509,0.2478,3,16,3,55241,550369,2746,105210,5.098086257364112,0.16048409116216353
1510,0.2479,9,103,9,55344,550266,2755,105201,5.0971321649560934,0.16049778249705934
1511,0.248,0,28,0,55372,550238,2755,105201,5.096872800029642,0.16050463887562383
1512,0.2481,3,49,3,55421,550189,2758,105198,5.096418911408351,0.16051279625625775
1513,0.2482,7,106,7,55527,550083,2765,105191,5.0954370299010705,0.16052979364357506
1514,0.2483,3,138,3,55665,549945,2768,105188,5.094158731334988,0.16055976420055165
1515,0.2484,9,71,9,55736,549874,2777,105179,5.093501055985772,0.16056563362048568
1516,0.2485,8,81,8,55817,549793,2785,105171,5.09275075030568,0.16057523772298934
1517,0.2486,0,23,0,55840,549770,2785,105171,5.092537700544666,0.1605808767507302
1518,0.2487,1,22,1,55862,549748,2786,105170,5.0923339138167405,0.16058498926583176
1519,0.2488,1,24,1,55886,549724,2787,105169,5.092111601022639,0.16058959249831653
1520,0.2489,8,56,8,55942,549668,2795,105161,5.091592871169736,0.16059307086277486
1521,0.249,5,73,5,56015,549595,2800,105156,5.090916669754344,0.16060456570513065
1522,0.2491,1,18,1,56033,549577,2801,105155,5.090749935158768,0.16060769902799923
1523,0.2492,4,74,4,56107,549503,2805,105151,5.090064470710289,0.16062072484090834
1524,0.2493,1,61,1,56168,549442,2806,105150,5.089499425691948,0.16063441044192414
1525,0.2494,9,152,9,56320,549290,2815,105141,5.08809144466264,0.16066017655031622
1526,0.2495,1,25,1,56345,549265,2816,105140,5.0878598688354515,0.160665031593585
1527,0.2496,2,42,2,56387,549223,2818,105138,5.087470821445774,0.16067277848160266
1528,0.2497,3,116,3,56503,549107,2821,105135,5.086396309607618,0.16069741777507404
1529,0.2498,5,128,5,56631,548979,2826,105130,5.085210641372411,0.1607224483992729
1530,0.2499,2,100,2,56731,548879,2828,105128,5.0842843380636555,0.16074445686361155
1531,0.25,2,47,2,56778,548832,2830,105126,5.08384897550854,0.16075344288165294
1532,0.2501,10,121,10,56899,548711,2840,105116,5.0827281485049465,0.1607703566845664
1533,0.2502,7,121,7,57020,548590,2847,105109,5.081607321501353,0.16079112863871597
1534,0.2503,12,236,12,57256,548354,2859,105097,5.079421245692689,0.16083378860848022
1535,0.2504,3,56,3,57312,548298,2862,105094,5.078902515839786,0.1608437201557411
1536,0.2505,17,246,17,57558,548052,2879,105077,5.076623809700248,0.16088245966723266
1537,0.2506,0,53,0,57611,547999,2879,105077,5.076132868946608,0.16089551598895074
1538,0.2507,7,35,7,57646,547964,2886,105070,5.0758086627885435,0.16089514481634953
1539,0.2508,3,38,3,57684,547926,2889,105067,5.075456667531216,0.16090065284007637
1540,0.2509,0,32,0,57716,547894,2889,105067,5.075160250472415,0.16090853818221915
1541,0.251,5,67,5,57783,547827,2894,105062,5.0745396272555485,0.16091862475857305
1542,0.2511,9,177,9,57960,547650,2903,105053,5.072900070399052,0.1609506927346741
1543,0.2512,1,58,1,58018,547592,2904,105052,5.072362814479973,0.1609637106906675
1544,0.2513,8,88,8,58106,547504,2912,105044,5.071547667568269,0.160975131331335
1545,0.2514,5,64,5,58170,547440,2917,105039,5.070954833450665,0.1609844914548974
1546,0.2515,6,77,6,58247,547363,2923,105033,5.070241579902923,0.16099577557189193
1547,0.2516,2,64,2,58311,547299,2925,105031,5.06964874578532,0.16100899851302256
1548,0.2517,11,187,11,58498,547112,2936,105020,5.067916558597947,0.16104101623597677
1549,0.2518,13,168,13,58666,546944,2949,105007,5.066360369039238,0.16106578561885787
1550,0.2519,10,224,10,58890,546720,2959,104997,5.064285449627626,0.16110827245568246
1551,0.252,3,71,3,58961,546649,2962,104994,5.06362777427841,0.1611219640201767
1552,0.2521,1,39,1,59000,546610,2963,104993,5.063266515987995,0.16113032014892503
1553,0.2522,6,108,6,59108,546502,2969,104987,5.062266108414539,0.16114930566747865
1554,0.2523,1,17,1,59125,546485,2970,104986,5.0621086368520505,0.16115222319949776
1555,0.2524,3,105,3,59230,546380,2973,104983,5.061136018377858,0.16117433750458654
1556,0.2525,3,39,3,59269,546341,2976,104980,5.060774760087443,0.16118012470041654
1557,0.2526,5,98,5,59367,546243,2981,104975,5.059866982844863,0.1611979398603847
1558,0.2527,3,137,3,59504,546106,2984,104972,5.058597947311868,0.16122799418810035
1559,0.2528,7,84,7,59588,546022,2991,104965,5.057819852532513,0.16123977898176153
1560,0.2529,12,226,12,59814,545796,3003,104953,5.055726407054726,0.1612803093051238
1561,0.253,7,114,7,59928,545682,3010,104946,5.0546704212827445,0.1612995444401409
1562,0.2531,3,101,3,60029,545581,3013,104943,5.053734854940902,0.1613207199119479
1563,0.2532,4,36,4,60065,545545,3017,104939,5.0534013857497495,0.16132449068693466
1564,0.2533,13,161,13,60226,545384,3030,104926,5.051910037422654,0.16134766495978842
1565,0.2534,1,33,1,60259,545351,3031,104925,5.051604357330764,0.16135456329312475
1566,0.2535,5,102,5,60361,545249,3036,104920,5.050659527955834,0.1613734275242283
1567,0.2536,10,150,10,60511,545099,3046,104910,5.049270072992701,0.16139776526171176
1568,0.2537,6,85,6,60596,545014,3052,104904,5.048482715180259,0.16141113186586614
1569,0.2538,2,88,2,60684,544926,3054,104902,5.047667568268554,0.1614304092775319
1570,0.2539,2,31,2,60715,544895,3056,104900,5.04738041424284,0.16143552966704883
1571,0.254,9,114,9,60829,544781,3065,104891,5.046324428470858,0.16145224051521384
1572,0.2541,7,124,7,60953,544657,3072,104884,5.045175812368002,0.1614740255041637
1573,0.2542,6,104,6,61057,544553,3078,104878,5.044212456926896,0.1614921369629722
1574,0.2543,12,114,12,61171,544439,3090,104866,5.043156471154915,0.16150499380106423
1575,0.2544,5,102,5,61273,544337,3095,104861,5.042211641779985,0.16152391104100752
1576,0.2545,3,72,3,61345,544265,3098,104858,5.041544703397681,0.16153795197520346
1577,0.2546,2,15,2,61360,544250,3100,104856,5.041405757901368,0.16153910147187053
1578,0.2547,7,54,7,61414,544196,3107,104849,5.040905554114639,0.1615434985247556
1579,0.2548,6,117,6,61531,544079,3113,104843,5.039821779243395,0.16156487220343893
1580,0.2549,5,71,5,61602,544008,3118,104838,5.039164103894179,0.16157609047447313
1581,0.255,5,65,5,61667,543943,3123,104833,5.038562006743488,0.1615858169845987
1582,0.2551,7,107,7,61774,543836,3130,104826,5.03757086220312,0.16160342366286293
1583,0.2552,5,162,5,61936,543674,3135,104821,5.036070250842936,0.16163732950909412
1584,0.2553,5,128,5,62064,543546,3140,104816,5.034884582607729,0.16166277480790053
1585,0.2554,1,51,1,62115,543495,3141,104815,5.034412167920264,0.16167419907143188
1586,0.2555,2,37,2,62152,543458,3143,104813,5.034069435696025,0.16168084026587645
1587,0.2556,2,71,2,62223,543387,3145,104811,5.033411760346808,0.16169596327048216
1588,0.2557,5,69,5,62292,543318,3150,104806,5.032772611063766,0.16170671044429769
1589,0.2558,11,182,11,62474,543136,3161,104795,5.0310867390418315,0.1617379011036669
1590,0.2559,13,145,13,62619,542991,3174,104782,5.029743599244137,0.16175728225782798
1591,0.256,9,68,9,62687,542923,3183,104773,5.0291137129941825,0.1617626170302117
1592,0.2561,6,132,6,62819,542791,3189,104767,5.0278909926266255,0.1617878244110952
1593,0.2562,10,96,10,62915,542695,3199,104757,5.027001741450221,0.16179886694303208
1594,0.2563,5,95,5,63010,542600,3204,104752,5.026121753306903,0.1618161371247791
1595,0.2564,7,161,7,63171,542439,3211,104745,5.024630404979806,0.16184732626270118
1596,0.2565,2,61,2,63232,542378,3213,104743,5.024065359961466,0.16185999218075137
1597,0.2566,2,34,2,63266,542344,3215,104741,5.023750416836489,0.16186590633378922
1598,0.2567,1,51,1,63317,542293,3216,104740,5.0232780021490235,0.16187736946956338
1599,0.2568,1,63,1,63380,542230,3217,104739,5.022694431064508,0.16189183716685035
1600,0.2569,4,106,4,63486,542124,3221,104735,5.021712549557227,0.16191318355313908
1601,0.257,5,65,5,63551,542059,3226,104730,5.021110452406536,0.16192297642662445
1602,0.2571,9,111,9,63662,541948,3235,104721,5.020082255733818,0.16193910640528617
1603,0.2572,4,57,4,63719,541891,3239,104717,5.0195542628478265,0.16194819736223492
1604,0.2573,5,146,5,63865,541745,3244,104712,5.018201860017044,0.16197829089947205
1605,0.2574,2,49,2,63914,541696,3246,104710,5.017747971395754,0.16198797659675188
1606,0.2575,4,166,4,64080,541530,3250,104706,5.016210307903219,0.1620243997548883
1607,0.2576,2,64,2,64144,541466,3252,104704,5.015617473785617,0.16203785381555938
1608,0.2577,5,42,5,64186,541424,3257,104699,5.0152284263959395,0.1620419022384283
1609,0.2578,0,42,0,64228,541382,3257,104699,5.014839379006262,0.16205243614964687
1610,0.2579,3,72,3,64300,541310,3260,104696,5.014172440623958,0.16206660619251215
1611,0.258,5,68,5,64368,541242,3265,104691,5.013542554374005,0.16207718137949292
1612,0.2581,5,76,5,64444,541166,3270,104686,5.01283856385935,0.1620897666957755
1613,0.2582,11,118,11,64562,541048,3281,104675,5.0117455259550185,0.16210511318320703
1614,0.2583,15,254,15,64816,540794,3296,104660,5.00939271555078,0.16214943280233757
1615,0.2584,2,16,2,64832,540778,3298,104658,5.009244507021379,0.16215085616544475
1616,0.2585,9,154,9,64986,540624,3307,104649,5.007817999925896,0.16217786890199962
1617,0.2586,8,74,8,65060,540550,3315,104641,5.0071325354774165,0.16218608133095472
1618,0.2587,2,41,2,65101,540509,3317,104639,5.006752751120827,0.16219379119209856
1619,0.2588,3,134,3,65235,540375,3320,104636,5.005511504687095,0.16222358998528708
1620,0.2589,15,175,15,65410,540200,3335,104621,5.003890473896773,0.16224812777499492
1621,0.259,14,158,14,65568,540042,3349,104607,5.0024269146689395,0.16226970025548787
1622,0.2591,17,197,17,65765,539845,3366,104590,5.000602097150691,0.16229720607974427
1623,0.2592,4,37,4,65802,539808,3370,104586,5.0002593649264515,0.1623013249657818
1624,0.2593,2,65,2,65867,539743,3372,104584,4.999657267775761,0.16231509776867956
1625,0.2594,7,116,7,65983,539627,3379,104577,4.998582755937604,0.16233522300389316
1626,0.2595,6,81,6,66064,539546,3385,104571,4.997832450257512,0.16234783432202535
1627,0.2596,4,46,4,66110,539500,3389,104567,4.997406350735485,0.16235422712233355
1628,0.2597,6,35,6,66145,539465,3395,104561,4.99708214457742,0.16235524652731412
1629,0.2598,15,253,15,66398,539212,3410,104546,4.994738597206269,0.16239953522907677
1630,0.2599,6,127,6,66525,539085,3416,104540,4.99356219200415,0.1624237716061371
1631,0.26,3,62,3,66587,539023,3419,104537,4.992987883952721,0.16243551494810118
1632,0.2601,3,88,3,66675,538935,3422,104534,4.992172737041017,0.16245382450436618
1633,0.2602,3,57,3,66732,538878,3425,104531,4.9916447441550265,0.16246431119241417
1634,0.2603,2,51,2,66783,538827,3427,104529,4.9911723294675605,0.16247458638762988
1635,0.2604,26,319,26,67102,538508,3453,104503,4.988217421912631,0.16252132545166412
1636,0.2605,5,90,5,67192,538418,3458,104498,4.987383748934751,0.1625375632275445
1637,0.2606,1,76,1,67268,538342,3459,104497,4.986679758420097,0.16255547656567196
1638,0.2607,2,56,2,67324,538286,3461,104495,4.986161028567194,0.1625670329396793
1639,0.2608,7,68,7,67392,538218,3468,104488,4.985531142317241,0.1625751121041347
1640,0.2609,4,29,4,67421,538189,3472,104484,4.985262514357701,0.16257723601271565
1641,0.261,11,107,11,67528,538082,3483,104473,4.984271369817333,0.16258997284279167
1642,0.2611,8,182,8,67710,537900,3491,104465,4.982585497795398,0.16262561005036077
1643,0.2612,9,84,9,67794,537816,3500,104456,4.9818074030160435,0.16263514523441783
1644,0.2613,9,172,9,67966,537644,3509,104447,4.980214161324985,0.16266697399589777
1645,0.2614,8,164,8,68130,537480,3517,104439,4.978695023898625,0.16269809742350672
1646,0.2615,2,45,2,68175,537435,3519,104437,4.9782781874096855,0.1627068948326146
1647,0.2616,2,74,2,68249,537361,3521,104435,4.977592722961206,0.16272304595229636
1648,0.2617,2,62,2,68311,537299,3523,104433,4.977018414909778,0.16273615777302675
1649,0.2618,11,189,11,68500,537110,3534,104422,4.975267701656231,0.16276974492309035
1650,0.2619,3,27,3,68527,537083,3537,104419,4.975017599762866,0.1627726803657666
1651,0.262,5,98,5,68625,536985,3542,104414,4.974109822520286,0.16279102399598377
1652,0.2621,5,108,5,68733,536877,3547,104409,4.97310941494683,0.16281191231369466
1653,0.2622,4,39,4,68772,536838,3551,104405,4.972748156656416,0.1628165921499338
1654,0.2623,4,53,4,68825,536785,3555,104401,4.972257215902776,0.16282482774109228
1655,0.2624,8,89,8,68914,536696,3563,104393,4.971432805957983,0.16283698519238357
1656,0.2625,4,74,4,68988,536622,3567,104389,4.970747341509504,0.16285055950677912
1657,0.2626,6,117,6,69105,536505,3573,104383,4.96966356663826,0.1628724519728876
1658,0.2627,8,193,8,69298,536312,3581,104375,4.9678758012523625,0.16291106265618
1659,0.2628,2,49,2,69347,536263,3583,104373,4.967421912631072,0.1629209098458407
1660,0.2629,6,94,6,69441,536169,3589,104367,4.9665511875208415,0.16293697778110833
1661,0.263,4,56,4,69497,536113,3593,104363,4.966032457667938,0.16294599641516622
1662,0.2631,9,81,9,69578,536032,3602,104354,4.9652821519878465,0.16295484286039982
1663,0.2632,6,96,6,69674,535936,3608,104348,4.964392900811442,0.16297143142730414
1664,0.2633,4,119,4,69793,535817,3612,104344,4.963290599874023,0.16299649619392623
1665,0.2634,3,144,3,69937,535673,3615,104341,4.961956723109415,0.1630292462352386
1666,0.2635,8,149,8,70086,535524,3623,104333,4.9605765311793695,0.16305674549157076
1667,0.2636,7,82,7,70168,535442,3630,104326,4.95981696246619,0.1630684873266559
1668,0.2637,3,92,3,70260,535350,3633,104323,4.958964763422135,0.16308801528280856
1669,0.2638,2,125,2,70385,535225,3635,104321,4.957806884286191,0.1631172738161133
1670,0.2639,11,151,11,70536,535074,3646,104310,4.95640816628997,0.1631413985961488
1671,0.264,9,244,9,70780,534830,3655,104301,4.954147986216607,0.16319189649696228
1672,0.2641,5,111,5,70891,534719,3660,104296,4.953119789543888,0.16321369607912178
1673,0.2642,6,105,6,70996,534614,3666,104290,4.952147171069695,0.1632326609318458
1674,0.2643,11,125,11,71121,534489,3677,104279,4.950989291933751,0.1632501941236881
1675,0.2644,2,43,2,71164,534446,3679,104277,4.950590981510986,0.16325856435418798
1676,0.2645,9,237,9,71401,534209,3688,104268,4.948395642669236,0.16330737050825636
1677,0.2646,3,42,3,71443,534167,3691,104265,4.948006595279558,0.16331418224650393
1678,0.2647,9,97,9,71540,534070,3700,104256,4.947108081070065,0.16332720271460038
1679,0.2648,3,58,3,71598,534012,3703,104253,4.946570825150987,0.1633381119127635
1680,0.2649,8,145,8,71743,533867,3711,104245,4.945227685353292,0.1633647384785116
1681,0.265,6,111,6,71854,533756,3717,104239,4.944199488680574,0.16338529298818957
1682,0.2651,9,76,9,71930,533680,3726,104230,4.94349549816592,0.16339295511906068
1683,0.2652,3,54,3,71984,533626,3729,104227,4.942995294379192,0.16340285300845178
1684,0.2653,4,48,4,72032,533578,3733,104223,4.942550668790989,0.16340990371604935
1685,0.2654,6,99,6,72131,533479,3739,104217,4.941633628515321,0.16342740114411883
1686,0.2655,4,114,4,72245,533365,3743,104213,4.94057764274334,0.16345137379269672
1687,0.2656,6,62,6,72307,533303,3749,104207,4.940003334691911,0.16345939671534565
1688,0.2657,12,128,12,72435,533175,3761,104195,4.938817666456704,0.16347647363383905
1689,0.2658,4,71,4,72506,533104,3765,104191,4.938159991107488,0.16348943581857694
1690,0.2659,2,44,2,72550,533060,3767,104189,4.937752417651636,0.1634980988593156
1691,0.266,1,50,1,72600,533010,3768,104188,4.937289265997258,0.16350961553551643
1692,0.2661,0,29,0,72629,532981,3768,104188,4.937020638037719,0.16351705748396422
1693,0.2662,3,25,3,72654,532956,3771,104185,4.93678906221053,0.1635195349224112
1694,0.2663,2,21,2,72675,532935,3773,104183,4.936594538515692,0.163522298852018
1695,0.2664,4,54,4,72729,532881,3777,104179,4.936094334728963,0.16353090760681882
1696,0.2665,13,178,13,72907,532703,3790,104166,4.934445514839379,0.16355953893186825
1697,0.2666,2,34,2,72941,532669,3792,104164,4.934130571714402,0.1635656443683038
1698,0.2667,6,62,6,73003,532607,3798,104158,4.9335562636629735,0.1635736888805132
1699,0.2668,3,80,3,73083,532527,3801,104155,4.93281522101597,0.1635903009665736
1700,0.2669,4,92,4,73175,532435,3805,104151,4.931963021971915,0.16360868759287825
1701,0.267,1,35,1,73210,532400,3806,104150,4.93163881581385,0.1636163694917917
1702,0.2671,9,79,9,73289,532321,3815,104141,4.930907036199933,0.16362485113015388
1703,0.2672,9,97,9,73386,532224,3824,104132,4.93000852199044,0.16363796365556388
1704,0.2673,5,107,5,73493,532117,3829,104127,4.929017377450072,0.16365891073236055
1705,0.2674,7,90,7,73583,532027,3836,104120,4.928183704472192,0.16367286177565876
1706,0.2675,23,323,23,73906,531704,3859,104097,4.925191744784913,0.16372575695854522
1707,0.2676,8,105,8,74011,531599,3867,104089,4.924219126310719,0.1637422760851235
1708,0.2677,5,131,5,74142,531468,3872,104084,4.923005668976249,0.16376944766124565
1709,0.2678,1,52,1,74194,531416,3873,104083,4.922523991255697,0.16378153230768264
1710,0.2679,5,26,5,74220,531390,3878,104078,4.92228315239542,0.16378165383622778
1711,0.268,2,45,2,74265,531345,3880,104076,4.92186631590648,0.16379062070658665
1712,0.2681,7,186,7,74451,531159,3887,104069,4.9201433917521955,0.1638293652043046
1713,0.2682,2,61,2,74512,531098,3889,104067,4.9195783467338545,0.16384246613084788
1714,0.2683,2,47,2,74559,531051,3891,104065,4.919142984178739,0.16385195775259953
1715,0.2684,8,100,8,74659,530951,3899,104057,4.918216680869984,0.16386722686958274
1716,0.2685,0,14,0,74673,530937,3899,104057,4.918086998406758,0.16387083972446984
1717,0.2686,5,108,5,74781,530829,3904,104052,4.917086590833303,0.16389213096627556
1718,0.2687,2,72,2,74853,530757,3906,104050,4.916419652450998,0.16390808544959334
1719,0.2688,2,49,2,74902,530708,3908,104048,4.915965763829709,0.16391810396435796
1720,0.2689,4,154,4,75056,530554,3912,104044,4.914539256734225,0.16395261252005205
1721,0.269,1,28,1,75084,530526,3913,104043,4.914279891807774,0.16395852933250757
1722,0.2691,19,206,19,75290,530320,3932,104024,4.912371706991737,0.16398673275068418
1723,0.2692,8,35,8,75325,530285,3940,104016,4.912047500833673,0.1639852372927049
1724,0.2693,1,60,1,75385,530225,3941,104015,4.91149171884842,0.1639994323915237
1725,0.2694,5,50,5,75435,530175,3946,104010,4.911028567194042,0.1640057711866411
1726,0.2695,4,51,4,75486,530124,3950,104006,4.910556152506577,0.16401368804503808
1727,0.2696,4,26,4,75512,530098,3954,104002,4.910315313646301,0.1640151395678915
1728,0.2697,1,38,1,75550,530060,3955,104001,4.909963318388973,0.16402365072130284
1729,0.2698,2,27,2,75577,530033,3957,103999,4.909713216495609,0.16402799858682213
1730,0.2699,2,38,2,75615,529995,3959,103997,4.9093612212382824,0.1640351928730962
1731,0.27,4,53,4,75668,529942,3963,103993,4.908870280484642,0.16404363223358862
1732,0.2701,4,69,4,75737,529873,3967,103989,4.9082311312016005,0.16405621412862736
1733,0.2702,6,106,6,75843,529767,3973,103983,4.90724924969432,0.1640757396449704
1734,0.2703,2,38,2,75881,529729,3975,103981,4.906897254436993,0.16408294014612362
1735,0.2704,5,52,5,75933,529677,3980,103976,4.90641557671644,0.16408980940672577
1736,0.2705,7,167,7,76100,529510,3987,103969,4.904868650190818,0.16412383046636117
1737,0.2706,4,103,4,76203,529407,3991,103965,4.903914557782801,0.1641452416589303
1738,0.2707,0,28,0,76231,529379,3991,103965,4.903655192856349,0.16415249848423605
1739,0.2708,8,82,8,76313,529297,3999,103957,4.902895624143169,0.1641631951791856
1740,0.2709,11,141,11,76454,529156,4010,103946,4.901589536477824,0.16418523397493612
1741,0.271,18,318,18,76772,528838,4028,103928,4.898643891955982,0.16424397012481706
1742,0.2711,4,45,4,76817,528793,4032,103924,4.898227055467042,0.16425036785798391
1743,0.2712,2,51,2,76868,528742,4034,103922,4.897754640779577,0.1642609663265177
1744,0.2713,2,66,2,76934,528676,4036,103920,4.897143280595798,0.16427546174809832
1745,0.2714,7,45,7,76979,528631,4043,103913,4.896726444106858,0.16427790003541257
1746,0.2715,10,80,10,77059,528551,4053,103903,4.895985401459854,0.16428546582043912
1747,0.2716,6,50,6,77109,528501,4059,103897,4.8955222498054765,0.16429052590299148
1748,0.2717,7,61,7,77170,528440,4066,103890,4.8949572047871355,0.16429712333749782
1749,0.2718,1,7,1,77177,528433,4067,103889,4.894892363555523,0.16429762051612945
1750,0.2719,21,220,21,77397,528213,4088,103868,4.892854496276261,0.1643270403634977
1751,0.272,3,71,3,77468,528142,4091,103865,4.892196820927045,0.16434153419186812
1752,0.2721,6,196,6,77664,527946,4097,103859,4.890381266441883,0.16438458068549633
1753,0.2722,4,50,4,77714,527896,4101,103855,4.889918114787506,0.164392300130906
1754,0.2723,8,69,8,77783,527827,4109,103847,4.889278965504465,0.16439967451565207
1755,0.2724,3,37,3,77820,527790,4112,103844,4.8889362332802255,0.1644053360015452
1756,0.2725,9,87,9,77907,527703,4121,103835,4.888130349401608,0.16441607630894736
1757,0.2726,6,75,6,77982,527628,4127,103829,4.887435621920042,0.16442766490829938
1758,0.2727,5,121,5,78103,527507,4132,103824,4.886314794916448,0.16445256133470398
1759,0.2728,6,96,6,78199,527411,4138,103818,4.885425543740042,0.16446962988075642
1760,0.2729,6,77,6,78276,527334,4144,103812,4.884712290192301,0.16448175224116132
1761,0.273,10,90,10,78366,527244,4154,103802,4.883878617214421,0.16449197047441866
1762,0.2731,5,73,5,78439,527171,4159,103797,4.883202415799029,0.1645043805708055
1763,0.2732,0,37,0,78476,527134,4159,103797,4.8828596835747895,0.16451402768290035
1764,0.2733,6,130,6,78606,527004,4165,103791,4.881655489273408,0.16453998525669988
1765,0.2734,5,168,5,78774,526836,4170,103786,4.880099299714699,0.1645771952136145
1766,0.2735,12,78,12,78852,526758,4182,103774,4.8793767831338695,0.16458165485653384
1767,0.2736,2,42,2,78894,526716,4184,103772,4.878987735744192,0.16458996840542564
1768,0.2737,5,51,5,78945,526665,4189,103767,4.878515321056727,0.1645966575300746
1769,0.2738,5,46,5,78991,526619,4194,103762,4.878089221534699,0.16460204225698427
1770,0.2739,1,44,1,79035,526575,4195,103761,4.8776816480788465,0.1646122068230277
1771,0.274,7,72,7,79107,526503,4202,103754,4.877014709696543,0.16462173367372357
1772,0.2741,5,68,5,79175,526435,4207,103749,4.876384823446589,0.16463286913028577
1773,0.2742,6,59,6,79234,526376,4213,103743,4.875838304494423,0.16464032984245833
1774,0.2743,5,112,5,79346,526264,4218,103738,4.874800844788617,0.16466296932390692
1775,0.2744,4,43,4,79389,526221,4222,103734,4.874402534365853,0.16466890492178013
1776,0.2745,9,121,9,79510,526100,4231,103725,4.873281707362259,0.1646886039772953
1777,0.2746,10,81,10,79591,526019,4241,103715,4.872531401682167,0.16469652265877338
1778,0.2747,4,117,4,79708,525902,4245,103711,4.871447626810923,0.1647218211822183
1779,0.2748,1,42,1,79750,525860,4246,103710,4.871058579421246,0.16473148339342725
1780,0.2749,3,42,3,79792,525818,4249,103707,4.8706695320315685,0.16473849330844684
1781,0.275,0,29,0,79821,525789,4249,103707,4.87040090407203,0.16474608258035
1782,0.2751,5,43,5,79864,525746,4254,103702,4.870002593649264,0.1647507022025648
1783,0.2752,1,29,1,79893,525717,4255,103701,4.869733965689726,0.1647569659590288
1784,0.2753,3,70,3,79963,525647,4258,103698,4.869085553373597,0.1647713098538957
1785,0.2754,1,52,1,80015,525595,4259,103697,4.868603875653044,0.16478359807529733
1786,0.2755,4,56,4,80071,525539,4263,103693,4.868085145800141,0.16479295395021232
1787,0.2756,3,53,3,80124,525486,4266,103690,4.8675942050465,0.1648028532556868
1788,0.2757,4,37,4,80161,525449,4270,103686,4.867251472822261,0.16480723533104977
1789,0.2758,10,135,10,80296,525314,4280,103676,4.866000963355441,0.1648293295600884
1790,0.2759,8,154,8,80450,525160,4288,103668,4.864574456259958,0.16485907116095339
1791,0.276,1,64,1,80514,525096,4289,103667,4.863981622142354,0.16487452346909726
1792,0.2761,8,49,8,80563,525047,4297,103659,4.863527733521064,0.1648767468419261
1793,0.2762,4,61,4,80624,524986,4301,103655,4.862962688502724,0.16488743177743737
1794,0.2763,3,56,3,80680,524930,4304,103652,4.862443958649821,0.16489813580407967
1795,0.2764,5,82,5,80762,524848,4309,103647,4.861684389936641,0.16491300646783189
1796,0.2765,7,209,7,80971,524639,4316,103640,4.859748416021342,0.1649585614034529
1797,0.2766,7,83,7,81054,524556,4323,103633,4.858979584275075,0.16497105170577644
1798,0.2767,13,180,13,81234,524376,4336,103620,4.857312238319316,0.16500105096210804
1799,0.2768,1,30,1,81264,524346,4337,103619,4.857034347326689,0.16500760392697045
1800,0.2769,10,134,10,81398,524212,4347,103609,4.8557931008929565,0.16502952274613306
1801,0.277,4,90,4,81488,524122,4351,103605,4.854959427915077,0.16504786316344525
1802,0.2771,3,104,3,81592,524018,4354,103602,4.853996072473971,0.16507122143972466
1803,0.2772,16,144,16,81736,523874,4370,103586,4.852662195709363,0.16508781436266853
1804,0.2773,2,81,2,81817,523793,4372,103584,4.851911890029271,0.16510646708438467
1805,0.2774,3,45,3,81862,523748,4375,103581,4.851495053540331,0.16511431800538473
1806,0.2775,1,35,1,81897,523713,4376,103580,4.851170847382267,0.16512219967383662
1807,0.2776,10,110,10,82007,523603,4386,103570,4.850151913742636,0.16513784872754408
1808,0.2777,4,79,4,82086,523524,4390,103566,4.849420134128719,0.16515332727359708
1809,0.2778,2,41,2,82127,523483,4392,103564,4.849040349772129,0.1651614631758066
1810,0.2779,1,35,1,82162,523448,4393,103563,4.848716143614065,0.1651693510959138
1811,0.278,5,94,5,82256,523354,4398,103558,4.847845418503835,0.16518745852687458
1812,0.2781,3,84,3,82340,523270,4401,103555,4.84706732372448,0.16520559964902484
1813,0.2782,8,145,8,82485,523125,4409,103547,4.845724183926785,0.16523316822835551
1814,0.2783,5,53,5,82538,523072,4414,103542,4.845233243173144,0.1652404829767608
1815,0.2784,5,75,5,82613,522997,4419,103537,4.844538515691578,0.16525360156033034
1816,0.2785,6,107,6,82720,522890,4425,103531,4.843547371151209,0.16527383341235366
1817,0.2786,4,55,4,82775,522835,4429,103527,4.8430379043313945,0.1652830152531603
1818,0.2787,2,32,2,82807,522803,4431,103525,4.842741487272592,0.1652887943697232
1819,0.2788,12,79,12,82886,522724,4443,103513,4.842009707658676,0.16529365080632413
1820,0.2789,8,84,8,82970,522640,4451,103505,4.841231612879321,0.1653051609451485
1821,0.279,14,138,14,83108,522502,4465,103491,4.839953314313239,0.16532293492099753
1822,0.2791,20,216,20,83324,522286,4485,103471,4.837952499166327,0.1653533240539059
1823,0.2792,20,164,20,83488,522122,4505,103451,4.836433361739968,0.16536998879427342
1824,0.2793,4,94,4,83582,522028,4509,103447,4.835562636629738,0.1653895039769775
1825,0.2794,6,52,6,83634,521976,4515,103441,4.835080958909185,0.1653952482903407
1826,0.2795,7,74,7,83708,521902,4522,103434,4.834395494460706,0.16540547801501912
1827,0.2796,10,102,10,83810,521800,4532,103424,4.833450665085776,0.1654191137896178
1828,0.2797,1,33,1,83843,521767,4533,103423,4.833144984993886,0.16542651034085637
1829,0.2798,8,196,8,84039,521571,4541,103415,4.831329430508726,0.16546770647662506
1830,0.2799,10,100,10,84139,521471,4551,103405,4.83040312719997,0.16548083139694916
1831,0.28,13,212,13,84351,521259,4564,103392,4.828439364185409,0.1655196261592473
1832,0.2801,1,11,1,84362,521248,4565,103391,4.828337470821446,0.16552120504803575
1833,0.2802,10,63,10,84425,521185,4575,103381,4.82775389973693,0.16552454024074317
1834,0.2803,1,44,1,84469,521141,4576,103380,4.827346326281077,0.16553486592124203
1835,0.2804,6,47,6,84516,521094,4582,103374,4.826910963725963,0.1655393070581679
1836,0.2805,8,99,8,84615,520995,4590,103366,4.825993923450294,0.16555486329223
1837,0.2806,7,65,7,84680,520930,4597,103359,4.825391826299604,0.16556274417777664
1838,0.2807,5,92,5,84772,520838,4602,103354,4.8245396272555485,0.16558046242181892
1839,0.2808,20,272,20,85044,520566,4622,103334,4.822020082255734,0.16562590158679275
1840,0.2809,2,35,2,85079,520531,4624,103332,4.821695876097669,0.16563251867797898
1841,0.281,5,61,5,85140,520470,4629,103327,4.821130831079329,0.16564202777506143
1842,0.2811,1,91,1,85231,520379,4630,103326,4.820287895068361,0.16566485758491595
1843,0.2812,1,49,1,85280,520330,4631,103325,4.819834006447071,0.16567653590526812
1844,0.2813,6,54,6,85334,520276,4637,103319,4.819333802660343,0.16568285505817076
1845,0.2814,0,42,0,85376,520234,4637,103319,4.818944755270666,0.16569401478302567
1846,0.2815,4,31,4,85407,520203,4641,103315,4.818657601244952,0.16569690049044294
1847,0.2816,12,185,12,85592,520018,4653,103303,4.816943940123754,0.16573001711798577
1848,0.2817,9,64,9,85656,519954,4662,103294,4.816351106006151,0.16573498831925654
1849,0.2818,3,52,3,85708,519902,4665,103291,4.815869428285598,0.16574480136972014
1850,0.2819,7,53,7,85761,519849,4672,103284,4.815378487531958,0.16574952698701562
1851,0.282,6,140,6,85901,519709,4678,103278,4.8140816628997,0.1657787401663277
1852,0.2821,2,39,2,85940,519670,4680,103276,4.813720404609286,0.16578644055825065
1853,0.2822,16,221,16,86161,519449,4696,103260,4.811673274296936,0.16582384388213436
1854,0.2823,19,210,19,86371,519239,4715,103241,4.80972803734855,0.16585432463693614
1855,0.2824,5,100,5,86471,519139,4720,103236,4.808801734039794,0.16587427194215706
1856,0.2825,3,58,3,86529,519081,4723,103233,4.808264478120716,0.16588571042914027
1857,0.2826,3,83,3,86612,518998,4726,103230,4.8074956463744485,0.1659038166074172
1858,0.2827,1,52,1,86664,518946,4727,103229,4.807013968653896,0.16591634186523085
1859,0.2828,11,170,11,86834,518776,4738,103218,4.805439253029012,0.16594693839490413
1860,0.2829,2,21,2,86855,518755,4740,103216,4.805244729334174,0.16594985939858933
1861,0.283,3,47,3,86902,518708,4743,103213,4.804809366779058,0.1659583773501779
1862,0.2831,4,83,4,86985,518625,4747,103209,4.804040535032791,0.16597516378969307
1863,0.2832,2,44,2,87029,518581,4749,103207,4.803632961576938,0.16598422613495276
1864,0.2833,7,56,7,87085,518525,4756,103200,4.803114231724035,0.16598978648116128
1865,0.2834,3,45,3,87130,518480,4759,103197,4.8026973952350955,0.1659977769806507
1866,0.2835,2,31,2,87161,518449,4761,103195,4.802410241209381,0.16600337170470558
1867,0.2836,4,34,4,87195,518415,4765,103191,4.802095298084405,0.16600708487369814
1868,0.2837,10,77,10,87272,518338,4775,103181,4.8013820445366635,0.16601423287140055
1869,0.2838,3,69,3,87341,518269,4778,103178,4.800742895253622,0.16602863961045752
1870,0.2839,1,22,1,87363,518247,4779,103177,4.800539108525696,0.16603317541646284
1871,0.284,4,67,4,87430,518180,4783,103173,4.7999184853088295,0.16604570992656348
1872,0.2841,8,36,8,87466,518144,4791,103165,4.799585016117677,0.16604459294811438
1873,0.2842,5,67,5,87533,518077,4796,103160,4.798964392900811,0.16605578869256016
1874,0.2843,2,44,2,87577,518033,4798,103158,4.7985568194449595,0.16606486571762952
1875,0.2844,19,181,19,87758,517852,4817,103139,4.796880210456112,0.16608775328466918
1876,0.2845,11,125,11,87883,517727,4828,103128,4.795722331320167,0.16610641776260157
1877,0.2846,3,79,3,87962,517648,4831,103125,4.794990551706251,0.16612352663534014
1878,0.2847,11,73,11,88035,517575,4842,103114,4.794314350290859,0.16612828646874683
1879,0.2848,6,96,6,88131,517479,4848,103108,4.7934250991144545,0.166145923134065
1880,0.2849,9,132,9,88263,517347,4857,103099,4.792202378746897,0.16616917507728313
1881,0.285,6,163,6,88426,517184,4863,103093,4.7906925043536255,0.1662047762531901
1882,0.2851,14,205,14,88631,516979,4877,103079,4.788793582570677,0.16624090004483452
1883,0.2852,2,66,2,88697,516913,4879,103077,4.788182222386898,0.16625590735334442
1884,0.2853,13,143,13,88840,516770,4892,103064,4.786857608655378,0.16627677733070467
1885,0.2854,7,71,7,88911,516699,4899,103057,4.786199933306162,0.16628640949018647
1886,0.2855,9,170,9,89081,516529,4908,103048,4.784625217681278,0.1663199247228351
1887,0.2856,5,124,5,89205,516405,4913,103043,4.783476601578421,0.1663464891322597
1888,0.2857,6,137,6,89342,516268,4919,103037,4.782207566045426,0.16637521092192054
1889,0.2858,7,77,7,89419,516191,4926,103030,4.781494312497684,0.1663864759108622
1890,0.2859,3,64,3,89483,516127,4929,103027,4.7809014783800805,0.16639963563184604
1891,0.286,2,62,2,89545,516065,4931,103025,4.780327170328652,0.16641360706843916
1892,0.2861,7,70,7,89615,515995,4938,103018,4.7796787580125235,0.16642299919387799
1893,0.2862,9,158,9,89773,515837,4947,103009,4.77821519878469,0.16645336642718866
1894,0.2863,2,79,2,89852,515758,4949,103007,4.777483419170773,0.16647192391295565
1895,0.2864,11,113,11,89965,515645,4960,102996,4.77643669643188,0.166487510527107
1896,0.2865,4,73,4,90038,515572,4964,102992,4.775760495016488,0.1665017686124637
1897,0.2866,6,74,6,90112,515498,4970,102986,4.775075030568009,0.1665136042322841
1898,0.2867,5,60,5,90172,515438,4975,102981,4.774519248582756,0.1665230207998137
1899,0.2868,4,90,4,90262,515348,4979,102977,4.773685575604876,0.16654186714106659
1900,0.2869,2,52,2,90314,515296,4981,102975,4.773203897884323,0.16655317813709522
1901,0.287,8,65,8,90379,515231,4989,102967,4.772601800733632,0.16655990475543433
1902,0.2871,4,46,4,90425,515185,4993,102963,4.772175701211605,0.1665669063072274
1903,0.2872,18,186,18,90611,514999,5011,102945,4.7704527770573195,0.16659276568750567
1904,0.2873,4,44,4,90655,514955,5015,102941,4.770045203601467,0.16659923352797235
1905,0.2874,3,53,3,90708,514902,5018,102938,4.7695542628478265,0.1666094781820536
1906,0.2875,7,68,7,90776,514834,5025,102931,4.768924376597873,0.1666183743009073
1907,0.2876,9,92,9,90868,514742,5034,102922,4.768072177553818,0.16663104859600042
1908,0.2877,4,48,4,90916,514694,5038,102918,4.7676275519656155,0.16663860158157548
1909,0.2878,4,77,4,90993,514617,5042,102914,4.766914298417874,0.16665398174342663
1910,0.2879,2,36,2,91029,514581,5044,102912,4.766580829226722,0.1666609985862188
1911,0.288,11,123,11,91152,514458,5055,102901,4.765441476156953,0.16667935512400403
1912,0.2881,0,23,0,91175,514435,5055,102901,4.7652284263959395,0.16668556507315302
1913,0.2882,9,31,9,91206,514404,5064,102892,4.7649412723702245,0.16668178637153003
1914,0.2883,4,72,4,91278,514332,5068,102888,4.764274333987921,0.16669582968795568
1915,0.2884,9,121,9,91399,514211,5077,102879,4.763153506984327,0.1667163622810287
1916,0.2885,11,112,11,91511,514099,5088,102868,4.7621160472785204,0.1667317700946728
1917,0.2886,3,62,3,91573,514037,5091,102865,4.761541739227092,0.1667444748112342
1918,0.2887,3,23,3,91596,514014,5094,102862,4.761328689466079,0.1667466395191254
1919,0.2888,6,117,6,91713,513897,5100,102856,4.760244914594835,0.16677016569031686
1920,0.2889,10,62,10,91775,513835,5110,102846,4.7596706065434065,0.16677342094210784
1921,0.289,4,55,4,91830,513780,5114,102842,4.759161139723591,0.16678289130131588
1922,0.2891,2,56,2,91886,513724,5116,102840,4.758642409870688,0.16679533673714325
1923,0.2892,7,66,7,91952,513658,5123,102833,4.75803104968691,0.16680373273900187
1924,0.2893,9,106,9,92058,513552,5132,102824,4.757049168179629,0.16682025257310473
1925,0.2894,1,36,1,92094,513516,5133,102823,4.756715698988477,0.16682864462576602
1926,0.2895,3,54,3,92148,513462,5136,102820,4.756215495201749,0.16683920672679065
1927,0.2896,11,135,11,92283,513327,5147,102809,4.754964985734929,0.16686088785592793
1928,0.2897,2,66,2,92349,513261,5149,102807,4.7543536255511505,0.1668760591363291
1929,0.2898,6,98,6,92447,513163,5155,102801,4.75344584830857,0.16689449383405525
1930,0.2899,7,85,7,92532,513078,5162,102794,4.752658490496128,0.1669080588174166
1931,0.29,14,167,14,92699,512911,5176,102780,4.751111563970507,0.16693438754180262
1932,0.2901,1,29,1,92728,512882,5177,102779,4.750842936010968,0.16694089766933426
1933,0.2902,14,90,14,92818,512792,5191,102765,4.750009263033087,0.16694635915114278
1934,0.2903,5,70,5,92888,512722,5196,102760,4.7493608507169585,0.1669585788049041
1935,0.2904,5,60,5,92948,512662,5201,102755,4.748805068731706,0.16696808830435297
1936,0.2905,4,160,4,93108,512502,5205,102751,4.747322983437697,0.16700609342823197
1937,0.2906,9,129,9,93237,512373,5214,102742,4.746128052169403,0.16702892954975898
1938,0.2907,7,88,7,93325,512285,5221,102735,4.7453129052576974,0.1670433481837989
1939,0.2908,3,63,3,93388,512222,5224,102732,4.744729334173182,0.1670563977143006
1940,0.2909,4,77,4,93465,512145,5228,102728,4.74401608062544,0.167071899400364
1941,0.291,9,165,9,93630,511980,5237,102719,4.742487680165993,0.16710455035716668
1942,0.2911,7,67,7,93697,511913,5244,102712,4.741867056949127,0.16711328045556234
1943,0.2912,5,86,5,93783,511827,5249,102707,4.741070436103597,0.16712989029085454
1944,0.2913,12,233,12,94016,511594,5261,102695,4.7389121493941975,0.16717701277411773
1945,0.2914,3,32,3,94048,511562,5264,102692,4.738615732335396,0.16718165449472042
1946,0.2915,4,29,4,94077,511533,5268,102688,4.7383471043758565,0.16718412428099982
1947,0.2916,3,64,3,94141,511469,5271,102685,4.737754270258254,0.16719747815694436
1948,0.2917,2,77,2,94218,511392,5273,102683,4.737041016710512,0.16721573097748646
1949,0.2918,2,32,2,94250,511360,5275,102681,4.73674459965171,0.16722173275074464
1950,0.2919,4,57,4,94307,511303,5279,102677,4.736216606765719,0.16723183165575425
1951,0.292,7,94,7,94401,511209,5286,102670,4.73534588165549,0.1672479429985388
1952,0.2921,13,144,13,94545,511065,5299,102657,4.734012004890881,0.16726954549453987
1953,0.2922,7,106,7,94651,510959,5306,102650,4.7330301233836005,0.16728894132908742
1954,0.2923,1,77,1,94728,510882,5307,102649,4.732316869835859,0.16730857935458843
1955,0.2924,13,126,13,94854,510756,5320,102636,4.7311497276668275,0.16732529931919554
1956,0.2925,5,109,5,94963,510647,5325,102631,4.730140057060284,0.16734824989645805
1957,0.2926,9,87,9,95050,510560,5334,102622,4.729334173181667,0.1673597724655975
1958,0.2927,4,62,4,95112,510498,5338,102618,4.728759865130238,0.16737126416534553
1959,0.2928,13,158,13,95270,510340,5351,102605,4.727296305902405,0.16739674848477432
1960,0.2929,9,118,9,95388,510222,5360,102596,4.726203267998073,0.1674167534243446
1961,0.293,3,47,3,95435,510175,5363,102593,4.725767905442958,0.16742551830382787
1962,0.2931,7,141,7,95576,510034,5370,102586,4.724461817777613,0.16745453951878816
1963,0.2932,12,131,12,95707,509903,5382,102574,4.723248360443144,0.16747404392328202
1964,0.2933,9,134,9,95841,509769,5391,102565,4.722007114009411,0.167498456724598
1965,0.2934,6,76,6,95917,509693,5397,102559,4.721303123494757,0.16751109020468696
1966,0.2935,5,61,5,95978,509632,5402,102554,4.720738078476416,0.16752098218515288
1967,0.2936,8,85,8,96063,509547,5410,102546,4.719950720663975,0.16753336502786342
1968,0.2937,3,69,3,96132,509478,5413,102543,4.719311571380933,0.16754817236663447
1969,0.2938,9,89,9,96221,509389,5422,102534,4.7184871614361406,0.1675602976191449
1970,0.2939,1,52,1,96273,509337,5423,102533,4.718005483715588,0.16757317730890547
1971,0.294,10,181,10,96454,509156,5433,102523,4.716328874726741,0.1676091544748144
1972,0.2941,1,51,1,96505,509105,5434,102522,4.715856460039276,0.16762176947714866
1973,0.2942,5,49,5,96554,509056,5439,102517,4.715402571417985,0.1676283943208742
1974,0.2943,4,102,4,96656,508954,5443,102513,4.714457742043055,0.16765091165999146
1975,0.2944,7,86,7,96742,508868,5450,102506,4.713661121197525,0.1676649644898213
1976,0.2945,0,55,0,96797,508813,5450,102506,4.713151654377709,0.1676800492050795
1977,0.2946,8,72,8,96869,508741,5458,102498,4.712484715995406,0.16768890728503907
1978,0.2947,3,24,3,96893,508717,5461,102495,4.712262403201304,0.1676914065823315
1979,0.2948,4,51,4,96944,508666,5465,102491,4.711789988513839,0.16769995271264176
1980,0.2949,5,65,5,97009,508601,5470,102486,4.7111878913631475,0.1677109805968708
1981,0.295,11,130,11,97139,508471,5481,102475,4.709983697061766,0.16773168168708855
1982,0.2951,7,105,7,97244,508366,5488,102468,4.709011078587572,0.16775097653372276
1983,0.2952,14,111,14,97355,508255,5502,102454,4.707982881914854,0.1677623876510744
1984,0.2953,3,104,3,97459,508151,5505,102451,4.707019526473749,0.16778687262734154
1985,0.2954,7,62,7,97521,508089,5512,102444,4.70644521842232,0.16779436983750265
1986,0.2955,5,84,5,97605,508005,5517,102439,4.705667123642965,0.16781064274528049
1987,0.2956,14,133,14,97738,507872,5531,102425,4.704435140242321,0.16782812302862377
1988,0.2957,8,49,8,97787,507823,5539,102417,4.70398125162103,0.1678306895647614
1989,0.2958,3,45,3,97832,507778,5542,102414,4.703564415132091,0.1678389752733566
1990,0.2959,14,128,14,97960,507650,5556,102400,4.702378746896884,0.16785509384476682
1991,0.296,5,42,5,98002,507608,5561,102395,4.701989699507207,0.1678598301975564
1992,0.2961,6,61,6,98063,507547,5567,102389,4.701424654488866,0.16786843209779387
1993,0.2962,4,48,4,98111,507499,5571,102385,4.700980028900664,0.16787618629116358
1994,0.2963,5,68,5,98179,507431,5576,102380,4.700350142650709,0.16788808335697453
1995,0.2964,11,96,11,98275,507335,5587,102369,4.699460891474304,0.1678995053337357
1996,0.2965,7,109,7,98384,507226,5594,102362,4.698451220867761,0.16791997217793
1997,0.2966,6,86,6,98470,507140,5600,102356,4.697654600022231,0.16793547455602661
1998,0.2967,14,107,14,98577,507033,5614,102342,4.696663455481863,0.16794584615384614
1999,0.2968,4,46,4,98623,506987,5618,102338,4.696237355959836,0.1679530628154105
2000,0.2969,1,39,1,98662,506948,5619,102337,4.695876097669421,0.16796244778716035
2001,0.297,6,52,6,98714,506896,5625,102331,4.695394419948868,0.16796858970465853
2002,0.2971,5,64,5,98778,506832,5630,102326,4.694801585831264,0.16797940764136726
2003,0.2972,10,117,10,98895,506715,5640,102316,4.69371781096002,0.1679980165213265
2004,0.2973,2,45,2,98940,506670,5642,102314,4.6933009744710805,0.16800769806760113
2005,0.2974,3,42,3,98982,506628,5645,102311,4.692911927081403,0.168015187071283
2006,0.2975,2,58,2,99040,506570,5647,102309,4.692374671162326,0.16802845885635734
2007,0.2976,1,64,1,99104,506506,5648,102308,4.691781837044722,0.1680447558696088
2008,0.2977,2,49,2,99153,506457,5650,102306,4.691327948423432,0.16805554871107475
2009,0.2978,5,83,5,99236,506374,5655,102301,4.690559116677165,0.16807163100176614
2010,0.2979,16,195,16,99431,506179,5671,102285,4.688752825225092,0.168103618291304
2011,0.298,5,76,5,99507,506103,5676,102280,4.688048834710438,0.1681177810688333
2012,0.2981,3,18,3,99525,506085,5679,102277,4.687882100114861,0.1681186530388157
2013,0.2982,12,156,12,99681,505929,5691,102265,4.686437066953203,0.1681453615129383
2014,0.2983,6,117,6,99798,505812,5697,102259,4.68535329208196,0.16816950652144239
2015,0.2984,5,35,5,99833,505777,5702,102254,4.685029085923895,0.16817234647575535
2016,0.2985,3,44,3,99877,505733,5705,102251,4.684621512468042,0.16818041264243797
2017,0.2986,6,51,6,99928,505682,5711,102245,4.684149097780577,0.16818631184336277
2018,0.2987,10,84,10,100012,505598,5721,102235,4.6833710030012226,0.16819586958917992
2019,0.2988,3,36,3,100048,505562,5724,102232,4.6830375338100705,0.16820172624277305
2020,0.2989,6,49,6,100097,505513,5730,102226,4.682583645188781,0.1682070757348138
2021,0.299,5,83,5,100180,505430,5735,102221,4.6818148134425135,0.1682232070711642
2022,0.2991,10,46,10,100226,505384,5745,102211,4.681388713920486,0.16822225331018195
2023,0.2992,6,43,6,100269,505341,5751,102205,4.680990403497721,0.16822594503132274
2024,0.2993,12,133,12,100402,505208,5763,102193,4.679758420097077,0.16824634796452426
2025,0.2994,4,51,4,100453,505157,5767,102189,4.679286005409612,0.16825499797479526
2026,0.2995,7,81,7,100534,505076,5774,102182,4.67853569972952,0.16826785320242796
2027,0.2996,1,44,1,100578,505032,5775,102181,4.678128126273667,0.168278676510549
2028,0.2997,4,71,4,100649,504961,5779,102177,4.677470450924451,0.16829287575477075
2029,0.2998,8,101,8,100750,504860,5787,102169,4.676534884582607,0.16830991600071826
2030,0.2999,6,93,6,100843,504767,5793,102163,4.675673422505465,0.16832748422388083
2031,0.3,3,84,3,100927,504683,5796,102160,4.6748953277261105,0.16834667286266794
2032,0.3001,10,83,10,101010,504600,5806,102150,4.674126495979843,0.16835599505562424
2033,0.3002,6,94,6,101104,504506,5812,102144,4.673255770869614,0.16837385642462704
2034,0.3003,8,105,8,101209,504401,5820,102136,4.67228315239542,0.16839203544054196
2035,0.3004,9,132,9,101341,504269,5829,102127,4.671060432027863,0.16841634839279943
2036,0.3005,14,131,14,101472,504138,5843,102113,4.669846974693393,0.16843353660447571
2037,0.3006,3,70,3,101542,504068,5846,102110,4.6691985623772645,0.16844887145359944
2038,0.3007,6,51,6,101593,504017,5852,102104,4.668726147689799,0.16845481347783695
2039,0.3008,2,52,2,101645,503965,5854,102102,4.668244469969247,0.16846652267818574
2040,0.3009,11,104,11,101749,503861,5865,102091,4.667281114528141,0.16848034167722856
2041,0.301,5,59,5,101808,503802,5870,102086,4.666734595575975,0.16848988591950986
2042,0.3011,12,152,12,101960,503650,5882,102074,4.665326614546667,0.16851569361623445
2043,0.3012,3,80,3,102040,503570,5885,102071,4.6645855718996625,0.16853383440024702
2044,0.3013,7,81,7,102121,503489,5892,102064,4.663835266219571,0.16854676634415156
2045,0.3014,12,110,12,102231,503379,5904,102052,4.66281633257994,0.16856090950083494
2046,0.3015,8,153,8,102384,503226,5912,102044,4.661399088517544,0.16859252895402052
2047,0.3016,4,67,4,102451,503159,5916,102040,4.660778465300678,0.16860569829097535
2048,0.3017,8,99,8,102550,503060,5924,102032,4.65986142502501,0.16862229214730984
2049,0.3018,7,94,7,102644,502966,5931,102025,4.65899069991478,0.168638872313803
2050,0.3019,7,83,7,102727,502883,5938,102018,4.658221868168513,0.16865239105242014
2051,0.302,8,104,8,102831,502779,5946,102010,4.657258512727408,0.16867039579092874
2052,0.3021,6,52,6,102883,502727,5952,102004,4.656776835006855,0.16867665127139175
2053,0.3022,3,62,3,102945,502665,5955,102001,4.656202526955426,0.16868982214974879
2054,0.3023,12,95,12,103040,502570,5967,101989,4.655322538812109,0.16869982913164802
2055,0.3024,5,113,5,103153,502457,5972,101984,4.654275816073215,0.16872449089323854
2056,0.3025,10,109,10,103262,502348,5982,101974,4.653266145466672,0.16874116778803352
2057,0.3026,5,35,5,103297,502313,5987,101969,4.652941939308607,0.16874406320227972
2058,0.3027,3,36,3,103333,502277,5990,101966,4.652608470117455,0.16874998965647928
2059,0.3028,0,67,0,103400,502210,5990,101966,4.651987846900589,0.1687687031593443
2060,0.3029,11,68,11,103468,502142,6001,101955,4.6513579606506354,0.1687725646709055
2061,0.303,2,90,2,103558,502052,6003,101953,4.650524287672756,0.16879496030661997
2062,0.3031,6,73,6,103631,501979,6009,101947,4.649848086257364,0.16880710550630376
2063,0.3032,7,42,7,103673,501937,6016,101940,4.649459038867687,0.16880921114730318
2064,0.3033,1,40,1,103713,501897,6017,101939,4.649088517544184,0.16881901708410893
2065,0.3034,0,26,0,103739,501871,6017,101939,4.648847678683908,0.16882628641460062
2066,0.3035,1,19,1,103758,501852,6018,101938,4.648671681055244,0.16883022242832774
2067,0.3036,6,59,6,103817,501793,6024,101932,4.648125162103079,0.1688384612199263
2068,0.3037,5,89,5,103906,501704,6029,101927,4.647300752158286,0.16885647026080502
2069,0.3038,3,64,3,103970,501640,6032,101924,4.646707918040684,0.16887024408347748
2070,0.3039,7,59,7,104029,501581,6039,101917,4.646161399088517,0.16887711309730935
2071,0.304,6,58,6,104087,501523,6045,101911,4.64562414316944,0.1688850810527746
2072,0.3041,7,86,7,104173,501437,6052,101904,4.64482752232391,0.16889951122168062
2073,0.3042,9,83,9,104256,501354,6061,101895,4.644058690577642,0.1689103504523008
2074,0.3043,11,137,11,104393,501217,6072,101884,4.6427896550446475,0.16893356170856955
2075,0.3044,8,94,8,104487,501123,6080,101876,4.641918929934418,0.16894887056197438
2076,0.3045,14,123,14,104610,501000,6094,101862,4.640779576864649,0.16896404152194033
2077,0.3046,5,40,5,104650,500960,6099,101857,4.640409055541147,0.1689683602154551
2078,0.3047,3,39,3,104689,500921,6102,101854,4.640047797250732,0.16897515656754178
2079,0.3048,2,44,2,104733,500877,6104,101852,4.6396402237948795,0.16898473443288775
2080,0.3049,7,96,7,104829,500781,6111,101845,4.638750972618475,0.1690020012412342
2081,0.305,2,68,2,104897,500713,6113,101843,4.63812108636852,0.16901831531011224
2082,0.3051,7,50,7,104947,500663,6120,101836,4.6376579347141424,0.16902268717458452
2083,0.3052,9,89,9,105036,500574,6129,101827,4.636833524769351,0.16903524396539846
2084,0.3053,12,128,12,105164,500446,6141,101815,4.635647856534144,0.1690546125350969
2085,0.3054,1,53,1,105217,500393,6142,101814,4.635156915780503,0.16906811113122233
2086,0.3055,5,54,5,105271,500339,6147,101809,4.634656711993776,0.16907637325043012
2087,0.3056,5,77,5,105348,500262,6152,101804,4.6339434584460335,0.16909109632498762
2088,0.3057,5,72,5,105420,500190,6157,101799,4.633276520063729,0.16910441885150726
2089,0.3058,9,99,9,105519,500091,6166,101790,4.632359479788062,0.1691198093975387
2090,0.3059,9,89,9,105608,500002,6175,101781,4.631535069843269,0.16913239489982268
2091,0.306,3,135,3,105743,499867,6178,101778,4.63028456037645,0.16916620266103766
2092,0.3061,16,158,16,105901,499709,6194,101762,4.628821001148616,0.16918853943082876
2093,0.3062,8,107,8,106008,499602,6202,101754,4.627829856608248,0.169207590844691
2094,0.3063,4,38,4,106046,499564,6206,101750,4.627477861350921,0.16921275739463906
2095,0.3064,4,75,4,106121,499489,6210,101746,4.626783133869354,0.16922833833692316
2096,0.3065,12,133,12,106254,499356,6222,101734,4.625551150468709,0.16924919729158694
2097,0.3066,8,95,8,106349,499261,6230,101726,4.6246711623253915,0.16926489258503097
2098,0.3067,4,71,4,106420,499190,6234,101722,4.6240134869761755,0.1692793620363714
2099,0.3068,5,58,5,106478,499132,6239,101717,4.623476231057097,0.16928878969591363
2100,0.3069,6,67,6,106545,499065,6245,101711,4.622855607840231,0.16929937281116422
2101,0.307,3,33,3,106578,499032,6248,101708,4.6225499277483415,0.16930452441988214
2102,0.3071,6,90,6,106668,498942,6254,101702,4.621716254770462,0.1693215948215582
2103,0.3072,14,216,14,106884,498726,6268,101688,4.61971543962355,0.1693631394337907
2104,0.3073,7,76,7,106960,498650,6275,101681,4.619011449108896,0.1693748948496746
2105,0.3074,16,111,16,107071,498539,6291,101665,4.6179832524361775,0.1693840760807992
2106,0.3075,4,67,4,107138,498472,6295,101661,4.617362629219311,0.16939745023186528
2107,0.3076,3,49,3,107187,498423,6298,101658,4.616908740598022,0.16940713003744495
2108,0.3077,9,87,9,107274,498336,6307,101649,4.6161028567194045,0.16941923548088703
2109,0.3078,13,117,13,107391,498219,6320,101636,4.6150190818481605,0.16943427995098814
2110,0.3079,12,98,12,107489,498121,6332,101624,4.61411130460558,0.16944534760606592
2111,0.308,13,132,13,107621,497989,6345,101611,4.612888584238023,0.16946464309539694
2112,0.3081,4,44,4,107665,497945,6349,101607,4.6124810107821705,0.16947153874893253
2113,0.3082,7,76,7,107741,497869,6356,101600,4.611777020267517,0.1694833260769114
2114,0.3083,13,127,13,107868,497742,6369,101587,4.610600615065397,0.1695012255372258
2115,0.3084,10,149,10,108017,497593,6379,101577,4.609220423135351,0.16952951583023182
2116,0.3085,6,91,6,108108,497502,6385,101571,4.608377487124384,0.16954695003780842
2117,0.3086,5,59,5,108167,497443,6390,101566,4.607830968172219,0.16955671784564172
2118,0.3087,6,120,6,108287,497323,6396,101560,4.606719404201712,0.1695823725168355
2119,0.3088,2,46,2,108333,497277,6398,101558,4.606293304679684,0.16959262568153163
2120,0.3089,2,61,2,108394,497216,6400,101556,4.605728259661343,0.16960712925788113
2121,0.309,16,127,16,108521,497089,6416,101540,4.604551854459224,0.16962091712897304
2122,0.3091,7,64,7,108585,497025,6423,101533,4.6039590203416205,0.16962934251985606
2123,0.3092,11,105,11,108690,496920,6434,101522,4.602986401867428,0.1696438418426514
2124,0.3093,7,119,7,108809,496801,6441,101515,4.601884100930008,0.1696678678156693
2125,0.3094,13,139,13,108948,496662,6454,101502,4.600596539330838,0.1696892491022529
2126,0.3095,2,81,2,109029,496581,6456,101500,4.599846233650746,0.16970945407060248
2127,0.3096,5,58,5,109087,496523,6461,101495,4.599308977731669,0.16971897166974906
2128,0.3097,5,60,5,109147,496463,6466,101490,4.598753195746415,0.16972905897286242
2129,0.3098,3,47,3,109194,496416,6469,101487,4.5983178331913,0.1697382351317856
2130,0.3099,9,53,9,109247,496363,6478,101478,4.59782689243766,0.16974078392080838
2131,0.31,3,47,3,109294,496316,6481,101475,4.597391529882545,0.1697499627796337
2132,0.3101,6,116,6,109410,496200,6487,101469,4.596317018044388,0.169774574220848
2133,0.3102,10,120,10,109530,496080,6497,101459,4.595205454073882,0.1697947749017219
2134,0.3103,10,80,10,109610,496000,6507,101449,4.594464411426878,0.16980361503659727
2135,0.3104,9,85,9,109695,495915,6516,101440,4.593677053614435,0.16981526897740876
2136,0.3105,4,79,4,109774,495836,6520,101436,4.5929452740005186,0.16983217026748282
2137,0.3106,4,67,4,109841,495769,6524,101432,4.592324650783652,0.1698456633528745
2138,0.3107,6,86,6,109927,495683,6530,101426,4.591528029938123,0.16986178402938157
2139,0.3108,8,74,8,110001,495609,6538,101418,4.590842565489644,0.16987171434457737
2140,0.3109,5,48,5,110049,495561,6543,101413,4.590397939901441,0.16987842016570237
2141,0.311,7,64,7,110113,495497,6550,101406,4.589805105783838,0.16988689954649247
2142,0.3111,4,56,4,110169,495441,6554,101402,4.589286375930935,0.16989727616810452
2143,0.3112,2,78,2,110247,495363,6556,101400,4.5885638593501055,0.16991670059973557
2144,0.3113,9,90,9,110337,495273,6565,101391,4.587730186372226,0.16992980974216645
2145,0.3114,6,90,6,110427,495183,6571,101385,4.586896513394346,0.16994709739711147
2146,0.3115,6,92,6,110519,495091,6577,101379,4.586044314350291,0.16996496051771254
2147,0.3116,7,84,7,110603,495007,6584,101372,4.585266219570936,0.16997915754914242
2148,0.3117,4,61,4,110664,494946,6588,101368,4.584701174552595,0.16999097790761244
2149,0.3118,5,90,5,110754,494856,6593,101363,4.583867501574716,0.1700096776520037
2150,0.3119,4,58,4,110812,494798,6597,101359,4.583330245655637,0.1700206489230186
2151,0.312,3,32,3,110844,494766,6600,101356,4.583033828596836,0.17002559878682552
2152,0.3121,4,71,4,110915,494695,6604,101352,4.582376153247619,0.17004028205829405
2153,0.3122,5,119,5,111034,494576,6609,101347,4.581273852310201,0.1700672737920839
2154,0.3123,6,74,6,111108,494502,6615,101341,4.580588387861721,0.17008003786232279
2155,0.3124,4,83,4,111191,494419,6619,101337,4.579819556115455,0.170098160992084
2156,0.3125,7,49,7,111240,494370,6626,101330,4.579365667494164,0.17010240053718315
2157,0.3126,13,106,13,111346,494264,6639,101317,4.578383785986883,0.17011456040404244
2158,0.3127,6,43,6,111389,494221,6645,101311,4.577985475564119,0.17011848229818044
2159,0.3128,3,28,3,111417,494193,6648,101308,4.577726110637667,0.17012230038236711
2160,0.3129,3,32,3,111449,494161,6651,101305,4.577429693578866,0.17012726167405023
2161,0.313,8,51,8,111500,494110,6659,101297,4.5769572788914,0.1701306837171884
2162,0.3131,9,53,9,111553,494057,6668,101288,4.5764663381377595,0.17013328406218242
2163,0.3132,9,78,9,111631,493979,6677,101279,4.57574382155693,0.17014303041706286
2164,0.3133,10,107,10,111738,493872,6687,101269,4.574752677016562,0.17015967644642194
2165,0.3134,3,39,3,111777,493833,6690,101266,4.574391418726147,0.17016664454149646
2166,0.3135,8,83,8,111860,493750,6698,101258,4.573622586979881,0.17017922448101538
2167,0.3136,25,166,25,112026,493584,6723,101233,4.572084923487346,0.1701918405156544
2168,0.3137,13,142,13,112168,493442,6736,101220,4.570769572788914,0.17021434024706472
2169,0.3138,2,51,2,112219,493391,6738,101218,4.570297158101448,0.170226148611945
2170,0.3139,2,59,2,112278,493332,6740,101216,4.569750639149283,0.17024024973593385
2171,0.314,2,59,2,112337,493273,6742,101214,4.569204120197117,0.17025435375374062
2172,0.3141,9,83,9,112420,493190,6751,101205,4.568435288450851,0.17026556414505506
2173,0.3142,11,147,11,112567,493043,6762,101194,4.56707362258698,0.17029232444294112
2174,0.3143,3,43,3,112610,493000,6765,101191,4.566675312164215,0.1703004589433364
2175,0.3144,2,45,2,112655,492955,6767,101189,4.5662584756752755,0.1703105644422901
2176,0.3145,14,127,14,112782,492828,6781,101175,4.565082070473156,0.1703274225887748
2177,0.3146,5,93,5,112875,492735,6786,101170,4.564220608396013,0.17034710938618128
2178,0.3147,11,104,11,112979,492631,6797,101159,4.563257252954908,0.17036157564121995
2179,0.3148,14,81,14,113060,492550,6811,101145,4.562506947274816,0.17036525488676846
2180,0.3149,6,49,6,113109,492501,6817,101139,4.562053058653525,0.1703709318779058
2181,0.315,10,115,10,113224,492386,6827,101129,4.560987809848457,0.17038996487030655
2182,0.3151,10,111,10,113335,492275,6837,101119,4.559959613175738,0.1704078571741541
2183,0.3152,10,114,10,113449,492161,6847,101109,4.558903627403757,0.1704266185716453
2184,0.3153,9,129,9,113578,492032,6856,101100,4.557708696135463,0.17045109688905674
2185,0.3154,17,188,17,113766,491844,6873,101083,4.555967245915002,0.170481357738811
2186,0.3155,7,72,7,113838,491772,6880,101076,4.555300307532699,0.17049226783256416
2187,0.3156,8,116,8,113954,491656,6888,101068,4.554225795694542,0.17051443842327962
2188,0.3157,12,94,12,114048,491562,6900,101056,4.553355070584312,0.17052468875396967
2189,0.3158,6,92,6,114140,491470,6906,101050,4.552502871540257,0.17054276648889488
2190,0.3159,6,58,6,114198,491412,6912,101044,4.551965615621179,0.17055106201979556
2191,0.316,6,56,6,114254,491356,6918,101038,4.551446885768276,0.17055878351232456
2192,0.3161,6,102,6,114356,491254,6924,101032,4.550502056393346,0.17057975370007059
2193,0.3162,2,96,2,114452,491158,6926,101030,4.54961280521694,0.17060460529426466
2194,0.3163,5,66,5,114518,491092,6931,101025,4.549001445033162,0.17061661799948322
2195,0.3164,9,72,9,114590,491020,6940,101016,4.548334506650858,0.1706247593051774
2196,0.3165,15,137,15,114727,490883,6955,101001,4.547065471117863,0.17064323414723157
2197,0.3166,5,80,5,114807,490803,6960,100996,4.546324428470858,0.1706592947943474
2198,0.3167,9,91,9,114898,490712,6969,100987,4.545481492459891,0.17067292660626435
2199,0.3168,9,225,9,115123,490487,6978,100978,4.543397310015191,0.1707252331076226
2200,0.3169,3,37,3,115160,490450,6981,100975,4.543054577790952,0.17073170731707318
2201,0.317,8,99,8,115259,490351,6989,100967,4.542137537515284,0.17074907241112228
2202,0.3171,8,98,8,115357,490253,6997,100959,4.541229760272704,0.17076615494949357
2203,0.3172,3,44,3,115401,490209,7000,100956,4.540822186816851,0.17077465682169954
2204,0.3173,7,55,7,115456,490154,7007,100949,4.5403127199970355,0.17078072687839513
2205,0.3174,4,61,4,115517,490093,7011,100945,4.539747674978695,0.17079274090667604
2206,0.3175,6,58,6,115575,490035,7017,100939,4.539210419059617,0.17080108431166177
2207,0.3176,7,98,7,115673,489937,7024,100932,4.538302641817037,0.1708195894521459
2208,0.3177,18,75,18,115748,489862,7042,100914,4.53760791433547,0.17081601148320175
2209,0.3178,20,140,20,115888,489722,7062,100894,4.536311089703212,0.1708284232056023
2210,0.3179,10,132,10,116020,489590,7072,100884,4.535088369335655,0.1708525692917893
2211,0.318,14,174,14,116194,489416,7086,100870,4.533476601578421,0.1708832667554372
2212,0.3181,10,78,10,116272,489338,7096,100860,4.532754084997592,0.17089180241207189
2213,0.3182,14,89,14,116361,489249,7110,100846,4.531929675052799,0.17089790626932952
2214,0.3183,10,89,10,116450,489160,7120,100836,4.531105265108007,0.1709096332856494
2215,0.3184,9,102,9,116552,489058,7129,100827,4.530160435733077,0.17092653652830636
2216,0.3185,5,72,5,116624,488986,7134,100822,4.529493497350773,0.17094037381656405
2217,0.3186,5,88,5,116712,488898,7139,100817,4.528678350439068,0.17095885300526525
2218,0.3187,11,112,11,116824,488786,7150,100806,4.527640890733261,0.17097586127355865
2219,0.3188,3,53,3,116877,488733,7153,100803,4.527149949979622,0.17098701351571405
2220,0.3189,1,35,1,116912,488698,7154,100802,4.526825743821557,0.17099575911789652
2221,0.319,6,83,6,116995,488615,7160,100796,4.52605691207529,0.17101139951578778
2222,0.3191,4,46,4,117041,488569,7164,100792,4.5256308125532625,0.17101912070869976
2223,0.3192,1,31,1,117072,488538,7165,100791,4.525343658527548,0.1710267100380263
2224,0.3193,3,71,3,117143,488467,7168,100788,4.5246859831783315,0.17104309679171156
2225,0.3194,11,112,11,117255,488355,7179,100777,4.523648523472525,0.17106013592879016
2226,0.3195,11,77,11,117332,488278,7190,100766,4.522935269924784,0.17106701706493913
2227,0.3196,14,127,14,117459,488151,7204,100752,4.521758864722665,0.17108420232194435
2228,0.3197,8,92,8,117551,488059,7212,100744,4.52090666567861,0.17109967170683574
2229,0.3198,5,87,5,117638,487972,7217,100739,4.520100781799993,0.17111791694057016
2230,0.3199,10,128,10,117766,487844,7227,100729,4.518915113564786,0.1711410479243866
2231,0.32,11,145,11,117911,487699,7238,100718,4.51757197376709,0.17116772628934923
2232,0.3201,10,100,10,118011,487599,7248,100708,4.516645670458335,0.17118273282486865
2233,0.3202,2,52,2,118063,487547,7250,100706,4.516163992737782,0.17119504702908442
2234,0.3203,10,104,10,118167,487443,7260,100696,4.515200637296677,0.1712112272779054
2235,0.3204,12,67,12,118234,487376,7272,100684,4.514580014079811,0.17121382171887223
2236,0.3205,6,73,6,118307,487303,7278,100678,4.513903812664418,0.17122662126837432
2237,0.3206,6,105,6,118412,487198,7284,100672,4.512931194190226,0.17124874547093746
2238,0.3207,9,106,9,118518,487092,7293,100663,4.511949312682945,0.1712669394560659
2239,0.3208,19,129,19,118647,486963,7312,100644,4.5107543814146505,0.17127774175596955
2240,0.3209,5,92,5,118739,486871,7317,100639,4.509902182370595,0.17129750982961992
2241,0.321,12,100,12,118839,486771,7329,100627,4.50897587906184,0.17130974228717155
2242,0.3211,9,75,9,118914,486696,7338,100618,4.508281151580274,0.17131891969202165
2243,0.3212,7,48,7,118962,486648,7345,100611,4.5078365259920705,0.17132304485755007
2244,0.3213,7,62,7,119024,486586,7352,100604,4.507262217940642,0.17133125564127455
2245,0.3214,6,69,6,119093,486517,7358,100598,4.506623068657602,0.17134292259608425
2246,0.3215,10,112,10,119205,486405,7368,100588,4.505585608951796,0.1713614983483619
2247,0.3216,8,110,8,119315,486295,7376,100580,4.504566675312164,0.17138232161874334
2248,0.3217,7,73,7,119388,486222,7383,100573,4.503890473896773,0.1713937576155216
2249,0.3218,8,100,8,119488,486122,7391,100565,4.502964170588017,0.1714116726636179
2250,0.3219,2,56,2,119544,486066,7393,100563,4.502445440735114,0.1714252108231949
2251,0.322,9,93,9,119637,485973,7402,100554,4.501583978657972,0.17143967796878917
2252,0.3221,11,148,11,119785,485825,7413,100543,4.5002130497610136,0.17146740613403186
2253,0.3222,13,95,13,119880,485730,7426,100530,4.499333061617696,0.17147681915873503
2254,0.3223,5,91,5,119971,485639,7431,100525,4.498490125606729,0.17149637302870868
2255,0.3224,13,78,13,120049,485561,7444,100512,4.4977676090259,0.1715008198637371
2256,0.3225,12,87,12,120136,485474,7456,100500,4.496961725147282,0.1715093161130016
2257,0.3226,7,107,7,120243,485367,7463,100493,4.495970580606914,0.17153074113269381
2258,0.3227,9,66,9,120309,485301,7472,100484,4.495359220423135,0.1715373387847077
2259,0.3228,5,74,5,120383,485227,7477,100479,4.494673755974656,0.17155193902743016
2260,0.3229,4,40,4,120423,485187,7481,100475,4.494303234651154,0.17155799761637258
2261,0.323,8,108,8,120531,485079,7489,100467,4.493302827077699,0.17157832177147483
2262,0.3231,9,122,9,120653,484957,7498,100458,4.492172737041017,0.17160134263727442
2263,0.3232,7,94,7,120747,484863,7505,100451,4.491302011930786,0.17161899424924057
2264,0.3233,10,138,10,120885,484725,7515,100441,4.490023713364704,0.17164531090323087
2265,0.3234,9,83,9,120968,484642,7524,100432,4.489254881618437,0.17165691861200463
2266,0.3235,4,49,4,121017,484593,7528,100428,4.488800992997147,0.17166563251575584
2267,0.3236,6,66,6,121083,484527,7534,100422,4.488189632813368,0.17167650513121657
2268,0.3237,15,99,15,121182,484428,7549,100407,4.487272592537701,0.1716843212188053
2269,0.3238,9,85,9,121267,484343,7558,100398,4.486485234725259,0.17169652889056863
2270,0.3239,19,148,19,121415,484195,7577,100379,4.485114305828301,0.1717130765309439
2271,0.324,4,76,4,121491,484119,7581,100375,4.484410315313646,0.17172973546349493
2272,0.3241,7,64,7,121555,484055,7588,100368,4.483817481196043,0.1717386208277224
2273,0.3242,10,163,10,121718,483892,7598,100358,4.482307606802771,0.17177235772357724
2274,0.3243,8,57,8,121775,483835,7606,100350,4.481779613916781,0.17177777587579277
2275,0.3244,9,147,9,121922,483688,7615,100341,4.48041794805291,0.17180824924789695
2276,0.3245,2,14,2,121936,483674,7617,100339,4.480288265589684,0.17180953163713822
2277,0.3246,16,106,16,122042,483568,7633,100323,4.479306384082404,0.1718180276798238
2278,0.3247,3,47,3,122089,483521,7636,100320,4.478871021527289,0.1718276037482808
2279,0.3248,13,103,13,122192,483418,7649,100307,4.477916929119271,0.17183947920681827
2280,0.3249,4,67,4,122259,483351,7653,100303,4.477296305902405,0.17185352965969564
2281,0.325,12,136,12,122395,483215,7665,100291,4.476036533402497,0.17187655311170752
2282,0.3251,8,92,8,122487,483123,7673,100283,4.475184334358443,0.17189230141616643
2283,0.3252,13,125,13,122612,482998,7686,100270,4.474026455222498,0.17191068256787617
2284,0.3253,5,46,5,122658,482952,7691,100265,4.47360035570047,0.17191714233295669
2285,0.3254,7,78,7,122736,482874,7698,100258,4.472877839119642,0.1719301976224937
2286,0.3255,7,122,7,122858,482752,7705,100251,4.47174774908296,0.17195623350137135
2287,0.3256,19,165,19,123023,482587,7724,100232,4.470219348623513,0.1719779211041507
2288,0.3257,14,137,14,123160,482450,7738,100218,4.468950313090518,0.1719984622460818
2289,0.3258,20,166,20,123326,482284,7758,100198,4.467412649597985,0.1720190495156932
2290,0.3259,3,80,3,123406,482204,7761,100195,4.46667160695098,0.17203841352749574
2291,0.326,11,95,11,123501,482109,7772,100184,4.465791618807662,0.17205084038447999
2292,0.3261,11,109,11,123610,482000,7783,100173,4.464781948201119,0.17206740951572813
2293,0.3262,3,57,3,123667,481943,7786,100170,4.464253955315129,0.17207999134188723
2294,0.3263,10,92,10,123759,481851,7796,100160,4.4634017562710735,0.17209296731505075
2295,0.3264,5,57,5,123816,481794,7801,100155,4.462873763385083,0.1721027100312914
2296,0.3265,9,100,9,123916,481694,7810,100146,4.461947460076328,0.17211948301938676
2297,0.3266,5,88,5,124004,481606,7815,100141,4.461132313164622,0.17213840380784087
2298,0.3267,9,72,9,124076,481534,7824,100132,4.460465374782319,0.17214690217409992
2299,0.3268,0,63,0,124139,481471,7824,100132,4.459881803697803,0.1721655493523933
2300,0.3269,4,74,4,124213,481397,7828,100128,4.459196339249324,0.1721817634667469
2301,0.327,12,96,12,124309,481301,7840,100116,4.458307088072918,0.17219310752867564
2302,0.3271,5,45,5,124354,481256,7845,100111,4.4578902515839784,0.17219931643866954
2303,0.3272,10,98,10,124452,481158,7855,100101,4.456982474341398,0.17221410765252668
2304,0.3273,10,83,10,124535,481075,7865,100091,4.456213642595132,0.17222445910462758
2305,0.3274,2,64,2,124599,481011,7867,100089,4.455620808477528,0.17224057821373256
2306,0.3275,0,42,0,124641,480969,7867,100089,4.455231761087851,0.172253028097023
2307,0.3276,8,74,8,124715,480895,7875,100081,4.454546296639371,0.17226357026796288
2308,0.3277,15,140,15,124855,480755,7890,100066,4.453249472007114,0.17228371563700348
2309,0.3278,9,84,9,124939,480671,7899,100057,4.452471377227759,0.172295808020278
2310,0.3279,5,43,5,124982,480628,7904,100052,4.452073066804995,0.1723014396913963
2311,0.328,12,91,12,125073,480537,7916,100040,4.451230130794027,0.17231133854768618
2312,0.3281,6,83,6,125156,480454,7922,100034,4.4504612990477606,0.17232742106641308
2313,0.3282,6,70,6,125226,480384,7928,100028,4.449812886731632,0.17233964838769703
2314,0.3283,7,74,7,125300,480310,7935,100021,4.449127422283152,0.1723516407015996
2315,0.3284,5,65,5,125365,480245,7940,100016,4.4485253251324615,0.17236381559332783
2316,0.3285,14,108,14,125473,480137,7954,100002,4.447524917559005,0.1723759305959434
2317,0.3286,16,153,16,125626,479984,7970,99986,4.44610767349661,0.17239857233994862
2318,0.3287,3,41,3,125667,479943,7973,99983,4.44572788914002,0.17240647944737778
2319,0.3288,2,48,2,125715,479895,7975,99981,4.445283263551818,0.17241789623988577
2320,0.3289,8,67,8,125782,479828,7983,99973,4.444662640334951,0.17242640147222926
2321,0.329,6,97,6,125879,479731,7989,99967,4.443764126125458,0.17244668775810854
2322,0.3291,15,112,15,125991,479619,8004,99952,4.442726666419652,0.17245859437411465
2323,0.3292,8,102,8,126093,479517,8012,99944,4.441781837044722,0.17247752652896398
2324,0.3293,11,89,11,126182,479428,8023,99933,4.44095742709993,0.17248831039714443
2325,0.3294,9,75,9,126257,479353,8032,99924,4.440262699618363,0.17249778603327942
2326,0.3295,6,90,6,126347,479263,8038,99918,4.439429026640483,0.17251601830861163
2327,0.3296,9,164,9,126511,479099,8047,99909,4.437909889214124,0.17255202000663203
2328,0.3297,11,111,11,126622,478988,8058,99898,4.436881692541406,0.17256938326371687
2329,0.3298,11,113,11,126735,478875,8069,99887,4.435834969802512,0.17258735024068617
2330,0.3299,11,101,11,126836,478774,8080,99876,4.434899403460669,0.172601745441977
2331,0.33,6,60,6,126896,478714,8086,99870,4.434343621475416,0.17261106425341868
2332,0.3301,4,47,4,126943,478667,8090,99866,4.433908258920301,0.17261936657027344
2333,0.3302,14,163,14,127106,478504,8104,99852,4.43239838452703,0.1726479884361881
2334,0.3303,19,188,19,127294,478316,8123,99833,4.430656934306569,0.17267693968163916
2335,0.3304,9,87,9,127381,478229,8132,99824,4.429851050427952,0.17269004745239624
2336,0.3305,8,96,8,127477,478133,8140,99816,4.428961799251547,0.17270728040017372
2337,0.3306,10,87,10,127564,478046,8150,99806,4.42815591537293,0.1727189661020469
2338,0.3307,2,69,2,127633,477977,8152,99804,4.427516766089888,0.1727367289682423
2339,0.3308,7,62,7,127695,477915,8159,99797,4.42694245803846,0.17274524330462238
2340,0.3309,6,84,6,127779,477831,8165,99791,4.4261643632591054,0.1727617715391727
2341,0.331,11,131,11,127910,477700,8176,99780,4.424950905924636,0.17278520468241323
2342,0.3311,16,181,16,128091,477519,8192,99764,4.423274296935789,0.17281645224266087
2343,0.3312,7,62,7,128153,477457,8199,99757,4.42269998888436,0.17282498345500977
2344,0.3313,15,122,15,128275,477335,8214,99742,4.421569898847679,0.17284001961609977
2345,0.3314,9,140,9,128415,477195,8223,99733,4.420273074215421,0.17286905818403683
2346,0.3315,10,119,10,128534,477076,8233,99723,4.419170773278002,0.17289038295836157
2347,0.3316,10,51,10,128585,477025,8243,99713,4.418698358590537,0.17289133020539657
2348,0.3317,10,158,10,128743,476867,8253,99703,4.417234799362704,0.17292436304351597
2349,0.3318,12,152,12,128895,476715,8265,99691,4.415826818333395,0.17295274511368722
2350,0.3319,16,155,16,129050,476560,8281,99675,4.414391048204824,0.17297630307079576
2351,0.332,12,168,12,129218,476392,8293,99663,4.412834858646115,0.17300952166025813
2352,0.3321,11,161,11,129379,476231,8304,99652,4.411343510319019,0.17304209361971096
2353,0.3322,6,78,6,129457,476153,8310,99646,4.410620993738189,0.1730569174312564
2354,0.3323,17,145,17,129602,476008,8327,99629,4.409277853940495,0.17307608788177273
2355,0.3324,11,115,11,129717,475893,8338,99618,4.408212605135425,0.17309486699646054
2356,0.3325,7,75,7,129792,475818,8345,99611,4.407517877653859,0.1731073685893481
2357,0.3326,5,73,5,129865,475745,8350,99606,4.406841676238468,0.17312214630721073
2358,0.3327,2,50,2,129915,475695,8352,99604,4.40637852458409,0.17313431798073697
2359,0.3328,5,36,5,129951,475659,8357,99599,4.406045055392938,0.1731379659213779
2360,0.3329,5,67,5,130018,475592,8362,99594,4.405424432176072,0.17315094595487374
2361,0.333,15,111,15,130129,475481,8377,99579,4.404396235503353,0.17316280040343615
2362,0.3331,6,66,6,130195,475415,8383,99573,4.403784875319575,0.17317404884971513
2363,0.3332,2,46,2,130241,475369,8385,99571,4.403358775797547,0.17318502800292204
2364,0.3333,10,109,10,130350,475260,8395,99561,4.4023491051910035,0.17320348421508608
2365,0.3334,23,193,23,130543,475067,8418,99538,4.4005613398051056,0.17322856571035755
2366,0.3335,11,109,11,130652,474958,8429,99527,4.399551669198562,0.1732456025831832
2367,0.3336,8,89,8,130741,474869,8437,99519,4.39872725925377,0.173260931635062
2368,0.3337,7,87,7,130828,474782,8444,99512,4.3979213753751525,0.1732771019721606
2369,0.3338,6,77,6,130905,474705,8450,99506,4.397208121827411,0.17329169939273195
2370,0.3339,8,80,8,130985,474625,8458,99498,4.396467079180407,0.17330432677318275
2371,0.334,1,59,1,131044,474566,8459,99497,4.395920560228241,0.17332069825088883
2372,0.3341,14,116,14,131160,474450,8473,99483,4.394846048390085,0.1733355635588126
2373,0.3342,8,109,8,131269,474341,8481,99475,4.393836377783542,0.1733569646018933
2374,0.3343,19,179,19,131448,474162,8500,99456,4.392178294860869,0.17338368042843844
2375,0.3344,5,85,5,131533,474077,8505,99451,4.391390937048427,0.1734021704258554
2376,0.3345,3,81,3,131614,473996,8508,99448,4.390640631368335,0.17342233940890478
2377,0.3346,10,74,10,131688,473922,8518,99438,4.389955166919856,0.17343030556718292
2378,0.3347,5,70,5,131758,473852,8523,99433,4.389306754603727,0.17344427291835648
2379,0.3348,9,80,9,131838,473772,8532,99424,4.388565711956723,0.17345550213190603
2380,0.3349,5,77,5,131915,473695,8537,99419,4.3878524584089815,0.17347159552898725
2381,0.335,9,83,9,131998,473612,8546,99410,4.387083626662714,0.17348374058936655
2382,0.3351,5,51,5,132049,473561,8551,99405,4.386611211975249,0.17349196985510484
2383,0.3352,9,137,9,132186,473424,8560,99396,4.385342176442254,0.17352047763695402
2384,0.3353,15,94,15,132280,473330,8575,99381,4.384471451332024,0.17352731133154417
2385,0.3354,12,91,12,132371,473239,8587,99369,4.383628515321057,0.17353756845870125
2386,0.3355,10,100,10,132471,473139,8597,99359,4.382702212012301,0.1735534447281912
2387,0.3356,3,101,3,132572,473038,8600,99356,4.381766645670458,0.1735797370342806
2388,0.3357,6,88,6,132660,472950,8606,99350,4.380951498758754,0.17359776341079852
2389,0.3358,10,91,10,132751,472859,8616,99340,4.380108562747786,0.17361092906488826
2390,0.3359,7,66,7,132817,472793,8623,99333,4.379497202564008,0.17362084575775266
2391,0.336,11,68,11,132885,472725,8634,99322,4.378867316314054,0.17362559370121686
2392,0.3361,6,97,6,132982,472628,8640,99316,4.3779688021045615,0.173646370973382
2393,0.3362,10,103,10,133085,472525,8650,99306,4.377014709696543,0.17366319769302468
2394,0.3363,6,105,6,133190,472420,8656,99300,4.37604209122235,0.17368641992583783
2395,0.3364,6,119,6,133309,472301,8662,99294,4.374939790284931,0.1737139058249285
2396,0.3365,8,68,8,133377,472233,8670,99286,4.374309904034977,0.17372300833393114
2397,0.3366,15,133,15,133510,472100,8685,99271,4.373077920634333,0.17374175448176404
2398,0.3367,9,117,9,133627,471983,8694,99262,4.371994145763089,0.1737643217883745
2399,0.3368,9,26,9,133653,471957,8703,99253,4.3717533069028125,0.17375921289893384
2400,0.3369,10,87,10,133740,471870,8713,99243,4.370947423024195,0.17377121515356855
2401,0.337,14,115,14,133855,471755,8727,99229,4.369882174219127,0.17378595547335826
2402,0.3371,6,91,6,133946,471664,8733,99223,4.369039238208159,0.17380497366378986
2403,0.3372,10,109,10,134055,471555,8743,99213,4.368029567601615,0.17382369018585483
2404,0.3373,6,83,6,134138,471472,8749,99207,4.367260735855348,0.17384028499384066
2405,0.3374,6,72,6,134210,471400,8755,99201,4.366593797473045,0.17385353337971718
2406,0.3375,18,143,18,134353,471257,8773,99183,4.365269183741525,0.1738710469111563
2407,0.3376,4,83,4,134436,471174,8777,99179,4.364500351995257,0.17389055549808627
2408,0.3377,19,208,19,134644,470966,8796,99160,4.3625736411130465,0.17392646537782877
2409,0.3378,18,122,18,134766,470844,8814,99142,4.3614435510763645,0.173937605485047
2410,0.3379,12,180,12,134946,470664,8826,99130,4.359776205120605,0.17397515593354793
2411,0.338,5,73,5,135019,470591,8831,99125,4.359100003705214,0.17399019862527995
2412,0.3381,9,101,9,135120,470490,8840,99116,4.35816443736337,0.17400799851125165
2413,0.3382,17,83,17,135203,470407,8857,99099,4.3573956056171035,0.17400870227881707
2414,0.3383,14,119,14,135322,470288,8871,99085,4.356293304679684,0.1740247605699603
2415,0.3384,13,177,13,135499,470111,8884,99072,4.354653747823187,0.17406001233346743
2416,0.3385,9,117,9,135616,469994,8893,99063,4.353569972951943,0.17408273687873096
2417,0.3386,10,127,10,135743,469867,8903,99053,4.352393567749824,0.17410708008155804
2418,0.3387,10,100,10,135843,469767,8913,99043,4.351467264441069,0.17412316942388495
2419,0.3388,8,95,8,135938,469672,8921,99035,4.350587276297751,0.17414063832518326
2420,0.3389,15,112,15,136050,469560,8936,99020,4.349549816591945,0.1741531534700482
2421,0.339,14,109,14,136159,469451,8950,99006,4.348540145985401,0.17416620782222753
2422,0.3391,5,60,5,136219,469391,8955,99001,4.3479843640001485,0.17417732832270685
2423,0.3392,11,79,11,136298,469312,8966,98990,4.347252584386231,0.17418555627113752
2424,0.3393,16,114,16,136412,469198,8982,98974,4.346196598614251,0.17419725012848222
2425,0.3394,11,137,11,136549,469061,8993,98963,4.344927563081256,0.17422327225610185
2426,0.3395,15,149,15,136698,468912,9008,98948,4.343547371151209,0.17424717359912656
2427,0.3396,3,99,3,136797,468813,9011,98945,4.342630330875542,0.17427319386076462
2428,0.3397,9,81,9,136878,468732,9020,98936,4.34188002519545,0.1742849693835129
2429,0.3398,9,77,9,136955,468655,9029,98927,4.341166771647709,0.1742955202948649
2430,0.3399,12,99,12,137054,468556,9041,98915,4.34024973137204,0.17430846686438603
2431,0.34,10,77,10,137131,468479,9051,98905,4.339536477824299,0.17431756975875246
2432,0.3401,12,135,12,137266,468344,9063,98893,4.338285968357479,0.17434158914175205
2433,0.3402,4,68,4,137334,468276,9067,98889,4.337656082107525,0.1743566686942953
2434,0.3403,12,89,12,137423,468187,9079,98877,4.336831672162733,0.1743665617990209
2435,0.3404,9,82,9,137505,468105,9088,98868,4.3360721034495535,0.1743786741167569
2436,0.3405,9,87,9,137592,468018,9097,98859,4.335266219570936,0.17439232849454114
2437,0.3406,5,41,5,137633,467977,9102,98854,4.334886435214346,0.17439765997272555
2438,0.3407,10,113,10,137746,467864,9112,98844,4.333839712475453,0.17441786599095124
2439,0.3408,13,91,13,137837,467773,9125,98831,4.332996776464485,0.17442693662593275
2440,0.3409,6,104,6,137941,467669,9131,98825,4.33203342102338,0.1744502148301659
2441,0.341,4,76,4,138017,467593,9135,98821,4.331329430508726,0.1744677921096583
2442,0.3411,13,109,13,138126,467484,9148,98808,4.330319759902182,0.1744824224958149
2443,0.3412,9,65,9,138191,467419,9157,98799,4.3297176627514915,0.17448933096439886
2444,0.3413,18,156,18,138347,467263,9175,98781,4.328272629589833,0.1745111687430659
2445,0.3414,11,136,11,138483,467127,9186,98770,4.327012857089925,0.17453706239828096
2446,0.3415,16,190,16,138673,466937,9202,98754,4.325252880803291,0.17457233719468757
2447,0.3416,11,105,11,138778,466832,9213,98743,4.324280262329097,0.17458869292313134
2448,0.3417,15,131,15,138909,466701,9228,98728,4.323066804994627,0.1746072451183084
2449,0.3418,6,92,6,139001,466609,9234,98722,4.322214605950572,0.17462689999310138
2450,0.3419,5,94,5,139095,466515,9239,98717,4.321343880840343,0.17464863985053924
2451,0.342,9,138,9,139233,466377,9248,98708,4.3200655822742595,0.17467814576568128
2452,0.3421,5,125,5,139358,466252,9253,98703,4.318907703138316,0.17470949013638254
2453,0.3422,3,27,3,139385,466225,9256,98700,4.318657601244952,0.1747134575386113
2454,0.3423,14,160,14,139545,466065,9270,98686,4.317175515950943,0.17474249713590592
2455,0.3424,5,54,5,139599,466011,9275,98681,4.316675312164215,0.17475190015087871
2456,0.3425,12,94,12,139693,465917,9287,98669,4.315804587053985,0.1747634549917993
2457,0.3426,10,86,10,139779,465831,9297,98659,4.315007966208455,0.17477546103562508
2458,0.3427,10,73,10,139852,465758,9307,98649,4.314331764793064,0.17478344527973608
2459,0.3428,8,95,8,139947,465663,9315,98641,4.313451776649746,0.17480117100002834
2460,0.3429,6,69,6,140016,465594,9321,98635,4.312812627366705,0.1748137724221903
2461,0.343,14,93,14,140109,465501,9335,98621,4.311951165289562,0.17482211294719938
2462,0.3431,15,141,15,140250,465360,9350,98606,4.310645077624217,0.17484387356684622
2463,0.3432,6,90,6,140340,465270,9356,98600,4.309811404646338,0.1748630003369571
2464,0.3433,11,79,11,140419,465191,9367,98589,4.309079625032421,0.17487140373904714
2465,0.3434,9,129,9,140548,465062,9376,98580,4.307884693764126,0.17489825101748982
2466,0.3435,15,161,15,140709,464901,9391,98565,4.30639334543703,0.17492625996954564
2467,0.3436,16,78,16,140787,464823,9407,98549,4.305670828856201,0.17492704642758247
2468,0.3437,9,120,9,140907,464703,9416,98540,4.304559264885694,0.17495113121689929
2469,0.3438,17,139,17,141046,464564,9433,98523,4.303271703286524,0.17496940970045483
2470,0.3439,8,89,8,141135,464475,9441,98515,4.302447293341732,0.17498534609850974
2471,0.344,5,52,5,141187,464423,9446,98510,4.301965615621179,0.1749941822561477
2472,0.3441,10,98,10,141285,464325,9456,98500,4.301057838378599,0.17500999422555857
2473,0.3442,12,166,12,141451,464159,9468,98488,4.299520174886065,0.1750440329371702
2474,0.3443,10,65,10,141516,464094,9478,98478,4.298918077735373,0.17504959365201253
2475,0.3444,15,174,15,141690,463920,9493,98463,4.297306309978139,0.1750817503374035
2476,0.3445,9,87,9,141777,463833,9502,98454,4.296500426099522,0.17509563621424645
2477,0.3446,4,60,4,141837,463773,9506,98450,4.295944644114269,0.1751084534072779
2478,0.3447,21,100,21,141937,463673,9527,98429,4.295018340805513,0.17510878808472483
2479,0.3448,5,49,5,141986,463624,9532,98424,4.294564452184223,0.1751167160100205
2480,0.3449,17,188,17,142174,463436,9549,98407,4.292823001963763,0.17515035339053792
2481,0.345,13,95,13,142269,463341,9562,98394,4.291943013820445,0.1751608854709071
2482,0.3451,11,57,11,142326,463284,9573,98383,4.291415020934455,0.17516250732195413
2483,0.3452,5,45,5,142371,463239,9578,98378,4.290998184445515,0.17516919893806635
2484,0.3453,11,124,11,142495,463115,9589,98367,4.2898495683426585,0.17519172475698241
2485,0.3454,3,51,3,142546,463064,9592,98364,4.289377153655193,0.1752032317590145
2486,0.3455,13,95,13,142641,462969,9605,98351,4.288497165511875,0.17521378180004277
2487,0.3456,10,134,10,142775,462835,9615,98341,4.2872559190781425,0.1752409226338974
2488,0.3457,11,100,11,142875,462735,9626,98330,4.286329615769388,0.1752559863830394
2489,0.3458,6,96,6,142971,462639,9632,98324,4.285440364592982,0.175277157316971
2490,0.3459,15,102,15,143073,462537,9647,98309,4.284495535218052,0.17528697717376962
2491,0.346,7,73,7,143146,462464,9654,98302,4.2838193338026604,0.17529950103964934
2492,0.3461,10,118,10,143264,462346,9664,98292,4.282726295898329,0.17532168707793622
2493,0.3462,13,142,13,143406,462204,9677,98279,4.281410945199896,0.17534697751760536
2494,0.3463,16,113,16,143519,462091,9693,98263,4.280364222461003,0.17535879104994342
2495,0.3464,11,109,11,143628,461982,9704,98252,4.27935455185446,0.1753767175858659
2496,0.3465,12,104,12,143732,461878,9716,98240,4.278391196413353,0.17539161390992614
2497,0.3466,18,124,18,143856,461754,9734,98222,4.277242580310497,0.175403945883395
2498,0.3467,9,95,9,143951,461659,9743,98213,4.276362592167179,0.17542045324645633
2499,0.3468,20,140,20,144091,461519,9763,98193,4.2750657675349215,0.17543486650277285
2500,0.3469,7,57,7,144148,461462,9770,98186,4.274537774648931,0.17544242095031162
2501,0.347,11,89,11,144237,461373,9781,98175,4.273713364704139,0.17545411653691909
2502,0.3471,8,97,8,144334,461276,9789,98167,4.272814850494646,0.1754727470001412
2503,0.3472,21,150,21,144484,461126,9810,98146,4.271425395531513,0.17548884979044185
2504,0.3473,13,108,13,144592,461018,9823,98133,4.270424987958057,0.1755035759571207
2505,0.3474,7,56,7,144648,460962,9830,98126,4.269906258105154,0.17551083192627995
2506,0.3475,11,59,11,144707,460903,9841,98115,4.269359739152988,0.17551313195639495
2507,0.3476,15,199,15,144906,460704,9856,98100,4.267516395568565,0.17555350355401894
2508,0.3477,18,94,18,145000,460610,9874,98082,4.266645670458335,0.17555647834585067
2509,0.3478,9,79,9,145079,460531,9883,98073,4.265913890844418,0.1755680231434075
2510,0.3479,15,140,15,145219,460391,9898,98058,4.2646170662121605,0.1755898927207319
2511,0.348,6,111,6,145330,460280,9904,98052,4.263588869539442,0.17561594176941317
2512,0.3481,19,150,19,145480,460130,9923,98033,4.262199414576309,0.17563507434208286
2513,0.3482,16,101,16,145581,460029,9939,98017,4.261263848234466,0.17564322654404835
2514,0.3483,6,107,6,145688,459922,9945,98011,4.260272703694097,0.175668046163249
2515,0.3484,5,70,5,145758,459852,9950,98006,4.2596242913779685,0.17568270061556884
2516,0.3485,6,101,6,145859,459751,9956,98000,4.258688725036126,0.17570564642645195
2517,0.3486,12,100,12,145959,459651,9968,97988,4.257762421727371,0.1757194170422083
2518,0.3487,4,92,4,146051,459559,9972,97984,4.256910222683316,0.1757424987848471
2519,0.3488,10,115,10,146166,459444,9982,97974,4.255844973878247,0.17576396887075768
2520,0.3489,12,95,12,146261,459349,9994,97962,4.254964985734929,0.1757761824187931
2521,0.349,6,63,6,146324,459286,10000,97956,4.254381414650413,0.1757871804350713
2522,0.3491,16,115,16,146439,459171,10016,97940,4.253316165845344,0.1757997957319098
2523,0.3492,22,201,22,146640,458970,10038,97918,4.251454296194746,0.17583068767867147
2524,0.3493,20,169,20,146809,458801,10058,97898,4.24988884360295,0.17585445635792413
2525,0.3494,18,102,18,146911,458699,10076,97880,4.248944014228019,0.17586003065153374
2526,0.3495,27,247,27,147158,458452,10103,97853,4.246656045055393,0.17589811344496276
2527,0.3496,10,129,10,147287,458323,10113,97843,4.245461113787099,0.1759240946048482
2528,0.3497,9,114,9,147401,458209,10122,97834,4.244405128015117,0.17594682425639743
2529,0.3498,8,100,8,147501,458109,10130,97826,4.2434788247063615,0.17596661480209017
2530,0.3499,10,75,10,147576,458034,10140,97816,4.242784097224796,0.17597553296752722
2531,0.35,17,176,17,147752,457858,10157,97799,4.241153803401386,0.17600606129320787
2532,0.3501,5,59,5,147811,457799,10162,97794,4.24060728444922,0.1760173364315245
2533,0.3502,10,56,10,147867,457743,10172,97784,4.240088554596317,0.17602024744071845
2534,0.3503,10,101,10,147968,457642,10182,97774,4.239152988254474,0.17603742060005473
2535,0.3504,13,141,13,148109,457501,10195,97761,4.237846900589129,0.17606283160021755
2536,0.3505,22,171,22,148280,457330,10217,97739,4.236262921931157,0.1760844147304209
2537,0.3506,11,117,11,148397,457213,10228,97728,4.235179147059913,0.1761052075806257
2538,0.3507,8,73,8,148470,457140,10236,97720,4.234502945644522,0.17611649785531486
2539,0.3508,3,70,3,148540,457070,10239,97717,4.233854533328393,0.1761342641410127
2540,0.3509,3,56,3,148596,457014,10242,97714,4.23333580347549,0.17614758944924358
2541,0.351,8,128,8,148724,456886,10250,97706,4.232150135240283,0.17617636027926836
2542,0.3511,21,226,21,148950,456660,10271,97685,4.230056689762496,0.1762169767924307
2543,0.3512,6,65,6,149015,456595,10277,97679,4.229454592611805,0.1762287244214955
2544,0.3513,12,109,12,149124,456486,10289,97667,4.228444922005261,0.17624554951430382
2545,0.3514,6,44,6,149168,456442,10295,97661,4.228037348549409,0.17625062488382123
2546,0.3515,16,168,16,149336,456274,10311,97645,4.2264811589907,0.17628028646787708
2547,0.3516,18,159,18,149495,456115,10329,97627,4.225008336729779,0.1763041271928082
2548,0.3517,9,100,9,149595,456015,10338,97618,4.224082033421023,0.17632258192701664
2549,0.3518,9,59,9,149654,455956,10347,97609,4.223535514468858,0.17632798316367546
2550,0.3519,13,72,13,149726,455884,10360,97596,4.222868576086554,0.17633157476331573
2551,0.352,16,161,16,149887,455723,10376,97580,4.221377227759458,0.17635906546684185
2552,0.3521,8,112,8,149999,455611,10384,97572,4.220339768053652,0.17638286064466913
2553,0.3522,2,59,2,150058,455552,10386,97570,4.219793249101486,0.17639869685168913
2554,0.3523,20,150,20,150208,455402,10406,97550,4.218403794138353,0.17641675950172891
2555,0.3524,10,124,10,150332,455278,10416,97540,4.217255178035496,0.1764414328042864
2556,0.3525,15,121,15,150453,455157,10431,97525,4.216134351031902,0.17645770985847195
2557,0.3526,6,76,6,150529,455081,10437,97519,4.215430360517248,0.17647303655446978
2558,0.3527,11,114,11,150643,454967,10448,97508,4.214374374745266,0.17649305398434317
2559,0.3528,19,152,19,150795,454815,10467,97489,4.212966393715958,0.1765132970248269
2560,0.3529,6,62,6,150857,454753,10473,97483,4.21239208566453,0.1765241672038766
2561,0.353,6,93,6,150950,454660,10479,97477,4.211530623587388,0.17654495170582662
2562,0.3531,12,81,12,151031,454579,10491,97465,4.210780317907296,0.17655295592380318
2563,0.3532,20,130,20,151161,454449,10511,97445,4.209576123605913,0.17656470264217405
2564,0.3533,9,97,9,151258,454352,10520,97436,4.208677609396421,0.17658231059754834
2565,0.3534,16,162,16,151420,454190,10536,97420,4.207176998036237,0.1766102862529686
2566,0.3535,8,77,8,151497,454113,10544,97412,4.206463744488495,0.17662299986401342
2567,0.3536,8,73,8,151570,454040,10552,97404,4.205787543073104,0.17663443613494753
2568,0.3537,15,151,15,151721,453889,10567,97389,4.204388825076883,0.17666041452769746
2569,0.3538,27,178,27,151899,453711,10594,97362,4.202740005187299,0.1766771371487988
2570,0.3539,19,188,19,152087,453523,10613,97343,4.200998554966838,0.17670903631736212
2571,0.354,5,84,5,152171,453439,10618,97338,4.2002204601874835,0.176728512628523
2572,0.3541,14,111,14,152282,453328,10632,97324,4.199192263514766,0.17674320623551718
2573,0.3542,30,151,30,152433,453177,10662,97294,4.197793545518545,0.17674682226674976
2574,0.3543,14,128,14,152561,453049,10676,97280,4.196607877283338,0.17676698847416727
2575,0.3544,10,74,10,152635,452975,10686,97270,4.195922412834858,0.17677579987096656
2576,0.3545,7,101,7,152736,452874,10693,97263,4.194986846493015,0.17679777946220668
2577,0.3546,12,106,12,152842,452768,10705,97251,4.1940049649857345,0.17681389188373492
2578,0.3547,10,107,10,152949,452661,10715,97241,4.193013820445366,0.17683332666547857
2579,0.3548,14,104,14,153053,452557,10729,97227,4.192050465004261,0.17684581581130043
2580,0.3549,10,77,10,153130,452480,10739,97217,4.19133721145652,0.1768556131832628
2581,0.355,13,131,13,153261,452349,10752,97204,4.19012375412205,0.17687829927231769
2582,0.3551,17,135,17,153396,452214,10769,97187,4.1888732446552295,0.17689629250765834
2583,0.3552,13,139,13,153535,452075,10782,97174,4.18758568305606,0.17692157837337893
2584,0.3553,12,86,12,153621,451989,10794,97162,4.18678906221053,0.17693129940581007
2585,0.3554,12,81,12,153702,451908,10806,97150,4.186038756530438,0.17693941259393361
2586,0.3555,13,80,13,153782,451828,10819,97137,4.185297713883434,0.17694570692120626
2587,0.3556,10,74,10,153856,451754,10829,97127,4.184612249434955,0.1769545675656472
2588,0.3557,10,75,10,153931,451679,10839,97117,4.183917521953388,0.17696375338012668
2589,0.3558,19,148,19,154079,451531,10858,97098,4.18254659305643,0.17698298850407107
2590,0.3559,12,162,12,154241,451369,10870,97086,4.181045981696246,0.17701725756898926
2591,0.356,14,146,14,154387,451223,10884,97072,4.179693578865463,0.17704337993233568
2592,0.3561,17,152,17,154539,451071,10901,97055,4.1782855978361555,0.17706695175926704
2593,0.3562,11,107,11,154646,450964,10912,97044,4.177294453295787,0.1770850060583057
2594,0.3563,8,83,8,154729,450881,10920,97036,4.17652562154952,0.17709981621303958
2595,0.3564,13,137,13,154866,450744,10933,97023,4.175256586016525,0.1771245803416416
2596,0.3565,12,85,12,154951,450659,10945,97011,4.174469228204083,0.17713404057187723
2597,0.3566,7,84,7,155035,450575,10952,97004,4.173691133424729,0.17715069423772642
2598,0.3567,10,97,10,155132,450478,10962,96994,4.172792619215236,0.17716705146564574
2599,0.3568,6,99,6,155231,450379,10968,96988,4.171875578939568,0.17719007539731113
2600,0.3569,24,147,24,155378,450232,10992,96964,4.170513913075697,0.17720158773090447
2601,0.357,10,86,10,155464,450146,11002,96954,4.1697172922301675,0.17721440321696216
2602,0.3571,6,84,6,155548,450062,11008,96948,4.168939197450813,0.17723259172592823
2603,0.3572,13,143,13,155691,449919,11021,96935,4.167614583719293,0.17725937818869386
2604,0.3573,7,114,7,155805,449805,11028,96928,4.166558597947311,0.17728580495415494
2605,0.3574,18,159,18,155964,449646,11046,96910,4.165085775686391,0.1773102847649646
2606,0.3575,11,95,11,156059,449551,11057,96899,4.164205787543073,0.17732454936407724
2607,0.3576,4,75,4,156134,449476,11061,96895,4.163511060061507,0.17734286775835467
2608,0.3577,7,103,7,156237,449373,11068,96888,4.162556967653488,0.1773657647168661
2609,0.3578,15,123,15,156360,449250,11083,96873,4.161417614583719,0.1773831169901286
2610,0.3579,8,94,8,156454,449156,11091,96865,4.16054688947349,0.1774016017698953
2611,0.358,4,77,4,156531,449079,11095,96861,4.1598336359257475,0.17742059566985383
2612,0.3581,11,148,11,156679,448931,11106,96850,4.158462707028789,0.17745212823458492
2613,0.3582,9,78,9,156757,448853,11115,96841,4.15774019044796,0.1774639266695254
2614,0.3583,21,160,21,156917,448693,11136,96820,4.1562581051539516,0.17748431293113087
2615,0.3584,10,95,10,157012,448598,11146,96810,4.155378117010634,0.1775001466791833
2616,0.3585,6,61,6,157073,448537,11152,96804,4.154813071992293,0.17751095186314617
2617,0.3586,10,69,10,157142,448468,11162,96794,4.154173922709252,0.17751833063738165
2618,0.3587,17,162,17,157304,448306,11179,96777,4.152673311349068,0.17754543803420764
2619,0.3588,8,111,8,157415,448195,11187,96769,4.15164511467635,0.1775695275284239
2620,0.3589,7,90,7,157505,448105,11194,96762,4.15081144169847,0.17758829218873598
2621,0.359,13,104,13,157609,448001,11207,96749,4.149848086257364,0.17760256998623222
2622,0.3591,6,122,6,157731,447879,11213,96743,4.148717996220682,0.17763329428484342
2623,0.3592,11,88,11,157819,447791,11224,96732,4.147902849308978,0.17764538871636276
2624,0.3593,14,79,14,157898,447712,11238,96718,4.1471710696950606,0.17765001928622595
2625,0.3594,10,102,10,158000,447610,11248,96708,4.14622624032013,0.17766820130879377
2626,0.3595,17,80,17,158080,447530,11265,96691,4.145485197673126,0.17766863094220914
2627,0.3596,5,72,5,158152,447458,11270,96686,4.1448182592908225,0.1776845834926049
2628,0.3597,7,98,7,158250,447360,11277,96679,4.143910482048242,0.17770601004707384
2629,0.3598,11,156,11,158406,447204,11288,96668,4.1424654488865835,0.17774035067074606
2630,0.3599,18,130,18,158536,447074,11306,96650,4.141261254585201,0.17775562601614053
2631,0.36,18,136,18,158672,446938,11324,96632,4.140001482085294,0.17777287193921665
2632,0.3601,21,158,21,158830,446780,11345,96611,4.13853792285746,0.17779278640978596
2633,0.3602,18,157,18,158987,446623,11363,96593,4.137083626662714,0.1778169273364555
2634,0.3603,5,75,5,159062,446548,11368,96588,4.1363888991811475,0.1778339126848524
2635,0.3604,16,162,16,159224,446386,11384,96572,4.1348882878209645,0.17786274444800518
2636,0.3605,8,87,8,159311,446299,11392,96564,4.1340824039423465,0.17787913340935005
2637,0.3606,12,110,12,159421,446189,11404,96552,4.133063470302716,0.17789700796512517
2638,0.3607,7,49,7,159470,446140,11411,96545,4.132609581681426,0.17790246644001584
2639,0.3608,3,163,3,159633,445977,11414,96542,4.131099707288154,0.17795137128837885
2640,0.3609,18,119,18,159752,445858,11432,96524,4.129997406350736,0.17796313299482652
2641,0.361,7,107,7,159859,445751,11439,96517,4.129006261810368,0.17798763710932602
2642,0.3611,17,165,17,160024,445586,11456,96500,4.127477861350921,0.17801603435617228
2643,0.3612,8,79,8,160103,445507,11464,96492,4.126746081737004,0.1780298487635586
2644,0.3613,13,156,13,160259,445351,11477,96479,4.125301048575346,0.17806138456711515
2645,0.3614,19,107,19,160366,445244,11496,96460,4.124309904034977,0.17806772702435278
2646,0.3615,30,199,30,160565,445045,11526,96430,4.122466560450554,0.1780876310078951
2647,0.3616,6,90,6,160655,444955,11532,96424,4.121632887472674,0.17810812757790753
2648,0.3617,13,164,13,160819,444791,11545,96411,4.120113750046315,0.17814235719749744
2649,0.3618,8,70,8,160889,444721,11553,96403,4.119465337730186,0.17815325138045993
2650,0.3619,13,143,13,161032,444578,11566,96390,4.118140723998666,0.17818059478564352
2651,0.362,13,132,13,161164,444446,11579,96377,4.116918003631109,0.1782043293277098
2652,0.3621,12,131,12,161295,444315,11591,96365,4.115704546296639,0.1782292668491529
2653,0.3622,13,69,13,161364,444246,11604,96352,4.115065397013598,0.1782322539114092
2654,0.3623,19,132,19,161496,444114,11623,96333,4.113842676646041,0.17824689562528795
2655,0.3624,8,137,8,161633,443977,11631,96325,4.1125736411130465,0.178279924930872
2656,0.3625,19,141,19,161774,443836,11650,96306,4.111267553447701,0.17829755879009593
2657,0.3626,8,62,8,161836,443774,11658,96298,4.110693245396273,0.17830585551556088
2658,0.3627,13,107,13,161943,443667,11671,96285,4.1097021008559045,0.17832140634723087
2659,0.3628,26,169,26,162112,443498,11697,96259,4.108136648264107,0.17833765935411677
2660,0.3629,11,105,11,162217,443393,11708,96248,4.107164029789915,0.1783556104891956
2661,0.363,9,86,9,162303,443307,11717,96239,4.106367408944385,0.17837033357674786
2662,0.3631,20,216,20,162519,443091,11737,96219,4.104366593797473,0.17841130333203536
2663,0.3632,13,115,13,162634,442976,11750,96206,4.1033013449924045,0.1784295469804259
2664,0.3633,14,74,14,162708,442902,11764,96192,4.102615880543925,0.1784327037585282
2665,0.3634,16,88,16,162796,442814,11780,96176,4.101800733632221,0.178437447819069
2666,0.3635,13,102,13,162898,442712,11793,96163,4.10085590425729,0.17845140338668522
2667,0.3636,18,110,18,163008,442602,11811,96145,4.099836970617659,0.1784603904986942
2668,0.3637,16,93,16,163101,442509,11827,96129,4.098975508540517,0.17846679959453288
2669,0.3638,10,73,10,163174,442436,11837,96119,4.098299307125125,0.17847573599725192
2670,0.3639,7,102,7,163276,442334,11844,96112,4.097354477750194,0.17849886525296874
2671,0.364,3,98,3,163374,442236,11847,96109,4.096446700507614,0.1785267811533496
2672,0.3641,9,125,9,163499,442111,11856,96100,4.09528882137167,0.17855450743295845
2673,0.3642,12,86,12,163585,442025,11868,96088,4.09449220052614,0.1785647252528744
2674,0.3643,14,128,14,163713,441897,11882,96074,4.093306532290933,0.1785858345524201
2675,0.3644,19,100,19,163813,441797,11901,96055,4.092380228982178,0.17859002104668198
2676,0.3645,20,127,20,163940,441670,11921,96035,4.0912038237800585,0.17860164960340708
2677,0.3646,15,67,15,164007,441603,11936,96020,4.090583200563192,0.17860098991300596
2678,0.3647,11,79,11,164086,441524,11947,96009,4.089851420949276,0.17861042949921213
2679,0.3648,4,89,4,164175,441435,11951,96005,4.089027011004483,0.1786338940160762
2680,0.3649,14,140,14,164315,441295,11965,95991,4.087730186372226,0.17865903820311715
2681,0.365,9,126,9,164441,441169,11974,95982,4.086563044203194,0.17868718479533688
2682,0.3651,11,120,11,164561,441049,11985,95971,4.085451480232687,0.17871029011954861
2683,0.3652,14,144,14,164705,440905,11999,95957,4.08411760346808,0.17873680759673807
2684,0.3653,23,115,23,164820,440790,12022,95934,4.08305235466301,0.17873991101571757
2685,0.3654,18,98,18,164918,440692,12040,95916,4.08214457742043,0.1787450056652156
2686,0.3655,8,82,8,165000,440610,12048,95908,4.081385008707251,0.1787600788789938
2687,0.3656,11,97,11,165097,440513,12059,95897,4.080486494497758,0.17877556346824258
2688,0.3657,10,58,10,165155,440455,12069,95887,4.07994923857868,0.17877958466799168
2689,0.3658,17,159,17,165314,440296,12086,95870,4.078476416317759,0.17880656363887304
2690,0.3659,6,103,6,165417,440193,12092,95864,4.077522323909741,0.17883172871541647
2691,0.366,20,183,20,165600,440010,12112,95844,4.075827188854719,0.17886215275056266
2692,0.3661,20,164,20,165764,439846,12132,95824,4.07430805142836,0.17888625459704668
2693,0.3662,8,64,8,165828,439782,12140,95816,4.073715217310756,0.17889536555401625
2694,0.3663,6,67,6,165895,439715,12146,95810,4.07309459409389,0.17890854768684936
2695,0.3664,15,142,15,166037,439573,12161,95795,4.071779243395458,0.1789329956217032
2696,0.3665,15,75,15,166112,439498,12176,95780,4.071084515913891,0.17893505804460486
2697,0.3666,14,130,14,166242,439368,12190,95766,4.069880321612509,0.1789570462725224
2698,0.3667,6,98,6,166340,439270,12196,95760,4.068972544369928,0.1789806179092761
2699,0.3668,15,83,15,166423,439187,12211,95745,4.068203712623662,0.17898536636432294
2700,0.3669,10,119,10,166542,439068,12221,95735,4.0671014116862425,0.17900984100687542
2701,0.367,15,107,15,166649,438961,12236,95720,4.066110267145874,0.17902263218629424
2702,0.3671,10,59,10,166708,438902,12246,95710,4.065563748193709,0.1790270326891278
2703,0.3672,23,163,23,166871,438739,12269,95687,4.064053873800437,0.17904630388491577
2704,0.3673,13,128,13,166999,438611,12282,95674,4.0628682055652305,0.17906922335457667
2705,0.3674,12,139,12,167138,438472,12294,95662,4.06158064396606,0.17909738005818765
2706,0.3675,11,151,11,167289,438321,12305,95651,4.0601819259698395,0.1791311154892017
2707,0.3676,8,91,8,167380,438230,12313,95643,4.0593389899588725,0.17914934825323625
2708,0.3677,9,105,9,167485,438125,12322,95634,4.058366371484679,0.17917074934567848
2709,0.3678,8,89,8,167574,438036,12330,95626,4.057541961539886,0.17918832519459882
2710,0.3679,5,51,5,167625,437985,12335,95621,4.057069546852421,0.1791977601451258
2711,0.368,30,270,30,167895,437715,12365,95591,4.054568527918781,0.17924231116844738
2712,0.3681,9,60,9,167955,437655,12374,95582,4.0540127459335284,0.1792486267832127
2713,0.3682,8,71,8,168026,437584,12382,95574,4.053355070584312,0.17926018178476175
2714,0.3683,7,48,7,168074,437536,12389,95567,4.052910444996109,0.17926554530737962
2715,0.3684,34,282,34,168356,437254,12423,95533,4.0502982696654195,0.17930805368749614
2716,0.3685,17,156,17,168512,437098,12440,95516,4.048853236503761,0.17933437724130422
2717,0.3686,13,202,13,168714,436896,12453,95503,4.046982103820075,0.17938238050785218
2718,0.3687,17,89,17,168803,436807,12470,95486,4.046157693875283,0.17938616513837305
2719,0.3688,12,96,12,168899,436711,12482,95474,4.045268442698878,0.17940002066950403
2720,0.3689,31,163,31,169062,436548,12513,95443,4.043758568305606,0.179407170422056
2721,0.369,3,40,3,169102,436508,12516,95440,4.043388046982104,0.179416033146097
2722,0.3691,24,128,24,169230,436380,12540,95416,4.042202378746897,0.17942218444666752
2723,0.3692,5,70,5,169300,436310,12545,95411,4.041553966430768,0.17943808877211923
2724,0.3693,10,76,10,169376,436234,12555,95401,4.040849975916114,0.17944830569845852
2725,0.3694,18,145,18,169521,436089,12573,95383,4.039506836118418,0.17946947346238373
2726,0.3695,13,133,13,169654,435956,12586,95370,4.038274852717774,0.17949432175349975
2727,0.3696,8,87,8,169741,435869,12594,95362,4.037468968839157,0.17951136134751172
2728,0.3697,9,85,9,169826,435784,12603,95353,4.036681611026714,0.17952618627585726
2729,0.3698,20,156,20,169982,435628,12623,95333,4.0352365778650565,0.1795480270679014
2730,0.3699,19,166,19,170148,435462,12642,95314,4.033698914372522,0.17957481121979893
2731,0.37,9,164,9,170312,435298,12651,95305,4.032179776946164,0.17961639870110044
2732,0.3701,11,147,11,170459,435151,12662,95294,4.030818111082293,0.17964916249564045
2733,0.3702,10,136,10,170595,435015,12672,95284,4.029558338582385,0.1796797655662183
2734,0.3703,15,126,15,170721,434889,12687,95269,4.028391196413353,0.17969925946604598
2735,0.3704,12,145,12,170866,434744,12699,95257,4.027048056615659,0.17972984956632157
2736,0.3705,20,170,20,171036,434574,12719,95237,4.025473340990774,0.17975655469591986
2737,0.3706,4,70,4,171106,434504,12723,95233,4.024824928674645,0.17977411432465545
2738,0.3707,10,77,10,171183,434427,12733,95223,4.024111675126903,0.1797847635230813
2739,0.3708,13,166,13,171349,434261,12746,95210,4.02257401163437,0.17982099114021352
2740,0.3709,20,143,20,171492,434118,12766,95190,4.021249397902849,0.1798385816953456
2741,0.371,16,121,16,171613,433997,12782,95174,4.020128570899256,0.17985490512518637
2742,0.3711,20,172,20,171785,433825,12802,95154,4.018535329208196,0.1798823771832152
2743,0.3712,14,121,14,171906,433704,12816,95140,4.017414502204602,0.1799018236001543
2744,0.3713,26,202,26,172108,433502,12842,95114,4.015543369520916,0.17993023291008975
2745,0.3714,6,79,6,172187,433423,12848,95108,4.014811589906999,0.1799478176303755
2746,0.3715,12,130,12,172317,433293,12860,95096,4.013607395605617,0.1799734665180388
2747,0.3716,16,159,16,172476,433134,12876,95080,4.012134573344696,0.18000280189468662
2748,0.3717,16,106,16,172582,433028,12892,95064,4.011152691837415,0.1800140884542845
2749,0.3718,14,134,14,172716,432894,12906,95050,4.009911445403683,0.18003803433697513
2750,0.3719,14,110,14,172826,432784,12920,95036,4.008892511764052,0.18005380622181805
2751,0.372,18,117,18,172943,432667,12938,95018,4.007808736892808,0.1800657589281484
2752,0.3721,10,81,10,173024,432586,12948,95008,4.007058431212716,0.18007786290215583
2753,0.3722,6,108,6,173132,432478,12954,95002,4.006058023639261,0.18010540684006976
2754,0.3723,25,143,25,173275,432335,12979,94977,4.0047334099077405,0.18011537761325364
2755,0.3724,15,102,15,173377,432233,12994,94962,4.0037885805328095,0.18012689801686282
2756,0.3725,17,105,17,173482,432128,13011,94945,4.002815962058617,0.18013633785073416
2757,0.3726,11,91,11,173573,432037,13022,94934,4.001973026047649,0.18015033085312096
2758,0.3727,16,129,16,173702,431908,13038,94918,4.0007780947793545,0.18016954364439114
2759,0.3728,14,151,14,173853,431757,13052,94904,3.999379376783134,0.18019940720881175
2760,0.3729,18,116,18,173969,431641,13070,94886,3.9983048649449775,0.18021108129307709
2761,0.373,19,105,19,174074,431536,13089,94867,3.9973322464707843,0.18021743797052828
2762,0.3731,38,243,38,174317,431293,13127,94829,3.9950813294305085,0.18024146490737888
2763,0.3732,12,119,12,174436,431174,13139,94817,3.9939790284930896,0.18026354063092334
2764,0.3733,7,69,7,174505,431105,13146,94810,3.9933398792100485,0.1802762803875151
2765,0.3734,13,129,13,174634,430976,13159,94797,3.992144947941754,0.18030024364126723
2766,0.3735,7,85,7,174719,430891,13166,94790,3.991357590129312,0.18031848212128648
2767,0.3736,23,132,23,174851,430759,13189,94767,3.990134869761755,0.18032790004681024
2768,0.3737,6,96,6,174947,430663,13195,94761,3.9892456185853495,0.18035148756052255
2769,0.3738,20,97,20,175044,430566,13215,94741,3.988347104375857,0.18035358371390445
2770,0.3739,14,103,14,175147,430463,13229,94727,3.9873930119678387,0.1803671052381043
2771,0.374,18,148,18,175295,430315,13247,94709,3.9860220830708806,0.18038984884500517
2772,0.3741,2,56,2,175351,430259,13249,94707,3.9855033532179776,0.18040596914847817
2773,0.3742,14,142,14,175493,430117,13263,94693,3.984188002519545,0.18043291858005756
2774,0.3743,8,95,8,175588,430022,13271,94685,3.9833080143762274,0.18045309096314704
2775,0.3744,6,73,6,175661,429949,13277,94679,3.982631812960836,0.18046882743582118
2776,0.3745,11,102,11,175763,429847,13288,94668,3.9816869835859054,0.18048673536505153
2777,0.3746,11,132,11,175895,429715,13299,94657,3.980464263218348,0.180514977916441
2778,0.3747,22,199,22,176094,429516,13321,94635,3.978620919633925,0.1805491165713697
2779,0.3748,5,77,5,176171,429439,13326,94630,3.977907666086183,0.18056782599237886
2780,0.3749,10,157,10,176328,429282,13336,94620,3.9764533698914373,0.18060629659745525
2781,0.375,8,59,8,176387,429223,13344,94612,3.9759068509392717,0.18061412467666346
2782,0.3751,22,199,22,176586,429024,13366,94590,3.9740635073548485,0.18064834018952894
2783,0.3752,27,182,27,176768,428842,13393,94563,3.972377635332913,0.18066888929223068
2784,0.3753,33,228,33,176996,428614,13426,94530,3.970265663788951,0.18069594604927133
2785,0.3754,16,126,16,177122,428488,13442,94514,3.969098521619919,0.18071441409401875
2786,0.3755,12,157,12,177279,428331,13454,94502,3.967644225425173,0.18074987615548369
2787,0.3756,11,124,11,177403,428207,13465,94491,3.9664956093223167,0.18077551473317288
2788,0.3757,26,209,26,177612,427998,13491,94465,3.9645596354070176,0.18080706193548635
2789,0.3758,6,22,6,177634,427976,13497,94459,3.9643558486790913,0.18080526764095056
2790,0.3759,21,216,21,177850,427760,13518,94438,3.9623550335321798,0.18084711163198633
2791,0.376,10,183,10,178033,427577,13528,94428,3.9606598984771573,0.18089481901514354
2792,0.3761,7,95,7,178128,427482,13535,94421,3.9597799103338396,0.18091676039417287
2793,0.3762,11,98,11,178226,427384,13546,94410,3.9588721330912593,0.18093347182987923
2794,0.3763,9,134,9,178360,427250,13555,94401,3.957630886657527,0.1809658181427813
2795,0.3764,10,120,10,178480,427130,13565,94391,3.956519322687021,0.18099175296872033
2796,0.3765,16,160,16,178640,426970,13581,94375,3.955037237393012,0.18102216382625708
2797,0.3766,19,153,19,178793,426817,13600,94356,3.953619993330616,0.18104544939971948
2798,0.3767,16,101,16,178894,426716,13616,94340,3.9526844269887733,0.18105539519744518
2799,0.3768,14,91,14,178985,426625,13630,94326,3.951841490977806,0.1810650137920841
2800,0.3769,17,151,17,179136,426474,13647,94309,3.950442772981585,0.18109078061303843
2801,0.377,18,161,18,179297,426313,13665,94291,3.948951424654489,0.1811184700847477
2802,0.3771,19,205,19,179502,426108,13684,94272,3.94705250287154,0.18115992159575695
2803,0.3772,10,145,10,179647,425963,13694,94262,3.945709363073845,0.18119467538084483
2804,0.3773,19,173,19,179820,425790,13713,94243,3.944106858349698,0.18122503764184195
2805,0.3774,16,106,16,179926,425684,13729,94227,3.9431249768424173,0.18123678860420342
2806,0.3775,12,130,12,180056,425554,13741,94215,3.941920782541035,0.18126321500512727
2807,0.3776,11,145,11,180201,425409,13752,94204,3.9405776427433397,0.18129646486904677
2808,0.3777,15,208,15,180409,425201,13767,94189,3.9386509318611287,0.1813454244402087
2809,0.3778,12,118,12,180527,425083,13779,94177,3.937557893956797,0.18136771559527018
2810,0.3779,21,195,21,180722,424888,13800,94156,3.935751602504724,0.1814027327163015
2811,0.378,19,170,19,180892,424718,13819,94137,3.93417688687984,0.18143219203823804
2812,0.3781,17,144,17,181036,424574,13836,94120,3.9328430101152323,0.18145573305262833
2813,0.3782,15,203,15,181239,424371,13851,94105,3.930962614398459,0.18150309753971255
2814,0.3783,24,158,24,181397,424213,13875,94081,3.9294990551706253,0.18152052695960208
2815,0.3784,13,91,13,181488,424122,13888,94068,3.928656119159658,0.1815318705494124
2816,0.3785,11,115,11,181603,424007,13899,94057,3.9275908703545888,0.18155478859754778
2817,0.3786,12,104,12,181707,423903,13911,94045,3.9266275149134833,0.18157228138732073
2818,0.3787,21,120,21,181827,423783,13932,94024,3.9255159509429767,0.18158116827312107
2819,0.3788,9,83,9,181910,423700,13941,94015,3.92474711919671,0.18159605188182687
2820,0.3789,14,131,14,182041,423569,13955,94001,3.92353366186224,0.18161987750449216
2821,0.379,19,127,19,182168,423442,13974,93982,3.9223572566601206,0.18163440427966232
2822,0.3791,18,129,18,182297,423313,13992,93964,3.921162325391826,0.18165122361906677
2823,0.3792,17,161,17,182458,423152,14009,93947,3.91967097706473,0.18168087735617358
2824,0.3793,13,152,13,182610,423000,14022,93934,3.918262996035422,0.18171371973985073
2825,0.3794,13,120,13,182730,422880,14035,93921,3.9171514320649155,0.18173532945950183
2826,0.3795,17,140,17,182870,422740,14052,93904,3.915854607432658,0.181757651303412
2827,0.3796,20,174,20,183044,422566,14072,93884,3.914242839675423,0.1817872010843257
2828,0.3797,13,117,13,183161,422449,14085,93871,3.9131590648041796,0.18180779361636196
2829,0.3798,20,168,20,183329,422281,14105,93851,3.9116028752454706,0.18183526694721505
2830,0.3799,16,110,16,183439,422171,14121,93835,3.9105839416058394,0.1818486606744883
2831,0.38,10,133,10,183572,422038,14131,93825,3.9093519582051948,0.18187968511019398
2832,0.3801,10,87,10,183659,421951,14141,93815,3.9085460743265776,0.18189450254572812
2833,0.3802,23,246,23,183905,421705,14164,93792,3.9062673681870392,0.18194480278255742
2834,0.3803,9,147,9,184052,421558,14173,93783,3.904905702323169,0.18198241552680652
2835,0.3804,23,144,23,184196,421414,14196,93760,3.903571825558561,0.18199676225896494
2836,0.3805,13,119,13,184315,421295,14209,93747,3.902469524621142,0.1820181655088323
2837,0.3806,15,89,15,184404,421206,14224,93732,3.9016451146763496,0.1820257972804493
2838,0.3807,21,127,21,184531,421079,14245,93711,3.90046870947423,0.1820373356125799
2839,0.3808,23,190,23,184721,420889,14268,93688,3.898708733187595,0.18206798982465208
2840,0.3809,7,88,7,184809,420801,14275,93681,3.8978935862758903,0.18208800307882492
2841,0.381,15,105,15,184914,420696,14290,93666,3.896920967801697,0.18210132163729048
2842,0.3811,24,181,24,185095,420515,14314,93642,3.8952443588128496,0.18212724906983666
2843,0.3812,18,101,18,185196,420414,14332,93624,3.8943087924710067,0.1821343947334633
2844,0.3813,14,135,14,185331,420279,14346,93610,3.893058283004187,0.18215996061406256
2845,0.3814,18,217,18,185548,420062,14364,93592,3.8910482048241875,0.18220825692002787
2846,0.3815,7,93,7,185641,419969,14371,93585,3.890186742747045,0.18223010627898917
2847,0.3816,18,154,18,185795,419815,14389,93567,3.888760235651562,0.1822560977985204
2848,0.3817,27,173,27,185968,419642,14416,93540,3.887157730927415,0.18227451469459177
2849,0.3818,34,195,34,186163,419447,14450,93506,3.885351439475342,0.18228960548042414
2850,0.3819,8,71,8,186234,419376,14458,93498,3.8846937641261254,0.18230208589244143
2851,0.382,8,59,8,186293,419317,14466,93490,3.88414724517396,0.18231030387650715
2852,0.3821,24,210,24,186503,419107,14490,93466,3.8822020082255735,0.18234670963940747
2853,0.3822,13,91,13,186594,419016,14503,93453,3.881359072214606,0.18235834752931396
2854,0.3823,9,84,9,186678,418932,14512,93444,3.8805809774352515,0.18237388168064078
2855,0.3824,19,171,19,186849,418761,14531,93425,3.8789969987772794,0.18240443901239003
2856,0.3825,13,130,13,186979,418631,14544,93412,3.877792804475898,0.18242999123120518
2857,0.3826,13,160,13,187139,418471,14557,93399,3.876310719181889,0.18246625119659288
2858,0.3827,23,234,23,187373,418237,14580,93376,3.8741431694394013,0.18251295412743618
2859,0.3828,11,72,11,187445,418165,14591,93365,3.873476231057097,0.18252106425820577
2860,0.3829,16,130,16,187575,418035,14607,93349,3.872272036755715,0.18254188633199317
2861,0.383,16,127,16,187702,417908,14623,93333,3.871095631553596,0.1825616490070241
2862,0.3831,16,183,16,187885,417725,14639,93317,3.8694004964985735,0.18260143001945045
2863,0.3832,23,184,23,188069,417541,14662,93294,3.8676960984104634,0.18263039924828955
2864,0.3833,5,61,5,188130,417480,14667,93289,3.867131053392123,0.18264420902599807
2865,0.3834,20,151,20,188281,417329,14687,93269,3.865732335395902,0.18266620707484166
2866,0.3835,7,129,7,188410,417200,14694,93262,3.8645374041276077,0.1827011609091372
2867,0.3836,20,156,20,188566,417044,14714,93242,3.863092370965949,0.18272498167694196
2868,0.3837,12,115,12,188681,416929,14726,93230,3.8620271221608804,0.1827469475202829
2869,0.3838,18,112,18,188793,416817,14744,93212,3.8609896624550744,0.18275823531603105
2870,0.3839,18,161,18,188954,416656,14762,93194,3.859498314127978,0.18278709424340492
2871,0.384,25,209,25,189163,416447,14787,93169,3.857562340212679,0.18282196791309535
2872,0.3841,21,107,21,189270,416340,14808,93148,3.856571195672311,0.18282668090318124
2873,0.3842,14,116,14,189386,416224,14822,93134,3.8554966838341547,0.1828458569414832
2874,0.3843,14,113,14,189499,416111,14836,93120,3.854449961095261,0.18286396546950207
2875,0.3844,13,159,13,189658,415952,14849,93107,3.85297713883434,0.18290021392412276
2876,0.3845,24,154,24,189812,415798,14873,93083,3.8515506317388564,0.18291702775305033
2877,0.3846,10,127,10,189939,415671,14883,93073,3.8503742265367373,0.1829466293459972
2878,0.3847,12,103,12,190042,415568,14895,93061,3.849420134128719,0.18296440037827177
2879,0.3848,13,102,13,190144,415466,14908,93048,3.8484753047537885,0.18298021293415717
2880,0.3849,7,68,7,190212,415398,14915,93041,3.847845418503835,0.1829934367741263
2881,0.385,11,86,11,190298,415312,14926,93030,3.847048797658305,0.18300671595107232
2882,0.3851,14,130,14,190428,415182,14940,93016,3.845844603356923,0.18303102334129612
2883,0.3852,22,126,22,190554,415056,14962,92994,3.8446774611878913,0.1830410392677886
2884,0.3853,17,132,17,190686,414924,14979,92977,3.8434547408203343,0.1830612658766177
2885,0.3854,9,114,9,190800,414810,14988,92968,3.842398755048353,0.1830878848630701
2886,0.3855,15,182,15,190982,414628,15003,92953,3.840712883026418,0.18312939215612878
2887,0.3856,13,84,13,191066,414544,15016,92940,3.8399347882470636,0.1831387787595274
2888,0.3857,13,113,13,191179,414431,15029,92927,3.83888806550817,0.18315863749068706
2889,0.3858,7,80,7,191259,414351,15036,92920,3.8381470228611656,0.1831762509585606
2890,0.3859,23,199,23,191458,414152,15059,92897,3.8363036792767424,0.18321109005244068
2891,0.386,8,83,8,191541,414069,15067,92889,3.8355348475304756,0.18322819641863822
2892,0.3861,26,141,26,191682,413928,15093,92863,3.8342287598651303,0.18323727138011528
2893,0.3862,13,116,13,191798,413812,15106,92850,3.833154248026974,0.18325826685245786
2894,0.3863,14,119,14,191917,413693,15120,92836,3.832051947089555,0.18327874613299536
2895,0.3864,17,137,17,192054,413556,15137,92819,3.83078291155656,0.18330091335472723
2896,0.3865,9,121,9,192175,413435,15146,92810,3.829662084552966,0.18333020573042696
2897,0.3866,17,94,17,192269,413341,15163,92793,3.828791359442736,0.1833368238450687
2898,0.3867,14,114,14,192383,413227,15177,92779,3.827735373670755,0.18335553333359683
2899,0.3868,6,55,6,192438,413172,15183,92773,3.827225906850939,0.1833657808655091
2900,0.3869,9,70,9,192508,413102,15192,92764,3.8265774945348103,0.18337662543044997
2901,0.387,11,132,11,192640,412970,15203,92753,3.8253547741672533,0.18340672660725338
2902,0.3871,18,95,18,192735,412875,15221,92735,3.8244747860239356,0.18341211605783114
2903,0.3872,21,145,21,192880,412730,15242,92714,3.82313164622624,0.18343080539090384
2904,0.3873,32,211,32,193091,412519,15274,92682,3.8211771462447666,0.18345569387233993
2905,0.3874,17,163,17,193254,412356,15291,92665,3.819667271851495,0.18348741933503757
2906,0.3875,13,73,13,193327,412283,15304,92652,3.8189910704361036,0.18349292483190907
2907,0.3876,11,125,11,193452,412158,15315,92641,3.8178331913001595,0.1835205695732361
2908,0.3877,15,97,15,193549,412061,15330,92626,3.8169346770906665,0.18353157501580186
2909,0.3878,13,117,13,193666,411944,15343,92613,3.815850902219423,0.1835530970732742
2910,0.3879,10,105,10,193771,411839,15353,92603,3.8148782837452297,0.1835751186459494
2911,0.388,14,68,14,193839,411771,15367,92589,3.814248397495276,0.18357720675707828
2912,0.3881,29,216,29,194055,411555,15396,92560,3.8122475823483644,0.18360889876317904
2913,0.3882,15,119,15,194174,411436,15411,92545,3.811145281410945,0.18362795422843323
2914,0.3883,12,122,12,194296,411314,15423,92533,3.8100151913742635,0.18365297401790623
2915,0.3884,17,171,17,194467,411143,15440,92516,3.808431212716292,0.18368777287807822
2916,0.3885,11,95,11,194562,411048,15451,92505,3.807551224572974,0.18370459514688622
2917,0.3886,12,85,12,194647,410963,15463,92493,3.806763866760532,0.1837161539439395
2918,0.3887,13,179,13,194826,410784,15476,92480,3.8051057838378597,0.1837604120302664
2919,0.3888,15,113,15,194939,410671,15491,92465,3.8040590610989664,0.1837773484703937
2920,0.3889,10,99,10,195038,410572,15501,92455,3.8031420208232984,0.18379729119908075
2921,0.389,20,194,20,195232,410378,15521,92435,3.801344992404313,0.18383574012605083
2922,0.3891,23,247,23,195479,410131,15544,92412,3.799057023231687,0.1838887418589056
2923,0.3892,12,101,12,195580,410030,15556,92400,3.798121456889844,0.1839062157912545
2924,0.3893,20,191,20,195771,409839,15576,92380,3.796352217570121,0.18394365804559365
2925,0.3894,20,145,20,195916,409694,15596,92360,3.7950090777724257,0.18396427475928884
2926,0.3895,10,125,10,196041,409569,15606,92350,3.7938511986364816,0.18399383167403505
2927,0.3896,11,94,11,196135,409475,15617,92339,3.7929804735262516,0.18401041023167947
2928,0.3897,16,96,16,196231,409379,15633,92323,3.792091222349846,0.18401959729082204
2929,0.3898,33,144,33,196375,409235,15666,92290,3.7907573455852384,0.1840187428343552
2930,0.3899,7,89,7,196464,409146,15673,92283,3.7899329356404463,0.184040013641014
2931,0.39,19,162,19,196626,408984,15692,92264,3.7884323242802624,0.18406856486210418
2932,0.3901,33,198,33,196824,408786,15725,92231,3.7865982437289265,0.18408756589097774
2933,0.3902,11,83,11,196907,408703,15736,92220,3.7858294119826597,0.18410015112103056
2934,0.3903,18,115,18,197022,408588,15754,92202,3.784764163177591,0.1841131012999461
2935,0.3904,23,170,23,197192,408418,15777,92179,3.7831894475527066,0.18413813906196003
2936,0.3905,21,168,21,197360,408250,15798,92158,3.7816332579939975,0.18416572077185017
2937,0.3906,14,141,14,197501,408109,15812,92144,3.7803271703286523,0.18419479743249917
2938,0.3907,10,162,10,197663,407947,15822,92134,3.7788265589684684,0.1842381534191461
2939,0.3908,10,128,10,197791,407819,15832,92124,3.7776408907332617,0.18426900666676002
2940,0.3909,42,282,42,198073,407537,15874,92082,3.7750287154025712,0.18430443998326726
2941,0.391,13,94,13,198167,407443,15887,92069,3.7741579902923412,0.18431789426480244
2942,0.3911,29,224,29,198391,407219,15916,92040,3.772083070880729,0.1843532114593828
2943,0.3912,12,118,12,198509,407101,15928,92028,3.770990032976398,0.1843771850563682
2944,0.3913,8,89,8,198598,407012,15936,92020,3.7701656230316054,0.1843969925776303
2945,0.3914,25,161,25,198759,406851,15961,91995,3.768674274704509,0.1844156312769873
2946,0.3915,15,107,15,198866,406744,15976,91980,3.767683130164141,0.1844306670623431
2947,0.3916,19,175,19,199041,406569,15995,91961,3.7660620993738188,0.18446432511584057
2948,0.3917,20,130,20,199171,406439,16015,91941,3.764857905072437,0.18447971427424856
2949,0.3918,26,106,26,199277,406333,16041,91915,3.7638760235651563,0.1844764053242562
2950,0.3919,25,250,25,199527,406083,16066,91890,3.7615602652932676,0.18452807682344224
2951,0.392,22,166,22,199693,405917,16088,91868,3.7600226018007334,0.18455357232540154
2952,0.3921,11,122,11,199815,405795,16099,91857,3.758892511764052,0.1845807913963975
2953,0.3922,21,162,21,199977,405633,16120,91836,3.757391900403868,0.18460647799159344
2954,0.3923,15,131,15,200108,405502,16135,91821,3.7561784430693987,0.18463051175996284
2955,0.3924,13,115,13,200223,405387,16148,91808,3.75511319426433,0.18465189714297206
2956,0.3925,9,173,9,200396,405214,16157,91799,3.753510689540183,0.18470140620064263
2957,0.3926,15,126,15,200522,405088,16172,91784,3.7523435473711513,0.1847236310357597
2958,0.3927,19,157,19,200679,404931,16191,91765,3.7508892511764054,0.18475083350781968
2959,0.3928,32,352,32,201031,404579,16223,91733,3.747628663529586,0.18482930092361258
2960,0.3929,37,210,37,201241,404369,16260,91696,3.7456834265812,0.18484674387429068
2961,0.393,22,117,22,201358,404252,16282,91674,3.744599651709956,0.18485419195605796
2962,0.3931,10,103,10,201461,404149,16292,91664,3.743645559301938,0.18487615290442164
2963,0.3932,17,178,17,201639,403971,16309,91647,3.741996739412353,0.18491459147972833
2964,0.3933,18,178,18,201817,403793,16327,91629,3.7403479195227685,0.18495141515717914
2965,0.3934,16,122,16,201939,403671,16343,91613,3.739217829486087,0.18497064310577366
2966,0.3935,9,155,9,202094,403516,16352,91604,3.737782059357516,0.1850137340442721
2967,0.3936,21,169,21,202263,403347,16373,91583,3.736216606765719,0.1850423292182733
2968,0.3937,23,128,23,202391,403219,16396,91560,3.7350309385305125,0.18505231628666535
2969,0.3938,36,226,36,202617,402993,16432,91524,3.732937493052725,0.18507756052875837
2970,0.3939,24,158,24,202775,402835,16456,91500,3.7314739338248915,0.18509715071763075
2971,0.394,8,120,8,202895,402715,16464,91492,3.7303623698543853,0.1851289034756691
2972,0.3941,29,223,29,203118,402492,16493,91463,3.7282967134758604,0.1851646405036896
2973,0.3942,17,163,17,203281,402329,16510,91446,3.7267868390825893,0.18519771150827807
2974,0.3943,15,96,15,203377,402233,16525,91431,3.725897587906184,0.18520896804304143
2975,0.3944,13,117,13,203494,402116,16538,91418,3.72481381303494,0.18523141262810666
2976,0.3945,16,142,16,203636,401974,16554,91402,3.7234984623365075,0.1852583019846932
2977,0.3946,27,233,27,203869,401741,16581,91375,3.721340175627107,0.18530122729743104
2978,0.3947,29,197,29,204066,401544,16610,91346,3.7195153581088594,0.18532735498792835
2979,0.3948,15,83,15,204149,401461,16625,91331,3.718746526362592,0.1853337716521372
2980,0.3949,11,96,11,204245,401365,16636,91320,3.717857275186187,0.18535169530227225
2981,0.395,25,226,25,204471,401139,16661,91295,3.7157638297083997,0.18539540324185577
2982,0.3951,14,93,14,204564,401046,16675,91281,3.7149023676312574,0.18540725980902936
2983,0.3952,14,82,14,204646,400964,16689,91267,3.7141427989180777,0.18541497792703018
2984,0.3953,9,90,9,204736,400874,16698,91258,3.713309125940198,0.18543398925491536
2985,0.3954,17,156,17,204892,400718,16715,91241,3.7118640927785393,0.1854646423787348
2986,0.3955,16,122,16,205014,400596,16731,91225,3.710734002741858,0.18548414972113839
2987,0.3956,19,114,19,205128,400482,16750,91206,3.7096780169698764,0.18549568018743592
2988,0.3957,20,175,20,205303,400307,16770,91186,3.7080569861795545,0.18552858331654776
2989,0.3958,30,230,30,205533,400077,16800,91156,3.705926488569417,0.18556570914413323
2990,0.3959,18,102,18,205635,399975,16818,91138,3.7049816591944866,0.18557439937448206
2991,0.396,24,188,24,205823,399787,16842,91114,3.7032402089740266,0.1856056516487031
2992,0.3961,16,78,16,205901,399709,16858,91098,3.7025176923931973,0.185608599714348
2993,0.3962,15,131,15,206032,399578,16873,91083,3.7013042350587275,0.18563325799278932
2994,0.3963,5,26,5,206058,399552,16878,91078,3.7010633961984514,0.1856347960785113
2995,0.3964,27,153,27,206211,399399,16905,91051,3.6996461521360553,0.18564787440106026
2996,0.3965,34,204,34,206415,399195,16939,91017,3.697756493386194,0.1856686494822648
2997,0.3966,15,77,15,206492,399118,16954,91002,3.6970432398384525,0.1856728964335265
2998,0.3967,6,123,6,206615,398995,16960,90996,3.6959038867686838,0.18570953344041013
2999,0.3968,15,181,15,206796,398814,16975,90981,3.694227277779836,0.18575322328729366
3000,0.3969,15,119,15,206915,398695,16990,90966,3.6931249768424173,0.18577342283743242
3001,0.397,12,100,12,207015,398595,17002,90954,3.692198673533662,0.1857914120956227
3002,0.3971,14,179,14,207194,398416,17016,90940,3.69054059061099,0.18583607843778355
3003,0.3972,15,146,15,207340,398270,17031,90925,3.6891881877802066,0.18586657672298368
3004,0.3973,20,142,20,207482,398128,17051,90905,3.687872837081774,0.18588725096261396
3005,0.3974,14,146,14,207628,397982,17065,90891,3.686520434250991,0.18591945147308198
3006,0.3975,22,158,22,207786,397824,17087,90869,3.6850568750231574,0.18594291303538213
3007,0.3976,10,151,10,207937,397673,17097,90859,3.683658157026937,0.18598372266299854
3008,0.3977,7,81,7,208018,397592,17104,90852,3.682907851346845,0.18600289900172792
3009,0.3978,29,189,29,208207,397403,17133,90823,3.6811571380932975,0.18602655327655634
3010,0.3979,24,153,24,208360,397250,17157,90799,3.6797398940309014,0.18604484385789133
3011,0.398,26,214,26,208574,397036,17183,90773,3.677757604950165,0.1860830775979943
3012,0.3981,25,248,25,208822,396788,17208,90748,3.6754603727444515,0.186135998162187
3013,0.3982,18,127,18,208949,396661,17226,90730,3.674283967542332,0.18615444273694015
3014,0.3983,28,186,28,209135,396475,17254,90702,3.672561043388047,0.18617873996514614
3015,0.3984,12,128,12,209263,396347,17266,90690,3.67137537515284,0.18620761872301284
3016,0.3985,3,72,3,209335,396275,17269,90687,3.670708436770536,0.18623013705381528
3017,0.3986,17,144,17,209479,396131,17286,90670,3.669374560005928,0.18625680719636978
3018,0.3987,24,176,24,209655,395955,17310,90646,3.6677442661825186,0.18628403969576718
3019,0.3988,6,81,6,209736,395874,17316,90640,3.666993960502427,0.18630501897170482
3020,0.3989,33,203,33,209939,395671,17349,90607,3.665113564785653,0.18632757393918706
3021,0.399,18,163,18,210102,395508,17367,90589,3.663603690392382,0.18635992404808094
3022,0.3991,25,161,25,210263,395347,17392,90564,3.662112342065286,0.18637981029447778
3023,0.3992,13,133,13,210396,395214,17405,90551,3.6608803586646412,0.18640906611221475
3024,0.3993,7,153,7,210549,395061,17412,90544,3.659463114602245,0.18645607026286798
3025,0.3994,25,155,25,210704,394906,17437,90519,3.6580273444736746,0.18647370860586085
3026,0.3995,14,207,14,210911,394699,17451,90505,3.656109896624551,0.18652978953182578
3027,0.3996,11,106,11,211017,394593,17462,90494,3.65512801511727,0.18655210302481823
3028,0.3997,10,70,10,211087,394523,17472,90484,3.6544796028011413,0.18656225580249358
3029,0.3998,14,66,14,211153,394457,17486,90470,3.6538682426173628,0.18656416326581116
3030,0.3999,15,195,15,211348,394262,17501,90455,3.6520619511652894,0.18661404489630032
3031,0.4,21,154,21,211502,394108,17522,90434,3.650635444069806,0.18663810361124525
3032,0.4001,27,209,27,211711,393899,17549,90407,3.6486994701545075,0.18667330159031686
3033,0.4002,15,134,15,211845,393765,17564,90392,3.647458223720775,0.18669976887662473
3034,0.4003,8,77,8,211922,393688,17572,90384,3.6467449701730335,0.18671602571518287
3035,0.4004,21,176,21,212098,393512,17593,90363,3.645114676349624,0.18674864376130199
3036,0.4005,18,140,18,212238,393372,17611,90345,3.6438178517173663,0.18677243098754023
3037,0.4006,26,164,26,212402,393208,17637,90319,3.6422987142910075,0.18679205090925635
3038,0.4007,23,174,23,212576,393034,17660,90296,3.6406869465337732,0.1868205987627501
3039,0.4008,10,143,10,212719,392891,17670,90286,3.6393623328022526,0.18685905993041887
3040,0.4009,21,98,21,212817,392793,17691,90265,3.6384545555596723,0.18686161910163998
3041,0.401,33,323,33,213140,392470,17724,90232,3.6354625958723923,0.1869310672008817
3042,0.4011,13,165,13,213305,392305,17737,90219,3.633934195412946,0.1869730832041515
3043,0.4012,11,107,11,213412,392198,17748,90208,3.6329430508725777,0.1869960158041152
3044,0.4013,21,156,21,213568,392042,17769,90187,3.631498017710919,0.187021104081256
3045,0.4014,28,229,28,213797,391813,17797,90159,3.6293767831338695,0.1870627339347514
3046,0.4015,11,92,11,213889,391721,17808,90148,3.6285245840898144,0.18707989100772202
3047,0.4016,16,164,16,214053,391557,17824,90132,3.6270054466634556,0.1871165835217329
3048,0.4017,14,94,14,214147,391463,17838,90118,3.6261347215532256,0.18712947562300009
3049,0.4018,18,201,18,214348,391262,17856,90100,3.624272851902627,0.18717721797732267
3050,0.4019,13,124,13,214472,391138,17869,90087,3.62312423579977,0.18720349109044626
3051,0.402,24,160,24,214632,390978,17893,90063,3.6216421505057617,0.1872252053359277
3052,0.4021,20,178,20,214810,390800,17913,90043,3.619993330616177,0.18726070671716133
3053,0.4022,36,249,36,215059,390551,17949,90007,3.617686835377376,0.18729685074434305
3054,0.4023,24,134,24,215193,390417,17973,89983,3.6164455889436438,0.18730849292256452
3055,0.4024,14,140,14,215333,390277,17987,89969,3.615148764311386,0.18733940522149065
3056,0.4025,17,155,17,215488,390122,18004,89952,3.613712994182815,0.1873711136199836
3057,0.4026,36,202,36,215690,389920,18040,89916,3.6118418614991294,0.18738902458339932
3058,0.4027,11,145,11,215835,389775,18051,89905,3.610498721701434,0.1874270346897932
3059,0.4028,18,157,18,215992,389618,18069,89887,3.609044425506688,0.18745789929197818
3060,0.4029,11,126,11,216118,389492,18080,89876,3.6078772833376562,0.18748852655997061
3061,0.403,30,219,30,216337,389273,18110,89846,3.6058486790914817,0.18752335014891916
3062,0.4031,17,203,17,216540,389070,18127,89829,3.603968283374708,0.18757399785758583
3063,0.4032,22,212,22,216752,388858,18149,89807,3.6020045203601465,0.18761973405199878
3064,0.4033,12,143,12,216895,388715,18161,89795,3.6006799066286264,0.18765543039852878
3065,0.4034,28,163,28,217058,388552,18189,89767,3.5991700322353553,0.18767182570627552
3066,0.4035,16,109,16,217167,388443,18205,89751,3.598160361628812,0.1876874239325462
3067,0.4036,26,145,26,217312,388298,18231,89725,3.5968172218311163,0.18770017342261774
3068,0.4037,27,169,27,217481,388129,18258,89698,3.5952517692393196,0.18772066040638138
3069,0.4038,18,188,18,217669,387941,18276,89680,3.5935103190188595,0.18776393835279437
3070,0.4039,19,101,19,217770,387840,18295,89661,3.5925747526770166,0.1877713345102942
3071,0.404,13,103,13,217873,387737,18308,89648,3.5916206602689984,0.18778972946364045
3072,0.4041,28,167,28,218040,387570,18336,89620,3.590073733743377,0.18780779144575535
3073,0.4042,17,152,17,218192,387418,18353,89603,3.5886657527140686,0.1878386905398295
3074,0.4043,11,102,11,218294,387316,18364,89592,3.587720923339138,0.18786013235257115
3075,0.4044,12,116,12,218410,387200,18376,89580,3.5866464115009817,0.18788539787742775
3076,0.4045,9,99,9,218509,387101,18385,89571,3.585729371225314,0.18790908633190118
3077,0.4046,13,159,13,218668,386942,18398,89558,3.584256548964393,0.18794963273871984
3078,0.4047,21,136,21,218804,386806,18419,89537,3.5829967764644857,0.18796749401166807
3079,0.4048,7,121,7,218925,386685,18426,89530,3.5818759494608914,0.1880033178291318
3080,0.4049,31,229,31,219154,386456,18457,89499,3.579754714883842,0.18804088621823492
3081,0.405,16,101,16,219255,386355,18473,89483,3.5788191485419985,0.18805349719862643
3082,0.4051,7,31,7,219286,386324,18480,89476,3.5785319945162843,0.1880538041193779
3083,0.4052,37,190,37,219476,386134,18517,89439,3.576772018229649,0.1880657648773164
3084,0.4053,20,166,20,219642,385968,18537,89419,3.5752343547371153,0.188097276534697
3085,0.4054,20,187,20,219829,385781,18557,89399,3.5735021675497425,0.1881371269834589
3086,0.4055,16,117,16,219946,385664,18573,89383,3.5724183926784985,0.18815611928924927
3087,0.4056,24,208,24,220154,385456,18597,89359,3.5704916817962875,0.18819750850331182
3088,0.4057,13,97,13,220251,385359,18610,89346,3.5695931675867945,0.1882137327392802
3089,0.4058,13,150,13,220401,385209,18623,89333,3.5682037126236614,0.1882509872677234
3090,0.4059,9,109,9,220510,385100,18632,89324,3.567194042017118,0.18827883918182892
3091,0.406,19,180,19,220690,384920,18651,89305,3.5655266960613585,0.18831778164373453
3092,0.4061,11,115,11,220805,384805,18662,89294,3.5644614472562894,0.18834462844258268
3093,0.4062,3,69,3,220874,384736,18665,89291,3.5638222979732483,0.18836690737025527
3094,0.4063,33,269,33,221143,384467,18698,89258,3.5613305420726964,0.1884173307298538
3095,0.4064,21,192,21,221335,384275,18719,89237,3.559552039719886,0.1884577370795249
3096,0.4065,17,98,17,221433,384177,18736,89220,3.5586442624773054,0.18846760752602995
3097,0.4066,8,70,8,221503,384107,18744,89212,3.5579958501611766,0.18848176388439933
3098,0.4067,13,121,13,221624,383986,18757,89199,3.5568750231575827,0.18850766613480985
3099,0.4068,22,234,22,221858,383752,18779,89177,3.554707473415095,0.18856318813183373
3100,0.4069,17,131,17,221989,383621,18796,89160,3.5534940160806254,0.18858625875405313
3101,0.407,18,125,18,222114,383496,18814,89142,3.5523361369446813,0.1886052327574169
3102,0.4071,21,157,21,222271,383339,18835,89121,3.550881840749935,0.1886318418490454
3103,0.4072,14,132,14,222403,383207,18849,89107,3.549659120382378,0.1886605097456353
3104,0.4073,25,168,25,222571,383039,18874,89082,3.548102930823669,0.18868468041031855
3105,0.4074,21,136,21,222707,382903,18895,89061,3.5468431583237616,0.1887029519200617
3106,0.4075,24,185,24,222892,382718,18919,89037,3.545129497202564,0.18873567847717565
3107,0.4076,15,125,15,223017,382593,18934,89022,3.5439716180666196,0.1887598994942909
3108,0.4077,21,185,21,223202,382408,18955,89001,3.5422579569454222,0.1887978379708491
3109,0.4078,16,104,16,223306,382304,18971,88985,3.5412946015043167,0.188811960389485
3110,0.4079,31,178,31,223484,382126,19002,88954,3.5396457816147318,0.18882992273074636
3111,0.408,17,129,17,223613,381997,19019,88937,3.5384508503464374,0.18885236572428407
3112,0.4081,29,208,29,223821,381789,19048,88908,3.536524139464226,0.18888584375936113
3113,0.4082,13,53,13,223874,381736,19061,88895,3.536033198710586,0.18888471010196947
3114,0.4083,30,181,30,224055,381555,19091,88865,3.5343565897217384,0.18890565877301135
3115,0.4084,22,141,22,224196,381414,19113,88843,3.533050502056393,0.18892435412976308
3116,0.4085,15,158,15,224354,381256,19128,88828,3.53158694282856,0.1889619727538057
3117,0.4086,24,198,24,224552,381058,19152,88804,3.529752862277224,0.18900017451932696
3118,0.4087,12,167,12,224719,380891,19164,88792,3.5282059357516027,0.18904665487147715
3119,0.4088,12,89,12,224808,380802,19176,88780,3.52738152580681,0.1890617613111235
3120,0.4089,52,359,52,225167,380443,19228,88728,3.524056096928378,0.18911654812424467
3121,0.409,23,148,23,225315,380295,19251,88705,3.5226851680314204,0.189136460554371
3122,0.4091,21,156,21,225471,380139,19272,88684,3.5212401348697617,0.1891630743372232
3123,0.4092,16,171,16,225642,379968,19288,88668,3.51965615621179,0.1892044145136097
3124,0.4093,37,276,37,225918,379692,19325,88631,3.5170995590796252,0.18925186249661025
3125,0.4094,17,132,17,226050,379560,19342,88614,3.515876838712068,0.18927578208102117
3126,0.4095,16,84,16,226134,379476,19358,88598,3.5150987439327133,0.18928203660105025
3127,0.4096,34,245,34,226379,379231,19392,88564,3.5128293008262625,0.18932224585555638
3128,0.4097,18,117,18,226496,379114,19410,88546,3.5117455259550185,0.18933840824530643
3129,0.4098,24,190,24,226686,378924,19434,88522,3.5099855496683836,0.18937374584443978
3130,0.4099,17,119,17,226805,378805,19451,88505,3.5088832487309647,0.1893924803663521
3131,0.41,23,218,23,227023,378587,19474,88482,3.506863907517878,0.18944096054330303
3132,0.4101,15,133,15,227156,378454,19489,88467,3.505631924117233,0.18946888231628048
3133,0.4102,45,278,45,227434,378176,19534,88422,3.503056800918893,0.18950359838661976
3134,0.4103,38,284,38,227718,377892,19572,88384,3.5004260995220275,0.1895529686280229
3135,0.4104,19,140,19,227858,377752,19591,88365,3.49912927488977,0.18957686589418538
3136,0.4105,36,293,36,228151,377459,19627,88329,3.4964152061951164,0.18963348132626862
3137,0.4106,27,166,27,228317,377293,19654,88302,3.4948775427025827,0.18965409851909923
3138,0.4107,14,188,14,228505,377105,19668,88288,3.493136092482122,0.1897063342164579
3139,0.4108,24,96,24,228601,377009,19692,88264,3.4922468413057173,0.18970367934524462
3140,0.4109,12,117,12,228718,376892,19704,88252,3.4911630664344733,0.18973049206267306
3141,0.411,32,212,32,228930,376680,19736,88220,3.489199303419912,0.1897612389761239
3142,0.4111,26,200,26,229130,376480,19762,88194,3.487346696802401,0.18979757851741222
3143,0.4112,15,162,15,229292,376318,19777,88179,3.4858460854422173,0.18983760928488236
3144,0.4113,25,145,25,229437,376173,19802,88154,3.484502945644522,0.18985327150908735
3145,0.4114,16,145,16,229582,376028,19818,88138,3.4831598058468263,0.18988465333522922
3146,0.4115,21,173,21,229755,375855,19839,88117,3.4815573011226797,0.18991878820273636
3147,0.4116,40,288,40,230043,375567,19879,88077,3.478889547593464,0.18996687113388722
3148,0.4117,30,256,30,230299,375311,19909,88047,3.47651821112305,0.190019380263209
3149,0.4118,23,164,23,230463,375147,19932,88024,3.4749990736966914,0.19004644073139293
3150,0.4119,20,202,20,230665,374945,19952,88004,3.473127941013005,0.1900943732462971
3151,0.412,14,98,14,230763,374847,19966,87990,3.472220163770425,0.1901101251628543
3152,0.4121,31,193,31,230956,374654,19997,87959,3.470432398384527,0.19013516697542007
3153,0.4122,28,220,28,231176,374434,20025,87931,3.468394531105265,0.19017659208633872
3154,0.4123,25,133,25,231309,374301,20050,87906,3.4671625477046204,0.19018751338685913
3155,0.4124,35,179,35,231488,374122,20085,87871,3.465504464781948,0.19019985151290172
3156,0.4125,14,83,14,231571,374039,20099,87857,3.4647356330356813,0.19020948438609558
3157,0.4126,22,147,22,231718,373892,20121,87835,3.463373967171811,0.1902314571164346
3158,0.4127,20,174,20,231892,373718,20141,87815,3.461762199414576,0.19026808483900393
3159,0.4128,49,344,49,232236,373374,20190,87766,3.4585757160324575,0.19032397970247647
3160,0.4129,17,170,17,232406,373204,20207,87749,3.4570010004075735,0.19036431046115332
3161,0.413,4,81,4,232487,373123,20211,87745,3.4562506947274816,0.19039074094968625
3162,0.4131,33,213,33,232700,372910,20244,87712,3.4542776686798327,0.19042077885988945
3163,0.4132,32,152,32,232852,372758,20276,87680,3.4528696876505243,0.19042737567272902
3164,0.4133,19,117,19,232969,372641,20295,87661,3.4517859127792803,0.1904423617538051
3165,0.4134,22,167,22,233136,372474,20317,87639,3.450238986253659,0.1904727751661005
3166,0.4135,13,146,13,233282,372328,20330,87626,3.448886583422876,0.19051035538336442
3167,0.4136,17,98,17,233380,372230,20347,87609,3.447978806180296,0.19052103018665228
3168,0.4137,18,183,18,233563,372047,20365,87591,3.4462836711252733,0.19056518390559526
3169,0.4138,8,106,8,233669,371941,20373,87583,3.4453017896179925,0.190595050530549
3170,0.4139,22,180,22,233849,371761,20395,87561,3.4436344436622326,0.19063097347830063
3171,0.414,15,130,15,233979,371631,20410,87546,3.4424302493608505,0.19065850423692823
3172,0.4141,25,132,25,234111,371499,20435,87521,3.4412075289932935,0.19066925188444947
3173,0.4142,23,118,23,234229,371381,20458,87498,3.4401144910889623,0.1906777167837273
3174,0.4143,11,91,11,234320,371290,20469,87487,3.439271555077995,0.190696133415581
3175,0.4144,18,160,18,234480,371130,20487,87469,3.437789469783986,0.19073089998015696
3176,0.4145,10,87,10,234567,371043,20497,87459,3.436983585905369,0.1907494405695068
3177,0.4146,7,68,7,234635,370975,20504,87452,3.4363536996554154,0.1907653781299967
3178,0.4147,24,186,24,234821,370789,20528,87428,3.4346307755011303,0.19080042861788193
3179,0.4148,31,209,31,235030,370580,20559,87397,3.432694801585831,0.19083272740770824
3180,0.4149,19,181,19,235211,370399,20578,87378,3.431018192596984,0.1908745961461585
3181,0.415,21,182,21,235393,370217,20599,87357,3.429332320575049,0.19091338231630295
3182,0.4151,30,229,30,235622,369988,20629,87327,3.427211085997999,0.19095590566677237
3183,0.4152,16,196,16,235818,369792,20645,87311,3.4253955315128386,0.1910094661378289
3184,0.4153,9,119,9,235937,369673,20654,87302,3.4242932305754197,0.19104327370206248
3185,0.4154,20,98,20,236035,369575,20674,87282,3.4233854533328394,0.191048840227905
3186,0.4155,26,192,26,236227,369383,20700,87256,3.421606950980029,0.19108310941465798
3187,0.4156,50,364,50,236591,369019,20750,87206,3.418235206936159,0.1911469121595704
3188,0.4157,34,259,34,236850,368760,20784,87172,3.4158360813664825,0.1911951782283323
3189,0.4158,30,140,30,236990,368620,20814,87142,3.414539256734225,0.1912006705254058
3190,0.4159,26,252,26,237242,368368,20840,87116,3.4122049723961614,0.19126028576195872
3191,0.416,17,135,17,237377,368233,20857,87099,3.410954462929342,0.19128679732590725
3192,0.4161,21,94,21,237471,368139,20878,87078,3.4100837378191113,0.19128898964669597
3193,0.4162,14,167,14,237638,367972,20892,87064,3.40853681129349,0.1913343120104783
3194,0.4163,14,81,14,237719,367891,20906,87050,3.407786505613398,0.19134349289248495
3195,0.4164,26,185,26,237904,367706,20932,87024,3.4060728444922006,0.19137510170870625
3196,0.4165,26,155,26,238059,367551,20958,86998,3.4046370743636296,0.1913941071259644
3197,0.4166,13,153,13,238212,367398,20971,86985,3.403219830301234,0.1914354190187573
3198,0.4167,13,72,13,238284,367326,20984,86972,3.40255289191893,0.19144262136307005
3199,0.4168,21,145,21,238429,367181,21005,86951,3.4012097521212348,0.19146635779905402
3200,0.4169,45,318,45,238747,366863,21050,86906,3.3982641075993922,0.19152035507053147
3201,0.417,24,193,24,238940,366670,21074,86882,3.3964763422134943,0.191559071506685
3202,0.4171,48,338,48,239278,366332,21122,86834,3.393345437029901,0.19161631719943686
3203,0.4172,11,116,11,239394,366216,21133,86823,3.392270925191745,0.1916457523524465
3204,0.4173,18,151,18,239545,366065,21151,86805,3.390872207195524,0.19167752335107205
3205,0.4174,14,140,14,239685,365925,21165,86791,3.3895753825632666,0.19171180165931842
3206,0.4175,21,122,21,239807,365803,21186,86770,3.388445292526585,0.191725975698948
3207,0.4176,12,156,12,239963,365647,21198,86758,3.3870002593649264,0.19177064798134416
3208,0.4177,14,116,14,240079,365531,21212,86744,3.38592574752677,0.19179481510143165
3209,0.4178,39,338,39,240417,365193,21251,86705,3.382794842343177,0.1918685190020757
3210,0.4179,11,107,11,240524,365086,21262,86694,3.3818036978028085,0.19189428482889903
3211,0.418,34,196,34,240720,364890,21296,86660,3.379988143317648,0.19191673125899678
3212,0.4181,26,241,26,240961,364649,21322,86634,3.3777557523435475,0.191972664602921
3213,0.4182,22,200,22,241161,364449,21344,86612,3.3759031457260367,0.19201837445489633
3214,0.4183,19,159,19,241320,364290,21363,86593,3.3744303234651154,0.19205204010796592
3215,0.4184,21,133,21,241453,364157,21384,86572,3.3731983400644707,0.1920710670935307
3216,0.4185,10,107,10,241560,364050,21394,86562,3.372207195524102,0.19209874570584007
3217,0.4186,4,92,4,241652,363958,21398,86558,3.3713549964800476,0.19213080112582018
3218,0.4187,33,242,33,241894,363716,21431,86525,3.3691133424728594,0.19217485746522417
3219,0.4188,28,189,28,242083,363527,21459,86497,3.3673626292193117,0.19220530460597657
3220,0.4189,21,163,21,242246,363364,21480,86476,3.36585275482604,0.19223723990752267
3221,0.419,14,94,14,242340,363270,21494,86462,3.36498202971581,0.19225227468803643
3222,0.4191,35,224,35,242564,363046,21529,86427,3.362907110304198,0.1922851873193718
3223,0.4192,21,153,21,242717,362893,21550,86406,3.361489866241802,0.19231291411732498
3224,0.4193,29,234,29,242951,362659,21579,86377,3.3593223164993145,0.19236096883100687
3225,0.4194,33,260,33,243211,362399,21612,86344,3.3569139278965503,0.19241302928402226
3226,0.4195,8,63,8,243274,362336,21620,86336,3.3563303568120344,0.1924256472434206
3227,0.4196,12,108,12,243382,362228,21632,86324,3.3553299492385786,0.19245037364675668
3228,0.4197,25,235,25,243617,361993,21657,86299,3.3531531364630034,0.19250622362210346
3229,0.4198,13,135,13,243752,361858,21670,86286,3.351902626996184,0.19254079046020922
3230,0.4199,10,67,10,243819,361791,21680,86276,3.3512820037793176,0.19255156036931978
3231,0.42,19,151,19,243970,361640,21699,86257,3.349883285783097,0.19258222314505344
3232,0.4201,12,107,12,244077,361533,21711,86245,3.3488921412427284,0.192606604165457
3233,0.4202,30,245,30,244322,361288,21741,86215,3.3466226981362777,0.19265792631557777
3234,0.4203,18,202,18,244524,361086,21759,86197,3.344751565452592,0.19271244379956315
3235,0.4204,26,234,26,244758,360852,21785,86171,3.3425840157101043,0.1927663677260454
3236,0.4205,26,212,26,244970,360640,21811,86145,3.3406202526955426,0.19281085980952808
3237,0.4206,18,190,18,245160,360450,21829,86127,3.3388602764089073,0.19286035778824256
3238,0.4207,36,228,36,245388,360222,21865,86091,3.336748304864945,0.1928937763408191
3239,0.4208,14,89,14,245477,360133,21879,86077,3.335923894920153,0.19290692723157257
3240,0.4209,14,114,14,245591,360019,21893,86063,3.3348679091481714,0.19293089611327066
3241,0.421,6,92,6,245683,359927,21899,86057,3.3340157101041163,0.19295983712420176
3242,0.4211,22,217,22,245900,359710,21921,86035,3.332005631924117,0.19301394294944418
3243,0.4212,20,168,20,246068,359542,21941,86015,3.330449442365408,0.19305049634502433
3244,0.4213,9,164,9,246232,359378,21950,86006,3.3289303049390493,0.19310527544770356
3245,0.4214,14,111,14,246343,359267,21964,85992,3.327902108266331,0.19312804457630278
3246,0.4215,23,162,23,246505,359105,21987,85969,3.326401496906147,0.1931566436143203
3247,0.4216,35,252,35,246757,358853,22022,85934,3.3240672125680835,0.19320258910444774
3248,0.4217,18,88,18,246845,358765,22040,85916,3.3232520656563787,0.19320816495420312
3249,0.4218,15,137,15,246982,358628,22055,85901,3.3219830301233837,0.19324048599753896
3250,0.4219,21,130,21,247112,358498,22076,85880,3.3207788358220016,0.19325889220438455
3251,0.422,9,77,9,247189,358421,22085,85871,3.32006558227426,0.19327604368298326
3252,0.4221,20,177,20,247366,358244,22105,85851,3.3184260254177627,0.19331674529098503
3253,0.4222,17,157,17,247523,358087,22122,85834,3.3169717292230168,0.19335422293606294
3254,0.4223,17,137,17,247660,357950,22139,85817,3.315702693690022,0.1933830140591797
3255,0.4224,34,211,34,247871,357739,22173,85783,3.313748193708548,0.19341317905312477
3256,0.4225,13,99,13,247970,357640,22186,85770,3.3128311534328803,0.19343271464333237
3257,0.4226,35,332,35,248302,357308,22221,85735,3.309755826447812,0.19351394785607717
3258,0.4227,49,255,49,248557,357053,22270,85686,3.3073937530104858,0.1935361465784582
3259,0.4228,15,156,15,248713,356897,22285,85671,3.305948719848827,0.19357703223007539
3260,0.4229,41,262,41,248975,356635,22326,85630,3.303521805179888,0.19361694911421884
3261,0.423,19,181,19,249156,356454,22345,85611,3.301845196191041,0.19366156560686776
3262,0.4231,13,154,13,249310,356300,22358,85598,3.3004186890955576,0.19370533471525103
3263,0.4232,19,85,19,249395,356215,22377,85579,3.2996313312831154,0.19370792722400032
3264,0.4233,35,265,35,249660,355950,22412,85544,3.2971766275149137,0.19376027760286663
3265,0.4234,10,83,10,249743,355867,22422,85534,3.2964077957686464,0.19377844635603453
3266,0.4235,25,166,25,249909,355701,22447,85509,3.2948701322761127,0.19380567076902155
3267,0.4236,25,179,25,250088,355522,22472,85484,3.2932120493534405,0.19383863258096262
3268,0.4237,25,203,25,250291,355319,22497,85459,3.2913316536366666,0.19388218105259336
3269,0.4238,23,110,23,250401,355209,22520,85436,3.290312719997036,0.19388850435157554
3270,0.4239,15,103,15,250504,355106,22535,85421,3.2893586275890176,0.19390638939270466
3271,0.424,33,210,33,250714,354896,22568,85388,3.2874133906406313,0.1939384579044435
3272,0.4241,19,190,19,250904,354706,22587,85369,3.285653414353996,0.1939873885133216
3273,0.4242,21,182,21,251086,354524,22608,85348,3.283967542332061,0.19402917212279935
3274,0.4243,47,334,47,251420,354190,22655,85301,3.280873689280818,0.19409043643669607
3275,0.4244,15,136,15,251556,354054,22670,85286,3.2796139167809106,0.19412300268584695
3276,0.4245,37,190,37,251746,353864,22707,85249,3.2778539404942753,0.19413909403729793
3277,0.4246,26,205,26,251951,353659,22733,85223,3.275955018711327,0.19418203526232564
3278,0.4247,10,101,10,252052,353558,22743,85213,3.275019452369484,0.1942083683743912
3279,0.4248,34,255,34,252307,353303,22777,85179,3.2726573789321574,0.19425882932480695
3280,0.4249,14,138,14,252445,353165,22791,85165,3.271379080366075,0.19429425318823718
3281,0.425,26,188,26,252633,352977,22817,85139,3.2696376301456147,0.1943298121958568
3282,0.4251,9,100,9,252733,352877,22826,85130,3.2687113268368595,0.19435762442152751
3283,0.4252,20,120,20,252853,352757,22846,85110,3.267599762866353,0.1943740907627202
3284,0.4253,25,171,25,253024,352586,22871,85085,3.2660157842083812,0.19440401580182373
3285,0.4254,38,330,38,253354,352256,22909,85047,3.2629589832894883,0.19448071474469647
3286,0.4255,6,84,6,253438,352172,22915,85041,3.2621808885101338,0.1945070251799466
3287,0.4256,23,247,23,253685,351925,22938,85018,3.2598929193375077,0.19457457837750003
3288,0.4257,11,114,11,253799,351811,22949,85007,3.2588369335655267,0.1946050757981585
3289,0.4258,13,141,13,253940,351670,22962,84994,3.2575308459001815,0.1946439367568657
3290,0.4259,15,109,15,254049,351561,22977,84979,3.256521175293638,0.19466486461721721
3291,0.426,29,186,29,254235,351375,23006,84950,3.254798251139353,0.19469432189308428
3292,0.4261,9,60,9,254295,351315,23015,84941,3.2542424691540996,0.1947044854397418
3293,0.4262,40,257,40,254552,351058,23055,84901,3.2518618696505985,0.19474537743228149
3294,0.4263,34,239,34,254791,350819,23089,84867,3.249648004742673,0.1947893666539664
3295,0.4264,18,217,18,255008,350602,23107,84849,3.247637926562674,0.19485315224904753
3296,0.4265,11,81,11,255089,350521,23118,84838,3.246887620882582,0.19486906208439472
3297,0.4266,17,140,17,255229,350381,23135,84821,3.2455907962503243,0.19490029917141924
3298,0.4267,32,174,32,255403,350207,23167,84789,3.2439790284930896,0.19491903373824127
3299,0.4268,23,117,23,255520,350090,23190,84766,3.242895253621846,0.1949288960023548
3300,0.4269,21,137,21,255657,349953,23211,84745,3.241626218088851,0.19495143754974717
3301,0.427,19,188,19,255845,349765,23230,84726,3.2398847678683906,0.19500058689362956
3302,0.4271,20,175,20,256020,349590,23250,84706,3.2382637370780687,0.19504209110836848
3303,0.4272,17,104,17,256124,349486,23267,84689,3.237300381636963,0.19505729256636148
3304,0.4273,20,124,20,256248,349362,23287,84669,3.2361517655341063,0.19507592775631233
3305,0.4274,33,194,33,256442,349168,23320,84636,3.234354737115121,0.19510193543628
3306,0.4275,15,103,15,256545,349065,23335,84621,3.233400644707103,0.1951204327554959
3307,0.4276,18,198,18,256743,348867,23353,84603,3.2315665641557674,0.19517613675686898
3308,0.4277,30,214,30,256957,348653,23383,84573,3.2295842750750308,0.19521681524192916
3309,0.4278,15,97,15,257054,348556,23398,84558,3.2286857608655377,0.1952326639175829
3310,0.4279,8,66,8,257120,348490,23406,84550,3.228074400681759,0.19524755218917422
3311,0.428,28,209,28,257329,348281,23434,84522,3.2261384267664606,0.1952897738694048
3312,0.4281,14,96,14,257425,348185,23448,84508,3.225249175590055,0.19530706528647332
3313,0.4282,23,190,23,257615,347995,23471,84485,3.22348919930342,0.19535007399186088
3314,0.4283,17,156,17,257771,347839,23488,84468,3.2220441661417616,0.19538892500005783
3315,0.4284,14,147,14,257918,347692,23502,84454,3.220682500277891,0.19542932249748926
3316,0.4285,8,128,8,258046,347564,23510,84446,3.219496832042684,0.1954723270294669
3317,0.4286,13,135,13,258181,347429,23523,84433,3.2182463225758644,0.19550921359137874
3318,0.4287,20,164,20,258345,347265,23543,84413,3.216727185149505,0.19554621731939084
3319,0.4288,17,138,17,258483,347127,23560,84396,3.215448886583423,0.19557706078239168
3320,0.4289,36,198,36,258681,346929,23596,84360,3.213614806032087,0.1955997022877931
3321,0.429,16,81,16,258762,346848,23612,84344,3.212864500351995,0.19560659752500045
3322,0.4291,23,142,23,258904,346706,23635,84321,3.2115491496535626,0.19562811610409556
3323,0.4292,24,170,24,259074,346536,23659,84297,3.209974434028678,0.1956604995439068
3324,0.4293,28,211,28,259285,346325,23687,84269,3.208019934047204,0.19570407390720726
3325,0.4294,16,170,16,259455,346155,23703,84253,3.20644521842232,0.19575147302094756
3326,0.4295,14,150,14,259605,346005,23717,84239,3.205055763459187,0.19579354970667806
3327,0.4296,29,194,29,259799,345811,23746,84210,3.2032587350402015,0.19582764562660893
3328,0.4297,38,226,38,260025,345585,23784,84172,3.2011652895624145,0.19585952061281142
3329,0.4298,13,133,13,260158,345452,23797,84159,3.1999333061617694,0.19589582203435202
3330,0.4299,10,93,10,260251,345359,23807,84149,3.199071844084627,0.19591951721504605
3331,0.43,23,131,23,260382,345228,23830,84126,3.1978583867501573,0.1959362204614374
3332,0.4301,9,47,9,260429,345181,23839,84117,3.1974230241950425,0.19594081500496158
3333,0.4302,25,180,25,260609,345001,23864,84092,3.1957556782392826,0.1959761636754736
3334,0.4303,29,221,29,260830,344780,23893,84063,3.193708547926933,0.19602278689403815
3335,0.4304,35,206,35,261036,344574,23928,84028,3.191800363110897,0.19605134833715196
3336,0.4305,27,165,27,261201,344409,23955,84001,3.1902719626514506,0.19607618869774282
3337,0.4306,18,148,18,261349,344261,23973,83983,3.1889010337544925,0.1961101614967168
3338,0.4307,36,277,36,261626,343984,24009,83947,3.18633517358924,0.19616947592018338
3339,0.4308,19,97,19,261723,343887,24028,83928,3.1854366593797474,0.19617825461940325
3340,0.4309,20,151,20,261874,343736,24048,83908,3.1840379413835267,0.19620993162537065
3341,0.431,10,115,10,261989,343621,24058,83898,3.182972692578458,0.19624390962740837
3342,0.4311,30,107,30,262096,343514,24088,83868,3.1819815480380895,0.1962366220383638
3343,0.4312,32,154,32,262250,343360,24120,83836,3.180555040942606,0.196247155872246
3344,0.4313,28,191,28,262441,343169,24148,83808,3.1787858016228836,0.19628223534288733
3345,0.4314,44,232,44,262673,342937,24192,83764,3.176636777946571,0.1963060784952461
3346,0.4315,16,105,16,262778,342832,24208,83748,3.175664159472378,0.19632425336396456
3347,0.4316,14,64,14,262842,342768,24222,83734,3.175071325354774,0.19632733257991755
3348,0.4317,26,170,26,263012,342598,24248,83708,3.17349660972989,0.19635660769494212
3349,0.4318,25,201,25,263213,342397,24273,83683,3.1716347400792917,0.19640208411565904
3350,0.4319,17,94,17,263307,342303,24290,83666,3.1707640149690617,0.19641335402341484
3351,0.432,33,208,33,263515,342095,24323,83633,3.1688373040868503,0.1964470272098617
3352,0.4321,42,251,42,263766,341844,24365,83591,3.166512282781874,0.19648359913970406
3353,0.4322,33,343,33,264109,341501,24398,83558,3.163335062432843,0.19657976892619614
3354,0.4323,34,213,34,264322,341288,24432,83524,3.161362036385194,0.1966140316186925
3355,0.4324,44,297,44,264619,340991,24476,83480,3.1586109155581905,0.1966683236310608
3356,0.4325,29,229,29,264848,340762,24505,83451,3.1564896809811405,0.19671957247891977
3357,0.4326,31,142,31,264990,340620,24536,83420,3.1551743302827076,0.19672672389397228
3358,0.4327,22,157,22,265147,340463,24558,83398,3.1537200340879616,0.1967578994057014
3359,0.4328,18,161,18,265308,340302,24576,83380,3.1522286857608655,0.19679854230295363
3360,0.4329,49,281,49,265589,340021,24625,83331,3.1496257734632627,0.19683620249815756
3361,0.433,27,213,27,265802,339808,24652,83304,3.1476527474156137,0.1968840401595795
3362,0.4331,29,231,29,266033,339577,24681,83275,3.1455129867723888,0.19693651679547455
3363,0.4332,11,98,11,266131,339479,24692,83264,3.1446052095298085,0.19696127434398678
3364,0.4333,42,249,42,266380,339230,24734,83222,3.1422987142910075,0.19699752871332127
3365,0.4334,23,145,23,266525,339085,24757,83199,3.140955574493312,0.1970214358109708
3366,0.4335,23,144,23,266669,338941,24780,83176,3.139621697728704,0.19704489513570883
3367,0.4336,17,153,17,266822,338788,24797,83159,3.1382044536663085,0.1970839939613269
3368,0.4337,20,189,20,267011,338599,24817,83139,3.136453740412761,0.19713423974126115
3369,0.4338,16,84,16,267095,338515,24833,83123,3.1356756456334063,0.19714304687907636
3370,0.4339,47,284,47,267379,338231,24880,83076,3.133044944236541,0.19718637478133522
3371,0.434,19,209,19,267588,338022,24899,83057,3.131108970321242,0.1972480223426008
3372,0.4341,30,246,30,267834,337776,24929,83027,3.128830264181704,0.19730610285573058
3373,0.4342,17,112,17,267946,337664,24946,83010,3.127792804475898,0.19732619558137654
3374,0.4343,41,228,41,268174,337436,24987,82969,3.1256808329319354,0.19735493155409664
3375,0.4344,17,124,17,268298,337312,25004,82952,3.1245322168290786,0.1973806940399368
3376,0.4345,27,125,27,268423,337187,25031,82925,3.1233743376931344,0.19738783943329397
3377,0.4346,14,107,14,268530,337080,25045,82911,3.122383193152766,0.19741137310085216
3378,0.4347,18,154,18,268684,336926,25063,82893,3.1209566860572826,0.19744937699341858
3379,0.4348,15,162,15,268846,336764,25078,82878,3.1194560746970987,0.19749691403624994
3380,0.4349,16,143,16,268989,336621,25094,82862,3.1181314609655786,0.1975336306834842
3381,0.435,25,172,25,269161,336449,25119,82837,3.1165382192745192,0.19756681596809814
3382,0.4351,22,220,22,269381,336229,25141,82815,3.1145003519952574,0.19762841133627973
3383,0.4352,28,182,28,269563,336047,25169,82787,3.1128144799733226,0.19766064837143116
3384,0.4353,43,237,43,269800,335810,25212,82744,3.110619141131572,0.19769014272949248
3385,0.4354,38,217,38,270017,335593,25250,82706,3.108609062951573,0.1977198128611352
3386,0.4355,11,163,11,270180,335430,25261,82695,3.1070991885583017,0.19777578475336322
3387,0.4356,7,112,7,270292,335318,25268,82688,3.1060617288524957,0.19781534236350676
3388,0.4357,23,147,23,270439,335171,25291,82665,3.1047000629886248,0.19784077963602945
3389,0.4358,33,192,33,270631,334979,25324,82632,3.1029215606358145,0.19786835116891077
3390,0.4359,26,108,26,270739,334871,25350,82606,3.1019211530623587,0.1978695832345255
3391,0.436,19,99,19,270838,334772,25369,82587,3.1010041127866907,0.19788000258770028
3392,0.4361,14,132,14,270970,334640,25383,82573,3.0997813924191338,0.1979156929434126
3393,0.4362,22,216,22,271186,334424,25405,82551,3.0977805772722222,0.19797589783560166
3394,0.4363,31,261,31,271447,334163,25436,82520,3.0953629256363704,0.19804023682271654
3395,0.4364,21,132,21,271579,334031,25457,82499,3.0941402052688134,0.19806256452116294
3396,0.4365,24,158,24,271737,333873,25481,82475,3.09267664604098,0.19809150037949022
3397,0.4366,18,88,18,271825,333785,25499,82457,3.091861499129275,0.19809870219727946
3398,0.4367,23,143,23,271968,333642,25522,82434,3.090536885397755,0.1981224583970236
3399,0.4368,30,186,30,272154,333456,25552,82404,3.0888139612434697,0.19815322464290866
3400,0.4369,35,226,35,272380,333230,25587,82369,3.0867205157656823,0.19819345089858253
3401,0.437,20,111,20,272491,333119,25607,82349,3.085692319092964,0.19820780421115464
3402,0.4371,43,257,43,272748,332862,25650,82306,3.0833117195894624,0.19824745645136427
3403,0.4372,12,101,12,272849,332761,25662,82294,3.0823761532476195,0.19827251810001084
3404,0.4373,23,165,23,273014,332596,25685,82271,3.080847752788173,0.1983069272803091
3405,0.4374,33,221,33,273235,332375,25718,82238,3.0788006224758235,0.19834882167225823
3406,0.4375,27,222,27,273457,332153,25745,82211,3.0767442291303864,0.1984028535297468
3407,0.4376,20,109,20,273566,332044,25765,82191,3.075734558523843,0.1984163578644972
3408,0.4377,15,121,15,273687,331923,25780,82176,3.074613731520249,0.19844529931248325
3409,0.4378,31,187,31,273874,331736,25811,82145,3.0728815443328763,0.19847492395157063
3410,0.4379,13,98,13,273972,331638,25824,82132,3.071973767090296,0.19849674940184162
3411,0.438,18,184,18,274156,331454,25842,82114,3.0702693690021863,0.1985501779634788
3412,0.4381,20,131,20,274287,331323,25862,82094,3.0690559116677165,0.19857432084311966
3413,0.4382,12,42,12,274329,331281,25874,82082,3.0686668642780393,0.1985712315809591
3414,0.4383,17,109,17,274438,331172,25891,82065,3.067657193671496,0.19859063926995887
3415,0.4384,36,223,36,274661,330949,25927,82029,3.0655915372929714,0.19862801408307465
3416,0.4385,25,206,25,274867,330743,25952,82004,3.063683352476935,0.19867860941448393
3417,0.4386,25,257,25,275124,330486,25977,81979,3.061302752973434,0.19875383365861346
3418,0.4387,18,118,18,275242,330368,25995,81961,3.060209715069102,0.1987757349107145
3419,0.4388,20,103,20,275345,330265,26015,81941,3.0592556226610843,0.1987865290655643
3420,0.4389,28,176,28,275521,330089,26043,81913,3.0576253288376747,0.19881699603399983
3421,0.439,23,133,23,275654,329956,26066,81890,3.05639334543703,0.1988364582878066
3422,0.4391,21,119,21,275773,329837,26087,81869,3.055291044499611,0.19885306505127445
3423,0.4392,26,193,26,275966,329644,26113,81843,3.053503279113713,0.19889571237973497
3424,0.4393,8,135,8,276101,329509,26121,81835,3.052252769646893,0.19894540822280135
3425,0.4394,22,149,22,276250,329360,26143,81813,3.0508725777168477,0.19897464084460798
3426,0.4395,37,282,37,276532,329078,26180,81776,3.0482604023861573,0.19903907470780374
3427,0.4396,17,101,17,276633,328977,26197,81759,3.0473248360443144,0.1990548673600561
3428,0.4397,39,167,39,276800,328810,26236,81720,3.045777909518693,0.1990597520278664
3429,0.4398,46,311,46,277111,328499,26282,81674,3.0428971062284633,0.19912085875959656
3430,0.4399,15,124,15,277235,328375,26297,81659,3.041748490125607,0.19915177765746256
3431,0.44,17,108,17,277343,328267,26314,81642,3.0407480825521507,0.1991710355225184
3432,0.4401,32,202,32,277545,328065,26346,81610,3.038876949868465,0.1992066882284738
3433,0.4402,42,253,42,277798,327812,26388,81568,3.0365334024973136,0.19924764277688212
3434,0.4403,29,187,29,277985,327625,26417,81539,3.0348012153099413,0.19928195051373043
3435,0.4404,30,227,30,278212,327398,26447,81509,3.032698506799066,0.19933383385464176
3436,0.4405,14,105,14,278317,327293,26461,81495,3.031725888324873,0.19935761323717918
3437,0.4406,19,110,19,278427,327183,26480,81476,3.0307069546852423,0.19937405024727217
3438,0.4407,10,99,10,278526,327084,26490,81466,3.0297899144095743,0.19940276587932934
3439,0.4408,30,197,30,278723,326887,26520,81436,3.027965096891326,0.19944014909765062
3440,0.4409,43,306,43,279029,326581,26563,81393,3.0251306087665344,0.1995053606357268
3441,0.441,33,158,33,279187,326423,26596,81360,3.023667049538701,0.1995178808336787
3442,0.4411,15,172,15,279359,326251,26611,81345,3.0220738078476415,0.19957261602174703
3443,0.4412,16,143,16,279502,326108,26627,81329,3.0207491941161213,0.19961122823896701
3444,0.4413,29,159,29,279661,325949,26656,81300,3.0192763718552005,0.19963216607038936
3445,0.4414,17,126,17,279787,325823,26673,81283,3.0181092296861682,0.19966053067260123
3446,0.4415,23,143,23,279930,325680,26696,81260,3.016784615954648,0.19968545731557477
3447,0.4416,12,124,12,280054,325556,26708,81248,3.0156359998517916,0.19972271659079066
3448,0.4417,41,214,41,280268,325342,26749,81207,3.013653710771055,0.1997471399511498
3449,0.4418,21,139,21,280407,325203,26770,81186,3.0123661491718847,0.19977410805902718
3450,0.4419,42,323,42,280730,324880,26812,81144,3.0093741894846047,0.1998502551573306
3451,0.442,47,231,47,280961,324649,26859,81097,3.0072344288413797,0.1998713480847624
3452,0.4421,46,293,46,281254,324356,26905,81051,3.0045203601467265,0.19992501362827972
3453,0.4422,23,204,23,281458,324152,26928,81028,3.0026307013968654,0.19998025568882966
3454,0.4423,21,182,21,281640,323970,26949,81007,3.0009448293749306,0.20002864360198233
3455,0.4424,35,205,35,281845,323765,26984,80972,2.9990459075919818,0.20006078021035884
3456,0.4425,18,147,18,281992,323618,27002,80954,2.9976842417281113,0.2000978812176819
3457,0.4426,37,249,37,282241,323369,27039,80917,2.9953777464893103,0.20014791508981267
3458,0.4427,20,111,20,282352,323258,27059,80897,2.994349549816592,0.2001633036829929
3459,0.4428,23,129,23,282481,323129,27082,80874,2.9931546185482976,0.2001816818191944
3460,0.4429,30,211,30,282692,322918,27112,80844,2.9912001185668236,0.20022686632223935
3461,0.443,30,185,30,282877,322733,27142,80814,2.989486457445626,0.20025920153042892
3462,0.4431,18,104,18,282981,322629,27160,80796,2.98852310200452,0.20027514407882507
3463,0.4432,33,158,33,283139,322471,27193,80763,2.9870595427766866,0.20028817014438266
3464,0.4433,19,113,19,283252,322358,27212,80744,2.9860128200377933,0.20030662214526349
3465,0.4434,41,199,41,283451,322159,27253,80703,2.9841694764533697,0.20032418048860404
3466,0.4435,17,97,17,283548,322062,27270,80686,2.983270962243877,0.20033867331433056
3467,0.4436,27,203,27,283751,321859,27297,80659,2.9813905665271037,0.2003860696912933
3468,0.4437,34,184,34,283935,321675,27331,80625,2.9796861684389935,0.20041014168530946
3469,0.4438,25,198,25,284133,321477,27356,80600,2.977852087887658,0.2004591160399625
3470,0.4439,23,162,23,284295,321315,27379,80577,2.976351476527474,0.20049416261085068
3471,0.444,32,141,32,284436,321174,27411,80545,2.975045388862129,0.20050084760740716
3472,0.4441,26,123,26,284559,321051,27437,80519,2.9739060357923597,0.2005104963020146
3473,0.4442,46,277,46,284836,320774,27483,80473,2.971340175627107,0.20055726273342853
3474,0.4443,17,150,17,284986,320624,27500,80456,2.969950720663974,0.200598384362222
3475,0.4444,15,108,15,285094,320516,27515,80441,2.9689503130905184,0.20062251064328593
3476,0.4445,19,89,19,285183,320427,27534,80422,2.968125903145726,0.20062916459814045
3477,0.4446,14,124,14,285307,320303,27548,80408,2.9669772870428694,0.20066332094701667
3478,0.4447,28,156,28,285463,320147,27576,80380,2.965532253881211,0.2006855967263131
3479,0.4448,23,120,23,285583,320027,27599,80357,2.964420689910704,0.20069982816496162
3480,0.4449,16,149,16,285732,319878,27615,80341,2.963040497980659,0.200742593430097
3481,0.445,15,181,15,285913,319697,27630,80326,2.9613638889918117,0.2008034538014064
3482,0.4451,34,225,34,286138,319472,27664,80292,2.959279706547112,0.20084850061536305
3483,0.4452,20,106,20,286244,319366,27684,80272,2.958297825039831,0.2008617799108193
3484,0.4453,42,243,42,286487,319123,27726,80230,2.9560469079995553,0.20089995567830968
3485,0.4454,50,272,50,286759,318851,27776,80180,2.9535273629997407,0.20093676932368662
3486,0.4455,30,176,30,286935,318675,27806,80150,2.951897069176331,0.20096533567354102
3487,0.4456,15,124,15,287059,318551,27821,80135,2.950748453073474,0.20099777769974367
3488,0.4457,30,218,30,287277,318333,27851,80105,2.9487291118603878,0.20104759084223894
3489,0.4458,41,253,41,287530,318080,27892,80064,2.9463855644892365,0.20109307185339978
3490,0.4459,34,175,34,287705,317905,27926,80030,2.9447645336989146,0.20111324713835174
3491,0.446,32,221,32,287926,317684,27958,79998,2.942717403386565,0.2011607264095433
3492,0.4461,27,178,27,288104,317506,27985,79971,2.94106858349698,0.20119654722160024
3493,0.4462,31,218,31,288322,317288,28016,79940,2.9390492422838936,0.20124462525300332
3494,0.4463,25,235,25,288557,317053,28041,79915,2.9368724295083184,0.20131345599645312
3495,0.4464,35,324,35,288881,316729,28076,79880,2.9338712067879507,0.20140743150054588
3496,0.4465,35,286,35,289167,316443,28111,79845,2.9312219793249104,0.20148225532945738
3497,0.4466,20,130,20,289297,316313,28131,79825,2.9300177850235283,0.2015080603224129
3498,0.4467,34,220,34,289517,316093,28165,79791,2.927979917744266,0.20155146457042972
3499,0.4468,20,202,20,289719,315891,28185,79771,2.9261087850605803,0.20161400387199174
3500,0.4469,36,185,36,289904,315706,28221,79735,2.924395123939383,0.20163564223234312
3501,0.447,22,232,22,290136,315474,28243,79713,2.92224610026307,0.2017095704059091
3502,0.4471,27,232,27,290368,315242,28270,79686,2.9200970765867575,0.20177348782562898
3503,0.4472,37,257,37,290625,314985,28307,79649,2.917716477083256,0.20183005012239189
3504,0.4473,18,158,18,290783,314827,28325,79631,2.9162529178554224,0.20187447079283471
3505,0.4474,18,125,18,290908,314702,28343,79613,2.9150950387194783,0.2019020326388801
3506,0.4475,43,254,43,291162,314448,28386,79570,2.9127422283152393,0.2019450888030496
3507,0.4476,15,79,15,291241,314369,28401,79555,2.9120104487013228,0.20195519948010277
3508,0.4477,36,301,36,291542,314068,28437,79519,2.909222275741969,0.20203665263334408
3509,0.4478,27,111,27,291653,313957,28464,79492,2.9081940790692506,0.2020388919529596
3510,0.4479,22,199,22,291852,313758,28486,79470,2.906350735484827,0.20209649363727913
3511,0.448,31,167,31,292019,313591,28517,79439,2.9048038089592056,0.2021194310866855
3512,0.4481,31,237,31,292256,313354,28548,79408,2.902608470117455,0.20217841848243975
3513,0.4482,37,286,37,292542,313068,28585,79371,2.8999592426544147,0.20225054084838662
3514,0.4483,42,276,42,292818,312792,28627,79329,2.89740264552225,0.20230745101639544
3515,0.4484,26,202,26,293020,312590,28653,79303,2.8955315128385637,0.20235880712337295
3516,0.4485,14,113,14,293133,312477,28667,79289,2.8944847900996704,0.20238867078817457
3517,0.4486,23,186,23,293319,312291,28690,79266,2.8927618659453853,0.2024379592243275
3518,0.4487,31,213,31,293532,312078,28721,79235,2.890788839897736,0.20248496727683465
3519,0.4488,25,163,25,293695,311915,28746,79210,2.889278965504465,0.20251837647810803
3520,0.4489,28,186,28,293881,311729,28774,79182,2.8875560413501797,0.2025576154162968
3521,0.449,22,112,22,293993,311617,28796,79160,2.8865185816443737,0.20257077565977527
3522,0.4491,50,363,50,294356,311254,28846,79110,2.8831561006335913,0.20265700730600159
3523,0.4492,32,225,32,294581,311029,28878,79078,2.881071918188892,0.2027084876713312
3524,0.4493,43,282,43,294863,310747,28921,79035,2.8784597428582015,0.20276718781267478
3525,0.4494,47,234,47,295097,310513,28968,78988,2.876292193115714,0.2027928041263052
3526,0.4495,42,243,42,295340,310270,29010,78946,2.874041276075438,0.20283338814437227
3527,0.4496,19,238,19,295578,310032,29029,78927,2.8718366742006003,0.20291855953969443
3528,0.4497,13,103,13,295681,309929,29042,78914,2.870882581792582,0.2029456618738154
3529,0.4498,21,130,21,295811,309799,29063,78893,2.8696783874912,0.2029704753377996
3530,0.4499,29,177,29,295988,309622,29092,78864,2.868038830634703,0.20300345443593848
3531,0.45,17,133,17,296121,309489,29109,78847,2.8668068472340584,0.20303809072555726
3532,0.4501,18,125,18,296246,309364,29127,78829,2.865648968098114,0.20306651588256358
3533,0.4502,19,113,19,296359,309251,29146,78810,2.8646022453592206,0.20308662813320585
3534,0.4503,17,148,17,296507,309103,29163,78793,2.8632313164622625,0.20312918926722626
3535,0.4504,41,216,41,296723,308887,29204,78752,2.8612305013153505,0.20315809296794182
3536,0.4505,32,177,32,296900,308710,29236,78720,2.8595909444588536,0.20318509150040007
3537,0.4506,31,191,31,297091,308519,29267,78689,2.8578217051391306,0.2032215243486705
3538,0.4507,30,192,30,297283,308327,29297,78659,2.8560432027863203,0.20326058307018857
3539,0.4508,29,167,29,297450,308160,29326,78630,2.854496276260699,0.20328860622042969
3540,0.4509,20,151,20,297601,308009,29346,78610,2.853097558264478,0.2033267894231789
3541,0.451,34,129,34,297730,307880,29380,78576,2.851902626996184,0.20332456993810422
3542,0.4511,29,196,29,297926,307684,29409,78547,2.8500870725110232,0.20336793266205974
3543,0.4512,27,194,27,298120,307490,29436,78520,2.8482900440920376,0.20341441931556178
3544,0.4513,22,178,22,298298,307312,29458,78498,2.846641224202453,0.2034628444052772
3545,0.4514,25,241,25,298539,307071,29483,78473,2.844408833228352,0.20353837694270951
3546,0.4515,21,162,21,298701,306909,29504,78452,2.8429082218681687,0.20358053876754523
3547,0.4516,17,178,17,298879,306731,29521,78435,2.8412594019785837,0.2036394697351272
3548,0.4517,36,253,36,299132,306478,29557,78399,2.8389158546074325,0.20369884404627972
3549,0.4518,17,116,17,299248,306362,29574,78382,2.8378413427692766,0.20372507433514234
3550,0.4519,10,140,10,299388,306222,29584,78372,2.8365445181370186,0.2037785300862728
3551,0.452,14,122,14,299510,306100,29598,78358,2.835414428100337,0.20381420077095547
3552,0.4521,12,105,12,299615,305995,29610,78346,2.834441809626144,0.20384502303943633
3553,0.4522,42,210,42,299825,305785,29652,78304,2.8324965726777576,0.2038694156823028
3554,0.4523,21,144,21,299969,305641,29673,78283,2.8311626959131497,0.20390233483710318
3555,0.4524,21,118,21,300087,305523,29694,78262,2.8300696580088185,0.20392146644605705
3556,0.4525,47,290,47,300377,305233,29741,78215,2.827383378413428,0.20397811437274416
3557,0.4526,41,235,41,300612,304998,29782,78174,2.8252065656378527,0.2040180388963703
3558,0.4527,25,163,25,300775,304835,29807,78149,2.823696691244581,0.20405291082656193
3559,0.4528,15,152,15,300927,304683,29822,78134,2.8222887102152727,0.20410274360856492
3560,0.4529,28,195,28,301122,304488,29850,78106,2.8204824187632,0.2041485229773598
3561,0.453,24,161,24,301283,304327,29874,78082,2.8189910704361036,0.2041845249458041
3562,0.4531,24,116,24,301399,304211,29898,78058,2.8179165585979473,0.20419652129782953
3563,0.4532,24,150,24,301549,304061,29922,78034,2.8165271036348143,0.20422669754903885
3564,0.4533,34,198,34,301747,303863,29956,78000,2.8146930230834784,0.20426173784839066
3565,0.4534,28,210,28,301957,303653,29984,77972,2.812747786135092,0.2043157549950868
3566,0.4535,26,185,26,302142,303468,30010,77946,2.8110341250138946,0.20436061602353348
3567,0.4536,23,175,23,302317,303293,30033,77923,2.8094130942235727,0.20440642575337867
3568,0.4537,19,152,19,302469,303141,30052,77904,2.8080051131942643,0.20444829350864072
3569,0.4538,25,160,25,302629,302981,30077,77879,2.8065230279002558,0.20448196187575488
3570,0.4539,42,194,42,302823,302787,30119,77837,2.80472599948127,0.20449840262306107
3571,0.454,34,222,34,303045,302565,30153,77803,2.802669606135833,0.2045466495604257
3572,0.4541,15,95,15,303140,302470,30168,77788,2.8017896179925157,0.20456637335703654
3573,0.4542,26,165,26,303305,302305,30194,77762,2.8002612175330692,0.20460076775936875
3574,0.4543,33,209,33,303514,302096,30227,77729,2.79832524361777,0.20464424405976436
3575,0.4544,17,78,17,303592,302018,30244,77712,2.797602727036941,0.20465067284649618
3576,0.4545,19,120,19,303712,301898,30263,77693,2.7964911630664346,0.20467555869343582
3577,0.4546,24,162,24,303874,301736,30287,77669,2.7949905517062508,0.20471264216338741
3578,0.4547,20,136,20,304010,301600,30307,77649,2.7937307792063435,0.20474411270695506
3579,0.4548,27,134,27,304144,301466,30334,77622,2.792489532772611,0.20475984467986325
3580,0.4549,25,153,25,304297,301313,30359,77597,2.791072288710215,0.20479005568604683
3581,0.455,12,158,12,304455,301155,30371,77585,2.789608729482382,0.20485029307704494
3582,0.4551,15,98,15,304553,301057,30386,77570,2.788700952239801,0.2048718131564838
3583,0.4552,27,116,27,304669,300941,30413,77543,2.7876264404016453,0.2048778812314391
3584,0.4553,41,236,41,304905,300705,30454,77502,2.7854403645929824,0.2049195281948774
3585,0.4554,25,176,25,305081,300529,30479,77477,2.7838100707695728,0.20496235509489266
3586,0.4555,18,117,18,305198,300412,30497,77459,2.7827262958983288,0.20498794562165396
3587,0.4556,12,114,12,305312,300298,30509,77447,2.781670310126348,0.2050245536009742
3588,0.4557,26,258,26,305570,300040,30535,77421,2.779280447589759,0.20510993188700288
3589,0.4558,18,127,18,305697,299913,30553,77403,2.7781040423876395,0.20514104888210413
3590,0.4559,41,172,41,305869,299741,30594,77362,2.77651080069658,0.20514819558582137
3591,0.456,5,76,5,305945,299665,30599,77357,2.7758068101819258,0.20517900812154197
3592,0.4561,16,107,16,306052,299558,30615,77341,2.7748156656415577,0.20520351606133208
3593,0.4562,15,91,15,306143,299467,30630,77326,2.7739727296305903,0.20522143458079103
3594,0.4563,11,85,11,306228,299382,30641,77315,2.773185371818148,0.205244533404832
3595,0.4564,30,196,30,306424,299186,30671,77285,2.7713698173329875,0.20528805671618797
3596,0.4565,27,172,27,306596,299014,30698,77258,2.769776575641928,0.2053248713696475
3597,0.4566,28,143,28,306739,298871,30726,77230,2.768451961910408,0.20534377733640696
3598,0.4567,27,180,27,306919,298691,30753,77203,2.766784615954648,0.20538502875810735
3599,0.4568,21,108,21,307027,298583,30774,77182,2.7657842083811923,0.20539965137785585
3600,0.4569,27,158,27,307185,298425,30801,77155,2.7643206491533587,0.20542893657809255
3601,0.457,10,94,10,307279,298331,30811,77145,2.7634499240431287,0.20545920378399685
3602,0.4571,7,54,7,307333,298277,30818,77138,2.7629497202564006,0.20547394217066448
3603,0.4572,26,98,26,307431,298179,30844,77112,2.7620419430138203,0.20547255329864025
3604,0.4573,22,135,22,307566,298044,30866,77090,2.7607914335470007,0.20549990136857763
3605,0.4574,32,209,32,307775,297835,30898,77058,2.7588554596317016,0.2055466493106033
3606,0.4575,24,182,24,307957,297653,30922,77034,2.757169587609767,0.20559560379730282
3607,0.4576,23,126,23,308083,297527,30945,77011,2.756002445440735,0.20561598556087768
3608,0.4577,46,301,46,308384,297226,30991,76965,2.7532142724813813,0.20568372836332247
3609,0.4578,39,266,39,308650,296960,31030,76926,2.750750305680092,0.20574720636771637
3610,0.4579,25,136,25,308786,296824,31055,76901,2.7494905331801847,0.20576894775570273
3611,0.458,37,231,37,309017,296593,31092,76864,2.7473507725369597,0.205817537226508
3612,0.4581,45,297,45,309314,296296,31137,76819,2.744599651709956,0.20588558487329645
3613,0.4582,20,129,20,309443,296167,31157,76799,2.7434047204416614,0.20591421201932616
3614,0.4583,25,137,25,309580,296030,31182,76774,2.7421356849086664,0.2059366315812062
3615,0.4584,43,200,43,309780,295830,31225,76731,2.7402830782911556,0.20595553479832832
3616,0.4585,25,177,25,309957,295653,31250,76706,2.7386435214346587,0.20600012353669442
3617,0.4586,40,203,40,310160,295450,31290,76666,2.7367631257178853,0.20602715282331316
3618,0.4587,55,250,55,310410,295200,31345,76611,2.7344473674459966,0.20604823418349646
3619,0.4588,14,156,14,310566,295044,31359,76597,2.733002334284338,0.20610481620703852
3620,0.4589,20,148,20,310714,294896,31379,76577,2.7316314053873803,0.20614418813749585
3621,0.459,23,143,23,310857,294753,31402,76554,2.7303067916558597,0.20617440554581518
3622,0.4591,14,124,14,310981,294629,31416,76540,2.729158175553003,0.20621334217027823
3623,0.4592,16,111,16,311092,294518,31432,76524,2.7281299788802844,0.20624080292797042
3624,0.4593,56,332,56,311424,294186,31488,76468,2.7250546518952166,0.2063056111629714
3625,0.4594,32,155,32,311579,294031,31520,76436,2.7236188817666456,0.20632337023270628
3626,0.4595,27,141,27,311720,293890,31547,76409,2.7223127941013003,0.20634406250084392
3627,0.4596,31,192,31,311912,293698,31578,76378,2.72053429174849,0.20638463450750658
3628,0.4597,33,157,33,312069,293541,31611,76345,2.719079995553744,0.20640143179249823
3629,0.4598,33,175,33,312244,293366,31644,76312,2.717458964763422,0.2064282970585212
3630,0.4599,15,100,15,312344,293266,31659,76297,2.7165326614546665,0.2064519445940205
3631,0.46,24,123,24,312467,293143,31683,76273,2.7153933083848973,0.2064691296532906
3632,0.4601,29,160,29,312627,292983,31712,76244,2.713911223090889,0.20649627464947037
3633,0.4602,41,311,41,312938,292672,31753,76203,2.7110304198006596,0.20658217553371738
3634,0.4603,22,146,22,313084,292526,31775,76181,2.7096780169698764,0.20661663597382204
3635,0.4604,18,169,18,313253,292357,31793,76163,2.70811256437808,0.2066726364919136
3636,0.4605,17,136,17,313389,292221,31810,76146,2.7068527918781724,0.20671232765149972
3637,0.4606,15,123,15,313512,292098,31825,76131,2.705713438808403,0.2067490610462511
3638,0.4607,42,283,42,313795,291815,31867,76089,2.7030920004446255,0.2068175393580934
3639,0.4608,27,162,27,313957,291653,31894,76062,2.7015913890844416,0.20685041404348475
3640,0.4609,28,155,28,314112,291498,31922,76034,2.700155618955871,0.2068772242961157
3641,0.461,32,253,32,314365,291245,31954,76002,2.69781207158472,0.2069506354034206
3642,0.4611,18,92,18,314457,291153,31972,75984,2.6969598725406647,0.20696361303818467
3643,0.4612,40,271,40,314728,290882,32012,75944,2.6944495905739374,0.20703003603888492
3644,0.4613,40,164,40,314892,290718,32052,75904,2.6929304531475786,0.2070361298558188
3645,0.4614,33,267,33,315159,290451,32085,75871,2.6904572233132016,0.20711559775279673
3646,0.4615,20,134,20,315293,290317,32105,75851,2.6892159768794692,0.20714808503200716
3647,0.4616,28,238,28,315531,290079,32133,75823,2.6870113750046314,0.2072221523795989
3648,0.4617,13,110,13,315641,289969,32146,75810,2.6859924413650007,0.2072562941010829
3649,0.4618,30,198,30,315839,289771,32176,75780,2.6841583608136648,0.20730349527152162
3650,0.4619,13,137,13,315976,289634,32189,75767,2.68288932528067,0.20735301764362987
3651,0.462,16,125,16,316101,289509,32205,75751,2.6817314461447257,0.2073892569676395
3652,0.4621,22,115,22,316216,289394,32227,75729,2.680666197339657,0.20740681907192918
3653,0.4622,49,276,49,316492,289118,32276,75680,2.678109600207492,0.20745727772630332
3654,0.4623,23,143,23,316635,288975,32299,75657,2.6767849864759716,0.20748864608701376
3655,0.4624,21,142,21,316777,288833,32320,75636,2.675469635777539,0.20752382232782488
3656,0.4625,34,166,34,316943,288667,32354,75602,2.673931972285005,0.2075444245873242
3657,0.4626,19,243,19,317186,288424,32373,75583,2.671681055244729,0.207641611287695
3658,0.4627,30,159,30,317345,288265,32403,75553,2.6702082329838084,0.2076670203233485
3659,0.4628,24,180,24,317525,288085,32427,75529,2.6685408870280485,0.2077175246277646
3660,0.4629,15,137,15,317662,287948,32442,75514,2.6672718514950535,0.20776312241719905
3661,0.463,35,214,35,317876,287734,32477,75479,2.665289562414317,0.20780919185161323
3662,0.4631,38,245,38,318121,287489,32515,75441,2.663020119307866,0.2078665307359546
3663,0.4632,30,189,30,318310,287300,32545,75411,2.6612694060543185,0.20790932726054628
3664,0.4633,27,188,27,318498,287112,32572,75384,2.659527955833858,0.207958156779661
3665,0.4634,9,120,9,318618,286992,32581,75375,2.658416391863352,0.20800735166281697
3666,0.4635,30,197,30,318815,286795,32611,75345,2.6565915743451036,0.20805489589661458
3667,0.4636,25,144,25,318959,286651,32636,75320,2.655257697580496,0.2080829679725724
3668,0.4637,28,132,28,319091,286519,32664,75292,2.654034977212939,0.20809759791714458
3669,0.4638,40,244,40,319335,286275,32704,75252,2.6517747971395753,0.20815042859869387
3670,0.4639,31,172,31,319507,286103,32735,75221,2.650181555448516,0.2081815766458912
3671,0.464,30,177,30,319684,285926,32765,75191,2.648541998592019,0.2082178352168411
3672,0.4641,28,132,28,319816,285794,32793,75163,2.6473192782244617,0.20823255955695555
3673,0.4642,54,355,54,320171,285439,32847,75109,2.6440309014783803,0.2083190032949843
3674,0.4643,44,218,44,320389,285221,32891,75065,2.6420115602652934,0.20834836768567194
3675,0.4644,15,75,15,320464,285146,32906,75050,2.6413168327837266,0.2083587824406712
3676,0.4645,24,124,24,320588,285022,32930,75026,2.64016821668087,0.20837777185264186
3677,0.4646,58,306,58,320894,284716,32988,74968,2.6373337285560785,0.20842739738214655
3678,0.4647,21,181,21,321075,284535,33009,74947,2.635657119567231,0.20848609944308755
3679,0.4648,23,151,23,321226,284384,33032,74924,2.63425840157101,0.2085230498625135
3680,0.4649,15,121,15,321347,284263,33047,74909,2.6331375745674164,0.2085602441170247
3681,0.465,34,254,34,321601,284009,33081,74875,2.6307847641631774,0.20863287301746525
3682,0.4651,17,123,17,321724,283886,33098,74858,2.629645411093408,0.208666904533595
3683,0.4652,48,294,48,322018,283592,33146,74810,2.6269220793656674,0.208732094128939
3684,0.4653,14,99,14,322117,283493,33160,74796,2.62600503909,0.20875885109506573
3685,0.4654,37,181,37,322298,283312,33197,74759,2.6243284301011522,0.20878261573821952
3686,0.4655,19,84,19,322382,283228,33216,74740,2.6235503353217977,0.20878961247932776
3687,0.4656,24,90,24,322472,283138,33240,74716,2.622716662343918,0.20878905922527063
3688,0.4657,18,167,18,322639,282971,33258,74698,2.621169735818296,0.20884672700178097
3689,0.4658,39,264,39,322903,282707,33297,74659,2.618724295083182,0.20891467011411272
3690,0.4659,23,148,23,323051,282559,33320,74636,2.617353366186224,0.20895029325718445
3691,0.466,21,176,21,323227,282383,33341,74615,2.6157230723628144,0.2090067731471885
3692,0.4661,20,126,20,323353,282257,33361,74595,2.6145559301937826,0.20903623911313374
3693,0.4662,31,134,31,323487,282123,33392,74564,2.6133146837600503,0.20904602634803063
3694,0.4663,28,183,28,323670,281940,33420,74536,2.6116195487050278,0.2090912151168662
3695,0.4664,16,149,16,323819,281791,33436,74520,2.6102393567749824,0.20914313619282032
3696,0.4665,28,127,28,323946,281664,33464,74492,2.609062951572863,0.2091555385842159
3697,0.4666,13,129,13,324075,281535,33477,74479,2.6078680203045685,0.20920244709477717
3698,0.4667,33,182,33,324257,281353,33510,74446,2.6061821482826337,0.20923611364843633
3699,0.4668,27,290,27,324547,281063,33537,74419,2.603495868687243,0.2093467461081011
3700,0.4669,30,172,30,324719,280891,33567,74389,2.601902626996184,0.20938133303310066
3701,0.467,35,208,35,324927,280683,33602,74354,2.5999759161139724,0.20942605981911744
3702,0.4671,13,99,13,325026,280584,33615,74341,2.5990588758383044,0.20945551877157145
3703,0.4672,17,109,17,325135,280475,33632,74324,2.598049205231761,0.20948198839342838
3704,0.4673,22,158,22,325293,280317,33654,74302,2.5965856460039274,0.20952628031774947
3705,0.4674,30,152,30,325445,280165,33684,74272,2.5951776649746194,0.20954922877690535
3706,0.4675,25,138,25,325583,280027,33709,74247,2.593899366408537,0.20957507465972666
3707,0.4676,35,182,35,325765,279845,33744,74212,2.592213494386602,0.2096046681748984
3708,0.4677,25,105,25,325870,279740,33769,74187,2.591240875912409,0.209611021481831
3709,0.4678,28,183,28,326053,279557,33797,74159,2.5895457408573863,0.20965689988578406
3710,0.4679,36,199,36,326252,279358,33833,74123,2.587702397272963,0.20969443902218224
3711,0.468,20,105,20,326357,279253,33853,74103,2.58672977879877,0.20971201847428655
3712,0.4681,22,153,22,326510,279100,33875,74081,2.585312534736374,0.20975363906891933
3713,0.4682,41,297,41,326807,278803,33916,74040,2.5825614139093704,0.20983837003993278
3714,0.4683,24,129,24,326936,278674,33940,74016,2.581366482641076,0.209861351328362
3715,0.4684,35,259,35,327195,278415,33975,73981,2.5789673570713996,0.20993711619882177
3716,0.4685,35,229,35,327424,278186,34010,73946,2.5768461224943495,0.20999511546806313
3717,0.4686,22,235,22,327659,277951,34032,73924,2.5746693097187743,0.2100859680284192
3718,0.4687,27,171,27,327830,277780,34059,73897,2.5730853310608026,0.210127474927277
3719,0.4688,29,201,29,328031,277579,34088,73868,2.571223461410204,0.2101824741710699
3720,0.4689,21,95,21,328126,277484,34109,73847,2.5703434732668864,0.21019209804998704
3721,0.469,22,130,22,328256,277354,34131,73825,2.5691392789655043,0.21022042889808332
3722,0.4691,29,194,29,328450,277160,34160,73796,2.567342250546519,0.21027137304961305
3723,0.4692,13,86,13,328536,277074,34173,73783,2.566545629700989,0.2102936523996956
3724,0.4693,49,320,49,328856,276754,34222,73734,2.5635814591129717,0.21037524822533155
3725,0.4694,27,150,27,329006,276604,34249,73707,2.5621920041498387,0.21040446917167888
3726,0.4695,16,121,16,329127,276483,34265,73691,2.561071177146245,0.21044109499848646
3727,0.4696,47,256,47,329383,276227,34312,73644,2.558699840675831,0.21048900880610283
3728,0.4697,25,113,25,329496,276114,34337,73619,2.5576531179369373,0.210500581872457
3729,0.4698,30,170,30,329666,275944,34367,73589,2.556078402312053,0.21053519982376484
3730,0.4699,29,136,29,329802,275808,34396,73560,2.5548186298121456,0.2105516246479357
3731,0.47,31,148,31,329950,275660,34427,73529,2.5534477009151875,0.21057077972101068
3732,0.4701,21,145,21,330095,275515,34448,73508,2.5521045611174924,0.21061076204147006
3733,0.4702,21,114,21,330209,275401,34469,73487,2.551048575345511,0.21063206530462497
3734,0.4703,26,135,26,330344,275266,34495,73461,2.5497980658786914,0.21065475285825302
3735,0.4704,23,181,23,330525,275085,34518,73438,2.548121456889844,0.2107120620446857
3736,0.4705,42,219,42,330744,274866,34560,73396,2.5460928526436697,0.2107493783415934
3737,0.4706,39,179,39,330923,274687,34599,73357,2.5444347697209975,0.210769328015998
3738,0.4707,9,154,9,331077,274533,34608,73348,2.543008262625514,0.21084221328557753
3739,0.4708,39,235,39,331312,274298,34647,73309,2.540831449849939,0.2108962132523223
3740,0.4709,15,107,15,331419,274191,34662,73294,2.5398403053095704,0.21092709037800192
3741,0.471,15,86,15,331505,274105,34677,73279,2.539043684464041,0.21094523639545862
3742,0.4711,29,140,29,331645,273965,34706,73250,2.5377468598317834,0.21096438805927165
3743,0.4712,19,116,19,331761,273849,34725,73231,2.536672347993627,0.21099170220122163
3744,0.4713,28,103,28,331864,273746,34753,73203,2.535718255585609,0.2109906643339511
3745,0.4714,21,126,21,331990,273620,34774,73182,2.534551113416577,0.2110195442932855
3746,0.4715,34,191,34,332181,273429,34808,73148,2.5327818740968544,0.21105843723039902
3747,0.4716,39,217,39,332398,273212,34847,73109,2.530771795916855,0.2111018390452788
3748,0.4717,37,159,37,332557,273053,34884,73072,2.529298973655934,0.21111448176236908
3749,0.4718,17,130,17,332687,272923,34901,73055,2.528094779354552,0.2111550445404043
3750,0.4719,33,208,33,332895,272715,34934,73022,2.5261680684723404,0.21120678434763998
3751,0.472,30,186,30,333081,272529,34964,72992,2.5244451443180553,0.21125199336653921
3752,0.4721,23,219,23,333300,272310,34987,72969,2.522416540071881,0.21133344338925913
3753,0.4722,16,107,16,333407,272203,35003,72953,2.5214253955315127,0.2113623984517146
3754,0.4723,16,100,16,333507,272103,35019,72937,2.5204990922227575,0.21138708555529795
3755,0.4724,11,139,11,333646,271964,35030,72926,2.5192115306235876,0.21144712806981936
3756,0.4725,30,167,30,333813,271797,35060,72896,2.5176646040979658,0.2114809410112767
3757,0.4726,28,180,28,333993,271617,35088,72868,2.515997258142206,0.21152735242463389
3758,0.4727,33,201,33,334194,271416,35121,72835,2.514135388491608,0.2115752750173565
3759,0.4728,26,186,26,334380,271230,35147,72809,2.5124124643373227,0.2116300768226858
3760,0.4729,38,189,38,334569,271041,35185,72771,2.510661751083775,0.21165927890824054
3761,0.473,35,126,35,334695,270915,35220,72736,2.509494608914743,0.21165659346255358
3762,0.4731,28,145,28,334840,270770,35248,72708,2.5081514691170477,0.2116816797582378
3763,0.4732,33,182,33,335022,270588,35281,72675,2.506465597095113,0.21171812866519257
3764,0.4733,19,178,19,335200,270410,35300,72656,2.5048167772055283,0.21178432138422346
3765,0.4734,25,164,25,335364,270246,35325,72631,2.503297639779169,0.21182814828641175
3766,0.4735,15,141,15,335505,270105,35340,72616,2.5019915521138243,0.21188080100139764
3767,0.4736,29,168,29,335673,269937,35369,72587,2.5004353625551152,0.21191799698707245
3768,0.4737,24,185,24,335858,269752,35393,72563,2.4987217014339174,0.21197727239530842
3769,0.4738,25,213,25,336071,269539,35418,72538,2.4967486753862684,0.2120516725766421
3770,0.4739,30,149,30,336220,269390,35448,72508,2.495368483456223,0.2120749463290221
3771,0.474,28,186,28,336406,269204,35476,72480,2.493645559301938,0.21212582386064316
3772,0.4741,20,112,20,336518,269092,35496,72460,2.492608099596132,0.21214924813791164
3773,0.4742,23,158,23,336676,268934,35519,72437,2.4911445403682984,0.21219435745860077
3774,0.4743,22,212,22,336888,268722,35541,72415,2.4891807773537367,0.21227542013912298
3775,0.4744,16,136,16,337024,268586,35557,72399,2.4879210048538294,0.21232312271800813
3776,0.4745,11,94,11,337118,268492,35568,72388,2.4870502797435994,0.2123562544003755
3777,0.4746,25,108,25,337226,268384,35593,72363,2.486049872170143,0.21236577284612923
3778,0.4747,11,52,11,337278,268332,35604,72352,2.4855681944495904,0.21237275598501837
3779,0.4748,22,99,22,337377,268233,35626,72330,2.484651154173923,0.21238361184274276
3780,0.4749,36,239,36,337616,267994,35662,72294,2.4824372892659974,0.21244945457965017
3781,0.475,21,116,21,337732,267878,35683,72273,2.481362777427841,0.21247328392390438
3782,0.4751,32,226,32,337958,267652,35715,72241,2.4792693319500536,0.21254041713127367
3783,0.4752,19,130,19,338088,267522,35734,72222,2.4780651376486715,0.21257770556654423
3784,0.4753,36,239,36,338327,267283,35770,72186,2.475851272740746,0.2126438643882063
3785,0.4754,42,243,42,338570,267040,35812,72144,2.4736003557004707,0.21269871220340583
3786,0.4755,38,149,38,338719,266891,35850,72106,2.472220163770425,0.21270394723257138
3787,0.4756,18,142,18,338861,266749,35868,72088,2.4709048130719924,0.21275126388204357
3788,0.4757,18,130,18,338991,266619,35886,72070,2.4697006187706103,0.21279108562722734
3789,0.4758,31,157,31,339148,266462,35917,72039,2.4682463225758644,0.2128176873923563
3790,0.4759,20,111,20,339259,266351,35937,72019,2.4672181259031456,0.21284097289948872
3791,0.476,38,216,38,339475,266135,35975,71981,2.465217310756234,0.21288847614428186
3792,0.4761,39,229,39,339704,265906,36014,71942,2.463096076179184,0.2129419147072056
3793,0.4762,18,120,18,339824,265786,36032,71924,2.4619845122086774,0.21297562997838382
3794,0.4763,43,208,43,340032,265578,36075,71881,2.4600578013264665,0.21300661710015142
3795,0.4764,40,286,40,340318,265292,36115,71841,2.4574085738634257,0.21309394215339347
3796,0.4765,21,179,21,340497,265113,36136,71820,2.4557504909407535,0.21315810561743728
3797,0.4766,23,158,23,340655,264955,36159,71797,2.45428693171292,0.21320437592055874
3798,0.4767,15,109,15,340764,264846,36174,71782,2.4532772611063765,0.21323835212757108
3799,0.4768,26,145,26,340909,264701,36200,71756,2.4519341213086814,0.21326945196563007
3800,0.4769,25,139,25,341048,264562,36225,71731,2.450646559709511,0.2132991171389235
3801,0.477,26,180,26,341228,264382,36251,71705,2.4489792137537516,0.21335249503848705
3802,0.4771,30,181,30,341409,264201,36281,71675,2.447302604764904,0.21339720611177934
3803,0.4772,37,194,37,341603,264007,36318,71638,2.445505576345919,0.21343383634494778
3804,0.4773,21,95,21,341698,263912,36339,71617,2.444625588202601,0.2134450375377389
3805,0.4774,35,239,35,341937,263673,36374,71582,2.4424117232946756,0.21351508553190854
3806,0.4775,23,135,23,342072,263538,36397,71559,2.441161213827856,0.2135471221765638
3807,0.4776,26,208,26,342280,263330,36423,71533,2.4392345029456446,0.21361870376840678
3808,0.4777,17,122,17,342402,263208,36440,71516,2.438104412908963,0.21365662456232598
3809,0.4778,26,191,26,342593,263017,36466,71490,2.43633517358924,0.21371750068010534
3810,0.4779,34,256,34,342849,262761,36500,71456,2.433963837118826,0.2138012129843784
3811,0.478,13,99,13,342948,262662,36513,71443,2.433046796843158,0.21383397434938117
3812,0.4781,21,159,21,343107,262503,36534,71422,2.4315739745822373,0.2138863517256869
3813,0.4782,37,200,37,343307,262303,36571,71385,2.4297213679647265,0.21392738126633262
3814,0.4783,24,146,24,343453,262157,36595,71361,2.4283689651339433,0.21396446368711733
3815,0.4784,33,170,33,343623,261987,36628,71328,2.4267942495090593,0.2139957697673372
3816,0.4785,23,129,23,343752,261858,36651,71305,2.425599318240765,0.21402436645125658
3817,0.4786,32,194,32,343946,261664,36683,71273,2.4238022898217793,0.21407353343124977
3818,0.4787,24,201,24,344147,261463,36707,71249,2.4219404201711807,0.21414616845800571
3819,0.4788,24,117,24,344264,261346,36731,71225,2.420856645299937,0.21416479488590406
3820,0.4789,30,164,30,344428,261182,36761,71195,2.419337507873578,0.21419953847588732
3821,0.479,33,174,33,344602,261008,36794,71162,2.4177257401163437,0.2142336755275913
3822,0.4791,15,100,15,344702,260908,36809,71147,2.4167994368075885,0.21426269744470042
3823,0.4792,34,232,34,344934,260676,36843,71113,2.414650413131276,0.2143320001567261
3824,0.4793,22,146,22,345080,260530,36865,71091,2.4132980103004926,0.2143742404733114
3825,0.4794,19,143,19,345223,260387,36884,71072,2.4119733965689725,0.21442169318075538
3826,0.4795,26,193,26,345416,260194,36910,71046,2.4101856311830745,0.21448496558386668
3827,0.4796,19,136,19,345552,260058,36929,71027,2.408925858683167,0.21452799130132746
3828,0.4797,33,197,33,345749,259861,36962,70994,2.407101041164919,0.214577382841426
3829,0.4798,20,133,20,345882,259728,36982,70974,2.4058690577642743,0.21461618012591396
3830,0.4799,38,206,38,346088,259522,37020,70936,2.4039608729482382,0.2146596541769302
3831,0.48,14,115,14,346203,259407,37034,70922,2.4028956241431696,0.21470110102352502
3832,0.4801,16,130,16,346333,259277,37050,70906,2.4016914298417875,0.21474757937265093
3833,0.4802,18,125,18,346458,259152,37068,70888,2.400533550705843,0.21478608653496545
3834,0.4803,8,56,8,346514,259096,37076,70880,2.40001482085294,0.21480350086066866
3835,0.4804,24,155,24,346669,258941,37100,70856,2.3985790507243694,0.2148473151666025
3836,0.4805,23,113,23,346782,258828,37123,70833,2.3975323279854757,0.21486618071291416
3837,0.4806,27,171,27,346953,258657,37150,70806,2.395948349327504,0.2149133590114823
3838,0.4807,22,154,22,347107,258503,37172,70784,2.3945218422320202,0.2149614166365511
3839,0.4808,34,175,34,347282,258328,37206,70750,2.3929008114416983,0.21499462133597505
3840,0.4809,16,134,16,347416,258194,37222,70734,2.3916595650079664,0.2150440217920031
3841,0.481,36,192,36,347608,258002,37258,70698,2.3898810626551557,0.21508366291451173
3842,0.4811,24,163,24,347771,257839,37282,70674,2.3883711882618845,0.21513303887517388
3843,0.4812,21,128,21,347899,257711,37303,70653,2.3871855200266774,0.21516670524174392
3844,0.4813,31,194,31,348093,257517,37334,70622,2.385388491607692,0.21521976967077977
3845,0.4814,47,201,47,348294,257316,37381,70575,2.3835266219570936,0.21523921059132456
3846,0.4815,55,266,55,348560,257050,37436,70520,2.3810626551558043,0.21528222975241934
3847,0.4816,15,100,15,348660,256950,37451,70505,2.3801363518470486,0.21531202760684673
3848,0.4817,27,144,27,348804,256806,37478,70478,2.378802475082441,0.21534202710795516
3849,0.4818,38,175,38,348979,256631,37516,70440,2.377181444292119,0.2153660825936876
3850,0.4819,26,138,26,349117,256493,37542,70414,2.3759031457260367,0.21539459234583536
3851,0.482,17,136,17,349253,256357,37559,70397,2.374643373226129,0.2154434222687404
3852,0.4821,15,96,15,349349,256261,37574,70382,2.373754122049724,0.2154707126740815
3853,0.4822,20,82,20,349431,256179,37594,70362,2.3729945533365444,0.21547677014524974
3854,0.4823,32,137,32,349568,256042,37626,70330,2.3717255178035495,0.21549029941293985
3855,0.4824,59,315,59,349883,255727,37685,70271,2.36880766238097,0.21555653715666967
3856,0.4825,21,123,21,350006,255604,37706,70250,2.3676683093112008,0.2155873489354128
3857,0.4826,25,205,25,350211,255399,37731,70225,2.3657693875282524,0.21566285040414712
3858,0.4827,27,174,27,350385,255225,37758,70198,2.3641576197710177,0.2157130872741017
3859,0.4828,14,103,14,350488,255122,37772,70184,2.363203527363,0.2157476345348687
3860,0.4829,41,227,41,350715,254895,37813,70143,2.3611008188521247,0.21579938345670352
3861,0.483,20,130,20,350845,254765,37833,70123,2.359896624550743,0.21583745783162198
3862,0.4831,19,98,19,350943,254667,37852,70104,2.3589888473081624,0.21585671134430107
3863,0.4832,15,120,15,351063,254547,37867,70089,2.3578772833376562,0.2159002698406831
3864,0.4833,18,128,18,351191,254419,37885,70071,2.356691615102449,0.21594193965915745
3865,0.4834,25,171,25,351362,254248,37910,70046,2.3551076364444774,0.21599536223303545
3866,0.4835,37,193,37,351555,254055,37947,70009,2.3533198710585794,0.21603448701491063
3867,0.4836,23,105,23,351660,253950,37970,69986,2.3523472525843863,0.21604884915538872
3868,0.4837,11,53,11,351713,253897,37981,69975,2.351856311830746,0.21605757830253927
3869,0.4838,18,82,18,351795,253815,37999,69957,2.3510967431175662,0.21606871502168193
3870,0.4839,7,80,7,351875,253735,38006,69950,2.350355700470562,0.2161051639711448
3871,0.484,28,174,28,352049,253561,38034,69922,2.3487439327133277,0.21615355366433475
3872,0.4841,19,98,19,352147,253463,38053,69903,2.3478361554707474,0.21617300520153634
3873,0.4842,50,219,50,352366,253244,38103,69853,2.345807551224573,0.2161982314908526
3874,0.4843,20,104,20,352470,253140,38123,69833,2.3448441957834674,0.21621931245026674
3875,0.4844,24,137,24,352607,253003,38147,69809,2.3435751602504724,0.21625280348933745
3876,0.4845,40,311,40,352918,252692,38187,69769,2.340694356960243,0.21636414946303584
3877,0.4846,33,223,33,353141,252469,38220,69736,2.3386287005817183,0.21643363697025186
3878,0.4847,24,122,24,353263,252347,38244,69712,2.337498610545037,0.21645723299147052
3879,0.4848,32,157,32,353420,252190,38276,69680,2.336044314350291,0.216484916270544
3880,0.4849,25,202,25,353622,251988,38301,69655,2.3341731816666047,0.21655997487898074
3881,0.485,25,202,25,353824,251786,38326,69630,2.332302048982919,0.21663513950767851
3882,0.4851,33,212,33,354036,251574,38359,69597,2.3303382859683577,0.21669764704783434
3883,0.4852,19,113,19,354149,251461,38378,69578,2.329291563229464,0.2167275626948751
3884,0.4853,26,197,26,354346,251264,38404,69552,2.3274667457112157,0.21679716722357986
3885,0.4854,29,227,29,354573,251037,38433,69523,2.325364037200341,0.21687983528824556
3886,0.4855,28,236,28,354809,250801,38461,69495,2.323177961391678,0.21697117666158802
3887,0.4856,41,182,41,354991,250619,38502,69454,2.3214920893697433,0.2169942481871323
3888,0.4857,38,169,38,355160,250450,38540,69416,2.3199266367779465,0.21701587539782283
3889,0.4858,31,149,31,355309,250301,38571,69385,2.318546444847901,0.21704109657601522
3890,0.4859,45,224,45,355533,250077,38616,69340,2.3164715254362886,0.21708299808714002
3891,0.486,19,142,19,355675,249935,38635,69321,2.315156174737856,0.2171329591299772
3892,0.4861,18,151,18,355826,249784,38653,69303,2.3137574567416355,0.21719154964006682
3893,0.4862,15,112,15,355938,249672,38668,69288,2.3127199970358294,0.21723100075244545
3894,0.4863,37,157,37,356095,249515,38705,69251,2.3112657008410835,0.2172471342614959
3895,0.4864,28,175,28,356270,249340,38733,69223,2.3096446700507616,0.21729767738249578
3896,0.4865,20,125,20,356395,249215,38753,69203,2.308486790914817,0.21733381906801752
3897,0.4866,40,193,40,356588,249022,38793,69163,2.306699025528919,0.2173672548988796
3898,0.4867,28,183,28,356771,248839,38821,69135,2.305003890473897,0.21742343713636963
3899,0.4868,23,121,23,356892,248718,38844,69112,2.3038830634703027,0.21744957996413178
3900,0.4869,22,112,22,357004,248606,38866,69090,2.3028456037644967,0.21747204875100726
3901,0.487,29,112,29,357116,248494,38895,69061,2.3018081440586906,0.21747728739903324
3902,0.4871,26,196,26,357312,248298,38921,69035,2.29999258957353,0.21754749742384183
3903,0.4872,40,267,40,357579,248031,38961,68995,2.297519359739153,0.2176319923287049
3904,0.4873,22,156,22,357735,247875,38983,68973,2.2960743265774943,0.2176848204817452
3905,0.4874,29,248,29,357983,247627,39012,68944,2.293777094371781,0.21778368833531814
3906,0.4875,27,208,27,358191,247419,39039,68917,2.29185038348957,0.21786012341307975
3907,0.4876,16,113,16,358304,247306,39055,68901,2.2908036607506763,0.21789840199616076
3908,0.4877,18,157,18,358461,247149,39073,68883,2.2893493645559304,0.21796210510328068
3909,0.4878,27,133,27,358594,247016,39100,68856,2.2881173811552853,0.21798703272211528
3910,0.4879,36,174,36,358768,246842,39136,68820,2.286505613398051,0.21801800660199833
3911,0.488,28,140,28,358908,246702,39164,68792,2.2852087887657935,0.2180453511001794
3912,0.4881,15,120,15,359028,246582,39179,68777,2.284097224795287,0.2180911278891676
3913,0.4882,22,89,22,359117,246493,39201,68755,2.283272814850495,0.21809813226412222
3914,0.4883,46,319,46,359436,246174,39247,68709,2.280317907295565,0.21820485704213946
3915,0.4884,20,117,20,359553,246057,39267,68689,2.279234132424321,0.21823629212126602
3916,0.4885,31,198,31,359751,245859,39298,68658,2.277400051872985,0.21829662625549653
3917,0.4886,25,149,25,359900,245710,39323,68633,2.2760198599429398,0.2183379302227185
3918,0.4887,20,105,20,360005,245605,39343,68613,2.2750472414687466,0.21836113780878244
3919,0.4888,34,245,34,360250,245360,39377,68579,2.272777798362296,0.21844689573452167
3920,0.4889,25,162,25,360412,245198,39402,68554,2.271277187002112,0.21849741196868866
3921,0.489,20,86,20,360498,245112,39422,68534,2.270480566156582,0.21850748933511027
3922,0.4891,36,175,36,360673,244937,39458,68498,2.26885953536626,0.21853972913044173
3923,0.4892,9,103,9,360776,244834,39467,68489,2.2679054429582424,0.21858912368386618
3924,0.4893,18,127,18,360903,244707,39485,68471,2.266729037756123,0.2186328541596153
3925,0.4894,38,177,38,361080,244530,39523,68433,2.2650894808996256,0.21866163092761765
3926,0.4895,28,182,28,361262,244348,39551,68405,2.2634036088776908,0.21871892515819194
3927,0.4896,17,129,17,361391,244219,39568,68388,2.2622086776093964,0.2187666942838772
3928,0.4897,31,104,31,361495,244115,39599,68357,2.261245322168291,0.21876200107529634
3929,0.4898,40,184,40,361679,243931,39639,68317,2.2595409240801807,0.21879083292767287
3930,0.4899,35,223,35,361902,243708,39674,68282,2.2574752677016563,0.2188595788326549
3931,0.49,22,176,22,362078,243532,39696,68260,2.2558449738782467,0.21892800328424078
3932,0.4901,20,160,20,362238,243372,39716,68240,2.254362888584238,0.21899028278756916
3933,0.4902,15,110,15,362348,243262,39731,68225,2.253343954944607,0.2190300076728724
3934,0.4903,14,101,14,362449,243161,39745,68211,2.252408388602764,0.21906594041853475
3935,0.4904,23,164,23,362613,242997,39768,68188,2.2508892511764054,0.21912367241351607
3936,0.4905,18,147,18,362760,242850,39786,68170,2.249527585312535,0.21918204617066428
3937,0.4906,41,173,41,362933,242677,39827,68129,2.247925080588388,0.2192010450248708
3938,0.4907,43,220,43,363153,242457,39870,68086,2.245887213309126,0.21924822005326156
3939,0.4908,18,123,18,363276,242334,39888,68068,2.244747860239357,0.2192898241635041
3940,0.4909,27,161,27,363437,242173,39915,68041,2.2432565119122607,0.219335684398512
3941,0.491,21,133,21,363570,242040,39936,68020,2.242024528511616,0.21937689479455588
3942,0.4911,40,259,40,363829,241781,39976,67980,2.239625402941939,0.21945951879029316
3943,0.4912,19,115,19,363944,241666,39995,67961,2.2385601541368705,0.21949313205889667
3944,0.4913,26,210,26,364154,241456,40021,67935,2.236614917188484,0.21957652291113833
3945,0.4914,19,167,19,364321,241289,40040,67916,2.2350679906628628,0.21964715965136397
3946,0.4915,15,82,15,364403,241207,40055,67901,2.234308421949683,0.21966755955847148
3947,0.4916,22,127,22,364530,241080,40077,67879,2.2331320167475637,0.21970229059519225
3948,0.4917,28,196,28,364726,240884,40105,67851,2.231316462262403,0.21977100102029248
3949,0.4918,17,129,17,364855,240755,40122,67834,2.2301215309941087,0.2198198898859
3950,0.4919,51,233,51,365088,240522,40173,67783,2.2279632442847084,0.219856959828741
3951,0.492,25,123,25,365211,240399,40198,67758,2.2268238912149396,0.21988142407928427
3952,0.4921,41,218,41,365429,240181,40239,67717,2.2248045500018527,0.2199332246393286
3953,0.4922,20,123,20,365552,240058,40259,67697,2.2236651969320835,0.21997043102467873
3954,0.4923,14,108,14,365660,239950,40273,67683,2.2226647893586278,0.22001215734332794
3955,0.4924,53,215,53,365875,239735,40326,67630,2.2206732372448035,0.2200315585704293
3956,0.4925,19,110,19,365985,239625,40345,67611,2.2196543036051724,0.22006210209741045
3957,0.4926,15,89,15,366074,239536,40360,67596,2.2188298936603803,0.22008777984710157
3958,0.4927,10,84,10,366158,239452,40370,67586,2.2180517988810258,0.22012259068910037
3959,0.4928,9,80,9,366238,239372,40379,67577,2.217310756234021,0.2201570945010409
3960,0.4929,33,134,33,366372,239238,40412,67544,2.216069509800289,0.22016937108435305
3961,0.493,16,123,16,366495,239115,40428,67528,2.21493015673052,0.2202169950072234
3962,0.4931,14,80,14,366575,239035,40442,67514,2.2141891140835157,0.2202388525162372
3963,0.4932,18,153,18,366728,238882,40460,67496,2.2127718700211196,0.22030302436859042
3964,0.4933,32,128,32,366856,238754,40492,67464,2.211586201785913,0.22031363277142427
3965,0.4934,29,126,29,366982,238628,40521,67435,2.210419059616881,0.22033045484099678
3966,0.4935,22,127,22,367109,238501,40543,67413,2.2092426544147616,0.22036585445582746
3967,0.4936,39,191,39,367300,238310,40582,67374,2.2074734150950386,0.22040407741327644
3968,0.4937,25,158,25,367458,238152,40607,67349,2.206009855867205,0.22045427019878822
3969,0.4938,14,131,14,367589,238021,40621,67335,2.2047963985327357,0.22051310601396404
3970,0.4939,13,76,13,367665,237945,40634,67322,2.2040924080180813,0.2205348105101436
3971,0.494,31,149,31,367814,237796,40665,67291,2.202712216088036,0.22056331472661897
3972,0.4941,16,102,16,367916,237694,40681,67275,2.2017673867131053,0.2205961917440789
3973,0.4942,15,92,15,368008,237602,40696,67260,2.2009151876690503,0.22062441366913554
3974,0.4943,21,124,21,368132,237478,40717,67239,2.199766571566194,0.22066048169284944
3975,0.4944,17,141,17,368273,237337,40734,67222,2.1984604839008486,0.22071913816370556
3976,0.4945,23,133,23,368406,237204,40757,67199,2.197228500500204,0.2207566942507137
3977,0.4946,21,115,21,368521,237089,40778,67178,2.1961632516951353,0.2207863488317826
3978,0.4947,43,257,43,368778,236832,40821,67135,2.1937826521916337,0.2208627910266575
3979,0.4948,40,237,40,369015,236595,40861,67095,2.191587313349883,0.2209325298824459
3980,0.4949,39,243,39,369258,236352,40900,67056,2.1893363963096077,0.2210093339661446
3981,0.495,30,218,30,369476,236134,40930,67026,2.187317055096521,0.22109117297796543
3982,0.4951,12,119,12,369595,236015,40942,67014,2.186214754159102,0.221147150932749
3983,0.4952,14,93,14,369688,235922,40956,67000,2.185353292081959,0.2211790493922528
3984,0.4953,39,249,39,369937,235673,40995,66961,2.183046796843158,0.2212606646972911
3985,0.4954,32,217,32,370154,235456,41027,66929,2.181036718663159,0.22133703722076162
3986,0.4955,17,69,17,370223,235387,41044,66912,2.180397569380118,0.22134376891752866
3987,0.4956,14,87,14,370310,235300,41058,66898,2.1795916855015007,0.22137141873870775
3988,0.4957,30,161,30,370471,235139,41088,66868,2.1781003371744045,0.2214120864748168
3989,0.4958,19,107,19,370578,235032,41107,66849,2.177109192634036,0.22144156140995955
3990,0.4959,60,299,60,370877,234733,41167,66789,2.174339545740857,0.22150622508473677
3991,0.496,11,134,11,371011,234599,41178,66778,2.1730982993071253,0.22157629812493987
3992,0.4961,24,142,24,371153,234457,41202,66754,2.1717829486086924,0.2216187323836115
3993,0.4962,36,187,36,371340,234270,41238,66718,2.1700507614213196,0.22166332212579903
3994,0.4963,25,178,25,371518,234092,41263,66693,2.168401941531735,0.22172980700500358
3995,0.4964,20,121,20,371639,233971,41283,66673,2.167281114528141,0.22176727292079668
3996,0.4965,28,99,28,371738,233872,41311,66645,2.1663640742524732,0.2217678201233208
3997,0.4966,60,312,60,372050,233560,41371,66585,2.1634740079291563,0.22184277599160407
3998,0.4967,32,144,32,372194,233416,41403,66553,2.1621401311645485,0.22186625951348307
3999,0.4968,34,207,34,372401,233209,41437,66519,2.1602226833154248,0.2219312176373245
4000,0.4969,44,179,44,372580,233030,41481,66475,2.1585646003927526,0.22194955009098347
4001,0.497,18,110,18,372690,232920,41499,66457,2.1575456667531214,0.22198432077280486
4002,0.4971,31,139,31,372829,232781,41530,66426,2.1562581051539516,0.2220068380753124
4003,0.4972,24,92,24,372921,232689,41554,66402,2.1554059061098965,0.22201269847638344
4004,0.4973,23,102,23,373023,232587,41577,66379,2.154461076734966,0.22202859188001312
4005,0.4974,37,181,37,373204,232406,41614,66342,2.1527844677461188,0.22206675860591535
4006,0.4975,28,162,28,373366,232244,41642,66314,2.151283856385935,0.22211429604967878
4007,0.4976,14,123,14,373489,232121,41656,66300,2.1501445033161657,0.22216935135261928
4008,0.4977,19,87,19,373576,232034,41675,66281,2.1493386194375486,0.22218460352312153
4009,0.4978,22,153,22,373729,231881,41697,66259,2.147921375375153,0.22224122895284096
4010,0.4979,39,176,39,373905,231705,41736,66220,2.1462910815517433,0.22227070571452548
4011,0.498,30,160,30,374065,231545,41766,66190,2.144808996257735,0.22231178732765713
4012,0.4981,25,125,25,374190,231420,41791,66165,2.1436511171217902,0.22233983567720148
4013,0.4982,37,182,37,374372,231238,41828,66128,2.1419652450998554,0.22237915565330266
4014,0.4983,38,163,38,374535,231075,41866,66090,2.1404553707065843,0.2224016960274595
4015,0.4984,25,114,25,374649,230961,41891,66065,2.139399384934603,0.22242160618935716
4016,0.4985,23,116,23,374765,230845,41914,66042,2.1383248730964466,0.222448271564602
4017,0.4986,40,153,40,374918,230692,41954,66002,2.136907629034051,0.22245815554072546
4018,0.4987,23,125,23,375043,230567,41977,65979,2.135749749898107,0.22249162018708732
4019,0.4988,30,112,30,375155,230455,42007,65949,2.1347122901923004,0.22249699734146638
4020,0.4989,20,96,20,375251,230359,42027,65929,2.1338230390158954,0.22251660546495303
4021,0.499,29,140,29,375391,230219,42056,65900,2.132526214383638,0.22254566576275078
4022,0.4991,18,120,18,375511,230099,42074,65882,2.1314146504131313,0.2225886121068582
4023,0.4992,43,180,43,375691,229919,42117,65839,2.1297473044573714,0.22261105363168537
4024,0.4993,28,90,28,375781,229829,42145,65811,2.1289136314794916,0.22260519550805033
4025,0.4994,50,222,50,376003,229607,42195,65761,2.1268572381340545,0.2226409089677961
4026,0.4995,39,145,39,376148,229462,42234,65722,2.1255140983363594,0.22264756897392812
4027,0.4996,50,231,50,376379,229231,42284,65672,2.1233743376931344,0.22269017270085417
4028,0.4997,19,81,19,376460,229150,42303,65653,2.1226240320130425,0.22270126152040515
4029,0.4998,19,100,19,376560,229050,42322,65634,2.121697728704287,0.2227267174329112
4030,0.4999,28,132,28,376692,228918,42350,65606,2.12047500833673,0.22275264494574296
4031,0.5,31,143,31,376835,228775,42381,65575,2.1191503946052097,0.22277900458637676
4032,0.5001,28,123,28,376958,228652,42409,65547,2.1180110415354405,0.22279817402506466
4033,0.5002,54,227,54,377185,228425,42463,65493,2.1159083330245654,0.22282745527664177
4034,0.5003,49,279,49,377464,228146,42512,65444,2.113323946793138,0.2229094996423584
4035,0.5004,34,204,34,377668,227942,42546,65410,2.111434288043277,0.22297444708064032
4036,0.5005,17,75,17,377743,227867,42563,65393,2.1107395605617105,0.22298642842528815
4037,0.5006,20,131,20,377874,227736,42583,65373,2.1095261032272408,0.2230330696089168
4038,0.5007,46,249,46,378123,227487,42629,65327,2.1072196079884398,0.22310067141598422
4039,0.5008,43,220,43,378343,227267,42672,65284,2.105181740709178,0.22315425344640763
4040,0.5009,35,143,35,378486,227124,42707,65249,2.1038571269776574,0.22317040219172085
4041,0.501,30,160,30,378646,226964,42737,65219,2.102375041683649,0.22321284948131823
4042,0.5011,34,235,34,378881,226729,42771,65185,2.1001982289080736,0.2233020684174106
4043,0.5012,23,105,23,378986,226624,42794,65162,2.0992256104338805,0.2233212011542706
4044,0.5013,39,207,39,379193,226417,42833,65123,2.0973081625847567,0.2233758660904164
4045,0.5014,17,169,17,379362,226248,42850,65106,2.09574270999296,0.2234601206779382
4046,0.5015,18,90,18,379452,226158,42868,65088,2.0949090370150802,0.2234811808574195
4047,0.5016,24,159,24,379611,225999,42892,65064,2.093436214754159,0.22353923377413137
4048,0.5017,30,166,30,379777,225833,42922,65034,2.0918985512616253,0.223586725204303
4049,0.5018,31,185,31,379962,225648,42953,65003,2.0901848901404274,0.2236462286384702
4050,0.5019,38,166,38,380128,225482,42991,64965,2.0886472266478937,0.22367247725058273
4051,0.502,21,136,21,380264,225346,43012,64944,2.0873874541479864,0.22372110647972718
4052,0.5021,23,111,23,380375,225235,43035,64921,2.0863592574752676,0.22374515777719572
4053,0.5022,33,158,33,380533,225077,43068,64888,2.084895698247434,0.22377873191592088
4054,0.5023,26,148,26,380681,224929,43094,64862,2.083524769350476,0.22382337615729958
4055,0.5024,43,273,43,380954,224656,43137,64819,2.0809959613175737,0.2239191640038
4056,0.5025,20,102,20,381056,224554,43157,64799,2.080051131942643,0.22394445538840102
4057,0.5026,32,137,32,381193,224417,43189,64767,2.078782096409648,0.22396467301095496
4058,0.5027,26,101,26,381294,224316,43215,64741,2.0778465300678053,0.22397312640759434
4059,0.5028,30,176,30,381470,224140,43245,64711,2.0762162362443957,0.2240289976493071
4060,0.5029,15,78,15,381548,224062,43260,64696,2.0754937196635668,0.22404920383158217
4061,0.503,29,187,29,381735,223875,43289,64667,2.073761532476194,0.22411641979330565
4062,0.5031,28,178,28,381913,223697,43317,64639,2.0721127125866095,0.22417942955440875
4063,0.5032,24,102,24,382015,223595,43341,64615,2.071167883211679,0.22419416397765518
4064,0.5033,28,147,28,382162,223448,43369,64587,2.0698062173478085,0.22423316610828545
4065,0.5034,32,138,32,382300,223310,43401,64555,2.068527918781726,0.2242544248171886
4066,0.5035,26,112,26,382412,223198,43427,64529,2.0674904590759198,0.22427161858289282
4067,0.5036,36,140,36,382552,223058,43463,64493,2.066193634443662,0.22428369228415132
4068,0.5037,19,109,19,382661,222949,43482,64474,2.0651839638371188,0.22431746937440636
4069,0.5038,41,189,41,382850,222760,43523,64433,2.063433250583571,0.22435435404066256
4070,0.5039,42,237,42,383087,222523,43565,64391,2.061237911741821,0.2244261346605603
4071,0.504,42,145,42,383232,222378,43607,64349,2.0598947719441254,0.22442602196514455
4072,0.5041,26,151,26,383383,222227,43633,64323,2.0584960539479047,0.22447391380212878
4073,0.5042,23,137,23,383520,222090,43656,64300,2.0572270184149097,0.2245190125353539
4074,0.5043,38,154,38,383674,221936,43694,64262,2.0558005113194264,0.22453685909754786
4075,0.5044,41,187,41,383861,221749,43735,64221,2.0540683241320536,0.22457250760569292
4076,0.5045,27,168,27,384029,221581,43762,64194,2.0525121345733446,0.2246312658560056
4077,0.5046,31,124,31,384153,221457,43793,64163,2.051363518470488,0.2246446327288005
4078,0.5047,45,194,45,384347,221263,43838,64118,2.0495664900515025,0.22467508348488513
4079,0.5048,31,212,31,384559,221051,43869,64087,2.047602727036941,0.22475783655633413
4080,0.5049,19,101,19,384660,220950,43888,64068,2.046667160695098,0.22478580300191567
4081,0.505,31,150,31,384810,220800,43919,64037,2.045277705731965,0.22481980922422298
4082,0.5051,13,48,13,384858,220752,43932,64024,2.0448330801437624,0.22482231648734444
4083,0.5052,23,130,23,384988,220622,43955,64001,2.0436288858423803,0.2248623617908602
4084,0.5053,34,198,34,385186,220424,43989,63967,2.0417948052910444,0.22492624590792254
4085,0.5054,25,151,25,385337,220273,44014,63942,2.0403960872948237,0.22497756979751243
4086,0.5055,17,111,17,385448,220162,44031,63925,2.0393678906221053,0.22501909626276456
4087,0.5056,20,126,20,385574,220036,44051,63905,2.0382007484530735,0.2250643619625204
4088,0.5057,18,107,18,385681,219929,44069,63887,2.037209603912705,0.2251000648307354
4089,0.5058,26,132,26,385813,219797,44095,63861,2.035986883545148,0.2251337878713098
4090,0.5059,23,125,23,385938,219672,44118,63838,2.034829004409204,0.22517018800042327
4091,0.506,30,131,30,386069,219541,44148,63808,2.033615547074734,0.2251922540753629
4092,0.5061,24,207,24,386276,219334,44172,63784,2.0316980992256104,0.22529122132820945
4093,0.5062,22,149,22,386425,219185,44194,63762,2.030317907295565,0.22534962378113216
4094,0.5063,32,150,32,386575,219035,44226,63730,2.0289284523324316,0.2253815005393171
4095,0.5064,28,89,28,386664,218946,44254,63702,2.0281040423876395,0.22537573235968414
4096,0.5065,22,121,22,386785,218825,44276,63680,2.0269832153840452,0.2254119396116883
4097,0.5066,26,106,26,386891,218719,44302,63654,2.0260013338767644,0.22542523541556736
4098,0.5067,22,157,22,387048,218562,44324,63632,2.0245470376820185,0.22549026556198926
4099,0.5068,40,274,40,387322,218288,44364,63592,2.0220089666160286,0.22559954590605932
4100,0.5069,26,104,26,387426,218184,44390,63566,2.021045611174923,0.22561135758651288
4101,0.507,20,164,20,387590,218020,44410,63546,2.0195264737485643,0.2256877605960947
4102,0.5071,26,184,26,387774,217836,44436,63520,2.017822075660454,0.22576380102077084
4103,0.5072,18,136,18,387910,217700,44454,63502,2.016562303160547,0.22582342942084338
4104,0.5073,35,151,35,388061,217549,44489,63467,2.015163585164326,0.22584835027187064
4105,0.5074,28,131,28,388192,217418,44517,63439,2.013950127829857,0.22587651367065803
4106,0.5075,11,75,11,388267,217343,44528,63428,2.01325540034829,0.22590652168493186
4107,0.5076,26,129,26,388396,217214,44554,63402,2.0120604690799957,0.2259386492573481
4108,0.5077,33,163,33,388559,217051,44587,63369,2.010550594686724,0.22597888880964268
4109,0.5078,34,125,34,388684,216926,44621,63335,2.00939271555078,0.22598577754307592
4110,0.5079,24,108,24,388792,216818,44645,63311,2.0083923079773243,0.22600658982111813
4111,0.508,14,94,14,388886,216724,44659,63297,2.007521582867094,0.22604376100363902
4112,0.5081,29,122,29,389008,216602,44688,63268,2.0063914928304123,0.2260621002608354
4113,0.5082,18,83,18,389091,216519,44706,63250,2.0056226610841454,0.226079372625273
4114,0.5083,33,176,33,389267,216343,44739,63217,2.003992367260736,0.22613034768922594
4115,0.5084,29,150,29,389417,216193,44768,63188,2.002602912297603,0.22617142898049616
4116,0.5085,15,83,15,389500,216110,44783,63173,2.001834080551336,0.22619708324531032
4117,0.5086,31,189,31,389689,215921,44814,63142,2.000083367297788,0.22626432024309923
4118,0.5087,16,110,16,389799,215811,44830,63126,1.9990644336581571,0.22630916658600328
4119,0.5088,38,147,38,389946,215664,44868,63088,1.9977027677942865,0.22632303983469176
4120,0.5089,28,176,28,390122,215488,44896,63060,1.996072473970877,0.22638827060327124
4121,0.509,34,142,34,390264,215346,44930,63026,1.9947571232724444,0.22640926529967095
4122,0.5091,26,149,26,390413,215197,44956,63000,1.9933769313423988,0.22645822924043035
4123,0.5092,48,188,48,390601,215009,45004,62952,1.9916354811219386,0.22647781523307225
4124,0.5093,41,164,41,390765,214845,45045,62911,1.9901163436955798,0.2264973573928196
4125,0.5094,34,179,34,390944,214666,45079,62877,1.9884582607729075,0.226548678943443
4126,0.5095,24,118,24,391062,214548,45103,62853,1.987365222868576,0.2265781305763137
4127,0.5096,9,78,9,391140,214470,45112,62844,1.9866427062877468,0.22661675934139638
4128,0.5097,36,162,36,391302,214308,45148,62808,1.985142094927563,0.22664876802494263
4129,0.5098,50,255,50,391557,214053,45198,62758,1.9827800214902367,0.226717868870818
4130,0.5099,27,191,27,391748,213862,45225,62731,1.9810107821705139,0.2267989428510483
4131,0.51,36,156,36,391904,213706,45261,62695,1.9795657490088554,0.22682624158378586
4132,0.5101,13,101,13,392005,213605,45274,62682,1.9786301826670125,0.22687278084021326
4133,0.5102,19,123,19,392128,213482,45293,62663,1.9774908295972433,0.22692063951909322
4134,0.5103,23,132,23,392260,213350,45316,62640,1.976268109229686,0.22696474509946013
4135,0.5104,37,197,37,392457,213153,45353,62603,1.974443291711438,0.22702316540709902
4136,0.5105,23,126,23,392583,213027,45376,62580,1.9732761495424063,0.2270624476156266
4137,0.5106,23,113,23,392696,212914,45399,62557,1.9722294268035125,0.2270910549567831
4138,0.5107,41,119,41,392815,212795,45440,62516,1.9711271258660936,0.22707410891682497
4139,0.5108,26,180,26,392995,212615,45466,62490,1.969459779910334,0.22714963377619454
4140,0.5109,24,95,24,393090,212520,45490,62466,1.9685797917670163,0.22716065545155026
4141,0.511,22,125,22,393215,212395,45512,62444,1.967421912631072,0.22720210741561422
4142,0.5111,32,197,32,393412,212198,45544,62412,1.9655970951128237,0.2272750446087178
4143,0.5112,19,112,19,393524,212086,45563,62393,1.9645596354070176,0.22731429362537753
4144,0.5113,16,70,16,393594,212016,45579,62377,1.9639112230908888,0.22732722773540143
4145,0.5114,38,136,38,393730,211880,45617,62339,1.9626514505909816,0.22733289815804156
4146,0.5115,33,186,33,393916,211694,45650,62306,1.9609285264366965,0.2273941605839416
4147,0.5116,23,120,23,394036,211574,45673,62283,1.9598169624661899,0.22742891363010623
4148,0.5117,15,132,15,394168,211442,45688,62268,1.9585942420986329,0.2274962551605714
4149,0.5118,20,98,20,394266,211344,45708,62248,1.9576864648560524,0.227521272551829
4150,0.5119,43,189,43,394455,211155,45751,62205,1.9559357516025047,0.22755706760316066
4151,0.512,29,160,29,394615,210995,45780,62176,1.9544536663084962,0.22760834788465834
4152,0.5121,17,121,17,394736,210874,45797,62159,1.953332839304902,0.2276611252119707
4153,0.5122,21,75,21,394811,210799,45818,62138,1.9526381118233354,0.22766425951776417
4154,0.5123,18,107,18,394918,210692,45836,62120,1.951646967282967,0.22770259372754864
4155,0.5124,23,174,23,395092,210518,45859,62097,1.9500351995257328,0.22778277057388624
4156,0.5125,21,126,21,395218,210392,45880,62076,1.948868057356701,0.22782858904531908
4157,0.5126,19,100,19,395318,210292,45899,62057,1.9479417540479456,0.22785837289654085
4158,0.5127,19,76,19,395394,210216,45918,62038,1.9472377635332914,0.22786809376538086
4159,0.5128,12,66,12,395460,210150,45930,62026,1.9466264033495129,0.22788930691905238
4160,0.5129,27,181,27,395641,209969,45957,61999,1.9449497943606655,0.2279643193316861
4161,0.513,40,201,40,395842,209768,45997,61959,1.943087924710067,0.2280192987814976
4162,0.5131,18,80,18,395922,209688,46015,61941,1.9423468820630627,0.22803529814563248
4163,0.5132,47,221,47,396143,209467,46062,61894,1.9402997517507132,0.228087308050899
4164,0.5133,23,153,23,396296,209314,46085,61871,1.9388825076883174,0.22815052454966167
4165,0.5134,34,172,34,396468,209142,46119,61837,1.937289265997258,0.2281984950863351
4166,0.5135,46,208,46,396676,208934,46165,61791,1.9353625551150468,0.22824268168805983
4167,0.5136,26,88,26,396764,208846,46191,61765,1.934547408203342,0.2282427543595789
4168,0.5137,12,111,12,396875,208735,46203,61753,1.9335192115306237,0.22830217976398215
4169,0.5138,15,116,15,396991,208619,46218,61738,1.9324446996924673,0.22835732013596838
4170,0.5139,11,89,11,397080,208530,46229,61727,1.931620289747675,0.2284011144947217
4171,0.514,38,202,38,397282,208328,46267,61689,1.929749157063989,0.22846339304562305
4172,0.5141,19,127,19,397409,208201,46286,61670,1.9285727518618696,0.2285165875547947
4173,0.5142,18,112,18,397521,208089,46304,61652,1.9275352921560636,0.22855998902651062
4174,0.5143,30,162,30,397683,207927,46334,61622,1.9260346807958797,0.2286114954980356
4175,0.5144,57,185,57,397868,207742,46391,61565,1.9243210196746823,0.2286052720501138
4176,0.5145,20,132,20,398000,207610,46411,61545,1.923098299307125,0.22866006576136427
4177,0.5146,26,102,26,398102,207508,46437,61519,1.9221534699321945,0.22867221505648133
4178,0.5147,13,101,13,398203,207407,46450,61506,1.9212179035903516,0.22872081305106112
4179,0.5148,13,75,13,398278,207332,46463,61493,1.920523176108785,0.2287473263275365
4180,0.5149,20,90,20,398368,207242,46483,61473,1.9196895031309051,0.22876653703738162
4181,0.515,38,201,38,398569,207041,46521,61435,1.9178276334803068,0.22882864762585856
4182,0.5151,15,142,15,398711,206899,46536,61420,1.9165122827818741,0.22890663724894622
4183,0.5152,31,171,31,398882,206728,46567,61389,1.9149283041239022,0.2289634749008828
4184,0.5153,62,296,62,399178,206432,46629,61327,1.9121864463299862,0.22903805287590706
4185,0.5154,38,210,38,399388,206222,46667,61289,1.9102412093816,0.2291083357319886
4186,0.5155,19,131,19,399519,206091,46686,61270,1.9090277520471304,0.2291658095234533
4187,0.5156,26,126,26,399645,205965,46712,61244,1.9078606098780986,0.22919886680463608
4188,0.5157,27,142,27,399787,205823,46739,61217,1.9065452591796659,0.22924281006590774
4189,0.5158,21,122,21,399909,205701,46760,61196,1.9054151691429841,0.22928695339400593
4190,0.5159,16,107,16,400016,205594,46776,61180,1.9044240246026158,0.2293326935908297
4191,0.516,29,143,29,400159,205451,46805,61151,1.9030994108710957,0.22937187267912468
4192,0.5161,20,97,20,400256,205354,46825,61131,1.9022008966616029,0.22939752706531324
4193,0.5162,43,201,43,400457,205153,46868,61088,1.9003390270110045,0.2294462535822807
4194,0.5163,19,121,19,400578,205032,46887,61069,1.8992182000074105,0.22949556747250105
4195,0.5164,16,79,16,400657,204953,46903,61053,1.8984864203934937,0.22951737930723368
4196,0.5165,31,171,31,400828,204782,46934,61022,1.8969024417355218,0.22957517569336805
4197,0.5166,22,125,22,400953,204657,46956,61000,1.8957445625995777,0.22961939643977008
4198,0.5167,21,131,21,401084,204526,46977,60979,1.894531105265108,0.22967175759401895
4199,0.5168,30,143,30,401227,204383,47007,60949,1.8932064915335878,0.22970844074593338
4200,0.5169,42,283,42,401510,204100,47049,60907,1.8905850531698098,0.22983166482394804
4201,0.517,25,117,25,401627,203983,47074,60882,1.889501278298566,0.22986049496913522
4202,0.5171,26,137,26,401764,203846,47100,60856,1.8882322427655711,0.22990381636708448
4203,0.5172,33,136,33,401900,203710,47133,60823,1.8869724702656638,0.22992594496716856
4204,0.5173,13,122,13,402022,203588,47146,60810,1.885842380228982,0.22999417544762063
4205,0.5174,27,115,27,402137,203473,47173,60783,1.8847771314239135,0.23001559094211674
4206,0.5175,33,178,33,402315,203295,47206,60750,1.8831283115343287,0.2300744191331023
4207,0.5176,27,104,27,402419,203191,47233,60723,1.8821649560932232,0.23008631599687776
4208,0.5177,35,147,35,402566,203044,47268,60688,1.8808032902293528,0.2301123868169202
4209,0.5178,10,75,10,402641,202969,47278,60678,1.880108562747786,0.2301486457270517
4210,0.5179,40,186,40,402827,202783,47318,60638,1.8783856385935012,0.2301942517870633
4211,0.518,15,93,15,402920,202690,47333,60623,1.8775241765163586,0.2302317014351741
4212,0.5181,22,100,22,403020,202590,47355,60601,1.8765978732076032,0.2302548339418901
4213,0.5182,24,121,24,403141,202469,47379,60577,1.8754770462040091,0.2302905195289037
4214,0.5183,26,155,26,403296,202314,47405,60551,1.8740412760754381,0.2303501797500618
4215,0.5184,22,152,22,403448,202162,47427,60529,1.87263329504613,0.230419009406489
4216,0.5185,43,173,43,403621,201989,47470,60486,1.871030790321983,0.23044480426707306
4217,0.5186,44,225,44,403846,201764,47514,60442,1.8689466078772834,0.23051341311793017
4218,0.5187,13,122,13,403968,201642,47527,60429,1.8678165178406017,0.23058255205650377
4219,0.5188,23,122,23,404090,201520,47550,60406,1.8666864278039201,0.23062238952986722
4220,0.5189,26,126,26,404216,201394,47576,60380,1.8655192856348883,0.23065697892074843
4221,0.519,47,194,47,404410,201200,47623,60333,1.8637222572159027,0.23068981734618577
4222,0.5191,37,236,37,404646,200964,47660,60296,1.86153618140724,0.23078925208604456
4223,0.5192,25,104,25,404750,200860,47685,60271,1.8605728259661343,0.23080752572463628
4224,0.5193,15,66,15,404816,200794,47700,60256,1.8599614657823558,0.23082168167017814
4225,0.5194,28,159,28,404975,200635,47728,60228,1.8584886435214347,0.2308798104752303
4226,0.5195,30,140,30,405115,200495,47758,60198,1.8571918188891772,0.23091529116623769
4227,0.5196,25,155,25,405270,200340,47783,60173,1.8557560487606062,0.2309788762940813
4228,0.5197,55,252,55,405522,200088,47838,60118,1.8534217644225426,0.2310400221363074
4229,0.5198,43,202,43,405724,199886,47881,60075,1.8515506317388566,0.23109235616111648
4230,0.5199,35,163,35,405887,199723,47916,60040,1.8500407573455853,0.2311337642389409
4231,0.52,22,137,22,406024,199586,47938,60018,1.8487717218125903,0.23119058257962127
4232,0.5201,29,122,29,406146,199464,47967,59989,1.8476416317759088,0.23121336041595203
4233,0.5202,37,209,37,406355,199255,48004,59952,1.84570565786061,0.23129005003722894
4234,0.5203,31,130,31,406485,199125,48035,59921,1.8445014635592278,0.23131412953683902
4235,0.5204,11,77,11,406562,199048,48046,59910,1.8437882100114862,0.23135025757072575
4236,0.5205,31,157,31,406719,198891,48077,59879,1.84233391381674,0.2313985392433435
4237,0.5206,22,159,22,406878,198732,48099,59857,1.840861091555819,0.23147543012270436
4238,0.5207,14,88,14,406966,198644,48113,59843,1.8400459446441142,0.23151260991848718
4239,0.5208,20,153,20,407119,198491,48133,59823,1.8386287005817186,0.23159023514017824
4240,0.5209,19,101,19,407220,198390,48152,59804,1.8376931342398755,0.23162428251624748
4241,0.521,9,92,9,407312,198298,48161,59795,1.8368409351958206,0.23168005331411545
4242,0.5211,15,141,15,407453,198157,48176,59780,1.8355348475304754,0.2317620194078399
4243,0.5212,34,163,34,407616,197994,48210,59746,1.834024973137204,0.23180724761387445
4244,0.5213,27,112,27,407728,197882,48237,59719,1.832987513431398,0.23182751619753028
4245,0.5214,22,117,22,407845,197765,48259,59697,1.8319037385601542,0.23186722700825754
4246,0.5215,21,89,21,407934,197676,48280,59676,1.8310793286153617,0.23188473374988341
4247,0.5216,18,99,18,408033,197577,48298,59658,1.830162288339694,0.23192022858475714
4248,0.5217,16,102,16,408135,197475,48314,59642,1.8292174589647634,0.23196443642388484
4249,0.5218,21,101,21,408236,197374,48335,59621,1.8282818926229205,0.23199284032763284
4250,0.5219,35,122,35,408358,197252,48370,59586,1.8271518025862388,0.23199838030198025
4251,0.522,42,157,42,408515,197095,48412,59544,1.8256975063914929,0.23201461975771415
4252,0.5221,36,109,36,408624,196986,48448,59508,1.8246878357849494,0.2320054270275328
4253,0.5222,26,168,26,408792,196818,48474,59482,1.8231316462262404,0.23207959422551697
4254,0.5223,45,186,45,408978,196632,48519,59437,1.8214087220719553,0.232113219483811
4255,0.5224,30,125,30,409103,196507,48549,59407,1.820250842936011,0.23213657713138008
4256,0.5225,12,87,12,409190,196420,48561,59395,1.8194449590573938,0.23217950472020796
4257,0.5226,47,216,47,409406,196204,48608,59348,1.817444143910482,0.23223453543701478
4258,0.5227,15,84,15,409490,196120,48623,59333,1.8166660491311275,0.23226581797825824
4259,0.5228,33,118,33,409608,196002,48656,59300,1.815573011226796,0.23227393439926047
4260,0.5229,32,174,32,409782,195828,48688,59268,1.8139612434695618,0.2323360617179415
4261,0.523,62,296,62,410078,195532,48750,59206,1.8112193856756456,0.23241919148301393
4262,0.5231,24,122,24,410200,195410,48774,59182,1.810089295638964,0.23245820764203118
4263,0.5232,46,191,46,410391,195219,48820,59136,1.8083200563192412,0.2324939552986967
4264,0.5233,12,93,12,410484,195126,48832,59124,1.8074585942420986,0.23254277286135694
4265,0.5234,44,177,44,410661,194949,48876,59080,1.8058190373856016,0.23257187171543406
4266,0.5235,20,119,20,410780,194830,48896,59060,1.8047167364481826,0.23262042616881326
4267,0.5236,38,149,38,410929,194681,48934,59022,1.803336544518137,0.23264210513868577
4268,0.5237,45,211,45,411140,194470,48979,58977,1.801382044536663,0.23269953875958288
4269,0.5238,19,118,19,411258,194352,48998,58958,1.8002890066323316,0.23275038490387273
4270,0.5239,27,119,27,411377,194233,49025,58931,1.7991867056949127,0.23277796211151663
4271,0.524,14,77,14,411454,194156,49039,58917,1.798473452147171,0.2328063444144575
4272,0.5241,37,146,37,411600,194010,49076,58880,1.797121049316388,0.23282850251097315
4273,0.5242,26,129,26,411729,193881,49102,58854,1.7959261180480937,0.23286841949077097
4274,0.5243,17,78,17,411807,193803,49119,58837,1.7952036014672645,0.23288869537682078
4275,0.5244,27,164,27,411971,193639,49146,58810,1.7936844640409055,0.23295794398076444
4276,0.5245,27,115,27,412086,193524,49173,58783,1.792619215235837,0.2329820417190169
4277,0.5246,25,113,25,412199,193411,49198,58758,1.7915724924969432,0.233010401754379
4278,0.5247,35,203,35,412402,193208,49233,58723,1.7896920967801697,0.23309160047790864
4279,0.5248,32,178,32,412580,193030,49265,58691,1.788043276890585,0.23315893389903902
4280,0.5249,31,86,31,412666,192944,49296,58660,1.7872466560450553,0.23314414715187357
4281,0.525,37,193,37,412859,192751,49333,58623,1.7854588906591575,0.23321027632133792
4282,0.5251,27,150,27,413009,192601,49360,58596,1.7840694356960243,0.23326711704359526
4283,0.5252,18,89,18,413098,192512,49378,58578,1.783245025751232,0.23329483452148633
4284,0.5253,23,104,23,413202,192408,49401,58555,1.7822816703101263,0.2333212465582576
4285,0.5254,12,76,12,413278,192332,49413,58543,1.7815776797954723,0.23335525660189338
4286,0.5255,30,94,30,413372,192238,49443,58513,1.780706954685242,0.23335101355527993
4287,0.5256,15,95,15,413467,192143,49458,58498,1.7798269665419244,0.23339357886379322
4288,0.5257,16,107,16,413574,192036,49474,58482,1.778835822001556,0.23344430340334826
4289,0.5258,29,143,29,413717,191893,49503,58453,1.777511208270036,0.2334888514296214
4290,0.5259,30,154,30,413871,191739,49533,58423,1.7760847011745526,0.23354066564865966
4291,0.526,37,177,37,414048,191562,49570,58386,1.7744451443180556,0.2335925872581497
4292,0.5261,32,131,32,414179,191431,49602,58354,1.7732316869835858,0.23361691054306705
4293,0.5262,15,122,15,414301,191309,49617,58339,1.7721015969469043,0.23368502852015638
4294,0.5263,26,143,26,414444,191166,49643,58313,1.7707769832153841,0.23373911231005415
4295,0.5264,23,124,23,414568,191042,49666,58290,1.7696283671125272,0.23378467264530825
4296,0.5265,54,230,54,414798,190812,49720,58236,1.76749786950239,0.2338344415534355
4297,0.5266,36,190,36,414988,190622,49756,58200,1.7657378932157546,0.23390214691626945
4298,0.5267,26,112,26,415100,190510,49782,58174,1.7647004335099485,0.2339273938009683
4299,0.5268,27,131,27,415231,190379,49809,58147,1.763486976175479,0.23396747221618663
4300,0.5269,27,155,27,415386,190224,49836,58120,1.762051206046908,0.23403021615178946
4301,0.527,15,90,15,415476,190134,49851,58105,1.761217533069028,0.23406878048976995
4302,0.5271,26,119,26,415595,190015,49877,58079,1.7601152321316091,0.234100784380114
4303,0.5272,26,131,26,415726,189884,49903,58053,1.7589017747971396,0.23414415758841964
4304,0.5273,22,178,22,415904,189706,49925,58031,1.7572529549075548,0.23424438012892704
4305,0.5274,25,139,25,416043,189567,49950,58006,1.755965393308385,0.23429857052263373
4306,0.5275,26,139,26,416182,189428,49976,57980,1.7546778317092149,0.2343497380844597
4307,0.5276,39,196,39,416378,189232,50015,57941,1.7528622772240543,0.23441476213016793
4308,0.5277,35,147,35,416525,189085,50050,57906,1.7515006113601839,0.23444578952269515
4309,0.5278,36,196,36,416721,188889,50086,57870,1.749685056875023,0.23452032144724205
4310,0.5279,33,224,33,416945,188665,50119,57837,1.747610137463411,0.23463095634112502
4311,0.528,30,123,30,417068,188542,50149,57807,1.7464707843936418,0.23465490016196533
4312,0.5281,28,109,28,417177,188433,50177,57779,1.7454611137870983,0.23467174629993665
4313,0.5282,17,99,17,417276,188334,50194,57762,1.7445440735114306,0.23471328262141603
4314,0.5283,26,121,26,417397,188213,50220,57736,1.7434232465078365,0.234747854229942
4315,0.5284,29,140,29,417537,188073,50249,57707,1.742126421875579,0.23479127675156644
4316,0.5285,25,80,25,417617,187993,50274,57682,1.7413853792285745,0.23478986465859367
4317,0.5286,18,93,18,417710,187900,50292,57664,1.740523917151432,0.23482269388021046
4318,0.5287,32,206,32,417916,187694,50324,57632,1.738615732335396,0.2349200655454375
4319,0.5288,36,192,36,418108,187502,50360,57596,1.7368372299825856,0.23499171759867482
4320,0.5289,29,129,29,418237,187373,50389,57567,1.735642298714291,0.2350249040581367
4321,0.529,33,190,33,418427,187183,50422,57534,1.7338823224276556,0.23510422242835602
4322,0.5291,23,139,23,418566,187044,50445,57511,1.7325947608284857,0.2351659135981681
4323,0.5292,52,189,52,418755,186855,50497,57459,1.730844047574938,0.23518504874874138
4324,0.5293,31,116,31,418871,186739,50528,57428,1.7297695357367817,0.2351996789082882
4325,0.5294,26,129,26,419000,186610,50554,57402,1.728574604468487,0.23524252905594806
4326,0.5295,16,128,16,419128,186482,50570,57386,1.7273889362332802,0.23531582659471517
4327,0.5296,23,157,23,419285,186325,50593,57363,1.7259346400385343,0.23539525951216309
4328,0.5297,30,130,30,419415,186195,50623,57333,1.7247304457371522,0.2354267271114615
4329,0.5298,28,117,28,419532,186078,50651,57305,1.7236466708659084,0.23545194200087927
4330,0.5299,24,138,24,419670,185940,50675,57281,1.7223683722998258,0.2355100916450471
4331,0.53,16,109,16,419779,185831,50691,57265,1.7213587016932825,0.23556537335044592
4332,0.5301,33,162,33,419941,185669,50724,57232,1.7198580903330987,0.2356186265186228
4333,0.5302,29,98,29,420039,185571,50753,57203,1.7189503130905184,0.23562243073805267
4334,0.5303,39,172,39,420211,185399,50792,57164,1.717357071399459,0.23566661032391584
4335,0.5304,15,145,15,420356,185254,50807,57149,1.7160139316017637,0.23576028349484124
4336,0.5305,19,102,19,420458,185152,50826,57130,1.7150691022268332,0.2357996054184793
4337,0.5306,25,122,25,420580,185030,50851,57105,1.7139390121901514,0.23583951101658165
4338,0.5307,14,92,14,420672,184938,50865,57091,1.7130868131460966,0.2358849559350326
4339,0.5308,26,110,26,420782,184828,50891,57065,1.7120678795064657,0.23591009247890596
4340,0.5309,32,155,32,420937,184673,50923,57033,1.7106321093778947,0.23596021613034016
4341,0.531,28,137,28,421074,184536,50951,57005,1.7093630738448997,0.2360054814710546
4342,0.5311,17,104,17,421178,184432,50968,56988,1.7083997184037942,0.23605335100654462
4343,0.5312,19,144,19,421322,184288,50987,56969,1.7070658416391864,0.2361340810836577
4344,0.5313,28,121,28,421443,184167,51015,56941,1.7059450146355923,0.23616387676891684
4345,0.5314,30,166,30,421609,184001,51045,56911,1.7044073511430582,0.23623148701600585
4346,0.5315,12,87,12,421696,183914,51057,56899,1.703601467264441,0.23627877232541433
4347,0.5316,38,153,38,421849,183761,51095,56861,1.7021842232020452,0.23630840072811296
4348,0.5317,64,272,64,422121,183489,51159,56797,1.6996646782022304,0.236372489450072
4349,0.5318,32,113,32,422234,183376,51191,56765,1.698617955463337,0.2363819589324605
4350,0.5319,25,128,25,422362,183248,51216,56740,1.69743228722813,0.23642848809107123
4351,0.532,17,70,17,422432,183178,51233,56723,1.6967838749120012,0.23644336622189988
4352,0.5321,63,241,63,422673,182937,51296,56660,1.6945514839379006,0.2364804233775882
4353,0.5322,24,110,24,422783,182827,51320,56636,1.6935325502982697,0.23651253011947565
4354,0.5323,41,169,41,422952,182658,51361,56595,1.691967097706473,0.23654875800930397
4355,0.5324,8,75,8,423027,182583,51369,56587,1.6912723702249064,0.23659739933938204
4356,0.5325,45,231,45,423258,182352,51414,56542,1.6891326095816814,0.2366823779584251
4357,0.5326,24,116,24,423374,182236,51438,56518,1.688058097743525,0.23672064132956935
4358,0.5327,32,168,32,423542,182068,51470,56486,1.686501908184816,0.2367849627338045
4359,0.5328,42,272,42,423814,181796,51512,56444,1.6839823631850013,0.23692075218267294
4360,0.5329,24,107,24,423921,181689,51536,56420,1.682991218644633,0.23695030427241306
4361,0.533,32,164,32,424085,181525,51568,56388,1.6814720812182742,0.23701100822569596
4362,0.5331,11,102,11,424187,181423,51579,56377,1.6805272518433436,0.23707737594617326
4363,0.5332,19,98,19,424285,181325,51598,56358,1.6796194746007633,0.23711413942099352
4364,0.5333,30,115,30,424400,181210,51628,56328,1.6785542257956945,0.23713258510217314
4365,0.5334,30,111,30,424511,181099,51658,56298,1.677526029122976,0.23714705746070927
4366,0.5335,19,76,19,424587,181023,51677,56279,1.676822038608322,0.2371619286815956
4367,0.5336,24,104,24,424691,180919,51701,56255,1.6758586831672162,0.23718873063657905
4368,0.5337,22,131,22,424822,180788,51723,56233,1.6746452258327467,0.2372490201290181
4369,0.5338,22,110,22,424932,180678,51745,56211,1.6736262921931158,0.23728835023998582
4370,0.5339,20,88,20,425020,180590,51765,56191,1.672811145281411,0.23731211541466588
4371,0.534,19,73,19,425093,180517,51784,56172,1.6721349438660196,0.2373240835019794
4372,0.5341,17,114,17,425207,180403,51801,56155,1.6710789580940384,0.23738364375755627
4373,0.5342,32,204,32,425411,180199,51833,56123,1.6691892993441773,0.2374852954866665
4374,0.5343,18,123,18,425534,180076,51851,56105,1.668049946274408,0.23755086141560922
4375,0.5344,14,109,14,425643,179967,51865,56091,1.6670402756678646,0.2376153318252294
4376,0.5345,19,77,19,425720,179890,51884,56072,1.666327022120123,0.23763148303540402
4377,0.5346,27,199,27,425919,179691,51911,56045,1.6644836785356998,0.23774476533070893
4378,0.5347,65,191,65,426110,179500,51976,55980,1.662714439215977,0.23772719551554272
4379,0.5348,20,137,20,426247,179363,51996,55960,1.661445403682982,0.23780080995057856
4380,0.5349,26,141,26,426388,179222,52022,55934,1.6601393160176368,0.23785912330538025
4381,0.535,22,117,22,426505,179105,52044,55912,1.659055541146393,0.23790619402000707
4382,0.5351,26,125,26,426630,178980,52070,55886,1.6578976620104486,0.2379484471996798
4383,0.5352,33,182,33,426812,178798,52103,55853,1.6562117899885138,0.23802583411108413
4384,0.5353,19,137,19,426949,178661,52122,55834,1.6549427544555189,0.23810315784984754
4385,0.5354,54,230,54,427179,178431,52176,55780,1.6528122568453814,0.23816131607823715
4386,0.5355,30,166,30,427345,178265,52206,55750,1.6512745933528474,0.23823259192786786
4387,0.5356,12,81,12,427426,178184,52218,55738,1.6505242876727555,0.23827600653209188
4388,0.5357,26,146,26,427572,178038,52244,55712,1.6491718848419727,0.23834010695187166
4389,0.5358,41,214,41,427786,177824,52285,55671,1.6471895957612361,0.23842480567035695
4390,0.5359,13,69,13,427855,177755,52298,55658,1.6465504464781948,0.238452871091156
4391,0.536,13,87,13,427942,177668,52311,55645,1.6457445625995777,0.23849935494378796
4392,0.5361,27,121,27,428063,177547,52338,55618,1.6446237355959836,0.2385349430660691
4393,0.5362,39,147,39,428210,177400,52377,55579,1.643262069732113,0.23855798162066108
4394,0.5363,30,128,30,428338,177272,52407,55549,1.6420764014969063,0.23859102056945036
4395,0.5364,32,129,32,428467,177143,52439,55517,1.6408814702286116,0.23861858505974384
4396,0.5365,26,129,26,428596,177014,52465,55491,1.6396865389603172,0.23866583514333026
4397,0.5366,43,157,43,428753,176857,52508,55448,1.6382322427655711,0.23868620993951917
4398,0.5367,12,127,12,428880,176730,52520,55436,1.6370558375634519,0.2387774264965585
4399,0.5368,15,96,15,428976,176634,52535,55421,1.6361665863870465,0.23882700221930145
4400,0.5369,18,84,18,429060,176550,52553,55403,1.635388491607692,0.23885442309433377
4401,0.537,33,110,33,429170,176440,52586,55370,1.634369557968061,0.2388594107243001
4402,0.5371,40,160,40,429330,176280,52626,55330,1.6328874726740523,0.23889296662492984
4403,0.5372,25,92,25,429422,176188,52651,55305,1.6320352736299975,0.2389057120517683
4404,0.5373,13,87,13,429509,176101,52664,55292,1.63122938975138,0.23895277730959882
4405,0.5374,10,58,10,429567,176043,52674,55282,1.6306921338323022,0.23897979033826866
4406,0.5375,17,107,17,429674,175936,52691,55265,1.6297009892919339,0.23903443324207074
4407,0.5376,30,138,30,429812,175798,52721,55235,1.6284226907258512,0.23907840005540335
4408,0.5377,16,83,16,429895,175715,52737,55219,1.6276538589795844,0.23911160764547446
4409,0.5378,28,113,28,430008,175602,52765,55191,1.6266071362406906,0.23913636895399773
4410,0.5379,22,93,22,430101,175509,52787,55169,1.625745674163548,0.23916021467153348
4411,0.538,61,268,61,430369,175241,52848,55108,1.6232631812960836,0.2392369838809806
4412,0.5381,18,123,18,430492,175118,52866,55090,1.6221238282263144,0.23930532388101194
4413,0.5382,43,211,43,430703,174907,52909,55047,1.6201693282448404,0.23938265914052376
4414,0.5383,47,186,47,430889,174721,52956,55000,1.6184464040905555,0.23942086269866492
4415,0.5384,23,89,23,430978,174632,52979,54977,1.617621994145763,0.239437478496052
4416,0.5385,22,114,22,431092,174518,53001,54955,1.6165660083737818,0.2394835122214814
4417,0.5386,30,121,30,431213,174397,53031,54925,1.6154451813701878,0.2395103827805444
4418,0.5387,27,103,27,431316,174294,53058,54898,1.6144910889621698,0.23952843031170373
4419,0.5388,26,185,26,431501,174109,53084,54872,1.6127774278409723,0.2396356029539569
4420,0.5389,43,209,43,431710,173900,53127,54829,1.6108414539256735,0.23971162379934333
4421,0.539,23,134,23,431844,173766,53150,54806,1.609600207491941,0.2397756505608736
4422,0.5391,21,146,21,431990,173620,53171,54785,1.6082478046611584,0.23985902235064907
4423,0.5392,52,206,52,432196,173414,53223,54733,1.606339619845122,0.2399023436643918
4424,0.5393,55,193,55,432389,173221,53278,54678,1.604551854459224,0.23992207074186372
4425,0.5394,41,161,41,432550,173060,53319,54637,1.603060506132128,0.23995485228176042
4426,0.5395,25,161,25,432711,172899,53344,54612,1.6015691578050317,0.2400411408679141
4427,0.5396,27,143,27,432854,172756,53371,54585,1.6002445440735114,0.24010187339723146
4428,0.5397,66,237,66,433091,172519,53437,54519,1.5980492052317612,0.2401316079246646
4429,0.5398,16,107,16,433198,172412,53453,54503,1.5970580606913929,0.24019126104488464
4430,0.5399,19,113,19,433311,172299,53472,54484,1.5960113379524992,0.24024728484939348
4431,0.54,25,113,25,433424,172186,53497,54459,1.5949646152136054,0.24028326237066777
4432,0.5401,19,94,19,433518,172092,53516,54440,1.5940938901033754,0.2403192484946939
4433,0.5402,29,138,29,433656,171954,53545,54411,1.592815591537293,0.2403684315154728
4434,0.5403,14,99,14,433755,171855,53559,54397,1.591898551261625,0.24042660396372187
4435,0.5404,17,105,17,433860,171750,53576,54380,1.5909259327874319,0.24048113916773536
4436,0.5405,39,151,39,434011,171599,53615,54341,1.5895272147912112,0.2405107550677171
4437,0.5406,42,102,42,434113,171497,53657,54299,1.5885823854162806,0.24047813070204963
4438,0.5407,12,90,12,434203,171407,53669,54287,1.5877487124384009,0.24053364289701987
4439,0.5408,16,100,16,434303,171307,53685,54271,1.5868224091296455,0.24058640470258624
4440,0.5409,19,142,19,434445,171165,53704,54252,1.5855070584312128,0.24067395094424998
4441,0.541,19,88,19,434533,171077,53723,54233,1.584691911519508,0.2407039190448715
4442,0.5411,30,120,30,434653,170957,53753,54203,1.5835803475490013,0.24073103570794102
4443,0.5412,21,106,21,434759,170851,53774,54182,1.5825984660417207,0.240773575431159
4444,0.5413,25,169,25,434928,170682,53799,54157,1.581033013449924,0.24087013374014293
4445,0.5414,24,111,24,435039,170571,53823,54133,1.5800048167772056,0.24090803902022215
4446,0.5415,25,127,25,435166,170444,53848,54108,1.5788284115750861,0.2409597776906908
4447,0.5416,31,185,31,435351,170259,53879,54077,1.5771147504538887,0.24105359817416733
4448,0.5417,31,106,31,435457,170153,53910,54046,1.5761328689466079,0.24106262739798126
4449,0.5418,25,117,25,435574,170036,53935,54021,1.575049094075364,0.24110382625849672
4450,0.5419,44,164,44,435738,169872,53979,53977,1.573529956649005,0.24113129833057106
4451,0.542,22,143,22,435881,169729,54001,53955,1.572205342917485,0.2412108152572379
4452,0.5421,12,80,12,435961,169649,54013,53943,1.5714643002704807,0.24125639557765932
4453,0.5422,31,99,31,436060,169550,54044,53912,1.5705472599948127,0.2412580214980623
4454,0.5423,34,140,34,436200,169410,54078,53878,1.5692504353625552,0.24129375515029916
4455,0.5424,21,67,21,436267,169343,54099,53857,1.568629812145689,0.2412948028673835
4456,0.5425,36,132,36,436399,169211,54135,53821,1.5674070917781318,0.24131514760213782
4457,0.5426,29,108,29,436507,169103,54164,53792,1.566406684204676,0.24133336324278248
4458,0.5427,11,85,11,436592,169018,54175,53781,1.5656193263922338,0.24138797750438737
4459,0.5428,29,117,29,436709,168901,54204,53752,1.56453555152099,0.24141601505481625
4460,0.5429,35,119,35,436828,168782,54239,53717,1.563433250583571,0.24142580416091758
4461,0.543,43,150,43,436978,168632,54282,53674,1.562043795620438,0.24144197637490666
4462,0.5431,34,116,34,437094,168516,54316,53640,1.5609692837822817,0.2414519526818992
4463,0.5432,27,93,27,437187,168423,54343,53613,1.5601078217051392,0.24146084418742905
4464,0.5433,25,118,25,437305,168305,54368,53588,1.5590147838008077,0.24150378786171714
4465,0.5434,30,139,30,437444,168166,54398,53558,1.5577272222016376,0.24155256084140644
4466,0.5435,26,121,26,437565,168045,54424,53532,1.5566063951980436,0.241595472454271
4467,0.5436,29,113,29,437678,167932,54453,53503,1.55555967245915,0.24161943685505904
4468,0.5437,28,137,28,437815,167795,54481,53475,1.554290636926155,0.2416730691010982
4469,0.5438,20,95,20,437910,167700,54501,53455,1.5534106487828374,0.24170830413058714
4470,0.5439,15,89,15,437999,167611,54516,53440,1.5525862388380451,0.24175416532836314
4471,0.544,37,151,37,438150,167460,54553,53403,1.5511875208418244,0.24179242335746595
4472,0.5441,37,110,37,438260,167350,54590,53366,1.5501685872021935,0.24178582431722212
4473,0.5442,27,120,27,438380,167230,54617,53339,1.549057023231687,0.24182455376775522
4474,0.5443,26,129,26,438509,167101,54643,53313,1.5478620919633925,0.24187665030351974
4475,0.5444,28,152,28,438661,166949,54671,53285,1.5464541109340844,0.24194720161282998
4476,0.5445,31,115,31,438776,166834,54702,53254,1.5453888621290155,0.24196684962378684
4477,0.5446,28,85,28,438861,166749,54730,53226,1.5446015043165735,0.24196385952949198
4478,0.5447,27,85,27,438946,166664,54757,53199,1.5438141465041313,0.24196431414107877
4479,0.5448,26,94,26,439040,166570,54783,53173,1.5429434213939013,0.2419781289961455
4480,0.5449,45,153,45,439193,166417,54828,53128,1.5415261773315054,0.24199139128652442
4481,0.545,22,111,22,439304,166306,54850,53106,1.5404979806587868,0.24203781014712047
4482,0.5451,36,152,36,439456,166154,54886,53070,1.5390899996294787,0.2420811589971901
4483,0.5452,36,147,36,439603,166007,54922,53034,1.5377283337656082,0.24211905533667213
4484,0.5453,13,89,13,439692,165918,54935,53021,1.536903923820816,0.242172477265357
4485,0.5454,19,67,19,439759,165851,54954,53002,1.5362833006039498,0.2421808245717445
4486,0.5455,43,200,43,439959,165651,54997,52959,1.534430693986439,0.24225332784410594
4487,0.5456,22,101,22,440060,165550,55019,52937,1.533495127644596,0.24228901490706542
4488,0.5457,20,81,20,440141,165469,55039,52917,1.5327448219645041,0.2423094887034883
4489,0.5458,44,162,44,440303,165307,55083,52873,1.5312442106043203,0.24233660280502337
4490,0.5459,41,226,41,440529,165081,55124,52832,1.529150765126533,0.2424453795780885
4491,0.546,20,111,20,440640,164970,55144,52812,1.5281225684538144,0.24249938011405903
4492,0.5461,25,131,25,440771,164839,55169,52787,1.526909111119345,0.24255833402258922
4493,0.5462,30,146,30,440917,164693,55199,52757,1.525556708288562,0.24261669349275697
4494,0.5463,30,131,30,441048,164562,55229,52727,1.5243432509540924,0.24265839504070616
4495,0.5464,38,128,38,441176,164434,55267,52689,1.5231575827188855,0.24266890195879756
4496,0.5465,35,139,35,441315,164295,55302,52654,1.5218700211197154,0.2427022018999857
4497,0.5466,41,178,41,441493,164117,55343,52613,1.5202212012301308,0.24275827065934574
4498,0.5467,25,153,25,441646,163964,55368,52588,1.518803957167735,0.24284236580590343
4499,0.5468,39,170,39,441816,163794,55407,52549,1.5172292415428508,0.24289669644961936
4500,0.5469,20,96,20,441912,163698,55427,52529,1.5163399903664456,0.24293450864138152
4501,0.547,38,138,38,442050,163560,55465,52491,1.5150616918003632,0.2429565241540192
4502,0.5471,19,127,19,442177,163433,55484,52472,1.5138852865982437,0.2430328153586068
4503,0.5472,37,148,37,442325,163285,55521,52435,1.5125143577012856,0.24306972000741703
4504,0.5473,20,65,20,442390,163220,55541,52415,1.5119122605505946,0.24307278503025948
4505,0.5474,23,107,23,442497,163113,55564,52392,1.5109211160102265,0.24311268880072387
4506,0.5475,25,116,25,442613,162997,55589,52367,1.5098466041720702,0.24315577348117606
4507,0.5476,39,221,39,442834,162776,55628,52328,1.5077994738597207,0.2432683725081821
4508,0.5477,30,145,30,442979,162631,55658,52298,1.5064563340620252,0.2433268660813571
4509,0.5478,21,104,21,443083,162527,55679,52277,1.5054929786209197,0.24337070073182995
4510,0.5479,32,128,32,443211,162399,55711,52245,1.5043073103857127,0.24340303013361658
4511,0.548,21,94,21,443305,162305,55732,52224,1.5034365852754825,0.24343561942674416
4512,0.5481,23,93,23,443398,162212,55755,52201,1.50257512319834,0.24346005139613736
4513,0.5482,59,215,59,443613,161997,55814,52142,1.500583571084516,0.24349604696015206
4514,0.5483,18,99,18,443712,161898,55832,52124,1.4996665308088482,0.2435450561157264
4515,0.5484,34,128,34,443840,161770,55866,52090,1.4984808625736412,0.24357056017955672
4516,0.5485,34,165,34,444005,161605,55900,52056,1.4969524621141947,0.2436382868188392
4517,0.5486,31,139,31,444144,161466,55931,52025,1.4956649005150247,0.24368708751188575
4518,0.5487,14,63,14,444207,161403,55945,52011,1.4950813294305088,0.24370940987938935
4519,0.5488,24,136,24,444343,161267,55969,51987,1.4938215569306013,0.243779718082662
4520,0.5489,22,122,22,444465,161145,55991,51965,1.4926914668939197,0.2438412087654263
4521,0.549,27,129,27,444594,161016,56018,51938,1.4914965356256253,0.24389304732477438
4522,0.5491,23,118,23,444712,160898,56041,51915,1.4904034977212939,0.24394656341482898
4523,0.5492,25,107,25,444819,160791,56066,51890,1.4894123531809256,0.24398042138225792
4524,0.5493,34,109,34,444928,160682,56100,51856,1.4884026825743821,0.24398460510591047
4525,0.5494,16,81,16,445009,160601,56116,51840,1.4876523768942902,0.24402069280411973
4526,0.5495,27,93,27,445102,160508,56143,51813,1.4867909148171476,0.24403144295665524
4527,0.5496,26,98,26,445200,160410,56169,51787,1.4858831375745674,0.24405151816472428
4528,0.5497,24,133,24,445333,160277,56193,51763,1.4846511541739227,0.24411903414450103
4529,0.5498,17,82,17,445415,160195,56210,51746,1.4838915854607433,0.24415285386027244
4530,0.5499,50,184,50,445599,160011,56260,51696,1.4821871873726333,0.2441865408323768
4531,0.55,15,97,15,445696,159914,56275,51681,1.4812886731631405,0.2442449018171507
4532,0.5501,17,97,17,445793,159817,56292,51664,1.4803901589536477,0.24429617790723518
4533,0.5502,39,216,39,446009,159601,56331,51625,1.4783893438067361,0.2444064651131963
4534,0.5503,32,153,32,446162,159448,56363,51593,1.4769720997443403,0.24446908420638644
4535,0.5504,19,96,19,446258,159352,56382,51574,1.4760828485679351,0.24451229341095929
4536,0.5505,42,150,42,446408,159202,56424,51532,1.474693393604802,0.24453576546736644
4537,0.5506,50,181,50,446589,159021,56474,51482,1.4730167846159548,0.24456658574937173
4538,0.5507,40,156,40,446745,158865,56514,51442,1.471571751454296,0.2446043165467626
4539,0.5508,18,85,18,446830,158780,56532,51424,1.470784393641854,0.24463854160720064
4540,0.5509,35,206,35,447036,158574,56567,51389,1.4688762088258178,0.2447526468949291
4541,0.551,24,148,24,447184,158426,56591,51365,1.46750527992886,0.24483891110676817
4542,0.5511,11,84,11,447268,158342,56602,51354,1.4667271851495054,0.24489737524797803
4543,0.5512,36,174,36,447442,158168,56638,51318,1.465115417392271,0.2449710243166608
4544,0.5513,41,159,41,447601,158009,56679,51277,1.4636425951313499,0.24500922183041388
4545,0.5514,13,89,13,447690,157920,56692,51264,1.4628181851865576,0.2450665442863699
4546,0.5515,32,96,32,447786,157824,56724,51232,1.4619289340101522,0.24506352364916578
4547,0.5516,27,79,27,447865,157745,56751,51205,1.4611971543962354,0.24505862646566165
4548,0.5517,37,145,37,448010,157600,56788,51168,1.4598540145985401,0.24509503372164315
4549,0.5518,22,101,22,448111,157499,56810,51146,1.4589184482566973,0.24513407941719187
4550,0.5519,28,128,28,448239,157371,56838,51118,1.4577327800214903,0.2451831991136223
4551,0.552,7,67,7,448306,157304,56845,51111,1.4571121568046241,0.24523666722644724
4552,0.5521,24,102,24,448408,157202,56869,51087,1.4561673274296936,0.24526979341203808
4553,0.5522,20,87,20,448495,157115,56889,51067,1.4553614435510764,0.24529978576437925
4554,0.5523,36,169,36,448664,156946,56925,51031,1.4537959909592797,0.24536847824519056
4555,0.5524,28,121,28,448785,156825,56953,51003,1.4526751639556856,0.24540966568508574
4556,0.5525,26,147,26,448932,156678,56979,50977,1.4513134980918152,0.2454889118971371
4557,0.5526,36,136,36,449068,156542,57015,50941,1.4500537255919077,0.24551890998298656
4558,0.5527,54,206,54,449274,156336,57069,50887,1.4481455407758717,0.245566370528368
4559,0.5528,14,83,14,449357,156253,57083,50873,1.4473767090296046,0.2456137809835559
4560,0.5529,25,116,25,449473,156137,57108,50848,1.4463021971914483,0.24566031354929102
4561,0.553,14,83,14,449556,156054,57122,50834,1.4455333654451814,0.24570782259000037
4562,0.5531,36,154,36,449710,155900,57158,50798,1.444106858349698,0.24575951388015366
4563,0.5532,33,163,33,449873,155737,57191,50765,1.4425969839564268,0.24583297014072503
4564,0.5533,14,79,14,449952,155658,57205,50751,1.44186520434251,0.24587590657384126
4565,0.5534,33,133,33,450085,155525,57238,50718,1.4406332209418653,0.245913800710812
4566,0.5535,31,130,31,450215,155395,57269,50687,1.4394290266404832,0.2459554934443571
4567,0.5536,35,164,35,450379,155231,57304,50652,1.4379098892141242,0.2460232267841444
4568,0.5537,40,195,40,450574,155036,57344,50612,1.436103597762051,0.2461098576207889
4569,0.5538,29,94,29,450668,154942,57373,50583,1.435232872651821,0.24611604427685196
4570,0.5539,58,212,58,450880,154730,57431,50525,1.4332691096372596,0.24615721906896298
4571,0.554,25,90,25,450970,154640,57456,50500,1.4324354366593797,0.2461733450326606
4572,0.5541,21,105,21,451075,154535,57477,50479,1.4314628181851865,0.24622220921498045
4573,0.5542,35,177,35,451252,154358,57512,50444,1.4298232613286894,0.24630618841612875
4574,0.5543,13,89,13,451341,154269,57525,50431,1.4289988513838972,0.24636541279921836
4575,0.5544,30,101,30,451442,154168,57555,50401,1.4280632850420543,0.2463765282129746
4576,0.5545,19,117,19,451559,154051,57574,50382,1.4269795101708103,0.24644749135413557
4577,0.5546,17,79,17,451638,153972,57591,50365,1.4262477305568935,0.24648007947655098
4578,0.5547,18,139,18,451777,153833,57609,50347,1.4249601689577236,0.24658144774218826
4579,0.5548,43,152,43,451929,153681,57652,50304,1.4235521879284152,0.2466063681153026
4580,0.5549,21,102,21,452031,153579,57673,50283,1.4226073585534849,0.24665214704064514
4581,0.555,29,174,29,452205,153405,57702,50254,1.4209955907962504,0.2467556061848482
4582,0.5551,46,189,46,452394,153216,57748,50208,1.4192448775427027,0.24681453515809343
4583,0.5552,28,144,28,452538,153072,57776,50180,1.4179110007780948,0.2468856395017023
4584,0.5553,16,90,16,452628,152982,57792,50164,1.417077327800215,0.24693570141671506
4585,0.5554,41,178,41,452806,152804,57833,50123,1.4154285079106304,0.24700015276429454
4586,0.5555,24,110,24,452916,152694,57857,50099,1.4144095742709992,0.24704501634671808
4587,0.5556,23,81,23,452997,152613,57880,50076,1.4136592685909075,0.24705830114115715
4588,0.5557,36,127,36,453124,152486,57916,50040,1.412482863388788,0.24707938733792204
4589,0.5558,39,182,39,453306,152304,57955,50001,1.4107969913668532,0.24715652109438718
4590,0.5559,29,122,29,453428,152182,57984,49972,1.4096669013301715,0.24719768097588968
4591,0.556,26,81,26,453509,152101,58010,49946,1.4089165956500798,0.24719990893208016
4592,0.5561,54,193,54,453702,151908,58064,49892,1.4071288302641818,0.2472348860257681
4593,0.5562,24,146,24,453848,151762,58088,49868,1.4057764274333988,0.247324306898775
4594,0.5563,26,117,26,453965,151645,58114,49842,1.404692652562155,0.24737079811600748
4595,0.5564,11,119,11,454084,151526,58125,49831,1.403590351624736,0.2474758761801179
4596,0.5565,30,158,30,454242,151368,58155,49801,1.4021267923969025,0.2475580233534988
4597,0.5566,16,67,16,454309,151301,58171,49785,1.4015061691800363,0.24758063714032802
4598,0.5567,31,156,31,454465,151145,58202,49754,1.400061136018378,0.24765678276148712
4599,0.5568,21,131,21,454596,151014,58223,49733,1.3988476786839084,0.2477396922494483
4600,0.5569,23,121,23,454717,150893,58246,49710,1.3977268516803143,0.24780287433388334
4601,0.557,13,65,13,454782,150828,58259,49697,1.3971247545296233,0.24783443460915097
4602,0.5571,8,99,8,454881,150729,58267,49689,1.3962077142539553,0.24792683291919887
4603,0.5572,18,94,18,454975,150635,58285,49671,1.3953369891437253,0.2479755973360758
4604,0.5573,21,78,21,455053,150557,58306,49650,1.394614472562896,0.24799332690665163
4605,0.5574,23,130,23,455183,150427,58329,49627,1.3934102782615139,0.24806802163415878
4606,0.5575,19,110,19,455293,150317,58348,49608,1.392391344621883,0.24813304989371013
4607,0.5576,24,94,24,455387,150223,58372,49584,1.391520619511653,0.24815947389230608
4608,0.5577,28,111,28,455498,150112,58400,49556,1.3904924228389344,0.24819199871787168
4609,0.5578,20,133,20,455631,149979,58420,49536,1.3892604394382897,0.24828208405383054
4610,0.5579,17,54,17,455685,149925,58437,49519,1.3887602356515618,0.2482852329475943
4611,0.558,39,165,39,455850,149760,58476,49480,1.3872318351921153,0.24834370608311584
4612,0.5581,8,68,8,455918,149692,58484,49472,1.3866019489421617,0.2483983049145428
4613,0.5582,16,106,16,456024,149586,58500,49456,1.3856200674348809,0.24847017212447625
4614,0.5583,31,174,31,456198,149412,58531,49425,1.3840082996776464,0.24857043709168816
4615,0.5584,28,120,28,456318,149292,58559,49397,1.38289673570714,0.24861466915631966
4616,0.5585,18,77,18,456395,149215,58577,49379,1.3821834821593983,0.2486429600088623
4617,0.5586,17,113,17,456508,149102,58594,49362,1.3811367594205046,0.24872017091260884
4618,0.5587,25,116,25,456624,148986,58619,49337,1.3800622475823483,0.24877094436853012
4619,0.5588,25,126,25,456750,148860,58644,49312,1.3788951054133165,0.24883434592172457
4620,0.5589,24,121,24,456871,148739,58668,49288,1.3777742784097224,0.24889535265393103
4621,0.559,8,49,8,456920,148690,58676,49280,1.3773203897884323,0.24892660504116784
4622,0.5591,15,70,15,456990,148620,58691,49265,1.3766719774723035,0.24895772797331783
4623,0.5592,27,121,27,457111,148499,58718,49238,1.3755511504687095,0.24900752008981628
4624,0.5593,29,113,29,457224,148386,58747,49209,1.374504427729816,0.24903970242162
4625,0.5594,30,115,30,457339,148271,58777,49179,1.373439178924747,0.2490706507976703
4626,0.5595,29,119,29,457458,148152,58806,49150,1.3723368779873282,0.24911050065382004
4627,0.5596,29,67,29,457525,148085,58835,49121,1.371716254770462,0.24908471344685254
4628,0.5597,28,97,28,457622,147988,58863,49093,1.3708177405609694,0.24910062360146334
4629,0.5598,27,102,27,457724,147886,58890,49066,1.3698729111860388,0.24912669076729355
4630,0.5599,41,130,41,457854,147756,58931,49025,1.3686687168846567,0.249134825008512
4631,0.56,20,116,20,457970,147640,58951,49005,1.3675942050465004,0.24920542093620485
4632,0.5601,15,93,15,458063,147547,58966,48990,1.3667327429693579,0.24926604150872356
4633,0.5602,25,87,25,458150,147460,58991,48965,1.3659268590907407,0.2492808960162912
4634,0.5603,41,183,41,458333,147277,59032,48924,1.3642317240357182,0.24935652723482551
4635,0.5604,16,70,16,458403,147207,59048,48908,1.3635833117195895,0.2493842898299467
4636,0.5605,28,84,28,458487,147123,59076,48880,1.362805216940235,0.24938393800094896
4637,0.5606,30,125,30,458612,146998,59106,48850,1.3616473378042906,0.24942812793595032
4638,0.5607,38,120,38,458732,146878,59144,48812,1.3605357738337842,0.24943533139148655
4639,0.5608,17,91,17,458823,146787,59161,48795,1.3596928378228168,0.24948614903211952
4640,0.5609,37,206,37,459029,146581,59198,48758,1.3577846530067805,0.24960709330957975
4641,0.561,22,76,22,459105,146505,59220,48736,1.3570806624921263,0.24961970078006157
4642,0.5611,36,163,36,459268,146342,59256,48700,1.355570788098855,0.24968981039981133
4643,0.5612,29,95,29,459363,146247,59285,48671,1.3546907999555375,0.24969987379308223
4644,0.5613,8,59,8,459422,146188,59293,48663,1.3541442810033717,0.24974467670168488
4645,0.5614,13,93,13,459515,146095,59306,48650,1.3532828189262291,0.24981385914914375
4646,0.5615,24,88,24,459603,146007,59330,48626,1.3524676720145243,0.2498343035353717
4647,0.5616,33,124,33,459727,145883,59363,48593,1.3513190559116677,0.24986630741068305
4648,0.5617,39,159,39,459886,145724,59402,48554,1.3498462336507466,0.24992021742039758
4649,0.5618,28,135,28,460021,145589,59430,48526,1.3485957241839268,0.24998583314014888
4650,0.5619,30,117,30,460138,145472,59460,48496,1.347511949312683,0.25002062195826114
4651,0.562,19,122,19,460260,145350,59479,48477,1.3463818592760013,0.25010447460880064
4652,0.5621,55,198,55,460458,145152,59534,48422,1.3445477787246656,0.25014723051649496
4653,0.5622,20,100,20,460558,145052,59554,48402,1.3436214754159101,0.25019901371902364
4654,0.5623,22,76,22,460634,144976,59576,48380,1.3429174849012562,0.2502120441051739
4655,0.5624,18,75,18,460709,144901,59594,48362,1.3422227574196894,0.2502393111976943
4656,0.5625,34,172,34,460881,144729,59628,48328,1.34062951572863,0.25033021335667704
4657,0.5626,21,95,21,460976,144634,59649,48307,1.3397495275853126,0.2503718753401299
4658,0.5627,28,149,28,461125,144485,59677,48279,1.338369335655267,0.25045651677699154
4659,0.5628,43,155,43,461280,144330,59720,48236,1.336933565526696,0.25049074083690787
4660,0.5629,24,132,24,461412,144198,59744,48212,1.3357108451591388,0.25056909724026816
4661,0.563,19,95,19,461507,144103,59763,48193,1.3348308570158212,0.2506188376253276
4662,0.5631,32,186,32,461693,143917,59795,48161,1.3331079328615363,0.25073667989046117
4663,0.5632,22,102,22,461795,143815,59817,48139,1.3321631034866057,0.25078404201006493
4664,0.5633,19,136,19,461931,143679,59836,48120,1.3309033309866982,0.2508876480065068
4665,0.5634,13,67,13,461998,143612,59849,48107,1.3302827077698323,0.2509245301717618
4666,0.5635,18,98,18,462096,143514,59867,48089,1.3293749305272518,0.25098250027400404
4667,0.5636,14,67,14,462163,143447,59881,48075,1.3287543073103858,0.2510155491275154
4668,0.5637,18,81,18,462244,143366,59899,48057,1.3280040016302939,0.2510513365687509
4669,0.5638,31,114,31,462358,143252,59930,48026,1.3269480158583127,0.2510795805058606
4670,0.5639,32,142,32,462500,143110,59962,47994,1.32563266515988,0.25114074012056264
4671,0.564,31,86,31,462586,143024,59993,47963,1.3248360443143503,0.2511322760187866
4672,0.5641,21,111,21,462697,142913,60014,47942,1.3238078476416317,0.2511959340860863
4673,0.5642,16,85,16,462782,142828,60030,47926,1.3230204898291897,0.2512450590813299
4674,0.5643,28,105,28,462887,142723,60058,47898,1.3220478713549966,0.2512734693449305
4675,0.5644,17,65,17,462952,142658,60075,47881,1.3214457742043055,0.25129238633560586
4676,0.5645,19,133,19,463085,142525,60094,47862,1.3202137908036609,0.2513932148728642
4677,0.5646,24,98,24,463183,142427,60118,47838,1.3193060135610803,0.2514282710955772
4678,0.5647,21,79,21,463262,142348,60139,47817,1.3185742339471636,0.25145005652985564
4679,0.5648,23,105,23,463367,142243,60162,47794,1.3176016154729704,0.25149839241831856
4680,0.5649,22,88,22,463455,142155,60184,47772,1.3167864685612658,0.2515282187366725
4681,0.565,24,77,24,463532,142078,60208,47748,1.316073215013524,0.25153561682804254
4682,0.5651,26,117,26,463649,141961,60234,47722,1.3149894401422801,0.2515881760621669
4683,0.5652,32,126,32,463775,141835,60266,47690,1.3138222979732483,0.25162907268170426
4684,0.5653,42,136,42,463911,141699,60308,47648,1.312562525473341,0.2516438074012263
4685,0.5654,27,95,27,464006,141604,60335,47621,1.3116825373300234,0.2516633637204386
4686,0.5655,33,131,33,464137,141473,60368,47588,1.3104690799955538,0.2517071209821169
4687,0.5656,11,47,11,464184,141426,60379,47577,1.3100337174404386,0.25172616307677653
4688,0.5657,24,103,24,464287,141323,60403,47553,1.3090796250324206,0.2517683559584066
4689,0.5658,15,89,15,464376,141234,60418,47538,1.3082552150876283,0.2518276015510775
4690,0.5659,41,161,41,464537,141073,60459,47497,1.3067638667605321,0.25187993848438245
4691,0.566,26,110,26,464647,140963,60485,47471,1.305744933120901,0.25192375049088805
4692,0.5661,77,293,77,464940,140670,60562,47394,1.3030308644262478,0.25200995405819293
4693,0.5662,34,132,34,465072,140538,60596,47360,1.3018081440586906,0.25205164504145866
4694,0.5663,20,83,20,465155,140455,60616,47340,1.3010393123124235,0.2520833888016188
4695,0.5664,29,98,29,465253,140357,60645,47311,1.3001315350698432,0.2520994522241405
4696,0.5665,33,115,33,465368,140242,60678,47278,1.2990662862647746,0.25212244027303754
4697,0.5666,37,167,37,465535,140075,60715,47241,1.297519359739153,0.2521994917679216
4698,0.5667,21,120,21,465655,139955,60736,47220,1.2964077957686464,0.25227728061974086
4699,0.5668,34,119,34,465774,139836,60770,47186,1.2953054948312275,0.25230186822940615
4700,0.5669,23,106,23,465880,139730,60793,47163,1.2943236133239469,0.25235295061880325
4701,0.567,17,89,17,465969,139641,60810,47146,1.2934992033791544,0.2524051459684025
4702,0.5671,21,74,21,466043,139567,60831,47125,1.2928137389306755,0.2524210999935723
4703,0.5672,24,90,24,466133,139477,60855,47101,1.2919800659527956,0.2524466978957862
4704,0.5673,21,120,21,466253,139357,60876,47080,1.290868501982289,0.252524981629183
4705,0.5674,32,108,32,466361,139249,60908,47048,1.2898680944088332,0.2525429824420146
4706,0.5675,34,143,34,466504,139106,60942,47014,1.288543480677313,0.2526004728132388
4707,0.5676,27,119,27,466623,138987,60969,46987,1.2874411797398941,0.25265359673932913
4708,0.5677,53,139,53,466762,138848,61022,46934,1.286153618140724,0.25262942588625376
4709,0.5678,29,98,29,466860,138750,61051,46905,1.2852458408981438,0.2526460370041205
4710,0.5679,26,107,26,466967,138643,61077,46879,1.2842546963577754,0.2526870128610084
4711,0.568,28,118,28,467085,138525,61105,46851,1.283161658453444,0.25273498187467636
4712,0.5681,23,109,23,467194,138416,61128,46828,1.2821519878469005,0.2527909136058388
4713,0.5682,16,91,16,467285,138325,61144,46812,1.2813090518359331,0.25285059172396657
4714,0.5683,20,84,20,467369,138241,61164,46792,1.2805309570565786,0.2528846205811936
4715,0.5684,30,130,30,467499,138111,61194,46762,1.2793267627551965,0.25294120828893346
4716,0.5685,29,107,29,467606,138004,61223,46733,1.2783356182148282,0.25297043905660477
4717,0.5686,29,126,29,467732,137878,61252,46704,1.2771684760457964,0.2530257554907846
4718,0.5687,20,79,20,467811,137799,61272,46684,1.2764366964318796,0.2530531268463761
4719,0.5688,12,54,12,467865,137745,61284,46672,1.2759364926451517,0.25307862073453097
4720,0.5689,25,90,25,467955,137655,61309,46647,1.2751028196672718,0.2531008887586678
4721,0.569,29,140,29,468095,137515,61338,46618,1.2738059950350142,0.2531756936562159
4722,0.5691,37,149,37,468244,137366,61375,46581,1.2724258031049687,0.25323055010410606
4723,0.5692,30,110,30,468354,137256,61405,46551,1.2714068694653378,0.2532602131583672
4724,0.5693,25,98,25,468452,137158,61430,46526,1.2704990922227575,0.253293700050086
4725,0.5694,37,132,37,468584,137026,61467,46489,1.2692763718552003,0.25332534125275863
4726,0.5695,26,82,26,468666,136944,61493,46463,1.2685168031420209,0.25333275174884273
4727,0.5696,21,66,21,468732,136878,61514,46442,1.2679054429582421,0.2533384246126991
4728,0.5697,20,89,20,468821,136789,61534,46422,1.2670810330134499,0.2533799826429636
4729,0.5698,14,78,14,468899,136711,61548,46408,1.2663585164326208,0.25343082913296816
4730,0.5699,35,155,35,469054,136556,61583,46373,1.2649227463040498,0.2535027251009955
4731,0.57,43,181,43,469235,136375,61626,46330,1.2632461373152024,0.25357817246380776
4732,0.5701,22,159,22,469394,136216,61648,46308,1.2617733150542814,0.25370910126887425
4733,0.5702,9,42,9,469436,136174,61657,46299,1.261384267664604,0.25373068892384076
4734,0.5703,27,129,27,469565,136045,61684,46272,1.2601893363963097,0.25379970052161893
4735,0.5704,28,118,28,469683,135927,61712,46244,1.2590962984919782,0.25384940522915284
4736,0.5705,31,68,31,469751,135859,61743,46213,1.2584664122420246,0.25381717122896436
4737,0.5706,47,169,47,469920,135690,61790,46166,1.2569009596502279,0.2538601970790076
4738,0.5707,25,109,25,470029,135581,61815,46141,1.2558912890436844,0.2539098182938775
4739,0.5708,30,109,30,470138,135472,61845,46111,1.254881618437141,0.2539389700577697
4740,0.5709,22,138,22,470276,135334,61867,46089,1.2536033198710586,0.25404165954702546
4741,0.571,26,105,26,470381,135229,61893,46063,1.2526307013968654,0.2540818127661452
4742,0.5711,31,127,31,470508,135102,61924,46032,1.251454296194746,0.2541322998443142
4743,0.5712,28,174,28,470682,134928,61952,46004,1.2498425284375116,0.25426126942718813
4744,0.5713,9,53,9,470735,134875,61961,45995,1.2493515876838712,0.25429866755127994
4745,0.5714,31,97,31,470832,134778,61992,45964,1.2484530734743784,0.254307244580673
4746,0.5715,21,115,21,470947,134663,62013,45943,1.2473878246693098,0.2543824679135798
4747,0.5716,24,108,24,471055,134555,62037,45919,1.2463874170958538,0.254435541961723
4748,0.5717,13,90,13,471145,134465,62050,45906,1.245553744117974,0.2545087624950796
4749,0.5718,26,104,26,471249,134361,62076,45880,1.2445903886768683,0.2545480772965086
4750,0.5719,30,100,30,471349,134261,62106,45850,1.243664085368113,0.2545652403240224
4751,0.572,12,78,12,471427,134183,62118,45838,1.2429415687872838,0.25462584920648146
4752,0.5721,29,116,29,471543,134067,62147,45809,1.2418670569491275,0.25466988369765836
4753,0.5722,14,79,14,471622,133988,62161,45795,1.2411352773352107,0.25472375029897154
4754,0.5723,31,115,31,471737,133873,62192,45764,1.2400700285301418,0.25475820682821465
4755,0.5724,17,63,17,471800,133810,62209,45747,1.239486457445626,0.25477703459068707
4756,0.5725,35,121,35,471921,133689,62244,45712,1.2383656304420319,0.2548034849304073
4757,0.5726,37,179,37,472100,133510,62281,45675,1.2367075475193596,0.25490414934285793
4758,0.5727,17,75,17,472175,133435,62298,45658,1.2360128200377931,0.2549401707492755
4759,0.5728,16,97,16,472272,133338,62314,45642,1.2351143058283005,0.2550117331545424
4760,0.5729,24,95,24,472367,133243,62338,45618,1.2342343176849828,0.2550472154354499
4761,0.573,19,105,19,472472,133138,62357,45599,1.2332616992107897,0.2551178547250989
4762,0.5731,25,95,25,472567,133043,62382,45574,1.232381711067472,0.25514928590223773
4763,0.5732,19,63,19,472630,132980,62401,45555,1.231798139982956,0.25516005265074077
4764,0.5733,47,154,47,472784,132826,62448,45508,1.2303716328874728,0.25518409276974663
4765,0.5734,21,93,21,472877,132733,62469,45487,1.2295101708103302,0.2552294916395466
4766,0.5735,30,91,30,472968,132642,62499,45457,1.2286672347993628,0.25523444825630687
4767,0.5736,42,150,42,473118,132492,62541,45415,1.2272777798362295,0.25527382284002315
4768,0.5737,21,97,21,473215,132395,62562,45394,1.2263792656267367,0.25532513260100453
4769,0.5738,26,75,26,473290,132320,62588,45368,1.2256845381451702,0.25532393858898744
4770,0.5739,27,98,27,473388,132222,62615,45341,1.22477676090259,0.2553516216779397
4771,0.574,41,167,41,473555,132055,62656,45300,1.2232298343769683,0.2554199204984353
4772,0.5741,19,84,19,473639,131971,62675,45281,1.2224517395976138,0.2554611513551328
4773,0.5742,27,123,27,473762,131848,62702,45254,1.2213123865278446,0.25552506465200847
4774,0.5743,40,113,40,473875,131735,62742,45214,1.220265663788951,0.25551995207658706
4775,0.5744,19,75,19,473950,131660,62761,45195,1.2195709363073846,0.25554833055327814
4776,0.5745,8,41,8,473991,131619,62769,45187,1.2191911519507947,0.2555739058629232
4777,0.5746,19,83,19,474074,131536,62788,45168,1.2184223202045277,0.25561390800434625
4778,0.5747,41,210,41,474284,131326,62829,45127,1.2164770832561413,0.25574515593387476
4779,0.5748,61,235,61,474519,131091,62890,45066,1.214300270480566,0.25582860743541275
4780,0.5749,28,88,28,474607,131003,62918,45038,1.2134851235688613,0.25583812861776517
4781,0.575,23,108,23,474715,130895,62941,45015,1.2124847159954055,0.255897902336422
4782,0.5751,57,221,57,474936,130674,62998,44958,1.210437585683056,0.2559784094014758
4783,0.5752,24,121,24,475057,130553,63022,44934,1.209316758679462,0.25605315493455355
4784,0.5753,10,56,10,475113,130497,63032,44924,1.208798028826559,0.25609248607635343
4785,0.5754,16,86,16,475199,130411,63048,44908,1.2080014079810293,0.2561502176033402
4786,0.5755,27,65,27,475264,130346,63075,44881,1.2073993108303382,0.25613061913974444
4787,0.5756,29,84,29,475348,130262,63104,44852,1.2066212160509837,0.25613029226675194
4788,0.5757,27,114,27,475462,130148,63131,44825,1.2055652302790025,0.25618238242471697
4789,0.5758,19,132,19,475594,130016,63150,44806,1.2043425099114453,0.2562949743167336
4790,0.5759,24,110,24,475704,129906,63174,44782,1.2033235762718144,0.25635418574830554
4791,0.576,17,84,17,475788,129822,63191,44765,1.2025454814924599,0.25640511607393446
4792,0.5761,31,143,31,475931,129679,63222,44734,1.2012208677609397,0.25648317499268974
4793,0.5762,19,77,19,476008,129602,63241,44715,1.200507614213198,0.25651542878778316
4794,0.5763,32,136,32,476144,129466,63273,44683,1.1992478417132906,0.2565791362568835
4795,0.5764,55,153,55,476297,129313,63328,44628,1.1978305976508947,0.2565697564116568
4796,0.5765,29,116,29,476413,129197,63357,44599,1.1967560858127386,0.25661695320951
4797,0.5766,30,89,30,476502,129108,63387,44569,1.1959316758679461,0.2566200475595502
4798,0.5767,30,113,30,476615,128995,63417,44539,1.1948849531290526,0.2566586375004322
4799,0.5768,49,176,49,476791,128819,63466,44490,1.193254659305643,0.25670911493344256
4800,0.5769,10,37,10,476828,128782,63476,44480,1.1929119270814035,0.2567210351952534
4801,0.577,19,99,19,476927,128683,63495,44461,1.1919948868057357,0.25678625883657535
4802,0.5771,46,129,46,477056,128554,63541,44415,1.1907999555374411,0.25678011666830475
4803,0.5772,20,71,20,477127,128483,63561,44395,1.1901422801882249,0.2567995927764088
4804,0.5773,25,107,25,477234,128376,63586,44370,1.1891511356478566,0.25685109930186517
4805,0.5774,19,88,19,477322,128288,63605,44351,1.1883359887361518,0.2569002369105474
4806,0.5775,21,63,21,477385,128225,63626,44330,1.1877524176516359,0.2569035959549129
4807,0.5776,24,73,24,477458,128152,63650,44306,1.1870762162362445,0.2569089285507196
4808,0.5777,26,125,26,477583,128027,63676,44280,1.1859183371003001,0.25698317537882964
4809,0.5778,28,74,28,477657,127953,63704,44252,1.185232872651821,0.2569727940535989
4810,0.5779,22,120,22,477777,127833,63726,44230,1.1841213086813147,0.25705700818886107
4811,0.578,21,121,21,477898,127712,63747,44209,1.1830004816777206,0.2571471780643435
4812,0.5781,16,39,16,477937,127673,63763,44193,1.182639223387306,0.2571363736864767
4813,0.5782,15,85,15,478022,127588,63778,44178,1.1818518655748638,0.25719874713272706
4814,0.5783,15,84,15,478106,127504,63793,44163,1.1810737707955092,0.2572596946413696
4815,0.5784,28,145,28,478251,127359,63821,44135,1.179730630997814,0.2573559424819527
4816,0.5785,27,127,27,478378,127232,63848,44108,1.1785542257956945,0.2574296719971986
4817,0.5786,30,92,30,478470,127140,63878,44078,1.1777020267516396,0.25743788620355335
4818,0.5787,22,90,22,478560,127050,63900,44056,1.1768683537737596,0.25747782076607484
4819,0.5788,49,159,49,478719,126891,63949,44007,1.1753955315128386,0.2575044763543166
4820,0.5789,16,70,16,478789,126821,63965,43991,1.1747471191967098,0.25754045383228347
4821,0.579,31,97,31,478886,126724,63996,43960,1.173848604987217,0.25755196737831315
4822,0.5791,21,87,21,478973,126637,64017,43939,1.1730427211085999,0.2575919238345371
4823,0.5792,26,123,26,479096,126514,64043,43913,1.1719033680388307,0.25766457192815695
4824,0.5793,18,62,18,479158,126452,64061,43895,1.1713290599874022,0.2576799121792576
4825,0.5794,45,169,45,479327,126283,64106,43850,1.1697636073956057,0.2577395331887406
4826,0.5795,19,106,19,479433,126177,64125,43831,1.1687817258883249,0.2578172791868618
4827,0.5796,27,112,27,479545,126065,64152,43804,1.1677442661825188,0.25786929928356556
4828,0.5797,23,77,23,479622,125988,64175,43781,1.1670310126347772,0.25788571529548976
4829,0.5798,35,170,35,479792,125818,64210,43746,1.165456297009893,0.2579910830129037
4830,0.5799,25,79,25,479871,125739,64235,43721,1.1647245173959762,0.25800188835123333
4831,0.58,32,142,32,480013,125597,64267,43689,1.1634091666975435,0.258078045437898
4832,0.5801,21,80,21,480093,125517,64288,43668,1.1626681240505392,0.25810798829683484
4833,0.5802,10,36,10,480129,125481,64298,43658,1.1623346548593871,0.2581190618367142
4834,0.5803,30,103,30,480232,125378,64328,43628,1.1613805624513691,0.25814468125392
4835,0.5804,24,121,24,480353,125257,64352,43604,1.160259735447775,0.25822421992052635
4836,0.5805,37,101,37,480454,125156,64389,43567,1.159324169105932,0.2582161293955181
4837,0.5806,42,146,42,480600,125010,64431,43525,1.1579717662751492,0.25825496187735486
4838,0.5807,31,111,31,480711,124899,64462,43494,1.1569435696024306,0.25828864620263314
4839,0.5808,49,188,49,480899,124711,64511,43445,1.1552021193819704,0.2583612835700183
4840,0.5809,35,105,35,481004,124606,64546,43410,1.1542295009077772,0.25836825064279595
4841,0.581,10,82,10,481086,124524,64556,43400,1.1534699321945978,0.2584502513041614
4842,0.5811,16,97,16,481183,124427,64572,43384,1.152571417985105,0.25852894029592816
4843,0.5812,22,53,22,481236,124374,64594,43362,1.1520804772314646,0.2585133781656889
4844,0.5813,36,158,36,481394,124216,64630,43326,1.1506169180036312,0.25859784412266773
4845,0.5814,25,85,25,481479,124131,64655,43301,1.149829560191189,0.25861842419609155
4846,0.5815,40,140,40,481619,123991,64695,43261,1.1485327355589314,0.2586575945280176
4847,0.5816,58,179,58,481798,123812,64753,43203,1.1468746526362592,0.25867736430859506
4848,0.5817,23,139,23,481937,123673,64776,43180,1.1455870910370891,0.25879067202867195
4849,0.5818,13,70,13,482007,123603,64789,43167,1.1449386787209603,0.2588415182586796
4850,0.5819,28,107,28,482114,123496,64817,43139,1.143947534180592,0.2588831878056831
4851,0.582,22,113,22,482227,123383,64839,43117,1.1429008114416985,0.25896096096096094
4852,0.5821,47,133,47,482360,123250,64886,43070,1.1416688280410539,0.25895863395863394
4853,0.5822,22,73,22,482433,123177,64908,43048,1.1409926266256623,0.25897428184689425
4854,0.5823,28,101,28,482534,123076,64936,43020,1.1400570602838194,0.2590068394181678
4855,0.5824,24,114,24,482648,122962,64960,42996,1.1390010745118382,0.2590775979464684
4856,0.5825,16,67,16,482715,122895,64976,42980,1.138380451294972,0.2591107761868877
4857,0.5826,16,72,16,482787,122823,64992,42964,1.137713512912668,0.25915180321738135
4858,0.5827,37,94,37,482881,122729,65029,42927,1.136842787802438,0.25913338484570436
4859,0.5828,22,92,22,482973,122637,65051,42905,1.135990588758383,0.2591789394836356
4860,0.5829,26,141,26,483114,122496,65077,42879,1.134684501093038,0.25928344671201814
4861,0.583,15,64,15,483178,122432,65092,42864,1.1340916669754344,0.2593166198819088
4862,0.5831,29,124,29,483302,122308,65121,42835,1.1329430508725777,0.2593812635110177
4863,0.5832,28,101,28,483403,122207,65149,42807,1.1320074845307349,0.25941435272158725
4864,0.5833,10,63,10,483466,122144,65159,42797,1.1314239134462187,0.2594685372345263
4865,0.5834,32,182,32,483648,121962,65191,42765,1.129738041424284,0.2596113569724453
4866,0.5835,42,121,42,483769,121841,65233,42723,1.1286172144206899,0.2596132811550521
4867,0.5836,26,86,26,483855,121755,65259,42697,1.1278205935751602,0.259631989881546
4868,0.5837,27,111,27,483966,121644,65286,42670,1.1267923969024418,0.259685723675402
4869,0.5838,35,118,35,484084,121526,65321,42635,1.1256993589981104,0.25971454852248704
4870,0.5839,40,206,40,484290,121320,65361,42595,1.123791174182074,0.2598602934447732
4871,0.584,25,121,25,484411,121199,65386,42570,1.12267034717848,0.25993930475242566
4872,0.5841,16,86,16,484497,121113,65402,42554,1.1218737263329506,0.2600035437809699
4873,0.5842,7,55,7,484552,121058,65409,42547,1.121364259513135,0.2600592891415299
4874,0.5843,21,90,21,484642,120968,65430,42526,1.120530586535255,0.2601074045530723
4875,0.5844,38,127,38,484769,120841,65468,42488,1.1193541813331358,0.26013751385240835
4876,0.5845,35,127,35,484896,120714,65503,42453,1.1181777761310163,0.2601812866572285
4877,0.5846,22,86,22,484982,120628,65525,42431,1.1173811552854866,0.2602186938470124
4878,0.5847,33,124,33,485106,120504,65558,42398,1.11623253918263,0.26026690893911675
4879,0.5848,24,85,24,485191,120419,65582,42374,1.1154451813701878,0.26029374727414567
4880,0.5849,22,75,22,485266,120344,65604,42352,1.1147504538886213,0.26031371392044056
4881,0.585,31,119,31,485385,120225,65635,42321,1.1136481529512023,0.26036322025765013
4882,0.5851,33,109,33,485494,120116,65668,42288,1.112638482344659,0.2603876751804143
4883,0.5852,21,90,21,485584,120026,65689,42267,1.1118048093667792,0.2604363712544595
4884,0.5853,21,130,21,485714,119896,65710,42246,1.110600615065397,0.2605493949747752
4885,0.5854,16,83,16,485797,119813,65726,42230,1.10983178331913,0.26060983812938543
4886,0.5855,29,107,29,485904,119706,65755,42201,1.1088406387787617,0.2606496321962608
4887,0.5856,34,136,34,486040,119570,65789,42167,1.1075808662788544,0.26071338036441877
4888,0.5857,18,74,18,486114,119496,65807,42149,1.1068954018303754,0.2607504098487426
4889,0.5858,32,167,32,486281,119329,65839,42117,1.1053484753047538,0.2608736047966503
4890,0.5859,41,147,41,486428,119182,65880,42076,1.1039868094408833,0.2609234890672091
4891,0.586,37,163,37,486591,119019,65917,42039,1.102476935047612,0.2610177699959021
4892,0.5861,28,76,28,486667,118943,65945,42011,1.1017729445329578,0.2610124631882401
4893,0.5862,13,102,13,486769,118841,65958,41998,1.1008281151580273,0.26111826111826114
4894,0.5863,23,110,23,486879,118731,65981,41975,1.0998091815183964,0.2611912436374498
4895,0.5864,29,111,29,486990,118620,66010,41946,1.0987809848456778,0.2612383692687119
4896,0.5865,33,86,33,487076,118534,66043,41913,1.0979843640001483,0.261226448609198
4897,0.5866,15,93,15,487169,118441,66058,41898,1.0971229019230058,0.2613088518701002
4898,0.5867,25,98,25,487267,118343,66083,41873,1.0962151246804253,0.2613534228791132
4899,0.5868,49,165,49,487432,118178,66132,41824,1.094686724220979,0.2613967325408432
4900,0.5869,33,136,33,487568,118042,66165,41791,1.0934269517210715,0.2614666558220142
4901,0.587,29,117,29,487685,117925,66194,41762,1.0923431768498277,0.26152410653340596
4902,0.5871,25,90,25,487775,117835,66219,41737,1.0915095038719478,0.26155591206477324
4903,0.5872,34,122,34,487897,117713,66253,41703,1.0903794138352663,0.2615985848346465
4904,0.5873,38,100,38,487997,117613,66291,41665,1.0894531105265108,0.2615866598023581
4905,0.5874,19,74,19,488071,117539,66310,41646,1.0887676460780318,0.2616201275245783
4906,0.5875,40,123,40,488194,117416,66350,41606,1.0876282930082626,0.26163675466287684
4907,0.5876,38,157,38,488351,117259,66388,41568,1.0861739968135167,0.26171872540563
4908,0.5877,26,130,26,488481,117129,66414,41542,1.0849698025121346,0.2618121773985164
4909,0.5878,36,120,36,488601,117009,66450,41506,1.083858238541628,0.2618427278175567
4910,0.5879,8,36,8,488637,116973,66458,41498,1.0835247693504761,0.2618649468988017
4911,0.588,28,86,28,488723,116887,66486,41470,1.0827281485049465,0.2618766458066268
4912,0.5881,15,64,15,488787,116823,66501,41455,1.082135314387343,0.261912584187316
4913,0.5882,29,120,29,488907,116703,66530,41426,1.0810237504168365,0.26197598163524716
4914,0.5883,29,133,29,489040,116570,66559,41397,1.0797917670161918,0.2620610633866567
4915,0.5884,24,108,24,489148,116462,66583,41373,1.0787913594427359,0.26212817182500714
4916,0.5885,25,72,25,489220,116390,66608,41348,1.078124421060432,0.26213087524883033
4917,0.5886,14,63,14,489283,116327,66622,41334,1.077540849975916,0.26217009913675543
4918,0.5887,47,177,47,489460,116150,66669,41287,1.075901293119419,0.2622445803718313
4919,0.5888,40,155,40,489615,115995,66709,41247,1.0744655229908482,0.26231541191284774
4920,0.5889,31,71,31,489686,115924,66740,41216,1.0738078476416317,0.2622884052437317
4921,0.589,17,65,17,489751,115859,66757,41199,1.0732057504909407,0.26231710578257716
4922,0.5891,9,65,9,489816,115794,66766,41190,1.0726036533402497,0.26238342761045713
4923,0.5892,28,94,28,489910,115700,66794,41162,1.0717329282300196,0.2624089964427331
4924,0.5893,40,131,40,490041,115569,66834,41122,1.07051947089555,0.2624400890925452
4925,0.5894,36,142,36,490183,115427,66870,41086,1.0692041201971174,0.2625085456160191
4926,0.5895,18,76,18,490259,115351,66888,41068,1.0685001296824632,0.26255122459547753
4927,0.5896,26,96,26,490355,115255,66914,41042,1.067610878506058,0.2625898129842543
4928,0.5897,25,83,25,490438,115172,66939,41017,1.066842046759791,0.26261132346067906
4929,0.5898,25,90,25,490528,115082,66964,40992,1.066008373781911,0.2626446429257916
4930,0.5899,31,88,31,490616,114994,66995,40961,1.0651932268702065,0.26264627616940783
4931,0.59,21,80,21,490696,114914,67016,40940,1.064452184223202,0.2626817406033852
4932,0.5901,13,75,13,490771,114839,67029,40927,1.0637574567416355,0.26274668412875724
4933,0.5902,27,87,27,490858,114752,67056,40900,1.0629515728630183,0.2627656567214042
4934,0.5903,59,185,59,491043,114567,67115,40841,1.0612379117418207,0.2627985689282405
4935,0.5904,29,109,29,491152,114458,67144,40812,1.0602282411352772,0.2628453661364075
4936,0.5905,15,70,15,491222,114388,67159,40797,1.0595798288191485,0.2628926764829075
4937,0.5906,33,153,33,491375,114235,67192,40764,1.0581625847567528,0.26299524513061373
4938,0.5907,28,99,28,491474,114136,67220,40736,1.0572455444810849,0.2630301151919004
4939,0.5908,31,118,31,491592,114018,67251,40705,1.0561525065767534,0.26308305811030036
4940,0.5909,28,146,28,491738,113872,67279,40677,1.0548001037459707,0.26319807957346864
4941,0.591,12,80,12,491818,113792,67291,40665,1.0540590610989662,0.2632771580439863
4942,0.5911,20,81,20,491899,113711,67311,40645,1.0533087554188743,0.2633198579906191
4943,0.5912,5,59,5,491958,113652,67316,40640,1.0527622364667086,0.26339667643170095
4944,0.5913,12,71,12,492029,113581,67328,40628,1.0521045611174924,0.2634606281086059
4945,0.5914,26,88,26,492117,113493,67354,40602,1.0512894142057876,0.263486810084688
4946,0.5915,30,105,30,492222,113388,67384,40572,1.0503167957315944,0.26352299298519094
4947,0.5916,13,46,13,492268,113342,67397,40559,1.0498906962095669,0.26353954815108416
4948,0.5917,33,109,33,492377,113233,67430,40526,1.0488810256030234,0.26356831144843557
4949,0.5918,23,104,23,492481,113129,67453,40503,1.0479176701619177,0.2636364819829202
4950,0.5919,19,98,19,492579,113031,67472,40484,1.0470098929193374,0.2637136436178875
4951,0.592,18,64,18,492643,112967,67490,40466,1.046417058801734,0.2637372664289951
4952,0.5921,13,67,13,492710,112900,67503,40453,1.045796435584868,0.2637900790985504
4953,0.5922,25,106,25,492816,112794,67528,40428,1.044814554077587,0.26385244938716373
4954,0.5923,38,125,38,492941,112669,67566,40390,1.043656674941643,0.26388516846444837
4955,0.5924,29,84,29,493025,112585,67595,40361,1.0428785801622884,0.26389052345272185
4956,0.5925,27,113,27,493138,112472,67622,40334,1.0418318574233947,0.2639556038375456
4957,0.5926,17,125,17,493263,112347,67639,40317,1.0406739782874503,0.2640897657601006
4958,0.5927,42,171,42,493434,112176,67681,40275,1.0390899996294787,0.26418324576421276
4959,0.5928,33,157,33,493591,112019,67714,40242,1.0376357034347328,0.26429617564576613
4960,0.5929,18,47,18,493638,111972,67732,40224,1.0372003408796175,0.26429078293779074
4961,0.593,29,96,29,493734,111876,67761,40195,1.0363110897032124,0.2643173254598181
4962,0.5931,19,66,19,493800,111810,67780,40176,1.035699729519434,0.26434013659152816
4963,0.5932,25,65,25,493865,111745,67805,40151,1.0350976323687429,0.26433217464581027
4964,0.5933,43,134,43,493999,111611,67848,40108,1.0338563859350105,0.26435713391203475
4965,0.5934,20,129,20,494128,111482,67868,40088,1.032661454666716,0.26448505640957976
4966,0.5935,31,97,31,494225,111385,67899,40057,1.0317629404572233,0.2645039024841193
4967,0.5936,23,92,23,494317,111293,67922,40034,1.0309107414131684,0.26455292181831397
4968,0.5937,26,107,26,494424,111186,67948,40008,1.0299195968728,0.2646136751458391
4969,0.5938,19,73,19,494497,111113,67967,39989,1.0292433954574085,0.2646490450159495
4970,0.5939,14,69,14,494566,111044,67981,39975,1.0286042461743674,0.2647017924896867
4971,0.594,37,127,37,494693,110917,68018,39938,1.027427840972248,0.26474429087534385
4972,0.5941,15,46,15,494739,110871,68033,39923,1.0270017414502204,0.26475191320609576
4973,0.5942,15,95,15,494834,110776,68048,39908,1.026121753306903,0.2648456372275756
4974,0.5943,33,105,33,494939,110671,68081,39875,1.0251491348327095,0.264869209411077
4975,0.5944,6,66,6,495005,110605,68087,39869,1.024537774648931,0.264956072145354
4976,0.5945,24,71,24,495076,110534,68111,39845,1.0238800992997148,0.26496385798549
4977,0.5946,28,135,28,495211,110399,68139,39817,1.022629589832895,0.2650649731053949
4978,0.5947,24,111,24,495322,110288,68163,39793,1.0216013931601764,0.26514348918250813
4979,0.5948,16,30,16,495352,110258,68179,39777,1.0213235021675497,0.26511813910087645
4980,0.5949,24,85,24,495437,110173,68203,39753,1.0205361443551075,0.2651508077318144
4981,0.595,30,72,30,495509,110101,68233,39723,1.0198692059728038,0.2651310871422469
4982,0.5951,30,79,30,495588,110022,68263,39693,1.019137426358887,0.2651237350966837
4983,0.5952,27,92,27,495680,109930,68290,39666,1.018285227314832,0.26515414850664454
4984,0.5953,27,116,27,495796,109814,68317,39639,1.0172107154766756,0.2652271951717262
4985,0.5954,27,85,27,495881,109729,68344,39612,1.0164233576642336,0.26524531106661936
4986,0.5955,40,111,40,495992,109618,68384,39572,1.015395160991515,0.2652456598967759
4987,0.5956,32,83,32,496075,109535,68416,39540,1.014626329245248,0.2652356196545363
4988,0.5957,35,154,35,496229,109381,68451,39505,1.0131998221497647,0.26533723788670527
4989,0.5958,39,127,39,496356,109254,68490,39466,1.0120234169476454,0.2653711672942442
4990,0.5959,12,72,12,496428,109182,68502,39454,1.0113564785653415,0.26544040474716757
4991,0.596,7,53,7,496481,109129,68509,39447,1.010865537811701,0.2655004846004738
4992,0.5961,18,78,18,496559,109051,68527,39429,1.0101430212308717,0.26555091594827585
4993,0.5962,46,147,46,496706,108904,68573,39383,1.0087813553670013,0.26558632921294517
4994,0.5963,21,69,21,496775,108835,68594,39362,1.0081422060839602,0.2656059164490509
4995,0.5964,32,82,32,496857,108753,68626,39330,1.0073826373707806,0.26559429509126636
4996,0.5965,24,88,24,496945,108665,68650,39306,1.006567490459076,0.26563313081617346
4997,0.5966,42,165,42,497110,108500,68692,39264,1.0050390899996295,0.265721014590834
4998,0.5967,33,92,33,497202,108408,68725,39231,1.0041868909555745,0.26572247170463087
4999,0.5968,45,157,45,497359,108251,68770,39186,1.0027325947608285,0.2657813167658051
5000,0.5969,9,44,9,497403,108207,68779,39177,1.0023250213049761,0.26581582804103565
5001,0.597,31,112,31,497515,108095,68810,39146,1.00128756159917,0.2658634483601714
5002,0.5971,27,106,27,497621,107989,68837,39119,1.0003056800918892,0.2659202762596188
5003,0.5972,23,89,23,497710,107900,68860,39096,0.999481270147097,0.2659664208549892
5004,0.5973,34,106,34,497816,107794,68894,39062,0.9984993886398162,0.26598845127199433
5005,0.5974,28,127,28,497943,107667,68922,39034,0.9973229834376969,0.2660786225042774
5006,0.5975,58,173,58,498116,107494,68980,38976,0.99572047871355,0.26610227350310645
5007,0.5976,26,116,26,498232,107378,69006,38950,0.9946459668753936,0.2661828221529714
5008,0.5977,25,87,25,498319,107291,69031,38925,0.9938400829967765,0.2662157356240083
5009,0.5978,28,84,28,498403,107207,69059,38897,0.9930619882174219,0.2662281662377485
5010,0.5979,30,163,30,498566,107044,69089,38867,0.9915521138241505,0.2663747078698659
5011,0.598,37,114,37,498680,106930,69126,38830,0.9904961280521694,0.26639681668496157
5012,0.5981,35,101,35,498781,106829,69161,38795,0.9895605617103265,0.2664052628687579
5013,0.5982,26,93,26,498874,106736,69187,38769,0.9886990996331839,0.2664444520806845
5014,0.5983,19,44,19,498918,106692,69206,38750,0.9882915261773315,0.2664292295210462
5015,0.5984,25,98,25,499016,106594,69231,38725,0.9873837489347512,0.26648270356938875
5016,0.5985,43,167,43,499183,106427,69274,38682,0.9858368224091296,0.26657202516728806
5017,0.5986,29,102,29,499285,106325,69303,38653,0.9848919930341992,0.26661286540026763
5018,0.5987,72,177,72,499462,106148,69375,38581,0.983252436177702,0.2665740798319618
5019,0.5988,21,61,21,499523,106087,69396,38560,0.9826873911593612,0.2665800189426673
5020,0.5989,47,168,47,499691,105919,69443,38513,0.9811312016006521,0.26665143458513346
5021,0.599,23,84,23,499775,105835,69466,38490,0.9803531068212976,0.2666897626883769
5022,0.5991,33,102,33,499877,105733,69499,38457,0.979408277446367,0.2667105901934947
5023,0.5992,28,137,28,500014,105596,69527,38429,0.9781392419133721,0.2668217323381357
5024,0.5993,17,59,17,500073,105537,69544,38412,0.9775927229612065,0.2668445074297147
5025,0.5994,28,79,28,500152,105458,69572,38384,0.9768609433472897,0.2668483474923875
5026,0.5995,23,84,23,500236,105374,69595,38361,0.976082848567935,0.2668869795109055
5027,0.5996,22,77,22,500313,105297,69617,38339,0.9753695950201934,0.2669177643487705
5028,0.5997,29,100,29,500413,105197,69646,38310,0.974443291711438,0.2669556188896709
5029,0.5998,16,60,16,500473,105137,69662,38294,0.9738875097261848,0.26698551916949614
5030,0.5999,16,60,16,500533,105077,69678,38278,0.9733317277409315,0.26701545115273273
5031,0.6,18,105,18,500638,104972,69696,38260,0.9723591092667383,0.2671190795352994
5032,0.6001,18,54,18,500692,104918,69714,38242,0.9718589054800104,0.2671276892986868
5033,0.6002,36,132,36,500824,104786,69750,38206,0.9706361851124532,0.2671897728544254
5034,0.6003,18,55,18,500879,104731,69768,38188,0.9701267182926377,0.26720030226911745
5035,0.6004,27,100,27,500979,104631,69795,38161,0.9692004149838823,0.2672488654826601
5036,0.6005,37,145,37,501124,104486,69832,38124,0.9678572751861869,0.2673304817333988
5037,0.6006,11,54,11,501178,104432,69843,38113,0.967357071399459,0.2673752148444351
5038,0.6007,24,85,24,501263,104347,69867,38089,0.9665697135870169,0.2674113285967031
5039,0.6008,38,127,38,501390,104220,69905,38051,0.9653933083848976,0.2674543652606645
5040,0.6009,45,170,45,501560,104050,69950,38006,0.9638185927600134,0.267542377653883
5041,0.601,29,95,29,501655,103955,69979,37977,0.9629386046166957,0.2675717949440577
5042,0.6011,24,133,24,501788,103822,70003,37953,0.961706621216051,0.2676988185505202
5043,0.6012,40,126,40,501914,103696,70043,37913,0.9605394790470192,0.2677301583938874
5044,0.6013,40,141,40,502055,103555,70083,37873,0.959233391381674,0.26778997086856915
5045,0.6014,16,65,16,502120,103490,70099,37857,0.958631294230983,0.26783023339724227
5046,0.6015,36,125,36,502245,103365,70135,37821,0.9574734150950387,0.2678806680549063
5047,0.6016,19,69,19,502314,103296,70154,37802,0.9568342658119975,0.26791308168790484
5048,0.6017,22,77,22,502391,103219,70176,37780,0.9561210122642558,0.2679451627316506
5049,0.6018,18,86,18,502477,103133,70194,37762,0.9553243914187262,0.2680151886156358
5050,0.6019,27,139,27,502616,102994,70221,37735,0.9540368298195561,0.2681394737403094
5051,0.602,35,85,35,502701,102909,70256,37700,0.953249472007114,0.2681193949178218
5052,0.6021,28,110,28,502811,102799,70284,37672,0.9522305383674831,0.2681834684739199
5053,0.6022,42,116,42,502927,102683,70326,37630,0.9511560265293267,0.2681861267309515
5054,0.6023,21,87,21,503014,102596,70347,37609,0.9503501426507095,0.2682429299953639
5055,0.6024,46,128,46,503142,102468,70393,37563,0.9491644744155026,0.2682477451421471
5056,0.6025,32,125,32,503267,102343,70425,37531,0.9480065952795583,0.2683200594821053
5057,0.6026,17,96,17,503363,102247,70442,37514,0.9471173441031532,0.2684153662323538
5058,0.6027,20,65,20,503428,102182,70462,37494,0.9465152469524621,0.2684355222085398
5059,0.6028,24,62,24,503490,102120,70486,37470,0.9459409389010337,0.2684289705566301
5060,0.6029,20,67,20,503557,102053,70506,37450,0.9453203156841676,0.26845300817903556
5061,0.603,23,50,23,503607,102003,70529,37427,0.9448571640297899,0.2684286021659614
5062,0.6031,15,95,15,503702,101908,70544,37412,0.9439771758864722,0.26853287395923053
5063,0.6032,36,128,36,503830,101780,70580,37376,0.9427915076512653,0.2685906464687114
5064,0.6033,14,31,14,503861,101749,70594,37362,0.9425043536255512,0.26857689183457817
5065,0.6034,35,101,35,503962,101648,70629,37327,0.9415687872837082,0.26858787551717933
5066,0.6035,25,116,25,504078,101532,70654,37302,0.9404942754455519,0.2686805825662302
5067,0.6036,31,101,31,504179,101431,70685,37271,0.9395587091037089,0.2687127799166559
5068,0.6037,42,114,42,504293,101317,70727,37229,0.9385027233317278,0.2687121966711417
5069,0.6038,22,70,22,504363,101247,70749,37207,0.9378543110155989,0.26873185317867304
5070,0.6039,25,85,25,504448,101162,70774,37182,0.9370669532031568,0.2687648181345053
5071,0.604,13,78,13,504526,101084,70787,37169,0.9363444366223276,0.2688476922743087
5072,0.6041,25,97,25,504623,100987,70812,37144,0.9354459224128349,0.2689041561995497
5073,0.6042,29,88,29,504711,100899,70841,37115,0.93463077550113,0.2689219934209573
5074,0.6043,32,129,32,504840,100770,70873,37083,0.9334358442328357,0.2690039389784771
5075,0.6044,36,114,36,504954,100656,70909,37047,0.9323798584608545,0.26903553299492383
5076,0.6045,29,90,29,505044,100566,70938,37018,0.9315461854829745,0.269057448540528
5077,0.6046,22,109,22,505153,100457,70960,36996,0.9305365148764312,0.2691538198511491
5078,0.6047,24,70,24,505223,100387,70984,36972,0.9298881025603023,0.26916328744385154
5079,0.6048,49,136,49,505359,100251,71033,36923,0.928628330060395,0.2691690845203902
5080,0.6049,32,122,32,505481,100129,71065,36891,0.9274982400237134,0.2692380674354109
5081,0.605,23,92,23,505573,100037,71088,36868,0.9266460409796584,0.269296227310909
5082,0.6051,21,74,21,505647,99963,71109,36847,0.9259605765311794,0.26932972735911115
5083,0.6052,38,158,38,505805,99805,71147,36809,0.9244970173033458,0.2694379785380708
5084,0.6053,19,91,19,505896,99714,71166,36790,0.9236540812923784,0.26951591162163746
5085,0.6054,23,100,23,505996,99614,71189,36767,0.9227277779836229,0.26959033883018896
5086,0.6055,36,121,36,506117,99493,71225,36731,0.9216069509800289,0.269636774723984
5087,0.6056,20,70,20,506187,99423,71245,36711,0.9209585386639001,0.2696681211159593
5088,0.6057,25,77,25,506264,99346,71270,36686,0.9202452851161584,0.26968654434250766
5089,0.6058,10,57,10,506321,99289,71280,36676,0.9197172922301678,0.26974589048652226
5090,0.6059,43,120,43,506441,99169,71323,36633,0.9186057282596614,0.2697530227831696
5091,0.606,29,63,29,506504,99106,71352,36604,0.9180221571751455,0.26972220175373957
5092,0.6061,26,134,26,506638,98972,71378,36578,0.9167809107414132,0.2698487642936186
5093,0.6062,25,101,25,506739,98871,71403,36553,0.9158453443995702,0.26991522920604916
5094,0.6063,37,118,37,506857,98753,71440,36516,0.9147523064952388,0.2699509865527209
5095,0.6064,13,81,13,506938,98672,71453,36503,0.9140020008151469,0.27004253745145185
5096,0.6065,21,91,21,507029,98581,71474,36482,0.9131590648041795,0.2701109852439232
5097,0.6066,15,52,15,507081,98529,71489,36467,0.9126773870836267,0.2701339298942191
5098,0.6067,47,143,47,507224,98386,71536,36420,0.9113527733521064,0.27016601634942067
5099,0.6068,22,75,22,507299,98311,71558,36398,0.9106580458705399,0.27019723997654205
5100,0.6069,33,96,33,507395,98215,71591,36365,0.9097687946941346,0.270211026898499
5101,0.607,19,63,19,507458,98152,71610,36346,0.9091852236096187,0.270234501628277
5102,0.6071,32,87,32,507545,98065,71642,36314,0.9083793397310015,0.27023567670543763
5103,0.6072,26,69,26,507614,97996,71668,36288,0.9077401904479603,0.2702332370200471
5104,0.6073,11,61,11,507675,97935,71679,36277,0.9071751454296195,0.27029624772747596
5105,0.6074,35,118,35,507793,97817,71714,36242,0.9060821075252881,0.2703436546595156
5106,0.6075,29,115,29,507908,97702,71743,36213,0.9050168587202193,0.2704178023373035
5107,0.6076,18,54,18,507962,97648,71761,36195,0.9045166549334914,0.2704287859656463
5108,0.6077,13,75,13,508037,97573,71774,36182,0.9038219274519249,0.27050951366304066
5109,0.6078,28,111,28,508148,97462,71802,36154,0.9027937307792063,0.2705813675008981
5110,0.6079,13,43,13,508191,97419,71815,36141,0.9023954203564415,0.2705974842767296
5111,0.608,32,106,32,508297,97313,71847,36109,0.9014135388491608,0.27063752604517993
5112,0.6081,31,101,31,508398,97212,71878,36078,0.9004779725073178,0.2706729687148323
5113,0.6082,14,53,14,508451,97159,71892,36064,0.8999870317536774,0.27070400756626106
5114,0.6083,22,83,22,508534,97076,71914,36042,0.8992182000074104,0.2707522649078261
5115,0.6084,21,74,21,508608,97002,71935,36021,0.8985327355589314,0.2707877585079272
5116,0.6085,18,53,18,508661,96949,71953,36003,0.898041794805291,0.27079697936097236
5117,0.6086,30,112,30,508773,96837,71983,35973,0.897004335099485,0.2708606279647617
5118,0.6087,33,137,33,508910,96700,72016,35940,0.89573529956649,0.2709589867310012
5119,0.6088,30,82,30,508992,96618,72046,35910,0.8949757308533106,0.2709616081130025
5120,0.6089,45,133,45,509125,96485,72091,35865,0.8937437474526659,0.27098602191159804
5121,0.609,11,34,11,509159,96451,72102,35854,0.893428804327689,0.270995049317864
5122,0.6091,47,162,47,509321,96289,72149,35807,0.8919281929675053,0.27106801114341084
5123,0.6092,26,63,26,509384,96226,72175,35781,0.8913446218829894,0.27105380775261917
5124,0.6093,26,102,26,509486,96124,72201,35755,0.8903997925080588,0.27111973854821464
5125,0.6094,26,42,26,509528,96082,72227,35729,0.8900107451183815,0.2710623544317242
5126,0.6095,11,52,11,509580,96030,72238,35718,0.8895290673978288,0.2711084798251207
5127,0.6096,17,74,17,509654,95956,72255,35701,0.8888436029493497,0.27116674388752593
5128,0.6097,23,80,23,509734,95876,72278,35678,0.8881025603023454,0.2712042203201727
5129,0.6098,26,71,26,509805,95805,72304,35652,0.887444884953129,0.2712065542344645
5130,0.6099,18,90,18,509895,95715,72322,35634,0.8866112119752492,0.27129251079185984
5131,0.61,23,59,23,509954,95656,72345,35611,0.8860646930230834,0.2712867666664127
5132,0.6101,15,56,15,510010,95600,72360,35596,0.8855459631701804,0.2713192475380347
5133,0.6102,19,57,19,510067,95543,72379,35577,0.8850179702841898,0.27133160463697376
5134,0.6103,13,68,13,510135,95475,72392,35564,0.8843880840342362,0.27140011752226434
5135,0.6104,31,107,31,510242,95368,72423,35533,0.8833969394938679,0.2714494159708482
5136,0.6105,22,51,22,510293,95317,72445,35511,0.8829245248064026,0.2714327208242884
5137,0.6106,25,71,25,510364,95246,72470,35486,0.8822668494571863,0.27144081020714134
5138,0.6107,25,114,25,510478,95132,72495,35461,0.8812108636852051,0.2715382907200233
5139,0.6108,27,97,27,510575,95035,72522,35434,0.8803123494757124,0.2715894197088964
5140,0.6109,26,103,26,510678,94932,72548,35408,0.8793582570676942,0.2716587386834433
5141,0.611,17,80,17,510758,94852,72565,35391,0.87861721442069,0.2717305344625047
5142,0.6111,18,78,18,510836,94774,72583,35373,0.8778946978398607,0.27179266521702383
5143,0.6112,19,64,19,510900,94710,72602,35354,0.8773018637222573,0.2718200270635995
5144,0.6113,13,57,13,510957,94653,72615,35341,0.8767738708362667,0.27186639383356154
5145,0.6114,17,48,17,511005,94605,72632,35324,0.876329245248064,0.27187156062157025
5146,0.6115,36,83,36,511088,94522,72668,35288,0.875560413501797,0.27184346352361144
5147,0.6116,20,73,20,511161,94449,72688,35268,0.8748842120864055,0.27188417863502856
5148,0.6117,18,82,18,511243,94367,72706,35250,0.8741246433732262,0.27195506762230265
5149,0.6118,60,163,60,511406,94204,72766,35190,0.8726147689799548,0.27196005997186884
5150,0.6119,24,95,24,511501,94109,72790,35166,0.8717347808366371,0.2720247534326049
5151,0.612,27,105,27,511606,94004,72817,35139,0.870762162362444,0.2720937255600381
5152,0.6121,22,72,22,511678,93932,72839,35117,0.87009522398014,0.272121442242869
5153,0.6122,36,118,36,511796,93814,72875,35081,0.8690021860758087,0.2721672679312619
5154,0.6123,12,68,12,511864,93746,72887,35069,0.868372299825855,0.2722431393859411
5155,0.6124,19,65,19,511929,93681,72906,35050,0.8677702026751639,0.27227318982995546
5156,0.6125,26,105,26,512034,93576,72932,35024,0.8667975842009707,0.272348367029549
5157,0.6126,23,100,23,512134,93476,72955,35001,0.8658712808922153,0.27243008476225317
5158,0.6127,41,136,41,512270,93340,72996,34960,0.8646115083923079,0.2724863600935308
5159,0.6128,18,60,18,512330,93280,73014,34942,0.8640557264070547,0.2725117374553509
5160,0.6129,34,102,34,512432,93178,73048,34908,0.8631108970321242,0.27253564011679654
5161,0.613,27,73,27,512505,93105,73075,34881,0.8624346956167327,0.27253762130232995
5162,0.6131,35,111,35,512616,92994,73110,34846,0.8614064989440142,0.2725750938673342
5163,0.6132,12,62,12,512678,92932,73122,34834,0.8608321908925859,0.2726390432509431
5164,0.6133,27,104,27,512782,92828,73149,34807,0.8598688354514802,0.27270732949426096
5165,0.6134,29,80,29,512862,92748,73178,34778,0.8591277928044759,0.27271301538509796
5166,0.6135,30,91,30,512953,92657,73208,34748,0.8582848567935085,0.27273654880106746
5167,0.6136,28,77,28,513030,92580,73236,34720,0.8575716032457668,0.27274155538098976
5168,0.6137,14,52,14,513082,92528,73250,34706,0.857089925525214,0.27277300092742507
5169,0.6138,16,53,16,513135,92475,73266,34690,0.8565989847715736,0.2727951873550112
5170,0.6139,32,79,32,513214,92396,73298,34658,0.8558672051576568,0.2727816518960442
5171,0.614,36,88,36,513302,92308,73334,34622,0.8550520582459521,0.2727645158748917
5172,0.6141,30,91,30,513393,92217,73364,34592,0.8542091222349846,0.27278820903879064
5173,0.6142,34,134,34,513527,92083,73398,34558,0.8529678758012523,0.2728816102210185
5174,0.6143,19,79,19,513606,92004,73417,34539,0.8522360961873355,0.27294279414902445
5175,0.6144,28,90,28,513696,91914,73445,34511,0.8514024232094557,0.27297607277041724
5176,0.6145,28,88,28,513784,91826,73473,34483,0.8505872762977509,0.2730050906902913
5177,0.6146,10,48,10,513832,91778,73483,34473,0.8501426507095483,0.2730513025639401
5178,0.6147,15,70,15,513902,91708,73498,34458,0.8494942383934195,0.27311637049601317
5179,0.6148,25,130,25,514032,91578,73523,34433,0.8482900440920375,0.27325392227662665
5180,0.6149,26,117,26,514149,91461,73549,34407,0.8472062692207937,0.27335780341309945
5181,0.615,24,61,24,514210,91400,73573,34383,0.8466412242024528,0.2733517247958786
5182,0.6151,36,90,36,514300,91310,73609,34347,0.845807551224573,0.2733393284894594
5183,0.6152,29,101,29,514401,91209,73638,34318,0.84487198488273,0.2733913819337672
5184,0.6153,25,117,25,514518,91092,73663,34293,0.8437882100114862,0.2735016150257208
5185,0.6154,11,51,11,514569,91041,73674,34282,0.8433157953240209,0.27354914899898664
5186,0.6155,13,77,13,514646,90964,73687,34269,0.8426025417762792,0.2736419314397962
5187,0.6156,15,54,15,514700,90910,73702,34254,0.8421023379895513,0.2736729411012751
5188,0.6157,32,72,32,514772,90838,73734,34222,0.8414353996072474,0.27364465056772747
5189,0.6158,34,107,34,514879,90731,73768,34188,0.8404442550668791,0.2736813455118917
5190,0.6159,27,81,27,514960,90650,73795,34161,0.8396939493867872,0.2737018371778129
5191,0.616,19,53,19,515013,90597,73814,34142,0.8392030086331468,0.2737075012626364
5192,0.6161,35,108,35,515121,90489,73849,34107,0.838202601059691,0.2737407300394876
5193,0.6162,19,89,19,515210,90400,73868,34088,0.8373781911148986,0.2738255896150633
5194,0.6163,31,98,31,515308,90302,73899,34057,0.8364704138723184,0.27386035590508123
5195,0.6164,47,188,47,515496,90114,73946,34010,0.8347289636518581,0.27400019335503206
5196,0.6165,22,76,22,515572,90038,73968,33988,0.834024973137204,0.2740393143373164
5197,0.6166,21,90,21,515662,89948,73989,33967,0.8331913001593242,0.27411532098615987
5198,0.6167,22,78,22,515740,89870,74011,33945,0.832468783578495,0.27415902758147237
5199,0.6168,23,76,23,515816,89794,74034,33922,0.8317647930638409,0.27419250541562934
5200,0.6169,23,78,23,515894,89716,74057,33899,0.8310422764830115,0.27423047364802006
5201,0.617,40,139,40,516033,89577,74097,33859,0.8297547148838416,0.27430409280922907
5202,0.6171,27,65,27,516098,89512,74124,33832,0.8291526177331505,0.27428979115319757
5203,0.6172,29,89,29,516187,89423,74153,33803,0.8283282077883583,0.27431710840244755
5204,0.6173,27,84,27,516271,89339,74180,33776,0.8275501130090037,0.2743451244771149
5205,0.6174,20,100,20,516371,89239,74200,33756,0.8266238097002483,0.2744501809016627
5206,0.6175,35,96,35,516467,89143,74235,33721,0.825734558523843,0.2744579372314103
5207,0.6176,16,80,16,516547,89063,74251,33705,0.8249935158768387,0.27454222598722794
5208,0.6177,48,154,48,516701,88909,74299,33657,0.8235670087813554,0.27460307099848247
5209,0.6178,33,137,33,516838,88772,74332,33624,0.8222979732483604,0.27471485996274386
5210,0.6179,28,69,28,516907,88703,74360,33596,0.8216588239653192,0.2747037997040041
5211,0.618,42,133,42,517040,88570,74402,33554,0.8204268405646745,0.2747535291998297
5212,0.6181,16,67,16,517107,88503,74418,33538,0.8198062173478083,0.2748092854040855
5213,0.6182,15,70,15,517177,88433,74433,33523,0.8191578050316796,0.27487782478926825
5214,0.6183,17,66,17,517243,88367,74450,33506,0.818546444847901,0.27492553723958546
5215,0.6184,36,85,36,517328,88282,74486,33470,0.8177590870354589,0.274903081674223
5216,0.6185,10,36,10,517364,88246,74496,33460,0.8174256178443069,0.2749248188256947
5217,0.6186,30,79,30,517443,88167,74526,33430,0.8166938382303902,0.27492454583583475
5218,0.6187,30,109,30,517552,88058,74556,33400,0.8156841676238468,0.27499217836618417
5219,0.6188,13,71,13,517623,87987,74569,33387,0.8150264922746304,0.2750753868209007
5220,0.6189,30,107,30,517730,87880,74599,33357,0.8140353477342621,0.27513877776586354
5221,0.619,63,214,63,517944,87666,74662,33294,0.8120530586535255,0.2752480158730159
5222,0.6191,11,36,11,517980,87630,74673,33283,0.8117195894623735,0.27526403281698414
5223,0.6192,16,64,16,518044,87566,74689,33267,0.8111267553447701,0.2753138629347943
5224,0.6193,22,84,22,518128,87482,74711,33245,0.8103486605654155,0.2753733630422358
5225,0.6194,29,90,29,518218,87392,74740,33216,0.8095149875875357,0.27540461660918014
5226,0.6195,19,72,19,518290,87320,74759,33197,0.8088480492052318,0.2754549150742219
5227,0.6196,23,129,23,518419,87191,74782,33174,0.8076531179369373,0.275611681136543
5228,0.6197,29,136,29,518555,87055,74811,33145,0.8063933454370299,0.2757487520798669
5229,0.6198,14,30,14,518585,87025,74825,33131,0.8061154544444032,0.2757332134891308
5230,0.6199,35,127,35,518712,86898,74860,33096,0.8049390492422839,0.2758137906895345
5231,0.62,43,148,43,518860,86750,74903,33053,0.8035681203453259,0.2758945936245336
5232,0.6201,16,63,16,518923,86687,74919,33037,0.80298454926081,0.27594300223848184
5233,0.6202,16,63,16,518986,86624,74935,33021,0.8024009781762941,0.2759914747795562
5234,0.6203,24,94,24,519080,86530,74959,32997,0.801530253066064,0.2760631489119613
5235,0.6204,31,94,31,519174,86436,74990,32966,0.8006595279558338,0.276092527763354
5236,0.6205,34,79,34,519253,86357,75024,32932,0.799927748341917,0.2760690424096103
5237,0.6206,23,94,23,519347,86263,75047,32909,0.799057023231687,0.2761470815292183
5238,0.6207,34,121,34,519468,86142,75081,32875,0.797936196228093,0.2762210440525303
5239,0.6208,15,65,15,519533,86077,75096,32860,0.7973340990774019,0.2762807200450659
5240,0.6209,26,42,26,519575,86035,75122,32834,0.7969450516877247,0.2762200405488395
5241,0.621,28,90,28,519665,85945,75150,32806,0.7961113787098447,0.27625872624230535
5242,0.6211,22,99,22,519764,85846,75172,32784,0.7951943384341769,0.27635505352777545
5243,0.6212,26,76,26,519840,85770,75198,32758,0.7944903479195228,0.2763735151187905
5244,0.6213,35,84,35,519924,85686,75233,32723,0.7937122531401682,0.2763556824227888
5245,0.6214,26,94,26,520018,85592,75259,32697,0.7928415280299381,0.27641623481473343
5246,0.6215,19,71,19,520089,85521,75278,32678,0.7921838526807218,0.2764659599488997
5247,0.6216,23,74,23,520163,85447,75301,32655,0.7914983882322427,0.2764982811468053
5248,0.6217,29,88,29,520251,85359,75330,32626,0.790683241320538,0.27652667711997286
5249,0.6218,19,86,19,520337,85273,75349,32607,0.7898866204750083,0.27661180861893453
5250,0.6219,44,144,44,520481,85129,75393,32563,0.7885527437104005,0.27667980831322436
5251,0.622,6,29,6,520510,85100,75399,32557,0.7882841157508614,0.27671111791053654
5252,0.6221,31,91,31,520601,85009,75430,32526,0.787441179739894,0.2767345896966861
5253,0.6222,30,106,30,520707,84903,75460,32496,0.7864592982326133,0.2767996320241229
5254,0.6223,17,48,17,520755,84855,75477,32479,0.7860146726444107,0.2768080863176914
5255,0.6224,38,128,38,520883,84727,75515,32441,0.7848290044092038,0.2768759388228868
5256,0.6225,23,86,23,520969,84641,75538,32418,0.7840323835636741,0.27693727094883774
5257,0.6226,48,127,48,521096,84514,75586,32370,0.7828559783615547,0.27694124088840216
5258,0.6227,38,131,38,521227,84383,75624,32332,0.7816425210270851,0.2770166645246969
5259,0.6228,22,68,22,521295,84315,75646,32310,0.7810126347771315,0.2770418006430868
5260,0.6229,30,78,30,521373,84237,75676,32280,0.7802901181963022,0.2770411184634002
5261,0.623,12,68,12,521441,84169,75688,32268,0.7796602319463485,0.27712840420141366
5262,0.6231,22,77,22,521518,84092,75710,32246,0.7789469783986068,0.2771751276453094
5263,0.6232,35,86,35,521604,84006,75745,32211,0.7781503575530772,0.2771625493688531
5264,0.6233,35,104,35,521708,83902,75780,32176,0.7771870021119716,0.27719292200072365
5265,0.6234,20,85,20,521793,83817,75800,32156,0.7763996442995295,0.27727143386822795
5266,0.6235,19,76,19,521869,83741,75819,32137,0.7756956537848754,0.27733478313398574
5267,0.6236,12,37,12,521906,83704,75831,32125,0.7753529215606358,0.2773485051239327
5268,0.6237,26,96,26,522002,83608,75857,32099,0.7744636703842306,0.2774162323800634
5269,0.6238,35,102,35,522104,83506,75892,32064,0.7735188410093001,0.2774422427965735
5270,0.6239,22,111,22,522215,83395,75914,32042,0.7724906443365815,0.27757131595588935
5271,0.624,43,97,43,522312,83298,75957,31999,0.7715921301270888,0.2775354085535617
5272,0.6241,35,114,35,522426,83184,75992,31964,0.7705361443551076,0.2775905790808351
5273,0.6242,16,46,16,522472,83138,76008,31948,0.7701100448330801,0.2776010983090906
5274,0.6243,32,113,32,522585,83025,76040,31916,0.7690633220941865,0.27767289304947756
5275,0.6244,24,81,24,522666,82944,76064,31892,0.7683130164140947,0.2777177888467031
5276,0.6245,17,62,17,522728,82882,76081,31875,0.7677387083626662,0.2777608337617749
5277,0.6246,16,65,16,522793,82817,76097,31859,0.7671366112119753,0.2778175032264816
5278,0.6247,23,66,23,522859,82751,76120,31836,0.7665252510281967,0.27783256390340966
5279,0.6248,26,76,26,522935,82675,76146,31810,0.7658212605135426,0.277852993841988
5280,0.6249,21,87,21,523022,82588,76167,31789,0.7650153766349254,0.27793175201307957
5281,0.625,27,71,27,523093,82517,76194,31762,0.764357701285709,0.277933828612431
5282,0.6251,22,79,22,523172,82438,76216,31740,0.7636259216717922,0.27798700275009197
5283,0.6252,39,154,39,523326,82284,76255,31701,0.7621994145763089,0.2781155415186209
5284,0.6253,49,187,49,523513,82097,76304,31652,0.7604672273889362,0.2782617869168081
5285,0.6254,27,63,27,523576,82034,76331,31625,0.7598836563044203,0.27824457368092276
5286,0.6255,24,50,24,523626,81984,76355,31601,0.7594205046500426,0.278214552977946
5287,0.6256,35,79,35,523705,81905,76390,31566,0.7586887250361258,0.27818561570797823
5288,0.6257,12,54,12,523759,81851,76402,31554,0.758188521249398,0.2782417001014065
5289,0.6258,23,62,23,523821,81789,76425,31531,0.7576142131979695,0.2782474408753971
5290,0.6259,58,121,58,523942,81668,76483,31473,0.7564933861943755,0.2781750205495797
5291,0.626,23,82,23,524024,81586,76506,31450,0.7557338174811961,0.2782299444424785
5292,0.6261,27,79,27,524103,81507,76533,31423,0.7550020378672793,0.27825201452227044
5293,0.6262,35,100,35,524203,81407,76568,31388,0.7540757345585238,0.27827474622102044
5294,0.6263,28,99,28,524302,81308,76596,31360,0.753158694282856,0.27833990130294317
5295,0.6264,29,108,29,524410,81200,76625,31331,0.7521582867094001,0.27842105730865274
5296,0.6265,15,44,15,524454,81156,76640,31316,0.7517507132535477,0.2784337435094957
5297,0.6266,36,79,36,524533,81077,76676,31280,0.751018933639631,0.27839831964185585
5298,0.6267,38,154,38,524687,80923,76714,31242,0.7495924265441476,0.27853608523157847
5299,0.6268,22,68,22,524755,80855,76736,31220,0.748962540294194,0.27856346196743254
5300,0.6269,27,95,27,524850,80760,76763,31193,0.7480825521508763,0.27862585192000217
5301,0.627,25,57,25,524907,80703,76788,31168,0.7475545592648857,0.2786066093983249
5302,0.6271,6,33,6,524940,80670,76794,31162,0.7472488791729964,0.27865011803419415
5303,0.6272,23,62,23,525002,80608,76817,31139,0.7466745711215681,0.2786562502796496
5304,0.6273,31,97,31,525099,80511,76848,31108,0.7457760569120753,0.2786980711169245
5305,0.6274,27,97,27,525196,80414,76875,31081,0.7448775427025826,0.278765863940087
5306,0.6275,26,89,26,525285,80325,76901,31055,0.7440531327577902,0.2788202549829413
5307,0.6276,42,86,42,525371,80239,76943,31013,0.7432565119122605,0.2787635278466904
5308,0.6277,43,140,43,525511,80099,76986,30970,0.7419596872800029,0.27883567872223575
5309,0.6278,19,66,19,525577,80033,77005,30951,0.7413483270962243,0.27887803647372594
5310,0.6279,28,103,28,525680,79930,77033,30923,0.7403942346882063,0.2789550124940236
5311,0.628,21,118,21,525798,79812,77054,30902,0.739301196783875,0.2791155590078942
5312,0.6281,35,129,35,525927,79683,77089,30867,0.7381062655155805,0.27921302578018997
5313,0.6282,12,47,12,525974,79636,77101,30855,0.7376709029604653,0.27925351386085745
5314,0.6283,25,56,25,526030,79580,77126,30830,0.7371521731075623,0.27923195362738884
5315,0.6284,41,131,41,526161,79449,77167,30789,0.7359387157730928,0.2792957056550373
5316,0.6285,24,66,24,526227,79383,77191,30765,0.7353273555893142,0.27930602462141846
5317,0.6286,28,85,28,526312,79298,77219,30737,0.7345399977768721,0.27933839232971325
5318,0.6287,35,79,35,526391,79219,77254,30702,0.7338082181629553,0.2793096860472521
5319,0.6288,21,135,21,526526,79084,77275,30681,0.7325577086961355,0.27951532820115704
5320,0.6289,22,63,22,526589,79021,77297,30659,0.7319741376116196,0.2795313639679066
5321,0.629,45,138,45,526727,78883,77342,30614,0.730695839045537,0.27958756860918565
5322,0.6291,24,84,24,526811,78799,77366,30590,0.7299177442661825,0.27964420554169067
5323,0.6292,32,98,32,526909,78701,77398,30558,0.7290099670236022,0.27968405348758457
5324,0.6293,21,80,21,526989,78621,77419,30537,0.7282689243765978,0.27975045347111527
5325,0.6294,35,137,35,527126,78484,77454,30502,0.726999888843603,0.2798708090947461
5326,0.6295,37,106,37,527232,78378,77491,30465,0.7260180073363222,0.2798985694991869
5327,0.6296,43,85,43,527317,78293,77534,30422,0.72523064952388,0.27983258979901576
5328,0.6297,18,65,18,527382,78228,77552,30404,0.7246285523731891,0.2798806981368289
5329,0.6298,33,88,33,527470,78140,77585,30371,0.7238134054614843,0.27988867488088764
5330,0.6299,17,58,17,527528,78082,77602,30354,0.7232761495424062,0.27992548600095907
5331,0.63,29,148,29,527676,77934,77631,30325,0.7219052206454482,0.2801152790991973
5332,0.6301,35,152,35,527828,77782,77666,30290,0.7204972396161399,0.28027611222148197
5333,0.6302,12,56,12,527884,77726,77678,30278,0.7199785097632369,0.28034146883448763
5334,0.6303,25,70,25,527954,77656,77703,30253,0.7193300974471081,0.2803565967620866
5335,0.6304,29,73,29,528027,77583,77732,30224,0.7186538960317166,0.2803528527832144
5336,0.6305,25,86,25,528113,77497,77757,30199,0.7178572751861869,0.2804096716683999
5337,0.6306,19,59,19,528172,77438,77776,30180,0.7173107562340213,0.2804363582300359
5338,0.6307,25,68,25,528240,77370,77801,30155,0.7166808699840675,0.2804464078121367
5339,0.6308,16,50,16,528290,77320,77817,30139,0.7162177183296898,0.2804697605598414
5340,0.6309,39,124,39,528414,77196,77856,30100,0.7150691022268332,0.2805323590814196
5341,0.631,28,73,28,528487,77123,77884,30072,0.7143929008114417,0.2805354727366015
5342,0.6311,37,81,37,528568,77042,77921,30035,0.7136425951313498,0.28049908010123553
5343,0.6312,56,162,56,528730,76880,77977,29979,0.712141983771166,0.28054726321601364
5344,0.6313,29,73,29,528803,76807,78006,29950,0.7114657823557746,0.2805436645840554
5345,0.6314,17,72,17,528875,76735,78023,29933,0.7107988439734707,0.2806183672704091
5346,0.6315,23,76,23,528951,76659,78046,29910,0.7100948534588165,0.2806632322720491
5347,0.6316,21,82,21,529033,76577,78067,29889,0.7093352847456371,0.2807375124452877
5348,0.6317,28,75,28,529108,76502,78095,29861,0.7086405572640705,0.28074612412211014
5349,0.6318,41,102,41,529210,76400,78136,29820,0.70769572788914,0.2807380907550367
5350,0.6319,23,68,23,529278,76332,78159,29797,0.7070658416391863,0.28076209141704905
5351,0.632,24,98,24,529376,76234,78183,29773,0.706158064396606,0.28085881121058043
5352,0.6321,34,107,34,529483,76127,78217,29739,0.7051669198562377,0.2809117185876485
5353,0.6322,58,127,58,529610,76000,78275,29681,0.7039905146541183,0.2808546474768407
5354,0.6323,49,201,49,529811,75799,78324,29632,0.7021286450035199,0.28105585643691133
5355,0.6324,28,102,28,529913,75697,78352,29604,0.7011838156285894,0.28113693127320727
5356,0.6325,38,108,38,530021,75589,78390,29566,0.7001834080551336,0.28116589796015407
5357,0.6326,14,70,14,530091,75519,78404,29552,0.6995349957390048,0.2812574354484111
5358,0.6327,29,121,29,530212,75398,78433,29523,0.6984141687354107,0.2813831358831883
5359,0.6328,47,91,47,530303,75307,78480,29476,0.6975712327244433,0.2813051735491444
5360,0.6329,8,22,8,530325,75285,78488,29468,0.6973674459965171,0.2813093658415511
5361,0.633,13,41,13,530366,75244,78501,29455,0.6969876616399274,0.2813302896875806
5362,0.6331,27,60,27,530426,75184,78528,29428,0.6964318796546741,0.2813061599051734
5363,0.6332,19,71,19,530497,75113,78547,29409,0.6957742043054578,0.281366602246417
5364,0.6333,20,61,20,530558,75052,78567,29389,0.695209159287117,0.2813933225457435
5365,0.6334,36,112,36,530670,74940,78603,29353,0.6941716995813109,0.2814474605198815
5366,0.6335,27,65,27,530735,74875,78630,29326,0.6935696024306199,0.2814368384180574
5367,0.6336,47,120,47,530855,74755,78677,29279,0.6924580384601133,0.2814368379568218
5368,0.6337,41,111,41,530966,74644,78718,29238,0.6914298417873949,0.2814539573747136
5369,0.6338,21,63,21,531029,74581,78739,29217,0.690846270702879,0.28147941193471937
5370,0.6339,26,95,26,531124,74486,78765,29191,0.6899662825595613,0.28155714382167696
5371,0.634,12,41,12,531165,74445,78777,29179,0.6895864982029716,0.28158534702385546
5372,0.6341,16,63,16,531228,74382,78793,29163,0.6890029271184557,0.28164566130667823
5373,0.6342,57,161,57,531389,74221,78850,29106,0.6875115787913595,0.28168823250457287
5374,0.6343,11,63,11,531452,74158,78861,29095,0.6869280077068435,0.2817835801381074
5375,0.6344,38,99,38,531551,74059,78899,29057,0.6860109674311756,0.2817894410178828
5376,0.6345,12,85,12,531636,73974,78911,29045,0.6852236096187335,0.2819382832293072
5377,0.6346,40,127,40,531763,73847,78951,29005,0.6840472044166142,0.28200715591335124
5378,0.6347,44,145,44,531908,73702,78995,28961,0.6827040646189189,0.28209773725685006
5379,0.6348,23,82,23,531990,73620,79018,28938,0.6819444959057394,0.28216228865617504
5380,0.6349,25,76,25,532066,73544,79043,28913,0.6812405053910853,0.28219643362581376
5381,0.635,34,78,34,532144,73466,79077,28879,0.680517988810256,0.2821730421613171
5382,0.6351,28,63,28,532207,73403,79105,28851,0.6799344177257401,0.282150331527373
5383,0.6352,22,60,22,532267,73343,79127,28829,0.6793786357404868,0.28216145323572017
5384,0.6353,42,134,42,532401,73209,79169,28787,0.6781373893067546,0.28223655829640376
5385,0.6354,16,69,16,532470,73140,79185,28771,0.6774982400237134,0.2823149610935032
5386,0.6355,54,216,54,532686,72924,79239,28717,0.6754974248768016,0.2825336232425891
5387,0.6356,27,98,27,532784,72826,79266,28690,0.6745896476342214,0.2826155482879546
5388,0.6357,33,75,33,532859,72751,79299,28657,0.6738949201526547,0.2825911170716314
5389,0.6358,22,79,22,532938,72672,79321,28635,0.673163140538738,0.2826556901300009
5390,0.6359,33,85,33,533023,72587,79354,28602,0.672375782726296,0.2826591823221892
5391,0.636,19,80,19,533103,72507,79373,28583,0.6716347400792916,0.28274804629538036
5392,0.6361,40,100,40,533203,72407,79413,28543,0.6707084367705362,0.28274393263992076
5393,0.6362,32,87,32,533290,72320,79445,28511,0.6699025528919189,0.28276026222094397
5394,0.6363,46,140,46,533430,72180,79491,28465,0.6686057282596614,0.28282577375925283
5395,0.6364,21,60,21,533490,72120,79512,28444,0.6680499462744081,0.28284475557853705
5396,0.6365,25,74,25,533564,72046,79537,28419,0.6673644818259291,0.2828746329567511
5397,0.6366,20,114,20,533678,71932,79557,28399,0.6663084960539479,0.283053094258006
5398,0.6367,25,54,25,533732,71878,79582,28374,0.6658082922672199,0.2830267725332163
5399,0.6368,35,129,35,533861,71749,79617,28339,0.6646133609989255,0.28314083606426343
5400,0.6369,29,99,29,533960,71650,79646,28310,0.6636963207232576,0.28321328531412565
5401,0.637,28,74,28,534034,71576,79674,28282,0.6630108562747786,0.28322217548919465
5402,0.6371,25,67,25,534101,71509,79699,28257,0.6623902330579124,0.28323276466932623
5403,0.6372,33,94,33,534195,71415,79732,28224,0.6615195079476824,0.28326257790624154
5404,0.6373,26,90,26,534285,71325,79758,28198,0.6606858349698025,0.28333149121308643
5405,0.6374,27,73,27,534358,71252,79785,28171,0.660009633554411,0.28334490007342367
5406,0.6375,39,120,39,534478,71132,79824,28132,0.6588980695839045,0.2834058671824629
5407,0.6376,22,77,22,534555,71055,79846,28110,0.6581848160361629,0.2834669490243534
5408,0.6377,33,66,33,534621,70989,79879,28077,0.6575734558523844,0.2834171158621525
5409,0.6378,36,96,36,534717,70893,79915,28041,0.6566842046759791,0.2834313784947541
5410,0.6379,17,72,17,534789,70821,79932,28024,0.6560172662936752,0.2835145935555668
5411,0.638,34,76,34,534865,70745,79966,27990,0.6553132757790211,0.2834860991543019
5412,0.6381,29,89,29,534954,70656,79995,27961,0.6544888658342287,0.2835312370078181
5413,0.6382,22,71,22,535025,70585,80017,27939,0.6538311904850124,0.2835755754942958
5414,0.6383,11,58,11,535083,70527,80028,27928,0.6532939345659343,0.28366258696866586
5415,0.6384,28,85,28,535168,70442,80056,27900,0.6525065767534922,0.28370380915580323
5416,0.6385,21,90,21,535258,70352,80077,27879,0.6516729037756123,0.28381060968533356
5417,0.6386,53,115,53,535373,70237,80130,27826,0.6506076549705435,0.28375636070689253
5418,0.6387,30,157,30,535530,70080,80160,27796,0.6491533587757975,0.2839919898647268
5419,0.6388,25,93,25,535623,69987,80185,27771,0.6482918966986551,0.28407905235377157
5420,0.6389,21,72,21,535695,69915,80206,27750,0.6476249583163511,0.28413454154507756
5421,0.639,27,68,27,535763,69847,80233,27723,0.6469950720663974,0.28413446756175054
5422,0.6391,40,100,40,535863,69747,80273,27683,0.646068768757642,0.2841321974751103
5423,0.6392,23,72,23,535935,69675,80296,27660,0.645401830375338,0.28417321621205116
5424,0.6393,30,102,30,536037,69573,80326,27630,0.6444570010004076,0.28425048609610815
5425,0.6394,12,47,12,536084,69526,80338,27618,0.6440216384452925,0.2842995964753356
5426,0.6395,23,90,23,536174,69436,80361,27595,0.6431879654674126,0.28439364739103995
5427,0.6396,16,59,16,536233,69377,80377,27579,0.6426414465152469,0.2844486158669912
5428,0.6397,33,83,33,536316,69294,80410,27546,0.6418726147689799,0.28444857496902104
5429,0.6398,22,75,22,536391,69219,80432,27524,0.6411778872874134,0.2845063725540866
5430,0.6399,18,53,18,536444,69166,80450,27506,0.640686946533773,0.28452912942734193
5431,0.64,14,42,14,536486,69124,80464,27492,0.6402978991440957,0.2845491429990892
5432,0.6401,34,90,34,536576,69034,80498,27458,0.6394642261662159,0.2845624507731211
5433,0.6402,16,85,16,536661,68949,80514,27442,0.6386768683537738,0.2846946291666234
5434,0.6403,19,62,19,536723,68887,80533,27423,0.6381025603023454,0.28473678745716957
5435,0.6404,40,137,40,536860,68750,80573,27383,0.6368335247693505,0.2848449543861109
5436,0.6405,40,126,40,536986,68624,80613,27343,0.6356663826003186,0.28492085821167695
5437,0.6406,45,130,45,537116,68494,80658,27298,0.6344621882989366,0.2849716051444797
5438,0.6407,15,77,15,537193,68417,80673,27283,0.633748934751195,0.2850888192267503
5439,0.6408,24,90,24,537283,68327,80697,27259,0.632915261773315,0.2851777456949762
5440,0.6409,15,35,15,537318,68292,80712,27244,0.6325910556152506,0.28516998827667056
5441,0.641,25,55,25,537373,68237,80737,27219,0.6320815887954352,0.28514708347301376
5442,0.6411,39,128,39,537501,68109,80776,27180,0.6308959205602283,0.2852375405345843
5443,0.6412,36,78,36,537579,68031,80812,27144,0.630173403979399,0.2852009456264775
5444,0.6413,11,49,11,537628,67982,80823,27133,0.6297195153581089,0.28526520527782157
5445,0.6414,25,93,25,537721,67889,80848,27108,0.6288580532809663,0.28535637967514765
5446,0.6415,24,83,24,537804,67806,80872,27084,0.6280892215346994,0.2854252292127727
5447,0.6416,17,82,17,537886,67724,80889,27067,0.6273296528215199,0.28554398624341976
5448,0.6417,21,63,21,537949,67661,80910,27046,0.626746081737004,0.2855755118417857
5449,0.6418,34,121,34,538070,67540,80944,27012,0.6256252547334099,0.2856840680260597
5450,0.6419,33,104,33,538174,67436,80977,26979,0.6246618992923043,0.28574908647990255
5451,0.642,33,74,33,538248,67362,81010,26946,0.6239764348438253,0.2857233744751241
5452,0.6421,31,81,31,538329,67281,81041,26915,0.6232261291637333,0.285734001443798
5453,0.6422,25,107,25,538436,67174,81066,26890,0.6222349846233651,0.2858691954414016
5454,0.6423,17,53,17,538489,67121,81083,26873,0.6217440438697247,0.28590122773794074
5455,0.6424,33,96,33,538585,67025,81116,26840,0.6208547926933194,0.2859425771054174
5456,0.6425,44,135,44,538720,66890,81160,26796,0.6196042832264996,0.28601925581196763
5457,0.6426,38,126,38,538846,66764,81198,26758,0.6184371410574678,0.28611449712367143
5458,0.6427,39,112,39,538958,66652,81237,26719,0.6173996813516618,0.2861595141960566
5459,0.6428,23,33,23,538991,66619,81260,26696,0.6170940012597725,0.28608476665059207
5460,0.6429,24,79,24,539070,66540,81284,26672,0.6163622216458557,0.2861434150109428
5461,0.643,24,65,24,539135,66475,81308,26648,0.6157601244951647,0.286159165834434
5462,0.6431,33,134,33,539269,66341,81341,26615,0.6145188780614325,0.28631825810060674
5463,0.6432,23,108,23,539377,66233,81364,26592,0.6135184704879766,0.2864745488823054
5464,0.6433,23,89,23,539466,66144,81387,26569,0.6126940605431843,0.2865725410675957
5465,0.6434,21,101,21,539567,66043,81408,26548,0.6117584942013413,0.28672333164130426
5466,0.6435,20,92,20,539659,65951,81428,26528,0.6109062951572863,0.2868543128710302
5467,0.6436,33,99,33,539758,65852,81461,26495,0.6099892548816185,0.28690699210586157
5468,0.6437,19,71,19,539829,65781,81480,26476,0.6093315795324021,0.2869809336960881
5469,0.6438,21,72,21,539901,65709,81501,26455,0.6086646411500982,0.28704266307885945
5470,0.6439,33,96,33,539997,65613,81534,26422,0.607775389973693,0.2870864345086109
5471,0.644,21,67,21,540064,65546,81555,26401,0.6071547667568269,0.28713280476796416
5472,0.6441,33,104,33,540168,65442,81588,26368,0.6061914113157212,0.28720182986602766
5473,0.6442,24,64,24,540232,65378,81612,26344,0.6055985771981177,0.28721571705806676
5474,0.6443,13,56,13,540288,65322,81625,26331,0.6050798473452147,0.28729010507021047
5475,0.6444,37,133,37,540421,65189,81662,26294,0.60384786394457,0.28741952056666265
5476,0.6445,49,155,49,540576,65034,81711,26245,0.6024120938159991,0.2875250605287087
5477,0.6446,35,91,35,540667,64943,81746,26210,0.6015691578050317,0.28753853411297486
5478,0.6447,44,126,44,540793,64817,81790,26166,0.6004020156359998,0.2875921875515206
5479,0.6448,34,81,34,540874,64736,81824,26132,0.599651709955908,0.2875819870581503
5480,0.6449,37,107,37,540981,64629,81861,26095,0.5986605654155397,0.2876306159340417
5481,0.645,16,57,16,541038,64572,81877,26079,0.5981325725295491,0.28768573981533574
5482,0.6451,21,66,21,541104,64506,81898,26058,0.5975212123457705,0.28773022393003844
5483,0.6452,41,133,41,541237,64373,81939,26017,0.5962892289451258,0.2878305122248036
5484,0.6453,33,123,33,541360,64250,81972,25984,0.5951498758753566,0.28796240884810603
5485,0.6454,20,74,20,541434,64176,81992,25964,0.5944644114268777,0.28804082538273795
5486,0.6455,38,130,38,541564,64046,82030,25926,0.5932602171254956,0.2881563152980927
5487,0.6456,25,57,25,541621,63989,82055,25901,0.592732224239505,0.28814106129714095
5488,0.6457,21,121,21,541742,63868,82076,25880,0.5916113972359109,0.28836297187681065
5489,0.6458,33,124,33,541866,63744,82109,25847,0.5904627811330542,0.28849996093357594
5490,0.6459,21,91,21,541957,63653,82130,25826,0.5896198451220868,0.28862638160909265
5491,0.646,20,101,20,542058,63552,82150,25806,0.5886842787802438,0.28879339286913314
5492,0.6461,34,85,34,542143,63467,82184,25772,0.5878969209678017,0.28879749885139905
5493,0.6462,27,77,27,542220,63390,82211,25745,0.58718366742006,0.2888315476524373
5494,0.6463,45,103,45,542323,63287,82256,25700,0.586229575012042,0.2888062301235012
5495,0.6464,31,111,31,542434,63176,82287,25669,0.5852013783393234,0.28891890370870615
5496,0.6465,30,131,30,542565,63045,82317,25639,0.5839879210048539,0.28910513734157234
5497,0.6466,28,63,28,542628,62982,82345,25611,0.583404349920338,0.2890860451728692
5498,0.6467,47,98,47,542726,62884,82392,25564,0.5824965726777576,0.2890285817655572
5499,0.6468,38,84,38,542810,62800,82430,25526,0.581718477898403,0.2889975771573489
5500,0.6469,22,64,22,542874,62736,82452,25504,0.5811256437807996,0.28902991840435177
5501,0.647,39,96,39,542970,62640,82491,25465,0.5802363926043944,0.2890301344986096
5502,0.6471,17,49,17,543019,62591,82508,25448,0.5797825039831043,0.2890537148309272
5503,0.6472,24,54,24,543073,62537,82532,25424,0.5792823001963763,0.289037186935119
5504,0.6473,24,85,24,543158,62452,82556,25400,0.5784949423839342,0.2891226153075627
5505,0.6474,33,72,33,543230,62380,82589,25367,0.5778280040016303,0.28909250458705144
5506,0.6475,19,64,19,543294,62316,82608,25348,0.5772351698840268,0.28914947983208616
5507,0.6476,35,119,35,543413,62197,82643,25313,0.5761328689466079,0.2892583704719461
5508,0.6477,33,106,33,543519,62091,82676,25280,0.5751509874393271,0.28934085680603405
5509,0.6478,30,92,30,543611,61999,82706,25250,0.5742987883952722,0.28940159772604845
5510,0.6479,20,50,20,543661,61949,82726,25230,0.5738356367408944,0.28940455843723834
5511,0.648,9,35,9,543696,61914,82735,25221,0.57351143058283,0.2894474091926321
5512,0.6481,19,74,19,543770,61840,82754,25202,0.572825966134351,0.2895383837687553
5513,0.6482,23,100,23,543870,61740,82777,25179,0.5718996628255956,0.28968349842957236
5514,0.6483,22,59,22,543929,61681,82799,25157,0.57135314387343,0.28970036159285106
5515,0.6484,28,81,28,544010,61600,82827,25129,0.570602838193338,0.2897416089197385
5516,0.6485,15,75,15,544085,61525,82842,25114,0.5699081107117715,0.28986945832708133
5517,0.6486,25,88,25,544173,61437,82867,25089,0.5690929638000667,0.28995908744192495
5518,0.6487,22,63,22,544236,61374,82889,25067,0.5685093927155508,0.2899897039599264
5519,0.6488,36,108,36,544344,61266,82925,25031,0.5675089851420949,0.2900564330162115
5520,0.6489,23,55,23,544399,61211,82948,25008,0.5669995183222795,0.29005207668843297
5521,0.649,24,95,24,544494,61116,82972,24984,0.5661195301789618,0.2901742160278746
5522,0.6491,34,105,34,544599,61011,83006,24950,0.5651469117047686,0.29024790311885623
5523,0.6492,46,129,46,544728,60882,83052,24904,0.5639519804364741,0.2903037791714266
5524,0.6493,20,94,20,544822,60788,83072,24884,0.563081255326244,0.2904566252684658
5525,0.6494,17,50,17,544872,60738,83089,24867,0.5626181036718663,0.2904853688452777
5526,0.6495,15,28,15,544900,60710,83104,24852,0.5623587387454148,0.290456043570744
5527,0.6496,21,39,21,544939,60671,83125,24831,0.5619974804550002,0.2904142593155716
5528,0.6497,24,56,24,544995,60615,83149,24807,0.5614787506020972,0.29040528201165977
5529,0.6498,29,104,29,545099,60511,83178,24778,0.5605153951609915,0.29051812074241695
5530,0.6499,14,39,14,545138,60472,83192,24764,0.5601541368705769,0.2905345159322352
5531,0.65,21,70,21,545208,60402,83213,24743,0.5595057245544481,0.29059839098009277
5532,0.6501,23,57,23,545265,60345,83236,24720,0.5589777316684575,0.2906013048845001
5533,0.6502,16,54,16,545319,60291,83252,24704,0.5584775278817296,0.2906523913171363
5534,0.6503,16,62,16,545381,60229,83268,24688,0.5579032198303012,0.290730949044361
5535,0.6504,41,124,41,545505,60105,83309,24647,0.5567546037274446,0.29081319614876344
5536,0.6505,44,92,44,545597,60013,83353,24603,0.5559024046833896,0.29076061265008984
5537,0.6506,13,48,13,545645,59965,83366,24590,0.5554577790951869,0.29081662823014603
5538,0.6507,28,69,28,545714,59896,83394,24562,0.5548186298121457,0.2908191053541405
5539,0.6508,27,97,27,545811,59799,83421,24535,0.553920115602653,0.29092655394028505
5540,0.6509,21,53,21,545864,59746,83442,24514,0.5534291748490126,0.29093282696415856
5541,0.651,42,118,42,545982,59628,83484,24472,0.5523361369446812,0.290986920332937
5542,0.6511,9,29,9,546011,59599,83493,24463,0.5520675089851421,0.29101139635031287
5543,0.6512,27,86,27,546097,59513,83520,24436,0.5512708881396124,0.29108148995223293
5544,0.6513,16,44,16,546141,59469,83536,24420,0.55086331468376,0.2910989521868183
5545,0.6514,30,88,30,546229,59381,83566,24390,0.5500481677720552,0.29115087560134173
5546,0.6515,24,93,24,546322,59288,83590,24366,0.5491867056949128,0.29127118846677985
5547,0.6516,25,94,25,546416,59194,83615,24341,0.5483159805846827,0.29138684383791225
5548,0.6517,11,73,11,546489,59121,83626,24330,0.5476397791692912,0.29154833375274114
5549,0.6518,11,47,11,546536,59074,83637,24319,0.5472044166141762,0.29161920065233293
5550,0.6519,21,66,21,546602,59008,83658,24298,0.5465930564303976,0.29167166830720476
5551,0.652,41,106,41,546708,58902,83699,24257,0.5456111749231168,0.2916942243172717
5552,0.6521,37,103,37,546811,58799,83736,24220,0.5446570825150987,0.291740444958383
5553,0.6522,41,96,41,546907,58703,83777,24179,0.5437678313386936,0.2917279988417268
5554,0.6523,28,72,28,546979,58631,83805,24151,0.5431008929563896,0.2917421661713899
5555,0.6524,30,106,30,547085,58525,83835,24121,0.5421190114491089,0.29185925513636474
5556,0.6525,16,44,16,547129,58481,83851,24105,0.5417114379932565,0.29187755793960235
5557,0.6526,47,142,47,547271,58339,83898,24058,0.5403960872948238,0.29197664963530223
5558,0.6527,36,106,36,547377,58233,83934,24022,0.5394142057875431,0.29204303689745303
5559,0.6528,39,120,39,547497,58113,83973,23983,0.5383026418170366,0.29213359968816993
5560,0.6529,20,70,20,547567,58043,83993,23963,0.5376542295009078,0.2922103260737019
5561,0.653,21,101,21,547668,57942,84014,23942,0.5367186631590648,0.2923892335498999
5562,0.6531,22,49,22,547717,57893,84036,23920,0.5362647745377747,0.2923740725801523
5563,0.6532,21,68,21,547785,57825,84057,23899,0.5356348882878209,0.29243551465909645
5564,0.6533,22,33,22,547818,57792,84079,23877,0.5353292081959317,0.29236307534070455
5565,0.6534,41,143,41,547961,57649,84120,23836,0.5340045944644114,0.29252009572313925
5566,0.6535,24,85,24,548046,57564,84144,23812,0.5332172366519693,0.2926169878096736
5567,0.6536,20,65,20,548111,57499,84164,23792,0.5326151395012783,0.29267692610498086
5568,0.6537,10,52,10,548163,57447,84174,23782,0.5321334617807255,0.2927772101096899
5569,0.6538,31,97,31,548260,57350,84205,23751,0.5312349475712327,0.2928570547835415
5570,0.6539,29,65,29,548325,57285,84234,23722,0.5306328504205418,0.292838890466256
5571,0.654,38,118,38,548443,57167,84272,23684,0.5295398125162103,0.29293391547414377
5572,0.6541,50,121,50,548564,57046,84322,23634,0.5284189855126162,0.29293505205751114
5573,0.6542,14,59,14,548623,56987,84336,23620,0.5278724665604505,0.293026660215614
5574,0.6543,44,102,44,548725,56885,84380,23576,0.52692763718552,0.2930115211096059
5575,0.6544,23,68,23,548793,56817,84403,23553,0.5262977509355663,0.29305711086226205
5576,0.6545,27,67,27,548860,56750,84430,23526,0.5256771277187002,0.2930639294434202
5577,0.6546,26,78,26,548938,56672,84456,23500,0.524954611137871,0.2931197924462406
5578,0.6547,40,111,40,549049,56561,84496,23460,0.5239264144651524,0.29317304207645495
5579,0.6548,23,60,23,549109,56501,84519,23437,0.5233706324798992,0.29318972203457677
5580,0.6549,25,71,25,549180,56430,84544,23412,0.5227129571306829,0.2932291275268656
5581,0.655,36,133,36,549313,56297,84580,23376,0.5214809737300382,0.293399269514139
5582,0.6551,22,94,22,549407,56203,84602,23354,0.5206102486198081,0.2935505360936184
5583,0.6552,37,104,37,549511,56099,84639,23317,0.5196468931787024,0.29360582250428124
5584,0.6553,13,55,13,549566,56044,84652,23304,0.5191374263588869,0.2936936028633362
5585,0.6554,47,127,47,549693,55917,84699,23257,0.5179610211567676,0.2937454214767474
5586,0.6555,44,126,44,549819,55791,84743,23213,0.5167938789877358,0.29382056604728873
5587,0.6556,25,45,25,549864,55746,84768,23188,0.5163770424987958,0.29376441077355764
5588,0.6557,33,73,33,549937,55673,84801,23155,0.5157008410834043,0.29374080276044046
5589,0.6558,20,52,20,549989,55621,84821,23135,0.5152191633628516,0.2937553964142415
5590,0.6559,37,63,37,550052,55558,84858,23098,0.5146355922783357,0.29365846216436126
5591,0.656,12,34,12,550086,55524,84870,23086,0.5143206491533587,0.29367764915405165
5592,0.6561,26,62,26,550148,55462,84896,23060,0.5137463411019304,0.29367565777743815
5593,0.6562,6,37,6,550185,55425,84902,23054,0.5134036088776909,0.2937601141706699
5594,0.6563,14,27,14,550212,55398,84916,23040,0.5131535069843269,0.2937351793773426
5595,0.6564,26,84,26,550296,55314,84942,23014,0.5123754122049724,0.29381574915738945
5596,0.6565,10,58,10,550354,55256,84952,23004,0.5118381562858942,0.2939432660362893
5597,0.6566,25,42,25,550396,55214,84977,22979,0.511449108896217,0.29387541084240276
5598,0.6567,39,119,39,550515,55095,85016,22940,0.510346807958798,0.29397065419363105
5599,0.6568,10,56,10,550571,55039,85026,22930,0.509828078105895,0.29409124139080917
5600,0.6569,23,60,23,550631,54979,85049,22907,0.5092722961206417,0.2941093392907583
5601,0.657,39,124,39,550755,54855,85088,22868,0.5081236800177851,0.2942243608712994
5602,0.6571,26,64,26,550819,54791,85114,22842,0.5075308459001816,0.29423054628830525
5603,0.6572,48,103,48,550922,54688,85162,22794,0.5065767534921635,0.29418445574456004
5604,0.6573,21,90,21,551012,54598,85183,22773,0.5057430805142836,0.294335086789624
5605,0.6574,27,83,27,551095,54515,85210,22746,0.5049742487680166,0.29440468023970695
5606,0.6575,32,77,32,551172,54438,85242,22714,0.5042609952202749,0.29440584819576937
5607,0.6576,20,69,20,551241,54369,85262,22694,0.5036218459372337,0.2944863293668816
5608,0.6577,35,84,35,551325,54285,85297,22659,0.5028437511578792,0.2944868995633188
5609,0.6578,33,89,33,551414,54196,85330,22626,0.5020193412130868,0.29452500585769703
5610,0.6579,27,77,27,551491,54119,85357,22599,0.5013060876653451,0.2945723298313303
5611,0.658,18,69,18,551560,54050,85375,22581,0.5006669383823039,0.29467186908692306
5612,0.6581,21,75,21,551635,53975,85396,22560,0.49997221090073735,0.2947671000195989
5613,0.6582,43,141,43,551776,53834,85439,22517,0.4986661232353922,0.2949142774816309
5614,0.6583,17,103,17,551879,53731,85456,22500,0.49771203082737414,0.2951555141609057
5615,0.6584,24,70,24,551949,53661,85480,22476,0.4970636185112453,0.2952046967965641
5616,0.6585,17,49,17,551998,53612,85497,22459,0.49660972988995516,0.29523734406015434
5617,0.6586,34,79,34,552077,53533,85531,22425,0.49587795027603837,0.29522894231022406
5618,0.6587,49,114,49,552191,53419,85580,22376,0.4948219645040572,0.2952173626228643
5619,0.6588,46,124,46,552315,53295,85626,22330,0.4936733484012005,0.2952727272727273
5620,0.6589,24,59,24,552374,53236,85650,22306,0.4931268294490348,0.2952794471949379
5621,0.659,12,42,12,552416,53194,85662,22294,0.49273778205935753,0.2953317083509962
5622,0.6591,39,95,39,552511,53099,85701,22255,0.49185779391603984,0.29533933168776705
5623,0.6592,25,79,25,552590,53020,85726,22230,0.4911260143021231,0.2954152823920266
5624,0.6593,40,108,40,552698,52912,85766,22190,0.49012560672866723,0.29546483449175787
5625,0.6594,19,59,19,552757,52853,85785,22171,0.48957908777650155,0.2955187673277884
5626,0.6595,33,102,33,552859,52751,85818,22138,0.488634258401571,0.2956108373726449
5627,0.6596,24,62,24,552921,52689,85842,22114,0.48805995035014266,0.2956298544176036
5628,0.6597,36,92,36,553013,52597,85878,22078,0.4872077513060877,0.2956545028456645
5629,0.6598,41,84,41,553097,52513,85919,22037,0.4864296565267331,0.29560026827632463
5630,0.6599,31,80,31,553177,52433,85950,22006,0.4856886138797288,0.29562460538158764
5631,0.66,18,32,18,553209,52401,85968,21988,0.48539219682092705,0.2955813359502077
5632,0.6601,41,94,41,553303,52307,86009,21947,0.4845214717106969,0.29556656880437415
5633,0.6602,12,58,12,553361,52249,86021,21935,0.4839842157916188,0.2956837053812143
5634,0.6603,34,91,34,553452,52158,86055,21901,0.48314127978065136,0.29572367976883296
5635,0.6604,16,78,16,553530,52080,86071,21885,0.48241876319982213,0.2958831879943216
5636,0.6605,9,37,9,553567,52043,86080,21876,0.48207603097558266,0.2959455620341184
5637,0.6606,30,51,30,553618,51992,86110,21846,0.4816036162881174,0.29586391830764647
5638,0.6607,24,61,24,553679,51931,86134,21822,0.48103857126977656,0.29587948964787875
5639,0.6608,23,84,23,553763,51847,86157,21799,0.48026047649042203,0.29599706705048473
5640,0.6609,30,104,30,553867,51743,86187,21769,0.4792971210493164,0.2961285232343019
5641,0.661,49,129,49,553996,51614,86236,21720,0.4781021897810219,0.2961791256443123
5642,0.6611,19,52,19,554048,51562,86255,21701,0.47762051206046907,0.29620681653767933
5643,0.6612,28,59,28,554107,51503,86283,21673,0.4770739931083034,0.29617634197004483
5644,0.6613,31,79,31,554186,51424,86314,21642,0.4763422134943866,0.2961979580105658
5645,0.6614,24,75,24,554261,51349,86338,21618,0.47564748601282003,0.2962709169898721
5646,0.6615,17,66,17,554327,51283,86355,21601,0.4750361258290415,0.2963750617419461
5647,0.6616,21,53,21,554380,51230,86376,21580,0.4745451850754011,0.2963878588106029
5648,0.6617,27,75,27,554455,51155,86403,21553,0.47385045759383454,0.29643230456070857
5649,0.6618,9,35,9,554490,51120,86412,21544,0.47352625143577015,0.2964879445117252
5650,0.6619,10,29,10,554519,51091,86422,21534,0.47325762347623107,0.2965094664371773
5651,0.662,27,56,27,554575,51035,86449,21507,0.47273889362332805,0.29647652394474927
5652,0.6621,29,70,29,554645,50965,86478,21478,0.4720904813071992,0.2964813715610894
5653,0.6622,41,79,41,554724,50886,86519,21437,0.4713587016932824,0.296406399070835
5654,0.6623,21,60,21,554784,50826,86540,21416,0.4708029197080292,0.2964480496110296
5655,0.6624,13,71,13,554855,50755,86553,21403,0.47014524435881283,0.2966129881648604
5656,0.6625,15,46,15,554901,50709,86568,21388,0.46971914483678534,0.2966558941426134
5657,0.6626,40,110,40,555011,50599,86608,21348,0.4687002111971544,0.2967184177241581
5658,0.6627,37,88,37,555099,50511,86645,21311,0.4678850642854496,0.29671966806827993
5659,0.6628,40,131,40,555230,50380,86685,21271,0.46667160695098003,0.29686954822682166
5660,0.6629,54,152,54,555382,50228,86739,21217,0.4652636259216718,0.296969696969697
5661,0.663,38,95,38,555477,50133,86777,21179,0.4643836377783541,0.2969906888041283
5662,0.6631,27,72,27,555549,50061,86804,21152,0.46371669939605026,0.2970244196986505
5663,0.6632,31,96,31,555645,49965,86835,21121,0.46282744821964505,0.297118982640745
5664,0.6633,34,105,34,555750,49860,86869,21087,0.46185482974545183,0.2972218698465051
5665,0.6634,31,72,31,555822,49788,86900,21056,0.461187891363148,0.2972164191745243
5666,0.6635,21,80,21,555902,49708,86921,21035,0.4604468487161436,0.2973439068176357
5667,0.6636,26,60,26,555962,49648,86947,21009,0.45989106673089036,0.2973378433842365
5668,0.6637,34,95,34,556057,49553,86981,20975,0.45901107858757273,0.29739961433756806
5669,0.6638,39,105,39,556162,49448,87020,20936,0.4580384601133795,0.2974539668106388
5670,0.6639,48,85,48,556247,49363,87068,20888,0.4572511023009374,0.2973338457815547
5671,0.664,23,77,23,556324,49286,87091,20865,0.45653784875319575,0.297429829938276
5672,0.6641,9,30,9,556354,49256,87100,20856,0.4562599577605691,0.2974669100867184
5673,0.6642,37,81,37,556435,49175,87137,20819,0.4555096520804772,0.29743978055261877
5674,0.6643,16,61,16,556496,49114,87153,20803,0.4549446070621364,0.2975385099475092
5675,0.6644,28,88,28,556584,49026,87181,20775,0.45412946015043165,0.2976318390853999
5676,0.6645,24,92,24,556676,48934,87205,20751,0.45327726110637667,0.2977828801033221
5677,0.6646,35,76,35,556752,48858,87240,20716,0.45257327059172253,0.2977549084428091
5678,0.6647,37,122,37,556874,48736,87277,20679,0.45144318055504096,0.29790391125837357
5679,0.6648,28,97,28,556971,48639,87305,20651,0.4505446663455482,0.29803723481021793
5680,0.6649,17,56,17,557027,48583,87322,20634,0.45002593649264516,0.2981059566291518
5681,0.665,14,48,14,557075,48535,87336,20620,0.44958131090444253,0.2981707757935073
5682,0.6651,17,59,17,557134,48476,87353,20603,0.44903479195227686,0.2982527251407808
5683,0.6652,11,45,11,557179,48431,87364,20592,0.44861795546333694,0.2983353374961969
5684,0.6653,51,116,51,557295,48315,87415,20541,0.4475434436251806,0.29831822934820496
5685,0.6654,21,83,21,557378,48232,87436,20520,0.44677461187891365,0.2984640446823365
5686,0.6655,13,38,13,557416,48194,87449,20507,0.44642261662158655,0.2984963828765229
5687,0.6656,27,67,27,557483,48127,87476,20480,0.44580199340472043,0.2985118136633288
5688,0.6657,31,71,31,557554,48056,87507,20449,0.4451443180555041,0.298503758849719
5689,0.6658,16,66,16,557620,47990,87523,20433,0.44453295787172553,0.2986276544436812
5690,0.6659,20,55,20,557675,47935,87543,20413,0.44402349105191,0.29866272604904315
5691,0.666,37,110,37,557785,47825,87580,20376,0.44300455741227907,0.2987639477427017
5692,0.6661,32,129,32,557914,47696,87612,20344,0.4418096261439846,0.29900058788947675
5693,0.6662,28,49,28,557963,47647,87640,20316,0.4413557375226944,0.29892735753277516
5694,0.6663,39,127,39,558090,47520,87679,20277,0.44017933232057505,0.29908403026682595
5695,0.6664,13,46,13,558136,47474,87692,20264,0.43975323279854756,0.29915261743777494
5696,0.6665,29,99,29,558235,47375,87721,20235,0.4388361925228797,0.29929004585120544
5697,0.6666,37,149,37,558384,47226,87758,20198,0.4374560005928341,0.2995669197911723
5698,0.6667,26,64,26,558448,47162,87784,20172,0.43686316647523066,0.2995811922654231
5699,0.6668,37,119,37,558567,47043,87821,20135,0.4357608655378117,0.2997261008068118
5700,0.6669,27,93,27,558660,46950,87848,20108,0.4348994034606692,0.2998598228399296
5701,0.667,22,74,22,558734,46876,87870,20086,0.43421393901219013,0.29996117200800454
5702,0.6671,35,120,35,558854,46756,87905,20051,0.43310237504168364,0.30013321957279926
5703,0.6672,33,81,33,558935,46675,87938,20018,0.43235206936159176,0.30015144018112844
5704,0.6673,24,75,24,559010,46600,87962,19994,0.4316573418800252,0.30023725861188694
5705,0.6674,25,63,25,559073,46537,87987,19969,0.4310737707955093,0.3002586232821099
5706,0.6675,62,109,62,559182,46428,88049,19907,0.43006410018896585,0.30009798748775157
5707,0.6676,31,59,31,559241,46369,88080,19876,0.42951758123680017,0.3000377386972602
5708,0.6677,31,92,31,559333,46277,88111,19845,0.4286653821927452,0.30012703789964007
5709,0.6678,17,58,17,559391,46219,88128,19828,0.42812812627366703,0.30021045619028874
5710,0.6679,19,57,19,559448,46162,88147,19809,0.42760013338767644,0.30026829970744723
5711,0.668,19,46,19,559494,46116,88166,19790,0.42717403386564895,0.30027615088155857
5712,0.6681,30,88,30,559582,46028,88196,19760,0.4263588869539442,0.300358728035508
5713,0.6682,24,101,24,559683,45927,88220,19736,0.42542332061210125,0.3005650061678571
5714,0.6683,6,25,6,559708,45902,88226,19730,0.4251917447849124,0.3006155533885909
5715,0.6684,22,67,22,559775,45835,88248,19708,0.4245711215680462,0.30068809788993484
5716,0.6685,25,75,25,559850,45760,88273,19683,0.4238763940864797,0.30076555170148067
5717,0.6686,23,62,23,559912,45698,88296,19660,0.4233020860350513,0.3008047981884391
5718,0.6687,31,77,31,559989,45621,88327,19629,0.42258883248730966,0.30082758620689654
5719,0.6688,17,71,17,560060,45550,88344,19612,0.4219311571380933,0.3009729597004389
5720,0.6689,47,110,47,560170,45440,88391,19565,0.42091222349846236,0.30097684793477425
5721,0.669,39,101,39,560271,45339,88430,19526,0.41997665715661936,0.30102520619748707
5722,0.6691,53,121,53,560392,45218,88483,19473,0.4188558301530253,0.3010155972237251
5723,0.6692,59,154,59,560546,45064,88542,19414,0.41742932305754193,0.30109494711374424
5724,0.6693,19,55,19,560601,45009,88561,19395,0.4169198562377265,0.3011458915595305
5725,0.6694,34,77,34,560678,44932,88595,19361,0.41620660268998483,0.3011369822531224
5726,0.6695,16,38,16,560716,44894,88611,19345,0.41585460743265773,0.30114105138622954
5727,0.6696,40,150,40,560866,44744,88651,19305,0.41446515246952464,0.3014098580774095
5728,0.6697,35,97,35,560963,44647,88686,19270,0.41356663826003187,0.30148473801961917
5729,0.6698,34,102,34,561065,44545,88720,19236,0.41262180888510136,0.30159451874382653
5730,0.6699,25,64,25,561129,44481,88745,19211,0.4120289747674979,0.3016234377943855
5731,0.67,19,60,19,561189,44421,88764,19192,0.41147319278224465,0.30169933818559097
5732,0.6701,26,65,26,561254,44356,88790,19166,0.4108710956315536,0.3017222379647996
5733,0.6702,23,71,23,561325,44285,88813,19143,0.41021342028233726,0.3018067730339913
5734,0.6703,23,101,23,561426,44184,88836,19120,0.40927785394049426,0.3020346265638822
5735,0.6704,24,64,24,561490,44120,88860,19096,0.4086850198228908,0.3020754239433055
5736,0.6705,53,125,53,561615,43995,88913,19043,0.4075271406869465,0.30208762968368286
5737,0.6706,32,75,32,561690,43920,88945,19011,0.40683241320538,0.30209276827001
5738,0.6707,21,43,21,561733,43877,88966,18990,0.40643410278261516,0.3020662668808755
5739,0.6708,48,85,48,561818,43792,89014,18942,0.40564674497017306,0.3019415309082794
5740,0.6709,31,91,31,561909,43701,89045,18911,0.4048038089592056,0.3020347537213314
5741,0.671,28,94,28,562003,43607,89073,18883,0.4039330838489755,0.30217634821571454
5742,0.6711,23,74,23,562077,43533,89096,18860,0.40324761940049647,0.3022774990784223
5743,0.6712,22,64,22,562141,43469,89118,18838,0.40265478528289306,0.3023416309563933
5744,0.6713,36,78,36,562219,43391,89154,18802,0.4019322687020638,0.3023169810107247
5745,0.6714,26,89,26,562308,43302,89180,18776,0.4011078587572715,0.3024581977512162
5746,0.6715,41,85,41,562393,43217,89221,18735,0.40032050094482935,0.3024115444214876
5747,0.6716,30,101,30,562494,43116,89251,18705,0.3993849346029864,0.3025670888533023
5748,0.6717,33,82,33,562576,43034,89284,18672,0.39862536588980696,0.3025961818947914
5749,0.6718,12,56,12,562632,42978,89296,18660,0.39810663603690394,0.3027353256108245
5750,0.6719,32,64,32,562696,42914,89328,18628,0.39751380191930047,0.30268759546326085
5751,0.672,39,97,39,562793,42817,89367,18589,0.3966152877098077,0.30272286095821255
5752,0.6721,24,37,24,562830,42780,89391,18565,0.39627255548556817,0.3026326513978319
5753,0.6722,10,40,10,562870,42740,89401,18555,0.39590203416206604,0.3027163716453218
5754,0.6723,18,46,18,562916,42694,89419,18537,0.39547593464003855,0.30273880877333376
5755,0.6724,11,35,11,562951,42659,89430,18526,0.39515172848197416,0.3027866307101414
5756,0.6725,21,72,21,563023,42587,89451,18505,0.39448479009967025,0.3029038171937406
5757,0.6726,20,69,20,563092,42518,89471,18485,0.393845640816629,0.30301788436634264
5758,0.6727,36,100,36,563192,42418,89507,18449,0.39291933750787356,0.30310348793270575
5759,0.6728,24,84,24,563276,42334,89531,18425,0.392141242728519,0.303247255550618
5760,0.6729,33,63,33,563339,42271,89564,18392,0.3915576716440031,0.3031831594217233
5761,0.673,31,75,31,563414,42196,89595,18361,0.39086294416243655,0.3032019419720264
5762,0.6731,23,83,23,563497,42113,89618,18338,0.39009411241616954,0.3033531289804966
5763,0.6732,32,88,32,563585,42025,89650,18306,0.3892789655044648,0.3034260993519086
5764,0.6733,9,47,9,563632,41978,89659,18297,0.3888436029493497,0.3035586893405226
5765,0.6734,19,71,19,563703,41907,89678,18278,0.3881859276001334,0.303696934452106
5766,0.6735,35,123,35,563826,41784,89713,18243,0.38704657453036423,0.3039132390424309
5767,0.6736,16,33,16,563859,41751,89729,18227,0.3867408944384749,0.3038947614125179
5768,0.6737,28,79,28,563938,41672,89757,18199,0.38600911482455813,0.30397020260226154
5769,0.6738,19,50,19,563988,41622,89776,18180,0.3855459631701804,0.3040032105949634
5770,0.6739,50,107,50,564095,41515,89826,18130,0.38455481862981217,0.3039651270014251
5771,0.674,43,114,43,564209,41401,89869,18087,0.383498832857831,0.30404451317912856
5772,0.6741,24,86,24,564295,41315,89893,18063,0.3827022120123013,0.3042035770824211
5773,0.6742,50,100,50,564395,41215,89943,18013,0.3817759087035459,0.3041298034713311
5774,0.6743,33,80,33,564475,41135,89976,17980,0.3810348660565416,0.3041529222701514
5775,0.6744,15,48,15,564523,41087,89991,17965,0.38059024046833895,0.30422339632865947
5776,0.6745,26,63,26,564586,41024,90017,17939,0.38000666938382305,0.3042416430642946
5777,0.6746,38,101,38,564687,40923,90055,17901,0.37907110304198005,0.30431456548347613
5778,0.6747,23,81,23,564768,40842,90078,17878,0.3783207973618882,0.30446185286103544
5779,0.6748,24,67,24,564835,40775,90102,17854,0.37770017414502205,0.30452506438793087
5780,0.6749,25,62,25,564897,40713,90127,17829,0.37712586609359366,0.3045505790714359
5781,0.675,18,67,18,564964,40646,90145,17811,0.37650524287672754,0.3046854953213473
5782,0.6751,9,34,9,564998,40612,90154,17802,0.3761902997517507,0.30475570924778306
5783,0.6752,27,67,27,565065,40545,90181,17775,0.3755696765348846,0.30478395061728397
5784,0.6753,26,93,26,565158,40452,90207,17749,0.37470821445774205,0.30496039586948676
5785,0.6754,22,40,22,565198,40412,90229,17727,0.37433769313423987,0.30490720514628733
5786,0.6755,23,63,23,565261,40349,90252,17704,0.37375412204972397,0.3049627064923432
5787,0.6756,28,75,28,565336,40274,90280,17676,0.3730593945681574,0.3050215703192407
5788,0.6757,28,96,28,565432,40178,90308,17648,0.3721701433917522,0.3051914363780998
5789,0.6758,14,50,14,565482,40128,90322,17634,0.3717069917373745,0.30528721304663964
5790,0.6759,25,56,25,565538,40072,90347,17609,0.37118826188447146,0.3052825020370659
5791,0.676,20,49,20,565587,40023,90367,17589,0.3707343732631813,0.3053009789627161
5792,0.6761,46,101,46,565688,39922,90413,17543,0.3697988069213383,0.30528147568084923
5793,0.6762,21,38,21,565726,39884,90434,17522,0.3694468116640113,0.30522941852768004
5794,0.6763,29,71,29,565797,39813,90463,17493,0.36878913631479493,0.3052559941367396
5795,0.6764,15,62,15,565859,39751,90478,17478,0.36821482826336654,0.3054046025616383
5796,0.6765,20,70,20,565929,39681,90498,17458,0.36756641594723777,0.3055356236545967
5797,0.6766,26,81,26,566010,39600,90524,17432,0.3668161102671459,0.3056529667555057
5798,0.6767,42,108,42,566118,39492,90566,17390,0.36581570269369,0.3057206146056749
5799,0.6768,39,95,39,566213,39397,90605,17351,0.3649357145503724,0.30575526890815535
5800,0.6769,18,60,18,566273,39337,90623,17333,0.36437993256511914,0.3058584789130051
5801,0.677,18,57,18,566330,39280,90641,17315,0.36385193967912854,0.30594575492534676
5802,0.6771,39,81,39,566411,39199,90680,17276,0.36310163399903667,0.3059052678176184
5803,0.6772,41,84,41,566495,39115,90721,17235,0.3623235392196821,0.30585625554569656
5804,0.6773,22,54,22,566549,39061,90743,17213,0.36182333543295414,0.3058783807797562
5805,0.6774,21,45,21,566594,39016,90764,17192,0.3614064989440142,0.3058639339595787
5806,0.6775,21,66,21,566660,38950,90785,17171,0.36079513876023567,0.3059638994315853
5807,0.6776,27,57,27,566717,38893,90812,17144,0.3602671458742451,0.3059407177400646
5808,0.6777,19,51,19,566768,38842,90831,17125,0.3597947311867798,0.30598388335983706
5809,0.6778,31,56,31,566824,38786,90862,17094,0.35927600133387677,0.3059055118110236
5810,0.6779,12,40,12,566864,38746,90874,17082,0.3589054800103746,0.30597549616679803
5811,0.678,28,92,28,566956,38654,90902,17054,0.3580532809663196,0.30613197386371793
5812,0.6781,19,50,19,567006,38604,90921,17035,0.3575901293119419,0.3061701324610435
5813,0.6782,16,34,16,567040,38570,90937,17019,0.3572751861869651,0.3061576930687726
5814,0.6783,31,83,31,567123,38487,90968,16988,0.35650635444069806,0.30622803064443443
5815,0.6784,39,83,39,567206,38404,91007,16949,0.35573752269443104,0.30619839936408144
5816,0.6785,35,71,35,567277,38333,91042,16914,0.3550798473452147,0.30615237026444875
5817,0.6786,29,68,29,567345,38265,91071,16885,0.35444996109526106,0.3061650045330916
5818,0.6787,35,79,35,567424,38186,91106,16850,0.35371818148134426,0.3061632386074569
5819,0.6788,13,26,13,567450,38160,91119,16837,0.35347734262106784,0.30614397148935396
5820,0.6789,10,43,10,567493,38117,91129,16827,0.353079032198303,0.3062572801397787
5821,0.679,20,74,20,567567,38043,91149,16807,0.352393567749824,0.30641750227894254
5822,0.6791,27,92,27,567659,37951,91176,16780,0.351541368705769,0.30659041493851746
5823,0.6792,35,113,35,567772,37838,91211,16745,0.3504946459668754,0.30678049942289726
5824,0.6793,14,42,14,567814,37796,91225,16731,0.35010559857719814,0.30683881379866856
5825,0.6794,16,62,16,567876,37734,91241,16715,0.34953129052576976,0.3069845176219949
5826,0.6795,13,53,13,567929,37681,91254,16702,0.3490403497721294,0.3071180332089072
5827,0.6796,13,36,13,567965,37645,91267,16689,0.34870688058097743,0.3071557404203629
5828,0.6797,25,77,25,568042,37568,91292,16664,0.3479936270332358,0.3072724590647588
5829,0.6798,30,58,30,568100,37510,91322,16634,0.3474563711141576,0.30721778959810875
5830,0.6799,25,57,25,568157,37453,91347,16609,0.346928378228167,0.3072213384632459
5831,0.68,12,47,12,568204,37406,91359,16597,0.34649301567305196,0.3073347776975353
5832,0.6801,34,98,34,568302,37308,91393,16563,0.3455852384304717,0.30745670212173526
5833,0.6802,21,42,21,568344,37266,91414,16542,0.3451961910407944,0.3074264049955397
5834,0.6803,24,89,24,568433,37177,91438,16518,0.3443717810960021,0.307626408417916
5835,0.6804,28,72,28,568505,37105,91466,16490,0.34370484271369817,0.3076779550331188
5836,0.6805,18,67,18,568572,37038,91484,16472,0.34308421949683204,0.30783031209119793
5837,0.6806,19,49,19,568621,36989,91503,16453,0.3426303308755419,0.3078664720631713
5838,0.6807,6,63,6,568684,36926,91509,16447,0.342046759791026,0.30815206190395894
5839,0.6808,8,53,8,568737,36873,91517,16439,0.3415558190373856,0.3083545918367347
5840,0.6809,26,108,26,568845,36765,91543,16413,0.34055541146392976,0.3086426717815638
5841,0.681,23,76,23,568921,36689,91566,16390,0.3398514209492756,0.3087850185572449
5842,0.6811,24,70,24,568991,36619,91590,16366,0.33920300863314684,0.3088798716617911
5843,0.6812,23,71,23,569062,36548,91613,16343,0.3385453332839305,0.308993968728139
5844,0.6813,17,56,17,569118,36492,91630,16326,0.3380266034310275,0.3090991707372487
5845,0.6814,24,61,24,569179,36431,91654,16302,0.33746155841268666,0.3091422828210039
5846,0.6815,11,43,11,569222,36388,91665,16291,0.3370632479899218,0.3092503654207559
5847,0.6816,18,47,18,569269,36341,91683,16273,0.33662788543480676,0.30929030296118903
5848,0.6817,16,49,16,569318,36292,91699,16257,0.3361739968135166,0.30936839901805935
5849,0.6818,25,79,25,569397,36213,91724,16232,0.3354422171995998,0.30950519591953474
5850,0.6819,30,70,30,569467,36143,91754,16202,0.33479380488347105,0.3095233546661572
5851,0.682,22,54,22,569521,36089,91776,16180,0.3342936010967431,0.30955250722225414
5852,0.6821,17,50,17,569571,36039,91793,16163,0.3338304494423654,0.3096241523313283
5853,0.6822,25,74,25,569645,35965,91818,16138,0.3331449849938864,0.30973264495326563
5854,0.6823,35,104,35,569749,35861,91853,16103,0.33218162955278074,0.30988761450234775
5855,0.6824,40,79,40,569828,35782,91893,16063,0.331449849938864,0.3098273700453274
5856,0.6825,33,78,33,569906,35704,91926,16030,0.3307273333580348,0.3098542544554838
5857,0.6826,21,67,21,569973,35637,91947,16009,0.3301067101411686,0.3099756031444836
5858,0.6827,32,78,32,570051,35559,91979,15977,0.3293841935603394,0.31001629928593605
5859,0.6828,27,81,27,570132,35478,92006,15950,0.3286338878802475,0.3101423349148324
5860,0.6829,42,116,42,570248,35362,92048,15908,0.32755937604209123,0.31027891554515313
5861,0.683,10,37,10,570285,35325,92058,15898,0.3272166438178517,0.31036838920016396
5862,0.6831,17,56,17,570341,35269,92075,15881,0.3266979139649487,0.3104789833822092
5863,0.6832,25,76,25,570417,35193,92100,15856,0.32599392345029454,0.31060353777742955
5864,0.6833,35,113,35,570530,35080,92135,15821,0.32494720071140093,0.3108190408832832
5865,0.6834,25,67,25,570597,35013,92160,15796,0.3243265774945348,0.31088980298765967
5866,0.6835,15,44,15,570641,34969,92175,15781,0.3239190040386824,0.31095566502463057
5867,0.6836,20,60,20,570701,34909,92195,15761,0.32336322205342916,0.31105190447996844
5868,0.6837,14,37,14,570738,34872,92209,15747,0.3230204898291897,0.31108872162626683
5869,0.6838,14,40,14,570778,34832,92223,15733,0.3226499685056875,0.311144071986552
5870,0.6839,12,38,12,570816,34794,92235,15721,0.32229797324836046,0.31121449074532315
5871,0.684,27,75,27,570891,34719,92262,15694,0.3216032457667939,0.3113085910380259
5872,0.6841,30,55,30,570946,34664,92292,15664,0.3210937789469784,0.31123827690351297
5873,0.6842,39,99,39,571045,34565,92331,15625,0.3201767386713105,0.3113169954174138
5874,0.6843,34,40,34,571085,34525,92365,15591,0.31980621734780834,0.31109825205523184
5875,0.6844,32,75,32,571160,34450,92397,15559,0.3191114898662418,0.31112399768041754
5876,0.6845,10,33,10,571193,34417,92407,15549,0.3188058097743525,0.3111916102950006
5877,0.6846,36,74,36,571267,34343,92443,15513,0.3181203453258735,0.3111561296534018
5878,0.6847,12,36,12,571303,34307,92455,15501,0.31778687613472156,0.31121506585287506
5879,0.6848,33,64,33,571367,34243,92488,15468,0.3171940420171181,0.31115849610750135
5880,0.6849,45,69,45,571436,34174,92533,15423,0.31655489273407683,0.3109663890961147
5881,0.685,34,66,34,571502,34108,92567,15389,0.3159435325502983,0.31090773178172415
5882,0.6851,13,48,13,571550,34060,92580,15376,0.31549890696209565,0.31102840035601587
5883,0.6852,17,41,17,571591,34019,92597,15359,0.31511912260550595,0.3110494552229738
5884,0.6853,13,43,13,571634,33976,92610,15346,0.3147208121827411,0.31113904545638865
5885,0.6854,53,86,53,571720,33890,92663,15293,0.31392419133721144,0.31094077221804284
5886,0.6855,19,49,19,571769,33841,92682,15274,0.3134703027159213,0.31098442431029216
5887,0.6856,19,62,19,571831,33779,92701,15255,0.3128959946644929,0.31111065791083736
5888,0.6857,18,44,18,571875,33735,92719,15237,0.31248842120864057,0.31113697623131586
5889,0.6858,13,55,13,571930,33680,92732,15224,0.31197895438882506,0.3113037788319974
5890,0.6859,30,69,30,571999,33611,92762,15194,0.31133980510578385,0.3113205614178875
5891,0.686,35,71,35,572070,33540,92797,15159,0.3106821297565675,0.3112794923920409
5892,0.6861,20,72,20,572142,33468,92817,15139,0.3100151913742636,0.3114571975229905
5893,0.6862,31,73,31,572215,33395,92848,15108,0.30933898995887216,0.3114858874708781
5894,0.6863,19,32,19,572247,33363,92867,15089,0.3090425729000704,0.31142161314290434
5895,0.6864,21,33,21,572280,33330,92888,15068,0.3087368928081811,0.3113351791396339
5896,0.6865,41,84,41,572364,33246,92929,15027,0.3079587980288266,0.3112920265987198
5897,0.6866,29,49,29,572413,33197,92958,14998,0.3075049094075364,0.31119410727253866
5898,0.6867,28,62,28,572475,33135,92986,14970,0.30693060135610806,0.3111942625506704
5899,0.6868,31,72,31,572547,33063,93017,14939,0.30626366297380414,0.31121619932502814
5900,0.6869,29,59,29,572606,33004,93046,14910,0.30571714402163847,0.3111825353758818
5901,0.687,21,40,21,572646,32964,93067,14889,0.3053466226981363,0.3111403673750862
5902,0.6871,16,50,16,572696,32914,93083,14873,0.30488347104375857,0.3112352731914537
5903,0.6872,38,102,38,572798,32812,93121,14835,0.30393864166882806,0.31135223623732866
5904,0.6873,14,44,14,572842,32768,93135,14821,0.30353106821297565,0.3114375170732732
5905,0.6874,21,44,21,572886,32724,93156,14800,0.30312349475712325,0.31142159750862725
5906,0.6875,19,40,19,572926,32684,93175,14781,0.3027529734336211,0.3114084061940377
5907,0.6876,37,119,37,573045,32565,93212,14744,0.30165067249620214,0.3116531738147076
5908,0.6877,11,34,11,573079,32531,93223,14733,0.3013357293712253,0.31171716316858494
5909,0.6878,18,62,18,573141,32469,93241,14715,0.30076142131979694,0.3118641912512716
5910,0.6879,32,90,32,573231,32379,93273,14683,0.2999277483419171,0.3119926904933917
5911,0.688,24,63,24,573294,32316,93297,14659,0.29934417725740115,0.31205960617349654
5912,0.6881,29,86,29,573380,32230,93326,14630,0.29854755641187153,0.31220657276995306
5913,0.6882,16,65,16,573445,32165,93342,14614,0.2979454592611805,0.3124051390581244
5914,0.6883,17,62,17,573507,32103,93359,14597,0.2973711512097521,0.3125695931477516
5915,0.6884,36,104,36,573611,31999,93395,14561,0.2964077957686465,0.31273625429553265
5916,0.6885,37,63,37,573674,31936,93432,14524,0.29582422468413055,0.31261300043047785
5917,0.6886,24,60,24,573734,31876,93456,14500,0.2952684426988773,0.31266172158012767
5918,0.6887,15,51,15,573785,31825,93471,14485,0.2947960280114121,0.3127834161088318
5919,0.6888,18,55,18,573840,31770,93489,14467,0.2942865611915966,0.31288794688236693
5920,0.6889,19,25,19,573865,31745,93508,14448,0.2940549853644077,0.31277466282770117
5921,0.689,35,74,35,573939,31671,93543,14413,0.2933695209159287,0.31275496918670254
5922,0.6891,19,33,19,573972,31638,93562,14394,0.2930638408240394,0.31269551616266944
5923,0.6892,23,60,23,574032,31578,93585,14371,0.29250805883878617,0.3127597989074844
5924,0.6893,39,81,39,574113,31497,93624,14332,0.2917577531586943,0.3127277488053416
5925,0.6894,17,51,17,574164,31446,93641,14315,0.291285338471229,0.312820961080396
5926,0.6895,34,96,34,574260,31350,93675,14281,0.2903960872948238,0.31296706186583684
5927,0.6896,21,42,21,574302,31308,93696,14260,0.29000703990514654,0.312938904494382
5928,0.6897,21,56,21,574358,31252,93717,14239,0.2894883100522435,0.31300696841133413
5929,0.6898,21,37,21,574395,31215,93738,14218,0.289145577828004,0.31294433561508156
5930,0.6899,38,101,38,574496,31114,93776,14180,0.28821001148616104,0.31306574822272265
5931,0.69,36,80,36,574576,31034,93812,14144,0.2874689688391567,0.31307273451680023
5932,0.6901,43,120,43,574696,30914,93855,14101,0.2863574048686502,0.31325113850938574
5933,0.6902,33,97,33,574793,30817,93888,14068,0.2854588906591574,0.3134231926033196
5934,0.6903,25,67,25,574860,30750,93913,14043,0.2848382674422913,0.31350880717969326
5935,0.6904,16,67,16,574927,30683,93929,14027,0.28421764422542517,0.3137329456497428
5936,0.6905,23,62,23,574989,30621,93952,14004,0.28364333617399684,0.31381512605042017
5937,0.6906,20,47,20,575036,30574,93972,13984,0.2832079736188818,0.313838143543247
5938,0.6907,20,36,20,575072,30538,93992,13964,0.2828745044277298,0.31378365017302595
5939,0.6908,28,66,28,575138,30472,94020,13936,0.2822631442439512,0.31381733021077285
5940,0.6909,16,38,16,575176,30434,94036,13920,0.28191114898662417,0.3138386616765117
5941,0.691,12,24,12,575200,30410,94048,13908,0.2816888361925229,0.3138228259397987
5942,0.6911,23,88,23,575288,30322,94071,13885,0.28087368928081813,0.3140905286493089
5943,0.6912,39,94,39,575382,30228,94110,13846,0.280002964170588,0.3141534691654944
5944,0.6913,33,73,33,575455,30155,94143,13813,0.2793267627551966,0.3141602983988355
5945,0.6914,12,27,12,575482,30128,94155,13801,0.2790766608618326,0.31416604065651393
5946,0.6915,20,84,20,575566,30044,94175,13781,0.27829856608247805,0.3144552196235026
5947,0.6916,43,127,43,575693,29917,94218,13738,0.2771221608803587,0.314694765777116
5948,0.6917,57,93,57,575786,29824,94275,13681,0.27626069880321613,0.3144696011952649
5949,0.6918,8,30,8,575816,29794,94283,13673,0.2759828078105895,0.31456047116203095
5950,0.6919,40,89,40,575905,29705,94323,13633,0.27515839786579716,0.31457381512760163
5951,0.692,35,94,35,575999,29611,94358,13598,0.2742876727555671,0.3147029554028096
5952,0.6921,30,89,30,576088,29522,94388,13568,0.27346326281077477,0.31487584126247387
5953,0.6922,21,60,21,576148,29462,94409,13547,0.2729074808255215,0.31498058545885743
5954,0.6923,18,40,18,576188,29422,94427,13529,0.27253695950201934,0.31498684547507627
5955,0.6924,27,50,27,576238,29372,94454,13502,0.2720738078476416,0.31492279703316695
5956,0.6925,20,43,20,576281,29329,94474,13482,0.2716754974248768,0.3149190628576768
5957,0.6926,18,55,18,576336,29274,94492,13464,0.27116603060506134,0.315035799522673
5958,0.6927,25,67,25,576403,29207,94517,13439,0.2705454073881952,0.3151292032078038
5959,0.6928,21,44,21,576447,29163,94538,13418,0.2701378339323428,0.31511707099410535
5960,0.6929,14,43,14,576490,29120,94552,13404,0.26973952350957797,0.3152102342206754
5961,0.693,22,58,22,576548,29062,94574,13382,0.2692022675904998,0.31528602393742344
5962,0.6931,20,64,20,576612,28998,94594,13362,0.26860943347289634,0.3154390934844193
5963,0.6932,13,59,13,576671,28939,94607,13349,0.26806291452073067,0.315668747635263
5964,0.6933,30,76,30,576747,28863,94637,13319,0.2673589240060765,0.3157507941776113
5965,0.6934,13,41,13,576788,28822,94650,13306,0.26697913964948683,0.31584694265096847
5966,0.6935,12,47,12,576835,28775,94662,13294,0.26654377709437177,0.3160046590125746
5967,0.6936,30,68,30,576903,28707,94692,13264,0.2659138908444181,0.31602773343499085
5968,0.6937,13,43,13,576946,28664,94705,13251,0.26551558042165324,0.3161398067517595
5969,0.6938,29,44,29,576990,28620,94734,13222,0.2651080069658009,0.3159982792409541
5970,0.6939,29,74,29,577064,28546,94763,13193,0.2644225425173219,0.3160832794269149
5971,0.694,12,29,12,577093,28517,94775,13181,0.2641539145577828,0.3161062880713703
5972,0.6941,18,47,18,577140,28470,94793,13163,0.26371855200266775,0.3161674633103548
5973,0.6942,23,41,23,577181,28429,94816,13140,0.26333876764607805,0.3161009406047776
5974,0.6943,15,38,15,577219,28391,94831,13125,0.26298677238875096,0.31614317371615763
5975,0.6944,35,71,35,577290,28320,94866,13090,0.2623290970395346,0.3161072204781454
5976,0.6945,19,52,19,577342,28268,94885,13071,0.2618474193189818,0.31619052226710853
5977,0.6946,9,44,9,577386,28224,94894,13062,0.2614398458631294,0.31637843336724314
5978,0.6947,33,55,33,577441,28169,94927,13029,0.26093037904331395,0.31625321617554253
5979,0.6948,20,42,20,577483,28127,94947,13009,0.2605413316536367,0.3162436795021392
5980,0.6949,9,35,9,577518,28092,94956,13000,0.26021712549557224,0.31636328239073297
5981,0.695,30,42,30,577560,28050,94986,12970,0.259828078105895,0.31618722574353975
5982,0.6951,9,27,9,577587,28023,94995,12961,0.25957797621253104,0.31624536404450515
5983,0.6952,25,54,25,577641,27969,95020,12936,0.2590777724258031,0.31624495782911627
5984,0.6953,22,32,22,577673,27937,95042,12914,0.25878135536700136,0.31612445227779
5985,0.6954,37,104,37,577777,27833,95079,12877,0.2578179999258957,0.3163104888233849
5986,0.6955,19,51,19,577828,27782,95098,12858,0.2573455852384305,0.3163877952755906
5987,0.6956,15,32,15,577860,27750,95113,12843,0.25704916817962875,0.3163845983297613
5988,0.6957,34,91,34,577951,27659,95147,12809,0.2562062321686613,0.31652169615498665
5989,0.6958,32,67,32,578018,27592,95179,12777,0.25558560895179516,0.316505239168669
5990,0.6959,13,69,13,578087,27523,95192,12764,0.25494645966875396,0.3168267679400303
5991,0.696,30,70,30,578157,27453,95222,12734,0.2542980473526251,0.3168686391121507
5992,0.6961,33,103,33,578260,27350,95255,12701,0.25334395494460704,0.31712067114429104
5993,0.6962,16,36,16,578296,27314,95271,12685,0.25301048575345514,0.3171329283232081
5994,0.6963,33,69,33,578365,27245,95304,12652,0.2523713364704139,0.3171165751810913
5995,0.6964,10,38,10,578403,27207,95314,12642,0.25201934121308683,0.31724760972671834
5996,0.6965,19,42,19,578445,27165,95333,12623,0.2516302938234095,0.31725645923393986
5997,0.6966,21,56,21,578501,27109,95354,12602,0.2511115639705065,0.3173428017425902
5998,0.6967,16,45,16,578546,27064,95370,12586,0.25069472748156657,0.3174274905422446
5999,0.6968,23,31,23,578577,27033,95393,12563,0.2504075734558524,0.31727952318416003
6000,0.6969,22,55,22,578632,26978,95415,12541,0.2498981066360369,0.317341025835674
6001,0.697,45,85,45,578717,26893,95460,12496,0.2491107488235948,0.3172459316052705
6002,0.6971,25,45,25,578762,26848,95485,12471,0.24869391233465485,0.31717490271878734
6003,0.6972,25,64,25,578826,26784,95510,12446,0.24810107821705138,0.3172572011215906
6004,0.6973,25,46,25,578872,26738,95535,12421,0.2476749786950239,0.3171940039326847
6005,0.6974,25,81,25,578953,26657,95560,12396,0.246924673014932,0.31741479527821165
6006,0.6975,22,50,22,579003,26607,95582,12374,0.2464615213605543,0.3174366999307355
6007,0.6976,16,29,16,579032,26578,95598,12358,0.24619289340101522,0.3173926443394288
6008,0.6977,31,82,31,579114,26496,95629,12327,0.2454333246878358,0.3175179661540839
6009,0.6978,20,54,20,579168,26442,95649,12307,0.24493312090110786,0.3176081963405507
6010,0.6979,7,26,7,579194,26416,95656,12300,0.24469228204083146,0.31769810930881287
6011,0.698,25,66,25,579260,26350,95681,12275,0.24408092185705288,0.31779935275080906
6012,0.6981,22,45,22,579305,26305,95703,12253,0.24366408536811293,0.31778100523886094
6013,0.6982,33,91,33,579396,26214,95736,12220,0.2428211493571455,0.31794765051777074
6014,0.6983,10,42,10,579438,26172,95746,12210,0.24243210196746823,0.31811786775050804
6015,0.6984,14,25,14,579463,26147,95760,12196,0.24220052614027937,0.3180763111910909
6016,0.6985,21,64,21,579527,26083,95781,12175,0.2416076920226759,0.3182340948298395
6017,0.6986,20,38,20,579565,26045,95801,12155,0.24125569676534886,0.3181937172774869
6018,0.6987,22,43,22,579608,26002,95823,12133,0.24085738634258402,0.3181591713648879
6019,0.6988,27,97,27,579705,25905,95850,12106,0.23995887213309125,0.3184867538344164
6020,0.6989,33,86,33,579791,25819,95883,12073,0.2391622512875616,0.31861606671592946
6021,0.699,19,62,19,579853,25757,95902,12054,0.23858794323613325,0.31879611753193515
6022,0.6991,34,99,34,579952,25658,95936,12020,0.23767090296046536,0.3190190562131748
6023,0.6992,13,49,13,580001,25609,95949,12007,0.23721701433917522,0.31919927690344535
6024,0.6993,23,62,23,580063,25547,95972,11984,0.23664270628774686,0.3193093709200394
6025,0.6994,24,65,24,580128,25482,95996,11960,0.23604060913705585,0.31942738101597135
6026,0.6995,30,69,30,580197,25413,96026,11930,0.2354014598540146,0.3194708512974319
6027,0.6996,14,57,14,580254,25356,96040,11916,0.234873466968024,0.319703799098519
6028,0.6997,37,90,37,580344,25266,96077,11879,0.23403979399014413,0.319800780724189
6029,0.6998,15,31,15,580375,25235,96092,11864,0.23375263996442996,0.31979298633386344
6030,0.6999,21,44,21,580419,25191,96113,11843,0.23334506650857756,0.3197872225522493
6031,0.7,20,58,20,580477,25133,96133,11823,0.23280781058949943,0.31992098711981815
6032,0.7001,16,52,16,580529,25081,96149,11807,0.2323261328689466,0.3200769898069833
6033,0.7002,16,29,16,580558,25052,96165,11791,0.23205750490940755,0.32003365632548925
6034,0.7003,28,64,28,580622,24988,96193,11763,0.23146467079180408,0.32007292318576364
6035,0.7004,9,28,9,580650,24960,96202,11754,0.23120530586535254,0.32015035136460207
6036,0.7005,13,49,13,580699,24911,96215,11741,0.2307514172440624,0.32033722579941065
6037,0.7006,9,39,9,580738,24872,96224,11732,0.23039015895364778,0.3205114195169927
6038,0.7007,18,38,18,580776,24834,96242,11714,0.2300381636963207,0.32051001422786474
6039,0.7008,14,36,14,580812,24798,96256,11700,0.22970469450516878,0.32056551043892817
6040,0.7009,36,89,36,580901,24709,96292,11664,0.22888028456037646,0.32067742556291756
6041,0.701,22,58,22,580959,24651,96314,11642,0.2283430286412983,0.32077811148155294
6042,0.7011,18,62,18,581021,24589,96332,11624,0.22776872058986994,0.3209896998315522
6043,0.7012,17,61,17,581082,24528,96349,11607,0.22720367557152915,0.3212121212121212
6044,0.7013,11,17,11,581099,24511,96360,11596,0.22704620400904071,0.3211565624394162
6045,0.7014,22,48,22,581147,24463,96382,11574,0.2266015784208381,0.32116990870494216
6046,0.7015,29,49,29,581196,24414,96411,11545,0.22614768979954797,0.3210600962206958
6047,0.7016,15,49,15,581245,24365,96426,11530,0.2256938011782578,0.3212146538515114
6048,0.7017,11,47,11,581292,24318,96437,11519,0.22525843862314276,0.32142757485280576
6049,0.7018,15,35,15,581327,24283,96452,11504,0.22493423246507838,0.32145751250454074
6050,0.7019,17,51,17,581378,24232,96469,11487,0.2244618177776131,0.321593549651446
6051,0.702,34,119,34,581497,24113,96503,11453,0.22335951684019414,0.3220210313220491
6052,0.7021,25,77,25,581574,24036,96528,11428,0.2226462632924525,0.32224227385517706
6053,0.7022,20,61,20,581635,23975,96548,11408,0.22208121827411167,0.32241471893282087
6054,0.7023,34,84,34,581719,23891,96582,11374,0.22130312349475711,0.3225294201049199
6055,0.7024,21,60,21,581779,23831,96603,11353,0.22074734150950387,0.322675079581628
6056,0.7025,21,45,21,581824,23786,96624,11332,0.22033050502056392,0.32268352411868556
6057,0.7026,39,78,39,581902,23708,96663,11293,0.2196079884397347,0.3226479243450187
6058,0.7027,11,53,11,581955,23655,96674,11282,0.21911704768609433,0.3229241205598649
6059,0.7028,18,45,18,582000,23610,96692,11264,0.2187002111971544,0.32299134025348397
6060,0.7029,21,47,21,582047,23563,96713,11243,0.21826484864203935,0.3230190197092455
6061,0.703,19,42,19,582089,23521,96732,11224,0.21787580125236208,0.3230392862282343
6062,0.7031,18,53,18,582142,23468,96750,11206,0.2173848604987217,0.32318163465420774
6063,0.7032,17,53,17,582195,23415,96767,11189,0.21689391974508132,0.32334412206681307
6064,0.7033,29,65,29,582260,23350,96796,11160,0.2162918225943903,0.3233845262242828
6065,0.7034,30,57,30,582317,23293,96826,11130,0.21576382970839972,0.32333033146442786
6066,0.7035,27,67,27,582384,23226,96853,11103,0.2151432064915336,0.3234291706720266
6067,0.7036,22,62,22,582446,23164,96875,11081,0.21456889844010524,0.3235800846838955
6068,0.7037,10,26,10,582472,23138,96885,11071,0.2143280595798288,0.32362828495425183
6069,0.7038,24,56,24,582528,23082,96909,11047,0.2138093297269258,0.3236836707785168
6070,0.7039,25,48,25,582576,23034,96934,11022,0.2133647041387232,0.3236434108527132
6071,0.704,16,58,16,582634,22976,96950,11006,0.21282744821964503,0.32387734683067504
6072,0.7041,14,32,14,582666,22944,96964,10992,0.21253103116084332,0.32390381895332393
6073,0.7042,20,26,20,582692,22918,96984,10972,0.2122901923005669,0.323753319563293
6074,0.7043,14,53,14,582745,22865,96998,10958,0.21179925154692653,0.3239807231765367
6075,0.7044,24,71,24,582816,22794,97022,10934,0.21114157619771018,0.32418168880455406
6076,0.7045,32,45,32,582861,22749,97054,10902,0.21072473970877023,0.3239725416778105
6077,0.7046,7,24,7,582885,22725,97061,10895,0.21050242691466894,0.32406305770374777
6078,0.7047,22,53,22,582938,22672,97083,10873,0.21001148616102858,0.3241317633030258
6079,0.7048,22,47,22,582985,22625,97105,10851,0.20957612360591352,0.3241426693750747
6080,0.7049,31,67,31,583052,22558,97136,10820,0.2089555003890474,0.3241656180717838
6081,0.705,22,55,22,583107,22503,97158,10798,0.20844603356923191,0.32425452689108436
6082,0.7051,30,49,30,583156,22454,97188,10768,0.20799214494794174,0.324122569381735
6083,0.7052,21,53,21,583209,22401,97209,10747,0.20750120419430138,0.324212622179317
6084,0.7053,15,20,15,583229,22381,97224,10732,0.2073159435325503,0.3241023163108145
6085,0.7054,20,60,20,583289,22321,97244,10712,0.20676016154729704,0.32428177882723336
6086,0.7055,44,82,44,583371,22239,97288,10668,0.2060005928341176,0.3241863433312061
6087,0.7056,14,29,14,583400,22210,97302,10654,0.20573196487457854,0.32418451801363196
6088,0.7057,29,64,29,583464,22146,97331,10625,0.20513913075697507,0.3242195843886363
6089,0.7058,32,81,32,583545,22065,97363,10593,0.20438882507688316,0.3243615653132464
6090,0.7059,7,20,7,583565,22045,97370,10586,0.2042035644151321,0.32441543317704025
6091,0.706,22,44,22,583609,22001,97392,10564,0.2037959909592797,0.3243973591278981
6092,0.7061,19,48,19,583657,21953,97411,10545,0.2033513653710771,0.3244815065542495
6093,0.7062,30,37,30,583694,21916,97441,10515,0.2030086331468376,0.3242268200178841
6094,0.7063,36,74,36,583768,21842,97477,10479,0.2023231686983586,0.32421645369883356
6095,0.7064,25,77,25,583845,21765,97502,10454,0.2016099151506169,0.32446692945156586
6096,0.7065,25,57,25,583902,21708,97527,10429,0.20108192226462632,0.32451691197062577
6097,0.7066,9,51,9,583953,21657,97536,10420,0.20060950757716106,0.3248433456994108
6098,0.7067,16,50,16,584003,21607,97552,10404,0.20014635592278335,0.32501327668613916
6099,0.7068,24,32,24,584035,21575,97576,10380,0.1998499388639816,0.3248317947113128
6100,0.7069,27,41,27,584076,21534,97603,10353,0.1994701545073919,0.324677768369555
6101,0.707,21,46,21,584122,21488,97624,10332,0.1990440549853644,0.3247014456316782
6102,0.7071,28,49,28,584171,21439,97652,10304,0.19859016636407426,0.324606999968497
6103,0.7072,27,45,27,584216,21394,97679,10277,0.1981733298751343,0.3244924378769221
6104,0.7073,24,42,24,584258,21352,97703,10253,0.19778428248545704,0.3244106945103623
6105,0.7074,11,31,11,584289,21321,97714,10242,0.19749712845974285,0.32449386940404906
6106,0.7075,34,88,34,584377,21233,97748,10208,0.1966819815480381,0.3246716071371776
6107,0.7076,23,54,23,584431,21179,97771,10185,0.19618177776131016,0.324735365387068
6108,0.7077,19,40,19,584471,21139,97790,10166,0.195811256437808,0.32474045679603897
6109,0.7078,27,74,27,584545,21065,97817,10139,0.19512579198932897,0.3249262915010896
6110,0.7079,3,26,3,584571,21039,97820,10136,0.19488495312905257,0.32513231756214916
6111,0.708,24,57,24,584628,20982,97844,10112,0.19435696024306198,0.3252074355181064
6112,0.7081,16,44,16,584672,20938,97860,10096,0.1939493867872096,0.3253206160984726
6113,0.7082,9,27,9,584699,20911,97869,10087,0.19369928489384564,0.3254080908445706
6114,0.7083,23,85,23,584784,20826,97892,10064,0.19291192708140353,0.3258012301715766
6115,0.7084,16,33,16,584817,20793,97908,10048,0.19260624698951426,0.3258000713336143
6116,0.7085,12,52,12,584869,20741,97920,10036,0.19212456926896143,0.3260876628651266
6117,0.7086,35,78,35,584947,20663,97955,10001,0.1914020526881322,0.3261479259066006
6118,0.7087,35,54,35,585001,20609,97990,9966,0.19090184890140427,0.3259525756336877
6119,0.7088,41,71,41,585072,20538,98031,9925,0.19024417355218792,0.32580507500902733
6120,0.7089,13,44,13,585116,20494,98044,9912,0.18983660009633554,0.3259882917845162
6121,0.709,32,49,32,585165,20445,98076,9880,0.1893827114750454,0.3258037922506183
6122,0.7091,11,44,11,585209,20401,98087,9869,0.188975138019193,0.3260323752890651
6123,0.7092,26,56,26,585265,20345,98113,9843,0.18845640816628997,0.3260567112760037
6124,0.7093,32,65,32,585330,20280,98145,9811,0.18785431101559893,0.32604433219234985
6125,0.7094,13,30,13,585360,20250,98158,9798,0.1875764200229723,0.32607827476038337
6126,0.7095,25,62,25,585422,20188,98183,9773,0.18700211197154396,0.326190714595641
6127,0.7096,10,34,10,585456,20154,98193,9763,0.1866871688465671,0.3263361968111776
6128,0.7097,16,29,16,585485,20125,98209,9747,0.18641854088702806,0.32629217996786286
6129,0.7098,18,56,18,585541,20069,98227,9729,0.185899811034125,0.3264984227129338
6130,0.7099,16,31,16,585572,20038,98243,9713,0.18561265700841084,0.32647642096064
6131,0.71,22,39,22,585611,19999,98265,9691,0.18525139871799623,0.3264061973728528
6132,0.7101,18,62,18,585673,19937,98283,9673,0.18467709066656787,0.3266801756163458
6133,0.7102,16,45,16,585718,19892,98299,9657,0.18426025417762792,0.3268130901214931
6134,0.7103,23,49,23,585767,19843,98322,9634,0.18380636555633778,0.3268310886453845
6135,0.7104,7,27,7,585794,19816,98329,9627,0.1835562636629738,0.32697075705600653
6136,0.7105,22,52,22,585846,19764,98351,9605,0.183074585942421,0.3270455241921754
6137,0.7106,20,32,20,585878,19732,98371,9585,0.18277816888361925,0.3269434116724085
6138,0.7107,18,46,18,585924,19686,98389,9567,0.18235206936159176,0.3270433801661368
6139,0.7108,15,43,15,585967,19643,98404,9552,0.18195375893882693,0.3271793115259462
6140,0.7109,28,56,28,586023,19587,98432,9524,0.1814350290859239,0.32716155405173303
6141,0.711,24,70,24,586093,19517,98456,9500,0.1807866167697951,0.32739428610814353
6142,0.7111,27,45,27,586138,19472,98483,9473,0.18036978028085515,0.32727586802556574
6143,0.7112,16,44,16,586182,19428,98499,9457,0.17996220682500277,0.3274017656222953
6144,0.7113,28,65,28,586247,19363,98527,9429,0.17936010967431176,0.3274868018894137
6145,0.7114,27,61,27,586308,19302,98554,9402,0.17879506465597095,0.32755016722408026
6146,0.7115,4,16,4,586324,19286,98558,9398,0.17864685612657008,0.3276391019383629
6147,0.7116,28,36,28,586360,19250,98586,9370,0.17831338693541812,0.3273934311670161
6148,0.7117,18,61,18,586421,19189,98604,9352,0.17774834191707733,0.3276689674503346
6149,0.7118,26,41,26,586462,19148,98630,9326,0.1773685575604876,0.3275268666151577
6150,0.7119,38,90,38,586552,19058,98668,9288,0.17653488458260774,0.32766527905171805
6151,0.712,20,41,20,586593,19017,98688,9268,0.17615510022601802,0.32766484002121266
6152,0.7121,12,46,12,586639,18971,98700,9256,0.1757290007039905,0.3279129911078046
6153,0.7122,43,67,43,586706,18904,98743,9213,0.17510837748712438,0.3276665362592026
6154,0.7123,21,45,21,586751,18859,98764,9192,0.17469154099818446,0.3276888524473281
6155,0.7124,18,68,18,586819,18791,98782,9174,0.17406165474823077,0.3280529232969784
6156,0.7125,9,31,9,586850,18760,98791,9165,0.17377450072251657,0.3282005371530886
6157,0.7126,9,25,9,586875,18735,98800,9156,0.17354292489532772,0.3282779391201463
6158,0.7127,21,22,21,586897,18713,98821,9135,0.17333913816740154,0.3280307382935938
6159,0.7128,22,58,22,586955,18655,98843,9113,0.17280188224832338,0.32818352059925093
6160,0.7129,6,24,6,586979,18631,98849,9107,0.1725795694542221,0.32832215732929554
6161,0.713,40,73,40,587052,18558,98889,9067,0.17190336803883063,0.32821719457013576
6162,0.7131,9,46,9,587098,18512,98898,9058,0.17147726851680314,0.32854552049328983
6163,0.7132,9,34,9,587132,18478,98907,9049,0.1711623253918263,0.3287317906055872
6164,0.7133,24,60,24,587192,18418,98931,9025,0.17060654340657305,0.32886346244944065
6165,0.7134,7,30,7,587222,18388,98938,9018,0.17032865241394643,0.32905203240166386
6166,0.7135,25,48,25,587270,18340,98963,8993,0.16988402682574383,0.32901620751472577
6167,0.7136,8,20,8,587290,18320,98971,8985,0.16969876616399274,0.3290606116095953
6168,0.7137,6,51,6,587341,18269,98977,8979,0.16922635147652748,0.3295287727539636
6169,0.7138,13,31,13,587372,18238,98990,8966,0.1689391974508133,0.3295838847228349
6170,0.7139,27,57,27,587429,18181,99017,8939,0.1684112045648227,0.32960914454277285
6171,0.714,22,31,22,587460,18150,99039,8917,0.16812405053910853,0.3294417556434034
6172,0.7141,11,48,11,587508,18102,99050,8906,0.16767942495090593,0.3297541469194313
6173,0.7142,27,49,27,587557,18053,99077,8879,0.16722553632961576,0.32968216248329124
6174,0.7143,22,45,22,587602,18008,99099,8857,0.16680869984067584,0.32968546435883117
6175,0.7144,22,27,22,587629,17981,99121,8835,0.16655859794731187,0.3294674821002387
6176,0.7145,25,41,25,587670,17940,99146,8810,0.16617881359072215,0.32934579439252337
6177,0.7146,18,45,18,587715,17895,99164,8792,0.1657619771017822,0.3294487952935886
6178,0.7147,31,53,31,587768,17842,99195,8761,0.16527103634814183,0.32932376047814155
6179,0.7148,7,35,7,587803,17807,99202,8754,0.16494683019007744,0.329580964572117
6180,0.7149,17,62,17,587865,17745,99219,8737,0.16437252213864909,0.3299222113133449
6181,0.715,6,16,6,587881,17729,99225,8731,0.16422431360924822,0.3299697656840514
6182,0.7151,14,36,14,587917,17693,99239,8717,0.16389084441809626,0.330064369556986
6183,0.7152,12,30,12,587947,17663,99251,8705,0.16361295342546964,0.33013501213592233
6184,0.7153,15,27,15,587974,17636,99266,8690,0.16336285153210567,0.33009192433335866
6185,0.7154,22,52,22,588026,17584,99288,8668,0.16288117381155284,0.3301843669053786
6186,0.7155,15,41,15,588067,17543,99303,8653,0.16250138945496315,0.33031760574133456
6187,0.7156,21,38,21,588105,17505,99324,8632,0.16214939419763608,0.3302597849791483
6188,0.7157,19,33,19,588138,17472,99343,8613,0.16184371410574677,0.33018976423231744
6189,0.7158,21,50,21,588188,17422,99364,8592,0.1613805624513691,0.3302836933958638
6190,0.7159,18,25,18,588213,17397,99382,8574,0.16114898662418023,0.33013746101420816
6191,0.716,13,38,13,588251,17359,99395,8561,0.16079699136685316,0.3302854938271605
6192,0.7161,13,53,13,588304,17306,99408,8548,0.1603060506132128,0.3306258219231067
6193,0.7162,15,42,15,588346,17264,99423,8533,0.15991700322353553,0.330774896305772
6194,0.7163,14,52,14,588398,17212,99437,8519,0.1594353255029827,0.3310792429365357
6195,0.7164,15,39,15,588437,17173,99452,8504,0.1590740672125681,0.33119133855201155
6196,0.7165,11,42,11,588479,17131,99463,8493,0.1586850198228908,0.33144708086169217
6197,0.7166,11,20,11,588499,17111,99474,8482,0.15849975916113973,0.3314187473137186
6198,0.7167,24,35,24,588534,17076,99498,8458,0.15817555300307531,0.3312446150231064
6199,0.7168,15,7,15,588541,17069,99513,8443,0.15811071177146244,0.330942301661963
6200,0.7169,18,32,18,588573,17037,99531,8425,0.1578142947126607,0.33088524075092296
6201,0.717,19,45,19,588618,16992,99550,8406,0.15739745822372078,0.330970942593905
6202,0.7171,23,71,23,588689,16921,99573,8383,0.15673978287450444,0.33129149541574454
6203,0.7172,13,29,13,588718,16892,99586,8370,0.15647115491496535,0.33132768585226824
6204,0.7173,11,30,11,588748,16862,99597,8359,0.15619326392233873,0.3314301574085088
6205,0.7174,15,49,15,588797,16813,99612,8344,0.1557393753010486,0.3316770680128791
6206,0.7175,16,42,16,588839,16771,99628,8328,0.1553503279113713,0.3318060480497231
6207,0.7176,7,32,7,588871,16739,99635,8321,0.15505391085256956,0.3320430965682362
6208,0.7177,10,32,10,588903,16707,99645,8311,0.15475749379376783,0.3322008154129027
6209,0.7178,7,26,7,588929,16681,99652,8304,0.15451665493349143,0.33235941564938964
6210,0.7179,30,48,30,588977,16633,99682,8274,0.15407202934528882,0.33219576825791947
6211,0.718,15,29,15,589006,16604,99697,8259,0.15380340138574974,0.33218034830873183
6212,0.7181,24,50,24,589056,16554,99721,8235,0.15334024973137203,0.33220380007261285
6213,0.7182,12,33,12,589089,16521,99733,8223,0.15303456963948275,0.3323229873908826
6214,0.7183,17,22,17,589111,16499,99750,8206,0.15283078291155655,0.3321594818862578
6215,0.7184,13,17,13,589128,16482,99763,8193,0.15267331134906814,0.33203647416413373
6216,0.7185,15,40,15,589168,16442,99778,8178,0.15230279002556596,0.3321689683184403
6217,0.7186,27,69,27,589237,16373,99805,8151,0.15166364074252472,0.33236829228510845
6218,0.7187,15,33,15,589270,16340,99820,8136,0.15135796065063545,0.332407256087596
6219,0.7188,9,18,9,589288,16322,99829,8127,0.15119122605505947,0.3324062333837785
6220,0.7189,26,54,26,589342,16268,99855,8101,0.15069102226833153,0.3324305470064426
6221,0.719,10,44,10,589386,16224,99865,8091,0.15028344881247915,0.33275755706354104
6222,0.7191,19,29,19,589415,16195,99884,8072,0.15001482085294007,0.3326327935055837
6223,0.7192,10,21,10,589436,16174,99894,8062,0.14982029715810144,0.33264565109754085
6224,0.7193,15,36,15,589472,16138,99909,8047,0.1494868279669495,0.3327268968368824
6225,0.7194,18,44,18,589516,16094,99927,8029,0.1490792545110971,0.3328358827674833
6226,0.7195,7,32,7,589548,16062,99934,8022,0.14878283745229537,0.3330842052815147
6227,0.7196,12,10,12,589558,16052,99946,8010,0.14869020712141984,0.3328900340786302
6228,0.7197,34,80,34,589638,15972,99980,7976,0.1479491644744155,0.33305495239685984
6229,0.7198,40,68,40,589706,15904,100020,7936,0.1473192782244618,0.33288590604026846
6230,0.7199,11,41,11,589747,15863,100031,7925,0.14693949386787208,0.33315116865646544
6231,0.72,21,26,21,589773,15837,100052,7904,0.14669865500759569,0.3329261614927762
6232,0.7201,18,33,18,589806,15804,100070,7886,0.1463929749157064,0.3328830730265935
6233,0.7202,15,45,15,589851,15759,100085,7871,0.14597613842676646,0.33309352517985613
6234,0.7203,17,38,17,589889,15721,100102,7854,0.1456241431694394,0.3331495227995758
6235,0.7204,24,34,24,589923,15687,100126,7830,0.14530920004446257,0.33295063145809417
6236,0.7205,20,37,20,589960,15650,100146,7810,0.14496646782022304,0.3329070758738278
6237,0.7206,27,45,27,590005,15605,100173,7783,0.14454963133128312,0.3327774927313152
6238,0.7207,11,52,11,590057,15553,100184,7772,0.1440679536107303,0.3332047159699893
6239,0.7208,21,45,21,590102,15508,100205,7751,0.14365111712179035,0.3332473451137194
6240,0.7209,12,19,12,590121,15489,100217,7739,0.14347511949312683,0.33317547787153434
6241,0.721,17,32,17,590153,15457,100234,7722,0.1431787024343251,0.3331463825014021
6242,0.7211,13,34,13,590187,15423,100247,7709,0.14286375930934825,0.3332612830710704
6243,0.7212,18,41,18,590228,15382,100265,7691,0.14248397495275852,0.3333333333333333
6244,0.7213,14,34,14,590262,15348,100279,7677,0.14216903182778168,0.3334201954397394
6245,0.7214,14,38,14,590300,15310,100293,7663,0.14181703657045464,0.33356548992295304
6246,0.7215,8,18,8,590318,15292,100301,7655,0.14165030197487866,0.33359480542118797
6247,0.7216,32,54,32,590372,15238,100333,7623,0.14115009818815072,0.3334499803158217
6248,0.7217,6,26,6,590398,15212,100339,7617,0.14090925932787432,0.33365456217968376
6249,0.7218,13,31,13,590429,15181,100352,7604,0.14062210530216013,0.3337283300416941
6250,0.7219,17,33,17,590462,15148,100369,7587,0.14031642521027085,0.3337145370574005
6251,0.722,28,58,28,590520,15090,100397,7559,0.13977916929119272,0.3337454192238068
6252,0.7221,21,36,21,590556,15054,100418,7538,0.13944570010004076,0.3336579320113314
6253,0.7222,18,49,18,590605,15005,100436,7520,0.13899181147875062,0.33385127635960044
6254,0.7223,20,31,20,590636,14974,100456,7500,0.13870465745303642,0.33371896413633534
6255,0.7224,11,37,11,590673,14937,100467,7489,0.13836192522879692,0.3339427450280924
6256,0.7225,14,34,14,590707,14903,100481,7475,0.13804698210382008,0.3340334256859416
6257,0.7226,13,38,13,590745,14865,100494,7462,0.137694986846493,0.3342141801406369
6258,0.7227,15,31,15,590776,14834,100509,7447,0.13740783282077884,0.3342309591131457
6259,0.7228,20,49,20,590825,14785,100529,7427,0.13695394419948867,0.33436880965244015
6260,0.7229,3,21,3,590846,14764,100532,7424,0.13675942050465004,0.3345952767261583
6261,0.723,11,27,11,590873,14737,100543,7413,0.13650931861128607,0.3346726862302483
6262,0.7231,3,14,3,590887,14723,100546,7410,0.1363796361480603,0.33479419870781185
6263,0.7232,11,30,11,590917,14693,100557,7399,0.1361017451554337,0.33491761723700886
6264,0.7233,9,26,9,590943,14667,100566,7390,0.1358609062951573,0.33504103005848485
6265,0.7234,20,18,20,590961,14649,100586,7370,0.1356941716995813,0.3347109314682774
6266,0.7235,20,42,20,591003,14607,100606,7350,0.13530512430990405,0.33474518376827433
6267,0.7236,22,40,22,591043,14567,100628,7328,0.13493460298640186,0.33468828499657455
6268,0.7237,5,31,5,591074,14536,100633,7323,0.1346474489606877,0.335010750720527
6269,0.7238,20,44,20,591118,14492,100653,7303,0.1342398755048353,0.335076852489103
6270,0.7239,13,18,13,591136,14474,100666,7290,0.13407314090925931,0.3349568094100349
6271,0.724,21,32,21,591168,14442,100687,7269,0.1337767238504576,0.33480724056929667
6272,0.7241,23,42,23,591210,14400,100710,7246,0.1333876764607803,0.3347500692968678
6273,0.7242,13,29,13,591239,14371,100723,7233,0.13311904850124123,0.3347991112756897
6274,0.7243,4,10,4,591249,14361,100727,7229,0.1330264181703657,0.3348309402501158
6275,0.7244,10,46,10,591295,14315,100737,7219,0.1326003186483382,0.3352372991548249
6276,0.7245,26,66,26,591361,14249,100763,7193,0.13198895846455963,0.33546310978453503
6277,0.7246,11,21,11,591382,14228,100774,7182,0.131794434769721,0.335450723960766
6278,0.7247,4,23,4,591405,14205,100778,7178,0.13158138500870725,0.33568722817191227
6279,0.7248,10,22,10,591427,14183,100788,7168,0.13137759828078105,0.3357219802351178
6280,0.7249,17,27,17,591454,14156,100805,7151,0.1311274963874171,0.3356174027314967
6281,0.725,16,28,16,591482,14128,100821,7135,0.13086813146096557,0.33555942247095893
6282,0.7251,13,31,13,591513,14097,100834,7122,0.1305809774352514,0.335642584476177
6283,0.7252,13,47,13,591560,14050,100847,7109,0.13014561488013635,0.3359799612458056
6284,0.7253,16,46,16,591606,14004,100863,7093,0.12971951535810886,0.33620893965966725
6285,0.7254,10,27,10,591633,13977,100873,7083,0.1294694134647449,0.33632478632478635
6286,0.7255,17,44,17,591677,13933,100890,7066,0.1290618400088925,0.3364922139149483
6287,0.7256,20,30,20,591707,13903,100910,7046,0.1287839490162659,0.33634063678457204
6288,0.7257,9,10,9,591717,13893,100919,7037,0.12869131868539035,0.3362159579550884
6289,0.7258,5,16,5,591733,13877,100924,7032,0.1285431101559895,0.33631450571524224
6290,0.7259,22,48,22,591781,13829,100946,7010,0.12809848456778689,0.33638850232736695
6291,0.726,21,39,21,591820,13790,100967,6989,0.12773722627737227,0.3363491987102363
6292,0.7261,13,21,13,591841,13769,100980,6976,0.1275427025825336,0.3362738009158833
6293,0.7262,12,29,12,591870,13740,100992,6964,0.12727407462299456,0.3363601236476043
6294,0.7263,18,43,18,591913,13697,101010,6946,0.12687576420022972,0.33648210046989296
6295,0.7264,12,28,12,591941,13669,101022,6934,0.1266163992737782,0.3365529291850701
6296,0.7265,15,46,15,591987,13623,101037,6919,0.12619029975175072,0.33682212053354105
6297,0.7266,9,25,9,592012,13598,101046,6910,0.12595872392456187,0.3369416812951043
6298,0.7267,17,22,17,592034,13576,101063,6893,0.12575493719663566,0.3367531388929601
6299,0.7268,6,15,6,592049,13561,101069,6887,0.12561599170032237,0.3368055555555556
6300,0.7269,18,38,18,592087,13523,101087,6869,0.1252639964429953,0.336847783444488
6301,0.727,12,17,12,592104,13506,101099,6857,0.1251065248805069,0.33673820164022983
6302,0.7271,10,52,10,592156,13454,101109,6847,0.12462484715995406,0.3372740259100537
6303,0.7272,17,28,17,592184,13426,101126,6830,0.12436548223350254,0.33718404423380727
6304,0.7273,12,32,12,592216,13394,101138,6818,0.1240690651747008,0.33732436176528796
6305,0.7274,12,19,12,592235,13375,101150,6806,0.12389306754603728,0.33724790644665775
6306,0.7275,20,49,20,592284,13326,101170,6786,0.12343917892474712,0.33741050119331745
6307,0.7276,12,58,12,592342,13268,101182,6774,0.12290192300566898,0.33799022053687255
6308,0.7277,27,76,27,592418,13192,101209,6747,0.12219793249101486,0.3383820652991624
6309,0.7278,23,47,23,592465,13145,101232,6724,0.12176256993589982,0.3384166289194222
6310,0.7279,14,45,14,592510,13100,101246,6710,0.12134573344695987,0.33871781928319034
6311,0.728,7,24,7,592534,13076,101253,6703,0.12112342065285857,0.3388947874007786
6312,0.7281,10,46,10,592580,13030,101263,6693,0.12069732113083108,0.3393499974648887
6313,0.7282,15,32,15,592612,12998,101278,6678,0.12040090407202934,0.33939825167717014
6314,0.7283,21,24,21,592636,12974,101299,6657,0.12017859127792804,0.33910651520554225
6315,0.7284,19,42,19,592678,12932,101318,6638,0.11978954388825076,0.3391926417986714
6316,0.7285,16,32,16,592710,12900,101334,6622,0.11949312682944903,0.3392070484581498
6317,0.7286,25,29,25,592739,12871,101359,6597,0.11922449886990996,0.33886377645366755
6318,0.7287,27,68,27,592807,12803,101386,6570,0.11859461261995628,0.33913178134517113
6319,0.7288,17,29,17,592836,12774,101403,6553,0.1183259846604172,0.33905934702747453
6320,0.7289,27,52,27,592888,12722,101430,6526,0.11784430693986439,0.33904821280133
6321,0.729,14,40,14,592928,12682,101444,6512,0.11747378561636222,0.3392726893820986
6322,0.7291,28,73,28,593001,12609,101472,6484,0.11679758420097076,0.339600900853716
6323,0.7292,16,37,16,593038,12572,101488,6468,0.11645485197673126,0.3397058823529412
6324,0.7293,19,35,19,593073,12537,101507,6449,0.11613064581866686,0.33967133677446537
6325,0.7294,36,50,36,593123,12487,101543,6413,0.11566749416428916,0.3393121693121693
6326,0.7295,16,45,16,593168,12442,101559,6397,0.11525065767534921,0.3395615478528584
6327,0.7296,23,55,23,593223,12387,101582,6374,0.11474119085553373,0.33974734822237623
6328,0.7297,4,19,4,593242,12368,101586,6370,0.11456519322687021,0.3399509019105561
6329,0.7298,9,22,9,593264,12346,101595,6361,0.11436140649894401,0.3400331426738654
6330,0.7299,15,22,15,593286,12324,101610,6346,0.11415761977101782,0.33990358864488485
6331,0.73,12,21,12,593307,12303,101622,6334,0.11396309607617919,0.33986156570263454
6332,0.7301,24,60,24,593367,12243,101646,6310,0.11340731409092593,0.3401067212849674
6333,0.7302,10,27,10,593394,12216,101656,6300,0.11315721219756197,0.3402462734931951
6334,0.7303,20,52,20,593446,12164,101676,6280,0.11267553447700915,0.34049013229234437
6335,0.7304,16,31,16,593477,12133,101692,6264,0.11238838045129497,0.3404902973310866
6336,0.7305,32,42,32,593519,12091,101724,6232,0.11199933306161769,0.34011897615019376
6337,0.7306,21,42,21,593561,12049,101745,6211,0.11161028567194042,0.3401423877327492
6338,0.7307,17,32,17,593593,12017,101762,6194,0.11131386861313869,0.34012410081818684
6339,0.7308,8,15,8,593608,12002,101770,6186,0.11117492311682538,0.34011436111722015
6340,0.7309,10,12,10,593620,11990,101780,6176,0.11106376671977472,0.33997577892766706
6341,0.731,21,38,21,593658,11952,101801,6155,0.11071177146244766,0.33992378638095766
6342,0.7311,23,34,23,593692,11918,101824,6132,0.11039682833747082,0.3397229916897507
6343,0.7312,26,38,26,593730,11880,101850,6106,0.11004483308014376,0.3394862670966307
6344,0.7313,9,18,9,593748,11862,101859,6097,0.10987809848456778,0.3394955175677933
6345,0.7314,13,33,13,593781,11829,101872,6084,0.1095724183926785,0.33964160107184727
6346,0.7315,23,41,23,593822,11788,101895,6061,0.10919263403608878,0.33957084430500306
6347,0.7316,22,73,22,593895,11715,101917,6039,0.10851643262069732,0.34014869888475835
6348,0.7317,7,19,7,593914,11696,101924,6032,0.10834043499203379,0.34025270758122744
6349,0.7318,12,33,12,593947,11663,101936,6020,0.1080347549001445,0.3404399705932251
6350,0.7319,19,25,19,593972,11638,101955,6001,0.10780317907295565,0.34021203016043994
6351,0.732,16,35,16,594007,11603,101971,5985,0.10747897291489125,0.3402888332954287
6352,0.7321,8,14,8,594021,11589,101979,5977,0.1073492904516655,0.3402595923943983
6353,0.7322,11,15,11,594036,11574,101990,5966,0.10721034495535219,0.3401368301026226
6354,0.7323,20,57,20,594093,11517,102010,5946,0.1066823520693616,0.3404913245146882
6355,0.7324,8,40,8,594133,11477,102018,5938,0.10631183074585943,0.3409704277921332
6356,0.7325,9,16,9,594149,11461,102027,5929,0.10616362221645856,0.3409430707303048
6357,0.7326,20,25,20,594174,11436,102047,5909,0.1059320463892697,0.3406745459786682
6358,0.7327,15,31,15,594205,11405,102062,5894,0.10564489236355552,0.34071333603098447
6359,0.7328,10,15,10,594220,11390,102072,5884,0.10550594686724221,0.34062753270811624
6360,0.7329,14,27,14,594247,11363,102086,5870,0.10525584497387824,0.340625544014391
6361,0.733,7,26,7,594273,11337,102093,5863,0.10501500611360184,0.34087209302325583
6362,0.7331,10,20,10,594293,11317,102103,5853,0.10482974545185075,0.34088526499708793
6363,0.7332,13,24,13,594317,11293,102116,5840,0.10460743265774945,0.34086266269771787
6364,0.7333,9,16,9,594333,11277,102125,5831,0.10445922412834859,0.34083469721767595
6365,0.7334,10,27,10,594360,11250,102135,5821,0.10420912223498463,0.34098763985706754
6366,0.7335,7,15,7,594375,11235,102142,5814,0.1040701767386713,0.34101706844976243
6367,0.7336,8,25,8,594400,11210,102150,5806,0.10383860091148246,0.3412082745651152
6368,0.7337,14,28,14,594428,11182,102164,5792,0.10357923598503094,0.341227760103688
6369,0.7338,16,24,16,594452,11158,102180,5776,0.10335692319092964,0.34108893350655484
6370,0.7339,23,33,23,594485,11125,102203,5753,0.10305124309904035,0.3408579215546866
6371,0.734,11,33,11,594518,11092,102214,5742,0.10274556300715106,0.3410954021622906
6372,0.7341,10,31,10,594549,11061,102224,5732,0.10245840898143688,0.34133269814803785
6373,0.7342,18,45,18,594594,11016,102242,5714,0.10204157249249694,0.3415421398684997
6374,0.7343,14,43,14,594637,10973,102256,5700,0.10164326206973211,0.3418700893660409
6375,0.7344,15,44,15,594681,10929,102271,5685,0.10123568861387973,0.34218129288551824
6376,0.7345,26,48,26,594729,10881,102297,5659,0.10079106302567713,0.3421402660217654
6377,0.7346,13,42,13,594771,10839,102310,5646,0.10040201563599985,0.34249317561419473
6378,0.7347,25,59,25,594830,10780,102335,5621,0.09985549668383416,0.3427230046948357
6379,0.7348,21,54,21,594884,10726,102356,5600,0.09935529289710623,0.3430111478623055
6380,0.7349,10,24,10,594908,10702,102366,5590,0.09913298010300493,0.34311318438497423
6381,0.735,9,56,9,594964,10646,102375,5581,0.0986142502501019,0.3439329512540827
6382,0.7351,9,21,9,594985,10625,102384,5572,0.09841972655526325,0.34401432364018025
6383,0.7352,11,38,11,595023,10587,102395,5561,0.0980677312979362,0.3443770126331434
6384,0.7353,7,15,7,595038,10572,102402,5554,0.09792878580162288,0.3444127495969242
6385,0.7354,20,39,20,595077,10533,102422,5534,0.09756752751120827,0.34443268811850375
6386,0.7355,10,29,10,595106,10504,102432,5524,0.0972988995516692,0.34464686798103317
6387,0.7356,20,71,20,595177,10433,102452,5504,0.09664122420245286,0.34535985442680556
6388,0.7357,13,26,13,595203,10407,102465,5491,0.09640038534217645,0.345389357151843
6389,0.7358,13,24,13,595227,10383,102478,5478,0.09617807254807514,0.3453754492150558
6390,0.7359,17,38,17,595265,10345,102495,5461,0.09582607729074809,0.3455017082120714
6391,0.736,31,78,31,595343,10267,102526,5430,0.09510356070991885,0.345925973115882
6392,0.7361,16,27,16,595370,10240,102542,5414,0.0948534588165549,0.3458540948000511
6393,0.7362,7,20,7,595390,10220,102549,5407,0.0946681981548038,0.3460037115249248
6394,0.7363,24,33,24,595423,10187,102573,5383,0.09436251806291453,0.3457289659601798
6395,0.7364,15,27,15,595450,10160,102588,5368,0.09411241616955056,0.34569809376609995
6396,0.7365,13,46,13,595496,10114,102601,5355,0.09368631664752307,0.3461762234145711
6397,0.7366,10,32,10,595528,10082,102611,5345,0.09338989958872133,0.34647047384455826
6398,0.7367,19,47,19,595575,10035,102630,5326,0.09295453703360629,0.3467222186055595
6399,0.7368,23,18,23,595593,10017,102653,5303,0.09278780243803031,0.34614882506527417
6400,0.7369,23,44,23,595637,9973,102676,5280,0.09238022898217793,0.3461614108699928
6401,0.737,23,39,23,595676,9934,102699,5257,0.0920189706917633,0.3460601672042657
6402,0.7371,9,20,9,595696,9914,102708,5248,0.09183371003001223,0.346128479092468
6403,0.7372,8,34,8,595730,9880,102716,5240,0.09151876690503538,0.34656084656084657
6404,0.7373,7,20,7,595750,9860,102723,5233,0.0913335062432843,0.3467170211356258
6405,0.7374,22,41,22,595791,9819,102745,5211,0.09095372188669458,0.3467065868263473
6406,0.7375,14,30,14,595821,9789,102759,5197,0.09067583089406796,0.3467903376484719
6407,0.7376,16,39,16,595860,9750,102775,5181,0.09031457260365335,0.3469961824392204
6408,0.7377,12,22,12,595882,9728,102787,5169,0.09011078587572714,0.3469826139491173
6409,0.7378,7,21,7,595903,9707,102794,5162,0.08991626218088851,0.3471652431232766
6410,0.7379,8,23,8,595926,9684,102802,5154,0.08970321241987476,0.3473513950667206
6411,0.738,4,7,4,595933,9677,102806,5150,0.08963837118826189,0.3473393134147164
6412,0.7381,9,19,9,595952,9658,102815,5141,0.08946237355959835,0.34738833704980066
6413,0.7382,13,23,13,595975,9635,102828,5128,0.0892493237985846,0.34735487367066314
6414,0.7383,23,53,23,596028,9582,102851,5105,0.08875838304494424,0.34758630081024033
6415,0.7384,6,10,6,596038,9572,102857,5099,0.0886657527140687,0.34755640378978936
6416,0.7385,21,32,21,596070,9540,102878,5078,0.08836933565526696,0.3473799425365987
6417,0.7386,4,14,4,596084,9526,102882,5074,0.0882396531920412,0.3475342465753425
6418,0.7387,10,26,10,596110,9500,102892,5064,0.08799881433176479,0.3477066739906619
6419,0.7388,2,9,2,596119,9491,102894,5062,0.0879154470339768,0.3478320621177764
6420,0.7389,13,24,13,596143,9467,102907,5049,0.0876931342398755,0.34782309176081566
6421,0.739,10,32,10,596175,9435,102917,5039,0.08739671718107377,0.3481414950946525
6422,0.7391,9,24,9,596199,9411,102926,5030,0.08717440438697246,0.3483138286822242
6423,0.7392,18,35,18,596234,9376,102944,5012,0.08685019822890808,0.3483458437586878
6424,0.7393,7,15,7,596249,9361,102951,5005,0.08671125273259477,0.34839203675344566
6425,0.7394,13,29,13,596278,9332,102964,4992,0.08644262477305568,0.34850600390952247
6426,0.7395,15,22,15,596300,9310,102979,4977,0.0862388380451295,0.34835864772170505
6427,0.7396,9,18,9,596318,9292,102988,4968,0.08607210344955352,0.34838709677419355
6428,0.7397,12,31,12,596349,9261,103000,4956,0.08578494942383934,0.34859675036927623
6429,0.7398,9,21,9,596370,9240,103009,4947,0.0855904257290007,0.34869951363924717
6430,0.7399,8,27,8,596397,9213,103017,4939,0.08534032383563674,0.3489966082532504
6431,0.74,19,56,19,596453,9157,103036,4920,0.0848215939827337,0.3495062868508915
6432,0.7401,7,11,7,596464,9146,103043,4913,0.08471970061877061,0.34945586457073763
6433,0.7402,3,20,3,596484,9126,103046,4910,0.08453443995701952,0.34981476204046735
6434,0.7403,14,41,14,596525,9085,103060,4896,0.0841546556004298,0.350189542951148
6435,0.7404,17,26,17,596551,9059,103077,4879,0.0839138167401534,0.3500502224135457
6436,0.7405,16,22,16,596573,9037,103093,4863,0.08371003001222721,0.34985611510791365
6437,0.7406,14,10,14,596583,9027,103107,4849,0.08361739968135166,0.3494522917267224
6438,0.7407,2,12,2,596595,9015,103109,4847,0.08350624328430101,0.349660943586784
6439,0.7408,4,18,4,596613,8997,103113,4843,0.08333950868872504,0.3499277456647399
6440,0.7409,3,19,3,596632,8978,103116,4840,0.0831635110600615,0.35026776668114057
6441,0.741,15,23,15,596655,8955,103131,4825,0.08295046129904776,0.35014513788098695
6442,0.7411,7,25,7,596680,8930,103138,4818,0.0827188854718589,0.35045097468722725
6443,0.7412,4,16,4,596696,8914,103142,4814,0.08257067694245804,0.3506701631701632
6444,0.7413,6,26,6,596722,8888,103148,4808,0.08232983808218163,0.3510514018691589
6445,0.7414,10,25,10,596747,8863,103158,4798,0.08209826225499277,0.351218798038211
6446,0.7415,15,34,15,596781,8829,103173,4783,0.08178331913001594,0.35138113429327067
6447,0.7416,10,35,10,596816,8794,103183,4773,0.08145911297195153,0.3518095378491929
6448,0.7417,27,55,27,596871,8739,103210,4746,0.08094964615213605,0.3519466073414905
6449,0.7418,5,9,5,596880,8730,103215,4741,0.08086627885434806,0.35194120703733944
6450,0.7419,11,22,11,596902,8708,103226,4730,0.08066249212642188,0.3519869028129186
6451,0.742,13,32,13,596934,8676,103239,4717,0.08036607506762014,0.3521989098782946
6452,0.7421,10,30,10,596964,8646,103249,4707,0.08008818407499352,0.35250505504381036
6453,0.7422,20,28,20,596992,8618,103269,4687,0.079828819148542,0.35227358136039083
6454,0.7423,9,20,9,597012,8598,103278,4678,0.07964355848679092,0.3523651702319976
6455,0.7424,19,21,19,597033,8577,103297,4659,0.07944903479195228,0.3519945602901179
6456,0.7425,3,5,3,597038,8572,103300,4656,0.0794027196265145,0.3519806471121863
6457,0.7426,13,26,13,597064,8546,103313,4643,0.07916188076623809,0.35203578739858976
6458,0.7427,13,22,13,597086,8524,103326,4630,0.0789580940383119,0.35198418731944653
6459,0.7428,6,22,6,597108,8502,103332,4624,0.07875430731038571,0.35227792168215755
6460,0.7429,14,23,14,597131,8479,103346,4610,0.07854125754937197,0.35220414088165636
6461,0.743,3,12,3,597143,8467,103349,4607,0.07843010115232131,0.35237876701851
6462,0.7431,6,8,6,597151,8459,103355,4601,0.07835599688762088,0.3522970903522205
6463,0.7432,7,26,7,597177,8433,103362,4594,0.07811515802734448,0.3526521839256928
6464,0.7433,11,26,11,597203,8407,103373,4583,0.07787431916706807,0.35280985373364127
6465,0.7434,28,41,28,597244,8366,103401,4555,0.07749453481047834,0.352526894203235
6466,0.7435,7,11,7,597255,8355,103408,4548,0.07739264144651525,0.3524761683329458
6467,0.7436,10,26,10,597281,8329,103418,4538,0.07715180258623884,0.352685163596798
6468,0.7437,9,22,9,597303,8307,103427,4529,0.07694801585831265,0.3528357743845435
6469,0.7438,37,49,37,597352,8258,103464,4492,0.0764941272370225,0.3523137254901961
6470,0.7439,7,12,7,597364,8246,103471,4485,0.07638297083997184,0.35228968659178383
6471,0.744,21,41,21,597405,8205,103492,4464,0.07600318648338211,0.3523561449206725
6472,0.7441,11,28,11,597433,8177,103503,4453,0.0757438215569306,0.35257323832145687
6473,0.7442,17,21,17,597454,8156,103520,4436,0.07554929786209197,0.352287166454892
6474,0.7443,20,46,20,597500,8110,103540,4416,0.07512319834006446,0.3525467028580552
6475,0.7444,2,9,2,597509,8101,103542,4414,0.07503983104227649,0.35269676388334
6476,0.7445,6,5,6,597514,8096,103548,4408,0.07499351587683871,0.3525271912987844
6477,0.7446,5,12,5,597526,8084,103553,4403,0.07488235947978807,0.3526067109794186
6478,0.7447,16,28,16,597554,8056,103569,4387,0.07462299455333654,0.3525677087519087
6479,0.7448,18,17,18,597571,8039,103587,4369,0.07446552299084812,0.3521115409413282
6480,0.7449,9,29,9,597600,8010,103596,4360,0.07419689503130905,0.35246564268391267
6481,0.745,16,31,16,597631,7979,103612,4344,0.07390974100559487,0.3525115637425951
6482,0.7451,12,28,12,597659,7951,103624,4332,0.07365037607914335,0.35268256940486853
6483,0.7452,22,30,22,597689,7921,103646,4310,0.07337248508651673,0.3523832883656283
6484,0.7453,2,6,2,597695,7915,103648,4308,0.0733169068879914,0.3524502986173607
6485,0.7454,7,13,7,597708,7902,103655,4301,0.0731964874578532,0.3524543145128247
6486,0.7455,5,14,5,597722,7888,103660,4296,0.07306680499462744,0.3525935653315824
6487,0.7456,18,28,18,597750,7860,103678,4278,0.07280744006817592,0.3524468610973801
6488,0.7457,19,23,19,597773,7837,103697,4259,0.07259439030716218,0.35209986772486773
6489,0.7458,8,20,8,597793,7817,103705,4251,0.07240912964541109,0.35225389459728207
6490,0.7459,15,35,15,597828,7782,103720,4236,0.0720849234873467,0.35247129306040936
6491,0.746,10,19,10,597847,7763,103730,4226,0.07190892585868316,0.3524897823004421
6492,0.7461,7,26,7,597873,7737,103737,4219,0.07166808699840675,0.35287721646035464
6493,0.7462,32,43,32,597916,7694,103769,4187,0.07126977657564193,0.3524114131807087
6494,0.7463,17,30,17,597946,7664,103786,4170,0.07099188558301531,0.35237451411188103
6495,0.7464,11,12,11,597958,7652,103797,4159,0.07088072918596465,0.3521293709254085
6496,0.7465,20,27,20,597985,7625,103817,4139,0.0706306272926007,0.35183611016661
6497,0.7466,5,20,5,598005,7605,103822,4134,0.0704453666308496,0.3521594684385382
6498,0.7467,4,3,4,598008,7602,103826,4130,0.07041757753158694,0.3520286396181384
6499,0.7468,17,23,17,598031,7579,103843,4113,0.07020452777057319,0.35177899418405745
6500,0.7469,8,30,8,598061,7549,103851,4105,0.06992663677794657,0.3522395743950575
6501,0.747,12,25,12,598086,7524,103863,4093,0.06969506095075771,0.3523284841181028
6502,0.7471,3,15,3,598101,7509,103866,4090,0.0695561154544444,0.352616604879731
6503,0.7472,15,13,15,598114,7496,103881,4075,0.0694356960243062,0.35217353729150463
6504,0.7473,23,34,23,598148,7462,103904,4052,0.06912075289932935,0.35191940246656245
6505,0.7474,10,22,10,598170,7440,103914,4042,0.06891696617140317,0.3520292631945654
6506,0.7475,1,8,1,598178,7432,103915,4041,0.06884286190670273,0.3522182515471106
6507,0.7476,22,62,22,598240,7370,103937,4019,0.06826855385527437,0.3528843621037844
6508,0.7477,6,11,6,598251,7359,103943,4013,0.06816666049131127,0.3528842771720014
6509,0.7478,20,31,20,598282,7328,103963,3993,0.0678795064655971,0.3527073580072432
6510,0.7479,6,22,6,598304,7306,103969,3987,0.0676757197376709,0.35305056229522713
6511,0.748,8,25,8,598329,7281,103977,3979,0.06744414391048205,0.3533747779751332
6512,0.7481,9,20,9,598349,7261,103986,3970,0.06725888324873096,0.3534858872762888
6513,0.7482,14,32,14,598381,7229,104000,3956,0.06696246618992924,0.353687974966473
6514,0.7483,8,16,8,598397,7213,104008,3948,0.06681425766052837,0.3537317444673416
6515,0.7484,14,21,14,598418,7192,104022,3934,0.06661973396568972,0.35358619449937084
6516,0.7485,18,29,18,598447,7163,104040,3916,0.06635110600615066,0.3534615037458254
6517,0.7486,5,20,5,598467,7143,104045,3911,0.06616584534439957,0.35380857608105665
6518,0.7487,7,27,7,598494,7116,104052,3904,0.06591574345103561,0.3542649727767695
6519,0.7488,8,22,8,598516,7094,104060,3896,0.06571195672310942,0.3545040946314832
6520,0.7489,11,32,11,598548,7062,104071,3885,0.06541553966430769,0.3548917511647027
6521,0.749,13,34,13,598582,7028,104084,3872,0.06510059653933084,0.3552293577981651
6522,0.7491,13,31,13,598613,6997,104097,3859,0.06481344251361666,0.35547162859248344
6523,0.7492,9,25,9,598638,6972,104106,3850,0.0645818666864278,0.35575679172056923
6524,0.7493,7,18,7,598656,6954,104113,3843,0.06441513209085183,0.3559322033898305
6525,0.7494,8,12,8,598668,6942,104121,3835,0.06430397569380118,0.3558504221954162
6526,0.7495,7,15,7,598683,6927,104128,3828,0.06416503019748787,0.35592747559274757
6527,0.7496,9,18,9,598701,6909,104137,3819,0.06399829560191189,0.3559843400447427
6528,0.7497,7,28,7,598729,6881,104144,3812,0.06373893067546037,0.356494903207706
6529,0.7498,12,23,12,598752,6858,104156,3800,0.06352588091444662,0.35653968849690376
6530,0.7499,18,39,18,598791,6819,104174,3782,0.06316462262403201,0.35675879633996793
6531,0.75,20,28,20,598819,6791,104194,3762,0.0629052576975805,0.35648630721121954
6532,0.7501,6,5,6,598824,6786,104200,3756,0.06285894253214272,0.3562891291974957
6533,0.7502,7,16,7,598840,6770,104207,3749,0.06271073400274185,0.3564026998764141
6534,0.7503,8,9,8,598849,6761,104215,3741,0.06262736670495388,0.3562178632641402
6535,0.7504,15,21,15,598870,6740,104230,3726,0.06243284301011523,0.3560099369386585
6536,0.7505,16,30,16,598900,6710,104246,3710,0.06215495201748861,0.3560460652591171
6537,0.7506,5,11,5,598911,6699,104251,3705,0.06205305865352551,0.35611303344867357
6538,0.7507,10,23,10,598934,6676,104261,3695,0.06184000889251176,0.3562819400250699
6539,0.7508,14,36,14,598970,6640,104275,3681,0.061506539701359816,0.35665148725898654
6540,0.7509,14,24,14,598994,6616,104289,3667,0.061284226907258516,0.3566079937761354
6541,0.751,15,27,15,599021,6589,104304,3652,0.06103412501389455,0.35660580021482274
6542,0.7511,4,8,4,599029,6581,104308,3648,0.06096002074919411,0.3566331019650015
6543,0.7512,8,14,8,599043,6567,104316,3640,0.06083033828596836,0.35661800724992654
6544,0.7513,13,18,13,599061,6549,104329,3627,0.06066360369039238,0.3564268867924528
6545,0.7514,9,24,9,599085,6525,104338,3618,0.060441290896291085,0.3566992014196983
6546,0.7515,14,28,14,599113,6497,104352,3604,0.06018192596983957,0.3567963567963568
6547,0.7516,5,10,5,599123,6487,104357,3599,0.06008929563896402,0.3568312512393417
6548,0.7517,9,13,9,599136,6474,104366,3590,0.059968876208825815,0.35671701112877585
6549,0.7518,19,44,19,599180,6430,104385,3571,0.05956130275297344,0.35706429357064295
6550,0.7519,11,16,11,599196,6414,104396,3560,0.05941309422357257,0.3569280128333668
6551,0.752,3,23,3,599219,6391,104399,3557,0.05920004446255882,0.35755930840369926
6552,0.7521,3,11,3,599230,6380,104402,3554,0.05909815109859572,0.35776122407892086
6553,0.7522,14,17,14,599247,6363,104416,3540,0.0589406795361073,0.3574674341108755
6554,0.7523,19,31,19,599278,6332,104435,3521,0.05865352551039312,0.35735309042931085
6555,0.7524,9,21,9,599299,6311,104444,3512,0.05845900181555449,0.35752825002545047
6556,0.7525,7,22,7,599321,6289,104451,3505,0.05825521508762829,0.3578721666326322
6557,0.7526,8,15,8,599336,6274,104459,3497,0.05811626959131498,0.3578958141438952
6558,0.7527,20,33,20,599369,6241,104479,3477,0.05781058949942569,0.35778966865610207
6559,0.7528,4,6,4,599375,6235,104483,3473,0.05775501130090037,0.357746188710342
6560,0.7529,14,25,14,599400,6210,104497,3459,0.05752343547371151,0.3577412348743407
6561,0.753,13,27,13,599427,6183,104510,3446,0.05727333358034755,0.357877245819919
6562,0.7531,24,53,24,599480,6130,104534,3422,0.056782392826707176,0.358249581239531
6563,0.7532,11,24,11,599504,6106,104545,3411,0.056560080032605875,0.3584112640537985
6564,0.7533,10,22,10,599526,6084,104555,3401,0.056356293304679686,0.35856615709014233
6565,0.7534,10,22,10,599548,6062,104565,3391,0.05615250657675349,0.3587220988046123
6566,0.7535,10,25,10,599573,6037,104575,3381,0.05592093074956464,0.35899341686132935
6567,0.7536,13,24,13,599597,6013,104588,3368,0.05569861795546334,0.3590235582560495
6568,0.7537,7,11,7,599608,6002,104595,3361,0.05559672459150024,0.3589661433301292
6569,0.7538,20,29,20,599637,5973,104615,3341,0.05532809663196117,0.35870732231050034
6570,0.7539,17,17,17,599654,5956,104632,3324,0.05517062506947275,0.3581896551724138
6571,0.754,7,26,7,599680,5930,104639,3317,0.05492978620919634,0.35871093327565695
6572,0.7541,9,27,9,599707,5903,104648,3308,0.05467968431583237,0.35913581587232657
6573,0.7542,15,24,15,599731,5879,104663,3293,0.05445737152173107,0.35902747492368076
6574,0.7543,6,16,6,599747,5863,104669,3287,0.054309162992330205,0.35923497267759563
6575,0.7544,11,11,11,599758,5852,104680,3276,0.05420726962836711,0.3588957055214724
6576,0.7545,14,16,14,599774,5836,104694,3262,0.05405906109896624,0.35854033853594197
6577,0.7546,10,26,10,599800,5810,104704,3252,0.05381822223868984,0.35886117854778193
6578,0.7547,8,17,8,599817,5793,104712,3244,0.053660750676201414,0.3589686842978865
6579,0.7548,20,42,20,599859,5751,104732,3224,0.05327170328652414,0.3592200557103064
6580,0.7549,41,38,41,599897,5713,104773,3183,0.05291970802919708,0.35780125899280574
6581,0.755,3,15,3,599912,5698,104776,3180,0.05278076253288377,0.3581887812570399
6582,0.7551,14,14,14,599926,5684,104790,3166,0.05265108006965801,0.35774011299435027
6583,0.7552,8,10,8,599936,5674,104798,3158,0.052558449738782466,0.35756340579710144
6584,0.7553,10,24,10,599960,5650,104808,3148,0.052336136944681165,0.3578085928620141
6585,0.7554,12,21,12,599981,5629,104820,3136,0.052141613249842525,0.35778665145464916
6586,0.7555,12,19,12,600000,5610,104832,3124,0.051965615621179,0.35768261964735515
6587,0.7556,10,26,10,600026,5584,104842,3114,0.05172477676090259,0.3580133363991722
6588,0.7557,9,18,9,600044,5566,104851,3105,0.05155804216532661,0.35809018567639256
6589,0.7558,16,26,16,600070,5540,104867,3089,0.051317203305050206,0.3579789083323676
6590,0.7559,4,7,4,600077,5533,104871,3085,0.05125236207343733,0.35797168716639594
6591,0.756,13,26,13,600103,5507,104884,3072,0.051011523213160916,0.3580836927380814
6592,0.7561,10,25,10,600128,5482,104894,3062,0.050779947385972066,0.3583801498127341
6593,0.7562,7,16,7,600144,5466,104901,3055,0.0506317388565712,0.3585259946015726
6594,0.7563,23,39,23,600183,5427,104924,3032,0.05027048056615658,0.3584348031682232
6595,0.7564,15,11,15,600194,5416,104939,3017,0.050168587202193485,0.3577611763310803
6596,0.7565,9,18,9,600212,5398,104948,3008,0.05000185260661751,0.357839638353557
6597,0.7566,4,11,4,600223,5387,104952,3004,0.04989995924265442,0.3580026218567513
6598,0.7567,12,6,12,600229,5381,104964,2992,0.04984438104412909,0.3573390660456228
6599,0.7568,9,17,9,600246,5364,104973,2983,0.049686909481640666,0.3573739067928597
6600,0.7569,20,35,20,600281,5329,104993,2963,0.04936270332357627,0.35733236854799805
6601,0.757,4,11,4,600292,5318,104997,2959,0.049260809959613176,0.35749667754017156
6602,0.7571,6,14,6,600306,5304,105003,2953,0.049131127496387414,0.3576359452585685
6603,0.7572,7,30,7,600336,5274,105010,2946,0.04885323650376079,0.3583941605839416
6604,0.7573,4,17,4,600353,5257,105014,2942,0.04869576494127237,0.3588242468593731
6605,0.7574,9,14,9,600367,5243,105023,2933,0.04856608247804661,0.3587328767123288
6606,0.7575,1,7,1,600374,5236,105024,2932,0.048501241246433735,0.35896180215475026
6607,0.7576,15,19,15,600393,5217,105039,2917,0.0483252436177702,0.35861814605360215
6608,0.7577,1,12,1,600405,5205,105040,2916,0.04821408722071955,0.3590690801625416
6609,0.7578,11,22,11,600427,5183,105051,2905,0.04801030049279336,0.35917408506429277
6610,0.7579,19,42,19,600469,5141,105070,2886,0.04762125310311609,0.3595365640961754
6611,0.758,11,12,11,600481,5129,105081,2875,0.04751009670606544,0.35919540229885055
6612,0.7581,12,10,12,600491,5119,105093,2863,0.04741746637518989,0.35868203457780007
6613,0.7582,9,9,9,600500,5110,105102,2854,0.0473340990774019,0.3583626318432948
6614,0.7583,10,11,10,600511,5099,105112,2844,0.04723220571343881,0.35805111418859376
6615,0.7584,7,25,7,600536,5074,105119,2837,0.04700062988624995,0.35861458728352924
6616,0.7585,3,8,3,600544,5066,105122,2834,0.04692652562154952,0.35873417721518985
6617,0.7586,6,11,6,600555,5055,105128,2828,0.04682463225758642,0.3587466700494735
6618,0.7587,4,12,4,600567,5043,105132,2824,0.04671347586053577,0.3589678403457481
6619,0.7588,16,26,16,600593,5017,105148,2808,0.046472637000259366,0.3588498402555911
6620,0.7589,11,15,11,600608,5002,105159,2797,0.046333691503946055,0.3586357225285293
6621,0.759,4,9,4,600617,4993,105163,2793,0.046250324206158065,0.35872078088877474
6622,0.7591,4,18,4,600635,4975,105167,2789,0.046083589610582086,0.35922205048943845
6623,0.7592,13,19,13,600654,4956,105180,2776,0.04590759198191856,0.35902741852043457
6624,0.7593,0,7,0,600661,4949,105180,2776,0.04584275075030568,0.3593527508090615
6625,0.7594,10,21,10,600682,4928,105190,2766,0.04564822705546704,0.35950090979984406
6626,0.7595,13,15,13,600697,4913,105203,2753,0.04550928155915373,0.3591181841899296
6627,0.7596,11,33,11,600730,4880,105214,2742,0.04520360146726444,0.3597480976121753
6628,0.7597,6,13,6,600743,4867,105220,2736,0.04508318203712624,0.3598579508088912
6629,0.7598,9,14,9,600757,4853,105229,2727,0.04495349957390048,0.3597625329815303
6630,0.7599,1,12,1,600769,4841,105230,2726,0.044842343176849826,0.36024844720496896
6631,0.76,3,10,3,600779,4831,105233,2723,0.04474971284597429,0.36047127349748476
6632,0.7601,6,13,6,600792,4818,105239,2717,0.04462929341583608,0.3605839416058394
6633,0.7602,4,7,4,600799,4811,105243,2713,0.044564452184223204,0.3605794790005316
6634,0.7603,10,18,10,600817,4793,105253,2703,0.044397717588647224,0.3605923159018143
6635,0.7604,12,30,12,600847,4763,105265,2691,0.0441198265960206,0.36101422055272336
6636,0.7605,11,27,11,600874,4736,105276,2680,0.04386972470265664,0.36138079827400216
6637,0.7606,12,14,12,600888,4722,105288,2668,0.04374004223943088,0.36102841677943165
6638,0.7607,4,18,4,600906,4704,105292,2664,0.043573307643854906,0.36156351791530944
6639,0.7608,1,7,1,600913,4697,105293,2663,0.04350846641224203,0.36182065217391307
6640,0.7609,14,26,14,600939,4671,105307,2649,0.043267627551965615,0.36188524590163934
6641,0.761,13,23,13,600962,4648,105320,2636,0.04305457779095187,0.36188907193849534
6642,0.7611,5,11,5,600973,4637,105325,2631,0.042952684426988776,0.3619977985690699
6643,0.7612,18,43,18,601016,4594,105343,2613,0.04255437400422394,0.36256417371999444
6644,0.7613,6,8,6,601024,4586,105349,2607,0.04248026973952351,0.3624357013763381
6645,0.7614,3,8,3,601032,4578,105352,2604,0.04240616547482308,0.36257309941520466
6646,0.7615,2,4,2,601036,4574,105354,2602,0.04236911334247286,0.3625975473801561
6647,0.7616,5,8,5,601044,4566,105359,2597,0.04229500907777243,0.36255758760295964
6648,0.7617,6,3,6,601047,4563,105365,2591,0.04226721997850976,0.362175006989097
6649,0.7618,3,8,3,601055,4555,105368,2588,0.04219311571380933,0.3623127537449251
6650,0.7619,13,14,13,601069,4541,105381,2575,0.04206343325058357,0.36186059584035973
6651,0.762,15,9,15,601078,4532,105396,2560,0.04198006595279558,0.36097010716300054
6652,0.7621,2,29,2,601107,4503,105398,2558,0.04171143799325651,0.3622716329131851
6653,0.7622,6,25,6,601132,4478,105404,2552,0.04147986216606766,0.3630156472261735
6654,0.7623,9,19,9,601151,4459,105413,2543,0.04130386453740413,0.3631819480148529
6655,0.7624,9,8,9,601159,4451,105422,2534,0.0412297602727037,0.36277738010021476
6656,0.7625,14,15,14,601174,4436,105436,2520,0.04109081477639038,0.3622771707878091
6657,0.7626,4,10,4,601184,4426,105440,2516,0.04099818444551484,0.36243157591472197
6658,0.7627,8,16,8,601200,4410,105448,2508,0.04084997591611397,0.36253252385082396
6659,0.7628,17,19,17,601219,4391,105465,2491,0.040673978287450445,0.36195873292647485
6660,0.7629,17,18,17,601237,4373,105482,2474,0.040507243691874466,0.3613261282313422
6661,0.763,15,32,15,601269,4341,105497,2459,0.04021082663307273,0.36161764705882354
6662,0.7631,10,11,10,601280,4330,105507,2449,0.04010893326910964,0.3612627231155038
6663,0.7632,8,16,8,601296,4314,105515,2441,0.03996072473970877,0.3613619541080681
6664,0.7633,16,22,16,601318,4292,105531,2425,0.03975693801178258,0.36102426678576743
6665,0.7634,17,48,17,601366,4244,105548,2408,0.03931231242357998,0.3619963920625376
6666,0.7635,3,11,3,601377,4233,105551,2405,0.039210419059616884,0.36230792407351614
6667,0.7636,2,4,2,601381,4229,105553,2403,0.03917336692726667,0.3623341375150784
6668,0.7637,9,1,9,601382,4228,105562,2394,0.03916410389417911,0.36152219873150104
6669,0.7638,3,10,3,601392,4218,105565,2391,0.039071473563303566,0.36177939173853835
6670,0.7639,6,18,6,601410,4200,105571,2385,0.038904738967727594,0.3621867881548975
6671,0.764,11,20,11,601430,4180,105582,2374,0.03871947830597651,0.362221544095209
6672,0.7641,9,15,9,601445,4165,105591,2365,0.0385805328096632,0.36217457886676874
6673,0.7642,12,25,12,601470,4140,105603,2353,0.03834895698247434,0.36239026644078237
6674,0.7643,12,29,12,601499,4111,105615,2341,0.03808032902293527,0.3628332300061996
6675,0.7644,3,10,3,601509,4101,105618,2338,0.03798769869205973,0.3630998602267433
6676,0.7645,13,27,13,601536,4074,105631,2325,0.03773759679869577,0.36333802156586964
6677,0.7646,2,10,2,601546,4064,105633,2323,0.03764496646782022,0.36370753092218566
6678,0.7647,17,24,17,601570,4040,105650,2306,0.03742265367371892,0.3633785061456035
6679,0.7648,1,11,1,601581,4029,105651,2305,0.03732076030975583,0.3639090622039785
6680,0.7649,9,16,9,601597,4013,105660,2296,0.03717255178035496,0.36392455222697734
6681,0.765,6,10,6,601607,4003,105666,2290,0.03707992144947942,0.3638963928174162
6682,0.7651,13,25,13,601632,3978,105679,2277,0.036848345622290564,0.3640287769784173
6683,0.7652,5,13,5,601645,3965,105684,2272,0.03672792619215236,0.36427769761103096
6684,0.7653,7,12,7,601657,3953,105691,2265,0.03661676979510171,0.36426503698938567
6685,0.7654,15,27,15,601684,3926,105706,2250,0.036366667901737745,0.3643134715025907
6686,0.7655,13,12,13,601696,3914,105719,2237,0.036255511504687095,0.36368070232482524
6687,0.7656,12,28,12,601724,3886,105731,2225,0.03599614657823558,0.36409752904598264
6688,0.7657,12,14,12,601738,3872,105743,2213,0.03586646411500982,0.3636811832374692
6689,0.7658,9,8,9,601746,3864,105752,2204,0.03579235985030939,0.3632168754119974
6690,0.7659,7,16,7,601762,3848,105759,2197,0.03564415132090852,0.3634408602150538
6691,0.766,9,22,9,601784,3826,105768,2188,0.035440364592982325,0.3638177585633522
6692,0.7661,4,3,4,601787,3823,105772,2184,0.035412575493719664,0.3635758282004328
6693,0.7662,17,20,17,601807,3803,105789,2167,0.03522731483196858,0.36298157453936347
6694,0.7663,6,25,6,601832,3778,105795,2161,0.03499573900477972,0.3638659707021384
6695,0.7664,3,11,3,601843,3767,105798,2158,0.03489384564081663,0.3642194092827004
6696,0.7665,10,16,10,601859,3751,105808,2148,0.03474563711141576,0.3641295134768605
6697,0.7666,7,16,7,601875,3735,105815,2141,0.034597428582014894,0.3643635125936011
6698,0.7667,3,11,3,601886,3724,105818,2138,0.0344955352180518,0.36472193790515184
6699,0.7668,8,11,8,601897,3713,105826,2130,0.034393641854088705,0.3645387643333904
6700,0.7669,15,21,15,601918,3692,105841,2115,0.034199118159250065,0.3642156018598243
6701,0.767,3,4,3,601922,3688,105844,2112,0.03416206602689985,0.3641379310344828
6702,0.7671,12,9,12,601931,3679,105856,2100,0.03407869872911186,0.3633846686277903
6703,0.7672,21,26,21,601957,3653,105877,2079,0.03383785986883545,0.3627006280530356
6704,0.7673,5,7,5,601964,3646,105882,2074,0.033773018637222575,0.36258741258741256
6705,0.7674,6,10,6,601974,3636,105888,2068,0.03368038830634703,0.36255259467040674
6706,0.7675,9,25,9,601999,3611,105897,2059,0.03344881247915817,0.36313932980599645
6707,0.7676,7,15,7,602014,3596,105904,2052,0.03330986698284486,0.363314447592068
6708,0.7677,17,31,17,602045,3565,105921,2035,0.03302271295713068,0.36339285714285713
6709,0.7678,7,12,7,602057,3553,105928,2028,0.03291155656008003,0.363375739114854
6710,0.7679,8,8,8,602065,3545,105936,2020,0.0328374522953796,0.36298292902066487
6711,0.768,0,3,0,602068,3542,105936,2020,0.03280966319611694,0.3631787126932758
6712,0.7681,4,6,4,602074,3536,105940,2016,0.03275408499759161,0.3631123919308357
6713,0.7682,1,5,1,602079,3531,105941,2015,0.032707769832153843,0.36332491886043994
6714,0.7683,2,24,2,602103,3507,105943,2013,0.03248545703805254,0.36467391304347824
6715,0.7684,10,10,10,602113,3497,105953,2003,0.032392826707177,0.36418181818181816
6716,0.7685,13,28,13,602141,3469,105966,1990,0.03213346178072548,0.3645356292361238
6717,0.7686,11,13,11,602154,3456,105977,1979,0.03201304235058727,0.3641214351425943
6718,0.7687,0,12,0,602166,3444,105977,1979,0.03190188595353663,0.3649271620874055
6719,0.7688,12,30,12,602196,3414,105989,1967,0.03162399496091,0.36554543765099423
6720,0.7689,3,11,3,602207,3403,105992,1964,0.031522101596946905,0.3659400037264766
6721,0.769,16,29,16,602236,3374,106008,1948,0.03125347363740783,0.3660278090943254
6722,0.7691,8,15,8,602251,3359,106016,1940,0.03111452814109452,0.3661068126061521
6723,0.7692,8,13,8,602264,3346,106024,1932,0.030994108710956314,0.3660477453580902
6724,0.7693,8,6,8,602270,3340,106032,1924,0.03093853051243099,0.3655015197568389
6725,0.7694,11,8,11,602278,3332,106043,1913,0.030864426247730555,0.3647283126787417
6726,0.7695,2,1,2,602279,3331,106045,1911,0.030855163214643003,0.3645555131629149
6727,0.7696,5,16,5,602295,3315,106050,1906,0.030706954685242135,0.36506416395326563
6728,0.7697,6,10,6,602305,3305,106056,1900,0.030614324354366593,0.36503362151777136
6729,0.7698,4,13,4,602318,3292,106060,1896,0.03049390492422839,0.3654587509637625
6730,0.7699,9,15,9,602333,3277,106069,1887,0.030354959427915076,0.36541440743609604
6731,0.77,2,8,2,602341,3269,106071,1885,0.030280855163214642,0.3657353511835468
6732,0.7701,5,12,5,602353,3257,106076,1880,0.03016969876616399,0.3659723574070469
6733,0.7702,5,10,5,602363,3247,106081,1875,0.03007706843528845,0.3660679422100742
6734,0.7703,5,17,5,602380,3230,106086,1870,0.02991959687280003,0.36666666666666664
6735,0.7704,8,15,8,602395,3215,106094,1862,0.02978065137648672,0.36675201890880443
6736,0.7705,3,9,3,602404,3206,106097,1859,0.02969728407869873,0.36702862783810464
6737,0.7706,12,12,12,602416,3194,106109,1847,0.02958612768164808,0.36639555643721483
6738,0.7707,6,9,6,602425,3185,106115,1841,0.029502760383860092,0.36629526462395545
6739,0.7708,3,7,3,602432,3178,106118,1838,0.02943791915224721,0.3664274322169059
6740,0.7709,3,5,3,602437,3173,106121,1835,0.029391603986809442,0.3664137380191693
6741,0.771,8,7,8,602444,3166,106129,1827,0.02932676275519656,0.3659122771880633
6742,0.7711,5,13,5,602457,3153,106134,1822,0.029206343325058358,0.3662311557788945
6743,0.7712,9,16,9,602473,3137,106143,1813,0.02905813479565749,0.3662626262626263
6744,0.7713,9,9,9,602482,3128,106152,1804,0.0289747674978695,0.3657745336577453
6745,0.7714,8,11,8,602493,3117,106160,1796,0.028872874133906407,0.36556075717484227
6746,0.7715,9,19,9,602512,3098,106169,1787,0.02869687650524288,0.365813715455476
6747,0.7716,5,15,5,602527,3083,106174,1782,0.028557931008929564,0.36628982528263104
6748,0.7717,5,8,5,602535,3075,106179,1777,0.02848382674422913,0.3662407254740313
6749,0.7718,6,9,6,602544,3066,106185,1771,0.028400459446441144,0.3661360347322721
6750,0.7719,1,5,1,602549,3061,106186,1770,0.02835414428100337,0.3663837714758849
6751,0.772,14,5,14,602554,3056,106200,1756,0.028307829115565602,0.3649210307564422
6752,0.7721,1,5,1,602559,3051,106201,1755,0.02826151395012783,0.3651685393258427
6753,0.7722,6,10,6,602569,3041,106207,1749,0.028168883619252287,0.3651356993736952
6754,0.7723,8,16,8,602585,3025,106215,1741,0.02802067508985142,0.36529584557280737
6755,0.7724,9,22,9,602607,3003,106224,1732,0.027816888361925227,0.3657866948257656
6756,0.7725,13,29,13,602636,2974,106237,1719,0.027548260402386157,0.366290219475815
6757,0.7726,6,11,6,602647,2963,106243,1713,0.027446367038423063,0.36633875106929
6758,0.7727,11,15,11,602662,2948,106254,1702,0.027307421542109748,0.3660215053763441
6759,0.7728,6,14,6,602676,2934,106260,1696,0.02717773907888399,0.36630669546436284
6760,0.7729,0,10,0,602686,2924,106260,1696,0.027085108748008447,0.3670995670995671
6761,0.773,4,16,4,602702,2908,106264,1692,0.02693690021860758,0.36782608695652175
6762,0.7731,4,5,4,602707,2903,106268,1688,0.02689058505316981,0.367675887606186
6763,0.7732,0,7,0,602714,2896,106268,1688,0.02682574382155693,0.3682373472949389
6764,0.7733,2,2,2,602716,2894,106270,1686,0.02680721775538182,0.3681222707423581
6765,0.7734,6,13,6,602729,2881,106276,1680,0.026686798325243618,0.3683402762552072
6766,0.7735,3,10,3,602739,2871,106279,1677,0.026594167994368076,0.3687335092348285
6767,0.7736,12,6,12,602745,2865,106291,1665,0.02653858979584275,0.3675496688741722
6768,0.7737,19,28,19,602773,2837,106310,1646,0.026279224869391233,0.3671648449698862
6769,0.7738,6,5,6,602778,2832,106316,1640,0.026232909703953464,0.3667262969588551
6770,0.7739,8,11,8,602789,2821,106324,1632,0.026131016339990366,0.3664944980911745
6771,0.774,7,14,7,602803,2807,106331,1625,0.026001333876764607,0.36665162454873645
6772,0.7741,9,17,9,602820,2790,106340,1616,0.025843862314276187,0.36677258284157965
6773,0.7742,7,9,7,602829,2781,106347,1609,0.025760495016488198,0.3665148063781321
6774,0.7743,5,17,5,602846,2764,106352,1604,0.025603023453999778,0.36721611721611724
6775,0.7744,9,11,9,602857,2753,106361,1595,0.025501130090036683,0.3668353265869365
6776,0.7745,7,6,7,602863,2747,106368,1588,0.025445551891511358,0.366320645905421
6777,0.7746,1,6,1,602869,2741,106369,1587,0.025389973692986033,0.36668207024029575
6778,0.7747,10,18,10,602887,2723,106379,1577,0.025223239097410057,0.36674418604651166
6779,0.7748,3,2,3,602889,2721,106382,1574,0.02520471303123495,0.36647264260768336
6780,0.7749,4,8,4,602897,2713,106386,1570,0.025130608766534515,0.36656549147793605
6781,0.775,0,3,0,602900,2710,106386,1570,0.02510281966727185,0.36682242990654207
6782,0.7751,5,7,5,602907,2703,106391,1565,0.025037978435658973,0.36668228678537956
6783,0.7752,1,13,1,602920,2690,106392,1564,0.024917559005520767,0.36765397273154676
6784,0.7753,4,14,4,602934,2676,106396,1560,0.024787876542295008,0.36827195467422097
6785,0.7754,10,8,10,602942,2668,106406,1550,0.024713772277594574,0.36747273589378854
6786,0.7755,17,18,17,602960,2650,106423,1533,0.0245470376820186,0.3664833851302893
6787,0.7756,2,7,2,602967,2643,106425,1531,0.02448219645040572,0.36679444178246284
6788,0.7757,12,20,12,602987,2623,106437,1519,0.024296935788654637,0.3667310478029937
6789,0.7758,7,11,7,602998,2612,106444,1512,0.024195042424691542,0.36663433559650827
6790,0.7759,2,10,2,603008,2602,106446,1510,0.024102412093816,0.36721789883268485
6791,0.776,8,8,8,603016,2594,106454,1502,0.024028307829115567,0.36669921875
6792,0.7761,9,15,9,603031,2579,106463,1493,0.023889362332802252,0.3666502946954813
6793,0.7762,5,6,5,603037,2573,106468,1488,0.023833784134276927,0.366412213740458
6794,0.7763,4,10,4,603047,2563,106472,1484,0.023741153803401385,0.3666913763281443
6795,0.7764,5,9,5,603056,2554,106477,1479,0.0236577865056134,0.36672452268782546
6796,0.7765,9,13,9,603069,2541,106486,1470,0.023537367075475192,0.36649214659685864
6797,0.7766,6,16,6,603085,2525,106492,1464,0.02338915854607433,0.367009275507646
6798,0.7767,3,4,3,603089,2521,106495,1461,0.02335210641372411,0.3669010547463586
6799,0.7768,5,8,5,603097,2513,106500,1456,0.023278002149023678,0.36684303350970016
6800,0.7769,4,12,4,603109,2501,106504,1452,0.023166845751973027,0.367315962560081
6801,0.777,5,18,5,603127,2483,106509,1447,0.02300011115639705,0.36819338422391856
6802,0.7771,10,12,10,603139,2471,106519,1437,0.0228889547593464,0.36770726714431934
6803,0.7772,4,10,4,603149,2461,106523,1433,0.02279632442847086,0.36800205444273243
6804,0.7773,9,15,9,603164,2446,106532,1424,0.022657378932157544,0.36795865633074937
6805,0.7774,7,9,7,603173,2437,106539,1417,0.02257401163436956,0.36766995329527763
6806,0.7775,9,20,9,603193,2417,106548,1408,0.022388750972618474,0.3681045751633987
6807,0.7776,8,12,8,603205,2405,106556,1400,0.022277594575567824,0.3679369250985545
6808,0.7777,1,3,1,603208,2402,106557,1399,0.022249805476305163,0.3680610365693239
6809,0.7778,2,5,2,603213,2397,106559,1397,0.02220349031086739,0.3682129678439642
6810,0.7779,10,12,10,603225,2385,106569,1387,0.02209233391381674,0.36770943796394484
6811,0.778,2,8,2,603233,2377,106571,1385,0.022018229649116306,0.36815523657628924
6812,0.7781,7,11,7,603244,2366,106578,1378,0.02191633628515321,0.3680555555555556
6813,0.7782,4,19,4,603263,2347,106582,1374,0.02174033865648968,0.36925557645794144
6814,0.7783,3,6,3,603269,2341,106585,1371,0.021684760457964355,0.3693426724137931
6815,0.7784,6,8,6,603277,2333,106591,1365,0.02161065619326392,0.369118442401298
6816,0.7785,3,4,3,603281,2329,106594,1362,0.021573604060913704,0.3690056895150366
6817,0.7786,5,7,5,603288,2322,106599,1357,0.021508762829300827,0.36885023104104375
6818,0.7787,0,10,0,603298,2312,106599,1357,0.021416132498425285,0.3698555464704279
6819,0.7788,3,14,3,603312,2298,106602,1354,0.021286450035199526,0.37075575027382257
6820,0.7789,3,9,3,603321,2289,106605,1351,0.02120308273741154,0.37115384615384617
6821,0.779,1,4,1,603325,2285,106606,1350,0.021166030605061323,0.3713892709766162
6822,0.7791,1,6,1,603331,2279,106607,1349,0.021110452406535998,0.37183020948180817
6823,0.7792,2,2,2,603333,2277,106609,1347,0.02109192634036089,0.3716887417218543
6824,0.7793,13,24,13,603357,2253,106622,1334,0.02086961354625959,0.3718985224421522
6825,0.7794,11,30,11,603387,2223,106633,1323,0.020591722553632962,0.3730964467005076
6826,0.7795,3,1,3,603388,2222,106636,1320,0.020582459520545406,0.37267080745341613
6827,0.7796,1,5,1,603393,2217,106637,1319,0.020536144355107637,0.37302036199095023
6828,0.7797,4,3,4,603396,2214,106641,1315,0.020508355255844973,0.37262680646075375
6829,0.7798,4,2,4,603398,2212,106645,1311,0.020489829189669864,0.3721260289525972
6830,0.7799,1,5,1,603403,2207,106646,1310,0.020443514024232095,0.37247654250781914
6831,0.78,3,6,3,603409,2201,106649,1307,0.02038793582570677,0.3725769669327252
6832,0.7801,5,28,5,603437,2173,106654,1302,0.020128570899255252,0.37467625899280577
6833,0.7802,0,2,0,603439,2171,106654,1302,0.020110044833080144,0.3748920241865822
6834,0.7803,5,7,5,603446,2164,106659,1297,0.020045203601467266,0.374747182895117
6835,0.7804,4,3,4,603449,2161,106663,1293,0.0200174145022046,0.3743485813549508
6836,0.7805,5,14,5,603463,2147,106668,1288,0.019887732038978843,0.37496360989810773
6837,0.7806,12,8,12,603471,2139,106680,1276,0.01981362777427841,0.3736456808199122
6838,0.7807,5,19,5,603490,2120,106685,1271,0.01963763014561488,0.37481568858743736
6839,0.7808,3,9,3,603499,2111,106688,1268,0.01955426284782689,0.3752589523527671
6840,0.7809,2,3,2,603502,2108,106690,1266,0.01952647374856423,0.3752222880853586
6841,0.781,6,8,6,603510,2100,106696,1260,0.019452369483863797,0.375
6842,0.7811,7,19,7,603529,2081,106703,1253,0.019276371855200265,0.3758248350329934
6843,0.7812,1,5,1,603534,2076,106704,1252,0.019230056689762496,0.3762019230769231
6844,0.7813,5,11,5,603545,2065,106709,1247,0.0191281633257994,0.3765096618357488
6845,0.7814,0,3,0,603548,2062,106709,1247,0.019100374226536737,0.37685101239045027
6846,0.7815,3,5,3,603553,2057,106712,1244,0.019054059061098968,0.37685549833383825
6847,0.7816,6,11,6,603564,2046,106718,1238,0.01895216569713587,0.37697929354445797
6848,0.7817,3,5,3,603569,2041,106721,1235,0.0189058505316981,0.376984126984127
6849,0.7818,0,1,0,603570,2040,106721,1235,0.018896587498610545,0.37709923664122136
6850,0.7819,14,29,14,603599,2011,106735,1221,0.018627959539071474,0.3777846534653465
6851,0.782,6,14,6,603613,1997,106741,1215,0.018498277075845716,0.3782689912826899
6852,0.7821,6,11,6,603624,1986,106747,1209,0.018396383711882618,0.3784037558685446
6853,0.7822,2,12,2,603636,1974,106749,1207,0.018285227314831967,0.37944042753850993
6854,0.7823,0,7,0,603643,1967,106749,1207,0.01822038608321909,0.3802772526780088
6855,0.7824,5,6,5,603649,1961,106754,1202,0.018164807884693764,0.3800189693329118
6856,0.7825,6,17,6,603666,1944,106760,1196,0.018007336322205345,0.38089171974522296
6857,0.7826,8,13,8,603679,1931,106768,1188,0.017886916892067138,0.38089131131773
6858,0.7827,9,15,9,603694,1916,106777,1179,0.017747971395753827,0.38093699515347335
6859,0.7828,3,8,3,603702,1908,106780,1176,0.017673867131053393,0.38132295719844356
6860,0.7829,8,6,8,603708,1902,106788,1168,0.017618288932528068,0.38045602605863194
6861,0.783,5,1,5,603709,1901,106793,1163,0.017609025899440512,0.3795691906005222
6862,0.7831,4,8,4,603717,1893,106797,1159,0.01753492163474008,0.3797509829619921
6863,0.7832,5,6,5,603723,1887,106802,1154,0.017479343436214753,0.3794804340677409
6864,0.7833,9,13,9,603736,1874,106811,1145,0.01735892400607655,0.37926465717124874
6865,0.7834,7,13,7,603749,1861,106818,1138,0.017238504575938344,0.37945981993998
6866,0.7835,2,3,2,603752,1858,106820,1136,0.017210715476675683,0.37942551770207084
6867,0.7836,5,9,5,603761,1849,106825,1131,0.017127348178887693,0.3795302013422819
6868,0.7837,5,5,5,603766,1844,106830,1126,0.017081033013449924,0.37912457912457914
6869,0.7838,5,11,5,603777,1833,106835,1121,0.01697913964948683,0.3794854434664861
6870,0.7839,6,15,6,603792,1818,106841,1115,0.016840194153173515,0.3801568360040914
6871,0.784,4,5,4,603797,1813,106845,1111,0.016793878987735746,0.3799589603283174
6872,0.7841,9,14,9,603811,1799,106854,1102,0.016664196524509987,0.37986901068597034
6873,0.7842,4,11,4,603822,1788,106858,1098,0.01656230316054689,0.3804573804573805
6874,0.7843,0,2,0,603824,1786,106858,1098,0.01654377709437178,0.38072122052704577
6875,0.7844,6,2,6,603826,1784,106864,1092,0.016525251028196672,0.3796940194714882
6876,0.7846,9,15,9,603841,1769,106873,1083,0.01638630553188336,0.3797335203366059
6877,0.7847,7,10,7,603851,1759,106880,1076,0.01629367520100782,0.37954144620811286
6878,0.7848,0,5,0,603856,1754,106880,1076,0.016247360035570046,0.38021201413427563
6879,0.7849,1,6,1,603862,1748,106881,1075,0.01619178183704472,0.3808005667729366
6880,0.785,7,9,7,603871,1739,106888,1068,0.016108414539256734,0.3804773779836124
6881,0.7851,6,17,6,603888,1722,106894,1062,0.015950942976768315,0.38146551724137934
6882,0.7852,5,4,5,603892,1718,106899,1057,0.015913890844418098,0.3809009009009009
6883,0.7853,2,3,2,603895,1715,106901,1055,0.015886101745155434,0.38086642599277976
6884,0.7854,8,8,8,603903,1707,106909,1047,0.015811997480455,0.3801742919389978
6885,0.7855,5,2,5,603905,1705,106914,1042,0.01579347141427989,0.379322897706589
6886,0.7856,0,1,0,603906,1704,106914,1042,0.01578420838119234,0.3794610342316096
6887,0.7857,3,7,3,603913,1697,106917,1039,0.015719367149579458,0.3797514619883041
6888,0.7858,1,8,1,603921,1689,106918,1038,0.015645262884879024,0.38063806380638066
6889,0.7859,2,3,2,603924,1686,106920,1036,0.015617473785616362,0.38060249816311537
6890,0.786,2,16,2,603940,1670,106922,1034,0.015469265256215494,0.382396449704142
6891,0.7861,2,6,2,603946,1664,106924,1032,0.015413687057690171,0.3827893175074184
6892,0.7862,1,15,1,603961,1649,106925,1031,0.015274741561376858,0.38470149253731345
6893,0.7863,6,9,6,603970,1640,106931,1025,0.01519137426358887,0.38461538461538464
6894,0.7864,1,0,1,603970,1640,106932,1024,0.01519137426358887,0.3843843843843844
6895,0.7865,1,3,1,603973,1637,106933,1023,0.015163585164326207,0.38458646616541353
6896,0.7866,8,12,8,603985,1625,106941,1015,0.015052428767275557,0.38446969696969696
6897,0.7867,4,8,4,603993,1617,106945,1011,0.014978324502575123,0.384703196347032
6898,0.7868,3,5,3,603998,1612,106948,1008,0.014932009337137352,0.3847328244274809
6899,0.7869,7,5,7,604003,1607,106955,1001,0.014885694171699581,0.38381901840490795
6900,0.787,5,10,5,604013,1597,106960,996,0.01479306384082404,0.3841110682607019
6901,0.7871,1,2,1,604015,1595,106961,995,0.01477453777464893,0.3841698841698842
6902,0.7872,4,10,4,604025,1585,106965,991,0.014681907443773389,0.3847049689440994
6903,0.7873,6,9,6,604034,1576,106971,985,0.014598540145985401,0.38461538461538464
6904,0.7874,4,16,4,604050,1560,106975,981,0.014450331616584534,0.3860684769775679
6905,0.7875,10,2,10,604052,1558,106985,971,0.014431805550409425,0.38394622380387505
6906,0.7876,10,15,10,604067,1543,106995,961,0.014292860054096114,0.38378594249201275
6907,0.7877,6,21,6,604088,1522,107001,955,0.014098336359257476,0.3855470327008478
6908,0.7878,6,7,6,604095,1515,107007,949,0.014033495127644596,0.3851461038961039
6909,0.7879,2,8,2,604103,1507,107009,947,0.013959390862944163,0.3859005704971475
6910,0.788,5,5,5,604108,1502,107014,942,0.013913075697506392,0.38543371522094927
6911,0.7881,2,8,2,604116,1494,107016,940,0.013838971432805958,0.3861955628594905
6912,0.7882,2,5,2,604121,1489,107018,938,0.013792656267368187,0.3864853728883395
6913,0.7883,0,5,0,604126,1484,107018,938,0.013746341101930416,0.3872832369942196
6914,0.7884,4,11,4,604137,1473,107022,934,0.01364444773796732,0.3880348982135438
6915,0.7885,3,12,3,604149,1461,107025,931,0.01353329134091667,0.38921404682274247
6916,0.7886,7,5,7,604154,1456,107032,924,0.013486976175478898,0.38823529411764707
6917,0.7887,1,1,1,604155,1455,107033,923,0.013477713142391344,0.3881412952060555
6918,0.7888,6,4,6,604159,1451,107039,917,0.013440661010041127,0.3872466216216216
6919,0.7889,2,5,2,604164,1446,107041,915,0.013394345844603356,0.3875476493011436
6920,0.789,1,5,1,604169,1441,107042,914,0.013348030679165585,0.3881104033970276
6921,0.7891,1,1,1,604170,1440,107043,913,0.013338767646078031,0.3880152996175096
6922,0.7892,1,4,1,604174,1436,107044,912,0.013301715513727814,0.38841567291311757
6923,0.7893,6,5,6,604179,1431,107050,906,0.013255400348290045,0.38767650834403083
6924,0.7894,1,4,1,604183,1427,107051,905,0.013218348215939828,0.38807890222984565
6925,0.7895,4,5,4,604188,1422,107055,901,0.013172033050502057,0.38786052518295305
6926,0.7896,1,3,1,604191,1419,107056,900,0.013144243951239394,0.38809831824062097
6927,0.7897,3,4,3,604195,1415,107059,897,0.013107191818889178,0.3879757785467128
6928,0.7898,2,2,2,604197,1413,107061,895,0.01308866575271407,0.38778162911611785
6929,0.7899,5,4,5,604201,1409,107066,890,0.013051613620363852,0.38712483688560245
6930,0.79,0,2,0,604203,1407,107066,890,0.013033087554188744,0.3874619068350022
6931,0.7901,3,1,3,604204,1406,107069,887,0.01302382452110119,0.3868294810292194
6932,0.7902,2,4,2,604208,1402,107071,885,0.012986772388750973,0.3869698294709226
6933,0.7903,4,3,4,604211,1399,107075,881,0.01295898328948831,0.3864035087719298
6934,0.7904,4,11,4,604222,1388,107079,877,0.012857089925525214,0.38719646799116997
6935,0.7905,1,5,1,604227,1383,107080,876,0.012810774760087443,0.38778220451527223
6936,0.7906,3,7,3,604234,1376,107083,873,0.012745933528474564,0.388172521120498
6937,0.7907,6,3,6,604237,1373,107089,867,0.012718144429211901,0.38705357142857144
6938,0.7908,2,1,2,604238,1372,107091,865,0.012708881396124347,0.38667858739383104
6939,0.7909,1,5,1,604243,1367,107092,864,0.012662566230686576,0.3872702823845809
6940,0.791,2,0,2,604243,1367,107094,862,0.012662566230686576,0.3867205024674742
6941,0.7911,9,12,9,604255,1355,107103,853,0.012551409833635925,0.38632246376811596
6942,0.7912,0,3,0,604258,1352,107103,853,0.012523620734373263,0.38684807256235826
6943,0.7913,3,11,3,604269,1341,107106,850,0.012421727370410167,0.3879507074395253
6944,0.7914,1,4,1,604273,1337,107107,849,0.01238467523805995,0.38838060384263495
6945,0.7915,3,10,3,604283,1327,107110,846,0.012292044907184408,0.3893235158766682
6946,0.7916,2,0,2,604283,1327,107112,844,0.012292044907184408,0.38876093965914327
6947,0.7917,1,1,1,604284,1326,107113,843,0.012282781874096853,0.38865836791147995
6948,0.7918,4,6,4,604290,1320,107117,839,0.01222720367557153,0.3886058360352015
6949,0.7919,3,6,3,604296,1314,107120,836,0.012171625477046205,0.38883720930232557
6950,0.792,7,9,7,604305,1305,107127,829,0.012088258179258217,0.38847235238987815
6951,0.7921,2,4,2,604309,1301,107129,827,0.012051206046908,0.38862781954887216
6952,0.7922,2,1,2,604310,1300,107131,825,0.012041943013820446,0.38823529411764707
6953,0.7923,5,4,5,604314,1296,107136,820,0.012004890881470229,0.387523629489603
6954,0.7924,4,5,4,604319,1291,107140,816,0.011958575716032458,0.38728049359278593
6955,0.7925,4,4,4,604323,1287,107144,812,0.011921523583682241,0.38685088137208196
6956,0.7926,3,0,3,604323,1287,107147,809,0.011921523583682241,0.3859732824427481
6957,0.7927,0,8,0,604331,1279,107147,809,0.011847419318981808,0.3874521072796935
6958,0.7928,0,8,0,604339,1271,107147,809,0.011773315054281374,0.3889423076923077
6959,0.7929,2,2,2,604341,1269,107149,807,0.011754788988106266,0.38872832369942195
6960,0.793,4,5,4,604346,1264,107153,803,0.011708473822668495,0.3884857281083696
6961,0.7931,4,7,4,604353,1257,107157,799,0.011643632591055615,0.38861867704280156
6962,0.7932,0,1,0,604354,1256,107157,799,0.011634369557968061,0.38880778588807785
6963,0.7933,4,12,4,604366,1244,107161,795,0.01152321316091741,0.3898970083374203
6964,0.7934,0,4,0,604370,1240,107161,795,0.011486161028567194,0.3906633906633907
6965,0.7935,3,4,3,604374,1236,107164,792,0.011449108896216977,0.3905325443786982
6966,0.7936,2,2,2,604376,1234,107166,790,0.011430582830041868,0.39031620553359686
6967,0.7937,12,13,12,604389,1221,107178,778,0.011310163399903664,0.3891945972986493
6968,0.7938,2,4,2,604393,1217,107180,776,0.011273111267553447,0.38936276969392875
6969,0.7939,0,1,0,604394,1216,107180,776,0.011263848234465893,0.3895582329317269
6970,0.794,5,4,5,604398,1212,107185,771,0.011226796102115676,0.3888048411497731
6971,0.7941,0,1,0,604399,1211,107185,771,0.011217533069028122,0.3890010090817356
6972,0.7942,5,4,5,604403,1207,107190,766,0.011180480936677905,0.3882412569690826
6973,0.7943,5,6,5,604409,1201,107195,761,0.011124902738152581,0.38786952089704385
6974,0.7944,1,10,1,604419,1191,107196,760,0.01103227240727704,0.389543823680164
6975,0.7945,0,2,0,604421,1189,107196,760,0.011013746341101931,0.3899435608004105
6976,0.7946,5,5,5,604426,1184,107201,755,0.01096743117566416,0.3893759669932955
6977,0.7947,2,5,2,604431,1179,107203,753,0.010921116010226389,0.38975155279503104
6978,0.7948,6,11,6,604442,1168,107209,747,0.010819222646263293,0.39007832898172323
6979,0.7949,2,0,2,604442,1168,107211,745,0.010819222646263293,0.389440669106116
6980,0.795,3,2,3,604444,1166,107214,742,0.010800696580088184,0.3888888888888889
6981,0.7951,1,9,1,604453,1157,107215,741,0.010717329282300197,0.3904109589041096
6982,0.7952,6,16,6,604469,1141,107221,735,0.01056912075289933,0.3917910447761194
6983,0.7953,8,10,8,604479,1131,107229,727,0.010476490422023787,0.39128094725511303
6984,0.7954,2,3,2,604482,1128,107231,725,0.010448701322761125,0.3912574203993524
6985,0.7955,4,5,4,604487,1123,107235,721,0.010402386157323354,0.39099783080260303
6986,0.7956,3,11,3,604498,1112,107238,718,0.010300492793360257,0.3923497267759563
6987,0.7957,5,11,5,604509,1101,107243,713,0.010198599429397161,0.39305402425578834
6988,0.7958,5,7,5,604516,1094,107248,708,0.010133758197784282,0.39289678135405104
6989,0.7959,3,3,3,604519,1091,107251,705,0.01010596909852162,0.3925389755011136
6990,0.796,4,3,4,604522,1088,107255,701,0.010078179999258958,0.3918390162101733
6991,0.7961,4,7,4,604529,1081,107259,697,0.010013338767646079,0.39201349831271093
6992,0.7962,1,0,1,604529,1081,107260,696,0.010013338767646079,0.39167135621834553
6993,0.7963,3,12,3,604541,1069,107263,693,0.009902182370595428,0.39330306469920545
6994,0.7964,3,4,3,604545,1065,107266,690,0.009865130238245211,0.39316239316239315
6995,0.7965,0,1,0,604546,1064,107266,690,0.009855867205157657,0.3933865450399088
6996,0.7966,7,8,7,604554,1056,107273,683,0.009781762940457224,0.3927544565842438
6997,0.7967,3,2,3,604556,1054,107276,680,0.009763236874282115,0.39215686274509803
6998,0.7968,2,9,2,604565,1045,107278,678,0.009679869576494127,0.3934997098084736
6999,0.7969,3,8,3,604573,1037,107281,675,0.009605765311793694,0.3942757009345794
7000,0.797,4,1,4,604574,1036,107285,671,0.00959650227870614,0.393087287639133
7001,0.7971,4,3,4,604577,1033,107289,667,0.009568713179443477,0.39235294117647057
7002,0.7972,5,2,5,604579,1031,107294,662,0.009550187113268369,0.39102185469580625
7003,0.7973,0,2,0,604581,1029,107294,662,0.00953166104709326,0.3914843287995269
7004,0.7974,1,11,1,604592,1018,107295,661,0.009429767683130164,0.39368671828469326
7005,0.7975,1,3,1,604595,1015,107296,660,0.009401978583867501,0.3940298507462687
7006,0.7976,5,7,5,604602,1008,107301,655,0.009337137352254622,0.3938665063138906
7007,0.7977,3,1,3,604603,1007,107304,652,0.009327874319167068,0.39300783604581074
7008,0.7978,1,1,1,604604,1006,107305,651,0.009318611286079513,0.3928786964393482
7009,0.7979,4,6,4,604610,1000,107309,647,0.009263033087554188,0.3928354584092289
7010,0.798,5,9,5,604619,991,107314,642,0.0091796657897662,0.39314145744029394
7011,0.7981,0,2,0,604621,989,107314,642,0.009161139723591092,0.39362354383813614
7012,0.7982,3,1,3,604622,988,107317,639,0.009151876690503538,0.3927473878303626
7013,0.7983,3,6,3,604628,982,107320,636,0.009096298491978213,0.3930778739184178
7014,0.7984,0,1,0,604629,981,107320,636,0.009087035458890658,0.39332096474953615
7015,0.7985,5,2,5,604631,979,107325,631,0.00906850939271555,0.3919254658385093
7016,0.7986,7,5,7,604636,974,107332,624,0.00902219422727778,0.3904881101376721
7017,0.7987,1,1,1,604637,973,107333,623,0.009012931194190226,0.39035087719298245
7018,0.7988,3,13,3,604650,960,107336,620,0.008892511764052022,0.3924050632911392
7019,0.7989,0,3,0,604653,957,107336,620,0.00886472266478936,0.39315155358275206
7020,0.799,7,9,7,604662,948,107343,613,0.008781355367001371,0.39269698910954515
7021,0.7991,4,2,4,604664,946,107347,609,0.008762829300826263,0.3916398713826367
7022,0.7992,3,4,3,604668,942,107350,606,0.008725777168476046,0.39147286821705424
7023,0.7993,3,7,3,604675,935,107353,603,0.008660935936863167,0.3920676202860858
7024,0.7994,5,5,5,604680,930,107358,598,0.008614620771425396,0.3913612565445026
7025,0.7995,0,6,0,604686,924,107358,598,0.00855904257290007,0.392904073587385
7026,0.7996,7,7,7,604693,917,107365,591,0.008494201341287191,0.39190981432360744
7027,0.7997,5,6,5,604699,911,107370,586,0.008438623142761866,0.3914495657982632
7028,0.7998,0,1,0,604700,910,107370,586,0.008429360109674312,0.3917112299465241
7029,0.7999,2,6,2,604706,904,107372,584,0.008373781911148986,0.3924731182795699
7030,0.8,0,1,0,604707,903,107372,584,0.008364518878061432,0.39273705447209145
7031,0.8001,7,12,7,604719,891,107379,577,0.008253362481010782,0.3930517711171662
7032,0.8002,6,8,6,604727,883,107385,571,0.008179258216310348,0.39270976616231085
7033,0.8003,5,2,5,604729,881,107390,566,0.00816073215013524,0.39115411195577054
7034,0.8004,1,4,1,604733,877,107391,565,0.008123680017785023,0.39181692094313453
7035,0.8005,14,16,14,604749,861,107405,551,0.007975471488384157,0.3902266288951841
7036,0.8006,3,3,3,604752,858,107408,548,0.007947682389121495,0.38975817923186346
7037,0.8008,3,6,3,604758,852,107411,545,0.00789210419059617,0.39012168933428776
7038,0.8011,5,6,5,604764,846,107416,540,0.007836525992070844,0.38961038961038963
7039,0.8012,2,4,2,604768,842,107418,538,0.007799473859720627,0.3898550724637681
7040,0.8013,0,2,0,604770,840,107418,538,0.007780947793545518,0.3904208998548621
7041,0.8014,2,3,2,604773,837,107420,536,0.007753158694282856,0.39038601602330664
7042,0.8015,1,4,1,604777,833,107421,535,0.007716106561932639,0.39108187134502925
7043,0.8016,6,7,6,604784,826,107427,529,0.00765126533031976,0.3904059040590406
7044,0.8017,3,4,3,604788,822,107430,526,0.007614213197969543,0.39020771513353114
7045,0.8018,2,3,2,604791,819,107432,524,0.007586424098706881,0.3901712583767684
7046,0.8019,7,5,7,604796,814,107439,517,0.00754010893326911,0.3884297520661157
7047,0.802,2,3,2,604799,811,107441,515,0.007512319834006447,0.38838612368024134
7048,0.8021,3,8,3,604807,803,107444,512,0.0074382155693060135,0.38935361216730036
7049,0.8022,2,7,2,604814,796,107446,510,0.007373374337693134,0.3905053598774885
7050,0.8023,1,1,1,604815,795,107447,509,0.00736411130460558,0.39033742331288346
7051,0.8024,2,1,2,604816,794,107449,507,0.007354848271518026,0.38970023059185244
7052,0.8025,1,4,1,604820,790,107450,506,0.007317796139167809,0.3904320987654321
7053,0.8026,1,1,1,604821,789,107451,505,0.007308533106080255,0.3902627511591963
7054,0.8027,5,5,5,604826,784,107456,500,0.007262217940642484,0.3894080996884735
7055,0.8028,2,2,2,604828,782,107458,498,0.007243691874467375,0.3890625
7056,0.8029,1,2,1,604830,780,107459,497,0.007225165808292267,0.38919342208300706
7057,0.803,1,1,1,604831,779,107460,496,0.007215902775204713,0.38901960784313727
7058,0.8031,3,1,3,604832,778,107463,493,0.0072066397421171585,0.3878835562549174
7059,0.8032,0,9,0,604841,769,107463,493,0.0071232724443291715,0.3906497622820919
7060,0.8033,2,0,2,604841,769,107465,491,0.0071232724443291715,0.3896825396825397
7061,0.8034,1,0,1,604841,769,107466,490,0.0071232724443291715,0.3891977760127085
7062,0.8035,6,12,6,604853,757,107472,484,0.007012116047278521,0.39000805801772764
7063,0.8036,0,2,0,604855,755,107472,484,0.006993589981103413,0.39063761097659405
7064,0.8037,1,1,1,604856,754,107473,483,0.006984326948015858,0.3904607922392886
7065,0.8039,0,7,0,604863,747,107473,483,0.006919485716402979,0.3926829268292683
7066,0.804,2,4,2,604867,743,107475,481,0.006882433584052762,0.3929738562091503
7067,0.8041,7,8,7,604875,735,107482,474,0.0068083293193523286,0.3920595533498759
7068,0.8042,4,6,4,604881,729,107486,470,0.006752751120827003,0.3919933277731443
7069,0.8043,3,1,3,604882,728,107489,467,0.006743488087739449,0.3907949790794979
7070,0.8044,1,1,1,604883,727,107490,466,0.006734225054651895,0.3906119027661358
7071,0.8045,4,3,4,604886,724,107494,462,0.006706435955389232,0.38954468802698144
7072,0.8046,2,7,2,604893,717,107496,460,0.006641594723776354,0.39082412914188613
7073,0.8047,2,10,2,604903,707,107498,458,0.006548964392900812,0.3931330472103004
7074,0.8048,5,4,5,604907,703,107503,453,0.006511912260550595,0.39186851211072665
7075,0.8049,2,1,2,604908,702,107505,451,0.006502649227463041,0.391153512575889
7076,0.805,2,0,2,604908,702,107507,449,0.006502649227463041,0.39009556907037357
7077,0.8051,5,5,5,604913,697,107512,444,0.00645633406202527,0.38913234005258546
7078,0.8052,4,6,4,604919,691,107516,440,0.0064007558634999445,0.3890362511052166
7079,0.8053,1,8,1,604927,683,107517,439,0.006326651598799511,0.39126559714795006
7080,0.8055,2,9,2,604936,674,107519,437,0.006243284301011523,0.3933393339333933
7081,0.8056,4,3,4,604939,671,107523,433,0.00621549520174886,0.39221014492753625
7082,0.8057,1,4,1,604943,667,107524,432,0.0061784430693986436,0.39308462238398545
7083,0.8058,1,6,1,604949,661,107525,431,0.006122864870873318,0.3946886446886447
7084,0.8059,1,2,1,604951,659,107526,430,0.006104338804698211,0.3948576675849403
7085,0.8061,2,4,2,604955,655,107528,428,0.006067286672347994,0.39519852262234534
7086,0.8062,3,3,3,604958,652,107531,425,0.006039497573085331,0.3946146703806871
7087,0.8063,2,4,2,604962,648,107533,423,0.0060024454407351146,0.3949579831932773
7088,0.8064,0,1,0,604963,647,107533,423,0.00599318240764756,0.39532710280373834
7089,0.8065,6,6,6,604969,641,107539,417,0.005937604209122235,0.3941398865784499
7090,0.8066,8,7,8,604976,634,107547,409,0.005872762977509356,0.39213806327900286
7091,0.8067,0,2,0,604978,632,107547,409,0.005854236911334247,0.3928914505283381
7092,0.8068,6,6,6,604984,626,107553,403,0.005798658712808922,0.391642371234208
7093,0.807,2,2,2,604986,624,107555,401,0.005780132646633814,0.39121951219512197
7094,0.8072,1,7,1,604993,617,107556,400,0.005715291415020934,0.39331366764995085
7095,0.8073,3,8,3,605001,609,107559,397,0.005641187150320501,0.3946322067594433
7096,0.8074,1,2,1,605003,607,107560,396,0.005622661084145392,0.3948155533399801
7097,0.8075,1,10,1,605013,597,107561,395,0.005530030753269851,0.39818548387096775
7098,0.8076,2,4,2,605017,593,107563,393,0.005492978620919634,0.39858012170385393
7099,0.8077,0,4,0,605021,589,107563,393,0.005455926488569417,0.40020366598778007
7100,0.8078,6,3,6,605024,586,107569,387,0.005428137389306755,0.3977389516957862
7101,0.808,0,1,0,605025,585,107569,387,0.005418874356219201,0.39814814814814814
7102,0.8081,2,1,2,605026,584,107571,385,0.005409611323131646,0.3973168214654283
7103,0.8083,3,4,3,605030,580,107574,382,0.0053725591907814296,0.3970893970893971
7104,0.8086,0,2,0,605032,578,107574,382,0.005354033124606321,0.39791666666666664
7105,0.8087,1,2,1,605034,576,107575,381,0.005335507058431213,0.3981191222570533
7106,0.8088,0,2,0,605036,574,107575,381,0.005316980992256104,0.39895287958115183
7107,0.8089,0,1,0,605037,573,107575,381,0.00530771795916855,0.39937106918238996
7108,0.809,1,2,1,605039,571,107576,380,0.005289191892993442,0.39957939011566773
7109,0.8091,1,9,1,605048,562,107577,379,0.005205824595205454,0.4027630180658874
7110,0.8092,1,7,1,605055,555,107578,378,0.0051409833635925745,0.40514469453376206
7111,0.8093,6,5,6,605060,550,107584,372,0.0050946681981548034,0.403470715835141
7112,0.8094,1,2,1,605062,548,107585,371,0.005076142131979695,0.40369967355821545
7113,0.8095,0,3,0,605065,545,107585,371,0.005048353032717033,0.40502183406113534
7114,0.8096,1,1,1,605066,544,107586,370,0.005039089999629479,0.4048140043763676
7115,0.8097,2,5,2,605071,539,107588,368,0.004992774834191708,0.40573318632855565
7116,0.8098,0,4,0,605075,535,107588,368,0.004955722701841491,0.40753045404208194
7117,0.8099,2,3,2,605078,532,107590,366,0.004927933602578829,0.40757238307349664
7118,0.81,2,5,2,605083,527,107592,364,0.004881618437141058,0.40852974186307517
7119,0.8101,0,1,0,605084,526,107592,364,0.004872355404053503,0.40898876404494383
7120,0.8102,4,4,4,605088,522,107596,360,0.004835303271703287,0.40816326530612246
7121,0.8103,0,3,0,605091,519,107596,360,0.004807514172440624,0.40955631399317405
7122,0.8104,3,1,3,605092,518,107599,357,0.00479825113935307,0.408
7123,0.8105,1,1,1,605093,517,107600,356,0.004788988106265516,0.40778923253150057
7124,0.8106,2,6,2,605099,511,107602,354,0.00473340990774019,0.4092485549132948
7125,0.8107,3,2,3,605101,509,107605,351,0.004714883841565082,0.40813953488372096
7126,0.8108,0,3,0,605104,506,107605,351,0.004687094742302419,0.40956826137689617
7127,0.8109,0,3,0,605107,503,107605,351,0.004659305643039757,0.41100702576112413
7128,0.811,1,1,1,605108,502,107606,350,0.0046500426099522025,0.4107981220657277
7129,0.8111,1,1,1,605109,501,107607,349,0.004640779576864648,0.41058823529411764
7130,0.8112,0,4,0,605113,497,107607,349,0.0046037274445144315,0.41252955082742315
7131,0.8113,1,0,1,605113,497,107608,348,0.0046037274445144315,0.41183431952662725
7132,0.8114,2,2,2,605115,495,107610,346,0.004585201378339323,0.4114149821640904
7133,0.8115,0,1,0,605116,494,107610,346,0.004575938345251769,0.4119047619047619
7134,0.8117,2,8,2,605124,486,107612,344,0.004501834080551336,0.41445783132530123
7135,0.8118,3,1,3,605125,485,107615,341,0.004492571047463782,0.4128329297820823
7136,0.8119,0,1,0,605126,484,107615,341,0.004483308014376228,0.41333333333333333
7137,0.812,1,3,1,605129,481,107616,340,0.004455518915113565,0.41412911084043846
7138,0.8121,2,5,2,605134,476,107618,338,0.004409203749675794,0.4152334152334152
7139,0.8125,1,0,1,605134,476,107619,337,0.004409203749675794,0.4145141451414514
7140,0.8126,3,2,3,605136,474,107622,334,0.004390677683500686,0.41336633663366334
7141,0.8127,0,1,0,605137,473,107622,334,0.0043814146504131315,0.4138785625774473
7142,0.8128,2,0,2,605137,473,107624,332,0.0043814146504131315,0.4124223602484472
7143,0.8129,2,3,2,605140,470,107626,330,0.004353625551150469,0.4125
7144,0.813,2,2,2,605142,468,107628,328,0.0043350994849753605,0.4120603015075377
7145,0.8131,2,2,2,605144,466,107630,326,0.004316573418800252,0.4116161616161616
7146,0.8132,2,4,2,605148,462,107632,324,0.004279521286450035,0.4122137404580153
7147,0.8133,2,1,2,605149,461,107634,322,0.004270258253362481,0.4112388250319285
7148,0.8134,2,1,2,605150,460,107636,320,0.004260995220274927,0.41025641025641024
7149,0.8135,0,5,0,605155,455,107636,320,0.004214680054837156,0.4129032258064516
7150,0.8136,1,2,1,605157,453,107637,319,0.004196153988662047,0.41321243523316065
7151,0.8137,1,0,1,605157,453,107638,318,0.004196153988662047,0.41245136186770426
7152,0.8138,1,0,1,605157,453,107639,317,0.004196153988662047,0.4116883116883117
7153,0.8139,0,1,0,605158,452,107639,317,0.004186890955574493,0.41222366710013003
7154,0.814,1,2,1,605160,450,107640,316,0.004168364889399385,0.412532637075718
7155,0.8141,7,11,7,605171,439,107647,309,0.0040664715254362886,0.41310160427807485
7156,0.8142,0,2,0,605173,437,107647,309,0.00404794545926118,0.41420911528150134
7157,0.8143,3,6,3,605179,431,107650,306,0.003992367260735855,0.4151967435549525
7158,0.8144,1,3,1,605182,428,107651,305,0.003964578161473193,0.41609822646657574
7159,0.8145,0,1,0,605183,427,107651,305,0.003955315128385639,0.4166666666666667
7160,0.8146,2,1,2,605184,426,107653,303,0.003946052095298085,0.4156378600823045
7161,0.8147,2,0,2,605184,426,107655,301,0.003946052095298085,0.4140302613480055
7162,0.8148,1,2,1,605186,424,107656,300,0.003927526029122976,0.4143646408839779
7163,0.815,7,5,7,605191,419,107663,293,0.003881210863685205,0.41151685393258425
7164,0.8151,1,3,1,605194,416,107664,292,0.0038534217644225427,0.4124293785310734
7165,0.8152,5,3,5,605197,413,107669,287,0.00382563266515988,0.41
7166,0.8153,3,6,3,605203,407,107672,284,0.003770054466634555,0.4109985528219971
7167,0.8154,1,7,1,605210,400,107673,283,0.0037052132350216755,0.4143484626647145
7168,0.8155,0,1,0,605211,399,107673,283,0.0036959502019341213,0.4149560117302053
7169,0.8156,1,3,1,605214,396,107674,282,0.0036681611026714587,0.415929203539823
7170,0.8157,0,3,0,605217,393,107674,282,0.003640372003408796,0.4177777777777778
7171,0.8158,1,3,1,605220,390,107675,281,0.0036125829041461334,0.4187779433681073
7172,0.8159,1,8,1,605228,382,107676,280,0.0035384786394457002,0.4229607250755287
7173,0.8162,4,6,4,605234,376,107680,276,0.003482900440920375,0.4233128834355828
7174,0.8164,0,1,0,605235,375,107680,276,0.003473637407832821,0.423963133640553
7175,0.8165,1,2,1,605237,373,107681,275,0.0034551113416577124,0.4243827160493827
7176,0.8166,5,5,5,605242,368,107686,270,0.0034087961762199414,0.4231974921630094
7177,0.8167,0,2,0,605244,366,107686,270,0.003390270110044833,0.42452830188679247
7178,0.8168,2,0,2,605244,366,107688,268,0.003390270110044833,0.4227129337539432
7179,0.817,0,1,0,605245,365,107688,268,0.0033810070769572788,0.42338072669826227
7180,0.8171,1,0,1,605245,365,107689,267,0.0033810070769572788,0.4224683544303797
7181,0.8172,0,3,0,605248,362,107689,267,0.003353217977694616,0.424483306836248
7182,0.8173,3,2,3,605250,360,107692,264,0.0033346919115195077,0.4230769230769231
7183,0.8174,1,7,1,605257,353,107693,263,0.0032698506799066288,0.42694805194805197
7184,0.8175,1,3,1,605260,350,107694,262,0.003242061580643966,0.42810457516339867
7185,0.8176,0,1,0,605261,349,107694,262,0.003232798547556412,0.4288052373158756
7186,0.8177,2,1,2,605262,348,107696,260,0.0032235355144688577,0.4276315789473684
7187,0.8178,1,1,1,605263,347,107697,259,0.0032142724813813035,0.4273927392739274
7188,0.8179,3,1,3,605264,346,107700,256,0.0032050094482937493,0.42524916943521596
7189,0.818,1,4,1,605268,342,107701,255,0.0031679573159435325,0.4271356783919598
7190,0.8181,1,7,1,605275,335,107702,254,0.003103116084330653,0.4312393887945671
7191,0.8182,2,3,2,605278,332,107704,252,0.0030753269850679905,0.4315068493150685
7192,0.8183,1,2,1,605280,330,107705,251,0.0030568009188928825,0.43201376936316693
7193,0.8184,2,2,2,605282,328,107707,249,0.003038274852717774,0.43154246100519933
7194,0.8185,2,5,2,605287,323,107709,247,0.002991959687280003,0.43333333333333335
7195,0.8186,0,1,0,605288,322,107709,247,0.002982696654192449,0.43409490333919154
7196,0.8188,2,1,2,605289,321,107711,245,0.0029734336211048947,0.43286219081272087
7197,0.8189,0,3,0,605292,318,107711,245,0.002945644521842232,0.4351687388987567
7198,0.8191,5,3,5,605295,315,107716,240,0.0029178554225795694,0.43243243243243246
7199,0.8192,1,1,1,605296,314,107717,239,0.0029085923894920152,0.4321880650994575
7200,0.8193,4,1,4,605297,313,107721,235,0.002899329356404461,0.42883211678832117
7201,0.8196,1,1,1,605298,312,107722,234,0.002890066323316907,0.42857142857142855
7202,0.8197,1,0,1,605298,312,107723,233,0.002890066323316907,0.42752293577981654
7203,0.8199,3,1,3,605299,311,107726,230,0.0028808032902293526,0.42513863216266173
7204,0.82,0,2,0,605301,309,107726,230,0.0028622772240542442,0.4267161410018553
7205,0.8201,4,3,4,605304,306,107730,226,0.0028344881247915816,0.424812030075188
7206,0.8202,6,5,6,605309,301,107736,220,0.002788172959353811,0.42226487523992323
7207,0.8203,4,5,4,605314,296,107740,216,0.00274185779391604,0.421875
7208,0.8204,0,4,0,605318,292,107740,216,0.002704805661565823,0.4251968503937008
7209,0.8206,7,6,7,605324,286,107747,209,0.002649227463040498,0.4222222222222222
7210,0.8207,0,1,0,605325,285,107747,209,0.0026399644299529438,0.4230769230769231
7211,0.8208,1,0,1,605325,285,107748,208,0.0026399644299529438,0.42190669371196754
7212,0.821,0,1,0,605326,284,107748,208,0.0026307013968653896,0.42276422764227645
7213,0.8212,8,4,8,605330,280,107756,200,0.0025936492645151727,0.4166666666666667
7214,0.8214,3,3,3,605333,277,107759,197,0.00256586016525251,0.41561181434599154
7215,0.8217,1,0,1,605333,277,107760,196,0.00256586016525251,0.4143763213530655
7216,0.8218,2,3,2,605336,274,107762,194,0.0025380710659898475,0.41452991452991456
7217,0.8219,1,2,1,605338,272,107763,193,0.0025195449998147395,0.4150537634408602
7218,0.8221,0,1,0,605339,271,107763,193,0.0025102819667271853,0.41594827586206895
7219,0.8222,2,0,2,605339,271,107765,191,0.0025102819667271853,0.4134199134199134
7220,0.8224,2,1,2,605340,270,107767,189,0.002501018933639631,0.4117647058823529
7221,0.8225,1,0,1,605340,270,107768,188,0.002501018933639631,0.4104803493449782
7222,0.8227,0,4,0,605344,266,107768,188,0.0024639668012894143,0.41409691629955947
7223,0.8228,2,0,2,605344,266,107770,186,0.0024639668012894143,0.41150442477876104
7224,0.8229,2,0,2,605344,266,107772,184,0.0024639668012894143,0.4088888888888889
7225,0.8232,1,0,1,605344,266,107773,183,0.0024639668012894143,0.40757238307349664
7226,0.8233,0,2,0,605346,264,107773,183,0.002445440735114306,0.40939597315436244
7227,0.8235,3,2,3,605348,262,107776,180,0.0024269146689391975,0.4072398190045249
7228,0.8237,5,4,5,605352,258,107781,175,0.0023898625365889807,0.40415704387990764
7229,0.8238,2,2,2,605354,256,107783,173,0.0023713364704138723,0.40326340326340326
7230,0.8241,0,1,0,605355,255,107783,173,0.002362073437326318,0.40420560747663553
7231,0.8242,2,2,2,605357,253,107785,171,0.0023435473711512097,0.4033018867924528
7232,0.8243,0,1,0,605358,252,107785,171,0.0023342843380636555,0.40425531914893614
7233,0.8244,3,2,3,605360,250,107788,168,0.002315758271888547,0.4019138755980861
7234,0.8245,0,5,0,605365,245,107788,168,0.002269443106450776,0.4067796610169492
7235,0.8247,2,1,2,605366,244,107790,166,0.0022601800733632223,0.40487804878048783
7236,0.8248,2,0,2,605366,244,107792,164,0.0022601800733632223,0.4019607843137255
7237,0.8249,1,3,1,605369,241,107793,163,0.0022323909741005597,0.4034653465346535
7238,0.825,0,1,0,605370,240,107793,163,0.0022231279410130055,0.4044665012406948
7239,0.8251,0,2,0,605372,238,107793,163,0.002204601874837897,0.40648379052369077
7240,0.8254,0,1,0,605373,237,107793,163,0.002195338841750343,0.4075
7241,0.8256,0,1,0,605374,236,107793,163,0.0021860758086627886,0.40852130325814534
7242,0.8257,0,5,0,605379,231,107793,163,0.0021397606432250176,0.4137055837563452
7243,0.8258,5,3,5,605382,228,107798,158,0.002111971543962355,0.40932642487046633
7244,0.8262,0,1,0,605383,227,107798,158,0.002102708510874801,0.4103896103896104
7245,0.8263,2,1,2,605384,226,107800,156,0.0020934454777872466,0.4083769633507853
7246,0.8264,5,4,5,605388,222,107805,151,0.00205639334543703,0.40482573726541554
7247,0.8265,1,1,1,605389,221,107806,150,0.0020471303123494756,0.40431266846361186
7248,0.8267,0,2,0,605391,219,107806,150,0.002028604246174367,0.4065040650406504
7249,0.8268,1,1,1,605392,218,107807,149,0.002019341213086813,0.40599455040871935
7250,0.8269,5,6,5,605398,212,107812,144,0.001963763014561488,0.4044943820224719
7251,0.8271,0,1,0,605399,211,107812,144,0.001954499981473934,0.4056338028169014
7252,0.8274,1,5,1,605404,206,107813,143,0.001908184816036163,0.40974212034383956
7253,0.8279,3,5,3,605409,201,107816,140,0.001861869650598392,0.41055718475073316
7254,0.828,0,5,0,605414,196,107816,140,0.001815554485160621,0.4166666666666667
7255,0.8281,1,4,1,605418,192,107817,139,0.0017785023528104043,0.4199395770392749
7256,0.8282,1,1,1,605419,191,107818,138,0.0017692393197228501,0.4194528875379939
7257,0.8283,2,2,2,605421,189,107820,136,0.0017507132535477417,0.41846153846153844
7258,0.8284,0,2,0,605423,187,107820,136,0.0017321871873726333,0.42105263157894735
7259,0.8285,1,5,1,605428,182,107821,135,0.0016858720219348623,0.42586750788643535
7260,0.8286,1,0,1,605428,182,107822,134,0.0016858720219348623,0.4240506329113924
7261,0.8287,3,2,3,605430,180,107825,131,0.0016673459557597539,0.4212218649517685
7262,0.8288,1,4,1,605434,176,107826,130,0.0016302938234095373,0.42483660130718953
7263,0.8291,0,2,0,605436,174,107826,130,0.0016117677572344289,0.4276315789473684
7264,0.8292,3,0,3,605436,174,107829,127,0.0016117677572344289,0.4219269102990033
7265,0.8293,0,1,0,605437,173,107829,127,0.0016025047241468747,0.42333333333333334
7266,0.8294,0,2,0,605439,171,107829,127,0.0015839786579717663,0.4261744966442953
7267,0.8295,2,1,2,605440,170,107831,125,0.001574715624884212,0.423728813559322
7268,0.8296,3,3,3,605443,167,107834,122,0.0015469265256215494,0.42214532871972316
7269,0.8297,1,0,1,605443,167,107835,121,0.0015469265256215494,0.4201388888888889
7270,0.8299,0,2,0,605445,165,107835,121,0.0015284004594464412,0.4230769230769231
7271,0.8302,1,3,1,605448,162,107836,120,0.0015006113601837786,0.425531914893617
7272,0.8303,1,0,1,605448,162,107837,119,0.0015006113601837786,0.4234875444839858
7273,0.8304,0,2,0,605450,160,107837,119,0.0014820852940086702,0.4265232974910394
7274,0.8305,0,1,0,605451,159,107837,119,0.001472822260921116,0.42805755395683454
7275,0.8306,0,1,0,605452,158,107837,119,0.0014635592278335618,0.4296028880866426
7276,0.8308,2,0,2,605452,158,107839,117,0.0014635592278335618,0.4254545454545455
7277,0.831,1,0,1,605452,158,107840,116,0.0014635592278335618,0.4233576642335766
7278,0.8311,0,2,0,605454,156,107840,116,0.0014450331616584534,0.4264705882352941
7279,0.8312,0,1,0,605455,155,107840,116,0.0014357701285708992,0.4280442804428044
7280,0.8313,1,0,1,605455,155,107841,115,0.0014357701285708992,0.42592592592592593
7281,0.8314,3,6,3,605461,149,107844,112,0.0013801919300455742,0.42911877394636017
7282,0.8316,1,1,1,605462,148,107845,111,0.00137092889695802,0.42857142857142855
7283,0.832,1,1,1,605463,147,107846,110,0.0013616658638704658,0.4280155642023346
7284,0.8321,0,5,0,605468,142,107846,110,0.0013153506984326948,0.4365079365079365
7285,0.8325,1,2,1,605470,140,107847,109,0.0012968246322575864,0.43775100401606426
7286,0.8326,1,2,1,605472,138,107848,108,0.001278298566082478,0.43902439024390244
7287,0.8327,0,1,0,605473,137,107848,108,0.0012690355329949238,0.44081632653061226
7288,0.8328,2,10,2,605483,127,107850,106,0.001176405202119382,0.45493562231759654
7289,0.833,0,1,0,605484,126,107850,106,0.0011671421690318277,0.45689655172413796
7290,0.8331,0,1,0,605485,125,107850,106,0.0011578791359442735,0.4588744588744589
7291,0.8332,2,1,2,605486,124,107852,104,0.0011486161028567193,0.45614035087719296
7292,0.8333,2,3,2,605489,121,107854,102,0.001120827003594057,0.45739910313901344
7293,0.8335,3,1,3,605490,120,107857,99,0.0011115639705065027,0.4520547945205479
7294,0.8345,1,0,1,605490,120,107858,98,0.0011115639705065027,0.44954128440366975
7295,0.8346,1,0,1,605490,120,107859,97,0.0011115639705065027,0.4470046082949309
7296,0.8347,1,1,1,605491,119,107860,96,0.0011023009374189485,0.44651162790697674
7297,0.835,0,1,0,605492,118,107860,96,0.0010930379043313943,0.4485981308411215
7298,0.8351,3,7,3,605499,111,107863,93,0.001028196672718515,0.45588235294117646
7299,0.8354,1,2,1,605501,109,107864,92,0.0010096706065434065,0.4577114427860697
7300,0.836,1,0,1,605501,109,107865,91,0.0010096706065434065,0.455
7301,0.8361,0,1,0,605502,108,107865,91,0.0010004075734558523,0.457286432160804
7302,0.8362,0,2,0,605504,106,107865,91,0.000981881507280744,0.4619289340101523
7303,0.8364,1,1,1,605505,105,107866,90,0.0009726184741931898,0.46153846153846156
7304,0.8365,0,3,0,605508,102,107866,90,0.0009448293749305273,0.46875
7305,0.8368,3,0,3,605508,102,107869,87,0.0009448293749305273,0.4603174603174603
7306,0.837,1,1,1,605509,101,107870,86,0.0009355663418429731,0.45989304812834225
7307,0.8371,1,2,1,605511,99,107871,85,0.0009170402756678647,0.46195652173913043
7308,0.8372,2,2,2,605513,97,107873,83,0.0008985142094927563,0.46111111111111114
7309,0.8373,1,0,1,605513,97,107874,82,0.0008985142094927563,0.4581005586592179
7310,0.8377,0,1,0,605514,96,107874,82,0.0008892511764052022,0.4606741573033708
7311,0.8379,0,1,0,605515,95,107874,82,0.000879988143317648,0.4632768361581921
7312,0.8384,1,0,1,605515,95,107875,81,0.000879988143317648,0.4602272727272727
7313,0.8386,0,2,0,605517,93,107875,81,0.0008614620771425395,0.46551724137931033
7314,0.8387,4,2,4,605519,91,107879,77,0.0008429360109674311,0.4583333333333333
7315,0.8388,1,0,1,605519,91,107880,76,0.0008429360109674311,0.4550898203592814
7316,0.8389,0,1,0,605520,90,107880,76,0.0008336729778798769,0.4578313253012048
7317,0.839,3,6,3,605526,84,107883,73,0.0007780947793545518,0.46496815286624205
7318,0.8398,1,0,1,605526,84,107884,72,0.0007780947793545518,0.46153846153846156
7319,0.84,1,0,1,605526,84,107885,71,0.0007780947793545518,0.45806451612903226
7320,0.8401,3,2,3,605528,82,107888,68,0.0007595687131794435,0.4533333333333333
7321,0.8402,4,4,4,605532,78,107892,64,0.0007225165808292267,0.4507042253521127
7322,0.8404,1,0,1,605532,78,107893,63,0.0007225165808292267,0.44680851063829785
7323,0.8405,1,3,1,605535,75,107894,62,0.0006947274815665642,0.45255474452554745
7324,0.841,2,0,2,605535,75,107896,60,0.0006947274815665642,0.4444444444444444
7325,0.8419,3,3,3,605538,72,107899,57,0.0006669383823039016,0.4418604651162791
7326,0.8421,3,1,3,605539,71,107902,54,0.0006576753492163474,0.432
7327,0.8425,0,1,0,605540,70,107902,54,0.0006484123161287932,0.43548387096774194
7328,0.843,1,1,1,605541,69,107903,53,0.000639149283041239,0.4344262295081967
7329,0.8431,0,1,0,605542,68,107903,53,0.0006298862499536849,0.4380165289256198
7330,0.8432,1,2,1,605544,66,107904,52,0.0006113601837785765,0.4406779661016949
7331,0.8437,0,1,0,605545,65,107904,52,0.0006020971506910223,0.4444444444444444
7332,0.844,1,1,1,605546,64,107905,51,0.0005928341176034681,0.4434782608695652
7333,0.8445,0,1,0,605547,63,107905,51,0.0005835710845159139,0.4473684210526316
7334,0.8448,2,0,2,605547,63,107907,49,0.0005835710845159139,0.4375
7335,0.8452,2,1,2,605548,62,107909,47,0.0005743080514283597,0.43119266055045874
7336,0.8453,0,1,0,605549,61,107909,47,0.0005650450183408056,0.4351851851851852
7337,0.8454,3,0,3,605549,61,107912,44,0.0005650450183408056,0.41904761904761906
7338,0.8456,0,1,0,605550,60,107912,44,0.0005557819852532514,0.4230769230769231
7339,0.8457,1,3,1,605553,57,107913,43,0.0005279928859905888,0.43
7340,0.8464,0,2,0,605555,55,107913,43,0.0005094668198154803,0.4387755102040816
7341,0.8465,0,1,0,605556,54,107913,43,0.0005002037867279261,0.44329896907216493
7342,0.8467,1,1,1,605557,53,107914,42,0.000490940753640372,0.4421052631578947
7343,0.847,0,2,0,605559,51,107914,42,0.00047241468746526364,0.45161290322580644
7344,0.8476,1,2,1,605561,49,107915,41,0.00045388862129015523,0.45555555555555555
7345,0.8479,0,1,0,605562,48,107915,41,0.0004446255882026011,0.4606741573033708
7346,0.848,0,1,0,605563,47,107915,41,0.0004353625551150469,0.4659090909090909
7347,0.8484,1,1,1,605564,46,107916,40,0.00042609952202749267,0.46511627906976744
7348,0.8486,0,1,0,605565,45,107916,40,0.00041683648893993847,0.47058823529411764
7349,0.8487,2,0,2,605565,45,107918,38,0.00041683648893993847,0.4578313253012048
7350,0.849,0,1,0,605566,44,107918,38,0.0004075734558523843,0.4634146341463415
7351,0.8491,0,1,0,605567,43,107918,38,0.0003983104227648301,0.4691358024691358
7352,0.8493,3,0,3,605567,43,107921,35,0.0003983104227648301,0.44871794871794873
7353,0.8494,0,1,0,605568,42,107921,35,0.0003890473896772759,0.45454545454545453
7354,0.8499,1,1,1,605569,41,107922,34,0.00037978435658972176,0.4533333333333333
7355,0.85,0,1,0,605570,40,107922,34,0.00037052132350216756,0.4594594594594595
7356,0.8503,2,0,2,605570,40,107924,32,0.00037052132350216756,0.4444444444444444
7357,0.8506,1,1,1,605571,39,107925,31,0.00036125829041461335,0.44285714285714284
7358,0.8507,0,4,0,605575,35,107925,31,0.0003242061580643966,0.4696969696969697
7359,0.8508,0,2,0,605577,33,107925,31,0.00030568009188928824,0.484375
7360,0.8509,0,1,0,605578,32,107925,31,0.00029641705880173404,0.49206349206349204
7361,0.8511,1,3,1,605581,29,107926,30,0.0002686279595390715,0.5084745762711864
7362,0.8513,2,1,2,605582,28,107928,28,0.0002593649264515173,0.5
7363,0.8516,1,2,1,605584,26,107929,27,0.00024083886027640892,0.5094339622641509
7364,0.8521,1,0,1,605584,26,107930,26,0.00024083886027640892,0.5
7365,0.8526,0,1,0,605585,25,107930,26,0.00023157582718885472,0.5098039215686274
7366,0.8527,1,0,1,605585,25,107931,25,0.00023157582718885472,0.5
7367,0.8531,1,1,1,605586,24,107932,24,0.00022231279410130054,0.5
7368,0.8539,1,0,1,605586,24,107933,23,0.00022231279410130054,0.48936170212765956
7369,0.8546,1,0,1,605586,24,107934,22,0.00022231279410130054,0.4782608695652174
7370,0.8548,0,1,0,605587,23,107934,22,0.00021304976101374634,0.4888888888888889
7371,0.8549,1,2,1,605589,21,107935,21,0.00019452369483863796,0.5
7372,0.8557,1,0,1,605589,21,107936,20,0.00019452369483863796,0.4878048780487805
7373,0.8561,0,1,0,605590,20,107936,20,0.00018526066175108378,0.5
7374,0.8562,1,0,1,605590,20,107937,19,0.00018526066175108378,0.48717948717948717
7375,0.8571,0,2,0,605592,18,107937,19,0.0001667345955759754,0.5135135135135135
7376,0.8585,0,1,0,605593,17,107937,19,0.00015747156248842122,0.5277777777777778
7377,0.8589,1,1,1,605594,16,107938,18,0.00014820852940086702,0.5294117647058824
7378,0.8599,1,0,1,605594,16,107939,17,0.00014820852940086702,0.5151515151515151
7379,0.8601,0,1,0,605595,15,107939,17,0.00013894549631331284,0.53125
7380,0.8603,2,3,2,605598,12,107941,15,0.00011115639705065027,0.5555555555555556
7381,0.8607,0,1,0,605599,11,107941,15,0.00010189336396309608,0.5769230769230769
7382,0.8616,1,0,1,605599,11,107942,14,0.00010189336396309608,0.56
7383,0.8621,0,4,0,605603,7,107942,14,6.484123161287932e-05,0.6666666666666666
7384,0.8629,0,1,0,605604,6,107942,14,5.5578198525325135e-05,0.7
7385,0.8635,1,1,1,605605,5,107943,13,4.6315165437770945e-05,0.7222222222222222
7386,0.8638,0,1,0,605606,4,107943,13,3.7052132350216754e-05,0.7647058823529411
7387,0.8642,0,1,0,605607,3,107943,13,2.7789099262662567e-05,0.8125
7388,0.8645,1,0,1,605607,3,107944,12,2.7789099262662567e-05,0.8
7389,0.8648,1,0,1,605607,3,107945,11,2.7789099262662567e-05,0.7857142857142857
7390,0.8652,1,0,1,605607,3,107946,10,2.7789099262662567e-05,0.7692307692307693
7391,0.8658,1,0,1,605607,3,107947,9,2.7789099262662567e-05,0.75
7392,0.8663,0,1,0,605608,2,107947,9,1.8526066175108377e-05,0.8181818181818182
7393,0.8675,1,0,1,605608,2,107948,8,1.8526066175108377e-05,0.8
7394,0.8679,1,0,1,605608,2,107949,7,1.8526066175108377e-05,0.7777777777777778
7395,0.8691,1,0,1,605608,2,107950,6,1.8526066175108377e-05,0.75
7396,0.8693,0,1,0,605609,1,107950,6,9.263033087554189e-06,0.8571428571428571
7397,0.8696,1,0,1,605609,1,107951,5,9.263033087554189e-06,0.8333333333333334
7398,0.8727,0,1,0,605610,0,107951,5,0.0,1.0
7399,0.8764,1,0,1,605610,0,107952,4,0.0,1.0
7400,0.8779,1,0,1,605610,0,107953,3,0.0,1.0
7401,0.882,3,0,3,605610,0,107956,0,0.0,
