,y_proba,y_test,Neg,Pos,TN,FP,FN,TP,FP/P,Prec
0,0.0,0,16,0,16,605594,0,107956,5.609637259624291,0.15129423306005185
1,0.0001,0,17,0,33,605577,0,107956,5.609479788061803,0.1512978376613275
2,0.0002,0,18,0,51,605559,0,107956,5.609313053466227,0.1513016544851895
3,0.0003,0,19,0,70,605540,0,107956,5.6091370558375635,0.15130568356374807
4,0.0004,0,23,0,93,605517,0,107956,5.60892400607655,0.15131056115648384
5,0.0005,0,13,0,106,605504,0,107956,5.608803586646411,0.15131331819583438
6,0.0006,0,14,0,120,605490,0,107956,5.608673904183186,0.15131628742749978
7,0.0007,0,16,0,136,605474,0,107956,5.608525695653785,0.15131968097781143
8,0.0008,0,15,0,151,605459,0,107956,5.608386750157472,0.1513228625694722
9,0.0009,0,13,0,164,605446,0,107956,5.608266330727333,0.15132562005713468
10,0.001,0,19,0,183,605427,0,107956,5.60809033309867,0.15132965041219093
11,0.0011,0,18,0,201,605409,0,107956,5.607923598503094,0.15133346884133647
12,0.0012,0,17,0,218,605392,0,107956,5.607766126940605,0.1513370753124702
13,0.0013,0,12,0,230,605380,0,107956,5.607654970543555,0.15133962116029473
14,0.0014,0,19,0,249,605361,0,107956,5.607478972914891,0.15134365226119664
15,0.0015,0,16,0,265,605345,0,107956,5.60733076438549,0.15134704703904803
16,0.0016,0,17,0,282,605328,0,107956,5.607173292823002,0.15135065415739032
17,0.0017,0,9,0,291,605319,0,107956,5.607089925525214,0.1513525638778872
18,0.0018,0,14,0,305,605305,0,107956,5.606960243061988,0.1513555346500089
19,0.0019,0,16,0,321,605289,0,107956,5.606812034532587,0.1513589299609531
20,0.002,0,12,0,333,605277,0,107956,5.606700878135537,0.15136147654413074
21,0.0021,1,16,1,349,605261,1,107955,5.606552669606136,0.1513636822505384
22,0.0022,0,24,0,373,605237,1,107955,5.606330356812035,0.15136877586961156
23,0.0023,0,19,0,392,605218,1,107955,5.606154359183371,0.1513728085611766
24,0.0024,0,13,0,405,605205,1,107955,5.606033939753233,0.15137556789500253
25,0.0025,0,14,0,419,605191,1,107955,5.605904257290007,0.15137853959778222
26,0.0026,0,14,0,433,605177,1,107955,5.605774574826781,0.15138151141724113
27,0.0027,0,16,0,449,605161,1,107955,5.60562636629738,0.15138490792521833
28,0.0028,0,20,0,469,605141,1,107955,5.605441105635629,0.15138915377452686
29,0.0029,0,19,0,488,605122,1,107955,5.605265108006966,0.15139318755197545
30,0.003,0,12,0,500,605110,1,107955,5.605153951609915,0.1513957353116476
31,0.0031,0,23,0,523,605087,1,107955,5.604940901848901,0.15140061875738034
32,0.0032,0,14,0,537,605073,1,107955,5.604811219385676,0.15140359144381427
33,0.0033,0,16,0,553,605057,1,107955,5.6046630108562745,0.1514069889426826
34,0.0034,0,22,0,575,605035,1,107955,5.604459224128348,0.15141166075260523
35,0.0035,0,16,0,591,605019,1,107955,5.604311015598948,0.15141505861363808
36,0.0036,1,18,1,609,605001,2,107954,5.6041442810033715,0.15141769115862852
37,0.0037,0,20,0,629,604981,2,107954,5.6039590203416205,0.15142193888643424
38,0.0038,0,24,0,653,604957,2,107954,5.60373670754752,0.15142703647439862
39,0.0039,0,18,0,671,604939,2,107954,5.603569972951943,0.15143085989061472
40,0.004,0,23,0,694,604916,2,107954,5.60335692319093,0.1514357456478741
41,0.0041,0,19,0,713,604897,2,107954,5.603180925562266,0.15143978194601676
42,0.0042,0,26,0,739,604871,2,107954,5.60294008670199,0.15144530565005437
43,0.0043,0,25,0,764,604846,2,107954,5.602708510874801,0.15145061728395062
44,0.0044,0,13,0,777,604833,2,107954,5.602588091444662,0.15145337948082668
45,0.0045,0,23,0,800,604810,2,107954,5.602375041683649,0.15145826669135928
46,0.0046,0,21,0,821,604789,2,107954,5.602180517988811,0.15146272920253162
47,0.0047,0,12,0,833,604777,2,107954,5.602069361591759,0.15146527932698312
48,0.0048,0,21,0,854,604756,2,107954,5.601874837896921,0.1514697422514066
49,0.0049,0,18,0,872,604738,2,107954,5.601708103301345,0.1514735678245301
50,0.005,0,25,0,897,604713,2,107954,5.601476527474156,0.15147888144112187
51,0.0051,0,19,0,916,604694,2,107954,5.601300529845493,0.15148292003906558
52,0.0052,0,17,0,933,604677,2,107954,5.601143058283005,0.15148653370397863
53,0.0053,0,26,0,959,604651,2,107954,5.600902219422728,0.15149206081910735
54,0.0054,0,17,0,976,604634,2,107954,5.600744747860239,0.1514956749201502
55,0.0055,1,25,1,1001,604609,3,107953,5.60051317203305,0.15149979931570867
56,0.0056,0,21,0,1022,604588,3,107953,5.600318648338212,0.1515042643160183
57,0.0057,0,25,0,1047,604563,3,107953,5.600087072511023,0.1515095801357443
58,0.0058,0,19,0,1066,604544,3,107953,5.5999110748823595,0.15151362040822627
59,0.0059,0,18,0,1084,604526,3,107953,5.599744340286784,0.15151744823356197
60,0.006,0,30,0,1114,604496,3,107953,5.599466449294157,0.15152382837227646
61,0.0061,0,26,0,1140,604470,3,107953,5.599225610433881,0.15152935826047165
62,0.0062,0,29,0,1169,604441,3,107953,5.598956982474341,0.15153552668888284
63,0.0063,0,28,0,1197,604413,3,107953,5.59869761754789,0.15154148288941358
64,0.0064,1,24,1,1221,604389,4,107952,5.598475304753789,0.1515453974992314
65,0.0065,0,21,0,1242,604368,4,107952,5.59828078105895,0.15154986522911051
66,0.0066,0,44,0,1286,604324,4,107952,5.597873207603097,0.15155922704120314
67,0.0067,0,31,0,1317,604293,4,107952,5.597586053577383,0.15156582355790493
68,0.0068,0,37,0,1354,604256,4,107952,5.597243321353144,0.15157369757149597
69,0.0069,1,29,1,1383,604227,5,107951,5.596974693393605,0.15157867836411684
70,0.007,0,26,0,1409,604201,5,107951,5.596733854533328,0.15158421235915928
71,0.0071,1,28,1,1437,604173,6,107950,5.5964744896068765,0.15158898111702612
72,0.0072,1,31,1,1468,604142,7,107949,5.596187335581162,0.15159438891939372
73,0.0073,0,30,0,1498,604112,7,107949,5.5959094445885365,0.15160077577623265
74,0.0074,0,22,0,1520,604090,7,107949,5.59570565786061,0.15160545981329673
75,0.0075,0,30,0,1550,604060,7,107949,5.595427766867983,0.15161184760304997
76,0.0076,0,25,0,1575,604035,7,107949,5.595196191040794,0.1516171711723859
77,0.0077,1,30,1,1605,604005,8,107948,5.5949183000481675,0.15162236833049372
78,0.0078,0,30,0,1635,603975,8,107948,5.5946404090555415,0.15162875760440384
79,0.0079,0,28,0,1663,603947,8,107948,5.59438104412909,0.15163472141256787
80,0.008,0,30,0,1693,603917,8,107948,5.594103153136463,0.151641111727645
81,0.0081,0,22,0,1715,603895,8,107948,5.593899366408537,0.15164579830102987
82,0.0082,1,35,1,1750,603860,9,107947,5.593575160250473,0.15165206298898437
83,0.0083,0,26,0,1776,603834,9,107947,5.593334321390196,0.15165760254909866
84,0.0084,0,21,0,1797,603813,9,107947,5.593139797695358,0.15166207710464202
85,0.0085,0,28,0,1825,603785,9,107947,5.592880432768906,0.15166804358944097
86,0.0086,0,35,0,1860,603750,9,107947,5.592556226610841,0.1516755023556373
87,0.0087,0,29,0,1889,603721,9,107947,5.5922875986513025,0.15168168303197557
88,0.0088,0,33,0,1922,603688,9,107947,5.591981918559413,0.15168871682814927
89,0.0089,0,27,0,1949,603661,9,107947,5.591731816666049,0.15169447223752403
90,0.009,0,25,0,1974,603636,9,107947,5.59150024083886,0.1516998017097092
91,0.0091,0,27,0,2001,603609,9,107947,5.5912501389454965,0.15170555796030108
92,0.0092,1,29,1,2030,603580,10,107946,5.590981510985957,0.1517105488766398
93,0.0093,0,37,0,2067,603543,10,107946,5.5906387787617176,0.15171843837360802
94,0.0094,0,32,0,2099,603511,10,107946,5.590342361702916,0.15172526238409348
95,0.0095,0,32,0,2131,603479,10,107946,5.590045944644114,0.1517320870084689
96,0.0096,0,35,0,2166,603444,10,107946,5.58972173848605,0.15173955214439336
97,0.0097,0,38,0,2204,603406,10,107946,5.589369743228723,0.15174765798085899
98,0.0098,0,26,0,2230,603380,10,107946,5.5891289043684464,0.15175320457849142
99,0.0099,0,34,0,2264,603346,10,107946,5.58881396124347,0.151760458433386
100,0.01,0,38,0,2302,603308,10,107946,5.588461965986142,0.15176856650366816
101,0.0101,2,41,2,2343,603267,12,107944,5.588082181629553,0.15177493036525025
102,0.0102,0,25,0,2368,603242,12,107944,5.587850605802364,0.1517802656407747
103,0.0103,0,30,0,2398,603212,12,107944,5.587572714809737,0.15178666846655306
104,0.0104,1,37,1,2435,603175,13,107943,5.587229982585498,0.15179337325169662
105,0.0105,0,34,0,2469,603141,13,107943,5.586915039460521,0.15180063114906256
106,0.0106,0,29,0,2498,603112,13,107943,5.586646411500982,0.15180682225706874
107,0.0107,0,24,0,2522,603088,13,107943,5.586424098706881,0.151811946314577
108,0.0108,1,42,1,2564,603046,14,107942,5.586035051317204,0.1518197212892482
109,0.0109,1,46,1,2610,603000,15,107941,5.585608951795176,0.15182835143844567
110,0.011,1,35,1,2645,602965,16,107940,5.585284745637112,0.1518346333195012
111,0.0111,0,41,0,2686,602924,16,107940,5.584904961280522,0.15184339057822593
112,0.0112,0,33,0,2719,602891,16,107940,5.584599281188632,0.15185043983731716
113,0.0113,1,45,1,2764,602846,17,107939,5.584182444699692,0.15185886027420387
114,0.0114,0,41,0,2805,602805,17,107939,5.583802660343102,0.15186762040903617
115,0.0115,1,38,1,2843,602767,18,107938,5.583450665085776,0.15187454710463555
116,0.0116,1,22,1,2865,602745,19,107937,5.5832468783578495,0.15187805516391298
117,0.0117,0,39,0,2904,602706,19,107937,5.582885620067435,0.15188639021280728
118,0.0118,0,43,0,2947,602663,19,107937,5.58248730964467,0.15189558119898677
119,0.0119,0,39,0,2986,602624,19,107937,5.582126051354256,0.15190391817169813
120,0.012,0,28,0,3014,602596,19,107937,5.581866686427804,0.15190990425497478
121,0.0121,0,37,0,3051,602559,19,107937,5.581523954203565,0.1519178151601135
122,0.0122,1,42,1,3093,602517,20,107936,5.581134906813888,0.15192560239734368
123,0.0123,1,46,1,3139,602471,21,107935,5.58070880729186,0.1519342460508498
124,0.0124,0,27,0,3166,602444,21,107935,5.580458705398495,0.15194002074948726
125,0.0125,0,29,0,3195,602415,21,107935,5.580190077438957,0.15194622369254593
126,0.0126,0,31,0,3226,602384,21,107935,5.5799029234132425,0.151952854984873
127,0.0127,0,35,0,3261,602349,21,107935,5.579578717255178,0.15196034262351396
128,0.0128,0,35,0,3296,602314,21,107935,5.579254511097114,0.15196783100011405
129,0.0129,1,45,1,3341,602269,22,107934,5.578837674608174,0.1519762659408648
130,0.013,0,48,0,3389,602221,22,107934,5.578393049019971,0.15198653815012217
131,0.0131,0,44,0,3433,602177,22,107934,5.577985475564119,0.15199595556187695
132,0.0132,0,45,0,3478,602132,22,107934,5.577568639075179,0.15200558821292667
133,0.0133,1,40,1,3518,602092,23,107933,5.577198117751677,0.15201295729023626
134,0.0134,0,52,0,3570,602040,23,107933,5.576716440031124,0.15202409105698386
135,0.0135,0,43,0,3613,601997,23,107933,5.576318129608359,0.15203329905765356
136,0.0136,0,49,0,3662,601948,23,107933,5.575864240987069,0.1520437932554893
137,0.0137,1,28,1,3690,601920,24,107932,5.575604876060617,0.15204859604537282
138,0.0138,0,43,0,3733,601877,24,107932,5.575206565637853,0.1520578071002199
139,0.0139,2,45,2,3778,601832,26,107930,5.574789729148913,0.15206505842803644
140,0.014,0,52,0,3830,601780,26,107930,5.57430805142836,0.15207620013808457
141,0.0141,1,45,1,3875,601735,27,107929,5.57389121493942,0.15208464850971729
142,0.0142,0,35,0,3910,601700,27,107929,5.573567008781356,0.15209214955984043
143,0.0143,0,49,0,3959,601651,27,107929,5.573113120160065,0.15210265227317568
144,0.0144,0,44,0,4003,601607,27,107929,5.572705546704213,0.15211208451720562
145,0.0145,0,34,0,4037,601573,27,107929,5.572390603579236,0.15211937387068677
146,0.0146,0,32,0,4069,601541,27,107929,5.5720941865204345,0.15212623507688838
147,0.0147,1,50,1,4119,601491,28,107928,5.571631034866057,0.15213576179944432
148,0.0148,0,50,0,4169,601441,28,107928,5.571167883211679,0.15214648511564502
149,0.0149,1,41,1,4210,601400,29,107927,5.570788098855089,0.15215408408251765
150,0.015,0,52,0,4262,601348,29,107927,5.570306421134537,0.15216523915265587
151,0.0151,1,36,1,4298,601312,30,107926,5.5699729519433845,0.15217176744618874
152,0.0152,0,38,0,4336,601274,30,107926,5.569620956686057,0.15217992103778905
153,0.0153,0,38,0,4374,601236,30,107926,5.5692689614287305,0.15218807550319954
154,0.0154,0,40,0,4414,601196,30,107926,5.568898440105228,0.15219666009515992
155,0.0155,0,43,0,4457,601153,30,107926,5.568500129682463,0.15220588961173578
156,0.0156,0,33,0,4490,601120,30,107926,5.568194449590574,0.15221297348832094
157,0.0157,0,55,0,4545,601065,30,107926,5.567684982770759,0.1522247814147147
158,0.0158,0,43,0,4588,601022,30,107926,5.5672866723479935,0.1522340143423777
159,0.0159,0,49,0,4637,600973,30,107926,5.566832783726704,0.152244536950962
160,0.016,1,35,1,4672,600938,31,107925,5.566508577568639,0.1522508580642522
161,0.0161,0,39,0,4711,600899,31,107925,5.566147319278224,0.15225923501461575
162,0.0162,1,39,1,4750,600860,32,107924,5.56578606098781,0.1522664168491388
163,0.0163,1,56,1,4806,600804,33,107923,5.565267331134907,0.15227725203075373
164,0.0164,0,36,0,4842,600768,33,107923,5.5649338619437545,0.15228498739224852
165,0.0165,0,52,0,4894,600716,33,107923,5.564452184223202,0.1522961620797049
166,0.0166,0,35,0,4929,600681,33,107923,5.564127978065137,0.15230368442740938
167,0.0167,0,50,0,4979,600631,33,107923,5.5636648264107595,0.1523144319275595
168,0.0168,0,38,0,5017,600593,33,107923,5.563312831153433,0.1523226010421783
169,0.0169,1,46,1,5063,600547,34,107922,5.562886731631405,0.15233129466497475
170,0.017,0,44,0,5107,600503,34,107922,5.562479158175553,0.15234075590217735
171,0.0171,0,59,0,5166,600444,34,107922,5.561932639223388,0.152353444405858
172,0.0172,1,52,1,5218,600392,35,107921,5.5614509615028345,0.15236343255029908
173,0.0173,1,48,1,5266,600344,36,107920,5.561006335914632,0.15237256164368088
174,0.0174,0,47,0,5313,600297,36,107920,5.560570973359517,0.1523826736720525
175,0.0175,0,58,0,5371,600239,36,107920,5.560033717440438,0.15239515419559732
176,0.0176,1,45,1,5416,600194,37,107919,5.5596168809514985,0.15240364179163496
177,0.0177,0,54,0,5470,600140,37,107919,5.559116677164771,0.15241526482962578
178,0.0178,1,48,1,5518,600092,38,107918,5.558672051576568,0.15242440078529965
179,0.0179,0,48,0,5566,600044,38,107918,5.558227425988366,0.15243473519765185
180,0.018,0,48,0,5614,599996,38,107918,5.557782800400163,0.15244507101145055
181,0.0181,0,44,0,5658,599952,38,107918,5.557375226944311,0.15245454673880798
182,0.0182,1,52,1,5710,599900,39,107917,5.556893549223758,0.15246454945275403
183,0.0183,1,42,1,5752,599858,40,107916,5.55650450183408,0.15247239938172355
184,0.0184,0,53,0,5805,599805,40,107916,5.55601356108044,0.15248381777564887
185,0.0185,0,47,0,5852,599758,40,107916,5.555578198525325,0.1524939449520542
186,0.0186,0,42,0,5894,599716,40,107916,5.5551891511356475,0.15250299590747735
187,0.0187,0,56,0,5950,599660,40,107916,5.5546704212827445,0.15251506551946364
188,0.0188,0,48,0,5998,599612,40,107916,5.554225795694542,0.15252541242184056
189,0.0189,1,42,1,6040,599570,41,107915,5.553836748304865,0.15253326925659202
190,0.019,0,54,0,6094,599516,41,107915,5.553336544518137,0.1525449125073682
191,0.0191,0,44,0,6138,599472,41,107915,5.5529289710622844,0.15255440091491645
192,0.0192,1,50,1,6188,599422,42,107914,5.552465819407907,0.15256398656366987
193,0.0193,1,66,1,6254,599356,43,107913,5.551854459224129,0.1525770251488472
194,0.0194,1,50,1,6304,599306,44,107912,5.551391307569751,0.15258661402848908
195,0.0195,0,41,0,6345,599265,44,107912,5.551011523213161,0.15259546054241016
196,0.0196,0,48,0,6393,599217,44,107912,5.550566897624958,0.15260581874028642
197,0.0197,1,49,1,6442,599168,45,107911,5.5501130090036686,0.1526151957560612
198,0.0198,0,54,0,6496,599114,45,107911,5.54961280521694,0.15262685195007247
199,0.0199,1,56,1,6552,599058,46,107910,5.549094075364037,0.1526377431510337
200,0.02,0,60,0,6612,598998,46,107910,5.548538293378784,0.1526506985350286
201,0.0201,0,51,0,6663,598947,46,107910,5.548065878691319,0.1526617123406856
202,0.0202,1,51,1,6714,598896,47,107909,5.547593464003853,0.15267152892240435
203,0.0203,1,51,1,6765,598845,48,107908,5.547121049316388,0.1526813469486511
204,0.0204,1,37,1,6802,598808,49,107907,5.546778317092149,0.1526881416129557
205,0.0205,1,67,1,6869,598741,50,107906,5.546157693875283,0.1527014195206376
206,0.0206,0,55,0,6924,598686,50,107906,5.545648227055467,0.15271330555681356
207,0.0207,0,37,0,6961,598649,50,107906,5.5453054948312275,0.15272130265867484
208,0.0208,1,45,1,7006,598604,51,107905,5.544888658342288,0.15272983075941
209,0.0209,1,58,1,7064,598546,52,107904,5.544351402423209,0.1527411706419421
210,0.021,1,77,1,7141,598469,53,107903,5.543638148875468,0.15275662115712402
211,0.0211,1,51,1,7192,598418,54,107902,5.543165734188003,0.15276645146675727
212,0.0212,0,54,0,7246,598364,54,107902,5.542665530401274,0.15277813175205943
213,0.0213,0,62,0,7308,598302,54,107902,5.542091222349846,0.15279154465281986
214,0.0214,0,42,0,7350,598260,54,107902,5.541702174960169,0.1528006321495634
215,0.0215,0,48,0,7398,598212,54,107902,5.5412575493719665,0.15281101918387116
216,0.0216,1,58,1,7456,598154,55,107901,5.540720293452888,0.1528223721948007
217,0.0217,0,55,0,7511,598099,55,107901,5.540210826633072,0.1528342776203966
218,0.0218,1,45,1,7556,598054,56,107900,5.539793990144132,0.15284281978712494
219,0.0219,0,47,0,7603,598007,56,107900,5.539358627589018,0.15285299621621545
220,0.022,0,61,0,7664,597946,56,107900,5.538793582570677,0.1528662059429394
221,0.0221,0,55,0,7719,597891,56,107900,5.538284115750861,0.15287811830981127
222,0.0222,0,56,0,7775,597835,56,107900,5.537765385897958,0.15289024917284816
223,0.0223,0,63,0,7838,597772,56,107900,5.537181814813443,0.15290389869514448
224,0.0224,0,57,0,7895,597715,56,107900,5.536653821927452,0.15291625036315837
225,0.0225,0,58,0,7953,597657,56,107900,5.536116566008374,0.15292882077564252
226,0.0226,0,67,0,8020,597590,56,107900,5.535495942791508,0.15294334434223023
227,0.0227,1,52,1,8072,597538,57,107899,5.535014265070955,0.15295341752700808
228,0.0228,0,52,0,8124,597486,57,107899,5.534532587350402,0.15296469303997107
229,0.0229,1,58,1,8182,597428,58,107898,5.533995331431324,0.15297607063967583
230,0.023,0,44,0,8226,597384,58,107898,5.5335877579754715,0.15298561426493232
231,0.0231,0,55,0,8281,597329,58,107898,5.533078291155656,0.15299754547117453
232,0.0232,0,47,0,8328,597282,58,107898,5.5326429286005405,0.15300774270399048
233,0.0233,0,50,0,8378,597232,58,107898,5.532179776946164,0.15301859231631046
234,0.0234,1,54,1,8432,597178,59,107897,5.531679573159435,0.15302911037832856
235,0.0235,0,64,0,8496,597114,59,107897,5.5310867390418315,0.15304300216592365
236,0.0236,1,63,1,8559,597051,60,107896,5.530503167957316,0.15305547792954646
237,0.0237,0,54,0,8613,596997,60,107896,5.530002964170588,0.15306720310742197
238,0.0238,0,49,0,8662,596948,60,107896,5.529549075549298,0.15307784417544876
239,0.0239,0,43,0,8705,596905,60,107896,5.529150765126533,0.1530871834744843
240,0.024,0,52,0,8757,596853,60,107896,5.52866908740598,0.15309847903296067
241,0.0241,1,55,1,8812,596798,61,107895,5.528159620586165,0.15310922628719173
242,0.0242,0,60,0,8872,596738,61,107895,5.527603838600911,0.1531222636464656
243,0.0243,3,62,3,8934,596676,64,107892,5.527029530549483,0.15313213202983955
244,0.0244,0,53,0,8987,596623,64,107892,5.526538589795843,0.15314365201592586
245,0.0245,0,50,0,9037,596573,64,107892,5.526075438141465,0.153154521516328
246,0.0246,0,54,0,9091,596519,64,107892,5.525575234354737,0.15316626230992986
247,0.0247,2,58,2,9149,596461,66,107890,5.525037978435659,0.15317647025417724
248,0.0248,0,59,0,9208,596402,66,107890,5.524491459483493,0.15318930216444315
249,0.0249,1,59,1,9267,596343,67,107889,5.523944940531328,0.15320093378318508
250,0.025,0,50,0,9317,596293,67,107889,5.52348178887695,0.15321181171912943
251,0.0251,0,49,0,9366,596244,67,107889,5.52302790025566,0.1532224735951873
252,0.0252,0,58,0,9424,596186,67,107889,5.522490644336582,0.15323509569293045
253,0.0253,0,65,0,9489,596121,67,107889,5.521888547185891,0.1532492436186986
254,0.0254,1,57,1,9546,596064,68,107888,5.5213605542999,0.15326044957610746
255,0.0255,0,48,0,9594,596016,68,107888,5.520915928711697,0.15327090057735146
256,0.0256,0,59,0,9653,595957,68,107888,5.520369409759532,0.15328374855259325
257,0.0257,0,74,0,9727,595883,68,107888,5.519683945311052,0.15329986600755074
258,0.0258,1,59,1,9786,595824,69,107887,5.519137426358887,0.15331151566481127
259,0.0259,0,61,0,9847,595763,69,107887,5.5185723813405465,0.15332480636680168
260,0.026,1,52,1,9899,595711,70,107886,5.518090703619993,0.15333493462877187
261,0.0261,0,53,0,9952,595658,70,107886,5.517599762866353,0.1533464857919334
262,0.0262,0,55,0,10007,595603,70,107886,5.517090296046537,0.15335847468830358
263,0.0263,0,60,0,10067,595543,70,107886,5.516534514061284,0.15337155562252908
264,0.0264,1,61,1,10128,595482,71,107885,5.515969469042943,0.15338365319953878
265,0.0265,0,57,0,10185,595425,71,107885,5.515441476156953,0.15339608423028253
266,0.0266,0,59,0,10244,595366,71,107885,5.514894957204787,0.1534089535599665
267,0.0267,1,67,1,10311,595299,72,107884,5.514274333987921,0.1534223665816722
268,0.0268,1,61,1,10372,595238,73,107883,5.51370928896958,0.1534344728716679
269,0.0269,1,66,1,10438,595172,74,107882,5.513097928785801,0.15344767258276035
270,0.027,1,68,1,10506,595104,75,107881,5.512468042535848,0.15346131140778252
271,0.0271,1,57,1,10563,595047,76,107880,5.511940049649858,0.1534725512037523
272,0.0272,0,53,0,10616,594994,76,107880,5.511449108896217,0.15348412375475548
273,0.0273,1,52,1,10668,594942,77,107879,5.510967431175664,0.15349427521374576
274,0.0274,0,57,0,10725,594885,77,107879,5.510439438289674,0.15350672487492245
275,0.0275,0,51,0,10776,594834,77,107879,5.509967023602209,0.1535178657574287
276,0.0276,2,58,2,10834,594776,79,107877,5.50942976768313,0.15352812839338906
277,0.0277,1,50,1,10884,594726,80,107876,5.5089666160287525,0.15353784930871248
278,0.0278,1,52,1,10936,594674,81,107875,5.508484938308199,0.15354800875099103
279,0.0279,1,63,1,10999,594611,82,107874,5.507901367223684,0.15356057424713696
280,0.028,0,64,0,11063,594547,82,107874,5.50730853310608,0.15357456568069577
281,0.0281,0,56,0,11119,594491,82,107874,5.506789803253177,0.15358681027670798
282,0.0282,1,71,1,11190,594420,83,107873,5.506132127903961,0.15360113229093839
283,0.0283,1,46,1,11236,594374,84,107872,5.505706028381933,0.15360998852254054
284,0.0284,0,66,0,11302,594308,84,107872,5.505094668198155,0.1536244267851548
285,0.0285,1,60,1,11362,594248,85,107871,5.504538886212901,0.15363634939376372
286,0.0286,2,59,2,11421,594189,87,107869,5.503992367260736,0.15364684969048142
287,0.0287,0,57,0,11478,594132,87,107869,5.503464374374746,0.1536593252716164
288,0.0288,1,73,1,11551,594059,88,107868,5.502788172959354,0.15367410001324924
289,0.0289,0,58,0,11609,594001,88,107868,5.502250917040276,0.15368679910353641
290,0.029,1,62,1,11671,593939,89,107867,5.501676608988848,0.15369917042601516
291,0.0291,0,70,0,11741,593869,89,107867,5.501028196672719,0.15371450231996078
292,0.0292,0,72,0,11813,593797,89,107867,5.500361258290415,0.15373027545947918
293,0.0293,1,66,1,11879,593731,90,107866,5.499749898106636,0.15374353083037698
294,0.0294,0,57,0,11936,593674,90,107866,5.4992219052206455,0.15375602246486303
295,0.0295,0,62,0,11998,593612,90,107866,5.498647597169217,0.15376961216174992
296,0.0296,1,57,1,12055,593555,91,107865,5.498119604283226,0.15378090159961222
297,0.0297,2,50,2,12105,593505,93,107863,5.497656452628849,0.15378945147198048
298,0.0298,0,58,0,12163,593447,93,107863,5.497119196709771,0.15380217022429454
299,0.0299,0,54,0,12217,593393,93,107863,5.496618992923043,0.15381401371253864
300,0.03,0,56,0,12273,593337,93,107863,5.49610026307014,0.15382629777524245
301,0.0301,1,53,1,12326,593284,94,107862,5.4956093223165,0.1538367187433145
302,0.0302,0,65,0,12391,593219,94,107862,5.495007225165808,0.15385098155562624
303,0.0303,1,79,1,12470,593140,95,107861,5.494275445551891,0.15386711288571628
304,0.0304,2,48,2,12518,593092,97,107859,5.493830819963689,0.15387523521615634
305,0.0305,2,67,2,12585,593025,99,107857,5.493210196746823,0.15388753028327165
306,0.0306,1,60,1,12645,592965,100,107856,5.49265441476157,0.1538994978746356
307,0.0307,0,68,0,12713,592897,100,107856,5.492024528511616,0.1539144320466698
308,0.0308,1,68,1,12781,592829,101,107855,5.491394642261662,0.1539281616249265
309,0.0309,0,62,0,12843,592767,101,107855,5.490820334210234,0.15394178315839355
310,0.031,1,60,1,12903,592707,102,107854,5.49026455222498,0.1539537599152679
311,0.0311,3,54,3,12957,592653,105,107851,5.489764348438253,0.15396200449961742
312,0.0312,1,82,1,13039,592571,106,107850,5.489004779725073,0.1539788213088985
313,0.0313,1,61,1,13100,592510,107,107849,5.488439734706732,0.1539910246030964
314,0.0314,0,70,0,13170,592440,107,107849,5.487791322390604,0.15400641735055098
315,0.0315,0,89,0,13259,592351,107,107849,5.486966912445811,0.1540259925735504
316,0.0316,0,71,0,13330,592280,107,107849,5.486309237096595,0.15404161233144179
317,0.0317,0,84,0,13414,592196,107,107849,5.485531142317241,0.15406009613667693
318,0.0318,0,63,0,13477,592133,107,107849,5.484947571232724,0.15407396190187747
319,0.0319,2,81,2,13558,592052,109,107847,5.484197265552632,0.1540893757527872
320,0.032,2,67,2,13625,591985,111,107845,5.483576642335766,0.1541017104153866
321,0.0321,0,75,0,13700,591910,111,107845,5.4828819148542,0.15411822709376855
322,0.0322,1,83,1,13783,591827,112,107844,5.482113083107933,0.15413530073420223
323,0.0323,0,83,0,13866,591744,112,107844,5.481344251361666,0.15415358754009503
324,0.0324,1,74,1,13940,591670,113,107843,5.480658786913187,0.15416868592863892
325,0.0325,1,54,1,13994,591616,114,107842,5.4801585831264585,0.15417937889051236
326,0.0326,0,63,0,14057,591553,114,107842,5.479575012041943,0.15419326703793992
327,0.0327,1,63,1,14120,591490,115,107841,5.478991440957427,0.15420594825626205
328,0.0328,1,47,1,14167,591443,116,107840,5.478556078402312,0.1542151031842616
329,0.0329,2,53,2,14220,591390,118,107838,5.478065137648672,0.15422437316583432
330,0.033,1,54,1,14274,591336,119,107837,5.477564933861943,0.15423507486702145
331,0.0331,1,65,1,14339,591271,120,107836,5.476962836711253,0.15424820521036123
332,0.0332,1,62,1,14401,591209,121,107835,5.476388528659824,0.15426067600894935
333,0.0333,0,60,0,14461,591149,121,107835,5.4758327466745715,0.1542739175717899
334,0.0334,1,72,1,14533,591077,122,107834,5.475165808292267,0.15428860040834957
335,0.0335,1,56,1,14589,591021,123,107833,5.474647078439364,0.15429975359660245
336,0.0336,1,59,1,14648,590962,124,107832,5.474100559487199,0.1543115710781718
337,0.0337,0,68,0,14716,590894,124,107832,5.4734706732372445,0.1543265886771066
338,0.0338,0,71,0,14787,590823,124,107832,5.472812997888028,0.15434227193679284
339,0.0339,0,67,0,14854,590756,124,107832,5.472192374671162,0.1543570745561046
340,0.034,0,77,0,14931,590679,124,107832,5.471479121123421,0.15437409002864666
341,0.0341,1,65,1,14996,590614,125,107831,5.470877023972729,0.15438724595351103
342,0.0342,0,58,0,15054,590556,125,107831,5.470339768053652,0.15440006758430497
343,0.0343,1,69,1,15123,590487,126,107830,5.46970061877061,0.1544141127883182
344,0.0344,0,76,0,15199,590411,126,107830,5.468996628255956,0.15443091998321495
345,0.0345,1,59,1,15258,590352,127,107829,5.468450109303791,0.15444275911260832
346,0.0346,1,76,1,15334,590276,128,107828,5.467746118789137,0.15445836150487607
347,0.0347,0,70,0,15404,590206,128,107828,5.467097706473007,0.1544738508439417
348,0.0348,1,65,1,15469,590141,129,107827,5.466495609322316,0.15448702519313207
349,0.0349,0,66,0,15535,590075,129,107827,5.465884249138538,0.15450163490002894
350,0.035,1,72,1,15607,590003,130,107826,5.465217310756234,0.15451636432421123
351,0.0351,0,55,0,15662,589948,130,107826,5.464707843936418,0.15452854362587312
352,0.0352,0,56,0,15718,589892,130,107826,5.464189114083515,0.1545409463422185
353,0.0353,0,59,0,15777,589833,130,107826,5.46364259513135,0.15455401564374574
354,0.0354,0,52,0,15829,589781,130,107826,5.463160917410797,0.15456553618297983
355,0.0355,2,75,2,15904,589706,132,107824,5.462466189929231,0.15457973133772024
356,0.0356,1,88,1,15992,589618,133,107823,5.461651043017525,0.1545980233453439
357,0.0357,2,65,2,16057,589553,135,107821,5.4610489458668345,0.15461000840295164
358,0.0358,1,64,1,16121,589489,136,107820,5.460456111749231,0.15462298636615904
359,0.0359,1,78,1,16199,589411,137,107819,5.459733595168402,0.15463907175537484
360,0.036,0,55,0,16254,589356,137,107819,5.459224128348587,0.15465127120163516
361,0.0361,0,78,0,16332,589278,137,107819,5.458501611767757,0.15466857553539895
362,0.0362,2,72,2,16404,589206,139,107817,5.457834673385453,0.15468212670170137
363,0.0363,0,71,0,16475,589135,139,107817,5.457176998036237,0.1546978845028065
364,0.0364,0,55,0,16530,589080,139,107817,5.4566675312164215,0.1547100934571393
365,0.0365,0,54,0,16584,589026,139,107817,5.456167327429694,0.15472208230548345
366,0.0366,0,81,0,16665,588945,139,107817,5.455417021749602,0.1547400690623197
367,0.0367,0,52,0,16717,588893,139,107817,5.454935344029049,0.15475161832039155
368,0.0368,0,59,0,16776,588834,139,107817,5.454388825076883,0.15476472437418448
369,0.0369,1,65,1,16841,588769,140,107816,5.453786727926192,0.1547779524394008
370,0.037,1,64,1,16905,588705,141,107815,5.453193893808589,0.1547909607764314
371,0.0371,0,60,0,16965,588645,141,107815,5.452638111823336,0.15480429601125692
372,0.0372,0,71,0,17036,588574,141,107815,5.451980436474119,0.15482007900756617
373,0.0373,1,67,1,17103,588507,142,107814,5.451359813257253,0.15483376201493276
374,0.0374,1,75,1,17178,588432,143,107813,5.450665085775686,0.15484922692443034
375,0.0375,1,78,1,17256,588354,144,107812,5.4499425691948575,0.15486536257157058
376,0.0376,1,76,1,17332,588278,145,107811,5.449238578680203,0.1548810568763477
377,0.0377,0,65,0,17397,588213,145,107811,5.448636481529512,0.15489552084410882
378,0.0378,2,75,2,17472,588138,147,107809,5.447941754047945,0.1549097847968308
379,0.0379,1,64,1,17536,588074,148,107808,5.447348919930342,0.15492281737421
380,0.038,1,62,1,17598,588012,149,107807,5.446774611878913,0.15493540705269618
381,0.0381,1,61,1,17659,587951,150,107806,5.446209566860573,0.15494777630695775
382,0.0382,0,68,0,17727,587883,150,107806,5.445579680610619,0.15496292165033512
383,0.0383,1,66,1,17793,587817,151,107805,5.444968320426841,0.15497640960176648
384,0.0384,0,64,0,17857,587753,151,107805,5.444375486309237,0.15499066936186487
385,0.0385,0,64,0,17921,587689,151,107805,5.443782652191634,0.15500493174635582
386,0.0386,1,69,1,17990,587620,152,107804,5.443143502908592,0.15501909626357446
387,0.0387,2,79,2,18069,587541,154,107802,5.442411723294676,0.1550342780469495
388,0.0388,3,75,3,18144,587466,157,107799,5.441716995813109,0.1550473560440983
389,0.0389,0,73,0,18217,587393,157,107799,5.4410407943977175,0.15506363709593896
390,0.039,0,78,0,18295,587315,157,107799,5.440318277816888,0.1550810370673012
391,0.0391,1,68,1,18363,587247,158,107798,5.439688391566935,0.1550949938493191
392,0.0392,0,68,0,18431,587179,158,107798,5.439058505316981,0.15511016911351022
393,0.0393,0,65,0,18496,587114,158,107798,5.43845640816629,0.1551246776570271
394,0.0394,0,85,0,18581,587029,158,107798,5.437669050353848,0.15514365446362907
395,0.0395,0,66,0,18647,586963,158,107798,5.437057690170069,0.15515839259831798
396,0.0396,1,70,1,18717,586893,159,107797,5.43640927785394,0.15517281089406787
397,0.0397,1,79,1,18796,586814,160,107796,5.4356774982400236,0.15518924288449634
398,0.0398,2,70,2,18866,586744,162,107794,5.435029085923895,0.15520245112578435
399,0.0399,0,76,0,18942,586668,162,107794,5.434325095409241,0.1552194360526566
400,0.04,2,72,2,19014,586596,164,107792,5.433658157026937,0.1552330973461523
401,0.0401,0,87,0,19101,586509,164,107792,5.4328522731483195,0.15525254896651453
402,0.0402,1,68,1,19169,586441,165,107791,5.432222386898366,0.1552665391396536
403,0.0403,0,76,0,19245,586365,165,107791,5.431518396383712,0.15528353857058066
404,0.0404,0,65,0,19310,586300,165,107791,5.43091629923302,0.1552980805110569
405,0.0405,1,63,1,19373,586237,166,107790,5.430332728148505,0.15531096052459054
406,0.0406,1,65,1,19438,586172,167,107789,5.429730630997814,0.15532429055811495
407,0.0407,1,86,1,19524,586086,168,107788,5.428934010152284,0.1553423243989543
408,0.0408,2,73,2,19597,586013,170,107786,5.428257808736893,0.1553562342984063
409,0.0409,1,82,1,19679,585931,171,107785,5.427498240023714,0.15537338046116855
410,0.041,2,74,2,19753,585857,173,107783,5.426812775575234,0.15538752090421545
411,0.0411,1,58,1,19811,585799,174,107782,5.426275519656156,0.15539929727025395
412,0.0412,4,75,4,19886,585724,178,107778,5.42558079217459,0.15541123169075216
413,0.0413,1,82,1,19968,585642,179,107777,5.42482122346141,0.15542839178043866
414,0.0414,0,80,0,20048,585562,179,107777,5.424080180814406,0.15544632567906896
415,0.0415,2,72,2,20120,585490,181,107775,5.423413242432102,0.1554600333205917
416,0.0416,1,62,1,20182,585428,182,107774,5.422838934380674,0.15547271935164642
417,0.0417,0,74,0,20256,585354,182,107774,5.422153469932194,0.1554893179903279
418,0.0418,2,82,2,20338,585272,184,107772,5.421393901219015,0.15550527816415696
419,0.0419,2,62,2,20400,585210,186,107770,5.420819593167587,0.15551675373026638
420,0.042,3,64,3,20464,585146,189,107767,5.420226759049983,0.1555274616005184
421,0.0421,1,72,1,20536,585074,190,107766,5.419559820667679,0.15554240517291149
422,0.0422,1,76,1,20612,584998,191,107765,5.418855830153025,0.1555582500797531
423,0.0423,0,82,0,20694,584916,191,107765,5.418096261439846,0.15557666516044183
424,0.0424,0,58,0,20752,584858,191,107765,5.417559005520768,0.15558969309422296
425,0.0425,0,68,0,20820,584790,191,107765,5.416929119270814,0.1556049700023825
426,0.0426,1,66,1,20886,584724,192,107764,5.416317759087035,0.15561858111620708
427,0.0427,0,70,0,20956,584654,192,107764,5.4156693467709065,0.15563431337717967
428,0.0428,2,75,2,21031,584579,194,107762,5.41497461928934,0.15564873378869662
429,0.0429,4,79,4,21110,584500,198,107758,5.414242839675423,0.15566161748943314
430,0.043,1,74,1,21184,584426,199,107757,5.413557375226945,0.1556770391644984
431,0.0431,2,87,2,21271,584339,201,107755,5.4127514913483274,0.15569416871118663
432,0.0432,0,66,0,21337,584273,201,107755,5.4121401311645485,0.15570901755420302
433,0.0433,0,76,0,21413,584197,201,107755,5.4114361406498945,0.15572611973084838
434,0.0434,2,90,2,21503,584107,203,107753,5.410602467672015,0.15574393663457925
435,0.0435,2,76,2,21579,584031,205,107751,5.409898477157361,0.15575860603484912
436,0.0436,0,73,0,21652,583958,205,107751,5.409222275741969,0.15577504412982915
437,0.0437,0,77,0,21729,583881,205,107751,5.408509022194227,0.15579238670275522
438,0.0438,0,72,0,21801,583809,205,107751,5.407842083811923,0.1558086066284921
439,0.0439,0,84,0,21885,583725,205,107751,5.407063989032569,0.15582753414435208
440,0.044,0,62,0,21947,583663,205,107751,5.4064896809811405,0.15584150740366842
441,0.0441,0,65,0,22012,583598,205,107751,5.40588758383045,0.15585615947951034
442,0.0442,1,76,1,22088,583522,206,107750,5.405183593315796,0.15587207351086113
443,0.0443,1,76,1,22164,583446,207,107749,5.404479602801141,0.1558879910878985
444,0.0444,0,81,0,22245,583365,207,107749,5.403729297121049,0.1559062614850806
445,0.0445,0,79,0,22324,583286,207,107749,5.402997517507132,0.155924084887162
446,0.0446,1,85,1,22409,583201,208,107748,5.4022101596946905,0.15594204492661543
447,0.0447,2,78,2,22487,583123,210,107746,5.401487643113861,0.15595720751690986
448,0.0448,1,80,1,22567,583043,211,107745,5.4007466004668565,0.15597404703034795
449,0.0449,2,75,2,22642,582968,213,107743,5.400051872985291,0.1559885393456887
450,0.045,1,73,1,22715,582895,214,107742,5.399375671569899,0.1560038051827516
451,0.0451,1,96,1,22811,582799,215,107741,5.3984864203934935,0.156024270860486
452,0.0452,2,88,2,22899,582711,217,107739,5.397671273481789,0.15604171192700414
453,0.0453,0,94,0,22993,582617,217,107739,5.396800548371559,0.15606295882124585
454,0.0454,1,71,1,23064,582546,218,107738,5.396142873022343,0.156077788272653
455,0.0455,0,59,0,23123,582487,218,107738,5.395596354070177,0.156091129704082
456,0.0456,1,75,1,23198,582412,219,107737,5.39490162658861,0.1561068696759685
457,0.0457,1,79,1,23277,582333,220,107736,5.394169846974694,0.1561235180829743
458,0.0458,0,77,0,23354,582256,220,107736,5.393456593426952,0.1561409407645306
459,0.0459,0,70,0,23424,582186,220,107736,5.392808181110823,0.15615678294068025
460,0.046,2,83,2,23507,582103,222,107734,5.3920393493645555,0.15617312495560545
461,0.0461,0,75,0,23582,582028,222,107734,5.39134462188299,0.15619010615255696
462,0.0462,1,86,1,23668,581942,223,107733,5.39054800103746,0.15620835900967847
463,0.0463,0,79,0,23747,581863,223,107733,5.389816221423543,0.15622625421261144
464,0.0464,0,77,0,23824,581786,223,107733,5.389102967875801,0.15624370031862791
465,0.0465,1,79,1,23903,581707,224,107732,5.3883711882618845,0.15626037981605334
466,0.0466,0,80,0,23983,581627,224,107732,5.38763014561488,0.15627851380775473
467,0.0467,0,65,0,24048,581562,224,107732,5.387028048464189,0.1562932507754311
468,0.0468,2,83,2,24131,581479,226,107730,5.386259216717922,0.15630962451157776
469,0.0469,0,71,0,24202,581408,226,107730,5.385601541368706,0.15632572866392508
470,0.047,1,72,1,24274,581336,227,107729,5.384934602986402,0.15634083867269416
471,0.0471,0,58,0,24332,581278,227,107729,5.384397347067324,0.15635399930624796
472,0.0472,3,68,3,24400,581210,230,107726,5.38376746081737,0.15636575821266416
473,0.0473,3,70,3,24470,581140,233,107723,5.383119048501241,0.15637797355932892
474,0.0474,1,84,1,24554,581056,234,107722,5.3823409537218865,0.15639581984325865
475,0.0475,2,77,2,24631,580979,236,107720,5.381627700174145,0.15641085583106698
476,0.0476,1,82,1,24713,580897,237,107719,5.380868131460965,0.15642825609628588
477,0.0477,0,96,0,24809,580801,237,107719,5.37997888028456,0.1564500668099692
478,0.0478,0,61,0,24870,580740,237,107719,5.379413835266219,0.1564639288614137
479,0.0479,1,75,1,24945,580665,238,107718,5.378719107784653,0.15647975037152284
480,0.048,0,70,0,25015,580595,238,107718,5.378070695468524,0.15649566403656476
481,0.0481,0,71,0,25086,580524,238,107718,5.377413020119308,0.1565118083464828
482,0.0482,2,80,2,25166,580444,240,107716,5.376671977472304,0.15652755173215532
483,0.0483,2,78,2,25244,580366,242,107714,5.375949460891475,0.15654284385536565
484,0.0484,2,82,2,25326,580284,244,107712,5.375189892178295,0.15655904976191723
485,0.0485,1,87,1,25413,580197,245,107711,5.374384008299677,0.15657762375201334
486,0.0486,2,61,2,25474,580136,247,107709,5.3738189632813365,0.1565890571276959
487,0.0487,1,73,1,25547,580063,248,107708,5.373142761865945,0.15660445119087604
488,0.0488,2,71,2,25618,579992,250,107706,5.372485086516729,0.1566181666952645
489,0.0489,1,94,1,25712,579898,251,107705,5.371614361406499,0.156638350908882
490,0.049,2,82,2,25794,579816,253,107703,5.3708547926933194,0.15665457972797842
491,0.0491,0,71,0,25865,579745,253,107703,5.370197117344103,0.15667075909741537
492,0.0492,2,78,2,25943,579667,255,107701,5.369474600763274,0.1566860837280758
493,0.0493,1,72,1,26015,579595,256,107700,5.36880766238097,0.1567012709244211
494,0.0494,3,82,3,26097,579513,259,107697,5.368048093667791,0.15671628759767756
495,0.0495,2,84,2,26181,579429,261,107695,5.367269998888436,0.1567329914251285
496,0.0496,0,66,0,26247,579363,261,107695,5.366658638704657,0.1567480474719747
497,0.0497,0,78,0,26325,579285,261,107695,5.365936122123828,0.15676584471163643
498,0.0498,0,81,0,26406,579204,261,107695,5.365185816443736,0.1567843307385802
499,0.0499,0,79,0,26485,579125,261,107695,5.3644540368298195,0.15680236452054397
500,0.05,1,73,1,26558,579052,262,107694,5.363777835414428,0.15681780454491182
501,0.0501,1,78,1,26636,578974,263,107693,5.363055318833599,0.1568343898862185
502,0.0502,0,87,0,26723,578887,263,107693,5.362249434954982,0.15685426315942788
503,0.0503,0,64,0,26787,578823,263,107693,5.361656600837378,0.15686888579435876
504,0.0504,1,91,1,26878,578732,264,107692,5.360813664826411,0.15688845378366723
505,0.0505,2,86,2,26964,578646,266,107690,5.360017043980881,0.156905655538978
506,0.0506,1,91,1,27055,578555,267,107689,5.359174107969913,0.15692523359038477
507,0.0507,1,79,1,27134,578476,268,107688,5.358442328355997,0.15694207215767658
508,0.0508,1,85,1,27219,578391,269,107687,5.357654970543555,0.1569602873142704
509,0.0509,1,79,1,27298,578312,270,107686,5.356923190929638,0.15697713404412258
510,0.051,0,71,0,27369,578241,270,107686,5.3562655155804215,0.1569933826777485
511,0.0511,0,85,0,27454,578156,270,107686,5.35547815776798,0.15701283969194071
512,0.0512,2,62,2,27516,578094,272,107684,5.3549038497165515,0.15702457646643667
513,0.0513,3,87,3,27603,578007,275,107681,5.354097965837934,0.1570408115644433
514,0.0514,3,83,3,27686,577924,278,107678,5.353329134091667,0.15705613460870885
515,0.0515,0,61,0,27747,577863,278,107678,5.352764089073326,0.1570701095922782
516,0.0516,1,75,1,27822,577788,279,107677,5.352069361591759,0.15708606566345473
517,0.0517,0,93,0,27915,577695,279,107677,5.351207899514617,0.15710738110106628
518,0.0518,1,86,1,28001,577609,280,107676,5.350411278669087,0.1571258673398659
519,0.0519,1,89,1,28090,577520,281,107675,5.349586868724295,0.15714504630068812
520,0.052,0,80,0,28170,577440,281,107675,5.348845826077291,0.15716339592623135
521,0.0521,3,71,3,28241,577369,284,107672,5.348188150728074,0.15717599384562383
522,0.0522,0,78,0,28319,577291,284,107672,5.3474656341472455,0.1571938922248355
523,0.0523,0,77,0,28396,577214,284,107672,5.346752380599503,0.15721156513638765
524,0.0524,2,85,2,28481,577129,286,107670,5.345965022787062,0.15722861744833155
525,0.0525,0,87,0,28568,577042,286,107670,5.3451591389084445,0.15724859502973512
526,0.0526,2,89,2,28657,576953,288,107668,5.344334728963652,0.15726657522921442
527,0.0527,1,70,1,28727,576883,289,107667,5.343686316647523,0.15728142575414505
528,0.0528,1,70,1,28797,576813,290,107666,5.3430379043313945,0.15729627935992194
529,0.0529,0,95,0,28892,576718,290,107666,5.342157916188077,0.1573181138074531
530,0.053,3,80,3,28972,576638,293,107663,5.341416873541072,0.1573328111459723
531,0.0531,1,70,1,29042,576568,294,107662,5.340768461224943,0.1573476754892361
532,0.0532,2,83,2,29125,576485,296,107660,5.339999629478677,0.157364301427329
533,0.0533,0,104,0,29229,576381,296,107660,5.3390362740375705,0.15738822672909958
534,0.0534,0,84,0,29313,576297,296,107660,5.338258179258216,0.15740755632298523
535,0.0535,2,70,2,29383,576227,298,107658,5.337609766942087,0.15742120385737368
536,0.0536,0,84,0,29467,576143,298,107658,5.336831672162733,0.1574405419120475
537,0.0537,4,65,4,29532,576078,302,107654,5.336229575012042,0.15745058005183318
538,0.0538,2,57,2,29589,576021,304,107652,5.335701582126052,0.1574612424360769
539,0.0539,1,76,1,29665,575945,305,107651,5.334997591611398,0.1574775159597189
540,0.054,0,90,0,29755,575855,305,107651,5.334163918633517,0.15749825166128753
541,0.0541,1,91,1,29846,575764,306,107650,5.33332098262255,0.15751799055916327
542,0.0542,0,72,0,29918,575692,306,107650,5.332654044240246,0.157534587366209
543,0.0543,2,98,2,30016,575594,308,107648,5.331746266997666,0.157554717069501
544,0.0544,1,84,1,30100,575510,309,107647,5.330968172218311,0.15757285660543624
545,0.0545,1,89,1,30189,575421,310,107646,5.330143762273519,0.15759215421034833
546,0.0546,1,82,1,30271,575339,311,107645,5.329384193560339,0.15760984151898141
547,0.0547,2,78,2,30349,575261,313,107643,5.32866167697951,0.1576253763340089
548,0.0548,3,76,3,30425,575185,316,107640,5.327957686464856,0.15763921941932413
549,0.0549,0,95,0,30520,575090,316,107640,5.327077698321538,0.15766115448273843
550,0.055,2,74,2,30594,575016,318,107638,5.32639223387306,0.15767577718727202
551,0.0551,0,83,0,30677,574933,318,107638,5.3256234021267925,0.15769495041541465
552,0.0552,1,87,1,30764,574846,319,107637,5.324817518248175,0.15771381851269556
553,0.0553,0,81,0,30845,574765,319,107637,5.3240672125680835,0.15773253888470432
554,0.0554,1,78,1,30923,574687,320,107636,5.323344695987254,0.15774933572516242
555,0.0555,0,88,0,31011,574599,320,107636,5.322529549075549,0.15776968346684062
556,0.0556,1,78,1,31089,574521,321,107635,5.32180703249472,0.157786488721055
557,0.0557,0,70,0,31159,574451,321,107635,5.321158620178592,0.15780268177326612
558,0.0558,2,90,2,31249,574361,323,107633,5.320324947200711,0.15782103654870863
559,0.0559,1,80,1,31329,574281,324,107632,5.319583904553707,0.1578383166181023
560,0.056,0,74,0,31403,574207,324,107632,5.318898440105228,0.15785544681369063
561,0.0561,2,86,2,31489,574121,326,107630,5.318101819259699,0.1578728890753369
562,0.0562,1,99,1,31588,574022,327,107629,5.31718477898403,0.15789458241827561
563,0.0563,2,84,2,31672,573938,329,107627,5.316406684204676,0.15791157116342536
564,0.0564,2,75,2,31747,573863,331,107625,5.315711956723109,0.1579264785293358
565,0.0565,2,81,2,31828,573782,333,107623,5.314961651043017,0.15794277999134143
566,0.0566,1,91,1,31919,573691,334,107622,5.31411871503205,0.1579626397852382
567,0.0567,1,88,1,32007,573603,335,107621,5.313303568120346,0.15798180921400304
568,0.0568,1,84,1,32091,573519,336,107620,5.31252547334099,0.15800005578890652
569,0.0569,2,104,2,32195,573415,338,107618,5.311562117899885,0.1580217111358774
570,0.057,1,95,1,32290,573320,339,107617,5.310682129756567,0.15804252082057518
571,0.0571,0,70,0,32360,573250,339,107617,5.310033717440438,0.1580587691869337
572,0.0572,1,71,1,32431,573179,340,107616,5.309376042091222,0.15807401640728855
573,0.0573,2,85,2,32516,573094,342,107614,5.308588684278781,0.1580912814305106
574,0.0574,0,79,0,32595,573015,342,107614,5.307856904664863,0.15810963094431768
575,0.0575,2,94,2,32689,572921,344,107612,5.306986179554634,0.1581289959487637
576,0.0576,1,85,1,32774,572836,345,107611,5.306198821742191,0.1581475118561769
577,0.0577,5,73,5,32847,572763,350,107606,5.3055226203267996,0.15815829351425476
578,0.0578,1,82,1,32929,572681,351,107605,5.30476305161362,0.15817612004362872
579,0.0579,1,81,1,33010,572600,352,107604,5.3040127459335284,0.1581937183550817
580,0.058,1,87,1,33097,572513,353,107603,5.303206862054911,0.15821271665421782
581,0.0581,1,90,1,33187,572423,354,107602,5.302373189077032,0.15823241792581155
582,0.0582,1,79,1,33266,572344,355,107601,5.301641409463115,0.15824956430299508
583,0.0583,1,90,1,33356,572254,356,107600,5.300807736485234,0.1582692754620845
584,0.0584,2,63,2,33419,572191,358,107598,5.300224165400719,0.15828146674924132
585,0.0585,3,61,3,33480,572130,361,107595,5.299659120382378,0.158291956305859
586,0.0586,2,86,2,33566,572044,363,107593,5.298862499536848,0.15830950934101587
587,0.0587,2,82,2,33648,571962,365,107591,5.298102930823669,0.15832613497401968
588,0.0588,0,65,0,33713,571897,365,107591,5.297500833672978,0.1583412804935481
589,0.0589,1,84,1,33797,571813,366,107590,5.2967227388936235,0.15835961866521048
590,0.059,0,92,0,33889,571721,366,107590,5.2958705398495685,0.15838106552079975
591,0.0591,3,73,3,33962,571648,369,107587,5.295194338434177,0.15839437013699234
592,0.0592,1,75,1,34037,571573,370,107586,5.29449961095261,0.15841062254935884
593,0.0593,0,81,0,34118,571492,370,107586,5.293749305272518,0.15842951766954605
594,0.0594,3,89,3,34207,571403,373,107583,5.292924895327726,0.15844656590857542
595,0.0595,3,79,3,34286,571324,376,107580,5.292193115713809,0.15846128465880302
596,0.0596,0,86,0,34372,571238,376,107580,5.2913964948682795,0.15848136024678192
597,0.0597,4,75,4,34447,571163,380,107576,5.290701767386713,0.15849391297685855
598,0.0598,0,87,0,34534,571076,380,107576,5.289895883508096,0.15851423115234317
599,0.0599,2,76,2,34610,571000,382,107574,5.289191892993442,0.15852950451977235
600,0.06,1,98,1,34708,570902,383,107573,5.288284115750861,0.1585511625336232
601,0.0601,0,84,0,34792,570818,383,107573,5.287506020971507,0.15857079471867994
602,0.0602,0,71,0,34863,570747,383,107573,5.286848345622291,0.15858739238117703
603,0.0603,2,87,2,34950,570660,385,107571,5.286042461743674,0.15860525396214564
604,0.0604,1,90,1,35040,570570,386,107570,5.285208788765793,0.1586250626714248
605,0.0605,2,88,2,35128,570482,388,107568,5.284393641854089,0.1586431679079714
606,0.0606,0,83,0,35211,570399,388,107568,5.283624810107821,0.15866258977206854
607,0.0607,3,78,3,35289,570321,391,107565,5.282902293526993,0.15867712270204726
608,0.0608,2,77,2,35366,570244,393,107563,5.282189039979251,0.15869266620144082
609,0.0609,1,83,1,35449,570161,394,107562,5.2814202082329835,0.15871085974653362
610,0.061,2,80,2,35529,570081,396,107560,5.28067916558598,0.15872711361915823
611,0.0611,1,105,1,35634,569976,397,107559,5.279706547111786,0.15875047045540083
612,0.0612,2,91,2,35725,569885,399,107557,5.278863611100819,0.15876931161634503
613,0.0613,0,91,0,35816,569794,399,107557,5.278020675089851,0.1587906417795205
614,0.0614,0,91,0,35907,569703,399,107557,5.277177739078884,0.15881197767474825
615,0.0615,4,93,4,36000,569610,403,107553,5.276316277001741,0.15882881964903575
616,0.0616,4,83,4,36083,569527,407,107549,5.275547445255475,0.15884332039534704
617,0.0617,2,86,2,36169,569441,409,107547,5.274750824409945,0.15886101378458703
618,0.0618,0,85,0,36254,569356,409,107547,5.273963466597503,0.15888096226490353
619,0.0619,1,95,1,36349,569261,410,107546,5.273083478454185,0.1589020208124325
620,0.062,1,91,1,36440,569170,411,107545,5.2722405424432175,0.15892214595509188
621,0.0621,1,81,1,36521,569089,412,107544,5.271490236763126,0.15893992755304573
622,0.0622,1,85,1,36606,569004,413,107543,5.270702878950684,0.15895865327907743
623,0.0623,1,88,1,36694,568916,414,107542,5.2698877320389785,0.15897808880965264
624,0.0624,3,69,3,36763,568847,417,107539,5.269248582755938,0.15899057638685601
625,0.0625,1,102,1,36865,568745,418,107538,5.268303753381007,0.15901331247421568
626,0.0626,2,82,2,36947,568663,420,107536,5.267544184667828,0.15903010800075126
627,0.0627,2,92,2,37039,568571,422,107534,5.266691985623773,0.15904926010013237
628,0.0628,3,93,3,37132,568478,425,107531,5.26583052354663,0.1590674088658583
629,0.0629,2,80,2,37212,568398,427,107529,5.265089480899626,0.159083747209388
630,0.063,2,92,2,37304,568306,429,107527,5.2642372818555705,0.15910291447739308
631,0.0631,1,61,1,37365,568245,430,107526,5.26367223683723,0.15911603191021811
632,0.0632,1,97,1,37462,568148,431,107525,5.262773722627737,0.15913763018501553
633,0.0633,2,72,2,37534,568076,433,107523,5.262106784245433,0.15915210058037385
634,0.0634,1,84,1,37618,567992,434,107522,5.261328689466079,0.15917064635225917
635,0.0635,1,86,1,37704,567906,435,107521,5.260532068620549,0.15918966816547162
636,0.0636,1,78,1,37782,567828,436,107520,5.2598095520397194,0.15920680893406067
637,0.0637,0,81,0,37863,567747,436,107520,5.259059246359628,0.15922590619710425
638,0.0638,2,87,2,37950,567660,438,107518,5.25825336248101,0.15924393271107767
639,0.0639,2,85,2,38035,567575,440,107516,5.257466004668569,0.15926149215439103
640,0.064,5,86,5,38121,567489,445,107511,5.256669383823039,0.15927555555555556
641,0.0641,1,90,1,38211,567399,446,107510,5.255835710845159,0.15929554947407726
642,0.0642,2,97,2,38308,567302,448,107508,5.254937196635666,0.15931595560231768
643,0.0643,1,90,1,38398,567212,449,107507,5.254103523657786,0.1593359605998942
644,0.0644,0,72,0,38470,567140,449,107507,5.253436585275483,0.15935296532853477
645,0.0645,1,82,1,38552,567058,450,107506,5.252677016562303,0.15937109006706554
646,0.0646,0,100,0,38652,566958,450,107506,5.251750713253548,0.1593947193623381
647,0.0647,2,96,2,38748,566862,452,107504,5.250861462077142,0.15941491712215622
648,0.0648,1,99,1,38847,566763,453,107503,5.249944421801475,0.15943707676199007
649,0.0649,2,99,2,38946,566664,455,107501,5.249027381525806,0.15945799618787684
650,0.065,2,96,2,39042,566568,457,107499,5.2481381303494015,0.15947821210651167
651,0.0651,1,73,1,39115,566495,458,107498,5.24746192893401,0.1594942380707218
652,0.0652,0,92,0,39207,566403,458,107498,5.246609729889955,0.15951601199582727
653,0.0653,3,68,3,39275,566335,461,107495,5.245979843640002,0.15952836768917977
654,0.0654,0,95,0,39370,566240,461,107495,5.245099855496684,0.1595508619857956
655,0.0655,1,80,1,39450,566160,462,107494,5.244358812849679,0.15956856190269783
656,0.0656,2,88,2,39538,566072,464,107492,5.243543665937975,0.1595869137899294
657,0.0657,0,99,0,39637,565973,464,107492,5.242626625662307,0.15961037321909824
658,0.0658,3,92,3,39729,565881,467,107489,5.241774426618252,0.15962843607526322
659,0.0659,2,87,2,39816,565794,469,107487,5.240968542739635,0.15964656658958146
660,0.066,1,74,1,39890,565720,470,107486,5.240283078291156,0.15966286693820317
661,0.0661,0,90,0,39980,565630,470,107486,5.239449405313276,0.15968421490500895
662,0.0662,1,91,1,40071,565539,471,107485,5.238606469302308,0.15970455734119438
663,0.0663,2,83,2,40154,565456,473,107483,5.237837637556042,0.15972175784134965
664,0.0664,1,96,1,40250,565360,474,107482,5.236948386379636,0.15974329783218053
665,0.0665,2,96,2,40346,565264,476,107480,5.236059135203231,0.1597635950673659
666,0.0666,5,87,5,40433,565177,481,107475,5.235253251324614,0.15977801299929234
667,0.0667,0,84,0,40517,565093,481,107475,5.234475156545259,0.159797968383866
668,0.0668,2,66,2,40583,565027,483,107473,5.23386379636148,0.15981115241635688
669,0.0669,3,72,3,40655,564955,486,107470,5.233196857979177,0.1598245157452504
670,0.067,2,94,2,40749,564861,488,107468,5.2323261328689465,0.15984436191209958
671,0.0671,0,89,0,40838,564772,488,107468,5.231501722924154,0.15986552421754135
672,0.0672,4,86,4,40924,564686,492,107464,5.230705102078625,0.15988097894815145
673,0.0673,2,92,2,41016,564594,494,107462,5.22985290303457,0.15990036544573666
674,0.0674,1,87,1,41103,564507,495,107461,5.229047019155953,0.1599198176103624
675,0.0675,1,90,1,41193,564417,496,107460,5.228213346178072,0.15993998901584666
676,0.0676,1,72,1,41265,564345,497,107459,5.227546407795769,0.15995587998880625
677,0.0677,1,76,1,41341,564269,498,107458,5.226842417281114,0.15997272701558818
678,0.0678,2,80,2,41421,564189,500,107456,5.22610137463411,0.15998928005121754
679,0.0679,1,79,1,41500,564110,501,107455,5.225369595020194,0.1600068496720347
680,0.068,4,80,4,41580,564030,505,107451,5.224628552373189,0.16002090900561594
681,0.0681,1,84,1,41664,563946,506,107450,5.2238504575938345,0.16003967852057505
682,0.0682,1,74,1,41738,563872,507,107449,5.223164993145356,0.16005606855736673
683,0.0683,1,91,1,41829,563781,508,107448,5.222322057134388,0.16007651636028836
684,0.0684,2,75,2,41904,563706,510,107446,5.221627329652821,0.16009190168546023
685,0.0685,2,89,2,41993,563617,512,107444,5.220802919708029,0.16011063077723187
686,0.0686,0,74,0,42067,563543,512,107444,5.22011745525955,0.16012828862556205
687,0.0687,0,96,0,42163,563447,512,107444,5.219228204083145,0.16015120190910298
688,0.0688,0,86,0,42249,563361,512,107444,5.218431583237615,0.1601717339614344
689,0.0689,0,87,0,42336,563274,512,107444,5.217625699358998,0.16019251011602492
690,0.069,0,93,0,42429,563181,512,107444,5.216764237281856,0.16021472506989748
691,0.0691,1,79,1,42508,563102,513,107443,5.216032457667938,0.16023234831368513
692,0.0692,2,77,2,42585,563025,515,107441,5.215319204120197,0.16024824525031844
693,0.0693,0,83,0,42668,562942,515,107441,5.21455037237393,0.16026808555706215
694,0.0694,2,79,2,42747,562863,517,107439,5.213818592760013,0.16028446879167899
695,0.0695,2,92,2,42839,562771,519,107437,5.212966393715958,0.16030396533613445
696,0.0696,2,87,2,42926,562684,521,107435,5.212160509837341,0.1603222711190102
697,0.0697,1,86,1,43012,562598,522,107434,5.211363888991811,0.16034159562528358
698,0.0698,0,73,0,43085,562525,522,107434,5.21068768757642,0.16035906674886075
699,0.0699,0,89,0,43174,562436,522,107434,5.209863277631627,0.16038037231104543
700,0.07,5,74,5,43248,562362,527,107429,5.209177813183149,0.16039182371814492
701,0.0701,1,81,1,43329,562281,528,107428,5.208427507503057,0.16040996910598485
702,0.0702,0,77,0,43406,562204,528,107428,5.207714253955315,0.16042841441269234
703,0.0703,1,91,1,43497,562113,529,107427,5.206871317944348,0.16044896496101801
704,0.0704,1,102,1,43599,562011,530,107426,5.205926488569417,0.16047215794764855
705,0.0705,0,86,0,43685,561925,530,107426,5.205129867723888,0.16049277583808794
706,0.0706,2,90,2,43775,561835,532,107424,5.204296194746008,0.1605118496725483
707,0.0707,2,95,2,43870,561740,534,107422,5.20341620660269,0.16053212824398277
708,0.0708,1,93,1,43963,561647,535,107421,5.202554744525547,0.16055318741891705
709,0.0709,2,78,2,44041,561569,537,107419,5.201832227944718,0.16056939735839806
710,0.071,1,90,1,44131,561479,538,107418,5.200998554966838,0.1605897470014068
711,0.0711,2,90,2,44221,561389,540,107416,5.200164881988958,0.16060884712285345
712,0.0712,1,67,1,44288,561322,541,107415,5.199544258772092,0.16062368315197156
713,0.0713,2,85,2,44373,561237,543,107413,5.19875690095965,0.1606415912659837
714,0.0714,1,109,1,44482,561128,544,107412,5.197747230353107,0.1606665270589643
715,0.0715,1,91,1,44573,561037,545,107411,5.196904294342139,0.16068714395136197
716,0.0716,1,91,1,44664,560946,546,107410,5.196061358331172,0.16070776651963922
717,0.0717,0,107,0,44771,560839,546,107410,5.195070213790804,0.16073349904002848
718,0.0718,0,87,0,44858,560752,546,107410,5.194264329912186,0.16075442781840332
719,0.0719,1,85,1,44943,560667,547,107409,5.193476972099744,0.16077362455768504
720,0.072,2,88,2,45031,560579,549,107407,5.19266182518804,0.1607922920540251
721,0.0721,2,99,2,45130,560480,551,107405,5.1917447849123715,0.1608136131220195
722,0.0722,1,99,1,45229,560381,552,107404,5.190827744636704,0.16083619727906437
723,0.0723,1,88,1,45317,560293,553,107403,5.190012597724999,0.1608561381227385
724,0.0724,2,71,2,45388,560222,555,107401,5.189354922375783,0.16087073093647164
725,0.0725,2,99,2,45487,560123,557,107399,5.188437882100115,0.16089207546717563
726,0.0726,0,99,0,45586,560024,557,107399,5.187520841824447,0.16091594086508856
727,0.0727,1,95,1,45681,559929,558,107398,5.186640853681129,0.1609375913158017
728,0.0728,0,110,0,45791,559819,558,107398,5.185621920041498,0.16096412411554262
729,0.0729,0,83,0,45874,559736,558,107398,5.184853088295231,0.16098415011077236
730,0.073,1,70,1,45944,559666,559,107397,5.184204675979102,0.1609997856274445
731,0.0731,1,81,1,46025,559585,560,107396,5.18345437029901,0.16101807997529166
732,0.0732,1,77,1,46102,559508,561,107395,5.182741116751269,0.1610354129461106
733,0.0733,1,74,1,46176,559434,562,107394,5.18205565230279,0.1610520254098508
734,0.0734,0,83,0,46259,559351,562,107394,5.181286820556523,0.16107207403130133
735,0.0735,0,95,0,46354,559256,562,107394,5.1804068324132055,0.1610950273756844
736,0.0736,3,100,3,46454,559156,565,107391,5.17948052910445,0.16111542021792913
737,0.0737,0,83,0,46537,559073,565,107391,5.178711697358183,0.161135485187497
738,0.0738,4,95,4,46632,558978,569,107387,5.177831709214865,0.16115342192342036
739,0.0739,1,88,1,46720,558890,570,107386,5.1770165623031605,0.1611734476403172
740,0.074,4,96,4,46816,558794,574,107382,5.176127311126756,0.16119163704486503
741,0.0741,4,104,4,46920,558690,578,107378,5.17516395568565,0.16121176816781468
742,0.0742,5,101,5,47021,558589,583,107373,5.174228389343806,0.1612299200254669
743,0.0743,3,90,3,47111,558499,586,107370,5.173394716365927,0.16124793315201638
744,0.0744,1,96,1,47207,558403,587,107369,5.172505465189522,0.16126992423832784
745,0.0745,2,90,2,47297,558313,589,107367,5.171671792211642,0.16128920802788127
746,0.0746,3,82,3,47379,558231,592,107364,5.170912223498462,0.16130529826696413
747,0.0747,3,89,3,47468,558142,595,107361,5.17008781355367,0.1613230894526396
748,0.0748,1,92,1,47560,558050,596,107360,5.169235614509615,0.16134413369200945
749,0.0749,1,90,1,47650,557960,597,107359,5.1684019415317355,0.16136469873849987
750,0.075,1,84,1,47734,557876,598,107358,5.167623846752381,0.16138381381589034
751,0.0751,2,92,2,47826,557784,600,107356,5.166771647708326,0.16140361427669364
752,0.0752,2,88,2,47914,557696,602,107354,5.165956500796621,0.16142244943989173
753,0.0753,1,87,1,48001,557609,603,107353,5.1651506169180035,0.16144230798150871
754,0.0754,1,80,1,48081,557529,604,107352,5.164409574271,0.16146047187391427
755,0.0755,1,89,1,48170,557440,605,107351,5.163585164326207,0.1614808263048086
756,0.0756,1,89,1,48259,557351,606,107350,5.162760754381415,0.1615011862476512
757,0.0757,4,85,4,48344,557266,610,107346,5.161973396568973,0.1615167947614548
758,0.0758,2,98,2,48442,557168,612,107344,5.161065619326393,0.16153809111046905
759,0.0759,3,82,3,48524,557086,615,107341,5.160306050613213,0.1615542414742327
760,0.076,0,73,0,48597,557013,615,107341,5.159629849197821,0.1615719932445654
761,0.0761,2,84,2,48681,556929,617,107339,5.158851754418467,0.16158990046186178
762,0.0762,0,98,0,48779,556831,617,107339,5.157943977175886,0.1616137434692925
763,0.0763,1,93,1,48872,556738,618,107338,5.157082515098744,0.16163511405321077
764,0.0764,0,94,0,48966,556644,618,107338,5.156211789988514,0.16165799675292403
765,0.0765,0,85,0,49051,556559,618,107338,5.155424432176072,0.16167869413478295
766,0.0766,1,91,1,49142,556468,619,107337,5.154581496165104,0.16169959551374274
767,0.0767,2,98,2,49240,556370,621,107335,5.153673718922524,0.161720945299493
768,0.0768,3,98,3,49338,556272,624,107332,5.152765941679943,0.16174103833008843
769,0.0769,0,76,0,49414,556196,624,107332,5.152061951165289,0.16175956402744118
770,0.077,7,81,7,49495,556115,631,107325,5.1513116454851975,0.16177046907030027
771,0.0771,4,97,4,49592,556018,635,107321,5.150413131275705,0.1617890701436219
772,0.0772,0,87,0,49679,555931,635,107321,5.149607247397087,0.16181029231724894
773,0.0773,1,81,1,49760,555850,636,107320,5.148856941716995,0.16182879201411401
774,0.0774,1,97,1,49857,555753,637,107319,5.147958427507503,0.16185120167945563
775,0.0775,3,96,3,49953,555657,640,107316,5.147069176331098,0.1618708454190442
776,0.0776,1,110,1,50063,555547,641,107315,5.146050242691467,0.16189644300020214
777,0.0777,0,88,0,50151,555459,641,107315,5.145235095779762,0.16191793884491545
778,0.0778,0,81,0,50232,555378,641,107315,5.14448479009967,0.16193772983870358
779,0.0779,1,94,1,50326,555284,642,107314,5.14361406498944,0.1619594384528779
780,0.078,1,96,1,50422,555188,643,107313,5.142724813813035,0.16198164229186068
781,0.0781,3,91,3,50513,555097,646,107310,5.141881877802067,0.16200009963662823
782,0.0782,1,109,1,50622,554988,647,107309,5.140872207195524,0.16202549611428105
783,0.0783,3,76,3,50698,554912,650,107306,5.14016821668087,0.1620402948877862
784,0.0784,0,82,0,50780,554830,650,107306,5.139408647967691,0.1620603622216584
785,0.0785,0,93,0,50873,554737,650,107306,5.138547185890548,0.1620831275309912
786,0.0786,3,100,3,50973,554637,653,107303,5.137620882581793,0.16210381605583588
787,0.0787,1,85,1,51058,554552,654,107302,5.136833524769351,0.1621233685979083
788,0.0788,3,93,3,51151,554459,657,107299,5.135972062692208,0.1621423541536332
789,0.0789,1,89,1,51240,554370,658,107298,5.135147652747416,0.16216289740474074
790,0.079,2,95,2,51335,554275,660,107296,5.134267664604098,0.16218365073438828
791,0.0791,1,88,1,51423,554187,661,107295,5.133452517692393,0.16220396019846345
792,0.0792,2,73,2,51496,554114,663,107293,5.132776316277002,0.16221932939929573
793,0.0793,1,89,1,51585,554025,664,107292,5.131951906332209,0.16223989402964084
794,0.0794,1,91,1,51676,553934,665,107291,5.131108970321242,0.16226095504555937
795,0.0795,4,95,4,51771,553839,669,107287,5.130228982177925,0.16227920245157504
796,0.0796,1,83,1,51854,553756,670,107286,5.129460150431657,0.1622983108486299
797,0.0797,4,92,4,51946,553664,674,107282,5.128607951387602,0.1623158321557283
798,0.0798,1,89,1,52035,553575,675,107281,5.12778354144281,0.16233642427397194
799,0.0799,1,94,1,52129,553481,676,107280,5.12691281633258,0.16235825056260886
800,0.08,0,78,0,52207,553403,676,107280,5.126190299751751,0.1623774185199256
801,0.0801,3,95,3,52302,553308,679,107277,5.125310311608433,0.16239696632530257
802,0.0802,3,85,3,52387,553223,682,107274,5.124522953795991,0.16241406092684751
803,0.0803,2,92,2,52479,553131,684,107272,5.123670754751936,0.1624341500568592
804,0.0804,2,108,2,52587,553023,686,107270,5.12267034717848,0.16245818144369242
805,0.0805,2,83,2,52670,552940,688,107268,5.121901515432213,0.16247606814821997
806,0.0806,1,92,1,52762,552848,689,107267,5.1210493163881585,0.16249744362724677
807,0.0807,5,81,5,52843,552767,694,107262,5.120299010708067,0.16251104118152385
808,0.0808,2,93,2,52936,552674,696,107260,5.119437548630923,0.16253140465561708
809,0.0809,1,94,1,53030,552580,697,107259,5.118566823520694,0.1625532895145634
810,0.081,2,110,2,53140,552470,699,107257,5.117547889881062,0.16257785417301399
811,0.0811,4,95,4,53235,552375,703,107253,5.116667901737745,0.16259619058014518
812,0.0812,3,107,3,53342,552268,706,107250,5.1156767571973765,0.1626187609739234
813,0.0813,3,91,3,53433,552177,709,107247,5.1148338211864095,0.1626373926335711
814,0.0814,1,100,1,53533,552077,710,107246,5.113907517877654,0.16266078993149033
815,0.0815,0,74,0,53607,552003,710,107246,5.113222053429175,0.1626790484323829
816,0.0816,0,87,0,53694,551916,710,107246,5.112416169550557,0.16270051975083516
817,0.0817,1,104,1,53798,551812,711,107245,5.111452814109452,0.16272492364089905
818,0.0818,1,79,1,53877,551733,712,107244,5.110721034495535,0.16274316099044428
819,0.0819,2,102,2,53979,551631,714,107242,5.109776205120605,0.16276581374559285
820,0.082,3,88,3,54067,551543,717,107239,5.1089610582089,0.1627837433323922
821,0.0821,3,96,3,54163,551447,720,107236,5.108071807032495,0.1628036551725185
822,0.0822,2,80,2,54243,551367,722,107234,5.10733076438549,0.16282088851975626
823,0.0823,2,90,2,54333,551277,724,107232,5.10649709140761,0.16284059898953546
824,0.0824,1,89,1,54422,551188,725,107231,5.105672681462818,0.16286133905613295
825,0.0825,1,95,1,54517,551093,726,107230,5.1047926933195,0.16288356931172085
826,0.0826,0,112,0,54629,550981,726,107230,5.103755233613694,0.16291128528693685
827,0.0827,2,90,2,54719,550891,728,107228,5.1029215606358145,0.16293102007387722
828,0.0828,1,95,1,54814,550796,729,107227,5.102041572492497,0.16295327063035792
829,0.0829,1,74,1,54888,550722,730,107226,5.101356108044018,0.1629703259224133
830,0.083,2,83,2,54971,550639,732,107224,5.100587276297751,0.162988342557645
831,0.0831,2,89,2,55060,550550,734,107222,5.099762866352958,0.16300785074463492
832,0.0832,1,88,1,55148,550462,735,107221,5.098947719441254,0.16302838905673403
833,0.0833,0,95,0,55243,550367,735,107221,5.098067731297936,0.16305194133712902
834,0.0834,2,83,2,55326,550284,737,107219,5.097298899551669,0.1630699783879313
835,0.0835,1,91,1,55417,550193,738,107218,5.096455963540702,0.16309127775470747
836,0.0836,2,77,2,55494,550116,740,107216,5.09574270999296,0.16310783591853129
837,0.0837,2,102,2,55596,550014,742,107214,5.09479788061803,0.16313060307838376
838,0.0838,1,98,1,55694,549916,743,107213,5.09389010337545,0.16315365780539284
839,0.0839,1,74,1,55768,549842,744,107212,5.09320463892697,0.16317075917656693
840,0.084,4,89,4,55857,549753,748,107208,5.092380228982178,0.16318776913698074
841,0.0841,0,89,0,55946,549664,748,107208,5.091555819037386,0.1632098795503538
842,0.0842,2,78,2,56024,549586,750,107206,5.090833302456557,0.16322671408908757
843,0.0843,2,111,2,56135,549475,752,107204,5.089805105783838,0.16325175618528992
844,0.0844,0,74,0,56209,549401,752,107204,5.089119641335359,0.16327015481149246
845,0.0845,1,84,1,56293,549317,753,107203,5.088341546556005,0.1632897703040273
846,0.0846,2,99,2,56392,549218,755,107201,5.087424506280336,0.16331184807264873
847,0.0847,1,84,1,56476,549134,756,107200,5.086646411500982,0.16333147452364194
848,0.0848,2,92,2,56568,549042,758,107198,5.085794212456927,0.16335182250396196
849,0.0849,1,91,1,56659,548951,759,107197,5.08495127644596,0.1633732023872663
850,0.085,2,92,2,56751,548859,761,107195,5.084099077401905,0.16339356211531367
851,0.0851,1,99,1,56850,548760,762,107194,5.083182037126236,0.16341694692005843
852,0.0852,1,88,1,56938,548672,763,107193,5.082366890214532,0.16343759767635108
853,0.0853,1,88,1,57026,548584,764,107192,5.081551743302827,0.16345825403796418
854,0.0854,1,88,1,57114,548496,765,107191,5.080736596391122,0.16347891600718026
855,0.0855,1,87,1,57201,548409,766,107190,5.079930712512505,0.16349933419666596
856,0.0856,0,78,0,57279,548331,766,107190,5.079208195931676,0.1635187888717524
857,0.0857,0,76,0,57355,548255,766,107190,5.078504205417022,0.16353774916278255
858,0.0858,0,82,0,57437,548173,766,107190,5.077744636703843,0.16355821125086403
859,0.0859,0,82,0,57519,548091,766,107190,5.0769850679906625,0.16357867846008048
860,0.086,3,83,3,57602,548008,769,107187,5.076216236244396,0.16359557078427034
861,0.0861,0,109,0,57711,547899,769,107187,5.075206565637853,0.16362279151134354
862,0.0862,0,104,0,57815,547795,769,107187,5.074243210196747,0.1636487720273229
863,0.0863,1,98,1,57913,547697,770,107186,5.073335432954167,0.16367198415594847
864,0.0864,2,96,2,58009,547601,772,107184,5.072446181777761,0.16369342608642531
865,0.0865,1,92,1,58101,547509,773,107183,5.071593982733706,0.16371515155218025
866,0.0866,1,92,1,58193,547417,774,107182,5.070741783689652,0.1637368831910834
867,0.0867,0,100,0,58293,547317,774,107182,5.069815480380896,0.1637619003237591
868,0.0868,3,89,3,58382,547228,777,107179,5.068991070436104,0.16378033853549856
869,0.0869,3,76,3,58458,547152,780,107176,5.06828707992145,0.16379552762528884
870,0.087,3,89,3,58547,547063,783,107173,5.067462669976657,0.16381397538502926
871,0.0871,2,81,2,58628,546982,785,107171,5.066712364296565,0.16383170298080113
872,0.0872,4,86,4,58714,546896,789,107167,5.065915743451035,0.1638481308375493
873,0.0873,0,100,0,58814,546796,789,107167,5.064989440142281,0.16387318548602903
874,0.0874,4,96,4,58910,546700,793,107163,5.064100188965875,0.16389213030864264
875,0.0875,6,82,6,58992,546618,799,107157,5.063340620252696,0.16390501319261214
876,0.0876,0,97,0,59089,546521,799,107157,5.0624421060432025,0.16392933523845074
877,0.0877,3,74,3,59163,546447,802,107154,5.061756641594724,0.16394405761313094
878,0.0878,2,106,2,59269,546341,804,107152,5.060774760087443,0.16396809147152303
879,0.0879,3,90,3,59359,546251,807,107149,5.059941087109563,0.16398683807774717
880,0.088,1,89,1,59448,546162,808,107148,5.059116677164771,0.16400789824126372
881,0.0881,0,74,0,59522,546088,808,107148,5.058431212716292,0.16402647741398207
882,0.0882,0,88,0,59610,546000,808,107148,5.057616065804587,0.1640485770453251
883,0.0883,2,81,2,59691,545919,810,107146,5.056865760124495,0.16406636399133318
884,0.0884,1,84,1,59775,545835,811,107145,5.0560876653451405,0.16408618946981532
885,0.0885,5,88,5,59863,545747,816,107140,5.055272518433436,0.1641019043111595
886,0.0886,0,89,0,59952,545658,816,107140,5.054448108488644,0.16412427734153598
887,0.0887,4,78,4,60030,545580,820,107136,5.053725591907814,0.16413876785615797
888,0.0888,2,91,2,60121,545489,822,107134,5.0528826558968465,0.16415909338163073
889,0.0889,0,90,0,60211,545399,822,107134,5.052048982918967,0.16418173487011384
890,0.089,0,93,0,60304,545306,822,107134,5.051187520841824,0.16420513763717737
891,0.0891,6,99,6,60403,545207,828,107128,5.050270480566157,0.1642223704078426
892,0.0892,2,87,2,60490,545120,830,107126,5.04946459668754,0.16424171248271358
893,0.0893,2,89,2,60579,545031,832,107124,5.048640186742747,0.16426156358534397
894,0.0894,1,104,1,60683,544927,833,107123,5.047676831301642,0.1642864810980753
895,0.0895,4,109,4,60792,544818,837,107119,5.046667160695098,0.16430882125113316
896,0.0896,0,79,0,60871,544739,837,107119,5.045935381081181,0.16432873417216634
897,0.0897,1,87,1,60958,544652,838,107118,5.045129497202564,0.16434938705371527
898,0.0898,2,116,2,61074,544536,840,107116,5.044054985364408,0.16437607802937765
899,0.0899,3,84,3,61158,544452,843,107113,5.043276890585053,0.1643934219916662
900,0.09,2,116,2,61274,544336,845,107111,5.042202378746897,0.16442012934283218
901,0.0901,1,100,1,61374,544236,846,107110,5.041276075438142,0.1644440896236409
902,0.0902,3,94,3,61468,544142,849,107107,5.040405350327911,0.1644639761443012
903,0.0903,1,97,1,61565,544045,850,107106,5.039506836118418,0.1644871926788103
904,0.0904,4,87,4,61652,543958,854,107102,5.038700952239801,0.16450403956624582
905,0.0905,2,108,2,61760,543850,856,107100,5.037700544666346,0.16452876565020355
906,0.0906,2,85,2,61845,543765,858,107098,5.036913186853903,0.16454768515033116
907,0.0907,2,89,2,61934,543676,860,107096,5.036088776909111,0.16456762122525248
908,0.0908,3,97,3,62031,543579,863,107093,5.035190262699619,0.1645883025548971
909,0.0909,0,110,0,62141,543469,863,107093,5.034171329059987,0.16461613189826643
910,0.091,1,93,1,62234,543376,864,107092,5.033309866982845,0.16463838344084566
911,0.0911,1,105,1,62339,543271,865,107091,5.032337248508652,0.16466367961227746
912,0.0912,3,99,3,62438,543172,868,107088,5.0314202082329835,0.16468489527266017
913,0.0913,1,117,1,62555,543055,869,107087,5.03033643336174,0.1647132472598294
914,0.0914,3,104,3,62659,542951,872,107084,5.029373077920634,0.16473574499834626
915,0.0915,3,100,3,62759,542851,875,107081,5.028446774611879,0.16475723614162713
916,0.0916,3,117,3,62876,542734,878,107078,5.027362999740635,0.16478304494222945
917,0.0917,4,90,4,62966,542644,882,107074,5.0265293267627555,0.1648007289316288
918,0.0918,1,103,1,63069,542541,883,107073,5.025575234354737,0.16482557334047604
919,0.0919,4,94,4,63163,542447,887,107069,5.024704509244507,0.1648442840515091
920,0.092,2,77,2,63240,542370,889,107067,5.023991255696766,0.16486125675007737
921,0.0921,4,99,4,63339,542271,893,107063,5.023074215421097,0.16488124755518732
922,0.0922,1,92,1,63431,542179,894,107062,5.022222016377042,0.16490332557555668
923,0.0923,3,92,3,63523,542087,897,107059,5.021369817332988,0.16492283708133457
924,0.0924,5,112,5,63635,541975,902,107054,5.020332357627182,0.16494486378882917
925,0.0925,2,91,2,63726,541884,904,107052,5.019489421616214,0.16496542031879877
926,0.0926,1,99,1,63825,541785,905,107051,5.0185723813405465,0.164989303922717
927,0.0927,1,97,1,63922,541688,906,107050,5.0176738671310535,0.16501268616914685
928,0.0928,1,94,1,64016,541594,907,107049,5.016803142020823,0.16503531218251025
929,0.0929,2,101,2,64117,541493,909,107047,5.01586757567898,0.16505843895519165
930,0.093,2,95,2,64212,541398,911,107045,5.014987587535662,0.16508004558611936
931,0.0931,6,102,6,64314,541296,917,107039,5.014042758160732,0.16509829023575776
932,0.0932,2,91,2,64405,541205,919,107037,5.0131998221497645,0.1651188907846144
933,0.0933,1,96,1,64501,541109,920,107036,5.0123105709733595,0.1651420592614307
934,0.0934,3,93,3,64594,541016,923,107033,5.011449108896217,0.16516189362224154
935,0.0935,2,89,2,64683,540927,925,107031,5.010624698951425,0.16518200253720147
936,0.0936,3,92,3,64775,540835,928,107028,5.00977249990737,0.16520159354678382
937,0.0937,3,81,3,64856,540754,931,107025,5.009022194227278,0.16521838466514044
938,0.0938,3,81,3,64937,540673,934,107022,5.008271888547186,0.1652351801387999
939,0.0939,3,103,3,65040,540570,937,107019,5.0073177961391675,0.16525759393689515
940,0.094,3,90,3,65130,540480,940,107016,5.006484123161288,0.16527669669001815
941,0.0941,4,104,4,65234,540376,944,107012,5.005520767720182,0.1652980901715818
942,0.0942,3,92,3,65326,540284,947,107009,5.004668568676127,0.1653177154704284
943,0.0943,2,101,2,65427,540183,949,107007,5.003733002334284,0.16534093542854494
944,0.0944,0,92,0,65519,540091,949,107007,5.002880803290229,0.16536444248011892
945,0.0945,3,90,3,65609,540001,952,107004,5.0020471303123495,0.16538357508829143
946,0.0946,4,97,4,65706,539904,956,107000,5.001148616102856,0.1654032128414726
947,0.0947,2,87,2,65793,539817,958,106998,5.000342732224239,0.16542287980334408
948,0.0948,2,91,2,65884,539726,960,106996,4.999499796213272,0.16544357544663704
949,0.0949,2,94,2,65978,539632,962,106994,4.998629071103042,0.16546504470899717
950,0.095,2,78,2,66056,539554,964,106992,4.9979065545222126,0.16548242507106997
951,0.0951,1,101,1,66157,539453,965,106991,4.99697098818037,0.16550698900446134
952,0.0952,5,86,5,66243,539367,970,106986,4.99617436733484,0.16552255501250865
953,0.0953,3,92,3,66335,539275,973,106983,4.995322168290786,0.16554224473816959
954,0.0954,3,96,3,66431,539179,976,106980,4.99443291711438,0.16556296515253985
955,0.0955,3,94,3,66525,539085,979,106977,4.99356219200415,0.16558317932334668
956,0.0956,0,91,0,66616,538994,979,106977,4.992719255993182,0.16560650555520295
957,0.0957,3,100,3,66716,538894,982,106974,4.991792952684427,0.16562827079217426
958,0.0958,2,88,2,66804,538806,984,106972,4.990977805772722,0.16564825683129497
959,0.0959,2,100,2,66904,538706,986,106970,4.990051502463967,0.16567132741498833
960,0.096,1,88,1,66992,538618,987,106969,4.989236355552262,0.16569261772619337
961,0.0961,2,82,2,67074,538536,989,106967,4.988476786839082,0.16571108112588168
962,0.0962,3,76,3,67150,538460,992,106964,4.987772796324428,0.16572671608121173
963,0.0963,2,93,2,67243,538367,994,106962,4.986911334247286,0.1657480138038117
964,0.0964,3,103,3,67346,538264,997,106959,4.985957241839268,0.16577059404267983
965,0.0965,0,91,0,67437,538173,997,106959,4.985114305828301,0.1657939770465579
966,0.0966,1,83,1,67520,538090,998,106958,4.984345474082033,0.1658140169413749
967,0.0967,2,108,2,67628,537982,1000,106956,4.983345066508577,0.16583919694606303
968,0.0968,1,82,1,67710,537900,1001,106955,4.982585497795398,0.16585899155624131
969,0.0969,3,102,3,67812,537798,1004,106952,4.981640668420468,0.16588134936021715
970,0.097,1,87,1,67899,537711,1005,106951,4.980834784541851,0.16590244189978626
971,0.0971,2,96,2,67995,537615,1007,106949,4.979945533365445,0.16592456296038874
972,0.0972,0,95,0,68090,537520,1007,106949,4.979065545222127,0.16594902159762534
973,0.0973,3,87,3,68177,537433,1010,106946,4.97825966134351,0.165967543945411
974,0.0974,1,98,1,68275,537335,1011,106945,4.97735188410093,0.16599149438132488
975,0.0975,1,89,1,68364,537246,1012,106944,4.976527474156137,0.16601313277138732
976,0.0976,2,98,2,68462,537148,1014,106942,4.975619696913557,0.16603580244996818
977,0.0977,4,79,4,68541,537069,1018,106938,4.9748879172996405,0.16605099012898927
978,0.0978,1,94,1,68635,536975,1019,106937,4.97401719218941,0.16607393556883548
979,0.0979,2,100,2,68735,536875,1021,106935,4.973090888880655,0.16609714046069493
980,0.098,0,105,0,68840,536770,1021,106935,4.972118270406462,0.1661242339270318
981,0.0981,2,81,2,68921,536689,1023,106933,4.97136796472637,0.16614254950887322
982,0.0982,1,92,1,69013,536597,1024,106932,4.970515765682315,0.16616500577285562
983,0.0983,1,90,1,69103,536507,1025,106931,4.969682092704435,0.16618695196740013
984,0.0984,1,83,1,69186,536424,1026,106930,4.9689132609581685,0.1662070959378507
985,0.0985,3,80,3,69266,536344,1029,106927,4.968172218311164,0.16622387765032157
986,0.0986,1,96,1,69362,536248,1030,106926,4.967282967134759,0.1662473918410881
987,0.0987,2,94,2,69456,536154,1032,106924,4.9664122420245285,0.16626909954935482
988,0.0988,2,90,2,69546,536064,1034,106922,4.965578569046649,0.16628977924869282
989,0.0989,1,81,1,69627,535983,1035,106921,4.964828263366557,0.16630943344573995
990,0.099,1,106,1,69733,535877,1036,106920,4.963846381859276,0.16633556161587562
991,0.0991,4,93,4,69826,535784,1040,106916,4.962984919782134,0.16635444219698148
992,0.0992,2,83,2,69909,535701,1042,106914,4.962216088035866,0.16637333395579001
993,0.0993,0,95,0,70004,535606,1042,106914,4.961336099892549,0.16639793313826806
994,0.0994,3,112,3,70116,535494,1045,106911,4.960298640186743,0.16642305087911832
995,0.0995,1,108,1,70224,535386,1046,106910,4.959298232613287,0.16644973657005493
996,0.0996,3,89,3,70313,535297,1049,106907,4.958473822668495,0.16646891019053137
997,0.0997,3,89,3,70402,535208,1052,106904,4.957649412723702,0.16648808930529255
998,0.0998,3,86,3,70488,535122,1055,106901,4.956852791878172,0.1665064958732008
999,0.0999,3,87,3,70575,535035,1058,106898,4.956046907999555,0.16652516695667616
1000,0.1,2,110,2,70685,534925,1060,106896,4.955027974359925,0.16655111004470094
1001,0.1001,2,98,2,70783,534827,1062,106894,4.954120197117344,0.16657394724498653
1002,0.1002,0,96,0,70879,534731,1062,106894,4.9532309459409385,0.16659887005649718
1003,0.1003,3,85,3,70964,534646,1065,106891,4.952443588128497,0.16661704624986556
1004,0.1004,1,102,1,71066,534544,1066,106890,4.951498758753567,0.16664224222601234
1005,0.1005,1,87,1,71153,534457,1067,106889,4.9506928748749495,0.166663548225139
1006,0.1006,2,103,2,71256,534354,1069,106887,4.949738782466931,0.1666877195937253
1007,0.1007,3,83,3,71339,534271,1072,106884,4.948969950720664,0.16670539885051197
1008,0.1008,4,89,4,71428,534182,1076,106880,4.948145540775871,0.1667233434519594
1009,0.1009,2,86,2,71514,534096,1078,106878,4.947348919930342,0.16674311282516918
1010,0.101,5,107,5,71621,533989,1083,106873,4.9463577753899735,0.1667644516292119
1011,0.1011,2,96,2,71717,533893,1085,106871,4.9454685242135685,0.16678683571486538
1012,0.1012,5,97,5,71814,533796,1090,106866,4.9445700100040755,0.16680558547252686
1013,0.1013,5,85,5,71899,533711,1095,106861,4.943782652191634,0.16682121603816588
1014,0.1014,1,84,1,71983,533627,1096,106860,4.943004557412279,0.16684179382251318
1015,0.1015,2,93,2,72076,533534,1098,106858,4.942143095335137,0.16686342115454283
1016,0.1016,3,99,3,72175,533435,1101,106855,4.941226055059468,0.16688531759046682
1017,0.1017,3,86,3,72261,533349,1104,106852,4.940429434213939,0.16690383176533619
1018,0.1018,2,92,2,72353,533257,1106,106850,4.939577235169884,0.166925217190251
1019,0.1019,4,88,4,72441,533169,1110,106846,4.938762088258179,0.1669429622743217
1020,0.102,3,94,3,72535,533075,1113,106843,4.9378913631479495,0.16696357970865017
1021,0.1021,4,102,4,72637,532973,1117,106839,4.9369465337730185,0.1669849893406188
1022,0.1022,2,81,2,72718,532892,1119,106837,4.936196228092927,0.1670035280564114
1023,0.1023,5,97,5,72815,532795,1124,106832,4.935297713883434,0.16702234270911015
1024,0.1024,4,97,4,72912,532698,1128,106828,4.934399199673941,0.16704246582625257
1025,0.1025,0,87,0,72999,532611,1128,106828,4.933593315795324,0.16706519308331208
1026,0.1026,1,93,1,73092,532518,1129,106827,4.932731853718182,0.16708819182131712
1027,0.1027,3,78,3,73170,532440,1132,106824,4.932009337137353,0.16710467037092658
1028,0.1028,4,97,4,73267,532343,1136,106820,4.9311108229278595,0.16712481792594377
1029,0.1029,5,112,5,73379,532231,1141,106815,4.9300733632220535,0.16714759187914485
1030,0.103,2,85,2,73464,532146,1143,106813,4.929286005409612,0.1671672204319839
1031,0.1031,5,83,5,73547,532063,1148,106808,4.928517173663344,0.16718242023820146
1032,0.1032,1,104,1,73651,531959,1149,106807,4.927553818222239,0.16720833607299074
1033,0.1033,1,98,1,73749,531861,1150,106806,4.926646040979659,0.16723268933575713
1034,0.1034,2,73,2,73822,531788,1152,106804,4.925969839564267,0.16724919823611947
1035,0.1035,3,99,3,73921,531689,1155,106801,4.925052799288599,0.16727121803003964
1036,0.1036,1,99,1,74020,531590,1156,106800,4.924135759012931,0.16729585363179247
1037,0.1037,1,93,1,74113,531497,1157,106799,4.923274296935789,0.1673189241355108
1038,0.1038,3,111,3,74224,531386,1160,106796,4.92224610026307,0.1673441118677744
1039,0.1039,3,90,3,74314,531296,1163,106793,4.9214124272851905,0.1673638003476004
1040,0.104,3,94,3,74408,531202,1166,106790,4.92054170217496,0.1673845440068214
1041,0.1041,3,112,3,74520,531090,1169,106787,4.919504242469154,0.16741001791881507
1042,0.1042,4,85,4,74605,531005,1173,106783,4.918716884656712,0.16742710744008982
1043,0.1043,4,87,4,74692,530918,1177,106779,4.917911000778095,0.16744472688439807
1044,0.1044,2,97,2,74789,530821,1179,106777,4.917012486568602,0.16746758929607683
1045,0.1045,1,97,1,74886,530724,1180,106776,4.916113972359109,0.16749176470588234
1046,0.1046,6,87,6,74973,530637,1186,106770,4.915308088480492,0.16750678922572235
1047,0.1047,3,87,3,75060,530550,1189,106767,4.914502204601875,0.16752573679974017
1048,0.1048,3,92,3,75152,530458,1192,106764,4.91365000555782,0.16754600437524128
1049,0.1049,0,85,0,75237,530373,1192,106764,4.912862647745378,0.16756835657009403
1050,0.105,1,102,1,75339,530271,1193,106763,4.911917818370447,0.16759388038942977
1051,0.1051,4,86,4,75425,530185,1197,106759,4.911121197524918,0.16761128136853476
1052,0.1052,2,85,2,75510,530100,1199,106757,4.910333839712475,0.16763103805092824
1053,0.1053,0,78,0,75588,530022,1199,106757,4.909611323131646,0.1676515714243089
1054,0.1054,2,110,2,75698,529912,1201,106755,4.908592389492015,0.16767792268171589
1055,0.1055,1,89,1,75787,529823,1202,106754,4.907767979547223,0.1677000582804594
1056,0.1056,1,96,1,75883,529727,1203,106753,4.906878728370818,0.16772404474610356
1057,0.1057,2,71,2,75954,529656,1205,106751,4.906221053021602,0.16774014113609687
1058,0.1058,2,95,2,76049,529561,1207,106749,4.905341064878284,0.16776256855935
1059,0.1059,3,96,3,76145,529465,1210,106746,4.904451813701878,0.16778395846660935
1060,0.106,0,91,0,76236,529374,1210,106746,4.903608877690911,0.16780796076212035
1061,0.1061,6,99,6,76335,529275,1216,106740,4.902691837415243,0.1678262305134313
1062,0.1062,2,88,2,76423,529187,1218,106738,4.9018766905035385,0.16784683728427094
1063,0.1063,3,91,3,76514,529096,1221,106735,4.901033754492571,0.16786693319451237
1064,0.1064,6,89,6,76603,529007,1227,106729,4.900209344547779,0.16788258019051933
1065,0.1065,3,85,3,76688,528922,1230,106726,4.899421986735336,0.16790110249697945
1066,0.1066,1,112,1,76800,528810,1231,106725,4.89838452702953,0.16792938233142155
1067,0.1067,4,87,4,76887,528723,1235,106721,4.897578643150913,0.1679471361756504
1068,0.1068,2,85,2,76972,528638,1237,106719,4.896791285338471,0.16796698549004732
1069,0.1069,10,102,10,77074,528536,1247,106709,4.89584645596354,0.167980857779282
1070,0.107,3,83,3,77157,528453,1250,106706,4.895077624217274,0.1679988790208436
1071,0.1071,2,89,2,77246,528364,1252,106704,4.8942532142724815,0.16801980260381566
1072,0.1072,3,92,3,77338,528272,1255,106701,4.893401015228426,0.16804021588319504
1073,0.1073,3,111,3,77449,528161,1258,106698,4.892372818555708,0.1680656649744274
1074,0.1074,0,80,0,77529,528081,1258,106698,4.891631775908704,0.16808684597316548
1075,0.1075,1,89,1,77618,527992,1259,106697,4.890807365963911,0.16810910540437915
1076,0.1076,0,87,0,77705,527905,1259,106697,4.890001482085294,0.1681321521205417
1077,0.1077,4,95,4,77800,527810,1263,106693,4.8891214939419765,0.1681520812352345
1078,0.1078,5,99,5,77899,527711,1268,106688,4.888204453666308,0.1681717657184201
1079,0.1079,4,95,4,77994,527616,1272,106684,4.887324465522991,0.16819170739397762
1080,0.108,2,94,2,78088,527522,1274,106682,4.886453740412761,0.1682140131566499
1081,0.1081,4,90,4,78178,527432,1278,106678,4.885620067434881,0.16823264102442795
1082,0.1082,4,88,4,78266,527344,1282,106674,4.884804920523176,0.16825074366973808
1083,0.1083,1,75,1,78341,527269,1283,106673,4.88411019304161,0.16826933694249632
1084,0.1084,2,108,2,78449,527161,1285,106671,4.883109785468154,0.16829538426586224
1085,0.1085,5,101,5,78550,527060,1290,106666,4.882174219126311,0.16831564430053367
1086,0.1086,0,84,0,78634,526976,1290,106666,4.881396124346956,0.16833795739550092
1087,0.1087,1,75,1,78709,526901,1291,106665,4.88070139686539,0.16835657216454167
1088,0.1088,4,99,4,78808,526802,1295,106661,4.879784356589722,0.1683776321584686
1089,0.1089,2,93,2,78901,526709,1297,106659,4.878922894512579,0.16839972969900596
1090,0.109,3,77,3,78978,526632,1300,106656,4.878209640964838,0.1684162655853261
1091,0.1091,4,94,4,79072,526538,1304,106652,4.877338915854607,0.1684360144664319
1092,0.1092,1,79,1,79151,526459,1305,106651,4.876607136240691,0.16845571859550473
1093,0.1093,4,90,4,79241,526369,1309,106647,4.875773463262811,0.16847441454876338
1094,0.1094,4,83,4,79324,526286,1313,106643,4.875004631516544,0.1684912525733534
1095,0.1095,1,132,1,79456,526154,1314,106642,4.873781911148987,0.1685250854935872
1096,0.1096,0,106,0,79562,526048,1314,106642,4.872800029641706,0.16855331995131898
1097,0.1097,3,85,3,79647,525963,1317,106639,4.872012671829264,0.1685720247485781
1098,0.1098,2,91,2,79738,525872,1319,106637,4.871169735818296,0.16859364846982414
1099,0.1099,2,105,2,79843,525767,1321,106635,4.870197117344103,0.16861901132507487
1100,0.11,0,89,0,79932,525678,1321,106635,4.869372707399311,0.168642744969659
1101,0.1101,2,78,2,80010,525600,1323,106633,4.868650190818482,0.16866092089467016
1102,0.1102,2,96,2,80106,525504,1325,106631,4.867760939642077,0.16868390454570623
1103,0.1103,2,97,2,80203,525407,1327,106629,4.866862425432584,0.16870716225025156
1104,0.1104,6,106,6,80309,525301,1333,106623,4.865880543925303,0.1687275685050734
1105,0.1105,4,83,4,80392,525218,1337,106619,4.8651117121790355,0.16874447048843294
1106,0.1106,5,98,5,80490,525120,1342,106614,4.864203934936455,0.1687640684212026
1107,0.1107,0,98,0,80588,525022,1342,106614,4.863296157693875,0.16879025261384722
1108,0.1108,2,85,2,80673,524937,1344,106612,4.862508799881433,0.16881033775684864
1109,0.1109,4,116,4,80789,524821,1348,106608,4.861434288043277,0.16883608450039514
1110,0.111,0,93,0,80882,524728,1348,106608,4.860572825966134,0.16886095518075953
1111,0.1111,1,109,1,80991,524619,1349,106607,4.859563155359591,0.16888879735625592
1112,0.1112,4,105,4,81096,524514,1353,106603,4.858590536885398,0.16891162811332922
1113,0.1113,2,82,2,81178,524432,1355,106601,4.857830968172219,0.1689309433896484
1114,0.1114,1,86,1,81264,524346,1356,106600,4.857034347326689,0.16895265204946225
1115,0.1115,2,97,2,81361,524249,1358,106598,4.856135833117196,0.16897599576442465
1116,0.1116,4,85,4,81446,524164,1362,106594,4.855348475304754,0.16899349671347808
1117,0.1117,1,100,1,81546,524064,1363,106593,4.854422171995998,0.16901897544941227
1118,0.1118,3,107,3,81653,523957,1366,106590,4.85343102745563,0.16904370332425656
1119,0.1119,2,80,2,81733,523877,1368,106588,4.852689984808626,0.1690625173483064
1120,0.112,2,103,2,81836,523774,1370,106586,4.851735892400607,0.16908750555238278
1121,0.1121,3,103,3,81939,523671,1373,106583,4.85078179999259,0.1691111837449663
1122,0.1122,4,100,4,82039,523571,1377,106579,4.849855496683834,0.16913274617154644
1123,0.1123,5,104,5,82143,523467,1382,106574,4.848892141242729,0.16915407092554294
1124,0.1124,4,92,4,82235,523375,1386,106570,4.848039942198674,0.16917349927374611
1125,0.1125,3,107,3,82342,523268,1389,106567,4.847048797658306,0.16919828208975365
1126,0.1126,6,106,6,82448,523162,1395,106561,4.846066916151025,0.16921884701686296
1127,0.1127,3,99,3,82547,523063,1398,106558,4.845149875875356,0.16924149607462266
1128,0.1128,3,100,3,82647,522963,1401,106555,4.844223572566602,0.16926442135093833
1129,0.1129,0,90,0,82737,522873,1401,106555,4.843389899588721,0.16928862395698951
1130,0.113,4,89,4,82826,522784,1405,106551,4.842565489643929,0.16930728467350456
1131,0.1131,0,106,0,82932,522678,1405,106551,4.841583608136649,0.1693358062009221
1132,0.1132,2,87,2,83019,522591,1407,106549,4.840777724258031,0.16935658200082654
1133,0.1133,2,106,2,83125,522485,1409,106547,4.839795842750751,0.16938247974665835
1134,0.1134,2,104,2,83229,522381,1411,106545,4.838832487309645,0.1694078476641131
1135,0.1135,1,84,1,83313,522297,1412,106544,4.83805439253029,0.16942915617779375
1136,0.1136,4,92,4,83405,522205,1416,106540,4.8372021934862355,0.1694486636076629
1137,0.1137,6,103,6,83508,522102,1422,106534,4.836248101078217,0.16946850005408534
1138,0.1138,4,94,4,83602,522008,1426,106530,4.835377375967987,0.16948855916428282
1139,0.1139,4,94,4,83696,521914,1430,106526,4.834506650857757,0.16950862453058366
1140,0.114,5,92,5,83788,521822,1435,106521,4.833654451813702,0.1695268348656705
1141,0.1141,2,113,2,83901,521709,1437,106519,4.832607729074808,0.16955468396824083
1142,0.1142,3,122,3,84023,521587,1440,106516,4.831477639038127,0.16958365108907297
1143,0.1143,6,92,6,84115,521495,1446,106510,4.830625439994072,0.1696005605050915
1144,0.1144,2,79,2,84194,521416,1448,106508,4.829893660380155,0.16961925328542946
1145,0.1145,2,97,2,84291,521319,1450,106506,4.828995146170662,0.16964281447855692
1146,0.1146,7,84,7,84375,521235,1457,106499,4.828217051391308,0.1696562556751745
1147,0.1147,2,102,2,84477,521133,1459,106497,4.827272222016377,0.1696811815878782
1148,0.1148,1,90,1,84567,521043,1460,106496,4.826438549038497,0.16970419368357983
1149,0.1149,3,78,3,84645,520965,1463,106493,4.825716032457668,0.16972131999273257
1150,0.115,1,100,1,84745,520865,1464,106492,4.824789729148913,0.16974704992532164
1151,0.1151,4,98,4,84843,520767,1468,106488,4.8238819519063325,0.1697682760599756
1152,0.1152,3,104,3,84947,520663,1471,106485,4.822918596465226,0.16979245728281045
1153,0.1153,2,97,2,85044,520566,1473,106483,4.822020082255734,0.16981607497978626
1154,0.1154,4,94,4,85138,520472,1477,106479,4.8211493571455035,0.16983623919572663
1155,0.1155,4,96,4,85234,520376,1481,106475,4.820260105969099,0.16985695165198747
1156,0.1156,3,107,3,85341,520269,1484,106472,4.8192689614287305,0.16988197676552197
1157,0.1157,4,86,4,85427,520183,1488,106468,4.818472340583201,0.16989999218065557
1158,0.1158,2,84,2,85511,520099,1490,106466,4.817694245803846,0.16992012001947124
1159,0.1159,5,100,5,85611,519999,1495,106461,4.81676794249509,0.1699406187146825
1160,0.116,3,103,3,85714,519896,1498,106458,4.815813850087072,0.1699645887150078
1161,0.1161,4,100,4,85814,519796,1502,106454,4.814887546778317,0.16998642714570858
1162,0.1162,1,88,1,85902,519708,1503,106453,4.814072399866612,0.17000899129776528
1163,0.1163,6,77,6,85979,519631,1509,106447,4.813359146318871,0.17002194614728516
1164,0.1164,5,102,5,86081,519529,1514,106442,4.81241431694394,0.17004302116232223
1165,0.1165,3,121,3,86202,519408,1517,106439,4.811293489940346,0.170071918536
1166,0.1166,2,112,2,86314,519296,1519,106437,4.81025603023454,0.17009970706355587
1167,0.1167,5,102,5,86416,519194,1524,106432,4.809311200859609,0.17012080699970908
1168,0.1168,2,92,2,86508,519102,1526,106430,4.808459001815555,0.1701431741301804
1169,0.1169,2,101,2,86609,519001,1528,106428,4.807523435473711,0.170167996687074
1170,0.117,1,101,1,86710,518900,1529,106427,4.806587869131868,0.1701941544184083
1171,0.1171,1,93,1,86803,518807,1530,106426,4.805726407054726,0.17021814267641022
1172,0.1172,3,91,3,86894,518716,1533,106423,4.804883471043759,0.17023893885999752
1173,0.1173,3,85,3,86979,518631,1536,106420,4.804096113231316,0.17025810693847382
1174,0.1174,1,104,1,87083,518527,1537,106419,4.803132757790211,0.17028511263373156
1175,0.1175,3,103,3,87186,518424,1540,106416,4.8021786653821925,0.1703091991549837
1176,0.1176,2,92,2,87278,518332,1542,106414,4.801326466338137,0.17033162277149433
1177,0.1177,2,98,2,87376,518234,1544,106412,4.800418689095557,0.17035568946251156
1178,0.1178,4,92,4,87468,518142,1548,106408,4.799566490051502,0.17037547033864384
1179,0.1179,2,112,2,87580,518030,1550,106406,4.798529030345696,0.1704033720028954
1180,0.118,4,113,4,87693,517917,1554,106402,4.797482307606803,0.17042889932870856
1181,0.1181,4,92,4,87785,517825,1558,106398,4.796630108562748,0.17044870182611022
1182,0.1182,0,95,0,87880,517730,1558,106398,4.79575012041943,0.1704746462264151
1183,0.1183,3,67,3,87947,517663,1561,106395,4.795129497202564,0.17048896096196187
1184,0.1184,6,90,6,88037,517573,1567,106389,4.794295824224684,0.17050557566005622
1185,0.1185,3,104,3,88141,517469,1570,106386,4.7933324687835785,0.17053001098011558
1186,0.1186,4,78,4,88219,517391,1574,106382,4.792609952202749,0.17054601593849045
1187,0.1187,2,93,2,88312,517298,1576,106380,4.791748490125607,0.17056878709847068
1188,0.1188,5,122,5,88434,517176,1581,106375,4.790618400088925,0.1705955086272013
1189,0.1189,3,88,3,88522,517088,1584,106372,4.7898032531772206,0.17061559683059058
1190,0.119,5,79,5,88601,517009,1589,106367,4.789071473563304,0.1706305664638998
1191,0.1191,2,106,2,88707,516903,1591,106365,4.788089592056023,0.17065692446908873
1192,0.1192,1,99,1,88806,516804,1592,106364,4.787172551780355,0.17068270514532197
1193,0.1193,3,98,3,88904,516706,1595,106361,4.786264774537774,0.17070555815024707
1194,0.1194,2,98,2,89002,516608,1597,106359,4.785356997295194,0.1707297497299215
1195,0.1195,0,75,0,89077,516533,1597,106359,4.784662269813627,0.1707503066342159
1196,0.1196,2,82,2,89159,516451,1599,106357,4.783902701100448,0.17077012498233807
1197,0.1197,1,106,1,89265,516345,1600,106356,4.782920819593167,0.17079786285873957
1198,0.1198,4,92,4,89357,516253,1604,106352,4.782068620549112,0.17081777370885232
1199,0.1199,3,112,3,89469,516141,1607,106349,4.781031160843306,0.17084451155841862
1200,0.12,1,92,1,89561,516049,1608,106348,4.780178961799251,0.17086843284913006
1201,0.1201,2,108,2,89669,515941,1610,106346,4.779178554225796,0.17089542285151385
1202,0.1202,3,116,3,89785,515825,1613,106343,4.778104042387639,0.17092328760077663
1203,0.1203,4,87,4,89872,515738,1617,106339,4.777298158509022,0.17094186089503388
1204,0.1204,2,119,2,89991,515619,1619,106337,4.7761958575716035,0.17097190154930575
1205,0.1205,3,101,3,90092,515518,1622,106334,4.775260291229761,0.170995670995671
1206,0.1206,5,91,5,90183,515427,1627,106329,4.774417355218793,0.17101403122768416
1207,0.1207,0,101,0,90284,515326,1627,106329,4.77348178887695,0.1710418157981517
1208,0.1208,4,96,4,90380,515230,1631,106325,4.772592537700545,0.17106289869762129
1209,0.1209,4,97,4,90477,515133,1635,106321,4.771694023491052,0.1710842636784058
1210,0.121,1,92,1,90569,515041,1636,106320,4.770841824446997,0.17110826073731694
1211,0.1211,0,100,0,90669,514941,1636,106320,4.769915521138241,0.17113580282683125
1212,0.1212,2,85,2,90754,514856,1638,106318,4.769128163325799,0.17115655194840737
1213,0.1213,3,107,3,90861,514749,1641,106315,4.768137018785431,0.17118203598984968
1214,0.1214,3,89,3,90950,514660,1644,106312,4.767312608840639,0.17120256629928562
1215,0.1215,2,92,2,91042,514568,1646,106310,4.766460409796584,0.17122526486684986
1216,0.1216,2,93,2,91135,514475,1648,106308,4.765598947719441,0.17124824616653483
1217,0.1217,2,94,2,91229,514381,1650,106306,4.764728222609211,0.1712715104392391
1218,0.1218,6,106,6,91335,514275,1656,106300,4.76374634110193,0.1712927526890384
1219,0.1219,5,89,5,91424,514186,1661,106295,4.7629219311571385,0.17131064448387623
1220,0.122,3,88,3,91512,514098,1664,106292,4.762106784245433,0.17133093699124743
1221,0.1221,1,94,1,91606,514004,1665,106291,4.761236059135204,0.1713555646909938
1222,0.1222,3,86,3,91692,513918,1668,106288,4.760439438289674,0.17137531723330635
1223,0.1223,1,98,1,91790,513820,1669,106287,4.7595316610470935,0.17140106465497085
1224,0.1224,1,97,1,91887,513723,1670,106286,4.7586331468376,0.17142654380823505
1225,0.1225,4,104,4,91991,513619,1674,106282,4.757669791396495,0.17144995733189655
1226,0.1226,5,96,5,92087,513523,1679,106277,4.75678054022009,0.17146982897708937
1227,0.1227,1,91,1,92178,513432,1680,106276,4.755937604209122,0.17149367121289383
1228,0.1228,1,89,1,92267,513343,1681,106275,4.75511319426433,0.17151696690541593
1229,0.1229,5,102,5,92369,513241,1686,106270,4.7541683648893995,0.1715385198971447
1230,0.123,1,102,1,92471,513139,1687,106269,4.7532235355144685,0.1715654302172397
1231,0.1231,3,112,3,92583,513027,1690,106266,4.7521860758086625,0.1715924449331738
1232,0.1232,3,107,3,92690,512920,1693,106263,4.751194931268294,0.1716180838298209
1233,0.1233,4,108,4,92798,512812,1697,106259,4.750194523694839,0.1716426710345017
1234,0.1234,3,85,3,92883,512727,1700,106256,4.749407165882396,0.17166222658780614
1235,0.1235,4,99,4,92982,512628,1704,106252,4.748490125606729,0.17168433298862462
1236,0.1236,2,104,2,93086,512524,1706,106250,4.747526770165623,0.17171051143066773
1237,0.1237,4,103,4,93189,512421,1710,106246,4.746572677757605,0.17173374367793984
1238,0.1238,1,90,1,93279,512331,1711,106245,4.745739004779725,0.1717573911693955
1239,0.1239,4,90,4,93369,512241,1715,106241,4.744905331801845,0.1717770282724477
1240,0.124,3,110,3,93479,512131,1718,106238,4.743886398162214,0.17180356712577766
1241,0.1241,4,82,4,93561,512049,1722,106234,4.743126829449035,0.17182099459309086
1242,0.1242,2,79,2,93640,511970,1724,106232,4.742395049835118,0.17184027227346402
1243,0.1243,2,97,2,93737,511873,1726,106230,4.741496535625625,0.17186455979019677
1244,0.1244,2,93,2,93830,511780,1728,106228,4.740635073548483,0.17188774255349445
1245,0.1245,1,98,1,93928,511682,1729,106227,4.739727296305903,0.17191366366244867
1246,0.1246,1,107,1,94035,511575,1730,106226,4.738736151765534,0.1719420978599905
1247,0.1247,4,90,4,94125,511485,1734,106222,4.737902478787654,0.17196178770841192
1248,0.1248,2,95,2,94220,511390,1736,106220,4.737022490644336,0.17198555722867181
1249,0.1249,1,88,1,94308,511302,1737,106219,4.736207343732632,0.1720087252093451
1250,0.125,3,108,3,94416,511194,1740,106216,4.735206936159176,0.17203479049578077
1251,0.1251,3,85,3,94501,511109,1743,106213,4.734419578346734,0.17205445456342072
1252,0.1252,1,99,1,94600,511010,1744,106212,4.733502538071066,0.17208071002005762
1253,0.1253,1,92,1,94692,510918,1745,106211,4.732650339027011,0.1721050218025729
1254,0.1254,5,71,5,94763,510847,1750,106206,4.7319926636777945,0.172118116272022
1255,0.1255,6,86,6,94849,510761,1756,106200,4.731196042832265,0.17213405709599147
1256,0.1256,3,82,3,94931,510679,1759,106197,4.730436474119085,0.17215291241675798
1257,0.1257,2,96,2,95027,510583,1761,106195,4.7295472229426805,0.1721770231752754
1258,0.1258,2,84,2,95111,510499,1763,106193,4.728769128163326,0.1721977907934593
1259,0.1259,3,86,3,95197,510413,1766,106190,4.727972507317796,0.17221778032218463
1260,0.126,3,108,3,95305,510305,1769,106187,4.72697209974434,0.17224392206224898
1261,0.1261,0,108,0,95413,510197,1769,106187,4.7259716921708845,0.17227410185858166
1262,0.1262,2,104,2,95517,510093,1771,106185,4.725008336729779,0.17230048776688442
1263,0.1263,5,105,5,95622,509988,1776,106180,4.724035718255585,0.17232313265213384
1264,0.1264,4,82,4,95704,509906,1780,106176,4.723276149542406,0.17234069490749607
1265,0.1265,3,107,3,95811,509799,1783,106173,4.722285005002038,0.17236660107926985
1266,0.1266,2,85,2,95896,509714,1785,106171,4.7214976471895955,0.17238770224960828
1267,0.1267,2,87,2,95983,509627,1787,106169,4.720691763310978,0.17240936933659848
1268,0.1268,3,103,3,96086,509524,1790,106166,4.71973767090296,0.17243417953840406
1269,0.1269,5,79,5,96165,509445,1795,106161,4.719005891289044,0.1724495862613425
1270,0.127,4,88,4,96253,509357,1799,106157,4.718190744377339,0.17246886342146564
1271,0.1271,7,101,7,96354,509256,1806,106150,4.717255178035496,0.17248775605047725
1272,0.1272,1,99,1,96453,509157,1807,106149,4.716338137759828,0.1725141636844107
1273,0.1273,2,98,2,96551,509059,1809,106147,4.715430360517248,0.17253895443152376
1274,0.1274,4,103,4,96654,508956,1813,106143,4.714476268109229,0.1725624655543254
1275,0.1275,2,102,2,96756,508854,1815,106141,4.713531438734299,0.17258839502760184
1276,0.1276,4,94,4,96850,508760,1819,106137,4.712660713624069,0.17260939637044903
1277,0.1277,2,102,2,96952,508658,1821,106135,4.711715884249139,0.17263534230220579
1278,0.1278,4,101,4,97053,508557,1825,106131,4.710780317907296,0.17265832422302047
1279,0.1279,3,100,3,97153,508457,1828,106128,4.70985401459854,0.17268237916642937
1280,0.128,0,113,0,97266,508344,1828,106128,4.708807291859647,0.17271413506229738
1281,0.1281,3,97,3,97363,508247,1831,106125,4.707908777650154,0.17273736433300996
1282,0.1282,3,83,3,97446,508164,1834,106122,4.7071399459038865,0.17275666383410984
1283,0.1283,2,96,2,97542,508068,1836,106120,4.706250694727482,0.17278097260122308
1284,0.1284,1,97,1,97639,507971,1837,106119,4.7053521805179885,0.1728069175528017
1285,0.1285,3,99,3,97738,507872,1840,106116,4.704435140242321,0.1728307393629843
1286,0.1286,2,113,2,97851,507759,1842,106114,4.703388417503428,0.1728598586352552
1287,0.1287,6,78,6,97929,507681,1848,106108,4.702665900922598,0.17287373999859887
1288,0.1288,4,101,4,98030,507580,1852,106104,4.7017303345807555,0.1728968003076502
1289,0.1289,5,99,5,98129,507481,1857,106099,4.700813294305087,0.17291795690863457
1290,0.129,4,96,4,98225,507385,1861,106095,4.699924043128682,0.17293962313359848
1291,0.1291,6,104,6,98329,507281,1867,106089,4.698960687687577,0.17296085560102384
1292,0.1292,1,108,1,98437,507173,1868,106088,4.6979602801141205,0.17298996675151362
1293,0.1293,9,103,9,98540,507070,1877,106079,4.697006187706102,0.17300688739604891
1294,0.1294,0,99,0,98639,506971,1877,106079,4.696089147430435,0.17303482587064675
1295,0.1295,2,87,2,98726,506884,1879,106077,4.695283263551818,0.1730566871301763
1296,0.1296,2,92,2,98818,506792,1881,106075,4.6944310645077625,0.1730799667790891
1297,0.1297,4,97,4,98915,506695,1885,106071,4.693532550298269,0.17310196714569673
1298,0.1298,2,101,2,99016,506594,1887,106069,4.6925969839564265,0.1731278043557388
1299,0.1299,1,101,1,99117,506493,1888,106068,4.691661417614584,0.17315500007346207
1300,0.13,0,91,0,99208,506402,1888,106068,4.690818481603617,0.17318072721929237
1301,0.1301,4,111,4,99319,506291,1892,106064,4.689790284930898,0.17320671832515452
1302,0.1302,2,96,2,99415,506195,1894,106062,4.688901033754493,0.17323117579709174
1303,0.1303,4,80,4,99495,506115,1898,106058,4.688159991107488,0.17324841180515965
1304,0.1304,3,106,3,99601,506009,1901,106055,4.687178109600207,0.17327436346525854
1305,0.1305,2,88,2,99689,505921,1903,106053,4.686362962688503,0.17329657795919434
1306,0.1306,3,94,3,99783,505827,1906,106050,4.685492237578273,0.17331914747571817
1307,0.1307,2,98,2,99881,505729,1908,106048,4.684584460335692,0.1733442087558048
1308,0.1308,5,99,5,99980,505630,1913,106043,4.683667420060025,0.17336550738711698
1309,0.1309,1,88,1,100068,505542,1914,106042,4.6828522731483195,0.17338910108832148
1310,0.131,1,83,1,100151,505459,1915,106041,4.682083441402053,0.1734112837285364
1311,0.1311,6,96,6,100247,505363,1921,106035,4.681194190225647,0.1734304004919872
1312,0.1312,2,85,2,100332,505278,1923,106033,4.6804068324132055,0.17345181094402032
1313,0.1313,2,102,2,100434,505176,1925,106031,4.6794620030382745,0.1734780524437711
1314,0.1314,3,92,3,100526,505084,1928,106028,4.678609803994219,0.17350011127256543
1315,0.1315,3,91,3,100617,504993,1931,106025,4.6777668679832525,0.17352189297205647
1316,0.1316,2,88,2,100705,504905,1933,106023,4.676951721071548,0.1735441819657963
1317,0.1317,5,93,5,100798,504812,1938,106018,4.676090258994405,0.17356383936610842
1318,0.1318,5,103,5,100901,504709,1943,106013,4.675136166586387,0.17358634534207054
1319,0.1319,4,95,4,100996,504614,1947,106009,4.67425617844307,0.1736079381222129
1320,0.132,3,107,3,101103,504507,1950,106006,4.673265033902701,0.17363430426542925
1321,0.1321,1,92,1,101195,504415,1951,106005,4.672412834858646,0.17365911995019823
1322,0.1322,3,97,3,101292,504318,1954,106002,4.671514320649154,0.17368265827762486
1323,0.1323,3,98,3,101390,504220,1957,105999,4.670606543406573,0.17370648898182456
1324,0.1324,2,89,2,101479,504131,1959,105997,4.669782133461781,0.17372911913565678
1325,0.1325,4,88,4,101567,504043,1963,105993,4.668966986550076,0.17374876236812253
1326,0.1326,5,98,5,101665,503945,1968,105988,4.668059209307495,0.17376990587490757
1327,0.1327,1,108,1,101773,503837,1969,105987,4.66705880173404,0.17379932570708925
1328,0.1328,4,100,4,101873,503737,1973,105983,4.666132498425284,0.17382241028668896
1329,0.1329,1,92,1,101965,503645,1974,105982,4.665280299381229,0.17384728694759255
1330,0.133,3,95,3,102060,503550,1977,105979,4.6644003112379115,0.1738703162605881
1331,0.1331,0,99,0,102159,503451,1977,105979,4.663483270962244,0.17389856095039627
1332,0.1332,3,83,3,102242,503368,1980,105976,4.662714439215977,0.1739181808633547
1333,0.1333,6,88,6,102330,503280,1986,105970,4.661899292304272,0.17393516618793597
1334,0.1334,1,84,1,102414,503196,1987,105969,4.661121197524918,0.17395779468616876
1335,0.1335,6,89,6,102503,503107,1993,105963,4.660296787580125,0.17397507675636625
1336,0.1336,3,95,3,102598,503012,1996,105960,4.659416799436808,0.1739981476980879
1337,0.1337,4,92,4,102690,502920,2000,105956,4.6585646003927526,0.17401901208127762
1338,0.1338,6,98,6,102788,502822,2006,105950,4.657656823150172,0.17403888483701616
1339,0.1339,3,83,3,102871,502739,2009,105947,4.656887991403905,0.17405854578551175
1340,0.134,2,106,2,102977,502633,2011,105945,4.655906109896624,0.17408614836553407
1341,0.1341,3,103,3,103080,502530,2014,105942,4.654952017488607,0.17411154498481443
1342,0.1342,2,90,2,103170,502440,2016,105940,4.654118344510727,0.1741345869357967
1343,0.1343,2,96,2,103266,502344,2018,105938,4.653229093334321,0.17415935372080713
1344,0.1344,3,116,3,103382,502228,2021,105935,4.652154581496165,0.17418849880706325
1345,0.1345,7,98,7,103480,502130,2028,105928,4.651246804253585,0.17420706577333084
1346,0.1346,3,85,3,103565,502045,2031,105925,4.650459446441142,0.17422734674408277
1347,0.1347,3,103,3,103668,501942,2034,105922,4.649505354033125,0.17425279338799468
1348,0.1348,7,93,7,103761,501849,2041,105915,4.648643891955982,0.17426994688727862
1349,0.1349,7,90,7,103851,501759,2048,105908,4.647810218978102,0.1742862455917468
1350,0.135,2,103,2,103954,501656,2050,105906,4.646856126570084,0.17431307422123174
1351,0.1351,1,98,1,104052,501558,2051,105905,4.645948349327504,0.17433983633571098
1352,0.1352,3,112,3,104164,501446,2054,105902,4.6449108896216975,0.17436790769048388
1353,0.1353,2,101,2,104265,501345,2056,105900,4.643975323279855,0.17439419015389176
1354,0.1354,0,89,0,104354,501256,2056,105900,4.643150913335062,0.17441975373709556
1355,0.1355,2,85,2,104439,501171,2058,105898,4.64236355552262,0.17444145558412635
1356,0.1356,4,101,4,104540,501070,2062,105894,4.6414279891807775,0.17446504240778696
1357,0.1357,4,105,4,104645,500965,2066,105890,4.640455370706584,0.17448978751101993
1358,0.1358,3,113,3,104758,500852,2069,105887,4.639408647967691,0.17451820304941665
1359,0.1359,2,94,2,104852,500758,2071,105885,4.63853792285746,0.17454252336217513
1360,0.136,5,102,5,104954,500656,2076,105880,4.63759309348253,0.1745650711581835
1361,0.1361,3,106,3,105060,500550,2079,105877,4.636611211975249,0.17459150070824683
1362,0.1362,9,102,9,105162,500448,2088,105868,4.635666382600319,0.17460861992756252
1363,0.1363,3,102,3,105264,500346,2091,105865,4.634721553225388,0.17463391459409347
1364,0.1364,6,100,6,105364,500246,2097,105859,4.633795249916632,0.17465455655373244
1365,0.1365,4,117,4,105481,500129,2101,105855,4.632711475045389,0.17468282990970058
1366,0.1366,7,88,7,105569,500041,2108,105848,4.631896328133684,0.1746986659272573
1367,0.1367,3,100,3,105669,499941,2111,105845,4.630970024824928,0.17472341718032441
1368,0.1368,2,90,2,105759,499851,2113,105843,4.630136351847049,0.1747466542511565
1369,0.1369,2,108,2,105867,499743,2115,105841,4.629135944273593,0.17477509313323997
1370,0.137,6,115,6,105982,499628,2121,105835,4.628070695468524,0.17480011165009257
1371,0.1371,3,87,3,106069,499541,2124,105832,4.627264811589907,0.17482114332816295
1372,0.1372,2,101,2,106170,499440,2126,105830,4.626329245248064,0.17484758867943231
1373,0.1373,3,115,3,106285,499325,2129,105827,4.625263996442995,0.17487672518639946
1374,0.1374,3,87,3,106372,499238,2132,105824,4.624458112564378,0.17489777907057458
1375,0.1375,4,102,4,106474,499136,2136,105820,4.623513283189448,0.17492181249545422
1376,0.1376,1,71,1,106545,499065,2137,105819,4.622855607840231,0.1749409804193862
1377,0.1377,3,96,3,106641,498969,2140,105816,4.621966356663826,0.17496465686152932
1378,0.1378,3,95,3,106736,498874,2143,105813,4.621086368520508,0.1749880516697068
1379,0.1379,2,97,2,106833,498777,2145,105811,4.620187854311015,0.1750133975533752
1380,0.138,3,104,3,106937,498673,2148,105808,4.61922449886991,0.17503941397661796
1381,0.1381,5,102,5,107039,498571,2153,105803,4.61827966949498,0.17506213040269766
1382,0.1382,2,102,2,107141,498469,2155,105801,4.617334840120049,0.1750889503036722
1383,0.1383,3,96,3,107237,498373,2158,105798,4.616445588943644,0.17511267505391687
1384,0.1384,3,90,3,107327,498283,2161,105795,4.615611915965764,0.1751346680395578
1385,0.1385,3,86,3,107413,498197,2164,105792,4.614815295120234,0.1751555077989831
1386,0.1386,1,85,1,107498,498112,2165,105791,4.614027937307792,0.17517879527010133
1387,0.1387,2,104,2,107602,498008,2167,105789,4.613064581866686,0.17520623653313944
1388,0.1388,4,90,4,107692,497918,2171,105785,4.612230908888806,0.17522689136876907
1389,0.1389,3,83,3,107775,497835,2174,105782,4.61146207714254,0.17524688668476865
1390,0.139,5,100,5,107875,497735,2179,105777,4.610535773833784,0.17526909158392873
1391,0.1391,1,110,1,107985,497625,2180,105776,4.6095168401941535,0.17529967633464313
1392,0.1392,3,78,3,108063,497547,2183,105773,4.608794323613324,0.17531823907710667
1393,0.1393,5,96,5,108159,497451,2188,105768,4.607905072436918,0.17533930463065653
1394,0.1394,7,84,7,108243,497367,2195,105761,4.607126977657564,0.17535415367882107
1395,0.1395,1,101,1,108344,497266,2196,105760,4.606191411315721,0.17538215599327392
1396,0.1396,2,90,2,108434,497176,2198,105758,4.605357738337841,0.17540559994957988
1397,0.1397,1,93,1,108527,497083,2199,105757,4.604496276260699,0.1754312918850773
1398,0.1398,4,81,4,108608,497002,2203,105753,4.603745970580607,0.17544939486192565
1399,0.1399,5,111,5,108719,496891,2208,105748,4.602717773907888,0.17547486969811113
1400,0.14,2,82,2,108801,496809,2210,105746,4.601958205194709,0.17549601281210844
1401,0.1401,2,104,2,108905,496705,2212,105744,4.6009948497536035,0.1755235712898519
1402,0.1402,5,117,5,109022,496588,2217,105739,4.5999110748823595,0.17555082206177045
1403,0.1403,9,117,9,109139,496471,2226,105730,4.5988273000111155,0.17557260781699133
1404,0.1404,3,83,3,109222,496388,2229,105727,4.598058468264848,0.17559270239073932
1405,0.1405,3,105,3,109327,496283,2232,105724,4.5970858497906555,0.1756192203745139
1406,0.1406,2,106,2,109433,496177,2234,105722,4.596103968283375,0.17564740928295278
1407,0.1407,3,94,3,109527,496083,2237,105719,4.595233243173144,0.17567073555754217
1408,0.1408,3,103,3,109630,495980,2240,105716,4.594279150765127,0.17569669733553156
1409,0.1409,2,88,2,109718,495892,2242,105714,4.593464003853422,0.1757196570512927
1410,0.141,4,94,4,109812,495798,2246,105710,4.592593278743192,0.17574163602146606
1411,0.1411,4,92,4,109904,495706,2250,105706,4.591741079699137,0.17576303765139373
1412,0.1412,5,99,5,110003,495607,2255,105701,4.5908240394234685,0.17578512176787936
1413,0.1413,5,96,5,110099,495511,2260,105696,4.589934788247064,0.1758063362535699
1414,0.1414,6,98,6,110197,495413,2266,105690,4.589027011004483,0.1758267717845361
1415,0.1415,7,116,7,110313,495297,2273,105683,4.587952499166327,0.17585110985390529
1416,0.1416,3,105,3,110418,495192,2276,105680,4.586979880692134,0.17587772437390992
1417,0.1417,2,109,2,110527,495083,2278,105678,4.58597021008559,0.1759068914260413
1418,0.1418,3,108,3,110635,494975,2281,105675,4.584969802512134,0.1759344043952385
1419,0.1419,0,85,0,110720,494890,2281,105675,4.584182444699692,0.17595930498780316
1420,0.142,3,107,3,110827,494783,2284,105672,4.583191300159324,0.17598654353781715
1421,0.1421,1,72,1,110899,494711,2285,105671,4.58252436177702,0.1760062760042773
1422,0.1422,3,101,3,111000,494610,2288,105668,4.581588795435177,0.1760317719456652
1423,0.1423,0,87,0,111087,494523,2288,105668,4.58078291155656,0.17605728842984983
1424,0.1424,1,118,1,111205,494405,2289,105667,4.579689873652229,0.17609053580237038
1425,0.1425,2,95,2,111300,494310,2291,105665,4.578809885508911,0.17611567148631194
1426,0.1426,1,92,1,111392,494218,2292,105664,4.577957686464856,0.17614130779053214
1427,0.1427,1,124,1,111516,494094,2293,105663,4.576809070362,0.17617635142232604
1428,0.1428,1,95,1,111611,493999,2294,105662,4.575929082218682,0.17620288796503358
1429,0.1429,4,97,4,111708,493902,2298,105658,4.575030568009189,0.17622589899259458
1430,0.143,3,89,3,111797,493813,2301,105655,4.5742061580643965,0.17624793983999146
1431,0.1431,3,94,3,111891,493719,2304,105652,4.573335432954167,0.17627145791171078
1432,0.1432,2,93,2,111984,493626,2306,105650,4.572473970877024,0.17629606391712666
1433,0.1433,4,89,4,112073,493537,2310,105646,4.571649560932232,0.17631675130970004
1434,0.1434,2,102,2,112175,493435,2312,105644,4.570704731557301,0.17634402140619185
1435,0.1435,3,98,3,112273,493337,2315,105641,4.569796954314721,0.17636874810093192
1436,0.1436,6,95,6,112368,493242,2321,105635,4.568916966171403,0.17638847376005423
1437,0.1437,2,113,2,112481,493129,2323,105633,4.56787024343251,0.17641901122649734
1438,0.1438,1,113,1,112594,493016,2324,105632,4.566823520693616,0.17645093610936644
1439,0.1439,7,97,7,112691,492919,2331,105625,4.5659250064841235,0.17646990029137374
1440,0.144,3,93,3,112784,492826,2334,105622,4.56506354440698,0.1764931957329626
1441,0.1441,2,94,2,112878,492732,2336,105620,4.564192819296751,0.176518169906677
1442,0.1442,3,85,3,112963,492647,2339,105617,4.563405461484308,0.17653911985344262
1443,0.1443,1,114,1,113077,492533,2340,105616,4.5623494757123275,0.17657138940297484
1444,0.1444,4,91,4,113168,492442,2344,105612,4.56150653970136,0.17659274914974232
1445,0.1445,2,101,2,113269,492341,2346,105610,4.560570973359517,0.17661982336345286
1446,0.1446,2,88,2,113357,492253,2348,105608,4.559755826447812,0.1766430658631354
1447,0.1447,4,99,4,113456,492154,2352,105604,4.558838786172144,0.17666681165287626
1448,0.1448,3,92,3,113548,492062,2355,105601,4.557986587128089,0.17668987372482486
1449,0.1449,2,106,2,113654,491956,2357,105599,4.557004705620808,0.17671846106216163
1450,0.145,2,88,2,113742,491868,2359,105597,4.556189558709104,0.17674173382541236
1451,0.1451,4,103,4,113845,491765,2363,105593,4.5552354663010854,0.1767666960181332
1452,0.1452,3,91,3,113936,491674,2366,105590,4.5543925302901185,0.17678949342334377
1453,0.1453,4,95,4,114031,491579,2370,105586,4.553512542146801,0.17681210385739285
1454,0.1454,1,80,1,114111,491499,2371,105585,4.552771499499796,0.17683441525815463
1455,0.1455,1,106,1,114217,491393,2372,105584,4.551789617992515,0.17686443531325327
1456,0.1456,4,106,4,114323,491287,2376,105580,4.550807736485234,0.17689032900126828
1457,0.1457,3,113,3,114436,491174,2379,105577,4.549761013746341,0.17691968677052908
1458,0.1458,5,111,5,114547,491063,2384,105572,4.548732817073622,0.1769457038222699
1459,0.1459,1,97,1,114644,490966,2385,105571,4.54783430286413,0.176973096387986
1460,0.146,4,96,4,114740,490870,2389,105567,4.546945051687724,0.17699606161254247
1461,0.1461,3,99,3,114839,490771,2392,105564,4.546028011412057,0.17702130513889006
1462,0.1462,5,102,5,114941,490669,2397,105559,4.545083182037126,0.17704468760272915
1463,0.1463,3,81,3,115022,490588,2400,105556,4.544332876357035,0.1770646018411659
1464,0.1464,3,94,3,115116,490494,2403,105553,4.543462151246804,0.17708838396972051
1465,0.1465,5,104,5,115220,490390,2408,105548,4.542498795805699,0.17711238417419262
1466,0.1466,1,97,1,115317,490293,2409,105547,4.541600281596206,0.17713983619763696
1467,0.1467,2,106,2,115423,490187,2411,105545,4.540618400088925,0.17716859258861367
1468,0.1468,5,110,5,115533,490077,2416,105540,4.539599466449294,0.1771944051294708
1469,0.1469,6,85,6,115618,489992,2422,105534,4.5388121086368525,0.17721140638695876
1470,0.147,4,103,4,115721,489889,2426,105530,4.537858016228834,0.1772365342725039
1471,0.1471,4,91,4,115812,489798,2430,105526,4.537015080217866,0.17725809811128057
1472,0.1472,4,94,4,115906,489704,2434,105522,4.536144355107637,0.17728056234102677
1473,0.1473,5,96,5,116002,489608,2439,105517,4.535255103931231,0.17730224742701114
1474,0.1474,2,79,2,116081,489529,2441,105515,4.534523324317314,0.17732302149084775
1475,0.1475,6,116,6,116197,489413,2447,105509,4.5334488124791585,0.17734929957204473
1476,0.1476,6,102,6,116299,489311,2453,105503,4.5325039831042275,0.17737141358475086
1477,0.1477,10,90,10,116389,489221,2463,105493,4.531670310126348,0.17738442343714794
1478,0.1478,3,109,3,116498,489112,2466,105490,4.530660639519804,0.1774127904043377
1479,0.1479,3,84,3,116582,489028,2469,105487,4.52988254474045,0.17743370646661563
1480,0.148,3,99,3,116681,488929,2472,105484,4.528965504464782,0.17745910671536458
1481,0.1481,4,95,4,116776,488834,2476,105480,4.528085516321465,0.17748193715779875
1482,0.1482,4,87,4,116863,488747,2480,105476,4.5272796324428475,0.17750238546808184
1483,0.1483,8,95,8,116958,488652,2488,105468,4.52639964429953,0.1775196929913149
1484,0.1484,2,100,2,117058,488552,2490,105466,4.525473340990774,0.17754680834587505
1485,0.1485,4,100,4,117158,488452,2494,105462,4.5245470376820185,0.17757116350178645
1486,0.1486,9,97,9,117255,488355,2503,105453,4.523648523472525,0.17758770511680544
1487,0.1487,0,91,0,117346,488264,2503,105453,4.5228055874615585,0.17761492428210746
1488,0.1488,4,96,4,117442,488168,2507,105449,4.5219163362851535,0.17763810672538016
1489,0.1489,5,100,5,117542,488068,2512,105444,4.520990032976398,0.17766110878971275
1490,0.149,5,107,5,117649,487961,2517,105439,4.51999888843603,0.17768621503201887
1491,0.1491,3,99,3,117748,487862,2520,105436,4.519081848160361,0.17771170642746142
1492,0.1492,7,96,7,117844,487766,2527,105429,4.5181925969839565,0.17773076307116548
1493,0.1493,2,81,2,117925,487685,2529,105427,4.5174422913038645,0.17775226264179447
1494,0.1494,5,72,5,117997,487613,2534,105422,4.51677535292156,0.17776691089058824
1495,0.1495,1,86,1,118083,487527,2535,105421,4.515978732076031,0.17779130716352867
1496,0.1496,5,98,5,118181,487429,2540,105416,4.51507095483345,0.17781376245055622
1497,0.1497,2,88,2,118269,487341,2542,105414,4.514255807921746,0.17783738644127844
1498,0.1498,4,108,4,118377,487233,2546,105410,4.51325540034829,0.17786424542262375
1499,0.1499,7,107,7,118484,487126,2553,105403,4.512264255807922,0.1778866519613386
1500,0.15,6,97,6,118581,487029,2559,105397,4.511365741598429,0.17790745173236827
1501,0.1501,4,83,4,118664,486946,2563,105393,4.510596909852162,0.1779268290624119
1502,0.1502,5,94,5,118758,486852,2568,105388,4.509726184741932,0.1779481291368364
1503,0.1503,4,105,4,118863,486747,2572,105384,4.508753566267739,0.17797413072445117
1504,0.1504,4,110,4,118973,486637,2576,105380,4.507734632628107,0.1780016452230257
1505,0.1505,9,79,9,119052,486558,2585,105371,4.507002853014191,0.1780129035745841
1506,0.1506,5,96,5,119148,486462,2590,105366,4.506113601837786,0.17803483444514284
1507,0.1507,0,98,0,119246,486364,2590,105366,4.505205824595206,0.17806431987561894
1508,0.1508,3,98,3,119344,486266,2593,105363,4.504298047352625,0.17808964739727093
1509,0.1509,2,109,2,119453,486157,2595,105361,4.503288376746082,0.17811968528430241
1510,0.151,4,82,4,119535,486075,2599,105357,4.502528808032903,0.17813882238363835
1511,0.1511,5,89,5,119624,485986,2604,105352,4.50170439808811,0.178158684204296
1512,0.1512,4,87,4,119711,485899,2608,105348,4.500898514209493,0.17817933959918614
1513,0.1513,3,112,3,119823,485787,2611,105345,4.499861054503687,0.17820892795517754
1514,0.1514,6,86,6,119909,485701,2617,105339,4.499064433658157,0.17822651597184624
1515,0.1515,1,108,1,120017,485593,2618,105338,4.498064026084701,0.17825769844533457
1516,0.1516,4,110,4,120127,485483,2622,105334,4.49704509244507,0.17828532354349994
1517,0.1517,7,88,7,120215,485395,2629,105327,4.496229945533366,0.17830214551007073
1518,0.1518,4,103,4,120318,485292,2633,105323,4.495275853125348,0.17832767538921293
1519,0.1519,8,89,8,120407,485203,2641,105315,4.494451443180555,0.17834342052232108
1520,0.152,2,90,2,120497,485113,2643,105313,4.493617770202675,0.17836782255523978
1521,0.1521,7,110,7,120607,485003,2650,105306,4.492598836563044,0.1783913170898631
1522,0.1522,3,98,3,120705,484905,2653,105303,4.4916910593204635,0.17841676154847105
1523,0.1523,5,79,5,120784,484826,2658,105298,4.490959279706547,0.17843368512380448
1524,0.1524,6,100,6,120884,484726,2664,105292,4.490032976397791,0.17845557254185465
1525,0.1525,2,108,2,120992,484618,2666,105290,4.489032568824336,0.17848545874949992
1526,0.1526,2,98,2,121090,484520,2668,105288,4.488124791581756,0.17851232943601986
1527,0.1527,0,97,0,121187,484423,2668,105288,4.487226277372263,0.1785416924561353
1528,0.1528,6,88,6,121275,484335,2674,105282,4.486411130460558,0.17855998046189306
1529,0.1529,3,110,3,121385,484225,2677,105279,4.485392196820927,0.17858911898816632
1530,0.153,3,117,3,121502,484108,2680,105276,4.484308421949684,0.1786203901022084
1531,0.1531,3,79,3,121581,484029,2683,105273,4.483576642335766,0.17864015394483643
1532,0.1532,3,88,3,121669,483941,2686,105270,4.482761495424062,0.17866265225869848
1533,0.1533,3,89,3,121758,483852,2689,105267,4.481937085479269,0.1786854608321918
1534,0.1534,3,105,3,121863,483747,2692,105264,4.480964467005077,0.178713130994158
1535,0.1535,6,96,6,121959,483651,2698,105258,4.480075215828671,0.17873389606883236
1536,0.1536,5,115,5,122074,483536,2703,105253,4.479009967023602,0.17876183148802033
1537,0.1537,4,108,4,122182,483428,2707,105249,4.478009559450147,0.17878904730437914
1538,0.1538,3,89,3,122271,483339,2710,105246,4.477185149505354,0.17881189632763322
1539,0.1539,3,85,3,122356,483254,2713,105243,4.476397791692912,0.17883353695940676
1540,0.154,5,91,5,122447,483163,2718,105238,4.475554855681945,0.1788542167671367
1541,0.1541,2,104,2,122551,483059,2720,105236,4.474591500240839,0.17888304337109784
1542,0.1542,1,90,1,122641,482969,2721,105235,4.473757827262959,0.17890901795975545
1543,0.1543,4,87,4,122728,482882,2725,105231,4.472951943384341,0.1789298995261115
1544,0.1544,8,111,8,122839,482771,2733,105223,4.4719237467116235,0.17895250631809168
1545,0.1545,2,96,2,122935,482675,2735,105221,4.471034495535218,0.1789789350497367
1546,0.1546,3,97,3,123032,482578,2738,105218,4.4701359813257255,0.17900428039660018
1547,0.1547,3,94,3,123126,482484,2741,105215,4.469265256215495,0.1790287204844657
1548,0.1548,3,84,3,123210,482400,2744,105212,4.4684871614361406,0.17905012150875066
1549,0.1549,3,118,3,123328,482282,2747,105209,4.467394123531809,0.17908189231835042
1550,0.155,4,112,4,123440,482170,2751,105205,4.466356663826003,0.17911044903170886
1551,0.1551,5,100,5,123540,482070,2756,105200,4.465430360517248,0.17913395882643418
1552,0.1552,4,94,4,123634,481976,2760,105196,4.464559635407018,0.1791570442732283
1553,0.1553,1,103,1,123737,481873,2761,105195,4.463605542999,0.17918707883924861
1554,0.1554,2,114,2,123851,481759,2763,105193,4.462549557227018,0.17921908435442763
1555,0.1555,3,106,3,123957,481653,2766,105190,4.461567675719738,0.17924726034049993
1556,0.1556,4,87,4,124044,481566,2770,105186,4.46076179184112,0.1792682428010471
1557,0.1557,8,88,8,124132,481478,2778,105178,4.459946644929416,0.17928394152620958
1558,0.1558,3,105,3,124237,481373,2781,105175,4.4589740264552225,0.17931183807633816
1559,0.1559,5,79,5,124316,481294,2786,105170,4.458242246841306,0.17932899547116277
1560,0.156,2,106,2,124422,481188,2788,105168,4.457260365334025,0.17935861490289176
1561,0.1561,3,101,3,124523,481087,2791,105165,4.456324798992182,0.1793853155298404
1562,0.1562,4,81,4,124604,481006,2795,105161,4.45557449331209,0.17940450417713724
1563,0.1563,2,95,2,124699,480911,2797,105159,4.4546945051687725,0.17943078471854898
1564,0.1564,1,97,1,124796,480814,2798,105158,4.4537959909592795,0.1794590867823036
1565,0.1565,3,91,3,124887,480723,2801,105155,4.4529530549483125,0.17948275920925516
1566,0.1566,6,92,6,124979,480631,2807,105149,4.452100855904257,0.17950254361705759
1567,0.1567,4,104,4,125083,480527,2811,105145,4.451137500463152,0.17952881476321217
1568,0.1568,1,100,1,125183,480427,2812,105144,4.450211197154396,0.17955807237721813
1569,0.1569,3,93,3,125276,480334,2815,105141,4.449349735077254,0.17958239036679619
1570,0.157,6,96,6,125372,480238,2821,105135,4.448460483900848,0.17960343234143017
1571,0.1571,4,106,4,125478,480132,2825,105131,4.447478602393568,0.1796303542168222
1572,0.1572,1,85,1,125563,480047,2826,105130,4.4466912445811255,0.17965504454207873
1573,0.1573,1,95,1,125658,479952,2827,105129,4.445811256437808,0.1796828131489486
1574,0.1574,6,90,6,125748,479862,2833,105123,4.444977583459928,0.17970204364214468
1575,0.1575,5,99,5,125847,479763,2838,105118,4.444060543184261,0.17972544842455132
1576,0.1576,5,96,5,125943,479667,2843,105113,4.443171292007855,0.17974793939601216
1577,0.1577,6,92,6,126035,479575,2849,105107,4.4423190929638,0.17976780540533144
1578,0.1578,5,118,5,126153,479457,2854,105102,4.441226055059468,0.1797970777971086
1579,0.1579,2,81,2,126234,479376,2856,105100,4.4404757493793765,0.179819188469672
1580,0.158,4,93,4,126327,479283,2860,105096,4.439614287302234,0.17984219145451838
1581,0.1581,2,91,2,126418,479192,2862,105094,4.438771351291267,0.17986739370787594
1582,0.1582,5,83,5,126501,479109,2867,105089,4.438002519545,0.1798859290856867
1583,0.1583,4,90,4,126591,479019,2871,105085,4.43716884656712,0.17990803007683565
1584,0.1584,1,109,1,126700,478910,2872,105084,4.436159175960577,0.17994020486511847
1585,0.1585,6,100,6,126800,478810,2878,105078,4.435232872651821,0.17996259556627298
1586,0.1586,6,86,6,126886,478724,2884,105072,4.434436251806291,0.1799806781821047
1587,0.1587,3,106,3,126992,478618,2887,105069,4.43345437029901,0.18000914873896454
1588,0.1588,5,91,5,127083,478527,2892,105064,4.432611434288043,0.1800301923778811
1589,0.1589,3,93,3,127176,478434,2895,105061,4.431749972210901,0.18005467056272975
1590,0.159,5,98,5,127274,478336,2900,105056,4.430842194968321,0.18007788930941804
1591,0.1591,3,91,3,127365,478245,2903,105053,4.429999258957353,0.18010176616412193
1592,0.1592,2,84,2,127449,478161,2905,105051,4.429221164177998,0.18012489454949487
1593,0.1593,3,82,3,127531,478079,2908,105048,4.428461595464819,0.18014600593009755
1594,0.1594,3,93,3,127624,477986,2911,105045,4.427600133387677,0.1801705226651756
1595,0.1595,1,92,1,127716,477894,2912,105044,4.426747934343622,0.18019755102600962
1596,0.1596,6,105,6,127821,477789,2918,105038,4.425775315869428,0.18022157518440293
1597,0.1597,1,79,1,127900,477710,2919,105037,4.425043536255512,0.1802446001438017
1598,0.1598,2,103,2,128003,477607,2921,105035,4.424089443847493,0.18027365002866255
1599,0.1599,2,88,2,128091,477519,2923,105033,4.423274296935789,0.18029806781197216
1600,0.16,5,96,5,128187,477423,2928,105028,4.422385045759383,0.1803207480114207
1601,0.1601,0,92,0,128279,477331,2928,105028,4.421532846715328,0.18034923475038592
1602,0.1602,4,88,4,128367,477243,2932,105024,4.420717699803624,0.1803708607906682
1603,0.1603,4,100,4,128467,477143,2936,105020,4.419791396494868,0.18039621205744782
1604,0.1604,3,112,3,128579,477031,2939,105017,4.418753936789062,0.18042670020341964
1605,0.1605,5,98,5,128677,476933,2944,105012,4.417846159546482,0.18045004252979233
1606,0.1606,3,99,3,128776,476834,2947,105009,4.416929119270814,0.18047652029843103
1607,0.1607,5,104,5,128880,476730,2952,105004,4.415965763829709,0.18050174134570096
1608,0.1608,6,88,6,128968,476642,2958,104998,4.4151506169180035,0.18052059693281067
1609,0.1609,2,99,2,129067,476543,2960,104996,4.414233576642336,0.1805485100741309
1610,0.161,2,79,2,129146,476464,2962,104994,4.413501797028419,0.1805702217529039
1611,0.1611,4,84,4,129230,476380,2966,104990,4.412723702249065,0.18059067375337565
1612,0.1612,5,103,5,129333,476277,2971,104985,4.411769609841047,0.18061562599997935
1613,0.1613,4,95,4,129428,476182,2975,104981,4.410889621697729,0.18063951077408574
1614,0.1614,3,85,3,129513,476097,2978,104978,4.410102263885286,0.18066170459923417
1615,0.1615,1,106,1,129619,475991,2979,104977,4.409120382378006,0.18069325677145728
1616,0.1616,2,91,2,129710,475900,2981,104975,4.408277446367038,0.18071874327523132
1617,0.1617,2,87,2,129797,475813,2983,104973,4.407471562488421,0.18074299311622524
1618,0.1618,7,84,7,129881,475729,2990,104966,4.406693467709067,0.18075926260773728
1619,0.1619,5,107,5,129988,475622,2995,104961,4.405702323168699,0.18078552076102813
1620,0.162,1,91,1,130079,475531,2996,104960,4.404859387157731,0.18081245014995925
1621,0.1621,1,96,1,130175,475435,2997,104959,4.403970135981326,0.18084094597807696
1622,0.1622,3,85,3,130260,475350,3000,104956,4.403182778168883,0.18086319976012655
1623,0.1623,4,85,4,130345,475265,3004,104952,4.4023954203564415,0.1808840485542478
1624,0.1624,3,88,3,130433,475177,3007,104949,4.401580273444737,0.18090725118336362
1625,0.1625,1,90,1,130523,475087,3008,104948,4.4007466004668565,0.1809339091606541
1626,0.1626,6,79,6,130602,475008,3014,104942,4.40001482085294,0.1809500819036124
1627,0.1627,6,82,6,130684,474926,3020,104936,4.399255252139761,0.1809671956431013
1628,0.1628,3,105,3,130789,474821,3023,104933,4.398282633665567,0.1809957326728233
1629,0.1629,2,88,2,130877,474733,3025,104931,4.397467486753863,0.18102038422258412
1630,0.163,3,91,3,130968,474642,3028,104928,4.396624550742895,0.18104456752419898
1631,0.1631,5,93,5,131061,474549,3033,104923,4.395763088665753,0.1810665571416738
1632,0.1632,3,81,3,131142,474468,3036,104920,4.395012782985661,0.18108763039621117
1633,0.1633,6,77,6,131219,474391,3042,104914,4.3942995294379195,0.18110321851183747
1634,0.1634,4,104,4,131323,474287,3046,104910,4.393336173996813,0.18113008182017518
1635,0.1635,2,113,2,131436,474174,3048,104908,4.39228945125792,0.18116259873385807
1636,0.1636,4,85,4,131521,474089,3052,104904,4.391502093445478,0.1811835376248072
1637,0.1637,3,102,3,131623,473987,3055,104901,4.390557264070547,0.18121121875043186
1638,0.1638,7,94,7,131717,473893,3062,104894,4.3896865389603175,0.1812307463712903
1639,0.1639,0,102,0,131819,473791,3062,104894,4.3887417095853865,0.18126269041015405
1640,0.164,0,99,0,131918,473692,3062,104894,4.387824669309719,0.18129370568938757
1641,0.1641,8,100,8,132018,473592,3070,104886,4.386898366000963,0.18131372325308828
1642,0.1642,1,110,1,132128,473482,3071,104885,4.385879432361333,0.18134679191585965
1643,0.1643,4,106,4,132234,473376,3075,104881,4.384897550854052,0.1813743716029378
1644,0.1644,8,88,8,132322,473288,3083,104873,4.3840824039423465,0.1813906507011023
1645,0.1645,6,82,6,132404,473206,3089,104867,4.383322835229167,0.1814078844713384
1646,0.1646,5,90,5,132494,473116,3094,104862,4.382489162251288,0.18142905093273445
1647,0.1647,3,95,3,132589,473021,3097,104859,4.38160917410797,0.18145462725825431
1648,0.1648,2,110,2,132699,472911,3099,104857,4.380590240468339,0.18148634053807064
1649,0.1649,2,94,2,132793,472817,3101,104855,4.379719515358109,0.18151303854090212
1650,0.165,4,103,4,132896,472714,3105,104851,4.3787654229500905,0.18153974011583113
1651,0.1651,2,97,2,132993,472617,3107,104849,4.377866908740598,0.18156739963911295
1652,0.1652,2,98,2,133091,472519,3109,104847,4.376959131498018,0.18159538317116006
1653,0.1653,4,81,4,133172,472438,3113,104843,4.376208825817926,0.1816151926011769
1654,0.1654,4,83,4,133255,472355,3117,104839,4.375439994071659,0.18163563723808632
1655,0.1655,6,99,6,133354,472256,3123,104833,4.374522953795991,0.18165828840958673
1656,0.1656,2,88,2,133442,472168,3125,104831,4.373707806884286,0.18168315716318398
1657,0.1657,6,101,6,133543,472067,3131,104825,4.372772240542443,0.1817064545876871
1658,0.1658,6,91,6,133634,471976,3137,104819,4.371929304531476,0.1817266099740809
1659,0.1659,3,100,3,133734,471876,3140,104816,4.371003001222721,0.18175386514812067
1660,0.166,5,107,5,133841,471769,3145,104811,4.3700118566823525,0.18178049880328837
1661,0.1661,2,96,2,133937,471673,3147,104809,4.369122605505947,0.18180793155727326
1662,0.1662,1,101,1,134038,471572,3148,104808,4.368187039164104,0.18183837051944898
1663,0.1663,4,81,4,134119,471491,3152,104804,4.367436733484012,0.18185824968115288
1664,0.1664,4,87,4,134206,471404,3156,104800,4.366630849605395,0.1818800286009816
1665,0.1665,6,94,6,134300,471310,3162,104794,4.365760124495164,0.18190118450835266
1666,0.1666,2,90,2,134390,471220,3164,104792,4.3649264515172845,0.18192676541460942
1667,0.1667,3,89,3,134479,471131,3167,104789,4.364102041572493,0.18195061814140853
1668,0.1668,4,98,4,134577,471033,3171,104785,4.363194264329912,0.18197590210795772
1669,0.1669,4,91,4,134668,470942,3175,104781,4.362351328318945,0.18199898214940172
1670,0.167,3,87,3,134755,470855,3178,104778,4.361545444440328,0.1820222259668921
1671,0.1671,2,77,2,134832,470778,3180,104776,4.360832190892586,0.18204373525333853
1672,0.1672,2,88,2,134920,470690,3182,104774,4.360017043980881,0.182068730624331
1673,0.1673,1,110,1,135030,470580,3183,104773,4.3589981103412505,0.18210211817788383
1674,0.1674,2,97,2,135127,470483,3185,104771,4.3580995961317575,0.1821299808432449
1675,0.1675,8,92,8,135219,470391,3193,104763,4.357247397087702,0.18214773782326124
1676,0.1676,5,78,5,135297,470313,3198,104758,4.356524880506873,0.18216533262849283
1677,0.1677,6,86,6,135383,470227,3204,104752,4.355728259661343,0.1821840449825124
1678,0.1678,2,109,2,135492,470118,3206,104750,4.3547185890548,0.18221574344023322
1679,0.1679,1,97,1,135589,470021,3207,104749,4.3538200748453075,0.1822450719418202
1680,0.168,7,105,7,135694,469916,3214,104742,4.352847456371114,0.18226841008043046
1681,0.1681,2,100,2,135794,469816,3216,104740,4.351921153062359,0.1822972869485307
1682,0.1682,4,98,4,135892,469718,3220,104736,4.351013375819779,0.18232269250453473
1683,0.1683,5,103,5,135995,469615,3225,104731,4.350059283411761,0.18234827090290523
1684,0.1684,1,99,1,136094,469516,3226,104730,4.349142243136092,0.1823782838713722
1685,0.1685,9,93,9,136187,469423,3235,104721,4.34828078105895,0.18239500891762345
1686,0.1686,2,89,2,136276,469334,3237,104719,4.347456371114157,0.18242043853093703
1687,0.1687,5,100,5,136376,469234,3242,104714,4.346530067805403,0.18244509955605734
1688,0.1688,3,106,3,136482,469128,3245,104711,4.345548186298122,0.1824745268272111
1689,0.1689,5,90,5,136572,469038,3250,104706,4.344714513320241,0.18249602610223375
1690,0.169,5,103,5,136675,468935,3255,104701,4.343760420912224,0.1825216687934509
1691,0.1691,4,80,4,136755,468855,3259,104697,4.343019378265219,0.1825414260607582
1692,0.1692,3,109,3,136864,468746,3262,104694,4.342009707658676,0.18257184709821428
1693,0.1693,5,94,5,136958,468652,3267,104689,4.341138982548446,0.1825946513505924
1694,0.1694,5,111,5,137069,468541,3272,104684,4.340110785875727,0.18262287932312793
1695,0.1695,3,99,3,137168,468442,3275,104681,4.339193745600059,0.18265014665263826
1696,0.1696,8,106,8,137274,468336,3283,104673,4.338211864092779,0.18267252346821777
1697,0.1697,8,102,8,137376,468234,3291,104665,4.337267034717848,0.18269363360731997
1698,0.1698,4,79,4,137455,468155,3295,104661,4.336535255103931,0.18271312253847657
1699,0.1699,1,72,1,137527,468083,3296,104660,4.335868316721627,0.18273466458778195
1700,0.17,3,94,3,137621,467989,3299,104657,4.334997591611398,0.18276037901251385
1701,0.1701,6,80,6,137701,467909,3305,104651,4.334256548964393,0.18277735084532626
1702,0.1702,4,90,4,137791,467819,3309,104647,4.333422875986513,0.18280037591752174
1703,0.1703,3,104,3,137895,467715,3312,104644,4.332459520545408,0.18282930817895762
1704,0.1704,2,97,2,137992,467618,3314,104642,4.331561006335915,0.18285744242127705
1705,0.1705,5,78,5,138070,467540,3319,104637,4.330838489755085,0.18287522916859644
1706,0.1706,9,100,9,138170,467440,3328,104628,4.32991218644633,0.18289434123216122
1707,0.1707,4,91,4,138261,467349,3332,104624,4.329069250435363,0.18291772513737536
1708,0.1708,4,96,4,138357,467253,3336,104620,4.328179999258957,0.1829427163023958
1709,0.1709,4,74,4,138431,467179,3340,104616,4.327494534810478,0.18296067646621603
1710,0.171,4,101,4,138532,467078,3344,104612,4.326558968468635,0.18298728331788208
1711,0.1711,2,84,2,138616,466994,3346,104610,4.325780873689281,0.18301131552613348
1712,0.1712,5,87,5,138703,466907,3351,104605,4.324974989810664,0.1830320273240107
1713,0.1713,6,100,6,138803,466807,3357,104599,4.324048686501908,0.1830554806914873
1714,0.1714,8,107,8,138910,466700,3365,104591,4.32305754196154,0.18307832610701028
1715,0.1715,3,85,3,138995,466615,3368,104588,4.322270184149097,0.18310127922997604
1716,0.1716,3,89,3,139084,466526,3371,104585,4.321445774204306,0.18312552200885643
1717,0.1717,1,111,1,139195,466415,3372,104584,4.320417577531587,0.1831596902971809
1718,0.1718,1,89,1,139284,466326,3373,104583,4.3195931675867945,0.18318681260936506
1719,0.1719,7,103,7,139387,466223,3380,104576,4.318639075178776,0.18320985145383928
1720,0.172,2,81,2,139468,466142,3382,104574,4.317888769498684,0.18323299154045095
1721,0.1721,6,99,6,139567,466043,3388,104568,4.316971729223017,0.18325619379927832
1722,0.1722,3,96,3,139663,465947,3391,104565,4.316082478046612,0.18328273550775445
1723,0.1723,2,83,2,139746,465864,3393,104563,4.3153136463003445,0.1833065405389296
1724,0.1724,6,104,6,139850,465760,3399,104557,4.314350290859239,0.183331375357915
1725,0.1725,3,87,3,139937,465673,3402,104554,4.313544406980622,0.1833550498310322
1726,0.1726,5,99,5,140036,465574,3407,104549,4.3126273667049535,0.18337972683087683
1727,0.1727,4,98,4,140134,465476,3411,104545,4.311719589462373,0.183405523656146
1728,0.1728,2,98,2,140232,465378,3413,104543,4.310811812219793,0.18343419526565963
1729,0.1729,5,109,5,140341,465269,3418,104538,4.3098021416132495,0.18346211962997996
1730,0.173,8,107,8,140448,465162,3426,104530,4.308810997072881,0.18348511125309816
1731,0.1731,4,72,4,140520,465090,3430,104526,4.308144058690577,0.1835025701525238
1732,0.1732,3,96,3,140616,464994,3433,104523,4.307254807514172,0.18352920105984544
1733,0.1733,8,89,8,140705,464905,3441,104515,4.30643039756938,0.18354641565101332
1734,0.1734,4,86,4,140791,464819,3445,104511,4.305633776723851,0.1835684049672422
1735,0.1735,5,110,5,140901,464709,3450,104506,4.304614843084219,0.18359670774663353
1736,0.1736,8,108,8,141009,464601,3458,104498,4.303614435510764,0.18362007313314554
1737,0.1737,3,84,3,141093,464517,3461,104495,4.302836340731409,0.1836428757214259
1738,0.1738,3,95,3,141188,464422,3464,104492,4.301956352588092,0.18366923647510872
1739,0.1739,7,103,7,141291,464319,3471,104485,4.3010022601800735,0.18369244942018692
1740,0.174,3,95,3,141386,464224,3474,104482,4.300122272036756,0.1837188283577103
1741,0.1741,7,107,7,141493,464117,3481,104475,4.299131127496388,0.18374335199932465
1742,0.1742,3,97,3,141590,464020,3484,104472,4.298232613286895,0.18377039606537998
1743,0.1743,6,120,6,141710,463900,3490,104466,4.297121049316388,0.18380057920424514
1744,0.1744,3,87,3,141797,463813,3493,104463,4.296315165437771,0.18382440926592009
1745,0.1745,4,96,4,141893,463717,3497,104459,4.295425914261366,0.18384972262115964
1746,0.1746,3,118,3,142011,463599,3500,104456,4.294332876357035,0.18388360282014946
1747,0.1747,6,78,6,142089,463521,3506,104450,4.293610359776205,0.1839002343429506
1748,0.1748,5,76,5,142165,463445,3511,104445,4.292906369261551,0.1839176601102326
1749,0.1749,3,86,3,142251,463359,3514,104442,4.2921097484160216,0.1839412047530737
1750,0.175,1,109,1,142360,463250,3515,104441,4.291100077809478,0.18397508503745877
1751,0.1751,4,125,4,142485,463125,3519,104437,4.2899421986735335,0.18400985266807857
1752,0.1752,6,108,6,142593,463017,3525,104431,4.288941791100078,0.18403624649307074
1753,0.1753,6,108,6,142701,462909,3531,104425,4.287941383526622,0.18406265092520455
1754,0.1754,6,81,6,142782,462828,3537,104419,4.28719107784653,0.18408030364197608
1755,0.1755,6,86,6,142868,462742,3543,104413,4.286394457001,0.18409958476959562
1756,0.1756,3,97,3,142965,462645,3546,104410,4.285495942791508,0.18412676019081042
1757,0.1757,4,101,4,143066,462544,3550,104406,4.284560376449664,0.18415380545021606
1758,0.1758,2,96,2,143162,462448,3552,104404,4.283671125273259,0.18418211455547479
1759,0.1759,3,112,3,143274,462336,3555,104401,4.282633665567453,0.1842141945911419
1760,0.176,5,97,5,143371,462239,3560,104396,4.28173515135796,0.18423853097673104
1761,0.1761,3,90,3,143461,462149,3563,104393,4.2809014783800805,0.1842634791418818
1762,0.1762,7,113,7,143574,462036,3570,104386,4.279854755641187,0.18429015822125552
1763,0.1763,5,89,5,143663,461947,3575,104381,4.279030345696395,0.18431191818168977
1764,0.1764,3,110,3,143773,461837,3578,104378,4.278011412056764,0.18434340312425493
1765,0.1765,3,90,3,143863,461747,3581,104375,4.277177739078884,0.18436838702611805
1766,0.1766,2,106,2,143969,461641,3583,104373,4.2761958575716035,0.18440003250802983
1767,0.1767,3,97,3,144066,461544,3586,104370,4.27529734336211,0.18442731581123634
1768,0.1768,6,102,6,144168,461442,3592,104364,4.27435251398718,0.18445191461384292
1769,0.1769,6,104,6,144272,461338,3598,104358,4.273389158546074,0.18447717501979863
1770,0.177,5,97,5,144369,461241,3603,104353,4.272490644336582,0.18450160362380083
1771,0.1771,3,90,3,144459,461151,3606,104350,4.271656971358702,0.18452664097853055
1772,0.1772,6,84,6,144543,461067,3612,104344,4.2708788765793475,0.18454540148670612
1773,0.1773,2,105,2,144648,460962,3614,104342,4.269906258105154,0.18457679407893807
1774,0.1774,4,86,4,144734,460876,3618,104338,4.269109637259624,0.18459910759464557
1775,0.1775,4,106,4,144840,460770,3622,104334,4.268127755752343,0.18462796228658795
1776,0.1776,12,118,12,144958,460652,3634,104322,4.267034717848012,0.18464920509616373
1777,0.1777,5,99,5,145057,460553,3639,104317,4.266117677572344,0.18467434985040806
1778,0.1778,2,95,2,145152,460458,3641,104315,4.265237689429027,0.18470252650179808
1779,0.1779,5,100,5,145252,460358,3646,104310,4.264311386120271,0.1847280171711519
1780,0.178,2,92,2,145344,460266,3648,104308,4.263459187076216,0.18475523137799474
1781,0.1781,1,92,1,145436,460174,3649,104307,4.262606988032161,0.1847838988380477
1782,0.1782,2,92,2,145528,460082,3651,104305,4.261754788988107,0.1848111313690783
1783,0.1783,7,86,7,145614,459996,3658,104298,4.260958168142577,0.18482918478665378
1784,0.1784,4,78,4,145692,459918,3662,104294,4.260235651561747,0.18484895748406627
1785,0.1785,8,94,8,145786,459824,3670,104286,4.259364926451517,0.18486819946464342
1786,0.1786,3,96,3,145882,459728,3673,104283,4.258475675275112,0.18489533005561948
1787,0.1787,5,109,5,145991,459619,3678,104278,4.257466004668569,0.1849238424747782
1788,0.1788,4,117,4,146108,459502,3682,104274,4.256382229797325,0.1849564365989329
1789,0.1789,3,94,3,146202,459408,3685,104271,4.255511504687095,0.1849829424193557
1790,0.179,2,94,2,146296,459314,3687,104269,4.254640779576865,0.18501090345166551
1791,0.1791,5,109,5,146405,459205,3692,104264,4.253631108970321,0.18503946091089304
1792,0.1792,8,86,8,146491,459119,3700,104256,4.252834488124791,0.1850561349012647
1793,0.1793,7,82,7,146573,459037,3707,104249,4.252074919411612,0.18507294695767337
1794,0.1794,3,81,3,146654,458956,3710,104246,4.25132461373152,0.1850952233834397
1795,0.1795,4,94,4,146748,458862,3714,104242,4.250453888621291,0.18512033301130876
1796,0.1796,2,110,2,146858,458752,3716,104240,4.249434954981659,0.18515360786654161
1797,0.1797,5,84,5,146942,458668,3721,104235,4.2486568602023045,0.1851739997832664
1798,0.1798,3,92,3,147034,458576,3724,104232,4.247804661158249,0.18519992608491706
1799,0.1799,5,98,5,147132,458478,3729,104227,4.246896883915669,0.18522494024399996
1800,0.18,4,74,4,147206,458404,3733,104223,4.2462114194671905,0.18524350946541848
1801,0.1801,6,87,6,147293,458317,3739,104217,4.245405535588573,0.18526346851923617
1802,0.1802,7,85,7,147378,458232,3746,104210,4.244618177776131,0.18528132678569523
1803,0.1803,2,80,2,147458,458152,3748,104208,4.243877135129127,0.18530478696920122
1804,0.1804,6,97,6,147555,458055,3754,104202,4.242978620919634,0.1853280617226642
1805,0.1805,3,118,3,147673,457937,3757,104199,4.241885583015303,0.18536261687563152
1806,0.1806,5,111,5,147784,457826,3762,104194,4.240857386342584,0.18539197893313406
1807,0.1807,7,103,7,147887,457723,3769,104187,4.2399032939345656,0.1854158139203787
1808,0.1808,4,103,4,147990,457620,3773,104183,4.238949201526548,0.18544400795296573
1809,0.1809,4,89,4,148079,457531,3777,104179,4.238124791581756,0.18546759003756386
1810,0.181,6,96,6,148175,457435,3783,104173,4.23723554040535,0.1854905913021182
1811,0.1811,4,93,4,148268,457342,3787,104169,4.236374078328208,0.18551551082703632
1812,0.1812,1,92,1,148360,457250,3788,104168,4.2355218792841525,0.18554446063360988
1813,0.1813,5,103,5,148463,457147,3793,104163,4.234567786876135,0.18557125296182145
1814,0.1814,2,104,2,148567,457043,3795,104161,4.233604431435029,0.18560273982366485
1815,0.1815,4,97,4,148664,456946,3799,104157,4.232705917225537,0.18562901998385323
1816,0.1816,4,100,4,148764,456846,3803,104153,4.231779613916781,0.18565630241765138
1817,0.1817,1,74,1,148838,456772,3804,104152,4.231094149468302,0.18567934336915518
1818,0.1818,3,82,3,148920,456690,3807,104149,4.230334580755122,0.18570213555048776
1819,0.1819,3,100,3,149020,456590,3810,104146,4.229408277446367,0.1857308965359813
1820,0.182,3,89,3,149109,456501,3813,104143,4.228583867501575,0.18575602343019812
1821,0.1821,4,93,4,149202,456408,3817,104139,4.227722405424432,0.18578103174220895
1822,0.1822,5,87,5,149289,456321,3822,104134,4.226916521545815,0.18580260681053787
1823,0.1823,6,93,6,149382,456228,3828,104128,4.226055059468672,0.1858247257100843
1824,0.1824,4,101,4,149483,456127,3832,104124,4.225119493126829,0.18585241257936175
1825,0.1825,5,81,5,149564,456046,3837,104119,4.2243691874467375,0.1858720198512938
1826,0.1826,0,92,0,149656,455954,3837,104119,4.223516988402682,0.1859025519887586
1827,0.1827,7,105,7,149761,455849,3844,104112,4.22254436992849,0.18592723421809734
1828,0.1828,1,101,1,149862,455748,3845,104111,4.221608803586647,0.18595932190069286
1829,0.1829,2,90,2,149952,455658,3847,104109,4.220775130608766,0.18598631216202455
1830,0.183,6,90,6,150042,455568,3853,104103,4.2199414576308865,0.18600749368825614
1831,0.1831,4,91,4,150133,455477,3857,104099,4.2190985216199195,0.18603192417115816
1832,0.1832,3,81,3,150214,455396,3860,104096,4.218348215939828,0.186054492289434
1833,0.1833,6,93,6,150307,455303,3866,104090,4.217486753862685,0.1860766938449355
1834,0.1834,4,105,4,150412,455198,3870,104086,4.216514135388492,0.1861058067100078
1835,0.1835,10,97,10,150509,455101,3880,104076,4.215615621178999,0.1861235351239411
1836,0.1836,5,81,5,150590,455020,3885,104071,4.214865315498907,0.1861432217653298
1837,0.1837,5,93,5,150683,454927,3890,104066,4.214003853421764,0.186166910855771
1838,0.1838,6,101,6,150784,454826,3896,104060,4.213068287079921,0.1861918172936878
1839,0.1839,3,81,3,150865,454745,3899,104057,4.2123179813998295,0.18621443731411125
1840,0.184,5,102,5,150967,454643,3904,104052,4.211373152024899,0.18624115125426216
1841,0.1841,4,107,4,151074,454536,3908,104048,4.21038200748453,0.18627099952737636
1842,0.1842,4,92,4,151166,454444,3912,104044,4.209529808440475,0.18629585595393275
1843,0.1843,2,104,2,151270,454340,3914,104042,4.20856645299937,0.18632763950127332
1844,0.1844,4,118,4,151388,454222,3918,104038,4.207473415095039,0.18636119370902446
1845,0.1845,6,97,6,151485,454125,3924,104032,4.2065749008855455,0.1863848343745577
1846,0.1846,7,89,7,151574,454036,3931,104025,4.205750490940754,0.18640435364592758
1847,0.1847,3,91,3,151665,453945,3934,104022,4.204907554929786,0.18643038029130754
1848,0.1848,2,97,2,151762,453848,3936,104020,4.204009040720293,0.1864598793979938
1849,0.1849,6,104,6,151866,453744,3942,104014,4.2030456852791875,0.18648589531660684
1850,0.185,2,83,2,151949,453661,3944,104012,4.202276853532921,0.18651073299227325
1851,0.1851,2,105,2,152054,453556,3946,104010,4.2013042350587275,0.18654293841446573
1852,0.1852,6,94,6,152148,453462,3952,104004,4.200433509948498,0.18656563808375756
1853,0.1853,4,95,4,152243,453367,3956,104000,4.19955352180518,0.18659159943089562
1854,0.1854,2,93,2,152336,453274,3958,103998,4.198692059728037,0.18661981940596334
1855,0.1855,4,109,4,152445,453165,3962,103994,4.197682389121494,0.18665048935761605
1856,0.1856,6,92,6,152537,453073,3968,103988,4.1968301900774385,0.18667255471124347
1857,0.1857,5,77,5,152614,452996,3973,103983,4.196116936529697,0.18669106016564357
1858,0.1858,3,80,3,152694,452916,3976,103980,4.195375893882693,0.18671349767281503
1859,0.1859,5,97,5,152791,452819,3981,103975,4.1944773796732004,0.1867387220408266
1860,0.186,2,88,2,152879,452731,3983,103973,4.193662232761495,0.18676531873311492
1861,0.1861,2,101,2,152980,452630,3985,103971,4.192726666419652,0.18679628674759838
1862,0.1862,4,91,4,153071,452539,3989,103967,4.191883730408685,0.18682098665602886
1863,0.1863,5,100,5,153171,452439,3994,103962,4.19095742709993,0.18684725584605347
1864,0.1864,3,116,3,153287,452323,3997,103959,4.189882915261773,0.18688183331475763
1865,0.1865,8,87,8,153374,452236,4005,103951,4.189077031383156,0.18689937017585811
1866,0.1866,2,96,2,153470,452140,4007,103949,4.188187780206751,0.1869287110516482
1867,0.1867,3,103,3,153573,452037,4010,103946,4.187233687798733,0.18695895378096092
1868,0.1868,8,88,8,153661,451949,4018,103938,4.186418540887028,0.18697684961152178
1869,0.1869,2,88,2,153749,451861,4020,103936,4.185603393975323,0.18700352826661532
1870,0.187,4,107,4,153856,451754,4024,103932,4.184612249434955,0.18703368449088154
1871,0.1871,2,98,2,153954,451656,4026,103930,4.183704472192375,0.1870637489065599
1872,0.1872,2,81,2,154035,451575,4028,103928,4.182954166512283,0.18708809853412134
1873,0.1873,5,79,5,154114,451496,4033,103923,4.182222386898366,0.18710739099670698
1874,0.1874,6,90,6,154204,451406,4039,103917,4.181388713920486,0.1871289321710068
1875,0.1875,10,99,10,154303,451307,4049,103907,4.180471673644818,0.18714765838037226
1876,0.1876,1,95,1,154398,451212,4050,103906,4.1795916855015,0.1871782215673064
1877,0.1877,3,84,3,154482,451128,4053,103903,4.178813590722146,0.18720215627595577
1878,0.1878,1,110,1,154592,451018,4054,103902,4.177794657082515,0.18723780004324947
1879,0.1879,4,82,4,154674,450936,4058,103898,4.177035088369336,0.18725961278508527
1880,0.188,3,89,3,154763,450847,4061,103895,4.176210678424543,0.18728526053552821
1881,0.1881,1,78,1,154841,450769,4062,103894,4.175488161843714,0.18731013245880831
1882,0.1882,5,81,5,154922,450688,4067,103889,4.174737856163622,0.18733016334972422
1883,0.1883,2,96,2,155018,450592,4069,103887,4.173848604987217,0.187359665559922
1884,0.1884,3,95,3,155113,450497,4072,103884,4.1729686168438995,0.18738737438692885
1885,0.1885,2,102,2,155215,450395,4074,103882,4.1720237874689685,0.18741892591610332
1886,0.1886,3,88,3,155303,450307,4077,103879,4.171208640557264,0.18744428765793433
1887,0.1887,3,99,3,155402,450208,4080,103876,4.170291600281597,0.18747337948758672
1888,0.1888,5,96,5,155498,450112,4085,103871,4.169402349105191,0.18749853334849625
1889,0.1889,4,90,4,155588,450022,4089,103867,4.168568676127311,0.18752313189104677
1890,0.189,3,82,3,155670,449940,4092,103864,4.167809107414132,0.187546496594463
1891,0.1891,8,100,8,155770,449840,4100,103856,4.166882804105376,0.18756862971739005
1892,0.1892,4,103,4,155873,449737,4104,103852,4.165928711697358,0.1875976581904626
1893,0.1893,6,87,6,155960,449650,4110,103846,4.165122827818741,0.1876183387052481
1894,0.1894,5,106,5,156066,449544,4115,103841,4.16414094631146,0.18764693658122283
1895,0.1895,9,91,9,156157,449453,4124,103832,4.163298010300493,0.18766458515954706
1896,0.1896,2,100,2,156257,449353,4126,103830,4.162371706991737,0.1876955727128274
1897,0.1897,6,82,6,156339,449271,4132,103824,4.161612138278558,0.18771458790985274
1898,0.1898,2,73,2,156412,449198,4134,103822,4.160935936863167,0.18773642906224006
1899,0.1899,2,118,2,156530,449080,4136,103820,4.159842898958835,0.18777355760535358
1900,0.19,5,85,5,156615,448995,4141,103815,4.159055541146393,0.18779508330167688
1901,0.1901,7,85,7,156700,448910,4148,103808,4.158268183333951,0.1878136771373467
1902,0.1902,3,74,3,156774,448836,4151,103805,4.157582718885472,0.1878344169180354
1903,0.1903,7,113,7,156887,448723,4158,103798,4.156535996146578,0.18786254278117936
1904,0.1904,3,78,3,156965,448645,4161,103795,4.155813479565749,0.18788465715733835
1905,0.1905,5,91,5,157056,448554,4166,103790,4.154970543554781,0.18790826006981157
1906,0.1906,4,85,4,157141,448469,4170,103786,4.1541831857423395,0.18793129985242324
1907,0.1907,7,90,7,157231,448379,4177,103779,4.15334951276446,0.18795163703142942
1908,0.1908,2,89,2,157320,448290,4179,103777,4.152525102819667,0.18797899530310633
1909,0.1909,9,96,9,157416,448194,4188,103768,4.151635851643262,0.1879984491686022
1910,0.191,1,98,1,157514,448096,4189,103767,4.150728074400682,0.18803036260811107
1911,0.1911,6,99,6,157613,447997,4195,103761,4.149811034125014,0.18805527060776644
1912,0.1912,4,88,4,157701,447909,4199,103757,4.148995887213309,0.1880793813648113
1913,0.1913,3,113,3,157814,447796,4202,103754,4.147949164474415,0.18811349832290816
1914,0.1914,5,80,5,157894,447716,4207,103749,4.147208121827411,0.18813342641872105
1915,0.1915,5,88,5,157982,447628,4212,103744,4.146392974915706,0.18815609062484132
1916,0.1916,3,89,3,158071,447539,4215,103741,4.145568564970914,0.18818204904948482
1917,0.1917,5,105,5,158176,447434,4220,103736,4.144595946496721,0.1882105339550411
1918,0.1918,2,84,2,158260,447350,4222,103734,4.143817851717366,0.18823627613939073
1919,0.1919,4,88,4,158348,447262,4226,103730,4.143002704805662,0.18826044661265498
1920,0.192,4,104,4,158452,447158,4230,103726,4.1420393493645555,0.18829009374024294
1921,0.1921,3,102,3,158554,447056,4233,103723,4.141094519989625,0.18832054235909504
1922,0.1922,9,97,9,158651,446959,4242,103714,4.140196005780132,0.18834044886892948
1923,0.1923,7,98,7,158749,446861,4249,103707,4.139288228537552,0.18836365353598467
1924,0.1924,3,92,3,158841,446769,4252,103704,4.138436029493497,0.1883907112610428
1925,0.1925,6,98,6,158939,446671,4258,103698,4.137528252250917,0.18841540857134031
1926,0.1926,5,93,5,159032,446578,4263,103693,4.136666790173774,0.18843987780566301
1927,0.1927,5,90,5,159122,446488,4268,103688,4.135833117195895,0.1884633280986448
1928,0.1928,1,98,1,159220,446390,4269,103687,4.134925339953314,0.18849542882178313
1929,0.1929,6,103,6,159323,446287,4275,103681,4.133971247545296,0.18852187763651704
1930,0.193,9,106,9,159429,446181,4284,103672,4.132989366038015,0.18854493837443825
1931,0.1931,8,104,8,159533,446077,4292,103664,4.13202601059691,0.18856879876159865
1932,0.1932,4,85,4,159618,445992,4296,103660,4.131238652784468,0.18859205460909811
1933,0.1933,1,90,1,159708,445902,4297,103659,4.130404979806588,0.18862146331344473
1934,0.1934,6,98,6,159806,445804,4303,103653,4.129497202564008,0.18864624529308027
1935,0.1935,7,96,7,159902,445708,4310,103646,4.128607951387602,0.188668872894345
1936,0.1936,4,91,4,159993,445617,4314,103642,4.127765015376635,0.1886942225798758
1937,0.1937,7,99,7,160092,445518,4321,103635,4.126847975100967,0.1887178982906403
1938,0.1938,4,92,4,160184,445426,4325,103631,4.125995776056912,0.18874360949773886
1939,0.1939,4,83,4,160267,445343,4329,103627,4.125226944310645,0.18876623494908648
1940,0.194,4,110,4,160377,445233,4333,103623,4.124208010671014,0.18879815470724562
1941,0.1941,3,84,3,160461,445149,4336,103620,4.123429915891659,0.18882261935349848
1942,0.1942,6,91,6,160552,445058,4342,103614,4.122586979880692,0.18884506590458416
1943,0.1943,2,87,2,160639,444971,4344,103612,4.121781096002075,0.18887205764670068
1944,0.1944,3,83,3,160722,444888,4347,103609,4.121012264255808,0.18889620180237995
1945,0.1945,9,105,9,160827,444783,4356,103600,4.120039645781615,0.1889190583953186
1946,0.1946,1,85,1,160912,444698,4357,103599,4.119252287969172,0.18894686638810718
1947,0.1947,8,103,8,161015,444595,4365,103591,4.118298195561154,0.18897053189975666
1948,0.1948,5,95,5,161110,444500,4370,103586,4.1174182074178365,0.18899588750670515
1949,0.1949,6,88,6,161198,444412,4376,103580,4.116603060506132,0.18901735791763383
1950,0.195,3,89,3,161287,444323,4379,103577,4.11577865056134,0.18904362109874065
1951,0.1951,5,104,5,161391,444219,4384,103572,4.114815295120234,0.18907210961844936
1952,0.1952,4,93,4,161484,444126,4388,103568,4.113953833043092,0.18909829211201876
1953,0.1953,6,88,6,161572,444038,4394,103562,4.113138686131387,0.18911979547114682
1954,0.1954,4,92,4,161664,443946,4398,103558,4.1122864870873315,0.18914565007744236
1955,0.1955,7,87,7,161751,443859,4405,103551,4.111480603208714,0.18916534224804077
1956,0.1956,4,97,4,161848,443762,4409,103547,4.110582088999222,0.18919294219535948
1957,0.1957,5,100,5,161948,443662,4414,103542,4.1096557856904665,0.1892201080401459
1958,0.1958,5,104,5,162052,443558,4419,103537,4.108692430249361,0.18924866796443032
1959,0.1959,3,100,3,162152,443458,4422,103534,4.107766126940605,0.1892788194342879
1960,0.196,5,113,5,162265,443345,4427,103529,4.106719404201712,0.18931051759637504
1961,0.1961,8,93,8,162358,443252,4435,103521,4.105857942124569,0.18933085576646982
1962,0.1962,4,80,4,162438,443172,4439,103517,4.105116899477565,0.18935263010596518
1963,0.1963,2,89,2,162527,443083,4441,103515,4.104292489532773,0.18938049535490434
1964,0.1964,3,95,3,162622,442988,4444,103512,4.103412501389455,0.18940896614821592
1965,0.1965,1,92,1,162714,442896,4445,103511,4.1025603023454,0.18943937394652705
1966,0.1966,9,92,9,162806,442804,4454,103502,4.101708103301345,0.18945792284909924
1967,0.1967,2,88,2,162894,442716,4456,103500,4.10089295638964,0.18948547827233184
1968,0.1968,4,88,4,162982,442628,4460,103496,4.100077809477935,0.18951007463506456
1969,0.1969,6,118,6,163100,442510,4466,103490,4.098984771573604,0.18954212454212455
1970,0.197,3,99,3,163199,442411,4469,103487,4.098067731297936,0.1895720445944114
1971,0.1971,8,91,8,163290,442320,4477,103479,4.0972247952869685,0.18959177279547965
1972,0.1972,9,91,9,163381,442229,4486,103470,4.0963818592760015,0.18961002310797712
1973,0.1973,2,87,2,163468,442142,4488,103468,4.095575975397384,0.18963728670662194
1974,0.1974,4,99,4,163567,442043,4492,103464,4.094658935121716,0.18966576047603423
1975,0.1975,5,103,5,163670,441940,4497,103459,4.093704842713699,0.18969415052099473
1976,0.1976,5,104,5,163774,441836,4502,103454,4.092741487272592,0.189722899741422
1977,0.1977,2,90,2,163864,441746,4504,103452,4.0919078142947125,0.18975124633619345
1978,0.1978,3,100,3,163964,441646,4507,103449,4.090981510985957,0.18978159770315267
1979,0.1979,5,113,5,164077,441533,4512,103444,4.089934788247064,0.18981351506577343
1980,0.198,4,104,4,164181,441429,4516,103440,4.088971432805958,0.18984379731641918
1981,0.1981,4,99,4,164280,441330,4520,103436,4.08805439253029,0.1898723488617131
1982,0.1982,2,103,2,164383,441227,4522,103434,4.087100300122272,0.1899052805322944
1983,0.1983,4,88,4,164471,441139,4526,103430,4.086285153210567,0.18993001805097243
1984,0.1984,7,101,7,164572,441038,4533,103423,4.085349586868724,0.1899548360672298
1985,0.1985,9,95,9,164667,440943,4542,103414,4.0844695987254065,0.18997459387864948
1986,0.1986,2,88,2,164755,440855,4544,103412,4.083654451813702,0.19000233341356357
1987,0.1987,7,96,7,164851,440759,4551,103405,4.082765200637296,0.19002543350901566
1988,0.1988,6,100,6,164951,440659,4557,103399,4.0818388973285415,0.19005142834036076
1989,0.1989,4,75,4,165026,440584,4561,103395,4.081144169846975,0.1900716755610051
1990,0.199,6,98,6,165124,440486,4567,103389,4.0802363926043945,0.19009698919788554
1991,0.1991,3,81,3,165205,440405,4570,103386,4.079486086924303,0.19012083686563405
1992,0.1992,6,114,6,165319,440291,4576,103380,4.078430101152321,0.19015176457820998
1993,0.1993,8,95,8,165414,440196,4584,103372,4.0775501130090035,0.19017307862125807
1994,0.1994,3,97,3,165511,440099,4587,103369,4.076651598799511,0.19020255102416334
1995,0.1995,9,87,9,165598,440012,4596,103360,4.075845714920893,0.19021959173457595
1996,0.1996,5,101,5,165699,439911,4601,103355,4.07491014857905,0.19024750306479699
1997,0.1997,5,96,5,165795,439815,4606,103350,4.0740208974026455,0.19027367374554693
1998,0.1998,5,88,5,165883,439727,4611,103345,4.073205750490941,0.1902970508514525
1999,0.1999,6,89,6,165972,439638,4617,103339,4.072381340546149,0.1903192952924341
2000,0.2,5,92,5,166064,439546,4622,103334,4.0715291415020936,0.19034409077512526
2001,0.2001,4,81,4,166145,439465,4626,103330,4.070778835822002,0.19036652880000737
2002,0.2002,5,98,5,166243,439367,4631,103325,4.069871058579421,0.19039344600620609
2003,0.2003,3,103,3,166346,439264,4634,103322,4.068916966171403,0.19042511233242287
2004,0.2004,2,87,2,166433,439177,4636,103320,4.068111082292786,0.1904526660976927
2005,0.2005,5,87,5,166520,439090,4641,103315,4.067305198414169,0.19047575151409002
2006,0.2006,4,105,4,166625,438985,4645,103311,4.066332579939975,0.19050666056913568
2007,0.2007,6,98,6,166723,438887,4651,103305,4.065424802697395,0.1905321362174285
2008,0.2008,6,102,6,166825,438785,4657,103299,4.064479973322465,0.1905590277521565
2009,0.2009,7,90,7,166915,438695,4664,103292,4.063646300344585,0.19058021686867027
2010,0.201,4,83,4,166998,438612,4668,103288,4.062877468598318,0.1906034323675955
2011,0.2011,7,88,7,167086,438524,4675,103281,4.062062321686613,0.19062393296481206
2012,0.2012,10,100,10,167186,438424,4685,103271,4.061136018377858,0.1906441816889578
2013,0.2013,7,87,7,167273,438337,4692,103264,4.060330134499241,0.19066434515445874
2014,0.2014,10,102,10,167375,438235,4702,103254,4.05938530512431,0.19068531401376573
2015,0.2015,3,106,3,167481,438129,4705,103251,4.058403423617029,0.19071816469023606
2016,0.2016,2,85,2,167566,438044,4707,103249,4.057616065804587,0.1907451232511782
2017,0.2017,7,93,7,167659,437951,4714,103242,4.056754603727445,0.1907674341685868
2018,0.2018,6,82,6,167741,437869,4720,103236,4.0559950350142655,0.19078737028857615
2019,0.2019,2,107,2,167848,437762,4722,103234,4.0550038904738965,0.19082211328734408
2020,0.202,7,95,7,167943,437667,4729,103227,4.054123902330579,0.19084515635226126
2021,0.2021,10,94,10,168037,437573,4739,103217,4.053253177220349,0.19086336655633426
2022,0.2022,6,89,6,168126,437484,4745,103211,4.052428767275557,0.19088580438139802
2023,0.2023,8,105,8,168231,437379,4753,103203,4.051456148801363,0.19091090713342287
2024,0.2024,8,80,8,168311,437299,4761,103195,4.050715106154359,0.19092718883095836
2025,0.2025,4,91,4,168402,437208,4765,103191,4.0498721701433915,0.1909533511349947
2026,0.2026,6,92,6,168494,437116,4771,103185,4.049019971099336,0.19097688140499464
2027,0.2027,5,95,5,168589,437021,4776,103180,4.048139982956019,0.19100297852095793
2028,0.2028,4,107,4,168696,436914,4780,103176,4.047148838415651,0.1910348275287452
2029,0.2029,7,93,7,168789,436821,4787,103169,4.046287376338508,0.19105724180077407
2030,0.203,5,96,5,168885,436725,4792,103164,4.045398125162103,0.19108372276523508
2031,0.2031,5,92,5,168977,436633,4797,103159,4.044545926118048,0.19110879746272638
2032,0.2032,6,85,6,169062,436548,4803,103153,4.043758568305606,0.19112990340948044
2033,0.2033,2,87,2,169149,436461,4805,103151,4.0429526844269885,0.1911577207326746
2034,0.2034,1,78,1,169227,436383,4806,103150,4.042230167846159,0.19118385715053574
2035,0.2035,8,71,8,169298,436312,4814,103142,4.041572492496943,0.19119702514023437
2036,0.2036,7,104,7,169402,436208,4821,103135,4.040609137055838,0.1912233958723855
2037,0.2037,5,96,5,169498,436112,4826,103130,4.039719885879433,0.1912499397302139
2038,0.2038,9,86,9,169584,436026,4835,103121,4.038923265033903,0.19126694574948946
2039,0.2039,5,111,5,169695,435915,4840,103116,4.037895068361184,0.1912988306794971
2040,0.204,3,104,3,169799,435811,4843,103113,4.036931712920079,0.1913312452219608
2041,0.2041,6,101,6,169900,435710,4849,103107,4.035996146578236,0.19135810488533211
2042,0.2042,5,87,5,169987,435623,4854,103102,4.035190262699619,0.1913815026219314
2043,0.2043,5,90,5,170077,435533,4859,103097,4.034356589721739,0.1914059744165754
2044,0.2044,8,93,8,170170,435440,4867,103089,4.033495127644596,0.1914270169294504
2045,0.2045,3,109,3,170279,435331,4870,103086,4.032485457038052,0.19146126515321768
2046,0.2046,1,93,1,170372,435238,4871,103085,4.03162399496091,0.19149283980064014
2047,0.2047,6,104,6,170476,435134,4877,103079,4.030660639519804,0.19152082911412396
2048,0.2048,3,113,3,170589,435021,4880,103076,4.029613916780911,0.1915565409210607
2049,0.2049,4,96,4,170685,434925,4884,103072,4.028724665604505,0.19158471143891137
2050,0.205,7,97,7,170782,434828,4891,103065,4.027826151395013,0.19160874002822123
2051,0.2051,8,85,8,170867,434743,4899,103057,4.02703879358257,0.19162699888434362
2052,0.2052,9,78,9,170945,434665,4908,103048,4.026316277001741,0.1916412658797537
2053,0.2053,0,90,0,171035,434575,4908,103048,4.025482604023861,0.1916733473084299
2054,0.2054,3,107,3,171142,434468,4911,103045,4.024491459483493,0.19170699127276922
2055,0.2055,4,95,4,171237,434373,4915,103041,4.023611471340176,0.19173486362469158
2056,0.2056,2,96,2,171333,434277,4917,103039,4.022722220163771,0.19176611156191142
2057,0.2057,3,110,3,171443,434167,4920,103036,4.021703286524139,0.1918008648499729
2058,0.2058,1,94,1,171537,434073,4921,103035,4.0208325614139095,0.19183292745593064
2059,0.2059,4,96,4,171633,433977,4925,103031,4.019943310237504,0.1918612013228853
2060,0.206,8,89,8,171722,433888,4933,103023,4.019118900292712,0.19188096351164347
2061,0.2061,6,93,6,171815,433795,4939,103017,4.018257438215569,0.19190517350580835
2062,0.2062,5,93,5,171908,433702,4944,103012,4.017395976138427,0.19193089802017463
2063,0.2063,8,124,8,172032,433578,4952,103004,4.01624736003557,0.19196320413282592
2064,0.2064,4,83,4,172115,433495,4956,103000,4.015478528289303,0.19198687779010057
2065,0.2065,8,104,8,172219,433391,4964,102992,4.014515172848197,0.19201205109035893
2066,0.2066,1,92,1,172311,433299,4965,102991,4.013662973804142,0.19204348393593018
2067,0.2067,3,79,3,172390,433220,4968,102988,4.012931194190226,0.1920672574821711
2068,0.2068,7,93,7,172483,433127,4975,102981,4.012069732113083,0.192090026636424
2069,0.2069,2,85,2,172568,433042,4977,102979,4.011282374300641,0.19211747300945298
2070,0.207,3,96,3,172664,432946,4980,102976,4.010393123124236,0.1921473647284493
2071,0.2071,6,102,6,172766,432844,4986,102970,4.009448293749306,0.19217489651259578
2072,0.2072,5,105,5,172871,432739,4991,102965,4.008475675275112,0.19220502366978778
2073,0.2073,4,101,4,172972,432638,4995,102961,4.007540108933269,0.19223523568938702
2074,0.2074,5,86,5,173058,432552,5000,102956,4.006743488087739,0.1922585656983649
2075,0.2075,6,104,6,173162,432448,5006,102950,4.005780132646634,0.1922868594951793
2076,0.2076,2,98,2,173260,432350,5008,102948,4.0048723554040535,0.1923190447190163
2077,0.2077,6,81,6,173341,432269,5014,102942,4.004122049723962,0.19233909616954808
2078,0.2078,6,88,6,173429,432181,5020,102936,4.003306902812257,0.19236167043842747
2079,0.2079,5,92,5,173521,432089,5025,102931,4.002454703768202,0.1923872004784868
2080,0.208,6,86,6,173607,432003,5031,102925,4.001658082922672,0.19240907187509346
2081,0.2081,6,87,6,173694,431916,5037,102919,4.000852199044055,0.1924313105911169
2082,0.2082,5,76,5,173770,431840,5042,102914,4.000148208529401,0.19245110836010576
2083,0.2083,4,86,4,173856,431754,5046,102910,3.9993515876838712,0.19247602232430086
2084,0.2084,7,89,7,173945,431665,5053,102903,3.9985271777390787,0.19249749330300356
2085,0.2085,4,106,4,174051,431559,5057,102899,3.9975452962317983,0.19252962814664576
2086,0.2086,8,89,8,174140,431470,5065,102891,3.996720886287006,0.19254960597798118
2087,0.2087,4,87,4,174227,431383,5069,102887,3.9959150024083887,0.1925749153049956
2088,0.2088,5,88,5,174315,431295,5074,102882,3.995099855496684,0.19259908232664455
2089,0.2089,6,92,6,174407,431203,5080,102876,3.994247656452629,0.19262318870429282
2090,0.209,3,105,3,174512,431098,5083,102873,3.9932750379784356,0.1926565300362754
2091,0.2091,7,90,7,174602,431008,5090,102866,3.992441365000556,0.19267842224944462
2092,0.2092,8,79,8,174681,430929,5098,102858,3.991709585386639,0.19269483895261594
2093,0.2093,5,114,5,174795,430815,5103,102853,3.990653599614658,0.1927284379052145
2094,0.2094,6,93,6,174888,430722,5109,102847,3.989792137537515,0.19275295228920722
2095,0.2095,7,87,7,174975,430635,5116,102840,3.988986253658898,0.19277379446084633
2096,0.2096,10,85,10,175060,430550,5126,102830,3.988198895846456,0.1927893809291687
2097,0.2097,5,88,5,175148,430462,5131,102825,3.987383748934751,0.19281362568373128
2098,0.2098,4,94,4,175242,430368,5135,102821,3.986513023824521,0.19284156274791867
2099,0.2099,2,96,2,175338,430272,5137,102819,3.985623772648116,0.19287326178832506
2100,0.21,2,99,2,175437,430173,5139,102817,3.984706732372448,0.19290605827501453
2101,0.2101,5,121,5,175558,430052,5144,102812,3.983585905368854,0.19294228921450876
2102,0.2102,3,110,3,175668,429942,5147,102809,3.982566971729223,0.19297758239778057
2103,0.2103,8,86,8,175754,429856,5155,102801,3.9817703508836932,0.19299661883726302
2104,0.2104,7,86,7,175840,429770,5162,102794,3.980973730038164,0.19301717727822384
2105,0.2105,3,105,3,175945,429665,5165,102791,3.9800011115639706,0.19305069339062758
2106,0.2106,10,96,10,176041,429569,5175,102781,3.9791118603875653,0.19307034845496385
2107,0.2107,2,74,2,176115,429495,5177,102779,3.978426395939086,0.1930941582718675
2108,0.2108,7,90,7,176205,429405,5184,102772,3.9775927229612065,0.19311620006125782
2109,0.2109,6,84,6,176289,429321,5190,102766,3.976814628181852,0.19313758840189668
2110,0.211,5,93,5,176382,429228,5195,102761,3.975953166104709,0.1931637684237832
2111,0.2111,7,80,7,176462,429148,5202,102754,3.975212123457705,0.19318220273659434
2112,0.2112,5,91,5,176553,429057,5207,102749,3.9743691874467375,0.19320767347491377
2113,0.2113,6,95,6,176648,428962,5213,102743,3.97348919930342,0.19323308977722609
2114,0.2114,7,104,7,176752,428858,5220,102736,3.9725258438623143,0.19326027005571922
2115,0.2115,3,92,3,176844,428766,5223,102733,3.9716736448182592,0.1932891689354072
2116,0.2116,5,118,5,176962,428648,5228,102728,3.970580606913928,0.19332450091837042
2117,0.2117,4,101,4,177063,428547,5232,102724,3.969645040572085,0.19335518031287233
2118,0.2118,5,86,5,177149,428461,5237,102719,3.968848419726555,0.19337889227757069
2119,0.2119,3,95,3,177244,428366,5240,102716,3.9679684315832375,0.1934089274349347
2120,0.212,2,96,2,177340,428270,5242,102714,3.9670791804068326,0.19344085697497476
2121,0.2121,4,99,4,177439,428171,5246,102710,3.9661621401311646,0.19347085316671722
2122,0.2122,2,94,2,177533,428077,5248,102708,3.9652914150209346,0.19350207711220174
2123,0.2123,3,92,3,177625,427985,5251,102705,3.9644392159768795,0.19353106333264242
2124,0.2124,5,97,5,177722,427888,5256,102700,3.963540701767387,0.19355884415026348
2125,0.2125,2,88,2,177810,427800,5258,102698,3.962725554855682,0.19358791173576526
2126,0.2126,9,68,9,177878,427732,5267,102689,3.9620956686057283,0.19359904679490442
2127,0.2127,5,106,5,177984,427626,5272,102684,3.9611137870984474,0.19363014086100583
2128,0.2128,9,87,9,178071,427539,5281,102675,3.9603079032198303,0.19364822505629803
2129,0.2129,5,101,5,178172,427438,5286,102670,3.9593723368779874,0.19367751477057504
2130,0.213,6,115,6,178287,427323,5292,102664,3.9583070880729188,0.19371041176481688
2131,0.2131,3,93,3,178380,427230,5295,102661,3.957445625995776,0.19373984460955176
2132,0.2132,3,96,3,178476,427134,5298,102658,3.956556374819371,0.19377038535878233
2133,0.2133,3,80,3,178556,427054,5301,102655,3.9558153321723664,0.19379508371577603
2134,0.2134,5,96,5,178652,426958,5306,102650,3.9549260809959614,0.19382260086705638
2135,0.2135,2,99,2,178751,426859,5308,102648,3.9540090407202935,0.19385579416324997
2136,0.2136,1,105,1,178856,426754,5309,102647,3.9530364222461003,0.1938927202630898
2137,0.2137,7,91,7,178947,426663,5316,102640,3.952193486235133,0.19391539439602648
2138,0.2138,3,99,3,179046,426564,5319,102637,3.951276445959465,0.19394710138491802
2139,0.2139,6,93,6,179139,426471,5325,102631,3.9504149838823226,0.19397205075769888
2140,0.214,2,89,2,179228,426382,5327,102629,3.94959057393753,0.19400163701699966
2141,0.2141,6,100,6,179328,426282,5333,102623,3.948664270628775,0.1940291734810599
2142,0.2142,5,79,5,179407,426203,5338,102618,3.947932491014858,0.19405053884017465
2143,0.2143,5,90,5,179497,426113,5343,102613,3.947098818036978,0.19407594860097668
2144,0.2144,6,94,6,179591,426019,5349,102607,3.946228092926748,0.19410131170241343
2145,0.2145,3,101,3,179692,425918,5352,102604,3.945292526584905,0.19413382981219324
2146,0.2146,6,78,6,179770,425840,5358,102598,3.944570010004076,0.19415333492292378
2147,0.2147,6,95,6,179865,425745,5364,102592,3.9436900218607582,0.19417909402521497
2148,0.2148,8,92,8,179957,425653,5372,102584,3.942837822816703,0.1942007091513847
2149,0.2149,3,102,3,180059,425551,5375,102581,3.9418929934417726,0.19423363856005696
2150,0.215,4,87,4,180146,425464,5379,102577,3.9410871095631554,0.19425953666476656
2151,0.2151,3,89,3,180235,425375,5382,102574,3.940262699618363,0.19428770582006974
2152,0.2152,6,100,6,180335,425275,5388,102568,3.9393363963096077,0.19431535513400766
2153,0.2153,5,97,5,180432,425178,5393,102563,3.9384378821001147,0.1943434374058487
2154,0.2154,5,87,5,180519,425091,5398,102558,3.9376319982214976,0.19436784680725255
2155,0.2155,6,114,6,180633,424977,5404,102552,3.9365760124495166,0.19440068697645058
2156,0.2156,3,96,3,180729,424881,5407,102549,3.9356867612731112,0.19443148853876344
2157,0.2157,7,81,7,180810,424800,5414,102542,3.9349364555930193,0.1944506601029313
2158,0.2158,7,78,7,180888,424722,5421,102535,3.93421393901219,0.19446873156733813
2159,0.2159,7,89,7,180977,424633,5428,102528,3.933389529067398,0.19449086711649763
2160,0.216,7,93,7,181070,424540,5435,102521,3.932528066990255,0.19451448693794457
2161,0.2161,9,101,9,181171,424439,5444,102512,3.9315925006484123,0.19453801207322882
2162,0.2162,5,103,5,181274,424336,5449,102507,3.9306384082403945,0.1945684008328857
2163,0.2163,3,91,3,181365,424245,5452,102504,3.9297954722294266,0.19459742685795323
2164,0.2164,5,93,5,181458,424152,5457,102499,3.9289340101522843,0.19462414388276106
2165,0.2165,4,100,4,181558,424052,5461,102495,3.9280077068435286,0.1946549880637436
2166,0.2166,3,74,3,181632,423978,5464,102492,3.92732224239505,0.19467775941649096
2167,0.2167,7,89,7,181721,423889,5471,102485,3.9264978324502575,0.19469996618374008
2168,0.2168,5,94,5,181815,423795,5476,102480,3.9256271073400275,0.19472709134957958
2169,0.2169,7,89,7,181904,423706,5483,102473,3.924802697395235,0.1947493153470587
2170,0.217,2,94,2,181998,423612,5485,102471,3.923931972285005,0.19478105165914883
2171,0.2171,6,103,6,182101,423509,5491,102465,3.9229778798769868,0.1948100096202474
2172,0.2172,6,117,6,182218,423392,5497,102459,3.921894105005743,0.19484416688377507
2173,0.2173,7,94,7,182312,423298,5504,102452,3.921023379895513,0.19486828340466
2174,0.2174,8,99,8,182411,423199,5512,102444,3.9201063396198452,0.19489273137852117
2175,0.2175,8,101,8,182512,423098,5520,102436,3.9191707732780023,0.19491793109484828
2176,0.2176,7,85,7,182597,423013,5527,102429,3.91838341546556,0.1949387372916516
2177,0.2177,4,99,4,182696,422914,5531,102425,3.917466375189892,0.19496934360479615
2178,0.2178,7,87,7,182783,422827,5538,102418,3.916660491311275,0.19499090900436938
2179,0.2179,3,113,3,182896,422714,5541,102415,3.9156137685723813,0.195028269244319
2180,0.218,2,96,2,182992,422618,5543,102413,3.914724517395976,0.19506086307284712
2181,0.2181,8,87,8,183079,422531,5551,102405,3.913918633517359,0.19508092415075362
2182,0.2182,5,102,5,183181,422429,5556,102400,3.9129738041424282,0.19511116954284158
2183,0.2183,8,104,8,183285,422325,5564,102392,3.9120104487013228,0.19513756939454982
2184,0.2184,8,98,8,183383,422227,5572,102384,3.9111026714587425,0.19516174841930498
2185,0.2185,3,89,3,183472,422138,5575,102381,3.91027826151395,0.195190260028712
2186,0.2186,8,77,8,183549,422061,5583,102373,3.9095650079662083,0.19520664182718894
2187,0.2187,5,105,5,183654,421956,5588,102368,3.908592389492015,0.19523805891013954
2188,0.2188,4,80,4,183734,421876,5592,102364,3.907851346845011,0.19526171219288876
2189,0.2189,4,89,4,183823,421787,5596,102360,3.9070269369002184,0.19528872625427598
2190,0.219,2,92,2,183915,421695,5598,102358,3.9061747378561638,0.19531993901380204
2191,0.2191,5,91,5,184006,421604,5603,102353,3.9053318018451963,0.19534618298829864
2192,0.2192,5,83,5,184089,421521,5608,102348,3.904562970098929,0.19536945305028547
2193,0.2193,2,94,2,184183,421427,5610,102346,3.903692244988699,0.19540144299152495
2194,0.2194,9,89,9,184272,421338,5619,102337,3.902867835043907,0.19542082398434144
2195,0.2195,3,94,3,184366,421244,5622,102334,3.9019971099336765,0.19545129856487475
2196,0.2196,2,111,2,184477,421133,5624,102332,3.900968913260958,0.1954896697964525
2197,0.2197,6,110,6,184587,421023,5630,102326,3.899949979621327,0.19552153534257255
2198,0.2198,4,95,4,184682,420928,5634,102322,3.8990699914780094,0.19555088389870998
2199,0.2199,10,101,10,184783,420827,5644,102312,3.8981344251361665,0.19557326064392064
2200,0.22,7,95,7,184878,420732,5651,102305,3.897254436992849,0.19559801696629492
2201,0.2201,7,76,7,184954,420656,5658,102298,3.896550446478195,0.19561567556611098
2202,0.2202,2,90,2,185044,420566,5660,102296,3.895716773500315,0.1956462699526835
2203,0.2203,3,82,3,185126,420484,5663,102293,3.8949572047871355,0.1956723421267577
2204,0.2204,7,92,7,185218,420392,5670,102286,3.8941050057430804,0.195696011693624
2205,0.2205,3,87,3,185305,420305,5673,102283,3.8932991218644633,0.19572397376135695
2206,0.2206,7,92,7,185397,420213,5680,102276,3.892446922820408,0.1957476616732601
2207,0.2207,5,85,5,185482,420128,5685,102271,3.8916595650079664,0.19577181426457554
2208,0.2208,2,98,2,185580,420030,5687,102269,3.890751787765386,0.195805467749316
2209,0.2209,5,76,5,185656,419954,5692,102264,3.8900477972507317,0.19582626412724188
2210,0.221,3,89,3,185745,419865,5695,102261,3.8892233873059396,0.1958550235000747
2211,0.2211,5,92,5,185837,419773,5700,102256,3.8883711882618845,0.19588183798218106
2212,0.2212,6,89,6,185926,419684,5706,102250,3.887546778317092,0.19590599577724388
2213,0.2213,7,98,7,186024,419586,5713,102243,3.8866390010745118,0.1959320007128772
2214,0.2214,5,94,5,186118,419492,5718,102238,3.8857682759642818,0.19595959595959597
2215,0.2215,8,82,8,186200,419410,5726,102230,3.885008707251102,0.19597806916647498
2216,0.2216,5,88,5,186288,419322,5731,102225,3.8841935603393973,0.19600342826245765
2217,0.2217,7,82,7,186370,419240,5738,102218,3.883433991626218,0.19602345730624518
2218,0.2218,4,94,4,186464,419146,5742,102214,3.882563266515988,0.19605263157894737
2219,0.2219,7,95,7,186559,419051,5749,102207,3.8816832783726705,0.19607756619562675
2220,0.222,9,83,9,186642,418968,5758,102198,3.880914446626403,0.19609491025891942
2221,0.2221,7,94,7,186736,418874,5765,102191,3.880043721516173,0.1961194860526038
2222,0.2222,2,85,2,186821,418789,5767,102189,3.879256363703731,0.19614839782102123
2223,0.2223,5,105,5,186926,418684,5772,102184,3.878283745229538,0.1961802222444074
2224,0.2224,4,94,4,187020,418590,5776,102180,3.8774130201193078,0.19620945907022294
2225,0.2225,7,88,7,187108,418502,5783,102173,3.876597873207603,0.19623181447159938
2226,0.2226,6,89,6,187197,418413,5789,102167,3.875773463262811,0.1962560989665373
2227,0.2227,4,96,4,187293,418317,5793,102163,3.8748842120864055,0.19628612050415
2228,0.2228,3,104,3,187397,418213,5796,102160,3.8739208566453,0.19632071610171933
2229,0.2229,8,95,8,187492,418118,5804,102152,3.8730408685019824,0.19634420589309398
2230,0.223,4,93,4,187585,418025,5808,102148,3.8721794064248396,0.19637312970876997
2231,0.2231,4,87,4,187672,417938,5812,102144,3.8713735225462225,0.19639979849331451
2232,0.2232,6,92,6,187764,417846,5818,102138,3.8705213235021674,0.19642527462383458
2233,0.2233,4,99,4,187863,417747,5822,102134,3.8696042832265,0.19645649677522356
2234,0.2234,6,96,6,187959,417651,5828,102128,3.8687150320500945,0.19648350548983318
2235,0.2235,4,87,4,188046,417564,5832,102124,3.8679091481714774,0.19651021382060005
2236,0.2236,3,84,3,188130,417480,5835,102121,3.867131053392123,0.19653734307670692
2237,0.2237,4,65,4,188195,417415,5839,102117,3.8665289562414316,0.19655574632553913
2238,0.2238,3,101,3,188296,417314,5842,102114,3.8655933898995887,0.19658932518077576
2239,0.2239,9,104,9,188400,417210,5851,102105,3.864630034458483,0.19661477138153144
2240,0.224,6,79,6,188479,417131,5857,102099,3.863898254844566,0.1966354024228184
2241,0.2241,3,110,3,188589,417021,5860,102096,3.8628793212049355,0.1966724264472171
2242,0.2242,7,83,7,188672,416938,5867,102089,3.862110489458668,0.19669304294381604
2243,0.2243,9,92,9,188764,416846,5876,102080,3.8612582904146135,0.19671398234044932
2244,0.2244,6,105,6,188869,416741,5882,102074,3.8602856719404204,0.19674450430307527
2245,0.2245,5,72,5,188941,416669,5887,102069,3.8596187335581162,0.19676406972305865
2246,0.2246,5,83,5,189024,416586,5892,102064,3.8588499018118494,0.1967878145184614
2247,0.2247,6,92,6,189116,416494,5898,102058,3.8579977027677943,0.19681343433252596
2248,0.2248,7,95,7,189211,416399,5905,102051,3.8571177146244766,0.1968386536792362
2249,0.2249,2,109,2,189320,416290,5907,102049,3.856108044017933,0.1968769473259778
2250,0.225,5,100,5,189420,416190,5912,102044,3.855181740709178,0.19690718864451193
2251,0.2251,4,97,4,189517,416093,5916,102040,3.854283226499685,0.19693785186428966
2252,0.2252,4,98,4,189615,415995,5920,102036,3.8533754492571046,0.19696890726616748
2253,0.2253,6,95,6,189710,415900,5926,102030,3.852495461113787,0.19699573301411388
2254,0.2254,3,94,3,189804,415806,5929,102027,3.851624736003557,0.1970268406996078
2255,0.2255,9,92,9,189896,415714,5938,102018,3.850772536959502,0.19704789350474763
2256,0.2256,3,91,3,189987,415623,5941,102015,3.8499296009485344,0.19707788068109375
2257,0.2257,6,94,6,190081,415529,5947,102009,3.8490588758383044,0.19710436721554744
2258,0.2258,7,94,7,190175,415435,5954,102002,3.8481881507280744,0.19712931236073183
2259,0.2259,3,90,3,190265,415345,5957,101999,3.8473544777501947,0.197158950330921
2260,0.226,7,100,7,190365,415245,5964,101992,3.846428174441439,0.19718620284318408
2261,0.2261,9,95,9,190460,415150,5973,101983,3.8455481862981213,0.1972084550782874
2262,0.2262,7,84,7,190544,415066,5980,101976,3.844770091518767,0.1972296254462887
2263,0.2263,1,94,1,190638,414972,5981,101975,3.843899366408537,0.19726393614819315
2264,0.2264,9,102,9,190740,414870,5990,101966,3.8429545370336062,0.1972888885449156
2265,0.2265,4,102,4,190842,414768,5994,101962,3.8420097076586757,0.1973216186402957
2266,0.2266,9,105,9,190947,414663,6003,101953,3.8410370891844825,0.19734773990739737
2267,0.2267,4,108,4,191055,414555,6007,101949,3.8400366816110267,0.19738278890386135
2268,0.2268,8,119,8,191174,414436,6015,101941,3.838934380673608,0.19741584152663655
2269,0.2269,4,89,4,191263,414347,6019,101937,3.8381099707288153,0.19744365504257347
2270,0.227,5,92,5,191355,414255,6024,101932,3.8372577716847607,0.19747107153027876
2271,0.2271,2,101,2,191456,414154,6026,101930,3.8363222053429173,0.19750660745150014
2272,0.2272,3,84,3,191540,414070,6029,101927,3.835544110563563,0.1975340941904701
2273,0.2273,4,89,4,191629,413981,6033,101923,3.8347197006187708,0.19756194950998635
2274,0.2274,5,91,5,191720,413890,6038,101918,3.8338767646078034,0.1975890253737825
2275,0.2275,4,98,4,191818,413792,6042,101914,3.832968987365223,0.19762034957902372
2276,0.2276,8,95,8,191913,413697,6050,101906,3.8320889992219054,0.1976443116118409
2277,0.2277,4,100,4,192013,413597,6054,101902,3.8311626959131497,0.19767642614243675
2278,0.2278,5,92,5,192105,413505,6059,101897,3.8303104968690946,0.1977039281958549
2279,0.2279,2,88,2,192193,413417,6061,101895,3.82949534995739,0.19773457633433725
2280,0.228,4,85,4,192278,413332,6065,101891,3.828707992144948,0.19776096952193517
2281,0.2281,6,95,6,192373,413237,6071,101885,3.8278280040016304,0.19778809680036963
2282,0.2282,3,99,3,192472,413138,6074,101882,3.8269109637259624,0.19782144382742417
2283,0.2283,6,85,6,192557,413053,6080,101876,3.82612360591352,0.19784475141233063
2284,0.2284,4,93,4,192650,412960,6084,101872,3.825262143836378,0.19787425801038008
2285,0.2285,5,100,5,192750,412860,6089,101867,3.824335840527622,0.19790490881574116
2286,0.2286,3,106,3,192856,412754,6092,101864,3.823353959020342,0.19794099701137544
2287,0.2287,9,87,9,192943,412667,6101,101855,3.8225480751417242,0.1979604370658592
2288,0.2288,3,99,3,193042,412568,6104,101852,3.8216310348660567,0.19799385715951945
2289,0.2289,7,92,7,193134,412476,6111,101845,3.8207788358220016,0.198018358184869
2290,0.229,10,83,10,193217,412393,6121,101835,3.8200100040757348,0.19803472389679286
2291,0.2291,4,109,4,193326,412284,6125,101831,3.8190003334691913,0.19807047061455121
2292,0.2292,8,100,8,193426,412184,6133,101823,3.8180740301604357,0.19809652397729993
2293,0.2293,2,93,2,193519,412091,6135,101821,3.8172125680832933,0.19812925170068027
2294,0.2294,4,89,4,193608,412002,6139,101817,3.816388158138501,0.19815732777495576
2295,0.2295,5,89,5,193697,411913,6144,101812,3.8155637481937084,0.19818385322886758
2296,0.2296,6,95,6,193792,411818,6150,101806,3.814683760050391,0.19821114278148996
2297,0.2297,2,87,2,193879,411731,6152,101804,3.8138778761717735,0.19824159989095194
2298,0.2298,4,101,4,193980,411630,6156,101800,3.8129423098299307,0.19827435093391504
2299,0.2299,1,73,1,194053,411557,6157,101799,3.8122661084145393,0.19830098411238983
2300,0.23,8,115,8,194168,411442,6165,101791,3.8112008596094706,0.19833292091506197
2301,0.2301,4,95,4,194263,411347,6169,101787,3.810320871466153,0.19836339045941215
2302,0.2302,5,97,5,194360,411250,6174,101782,3.8094223572566603,0.19839308269269754
2303,0.2303,7,94,7,194454,411156,6181,101775,3.80855163214643,0.19841850073401684
2304,0.2304,6,102,6,194556,411054,6187,101769,3.8076068027714993,0.19844858752435052
2305,0.2305,3,94,3,194650,410960,6190,101766,3.8067360776612693,0.19848027991558845
2306,0.2306,1,88,1,194738,410872,6191,101765,3.8059209307495645,0.19851278780111462
2307,0.2307,10,96,10,194834,410776,6201,101755,3.8050316795731596,0.1985343325574453
2308,0.2308,11,96,11,194930,410680,6212,101744,3.804142428396754,0.19855432220192654
2309,0.2309,6,102,6,195032,410578,6218,101738,3.8031975990218236,0.19858446739902716
2310,0.231,5,107,5,195139,410471,6223,101733,3.8022064544814556,0.19861812871434037
2311,0.2311,5,83,5,195222,410388,6228,101728,3.8014376227351883,0.19864249505971304
2312,0.2312,6,105,6,195327,410283,6234,101722,3.800465004260995,0.19867384107577074
2313,0.2313,6,107,6,195434,410176,6240,101716,3.799473859720627,0.1987059770420323
2314,0.2314,4,98,4,195532,410078,6244,101712,3.7985660824780467,0.19873776353582523
2315,0.2315,5,99,5,195631,409979,6249,101707,3.7976490422023788,0.19876838529879653
2316,0.2316,7,98,7,195729,409881,6256,101700,3.7967412649597985,0.19879549866003624
2317,0.2317,11,77,11,195806,409804,6267,101689,3.796028011412057,0.19880819483355588
2318,0.2318,7,106,7,195912,409698,6274,101682,3.795046129904776,0.19883843717001057
2319,0.2319,3,89,3,196001,409609,6277,101679,3.794221719959984,0.19886834817167623
2320,0.232,6,83,6,196084,409526,6283,101673,3.7934528882137166,0.19889123413778195
2321,0.2321,5,109,5,196193,409417,6288,101668,3.792443217607173,0.19892581468835907
2322,0.2322,6,92,6,196285,409325,6294,101662,3.791591018563118,0.19895222383348304
2323,0.2323,6,105,6,196390,409220,6300,101656,3.790618400088925,0.19898370641799576
2324,0.2324,3,103,3,196493,409117,6303,101653,3.789664307680907,0.19901912798324098
2325,0.2325,8,77,8,196570,409040,6311,101645,3.7889510541331655,0.19903658811204558
2326,0.2326,5,89,5,196659,408951,6316,101640,3.788126644188373,0.199063438250968
2327,0.2327,5,80,5,196739,408871,6321,101635,3.7873856015413687,0.19908678840209518
2328,0.2328,6,94,6,196833,408777,6327,101629,3.7865148764311387,0.19911403862807256
2329,0.2329,6,97,6,196930,408680,6333,101623,3.7856163622216457,0.1991424702578664
2330,0.233,7,92,7,197022,408588,6340,101616,3.784764163177591,0.1991673918667827
2331,0.2331,10,91,10,197113,408497,6350,101606,3.7839212271666236,0.19918722297261535
2332,0.2332,10,84,10,197197,408413,6360,101596,3.783143132387269,0.1992043277667649
2333,0.2333,5,103,5,197300,408310,6365,101591,3.782189039979251,0.19923671457792788
2334,0.2334,5,97,5,197397,408213,6370,101586,3.781290525769758,0.1992667698445858
2335,0.2335,8,90,8,197487,408123,6378,101578,3.780456852791878,0.19928938730746065
2336,0.2336,5,93,5,197580,408030,6383,101573,3.7795953907147357,0.19931790040482494
2337,0.2337,7,97,7,197677,407933,6390,101566,3.7786968765052427,0.19934484660421317
2338,0.2338,3,82,3,197759,407851,6393,101563,3.7779373077920635,0.1993722198447628
2339,0.2339,2,96,2,197855,407755,6395,101561,3.777048056615658,0.19940665520030787
2340,0.234,8,95,8,197950,407660,6403,101553,3.7761680684723404,0.19943127924856593
2341,0.2341,5,109,5,198059,407551,6408,101548,3.775158397865797,0.1994661156278052
2342,0.2342,8,108,8,198167,407443,6416,101540,3.7741579902923412,0.19949585742549358
2343,0.2343,12,86,12,198253,407357,6428,101528,3.7733613694468118,0.1995106949507256
2344,0.2344,9,93,9,198346,407264,6437,101519,3.772499907369669,0.1995330032646531
2345,0.2345,5,89,5,198435,407175,6442,101514,3.771675497424877,0.1995600455288005
2346,0.2346,5,88,5,198523,407087,6447,101509,3.770860350513172,0.19958670536142636
2347,0.2347,4,79,4,198602,407008,6451,101505,3.770128570899255,0.19961141603066196
2348,0.2348,3,82,3,198684,406926,6454,101502,3.769369002186076,0.19963888692204207
2349,0.2349,5,97,5,198781,406829,6459,101497,3.768470487976583,0.199669109980603
2350,0.235,4,82,4,198863,406747,6463,101493,3.7677109192634037,0.19969502597198174
2351,0.2351,7,94,7,198957,406653,6470,101486,3.7668401941531737,0.19972094249801728
2352,0.2352,2,75,2,199032,406578,6472,101484,3.766145466671607,0.19974727493888542
2353,0.2353,10,81,10,199113,406497,6482,101474,3.765395160991515,0.1997633723184985
2354,0.2354,5,98,5,199211,406399,6487,101469,3.7644873837489348,0.199794040971276
2355,0.2355,5,90,5,199301,406309,6492,101464,3.763653710771055,0.1998215738134954
2356,0.2356,3,94,3,199395,406215,6495,101461,3.7627829856608246,0.19985384379013388
2357,0.2357,6,81,6,199476,406134,6501,101455,3.762032679980733,0.19987627785472104
2358,0.2358,3,100,3,199576,406034,6504,101452,3.7611063766719774,0.19991093350358433
2359,0.2359,5,76,5,199652,405958,6509,101447,3.7604023861573235,0.19993299238281056
2360,0.236,7,104,7,199756,405854,6516,101440,3.7594390307162175,0.1999629406222033
2361,0.2361,4,93,4,199849,405761,6520,101436,3.758577568639075,0.19999329649031836
2362,0.2362,5,108,5,199957,405653,6525,101431,3.7575771610656195,0.20002800324995465
2363,0.2363,5,91,5,200048,405562,6530,101426,3.756734225054652,0.20005601710494134
2364,0.2364,7,95,7,200143,405467,6537,101419,3.7558542369113344,0.20008246430163784
2365,0.2365,4,99,4,200242,405368,6541,101415,3.7549371966356664,0.20011523669894216
2366,0.2366,1,105,1,200347,405263,6542,101414,3.753964578161473,0.20015512841514416
2367,0.2367,6,93,6,200440,405170,6548,101408,3.7531031160843304,0.20018240034111232
2368,0.2368,3,93,3,200533,405077,6551,101405,3.752241654007188,0.20021442025580377
2369,0.2369,7,90,7,200623,404987,6558,101398,3.7514079810293084,0.2002389486260454
2370,0.237,5,101,5,200724,404886,6563,101393,3.750472414687465,0.20027099682191044
2371,0.2371,3,84,3,200808,404802,6566,101390,3.7496943199081105,0.20029949110219047
2372,0.2372,6,91,6,200899,404711,6572,101384,3.748851383897143,0.20032602574615438
2373,0.2373,7,101,7,201000,404610,6579,101377,3.7479158175553002,0.20035494983072688
2374,0.2374,9,90,9,201090,404520,6588,101368,3.7470821445774205,0.20037636789170726
2375,0.2375,6,90,6,201180,404430,6594,101362,3.7462484715995408,0.20040253701126154
2376,0.2376,11,100,11,201280,404330,6605,101351,3.745322168290785,0.2004247737209822
2377,0.2377,5,93,5,201373,404237,6610,101346,3.744460706213643,0.2004537336105051
2378,0.2378,5,103,5,201476,404134,6615,101341,3.7435066138056245,0.20048667095306394
2379,0.2379,5,71,5,201547,404063,6620,101336,3.742848938456408,0.20050692621077604
2380,0.238,3,101,3,201648,403962,6623,101333,3.741913372114565,0.20054225749314758
2381,0.2381,4,98,4,201746,403864,6627,101329,3.741005594871985,0.2005748298175153
2382,0.2382,4,97,4,201843,403767,6631,101325,3.7401070806624923,0.20060701812739065
2383,0.2383,7,84,7,201927,403683,6638,101318,3.739328985883138,0.2006293056845432
2384,0.2384,8,95,8,202022,403588,6646,101310,3.73844899773982,0.20065438959948345
2385,0.2385,4,99,4,202121,403489,6650,101306,3.737531957464152,0.20068740775958557
2386,0.2386,5,90,5,202211,403399,6655,101301,3.7366982844862724,0.20071527640182288
2387,0.2387,7,106,7,202317,403293,6662,101294,3.7357164029789915,0.20074635295796364
2388,0.2388,11,90,11,202407,403203,6673,101283,3.7348827300011114,0.2007647387638111
2389,0.2389,5,91,5,202498,403112,6678,101278,3.734039793990144,0.2007930371339638
2390,0.239,5,88,5,202586,403024,6683,101273,3.733224647078439,0.20082015161700348
2391,0.2391,5,94,5,202680,402930,6688,101268,3.732353921968209,0.20084966620256328
2392,0.2392,6,82,6,202762,402848,6694,101262,3.73159435325503,0.2008728253754141
2393,0.2393,10,108,10,202870,402740,6704,101252,3.7305939456815738,0.20090001428594104
2394,0.2394,4,101,4,202971,402639,6708,101248,3.729658379339731,0.20093393955390793
2395,0.2395,4,101,4,203072,402538,6712,101244,3.728722812997888,0.20096787896351995
2396,0.2396,8,106,8,203178,402432,6720,101236,3.727740931490607,0.20099748246861027
2397,0.2397,4,93,4,203271,402339,6724,101232,3.726879469413465,0.2010282561942606
2398,0.2398,3,100,3,203371,402239,6727,101229,3.725953166104709,0.20106342409050823
2399,0.2399,6,101,6,203472,402138,6733,101223,3.7250175997628663,0.20109424448854799
2400,0.24,5,80,5,203552,402058,6738,101218,3.724276557115862,0.2011182730748138
2401,0.2401,5,85,5,203637,401973,6743,101213,3.72348919930342,0.20114430846645176
2402,0.2402,9,78,9,203715,401895,6752,101204,3.7227666827225905,0.20116120286464492
2403,0.2403,4,92,4,203807,401803,6756,101200,3.721914483678536,0.20119164299218892
2404,0.2404,7,95,7,203902,401708,6763,101193,3.721034495535218,0.20121853008842694
2405,0.2405,6,78,6,203980,401630,6769,101187,3.720311978954389,0.2012402126419751
2406,0.2406,10,93,10,204073,401537,6779,101177,3.7194505168772465,0.20126155229414736
2407,0.2407,6,96,6,204169,401441,6785,101171,3.718561265700841,0.20129045864404352
2408,0.2408,12,95,12,204264,401346,6797,101159,3.7176812775575234,0.20130943970706758
2409,0.2409,6,109,6,204373,401237,6803,101153,3.71667160695098,0.2013435776986007
2410,0.241,3,94,3,204467,401143,6806,101150,3.71580088184075,0.2013764874286522
2411,0.2411,5,94,5,204561,401049,6811,101145,3.71493015673052,0.2014062294651071
2412,0.2412,9,104,9,204665,400945,6820,101136,3.713966801289414,0.2014336332185444
2413,0.2413,9,102,9,204767,400843,6829,101127,3.7130219719144835,0.20146024662828454
2414,0.2414,7,99,7,204866,400744,6836,101120,3.712104931638816,0.2014888495688075
2415,0.2415,2,88,2,204954,400656,6838,101118,3.711289784727111,0.20152100347965418
2416,0.2416,4,100,4,205054,400556,6842,101114,3.7103634814183555,0.20155480694480435
2417,0.2417,6,103,6,205157,400453,6848,101108,3.7094093890103377,0.2015866464896593
2418,0.2418,9,93,9,205250,400360,6857,101099,3.708547926933195,0.2016097028869758
2419,0.2419,5,89,5,205339,400271,6862,101094,3.707723516988403,0.20163752954434394
2420,0.242,4,110,4,205449,400161,6866,101090,3.7067045833487717,0.2016754081288616
2421,0.2421,7,85,7,205534,400076,6873,101083,3.7059172255363295,0.2016984629628521
2422,0.2422,5,93,5,205627,399983,6878,101078,3.705055763459187,0.20172793332548333
2423,0.2423,3,83,3,205710,399900,6881,101075,3.70428693171292,0.20175657467937522
2424,0.2424,4,81,4,205791,399819,6885,101071,3.7035366260328284,0.2017828265687077
2425,0.2425,5,87,5,205878,399732,6890,101066,3.702730742154211,0.20180991138143523
2426,0.2426,3,88,3,205966,399644,6893,101063,3.701915595242506,0.20184059739528307
2427,0.2427,5,89,5,206055,399555,6898,101058,3.701091185297714,0.20186850920771135
2428,0.2428,5,110,5,206165,399445,6903,101053,3.700072251658083,0.20190490271689399
2429,0.2429,3,96,3,206261,399349,6906,101050,3.699183000481678,0.20193885279546922
2430,0.243,7,79,7,206340,399270,6913,101043,3.698451220867761,0.20195957330710976
2431,0.2431,3,93,3,206433,399177,6916,101040,3.6975897587906186,0.20199233532646832
2432,0.2432,4,89,4,206522,399088,6920,101036,3.696765348845826,0.20202189856915484
2433,0.2433,6,112,6,206634,398976,6926,101030,3.69572788914002,0.2020575753090963
2434,0.2434,10,95,10,206729,398881,6936,101020,3.6948479009967024,0.20208001184234478
2435,0.2435,7,87,7,206816,398794,6943,101013,3.694042017118085,0.2021040121486894
2436,0.2436,5,97,5,206913,398697,6948,101008,3.693143502908592,0.20213525980328395
2437,0.2437,1,93,1,207006,398604,6949,101007,3.69228204083145,0.20217128926304664
2438,0.2438,5,98,5,207104,398506,6954,101002,3.6913742635888696,0.20220296772023671
2439,0.2439,6,73,6,207177,398433,6960,100996,3.690698062173478,0.20222293859587648
2440,0.244,5,95,5,207272,398338,6965,100991,3.6898180740301605,0.20225342409513566
2441,0.2441,5,84,5,207356,398254,6970,100986,3.689039979250806,0.20227946478647543
2442,0.2442,11,110,11,207466,398144,6981,100975,3.688021045611175,0.20230646398954957
2443,0.2443,3,89,3,207555,398055,6984,100972,3.687196635666383,0.20233774926006007
2444,0.2444,9,94,9,207649,397961,6993,100963,3.6863259105561523,0.2023614819090683
2445,0.2445,7,94,7,207743,397867,7000,100956,3.6854551854459223,0.20238842234620297
2446,0.2446,7,91,7,207834,397776,7007,100949,3.684612249434955,0.20241415609805002
2447,0.2447,9,92,9,207926,397684,7016,100940,3.6837600503909,0.202437106918239
2448,0.2448,4,88,4,208014,397596,7020,100936,3.682944903479195,0.20246644147216228
2449,0.2449,3,99,3,208113,397497,7023,100933,3.6820278632035275,0.2025018558272977
2450,0.245,9,91,9,208204,397406,7032,100924,3.68118492719256,0.20252443160154918
2451,0.2451,5,102,5,208306,397304,7037,100919,3.6802400978176295,0.20255789074370312
2452,0.2452,5,88,5,208394,397216,7042,100914,3.6794249509059247,0.2025856704073234
2453,0.2453,10,98,10,208492,397118,7052,100904,3.6785171736633444,0.20260952327407222
2454,0.2454,6,92,6,208584,397026,7058,100898,3.6776649746192893,0.20263735027835572
2455,0.2455,9,88,9,208672,396938,7067,100889,3.6768498277075845,0.2026587549490084
2456,0.2456,5,85,5,208757,396853,7072,100884,3.6760624698951423,0.20268535391180484
2457,0.2457,4,100,4,208857,396753,7076,100880,3.675136166586387,0.20271967494117152
2458,0.2458,6,87,6,208944,396666,7082,100874,3.67433028270777,0.2027455078988624
2459,0.2459,9,100,9,209044,396566,7091,100865,3.6734039793990143,0.2027718417227716
2460,0.246,6,87,6,209131,396479,7097,100859,3.672598095520397,0.2027976949277956
2461,0.2461,6,97,6,209228,396382,7103,100853,3.6716995813109046,0.20282763683167918
2462,0.2462,2,91,2,209319,396291,7105,100851,3.670856645299937,0.2028615566578563
2463,0.2463,5,89,5,209408,396202,7110,100846,3.6700322353551447,0.20288986174373502
2464,0.2464,2,83,2,209491,396119,7112,100844,3.669263403608878,0.20292053935604865
2465,0.2465,9,68,9,209559,396051,7121,100835,3.668633517358924,0.20293387215578623
2466,0.2466,8,96,8,209655,395955,7129,100827,3.6677442661825186,0.2029602521830501
2467,0.2467,7,68,7,209723,395887,7136,100820,3.667114379932565,0.20297680523930606
2468,0.2468,1,90,1,209813,395797,7137,100819,3.6662807069546854,0.20301198511526009
2469,0.2469,7,99,7,209912,395698,7144,100812,3.6653636666790175,0.20304122776983344
2470,0.247,4,84,4,209996,395614,7148,100808,3.664585571899663,0.20306916292992655
2471,0.2471,6,84,6,210080,395530,7154,100802,3.6638074771203084,0.20309389682712378
2472,0.2472,4,84,4,210164,395446,7158,100798,3.663029382340954,0.20312185134732108
2473,0.2473,7,95,7,210259,395351,7165,100791,3.662149394197636,0.20314950155399059
2474,0.2474,5,102,5,210361,395249,7170,100786,3.6612045648227056,0.20318324311792516
2475,0.2475,4,77,4,210438,395172,7174,100782,3.660491311274964,0.20320836206583676
2476,0.2476,3,95,3,210533,395077,7177,100779,3.6596113231316463,0.20324247362137396
2477,0.2477,4,92,4,210625,394985,7181,100775,3.658759124087591,0.2032737614974988
2478,0.2478,7,115,7,210740,394870,7188,100768,3.6576938752825225,0.20330967359242028
2479,0.2479,2,90,2,210830,394780,7190,100766,3.656860202304643,0.2033433828544676
2480,0.248,9,80,9,210910,394700,7199,100757,3.656119159657638,0.20336174481337432
2481,0.2481,3,84,3,210994,394616,7202,100754,3.6553410648782836,0.20339140440478834
2482,0.2482,10,100,10,211094,394516,7212,100744,3.6544147615695284,0.20341638735209788
2483,0.2483,4,95,4,211189,394421,7216,100740,3.6535347734262107,0.20344897922089986
2484,0.2484,9,98,9,211287,394323,7225,100731,3.6526269961836304,0.20347477244906617
2485,0.2485,8,104,8,211391,394219,7233,100723,3.651663640742525,0.20350465307046078
2486,0.2486,4,93,4,211484,394126,7237,100719,3.650802178665382,0.20353646091200275
2487,0.2487,6,109,6,211593,394017,7243,100713,3.6497925080588387,0.20357164513977322
2488,0.2488,6,92,6,211685,393925,7249,100707,3.6489403090147836,0.2035998479677821
2489,0.2489,11,100,11,211785,393825,7260,100696,3.6480140057060284,0.20362330416706267
2490,0.249,3,93,3,211878,393732,7263,100693,3.6471525436288856,0.20365677301916368
2491,0.2491,7,79,7,211957,393653,7270,100686,3.646420764014969,0.20367804280058827
2492,0.2492,4,102,4,212059,393551,7274,100682,3.6454759346400385,0.203713633043524
2493,0.2493,7,82,7,212141,393469,7281,100675,3.644716365926859,0.2037361578811035
2494,0.2494,7,81,7,212222,393388,7288,100668,3.6439660602467674,0.20375827841378305
2495,0.2495,8,106,8,212328,393282,7296,100660,3.6429841787394865,0.20378910884273863
2496,0.2496,5,97,5,212425,393185,7301,100655,3.6420856645299935,0.20382107565203306
2497,0.2497,8,114,8,212539,393071,7309,100647,3.6410296787580125,0.2038552372001831
2498,0.2498,3,88,3,212627,392983,7312,100644,3.6402145318463077,0.20388674039304983
2499,0.2499,7,84,7,212711,392899,7319,100637,3.639436437066953,0.2039101504246904
2500,0.25,4,105,4,212816,392794,7323,100633,3.63846381859276,0.20394708842442752
2501,0.2501,6,106,6,212922,392688,7329,100627,3.637481937085479,0.20398122903215998
2502,0.2502,2,89,2,213011,392599,7331,100625,3.636657527140687,0.2040148086873307
2503,0.2503,4,109,4,213120,392490,7335,100621,3.6356478565341437,0.20405344841222361
2504,0.2504,7,89,7,213209,392401,7342,100614,3.634823446589351,0.20407898339807104
2505,0.2505,4,88,4,213297,392313,7346,100610,3.6340082996776464,0.20410895819428188
2506,0.2506,3,108,3,213405,392205,7349,100607,3.6330078921041906,0.20414884377815476
2507,0.2507,3,101,3,213506,392104,7352,100604,3.6320723257623477,0.20418584638365928
2508,0.2508,9,78,9,213584,392026,7361,100595,3.6313498091815184,0.20420363727896293
2509,0.2509,9,86,9,213670,391940,7370,100586,3.630553188335989,0.20422475158671827
2510,0.251,6,84,6,213754,391856,7376,100580,3.629775093556634,0.2042498923718006
2511,0.2511,4,79,4,213833,391777,7380,100576,3.6290433139427174,0.2042762002059498
2512,0.2512,5,93,5,213926,391684,7385,100571,3.628181851865575,0.20430671095265665
2513,0.2513,11,102,11,214028,391582,7396,100560,3.6272370224906445,0.2043312702431412
2514,0.2514,1,86,1,214114,391496,7397,100559,3.6264404016451146,0.20436536566034286
2515,0.2515,6,110,6,214224,391386,7403,100553,3.625421468005484,0.2044013587050427
2516,0.2516,5,92,5,214316,391294,7408,100548,3.624569268961429,0.20443150442621819
2517,0.2517,2,90,2,214406,391204,7410,100546,3.6237355959835487,0.20446568378240976
2518,0.2518,6,96,6,214502,391108,7416,100540,3.6228463448071437,0.20449589950533714
2519,0.2519,7,92,7,214594,391016,7423,100533,3.6219941457630886,0.20452284512835953
2520,0.252,1,71,1,214665,390945,7424,100532,3.621336470413872,0.20455077246748068
2521,0.2521,5,77,5,214742,390868,7429,100527,3.6206232168661305,0.20457473112262028
2522,0.2522,8,84,8,214826,390784,7437,100519,3.619845122086776,0.20459675597340135
2523,0.2523,4,89,4,214915,390695,7441,100515,3.619020712141984,0.20462734879175912
2524,0.2524,6,84,6,214999,390611,7447,100509,3.6182426173626294,0.2046526307216159
2525,0.2525,6,86,6,215085,390525,7453,100503,3.6174459965170995,0.20467875559031257
2526,0.2526,11,96,11,215181,390429,7464,100492,3.616556745340694,0.20470096003226587
2527,0.2527,8,94,8,215275,390335,7472,100484,3.615686020230464,0.2047272008622323
2528,0.2528,9,101,9,215376,390234,7481,100475,3.6147504538886213,0.20475475281684258
2529,0.2529,4,113,4,215489,390121,7485,100471,3.6137037311497275,0.20479543082643012
2530,0.253,4,105,4,215594,390016,7489,100467,3.6127311126755344,0.2048327872729534
2531,0.2531,5,84,5,215678,389932,7494,100462,3.61195301789618,0.20485976582095214
2532,0.2532,5,92,5,215770,389840,7499,100457,3.6111008188521247,0.20489009722678295
2533,0.2533,5,98,5,215868,389742,7504,100452,3.6101930416095445,0.20492294887330323
2534,0.2534,7,79,7,215947,389663,7511,100445,3.609461261995628,0.2049446244501212
2535,0.2535,5,102,5,216049,389561,7516,100440,3.6085164326206973,0.2049791735118908
2536,0.2536,5,105,5,216154,389456,7521,100435,3.607543814146504,0.2050149931311251
2537,0.2537,6,93,6,216247,389363,7527,100429,3.6066823520693614,0.20504418202012284
2538,0.2538,9,76,9,216323,389287,7536,100420,3.6059783615547074,0.2050613938538759
2539,0.2539,7,81,7,216404,389206,7543,100413,3.6052280558746155,0.20508395303286842
2540,0.254,8,83,8,216487,389123,7551,100405,3.6044592241283486,0.20510573450344005
2541,0.2541,11,89,11,216576,389034,7562,100394,3.603634814183556,0.2051251665209183
2542,0.2542,5,105,5,216681,388929,7567,100389,3.602662195709363,0.20516106090517822
2543,0.2543,8,88,8,216769,388841,7575,100381,3.601847048797658,0.20518496715192694
2544,0.2544,5,102,5,216871,388739,7580,100376,3.6009022194227276,0.2052196313750345
2545,0.2545,6,110,6,216981,388629,7586,100370,3.599883285783097,0.20525604346839155
2546,0.2546,7,83,7,217064,388546,7593,100363,3.5991144540368296,0.20527951009288026
2547,0.2547,5,81,5,217145,388465,7598,100358,3.598364148356738,0.20530539684098334
2548,0.2548,4,83,4,217228,388382,7602,100354,3.597595316610471,0.20533375892097164
2549,0.2549,10,86,10,217314,388296,7612,100344,3.5967986957649414,0.20535363457760314
2550,0.255,8,79,8,217393,388217,7620,100336,3.5960669161510244,0.20537382842803134
2551,0.2551,3,85,3,217478,388132,7623,100333,3.5952795583385826,0.20540468610852364
2552,0.2552,3,102,3,217580,388030,7626,100330,3.594334728963652,0.20544270620034402
2553,0.2553,8,95,8,217675,387935,7634,100322,3.5934547408203343,0.20546966044521636
2554,0.2554,10,93,10,217768,387842,7644,100312,3.5925932787431916,0.20549252899699685
2555,0.2555,7,91,7,217859,387751,7651,100305,3.591750342732224,0.20551944858786697
2556,0.2556,5,82,5,217941,387669,7656,100300,3.590990774019045,0.2055458441007523
2557,0.2557,8,106,8,218047,387563,7664,100292,3.590008892511764,0.20557747691424705
2558,0.2558,6,86,6,218133,387477,7670,100286,3.5892122716662342,0.20560395109920188
2559,0.2559,5,98,5,218231,387379,7675,100281,3.588304494423654,0.20563712422589508
2560,0.256,8,96,8,218327,387283,7683,100273,3.587415243247249,0.20566458006875107
2561,0.2561,6,100,6,218427,387183,7689,100267,3.5864889399384934,0.20569699456354498
2562,0.2562,8,88,8,218515,387095,7697,100259,3.5856737930267886,0.20572109801089147
2563,0.2563,8,85,8,218600,387010,7705,100251,3.584886435214347,0.2057439442105976
2564,0.2564,3,76,3,218676,386934,7708,100248,3.5841824446996924,0.20577114918038844
2565,0.2565,7,115,7,218791,386819,7715,100241,3.5831171958946237,0.20580831930357657
2566,0.2566,4,91,4,218882,386728,7719,100237,3.5822742598836563,0.20584025545983797
2567,0.2567,3,96,3,218978,386632,7722,100234,3.581385008707251,0.20587594943988696
2568,0.2568,9,85,9,219063,386547,7731,100225,3.580597650894809,0.205897216766782
2569,0.2569,4,94,4,219157,386453,7735,100221,3.5797269257845787,0.20593045858213097
2570,0.257,9,82,9,219239,386371,7744,100212,3.5789673570713996,0.20595047504742253
2571,0.2571,7,109,7,219348,386262,7751,100205,3.577957686464856,0.20598519529587825
2572,0.2572,10,85,10,219433,386177,7761,100195,3.577170328652414,0.20600486870132326
2573,0.2573,10,78,10,219511,386099,7771,100185,3.5764478120715846,0.20602158409489105
2574,0.2574,6,92,6,219603,386007,7777,100179,3.57559561302753,0.20605077069269787
2575,0.2575,2,102,2,219705,385905,7779,100177,3.5746507836525994,0.20609074189128584
2576,0.2576,9,96,9,219801,385809,7788,100168,3.573761532476194,0.20611675038119087
2577,0.2577,5,84,5,219885,385725,7793,100163,3.5729834376968395,0.2061442143045311
2578,0.2578,8,97,8,219982,385628,7801,100155,3.572084923487347,0.2061723032712137
2579,0.2579,6,103,6,220085,385525,7807,100149,3.5711308310793286,0.20620622063359373
2580,0.258,2,95,2,220180,385430,7809,100147,3.570250842936011,0.20624329406046826
2581,0.2581,7,84,7,220264,385346,7816,100140,3.5694727481566564,0.20626753397626296
2582,0.2582,10,88,10,220352,385258,7826,100130,3.5686576012449516,0.20628857738551426
2583,0.2583,6,91,6,220443,385167,7832,100124,3.567814665233984,0.20631744664541482
2584,0.2584,6,81,6,220524,385086,7838,100118,3.5670643595538922,0.20634207467374546
2585,0.2585,9,100,9,220624,384986,7847,100109,3.566138056245137,0.20636988631092879
2586,0.2586,10,95,10,220719,384891,7857,100099,3.5652580681018193,0.20639394626693333
2587,0.2587,4,72,4,220791,384819,7861,100095,3.564591129719515,0.20641804526163401
2588,0.2588,5,77,5,220868,384742,7866,100090,3.5638778761717735,0.2064426440498977
2589,0.2589,5,105,5,220973,384637,7871,100085,3.5629052576975804,0.20647917775549696
2590,0.259,9,99,9,221072,384538,7880,100076,3.561988217421913,0.20650662176495108
2591,0.2591,3,98,3,221170,384440,7883,100073,3.561080440179332,0.20654347767758555
2592,0.2592,8,94,8,221264,384346,7891,100065,3.560209715069102,0.20657045360241613
2593,0.2593,2,104,2,221368,384242,7893,100063,3.5592463596279966,0.20661153611876812
2594,0.2594,5,89,5,221457,384153,7898,100058,3.558421949683204,0.20664131959001344
2595,0.2595,2,106,2,221563,384047,7900,100056,3.5574400681759237,0.2066832884737339
2596,0.2596,5,97,5,221660,383950,7905,100051,3.5565415539664307,0.20671651504852262
2597,0.2597,9,108,9,221768,383842,7914,100042,3.555541146392975,0.20674789825660694
2598,0.2598,4,84,4,221852,383758,7918,100038,3.5547630516136204,0.2067772366865373
2599,0.2599,7,88,7,221940,383670,7925,100031,3.5539479047019156,0.20680337646603997
2600,0.26,10,97,10,222037,383573,7935,100021,3.553049390492423,0.20682845527446578
2601,0.2601,6,102,6,222139,383471,7941,100015,3.5521045611174924,0.2068622462697989
2602,0.2602,7,85,7,222224,383386,7948,100008,3.55131720330505,0.20688713554574528
2603,0.2603,10,109,10,222333,383277,7958,99998,3.5503075326985067,0.2069173865811391
2604,0.2604,1,99,1,222432,383178,7959,99997,3.5493904924228388,0.2069581414601335
2605,0.2605,6,98,6,222530,383080,7965,99991,3.5484827151802585,0.20699027679161033
2606,0.2606,3,97,3,222627,382983,7968,99988,3.547584200970766,0.20702692294154307
2607,0.2607,8,78,8,222705,382905,7976,99980,3.5468616843899365,0.20704722656533128
2608,0.2608,8,93,8,222798,382812,7984,99972,3.546000222312794,0.20707397096838337
2609,0.2609,3,104,3,222902,382708,7987,99969,3.5450368668716883,0.20711365985949196
2610,0.261,8,92,8,222994,382616,7995,99961,3.5441846678276336,0.2071400004558858
2611,0.2611,5,110,5,223104,382506,8000,99956,3.5431657341880025,0.20717901098946653
2612,0.2612,13,88,13,223192,382418,8013,99943,3.5423505872762977,0.20719544075909951
2613,0.2613,5,81,5,223273,382337,8018,99938,3.5416002815962058,0.2072220206313825
2614,0.2614,4,105,4,223378,382232,8022,99934,3.5406276631220126,0.207260570011158
2615,0.2615,5,82,5,223460,382150,8027,99929,3.5398680944088334,0.20728760223946696
2616,0.2616,13,80,13,223540,382070,8040,99916,3.5391270517618287,0.20730062698916565
2617,0.2617,7,102,7,223642,381968,8047,99909,3.538182222386898,0.2073329916140426
2618,0.2618,7,91,7,223733,381877,8054,99902,3.5373392863759308,0.20736063630834886
2619,0.2619,2,98,2,223831,381779,8056,99900,3.5364315091333505,0.20739953371436165
2620,0.262,6,95,6,223926,381684,8062,99894,3.535551520990033,0.20743057199456785
2621,0.2621,8,87,8,224013,381597,8070,99886,3.5347456371114157,0.2074548841807499
2622,0.2622,8,71,8,224084,381526,8078,99878,3.534087961762199,0.20747231015945028
2623,0.2623,8,96,8,224180,381430,8086,99870,3.5331987105857943,0.2075005194265531
2624,0.2624,7,88,7,224268,381342,8093,99863,3.5323835636740895,0.20752693758377408
2625,0.2625,6,93,6,224361,381249,8099,99857,3.5315221015969467,0.20755717035331092
2626,0.2626,4,104,4,224465,381145,8103,99853,3.530558746155841,0.2075954577773712
2627,0.2627,6,84,6,224549,381061,8109,99847,3.5297806513764867,0.2076218320344016
2628,0.2628,7,85,7,224634,380976,8116,99840,3.5289932935640445,0.20764700009983028
2629,0.2629,11,93,11,224727,380883,8127,99829,3.528131831486902,0.20766904092263144
2630,0.263,7,100,7,224827,380783,8134,99822,3.5272055281781465,0.20770071056272824
2631,0.2631,5,102,5,224929,380681,8139,99817,3.526260698803216,0.20773655665580293
2632,0.2632,6,77,6,225006,380604,8145,99811,3.5255474452554743,0.20775995753671306
2633,0.2633,4,84,4,225090,380520,8149,99807,3.5247693504761197,0.20778969327145883
2634,0.2634,4,75,4,225165,380445,8153,99803,3.5240746229945534,0.20781554530159418
2635,0.2635,6,94,6,225259,380351,8159,99797,3.5232038978843234,0.2078463307146963
2636,0.2636,7,93,7,225352,380258,8166,99790,3.5223424358071806,0.20787504582875047
2637,0.2637,7,107,7,225459,380151,8173,99783,3.5213512912668126,0.20790983760267037
2638,0.2638,6,71,6,225530,380080,8179,99777,3.520693615917596,0.20793069601985592
2639,0.2639,3,87,3,225617,379993,8182,99774,3.519887732038979,0.20796344892416527
2640,0.264,4,99,4,225716,379894,8186,99770,3.518970691763311,0.2079997665032189
2641,0.2641,4,79,4,225795,379815,8190,99766,3.518238912149394,0.20802742393881327
2642,0.2642,10,97,10,225892,379718,8200,99756,3.5173403979399014,0.2080529914030792
2643,0.2643,5,94,5,225986,379624,8205,99751,3.5164696728296714,0.20808552803129074
2644,0.2644,6,102,6,226088,379522,8211,99745,3.515524843454741,0.20811989976359732
2645,0.2645,4,77,4,226165,379445,8215,99741,3.514811589906999,0.20814673216663257
2646,0.2646,3,78,3,226243,379367,8218,99738,3.51408907332617,0.20817566086765948
2647,0.2647,6,99,6,226342,379268,8224,99732,3.513172033050502,0.20820876826722337
2648,0.2648,2,91,2,226433,379177,8226,99730,3.5123290970395344,0.20824502460811806
2649,0.2649,6,122,6,226555,379055,8232,99724,3.511199007002853,0.20828816635650269
2650,0.265,7,84,7,226639,378971,8239,99717,3.5104209122234984,0.20831313924727587
2651,0.2651,8,93,8,226732,378878,8247,99709,3.509559450146356,0.20834038534268587
2652,0.2652,8,92,8,226824,378786,8255,99701,3.508707251102301,0.20836720746854145
2653,0.2653,3,84,3,226908,378702,8258,99698,3.5079291563229464,0.20839882943143812
2654,0.2654,3,96,3,227004,378606,8261,99695,3.507039905146541,0.20843569216873895
2655,0.2655,9,87,9,227091,378519,8270,99686,3.506234021267924,0.20845871540448135
2656,0.2656,5,97,5,227188,378422,8275,99681,3.5053355070584313,0.20849273064590684
2657,0.2657,12,100,12,227288,378322,8287,99669,3.5044092037496757,0.20851647834373452
2658,0.2658,8,68,8,227356,378254,8295,99661,3.5037793174997223,0.20853289810949646
2659,0.2659,3,84,3,227440,378170,8298,99658,3.5030012227203677,0.20856458809446077
2660,0.266,5,84,5,227524,378086,8303,99653,3.502223127941013,0.20859297649972056
2661,0.2661,11,93,11,227617,377993,8314,99642,3.5013616658638704,0.20861536528939462
2662,0.2662,9,82,9,227699,377911,8323,99633,3.500602097150691,0.20863627225972894
2663,0.2663,7,77,7,227776,377834,8330,99626,3.499888843602949,0.20865831692707243
2664,0.2664,6,90,6,227866,377744,8336,99620,3.4990551706250694,0.20868771000745762
2665,0.2665,9,91,9,227957,377653,8345,99611,3.498212234614102,0.2087125783633377
2666,0.2666,2,74,2,228031,377579,8347,99609,3.497526770165623,0.20874162803758686
2667,0.2667,5,82,5,228113,377497,8352,99604,3.496767201452444,0.20876921238899102
2668,0.2668,2,113,2,228226,377384,8354,99602,3.49572047871355,0.2088153530711593
2669,0.2669,6,89,6,228315,377295,8360,99596,3.4948960687687576,0.20884436904869247
2670,0.267,5,110,5,228425,377185,8365,99591,3.493877135129127,0.2088842559189221
2671,0.2671,4,92,4,228517,377093,8369,99587,3.493024936085072,0.20891793236552825
2672,0.2672,8,85,8,228602,377008,8377,99579,3.4922375782726296,0.20894191406815546
2673,0.2673,9,81,9,228683,376927,8386,99570,3.4914872725925377,0.2089624908446433
2674,0.2674,12,96,12,228779,376831,8398,99558,3.4905980214161323,0.2089846742892888
2675,0.2675,3,88,3,228867,376743,8401,99555,3.489782874504428,0.20901830366703197
2676,0.2676,6,86,6,228953,376657,8407,99549,3.488986253658898,0.20904608509762582
2677,0.2677,4,84,4,229037,376573,8411,99545,3.4882081588795435,0.20907632141611954
2678,0.2678,6,81,6,229118,376492,8417,99539,3.4874578531994516,0.20910192823576615
2679,0.2679,5,89,5,229207,376403,8422,99534,3.4866334432546595,0.20913272134757332
2680,0.268,4,88,4,229295,376315,8426,99530,3.4858182963429547,0.20916474902541793
2681,0.2681,7,94,7,229389,376221,8433,99523,3.4849475712327243,0.20919444070760745
2682,0.2682,5,94,5,229483,376127,8438,99518,3.4840768461224942,0.2092274700669617
2683,0.2683,6,88,6,229571,376039,8444,99512,3.4832616992107894,0.20925621016463009
2684,0.2684,6,102,6,229673,375937,8450,99506,3.482316869835859,0.20929112427777882
2685,0.2685,7,109,7,229782,375828,8457,99499,3.481307199229316,0.20932747350771153
2686,0.2686,10,99,10,229881,375729,8467,99489,3.480390158953648,0.20935444364481143
2687,0.2687,5,94,5,229975,375635,8472,99484,3.479519433843418,0.20938754291030248
2688,0.2688,6,87,6,230062,375548,8478,99478,3.4787135499648003,0.20941590565569043
2689,0.2689,5,73,5,230135,375475,8483,99473,3.478037348549409,0.20943977024853247
2690,0.269,5,77,5,230212,375398,8488,99468,3.4773240950016673,0.2094654070832614
2691,0.2691,3,96,3,230308,375302,8491,99465,3.4764348438252624,0.20950276662025794
2692,0.2692,8,97,8,230405,375205,8499,99457,3.4755363296157693,0.20953225663735459
2693,0.2693,6,77,6,230482,375128,8505,99451,3.4748230760680276,0.2095562593372231
2694,0.2694,8,90,8,230572,375038,8513,99443,3.473989403090148,0.209582680866041
2695,0.2695,4,100,4,230672,374938,8517,99439,3.4730630997813923,0.20962019659469155
2696,0.2696,7,112,7,230784,374826,8524,99432,3.4720256400755862,0.20965803423453058
2697,0.2697,2,93,2,230877,374733,8526,99430,3.471164177998444,0.2096958219009075
2698,0.2698,1,93,1,230970,374640,8527,99429,3.470302715921301,0.20973529169804395
2699,0.2699,9,77,9,231047,374563,8536,99420,3.4695894623735595,0.20975435827867245
2700,0.27,5,87,5,231134,374476,8541,99415,3.4687835784949423,0.2097845285097206
2701,0.2701,11,104,11,231238,374372,8552,99404,3.467820223053837,0.2098122319408328
2702,0.2702,13,105,13,231343,374267,8565,99391,3.4668476045796437,0.20983705542817813
2703,0.2703,9,76,9,231419,374191,8574,99382,3.4661436140649893,0.20985571390260846
2704,0.2704,8,83,8,231502,374108,8582,99374,3.4653747823187224,0.20987915063297022
2705,0.2705,11,106,11,231608,374002,8593,99363,3.4643929008114416,0.20990778785926292
2706,0.2706,8,90,8,231698,373912,8601,99355,3.463559227833562,0.20993434995467675
2707,0.2707,7,102,7,231800,373810,8608,99348,3.4626143984586313,0.20996791769345546
2708,0.2708,2,88,2,231888,373722,8610,99346,3.4617992515469265,0.21000363584093618
2709,0.2709,5,112,5,232000,373610,8615,99341,3.4607617918411204,0.2100450152341363
2710,0.271,5,79,5,232079,373531,8620,99336,3.460030012227204,0.21007175379123516
2711,0.2711,2,87,2,232166,373444,8622,99334,3.4592241283485863,0.21010706927987344
2712,0.2712,4,95,4,232261,373349,8626,99330,3.458344140205269,0.21014261263986764
2713,0.2713,8,115,8,232376,373234,8634,99322,3.4572788914002,0.2101803807379443
2714,0.2714,7,80,7,232456,373154,8641,99315,3.4565378487531957,0.21020426736992268
2715,0.2715,7,81,7,232537,373073,8648,99308,3.4557875430731038,0.21022860783985808
2716,0.2716,10,89,10,232626,372984,8658,99298,3.4549631331283117,0.2102515022804172
2717,0.2717,3,84,3,232710,372900,8661,99295,3.454185038348957,0.2102838869534832
2718,0.2718,3,107,3,232817,372793,8664,99292,3.4531938938085887,0.2103265301799464
2719,0.2719,2,112,2,232929,372681,8666,99290,3.4521564341027826,0.2103730949571054
2720,0.272,11,68,11,232997,372613,8677,99279,3.4515265478528288,0.21038500334822374
2721,0.2721,9,122,9,233119,372491,8686,99270,3.4503964578161472,0.21042434622616113
2722,0.2722,5,89,5,233208,372402,8691,99265,3.449572047871355,0.21045568165676207
2723,0.2723,6,96,6,233304,372306,8697,99259,3.44868279669495,0.2104884798490134
2724,0.2724,3,115,3,233419,372191,8700,99256,3.447617547889881,0.21053480030629107
2725,0.2725,7,98,7,233517,372093,8707,99249,3.446709770647301,0.2105668495487353
2726,0.2726,5,93,5,233610,372000,8712,99244,3.445848308570158,0.21060002885978388
2727,0.2727,2,95,2,233705,371905,8714,99242,3.4449683204268404,0.21063914234835412
2728,0.2728,4,89,4,233794,371816,8718,99238,3.4441439104820484,0.21067223715327754
2729,0.2729,5,83,5,233877,371733,8723,99233,3.443375078735781,0.21070098478446428
2730,0.273,4,101,4,233978,371632,8727,99229,3.442439512393938,0.21073947513172678
2731,0.2731,7,107,7,234085,371525,8734,99222,3.44144836785357,0.21077563956860054
2732,0.2732,5,97,5,234182,371428,8739,99217,3.440549853644077,0.21081069595979984
2733,0.2733,7,81,7,234263,371347,8746,99210,3.439799547963985,0.21083524418933305
2734,0.2734,8,88,8,234351,371259,8754,99202,3.4389844010522808,0.21086126161360877
2735,0.2735,9,79,9,234430,371180,8763,99193,3.4382526214383637,0.21088157696126267
2736,0.2736,3,99,3,234529,371081,8766,99190,3.4373355811626958,0.21092093707670684
2737,0.2737,7,112,7,234641,370969,8773,99183,3.4362981214568897,0.2109594343956848
2738,0.2738,7,89,7,234730,370880,8780,99176,3.4354737115120977,0.21098762700614396
2739,0.2739,7,72,7,234802,370808,8787,99169,3.4348067731297935,0.21100819827353254
2740,0.274,8,84,8,234886,370724,8795,99161,3.434028678350439,0.21103248667227087
2741,0.2741,1,94,1,234980,370630,8796,99160,3.433157953240209,0.21107303263160135
2742,0.2742,6,109,6,235089,370521,8802,99154,3.4321482826336656,0.21111193910682918
2743,0.2743,9,78,9,235167,370443,8811,99145,3.4314257660528362,0.21113188582331746
2744,0.2744,5,94,5,235261,370349,8816,99140,3.430555040942606,0.21116575681219368
2745,0.2745,8,89,8,235350,370260,8824,99132,3.4297306309978137,0.21119235095613048
2746,0.2746,5,101,5,235451,370159,8829,99127,3.428795064655971,0.21122939955592113
2747,0.2747,5,87,5,235538,370072,8834,99122,3.4279891807773537,0.21126016104212755
2748,0.2748,6,78,6,235616,369994,8840,99116,3.4272666641965244,0.21128519963334824
2749,0.2749,6,106,6,235722,369888,8846,99110,3.426284782689244,0.21132286278406304
2750,0.275,11,84,11,235806,369804,8857,99099,3.4255066879098894,0.21134221790007743
2751,0.2751,4,99,4,235905,369705,8861,99095,3.4245896476342215,0.2113801194539249
2752,0.2752,4,100,4,236005,369605,8865,99091,3.423663344325466,0.21141848874323654
2753,0.2753,6,86,6,236091,369519,8871,99085,3.4228667234799364,0.2114471920854282
2754,0.2754,7,91,7,236182,369428,8878,99078,3.422023787468969,0.2114764805573461
2755,0.2755,6,96,6,236278,369332,8884,99072,3.4211345362925636,0.2115097223764101
2756,0.2756,13,97,13,236375,369235,8897,99059,3.420236022083071,0.21153164465058275
2757,0.2757,5,100,5,236475,369135,8902,99054,3.4193097187743153,0.2115684050671844
2758,0.2758,7,95,7,236570,369040,8909,99047,3.4184297306309976,0.2115995530745353
2759,0.2759,8,96,8,236666,368944,8917,99039,3.4175404794545927,0.21162948226751827
2760,0.276,8,102,8,236768,368842,8925,99031,3.416595650079662,0.21166213908475162
2761,0.2761,5,87,5,236855,368755,8930,99026,3.415789766201045,0.211693078598746
2762,0.2762,7,102,7,236957,368653,8937,99019,3.4148449368261145,0.21172745000769772
2763,0.2763,11,99,11,237056,368554,8948,99008,3.4139278965504465,0.21175373533349587
2764,0.2764,4,85,4,237141,368469,8952,99004,3.4131405387380043,0.21178549349374187
2765,0.2765,7,83,7,237224,368386,8959,98997,3.4123717069917374,0.2118112982286476
2766,0.2766,3,71,3,237295,368315,8962,98994,3.411714031642521,0.2118384195468095
2767,0.2767,8,76,8,237371,368239,8970,98986,3.411010041127867,0.21185938252447964
2768,0.2768,4,72,4,237443,368167,8974,98982,3.410343102745563,0.21188528713536794
2769,0.2769,8,96,8,237539,368071,8982,98974,3.409453851569158,0.2119153400635913
2770,0.277,3,99,3,237638,367972,8985,98971,3.40853681129349,0.21195520652413677
2771,0.2771,4,98,4,237736,367874,8989,98967,3.4076290340509097,0.2119929483485812
2772,0.2772,9,114,9,237850,367760,8998,98958,3.4065730482789283,0.2120295338941288
2773,0.2773,12,99,12,237949,367661,9010,98946,3.4056560080032607,0.21205425550838286
2774,0.2774,10,95,10,238044,367566,9020,98936,3.404776019859943,0.21208054842208607
2775,0.2775,6,89,6,238133,367477,9026,98930,3.4039516099151506,0.21211088169774467
2776,0.2776,8,84,8,238217,367393,9034,98922,3.403173515135796,0.21213557359295754
2777,0.2777,4,92,4,238309,367301,9038,98918,3.402321316091741,0.21217067515480922
2778,0.2778,6,91,6,238400,367210,9044,98912,3.4014783800807735,0.21220195571116574
2779,0.2779,3,86,3,238486,367124,9047,98909,3.400681759235244,0.21223604337031926
2780,0.278,5,99,5,238585,367025,9052,98904,3.399764718959576,0.21227268532330032
2781,0.2781,7,102,7,238687,366923,9059,98897,3.3988198895846455,0.21230732901120605
2782,0.2782,3,100,3,238787,366823,9062,98894,3.3978935862758903,0.2123478421444783
2783,0.2783,7,82,7,238869,366741,9069,98887,3.3971340175627107,0.2123733967888529
2784,0.2784,9,92,9,238961,366649,9078,98878,3.3962818185186556,0.21240014005632327
2785,0.2785,6,102,6,239063,366547,9084,98872,3.395336989143725,0.2124365356807522
2786,0.2786,12,90,12,239153,366457,9096,98860,3.3945033161658453,0.2124573140461234
2787,0.2787,5,77,5,239230,366380,9101,98855,3.3937900626181037,0.21248401345556547
2788,0.2788,3,65,3,239295,366315,9104,98852,3.393187965467413,0.21250862593434186
2789,0.2789,8,83,8,239378,366232,9112,98844,3.3924191337211456,0.21253300535826403
2790,0.279,4,110,4,239488,366122,9116,98840,3.391400200081515,0.2125765116289073
2791,0.2791,4,97,4,239585,366025,9120,98836,3.390501685872022,0.21261409324507757
2792,0.2792,5,81,5,239666,365944,9125,98831,3.38975138019193,0.2126426765639288
2793,0.2793,10,103,10,239769,365841,9135,98821,3.388797287783912,0.21267286758977494
2794,0.2794,5,66,5,239835,365775,9140,98816,3.3881859276001336,0.21269460665402473
2795,0.2795,10,87,10,239922,365688,9150,98806,3.387380043721516,0.21271749473620757
2796,0.2796,7,93,7,240015,365595,9157,98799,3.3865185816443737,0.21274822672127547
2797,0.2797,6,86,6,240101,365509,9163,98793,3.385721960798844,0.21277745949834376
2798,0.2798,6,87,6,240188,365422,9169,98787,3.3849160769202267,0.21280716229112318
2799,0.2799,7,88,7,240276,365334,9176,98780,3.384100930008522,0.2128356395196008
2800,0.28,6,117,6,240393,365217,9182,98774,3.3830171551372783,0.21287912912103898
2801,0.2801,8,86,8,240479,365131,9190,98766,3.3822205342917484,0.21290501986432334
2802,0.2802,7,69,7,240548,365062,9197,98759,3.3815813850087073,0.2129248136673415
2803,0.2803,5,94,5,240642,364968,9202,98754,3.3807106598984773,0.21295948865915354
2804,0.2804,5,82,5,240724,364886,9207,98749,3.3799510911852977,0.2129886656529382
2805,0.2805,5,86,5,240810,364800,9212,98744,3.3791544703397682,0.21301969176604593
2806,0.2806,4,91,4,240901,364709,9216,98740,3.378311534328801,0.21305472662579916
2807,0.2807,7,93,7,240994,364616,9223,98733,3.377450072251658,0.21308560070271004
2808,0.2808,9,90,9,241084,364526,9232,98724,3.3766163992737783,0.2131117107393416
2809,0.2809,8,95,8,241179,364431,9240,98716,3.3757364111304606,0.2131418318589994
2810,0.281,2,91,2,241270,364340,9242,98714,3.3748934751194932,0.2131803202218316
2811,0.2811,7,89,7,241359,364251,9249,98707,3.3740690651747007,0.2132094056048281
2812,0.2812,11,77,11,241436,364174,9260,98696,3.373355811626959,0.21322617581610387
2813,0.2813,6,76,6,241512,364098,9266,98690,3.372651821112305,0.21325099181482665
2814,0.2814,9,100,9,241612,363998,9275,98681,3.3717255178035495,0.2132817785116679
2815,0.2815,5,95,5,241707,363903,9280,98676,3.3708455296602318,0.21331707665069102
2816,0.2816,7,93,7,241800,363810,9287,98669,3.3699840675830894,0.2133480655337864
2817,0.2817,7,78,7,241878,363732,9294,98662,3.36926155100226,0.21337214583234212
2818,0.2818,12,93,12,241971,363639,9306,98650,3.3684000889251178,0.21339465139771874
2819,0.2819,5,87,5,242058,363552,9311,98645,3.3675942050465006,0.2134263095606419
2820,0.282,3,91,3,242149,363461,9314,98642,3.366751269035533,0.21346323222311908
2821,0.2821,7,88,7,242237,363373,9321,98635,3.3659361221238284,0.21349197416494953
2822,0.2822,6,91,6,242328,363282,9327,98629,3.365093186112861,0.21352381735875525
2823,0.2823,8,82,8,242410,363200,9335,98621,3.3643336173996814,0.2135481063009261
2824,0.2824,9,90,9,242500,363110,9344,98612,3.3634999444218017,0.21357440191283933
2825,0.2825,2,105,2,242605,363005,9346,98610,3.3625273259476085,0.21361957475385332
2826,0.2826,13,88,13,242693,362917,9359,98597,3.3617121790359037,0.21363815615560958
2827,0.2827,5,80,5,242773,362837,9364,98592,3.360971136388899,0.2136666746129957
2828,0.2828,3,84,3,242857,362753,9367,98589,3.3601930416095445,0.21370046516467175
2829,0.2829,5,103,5,242960,362650,9372,98584,3.3592389492015267,0.21373966359808688
2830,0.283,8,83,8,243043,362567,9380,98576,3.3584701174552594,0.21376449387717042
2831,0.2831,6,94,6,243137,362473,9386,98570,3.3575993923450294,0.21379784532028465
2832,0.2832,11,103,11,243240,362370,9397,98559,3.3566452999370116,0.21382685836647292
2833,0.2833,5,87,5,243327,362283,9402,98554,3.355839416058394,0.21385869624183823
2834,0.2834,7,99,7,243426,362184,9409,98547,3.3549223757827265,0.2138927052879012
2835,0.2835,10,86,10,243512,362098,9419,98537,3.3541257549371966,0.2139155730676132
2836,0.2836,12,93,12,243605,362005,9431,98525,3.3532642928600542,0.21393828849369206
2837,0.2837,6,95,6,243700,361910,9437,98519,3.3523843047167365,0.21397218680838956
2838,0.2838,8,113,8,243813,361797,9445,98511,3.351337581977843,0.21401105346854715
2839,0.2839,9,83,9,243896,361714,9454,98502,3.350568750231576,0.2140342795556869
2840,0.284,3,92,3,243988,361622,9457,98499,3.349716551187521,0.21407195063907103
2841,0.2841,2,94,2,244082,361528,9459,98497,3.348845826077291,0.21411227650671158
2842,0.2842,7,91,7,244173,361437,9466,98490,3.3480028900663235,0.21414267916430216
2843,0.2843,5,93,5,244266,361344,9471,98485,3.3471414279891807,0.21417744422383103
2844,0.2844,7,88,7,244354,361256,9478,98478,3.346326281077476,0.21420647591868341
2845,0.2845,8,83,8,244437,361173,9486,98470,3.345557449331209,0.21423147964833578
2846,0.2846,4,88,4,244525,361085,9490,98466,3.344742302419504,0.21426566365865812
2847,0.2847,7,103,7,244628,360982,9497,98459,3.343788210011486,0.2143017275341121
2848,0.2848,3,104,3,244732,360878,9500,98456,3.3428248545703805,0.21434511706078802
2849,0.2849,4,77,4,244809,360801,9504,98452,3.342111601022639,0.21437421203563178
2850,0.285,8,80,8,244889,360721,9512,98444,3.3413705583756346,0.21439787440244792
2851,0.2851,6,88,6,244977,360633,9518,98438,3.3405554114639298,0.2144287049279959
2852,0.2852,10,78,10,245055,360555,9528,98428,3.3398328948831004,0.21444802966558674
2853,0.2853,6,109,6,245164,360446,9534,98422,3.338823224276557,0.21448869827488515
2854,0.2854,6,89,6,245253,360357,9540,98416,3.337998814331765,0.21452003496282476
2855,0.2855,6,77,6,245330,360280,9546,98410,3.3372855607840233,0.2145457716540583
2856,0.2856,6,87,6,245417,360193,9552,98404,3.3364796769054057,0.21457619652985083
2857,0.2857,4,76,4,245493,360117,9556,98400,3.3357756863907517,0.21460491105019006
2858,0.2858,12,99,12,245592,360018,9568,98388,3.3348586461150838,0.2146306985510661
2859,0.2859,9,78,9,245670,359940,9577,98379,3.334136129534255,0.21465180365640527
2860,0.286,6,82,6,245752,359858,9583,98373,3.3333765608210753,0.2146799321739472
2861,0.2861,7,86,7,245838,359772,9590,98366,3.332579939975546,0.21470823201742706
2862,0.2862,7,81,7,245919,359691,9597,98359,3.331829634295454,0.214734199323218
2863,0.2863,3,88,3,246007,359603,9600,98356,3.331014487383749,0.21477031786688328
2864,0.2864,3,65,3,246072,359538,9603,98353,3.330412390233058,0.21479566097608382
2865,0.2865,6,86,6,246158,359452,9609,98347,3.3296157693875283,0.21482572045810497
2866,0.2866,9,95,9,246253,359357,9618,98338,3.3287357812442107,0.2148548706016015
2867,0.2867,5,95,5,246348,359262,9623,98333,3.327855793100893,0.21489089697221342
2868,0.2868,8,95,8,246443,359167,9631,98325,3.3269758049575753,0.2149217909821374
2869,0.2869,9,89,9,246532,359078,9640,98316,3.326151395012783,0.21494816285303261
2870,0.287,5,89,5,246621,358989,9645,98311,3.3253269850679907,0.2149814126394052
2871,0.2871,2,85,2,246706,358904,9647,98309,3.3245396272555485,0.21501794568395913
2872,0.2872,2,96,2,246802,358808,9649,98307,3.323650376079143,0.21505966769850038
2873,0.2873,7,93,7,246895,358715,9656,98300,3.322788914002001,0.2150914083782808
2874,0.2874,10,81,10,246976,358634,9666,98290,3.322038608321909,0.21511236004237028
2875,0.2875,13,91,13,247067,358543,9679,98277,3.3211956723109415,0.21513287509303444
2876,0.2876,6,82,6,247149,358461,9685,98271,3.320436103597762,0.21516118861827066
2877,0.2877,10,95,10,247244,358366,9695,98261,3.3195561154544446,0.21518876457152117
2878,0.2878,6,86,6,247330,358280,9701,98255,3.3187594946089147,0.21521898649610655
2879,0.2879,8,66,8,247396,358214,9709,98247,3.3181481344251362,0.2152363509697433
2880,0.288,4,100,4,247496,358114,9713,98243,3.3172218311163806,0.21527663649292111
2881,0.2881,6,69,6,247565,358045,9719,98237,3.3165826818333395,0.21529887218869032
2882,0.2882,4,96,4,247661,357949,9723,98233,3.315693430656934,0.21533729958656853
2883,0.2883,5,96,5,247757,357853,9728,98228,3.314804179480529,0.21537402347390047
2884,0.2884,6,93,6,247850,357760,9734,98222,3.3139427174033864,0.21540762573961253
2885,0.2885,4,99,4,247949,357661,9738,98218,3.313025677127719,0.21544752006563145
2886,0.2886,5,104,5,248053,357557,9743,98213,3.312062321686613,0.2154880751256116
2887,0.2887,12,95,12,248148,357462,9755,98201,3.3111823335432953,0.21551234135753836
2888,0.2888,8,89,8,248237,357373,9763,98193,3.3103579235985032,0.21554066809199984
2889,0.2889,8,93,8,248330,357280,9771,98185,3.3094964615213605,0.21557090006916008
2890,0.289,8,92,8,248422,357188,9779,98177,3.3086442624773054,0.2156006719884049
2891,0.2891,8,88,8,248510,357100,9787,98169,3.307829115565601,0.21562856245428527
2892,0.2892,9,89,9,248599,357011,9796,98160,3.3070047056208085,0.21565521529271417
2893,0.2893,5,85,5,248684,356926,9801,98155,3.3062173478083663,0.2156868777206695
2894,0.2894,15,97,15,248781,356829,9816,98140,3.3053188335988737,0.21570700421347389
2895,0.2895,4,101,4,248882,356728,9820,98136,3.304383267257031,0.21574800379893772
2896,0.2896,12,104,12,248986,356624,9832,98124,3.303419911815925,0.2157766499247935
2897,0.2897,11,77,11,249063,356547,9843,98113,3.302706658268183,0.21579421985659614
2898,0.2898,6,96,6,249159,356451,9849,98107,3.3018174070917783,0.21582944310737023
2899,0.2899,7,95,7,249254,356356,9856,98100,3.3009374189484606,0.21586248173640574
2900,0.29,9,70,9,249324,356286,9865,98091,3.300289006632332,0.21588020520404863
2901,0.2901,6,101,6,249425,356185,9871,98085,3.299353440290489,0.21591784621480617
2902,0.2902,8,87,8,249512,356098,9879,98077,3.2985475564118714,0.21594539549733033
2903,0.2903,5,86,5,249598,356012,9884,98072,3.297750935566342,0.21597766052096087
2904,0.2904,8,90,8,249688,355922,9892,98064,3.296917262588462,0.21600666099835678
2905,0.2905,12,88,12,249776,355834,9904,98052,3.2961021156767574,0.21602781315131994
2906,0.2906,6,92,6,249868,355742,9910,98046,3.2952499166327023,0.21606124445776442
2907,0.2907,10,92,10,249960,355650,9920,98036,3.294397717588647,0.21608777877210228
2908,0.2908,6,99,6,250059,355551,9926,98030,3.293480677312979,0.2161245731192444
2909,0.2909,13,113,13,250172,355438,9939,98017,3.292433954574086,0.21615595814358646
2910,0.291,10,89,10,250261,355349,9949,98007,3.2916095446292934,0.21618110270957042
2911,0.2911,6,92,6,250353,355257,9955,98001,3.2907573455852384,0.2162146062507446
2912,0.2912,4,99,4,250452,355158,9959,97997,3.2898403053095704,0.21625492381194072
2913,0.2913,7,87,7,250539,355071,9966,97990,3.2890344214309533,0.21628434140215114
2914,0.2914,7,82,7,250621,354989,9973,97983,3.288274852717774,0.21631138348507192
2915,0.2915,4,75,4,250696,354914,9977,97979,3.2875801252362074,0.21634028346651415
2916,0.2916,9,83,9,250779,354831,9986,97970,3.2868112934899405,0.21636436315290822
2917,0.2917,6,83,6,250862,354748,9992,97964,3.286042461743673,0.21639364540811817
2918,0.2918,7,85,7,250947,354663,9999,97957,3.2852551039312314,0.21642216428792366
2919,0.2919,4,82,4,251029,354581,10003,97953,3.284495535218052,0.2164544542509513
2920,0.292,7,109,7,251138,354472,10010,97946,3.2834858646115084,0.21649448076778555
2921,0.2921,8,76,8,251214,354396,10018,97938,3.2827818740968544,0.2165169985011076
2922,0.2922,4,79,4,251293,354317,10022,97934,3.2820500944829374,0.21654789044136993
2923,0.2923,5,96,5,251389,354221,10027,97929,3.2811608433065325,0.21658520402521286
2924,0.2924,6,78,6,251467,354143,10033,97923,3.280438326725703,0.21661217609818034
2925,0.2925,6,98,6,251565,354045,10039,97917,3.279530549483123,0.21664874480597926
2926,0.2926,6,84,6,251649,353961,10045,97911,3.2787524547037683,0.21667861695347354
2927,0.2927,5,77,5,251726,353884,10050,97906,3.2780392011560266,0.21670687708891298
2928,0.2928,13,86,13,251812,353798,10063,97893,3.2772425803104968,0.216725593381316
2929,0.2929,7,84,7,251896,353714,10070,97886,3.2764644855311422,0.21675376439326838
2930,0.293,6,94,6,251990,353620,10076,97880,3.275593760420912,0.21678848283499447
2931,0.2931,8,95,8,252085,353525,10084,97872,3.2747137722775945,0.21682022698422895
2932,0.2932,9,92,9,252177,353433,10093,97863,3.2738615732335394,0.21684880876409274
2933,0.2933,10,85,10,252262,353348,10103,97853,3.2730742154210977,0.21687230303124327
2934,0.2934,5,100,5,252362,353248,10108,97848,3.272147912112342,0.2169116995052051
2935,0.2935,5,83,5,252445,353165,10113,97843,3.271379080366075,0.216942936710657
2936,0.2936,5,88,5,252533,353077,10118,97838,3.2705639334543704,0.2169765920406285
2937,0.2937,5,83,5,252616,352994,10123,97833,3.2697951017081035,0.2170078544541476
2938,0.2938,10,86,10,252702,352908,10133,97823,3.2689984808625736,0.21703188819939165
2939,0.2939,10,105,10,252807,352803,10143,97813,3.2680258623883804,0.21706508424024
2940,0.294,5,82,5,252889,352721,10148,97808,3.267266293675201,0.21709590281646687
2941,0.2941,8,85,8,252974,352636,10156,97800,3.266478935862759,0.21712296530472697
2942,0.2942,14,81,14,253055,352555,10170,97786,3.265728630182667,0.21713768011351398
2943,0.2943,13,89,13,253144,352466,10183,97773,3.2649042202378746,0.21715799830756555
2944,0.2944,8,72,8,253216,352394,10191,97765,3.264237281855571,0.21717881903949493
2945,0.2945,7,90,7,253306,352304,10198,97758,3.2634036088776908,0.2172100732787927
2946,0.2946,7,82,7,253388,352222,10205,97751,3.2626440401645116,0.21723747869316604
2947,0.2947,8,88,8,253476,352134,10213,97743,3.261828893252807,0.2172660527210771
2948,0.2948,11,75,11,253551,352059,10224,97732,3.26113416577124,0.21728313816861608
2949,0.2949,7,80,7,253631,351979,10231,97725,3.260393123124236,0.21730960809777097
2950,0.295,10,84,10,253715,351895,10241,97715,3.2596150283448813,0.21733279953737683
2951,0.2951,4,111,4,253826,351784,10245,97711,3.258586831672163,0.2173795036652243
2952,0.2952,5,104,5,253930,351680,10250,97706,3.257623476231057,0.21742110346116703
2953,0.2953,12,96,12,254026,351584,10262,97694,3.256734225054652,0.2174466588615512
2954,0.2954,11,91,11,254117,351493,10273,97683,3.2558912890436846,0.21747154790104548
2955,0.2955,8,89,8,254206,351404,10281,97675,3.255066879098892,0.2175007070025541
2956,0.2956,8,99,8,254305,351305,10289,97667,3.254149838823224,0.21753472376896554
2957,0.2957,2,86,2,254391,351219,10291,97665,3.2533532179776947,0.21757291416045124
2958,0.2958,7,109,7,254500,351110,10298,97658,3.2523435473711513,0.21761355533371363
2959,0.2959,5,96,5,254596,351014,10303,97653,3.251454296194746,0.21765139847592982
2960,0.296,9,93,9,254689,350921,10312,97644,3.2505928341176036,0.2176808266360505
2961,0.2961,6,91,6,254780,350830,10318,97638,3.249749898106636,0.21771453035668098
2962,0.2962,8,95,8,254875,350735,10326,97630,3.2488699099633185,0.21774670190581336
2963,0.2963,5,78,5,254953,350657,10331,97625,3.248147393382489,0.2177758642997042
2964,0.2964,8,111,8,255064,350546,10339,97617,3.247119196709771,0.21781583932631654
2965,0.2965,11,82,11,255146,350464,10350,97606,3.246359627996591,0.21783649876135425
2966,0.2966,13,91,13,255237,350373,10363,97593,3.2455166919856238,0.21785805172714
2967,0.2967,3,100,3,255337,350273,10366,97590,3.2445903886768686,0.21790145647218012
2968,0.2968,8,86,8,255423,350187,10374,97582,3.2437937678313387,0.21792933409860887
2969,0.2969,6,85,6,255508,350102,10380,97576,3.2430064100188964,0.21796023034413128
2970,0.297,9,96,9,255604,350006,10389,97567,3.2421171588424915,0.21799125505783415
2971,0.2971,9,107,9,255711,349899,10398,97558,3.241126014302123,0.2180276540539091
2972,0.2972,6,90,6,255801,349809,10404,97552,3.2402923413242433,0.21806102901236363
2973,0.2973,5,95,5,255896,349714,10409,97547,3.2394123531809256,0.2180986046178853
2974,0.2974,2,106,2,256002,349608,10411,97545,3.2384304716736447,0.21814680881040718
2975,0.2975,6,91,6,256093,349517,10417,97539,3.2375875356626773,0.21818072008875847
2976,0.2976,5,69,5,256162,349448,10422,97534,3.2369483863796362,0.21820565481384038
2977,0.2977,13,95,13,256257,349353,10435,97521,3.2360683982363185,0.21822929953409687
2978,0.2978,11,81,11,256338,349272,10446,97510,3.2353180925562266,0.2182496161438912
2979,0.2979,11,86,11,256424,349186,10457,97499,3.234521471710697,0.2182723843424337
2980,0.298,5,106,5,256530,349080,10462,97494,3.2335395902034163,0.21831544156175683
2981,0.2981,8,87,8,256617,348993,10470,97486,3.232733706324799,0.21834397586448634
2982,0.2982,8,79,8,256696,348914,10478,97478,3.232001926710882,0.21836860875642933
2983,0.2983,10,90,10,256786,348824,10488,97468,3.2311682537330024,0.2183951314386097
2984,0.2984,8,102,8,256888,348722,10496,97460,3.230223424358072,0.21843104383413048
2985,0.2985,7,84,7,256972,348638,10503,97453,3.2294453295787173,0.2184599106460341
2986,0.2986,6,103,6,257075,348535,10509,97447,3.228491237170699,0.21849984976972164
2987,0.2987,11,84,11,257159,348451,10520,97436,3.2277131423913445,0.21852173308483988
2988,0.2988,8,103,8,257262,348348,10528,97428,3.2267590499833267,0.21855819963389683
2989,0.2989,5,87,5,257349,348261,10533,97423,3.225953166104709,0.21859209664246418
2990,0.299,8,90,8,257439,348171,10541,97415,3.2251194931268294,0.21862221883093275
2991,0.2991,8,102,8,257541,348069,10549,97407,3.224174663751899,0.21865824421517657
2992,0.2992,14,87,14,257628,347982,10563,97393,3.2233687798732817,0.21867639629525681
2993,0.2993,6,81,6,257709,347901,10569,97387,3.22261847419319,0.21870564668259643
2994,0.2994,12,94,12,257803,347807,10581,97375,3.22174774908296,0.2187307662933362
2995,0.2995,9,71,9,257874,347736,10590,97366,3.2210900737337433,0.2187498595827473
2996,0.2996,5,91,5,257965,347645,10595,97361,3.220247137722776,0.2187858141238545
2997,0.2997,8,81,8,258046,347564,10603,97353,3.219496832042684,0.21881159856782276
2998,0.2998,5,86,5,258132,347478,10608,97348,3.2187002111971545,0.21884512146322382
2999,0.2999,9,81,9,258213,347397,10617,97339,3.2179499055170626,0.21886917182328391
3000,0.3,10,85,10,258298,347312,10627,97329,3.2171625477046204,0.2188934443742255
3001,0.3001,4,102,4,258400,347210,10631,97325,3.21621771832969,0.21893664165926194
3002,0.3002,5,79,5,258479,347131,10636,97320,3.2154859387157733,0.21896677024013897
3003,0.3003,7,82,7,258561,347049,10643,97313,3.2147263700025936,0.21899487354904335
3004,0.3004,7,88,7,258649,346961,10650,97306,3.213911223090889,0.21902594610898402
3005,0.3005,9,92,9,258741,346869,10659,97297,3.2130590240468337,0.21905548826339702
3006,0.3006,8,80,8,258821,346789,10667,97289,3.2123179813998295,0.2190808821873635
3007,0.3007,7,90,7,258911,346699,10674,97282,3.2114843084219498,0.21911298005995752
3008,0.3008,3,100,3,259011,346599,10677,97279,3.210558005113194,0.21915706568020943
3009,0.3009,5,71,5,259082,346528,10682,97274,3.209900329763978,0.2191833295027963
3010,0.301,7,87,7,259169,346441,10689,97267,3.2090944458853605,0.21921398757741578
3011,0.3011,10,84,10,259253,346357,10699,97257,3.208316351106006,0.21923789600869223
3012,0.3012,7,89,7,259342,346268,10706,97250,3.207491941161214,0.21926956741327297
3013,0.3013,11,99,11,259441,346169,10717,97239,3.206574900885546,0.21929915563093133
3014,0.3014,7,98,7,259539,346071,10724,97232,3.2056671236429657,0.2193353079045258
3015,0.3015,9,93,9,259632,345978,10733,97223,3.204805661565823,0.2193654797710294
3016,0.3016,12,95,12,259727,345883,10745,97211,3.2039256734225057,0.2193913706798106
3017,0.3017,8,94,8,259821,345789,10753,97203,3.203054948312275,0.21942382706685448
3018,0.3018,3,88,3,259909,345701,10756,97200,3.2022398014005704,0.21946213713674162
3019,0.3019,9,74,9,259983,345627,10765,97191,3.201554336952092,0.21948294784764846
3020,0.302,7,104,7,260087,345523,10772,97184,3.200590981510986,0.21952216703146776
3021,0.3021,4,98,4,260185,345425,10776,97180,3.1996832042684056,0.21956371934343263
3022,0.3022,5,63,5,260248,345362,10781,97175,3.1990996331838897,0.21958615889744812
3023,0.3023,8,89,8,260337,345273,10789,97167,3.1982752232390976,0.2196162191483591
3024,0.3024,9,84,9,260421,345189,10798,97158,3.1974971284597427,0.21964204572428433
3025,0.3025,6,86,6,260507,345103,10804,97152,3.196700507614213,0.21967416987936825
3026,0.3026,12,80,12,260587,345023,10816,97140,3.195959464967209,0.21969273774603484
3027,0.3027,4,75,4,260662,344948,10820,97136,3.195264737485642,0.2197229485799079
3028,0.3028,4,90,4,260752,344858,10824,97132,3.1944310645077625,0.21976062806850832
3029,0.3029,4,88,4,260840,344770,10828,97128,3.1936159175960577,0.21979732879533287
3030,0.303,4,92,4,260932,344678,10832,97124,3.1927637185520026,0.21983603514696629
3031,0.3031,6,77,6,261009,344601,10838,97118,3.192050465004261,0.2198637595394357
3032,0.3032,4,86,4,261095,344515,10842,97114,3.1912538441587315,0.219899508410906
3033,0.3033,7,103,7,261198,344412,10849,97107,3.1902997517507132,0.2199384397953429
3034,0.3034,8,79,8,261277,344333,10857,97099,3.1895679721367967,0.2199636637126443
3035,0.3035,4,95,4,261372,344238,10861,97095,3.188687983993479,0.2200039426011651
3036,0.3036,7,101,7,261473,344137,10868,97088,3.1877524176516356,0.220041928721174
3037,0.3037,10,87,10,261560,344050,10878,97078,3.1869465337730185,0.2200676447652382
3038,0.3038,6,87,6,261647,343963,10884,97072,3.1861406498944014,0.22010044554287075
3039,0.3039,10,84,10,261731,343879,10894,97062,3.185362555115047,0.22012468788341297
3040,0.304,11,84,11,261815,343795,10905,97051,3.1845844603356923,0.2201471715746542
3041,0.3041,8,84,8,261899,343711,10913,97043,3.183806365556338,0.22017497288737028
3042,0.3042,9,100,9,261999,343611,10922,97034,3.182880062247582,0.2202090117895358
3043,0.3043,7,87,7,262086,343524,10929,97027,3.182074178368965,0.22024010840969604
3044,0.3044,7,84,7,262170,343440,10936,97020,3.1812960835896105,0.22026971802206785
3045,0.3045,8,91,8,262261,343349,10944,97012,3.180453147578643,0.22030107116661102
3046,0.3046,13,93,13,262354,343256,10957,96999,3.1795916855015007,0.22032458461573406
3047,0.3047,3,88,3,262442,343168,10960,96996,3.178776538589796,0.2203633191265074
3048,0.3048,10,78,10,262520,343090,10970,96986,3.1780540220089666,0.22038466083131095
3049,0.3049,5,83,5,262603,343007,10975,96981,3.1772851902626997,0.2204173750193187
3050,0.305,5,89,5,262692,342918,10980,96976,3.1764607803179072,0.22045310915811536
3051,0.3051,6,93,6,262785,342825,10986,96970,3.175599318240765,0.22048909150854376
3052,0.3052,8,94,8,262879,342731,10994,96962,3.1747285931305345,0.22052204606395825
3053,0.3053,7,104,7,262983,342627,11001,96955,3.173765237689429,0.22056180644339396
3054,0.3054,9,85,9,263068,342542,11010,96946,3.1729778798769868,0.22058850298529198
3055,0.3055,6,91,6,263159,342451,11016,96940,3.1721349438660194,0.22062354486095528
3056,0.3056,7,85,7,263244,342366,11023,96933,3.1713475860535776,0.22065381437244336
3057,0.3057,6,87,6,263331,342279,11029,96927,3.17054170217496,0.2206868758623516
3058,0.3058,2,92,2,263423,342187,11031,96925,3.1696895031309054,0.22072956330047916
3059,0.3059,6,104,6,263527,342083,11037,96919,3.1687261476897994,0.220771203775837
3060,0.306,6,89,6,263616,341994,11043,96913,3.1679017377450074,0.2208053186665968
3061,0.3061,6,113,6,263729,341881,11049,96907,3.1668550150061137,0.22085152738908084
3062,0.3062,10,99,10,263828,341782,11059,96897,3.1659379747304457,0.22088360737578047
3063,0.3063,4,85,4,263913,341697,11063,96893,3.1651506169180035,0.22091930960578215
3064,0.3064,5,106,5,264019,341591,11068,96888,3.164168735410723,0.22096383179126025
3065,0.3065,7,84,7,264103,341507,11075,96881,3.1633906406313685,0.220993731580244
3066,0.3066,5,94,5,264197,341413,11080,96876,3.162519915521138,0.22103224128371918
3067,0.3067,11,100,11,264297,341313,11091,96865,3.161593612212383,0.22106312959573507
3068,0.3068,10,80,10,264377,341233,11101,96855,3.1608525695653786,0.22108571793794854
3069,0.3069,9,99,9,264476,341134,11110,96846,3.1599355292897107,0.2211196858304032
3070,0.307,6,85,6,264561,341049,11116,96840,3.1591481714772685,0.22115193576454306
3071,0.3071,14,96,14,264657,340953,11130,96826,3.1582589203008635,0.22117552463686016
3072,0.3072,6,109,6,264766,340844,11136,96820,3.15724924969432,0.22121993127147765
3073,0.3073,5,69,5,264835,340775,11141,96815,3.1566101004112785,0.22124591512603123
3074,0.3074,7,96,7,264931,340679,11148,96808,3.1557208492348736,0.22128200380811316
3075,0.3075,5,83,5,265014,340596,11153,96803,3.1549520174886063,0.2213150921698495
3076,0.3076,5,96,5,265110,340500,11158,96798,3.1540627663122014,0.22135477408997983
3077,0.3077,9,86,9,265196,340414,11167,96789,3.1532661454666715,0.22138228694679588
3078,0.3078,8,75,8,265271,340339,11175,96781,3.152571417985105,0.22140602122986822
3079,0.3079,6,91,6,265362,340248,11181,96775,3.151728481974138,0.2214414344325127
3080,0.308,9,96,9,265458,340152,11190,96766,3.1508392307977324,0.22147405233934056
3081,0.3081,5,89,5,265547,340063,11195,96761,3.15001482085294,0.22151026500375437
3082,0.3082,8,94,8,265641,339969,11203,96753,3.14914409574271,0.22154368225095142
3083,0.3083,8,89,8,265730,339880,11211,96745,3.148319685797918,0.22157457772688233
3084,0.3084,8,81,8,265811,339799,11219,96737,3.147569380117826,0.22160142577015413
3085,0.3085,8,92,8,265903,339707,11227,96729,3.146717181073771,0.22163387071643953
3086,0.3086,9,87,9,265990,339620,11236,96720,3.1459112971951537,0.22166200669202915
3087,0.3087,10,104,10,266094,339516,11246,96710,3.144947941754048,0.22169701026532118
3088,0.3088,8,98,8,266192,339418,11254,96702,3.1440401645114675,0.2217325506741264
3089,0.3089,6,77,6,266269,339341,11260,96696,3.143326910963726,0.22176099734655547
3090,0.309,10,76,10,266345,339265,11270,96686,3.142622920449072,0.2217818057533989
3091,0.3091,3,91,3,266436,339174,11273,96683,3.1417799844381045,0.22182275379310187
3092,0.3092,7,82,7,266518,339092,11280,96676,3.141020415724925,0.22185199463934938
3093,0.3093,6,82,6,266600,339010,11286,96670,3.1402608470117457,0.22188303341902313
3094,0.3094,4,105,4,266705,338905,11290,96666,3.1392882285375525,0.22192937546347208
3095,0.3095,13,81,13,266786,338824,11303,96653,3.1385379228574606,0.22194742776311951
3096,0.3096,9,92,9,266878,338732,11312,96644,3.1376857238134055,0.2219782440924626
3097,0.3097,7,98,7,266976,338634,11319,96637,3.136777946570825,0.2220157097532342
3098,0.3098,9,88,9,267064,338546,11328,96628,3.1359627996591204,0.22204451552712248
3099,0.3099,8,95,8,267159,338451,11336,96620,3.1350828115158027,0.22207869520147286
3100,0.31,13,101,13,267260,338350,11349,96607,3.13414724517396,0.22210701287713497
3101,0.3101,2,85,2,267345,338265,11351,96605,3.1333598873615176,0.2221468484834548
3102,0.3102,9,103,9,267448,338162,11360,96596,3.1324057949534994,0.22218337557905776
3103,0.3103,4,99,4,267547,338063,11364,96592,3.131488754677832,0.22222682357271858
3104,0.3104,5,98,5,267645,337965,11369,96587,3.1305809774352515,0.22226799094239585
3105,0.3105,8,77,8,267722,337888,11377,96579,3.12986772388751,0.2222930625340935
3106,0.3106,9,86,9,267808,337802,11386,96570,3.12907110304198,0.2223209599145433
3107,0.3107,4,88,4,267896,337714,11390,96566,3.128255956130275,0.22235884682693194
3108,0.3108,8,72,8,267968,337642,11398,96558,3.1275890177479715,0.2223813910640258
3109,0.3109,8,90,8,268058,337552,11406,96550,3.1267553447700913,0.22241316556938232
3110,0.311,9,89,9,268147,337463,11415,96541,3.1259309348252993,0.22244265029815394
3111,0.3111,8,85,8,268232,337378,11423,96533,3.125143577012857,0.2224718893966735
3112,0.3112,9,79,9,268311,337299,11432,96524,3.1244117973989405,0.22249627152087373
3113,0.3113,9,92,9,268403,337207,11441,96515,3.1235595983548854,0.22252733317655088
3114,0.3114,11,106,11,268509,337101,11452,96504,3.1225777168476045,0.2225620092019234
3115,0.3115,9,102,9,268611,336999,11461,96495,3.121632887472674,0.22259823665379452
3116,0.3116,7,91,7,268702,336908,11468,96488,3.1207899514617066,0.22263241931166877
3117,0.3117,11,81,11,268783,336827,11479,96477,3.1200396457816146,0.22265430275280174
3118,0.3118,6,104,6,268887,336723,11485,96471,3.119076290340509,0.22269699026302303
3119,0.3119,10,78,10,268965,336645,11495,96461,3.11835377375968,0.22271914958462824
3120,0.312,9,72,9,269037,336573,11504,96452,3.117686835377376,0.2227400265573581
3121,0.3121,6,95,6,269132,336478,11510,96446,3.1168068472340584,0.2227781319584962
3122,0.3122,10,102,10,269234,336376,11520,96436,3.115862017859128,0.2228126761734887
3123,0.3123,9,96,9,269330,336280,11529,96427,3.1149727666827225,0.2228459442532707
3124,0.3124,6,95,6,269425,336185,11535,96421,3.114092778539405,0.22288410239340184
3125,0.3125,6,93,6,269518,336092,11541,96415,3.1132313164622625,0.2229212475173812
3126,0.3126,6,105,6,269623,335987,11547,96409,3.1122586979880693,0.22296459726731976
3127,0.3127,6,80,6,269703,335907,11553,96403,3.111517655341065,0.22299507298003748
3128,0.3128,9,98,9,269801,335809,11562,96394,3.1106098780984848,0.2230294560657839
3129,0.3129,12,108,12,269909,335701,11574,96382,3.1096094705250286,0.22306362434995128
3130,0.313,8,79,8,269988,335622,11582,96374,3.108877690911112,0.22309002861137603
3131,0.3131,13,95,13,270083,335527,11595,96361,3.1079977027677943,0.22311571518541845
3132,0.3132,13,98,13,270181,335429,11608,96348,3.107089925525214,0.22314296500276765
3133,0.3133,6,85,6,270266,335344,11614,96342,3.106302567712772,0.2231761048539911
3134,0.3134,4,94,4,270360,335250,11618,96338,3.105431842602542,0.22321751299850784
3135,0.3135,8,84,8,270444,335166,11626,96330,3.1046537478231873,0.2232465654374548
3136,0.3136,6,93,6,270537,335073,11632,96324,3.1037922857460445,0.22328388931772822
3137,0.3137,8,86,8,270623,334987,11640,96316,3.102995664900515,0.22331400430787637
3138,0.3138,11,80,11,270703,334907,11651,96305,3.102254622253511,0.22333562145765887
3139,0.3139,3,89,3,270792,334818,11654,96302,3.1014302123087183,0.22337632213768788
3140,0.314,7,75,7,270867,334743,11661,96295,3.100735484827152,0.2234025770349714
3141,0.3141,7,98,7,270965,334645,11668,96288,3.0998277075845717,0.22344076689415757
3142,0.3142,11,87,11,271052,334558,11679,96277,3.099021823705954,0.22346606009261086
3143,0.3143,14,90,14,271142,334468,11693,96263,3.0981881507280744,0.22348751308821516
3144,0.3144,9,87,9,271229,334381,11702,96254,3.0973822668494573,0.22351643503198765
3145,0.3145,8,100,8,271329,334281,11710,96246,3.0964559635407016,0.22355392344730993
3146,0.3146,10,86,10,271415,334195,11720,96236,3.095659342695172,0.22358055065736437
3147,0.3147,13,98,13,271513,334097,11733,96223,3.094751565452592,0.22360801264175498
3148,0.3148,8,84,8,271597,334013,11741,96215,3.0939734706732374,0.2236372342106976
3149,0.3149,8,95,8,271692,333918,11749,96207,3.0930934825299197,0.2236721883173496
3150,0.315,6,108,6,271800,333810,11755,96201,3.092093074956464,0.22371753280730028
3151,0.3151,13,80,13,271880,333730,11768,96188,3.091352032309459,0.22373568913141575
3152,0.3152,11,79,11,271959,333651,11779,96177,3.0906202526955426,0.22375694463832044
3153,0.3153,3,79,3,272038,333572,11782,96174,3.089888473081626,0.22379265891945474
3154,0.3154,9,80,9,272118,333492,11791,96165,3.0891474304346214,0.22381806883164942
3155,0.3155,10,82,10,272200,333410,11801,96155,3.088387861721442,0.22384272461676347
3156,0.3156,7,79,7,272279,333331,11808,96148,3.087656082107525,0.22387124865243702
3157,0.3157,4,82,4,272361,333249,11812,96144,3.086896513394346,0.22390677072052875
3158,0.3158,7,86,7,272447,333163,11819,96137,3.086099892548816,0.22393897041695784
3159,0.3159,4,91,4,272538,333072,11823,96133,3.0852569565378487,0.22397921739029136
3160,0.316,7,89,7,272627,332983,11830,96126,3.084432546593056,0.22401301301068027
3161,0.3161,8,112,8,272739,332871,11838,96118,3.08339508688725,0.22405702710325906
3162,0.3162,6,85,6,272824,332786,11844,96112,3.0826077290748084,0.22409057631418192
3163,0.3163,10,72,10,272896,332714,11854,96102,3.0819407906925043,0.22411010783179733
3164,0.3164,6,70,6,272966,332644,11860,96096,3.0812923783763755,0.2241358399029715
3165,0.3165,9,86,9,273052,332558,11869,96087,3.080495757530846,0.22416451842433716
3166,0.3166,13,102,13,273154,332456,11882,96074,3.0795509281559155,0.22419433878608266
3167,0.3167,9,87,9,273241,332369,11891,96065,3.0787450442772983,0.22422356769070614
3168,0.3168,9,104,9,273345,332265,11900,96056,3.0777816888361924,0.22426171025936156
3169,0.3169,6,102,6,273447,332163,11906,96050,3.076836859461262,0.22430425979594268
3170,0.317,11,116,11,273563,332047,11917,96039,3.0757623476231055,0.22434510822591722
3171,0.3171,6,89,6,273652,331958,11923,96033,3.0749379376783135,0.22438088651396876
3172,0.3172,11,84,11,273736,331874,11934,96022,3.074159842898959,0.22440499560640903
3173,0.3173,7,98,7,273834,331776,11941,96015,3.0732520656563787,0.22444371199955118
3174,0.3174,3,91,3,273925,331685,11944,96012,3.0724091296454112,0.22448602632237308
3175,0.3175,7,87,7,274012,331598,11951,96005,3.0716032457667937,0.22451900477779624
3176,0.3176,11,76,11,274088,331522,11962,95994,3.0708992552521397,0.22453896462354625
3177,0.3177,7,84,7,274172,331438,11969,95987,3.070121160472785,0.22457039246651458
3178,0.3178,13,74,13,274246,331364,11982,95974,3.069435696024306,0.22458569095189287
3179,0.3179,8,89,8,274335,331275,11990,95966,3.068611286079514,0.2246179556737298
3180,0.318,5,80,5,274415,331195,11995,95961,3.0678702434325094,0.2246509471949358
3181,0.3181,11,88,11,274503,331107,12006,95950,3.067055096520805,0.2246772679056894
3182,0.3182,5,94,5,274597,331013,12011,95945,3.0661843714105745,0.22471765372706448
3183,0.3183,7,93,7,274690,330920,12018,95938,3.065322909333432,0.2247538994232274
3184,0.3184,7,87,7,274777,330833,12025,95931,3.064517025454815,0.22478700171523372
3185,0.3185,5,90,5,274867,330743,12030,95926,3.063683352476935,0.22482533298646024
3186,0.3186,12,109,12,274976,330634,12042,95914,3.0626736818703915,0.22486097695921678
3187,0.3187,8,99,8,275075,330535,12050,95906,3.061756641594724,0.22489863779514635
3188,0.3188,7,89,7,275164,330446,12057,95899,3.0609322316499314,0.22493285953863654
3189,0.3189,8,82,8,275246,330364,12065,95891,3.060172662936752,0.22496158402833985
3190,0.319,15,87,15,275333,330277,12080,95876,3.0593667790581347,0.22498023010515003
3191,0.3191,8,79,8,275412,330198,12088,95868,3.058634999444218,0.22500739322076863
3192,0.3192,16,104,16,275516,330094,12104,95852,3.057671644003112,0.2250332201734492
3193,0.3193,7,78,7,275594,330016,12111,95845,3.0569491274222833,0.22506169853543762
3194,0.3194,7,77,7,275671,329939,12118,95838,3.0562358738745417,0.2250896596105473
3195,0.3195,13,104,13,275775,329835,12131,95825,3.0552725184334357,0.22512098858243668
3196,0.3196,8,73,8,275848,329762,12139,95817,3.0545963170180443,0.22514503770157832
3197,0.3197,6,88,6,275936,329674,12145,95811,3.0537811701063395,0.2251806761695477
3198,0.3198,4,92,4,276028,329582,12149,95807,3.0529289710622844,0.22522209083920836
3199,0.3199,10,93,10,276121,329489,12159,95797,3.052067508985142,0.2252531237802326
3200,0.32,13,96,13,276217,329393,12172,95784,3.0511782578087367,0.22528029503006983
3201,0.3201,14,74,14,276291,329319,12186,95770,3.0504927933602577,0.225293997257045
3202,0.3202,3,81,3,276372,329238,12189,95767,3.049742487680166,0.2253314666886272
3203,0.3203,7,88,7,276460,329150,12196,95760,3.0489273407684614,0.22536537149043326
3204,0.3204,3,90,3,276550,329060,12199,95757,3.048093667790581,0.22540764611585695
3205,0.3205,7,99,7,276649,328961,12206,95750,3.0471766275149137,0.2254474218939467
3206,0.3206,7,83,7,276732,328878,12213,95743,3.0464077957686464,0.22547872102416036
3207,0.3207,8,101,8,276833,328777,12221,95735,3.0454722294268035,0.22551777099351727
3208,0.3208,8,89,8,276922,328688,12229,95727,3.044647819482011,0.22555046357927971
3209,0.3209,11,82,11,277004,328606,12240,95716,3.043888250768832,0.22557397448164365
3210,0.321,5,91,5,277095,328515,12245,95711,3.0430453147578644,0.22561323445521964
3211,0.3211,10,100,10,277195,328415,12255,95701,3.042119011449109,0.2256481717266031
3212,0.3212,3,75,3,277270,328340,12258,95698,3.0414242839675425,0.22568260391757342
3213,0.3213,5,95,5,277365,328245,12263,95693,3.040544295824225,0.22572404455368475
3214,0.3214,6,83,6,277448,328162,12269,95687,3.0397754640779575,0.2257572862033413
3215,0.3215,7,97,7,277545,328065,12276,95680,3.038876949868465,0.2257961745861308
3216,0.3216,6,96,6,277641,327969,12282,95674,3.0379876986920595,0.22583637638294507
3217,0.3217,9,105,9,277746,327864,12291,95665,3.0370150802178664,0.22587591404602755
3218,0.3218,9,95,9,277841,327769,12300,95656,3.0361350920745487,0.2259101375686367
3219,0.3219,11,77,11,277918,327692,12311,95645,3.035421838526807,0.2259311139824773
3220,0.322,13,88,13,278006,327604,12324,95632,3.0346066916151027,0.22595431390524434
3221,0.3221,12,89,12,278095,327515,12336,95620,3.03378228167031,0.22597988821534498
3222,0.3222,4,87,4,278182,327428,12340,95616,3.032976397791693,0.22601904293643216
3223,0.3223,9,89,9,278271,327339,12349,95607,3.0321519878469005,0.2260501340596672
3224,0.3224,10,80,10,278351,327259,12359,95597,3.0314109451998963,0.22607459749891215
3225,0.3225,8,104,8,278455,327155,12367,95589,3.030447589758791,0.2261155687602899
3226,0.3226,8,91,8,278546,327064,12375,95581,3.0296046537478234,0.22614960546084775
3227,0.3227,10,84,10,278630,326980,12385,95571,3.0288265589684684,0.22617624854751261
3228,0.3228,12,75,12,278705,326905,12397,95559,3.028131831486902,0.22619442129980305
3229,0.3229,9,84,9,278789,326821,12406,95550,3.0273537367075476,0.22622291776660802
3230,0.323,6,90,6,278879,326731,12412,95544,3.026520063729668,0.22626013853531465
3231,0.3231,8,87,8,278966,326644,12420,95536,3.0257141798510503,0.22629210289449997
3232,0.3232,6,82,6,279048,326562,12426,95530,3.024954611137871,0.22632506657316415
3233,0.3233,8,95,8,279143,326467,12434,95522,3.0240746229945534,0.2263613506513203
3234,0.3234,5,95,5,279238,326372,12439,95517,3.0231946348512357,0.22640315343609338
3235,0.3235,10,93,10,279331,326279,12449,95507,3.022333172774093,0.22643473230500774
3236,0.3236,6,74,6,279405,326205,12455,95501,3.0216477083256144,0.22646346032543999
3237,0.3237,5,90,5,279495,326115,12460,95496,3.020814035347734,0.226502629200851
3238,0.3238,8,89,8,279584,326026,12468,95488,3.019989625402942,0.22653577342626816
3239,0.3239,7,72,7,279656,325954,12475,95481,3.019322687020638,0.2265616287209178
3240,0.324,8,93,8,279749,325861,12483,95473,3.0184612249434957,0.2265969515871019
3241,0.3241,9,83,9,279832,325778,12492,95464,3.0176923931972284,0.2266250753723513
3242,0.3242,11,106,11,279938,325672,12503,95453,3.016710511689948,0.22666191748293263
3243,0.3243,3,97,3,280035,325575,12506,95450,3.015811997480455,0.22670862775369632
3244,0.3244,5,84,5,280119,325491,12511,95445,3.0150339027011004,0.2267446832772678
3245,0.3245,5,101,5,280220,325390,12516,95440,3.0140983363592575,0.22678991516764488
3246,0.3246,8,94,8,280314,325296,12524,95432,3.0132276112490275,0.22682588275560456
3247,0.3247,14,95,14,280409,325201,12538,95418,3.01234762310571,0.22685137856349807
3248,0.3248,8,94,8,280503,325107,12546,95410,3.01147689799548,0.22688737910714668
3249,0.3249,10,92,10,280595,325015,12556,95400,3.0106246989514247,0.22691863991532177
3250,0.325,8,94,8,280689,324921,12564,95392,3.0097539738411947,0.2269546742546626
3251,0.3251,10,80,10,280769,324841,12574,95382,3.0090129311941904,0.22697948470217003
3252,0.3252,7,95,7,280864,324746,12581,95375,3.0081329430508728,0.22701793054858005
3253,0.3253,8,79,8,280943,324667,12589,95367,3.0074011634369557,0.2270459058076251
3254,0.3254,10,76,10,281019,324591,12599,95357,3.0066971729223018,0.22706858944440741
3255,0.3255,8,83,8,281102,324508,12607,95349,3.0059283411760345,0.22709875028878881
3256,0.3256,11,97,11,281199,324411,12618,95338,3.005029826966542,0.2271309758927359
3257,0.3257,8,84,8,281283,324327,12626,95330,3.0042517321871873,0.22716170586931708
3258,0.3258,4,87,4,281370,324240,12630,95326,3.00344584830857,0.2272014414895392
3259,0.3259,4,76,4,281446,324164,12634,95322,3.0027418577939162,0.2272352355024959
3260,0.326,17,69,17,281515,324095,12651,95305,3.0021027085108747,0.2272412970910825
3261,0.3261,10,94,10,281609,324001,12661,95295,3.0012319834006447,0.2272738113409143
3262,0.3262,7,88,7,281697,323913,12668,95288,3.00041683648894,0.2273086180615027
3263,0.3263,4,80,4,281777,323833,12672,95284,2.9996757938419356,0.2273446316899577
3264,0.3264,9,85,9,281862,323748,12681,95275,2.9988884360294934,0.2273741536860745
3265,0.3265,6,82,6,281944,323666,12687,95269,2.9981288673163142,0.22740759306336306
3266,0.3266,11,82,11,282026,323584,12698,95258,2.9973692986031346,0.22743182393360742
3267,0.3267,9,82,9,282108,323502,12707,95249,2.996609729889955,0.2274597553199873
3268,0.3268,6,95,6,282203,323407,12713,95243,2.9957297417466373,0.22750029857876508
3269,0.3269,6,89,6,282292,323318,12719,95237,2.9949053318018453,0.22753759959861905
3270,0.327,6,90,6,282382,323228,12725,95231,2.9940716588239655,0.22757546139526214
3271,0.3271,5,78,5,282460,323150,12730,95226,2.993349142243136,0.22760865824043444
3272,0.3272,7,96,7,282556,323054,12737,95219,2.992459891066731,0.22764797154011854
3273,0.3273,11,89,11,282645,322965,12748,95208,2.9916354811219388,0.22767610534396052
3274,0.3274,5,76,5,282721,322889,12753,95203,2.9909314906072844,0.2277082555992461
3275,0.3275,6,89,6,282810,322800,12759,95197,2.9901070806624923,0.22774565367694027
3276,0.3276,11,78,11,282888,322722,12770,95186,2.989384564081663,0.2277678340687424
3277,0.3277,10,86,10,282974,322636,12780,95176,2.988587943236133,0.22779623371277033
3278,0.3278,8,96,8,283070,322540,12788,95168,2.987698692059728,0.2278337977726067
3279,0.3279,6,65,6,283135,322475,12794,95162,2.987096594909037,0.2278581639078913
3280,0.328,16,83,16,283218,322392,12810,95146,2.98632776316277,0.22787387016271574
3281,0.3281,7,86,7,283304,322306,12817,95139,2.98553114231724,0.22790786810238475
3282,0.3282,8,76,8,283380,322230,12825,95131,2.984827151802586,0.22793456983283056
3283,0.3283,7,92,7,283472,322138,12832,95124,2.983974952758531,0.2279718737867335
3284,0.3284,8,100,8,283572,322038,12840,95116,2.983048649449776,0.2280117174952176
3285,0.3285,8,103,8,283675,321935,12848,95108,2.9820945570417576,0.2280532223295919
3286,0.3286,4,88,4,283763,321847,12852,95104,2.981279410130053,0.22809394868941435
3287,0.3287,7,94,7,283857,321753,12859,95097,2.980408685019823,0.22813242173443685
3288,0.3288,7,73,7,283930,321680,12866,95090,2.9797324836044314,0.22815941646471674
3289,0.3289,9,71,9,284001,321609,12875,95081,2.979074808255215,0.22818162182917756
3290,0.329,9,92,9,284093,321517,12884,95072,2.97822260921116,0.22821533933925284
3291,0.3291,10,87,10,284180,321430,12894,95062,2.9774167253325428,0.22824448008605208
3292,0.3292,11,93,11,284273,321337,12905,95051,2.9765552632554004,0.2282750703670615
3293,0.3293,12,86,12,284359,321251,12917,95039,2.9757586424098705,0.22829998318479905
3294,0.3294,8,91,8,284450,321160,12925,95031,2.974915706398903,0.22833506731284434
3295,0.3295,5,101,5,284551,321059,12930,95026,2.9739801400570602,0.228381220183376
3296,0.3296,10,87,10,284638,320972,12940,95016,2.973174256178443,0.22841043491639182
3297,0.3297,7,100,7,284738,320872,12947,95009,2.9722479528696875,0.22845236978847314
3298,0.3298,7,99,7,284837,320773,12954,95002,2.97133091259402,0.2284937766820997
3299,0.3299,9,85,9,284922,320688,12963,94993,2.9705435547815777,0.22852379589156108
3300,0.33,8,84,8,285006,320604,12971,94985,2.969765460002223,0.22855513500116703
3301,0.3301,12,110,12,285116,320494,12983,94973,2.968746526362592,0.2285933660194432
3302,0.3302,8,91,8,285207,320403,12991,94965,2.9679035903516247,0.22862858958802795
3303,0.3303,12,86,12,285293,320317,13003,94953,2.967106969506095,0.2286536470248272
3304,0.3304,9,88,9,285381,320229,13012,94944,2.9662918225943904,0.22868539139105867
3305,0.3305,12,81,12,285462,320148,13024,94932,2.9655415169142985,0.2287077189939289
3306,0.3306,6,96,6,285558,320052,13030,94926,2.964652265737893,0.22874947587582956
3307,0.3307,10,94,10,285652,319958,13040,94916,2.963781540627663,0.22878271475194878
3308,0.3308,6,80,6,285732,319878,13046,94910,2.963040497980659,0.22881568415672585
3309,0.3309,6,69,6,285801,319809,13052,94904,2.9624013486976177,0.22884259716960886
3310,0.331,10,88,10,285889,319721,13062,94894,2.961586201785913,0.22887256852742907
3311,0.3311,4,80,4,285969,319641,13066,94890,2.9608451591389082,0.2289092974952416
3312,0.3312,14,92,14,286061,319549,13080,94876,2.9599929600948536,0.22893406527115884
3313,0.3313,6,91,6,286152,319458,13086,94870,2.959150024083886,0.2289731806684559
3314,0.3314,9,73,9,286225,319385,13095,94861,2.958473822668495,0.22899677969129453
3315,0.3315,13,101,13,286326,319284,13108,94848,2.9575382563266515,0.22902842571933588
3316,0.3316,11,75,11,286401,319209,13119,94837,2.956843528845085,0.22904942929046532
3317,0.3317,5,75,5,286476,319134,13124,94832,2.9561488013635184,0.22908161539836605
3318,0.3318,8,98,8,286574,319036,13132,94824,2.955241024120938,0.22912095877833083
3319,0.3319,13,91,13,286665,318945,13145,94811,2.9543980881099707,0.22914713019267394
3320,0.332,11,64,11,286729,318881,13156,94800,2.953805253992367,0.22916208382787703
3321,0.3321,8,92,8,286821,318789,13164,94792,2.952953054948312,0.22919814981829437
3322,0.3322,7,91,7,286912,318698,13171,94785,2.9521101189373447,0.22923554293646897
3323,0.3323,5,77,5,286989,318621,13176,94780,2.951396865389603,0.22926891807228333
3324,0.3324,3,96,3,287085,318525,13179,94777,2.950507614213198,0.2293165772244025
3325,0.3325,5,77,5,287162,318448,13184,94772,2.9497943606654564,0.22934998305987125
3326,0.3326,8,83,8,287245,318365,13192,94764,2.949025528919189,0.22938113761077047
3327,0.3327,3,85,3,287330,318280,13195,94761,2.9482381711067474,0.22942274495752238
3328,0.3328,12,90,12,287420,318190,13207,94749,2.947404498128867,0.2294503546528664
3329,0.3329,12,103,12,287523,318087,13219,94737,2.9464504057208494,0.22948520434858438
3330,0.333,7,86,7,287609,318001,13226,94730,2.9456537848753195,0.22951995367442718
3331,0.3331,12,68,12,287677,317933,13238,94718,2.945023898625366,0.2295353700827091
3332,0.3332,13,85,13,287762,317848,13251,94705,2.944236540812924,0.22955838401369036
3333,0.3333,9,96,9,287858,317752,13260,94696,2.9433472896365185,0.2295950034913492
3334,0.3334,6,88,6,287946,317664,13266,94690,2.9425321427248137,0.22963279124247613
3335,0.3335,10,96,10,288042,317568,13276,94680,2.9416428915484087,0.22966757873901147
3336,0.3336,9,82,9,288124,317486,13285,94671,2.940883322835229,0.22969645062439797
3337,0.3337,3,83,3,288207,317403,13288,94668,2.9401144910889623,0.22973710841092918
3338,0.3338,8,89,8,288296,317314,13296,94660,2.93929008114417,0.22977178171438004
3339,0.3339,9,83,9,288379,317231,13305,94651,2.938521249397903,0.22980125375714403
3340,0.334,5,91,5,288470,317140,13310,94646,2.9376783133869355,0.22984268527827562
3341,0.3341,7,81,7,288551,317059,13317,94639,2.9369280077068436,0.2298748111479774
3342,0.3342,5,103,5,288654,316956,13322,94634,2.9359739152988253,0.22992298160791078
3343,0.3343,7,91,7,288745,316865,13329,94627,2.935130979287858,0.2299607282766129
3344,0.3344,10,89,10,288834,316776,13339,94617,2.934306569343066,0.22999175970422442
3345,0.3345,8,74,8,288908,316702,13347,94609,2.933621104894587,0.23001816143988368
3346,0.3346,12,91,12,288999,316611,13359,94597,2.9327781688836194,0.230046594424233
3347,0.3347,10,87,10,289086,316524,13369,94587,2.931972285005002,0.23007654866933747
3348,0.3348,13,96,13,289182,316428,13382,94574,2.931083033828597,0.23010593622415462
3349,0.3349,9,87,9,289269,316341,13391,94565,2.93027714994998,0.23013779307189478
3350,0.335,13,103,13,289372,316238,13404,94552,2.9293230575419615,0.23017113366927142
3351,0.3351,10,97,10,289469,316141,13414,94542,2.928424543332469,0.2302067531405001
3352,0.3352,6,85,6,289554,316056,13420,94536,2.9276371855200267,0.23024316109422494
3353,0.3353,9,75,9,289629,315981,13429,94527,2.92694245803846,0.2302683504340963
3354,0.3354,14,81,14,289710,315900,13443,94513,2.926192152358368,0.23028753962471948
3355,0.3355,11,91,11,289801,315809,13454,94502,2.9253492163474006,0.2303179783140106
3356,0.3356,8,76,8,289877,315733,13462,94494,2.9246452258327467,0.23034563790291718
3357,0.3357,5,86,5,289963,315647,13467,94489,2.923848604987217,0.23038455536700023
3358,0.3358,8,80,8,290043,315567,13475,94481,2.9231075623402125,0.23041448805993445
3359,0.3359,14,80,14,290123,315487,13489,94467,2.9223665196932083,0.23043317055084228
3360,0.336,7,84,7,290207,315403,13496,94460,2.9215884249138537,0.23046725369208734
3361,0.3361,10,89,10,290296,315314,13506,94450,2.9207640149690617,0.23049853086166672
3362,0.3362,6,89,6,290385,315225,13512,94444,2.919939605024269,0.23053733623974476
3363,0.3363,10,89,10,290474,315136,13522,94434,2.9191151950794767,0.23056864516444076
3364,0.3364,7,88,7,290562,315048,13529,94427,2.918300048167772,0.23060504304292082
3365,0.3365,11,83,11,290645,314965,13540,94416,2.917531216421505,0.23063112357437204
3366,0.3366,8,89,8,290734,314876,13548,94408,2.9167068064767125,0.23066623664741354
3367,0.3367,8,88,8,290822,314788,13556,94400,2.915891659565008,0.2307008025650801
3368,0.3368,9,85,9,290907,314703,13565,94391,2.915104301752566,0.23073181224852968
3369,0.3369,10,90,10,290997,314613,13575,94381,2.914270628774686,0.2307637764857186
3370,0.337,11,113,11,291110,314500,13586,94370,2.9132239060357925,0.23080685792550198
3371,0.3371,8,69,8,291179,314431,13594,94362,2.912584756752751,0.2308307627576793
3372,0.3372,7,81,7,291260,314350,13601,94355,2.911834451072659,0.23086333663644928
3373,0.3373,7,93,7,291353,314257,13608,94348,2.9109729889955167,0.23090270554692185
3374,0.3374,3,91,3,291444,314166,13611,94345,2.9101300529845493,0.23094849343102145
3375,0.3375,8,90,8,291534,314076,13619,94337,2.9092963800066696,0.23098432224243595
3376,0.3376,9,71,9,291605,314005,13628,94328,2.908638704657453,0.23100753551635553
3377,0.3377,11,92,11,291697,313913,13639,94317,2.907786505613398,0.23103887514391397
3378,0.3378,11,77,11,291774,313836,13650,94306,2.9070732520656564,0.2310617383165663
3379,0.3379,7,91,7,291865,313745,13657,94299,2.906230316054689,0.23110007744262873
3380,0.338,10,97,10,291962,313648,13667,94289,2.9053318018451963,0.23113618034157235
3381,0.3381,10,98,10,292060,313550,13677,94279,2.904424024602616,0.2311728690210848
3382,0.3382,12,78,12,292138,313472,13689,94267,2.9037015080217867,0.2311944650867344
3383,0.3383,5,81,5,292219,313391,13694,94262,2.902951202341695,0.23123097340139775
3384,0.3384,10,97,10,292316,313294,13704,94252,2.902052688132202,0.231267145303843
3385,0.3385,8,74,8,292390,313220,13712,94244,2.901367223683723,0.23129405297155087
3386,0.3386,7,67,7,292457,313153,13719,94237,2.900746600466857,0.23131888362502762
3387,0.3387,9,79,9,292536,313074,13728,94228,2.90001482085294,0.23134676480842226
3388,0.3388,3,91,3,292627,312983,13731,94225,2.8991718848419725,0.2313928017131294
3389,0.3389,4,95,4,292722,312888,13735,94221,2.898291896698655,0.23143924600045687
3390,0.339,6,77,6,292799,312811,13741,94215,2.897578643150913,0.23147169959658598
3391,0.3391,10,95,10,292894,312716,13751,94205,2.8966986550075955,0.23150685268147872
3392,0.3392,8,98,8,292992,312618,13759,94197,2.895790877765015,0.23154750931012869
3393,0.3393,5,85,5,293077,312533,13764,94192,2.8950035199525734,0.23158645276292336
3394,0.3394,11,65,11,293142,312468,13775,94181,2.894401422801882,0.23160268437891154
3395,0.3395,11,94,11,293236,312374,13786,94170,2.893530697691652,0.23163544413396828
3396,0.3396,8,81,8,293317,312293,13794,94162,2.8927803920115602,0.23166648214439484
3397,0.3397,13,104,13,293421,312189,13807,94149,2.8918170365704547,0.23170119457200655
3398,0.3398,11,82,11,293503,312107,13818,94138,2.891057467857275,0.23172715971888885
3399,0.3399,6,89,6,293592,312018,13824,94132,2.890233057912483,0.2317665886987566
3400,0.34,7,89,7,293681,311929,13831,94125,2.8894086479676906,0.23180414427637702
3401,0.3401,13,90,13,293771,311839,13844,94112,2.888574974989811,0.23183093526065954
3402,0.3402,15,68,15,293839,311771,13859,94097,2.887945088739857,0.23184138685483952
3403,0.3403,13,98,13,293937,311673,13872,94084,2.8870373114972767,0.23187277114134813
3404,0.3404,11,76,11,294013,311597,13883,94073,2.8863333209826227,0.2318953829467301
3405,0.3405,11,91,11,294104,311506,13894,94062,2.8854903849716553,0.23192658197885435
3406,0.3406,8,93,8,294197,311413,13902,94054,2.8846289228945126,0.23196462350820166
3407,0.3407,4,77,4,294274,311336,13906,94050,2.883915669346771,0.23200110511956507
3408,0.3408,6,82,6,294356,311254,13912,94044,2.8831561006335913,0.2320366742495645
3409,0.3409,14,76,14,294432,311178,13926,94030,2.8824521101189373,0.23205366132949004
3410,0.341,5,100,5,294532,311078,13931,94025,2.881525806810182,0.232101465553205
3411,0.3411,4,94,4,294626,310984,13935,94021,2.8806550816999517,0.2321477512623301
3412,0.3412,5,87,5,294713,310897,13940,94016,2.8798491978213345,0.23218814905918062
3413,0.3413,6,103,6,294816,310794,13946,94010,2.8788951054133167,0.23223584747186293
3414,0.3414,4,85,4,294901,310709,13950,94006,2.8781077476008745,0.23227703445634582
3415,0.3415,9,94,9,294995,310615,13959,93997,2.8772370224906445,0.23231392049667335
3416,0.3416,9,91,9,295086,310524,13968,93988,2.876394086479677,0.2323491021279962
3417,0.3417,5,97,5,295183,310427,13973,93983,2.875495572270184,0.23239534136148957
3418,0.3418,10,84,10,295267,310343,13983,93973,2.8747174774908295,0.23242463815431494
3419,0.3419,10,77,10,295344,310266,13993,93963,2.874004223943088,0.23244992318710433
3420,0.342,9,68,9,295412,310198,14002,93954,2.8733743376931344,0.23247194124982679
3421,0.3421,8,86,8,295498,310112,14010,93946,2.8725777168476045,0.2325062243539294
3422,0.3422,6,91,6,295589,310021,14016,93940,2.871734780836637,0.2325472013387431
3423,0.3423,4,84,4,295673,309937,14020,93936,2.8709566860572826,0.23258796700943118
3424,0.3424,15,85,15,295758,309852,14035,93921,2.8701693282448404,0.2326084210682735
3425,0.3425,6,73,6,295831,309779,14041,93915,2.869493126829449,0.23263907811362072
3426,0.3426,14,75,14,295906,309704,14055,93901,2.8687983993478823,0.2326556905885705
3427,0.3427,8,89,8,295995,309615,14063,93893,2.8679739894030902,0.23269179297560397
3428,0.3428,10,82,10,296077,309533,14073,93883,2.8672144206899106,0.23272007059710076
3429,0.3429,7,92,7,296169,309441,14080,93876,2.8663622216458555,0.23275983903480388
3430,0.343,6,83,6,296252,309358,14086,93870,2.8655933898995887,0.23279633358794527
3431,0.3431,5,82,5,296334,309276,14091,93865,2.864833821186409,0.23283416968256765
3432,0.3432,10,76,10,296410,309200,14101,93855,2.864129830671755,0.23285903908895808
3433,0.3433,4,90,4,296500,309110,14105,93851,2.8632961576938754,0.23290343234208769
3434,0.3434,13,109,13,296609,309001,14118,93838,2.862286487087332,0.23294169631043668
3435,0.3435,9,72,9,296681,308929,14127,93829,2.8616195487050278,0.23296619806434632
3436,0.3436,13,87,13,296768,308842,14140,93816,2.8608136648264106,0.23299176969040725
3437,0.3437,7,95,7,296863,308747,14147,93809,2.859933676683093,0.2330334164687646
3438,0.3438,13,76,13,296939,308671,14160,93796,2.859229686168439,0.23305264779472604
3439,0.3439,10,73,10,297012,308598,14170,93786,2.8585534847530476,0.23307586782774664
3440,0.344,11,85,11,297097,308513,14181,93775,2.8577661269406054,0.2331041442946347
3441,0.3441,8,85,8,297182,308428,14189,93767,2.856978769128163,0.23313815437785154
3442,0.3442,9,90,9,297272,308338,14198,93758,2.8561450961502834,0.2331731725757033
3443,0.3443,6,83,6,297355,308255,14204,93752,2.8553762644040166,0.23320986947988467
3444,0.3444,6,85,6,297440,308170,14210,93746,2.8545889065915744,0.23324774330954726
3445,0.3445,5,95,5,297535,308075,14215,93741,2.8537089184482567,0.23329334819917574
3446,0.3446,13,98,13,297633,307977,14228,93728,2.8528011412056764,0.23332545026823165
3447,0.3447,11,111,11,297744,307866,14239,93717,2.851772944532958,0.2333689424104108
3448,0.3448,11,93,11,297837,307773,14250,93706,2.8509114824558153,0.2334019961193487
3449,0.3449,4,102,4,297939,307671,14254,93702,2.8499666530808847,0.23345367027677497
3450,0.345,10,83,10,298022,307588,14264,93692,2.849197821334618,0.23348285486443382
3451,0.3451,11,83,11,298105,307505,14275,93681,2.848428989588351,0.23351014242770188
3452,0.3452,6,84,6,298189,307421,14281,93675,2.8476508948089965,0.23354757963180883
3453,0.3453,10,90,10,298279,307331,14291,93665,2.8468172218311163,0.23358088359983642
3454,0.3454,10,84,10,298363,307247,14301,93655,2.8460391270517618,0.2336107078537897
3455,0.3455,10,75,10,298438,307172,14311,93645,2.8453443995701955,0.23363529989995435
3456,0.3456,5,96,5,298534,307076,14316,93640,2.84445514839379,0.23368170973956617
3457,0.3457,9,79,9,298613,306997,14325,93631,2.843723368779873,0.23371057439819484
3458,0.3458,8,78,8,298691,306919,14333,93623,2.843000852199044,0.23374078124141787
3459,0.3459,10,108,10,298799,306811,14343,93613,2.842000444625588,0.23378468823047568
3460,0.346,4,84,4,298883,306727,14347,93609,2.8412223498462335,0.23382608608768635
3461,0.3461,7,90,7,298973,306637,14354,93602,2.8403886768683537,0.23386526550386144
3462,0.3462,12,82,12,299055,306555,14366,93590,2.839629108155174,0.23389021479713604
3463,0.3463,7,92,7,299147,306463,14373,93583,2.8387769091111195,0.23393059798123217
3464,0.3464,10,87,10,299234,306376,14383,93573,2.8379710252325023,0.23396233019710014
3465,0.3465,10,83,10,299317,306293,14393,93563,2.837202193486235,0.2339917370253291
3466,0.3466,6,103,6,299420,306190,14399,93557,2.8362481010782172,0.23404053063562705
3467,0.3467,11,86,11,299506,306104,14410,93546,2.8354514802326873,0.23406981108469913
3468,0.3468,13,71,13,299577,306033,14423,93533,2.834793804883471,0.23408648383496095
3469,0.3469,5,82,5,299659,305951,14428,93528,2.8340342361702917,0.23412494774443712
3470,0.347,10,79,10,299738,305872,14438,93518,2.8333024565563747,0.23415208192493553
3471,0.3471,8,88,8,299826,305784,14446,93510,2.83248730964467,0.23418834242437903
3472,0.3472,8,81,8,299907,305703,14454,93502,2.831737003964578,0.23422051327012436
3473,0.3473,8,88,8,299995,305615,14462,93494,2.8309218570528736,0.23425680703767643
3474,0.3474,8,79,8,300074,305536,14470,93486,2.8301900774389566,0.23428783375352738
3475,0.3475,12,79,12,300153,305457,14482,93474,2.82945829782504,0.23431119667310887
3476,0.3476,6,82,6,300235,305375,14488,93468,2.8286987291118604,0.2343478511594788
3477,0.3477,11,87,11,300322,305288,14499,93457,2.8278928452332432,0.2343778605374362
3478,0.3478,7,87,7,300409,305201,14506,93450,2.827086961354626,0.23441556649801457
3479,0.3479,12,83,12,300492,305118,14518,93438,2.826318129608359,0.23444133321289856
3480,0.348,7,101,7,300593,305017,14525,93431,2.825382563266516,0.2344873107657712
3481,0.3481,5,97,5,300690,304920,14530,93426,2.8244840490570233,0.23453480140380473
3482,0.3482,11,102,11,300792,304818,14541,93415,2.8235392196820928,0.2345737294498447
3483,0.3483,13,98,13,300890,304720,14554,93402,2.8226314424395125,0.23460647741144675
3484,0.3484,8,99,8,300989,304621,14562,93394,2.8217144021638445,0.23464944788512995
3485,0.3485,10,91,10,301080,304530,14572,93384,2.820871466152877,0.23468387641550686
3486,0.3486,12,85,12,301165,304445,14584,93372,2.820084108340435,0.2347109349273661
3487,0.3487,13,85,13,301250,304360,14597,93359,2.8192967505279927,0.23473608251051623
3488,0.3488,13,82,13,301332,304278,14610,93346,2.8185371818148135,0.23475947125928012
3489,0.3489,12,67,12,301399,304211,14622,93334,2.8179165585979473,0.2347759373152725
3490,0.349,8,89,8,301488,304122,14630,93326,2.817092148653155,0.23481310762665808
3491,0.3491,10,93,10,301581,304029,14640,93316,2.8162306865760125,0.23484880896953528
3492,0.3492,10,110,10,301691,303919,14650,93306,2.8152117529363814,0.23489458115677514
3493,0.3493,9,92,9,301783,303827,14659,93297,2.8143595538923263,0.23493165862551746
3494,0.3494,3,87,3,301870,303740,14662,93294,2.813553670013709,0.23497735710291814
3495,0.3495,12,86,12,301956,303654,14674,93282,2.8127570491681797,0.2350051393675555
3496,0.3496,5,73,5,302029,303581,14679,93277,2.8120808477527883,0.23503872921800745
3497,0.3497,8,82,8,302111,303499,14687,93269,2.8113212790396087,0.23507188079683847
3498,0.3498,10,106,10,302217,303393,14697,93259,2.810339397532328,0.23511541603218944
3499,0.3499,8,83,8,302300,303310,14705,93251,2.809570565786061,0.2351491952057817
3500,0.35,7,78,7,302378,303232,14712,93244,2.8088480492052317,0.2351819530059827
3501,0.3501,11,95,11,302473,303137,14723,93233,2.807968061061914,0.2352170951383808
3502,0.3502,8,93,8,302566,303044,14731,93225,2.8071065989847717,0.2352568583462244
3503,0.3503,7,79,7,302645,302965,14738,93218,2.8063748193708546,0.2352902572800953
3504,0.3504,9,79,9,302724,302886,14747,93209,2.805643039756938,0.23531980964162638
3505,0.3505,5,80,5,302804,302806,14752,93204,2.804901997109934,0.23535769298755083
3506,0.3506,5,94,5,302898,302712,14757,93199,2.8040312719997034,0.2354039165367974
3507,0.3507,10,91,10,302989,302621,14767,93189,2.803188335988736,0.23543872059826684
3508,0.3508,11,91,11,303080,302530,14778,93178,2.8023453999777685,0.23547161037937064
3509,0.3509,4,81,4,303161,302449,14782,93174,2.8015950942976766,0.2355120910563845
3510,0.351,9,88,9,303249,302361,14791,93165,2.8007799473859722,0.23554709424917705
3511,0.3511,6,71,6,303320,302290,14797,93159,2.800122272036756,0.23557778626320966
3512,0.3512,5,75,5,303395,302215,14802,93154,2.799427544555189,0.23561280727624068
3513,0.3513,6,90,6,303485,302125,14808,93148,2.7985938715773093,0.2356548512041045
3514,0.3514,9,89,9,303574,302036,14817,93139,2.797769461632517,0.23569051685961914
3515,0.3515,13,83,13,303657,301953,14830,93126,2.79700062988625,0.2357148823399877
3516,0.3516,13,90,13,303747,301863,14843,93113,2.7961669569083702,0.23574343757595398
3517,0.3517,6,91,6,303838,301772,14849,93107,2.795324020897403,0.2357861522137161
3518,0.3518,8,80,8,303918,301692,14857,93099,2.794582978250398,0.2358184457092487
3519,0.3519,6,83,6,304001,301609,14863,93093,2.7938141465041313,0.23585641825985174
3520,0.352,8,90,8,304091,301519,14871,93085,2.7929804735262516,0.23589471976969317
3521,0.3521,11,71,11,304162,301448,14882,93074,2.792322798177035,0.2359158678096532
3522,0.3522,10,75,10,304237,301373,14892,93064,2.7916280706954684,0.23594135438612504
3523,0.3523,3,93,3,304330,301280,14895,93061,2.790766608618326,0.2359911852939461
3524,0.3524,7,98,7,304428,301182,14902,93054,2.7898588313757458,0.2360362828356619
3525,0.3525,10,80,10,304508,301102,14912,93044,2.7891177887287415,0.23606480847198755
3526,0.3526,5,70,5,304578,301032,14917,93039,2.7884693764126127,0.2360970485014122
3527,0.3527,7,74,7,304652,300958,14924,93032,2.7877839119641337,0.23612782050305844
3528,0.3528,8,81,8,304733,300877,14932,93024,2.7870336062840417,0.23616086275485465
3529,0.3529,10,77,10,304810,300800,14942,93014,2.7863203527363,0.2361876418817005
3530,0.353,9,82,9,304892,300718,14951,93005,2.7855607840231205,0.23621937250300337
3531,0.3531,9,93,9,304985,300625,14960,92996,2.784699321945978,0.23625771998953307
3532,0.3532,12,93,12,305078,300532,14972,92984,2.7838378598688354,0.23629026519887375
3533,0.3533,9,83,9,305161,300449,14981,92975,2.7830690281225685,0.23632264427182886
3534,0.3534,12,75,12,305236,300374,14993,92963,2.7823743006410018,0.23634440695891817
3535,0.3535,10,87,10,305323,300287,15003,92953,2.7815684167623846,0.23637727596378802
3536,0.3536,4,85,4,305408,300202,15007,92949,2.7807810589499424,0.2364206119277326
3537,0.3537,13,95,13,305503,300107,15020,92936,2.7799010708066247,0.23645250010813065
3538,0.3538,9,77,9,305580,300030,15029,92927,2.779187817258883,0.23648134528714337
3539,0.3539,6,76,6,305656,299954,15035,92921,2.778483826744229,0.23651543111676743
3540,0.354,5,84,5,305740,299870,15040,92916,2.7777057319648746,0.23655629273955792
3541,0.3541,8,66,8,305806,299804,15048,92908,2.777094371781096,0.23658049664894376
3542,0.3542,11,83,11,305889,299721,15059,92897,2.776325540034829,0.2366091213342231
3543,0.3543,10,85,10,305974,299636,15069,92887,2.775538182222387,0.23664091021417855
3544,0.3544,13,90,13,306064,299546,15082,92874,2.774704509244507,0.23666989450078996
3545,0.3545,14,86,14,306150,299460,15096,92860,2.7739078883989774,0.23669453507340946
3546,0.3546,9,104,9,306254,299356,15105,92851,2.772944532957872,0.23673978281876662
3547,0.3547,9,77,9,306331,299279,15114,92842,2.7722312794101303,0.23676875250241636
3548,0.3548,8,97,8,306428,299182,15122,92834,2.771332765200637,0.23681176278519245
3549,0.3549,10,95,10,306523,299087,15132,92824,2.7704527770573195,0.23684969291497304
3550,0.355,7,90,7,306613,298997,15139,92817,2.76961910407944,0.23689046333209124
3551,0.3551,13,68,13,306681,298929,15152,92804,2.768989217829486,0.23690626013126287
3552,0.3552,8,69,8,306750,298860,15160,92796,2.768350068546445,0.2369324100741467
3553,0.3553,11,76,11,306826,298784,15171,92785,2.767646078031791,0.23695696033138477
3554,0.3554,11,81,11,306907,298703,15182,92774,2.766895772351699,0.23698454826209459
3555,0.3555,8,99,8,307006,298604,15190,92766,2.765978732076031,0.23702889848480976
3556,0.3556,6,105,6,307111,298499,15196,92760,2.765006113601838,0.23708080836479162
3557,0.3557,7,78,7,307189,298421,15203,92753,2.7642835970210085,0.23711442989564746
3558,0.3558,12,90,12,307279,298331,15215,92741,2.7634499240431287,0.2371455895589559
3559,0.3559,6,69,6,307348,298262,15221,92735,2.7628107747600876,0.23717573280613405
3560,0.356,3,78,3,307426,298184,15224,92732,2.7620882581792583,0.23721720267269694
3561,0.3561,13,87,13,307513,298097,15237,92719,2.761282374300641,0.23724463686235978
3562,0.3562,10,82,10,307595,298015,15247,92709,2.7605228055874615,0.23727490504806462
3563,0.3563,9,70,9,307665,297945,15256,92700,2.7598743932713328,0.2372998502476673
3564,0.3564,11,65,11,307730,297880,15267,92689,2.759272296120642,0.23731786188868037
3565,0.3565,9,73,9,307803,297807,15276,92680,2.75859609470525,0.23734464911764028
3566,0.3566,4,84,4,307887,297723,15280,92676,2.7578179999258956,0.23738790314524372
3567,0.3567,9,79,9,307966,297644,15289,92667,2.757086220311979,0.2374183663796306
3568,0.3568,9,86,9,308052,297558,15298,92658,2.756289599466449,0.23745310289685712
3569,0.3569,6,92,6,308144,297466,15304,92652,2.7554374004223945,0.2374973725898318
3570,0.357,10,86,10,308230,297380,15314,92642,2.7546407795768646,0.23753019060463257
3571,0.3571,6,83,6,308313,297297,15320,92636,2.7538719478305977,0.23756901826724078
3572,0.3572,7,79,7,308392,297218,15327,92629,2.7531401682166807,0.2376034700792875
3573,0.3573,17,73,17,308465,297145,15344,92612,2.7524639668012894,0.23761471891460575
3574,0.3574,5,72,5,308537,297073,15349,92607,2.7517970284189857,0.2376488400739068
3575,0.3575,9,106,9,308643,296967,15358,92598,2.750815146911705,0.23769589157136806
3576,0.3576,13,84,13,308727,296883,15371,92585,2.7500370521323503,0.23772171269526637
3577,0.3577,5,76,5,308803,296807,15376,92580,2.7493330616176963,0.23775832269695701
3578,0.3578,9,82,9,308885,296725,15385,92571,2.7485734929045167,0.23779078130779663
3579,0.3579,17,75,17,308960,296650,15402,92554,2.74787876542295,0.23780331137398383
3580,0.358,7,86,7,309046,296564,15409,92547,2.7470821445774205,0.23784215815024504
3581,0.3581,7,87,7,309133,296477,15416,92540,2.7462762606988034,0.23788163499281523
3582,0.3582,6,90,6,309223,296387,15422,92534,2.745442587720923,0.23792492562756962
3583,0.3583,14,86,14,309309,296301,15436,92520,2.7446459668753937,0.23795011071932842
3584,0.3584,14,84,14,309393,296217,15450,92506,2.743867872096039,0.2379740843737057
3585,0.3585,14,73,14,309466,296144,15464,92492,2.743191670680648,0.23799133379306087
3586,0.3586,10,87,10,309553,296057,15474,92482,2.7423857868020303,0.23802501164619252
3587,0.3587,11,78,11,309631,295979,15485,92471,2.7416632702212014,0.238051229244433
3588,0.3588,9,88,9,309719,295891,15494,92462,2.7408481233094966,0.23808751316456936
3589,0.3589,9,85,9,309804,295806,15503,92453,2.7400607654970544,0.23812197527938825
3590,0.359,14,73,14,309877,295733,15517,92439,2.739384564081663,0.23813927846418598
3591,0.3591,10,89,10,309966,295644,15527,92429,2.7385601541368705,0.2381742610282086
3592,0.3592,6,78,6,310044,295566,15533,92423,2.737837637556041,0.23821036163396386
3593,0.3593,6,83,6,310127,295483,15539,92417,2.7370688058097743,0.23824954885279712
3594,0.3594,7,82,7,310209,295401,15546,92410,2.736309237096595,0.23828617548238704
3595,0.3595,9,89,9,310298,295312,15555,92401,2.7354848271518026,0.23832319267086738
3596,0.3596,9,92,9,310390,295220,15564,92392,2.7346326281077475,0.2383620734136198
3597,0.3597,9,83,9,310473,295137,15573,92383,2.7338637963614807,0.2383954376548307
3598,0.3598,6,71,6,310544,295066,15579,92377,2.7332061210122642,0.23842732995563218
3599,0.3599,6,78,6,310622,294988,15585,92371,2.732483604431435,0.23846354415413093
3600,0.36,10,91,10,310713,294897,15595,92361,2.7316406684204675,0.23849991478549185
3601,0.3601,7,86,7,310799,294811,15602,92354,2.730844047574938,0.23853912414603592
3602,0.3602,9,85,9,310884,294726,15611,92345,2.730056689762496,0.23857380170563022
3603,0.3603,10,55,10,310939,294671,15621,92335,2.7295472229426805,0.23858803222689054
3604,0.3604,10,79,10,311018,294592,15631,92325,2.7288154433287635,0.23861706774321106
3605,0.3605,5,83,5,311101,294509,15636,92320,2.7280466115824966,0.23865842529903394
3606,0.3606,8,90,8,311191,294419,15644,92312,2.727212938604617,0.238698216589826
3607,0.3607,11,76,11,311267,294343,15655,92301,2.7265089480899625,0.23872347689347306
3608,0.3608,6,92,6,311359,294251,15661,92295,2.7256567490459074,0.23876847774909066
3609,0.3609,10,101,10,311460,294150,15671,92285,2.7247211827040645,0.23881118428713755
3610,0.361,8,77,8,311537,294073,15679,92277,2.724007929156323,0.2388430179888702
3611,0.3611,9,83,9,311620,293990,15688,92268,2.723239097410056,0.2388766057919836
3612,0.3612,11,93,11,311713,293897,15699,92257,2.722377635332913,0.23891245461655194
3613,0.3613,10,103,10,311816,293794,15709,92247,2.7214235429248954,0.23895648389678817
3614,0.3614,7,95,7,311911,293699,15716,92240,2.7205435547815777,0.2390015002370841
3615,0.3615,8,93,8,312004,293606,15724,92232,2.719682092704435,0.23904332906556638
3616,0.3616,9,94,9,312098,293512,15733,92223,2.718811367594205,0.2390838269796622
3617,0.3617,13,102,13,312200,293410,15746,92210,2.7178665382192744,0.23912141486437424
3618,0.3618,10,95,10,312295,293315,15756,92200,2.7169865500759567,0.23916060334876724
3619,0.3619,10,90,10,312385,293225,15766,92190,2.716152877098077,0.2391967100398272
3620,0.362,9,85,9,312470,293140,15775,92181,2.7153655192856347,0.23923170551306572
3621,0.3621,7,96,7,312566,293044,15782,92174,2.71447626810923,0.23927750001297968
3622,0.3622,11,93,11,312659,292951,15793,92163,2.713614806032087,0.23931355390871276
3623,0.3623,6,75,6,312734,292876,15799,92157,2.7129200785505208,0.2393483155989227
3624,0.3624,7,67,7,312801,292809,15806,92150,2.7122994553336546,0.23937614135531315
3625,0.3625,5,104,5,312905,292705,15811,92145,2.7113360998925486,0.23943094712225543
3626,0.3626,4,80,4,312985,292625,15815,92141,2.7105950572455444,0.23947282244273144
3627,0.3627,12,99,12,313084,292526,15827,92129,2.7096780169698764,0.23951073039476933
3628,0.3628,6,90,6,313174,292436,15833,92123,2.7088443439919967,0.23955491875108892
3629,0.3629,8,95,8,313269,292341,15841,92115,2.707964355848679,0.23959828953118173
3630,0.363,13,90,13,313359,292251,15854,92102,2.7071306828707993,0.23962867468186796
3631,0.3631,5,93,5,313452,292158,15859,92097,2.7062692207936565,0.23967677714018035
3632,0.3632,11,93,11,313545,292065,15870,92086,2.705407758716514,0.2397130295118326
3633,0.3633,5,79,5,313624,291986,15875,92081,2.704675979102597,0.2397524390275655
3634,0.3634,13,86,13,313710,291900,15888,92068,2.7038793582570677,0.23978039836653053
3635,0.3635,10,91,10,313801,291809,15898,92058,2.7030364222461003,0.23981743676846407
3636,0.3636,5,90,5,313891,291719,15903,92053,2.7022027492682206,0.23986377328205288
3637,0.3637,10,87,10,313978,291632,15913,92043,2.701396865389603,0.23989835146934255
3638,0.3638,10,91,10,314069,291541,15923,92033,2.7005539293786356,0.23993544922231433
3639,0.3639,11,85,11,314154,291456,15934,92022,2.699766571566194,0.2399668299094081
3640,0.364,8,88,8,314242,291368,15942,92014,2.698951424654489,0.24000605140564762
3641,0.3641,11,77,11,314319,291291,15953,92003,2.6982381711067474,0.24003245550413
3642,0.3642,11,75,11,314394,291216,15964,91992,2.6975434436251806,0.24005761883885515
3643,0.3643,11,99,11,314493,291117,15975,91981,2.6966264033495126,0.24009783397459658
3644,0.3644,11,79,11,314572,291038,15986,91970,2.695894623735596,0.24012553262595038
3645,0.3645,7,82,7,314654,290956,15993,91963,2.6951350550224165,0.24016306320657893
3646,0.3646,18,76,18,314730,290880,16011,91945,2.6944310645077625,0.24017501469339778
3647,0.3647,7,63,7,314793,290817,16018,91938,2.6938474934232466,0.24020065054669437
3648,0.3648,7,69,7,314862,290748,16025,91931,2.6932083441402055,0.24023006227151217
3649,0.3649,9,71,9,314933,290677,16034,91922,2.692550668790989,0.2402567701431525
3650,0.365,8,77,8,315010,290600,16042,91914,2.6918374152432474,0.24028924431524076
3651,0.3651,14,96,14,315106,290504,16056,91900,2.690948164066842,0.24032175395654856
3652,0.3652,12,82,12,315188,290422,16068,91888,2.6901885953536624,0.24034945463105856
3653,0.3653,8,92,8,315280,290330,16076,91880,2.6893363963096077,0.24039140786478638
3654,0.3654,10,91,10,315371,290239,16086,91870,2.6884934602986403,0.2404287781758608
3655,0.3655,10,87,10,315458,290152,16096,91860,2.6876875764200228,0.2404636503565333
3656,0.3656,9,93,9,315551,290059,16105,91851,2.6868261143428804,0.24050430729753083
3657,0.3657,7,78,7,315629,289981,16112,91844,2.686103597762051,0.2405395141753421
3658,0.3658,9,78,9,315707,289903,16121,91835,2.6853810811812218,0.24057075795440852
3659,0.3659,6,93,6,315800,289810,16127,91829,2.6845196191040794,0.240617442137727
3660,0.366,7,66,7,315866,289744,16134,91822,2.683908258920301,0.24064513085547454
3661,0.3661,6,83,6,315949,289661,16140,91816,2.683139427174034,0.24068554591757826
3662,0.3662,8,94,8,316043,289567,16148,91808,2.6822687020638036,0.24072894133071124
3663,0.3663,7,77,7,316120,289490,16155,91801,2.681555448516062,0.24076361624061413
3664,0.3664,8,87,8,316207,289403,16163,91793,2.680749564637445,0.24080263171701696
3665,0.3665,6,95,6,316302,289308,16169,91787,2.679869576494127,0.24085070651674778
3666,0.3666,9,83,9,316385,289225,16178,91778,2.6791007447478603,0.24088524237341963
3667,0.3667,14,72,14,316457,289153,16192,91764,2.678433806365556,0.24090287385440923
3668,0.3668,18,86,18,316543,289067,16210,91746,2.6776371855200267,0.2409213971161699
3669,0.3669,11,97,11,316640,288970,16221,91735,2.676738671310534,0.24096084895128775
3670,0.367,11,76,11,316716,288894,16232,91724,2.6760346807958797,0.24098702636238958
3671,0.3671,7,95,7,316811,288799,16239,91717,2.675154692652562,0.24103322856331927
3672,0.3672,13,99,13,316910,288700,16252,91704,2.6742376523768945,0.2410700202942135
3673,0.3673,6,82,6,316992,288618,16258,91698,2.673478083663715,0.24111002429558578
3674,0.3674,10,85,10,317077,288533,16268,91688,2.6726907258512727,0.24114396627224693
3675,0.3675,7,94,7,317171,288439,16275,91681,2.6718200007410426,0.24118962432915922
3676,0.3676,9,87,9,317258,288352,16284,91672,2.6710141168624255,0.2412268698819022
3677,0.3677,7,72,7,317330,288280,16291,91665,2.6703471784801214,0.24125860321888695
3678,0.3678,16,80,16,317410,288200,16307,91649,2.669606135833117,0.24127745498869288
3679,0.3679,11,82,11,317492,288118,16318,91638,2.668846567119938,0.24130757644382184
3680,0.368,14,74,14,317566,288044,16332,91624,2.668161102671459,0.24132663274229063
3681,0.3681,4,99,4,317665,287945,16336,91620,2.667244062395791,0.24138158154729755
3682,0.3682,11,106,11,317771,287839,16347,91609,2.66626218088851,0.24142702030317725
3683,0.3683,16,76,16,317847,287763,16363,91593,2.665558190373856,0.24144339354063202
3684,0.3684,8,84,8,317931,287679,16371,91585,2.6647800955945016,0.2414808682078974
3685,0.3685,6,91,6,318022,287588,16377,91579,2.663937159583534,0.24152682063576209
3686,0.3686,9,84,9,318106,287504,16386,91570,2.6631590648041796,0.24156233347578573
3687,0.3687,8,99,8,318205,287405,16394,91562,2.6622420245285117,0.24160942773381325
3688,0.3688,10,92,10,318297,287313,16404,91552,2.6613898254844566,0.2416480804508202
3689,0.3689,8,78,8,318375,287235,16412,91544,2.6606673089036272,0.24168182502197852
3690,0.369,8,78,8,318453,287157,16420,91536,2.6599447923227983,0.24171558491971068
3691,0.3691,9,89,9,318542,287068,16429,91527,2.659120382378006,0.24175438133097374
3692,0.3692,6,97,6,318639,286971,16435,91521,2.6582218681685132,0.24180431818902381
3693,0.3693,7,76,7,318715,286895,16442,91514,2.657517877653859,0.24183885689822388
3694,0.3694,9,93,9,318808,286802,16451,91505,2.6566564155767165,0.24188027184270974
3695,0.3695,10,89,10,318897,286713,16461,91495,2.655832005631924,0.24191714612065318
3696,0.3696,7,87,7,318984,286626,16468,91488,2.655026121753307,0.24195877433789809
3697,0.3697,8,81,8,319065,286545,16476,91480,2.654275816073215,0.24199457707823557
3698,0.3698,9,103,9,319168,286442,16485,91471,2.653321723665197,0.24204248067676953
3699,0.3699,12,75,12,319243,286367,16497,91459,2.6526269961836304,0.2420664538703001
3700,0.37,19,82,19,319325,286285,16516,91440,2.651867427470451,0.24208087894632338
3701,0.3701,6,84,6,319409,286201,16522,91434,2.6510893326910963,0.24212268460285727
3702,0.3702,8,78,8,319487,286123,16530,91426,2.6503668161102674,0.24215664721665267
3703,0.3703,10,75,10,319562,286048,16540,91416,2.6496720886287006,0.2421846851620287
3704,0.3704,13,76,13,319638,285972,16553,91403,2.6489680981140467,0.2422073534282875
3705,0.3705,10,82,10,319720,285890,16563,91393,2.648208529400867,0.2422399100940143
3706,0.3706,14,76,14,319796,285814,16577,91379,2.647504538886213,0.24226059338322822
3707,0.3707,9,87,9,319883,285727,16586,91370,2.6466986550075955,0.24229840067674896
3708,0.3708,16,86,16,319969,285641,16602,91354,2.645902034162066,0.24232151620048012
3709,0.3709,14,82,14,320051,285559,16616,91340,2.6451424654488864,0.24234609271980026
3710,0.371,10,75,10,320126,285484,16626,91330,2.64444773796732,0.24237422176458412
3711,0.3711,10,92,10,320218,285392,16636,91320,2.643595538923265,0.24241330246979126
3712,0.3712,11,95,11,320313,285297,16647,91309,2.6427155507799474,0.24245232417964663
3713,0.3713,6,82,6,320395,285215,16653,91303,2.6419559820667677,0.24249305478091354
3714,0.3714,15,82,15,320477,285133,16668,91288,2.6411964133535886,0.24251569386405117
3715,0.3715,7,77,7,320554,285056,16675,91281,2.640483159805847,0.24255122403590398
3716,0.3716,6,62,6,320616,284994,16681,91275,2.6399088517544183,0.24257911228403084
3717,0.3717,8,79,8,320695,284915,16689,91267,2.6391770721405017,0.24261394750413365
3718,0.3718,6,84,6,320779,284831,16695,91261,2.638398977361147,0.2426560522425364
3719,0.3719,14,87,14,320866,284744,16709,91247,2.63759309348253,0.24268400041490354
3720,0.372,8,88,8,320954,284656,16717,91239,2.636777946570825,0.24272469705635882
3721,0.3721,10,93,10,321047,284563,16727,91229,2.6359164844936824,0.2427646144675778
3722,0.3722,6,79,6,321126,284484,16733,91223,2.635184704879766,0.24280356767374575
3723,0.3723,7,82,7,321208,284402,16740,91216,2.6344251361665862,0.2428424622888147
3724,0.3724,10,102,10,321310,284300,16750,91206,2.6334803067916557,0.24288826277076797
3725,0.3725,9,96,9,321406,284204,16759,91197,2.6325910556152508,0.24293222447462848
3726,0.3726,13,82,13,321488,284122,16772,91184,2.631831486902071,0.24295907872509365
3727,0.3727,12,87,12,321575,284035,16784,91172,2.631025603023454,0.24299120218972461
3728,0.3728,8,90,8,321665,283945,16792,91164,2.6301919300455743,0.243033358303853
3729,0.3729,10,71,10,321736,283874,16802,91154,2.629534254696358,0.24305918491419307
3730,0.373,5,83,5,321819,283791,16807,91149,2.628765422950091,0.24310289646343414
3731,0.3731,5,100,5,321919,283691,16812,91144,2.6278391196413353,0.24315765603532222
3732,0.3732,12,88,12,322007,283603,16824,91132,2.6270239727296305,0.2431905213017199
3733,0.3733,10,87,10,322094,283516,16834,91122,2.6262180888510134,0.24322679493270838
3734,0.3734,13,88,13,322182,283428,16847,91109,2.6254029419393086,0.24325767547665517
3735,0.3735,10,99,10,322281,283329,16857,91099,2.6244859016636406,0.24330178298631513
3736,0.3736,8,92,8,322373,283237,16865,91091,2.623633702619586,0.24334540830501591
3737,0.3737,6,91,6,322464,283146,16871,91085,2.6227907666086185,0.24339245011770805
3738,0.3738,9,82,9,322546,283064,16880,91076,2.622031197895439,0.2434275939487892
3739,0.3739,8,89,8,322635,282975,16888,91068,2.6212067879506464,0.24346933373970372
3740,0.374,6,78,6,322713,282897,16894,91062,2.6204842713698175,0.24350797814733702
3741,0.3741,10,87,10,322800,282810,16904,91052,2.6196783874912,0.24354440943449723
3742,0.3742,10,86,10,322886,282724,16914,91042,2.6188817666456705,0.2435802079375866
3743,0.3743,17,98,17,322984,282626,16931,91025,2.6179739894030902,0.24360967855030496
3744,0.3744,12,79,12,323063,282547,16943,91013,2.617242209789173,0.2436368990255916
3745,0.3745,12,82,12,323145,282465,16955,91001,2.616482641075994,0.2436660900858445
3746,0.3746,8,80,8,323225,282385,16963,90993,2.61574159842899,0.24370209278532748
3747,0.3747,13,78,13,323303,282307,16976,90980,2.6150190818481605,0.2437266767929234
3748,0.3748,6,79,6,323382,282228,16982,90974,2.6142873022342434,0.24376611057818554
3749,0.3749,6,76,6,323458,282152,16988,90968,2.6135833117195895,0.24380360205831905
3750,0.375,4,96,4,323554,282056,16992,90964,2.612694060543184,0.2438582381641735
3751,0.3751,10,82,10,323636,281974,17002,90954,2.611934491830005,0.2438915822893427
3752,0.3752,11,87,11,323723,281887,17013,90943,2.611128607951388,0.24392618619746265
3753,0.3753,6,84,6,323807,281803,17019,90937,2.6103505131720333,0.2439689864248538
3754,0.3754,12,65,12,323872,281738,17031,90925,2.609748416021342,0.24398719486506576
3755,0.3755,8,77,8,323949,281661,17039,90917,2.6090351624736003,0.24402138612585822
3756,0.3756,9,111,9,324060,281550,17048,90908,2.608006965800882,0.24407584210837194
3757,0.3757,16,91,16,324151,281459,17064,90892,2.6071640297899146,0.24410301033164944
3758,0.3758,18,83,18,324234,281376,17082,90874,2.6063951980436473,0.24412088650100738
3759,0.3759,3,76,3,324310,281300,17085,90871,2.6056912075289933,0.2441646447466353
3760,0.376,7,82,7,324392,281218,17092,90864,2.6049316388158137,0.24420423455044857
3761,0.3761,10,84,10,324476,281134,17102,90854,2.604153544036459,0.24423906147510135
3762,0.3762,11,82,11,324558,281052,17113,90843,2.60339397532328,0.24427056023877708
3763,0.3763,12,80,12,324638,280972,17125,90831,2.6026529326762757,0.24429872808987554
3764,0.3764,10,87,10,324725,280885,17135,90821,2.601847048797658,0.24433557704207087
3765,0.3765,8,93,8,324818,280792,17143,90813,2.600985586720516,0.24438045774411002
3766,0.3766,9,95,9,324913,280697,17152,90804,2.600105598577198,0.24442464488655483
3767,0.3767,11,83,11,324996,280614,17163,90793,2.5993367668309313,0.2444568896116659
3768,0.3768,7,92,7,325088,280522,17170,90786,2.598484567786876,0.24450321565923708
3769,0.3769,14,88,14,325176,280434,17184,90772,2.5976694208751714,0.24453268535530137
3770,0.377,7,78,7,325254,280356,17191,90765,2.596946904294342,0.24456983032488055
3771,0.3771,8,87,8,325341,280269,17199,90757,2.596141020415725,0.24461088980287096
3772,0.3772,5,70,5,325411,280199,17204,90752,2.595492608099596,0.24464686710643724
3773,0.3773,10,97,10,325508,280102,17214,90742,2.5945940938901035,0.24469048980164165
3774,0.3774,13,77,13,325585,280025,17227,90729,2.593880840342362,0.2447148243849021
3775,0.3775,9,79,9,325664,279946,17236,90720,2.593149060728445,0.24474864163424753
3776,0.3776,9,106,9,325770,279840,17245,90711,2.592167179221164,0.24480031088837972
3777,0.3777,11,87,11,325857,279753,17256,90700,2.591361295342547,0.24483537722734058
3778,0.3778,16,93,16,325950,279660,17272,90684,2.5904998332654046,0.24486423433348453
3779,0.3779,11,79,11,326029,279581,17283,90673,2.5897680536514875,0.24489404570916182
3780,0.378,12,100,12,326129,279481,17295,90661,2.5888417503427323,0.24493572736949604
3781,0.3781,7,80,7,326209,279401,17302,90654,2.588100707695728,0.2449743956979368
3782,0.3782,19,68,19,326277,279333,17321,90635,2.5874708214457742,0.2449806469748735
3783,0.3783,3,82,3,326359,279251,17324,90632,2.5867112527325946,0.24502883344192622
3784,0.3784,7,83,7,326442,279168,17331,90625,2.5859424209863278,0.24506953890419775
3785,0.3785,15,86,15,326528,279082,17346,90610,2.5851458001407983,0.24509591768282787
3786,0.3786,6,82,6,326610,279000,17352,90604,2.5843862314276187,0.24513803963160571
3787,0.3787,8,83,8,326693,278917,17360,90596,2.583617399681352,0.2451767596809855
3788,0.3788,10,84,10,326777,278833,17370,90586,2.5828393049019973,0.24521207626028982
3789,0.3789,10,88,10,326865,278745,17380,90576,2.5820241579902925,0.24525006701487323
3790,0.379,10,90,10,326955,278655,17390,90566,2.5811904850124123,0.24528940661555004
3791,0.3791,9,85,9,327040,278570,17399,90557,2.5804031271999706,0.24532748891302994
3792,0.3792,12,91,12,327131,278479,17411,90545,2.579560191189003,0.24536344519597642
3793,0.3793,15,72,15,327203,278407,17426,90530,2.578893252806699,0.24538064764444878
3794,0.3794,5,79,5,327282,278328,17431,90525,2.5781614731927824,0.24542297337963903
3795,0.3795,12,84,12,327366,278244,17443,90513,2.577383378413428,0.24545432357894223
3796,0.3796,4,86,4,327452,278158,17447,90509,2.576586757567898,0.2455033946623918
3797,0.3797,12,78,12,327530,278080,17459,90497,2.5758642409870687,0.2455307846121706
3798,0.3798,10,90,10,327620,277990,17469,90487,2.575030568009189,0.2455702798275062
3799,0.3799,9,95,9,327715,277895,17478,90478,2.5741505798658713,0.24561517809394282
3800,0.38,6,96,6,327811,277799,17484,90472,2.573261328689466,0.24566691376730723
3801,0.3801,12,84,12,327895,277715,17496,90460,2.5724832339101114,0.24569837713044068
3802,0.3802,13,85,13,327980,277630,17509,90447,2.5716958760976696,0.24572847529185468
3803,0.3803,14,88,14,328068,277542,17523,90433,2.5708807291859648,0.24575854337930567
3804,0.3804,6,98,6,328166,277444,17529,90427,2.5699729519433845,0.24581171117049183
3805,0.3805,6,73,6,328239,277371,17535,90421,2.5692967505279927,0.24584819680689085
3806,0.3806,8,87,8,328326,277284,17543,90413,2.5684908666493755,0.24588995830806343
3807,0.3807,14,84,14,328410,277200,17557,90399,2.567712771870021,0.24591742632596933
3808,0.3808,2,76,2,328486,277124,17559,90397,2.567008781355367,0.24596417619673433
3809,0.3809,9,91,9,328577,277033,17568,90388,2.5661658453443996,0.24600662455330533
3810,0.381,14,100,14,328677,276933,17582,90374,2.565239542035644,0.24604486165523662
3811,0.3811,7,82,7,328759,276851,17589,90367,2.564479973322465,0.2460854315420268
3812,0.3812,11,83,11,328842,276768,17600,90356,2.5637111415761975,0.2461184776805657
3813,0.3813,3,79,3,328921,276689,17603,90353,2.562979361962281,0.2461652889860016
3814,0.3814,10,86,10,329007,276603,17613,90343,2.5621827411167515,0.2462024385059382
3815,0.3815,10,84,10,329091,276519,17623,90333,2.5614046463373965,0.24623826502240687
3816,0.3816,8,76,8,329167,276443,17631,90325,2.5607006558227425,0.24627284823103432
3817,0.3817,23,100,23,329267,276343,17654,90302,2.5597743525139873,0.2462927354798238
3818,0.3818,14,78,14,329345,276265,17668,90288,2.559051835933158,0.24631635807100202
3819,0.3819,10,92,10,329437,276173,17678,90278,2.558199636889103,0.2463576303516705
3820,0.382,12,96,12,329533,276077,17690,90266,2.557310385712698,0.2463975017947661
3821,0.3821,8,80,8,329613,275997,17698,90258,2.5565693430656933,0.2464348609575296
3822,0.3822,9,89,9,329702,275908,17707,90249,2.5557449331209012,0.2464762383349219
3823,0.3823,11,69,11,329771,275839,17718,90238,2.5551057838378597,0.24650005326748198
3824,0.3824,5,75,5,329846,275764,17723,90233,2.5544110563562934,0.2465402721880234
3825,0.3825,9,88,9,329934,275676,17732,90224,2.5535959094445886,0.24658103306914458
3826,0.3826,6,78,6,330012,275598,17738,90218,2.5528733928637592,0.24662125221422793
3827,0.3827,13,100,13,330112,275498,17751,90205,2.551947089555004,0.246661908707339
3828,0.3828,9,87,9,330199,275411,17760,90196,2.5511412056763865,0.24670205986209234
3829,0.3829,6,79,6,330278,275332,17766,90190,2.55040942606247,0.24674301410038246
3830,0.383,12,82,12,330360,275250,17778,90178,2.5496498573492903,0.24677364624495113
3831,0.3831,11,84,11,330444,275166,17789,90167,2.5488717625699358,0.24680770694133844
3832,0.3832,6,74,6,330518,275092,17795,90161,2.5481862981214567,0.24684533734151395
3833,0.3833,9,73,9,330591,275019,17804,90152,2.5475100967060653,0.24687612105013815
3834,0.3834,13,100,13,330691,274919,17817,90139,2.54658379339731,0.2469169282689326
3835,0.3835,9,87,9,330778,274832,17826,90130,2.545777909518693,0.24695721746373595
3836,0.3836,9,104,9,330882,274728,17835,90121,2.544814554077587,0.24700903661514764
3837,0.3837,5,79,5,330961,274649,17840,90116,2.5440827744636705,0.2470522116979425
3838,0.3838,10,84,10,331045,274565,17850,90106,2.543304679684316,0.24708847152638955
3839,0.3839,14,88,14,331133,274477,17864,90092,2.542489532772611,0.24711920102916046
3840,0.384,7,76,7,331209,274401,17871,90085,2.541785542257957,0.24715626937660157
3841,0.3841,3,79,3,331288,274322,17874,90082,2.54105376264404,0.24720365308833053
3842,0.3842,9,75,9,331363,274247,17883,90073,2.5403590351624734,0.24723594642072902
3843,0.3843,14,98,14,331461,274149,17897,90059,2.539451257919893,0.24727353600140578
3844,0.3844,8,83,8,331544,274066,17905,90051,2.5386824261736263,0.2473133635617123
3845,0.3845,10,77,10,331621,273989,17915,90041,2.5379691726258846,0.2473449990385408
3846,0.3846,13,67,13,331688,273922,17928,90028,2.5373485494090184,0.2473636488528644
3847,0.3847,5,83,5,331771,273839,17933,90023,2.5365797176627516,0.24740973226113197
3848,0.3848,5,91,5,331862,273748,17938,90018,2.535736781651784,0.24746128005366086
3849,0.3849,7,80,7,331942,273668,17945,90011,2.53499573900478,0.24750123048072614
3850,0.385,12,89,12,332031,273579,17957,89999,2.5341713290599874,0.2475369796852395
3851,0.3851,7,95,7,332126,273484,17964,89992,2.5332913409166697,0.2475871859490035
3852,0.3852,8,85,8,332211,273399,17972,89984,2.5325039831042275,0.247628535181888
3853,0.3853,11,77,11,332288,273322,17983,89973,2.531790729556486,0.24765823917202273
3854,0.3854,3,98,3,332386,273224,17986,89970,2.5308829523139056,0.24771884998100188
3855,0.3855,12,95,12,332481,273129,17998,89958,2.530002964170588,0.2477588016095316
3856,0.3856,6,80,6,332561,273049,18004,89952,2.5292619215235836,0.24780097024526104
3857,0.3857,10,98,10,332659,272951,18014,89942,2.5283541442810034,0.24784716156001907
3858,0.3858,9,78,9,332737,272873,18023,89933,2.527631627700174,0.24788178806304195
3859,0.3859,8,85,8,332822,272788,18031,89925,2.5268442698877323,0.24792328921213191
3860,0.386,9,77,9,332899,272711,18040,89916,2.52613101633999,0.24795726738494375
3861,0.3861,15,78,15,332977,272633,18055,89901,2.5254084997591613,0.24797949985380682
3862,0.3862,8,95,8,333072,272538,18063,89893,2.5245285116158436,0.24802790048312645
3863,0.3863,11,87,11,333159,272451,18074,89882,2.5237226277372264,0.2480646256344302
3864,0.3864,10,83,10,333242,272368,18084,89872,2.522953795990959,0.24810070671378093
3865,0.3865,7,69,7,333311,272299,18091,89865,2.522314646707918,0.2481334423079047
3866,0.3866,10,78,10,333389,272221,18101,89855,2.5215921301270887,0.24816613086755268
3867,0.3867,9,86,9,333475,272135,18110,89846,2.5207955092815593,0.2482063975733533
3868,0.3868,6,92,6,333567,272043,18116,89840,2.519943310237504,0.24825703335055804
3869,0.3869,5,108,5,333675,271935,18121,89835,2.5189429026640484,0.2483207562816154
3870,0.387,11,70,11,333745,271865,18132,89824,2.5182944903479196,0.2483459546737667
3871,0.3871,12,91,12,333836,271774,18144,89812,2.5174515543369522,0.24838351042352302
3872,0.3872,13,83,13,333919,271691,18157,89799,2.516682722590685,0.24841351074718526
3873,0.3873,12,90,12,334009,271601,18169,89787,2.515849049612805,0.24845041894030792
3874,0.3874,4,99,4,334108,271502,18173,89783,2.5149320093371372,0.24851017894460053
3875,0.3875,7,64,7,334172,271438,18180,89776,2.514339175219534,0.2485396468575415
3876,0.3876,13,91,13,334263,271347,18193,89763,2.5134962392085662,0.24857522638531196
3877,0.3877,13,93,13,334356,271254,18206,89750,2.512634777131424,0.2486122037428948
3878,0.3878,10,98,10,334454,271156,18216,89740,2.5117269998888436,0.2486588934208193
3879,0.3879,7,67,7,334521,271089,18223,89733,2.5111063766719774,0.24869049004772437
3880,0.388,7,93,7,334614,270996,18230,89726,2.510244914594835,0.24874002694595837
3881,0.3881,12,93,12,334707,270903,18242,89714,2.5093834525176923,0.24877917569055258
3882,0.3882,8,81,8,334788,270822,18250,89706,2.5086331468376004,0.24881839968046865
3883,0.3883,9,74,9,334862,270748,18259,89697,2.5079476823891214,0.24885072618568713
3884,0.3884,12,69,12,334931,270679,18271,89685,2.5073085331060803,0.24887336137905008
3885,0.3885,13,75,13,335006,270604,18284,89672,2.5066138056245135,0.24889806703749348
3886,0.3886,10,91,10,335097,270513,18294,89662,2.505770869613546,0.24894009856319846
3887,0.3887,10,82,10,335179,270431,18304,89652,2.505011300900367,0.24897593054934558
3888,0.3888,8,84,8,335263,270347,18312,89644,2.5042332061210124,0.24901733654452474
3889,0.3889,10,96,10,335359,270251,18322,89634,2.503343954944607,0.24906289509148755
3890,0.389,12,95,12,335454,270156,18334,89622,2.5024639668012894,0.2491036138952354
3891,0.3891,6,75,6,335529,270081,18340,89616,2.501769239319723,0.24914302871583582
3892,0.3892,8,76,8,335605,270005,18348,89608,2.5010652488050686,0.2491789785130126
3893,0.3893,13,90,13,335695,269915,18361,89595,2.500231575827189,0.24921420822786572
3894,0.3894,6,87,6,335782,269828,18367,89589,2.499425691948572,0.24926199929329998
3895,0.3895,5,84,5,335866,269744,18372,89584,2.4986475971692172,0.249309822780301
3896,0.3896,11,71,11,335937,269673,18383,89573,2.497989921820001,0.24933610951826882
3897,0.3897,6,78,6,336015,269595,18389,89567,2.4972674052391715,0.2493777181327646
3898,0.3898,10,87,10,336102,269508,18399,89557,2.4964615213605543,0.24941723643351482
3899,0.3899,11,91,11,336193,269417,18410,89546,2.495618585349587,0.24945746497549887
3900,0.39,9,93,9,336286,269324,18419,89537,2.494757123272444,0.24950328957451492
3901,0.3901,11,79,11,336365,269245,18430,89526,2.4940253436585276,0.24953521884433247
3902,0.3902,7,86,7,336451,269159,18437,89519,2.4932287228129977,0.249580403593195
3903,0.3903,8,78,8,336529,269081,18445,89511,2.492506206232169,0.24961795020524719
3904,0.3904,9,73,9,336602,269008,18454,89502,2.4918300048167774,0.2496499400295668
3905,0.3905,7,82,7,336684,268926,18461,89495,2.491070436103598,0.24969240083588853
3906,0.3906,10,83,10,336767,268843,18471,89485,2.490301604357331,0.2497292982965328
3907,0.3907,9,91,9,336858,268752,18480,89476,2.4894586683463635,0.24977388702167336
3908,0.3908,12,85,12,336943,268667,18492,89464,2.4886713105339213,0.2498080311394434
3909,0.3909,11,56,11,336999,268611,18503,89453,2.4881525806810183,0.2498240538004379
3910,0.391,10,68,10,337067,268543,18513,89443,2.4875226944310644,0.24985055281491456
3911,0.3911,11,84,11,337151,268459,18524,89432,2.48674459965171,0.2498861385170345
3912,0.3912,9,89,9,337240,268370,18533,89423,2.4859201897069174,0.2499294284684161
3913,0.3913,16,85,16,337325,268285,18549,89407,2.4851328318944756,0.24995526877872584
3914,0.3914,9,67,9,337392,268218,18558,89398,2.4845122086776095,0.2499832222271934
3915,0.3915,12,94,12,337486,268124,18570,89386,2.4836414835673795,0.2500237755587256
3916,0.3916,5,76,5,337562,268048,18575,89381,2.482937493052725,0.2500664467628536
3917,0.3917,7,93,7,337655,267955,18582,89374,2.4820760309755827,0.2501168391034593
3918,0.3918,14,71,14,337726,267884,18596,89360,2.4814183556263663,0.25013716115596063
3919,0.3919,14,63,14,337789,267821,18610,89346,2.4808347845418504,0.2501518897322541
3920,0.392,11,70,11,337859,267751,18621,89335,2.4801863722257216,0.25017782831026697
3921,0.3921,7,75,7,337934,267676,18628,89328,2.479491644744155,0.25021568385788395
3922,0.3922,6,93,6,338027,267583,18634,89322,2.4786301826670125,0.25026827867359663
3923,0.3923,10,82,10,338109,267501,18644,89312,2.477870613953833,0.2503047814961899
3924,0.3924,12,76,12,338185,267425,18656,89300,2.477166623439179,0.25033288948069243
3925,0.3925,10,94,10,338279,267331,18666,89290,2.476295898328949,0.2503778521175141
3926,0.3926,8,77,8,338356,267254,18674,89282,2.4755826447812073,0.2504151053470056
3927,0.3927,7,82,7,338438,267172,18681,89275,2.4748230760680276,0.2504579923522992
3928,0.3928,6,88,6,338526,267084,18687,89269,2.474007929156323,0.25050722177167023
3929,0.3929,3,93,3,338619,266991,18690,89266,2.4731464670791805,0.25056630466208385
3930,0.393,8,74,8,338693,266917,18698,89258,2.4724610026307015,0.25060153014669756
3931,0.3931,13,87,13,338780,266830,18711,89245,2.4716551187520843,0.2506353998455382
3932,0.3932,12,75,12,338855,266755,18723,89233,2.4709603912705176,0.2506629436947313
3933,0.3933,18,89,18,338944,266666,18741,89215,2.470135981325725,0.2506877298872376
3934,0.3934,10,77,10,339021,266589,18751,89205,2.4694227277779834,0.25072092278115987
3935,0.3935,6,70,6,339091,266519,18757,89199,2.4687743154618547,0.2507576226111695
3936,0.3936,12,81,12,339172,266438,18769,89187,2.4680240097817627,0.25078945518453427
3937,0.3937,12,80,12,339252,266358,18781,89175,2.4672829671347585,0.25082059893174474
3938,0.3938,18,73,18,339325,266285,18799,89157,2.466606765719367,0.2508341726638945
3939,0.3939,5,64,5,339389,266221,18804,89152,2.4660139316017635,0.2508688054522994
3940,0.394,14,94,14,339483,266127,18818,89138,2.4651432064915335,0.2509056619706416
3941,0.3941,8,95,8,339578,266032,18826,89130,2.464263218348216,0.25095590181382016
3942,0.3942,18,101,18,339679,265931,18844,89112,2.463327652006373,0.2509893167869807
3943,0.3943,10,102,10,339781,265829,18854,89102,2.4623828226314424,0.2510403430525933
3944,0.3944,15,76,15,339857,265753,18869,89087,2.4616788321167884,0.2510624506819975
3945,0.3945,12,88,12,339945,265665,18881,89075,2.4608636852050836,0.2510993967412753
3946,0.3946,12,78,12,340023,265587,18893,89063,2.4601411686242542,0.2511292823910898
3947,0.3947,13,83,13,340106,265504,18906,89050,2.4593723368779874,0.2511606130518905
3948,0.3948,9,89,9,340195,265415,18915,89041,2.458547926933195,0.25120466292008037
3949,0.3949,14,79,14,340274,265336,18929,89027,2.4578161473192783,0.25123108225181523
3950,0.395,6,74,6,340348,265262,18935,89021,2.4571306828707993,0.251270876672039
3951,0.3951,11,89,11,340437,265173,18946,89010,2.456306272926007,0.25131076308010264
3952,0.3952,8,96,8,340533,265077,18954,89002,2.455417021749602,0.2513619841899689
3953,0.3953,6,95,6,340628,264982,18960,88996,2.454537033606284,0.2514167547135698
3954,0.3954,12,79,12,340707,264903,18972,88984,2.453805253992367,0.2514474959520977
3955,0.3955,6,93,6,340800,264810,18978,88978,2.452943791915225,0.2515008988433751
3956,0.3956,12,80,12,340880,264730,18990,88966,2.4522027492682206,0.25153238939654393
3957,0.3957,12,73,12,340953,264657,19002,88954,2.4515265478528288,0.2515589164364231
3958,0.3958,15,86,15,341039,264571,19017,88939,2.4507299270072993,0.25158835676501373
3959,0.3959,6,81,6,341120,264490,19023,88933,2.4499796213272074,0.2516333119236722
3960,0.396,7,69,7,341189,264421,19030,88926,2.4493404720441663,0.2516676241768007
3961,0.3961,14,86,14,341275,264335,19044,88912,2.4485438511986364,0.2516992359453867
3962,0.3962,9,91,9,341366,264244,19053,88903,2.447700915187669,0.2517450240268217
3963,0.3963,9,64,9,341430,264180,19062,88894,2.4471080810700654,0.2517715832941536
3964,0.3964,16,89,16,341519,264091,19078,88878,2.4462836711252733,0.2518011496760339
3965,0.3965,9,86,9,341605,264005,19087,88869,2.4454870502797434,0.25184343420030947
3966,0.3966,6,85,6,341690,263920,19093,88863,2.4446996924673017,0.25189138932431554
3967,0.3967,8,99,8,341789,263821,19101,88855,2.4437826521916337,0.25194512810625047
3968,0.3968,10,80,10,341869,263741,19111,88845,2.4430416095446295,0.2519810769571112
3969,0.3969,7,81,7,341950,263660,19118,88838,2.4422913038645375,0.2520241249595742
3970,0.397,6,73,6,342023,263587,19124,88832,2.441615102449146,0.25206359475510687
3971,0.3971,15,97,15,342120,263490,19139,88817,2.440716588239653,0.2521011504171078
3972,0.3972,9,74,9,342194,263416,19148,88808,2.440031123791174,0.2521350049968202
3973,0.3973,12,75,12,342269,263341,19160,88796,2.4393363963096077,0.2521632205647234
3974,0.3974,8,88,8,342357,263253,19168,88788,2.438521249397903,0.252209259716908
3975,0.3975,14,87,14,342444,263166,19182,88774,2.437715365519286,0.2522418594078536
3976,0.3976,9,86,9,342530,263080,19191,88765,2.436918744673756,0.25228438659068625
3977,0.3977,7,95,7,342625,262985,19198,88758,2.436038756530438,0.2523376442459409
3978,0.3978,13,88,13,342713,262897,19211,88745,2.4352236096187334,0.25237315224006235
3979,0.3979,7,85,7,342798,262812,19218,88738,2.4344362518062916,0.25241928601905844
3980,0.398,8,93,8,342891,262719,19226,88730,2.433574789729149,0.2524690637901943
3981,0.3981,10,71,10,342962,262648,19236,88720,2.4329171143799324,0.2524988046720248
3982,0.3982,8,91,8,343053,262557,19244,88712,2.432074178368965,0.2525471931767392
3983,0.3983,9,92,9,343145,262465,19253,88703,2.4312219793249104,0.2525941999271004
3984,0.3984,17,76,17,343221,262389,19270,88686,2.430517988810256,0.2526126895962401
3985,0.3985,9,87,9,343308,262302,19279,88677,2.429712104931639,0.2526561418204508
3986,0.3986,12,81,12,343389,262221,19291,88665,2.428961799251547,0.25268890750842155
3987,0.3987,13,66,13,343455,262155,19304,88652,2.4283504390677684,0.25270875438631496
3988,0.3988,13,98,13,343553,262057,19317,88639,2.427442661825188,0.25275167096288526
3989,0.3989,10,81,10,343634,261976,19327,88629,2.426692356145096,0.2527887508734901
3990,0.399,12,83,12,343717,261893,19339,88617,2.4259235243988293,0.2528230293001626
3991,0.3991,15,76,15,343793,261817,19354,88602,2.425219533884175,0.252845878790819
3992,0.3992,9,84,9,343877,261733,19363,88593,2.4244414391048204,0.25288731067634146
3993,0.3993,11,78,11,343955,261655,19374,88582,2.4237189225239915,0.252920165487941
3994,0.3994,7,86,7,344041,261569,19381,88575,2.4229223016784616,0.25296735057576314
3995,0.3995,10,88,10,344129,261481,19391,88565,2.4221071547667568,0.25300960445198634
3996,0.3996,10,76,10,344205,261405,19401,88555,2.421403164252103,0.25304320493770716
3997,0.3997,11,82,11,344287,261323,19412,88544,2.420643595538923,0.253079027173183
3998,0.3998,10,89,10,344376,261234,19422,88534,2.419819185594131,0.2531220694860593
3999,0.3999,9,83,9,344459,261151,19431,88525,2.419050353847864,0.2531629279676043
4000,0.4,8,82,8,344541,261069,19439,88517,2.4182907851346847,0.2532052198886683
4001,0.4001,8,85,8,344626,260984,19447,88509,2.4175034273222424,0.25324970743333913
4002,0.4002,13,72,13,344698,260912,19460,88496,2.4168364889399383,0.2532741093506731
4003,0.4003,7,85,7,344783,260827,19467,88489,2.4160491311274965,0.25332077545832427
4004,0.4004,11,79,11,344862,260748,19478,88478,2.4153173515135795,0.2533545612296908
4005,0.4005,8,78,8,344940,260670,19486,88470,2.41459483493275,0.2533940539611617
4006,0.4006,9,92,9,345032,260578,19495,88461,2.4137426358886955,0.2534415924867995
4007,0.4007,8,75,8,345107,260503,19503,88453,2.413047908407129,0.253478948635358
4008,0.4008,12,74,12,345181,260429,19515,88441,2.4123624439586497,0.2535070370051882
4009,0.4009,8,85,8,345266,260344,19523,88433,2.4115750861462075,0.2535516963561244
4010,0.401,9,82,9,345348,260262,19532,88424,2.4108155174330284,0.2535920570369903
4011,0.4011,5,98,5,345446,260164,19537,88419,2.409907740190448,0.25365264513759994
4012,0.4012,7,84,7,345530,260080,19544,88412,2.4091296454110935,0.2536987936595388
4013,0.4013,9,78,9,345608,260002,19553,88403,2.408407128830264,0.25373631262467533
4014,0.4014,11,81,11,345689,259921,19564,88392,2.4076568231501723,0.2537717512696913
4015,0.4015,8,72,8,345761,259849,19572,88384,2.4069898847678686,0.2538070774452737
4016,0.4016,11,80,11,345841,259769,19583,88373,2.406248842120864,0.2538418231641112
4017,0.4017,13,77,13,345918,259692,19596,88360,2.405535588573122,0.25387011136266996
4018,0.4018,11,87,11,346005,259605,19607,88349,2.404729704694505,0.253909999597648
4019,0.4019,5,69,5,346074,259536,19612,88344,2.404090555411464,0.25394963780614005
4020,0.402,6,94,6,346168,259442,19618,88338,2.403219830301234,0.2540054057162574
4021,0.4021,13,87,13,346255,259355,19631,88325,2.4024139464226164,0.25404107225034517
4022,0.4022,12,90,12,346345,259265,19643,88313,2.4015802734447367,0.25408109834339343
4023,0.4023,6,92,6,346437,259173,19649,88307,2.4007280744006816,0.2541354898123633
4024,0.4024,9,84,9,346521,259089,19658,88298,2.399949979621327,0.2541776174698535
4025,0.4025,16,75,16,346596,259014,19674,88282,2.3992552521397608,0.2541981479775177
4026,0.4026,8,84,8,346680,258930,19682,88274,2.3984771573604062,0.25424246264443956
4027,0.4027,8,80,8,346760,258850,19690,88266,2.397736114713402,0.25428387052167
4028,0.4028,15,89,15,346849,258761,19705,88251,2.3969117047686095,0.25431685359584105
4029,0.4029,8,89,8,346938,258672,19713,88243,2.396087294823817,0.2543649020653474
4030,0.403,7,89,7,347027,258583,19720,88236,2.395262884879025,0.25441512719891357
4031,0.4031,11,81,11,347108,258502,19731,88225,2.394512579198933,0.25445090806311593
4032,0.4032,8,105,8,347213,258397,19739,88217,2.39353996072474,0.2545107814456427
4033,0.4033,15,90,15,347303,258307,19754,88202,2.3927062877468597,0.2545446150027849
4034,0.4034,10,77,10,347380,258230,19764,88192,2.391993034199118,0.2545796745010421
4035,0.4035,12,78,12,347458,258152,19776,88180,2.391270517618289,0.2546111823337145
4036,0.4036,7,93,7,347551,258059,19783,88173,2.3904090555411464,0.25466450241456595
4037,0.4037,11,80,11,347631,257979,19794,88162,2.389668012894142,0.25469967441013924
4038,0.4038,8,93,8,347724,257886,19802,88154,2.3888065508169993,0.25475089585019073
4039,0.4039,7,76,7,347800,257810,19809,88147,2.3881025603023454,0.2547917804813893
4040,0.404,14,75,14,347875,257735,19823,88133,2.3874078328207786,0.2548168665502446
4041,0.4041,9,89,9,347964,257646,19832,88124,2.3865834228759866,0.254863059259045
4042,0.4042,5,89,5,348053,257557,19837,88119,2.385759012931194,0.25491789999884285
4043,0.4043,10,84,10,348137,257473,19847,88109,2.3849809181518395,0.2549583022263891
4044,0.4044,11,84,11,348221,257389,19858,88098,2.384202823372485,0.25499657005907606
4045,0.4045,10,76,10,348297,257313,19868,88088,2.383498832857831,0.25503110876922763
4046,0.4046,6,72,6,348369,257241,19874,88082,2.382831894475527,0.25507133900724827
4047,0.4047,9,67,9,348436,257174,19883,88073,2.3822112712586607,0.25510142014268045
4048,0.4048,5,83,5,348519,257091,19888,88068,2.381442439512394,0.2551519734383284
4049,0.4049,9,88,9,348607,257003,19897,88059,2.380627292600689,0.2551976166601944
4050,0.405,11,92,11,348699,256911,19908,88048,2.379775093556634,0.2552419273015054
4051,0.4051,15,86,15,348785,256825,19923,88033,2.3789784727111045,0.2552731849050914
4052,0.4052,14,83,14,348868,256742,19937,88019,2.3782096409648377,0.2553043992795009
4053,0.4053,10,82,10,348950,256660,19947,88009,2.377450072251658,0.25534353249059244
4054,0.4054,10,76,10,349026,256584,19957,87999,2.376746081737004,0.25537823978547985
4055,0.4055,14,79,14,349105,256505,19971,87985,2.376014302123087,0.2554065430056025
4056,0.4056,6,96,6,349201,256409,19977,87979,2.375125050946682,0.2554647664843142
4057,0.4057,7,84,7,349285,256325,19984,87972,2.3743469561673276,0.2555119562470774
4058,0.4058,10,76,10,349361,256249,19994,87962,2.373642965652673,0.25554674313139325
4059,0.4059,14,93,14,349454,256156,20008,87948,2.372781503575531,0.2555855206565457
4060,0.406,11,87,11,349541,256069,20019,87937,2.3719756196969137,0.2556263553542671
4061,0.4061,8,83,8,349624,255986,20027,87929,2.3712067879506464,0.2556707325938095
4062,0.4062,9,79,9,349703,255907,20036,87920,2.37047500833673,0.25570999368868647
4063,0.4063,9,72,9,349775,255835,20045,87911,2.3698080699544257,0.2557440668400505
4064,0.4064,9,74,9,349849,255761,20054,87902,2.3691226055059467,0.25577964459368624
4065,0.4065,5,84,5,349933,255677,20059,87897,2.368344510726592,0.2558313492871987
4066,0.4066,10,72,10,350005,255605,20069,87887,2.3676775723442884,0.2558633097714066
4067,0.4067,14,86,14,350091,255519,20083,87873,2.3668809514987585,0.2558970506010623
4068,0.4068,4,85,4,350176,255434,20087,87869,2.3660935936863168,0.2559517394255221
4069,0.4069,11,71,11,350247,255363,20098,87858,2.3654359183371003,0.2559808403331964
4070,0.407,14,65,14,350312,255298,20112,87844,2.364833821186409,0.2559989741856141
4071,0.4071,13,80,13,350392,255218,20125,87831,2.364092778539405,0.25603047961078446
4072,0.4072,14,95,14,350487,255123,20139,87817,2.363212790396087,0.25607103283373184
4073,0.4073,12,80,12,350567,255043,20151,87805,2.362471747749083,0.25610474612656337
4074,0.4074,10,89,10,350656,254954,20161,87795,2.361647337804291,0.2561495438352847
4075,0.4075,14,85,14,350741,254869,20175,87781,2.3608599799918486,0.2561826937107836
4076,0.4076,13,76,13,350817,254793,20188,87768,2.3601559894771946,0.2562113025125452
4077,0.4077,11,85,11,350902,254708,20199,87757,2.3593686316647524,0.2562510037522083
4078,0.4078,12,89,12,350991,254619,20211,87745,2.35854422171996,0.2562915493451414
4079,0.4079,12,97,12,351088,254522,20223,87733,2.3576457075104673,0.2563381104731852
4080,0.408,13,77,13,351165,254445,20236,87720,2.3569324539627257,0.25636754197536277
4081,0.4081,10,82,10,351247,254363,20246,87710,2.356172885249546,0.25640725809987924
4082,0.4082,10,82,10,351329,254281,20256,87700,2.355413316536367,0.25644699559332246
4083,0.4083,8,72,8,351401,254209,20264,87692,2.3547463781540627,0.25648360197835046
4084,0.4084,10,76,10,351477,254133,20274,87682,2.3540423876394088,0.2565188771703992
4085,0.4085,12,85,12,351562,254048,20286,87670,2.3532550298269665,0.2565565758900614
4086,0.4086,2,60,2,351622,253988,20288,87668,2.3526992478417132,0.2565972791345681
4087,0.4087,12,78,12,351700,253910,20300,87656,2.351976731260884,0.2566297582312057
4088,0.4088,14,76,14,351776,253834,20314,87642,2.35127274074623,0.2566563975213485
4089,0.4089,9,72,9,351848,253762,20323,87633,2.3506058023639262,0.2566909298613044
4090,0.409,12,87,12,351935,253675,20335,87621,2.3497999184853087,0.256730228306221
4091,0.4091,10,92,10,352027,253583,20345,87611,2.348947719441254,0.25677766900941984
4092,0.4092,13,79,13,352106,253504,20358,87598,2.348215939827337,0.2568088137859057
4093,0.4093,11,90,11,352196,253414,20369,87587,2.3473822668494573,0.2568526192005302
4094,0.4094,10,67,10,352263,253347,20379,87577,2.346761643632591,0.25688129905785456
4095,0.4095,12,94,12,352357,253253,20391,87565,2.345890918522361,0.25692598395624644
4096,0.4096,15,73,15,352430,253180,20406,87550,2.3452147171069697,0.25694831684911806
4097,0.4097,11,75,11,352505,253105,20417,87539,2.344519989625403,0.25698089501062693
4098,0.4098,11,83,11,352588,253022,20428,87528,2.343751157879136,0.2570195272353546
4099,0.4099,12,96,12,352684,252926,20440,87516,2.3428619067027308,0.2570658144412264
4100,0.41,11,95,11,352779,252831,20451,87505,2.341981918559413,0.2571135583658502
4101,0.4101,7,85,7,352864,252746,20458,87498,2.341194560746971,0.25716250690680803
4102,0.4102,7,70,7,352934,252676,20465,87491,2.340546148430842,0.25720013993126906
4103,0.4103,10,69,10,353003,252607,20475,87481,2.339906999147801,0.2572304815224295
4104,0.4104,9,84,9,353087,252523,20484,87472,2.3391289043684464,0.2572743716819365
4105,0.4105,4,77,4,353164,252446,20488,87468,2.338415650820705,0.2573239113422807
4106,0.4106,11,74,11,353238,252372,20499,87457,2.3377301863722257,0.25735590547010406
4107,0.4107,15,88,15,353326,252284,20514,87442,2.336915039460521,0.25738977882175634
4108,0.4108,13,70,13,353396,252214,20527,87429,2.336266627144392,0.2574144027699673
4109,0.4109,7,80,7,353476,252134,20534,87422,2.335525584497388,0.2574597415448409
4110,0.411,13,82,13,353558,252052,20547,87409,2.3347660157842083,0.25749349704384306
4111,0.4111,12,85,12,353643,251967,20559,87397,2.333978657971766,0.25753173583526834
4112,0.4112,4,93,4,353736,251874,20563,87393,2.3331171958946237,0.25759357674044336
4113,0.4113,10,78,10,353814,251796,20573,87383,2.3323946793137944,0.25763092644296964
4114,0.4114,4,75,4,353889,251721,20577,87379,2.331699951832228,0.2576791506930109
4115,0.4115,12,112,12,354001,251609,20589,87367,2.330662492126422,0.25773801095062776
4116,0.4116,10,78,10,354079,251531,20599,87357,2.3299399755455927,0.25777543023063665
4117,0.4117,14,79,14,354158,251452,20613,87343,2.3292081959316757,0.257804867250107
4118,0.4118,5,85,5,354243,251367,20618,87338,2.328420838119234,0.2578586085236415
4119,0.4119,17,84,17,354327,251283,20635,87321,2.3276427433398794,0.25788531736187403
4120,0.412,8,73,8,354400,251210,20643,87313,2.3269665419244876,0.25792339072972886
4121,0.4121,6,77,6,354477,251133,20649,87307,2.326253288376746,0.25796891620375845
4122,0.4122,13,76,13,354553,251057,20662,87294,2.325549297862092,0.2579983508250308
4123,0.4123,7,74,7,354627,250983,20669,87287,2.324863833413613,0.25803943595352824
4124,0.4124,13,72,13,354699,250911,20682,87274,2.324196895031309,0.2580658515309668
4125,0.4125,9,102,9,354801,250809,20691,87265,2.3232520656563787,0.2581239610262842
4126,0.4126,8,70,8,354871,250739,20699,87257,2.32260365334025,0.25815985987999857
4127,0.4127,11,80,11,354951,250659,20710,87246,2.321862610693245,0.25819683047010256
4128,0.4128,5,83,5,355034,250576,20715,87241,2.3210937789469783,0.2582492888161342
4129,0.4129,9,70,9,355104,250506,20724,87232,2.3204453666308495,0.2582830478062877
4130,0.413,8,84,8,355188,250422,20732,87224,2.319667271851495,0.258329729953857
4131,0.4131,14,71,14,355259,250351,20746,87210,2.3190095965022786,0.25835330503227566
4132,0.4132,8,94,8,355353,250257,20754,87202,2.3181388713920486,0.2584076880450662
4133,0.4133,3,74,3,355427,250183,20757,87199,2.3174534069435695,0.25845777190247254
4134,0.4134,12,105,12,355532,250078,20769,87187,2.3164807884693763,0.25851185269743376
4135,0.4135,9,73,9,355605,250005,20778,87178,2.315804587053985,0.2585480288152131
4136,0.4136,13,90,13,355695,249915,20791,87165,2.3149709140761052,0.2585884656461374
4137,0.4137,10,77,10,355772,249838,20801,87155,2.3142576605283636,0.2586255500856101
4138,0.4138,5,77,5,355849,249761,20806,87150,2.313544406980622,0.258673655653867
4139,0.4139,13,94,13,355943,249667,20819,87137,2.3126736818703915,0.25871723613733805
4140,0.414,5,80,5,356023,249587,20824,87132,2.311932639223387,0.25876769650658266
4141,0.4141,6,76,6,356099,249511,20830,87126,2.3112286487087332,0.2588129052956152
4142,0.4142,11,96,11,356195,249415,20841,87115,2.310339397532328,0.25886250854307197
4143,0.4143,8,71,8,356266,249344,20849,87107,2.309681722183112,0.25889951285625545
4144,0.4144,6,82,6,356348,249262,20855,87101,2.3089221534699322,0.2589494088232059
4145,0.4145,11,96,11,356444,249166,20866,87090,2.308032902293527,0.25899909592691284
4146,0.4146,9,113,9,356557,249053,20875,87081,2.3069861795546336,0.2590663247395384
4147,0.4147,11,94,11,356651,248959,20886,87070,2.306115454444403,0.259114540709284
4148,0.4148,7,101,7,356752,248858,20893,87063,2.3051798881025602,0.25917700888006406
4149,0.4149,13,87,13,356839,248771,20906,87050,2.304374004223943,0.25921547491074115
4150,0.415,10,73,10,356912,248698,20916,87040,2.3036978028085517,0.25924977214375494
4151,0.4151,10,71,10,356983,248627,20926,87030,2.3030401274593353,0.2592825414038736
4152,0.4152,9,76,9,357059,248551,20935,87021,2.3023361369446813,0.25932139749442745
4153,0.4153,14,78,14,357137,248473,20949,87007,2.301613620363852,0.25935078097054964
4154,0.4154,5,95,5,357232,248378,20954,87002,2.3007336322205343,0.25941320293398534
4155,0.4155,9,83,9,357315,248295,20963,86993,2.2999648004742674,0.2594575409796951
4156,0.4156,9,81,9,357396,248214,20972,86984,2.2992144947941755,0.2595003550140514
4157,0.4157,13,90,13,357486,248124,20985,86971,2.2983808218162953,0.2595413241021203
4158,0.4158,8,85,8,357571,248039,20993,86963,2.2975934640038536,0.25958949498808964
4159,0.4159,10,67,10,357638,247972,21003,86953,2.2969728407869874,0.25961931775770697
4160,0.416,11,62,11,357700,247910,21014,86942,2.2963985327355587,0.25964306619043637
4161,0.4161,11,70,11,357770,247840,21025,86931,2.29575012041943,0.2596730302206583
4162,0.4162,3,84,3,357854,247756,21028,86928,2.2949720256400754,0.2597315676877293
4163,0.4163,4,89,4,357943,247667,21032,86924,2.2941476156952834,0.2597918055177814
4164,0.4164,15,81,15,358024,247586,21047,86909,2.2933973100151914,0.25982152199584446
4165,0.4165,7,81,7,358105,247505,21054,86902,2.2926470043350995,0.25986896207316235
4166,0.4166,11,84,11,358189,247421,21065,86891,2.291868909555745,0.2599099045203283
4167,0.4167,16,76,16,358265,247345,21081,86875,2.291164919041091,0.2599335766860152
4168,0.4168,13,83,13,358348,247262,21094,86862,2.2903960872948237,0.2599693526954065
4169,0.4169,11,84,11,358432,247178,21105,86851,2.289617992515469,0.26001035838205666
4170,0.417,14,74,14,358506,247104,21119,86837,2.28893252806699,0.26003695263534576
4171,0.4171,12,84,12,358590,247020,21131,86825,2.2881544332876356,0.2600757836720634
4172,0.4172,11,73,11,358663,246947,21142,86814,2.287478231872244,0.2601082810753803
4173,0.4173,10,57,10,358720,246890,21152,86804,2.2869502389862535,0.2601305387570649
4174,0.4174,16,82,16,358802,246808,21168,86788,2.2861906702730743,0.2601589947121668
4175,0.4175,8,72,8,358874,246736,21176,86780,2.28552373189077,0.26019741181832357
4176,0.4176,10,92,10,358966,246644,21186,86770,2.2846715328467155,0.2602470202211065
4177,0.4177,12,80,12,359046,246564,21198,86758,2.283930490199711,0.26028284961688697
4178,0.4178,11,68,11,359114,246496,21209,86747,2.2833006039497574,0.26031154442854015
4179,0.4179,8,89,8,359203,246407,21217,86739,2.282476194004965,0.26036332418819375
4180,0.418,9,73,9,359276,246334,21226,86730,2.2817999925895736,0.26040040352604904
4181,0.4181,8,83,8,359359,246251,21234,86722,2.2810311608433067,0.26044754379484225
4182,0.4182,11,77,11,359436,246174,21245,86711,2.280317907295565,0.2604833501058924
4183,0.4183,8,61,8,359497,246113,21253,86703,2.279752862277224,0.2605133166674679
4184,0.4184,11,77,11,359574,246036,21264,86692,2.2790396087294824,0.2605491572696016
4185,0.4185,8,82,8,359656,245954,21272,86684,2.278280040016303,0.260595602426662
4186,0.4186,14,84,14,359740,245870,21286,86670,2.2775019452369483,0.26063030011427196
4187,0.4187,12,84,12,359824,245786,21298,86658,2.2767238504575937,0.2606694661356499
4188,0.4188,6,77,6,359901,245709,21304,86652,2.276010596909852,0.2607165100598446
4189,0.4189,9,84,9,359985,245625,21313,86643,2.2752325021304975,0.2607623966195962
4190,0.419,10,95,10,360080,245530,21323,86633,2.27435251398718,0.260814720483618
4191,0.4191,15,81,15,360161,245449,21338,86618,2.273602208307088,0.2608449499649167
4192,0.4192,5,100,5,360261,245349,21343,86613,2.2726759049983327,0.2609123935872178
4193,0.4193,5,80,5,360341,245269,21348,86608,2.2719348623513285,0.2609641523817559
4194,0.4194,13,79,13,360420,245190,21361,86595,2.2712030827374114,0.2609973326099733
4195,0.4195,8,80,8,360500,245110,21369,86587,2.270462040090407,0.2610424574234919
4196,0.4196,15,82,15,360582,245028,21384,86572,2.2697024713772276,0.2610735826296743
4197,0.4197,12,70,12,360652,244958,21396,86560,2.269054059061099,0.26110196128113705
4198,0.4198,9,95,9,360747,244863,21405,86551,2.268174070917781,0.2611567405118673
4199,0.4199,12,68,12,360815,244795,21417,86539,2.2675441846678277,0.2611835791074867
4200,0.42,8,73,8,360888,244722,21425,86531,2.2668679832524363,0.261223294581483
4201,0.4201,17,88,17,360976,244634,21442,86514,2.2660528363407315,0.26125478637950406
4202,0.4202,7,65,7,361041,244569,21449,86507,2.2654507391900403,0.2612904589882686
4203,0.4203,15,80,15,361121,244489,21464,86492,2.264709696543036,0.26132013620117167
4204,0.4204,11,79,11,361200,244410,21475,86481,2.2639779169291194,0.2613579698450547
4205,0.4205,10,70,10,361270,244340,21485,86471,2.2633295046129907,0.26139094528295614
4206,0.4206,9,70,9,361340,244270,21494,86462,2.262681092296862,0.26142616982934824
4207,0.4207,12,77,12,361417,244193,21506,86450,2.26196783874912,0.26146024564258125
4208,0.4208,10,79,10,361496,244114,21516,86440,2.261236059135203,0.26150039025393734
4209,0.4209,12,77,12,361573,244037,21528,86428,2.2605228055874615,0.26153450441045195
4210,0.421,12,67,12,361640,243970,21540,86416,2.2599021823705954,0.26156071988522517
4211,0.4211,11,89,11,361729,243881,21551,86405,2.2590777724258033,0.2616066076067408
4212,0.4212,14,66,14,361795,243815,21565,86391,2.2584664122420244,0.26162759004984765
4213,0.4213,13,64,13,361859,243751,21578,86378,2.2578735781244212,0.261649234087281
4214,0.4214,11,62,11,361921,243689,21589,86367,2.2572992700729926,0.2616737765712485
4215,0.4215,7,78,7,361999,243611,21596,86360,2.2565767534921637,0.2617199693306381
4216,0.4216,13,73,13,362072,243538,21609,86347,2.255900552076772,0.26174879124543404
4217,0.4217,5,71,5,362143,243467,21614,86342,2.255242876727556,0.2617939474059228
4218,0.4218,7,79,7,362222,243388,21621,86335,2.254511097113639,0.2618409998695875
4219,0.4219,9,80,9,362302,243308,21630,86326,2.2537700544666346,0.2618843929934412
4220,0.422,8,80,8,362382,243228,21638,86318,2.2530290118196303,0.26193004921922886
4221,0.4221,7,75,7,362457,243153,21645,86311,2.2523342843380636,0.26197399412378897
4222,0.4222,21,72,21,362529,243081,21666,86290,2.25166734595576,0.2619842062598104
4223,0.4223,9,80,9,362609,243001,21675,86281,2.250926303308755,0.2620276844771351
4224,0.4224,9,73,9,362682,242928,21684,86272,2.250250101893364,0.26206561360874847
4225,0.4225,6,68,6,362750,242860,21690,86266,2.2496202156434104,0.26210630579170285
4226,0.4226,11,72,11,362822,242788,21701,86255,2.2489532772611063,0.2621389909525503
4227,0.4227,12,76,12,362898,242712,21713,86243,2.2482492867464523,0.2621726375948078
4228,0.4228,17,97,17,362995,242615,21730,86226,2.2473507725369597,0.26221182881696625
4229,0.4229,15,80,15,363075,242535,21745,86211,2.246609729889955,0.2622419740468325
4230,0.423,10,86,10,363161,242449,21755,86201,2.2458131090444255,0.26228814848623155
4231,0.4231,11,77,11,363238,242372,21766,86190,2.245099855496684,0.2623249188889768
4232,0.4232,12,88,12,363326,242284,21778,86178,2.244284708584979,0.2623682495996493
4233,0.4233,5,81,5,363407,242203,21783,86173,2.243534402904887,0.2624217360586645
4234,0.4234,7,73,7,363480,242130,21790,86166,2.2428582014894958,0.26246436142992907
4235,0.4235,7,66,7,363546,242064,21797,86159,2.2422468413057173,0.26250140910295744
4236,0.4236,14,61,14,363607,242003,21811,86145,2.2416817962873763,0.2625187415434499
4237,0.4237,15,83,15,363690,241920,21826,86130,2.2409129645411094,0.2625514403292181
4238,0.4238,9,76,9,363766,241844,21835,86121,2.240208974026455,0.2625920448828381
4239,0.4239,9,80,9,363846,241764,21844,86112,2.2394679313794508,0.2626358745379351
4240,0.424,11,85,11,363931,241679,21855,86101,2.238680573567009,0.2626792360729758
4241,0.4241,11,91,11,364022,241588,21866,86090,2.237837637556041,0.2627274336391213
4242,0.4242,9,83,9,364105,241505,21875,86081,2.2370688058097743,0.26277374490973365
4243,0.4243,10,85,10,364190,241420,21885,86071,2.236281447997332,0.26281943625931703
4244,0.4244,6,79,6,364269,241341,21891,86065,2.2355496683834155,0.26286934265102047
4245,0.4245,8,71,8,364340,241270,21899,86057,2.234891993034199,0.2629083454771528
4246,0.4246,9,72,9,364412,241198,21908,86048,2.2342250546518954,0.2629459183611106
4247,0.4247,19,74,19,364486,241124,21927,86029,2.2335395902034163,0.2629625893694999
4248,0.4248,18,93,18,364579,241031,21945,86011,2.2326781281262735,0.2629968016340409
4249,0.4249,13,77,13,364656,240954,21958,85998,2.231964874578532,0.26302943551346986
4250,0.425,17,68,17,364724,240886,21975,85981,2.2313349883285785,0.2630458259781501
4251,0.4251,17,88,17,364812,240798,21992,85964,2.2305198414168736,0.2630783261211524
4252,0.4252,14,77,14,364889,240721,22006,85950,2.229806587869132,0.26310875467978484
4253,0.4253,12,88,12,364977,240633,22018,85938,2.228991440957427,0.2631525763157169
4254,0.4254,11,77,11,365054,240556,22029,85927,2.2282781874096855,0.26318981386473417
4255,0.4255,12,84,12,365138,240472,22041,85915,2.227500092630331,0.26323045954648927
4256,0.4256,5,85,5,365223,240387,22046,85910,2.226712734817889,0.2632877409231467
4257,0.4257,8,83,8,365306,240304,22054,85902,2.225943903071622,0.2633366645616574
4258,0.4258,9,69,9,365375,240235,22063,85893,2.2253047537885804,0.2633720502379434
4259,0.4259,7,74,7,365449,240161,22070,85886,2.2246192893401013,0.26341601057516245
4260,0.426,11,85,11,365534,240076,22081,85875,2.2238319315276596,0.26345984519145516
4261,0.4261,11,97,11,365631,239979,22092,85864,2.2229334173181665,0.26351340983234256
4262,0.4262,14,65,14,365696,239914,22106,85850,2.2223313201674757,0.2635343377414324
4263,0.4263,12,73,12,365769,239841,22118,85838,2.2216551187520843,0.2635662723110793
4264,0.4264,13,92,13,365861,239749,22131,85825,2.2208029197080292,0.2636113448862624
4265,0.4265,9,87,9,365948,239662,22140,85816,2.219997035829412,0.2636614456276615
4266,0.4266,10,86,10,366034,239576,22150,85806,2.219200414983882,0.26370850262153406
4267,0.4267,10,80,10,366114,239496,22160,85796,2.218459372336878,0.2637507224278494
4268,0.4268,10,87,10,366201,239409,22170,85786,2.217653488458261,0.2637986438905887
4269,0.4269,14,86,14,366287,239323,22184,85772,2.216856867612731,0.2638367246497178
4270,0.427,15,86,15,366373,239237,22199,85757,2.2160602467672015,0.26387256380117785
4271,0.4271,17,81,17,366454,239156,22216,85740,2.2153099410871095,0.2638998325618044
4272,0.4272,10,87,10,366541,239069,22226,85730,2.2145040572084924,0.2639478569823183
4273,0.4273,7,87,7,366628,238982,22233,85723,2.2136981733298753,0.2640027101522921
4274,0.4274,11,70,11,366698,238912,22244,85712,2.2130497610137465,0.2640346986051555
4275,0.4275,9,70,9,366768,238842,22253,85703,2.2124013486976177,0.2640712381950115
4276,0.4276,10,95,10,366863,238747,22263,85693,2.2115213605543,0.2641258784366909
4277,0.4277,7,87,7,366950,238660,22270,85686,2.2107154766756825,0.2641808439135984
4278,0.4278,7,81,7,367031,238579,22277,85679,2.209965170995591,0.26423095189632945
4279,0.4279,18,75,18,367106,238504,22295,85661,2.2092704435140242,0.26425123008344514
4280,0.428,10,70,10,367176,238434,22305,85651,2.2086220311978955,0.26428560408534796
4281,0.4281,9,75,9,367251,238359,22314,85642,2.2079273037163287,0.2643263446717757
4282,0.4282,13,75,13,367326,238284,22327,85629,2.2072325762347624,0.26435802206147946
4283,0.4283,15,80,15,367406,238204,22342,85614,2.206491533587758,0.26438925569301275
4284,0.4284,7,75,7,367481,238129,22349,85607,2.2057968061061914,0.2644346010329404
4285,0.4285,5,93,5,367574,238036,22354,85602,2.2049353440290487,0.2644992244421236
4286,0.4286,12,85,12,367659,237951,22366,85590,2.204147986216607,0.26454143369773847
4287,0.4287,11,74,11,367733,237877,22377,85579,2.203462521768128,0.26457694400474874
4288,0.4288,11,94,11,367827,237783,22388,85568,2.202591796657898,0.2646288398675124
4289,0.4289,9,61,9,367888,237722,22397,85559,2.202026751639557,0.26465830036407956
4290,0.429,15,73,15,367961,237649,22412,85544,2.2013505502241655,0.2646839504568478
4291,0.4291,10,105,10,368066,237544,22422,85534,2.2003779317499723,0.2647472127473861
4292,0.4292,8,72,8,368138,237472,22430,85526,2.199710993367668,0.2647880172632648
4293,0.4293,7,97,7,368235,237375,22437,85519,2.1988124791581756,0.2648516231332883
4294,0.4294,12,84,12,368319,237291,22449,85507,2.198034384378821,0.2648932149517655
4295,0.4295,10,71,10,368390,237220,22459,85497,2.1973767090296046,0.2649287146323249
4296,0.4296,10,79,10,368469,237141,22469,85487,2.196644929415688,0.2649708022862244
4297,0.4297,7,60,7,368529,237081,22476,85480,2.1960891474304347,0.26500413875205
4298,0.4298,20,84,20,368613,236997,22496,85460,2.19531105265108,0.2650275850733586
4299,0.4299,11,86,11,368699,236911,22507,85449,2.1945144318055503,0.2650732100756918
4300,0.43,9,79,9,368778,236832,22516,85440,2.1937826521916337,0.26511766458147157
4301,0.4301,13,79,13,368857,236753,22529,85427,2.1930508725777167,0.26515302005090324
4302,0.4302,10,72,10,368929,236681,22539,85417,2.192383934195413,0.2651894764947314
4303,0.4303,14,76,14,369005,236605,22553,85403,2.191679943680759,0.26522011875481355
4304,0.4304,13,84,13,369089,236521,22566,85390,2.1909018489014045,0.265259652512651
4305,0.4305,10,76,10,369165,236445,22576,85380,2.19019785838675,0.2652994639944069
4306,0.4306,13,70,13,369235,236375,22589,85367,2.1895494460706213,0.2653274984304194
4307,0.4307,11,62,11,369297,236313,22600,85356,2.188975138019193,0.26535351557035336
4308,0.4308,15,72,15,369369,236241,22615,85341,2.188308199636889,0.26537865925331644
4309,0.4309,8,77,8,369446,236164,22623,85333,2.1875949460891473,0.2654239386370635
4310,0.431,9,88,9,369534,236076,22632,85324,2.1867797991774425,0.26547604231487243
4311,0.4311,13,68,13,369602,236008,22645,85311,2.186149912927489,0.26550250685455884
4312,0.4312,8,89,8,369691,235919,22653,85303,2.1853255029826966,0.26555777624197596
4313,0.4313,17,74,17,369765,235845,22670,85286,2.1846400385342175,0.2655800903681052
4314,0.4314,6,67,6,369832,235778,22676,85280,2.1840194153173513,0.2656217879635455
4315,0.4315,7,67,7,369899,235711,22683,85273,2.1833987921004856,0.2656612167584677
4316,0.4316,14,90,14,369989,235621,22697,85259,2.1825651191226054,0.2657036898529045
4317,0.4317,13,72,13,370061,235549,22710,85246,2.1818981807403017,0.26573356816658616
4318,0.4318,8,73,8,370134,235476,22718,85238,2.1812219793249104,0.26577573788484443
4319,0.4319,14,92,14,370226,235384,22732,85224,2.1803697802808553,0.265819942109991
4320,0.432,12,70,12,370296,235314,22744,85212,2.1797213679647265,0.2658505082271017
4321,0.4321,6,78,6,370374,235236,22750,85206,2.178998851383897,0.26590147358960436
4322,0.4322,19,71,19,370445,235165,22769,85187,2.1783411760346807,0.2659168664469084
4323,0.4323,10,74,10,370519,235091,22779,85177,2.1776557115862016,0.26595538736308344
4324,0.4324,7,86,7,370605,235005,22786,85170,2.176859090740672,0.2660107753572265
4325,0.4325,10,80,10,370685,234925,22796,85160,2.176118048093668,0.2660543293187747
4326,0.4326,14,85,14,370770,234840,22810,85146,2.1753306902812257,0.26609289156400595
4327,0.4327,12,66,12,370836,234774,22822,85134,2.1747193300974472,0.2661202595746277
4328,0.4328,12,78,12,370914,234696,22834,85122,2.173996813516618,0.26615762715044183
4329,0.4329,13,82,13,370996,234614,22847,85109,2.1732372448034383,0.2661960509566093
4330,0.433,3,76,3,371072,234538,22850,85106,2.1725332542887843,0.2662524558571411
4331,0.4331,16,89,16,371161,234449,22866,85090,2.171708844343992,0.26628987384951447
4332,0.4332,12,69,12,371230,234380,22878,85078,2.1710696950609507,0.26631982921072567
4333,0.4333,9,73,9,371303,234307,22887,85069,2.1703934936455593,0.26636002705275286
4334,0.4334,11,92,11,371395,234215,22898,85058,2.1695412946015042,0.26641150363482036
4335,0.4335,13,81,13,371476,234134,22911,85045,2.1687909889214123,0.2664492338155079
4336,0.4336,9,77,9,371553,234057,22920,85036,2.1680777353736707,0.26649284064520373
4337,0.4337,12,101,12,371654,233956,22932,85024,2.1671421690318278,0.26654962693585804
4338,0.4338,10,81,10,371735,233875,22942,85014,2.166391863351736,0.2665943321970968
4339,0.4339,6,74,6,371809,233801,22948,85008,2.165706398903257,0.2666424097186717
4340,0.434,12,77,12,371886,233724,22960,84996,2.164993145355515,0.26667921686746987
4341,0.4341,9,70,9,371956,233654,22969,84987,2.1643447330393863,0.2667170891379327
4342,0.4342,6,74,6,372030,233580,22975,84981,2.1636592685909073,0.2667652349157618
4343,0.4343,9,75,9,372105,233505,22984,84972,2.162964541109341,0.26680733616556296
4344,0.4344,9,94,9,372199,233411,22993,84963,2.1620938159991105,0.26686538473619076
4345,0.4345,13,72,13,372271,233339,23006,84950,2.161426877616807,0.2668958085262136
4346,0.4346,8,84,8,372355,233255,23014,84942,2.1606487828374523,0.26694783420333945
4347,0.4347,17,73,17,372428,233182,23031,84925,2.159972581422061,0.26696991892665045
4348,0.4348,11,82,11,372510,233100,23042,84914,2.1592130127088813,0.2670134019257014
4349,0.4349,11,69,11,372579,233031,23053,84903,2.1585738634258402,0.2670459906773104
4350,0.435,11,89,11,372668,232942,23064,84892,2.1577494534810477,0.2670954020023031
4351,0.4351,13,91,13,372759,232851,23077,84879,2.1569065174700803,0.26714191294495326
4352,0.4352,9,94,9,372853,232757,23086,84870,2.1560357923598503,0.2672002065315606
4353,0.4353,11,94,11,372947,232663,23097,84859,2.1551650672496203,0.267253922562846
4354,0.4354,13,78,13,373025,232585,23110,84846,2.154442550668791,0.2672895841931002
4355,0.4355,15,64,15,373089,232521,23125,84831,2.1538497165511874,0.2673088557815927
4356,0.4356,13,63,13,373152,232458,23138,84818,2.1532661454666715,0.26733191290863473
4357,0.4357,12,88,12,373240,232370,23150,84806,2.1524509985549667,0.2673783640628547
4358,0.4358,17,81,17,373321,232289,23167,84789,2.1517006928748748,0.2674073887182334
4359,0.4359,9,76,9,373397,232213,23176,84780,2.150996702360221,0.2674507008041187
4360,0.436,13,80,13,373477,232133,23189,84767,2.1502556597132165,0.2674881666140738
4361,0.4361,13,81,13,373558,232052,23202,84754,2.1495053540331246,0.2675264988668144
4362,0.4362,13,72,13,373630,231980,23215,84741,2.148838415650821,0.2675572507033004
4363,0.4363,8,74,8,373704,231906,23223,84733,2.148152951202342,0.26760127463767885
4364,0.4364,4,79,4,373783,231827,23227,84729,2.147421171588425,0.26765880286584365
4365,0.4365,9,90,9,373873,231737,23236,84720,2.146587498610545,0.26771409701792026
4366,0.4366,7,74,7,373947,231663,23243,84713,2.145902034162066,0.2677605128075454
4367,0.4367,14,89,14,374036,231574,23257,84699,2.1450776242172735,0.2678034482867649
4368,0.4368,11,81,11,374117,231493,23268,84688,2.1443273185371816,0.26784658154664576
4369,0.4369,15,71,15,374188,231422,23283,84673,2.1436696431879656,0.26787200050617693
4370,0.437,16,68,16,374256,231354,23299,84657,2.1430397569380117,0.2678925733597881
4371,0.4371,19,71,19,374327,231283,23318,84638,2.1423820815887953,0.26790874933923353
4372,0.4372,15,85,15,374412,231198,23333,84623,2.1415947237763535,0.2679460833826756
4373,0.4373,14,79,14,374491,231119,23347,84609,2.1408629441624365,0.26798066690315714
4374,0.4374,15,75,15,374566,231044,23362,84594,2.14016821668087,0.2680095552500016
4375,0.4375,15,86,15,374652,230958,23377,84579,2.1393715958353403,0.2680478042194735
4376,0.4376,9,76,9,374728,230882,23386,84570,2.1386676053206863,0.26809150045014774
4377,0.4377,15,82,15,374810,230800,23401,84555,2.1379080366075067,0.2681263972348623
4378,0.4378,8,93,8,374903,230707,23409,84547,2.1370465745303644,0.2681869222912318
4379,0.4379,11,91,11,374994,230616,23420,84536,2.136203638519397,0.26823881809412603
4380,0.438,10,77,10,375071,230539,23430,84526,2.1354903849716553,0.26828114833447064
4381,0.4381,15,69,15,375140,230470,23445,84511,2.134851235688614,0.2683050723694445
4382,0.4382,13,77,13,375217,230393,23458,84498,2.134137982140872,0.2683404733701503
4383,0.4383,8,74,8,375291,230319,23466,84490,2.133452517692393,0.2683849572280335
4384,0.4384,8,74,8,375365,230245,23474,84482,2.132767053243914,0.2684294642658558
4385,0.4385,11,96,11,375461,230149,23485,84471,2.131877802067509,0.2684857923844638
4386,0.4386,13,75,13,375536,230074,23498,84458,2.1311830745859424,0.26851957829410045
4387,0.4387,9,69,9,375605,230005,23507,84449,2.1305439253029013,0.26855756326839536
4388,0.4388,14,77,14,375682,229928,23521,84435,2.1298306717551596,0.2685907692699204
4389,0.4389,17,71,17,375753,229857,23538,84418,2.129172996405943,0.2686118844960624
4390,0.439,11,84,11,375837,229773,23549,84407,2.1283949016265886,0.2686580940861926
4391,0.4391,13,88,13,375925,229685,23562,84394,2.127579754714884,0.26870309699152123
4392,0.4392,16,74,16,375999,229611,23578,84378,2.1268942902664048,0.268729159301759
4393,0.4393,11,87,11,376086,229524,23589,84367,2.1260884063877876,0.2687780152983042
4394,0.4394,14,91,14,376177,229433,23603,84353,2.12524547037682,0.26882333819864496
4395,0.4395,12,70,12,376247,229363,23615,84341,2.1245970580606914,0.26885535409175526
4396,0.4396,7,78,7,376325,229285,23622,84334,2.123874541479862,0.2689059017470243
4397,0.4397,9,56,9,376381,229229,23631,84325,2.123355811626959,0.26893294296995096
4398,0.4398,10,101,10,376482,229128,23641,84315,2.122420245285116,0.26899627683502264
4399,0.4399,14,79,14,376561,229049,23655,84301,2.121688465671199,0.26903143449816497
4400,0.44,9,93,9,376654,228956,23664,84292,2.120827003594057,0.2690903054448871
4401,0.4401,7,70,7,376724,228886,23671,84285,2.120178591277928,0.2691341152277829
4402,0.4402,6,74,6,376798,228812,23677,84279,2.119493126829449,0.2691837197492103
4403,0.4403,6,78,6,376876,228734,23683,84273,2.1187706102486197,0.26923679023152836
4404,0.4404,17,93,17,376969,228641,23700,84256,2.1179091481714774,0.2692771103589999
4405,0.4405,12,84,12,377053,228557,23712,84244,2.117131053392123,0.2693213896375012
4406,0.4406,12,76,12,377129,228481,23724,84232,2.1164270628774684,0.26935880503848575
4407,0.4407,10,81,10,377210,228400,23734,84222,2.115676757197377,0.26940522420047214
4408,0.4408,15,68,15,377278,228332,23749,84207,2.115046870947423,0.26942877528884396
4409,0.4409,9,87,9,377365,228245,23758,84198,2.114240987068806,0.26948275365426655
4410,0.441,15,74,15,377439,228171,23773,84183,2.113555522620327,0.2695115157801725
4411,0.4411,12,88,12,377527,228083,23785,84171,2.112740375708622,0.2695593971574423
4412,0.4412,15,82,15,377609,228001,23800,84156,2.1119808069954424,0.26959510759009087
4413,0.4413,16,67,16,377676,227934,23816,84140,2.1113601837785763,0.2696155399039971
4414,0.4414,10,78,10,377754,227856,23826,84130,2.1106376671977474,0.26965953600482073
4415,0.4415,14,83,14,377837,227773,23840,84116,2.10986883545148,0.26969851453562005
4416,0.4416,11,70,11,377907,227703,23851,84105,2.1092204231353513,0.2697332974137931
4417,0.4417,8,68,8,377975,227635,23859,84097,2.108590536885398,0.2697733950957874
4418,0.4418,10,72,10,378047,227563,23869,84087,2.1079235985030937,0.2698122894272421
4419,0.4419,10,77,10,378124,227486,23879,84077,2.107210344955352,0.2698555348356512
4420,0.442,8,83,8,378207,227403,23887,84069,2.1064415132090852,0.2699086916319926
4421,0.4421,13,74,13,378281,227329,23900,84056,2.105756048760606,0.2699423543202145
4422,0.4422,9,78,9,378359,227251,23909,84047,2.105033532179777,0.26998888524821874
4423,0.4423,10,92,10,378451,227159,23919,84037,2.1041813331357218,0.270045244797491
4424,0.4424,17,85,17,378536,227074,23936,84020,2.10339397532328,0.2700791400669894
4425,0.4425,7,82,7,378618,226992,23943,84013,2.1026344066101004,0.2701339206765165
4426,0.4426,14,56,14,378674,226936,23957,83999,2.1021156767571973,0.27014970974641
4427,0.4427,14,82,14,378756,226854,23971,83985,2.1013561080440177,0.27018810380936753
4428,0.4428,13,76,13,378832,226778,23984,83972,2.1006521175293638,0.27022365245374097
4429,0.4429,11,78,11,378910,226700,23995,83961,2.0999296009485344,0.2702656593521556
4430,0.443,12,75,12,378985,226625,24007,83949,2.099234873466968,0.270302729784206
4431,0.4431,15,71,15,379056,226554,24022,83934,2.0985771981177517,0.27032928808842854
4432,0.4432,10,71,10,379127,226483,24032,83924,2.097919522768535,0.2703676141324132
4433,0.4433,9,71,9,379198,226412,24041,83915,2.097261847419319,0.2704083112329897
4434,0.4434,11,57,11,379255,226355,24052,83904,2.0967338545333285,0.27043212283930523
4435,0.4435,9,78,9,379333,226277,24061,83895,2.096011337952499,0.27047896006086947
4436,0.4436,15,93,15,379426,226184,24076,83880,2.095149875875357,0.2705247948810568
4437,0.4437,9,65,9,379491,226119,24085,83871,2.0945477787246656,0.2705603406561502
4438,0.4438,11,90,11,379581,226029,24096,83860,2.093714105746786,0.27061302595445463
4439,0.4439,16,78,16,379659,225951,24112,83844,2.0929915891659565,0.2706434900498717
4440,0.444,13,79,13,379738,225872,24125,83831,2.09225980955204,0.27068191137961206
4441,0.4441,16,85,16,379823,225787,24141,83815,2.0914724517395977,0.270718535409978
4442,0.4442,7,98,7,379921,225689,24148,83808,2.0905646744970174,0.2707877620784693
4443,0.4443,7,75,7,379996,225614,24155,83801,2.0898699470154507,0.2708369018955125
4444,0.4444,11,92,11,380088,225522,24166,83790,2.0890177479713956,0.2708915270018622
4445,0.4445,9,76,9,380164,225446,24175,83781,2.0883137574567416,0.27093688455406545
4446,0.4446,9,93,9,380257,225353,24184,83772,2.0874522953795993,0.2709971694298423
4447,0.4447,12,94,12,380351,225259,24196,83760,2.086581570269369,0.27105129458059213
4448,0.4448,9,78,9,380429,225181,24205,83751,2.08585905368854,0.27109849416700116
4449,0.4449,17,74,17,380503,225107,24222,83734,2.085173589240061,0.27112332883263557
4450,0.445,17,70,17,380573,225037,24239,83717,2.084525176923932,0.271144665332271
4451,0.4451,8,70,8,380643,224967,24247,83709,2.0838767646078034,0.2711872643159818
4452,0.4452,12,79,12,380722,224888,24259,83697,2.0831449849938863,0.27122834875317986
4453,0.4453,11,77,11,380799,224811,24270,83686,2.0824317314461447,0.27127006097304024
4454,0.4454,14,87,14,380886,224724,24284,83672,2.0816258475675276,0.27131350601175114
4455,0.4455,16,77,16,380963,224647,24300,83656,2.080912594019786,0.27134345108545815
4456,0.4456,6,68,6,381031,224579,24306,83650,2.080282707769832,0.2713891295108507
4457,0.4457,10,76,10,381107,224503,24316,83640,2.079578717255178,0.27143241936373697
4458,0.4458,11,71,11,381178,224432,24327,83629,2.0789210419059616,0.27146896231590495
4459,0.4459,14,68,14,381246,224364,24341,83615,2.078291155656008,0.27149578380344114
4460,0.446,5,78,5,381324,224286,24346,83610,2.077568639075179,0.2715527320913555
4461,0.4461,10,83,10,381407,224203,24356,83600,2.0767998073289116,0.2716022910757855
4462,0.4462,11,69,11,381476,224134,24367,83589,2.0761606580458705,0.27163715419386913
4463,0.4463,12,71,12,381547,224063,24379,83577,2.075502982696654,0.27167143414380446
4464,0.4464,12,56,12,381603,224007,24391,83565,2.074984252843751,0.2716924817603683
4465,0.4465,12,88,12,381691,223919,24403,83553,2.074169105932046,0.271741817141073
4466,0.4466,9,78,9,381769,223841,24412,83544,2.0734465893512173,0.27178944971290075
4467,0.4467,11,86,11,381855,223755,24423,83533,2.0726499685056874,0.2718394470334019
4468,0.4468,14,80,14,381935,223675,24437,83519,2.071908925858683,0.271877054890395
4469,0.4469,12,91,12,382026,223584,24449,83507,2.0710659898477157,0.2719291675757349
4470,0.447,11,67,11,382093,223517,24460,83496,2.0704453666308495,0.2719624250438907
4471,0.4471,16,72,16,382165,223445,24476,83480,2.069778428248546,0.2719882707501833
4472,0.4472,13,74,13,382239,223371,24489,83467,2.069092963800067,0.2720230219203619
4473,0.4473,17,80,17,382319,223291,24506,83450,2.0683519211530625,0.27205362178515424
4474,0.4474,17,68,17,382387,223223,24523,83433,2.0677220349031087,0.2720735938641344
4475,0.4475,18,92,18,382479,223131,24541,83415,2.0668698358590536,0.2721125051378912
4476,0.4476,14,81,14,382560,223050,24555,83401,2.0661195301789617,0.2721511758812991
4477,0.4477,6,80,6,382640,222970,24561,83395,2.0653784875319574,0.2722079872048047
4478,0.4478,8,78,8,382718,222892,24569,83387,2.064655970951128,0.2722583004384891
4479,0.4479,10,99,10,382817,222793,24579,83377,2.0637389306754605,0.27232256589476433
4480,0.448,11,59,11,382876,222734,24590,83366,2.0631924117232945,0.2723489055864097
4481,0.4481,11,72,11,382948,222662,24601,83355,2.062525473340991,0.272386828182748
4482,0.4482,7,80,7,383028,222582,24608,83348,2.0617844306939865,0.2724414081652666
4483,0.4483,13,71,13,383099,222511,24621,83335,2.06112675534477,0.2724737286085154
4484,0.4484,9,73,9,383172,222438,24630,83326,2.0604505539293787,0.2725173663348203
4485,0.4485,9,84,9,383256,222354,24639,83317,2.059672459150024,0.27257083596415754
4486,0.4486,13,73,13,383329,222281,24652,83304,2.058996257734633,0.27260500351784284
4487,0.4487,10,75,10,383404,222206,24662,83294,2.058301530253066,0.2726481178396072
4488,0.4488,13,89,13,383493,222117,24675,83281,2.0574771203082736,0.27269661228953695
4489,0.4489,13,90,13,383583,222027,24688,83268,2.056643447330394,0.27274603252591756
4490,0.449,9,83,9,383666,221944,24697,83259,2.055874615584127,0.272798760169461
4491,0.4491,3,85,3,383751,221859,24700,83256,2.0550872577716848,0.2728676072956098
4492,0.4492,9,57,9,383808,221802,24709,83247,2.054559264885694,0.272897141115034
4493,0.4493,7,76,7,383884,221726,24716,83240,2.05385527437104,0.27294845982830873
4494,0.4494,10,72,10,383956,221654,24726,83230,2.053188335988736,0.2729890712533291
4495,0.4495,13,112,13,384068,221542,24739,83217,2.05215087628293,0.27305838383772096
4496,0.4496,11,67,11,384135,221475,24750,83206,2.0515302530660637,0.27309218494097104
4497,0.4497,10,73,10,384208,221402,24760,83196,2.0508540516506724,0.27313376975554665
4498,0.4498,7,79,7,384287,221323,24767,83189,2.050122272036756,0.27318792034468264
4499,0.4499,11,74,11,384361,221249,24778,83178,2.0494368075882767,0.273228064527785
4500,0.45,8,90,8,384451,221159,24786,83170,2.048603134610397,0.2732897620667107
4501,0.4501,7,96,7,384547,221063,24793,83163,2.0477138834339916,0.2733592789570911
4502,0.4502,18,70,18,384617,220993,24811,83145,2.047065471117863,0.2733791897099343
4503,0.4503,9,92,9,384709,220901,24820,83136,2.0462132720738078,0.2734404036350839
4504,0.4504,8,80,8,384789,220821,24828,83128,2.0454722294268035,0.2734932505124215
4505,0.4505,13,77,13,384866,220744,24841,83115,2.044758975879062,0.27353147347947565
4506,0.4506,14,75,14,384941,220669,24855,83101,2.044064248397495,0.2735655265496922
4507,0.4507,15,65,15,385006,220604,24870,83086,2.0434621512468043,0.27358819849188315
4508,0.4508,12,78,12,385084,220526,24882,83074,2.042739634665975,0.27362977602108035
4509,0.4509,12,67,12,385151,220459,24894,83062,2.042119011449109,0.27366145999782554
4510,0.451,14,77,14,385228,220382,24908,83048,2.041405757901367,0.2736973931384504
4511,0.4511,11,82,11,385310,220300,24919,83037,2.040646189188188,0.2737450426423417
4512,0.4512,7,71,7,385381,220229,24926,83030,2.0399885138389715,0.2737923688991918
4513,0.4513,5,70,5,385451,220159,24931,83025,2.0393401015228427,0.2738436065227717
4514,0.4514,9,69,9,385520,220090,24940,83016,2.038700952239801,0.2738843836809565
4515,0.4515,10,76,10,385596,220014,24950,83006,2.037996961725147,0.27392911358986205
4516,0.4516,12,73,12,385669,219941,24962,82994,2.037320760309756,0.2739663624209814
4517,0.4517,14,85,14,385754,219856,24976,82980,2.0365334024973136,0.27400969501644457
4518,0.4518,10,80,10,385834,219776,24986,82970,2.0357923598503094,0.27405812132943125
4519,0.4519,12,70,12,385904,219706,24998,82958,2.0351439475341806,0.2740927232839056
4520,0.452,13,71,13,385975,219635,25011,82945,2.034486272184964,0.2741258510146077
4521,0.4521,7,63,7,386038,219572,25018,82938,2.0339027011004482,0.27416614326799116
4522,0.4522,10,80,10,386118,219492,25028,82928,2.033161658453444,0.2742146683420409
4523,0.4523,8,78,8,386196,219414,25036,82920,2.0324391418726147,0.27426620889479847
4524,0.4524,13,85,13,386281,219329,25049,82907,2.031651784060173,0.2743121269471539
4525,0.4525,10,76,10,386357,219253,25059,82897,2.0309477935455185,0.27435710739698826
4526,0.4526,5,71,5,386428,219182,25064,82892,2.030290118196302,0.27440958175811225
4527,0.4527,14,68,14,386496,219114,25078,82878,2.0296602319463486,0.2744377334498927
4528,0.4528,12,69,12,386565,219045,25090,82866,2.029021082663307,0.27447161580730745
4529,0.4529,8,84,8,386649,218961,25098,82858,2.0282429878839525,0.2745287738677817
4530,0.453,8,84,8,386733,218877,25106,82850,2.027464893104598,0.27458596678454367
4531,0.4531,15,84,15,386817,218793,25121,82835,2.0266867983252435,0.2746263609479226
4532,0.4532,8,61,8,386878,218732,25129,82827,2.026121753306903,0.2746626696600002
4533,0.4533,10,75,10,386953,218657,25139,82817,2.025427025825336,0.27470693990194844
4534,0.4534,10,77,10,387030,218580,25149,82807,2.0247137722775945,0.27475305836018143
4535,0.4535,8,69,8,387099,218511,25157,82799,2.0240746229945534,0.27479672098503205
4536,0.4536,9,77,9,387176,218434,25166,82790,2.0233613694468118,0.2748452978514328
4537,0.4537,17,63,17,387239,218371,25183,82773,2.022777798362296,0.27486186010679275
4538,0.4538,11,70,11,387309,218301,25194,82762,2.022129386046167,0.2748992735739696
4539,0.4539,8,76,8,387385,218225,25202,82754,2.0214253955315127,0.2749494150754704
4540,0.454,3,90,3,387475,218135,25205,82751,2.020591722553633,0.2750244278563974
4541,0.4541,13,81,13,387556,218054,25218,82738,2.019841416873541,0.2750671560413841
4542,0.4542,10,75,10,387631,217979,25228,82728,2.0191466893919747,0.27511165353649897
4543,0.4543,9,67,9,387698,217912,25237,82719,2.0185260661751085,0.27515126517225436
4544,0.4544,16,83,16,387781,217829,25253,82703,2.0177572344288413,0.2751886654332983
4545,0.4545,12,80,12,387861,217749,25265,82691,2.017016191781837,0.27523299161230197
4546,0.4546,10,68,10,387929,217681,25275,82681,2.016386305531883,0.27527117278483965
4547,0.4547,4,81,4,388010,217600,25279,82677,2.0156359998517916,0.2753357733026506
4548,0.4548,14,72,14,388082,217528,25293,82663,2.0149690614694875,0.27536801569667313
4549,0.4549,9,73,9,388155,217455,25302,82654,2.014292860054096,0.2754132665131669
4550,0.455,12,93,12,388248,217362,25314,82642,2.0134313979769534,0.2754696604045279
4551,0.4551,11,56,11,388304,217306,25325,82631,2.0129126681240503,0.275494520515975
4552,0.4552,5,67,5,388371,217239,25330,82626,2.0122920449071846,0.27554399479765895
4553,0.4553,11,88,11,388459,217151,25341,82615,2.01147689799548,0.27559830000733904
4554,0.4554,13,78,13,388537,217073,25354,82602,2.0107543814146505,0.2756386084925336
4555,0.4555,12,75,12,388612,216998,25366,82590,2.0100596539330837,0.27567859860875604
4556,0.4556,13,72,13,388684,216926,25379,82577,2.00939271555078,0.2757134319188789
4557,0.4557,10,77,10,388761,216849,25389,82567,2.0086794620030384,0.27576014641836105
4558,0.4558,16,74,16,388835,216775,25405,82551,2.0079939975545593,0.2757896073177739
4559,0.4559,13,79,13,388914,216696,25418,82538,2.0072622179406423,0.2758309550385317
4560,0.456,9,82,9,388996,216614,25427,82529,2.006502649227463,0.2758847775144329
4561,0.4561,9,80,9,389076,216534,25436,82520,2.005761606580459,0.2759367873360664
4562,0.4562,11,72,11,389148,216462,25447,82509,2.0050946681981547,0.27597659973709826
4563,0.4563,16,78,16,389226,216384,25463,82493,2.0043721516173254,0.2760098635893695
4564,0.4564,11,66,11,389292,216318,25474,82482,2.003760791433547,0.2760441767068273
4565,0.4565,16,72,16,389364,216246,25490,82466,2.003093853051243,0.2760719355097887
4566,0.4566,10,80,10,389444,216166,25500,82456,2.002352810404239,0.2761216521220808
4567,0.4567,11,90,11,389534,216076,25511,82445,2.001519137426359,0.2761782253174819
4568,0.4568,10,70,10,389604,216006,25521,82435,2.00087072511023,0.2762187501047108
4569,0.4569,10,79,10,389683,215927,25531,82425,2.0001389454963134,0.2762676301817987
4570,0.457,15,93,15,389776,215834,25546,82410,1.9992774834191707,0.27631737771757353
4571,0.4571,10,65,10,389841,215769,25556,82400,1.9986753862684798,0.2763533432382307
4572,0.4572,15,93,15,389934,215676,25571,82385,1.9978139241913373,0.27640315237484947
4573,0.4573,4,64,4,389998,215612,25575,82381,1.9972210900737337,0.276452802582611
4574,0.4574,9,70,9,390068,215542,25584,82372,1.996572677757605,0.27649590150177566
4575,0.4575,15,68,15,390136,215474,25599,82357,1.9959427915076513,0.2765225916711155
4576,0.4576,10,82,10,390218,215392,25609,82347,1.995183222794472,0.27657444943390014
4577,0.4577,13,57,13,390275,215335,25622,82334,1.9946552299084812,0.276595816158216
4578,0.4578,9,75,9,390350,215260,25631,82325,1.9939605024269147,0.276643648033335
4579,0.4579,12,101,12,390451,215159,25643,82313,1.9930249360850716,0.27670839608433734
4580,0.458,14,83,14,390534,215076,25657,82299,1.9922561043388047,0.2767515762925599
4581,0.4581,14,82,14,390616,214994,25671,82285,1.9914965356256253,0.27679385358535247
4582,0.4582,16,79,16,390695,214915,25687,82269,1.9907647560117085,0.27682849682351673
4583,0.4583,7,84,7,390779,214831,25694,82262,1.989986661232354,0.27688972813226836
4584,0.4584,4,66,4,390845,214765,25698,82258,1.9893753010485753,0.27694151631355146
4585,0.4585,8,73,8,390918,214692,25706,82250,1.988699099633184,0.2769901192825535
4586,0.4586,13,74,13,390992,214618,25719,82237,1.9880136351847049,0.2770275050108639
4587,0.4587,9,64,9,391056,214554,25728,82228,1.9874208010671015,0.27706532067308665
4588,0.4588,6,86,6,391142,214468,25734,82222,1.9866241802215718,0.27713101216758235
4589,0.4589,13,77,13,391219,214391,25747,82209,1.9859109266738302,0.2771712744436952
4590,0.459,8,68,8,391287,214323,25755,82201,1.9852810404238763,0.2772153350150409
4591,0.4591,7,69,7,391356,214254,25762,82194,1.9846418911408352,0.2772627914507772
4592,0.4592,10,93,10,391449,214161,25772,82184,1.9837804290636927,0.2773254146349694
4593,0.4593,15,85,15,391534,214076,25787,82169,1.9829930712512505,0.2773683944032811
4594,0.4594,6,81,6,391615,213995,25793,82163,1.9822427655711585,0.27742961527292864
4595,0.4595,14,84,14,391699,213911,25807,82149,1.981464670791804,0.27747416064311287
4596,0.4596,14,65,14,391764,213846,25821,82135,1.980862573641113,0.277500920667205
4597,0.4597,14,69,14,391833,213777,25835,82121,1.9802234243580719,0.27753144664715546
4598,0.4598,11,78,11,391911,213699,25846,82110,1.9795009077772425,0.2775777613257203
4599,0.4599,8,72,8,391983,213627,25854,82102,1.9788339693949386,0.2776257992959771
4600,0.46,16,75,16,392058,213552,25870,82086,1.978139241913372,0.27765713473910664
4601,0.4601,9,64,9,392122,213488,25879,82077,1.9775464077957687,0.2776952616175799
4602,0.4602,10,90,10,392212,213398,25889,82067,1.9767127348178888,0.2777554025011423
4603,0.4603,9,70,9,392282,213328,25898,82058,1.97606432250176,0.2777992186494959
4604,0.4604,11,71,11,392353,213257,25909,82047,1.9754066471525435,0.2778391081732723
4605,0.4605,12,96,12,392449,213161,25921,82035,1.9745173959761384,0.277900107047521
4606,0.4606,12,79,12,392528,213082,25933,82023,1.9737856163622216,0.2779451381711594
4607,0.4607,16,75,16,392603,213007,25949,82007,1.973090888880655,0.27797663839682185
4608,0.4608,11,73,11,392676,212934,25960,81996,1.9724146874652637,0.2780185128674601
4609,0.4609,9,63,9,392739,212871,25969,81987,1.9718311163807478,0.27805587774454144
4610,0.461,13,62,13,392801,212809,25982,81974,1.9712568083293194,0.2780825217193664
4611,0.4611,10,70,10,392871,212739,25992,81964,1.9706083960131906,0.27812407746103707
4612,0.4612,10,69,10,392940,212670,26002,81954,1.9699692467301493,0.27816471163245354
4613,0.4613,10,67,10,393007,212603,26012,81944,1.969348623513283,0.2782034785619952
4614,0.4614,13,86,13,393093,212517,26025,81931,1.9685520026677534,0.27825286638048147
4615,0.4615,11,82,11,393175,212435,26036,81920,1.967792433954574,0.2783034091488169
4616,0.4616,13,78,13,393253,212357,26049,81907,1.967069917373745,0.27834529538101843
4617,0.4617,9,74,9,393327,212283,26058,81898,1.9663844529252659,0.27839323409737543
4618,0.4618,15,60,15,393387,212223,26073,81883,1.9658286709400126,0.27841322516371647
4619,0.4619,14,79,14,393466,212144,26087,81869,1.9650968913260958,0.27845367381714414
4620,0.462,14,65,14,393531,212079,26101,81855,1.9644947941754047,0.2784808834636347
4621,0.4621,8,66,8,393597,212013,26109,81847,1.9638834339916262,0.27852378683726947
4622,0.4622,8,57,8,393654,211956,26117,81839,1.9633554411056355,0.27855817832161883
4623,0.4623,14,59,14,393713,211897,26131,81825,1.96280892215347,0.2785797454736111
4624,0.4624,18,74,18,393787,211823,26149,81807,1.9621234577049909,0.2786057282975173
4625,0.4625,13,76,13,393863,211747,26162,81794,1.9614194671903369,0.2786459131773756
4626,0.4626,9,78,9,393941,211669,26171,81785,1.9606969506095075,0.2786978538373987
4627,0.4627,7,67,7,394008,211602,26178,81778,1.9600763273926414,0.278744290681028
4628,0.4628,11,101,11,394109,211501,26189,81767,1.9591407610507985,0.2788132356752186
4629,0.4629,17,55,17,394164,211446,26206,81750,1.958631294230983,0.27882372201530714
4630,0.463,9,72,9,394236,211374,26215,81741,1.957964355848679,0.2788700680620234
4631,0.4631,9,69,9,394305,211305,26224,81732,1.957325206565638,0.27891358429140345
4632,0.4632,13,72,13,394377,211233,26237,81719,1.956658268183334,0.2789501351757284
4633,0.4633,11,73,11,394450,211160,26248,81708,1.9559820667679424,0.2789925836895803
4634,0.4634,11,75,11,394525,211085,26259,81697,1.9552873392863759,0.27903696265480804
4635,0.4635,8,84,8,394609,211001,26267,81689,1.9545092445070213,0.2790973384809867
4636,0.4636,13,88,13,394697,210913,26280,81676,1.9536940975953165,0.2791492503135798
4637,0.4637,13,79,13,394776,210834,26293,81663,1.9529623179813997,0.2791926071036626
4638,0.4638,15,86,15,394862,210748,26308,81648,1.95216569713587,0.2792377460703977
4639,0.4639,22,75,22,394937,210673,26330,81626,1.9514709696543036,0.2792551462714549
4640,0.464,18,69,18,395006,210604,26348,81608,1.9508318203712625,0.2792766895267819
4641,0.4641,17,76,17,395082,210528,26365,81591,1.9501278298566083,0.2793074055436312
4642,0.4642,10,55,10,395137,210473,26375,81581,1.9496183630367927,0.27933532839817293
4643,0.4643,15,72,15,395209,210401,26390,81566,1.9489514246544888,0.27936718875763356
4644,0.4644,13,74,13,395283,210327,26403,81553,1.94826596020601,0.27940592024119504
4645,0.4645,13,62,13,395345,210265,26416,81540,1.9476916521545815,0.2794331831188636
4646,0.4646,12,64,12,395409,210201,26428,81528,1.947098818036978,0.2794648457986693
4647,0.4647,8,86,8,395495,210115,26436,81520,1.9463021971914483,0.2795274915562261
4648,0.4648,12,88,12,395583,210027,26448,81508,1.9454870502797437,0.27958221139828837
4649,0.4649,21,66,21,395649,209961,26469,81487,1.944875690095965,0.2795936153276056
4650,0.465,15,86,15,395735,209875,26484,81472,1.9440790692504353,0.27963905583376525
4651,0.4651,10,73,10,395808,209802,26494,81462,1.943402867835044,0.2796844100197759
4652,0.4652,11,65,11,395873,209737,26505,81451,1.9428007706843529,0.27971963130348776
4653,0.4653,10,71,10,395944,209666,26515,81441,1.9421430953351366,0.27976311115844005
4654,0.4654,13,59,13,396003,209607,26528,81428,1.9415965763829708,0.2797876544058275
4655,0.4655,16,70,16,396073,209537,26544,81412,1.940948164066842,0.27981536282991176
4656,0.4656,13,91,13,396164,209446,26557,81399,1.9401052280558746,0.27987072151833453
4657,0.4657,19,87,19,396251,209359,26576,81380,1.9392993441772575,0.2799074083628271
4658,0.4658,12,79,12,396330,209280,26588,81368,1.9385675645633407,0.27995375849825216
4659,0.4659,12,87,12,396417,209193,26600,81356,1.9377616806847233,0.2800078472133788
4660,0.466,9,94,9,396511,209099,26609,81347,1.9368909555744933,0.2800761587351866
4661,0.4661,12,73,12,396584,209026,26621,81335,1.936214754159102,0.2801168200963628
4662,0.4662,7,74,7,396658,208952,26628,81328,1.9355292897106229,0.28017086950530523
4663,0.4663,14,79,14,396737,208873,26642,81314,1.934797510096706,0.2802124147532453
4664,0.4664,14,63,14,396800,208810,26656,81300,1.9342139390121902,0.28023853021267797
4665,0.4665,15,74,15,396874,208736,26671,81285,1.9335284745637111,0.28027280783115704
4666,0.4666,14,69,14,396943,208667,26685,81271,1.9328893252806698,0.28030475480964895
4667,0.4667,9,78,9,397021,208589,26694,81262,1.9321668086998407,0.28035783902763833
4668,0.4668,14,65,14,397086,208524,26708,81248,1.9315647115491497,0.2803859586157393
4669,0.4669,12,54,12,397140,208470,26720,81236,1.9310645077624218,0.28040841404734457
4670,0.467,15,60,15,397200,208410,26735,81221,1.9305087257771685,0.28042923582075124
4671,0.4671,12,76,12,397276,208334,26747,81209,1.9298047352625143,0.2804730212783593
4672,0.4672,14,73,14,397349,208261,26761,81195,1.929128533847123,0.2805089547288707
4673,0.4673,10,71,10,397420,208190,26771,81185,1.9284708584979064,0.2805529157667387
4674,0.4674,7,76,7,397496,208114,26778,81178,1.9277668679832525,0.2806092114541709
4675,0.4675,5,73,5,397569,208041,26783,81173,1.9270906665678609,0.28066760253653006
4676,0.4676,12,68,12,397637,207973,26795,81161,1.9264607803179072,0.28070375673563125
4677,0.4677,16,75,16,397712,207898,26811,81145,1.9257660528363407,0.28073677618900994
4678,0.4678,17,74,17,397786,207824,26828,81128,1.9250805883878617,0.2807663556576871
4679,0.4679,18,71,18,397857,207753,26846,81110,1.9244229130386454,0.28079054776831924
4680,0.468,11,66,11,397923,207687,26857,81099,1.9238115528548667,0.2808273254243627
4681,0.4681,14,76,14,397999,207611,26871,81085,1.9231075623402127,0.2808663784742428
4682,0.4682,12,61,12,398060,207550,26883,81073,1.922542517321872,0.28089583990187894
4683,0.4683,17,75,17,398135,207475,26900,81056,1.9218477898403052,0.28092648623544786
4684,0.4684,18,96,18,398231,207379,26918,81038,1.9209585386639,0.2809751158912269
4685,0.4685,16,77,16,398308,207302,26934,81022,1.9202452851161584,0.2810102523549895
4686,0.4686,10,79,10,398387,207223,26944,81012,1.9195135055022416,0.28106232761462
4687,0.4687,11,69,11,398456,207154,26955,81001,1.9188743562192003,0.28110218458815567
4688,0.4688,14,87,14,398543,207067,26969,80987,1.9180684723405832,0.2811521450839079
4689,0.4689,4,81,4,398624,206986,26973,80983,1.9173181666604913,0.2812212425643038
4690,0.469,15,70,15,398694,206916,26988,80968,1.9166697543443625,0.28125217101332484
4691,0.4691,14,87,14,398781,206829,27002,80954,1.9158638704657454,0.2813022311950324
4692,0.4692,6,63,6,398844,206766,27008,80948,1.9152802993812295,0.28134883947253175
4693,0.4693,10,76,10,398920,206690,27018,80938,1.9145763088665753,0.2813981948906226
4694,0.4694,9,75,9,398995,206615,27027,80929,1.9138815813850087,0.2814490999638316
4695,0.4695,9,75,9,399070,206540,27036,80920,1.9131868539034422,0.28150003478744867
4696,0.4696,19,65,19,399135,206475,27055,80901,1.9125847567527512,0.28151620177050274
4697,0.4697,21,63,21,399198,206412,27076,80880,1.9120011856682353,0.2815254166492628
4698,0.4698,15,73,15,399271,206339,27091,80865,1.9113249842528437,0.28155944903274327
4699,0.4699,26,59,26,399330,206280,27117,80839,1.910778465300678,0.28155224837088455
4700,0.47,8,83,8,399413,206197,27125,80831,1.910009633554411,0.2816136404810681
4701,0.4701,11,63,11,399476,206134,27136,80820,1.909426062469895,0.281647929633321
4702,0.4702,13,72,13,399548,206062,27149,80807,1.9087591240875912,0.2816860657652099
4703,0.4703,16,60,16,399608,206002,27165,80791,1.9082033421023379,0.28170492306297573
4704,0.4704,6,73,6,399681,205929,27171,80785,1.9075271406869465,0.28176161610524775
4705,0.4705,8,104,8,399785,205825,27179,80777,1.9065637852458408,0.2818438112783581
4706,0.4706,14,80,14,399865,205745,27193,80763,1.9058227425988365,0.2818874167562511
4707,0.4707,9,70,9,399935,205675,27202,80754,1.9051743302827078,0.2819337427425296
4708,0.4708,14,76,14,400011,205599,27216,80740,1.9044703397680536,0.28197346501873655
4709,0.4709,4,83,4,400094,205516,27220,80736,1.9037015080217867,0.2820451909506309
4710,0.471,12,77,12,400171,205439,27232,80724,1.902988254474045,0.2820909761220004
4711,0.4711,21,82,21,400253,205357,27253,80703,1.9022286857608655,0.2821191358456268
4712,0.4712,6,88,6,400341,205269,27259,80697,1.9014135388491609,0.2821908898260632
4713,0.4713,13,84,13,400425,205185,27272,80684,1.9006354440698061,0.28224116640838987
4714,0.4714,13,92,13,400517,205093,27285,80671,1.8997832450257512,0.28229937990789605
4715,0.4715,11,76,11,400593,205017,27296,80660,1.899079254511097,0.28234684626343737
4716,0.4716,13,72,13,400665,204945,27309,80647,1.8984123161287931,0.28238536093447997
4717,0.4717,7,79,7,400744,204866,27316,80640,1.8976805365148763,0.28244590306333317
4718,0.4718,10,79,10,400823,204787,27326,80630,1.8969487569009595,0.2824989401472232
4719,0.4719,11,66,11,400889,204721,27337,80619,1.896337396717181,0.2825366229760987
4720,0.472,6,65,6,400954,204656,27343,80613,1.89573529956649,0.2825859101409547
4721,0.4721,10,71,10,401025,204585,27353,80603,1.8950776242172738,0.28263110649816964
4722,0.4722,10,79,10,401104,204506,27363,80593,1.894345844603357,0.2826842605551054
4723,0.4723,12,76,12,401180,204430,27375,80581,1.8936418540887028,0.2827294385128995
4724,0.4724,9,88,9,401268,204342,27384,80572,1.892826707176998,0.28279410629172314
4725,0.4725,12,80,12,401348,204262,27396,80560,1.8920856645299937,0.2828433196873837
4726,0.4726,20,77,20,401425,204185,27416,80540,1.891372410982252,0.28286943542014226
4727,0.4727,14,71,14,401496,204114,27430,80526,1.8907147356330356,0.2829047217537943
4728,0.4728,12,83,12,401579,204031,27442,80514,1.8899459038867688,0.2829570015287564
4729,0.4729,9,74,9,401653,203957,27451,80505,1.8892604394382897,0.2830079237297073
4730,0.473,19,82,19,401735,203875,27470,80486,1.8885008707251103,0.28304162666469734
4731,0.4731,8,86,8,401821,203789,27478,80478,1.8877042498795806,0.2831070789082095
4732,0.4732,14,88,14,401909,203701,27492,80464,1.8868891029678758,0.28315943202012916
4733,0.4733,13,71,13,401980,203630,27505,80451,1.8862314276186594,0.2831973979252396
4734,0.4734,15,50,15,402030,203580,27520,80436,1.8857682759642818,0.28320939665370964
4735,0.4735,15,77,15,402107,203503,27535,80421,1.88505502241654,0.2832483340612277
4736,0.4736,12,72,12,402179,203431,27547,80409,1.8843880840342362,0.2832898816234498
4737,0.4737,16,73,16,402252,203358,27563,80393,1.8837118826188448,0.2833223495247594
4738,0.4738,18,89,18,402341,203269,27581,80375,1.8828874726740523,0.2833657683575186
4739,0.4739,11,71,11,402412,203198,27592,80364,1.882229797324836,0.2834089193897631
4740,0.474,17,90,17,402502,203108,27609,80347,1.8813961243469561,0.2834559277486726
4741,0.4741,13,71,13,402573,203037,27622,80334,1.88073844899774,0.2834940766698074
4742,0.4742,7,75,7,402648,202962,27629,80327,1.8800437215161732,0.2835514262819947
4743,0.4743,13,75,13,402723,202887,27642,80314,1.8793489940346066,0.28359363137842025
4744,0.4744,9,77,9,402800,202810,27651,80305,1.878635740486865,0.2836479875668898
4745,0.4745,12,85,12,402885,202725,27663,80293,1.877848382674423,0.2837028033552636
4746,0.4746,13,63,13,402948,202662,27676,80280,1.877264811589907,0.28373306189961195
4747,0.4747,8,68,8,403016,202594,27684,80272,1.8766349253399532,0.2837810129177773
4748,0.4748,9,60,9,403076,202534,27693,80263,1.8760791433547002,0.2838184280597036
4749,0.4749,11,90,11,403166,202444,27704,80252,1.8752454703768202,0.2838809180179415
4750,0.475,15,65,15,403231,202379,27719,80237,1.8746433732261292,0.28390820052650945
4751,0.4751,7,78,7,403309,202301,27726,80230,1.8739208566452998,0.28396883881768725
4752,0.4752,12,77,12,403386,202224,27738,80218,1.8732076030975582,0.28401583333923425
4753,0.4753,13,76,13,403462,202148,27751,80205,1.8725036125829042,0.2840593158209759
4754,0.4754,19,74,19,403536,202074,27770,80186,1.8718181481344252,0.28408559484163537
4755,0.4755,25,79,25,403615,201995,27795,80161,1.8710863685205084,0.2841017026042331
4756,0.4756,14,63,14,403678,201932,27809,80147,1.8705027974359925,0.28412962326156854
4757,0.4757,11,69,11,403747,201863,27820,80136,1.8698636481529511,0.2841712204653208
4758,0.4758,9,60,9,403807,201803,27829,80127,1.8693078661676978,0.28420884616748837
4759,0.4759,6,65,6,403872,201738,27835,80121,1.868705769017007,0.28425915085202175
4760,0.476,11,66,11,403938,201672,27846,80110,1.8680944088332283,0.28429779049052106
4761,0.4761,11,70,11,404008,201602,27857,80099,1.8674459965170995,0.2843404886741616
4762,0.4762,11,61,11,404069,201541,27868,80088,1.8668809514987588,0.2843741234034847
4763,0.4763,11,86,11,404155,201455,27879,80077,1.866084330653229,0.2844330307034369
4764,0.4764,15,80,15,404235,201375,27894,80062,1.8653432880062248,0.28447574412746013
4765,0.4765,14,80,14,404315,201295,27908,80048,1.8646022453592204,0.28452102949069286
4766,0.4766,11,76,11,404391,201219,27919,80037,1.8638982548445664,0.28456992917484425
4767,0.4767,10,58,10,404449,201161,27929,80027,1.8633609989254882,0.284603183635148
4768,0.4768,13,61,13,404510,201100,27942,80014,1.8627959539071473,0.28463185753822295
4769,0.4769,12,79,12,404589,201021,27954,80002,1.8620641742932307,0.2846813250161019
4770,0.477,16,73,16,404662,200948,27970,79986,1.861387972877839,0.2847145592915062
4771,0.4771,13,81,13,404743,200867,27983,79973,1.8606376671977471,0.2847635664435266
4772,0.4772,10,97,10,404840,200770,27993,79963,1.8597391529882545,0.28483648163913755
4773,0.4773,13,58,13,404898,200712,28006,79950,1.8592018970691764,0.2848622186117109
4774,0.4774,11,68,11,404966,200644,28017,79939,1.8585720108192227,0.284903219368244
4775,0.4775,8,85,8,405051,200559,28025,79931,1.8577846530067805,0.284969161110913
4776,0.4776,9,77,9,405128,200482,28034,79922,1.8570713994590389,0.2850244647009315
4777,0.4777,14,62,14,405190,200420,28048,79908,1.8564970914076104,0.2850517964669958
4778,0.4778,10,73,10,405263,200347,28058,79898,1.855820889992219,0.2851005370300987
4779,0.4779,11,65,11,405328,200282,28069,79887,1.855218792841528,0.28513861276586633
4780,0.478,5,66,5,405394,200216,28074,79882,1.8546074326577495,0.2851930395790045
4781,0.4781,10,64,10,405458,200152,28084,79872,1.854014598540146,0.2852326943404851
4782,0.4782,13,81,13,405539,200071,28097,79859,1.853264292860054,0.2852820347944129
4783,0.4783,12,75,12,405614,199996,28109,79847,1.8525695653784875,0.2853278445414036
4784,0.4784,11,71,11,405685,199925,28120,79836,1.8519118900292713,0.28537215694825224
4785,0.4785,12,75,12,405760,199850,28132,79824,1.8512171625477045,0.285418022411808
4786,0.4786,9,76,9,405836,199774,28141,79815,1.8505131720330505,0.28547260443007416
4787,0.4787,15,83,15,405919,199691,28156,79800,1.8497443402867835,0.28551903281322116
4788,0.4788,7,61,7,405980,199630,28163,79793,1.8491792952684427,0.28556346471120847
4789,0.4789,3,63,3,406043,199567,28166,79790,1.8485957241839268,0.2856201920839642
4790,0.479,16,78,16,406121,199489,28182,79774,1.8478732076030975,0.2856590382542621
4791,0.4791,7,53,7,406174,199436,28189,79767,1.8473822668494573,0.2856953542762793
4792,0.4792,8,67,8,406241,199369,28197,79759,1.846761643632591,0.28574345819838926
4793,0.4793,9,90,9,406331,199279,28206,79750,1.8459279706547111,0.28581258578857394
4794,0.4794,14,98,14,406429,199181,28220,79736,1.8450201934121309,0.28587716058899243
4795,0.4795,9,63,9,406492,199118,28229,79727,1.844436622327615,0.28591870035324285
4796,0.4796,14,75,14,406567,199043,28243,79713,1.8437418948460484,0.28595976409476387
4797,0.4797,15,73,15,406640,198970,28258,79698,1.8430656934306568,0.2859962392524438
4798,0.4798,10,79,10,406719,198891,28268,79688,1.84233391381674,0.2860517124406362
4799,0.4799,9,74,9,406793,198817,28277,79679,1.8416484493682612,0.28610464782258993
4800,0.48,12,74,12,406867,198743,28289,79667,1.8409629849197822,0.28614992277576234
4801,0.4801,10,76,10,406943,198667,28299,79657,1.840258994405128,0.2862024115778733
4802,0.4802,10,77,10,407020,198590,28309,79647,1.8395457408573863,0.2862559616442098
4803,0.4803,14,78,14,407098,198512,28323,79633,1.8388232242765572,0.2863003109888727
4804,0.4804,18,92,18,407190,198420,28341,79615,1.837971025232502,0.28634884097325874
4805,0.4805,10,66,10,407256,198354,28351,79605,1.8373596650487236,0.28639115840825446
4806,0.4806,7,59,7,407315,198295,28358,79598,1.8368131460965578,0.2864339871821169
4807,0.4807,14,74,14,407389,198221,28372,79584,1.836127681648079,0.2864743255160994
4808,0.4808,14,69,14,407458,198152,28386,79570,1.8354885323650376,0.28650953111384764
4809,0.4809,24,84,24,407542,198068,28410,79546,1.834710437585683,0.28653454076523516
4810,0.481,9,75,9,407617,197993,28419,79537,1.8340157101041166,0.2865888372428206
4811,0.4811,13,68,13,407685,197925,28432,79524,1.8333858238541627,0.28662565011948143
4812,0.4812,11,67,11,407752,197858,28443,79513,1.8327652006372968,0.28666659456107524
4813,0.4813,15,78,15,407830,197780,28458,79498,1.8320426840564674,0.28670864619623626
4814,0.4814,12,70,12,407900,197710,28470,79486,1.8313942717403386,0.28675016955511623
4815,0.4815,13,73,13,407973,197637,28483,79473,1.8307180703249473,0.2867922485655516
4816,0.4816,8,74,8,408047,197563,28491,79465,1.8300326058764682,0.28684826082562054
4817,0.4817,6,79,6,408126,197484,28497,79459,1.8293008262625514,0.2869146358636976
4818,0.4818,14,61,14,408187,197423,28511,79445,1.8287357812442107,0.2869417917563604
4819,0.4819,8,71,8,408258,197352,28519,79437,1.8280781058949942,0.28699478664253275
4820,0.482,13,82,13,408340,197270,28532,79424,1.8273185371818148,0.28704634000014456
4821,0.4821,16,57,16,408397,197213,28548,79408,1.8267905442958243,0.28706425036421673
4822,0.4822,15,66,15,408463,197147,28563,79393,1.8261791841120456,0.28709409127070223
4823,0.4823,18,69,18,408532,197078,28581,79375,1.8255400348290045,0.2871193295062814
4824,0.4824,22,72,22,408604,197006,28603,79353,1.8248730964467006,0.2871373828968841
4825,0.4825,4,75,4,408679,196931,28607,79349,1.8241783689651339,0.28720500941074273
4826,0.4826,10,65,10,408744,196866,28617,79339,1.8235762718144428,0.28724679133252473
4827,0.4827,10,71,10,408815,196795,28627,79329,1.8229185964652266,0.287294838550796
4828,0.4828,15,54,15,408869,196741,28642,79314,1.8224183926784987,0.28731231095252757
4829,0.4829,19,74,19,408943,196667,28661,79295,1.8217329282300196,0.2873402859814032
4830,0.483,13,78,13,409021,196589,28674,79282,1.8210104116491903,0.28738794581525423
4831,0.4831,13,66,13,409087,196523,28687,79269,1.8203990514654118,0.2874231304751407
4832,0.4832,9,86,9,409173,196437,28696,79260,1.8196024306198821,0.2874895265454466
4833,0.4833,13,61,13,409234,196376,28709,79247,1.8190373856015414,0.2875195466270957
4834,0.4834,12,95,12,409329,196281,28721,79235,1.8181573974582237,0.2875876537115812
4835,0.4835,8,79,8,409408,196202,28729,79227,1.817425617844307,0.28764944867824377
4836,0.4836,10,72,10,409480,196130,28739,79217,1.816758679462003,0.28769879461188974
4837,0.4837,20,71,20,409551,196059,28759,79197,1.8161010041127867,0.28772124858313713
4838,0.4838,10,70,10,409621,195989,28769,79187,1.815452591796658,0.28776855539727303
4839,0.4839,14,81,14,409702,195908,28783,79173,1.814702286116566,0.2878170429800677
4840,0.484,10,69,10,409771,195839,28793,79163,1.8140631368335247,0.2878633609937382
4841,0.4841,12,60,12,409831,195779,28805,79151,1.8135073548482714,0.28789510057105444
4842,0.4842,11,64,11,409895,195715,28816,79140,1.812914520730668,0.28793363773626096
4843,0.4843,15,60,15,409955,195655,28831,79125,1.8123587387454148,0.2879576388383434
4844,0.4844,8,83,8,410038,195572,28839,79117,1.811589906999148,0.2880239106771658
4845,0.4845,16,87,16,410125,195485,28855,79101,1.8107840231205306,0.28807368183374243
4846,0.4846,9,74,9,410199,195411,28864,79092,1.8100985586720515,0.28812799860110816
4847,0.4847,17,65,17,410264,195346,28881,79075,1.8094964615213605,0.28815214579059184
4848,0.4848,10,79,10,410343,195267,28891,79065,1.8087646819074439,0.28820917720134726
4849,0.4849,12,67,12,410410,195200,28903,79053,1.8081440586905777,0.2882484421319001
4850,0.485,17,85,17,410495,195115,28920,79036,1.8073567008781355,0.2882936775718491
4851,0.4851,8,64,8,410559,195051,28928,79028,1.8067638667605321,0.2883402230743691
4852,0.4852,8,68,8,410627,194983,28936,79020,1.8061339805105783,0.28839100301821513
4853,0.4853,8,84,8,410711,194899,28944,79012,1.8053558857312237,0.28845865992968517
4854,0.4854,11,63,11,410774,194836,28955,79001,1.8047723146467078,0.28849644131362817
4855,0.4855,13,59,13,410833,194777,28968,78988,1.8042257956945422,0.2885248296896974
4856,0.4856,10,68,10,410901,194709,28978,78978,1.8035959094445886,0.2885705203389273
4857,0.4857,16,81,16,410982,194628,28994,78962,1.8028456037644967,0.28861434993969076
4858,0.4858,17,88,17,411070,194540,29011,78945,1.8020304568527918,0.28866299797063827
4859,0.4859,10,71,10,411141,194469,29021,78935,1.8013727815035756,0.2887119427660166
4860,0.486,11,71,11,411212,194398,29032,78924,1.8007151061543591,0.28875831436913235
4861,0.4861,9,85,9,411297,194313,29041,78915,1.7999277483419172,0.288824717818086
4862,0.4862,9,73,9,411370,194240,29050,78906,1.7992515469265256,0.28887847524766974
4863,0.4863,13,70,13,411440,194170,29063,78893,1.7986031346103968,0.28891867444509145
4864,0.4864,14,76,14,411516,194094,29077,78879,1.7978991440957428,0.28896264465716387
4865,0.4865,15,103,15,411619,193991,29092,78864,1.7969450516877246,0.28903263638196114
4866,0.4866,12,72,12,411691,193919,29104,78852,1.7962781133054206,0.2890776512165883
4867,0.4867,16,71,16,411762,193848,29120,78836,1.7956204379562044,0.28911120564462894
4868,0.4868,9,82,9,411844,193766,29129,78827,1.794860869243025,0.28917470367911136
4869,0.4869,8,66,8,411910,193700,29137,78819,1.7942495090592463,0.28922387062920385
4870,0.487,14,69,14,411979,193631,29151,78805,1.7936103597762052,0.28926059698424583
4871,0.4871,11,77,11,412056,193554,29162,78794,1.7928971062284635,0.2893136722134916
4872,0.4872,9,77,9,412133,193477,29171,78785,1.7921838526807217,0.2893720019686919
4873,0.4873,11,71,11,412204,193406,29182,78774,1.7915261773315054,0.28941876699243146
4874,0.4874,17,71,17,412275,193335,29199,78757,1.790868501982289,0.2894498919483116
4875,0.4875,13,76,13,412351,193259,29212,78744,1.790164511467635,0.2894968070205108
4876,0.4876,10,77,10,412428,193182,29222,78734,1.7894512579198933,0.289552655967284
4877,0.4877,4,79,4,412507,193103,29226,78730,1.7887194783059766,0.28962635147314714
4878,0.4878,15,70,15,412577,193033,29241,78715,1.7880710659898478,0.28966174544062884
4879,0.4879,20,87,20,412664,192946,29261,78695,1.7872651821112304,0.28970221726469864
4880,0.488,11,75,11,412739,192871,29272,78684,1.786570454629664,0.28975345694242416
4881,0.4881,9,75,9,412814,192796,29281,78675,1.7858757271480974,0.28980996128499914
4882,0.4882,11,75,11,412889,192721,29292,78664,1.7851809996665309,0.2898612672034195
4883,0.4883,11,70,11,412959,192651,29303,78653,1.784532587350402,0.2899072627016189
4884,0.4884,12,83,12,413042,192568,29315,78641,1.783763755604135,0.28996456607265986
4885,0.4885,9,69,9,413111,192499,29324,78632,1.7831246063210937,0.2900147898986099
4886,0.4886,13,86,13,413197,192413,29337,78619,1.782327985475564,0.29007275893621415
4887,0.4887,11,76,11,413273,192337,29348,78608,1.78162399496091,0.2901253021830999
4888,0.4888,7,61,7,413334,192276,29355,78601,1.7810589499425693,0.2901722922211926
4889,0.4889,11,65,11,413399,192211,29366,78590,1.7804568527918783,0.2902131085188016
4890,0.489,16,67,16,413466,192144,29382,78574,1.779836229575012,0.2902429834735777
4891,0.4891,11,80,11,413546,192064,29393,78563,1.7790951869280076,0.2902999331182772
4892,0.4892,18,71,18,413617,191993,29411,78545,1.7784375115787914,0.29032890019147034
4893,0.4893,15,71,15,413688,191922,29426,78530,1.777779836229575,0.29036575806427756
4894,0.4894,9,65,9,413753,191857,29435,78521,1.777177739078884,0.2904119417999985
4895,0.4895,12,61,12,413814,191796,29447,78509,1.7766126940605431,0.2904459776918666
4896,0.4896,11,62,11,413876,191734,29458,78498,1.776038386009115,0.2904837324965215
4897,0.4897,14,73,14,413949,191661,29472,78484,1.7753621845937233,0.2905254585500379
4898,0.4898,13,79,13,414028,191582,29485,78471,1.7746304049798065,0.2905762942829741
4899,0.4899,23,72,23,414100,191510,29508,78448,1.7739634665975026,0.29059335155839056
4900,0.49,16,73,16,414173,191437,29524,78432,1.7732872651821112,0.2906298982098722
4901,0.4901,11,68,11,414241,191369,29535,78421,1.7726573789321576,0.29067422810333965
4902,0.4902,22,60,22,414301,191309,29557,78399,1.7721015969469043,0.29068103282068014
4903,0.4903,15,65,15,414366,191244,29572,78384,1.7714994997962132,0.290711647158307
4904,0.4904,11,78,11,414444,191166,29583,78373,1.7707769832153841,0.29076682780599467
4905,0.4905,10,69,10,414513,191097,29593,78363,1.7701378339323428,0.29081496325985307
4906,0.4906,14,81,14,414594,191016,29607,78349,1.7693875282522509,0.2908655541737048
4907,0.4907,15,64,15,414658,190952,29622,78334,1.7687946941346475,0.2908951820740774
4908,0.4908,16,75,16,414733,190877,29638,78318,1.7680999666530808,0.2909340812422222
4909,0.4909,13,85,13,414818,190792,29651,78305,1.7673126088406388,0.2909917241738109
4910,0.491,9,72,9,414890,190720,29660,78296,1.7666456704583349,0.2910458857465727
4911,0.4911,13,86,13,414976,190634,29673,78283,1.7658490496128052,0.291104690294775
4912,0.4912,6,67,6,415043,190567,29679,78277,1.765228426395939,0.29116141702995046
4913,0.4913,18,77,18,415120,190490,29697,78259,1.7645151728481974,0.2911973625948376
4914,0.4914,13,93,13,415213,190397,29710,78246,1.7636537107710548,0.2912638706387287
4915,0.4915,14,83,14,415296,190314,29724,78232,1.762884879024788,0.2913169438382996
4916,0.4916,10,76,10,415372,190238,29734,78222,1.7621808885101338,0.2913730164642777
4917,0.4917,13,71,13,415443,190167,29747,78209,1.7615232131609173,0.29141577488299997
4918,0.4918,12,57,12,415500,190110,29759,78197,1.7609952202749268,0.2914459928365641
4919,0.4919,8,93,8,415593,190017,29767,78189,1.7601337581977843,0.29152591664616007
4920,0.492,9,70,9,415663,189947,29776,78180,1.7594853458816555,0.29157824463780224
4921,0.4921,14,75,14,415738,189872,29790,78166,1.758790618400089,0.2916228295987882
4922,0.4922,10,62,10,415800,189810,29800,78156,1.7582163103486605,0.2916638678041244
4923,0.4923,16,72,16,415872,189738,29816,78140,1.7575493719663566,0.2916999529636626
4924,0.4924,12,69,12,415941,189669,29828,78128,1.7569102226833153,0.29174337277863455
4925,0.4925,14,70,14,416011,189599,29842,78114,1.7562618103671865,0.2917826179528077
4926,0.4926,11,58,11,416069,189541,29853,78103,1.7557245544481086,0.2918167416418825
4927,0.4927,8,84,8,416153,189457,29861,78095,1.7549464596687538,0.29188718454730295
4928,0.4928,15,62,15,416215,189395,29876,78080,1.7543721516173256,0.291915132255351
4929,0.4929,16,87,16,416302,189308,29892,78064,1.7535662677387083,0.2919677453136454
4930,0.493,16,98,16,416400,189210,29908,78048,1.752658490496128,0.2920324181128348
4931,0.4931,14,87,14,416487,189123,29922,78034,1.7518526066175109,0.29209041874253716
4932,0.4932,12,92,12,416579,189031,29934,78022,1.7510004075734558,0.2921592343092944
4933,0.4933,14,81,14,416660,188950,29948,78008,1.750250101893364,0.2922107597449786
4934,0.4934,9,70,9,416730,188880,29957,77999,1.7496016895772353,0.29226353516012876
4935,0.4935,20,71,20,416801,188809,29977,77979,1.7489440142280188,0.2922882588422268
4936,0.4936,5,67,5,416868,188742,29982,77974,1.7483233910111526,0.2923484155431245
4937,0.4937,16,72,16,416940,188670,29998,77958,1.7476564526288487,0.2923848958098924
4938,0.4938,12,75,12,417015,188595,30010,77946,1.7469617251472822,0.2924353101399034
4939,0.4939,12,61,12,417076,188534,30022,77934,1.7463966801289414,0.29247039044087847
4940,0.494,19,59,19,417135,188475,30041,77915,1.7458501611767758,0.2924847028792372
4941,0.4941,10,78,10,417213,188397,30051,77905,1.7451276445959465,0.2925438036514934
4942,0.4942,12,93,12,417306,188304,30063,77893,1.744266182518804,0.29261411661288445
4943,0.4943,18,86,18,417392,188218,30081,77875,1.7434695616732743,0.2926608366247891
4944,0.4944,10,76,10,417468,188142,30091,77865,1.74276557115862,0.29271786080817425
4945,0.4945,16,66,16,417534,188076,30107,77849,1.7421542109748416,0.2927479552505406
4946,0.4946,11,86,11,417620,187990,30118,77838,1.741357590129312,0.2928133981371413
4947,0.4947,13,60,13,417680,187930,30131,77825,1.7408018081440586,0.29284491354819286
4948,0.4948,9,70,9,417750,187860,30140,77816,1.7401533958279298,0.29289811650280795
4949,0.4949,11,79,11,417829,187781,30151,77805,1.739421616214013,0.2929559540035996
4950,0.495,8,73,8,417902,187708,30159,77797,1.7387454147986217,0.2930151974539086
4951,0.4951,13,81,13,417983,187627,30172,77784,1.7379951091185297,0.2930699933310978
4952,0.4952,12,78,12,418061,187549,30184,77772,1.7372725925377006,0.2931241778826403
4953,0.4953,12,64,12,418125,187485,30196,77760,1.736679758420097,0.2931629248430696
4954,0.4954,16,65,16,418190,187420,30212,77744,1.736077661269406,0.2931921376959165
4955,0.4955,8,75,8,418265,187345,30220,77736,1.7353829337878395,0.2932537601714193
4956,0.4956,9,79,9,418344,187266,30229,77727,1.7346511541739227,0.29331718196329715
4957,0.4957,14,66,14,418410,187200,30243,77713,1.7340397939901442,0.2933529120881195
4958,0.4958,9,89,9,418499,187111,30252,77704,1.733215384045352,0.29342748711364536
4959,0.4959,11,77,11,418576,187034,30263,77693,1.73250213049761,0.2934834754294046
4960,0.496,10,80,10,418656,186954,30273,77683,1.7317610878506058,0.293545498172969
4961,0.4961,10,62,10,418718,186892,30283,77673,1.7311867797991773,0.29358758717139455
4962,0.4962,21,70,21,418788,186822,30304,77652,1.7305383674830486,0.29360920166065474
4963,0.4963,16,79,16,418867,186743,30320,77636,1.7298065878691318,0.2936541858468335
4964,0.4964,11,67,11,418934,186676,30331,77625,1.7291859646522658,0.29369922928781955
4965,0.4965,11,88,11,419022,186588,30342,77614,1.728370817740561,0.293767647481851
4966,0.4966,10,74,10,419096,186514,30352,77604,1.727685353292082,0.2938232153810039
4967,0.4967,10,75,10,419171,186439,30362,77594,1.7269906258105154,0.29387993167520726
4968,0.4968,13,79,13,419250,186360,30375,77581,1.7262588461965986,0.2939331138398354
4969,0.4969,19,58,19,419308,186302,30394,77562,1.7257215902775205,0.29394688172695027
4970,0.497,16,76,16,419384,186226,30410,77546,1.7250175997628663,0.29398874785799856
4971,0.4971,11,71,11,419455,186155,30421,77535,1.72435992441365,0.29403845424551556
4972,0.4972,8,61,8,419516,186094,30429,77527,1.7237948793953093,0.2940850690954059
4973,0.4973,15,84,15,419600,186010,30444,77512,1.7230167846159548,0.29413862979182004
4974,0.4974,13,76,13,419676,185934,30457,77499,1.7223127941013006,0.29418865517987497
4975,0.4975,16,80,16,419756,185854,30473,77483,1.721571751454296,0.2942351435612922
4976,0.4976,14,56,14,419812,185798,30487,77469,1.721053021601393,0.2942601997211956
4977,0.4977,10,69,10,419881,185729,30497,77459,1.720413872318352,0.2943105308752679
4978,0.4978,17,73,17,419954,185656,30514,77442,1.7197376709029604,0.2943465932846316
4979,0.4979,17,68,17,420022,185588,30531,77425,1.7191077846530067,0.29437708402246276
4980,0.498,13,75,13,420097,185513,30544,77412,1.7184130571714402,0.2944261671579348
4981,0.4981,13,61,13,420158,185452,30557,77399,1.7178480121530995,0.294459598784102
4982,0.4982,12,58,12,420216,185394,30569,77387,1.7173107562340213,0.2944923719751428
4983,0.4983,15,61,15,420277,185333,30584,77372,1.7167457112156805,0.29452046972840257
4984,0.4984,13,61,13,420338,185272,30597,77359,1.7161806661973396,0.29455395593056416
4985,0.4985,11,69,11,420407,185203,30608,77348,1.7155415169142985,0.2946018106958267
4986,0.4986,14,61,14,420468,185142,30622,77334,1.7149764718959577,0.29463265212819456
4987,0.4987,10,67,10,420535,185075,30632,77324,1.7143558486790915,0.29468100107088824
4988,0.4988,18,62,18,420597,185013,30650,77306,1.713781540627663,0.2947022518384105
4989,0.4989,10,77,10,420674,184936,30660,77296,1.7130682870799214,0.2947618902346014
4990,0.499,13,66,13,420740,184870,30673,77283,1.712456926896143,0.2948011275857991
4991,0.4991,10,52,10,420792,184818,30683,77273,1.71197524917559,0.2948327107760282
4992,0.4992,11,70,11,420862,184748,30694,77262,1.7113268368594612,0.2948818747376054
4993,0.4993,9,56,9,420918,184692,30703,77253,1.7108081070065582,0.2949206894577106
4994,0.4994,10,77,10,420995,184615,30713,77243,1.7100948534588165,0.29498048560670287
4995,0.4995,13,68,13,421063,184547,30726,77230,1.7094649672088629,0.2950220989620937
4996,0.4996,14,82,14,421145,184465,30740,77216,1.7087053984956835,0.29507683018637193
4997,0.4997,8,71,8,421216,184394,30748,77208,1.708047723146467,0.2951353582923678
4998,0.4998,9,58,9,421274,184336,30757,77199,1.7075104672273889,0.2951765538073298
4999,0.4999,13,77,13,421351,184259,30770,77186,1.7067972136796472,0.29522844192851266
5000,0.5,18,72,18,421423,184187,30788,77168,1.7061302752973433,0.2952612347190603
5001,0.5001,15,76,15,421499,184111,30803,77153,1.7054262847826893,0.2953066629922224
5002,0.5002,19,62,19,421561,184049,30822,77134,1.7048519767312609,0.29532549974538924
5003,0.5003,9,59,9,421620,183990,30831,77125,1.7043054577790953,0.2953679413285334
5004,0.5004,13,76,13,421696,183914,30844,77112,1.703601467264441,0.2954188471646503
5005,0.5005,12,85,12,421781,183829,30856,77100,1.702814109451999,0.2954826791962564
5006,0.5006,12,67,12,421848,183762,30868,77088,1.702193486235133,0.29552616446233465
5007,0.5007,6,57,6,421905,183705,30874,77082,1.7016654933491422,0.29557454934486765
5008,0.5008,13,70,13,421975,183635,30887,77069,1.7010170810330134,0.295618786056217
5009,0.5009,18,77,18,422052,183558,30905,77051,1.7003038274852718,0.2956574792121531
5010,0.501,4,74,4,422126,183484,30909,77047,1.6996183630367927,0.29573064241875247
5011,0.5011,13,79,13,422205,183405,30922,77034,1.698886583422876,0.2957851934618087
5012,0.5012,12,58,12,422263,183347,30934,77022,1.6983493275037977,0.29581862664142045
5013,0.5013,11,77,11,422340,183270,30945,77011,1.697636073956056,0.29587637975879916
5014,0.5014,8,85,8,422425,183185,30953,77003,1.696848716143614,0.2959513889956493
5015,0.5015,18,70,18,422495,183115,30971,76985,1.6962003038274853,0.29598231449442525
5016,0.5016,11,70,11,422565,183045,30982,76974,1.6955518915113565,0.29603221303058624
5017,0.5017,7,73,7,422638,182972,30989,76967,1.694875690095965,0.2960963918457792
5018,0.5018,14,80,14,422718,182892,31003,76953,1.6941346474489607,0.296149627662645
5019,0.5019,16,69,16,422787,182823,31019,76937,1.6934954981659194,0.29618493994456424
5020,0.502,16,77,16,422864,182746,31035,76921,1.6927822446181777,0.29622940150269383
5021,0.5021,10,74,10,422938,182672,31045,76911,1.6920967801696987,0.29628673680479845
5022,0.5022,11,74,11,423012,182598,31056,76900,1.6914113157212198,0.29634139762156164
5023,0.5023,17,71,17,423083,182527,31073,76883,1.6907536403720034,0.2963763925831695
5024,0.5024,10,69,10,423152,182458,31083,76873,1.6901144910889623,0.29642811696249194
5025,0.5025,10,68,10,423220,182390,31093,76863,1.6894846048390084,0.29647872927217817
5026,0.5026,10,82,10,423302,182308,31103,76853,1.688725036125829,0.29654539070307645
5027,0.5027,10,67,10,423369,182241,31113,76843,1.6881044129089628,0.2965949267419061
5028,0.5028,16,63,16,423432,182178,31129,76827,1.687520841824447,0.2966236173046852
5029,0.5029,18,70,18,423502,182108,31147,76809,1.6868724295083182,0.2966549125781621
5030,0.503,14,76,14,423578,182032,31161,76795,1.686168438993664,0.2967039760148671
5031,0.5031,15,68,15,423646,181964,31176,76780,1.6855385527437103,0.2967411804718177
5032,0.5032,12,66,12,423712,181898,31188,76768,1.6849271925599318,0.2967842700625517
5033,0.5033,11,70,11,423782,181828,31199,76757,1.684278780243803,0.2968346965214533
5034,0.5034,12,82,12,423864,181746,31211,76745,1.6835192115306237,0.29689621688956286
5035,0.5035,13,96,13,423960,181650,31224,76732,1.6826299603542183,0.2969711512411855
5036,0.5036,13,77,13,424037,181573,31237,76719,1.6819167068064766,0.29702429808124137
5037,0.5037,13,70,13,424107,181503,31250,76706,1.6812682944903479,0.29706942825385635
5038,0.5038,11,79,11,424186,181424,31261,76695,1.680536514876431,0.2971303933457049
5039,0.5039,10,75,10,424261,181349,31271,76685,1.6798417873948646,0.29718951766046336
5040,0.504,12,54,12,424315,181295,31283,76673,1.6793415836081367,0.2972190349190597
5041,0.5041,6,88,6,424403,181207,31289,76667,1.6785264366964319,0.2973041097590296
5042,0.5042,19,75,19,424478,181132,31308,76648,1.6778317092148654,0.29733881604468926
5043,0.5043,12,69,12,424547,181063,31320,76636,1.677192559931824,0.29738570968455447
5044,0.5044,11,69,11,424616,180994,31331,76625,1.676553410648783,0.29743535996956744
5045,0.5045,6,77,6,424693,180917,31337,76619,1.675840157101041,0.297507921222664
5046,0.5046,13,80,13,424773,180837,31350,76606,1.6750991144540368,0.2975648978608857
5047,0.5047,17,78,17,424851,180759,31367,76589,1.6743765978732077,0.2976086855153333
5048,0.5048,10,86,10,424937,180673,31377,76579,1.673579977027678,0.29768087322936265
5049,0.5049,12,74,12,425011,180599,31389,76567,1.672894512579199,0.297733759517199
5050,0.505,15,63,15,425074,180536,31404,76552,1.672310941494683,0.29776574558127955
5051,0.5051,13,58,13,425132,180478,31417,76539,1.671773685575605,0.2977974219604151
5052,0.5052,15,58,15,425190,180420,31432,76524,1.6712364296565267,0.29782365028955726
5053,0.5053,24,70,24,425260,180350,31456,76500,1.670588017340398,0.297839205762118
5054,0.5054,8,57,8,425317,180293,31464,76492,1.6700600244544073,0.29788344334754757
5055,0.5055,10,59,10,425376,180234,31474,76482,1.6695135055022416,0.2979245547609031
5056,0.5056,19,74,19,425450,180160,31493,76463,1.6688280410537626,0.297958483845953
5057,0.5057,12,67,12,425517,180093,31505,76451,1.6682074178368964,0.2980034613945366
5058,0.5058,18,63,18,425580,180030,31523,76433,1.6676238467523805,0.2980273957646912
5059,0.5059,17,77,17,425657,179953,31540,76416,1.6669105932046389,0.29807035952084693
5060,0.506,8,74,8,425731,179879,31548,76408,1.66622512875616,0.2981345132605243
5061,0.5061,12,81,12,425812,179798,31560,76396,1.665474823076068,0.298195898420728
5062,0.5062,16,77,16,425889,179721,31576,76380,1.6647615695283264,0.2982417093256176
5063,0.5063,24,79,24,425968,179642,31600,76356,1.6640297899144096,0.29826795521840016
5064,0.5064,12,79,12,426047,179563,31612,76344,1.6632980103004928,0.29832712665147887
5065,0.5065,18,67,18,426114,179496,31630,76326,1.6626773870836267,0.29835588807842955
5066,0.5066,20,81,20,426195,179415,31650,76306,1.6619270814035347,0.29839551698921873
5067,0.5067,16,85,16,426280,179330,31666,76290,1.6611397235910927,0.29845082544401846
5068,0.5068,15,86,15,426366,179244,31681,76275,1.660343102745563,0.2985100912260928
5069,0.5069,16,70,16,426436,179174,31697,76259,1.6596946904294343,0.29854795582403215
5070,0.507,12,63,12,426499,179111,31709,76247,1.6591111193449184,0.29858864809404834
5071,0.5071,13,68,13,426567,179043,31722,76234,1.6584812330949645,0.2986324659095806
5072,0.5072,19,80,19,426647,178963,31741,76215,1.6577401904479603,0.29867386686940095
5073,0.5073,13,62,13,426709,178901,31754,76202,1.6571658823965318,0.29871071684770467
5074,0.5074,16,75,16,426784,178826,31770,76186,1.6564711549149653,0.29875456841246684
5075,0.5075,17,63,17,426847,178763,31787,76169,1.6558875838304494,0.29878163588721696
5076,0.5076,10,72,10,426919,178691,31797,76159,1.6552206454481455,0.29883853247008046
5077,0.5077,10,81,10,427000,178610,31807,76149,1.6544703397680536,0.2989060249098167
5078,0.5078,16,61,16,427061,178549,31823,76133,1.6539052947497128,0.2989335720624151
5079,0.5079,8,78,8,427139,178471,31831,76125,1.6531827781688837,0.2990031265220192
5080,0.508,11,74,11,427213,178397,31842,76114,1.6524973137204046,0.2990597655896995
5081,0.5081,12,84,12,427297,178313,31854,76102,1.6517192189410501,0.2991254446475247
5082,0.5082,15,70,15,427367,178243,31869,76087,1.6510708066249213,0.29916643730586245
5083,0.5083,9,75,9,427442,178168,31878,76078,1.6503760791433546,0.29922987972278814
5084,0.5084,20,83,20,427525,178085,31898,76058,1.6496072473970878,0.29927245684516196
5085,0.5085,11,79,11,427604,178006,31909,76047,1.648875467783171,0.29933517809276017
5086,0.5086,12,67,12,427671,177939,31921,76035,1.6482548445663048,0.29938103900399254
5087,0.5087,17,66,17,427737,177873,31938,76018,1.6476434843825263,0.29941195237326257
5088,0.5088,15,75,15,427812,177798,31953,76003,1.6469487569009595,0.2994590249841411
5089,0.5089,12,76,12,427888,177722,31965,75991,1.6462447663863056,0.2995155943920887
5090,0.509,22,56,22,427944,177666,31987,75969,1.6457260365334025,0.2995209651664794
5091,0.5091,27,81,27,428025,177585,32014,75942,1.6449757308533106,0.29954206060892924
5092,0.5092,15,68,15,428093,177517,32029,75927,1.644345844603357,0.29958097252252963
5093,0.5093,12,78,12,428171,177439,32041,75915,1.6436233280225276,0.2996400293660254
5094,0.5094,13,66,13,428237,177373,32054,75902,1.6430119678387491,0.299682163656105
5095,0.5095,15,81,15,428318,177292,32069,75887,1.6422616621586572,0.2997365500298208
5096,0.5096,16,63,16,428381,177229,32085,75871,1.6416780910741413,0.29976689055709205
5097,0.5097,16,61,16,428442,177168,32101,75855,1.6411130460558006,0.2997948803073238
5098,0.5098,16,73,16,428515,177095,32117,75839,1.640436844640409,0.2998371116575866
5099,0.5099,6,77,6,428592,177018,32123,75833,1.6397235910926673,0.29991180576703275
5100,0.51,16,75,16,428667,176943,32139,75817,1.6390288636111008,0.29995648045576834
5101,0.5101,11,69,11,428736,176874,32150,75806,1.6383897143280597,0.30000791514959635
5102,0.5102,20,59,20,428795,176815,32170,75786,1.6378431953758938,0.3000225652313332
5103,0.5103,7,72,7,428867,176743,32177,75779,1.63717625699359,0.3000887051425222
5104,0.5104,10,63,10,428930,176680,32187,75769,1.636592685909074,0.3001358690270114
5105,0.5105,18,68,18,428998,176612,32205,75751,1.6359627996591204,0.30016682318723426
5106,0.5106,15,74,15,429072,176538,32220,75736,1.6352773352106413,0.30021326018535405
5107,0.5107,15,77,15,429149,176461,32235,75721,1.6345640816628997,0.30026330190100803
5108,0.5108,11,70,11,429219,176391,32246,75710,1.633915669346771,0.30031614313310934
5109,0.5109,16,67,16,429286,176324,32262,75694,1.6332950461299047,0.3003515621900023
5110,0.511,22,73,22,429359,176251,32284,75672,1.6326188447145134,0.30037749629847216
5111,0.5111,13,53,13,429412,176198,32297,75659,1.632127903960873,0.3004045946707854
5112,0.5112,15,66,15,429478,176132,32312,75644,1.6315165437770944,0.30044166243009657
5113,0.5113,9,73,9,429551,176059,32321,75635,1.6308403423617028,0.30050378634373487
5114,0.5114,15,52,15,429603,176007,32336,75620,1.63035866464115,0.3005241885807167
5115,0.5115,15,71,15,429674,175936,32351,75605,1.6297009892919339,0.30056730314342395
5116,0.5116,12,66,12,429740,175870,32363,75593,1.6290896291081551,0.30061281381356303
5117,0.5117,14,54,14,429794,175816,32377,75579,1.6285894253214273,0.30063843751864594
5118,0.5118,14,80,14,429874,175736,32391,75565,1.627848382674423,0.3006951822714593
5119,0.5119,9,71,9,429945,175665,32400,75556,1.6271907073252065,0.3007551120328317
5120,0.512,14,71,14,430016,175594,32414,75542,1.6265330319759903,0.3008011595310907
5121,0.5121,15,68,15,430084,175526,32429,75527,1.6259031457260364,0.3008408583048201
5122,0.5122,13,70,13,430154,175456,32442,75514,1.6252547334099077,0.3008885524166235
5123,0.5123,13,67,13,430221,175389,32455,75501,1.6246341101930417,0.30093267966040893
5124,0.5124,16,76,16,430297,175313,32471,75485,1.6239301196783875,0.3009792741568912
5125,0.5125,11,66,11,430363,175247,32482,75474,1.623318759494609,0.3010278357217784
5126,0.5126,13,80,13,430443,175167,32495,75461,1.6225777168476045,0.3010876677785403
5127,0.5127,11,82,11,430525,175085,32506,75450,1.6218181481344252,0.30115552717185223
5128,0.5128,10,75,10,430600,175010,32516,75440,1.6211234206528586,0.30121780794569775
5129,0.5129,4,81,4,430681,174929,32520,75436,1.6203731149727667,0.30130409601981106
5130,0.513,15,76,15,430757,174853,32535,75421,1.6196691244581125,0.3013537163269057
5131,0.5131,8,63,8,430820,174790,32543,75413,1.6190855533735966,0.3014072573070667
5132,0.5132,23,61,23,430881,174729,32566,75390,1.6185205083552558,0.3014165257337507
5133,0.5133,16,75,16,430956,174654,32582,75374,1.6178257808736893,0.30146223622954227
5134,0.5134,17,77,17,431033,174577,32599,75357,1.6171125273259477,0.30150759800587357
5135,0.5135,12,58,12,431091,174519,32611,75345,1.6165752714068695,0.301544039957737
5136,0.5136,16,81,16,431172,174438,32627,75329,1.6158249657267776,0.3015970884864694
5137,0.5137,15,75,15,431247,174363,32642,75314,1.615130238245211,0.3016457262783516
5138,0.5138,14,67,14,431314,174296,32656,75300,1.614509615028345,0.3016875270437026
5139,0.5139,13,64,13,431378,174232,32669,75287,1.6139167809107413,0.3017285256834149
5140,0.514,13,59,13,431437,174173,32682,75274,1.6133702619585757,0.30176350086391096
5141,0.5141,12,62,12,431499,174111,32694,75262,1.6127959539071473,0.3018049267563048
5142,0.5142,12,72,12,431571,174039,32706,75250,1.6121290155248436,0.30185848553285544
5143,0.5143,9,68,9,431639,173971,32715,75241,1.6114991292748897,0.30191563809126365
5144,0.5144,12,70,12,431709,173901,32727,75229,1.610850716958761,0.3019668446192751
5145,0.5145,12,65,12,431774,173836,32739,75217,1.6102486198080699,0.3020120215375844
5146,0.5146,15,81,15,431855,173755,32754,75202,1.6094983141279782,0.3020682286499275
5147,0.5147,11,52,11,431907,173703,32765,75191,1.6090166364074252,0.30210049257917027
5148,0.5148,16,68,16,431975,173635,32781,75175,1.6083867501574716,0.3021381777259756
5149,0.5149,9,65,9,432040,173570,32790,75166,1.6077846530067805,0.30219188215618165
5150,0.515,11,71,11,432111,173499,32801,75155,1.6071269776575643,0.3022472994602942
5151,0.5151,14,61,14,432172,173438,32815,75141,1.6065619326392233,0.30228217186488
5152,0.5152,17,48,17,432220,173390,32832,75124,1.6061173070510208,0.30229282857303813
5153,0.5153,22,74,22,432294,173316,32854,75102,1.6054318426025418,0.30232108784387607
5154,0.5154,16,86,16,432380,173230,32870,75086,1.6046352217570121,0.3023808373201888
5155,0.5155,16,68,16,432448,173162,32886,75070,1.6040053355070585,0.3024187050823423
5156,0.5156,13,82,13,432530,173080,32899,75057,1.603245766793879,0.30248209658374203
5157,0.5157,10,67,10,432597,173013,32909,75047,1.602625143577013,0.3025356768523744
5158,0.5158,14,73,14,432670,172940,32923,75033,1.6019489421616213,0.3025853621160368
5159,0.5159,17,62,17,432732,172878,32940,75016,1.601374634110193,0.30261321371231253
5160,0.516,13,69,13,432801,172809,32953,75003,1.6007354848271518,0.3026608880925863
5161,0.5161,14,64,14,432865,172745,32967,74989,1.6001426507095484,0.30269966980713187
5162,0.5162,15,65,15,432930,172680,32982,74974,1.5995405535588574,0.30273688290922013
5163,0.5163,12,61,12,432991,172619,32994,74962,1.5989755085405164,0.3027776768007238
5164,0.5164,15,68,15,433059,172551,33009,74947,1.5983456222905628,0.3028186086352213
5165,0.5165,13,56,13,433115,172495,33022,74934,1.5978268924376597,0.30285051469310387
5166,0.5166,20,73,20,433188,172422,33042,74914,1.5971506910222684,0.30288352686224407
5167,0.5167,10,65,10,433253,172357,33052,74904,1.5965485938715773,0.30293495537104514
5168,0.5168,19,83,19,433336,172274,33071,74885,1.5957797621253103,0.30298309994780687
5169,0.5169,13,77,13,433413,172197,33084,74872,1.5950665085775686,0.3030408509363781
5170,0.517,17,52,17,433465,172145,33101,74855,1.5945848308570159,0.3030566801619433
5171,0.5171,12,71,12,433536,172074,33113,74843,1.5939271555077994,0.30310995192716583
5172,0.5172,16,72,16,433608,172002,33129,74827,1.5932602171254955,0.30315319512699074
5173,0.5173,10,85,10,433693,171917,33139,74817,1.5924728593130535,0.30322938873442656
5174,0.5174,7,72,7,433765,171845,33146,74810,1.5918059209307496,0.3032981289655592
5175,0.5175,15,68,15,433833,171777,33161,74795,1.591176034680796,0.3033393897117272
5176,0.5176,10,86,10,433919,171691,33171,74785,1.5903794138352663,0.30341696554634123
5177,0.5177,15,76,15,433995,171615,33186,74770,1.589675423320612,0.30346814944091566
5178,0.5178,7,76,7,434071,171539,33193,74763,1.5889714328059579,0.3035419931628651
5179,0.5179,16,84,16,434155,171455,33209,74747,1.5881933380266033,0.30360029569215524
5180,0.518,21,83,21,434238,171372,33230,74726,1.5874245062803365,0.3036432640655349
5181,0.5181,9,70,9,434308,171302,33239,74717,1.5867760939642077,0.30370418544909134
5182,0.5182,5,75,5,434383,171227,33244,74712,1.586081366482641,0.30378264529009225
5183,0.5183,13,88,13,434471,171139,33257,74699,1.5852662195709364,0.3038545708962813
5184,0.5184,11,71,11,434542,171068,33268,74688,1.58460854422172,0.3039111964712967
5185,0.5185,16,69,16,434611,170999,33284,74672,1.5839693949386788,0.3039512193136349
5186,0.5186,12,78,12,434689,170921,33296,74660,1.5832468783578495,0.30401374699182754
5187,0.5187,14,63,14,434752,170858,33310,74646,1.5826633072733336,0.3040520724713243
5188,0.5188,11,62,11,434814,170796,33321,74635,1.5820889992219052,0.30409768937094334
5189,0.5189,18,61,18,434875,170735,33339,74617,1.5815239542035644,0.30412224069907723
5190,0.519,25,76,25,434951,170659,33364,74592,1.5808199636889102,0.30414554884587625
5191,0.5191,16,75,16,435026,170584,33380,74576,1.5801252362073437,0.30419317996410505
5192,0.5192,10,68,10,435094,170516,33390,74566,1.57949534995739,0.30424919006699797
5193,0.5193,11,65,11,435159,170451,33401,74555,1.578893252806699,0.30429867023664725
5194,0.5194,10,55,10,435214,170396,33411,74545,1.5783837859868834,0.3043385958251171
5195,0.5195,9,82,9,435296,170314,33420,74536,1.577624217273704,0.30441494792730245
5196,0.5196,24,66,24,435362,170248,33444,74512,1.5770128570899256,0.30442882823990847
5197,0.5197,19,56,19,435418,170192,33463,74493,1.5764941272370225,0.30444448985430245
5198,0.5198,13,68,13,435486,170124,33476,74480,1.575864240987069,0.3044921587545584
5199,0.5199,14,70,14,435556,170054,33490,74466,1.5752158286709401,0.30453950597088175
5200,0.52,13,60,13,435616,169994,33503,74453,1.5746600466856868,0.3045772703285375
5201,0.5201,11,64,11,435680,169930,33514,74442,1.5740672125680832,0.30462573453587155
5202,0.5202,13,59,13,435739,169871,33527,74429,1.5735206936159176,0.30466230045026604
5203,0.5203,11,53,11,435792,169818,33538,74418,1.5730297528622772,0.3046970962511669
5204,0.5204,9,71,9,435863,169747,33547,74409,1.572372077513061,0.30476007142974165
5205,0.5205,17,72,17,435935,169675,33564,74392,1.571705139130757,0.3048015503939492
5206,0.5206,8,68,8,436003,169607,33572,74384,1.5710752528808032,0.3048637039890816
5207,0.5207,15,69,15,436072,169538,33587,74369,1.570436103597762,0.304907198235393
5208,0.5208,5,72,5,436144,169466,33592,74364,1.5697691652154582,0.3049829799450437
5209,0.5209,16,72,16,436216,169394,33608,74348,1.5691022268331543,0.30502744705467255
5210,0.521,17,65,17,436281,169329,33625,74331,1.5685001296824632,0.30506032996798815
5211,0.5211,11,61,11,436342,169268,33636,74320,1.5679350846641225,0.30510534180665716
5212,0.5212,13,72,13,436414,169196,33649,74307,1.5672681462818185,0.3051584580066775
5213,0.5213,16,64,16,436478,169132,33665,74291,1.566675312164215,0.3051930179153161
5214,0.5214,18,66,18,436544,169066,33683,74273,1.5660639519804365,0.3052243988838616
5215,0.5215,18,67,18,436611,168999,33701,74255,1.5654433287635703,0.3052570564101721
5216,0.5216,10,72,10,436683,168927,33711,74245,1.5647763903812664,0.3053188689487277
5217,0.5217,15,70,15,436753,168857,33726,74230,1.5641279780651376,0.30536392320444944
5218,0.5218,8,75,8,436828,168782,33734,74222,1.563433250583571,0.30543530147651893
5219,0.5219,12,61,12,436889,168721,33746,74210,1.5628682055652303,0.30547768707987044
5220,0.522,13,66,13,436955,168655,33759,74197,1.5622568453814516,0.30552352873354965
5221,0.5221,12,68,12,437023,168587,33771,74185,1.561626959131498,0.30557477798098626
5222,0.5222,11,66,11,437089,168521,33782,74174,1.5610155989477195,0.3056264035105791
5223,0.5223,13,63,13,437152,168458,33795,74161,1.5604320278632036,0.30566855852179753
5224,0.5224,16,71,16,437223,168387,33811,74145,1.559774352513987,0.3057122359111375
5225,0.5225,22,72,22,437295,168315,33833,74123,1.5591074141316832,0.3057400242536236
5226,0.5226,10,82,10,437377,168233,33843,74113,1.5583478454185038,0.30581482673532884
5227,0.5227,15,78,15,437455,168155,33858,74098,1.5576253288376747,0.3058703091396185
5228,0.5228,14,70,14,437525,168085,33872,74084,1.556976916521546,0.30591859403969957
5229,0.5229,10,58,10,437583,168027,33882,74074,1.5564396606024677,0.30596321370006735
5230,0.523,17,80,17,437663,167947,33899,74057,1.5556986179554633,0.3060156030478835
5231,0.5231,12,83,12,437746,167864,33911,74045,1.5549297862091964,0.3060861728997268
5232,0.5232,14,72,14,437818,167792,33925,74031,1.5542628478268925,0.3061371333578692
5233,0.5233,10,88,10,437906,167704,33935,74021,1.5534477009151877,0.30621987796049227
5234,0.5234,16,73,16,437979,167631,33951,74005,1.5527714994997963,0.3062664503633565
5235,0.5235,15,83,15,438062,167548,33966,73990,1.5520026677535292,0.3063286108190016
5236,0.5236,13,64,13,438126,167484,33979,73977,1.5514098336359257,0.3063724576639706
5237,0.5237,10,64,10,438190,167420,33989,73967,1.5508169995183223,0.30642495246222873
5238,0.5238,16,60,16,438250,167360,34005,73951,1.550261217533069,0.30645515538040125
5239,0.5239,7,67,7,438317,167293,34012,73944,1.5496405943162028,0.306520144090666
5240,0.524,12,75,12,438392,167218,34024,73932,1.5489458668346363,0.3065809662036077
5241,0.5241,14,69,14,438461,167149,34038,73918,1.548306717551595,0.30662844769296504
5242,0.5242,7,58,7,438519,167091,34045,73911,1.547769461632517,0.30668210222321807
5243,0.5243,8,64,8,438583,167027,34053,73903,1.5471766275149135,0.3067405470468601
5244,0.5244,12,51,12,438634,166976,34065,73891,1.5467042128274482,0.30677095658599973
5245,0.5245,15,65,15,438699,166911,34080,73876,1.5461021156767571,0.3068105836278537
5246,0.5246,10,70,10,438769,166841,34090,73866,1.5454537033606284,0.3068710091522058
5247,0.5247,18,60,18,438829,166781,34108,73848,1.544897921375375,0.30689567757834674
5248,0.5248,13,69,13,438898,166712,34121,73835,1.544258772092334,0.30694625166807316
5249,0.5249,9,60,9,438958,166652,34130,73826,1.5437029901070807,0.3069968978451251
5250,0.525,13,59,13,439017,166593,34143,73813,1.543156471154915,0.3070347661872
5251,0.5251,10,87,10,439104,166506,34153,73803,1.5423505872762977,0.30711708675080834
5252,0.5252,10,69,10,439173,166437,34163,73793,1.5417114379932566,0.3071764558964326
5253,0.5253,11,56,11,439229,166381,34174,73782,1.5411927081403536,0.30721634889637456
5254,0.5254,10,71,10,439300,166310,34184,73772,1.5405350327911371,0.30727834656492364
5255,0.5255,16,77,16,439377,166233,34200,73756,1.5398217792433955,0.3073307526594969
5256,0.5256,16,74,16,439451,166159,34216,73740,1.5391363147949164,0.307379355478764
5257,0.5257,19,78,19,439529,166081,34235,73721,1.5384137982140873,0.3074244585116054
5258,0.5258,11,62,11,439591,166019,34246,73710,1.5378394901626589,0.3074721873448769
5259,0.5259,16,78,16,439669,165941,34262,73694,1.5371169735818295,0.3075260291693617
5260,0.526,14,66,14,439735,165875,34276,73680,1.536505613398051,0.3075702865730208
5261,0.5261,14,79,14,439814,165796,34290,73666,1.5357738337841342,0.30763127343795676
5262,0.5262,10,53,10,439867,165743,34300,73656,1.5352828930304938,0.30767045810550586
5263,0.5263,11,87,11,439954,165656,34311,73645,1.5344770091518767,0.3077504899687005
5264,0.5264,12,63,12,440017,165593,34323,73633,1.5338934380673608,0.30779681138337806
5265,0.5265,17,49,17,440066,165544,34340,73616,1.5334395494460706,0.3078106706807158
5266,0.5266,10,71,10,440137,165473,34350,73606,1.5327818740968542,0.30787312980228293
5267,0.5267,20,49,20,440186,165424,34370,73586,1.532327985475564,0.3078783314505669
5268,0.5268,24,73,24,440259,165351,34394,73562,1.5316517840601727,0.3079028767794134
5269,0.5269,14,73,14,440332,165278,34408,73548,1.5309755826447813,0.3079564201552595
5270,0.527,14,71,14,440403,165207,34422,73534,1.5303179072955648,0.30800742226932115
5271,0.5271,14,72,14,440475,165135,34436,73520,1.529650968913261,0.3080597515241667
5272,0.5272,20,53,20,440528,165082,34456,73500,1.5291600281596205,0.3080701813213067
5273,0.5273,9,72,9,440600,165010,34465,73491,1.5284930897773168,0.3081370728005333
5274,0.5274,11,64,11,440664,164946,34476,73480,1.5279002556597132,0.3081878654173622
5275,0.5275,21,89,21,440753,164857,34497,73459,1.527075845714921,0.30824199801943636
5276,0.5276,15,53,15,440806,164804,34512,73444,1.5265849049612805,0.30826701588260974
5277,0.5277,13,59,13,440865,164745,34525,73431,1.526038386009115,0.30830562273276907
5278,0.5278,10,71,10,440936,164674,34535,73421,1.5253807106598984,0.3083685083685084
5279,0.5279,18,55,18,440991,164619,34553,73403,1.524871243840083,0.3083874599826907
5280,0.528,16,73,16,441064,164546,34569,73387,1.5241950424246915,0.3084355679960325
5281,0.5281,21,59,21,441123,164487,34590,73366,1.5236485234725259,0.3084510180657801
5282,0.5282,12,60,12,441183,164427,34602,73354,1.5230927414872726,0.30849395031562654
5283,0.5283,12,80,12,441263,164347,34614,73342,1.5223516988402683,0.30856286996874066
5284,0.5284,18,63,18,441326,164284,34632,73324,1.5217681277557524,0.30859230328945153
5285,0.5285,10,68,10,441394,164216,34642,73314,1.5211382415057986,0.3086515387529996
5286,0.5286,12,69,12,441463,164147,34654,73302,1.5204990922227575,0.30870629061398447
5287,0.5287,15,70,15,441533,164077,34669,73287,1.5198506799066287,0.3087536441920426
5288,0.5288,13,77,13,441610,164000,34682,73274,1.519137426358887,0.30881596803695305
5289,0.5289,11,63,11,441673,163937,34693,73263,1.5185538552743711,0.30886593591905565
5290,0.529,9,75,9,441748,163862,34702,73254,1.5178591277928044,0.3089373977293814
5291,0.5291,12,71,12,441819,163791,34714,73242,1.5172014524435882,0.30899495007024336
5292,0.5292,11,64,11,441883,163727,34725,73231,1.5166086183259846,0.3090463288852877
5293,0.5293,8,64,8,441947,163663,34733,73223,1.5160157842083812,0.3091064900416234
5294,0.5294,13,58,13,442005,163605,34746,73210,1.515478528289303,0.30914426873297723
5295,0.5295,19,72,19,442077,163533,34765,73191,1.5148115899069992,0.3091828458457951
5296,0.5296,14,62,14,442139,163471,34779,73177,1.5142372818555707,0.30922298096751294
5297,0.5297,7,69,7,442208,163402,34786,73170,1.5135981325725296,0.3092927311769778
5298,0.5298,25,73,25,442281,163329,34811,73145,1.512921931157138,0.30931518898483557
5299,0.5299,13,65,13,442346,163264,34824,73132,1.512319834006447,0.30936225655256433
5300,0.53,15,65,15,442411,163199,34839,73117,1.511717736855756,0.30940351055366544
5301,0.5301,13,61,13,442472,163138,34852,73104,1.5111526918374152,0.3094453992092854
5302,0.5302,13,62,13,442534,163076,34865,73091,1.510578383785987,0.30948862457498294
5303,0.5303,17,68,17,442602,163008,34882,73074,1.509948497536033,0.3095280453401784
5304,0.5304,12,56,12,442658,162952,34894,73062,1.50942976768313,0.3095663816553255
5305,0.5305,17,57,17,442715,162895,34911,73045,1.5089017747971396,0.30959142154785113
5306,0.5306,13,65,13,442780,162830,34924,73032,1.5082996776464486,0.30963868702885583
5307,0.5307,12,54,12,442834,162776,34936,73020,1.5077994738597207,0.3096744643675041
5308,0.5308,15,83,15,442917,162693,34951,73005,1.5070306421134536,0.30973958200748414
5309,0.5309,24,64,24,442981,162629,34975,72981,1.5064378079958503,0.30975340605237467
5310,0.531,15,75,15,443056,162554,34990,72966,1.5057430805142835,0.3098080842391304
5311,0.5311,12,61,12,443117,162493,35002,72954,1.5051780354959428,0.30985317290090764
5312,0.5312,15,72,15,443189,162421,35017,72939,1.5045110971136388,0.3099039768864718
5313,0.5313,10,77,10,443266,162344,35027,72929,1.5037978435658972,0.3099760703523141
5314,0.5314,12,63,12,443329,162281,35039,72917,1.5032142724813813,0.3100238947610099
5315,0.5315,15,58,15,443387,162223,35054,72902,1.5026770165623031,0.3100563530037214
5316,0.5316,17,85,17,443472,162138,35071,72885,1.5018896587498611,0.3101185841385737
5317,0.5317,11,67,11,443539,162071,35082,72874,1.501269035532995,0.3101747217433867
5318,0.5318,16,73,16,443612,161998,35098,72858,1.5005928341176034,0.31022413734373405
5319,0.5319,13,63,13,443675,161935,35111,72845,1.5000092630330875,0.31026918817616495
5320,0.532,22,65,22,443740,161870,35133,72823,1.4994071658823966,0.3102904645643458
5321,0.5321,10,70,10,443810,161800,35143,72813,1.4987587535662676,0.31035364621738776
5322,0.5322,17,71,17,443881,161729,35160,72796,1.4981010782170514,0.31039761219486195
5323,0.5323,14,81,14,443962,161648,35174,72782,1.4973507725369595,0.3104636778569296
5324,0.5324,23,83,23,444045,161565,35197,72759,1.4965819407906924,0.31050596609822295
5325,0.5325,13,79,13,444124,161486,35210,72746,1.4958501611767758,0.310572423921582
5326,0.5326,17,75,17,444199,161411,35227,72729,1.495155433695209,0.3106218501751089
5327,0.5327,17,81,17,444280,161330,35244,72712,1.4944051280151174,0.3106792797873886
5328,0.5328,14,64,14,444344,161266,35258,72698,1.4938122938975138,0.3107230172163239
5329,0.5329,15,74,15,444418,161192,35273,72683,1.4931268294490347,0.31077712453233564
5330,0.533,18,73,18,444491,161119,35291,72665,1.4924506280336434,0.310821099818636
5331,0.5331,12,53,12,444544,161066,35303,72653,1.491959687280003,0.3108561991108981
5332,0.5332,15,81,15,444625,160985,35318,72638,1.491209381599911,0.31091972964990605
5333,0.5333,13,72,13,444697,160913,35331,72625,1.490542443217607,0.31097722854524745
5334,0.5334,17,80,17,444777,160833,35348,72608,1.4898014005706028,0.3110336230567895
5335,0.5335,16,87,16,444864,160746,35364,72592,1.4889955166919857,0.3111023493815838
5336,0.5336,21,81,21,444945,160665,35385,72571,1.4882452110118938,0.3111483647464371
5337,0.5337,13,68,13,445013,160597,35398,72558,1.4876153247619401,0.31120070339473743
5338,0.5338,16,80,16,445093,160517,35414,72542,1.4868742821149357,0.3112602388236455
5339,0.5339,10,69,10,445162,160448,35424,72532,1.4862351328318946,0.3113228603313589
5340,0.534,13,66,13,445228,160382,35437,72519,1.4856237726481158,0.3113726433119652
5341,0.5341,11,72,11,445300,160310,35448,72508,1.484956834265812,0.3114364009655611
5342,0.5342,13,53,13,445353,160257,35461,72495,1.4844658935121717,0.3114688595586719
5343,0.5343,11,66,11,445419,160191,35472,72484,1.483854533328393,0.3115246588589234
5344,0.5344,9,57,9,445476,160134,35481,72475,1.4833265404424025,0.311574358687755
5345,0.5345,11,61,11,445537,160073,35492,72464,1.4827614954240615,0.311623526578566
5346,0.5346,17,68,17,445605,160005,35509,72447,1.482131609174108,0.311664343606422
5347,0.5347,8,63,8,445668,159942,35517,72439,1.481548038089592,0.3117251410399301
5348,0.5348,13,67,13,445735,159875,35530,72426,1.4809274148727258,0.31177653131067024
5349,0.5349,9,63,9,445798,159812,35539,72417,1.48034384378821,0.3118344392819157
5350,0.535,9,81,9,445879,159731,35548,72408,1.4795935381081182,0.31191656722911704
5351,0.5351,16,66,16,445945,159665,35564,72392,1.4789821779243395,0.31195783794498766
5352,0.5352,18,63,18,446008,159602,35582,72374,1.4783986068398236,0.3119891712935821
5353,0.5353,11,91,11,446099,159511,35593,72363,1.4775556708288562,0.312078973925494
5354,0.5354,13,73,13,446172,159438,35606,72350,1.4768794694134648,0.3121386784475469
5355,0.5355,15,65,15,446237,159373,35621,72335,1.4762773722627738,0.31218171146442936
5356,0.5356,11,70,11,446307,159303,35632,72324,1.475628959946645,0.3122433913144841
5357,0.5357,22,72,22,446379,159231,35654,72302,1.474962021564341,0.31227514004483165
5358,0.5358,10,64,10,446443,159167,35664,72292,1.4743691874467375,0.31233177366185805
5359,0.5359,15,68,15,446511,159099,35679,72277,1.4737393011967839,0.3123789848558191
5360,0.536,10,62,10,446573,159037,35689,72267,1.4731649931453554,0.3124329886210355
5361,0.5361,10,66,10,446639,158971,35699,72257,1.472553632961577,0.31249243171242236
5362,0.5362,11,73,11,446712,158898,35710,72246,1.4718774315461856,0.31255840515003636
5363,0.5363,14,82,14,446794,158816,35724,72232,1.471117862833006,0.3126276790969842
5364,0.5364,7,61,7,446855,158755,35731,72225,1.4705528178146652,0.31268941033855746
5365,0.5365,15,75,15,446930,158680,35746,72210,1.4698580903330987,0.3127463294209364
5366,0.5366,15,55,15,446985,158625,35761,72195,1.469348623513283,0.3127761892383676
5367,0.5367,18,70,18,447055,158555,35779,72177,1.4687002111971543,0.31281746788481873
5368,0.5368,18,66,18,447121,158489,35797,72159,1.4680888510133758,0.3128533522944053
5369,0.5369,20,61,20,447182,158428,35817,72139,1.467523805995035,0.3128765174547962
5370,0.537,9,86,9,447268,158342,35826,72130,1.4667271851495054,0.3129664341004547
5371,0.5371,13,70,13,447338,158272,35839,72117,1.4660787728333766,0.31302275716288536
5372,0.5372,13,55,13,447393,158217,35852,72104,1.465569306013561,0.3130587310753253
5373,0.5373,11,77,11,447470,158140,35863,72093,1.4648560524658194,0.3131306111634735
5374,0.5374,19,72,19,447542,158068,35882,72074,1.4641891140835155,0.3131718678033562
5375,0.5375,10,75,10,447617,157993,35892,72064,1.463494386601949,0.3132441090686221
5376,0.5376,12,56,12,447673,157937,35904,72052,1.462975656749046,0.3132845483914448
5377,0.5377,16,59,16,447732,157878,35920,72036,1.46242913779688,0.3133171533703907
5378,0.5378,13,71,13,447803,157807,35933,72023,1.4617714624476639,0.3133751033372493
5379,0.5379,13,63,13,447866,157744,35946,72010,1.461187891363148,0.3134221819859502
5380,0.538,22,81,22,447947,157663,35968,71988,1.460437585683056,0.31346695638163996
5381,0.5381,9,70,9,448017,157593,35977,71979,1.4597891733669273,0.3135356228111442
5382,0.5382,16,56,16,448073,157537,35993,71963,1.4592704435140242,0.31356427015250543
5383,0.5383,10,63,10,448136,157474,36003,71953,1.4586868724295083,0.31362045443648745
5384,0.5384,11,74,11,448210,157400,36014,71942,1.4580014079810293,0.31368872687950744
5385,0.5385,20,64,20,448274,157336,36034,71922,1.457408573863426,0.3137164242905373
5386,0.5386,14,59,14,448333,157277,36048,71908,1.45686205491126,0.3137552632153064
5387,0.5387,13,63,13,448396,157214,36061,71895,1.4562784838267442,0.31380260050892805
5388,0.5388,12,71,12,448467,157143,36073,71883,1.455620808477528,0.3138639281129653
5389,0.5389,8,56,8,448523,157087,36081,71875,1.455102078624625,0.31391671980503316
5390,0.539,23,46,23,448569,157041,36104,71852,1.4546759791025974,0.31391086664948253
5391,0.5391,11,62,11,448631,156979,36115,71841,1.454101671051169,0.3139629403024211
5392,0.5392,19,64,19,448695,156915,36134,71822,1.4535088369335656,0.3139938007405885
5393,0.5393,16,61,16,448756,156854,36150,71806,1.4529437919152248,0.31402956354412664
5394,0.5394,8,76,8,448832,156778,36158,71798,1.4522398014005706,0.314109967800644
5395,0.5395,11,89,11,448921,156689,36169,71787,1.4514153914557784,0.3141993032090898
5396,0.5396,11,78,11,448999,156611,36180,71776,1.450692874874949,0.3142735794944546
5397,0.5397,9,66,9,449065,156545,36189,71767,1.4500815146911705,0.3143373979466695
5398,0.5398,15,80,15,449145,156465,36204,71752,1.449340472044166,0.314402520408208
5399,0.5399,15,71,15,449216,156394,36219,71737,1.4486827966949498,0.3144552910389206
5400,0.54,17,77,17,449293,156317,36236,71720,1.4479695431472082,0.31451036454610437
5401,0.5401,12,62,12,449355,156255,36248,71708,1.4473952350957797,0.3145598189179823
5402,0.5402,6,59,6,449414,156196,36254,71702,1.446848716143614,0.31462320862842147
5403,0.5403,17,73,17,449487,156123,36271,71685,1.4461725147282225,0.31467288242730723
5404,0.5404,10,65,10,449552,156058,36281,71675,1.4455704175775317,0.31473260353132837
5405,0.5405,14,68,14,449620,155990,36295,71661,1.4449405313275778,0.31478447272359883
5406,0.5406,7,59,7,449679,155931,36302,71654,1.4443940123754122,0.3148450029659248
5407,0.5407,14,66,14,449745,155865,36316,71640,1.4437826521916337,0.31489417814993076
5408,0.5408,17,66,17,449811,155799,36333,71623,1.443171292007855,0.3149343511181856
5409,0.5409,13,82,13,449893,155717,36346,71610,1.4424117232946756,0.31500877590431403
5410,0.541,22,57,22,449950,155660,36368,71588,1.4418837304086851,0.3150214743364078
5411,0.5411,14,75,14,450025,155585,36382,71574,1.4411890029271184,0.3150832676671406
5412,0.5412,20,87,20,450112,155498,36402,71554,1.4403831190485012,0.315143667529905
5413,0.5413,11,56,11,450168,155442,36413,71543,1.4398643891955982,0.31518822829702403
5414,0.5414,9,79,9,450247,155363,36422,71534,1.4391326095816814,0.3152708056959766
5415,0.5415,12,48,12,450295,155315,36434,71522,1.4386879839934787,0.3153012956440087
5416,0.5416,19,83,19,450378,155232,36453,71503,1.437919152247212,0.3153593401989106
5417,0.5417,12,76,12,450454,155156,36465,71491,1.4372151617325577,0.31542883867865007
5418,0.5418,21,60,21,450514,155096,36486,71470,1.4366593797473044,0.3154489199615123
5419,0.5419,18,63,18,450577,155033,36504,71452,1.4360758086627885,0.31548226151842285
5420,0.542,17,62,17,450639,154971,36521,71435,1.4355015006113603,0.3155172566098072
5421,0.5421,16,69,16,450708,154902,36537,71419,1.434862351328319,0.31556506024628733
5422,0.5422,14,64,14,450772,154838,36551,71405,1.4342695172107154,0.3156119747351299
5423,0.5423,11,69,11,450841,154769,36562,71394,1.4336303679276743,0.31567497778151155
5424,0.5424,13,69,13,450910,154700,36575,71381,1.432991218644633,0.3157319721692668
5425,0.5425,8,62,8,450972,154638,36583,71373,1.4324169105932045,0.3157943639911332
5426,0.5426,12,67,12,451039,154571,36595,71361,1.4317962873763386,0.3158516721845511
5427,0.5427,10,56,10,451095,154515,36605,71351,1.4312775575234356,0.3158996927381722
5428,0.5428,18,69,18,451164,154446,36623,71333,1.4306384082403942,0.31594169519751614
5429,0.5429,14,62,14,451226,154384,36637,71319,1.4300641001889658,0.3159860524671803
5430,0.543,11,71,11,451297,154313,36648,71308,1.4294064248397496,0.31605214053656355
5431,0.5431,15,74,15,451371,154239,36663,71293,1.4287209603912705,0.3161103524111878
5432,0.5432,12,77,12,451448,154162,36675,71281,1.4280077068435288,0.3161819173804465
5433,0.5433,13,67,13,451515,154095,36688,71268,1.4273870836266627,0.31623647182545495
5434,0.5434,8,62,8,451577,154033,36696,71260,1.4268127755752344,0.3162992192389466
5435,0.5435,10,73,10,451650,153960,36706,71250,1.4261365741598429,0.31637138670574133
5436,0.5436,17,54,17,451704,153906,36723,71233,1.425636370373115,0.3163956489102288
5437,0.5437,8,73,8,451777,153833,36731,71225,1.4249601689577236,0.31647397559740154
5438,0.5438,20,59,20,451836,153774,36751,71205,1.4244136500055578,0.3164962063125892
5439,0.5439,11,61,11,451897,153713,36762,71194,1.423848604987217,0.31654861787316535
5440,0.544,16,71,16,451968,153642,36778,71178,1.4231909296380008,0.31659994662396584
5441,0.5441,18,74,18,452042,153568,36796,71160,1.4225054651895217,0.316649460681357
5442,0.5442,14,60,14,452102,153508,36810,71146,1.4219496832042684,0.31669144551176476
5443,0.5443,17,71,17,452173,153437,36827,71129,1.4212920078550522,0.3167398448563006
5444,0.5444,17,69,17,452242,153368,36844,71112,1.4206528585720108,0.31678545972915184
5445,0.5445,13,79,13,452321,153289,36857,71099,1.419921078958094,0.3168574077045118
5446,0.5446,15,65,15,452386,153224,36872,71084,1.419318981807403,0.31690354334219023
5447,0.5447,12,65,12,452451,153159,36884,71072,1.418716884656712,0.3169588504711659
5448,0.5448,11,70,11,452521,153089,36895,71061,1.4180684723405832,0.31702431407539594
5449,0.5449,18,64,18,452585,153025,36913,71043,1.4174756382229798,0.31705999964296555
5450,0.545,17,69,17,452654,152956,36930,71026,1.4168364889399385,0.3171058388620514
5451,0.5451,16,58,16,452712,152898,36946,71010,1.4162992330208604,0.31713918216410314
5452,0.5452,10,73,10,452785,152825,36956,71000,1.415623031605469,0.3172121076734056
5453,0.5453,16,60,16,452845,152765,36972,70984,1.4150672496202157,0.3172483452440011
5454,0.5454,14,61,14,452906,152704,36986,70970,1.414502204601875,0.31729213051136923
5455,0.5455,15,58,15,452964,152646,37001,70955,1.4139649486827968,0.3173286344873234
5456,0.5456,14,50,14,453014,152596,37015,70941,1.413501797028419,0.31735685814876285
5457,0.5457,11,65,11,453079,152531,37026,70930,1.412899699877728,0.31741556692219225
5458,0.5458,15,74,15,453153,152457,37041,70915,1.4122142354292488,0.3174748849452931
5459,0.5459,19,63,19,453216,152394,37060,70896,1.411630664344733,0.31750638183528146
5460,0.546,15,81,15,453297,152313,37075,70881,1.4108803586646412,0.31757574128336785
5461,0.5461,18,68,18,453365,152245,37093,70863,1.4102504724146874,0.31761747673772345
5462,0.5462,19,53,19,453418,152192,37112,70844,1.4097595316610472,0.3176348212844563
5463,0.5463,15,65,15,453483,152127,37127,70829,1.4091574345103561,0.317681515635372
5464,0.5464,10,68,10,453551,152059,37137,70819,1.4085275482604025,0.31774782616498715
5465,0.5465,11,66,11,453617,151993,37148,70808,1.4079161880766238,0.3178082683650432
5466,0.5466,16,71,16,453688,151922,37164,70792,1.4072585127274075,0.3178605745485241
5467,0.5467,10,70,10,453758,151852,37174,70782,1.4066101004112788,0.3179298759398834
5468,0.5468,16,72,16,453830,151780,37190,70766,1.4059431620289748,0.3179836977523748
5469,0.5469,19,76,19,453906,151704,37209,70747,1.4052391715143207,0.318034083910614
5470,0.547,16,65,16,453971,151639,37225,70731,1.4046370743636296,0.31807797814453387
5471,0.5471,17,67,17,454038,151572,37242,70714,1.4040164511467634,0.3181216990723662
5472,0.5472,12,61,12,454099,151511,37254,70702,1.4034514061284227,0.31817220414647207
5473,0.5473,16,90,16,454189,151421,37270,70686,1.4026177331505427,0.3182520136690874
5474,0.5474,15,56,15,454245,151365,37285,70671,1.4020990032976397,0.31828622385559097
5475,0.5475,13,79,13,454324,151286,37298,70658,1.401367223683723,0.3183595862019248
5476,0.5476,17,64,17,454388,151222,37315,70641,1.4007743895661195,0.3183991922943438
5477,0.5477,9,53,9,454441,151169,37324,70632,1.4002834488124791,0.31844761745889333
5478,0.5478,17,60,17,454501,151109,37341,70615,1.3997276668272258,0.31848153560282155
5479,0.5479,18,60,18,454561,151049,37359,70597,1.3991718848419727,0.3185124026600976
5480,0.548,19,60,19,454621,150989,37378,70578,1.3986161028567194,0.31854021582636405
5481,0.5481,8,58,8,454679,150931,37386,70570,1.3980788469376413,0.31859901309700633
5482,0.5482,21,78,21,454757,150853,37407,70549,1.397356330356812,0.3186466246917372
5483,0.5483,16,61,16,454818,150792,37423,70533,1.3967912853384712,0.3186851914605219
5484,0.5484,16,65,16,454883,150727,37439,70517,1.3961891881877802,0.31872954746795396
5485,0.5485,15,62,15,454945,150665,37454,70502,1.395614880136352,0.3187726921285725
5486,0.5486,13,75,13,455020,150590,37467,70489,1.3949201526547852,0.31884077637405633
5487,0.5487,9,61,9,455081,150529,37476,70480,1.3943551076364444,0.31890104022913096
5488,0.5488,12,67,12,455148,150462,37488,70468,1.3937344844195783,0.3189607568007966
5489,0.5489,13,71,13,455219,150391,37501,70455,1.393076809070362,0.3190232107441385
5490,0.549,24,68,24,455287,150323,37525,70431,1.3924469228204084,0.319047446478886
5491,0.5491,10,50,10,455337,150273,37535,70421,1.3919837711660306,0.3190888741877894
5492,0.5492,17,66,17,455403,150207,37552,70404,1.391372410982252,0.31913186559147094
5493,0.5493,15,70,15,455473,150137,37567,70389,1.3907239986661233,0.3191868532508638
5494,0.5494,13,59,13,455532,150078,37580,70376,1.3901774797139574,0.3192321300588785
5495,0.5495,14,62,14,455594,150016,37594,70362,1.3896031716625292,0.3192786938805144
5496,0.5496,16,61,16,455655,149955,37610,70346,1.3890381266441885,0.31931766083676427
5497,0.5497,15,75,15,455730,149880,37625,70331,1.3883433991626217,0.31938004913469353
5498,0.5498,11,54,11,455784,149826,37636,70320,1.3878431953758938,0.3194243820010357
5499,0.5499,9,74,9,455858,149752,37645,70311,1.3871577309274148,0.3195039602295706
5500,0.55,20,73,20,455931,149679,37665,70291,1.3864815295120234,0.31954812019820883
5501,0.5501,14,67,14,455998,149612,37679,70277,1.3858609062951572,0.31960216290946797
5502,0.5502,18,77,18,456075,149535,37697,70259,1.3851476527474156,0.3196584074178549
5503,0.5503,12,73,12,456148,149462,37709,70247,1.3844714513320242,0.3197274576826621
5504,0.5504,19,60,19,456208,149402,37728,70228,1.383915669346771,0.3197559531940081
5505,0.5505,15,77,15,456285,149325,37743,70213,1.3832024157990293,0.31982162541336806
5506,0.5506,13,73,13,456358,149252,37756,70200,1.3825262143836379,0.3198877203215282
5507,0.5507,14,54,14,456412,149198,37770,70186,1.3820260105969098,0.3199230572876782
5508,0.5508,16,56,16,456468,149142,37786,70170,1.3815072807440067,0.319955132414095
5509,0.5509,7,62,7,456530,149080,37793,70163,1.3809329726925785,0.32002390042099405
5510,0.551,7,58,7,456588,149022,37800,70156,1.3803957167735004,0.32008687003257624
5511,0.5511,17,80,17,456668,148942,37817,70139,1.379654674126496,0.32015099438107364
5512,0.5512,18,66,18,456734,148876,37835,70121,1.3790433139427174,0.32019160079818443
5513,0.5513,18,63,18,456797,148813,37853,70103,1.3784597428582015,0.3202278499515796
5514,0.5514,13,70,13,456867,148743,37866,70090,1.3778113305420727,0.32028990143168534
5515,0.5515,16,65,16,456932,148678,37882,70074,1.3772092333913817,0.3203353569338795
5516,0.5516,11,86,11,457018,148592,37893,70063,1.376412612545852,0.3204271569367268
5517,0.5517,19,68,19,457086,148524,37912,70044,1.3757827262958984,0.32046777204348303
5518,0.5518,16,75,16,457161,148449,37928,70028,1.3750879988143319,0.32052801896767164
5519,0.5519,17,64,17,457225,148385,37945,70011,1.3744951646967283,0.32056905804135605
5520,0.552,22,53,22,457278,148332,37967,69989,1.3740042239430879,0.3205784143531772
5521,0.5521,10,48,10,457326,148284,37977,69979,1.3735595983548854,0.3206177867984954
5522,0.5522,16,68,16,457394,148216,37993,69963,1.3729297121049315,0.3206678919602712
5523,0.5523,14,77,14,457471,148139,38007,69949,1.3722164585571899,0.3207375004585305
5524,0.5524,12,54,12,457525,148085,38019,69937,1.371716254770462,0.32077955435689975
5525,0.5525,21,66,21,457591,148019,38040,69916,1.3711048945866835,0.3208112510610962
5526,0.5526,8,45,8,457636,147974,38048,69908,1.3706880580977436,0.3208525715754399
5527,0.5527,11,62,11,457698,147912,38059,69897,1.3701137500463152,0.32090960428632426
5528,0.5528,15,55,15,457753,147857,38074,69882,1.3696042832264996,0.3209438823545621
5529,0.5529,21,68,21,457821,147789,38095,69861,1.368974396976546,0.32097863542384564
5530,0.553,8,81,8,457902,147708,38103,69853,1.368224091296454,0.32107317028327687
5531,0.5531,18,82,18,457984,147626,38121,69835,1.3674645225832747,0.32113804314336825
5532,0.5532,12,66,12,458050,147560,38133,69823,1.3668531623994962,0.3211980697662651
5533,0.5533,15,75,15,458125,147485,38148,69808,1.3661584349179294,0.3212620747101839
5534,0.5534,16,67,16,458192,147418,38164,69792,1.3655378117010635,0.32131117351871463
5535,0.5535,14,71,14,458263,147347,38178,69778,1.364880136351847,0.32137248128957974
5536,0.5536,14,82,14,458345,147265,38192,69764,1.3641205676386676,0.32145012878463247
5537,0.5537,19,72,19,458417,147193,38211,69745,1.3634536292563637,0.32149738635001707
5538,0.5538,21,61,21,458478,147132,38232,69724,1.362888584238023,0.32152211605858266
5539,0.5539,20,57,20,458535,147075,38252,69704,1.3623605913520322,0.32154406100221883
5540,0.554,13,70,13,458605,147005,38265,69691,1.3617121790359035,0.32160722855982576
5541,0.5541,21,75,21,458680,146930,38286,69670,1.361017451554337,0.3216528162511542
5542,0.5542,17,71,17,458751,146859,38303,69653,1.3603597762051205,0.3217050325155188
5543,0.5543,18,65,18,458816,146794,38321,69635,1.3597576790544297,0.3217452374681766
5544,0.5544,11,63,11,458879,146731,38332,69624,1.3591741079699136,0.32180444177393636
5545,0.5545,18,71,18,458950,146660,38350,69606,1.3585164326206973,0.3218536431986535
5546,0.5546,13,65,13,459015,146595,38363,69593,1.3579143354700063,0.32190963420726404
5547,0.5547,13,66,13,459081,146529,38376,69580,1.3573029752862278,0.3219671554632153
5548,0.5548,20,67,20,459148,146462,38396,69560,1.3566823520693616,0.32200424030885744
5549,0.5549,15,85,15,459233,146377,38411,69545,1.3558949942569194,0.32208390066783377
5550,0.555,16,71,16,459304,146306,38427,69529,1.3552373189077032,0.32213959737762643
5551,0.5551,13,67,13,459371,146239,38440,69516,1.354616695690837,0.32219879029454707
5552,0.5552,13,52,13,459423,146187,38453,69503,1.3541350179702842,0.3222356159302703
5553,0.5553,14,61,14,459484,146126,38467,69489,1.3535699729519435,0.3222827725343784
5554,0.5554,16,69,16,459553,146057,38483,69473,1.3529308236689022,0.32233563773024637
5555,0.5555,10,53,10,459606,146004,38493,69463,1.3524398829152617,0.32238347403546713
5556,0.5556,10,64,10,459670,145940,38503,69453,1.3518470487976584,0.3224478047104595
5557,0.5557,13,61,13,459731,145879,38516,69440,1.3512820037793174,0.32249824678732486
5558,0.5558,17,70,17,459801,145809,38533,69423,1.3506335914631886,0.32254962087421946
5559,0.5559,25,66,25,459867,145743,38558,69398,1.3500222312794101,0.32256984954053386
5560,0.556,19,66,19,459933,145677,38577,69379,1.3494108710956316,0.3226089948664534
5561,0.5561,20,70,20,460003,145607,38597,69359,1.3487624587795028,0.3226510238828466
5562,0.5562,14,56,14,460059,145551,38611,69345,1.3482437289265998,0.32269097610006703
5563,0.5563,11,67,11,460126,145484,38622,69334,1.3476231057097336,0.3227569384316026
5564,0.5564,16,82,16,460208,145402,38638,69318,1.3468635369965543,0.3228297317436662
5565,0.5565,14,83,14,460291,145319,38652,69304,1.3460947052502872,0.3229104056881136
5566,0.5566,19,59,19,460350,145260,38671,69285,1.3455481862981216,0.3229392435153464
5567,0.5567,12,73,12,460423,145187,38683,69273,1.34487198488273,0.32301128415555347
5568,0.5568,17,73,17,460496,145114,38700,69256,1.3441957834673386,0.32306759341325747
5569,0.5569,13,61,13,460557,145053,38713,69243,1.3436307384489978,0.323118490312465
5570,0.557,12,66,12,460623,144987,38725,69231,1.343019378265219,0.32318012491947457
5571,0.5571,13,67,13,460690,144920,38738,69218,1.342398755048353,0.3232401535458443
5572,0.5572,16,66,16,460756,144854,38754,69202,1.3417873948645744,0.32328923272414695
5573,0.5573,18,72,18,460828,144782,38772,69184,1.3411204564822705,0.323341091575297
5574,0.5574,14,50,14,460878,144732,38786,69170,1.340657304827893,0.3233723854849417
5575,0.5575,17,62,17,460940,144670,38803,69153,1.3400829967764645,0.32341235507873334
5576,0.5576,11,84,11,461024,144586,38814,69142,1.33930490199711,0.32350464141338525
5577,0.5577,16,59,16,461083,144527,38830,69126,1.3387583830449443,0.32354331556308596
5578,0.5578,15,62,15,461145,144465,38845,69111,1.3381840749935159,0.3235897291830543
5579,0.5579,18,62,18,461207,144403,38863,69093,1.3376097669420874,0.3236266721624761
5580,0.558,15,53,15,461260,144350,38878,69078,1.3371188261884472,0.32365950109638847
5581,0.5581,15,60,15,461320,144290,38893,69063,1.336563044203194,0.32370297113234875
5582,0.5582,17,87,17,461407,144203,38910,69046,1.3357571603245766,0.32378111972389084
5583,0.5583,11,56,11,461463,144147,38921,69035,1.3352384304716736,0.32383128031447306
5584,0.5584,9,71,9,461534,144076,38930,69026,1.3345807551224573,0.3239106155737628
5585,0.5585,13,66,13,461600,144010,38943,69013,1.3339693949386788,0.3239697121907024
5586,0.5586,12,55,12,461655,143955,38955,69001,1.3334599281188633,0.3240152895433799
5587,0.5587,11,58,11,461713,143897,38966,68990,1.332922672199785,0.3240686373522103
5588,0.5588,16,52,16,461765,143845,38982,68974,1.3324409944792324,0.3240970026172475
5589,0.5589,13,63,13,461828,143782,38995,68961,1.3318574233947165,0.3241516759658367
5590,0.559,14,65,14,461893,143717,39009,68947,1.3312553262440254,0.3242062596396193
5591,0.5591,12,60,12,461953,143657,39021,68935,1.3306995442587721,0.32425961466094677
5592,0.5592,12,61,12,462014,143596,39033,68923,1.3301344992404314,0.3243145318771498
5593,0.5593,21,67,21,462081,143529,39054,68902,1.3295138760235652,0.324350024243166
5594,0.5594,16,65,16,462146,143464,39070,68886,1.3289117788728741,0.32439839886979044
5595,0.5595,13,71,13,462217,143393,39083,68873,1.3282541035236577,0.3244655291002798
5596,0.5596,13,61,13,462278,143332,39096,68860,1.327689058505317,0.32451741818730206
5597,0.5597,16,73,16,462351,143259,39112,68844,1.3270128570899256,0.3245781530671419
5598,0.5598,14,67,14,462418,143192,39126,68830,1.3263922338730594,0.32463612266651576
5599,0.5599,16,68,16,462486,143124,39142,68814,1.3257623476231057,0.3246892959261671
5600,0.56,13,80,13,462566,143044,39155,68801,1.3250213049761013,0.3247704689749581
5601,0.5601,10,53,10,462619,142991,39165,68791,1.324530364222461,0.32481986193349766
5602,0.5602,21,74,21,462693,142917,39186,68770,1.323844899773982,0.3248664301539537
5603,0.5603,15,66,15,462759,142851,39201,68755,1.3232335395902035,0.32491989830156043
5604,0.5604,12,45,12,462804,142806,39213,68743,1.3228167031012634,0.32495072063682645
5605,0.5605,19,62,19,462866,142744,39232,68724,1.3222423950498352,0.32498534057162315
5606,0.5606,20,77,20,462943,142667,39252,68704,1.3215291415020936,0.32503985882642367
5607,0.5607,13,77,13,463020,142590,39265,68691,1.3208158879543517,0.3251167875956664
5608,0.5608,6,67,6,463087,142523,39271,68685,1.3201952647374857,0.325200749971592
5609,0.5609,18,56,18,463143,142467,39289,68667,1.3196765348845827,0.32522947512006595
5610,0.561,12,56,12,463199,142411,39301,68655,1.3191578050316797,0.32527740138155836
5611,0.5611,12,46,12,463245,142365,39313,68643,1.3187317055096521,0.325309940855323
5612,0.5612,14,79,14,463324,142286,39327,68629,1.3179999258957353,0.3253870042434156
5613,0.5613,16,71,16,463395,142215,39343,68613,1.3173422505465189,0.32544538676077184
5614,0.5614,16,76,16,463471,142139,39359,68597,1.316638260031865,0.3255115405056564
5615,0.5615,16,63,16,463534,142076,39375,68581,1.316054688947349,0.3255576600825038
5616,0.5616,7,64,7,463598,142012,39382,68574,1.3154618548297454,0.3256341827092019
5617,0.5617,12,79,12,463677,141933,39394,68562,1.3147300752158286,0.3257179505451436
5618,0.5618,13,65,13,463742,141868,39407,68549,1.3141279780651376,0.3257769096603411
5619,0.5619,13,67,13,463809,141801,39420,68536,1.3135073548482714,0.32583901073039934
5620,0.562,23,71,23,463880,141730,39443,68513,1.3128496794990552,0.3258752966805078
5621,0.5621,12,62,12,463942,141668,39455,68501,1.3122753714476267,0.3259329396818751
5622,0.5622,14,71,14,464013,141597,39469,68487,1.3116176960984105,0.32599817215970756
5623,0.5623,15,65,15,464078,141532,39484,68472,1.3110155989477195,0.3260509323631931
5624,0.5624,12,65,12,464143,141467,39496,68460,1.3104135017970284,0.32611336321673723
5625,0.5625,17,86,17,464229,141381,39513,68443,1.3096168809514988,0.3261924279396065
5626,0.5626,18,74,18,464303,141307,39531,68425,1.3089314165030197,0.3262496900806744
5627,0.5627,16,43,16,464346,141264,39547,68409,1.308533106080255,0.3262651843585011
5628,0.5628,15,62,15,464408,141202,39562,68394,1.3079587980288265,0.3263134792648715
5629,0.5629,10,74,10,464482,141128,39572,68384,1.3072733335803475,0.32639657871625494
5630,0.563,11,68,11,464550,141060,39583,68373,1.3066434473303938,0.3264671756599963
5631,0.5631,17,67,17,464617,140993,39600,68356,1.3060228241135277,0.32651696449469547
5632,0.5632,13,57,13,464674,140936,39613,68343,1.3054948312275372,0.32656406041695535
5633,0.5633,16,57,16,464731,140879,39629,68327,1.3049668383415465,0.32660153150483257
5634,0.5634,17,71,17,464802,140808,39646,68310,1.3043091629923302,0.32665767652712824
5635,0.5635,11,56,11,464858,140752,39657,68299,1.3037904331394272,0.3267097502523308
5636,0.5636,17,65,17,464923,140687,39674,68282,1.3031883359887362,0.3267566002612828
5637,0.5637,18,72,18,464995,140615,39692,68264,1.3025213976064323,0.3268112160628881
5638,0.5638,21,63,21,465058,140552,39713,68243,1.3019378265219164,0.32684211786680717
5639,0.5639,18,69,18,465127,140483,39731,68225,1.301298677238875,0.32689211721639805
5640,0.564,14,72,14,465199,140411,39745,68211,1.3006317388565711,0.3269597645502392
5641,0.5641,9,66,9,465265,140345,39754,68202,1.3000203786727926,0.3270341937309096
5642,0.5642,11,64,11,465329,140281,39765,68191,1.299427544555189,0.32709908285045475
5643,0.5643,25,49,25,465378,140232,39790,68166,1.298973655933899,0.3270952696283074
5644,0.5644,14,76,14,465454,140156,39804,68152,1.298269665419245,0.3271693837970697
5645,0.5645,12,74,12,465528,140082,39816,68140,1.2975842009707659,0.32724688073306374
5646,0.5646,17,72,17,465600,140010,39833,68123,1.296917262588462,0.3273051366193732
5647,0.5647,14,63,14,465663,139947,39847,68109,1.296333691503946,0.32735898027454147
5648,0.5648,14,60,14,465723,139887,39861,68095,1.2957779095186928,0.3274081410891327
5649,0.5649,8,71,8,465794,139816,39869,68087,1.2951202341694765,0.3274940717546163
5650,0.565,16,64,16,465858,139752,39885,68071,1.294527400051873,0.3275431496995039
5651,0.5651,13,68,13,465926,139684,39898,68058,1.2938975138019193,0.3276082833514648
5652,0.5652,11,47,11,465973,139637,39909,68047,1.2934621512468043,0.3276468095760868
5653,0.5653,17,53,17,466026,139584,39926,68030,1.2929712104931639,0.32767539761287773
5654,0.5654,12,70,12,466096,139514,39938,68018,1.292322798177035,0.32774704623865236
5655,0.5655,15,70,15,466166,139444,39953,68003,1.2916743858609063,0.32780903074038187
5656,0.5656,15,62,15,466228,139382,39968,67988,1.2911000778094779,0.3278584173216955
5657,0.5657,19,55,19,466283,139327,39987,67969,1.2905906109896625,0.32788379901204073
5658,0.5658,12,69,12,466352,139258,39999,67957,1.2899514617066212,0.32795405738001593
5659,0.5659,21,70,21,466422,139188,40020,67936,1.2893030493904925,0.32799675556671365
5660,0.566,10,74,10,466496,139114,40030,67926,1.2886175849420134,0.32808153013910357
5661,0.5661,10,67,10,466563,139047,40040,67916,1.2879969617251472,0.3281552741311249
5662,0.5662,13,69,13,466632,138978,40053,67903,1.2873578124421061,0.32822250472493847
5663,0.5663,13,64,13,466696,138914,40066,67890,1.2867649783245025,0.32828185141486627
5664,0.5664,10,63,10,466759,138851,40076,67880,1.2861814072399866,0.32834940091229664
5665,0.5665,13,63,13,466822,138788,40089,67867,1.2855978361554707,0.328407248796303
5666,0.5666,15,68,15,466890,138720,40104,67852,1.284967949905517,0.3284665879209186
5667,0.5667,15,69,15,466959,138651,40119,67837,1.2843288006224758,0.32852756576653364
5668,0.5668,13,62,13,467021,138589,40132,67824,1.2837544925710476,0.32858395546792113
5669,0.5669,14,67,14,467088,138522,40146,67810,1.2831338693541814,0.3286450962526414
5670,0.567,17,75,17,467163,138447,40163,67793,1.2824391418726149,0.3287092707525213
5671,0.5671,16,66,16,467229,138381,40179,67777,1.2818277816888362,0.32876240553361985
5672,0.5672,9,75,9,467304,138306,40188,67768,1.2811330542072696,0.3288527422188146
5673,0.5673,7,56,7,467360,138250,40195,67761,1.2806143243543666,0.3289193295503638
5674,0.5674,15,65,15,467425,138185,40210,67746,1.2800122272036756,0.32897426808008506
5675,0.5675,16,65,16,467490,138120,40226,67730,1.2794101300529845,0.32902598979839687
5676,0.5676,9,53,9,467543,138067,40235,67721,1.2789191892993441,0.3290813847260287
5677,0.5677,15,46,15,467589,138021,40250,67706,1.2784930897773168,0.3291060483067366
5678,0.5678,12,75,12,467664,137946,40262,67694,1.27779836229575,0.3291869286131103
5679,0.5679,21,74,21,467738,137872,40283,67673,1.277112897847271,0.3292369067600769
5680,0.568,13,72,13,467810,137800,40296,67660,1.2764459594649673,0.32930984133164604
5681,0.5681,19,57,19,467867,137743,40315,67641,1.2759179665789766,0.329339189031278
5682,0.5682,14,58,14,467925,137685,40329,67627,1.2753807106598984,0.32938649470074816
5683,0.5683,17,77,17,468002,137608,40346,67610,1.2746674571121568,0.32945453127893265
5684,0.5684,16,75,16,468077,137533,40362,67594,1.2739727296305903,0.32952268594577994
5685,0.5685,14,61,14,468138,137472,40376,67580,1.2734076846122495,0.3295749370891286
5686,0.5686,17,54,17,468192,137418,40393,67563,1.2729074808255214,0.32960615861957937
5687,0.5687,17,63,17,468255,137355,40410,67546,1.2723239097410055,0.32965188066432083
5688,0.5688,16,68,16,468323,137287,40426,67530,1.2716940234910519,0.3297089597054932
5689,0.5689,13,62,13,468385,137225,40439,67517,1.2711197154396237,0.32976624239286517
5690,0.569,11,61,11,468446,137164,40450,67506,1.2705546704212827,0.3298285044217521
5691,0.5691,18,70,18,468516,137094,40468,67488,1.269906258105154,0.3298823943455436
5692,0.5692,19,67,19,468583,137027,40487,67469,1.2692856348882877,0.32992821375479225
5693,0.5693,12,68,12,468651,136959,40499,67457,1.268655748638334,0.3299986302442079
5694,0.5694,18,80,18,468731,136879,40517,67439,1.2679147059913298,0.3300688142992786
5695,0.5695,11,65,11,468796,136814,40528,67428,1.2673126088406388,0.3301377777342564
5696,0.5696,14,61,14,468857,136753,40542,67414,1.266747563822298,0.3301904813216631
5697,0.5697,16,56,16,468913,136697,40558,67398,1.266228833969395,0.3302285700286631
5698,0.5698,15,53,15,468966,136644,40573,67383,1.2657378932157546,0.3302651119704745
5699,0.5699,9,70,9,469036,136574,40582,67374,1.2650894808996258,0.33034891246788395
5700,0.57,12,79,12,469115,136495,40594,67362,1.264357701285709,0.3304375125700859
5701,0.5701,10,78,10,469193,136417,40604,67352,1.2636351847048797,0.33053114065436845
5702,0.5702,13,58,13,469251,136359,40617,67339,1.2630979287858015,0.33058252903808577
5703,0.5703,19,54,19,469305,136305,40636,67320,1.2625977249990736,0.33060773480662986
5704,0.5704,20,49,20,469354,136256,40656,67300,1.2621438363777835,0.330621548861247
5705,0.5705,7,67,7,469421,136189,40663,67293,1.2615232131609173,0.33070738443695263
5706,0.5706,19,65,19,469486,136124,40682,67274,1.2609211160102265,0.3307505481863145
5707,0.5707,9,48,9,469534,136076,40691,67265,1.2604764904220238,0.3307990026605554
5708,0.5708,12,75,12,469609,136001,40703,67253,1.2597817629404573,0.3308815570665276
5709,0.5709,10,69,10,469678,135932,40713,67243,1.259142613657416,0.3309609942168082
5710,0.571,16,57,16,469735,135875,40729,67227,1.2586146207714255,0.33100117182499433
5711,0.5711,16,66,16,469801,135809,40745,67211,1.2580032605876468,0.3310560535907792
5712,0.5712,11,76,11,469877,135733,40756,67200,1.2572992700729928,0.33114377651737276
5713,0.5713,13,65,13,469942,135668,40769,67187,1.2566971729223018,0.3312070197924626
5714,0.5714,15,67,15,470009,135601,40784,67172,1.2560765497054356,0.33126698327686627
5715,0.5715,11,83,11,470092,135518,40795,67161,1.2553077179591685,0.3313663477715994
5716,0.5716,17,69,17,470161,135449,40812,67144,1.2546685686761274,0.33142309951479076
5717,0.5717,22,78,22,470239,135371,40834,67122,1.253946052095298,0.33147812516975894
5718,0.5718,16,58,16,470297,135313,40850,67106,1.25340879617622,0.33152026242595806
5719,0.5719,7,72,7,470369,135241,40857,67099,1.252741857793916,0.3316151032914896
5720,0.572,21,71,21,470440,135170,40878,67078,1.2520841824446998,0.33166211779597327
5721,0.5721,13,60,13,470500,135110,40891,67065,1.2515284004594465,0.3317175714109064
5722,0.5722,11,51,11,470551,135059,40902,67054,1.2510559857719812,0.3317649037914434
5723,0.5723,8,60,8,470611,134999,40910,67046,1.2505002037867279,0.33183696701229926
5724,0.5724,11,65,11,470676,134934,40921,67035,1.2498981066360368,0.33190737192341396
5725,0.5725,10,63,10,470739,134871,40931,67025,1.249314535551521,0.33197784998216906
5726,0.5726,20,61,20,470800,134810,40951,67005,1.2487494905331802,0.3320119911800411
5727,0.5727,19,71,19,470871,134739,40970,66986,1.2480918151839637,0.33206593134217377
5728,0.5728,15,82,15,470953,134657,40985,66971,1.2473322464707843,0.33215128851151626
5729,0.5729,14,47,14,471000,134610,40999,66957,1.2468968839156693,0.33218235127773893
5730,0.573,15,56,15,471056,134554,41014,66942,1.2463781540627663,0.332224957319252
5731,0.5731,18,46,18,471102,134508,41032,66924,1.2459520545407388,0.33224115334207077
5732,0.5732,9,61,9,471163,134447,41041,66915,1.245387009522398,0.3323119555824833
5733,0.5733,14,80,14,471243,134367,41055,66901,1.2446459668753937,0.33239759922093925
5734,0.5734,12,63,12,471306,134304,41067,66889,1.2440623957908779,0.33246186497542163
5735,0.5735,15,47,15,471353,134257,41082,66874,1.2436270332357626,0.3324897703486782
5736,0.5736,14,61,14,471414,134196,41096,66860,1.2430619882174219,0.3325441667992997
5737,0.5737,14,61,14,471475,134135,41110,66846,1.242496943199081,0.33259860384812495
5738,0.5738,10,61,10,471536,134074,41120,66836,1.2419318981807403,0.33266636802548405
5739,0.5739,14,50,14,471586,134024,41134,66822,1.2414687465263625,0.33270266771556317
5740,0.574,18,66,18,471652,133958,41152,66804,1.240857386342584,0.3327522140644146
5741,0.5741,16,58,16,471710,133900,41168,66788,1.2403201304235059,0.33279518456509605
5742,0.5742,18,56,18,471766,133844,41186,66770,1.2398014005706028,0.33282821737266594
5743,0.5743,10,66,10,471832,133778,41196,66760,1.2391900403868243,0.3329044869301579
5744,0.5744,16,63,16,471895,133715,41212,66744,1.2386064693023084,0.3329558662868716
5745,0.5745,22,63,22,471958,133652,41234,66722,1.2380228982177925,0.33298731372333734
5746,0.5746,15,69,15,472027,133583,41249,66707,1.2373837489347512,0.3330520744919866
5747,0.5747,17,60,17,472087,133523,41266,66690,1.236827966949498,0.33309525355496394
5748,0.5748,13,69,13,472156,133454,41279,66677,1.2361888176664566,0.333166775761876
5749,0.5749,12,71,12,472227,133383,41291,66665,1.2355311423172404,0.3332450211949132
5750,0.575,14,64,14,472291,133319,41305,66651,1.2349383081996368,0.3333049957493624
5751,0.5751,17,72,17,472363,133247,41322,66634,1.234271369817333,0.3333683541707316
5752,0.5752,14,55,14,472418,133192,41336,66620,1.2337619029975175,0.33341340860408786
5753,0.5753,14,82,14,472500,133110,41350,66606,1.2330023342843381,0.33350357507660877
5754,0.5754,20,69,20,472569,133041,41370,66586,1.2323631850012968,0.33355207461916475
5755,0.5755,19,52,19,472621,132989,41389,66567,1.231881507280744,0.33357553769368
5756,0.5756,19,56,19,472677,132933,41408,66548,1.231362777427841,0.3336057068091698
5757,0.5757,13,80,13,472757,132853,41421,66535,1.2306217347808366,0.3336961100968965
5758,0.5758,12,66,12,472823,132787,41433,66523,1.230010374597058,0.33376649440569967
5759,0.5759,17,72,17,472895,132715,41450,66506,1.2293434362147542,0.3338302688973552
5760,0.576,10,57,10,472952,132658,41460,66496,1.2288154433287635,0.3338923647026924
5761,0.5761,13,65,13,473017,132593,41473,66483,1.2282133461780727,0.33395788543068977
5762,0.5762,12,62,12,473079,132531,41485,66471,1.2276390381266442,0.334021768625441
5763,0.5763,12,67,12,473146,132464,41497,66459,1.227018414909778,0.3340940967107876
5764,0.5764,18,69,18,473215,132395,41515,66441,1.2263792656267367,0.3341497515540445
5765,0.5765,12,55,12,473270,132340,41527,66429,1.2258697988069214,0.3342020133924304
5766,0.5766,16,62,16,473332,132278,41543,66413,1.225295490755493,0.33425268381557294
5767,0.5767,18,66,18,473398,132212,41561,66395,1.2246841305717144,0.3343034233435881
5768,0.5768,16,63,16,473461,132149,41577,66379,1.2241005594871985,0.33435585912314636
5769,0.5769,24,68,24,473529,132081,41601,66355,1.223470673237245,0.33438992924670924
5770,0.577,15,59,15,473588,132022,41616,66340,1.222924154285079,0.3344390558675553
5771,0.5771,17,60,17,473648,131962,41633,66323,1.2223683722998258,0.3344831933832615
5772,0.5772,15,57,15,473705,131905,41648,66308,1.2218403794138353,0.3345290167647934
5773,0.5773,17,58,17,473763,131847,41665,66291,1.2213031234947571,0.3345698452593647
5774,0.5774,15,64,15,473827,131783,41680,66276,1.2207102893771538,0.3346275604744041
5775,0.5775,15,63,15,473890,131720,41695,66261,1.2201267182926376,0.3346836312575449
5776,0.5776,14,60,14,473950,131660,41709,66247,1.2195709363073846,0.3347380335207951
5777,0.5777,17,58,17,474008,131602,41726,66230,1.2190336803883064,0.33477900440778036
5778,0.5778,21,51,21,474059,131551,41747,66209,1.2185612657008411,0.3347947006472492
5779,0.5779,17,61,17,474120,131490,41764,66192,1.2179962206825004,0.3348408049291286
5780,0.578,12,57,12,474177,131433,41776,66180,1.2174682277965096,0.3348969956429992
5781,0.5781,9,54,9,474231,131379,41785,66171,1.2169680240097818,0.334958238420653
5782,0.5782,14,68,14,474299,131311,41799,66157,1.2163381377598281,0.33502643466283144
5783,0.5783,16,65,16,474364,131246,41815,66141,1.215736040609137,0.3350828575336775
5784,0.5784,19,66,19,474430,131180,41834,66122,1.2151246804253584,0.33513091605761725
5785,0.5785,16,81,16,474511,131099,41850,66106,1.2143743747452667,0.3352146243756497
5786,0.5786,19,64,19,474575,131035,41869,66087,1.213781540627663,0.335259382514382
5787,0.5787,6,75,6,474650,130960,41875,66081,1.2130868131460966,0.33536675108226205
5788,0.5788,19,76,19,474726,130884,41894,66062,1.2123828226314424,0.3354320473632366
5789,0.5789,14,74,14,474800,130810,41908,66048,1.2116973581829635,0.33551087585975675
5790,0.579,9,72,9,474872,130738,41917,66039,1.2110304198006596,0.33560324631435584
5791,0.5791,15,46,15,474918,130692,41932,66024,1.210604320278632,0.33563106203867504
5792,0.5792,14,59,14,474977,130633,41946,66010,1.2100578013264662,0.3356844637236006
5793,0.5793,16,53,16,475030,130580,41962,65994,1.209566860572826,0.33572089899986773
5794,0.5794,14,66,14,475096,130514,41976,65980,1.2089555003890473,0.33578633444278194
5795,0.5795,9,64,9,475160,130450,41985,65971,1.208362666271444,0.33586530971739276
5796,0.5796,18,68,18,475228,130382,42003,65953,1.2077327800214903,0.33592074770163244
5797,0.5797,15,64,15,475292,130318,42018,65938,1.2071399459038867,0.33597953693135496
5798,0.5798,15,58,15,475350,130260,42033,65923,1.2066026899848086,0.3360280962162879
5799,0.5799,21,66,21,475416,130194,42054,65902,1.20599132980103,0.3360700881201044
5800,0.58,16,60,16,475476,130134,42070,65886,1.2054355478157768,0.33611876339149066
5801,0.5801,17,60,17,475536,130074,42087,65869,1.2048797658305235,0.33616408853595175
5802,0.5802,18,68,18,475604,130006,42105,65851,1.2042498795805698,0.33621979301224875
5803,0.5803,7,65,7,475669,129941,42112,65844,1.2036477824298788,0.3363076844497791
5804,0.5804,15,61,15,475730,129880,42127,65829,1.203082737411538,0.33636163896397203
5805,0.5805,12,61,12,475791,129819,42139,65817,1.2025176923931973,0.33642581120039255
5806,0.5806,20,65,20,475856,129754,42159,65797,1.2019155952425062,0.3364697700344156
5807,0.5807,13,59,13,475915,129695,42172,65784,1.2013690762903404,0.3365271972948501
5808,0.5808,21,57,21,475972,129638,42193,65763,1.20084108340435,0.33655406062405
5809,0.5809,8,68,8,476040,129570,42201,65755,1.2002111971543963,0.33664405478049403
5810,0.581,14,73,14,476113,129497,42215,65741,1.1995349957390047,0.33672235937676065
5811,0.5811,16,69,16,476182,129428,42231,65725,1.1988958464559636,0.3367870337632524
5812,0.5812,16,72,16,476254,129356,42247,65709,1.1982289080736597,0.3368569451208572
5813,0.5813,21,64,21,476318,129292,42268,65688,1.197636073956056,0.33689609190686226
5814,0.5814,14,73,14,476391,129219,42282,65674,1.1969598725406647,0.3369746476271595
5815,0.5815,19,67,19,476458,129152,42301,65655,1.1963392493237985,0.3370258768935408
5816,0.5816,16,55,16,476513,129097,42317,65639,1.1958297825039832,0.33706659272040096
5817,0.5817,17,57,17,476570,129040,42334,65622,1.1953017896179925,0.33710739641018794
5818,0.5818,8,67,8,476637,128973,42342,65614,1.1946811664011263,0.3371962155745245
5819,0.5819,15,50,15,476687,128923,42357,65599,1.1942180147467487,0.3372317784106682
5820,0.582,16,50,16,476737,128873,42373,65583,1.1937548630923709,0.337263956884848
5821,0.5821,12,77,12,476814,128796,42385,65571,1.1930416095446292,0.33735665004861937
5822,0.5822,11,71,11,476885,128725,42396,65560,1.192383934195413,0.33744241706770983
5823,0.5823,6,71,6,476956,128654,42402,65554,1.1917262588461965,0.3375453122425441
5824,0.5824,11,62,11,477018,128592,42413,65543,1.1911519507947683,0.3376155767893476
5825,0.5825,21,62,21,477080,128530,42434,65522,1.1905776427433399,0.3376517634448498
5826,0.5826,17,61,17,477141,128469,42451,65505,1.1900125977249991,0.3376998979244641
5827,0.5827,14,56,14,477197,128413,42465,65491,1.189493867872096,0.33774960805346976
5828,0.5828,12,71,12,477268,128342,42477,65479,1.1888361925228796,0.337832329830101
5829,0.5829,15,66,15,477334,128276,42492,65464,1.1882248323391011,0.3378961494786828
5830,0.583,16,74,16,477408,128202,42508,65448,1.187539367890622,0.3379705654531371
5831,0.5831,14,50,14,477458,128152,42522,65434,1.1870762162362445,0.33800998006054156
5832,0.5832,17,49,17,477507,128103,42539,65417,1.1866223276149543,0.3380374121537826
5833,0.5833,9,58,9,477565,128045,42548,65408,1.1860850716958762,0.3381079642083607
5834,0.5834,18,56,18,477621,127989,42566,65390,1.1855663418429732,0.33814426592339397
5835,0.5835,19,62,19,477683,127927,42585,65371,1.1849920337915447,0.33818766878084616
5836,0.5836,16,72,16,477755,127855,42601,65355,1.1843250954092408,0.33825888929144454
5837,0.5837,18,55,18,477810,127800,42619,65337,1.1838156285894252,0.33829354292548813
5838,0.5838,15,53,15,477863,127747,42634,65322,1.183324687835785,0.338334999404358
5839,0.5839,14,71,14,477934,127676,42648,65308,1.1826670124865686,0.3384114745263856
5840,0.584,15,58,15,477992,127618,42663,65293,1.1821297565674904,0.33846177771096514
5841,0.5841,11,58,11,478050,127560,42674,65282,1.1815925006484123,0.3385258398066811
5842,0.5842,18,66,18,478116,127494,42692,65264,1.1809811404646338,0.3385799811162183
5843,0.5843,14,72,14,478188,127422,42706,65250,1.1803142020823298,0.33865844544095663
5844,0.5844,12,49,12,478237,127373,42718,65238,1.1798603134610397,0.33870339700224805
5845,0.5845,16,56,16,478293,127317,42734,65222,1.1793415836081367,0.3387469551623308
5846,0.5846,14,51,14,478344,127266,42748,65208,1.1788691689206714,0.3387886156052246
5847,0.5847,13,73,13,478417,127193,42761,65195,1.17819296750528,0.33887248684949167
5848,0.5848,17,49,17,478466,127144,42778,65178,1.1777390788839899,0.3389003858112956
5849,0.5849,17,50,17,478516,127094,42795,65161,1.177275927229612,0.33893006683831367
5850,0.585,16,70,16,478586,127024,42811,65145,1.1766275149134833,0.33899848570789254
5851,0.5851,15,82,15,478668,126942,42826,65130,1.1758679462003039,0.3390915906535049
5852,0.5852,13,58,13,478726,126884,42839,65117,1.1753306902812257,0.3391492752641913
5853,0.5853,10,58,10,478784,126826,42849,65107,1.1747934343621476,0.33921733104781354
5854,0.5854,11,65,11,478849,126761,42860,65096,1.1741913372114565,0.33929437028620274
5855,0.5855,26,66,26,478915,126695,42886,65070,1.173579977027678,0.3393215654577217
5856,0.5856,9,67,9,478982,126628,42895,65061,1.1729593538108118,0.3394091471080761
5857,0.5857,19,61,19,479043,126567,42914,65042,1.172394308792471,0.3394516959015495
5858,0.5858,19,59,19,479102,126508,42933,65023,1.1718477898403052,0.33949073518125006
5859,0.5859,18,63,18,479165,126445,42951,65005,1.1712642187557893,0.33954034996082527
5860,0.586,13,59,13,479224,126386,42964,64992,1.1707176998036237,0.3396001630281433
5861,0.5861,17,63,17,479287,126323,42981,64975,1.1701341287191078,0.3396533157691142
5862,0.5862,13,69,13,479356,126254,42994,64962,1.1694949794360665,0.33973098485482384
5863,0.5863,14,73,14,479429,126181,43008,64948,1.1688187780206751,0.33981237802740555
5864,0.5864,12,74,12,479503,126107,43020,64936,1.168133313572196,0.33990253503138035
5865,0.5865,9,61,9,479564,126046,43029,64927,1.1675682685538553,0.33997999717237515
5866,0.5866,8,65,8,479629,125981,43037,64919,1.1669661714031643,0.34006809848088004
5867,0.5867,16,57,16,479686,125924,43053,64903,1.1664381785171736,0.3401143444061899
5868,0.5868,13,78,13,479764,125846,43066,64890,1.1657156619363445,0.34020845566647095
5869,0.5869,16,64,16,479828,125782,43082,64874,1.1651228278187409,0.3402672876804297
5870,0.587,14,55,14,479883,125727,43096,64860,1.1646133609989255,0.3403170205732815
5871,0.5871,6,68,6,479951,125659,43102,64854,1.163983474748972,0.340417714276716
5872,0.5872,16,69,16,480020,125590,43118,64838,1.1633443254659306,0.3404856428676455
5873,0.5873,7,51,7,480071,125539,43125,64831,1.1628719107784653,0.34055260807900406
5874,0.5874,21,64,21,480135,125475,43146,64810,1.162279076660862,0.340594371600494
5875,0.5875,16,66,16,480201,125409,43162,64794,1.1616677164770832,0.3406570874276431
5876,0.5876,17,51,17,480252,125358,43179,64777,1.161195301789618,0.34068951008493964
5877,0.5877,15,51,15,480303,125307,43194,64762,1.1607228871021527,0.34072889319141997
5878,0.5878,14,75,14,480378,125232,43208,64748,1.1600281596205861,0.34081482261290663
5879,0.5879,17,64,17,480442,125168,43225,64731,1.1594353255029828,0.3408706733579429
5880,0.588,11,54,11,480496,125114,43236,64720,1.1589351217162547,0.340929443619162
5881,0.5881,14,65,14,480561,125049,43250,64706,1.1583330245655636,0.34099760217122077
5882,0.5882,12,55,12,480616,124994,43262,64694,1.1578235577457483,0.3410547846990848
5883,0.5883,18,58,18,480674,124936,43280,64676,1.1572863018266701,0.3410965550703542
5884,0.5884,17,58,17,480732,124878,43297,64659,1.156749045907592,0.34114183510343626
5885,0.5885,14,72,14,480804,124806,43311,64645,1.156082107525288,0.34122279639590186
5886,0.5886,15,60,15,480864,124746,43326,64630,1.1555263255400348,0.34127872592091923
5887,0.5887,12,66,12,480930,124680,43338,64618,1.1549149653562563,0.3413559572737166
5888,0.5888,19,56,19,480986,124624,43357,64599,1.1543962355033532,0.3413908457217146
5889,0.5889,16,57,16,481043,124567,43373,64583,1.1538682426173625,0.34143801215966163
5890,0.589,23,80,23,481123,124487,43396,64560,1.1531271999703583,0.34150237771559455
5891,0.5891,23,64,23,481187,124423,43419,64537,1.152534365852755,0.3415378916172735
5892,0.5892,15,58,15,481245,124365,43434,64522,1.1519971099336768,0.3415904747282767
5893,0.5893,20,59,20,481304,124306,43454,64502,1.151450590981511,0.34162747341214356
5894,0.5894,19,59,19,481363,124247,43473,64483,1.1509040720293453,0.34166799131033754
5895,0.5895,18,54,18,481417,124193,43491,64465,1.1504038682426174,0.34170297575507
5896,0.5896,15,50,15,481467,124143,43506,64450,1.1499407165882396,0.34174120990704854
5897,0.5897,18,65,18,481532,124078,43524,64432,1.1493386194375486,0.3417961911834916
5898,0.5898,17,67,17,481599,124011,43541,64415,1.1487179962206826,0.34185834226699074
5899,0.5899,12,69,12,481668,123942,43553,64403,1.1480788469376413,0.34194164963232365
5900,0.59,19,67,19,481735,123875,43572,64384,1.147458223720775,0.34199692976165813
5901,0.5901,15,55,15,481790,123820,43587,64369,1.1469487569009595,0.3420444340529999
5902,0.5902,13,58,13,481848,123762,43600,64356,1.1464115009818816,0.3421044238190923
5903,0.5903,17,80,17,481928,123682,43617,64339,1.1456704583348771,0.34219049999734075
5904,0.5904,23,61,23,481989,123621,43640,64316,1.1451054133165364,0.3422210634414724
5905,0.5905,14,59,14,482048,123562,43654,64302,1.1445588943643707,0.34227952135587447
5906,0.5906,16,64,16,482112,123498,43670,64286,1.1439660602467672,0.34234013547480086
5907,0.5907,22,58,22,482170,123440,43692,64264,1.143428804327689,0.3423688360397221
5908,0.5908,15,67,15,482237,123373,43707,64249,1.1428081811108228,0.34243852000298475
5909,0.5909,17,57,17,482294,123316,43724,64232,1.1422801882248323,0.3424829910209653
5910,0.591,13,59,13,482353,123257,43737,64219,1.1417336692726667,0.3425451791162602
5911,0.5911,19,68,19,482421,123189,43756,64200,1.1411037830227129,0.342602820869955
5912,0.5912,16,67,16,482488,123122,43772,64184,1.140483159805847,0.342669215081204
5913,0.5913,18,69,18,482557,123053,43790,64166,1.1398440105228056,0.3427323081524845
5914,0.5914,14,61,14,482618,122992,43804,64152,1.1392789655044648,0.34279485316120206
5915,0.5915,12,73,12,482691,122919,43816,64140,1.1386027640890732,0.3428864689750293
5916,0.5916,21,62,21,482753,122857,43837,64119,1.138028456037645,0.34292636488105427
5917,0.5917,10,72,10,482825,122785,43847,64109,1.137361517655341,0.34302331803054137
5918,0.5918,6,54,6,482879,122731,43853,64103,1.1368613138686132,0.3431013627070019
5919,0.5919,21,68,21,482947,122663,43874,64082,1.1362314276186594,0.3431524271064821
5920,0.592,8,50,8,482997,122613,43882,64074,1.1357682759642818,0.34321618537980686
5921,0.5921,21,57,21,483054,122556,43903,64053,1.135240283078291,0.3432471102679935
5922,0.5922,11,48,11,483102,122508,43914,64042,1.1347956574900886,0.3432967032967033
5923,0.5923,19,64,19,483166,122444,43933,64023,1.134202823372485,0.3433476164683295
5924,0.5924,15,76,15,483242,122368,43948,64008,1.133498832857831,0.3434347770099154
5925,0.5925,12,75,12,483317,122293,43960,63996,1.1328041053762643,0.34353075060792637
5926,0.5926,19,55,19,483372,122238,43979,63977,1.132294638556449,0.34356523373519854
5927,0.5927,11,56,11,483428,122182,43990,63966,1.131775908703546,0.34362979994413045
5928,0.5928,19,62,19,483490,122120,44009,63947,1.1312016006521175,0.3436772775398109
5929,0.5929,12,63,12,483553,122057,44021,63935,1.1306180295676016,0.3437513441438341
5930,0.593,14,49,14,483602,122008,44035,63921,1.1301641409463115,0.3437925229523098
5931,0.5931,14,71,14,483673,121937,44049,63907,1.1295064655970952,0.34387443231957987
5932,0.5932,17,72,17,483745,121865,44066,63890,1.1288395272147913,0.3439476730101478
5933,0.5933,16,58,16,483803,121807,44082,63874,1.1283022712957131,0.34399857820670937
5934,0.5934,8,58,8,483861,121749,44090,63866,1.127765015376635,0.34407779543679123
5935,0.5935,16,59,16,483920,121690,44106,63850,1.1272184964244691,0.3441306456828716
5936,0.5936,15,58,15,483978,121632,44121,63835,1.126681240505391,0.3441852189338265
5937,0.5937,16,60,16,484038,121572,44137,63819,1.126125458520138,0.344240011651051
5938,0.5938,12,63,12,484101,121509,44149,63807,1.125541887435622,0.34431457618338407
5939,0.5939,18,61,18,484162,121448,44167,63789,1.124976842417281,0.3443642468837219
5940,0.594,24,66,24,484228,121382,44191,63765,1.1243654822335025,0.34440201569563644
5941,0.5941,18,68,18,484296,121314,44209,63747,1.1237355959835489,0.3444647980936016
5942,0.5942,12,46,12,484342,121268,44221,63735,1.1233094964615213,0.34450792689848275
5943,0.5943,15,65,15,484407,121203,44236,63720,1.1227073993108303,0.3445758504891225
5944,0.5944,20,54,20,484461,121149,44256,63700,1.1222071955241024,0.34460559700079524
5945,0.5945,16,49,16,484510,121100,44272,63684,1.1217533069028123,0.34464022859122
5946,0.5946,10,61,10,484571,121039,44282,63674,1.1211882618844715,0.3447185633929393
5947,0.5947,11,54,11,484625,120985,44293,63663,1.1206880580977436,0.3447803388068108
5948,0.5948,15,56,15,484681,120929,44308,63648,1.1201693282448404,0.34483169625684673
5949,0.5949,14,69,14,484750,120860,44322,63634,1.1195301789617993,0.34491094561340746
5950,0.595,12,72,12,484822,120788,44334,63622,1.1188632405794954,0.34500298248468086
5951,0.5951,20,65,20,484887,120723,44354,63602,1.1182611434288043,0.34505357385053576
5952,0.5952,7,58,7,484945,120665,44361,63595,1.1177238875097262,0.3451373059806795
5953,0.5953,17,44,17,484989,120621,44378,63578,1.1173163140538738,0.34515931139691314
5954,0.5954,21,54,21,485043,120567,44399,63557,1.116816110267146,0.34518585301210053
5955,0.5955,12,56,12,485099,120511,44411,63545,1.1162973804142429,0.3452481853348981
5956,0.5956,12,58,12,485157,120453,44423,63533,1.1157601244951647,0.34531431739371476
5957,0.5957,15,63,15,485220,120390,44438,63518,1.1151765534106488,0.3453792113448028
5958,0.5958,14,56,14,485276,120334,44452,63504,1.1146578235577458,0.345434567390855
5959,0.5959,19,46,19,485322,120288,44471,63485,1.1142317240357182,0.3454533582191073
5960,0.596,14,63,14,485385,120225,44485,63471,1.1136481529512023,0.3455219493075516
5961,0.5961,18,68,18,485453,120157,44503,63453,1.1130182667012487,0.34558575240999945
5962,0.5962,11,56,11,485509,120101,44514,63442,1.1124995368483457,0.34565197256228786
5963,0.5963,17,62,17,485571,120039,44531,63425,1.1119252287969172,0.3457081498277591
5964,0.5964,11,60,11,485631,119979,44542,63414,1.111369446811664,0.3457820091279384
5965,0.5965,14,62,14,485693,119917,44556,63400,1.1107951387602357,0.3458489938194494
5966,0.5966,10,49,10,485742,119868,44566,63390,1.1103412501389456,0.34590577219002716
5967,0.5967,22,47,22,485789,119821,44588,63368,1.1099058875838304,0.34591596657004514
5968,0.5968,13,69,13,485858,119752,44601,63355,1.1092667383007893,0.3459998798516714
5969,0.5969,17,52,17,485910,119700,44618,63338,1.1087850605802363,0.3460374348495941
5970,0.597,18,72,18,485982,119628,44636,63320,1.1081181221979326,0.34610927695301397
5971,0.5971,21,61,21,486043,119567,44657,63299,1.1075530771795916,0.3461496396268306
5972,0.5972,15,66,15,486109,119501,44672,63284,1.1069417169958131,0.3462209699920672
5973,0.5973,12,60,12,486169,119441,44684,63272,1.1063859350105598,0.3462917252740637
5974,0.5974,18,52,18,486221,119389,44702,63254,1.105904257290007,0.3463258925882733
5975,0.5975,22,57,22,486278,119332,44724,63232,1.1053762644040164,0.34635525076137685
5976,0.5976,12,48,12,486326,119284,44736,63220,1.104931638815814,0.3464033665015561
5977,0.5977,11,76,11,486402,119208,44747,63209,1.1042276483011597,0.3465082749962997
5978,0.5978,21,50,21,486452,119158,44768,63188,1.1037644966467821,0.34652802913143144
5979,0.5979,19,51,19,486503,119107,44787,63169,1.1032920819593168,0.346556869801839
5980,0.598,18,60,18,486563,119047,44805,63151,1.1027362999740635,0.34660643914861855
5981,0.5981,21,62,21,486625,118985,44826,63130,1.102161991922635,0.34664909535183813
5982,0.5982,19,72,19,486697,118913,44845,63111,1.1014950535403312,0.3467180152067859
5983,0.5983,7,75,7,486772,118838,44852,63104,1.1008003260587647,0.34683580481691967
5984,0.5984,19,43,19,486815,118795,44871,63085,1.100402015636,0.34684957114581044
5985,0.5985,16,65,16,486880,118730,44887,63069,1.099799918485309,0.34691609964851294
5986,0.5986,26,66,26,486946,118664,44913,63043,1.0991885583015302,0.34694865910504274
5987,0.5987,30,63,30,487009,118601,44943,63013,1.0986049872170143,0.3469611373572522
5988,0.5988,10,73,10,487082,118528,44953,63003,1.097928785801623,0.34706468867576334
5989,0.5989,13,46,13,487128,118482,44966,62990,1.0975026862795954,0.3471058896138247
5990,0.599,20,53,20,487181,118429,44986,62970,1.097011745525955,0.3471353204813698
5991,0.5991,20,48,20,487229,118381,45006,62950,1.0965671199377525,0.3471552023647363
5992,0.5992,13,55,13,487284,118326,45019,62937,1.096057653117937,0.3472137170851194
5993,0.5993,18,55,18,487339,118271,45037,62919,1.0955481862981216,0.3472542634803245
5994,0.5994,14,66,14,487405,118205,45051,62905,1.0949368261143428,0.3473303517199492
5995,0.5995,17,66,17,487471,118139,45068,62888,1.0943254659305643,0.347395692355284
5996,0.5996,11,63,11,487534,118076,45079,62877,1.0937418948460484,0.34747696915773707
5997,0.5997,6,57,6,487591,118019,45085,62871,1.0932139019600577,0.3475648183979214
5998,0.5998,13,65,13,487656,117954,45098,62858,1.0926118048093667,0.3476428555626839
5999,0.5999,18,57,18,487713,117897,45116,62840,1.0920838119233762,0.3476875238606373
6000,0.6,23,51,23,487764,117846,45139,62817,1.091611397235911,0.347702628651135
6001,0.6001,16,62,16,487826,117784,45155,62801,1.0910370891844825,0.34776421075947617
6002,0.6002,15,44,15,487870,117740,45170,62786,1.09062951572863,0.3477947774835758
6003,0.6003,14,62,14,487932,117678,45184,62772,1.0900552076772019,0.34786367414796343
6004,0.6004,20,61,20,487993,117617,45204,62752,1.0894901626588611,0.34790900875427594
6005,0.6005,9,61,9,488054,117556,45213,62743,1.0889251176405201,0.34799416524772736
6006,0.6006,15,48,15,488102,117508,45228,62728,1.0884804920523177,0.3480325795068688
6007,0.6007,16,49,16,488151,117459,45244,62712,1.0880266034310275,0.34806933413257407
6008,0.6008,12,61,12,488212,117398,45256,62700,1.0874615584126865,0.348143788381881
6009,0.6009,16,58,16,488270,117340,45272,62684,1.0869243024936086,0.3481980180420388
6010,0.601,14,64,14,488334,117276,45286,62670,1.086331468376005,0.34827114801107
6011,0.6011,15,68,15,488402,117208,45301,62655,1.0857015821260514,0.34834846522075136
6012,0.6012,16,57,16,488459,117151,45317,62639,1.0851735892400607,0.34840091217531566
6013,0.6013,20,69,20,488528,117082,45337,62619,1.0845344399570196,0.34846216771192146
6014,0.6014,14,56,14,488584,117026,45351,62605,1.0840157101041166,0.3485200215998352
6015,0.6015,19,58,19,488642,116968,45370,62586,1.0834784541850384,0.34856366329906324
6016,0.6016,12,56,12,488698,116912,45382,62574,1.0829597243321354,0.34862886241823876
6017,0.6017,9,76,9,488774,116836,45391,62565,1.0822557338174812,0.34874387545219926
6018,0.6018,23,76,23,488850,116760,45414,62542,1.081551743302827,0.3488081560718787
6019,0.6019,19,63,19,488913,116697,45433,62523,1.080968172218311,0.34886173418145294
6020,0.602,14,65,14,488978,116632,45447,62509,1.08036607506762,0.34893742917590054
6021,0.6021,15,62,15,489040,116570,45462,62494,1.0797917670161918,0.34900370817138004
6022,0.6022,14,55,14,489095,116515,45476,62480,1.0792823001963763,0.3490600296097656
6023,0.6023,24,52,24,489147,116463,45500,62456,1.0788006224758235,0.34907416205098396
6024,0.6024,17,64,17,489211,116399,45517,62439,1.07820778835822,0.3491372079759335
6025,0.6025,24,56,24,489267,116343,45541,62415,1.077689058505317,0.3491591984694391
6026,0.6026,13,61,13,489328,116282,45554,62402,1.0771240134869762,0.34923104474939
6027,0.6027,14,63,14,489391,116219,45568,62388,1.0765404424024603,0.34930321879881526
6028,0.6028,23,63,23,489454,116156,45591,62365,1.0759568713179444,0.34934265436559286
6029,0.6029,18,70,18,489524,116086,45609,62347,1.0753084590018156,0.3494140657837956
6030,0.603,15,58,15,489582,116028,45624,62332,1.0747712030827374,0.34947297600358823
6031,0.6031,11,67,11,489649,115961,45635,62321,1.0741505798658713,0.3495641736125913
6032,0.6032,13,61,13,489710,115900,45648,62308,1.0735855348475305,0.3496363799604956
6033,0.6033,11,57,11,489767,115843,45659,62297,1.0730575419615398,0.34970809475693276
6034,0.6034,14,71,14,489838,115772,45673,62283,1.0723998666123236,0.3497964112212519
6035,0.6035,15,52,15,489890,115720,45688,62268,1.0719181888917708,0.34984380969503565
6036,0.6036,15,54,15,489944,115666,45703,62253,1.0714179851050427,0.3498951770187557
6037,0.6037,15,56,15,490000,115610,45718,62238,1.0708992552521397,0.3499505195447798
6038,0.6038,18,56,18,490056,115554,45736,62220,1.0703805253992367,0.3499949373924196
6039,0.6039,10,66,10,490122,115488,45746,62210,1.0697691652154582,0.3500883521480264
6040,0.604,16,56,16,490178,115432,45762,62194,1.0692504353625552,0.3501401821805366
6041,0.6041,17,59,17,490237,115373,45779,62177,1.0687039164103893,0.3501943114615601
6042,0.6042,23,58,23,490295,115315,45802,62154,1.0681666604913114,0.35022454625878324
6043,0.6043,19,64,19,490359,115251,45821,62135,1.0675738263737078,0.35028130743125163
6044,0.6044,24,58,24,490417,115193,45845,62111,1.0670365704546296,0.3503079456752245
6045,0.6045,9,60,9,490477,115133,45854,62102,1.0664807884693763,0.3503935452929726
6046,0.6046,18,65,18,490542,115068,45872,62084,1.0658786913186853,0.3504561054913295
6047,0.6047,16,59,16,490601,115009,45888,62068,1.0653321723665197,0.35051418309548954
6048,0.6048,12,45,12,490646,114964,45900,62056,1.0649153358775798,0.35055925884080896
6049,0.6049,17,71,17,490717,114893,45917,62039,1.0642576605283633,0.35063753306354983
6050,0.605,24,77,24,490794,114816,45941,62015,1.0635444069806217,0.35070208277960313
6051,0.6051,14,69,14,490863,114747,45955,62001,1.0629052576975806,0.3507875619526105
6052,0.6052,27,42,27,490905,114705,45982,61974,1.0625162103079033,0.3507717385767409
6053,0.6053,14,66,14,490971,114639,45996,61960,1.0619048501241246,0.3508513638242572
6054,0.6054,14,57,14,491028,114582,46010,61946,1.0613768572381341,0.3509131695821626
6055,0.6055,14,72,14,491100,114510,46024,61932,1.0607099188558302,0.3510048627877716
6056,0.6056,15,67,15,491167,114443,46039,61917,1.060089295638964,0.3510830120208664
6057,0.6057,19,49,19,491216,114394,46058,61898,1.059635407017674,0.3511106573185397
6058,0.6058,19,49,19,491265,114345,46077,61879,1.0591815183963837,0.35113832395133465
6059,0.6059,13,58,13,491323,114287,46090,61866,1.0586442624773056,0.3512060538282062
6060,0.606,22,74,22,491397,114213,46112,61844,1.0579587980288265,0.35127259921502696
6061,0.6061,16,50,16,491447,114163,46128,61828,1.057495646374449,0.3513134194362212
6062,0.6062,18,59,18,491506,114104,46146,61810,1.056949127422283,0.3513648714712871
6063,0.6063,8,56,8,491562,114048,46154,61802,1.05643039756938,0.35144725618424794
6064,0.6064,13,62,13,491624,113986,46167,61789,1.0558560895179518,0.3515232541601479
6065,0.6065,16,67,16,491691,113919,46183,61773,1.0552354663010857,0.3515982514855543
6066,0.6066,19,61,19,491752,113858,46202,61754,1.054670421282745,0.35165022891374165
6067,0.6067,13,60,13,491812,113798,46215,61741,1.0541146392974916,0.35172240926517756
6068,0.6068,14,74,14,491886,113724,46229,61727,1.0534291748490126,0.35181902639483387
6069,0.6069,15,67,15,491953,113657,46244,61712,1.0528085516321464,0.35189799793578114
6070,0.607,18,66,18,492019,113591,46262,61694,1.0521971914483679,0.3519639444333514
6071,0.6071,22,64,22,492083,113527,46284,61672,1.0516043573307643,0.35201114161610514
6072,0.6072,24,60,24,492143,113467,46308,61648,1.0510485753455112,0.3520429432087485
6073,0.6073,21,60,21,492203,113407,46329,61627,1.050492793360258,0.3520858804575111
6074,0.6074,21,57,21,492260,113350,46350,61606,1.0499648004742672,0.3521228194517479
6075,0.6075,26,57,26,492317,113293,46376,61580,1.0494368075882767,0.35214126823466174
6076,0.6076,14,56,14,492373,113237,46390,61566,1.0489180777353737,0.3522021933262015
6077,0.6077,12,71,12,492444,113166,46402,61554,1.0482604023861573,0.3523008241758242
6078,0.6078,16,58,16,492502,113108,46418,61538,1.047723146467079,0.35235848516427515
6079,0.6079,22,60,22,492562,113048,46440,61516,1.047167364481826,0.3523979743818886
6080,0.608,11,54,11,492616,112994,46451,61505,1.046667160695098,0.3524662032447177
6081,0.6081,21,63,21,492679,112931,46472,61484,1.046083589610582,0.35251555198807444
6082,0.6082,14,50,14,492729,112881,46486,61470,1.0456204379562044,0.3525646540599136
6083,0.6083,18,72,18,492801,112809,46504,61452,1.0449534995739005,0.35264344862017316
6084,0.6084,20,70,20,492871,112739,46524,61432,1.0443050872577717,0.35271084164413136
6085,0.6085,11,56,11,492927,112683,46535,61421,1.0437863574048687,0.3527833938335707
6086,0.6086,12,61,12,492988,112622,46547,61409,1.043221312386528,0.3528624210629141
6087,0.6087,17,58,17,493046,112564,46564,61392,1.0426840564674498,0.35291682954310283
6088,0.6088,12,46,12,493092,112518,46576,61380,1.0422579569454222,0.35296553151847637
6089,0.6089,11,52,11,493144,112466,46587,61369,1.0417762792248695,0.35303017228981504
6090,0.609,13,51,13,493195,112415,46600,61356,1.0413038645374042,0.35308538248614557
6091,0.6091,21,59,21,493254,112356,46621,61335,1.0407573455852384,0.35312710503134875
6092,0.6092,20,55,20,493309,112301,46641,61315,1.040247878765423,0.3531644548889503
6093,0.6093,20,70,20,493379,112231,46661,61295,1.0395994664492942,0.3532323686364003
6094,0.6094,15,48,15,493427,112183,46676,61280,1.0391548408610916,0.3532741852729401
6095,0.6095,19,70,19,493497,112113,46695,61261,1.0385064285449628,0.3533459457588796
6096,0.6096,9,73,9,493570,112040,46704,61252,1.0378302271295714,0.3534612099808416
6097,0.6097,25,71,25,493641,111969,46729,61227,1.037172551780355,0.35351278320515483
6098,0.6098,18,62,18,493703,111907,46747,61209,1.0365982437289265,0.35357217126088863
6099,0.6099,21,45,21,493748,111862,46768,61188,1.0361814072399866,0.3535856688818261
6100,0.61,10,61,10,493809,111801,46778,61178,1.0356163622216459,0.3536729892067823
6101,0.6101,22,53,22,493862,111748,46800,61156,1.0351254214680055,0.35369916254106326
6102,0.6102,16,81,16,493943,111667,46816,61140,1.0343751157879135,0.35380511206143267
6103,0.6103,15,62,15,494005,111605,46831,61125,1.0338008077364853,0.3538759914317142
6104,0.6104,10,60,10,494065,111545,46841,61115,1.033245025751232,0.35396154291671494
6105,0.6105,24,66,24,494131,111479,46865,61091,1.0326336655674535,0.354007069594947
6106,0.6106,13,65,13,494196,111414,46878,61078,1.0320315684167625,0.35409178396679264
6107,0.6107,12,65,12,494261,111349,46890,61066,1.0314294712660714,0.35418032073775485
6108,0.6108,12,71,12,494332,111278,46902,61054,1.030771795916855,0.354281271034979
6109,0.6109,17,53,17,494385,111225,46919,61037,1.0302808551632145,0.3543265490938222
6110,0.611,22,62,22,494447,111163,46941,61015,1.0297065471117863,0.35437163865302185
6111,0.6111,12,61,12,494508,111102,46953,61003,1.0291415020934456,0.35445222393306414
6112,0.6112,12,60,12,494568,111042,46965,60991,1.0285857201081923,0.35453081676190035
6113,0.6113,9,59,9,494627,110983,46974,60982,1.0280392011560264,0.3546186724042683
6114,0.6114,21,58,21,494685,110925,46995,60961,1.0275019452369485,0.3546594836112307
6115,0.6115,15,58,15,494743,110867,47010,60946,1.0269646893178703,0.35472286730340546
6116,0.6116,12,61,12,494804,110806,47022,60934,1.0263996442995293,0.3548037731454524
6117,0.6117,15,53,15,494857,110753,47037,60919,1.0259087035458891,0.35485693648352673
6118,0.6118,12,67,12,494924,110686,47049,60907,1.025288080329023,0.3549503767636209
6119,0.6119,14,62,14,494986,110624,47063,60893,1.0247137722775945,0.3550260324049511
6120,0.612,14,54,14,495040,110570,47077,60879,1.0242135684908666,0.35508518568203956
6121,0.6121,17,55,17,495095,110515,47094,60862,1.023704101671051,0.3551351698302573
6122,0.6122,21,58,21,495153,110457,47115,60841,1.023166845751973,0.35517635932702074
6123,0.6123,14,50,14,495203,110407,47129,60827,1.0227036940975953,0.35522734970858594
6124,0.6124,14,59,14,495262,110348,47143,60813,1.0221571751454297,0.35529705949369306
6125,0.6125,11,43,11,495305,110305,47154,60802,1.0217588647226648,0.3553449011437288
6126,0.6126,16,70,16,495375,110235,47170,60786,1.021110452406536,0.35543003490799374
6127,0.6127,17,60,17,495435,110175,47187,60769,1.0205546704212827,0.35549068700861103
6128,0.6128,12,39,12,495474,110136,47199,60757,1.0201934121308682,0.3555265575535569
6129,0.6129,23,55,23,495529,110081,47222,60734,1.0196839453110527,0.355554254602933
6130,0.613,18,59,18,495588,110022,47240,60716,1.019137426358887,0.3556091789759749
6131,0.6131,20,76,20,495664,109946,47260,60696,1.0184334358442328,0.3556920336142333
6132,0.6132,20,61,20,495725,109885,47280,60676,1.017868390825892,0.3557436928723448
6133,0.6133,21,62,21,495787,109823,47301,60655,1.0172940827744636,0.35579370945224603
6134,0.6134,19,62,19,495849,109761,47320,60636,1.0167197747230352,0.3558513354108347
6135,0.6135,15,72,15,495921,109689,47335,60621,1.0160528363407315,0.355945041395103
6136,0.6136,16,43,16,495964,109646,47351,60605,1.0156545259179666,0.3559744142471997
6137,0.6137,13,55,13,496019,109591,47364,60592,1.015145059098151,0.35604026254091187
6138,0.6138,14,64,14,496083,109527,47378,60578,1.0145522249805476,0.35612121924693574
6139,0.6139,19,67,19,496150,109460,47397,60559,1.0139316017636815,0.3561896023385622
6140,0.614,18,59,18,496209,109401,47415,60541,1.0133850828115158,0.35624507184804227
6141,0.6141,19,68,19,496277,109333,47434,60522,1.0127551965615622,0.3563156810220482
6142,0.6142,19,55,19,496332,109278,47453,60503,1.0122457297417466,0.3563590743369399
6143,0.6143,17,77,17,496409,109201,47470,60486,1.011532476194005,0.35645629895042047
6144,0.6144,19,60,19,496469,109141,47489,60467,1.0109766942087517,0.35651030611763596
6145,0.6145,10,54,10,496523,109087,47499,60457,1.0104764904220238,0.35658590100504883
6146,0.6146,21,70,21,496593,109017,47520,60436,1.009828078105895,0.3566534673331248
6147,0.6147,23,54,23,496647,108963,47543,60413,1.0093278743191672,0.3566798129605139
6148,0.6148,13,62,13,496709,108901,47556,60400,1.0087535662677387,0.3567610350795329
6149,0.6149,15,52,15,496761,108849,47571,60385,1.008271888547186,0.35681364264864035
6150,0.615,10,55,10,496816,108794,47581,60375,1.0077624217273704,0.3568916290809782
6151,0.6151,11,61,11,496877,108733,47592,60364,1.0071973767090296,0.3569785389451025
6152,0.6152,19,65,19,496942,108668,47611,60345,1.0065952795583386,0.3570435410293883
6153,0.6153,10,59,10,497001,108609,47621,60335,1.006048760606173,0.35713017331186664
6154,0.6154,10,45,10,497046,108564,47631,60325,1.005631924117233,0.3571872650083783
6155,0.6155,19,66,19,497112,108498,47650,60306,1.0050205639334544,0.35725456742731215
6156,0.6156,14,76,14,497188,108422,47664,60292,1.0043165734188002,0.3573621631874059
6157,0.6157,10,57,10,497245,108365,47674,60282,1.0037885805328097,0.35744484040629243
6158,0.6158,19,59,19,497304,108306,47693,60263,1.0032420615806439,0.35749752326940304
6159,0.6159,11,62,11,497366,108244,47704,60252,1.0026677535292157,0.35758712372994017
6160,0.616,22,70,22,497436,108174,47726,60230,1.002019341213087,0.3576518372485214
6161,0.6161,18,53,18,497489,108121,47744,60212,1.0015284004594465,0.3576957578133818
6162,0.6162,23,54,23,497543,108067,47767,60189,1.0010281966727186,0.3577227558006847
6163,0.6163,20,65,20,497608,108002,47787,60169,1.0004260995220275,0.357784635876578
6164,0.6164,12,47,12,497655,107955,47799,60157,0.9999907369669124,0.357838821737889
6165,0.6165,18,49,18,497704,107906,47817,60139,0.9995368483456223,0.3578743788866078
6166,0.6166,24,64,24,497768,107842,47841,60115,0.9989440142280188,0.3579189911703591
6167,0.6167,17,58,17,497826,107784,47858,60098,0.9984067583089407,0.3579776271428742
6168,0.6168,22,61,22,497887,107723,47880,60076,0.9978417132905999,0.3580235877448614
6169,0.6169,15,69,15,497956,107654,47895,60061,0.9972025640075587,0.3581134662969919
6170,0.617,17,58,17,498014,107596,47912,60044,0.9966653080884805,0.35817227392030543
6171,0.6171,11,67,11,498081,107529,47923,60033,0.9960446848716143,0.35827335553407097
6172,0.6172,19,64,19,498145,107465,47942,60014,0.9954518507540109,0.358337463204342
6173,0.6173,23,60,23,498205,107405,47965,59991,0.9948960687687577,0.35837773901407444
6174,0.6174,13,52,13,498257,107353,47978,59978,0.9944143910482048,0.35843926110523455
6175,0.6175,20,60,20,498317,107293,47998,59958,0.9938586090629515,0.35849113009787686
6176,0.6176,19,59,19,498376,107234,48017,59939,0.9933120901107859,0.3585447410766093
6177,0.6177,21,56,21,498432,107178,48038,59918,0.9927933602578829,0.35858428687700483
6178,0.6178,20,55,20,498487,107123,48058,59898,0.9922838934380673,0.3586255620550709
6179,0.6179,17,50,17,498537,107073,48075,59881,0.9918207417836896,0.358667656959402
6180,0.618,14,63,14,498600,107010,48089,59867,0.9912371706991737,0.358749258435854
6181,0.6181,20,50,20,498650,106960,48109,59847,0.990774019044796,0.3587799073180382
6182,0.6182,24,58,24,498708,106902,48133,59823,0.9902367631257178,0.35881241565452093
6183,0.6183,12,46,12,498754,106856,48145,59811,0.9898106636036904,0.3588652822694355
6184,0.6184,21,51,21,498805,106805,48166,59790,0.9893382489162251,0.3588943245595606
6185,0.6185,13,63,13,498868,106742,48179,59777,0.9887546778317092,0.3589800563299083
6186,0.6186,24,51,24,498919,106691,48203,59753,0.9882822631442439,0.3589976208214174
6187,0.6187,12,63,12,498982,106628,48215,59741,0.987698692059728,0.3590873299713288
6188,0.6188,16,61,16,499043,106567,48231,59725,0.9871336470413873,0.35915738580328577
6189,0.6189,14,46,14,499089,106521,48245,59711,0.9867075475193597,0.3592028009047596
6190,0.619,15,56,15,499145,106465,48260,59696,0.9861888176664567,0.35926601308369593
6191,0.6191,7,58,7,499203,106407,48267,59689,0.9856515617473786,0.3593644639244774
6192,0.6192,18,77,18,499280,106330,48285,59671,0.9849383081996369,0.3594616899898193
6193,0.6193,15,55,15,499335,106275,48300,59656,0.9844288413798215,0.35952293423169873
6194,0.6194,15,57,15,499392,106218,48315,59641,0.9839008484938309,0.35958856619176527
6195,0.6195,16,71,16,499463,106147,48331,59625,0.9832431731446145,0.35968076635378715
6196,0.6196,17,59,17,499522,106088,48348,59608,0.9826966541924488,0.3597431440710699
6197,0.6197,12,56,12,499578,106032,48360,59596,0.9821779243395458,0.3598183881952327
6198,0.6198,22,48,22,499626,105984,48382,59574,0.9817332987513432,0.35983763998115464
6199,0.6199,17,58,17,499684,105926,48399,59557,0.981196042832265,0.3598979955644991
6200,0.62,12,51,12,499735,105875,48411,59545,0.9807236281447997,0.35996251964695924
6201,0.6201,19,63,19,499798,105812,48430,59526,0.9801400570602838,0.3600261282947659
6202,0.6202,17,74,17,499872,105738,48447,59509,0.9794545926118048,0.36012151506532647
6203,0.6203,18,51,18,499923,105687,48465,59491,0.9789821779243395,0.36016297569894296
6204,0.6204,12,52,12,499975,105635,48477,59479,0.9785005002037868,0.36022990176484126
6205,0.6205,14,61,14,500036,105574,48491,59465,0.9779354551854459,0.3603087755015481
6206,0.6206,12,37,12,500073,105537,48503,59453,0.9775927229612065,0.3603430510940057
6207,0.6207,11,71,11,500144,105466,48514,59442,0.97693504761199,0.3604555267179276
6208,0.6208,23,60,23,500204,105406,48537,59419,0.9763792656267368,0.36049749734566966
6209,0.6209,12,65,12,500269,105341,48549,59407,0.9757771684760458,0.36059314832350015
6210,0.621,14,67,14,500336,105274,48563,59393,0.9751565452591797,0.3606855046852132
6211,0.6211,13,64,13,500400,105210,48576,59380,0.9745637111415762,0.36077525973631447
6212,0.6212,17,51,17,500451,105159,48593,59363,0.974091296454111,0.36082104520975916
6213,0.6213,16,59,16,500510,105100,48609,59347,0.9735447775019452,0.36088831051949866
6214,0.6214,13,61,13,500571,105039,48622,59334,0.9729797324836045,0.3609716924312387
6215,0.6215,14,57,14,500628,104982,48636,59320,0.9724517395976139,0.3610424705724824
6216,0.6216,10,65,10,500693,104917,48646,59310,0.9718496424469228,0.3611464619094302
6217,0.6217,10,66,10,500759,104851,48656,59300,0.9712382822631442,0.36125274899330495
6218,0.6218,9,58,9,500817,104793,48665,59291,0.9707010263440661,0.36134540844933083
6219,0.6219,15,53,15,500870,104740,48680,59276,0.9702100855904258,0.361403765486294
6220,0.622,13,53,13,500923,104687,48693,59263,0.9697191448367853,0.3614699603537664
6221,0.6221,22,71,22,500994,104616,48715,59241,0.969061469487569,0.3615408557461689
6222,0.6222,15,47,15,501041,104569,48730,59226,0.968626106932454,0.3615861290027168
6223,0.6223,15,36,15,501077,104533,48745,59211,0.968292637741302,0.36160714285714285
6224,0.6224,14,47,14,501124,104486,48759,59197,0.9678572751861869,0.3616563723783166
6225,0.6225,16,65,16,501189,104421,48775,59181,0.967255178035496,0.3617376315692962
6226,0.6226,11,56,11,501245,104365,48786,59170,0.9667364481825929,0.3618185709481151
6227,0.6227,17,44,17,501289,104321,48803,59153,0.9663288747267406,0.36184959076061024
6228,0.6228,14,48,14,501337,104273,48817,59139,0.9658842491385379,0.361901206765721
6229,0.6229,13,55,13,501392,104218,48830,59126,0.9653747823187224,0.36197227936134785
6230,0.623,20,64,20,501456,104154,48850,59106,0.964781948201119,0.36203601617052555
6231,0.6231,14,64,14,501520,104090,48864,59092,0.9641891140835155,0.36212327340025247
6232,0.6232,25,62,25,501582,104028,48889,59067,0.9636148060320872,0.36216315644256414
6233,0.6233,24,41,24,501623,103987,48913,59043,0.9632350216754975,0.36216033858798996
6234,0.6234,13,64,13,501687,103923,48926,59030,0.962642187557894,0.36225169220572806
6235,0.6235,18,56,18,501743,103867,48944,59012,0.962123457704991,0.3623057607180791
6236,0.6236,11,63,11,501806,103804,48955,59001,0.961539886620475,0.3624028746045883
6237,0.6237,20,56,20,501862,103748,48975,58981,0.9610211567675719,0.3624492253992835
6238,0.6238,13,57,13,501919,103691,48988,58968,0.9604931638815813,0.36252528295390973
6239,0.6239,19,60,19,501979,103631,49007,58949,0.9599373818963282,0.36258457374830855
6240,0.624,20,67,20,502046,103564,49027,58929,0.959316758679462,0.3626556220883361
6241,0.6241,19,52,19,502098,103512,49046,58910,0.9588350809589092,0.36269717156542836
6242,0.6242,9,60,9,502158,103452,49055,58901,0.9582792989736559,0.3627958830449699
6243,0.6243,13,47,13,502205,103405,49068,58888,0.9578439364185409,0.36284990726648714
6244,0.6244,16,54,16,502259,103351,49084,58872,0.9573437326318129,0.3629078490719565
6245,0.6245,14,63,14,502322,103288,49098,58858,0.956760161547297,0.36299384505322363
6246,0.6246,13,68,13,502390,103220,49111,58845,0.9561302752973434,0.36309505445346
6247,0.6247,11,59,11,502449,103161,49122,58834,0.9555837563451777,0.36318404889039785
6248,0.6248,15,74,15,502523,103087,49137,58819,0.9548982918966986,0.3632910454214174
6249,0.6249,11,38,11,502561,103049,49148,58808,0.9545462966393716,0.36333306560729534
6250,0.625,14,61,14,502622,102988,49162,58794,0.9539812516210308,0.3634149658181998
6251,0.6251,16,45,16,502667,102943,49178,58778,0.9535644151320909,0.36345310751232063
6252,0.6252,16,65,16,502732,102878,49194,58762,0.9529623179813999,0.36353625340262313
6253,0.6253,12,61,12,502793,102817,49206,58750,0.952397272963059,0.36362623555552803
6254,0.6254,13,47,13,502840,102770,49219,58737,0.951961910407944,0.3636808311714043
6255,0.6255,20,62,20,502902,102708,49239,58717,0.9513876023565156,0.36374167570078986
6256,0.6256,13,71,13,502973,102637,49252,58704,0.9507299270072993,0.3638504781797559
6257,0.6257,11,67,11,503040,102570,49263,58693,0.9501093037904331,0.3639582545283171
6258,0.6258,13,52,13,503092,102518,49276,58680,0.9496276260698803,0.36402436754798445
6259,0.6259,20,61,20,503153,102457,49296,58660,0.9490625810515395,0.36408324385384533
6260,0.626,11,48,11,503201,102409,49307,58649,0.9486179554633369,0.3641483192390319
6261,0.6261,16,70,16,503271,102339,49323,58633,0.9479695431472082,0.36424347091419623
6262,0.6262,21,52,21,503323,102287,49344,58612,0.9474878654266553,0.364278211797463
6263,0.6263,15,60,15,503383,102227,49359,58597,0.946932083441402,0.36435482266328406
6264,0.6264,16,57,16,503440,102170,49375,58581,0.9464040905554114,0.36442075010419844
6265,0.6265,6,75,6,503515,102095,49381,58575,0.9457093630738449,0.36456712516337836
6266,0.6266,14,60,14,503575,102035,49395,58561,0.9451535810885916,0.364647936436773
6267,0.6267,16,48,16,503623,101987,49411,58545,0.944708955500389,0.3646936436349139
6268,0.6268,16,64,16,503687,101923,49427,58529,0.9441161213827856,0.36477575848228755
6269,0.6269,15,66,15,503753,101857,49442,58514,0.9435047611990071,0.3648664658822356
6270,0.627,16,53,16,503806,101804,49458,58498,0.9430138204453666,0.36492370650397377
6271,0.6271,20,41,20,503847,101763,49478,58478,0.9426340360887769,0.3649378124200423
6272,0.6272,16,55,16,503902,101708,49494,58462,0.9421245692689614,0.36499968783167885
6273,0.6273,22,39,22,503941,101669,49516,58440,0.9417633109785468,0.36500134283519353
6274,0.6274,15,49,15,503990,101620,49531,58425,0.9413094223572567,0.36505357868099597
6275,0.6275,18,44,18,504034,101576,49549,58407,0.9409018489014043,0.3650825400198771
6276,0.6276,25,51,25,504085,101525,49574,58382,0.940429434213939,0.36509971420888393
6277,0.6277,22,41,22,504126,101484,49596,58360,0.9400496498573493,0.36510597832887065
6278,0.6278,14,56,14,504182,101428,49610,58346,0.9395309200044463,0.3651783143690463
6279,0.6279,17,54,17,504236,101374,49627,58329,0.9390307162177183,0.365234216013475
6280,0.628,16,57,16,504293,101317,49643,58313,0.9385027233317278,0.36530100858234665
6281,0.6281,13,52,13,504345,101265,49656,58300,0.9380210456111749,0.36536834518848116
6282,0.6282,21,48,21,504393,101217,49677,58279,0.9375764200229724,0.3653947434418418
6283,0.6283,18,49,18,504442,101168,49695,58261,0.9371225314016821,0.36543539757509613
6284,0.6284,16,60,16,504502,101108,49711,58245,0.9365667494164289,0.36550927814349277
6285,0.6285,8,58,8,504560,101050,49719,58237,0.9360294934973508,0.3656105017986402
6286,0.6286,11,59,11,504619,100991,49730,58226,0.935482974545185,0.3657021549206429
6287,0.6287,15,70,15,504689,100921,49745,58211,0.9348345622290563,0.3658032325365106
6288,0.6288,15,51,15,504740,100870,49760,58196,0.934362147541591,0.3658607119057498
6289,0.6289,25,57,25,504797,100813,49785,58171,0.9338341546556004,0.36589216524933327
6290,0.629,19,62,19,504859,100751,49804,58152,0.933259846604172,0.36595910712824803
6291,0.6291,20,65,20,504924,100686,49824,58132,0.932657749453481,0.36602903952952437
6292,0.6292,20,55,20,504979,100631,49844,58112,0.9321482826336656,0.36607598445285777
6293,0.6293,16,75,16,505054,100556,49860,58096,0.931453555152099,0.3661851095479414
6294,0.6294,9,66,9,505120,100490,49869,58087,0.9308421949683204,0.3663015443601531
6295,0.6295,14,46,14,505166,100444,49883,58073,0.9304160954462929,0.3663518739315026
6296,0.6296,13,59,13,505225,100385,49896,58060,0.9298695764941273,0.36643630281801254
6297,0.6297,22,60,22,505285,100325,49918,58038,0.929313794508874,0.3664871213604188
6298,0.6298,21,56,21,505341,100269,49939,58017,0.928795064655971,0.36653273189037566
6299,0.6299,21,58,21,505399,100211,49960,57996,0.9282578087368928,0.36658302097884415
6300,0.63,18,56,18,505455,100155,49978,57978,0.9277390788839898,0.3666407391246609
6301,0.6301,14,62,14,505517,100093,49992,57964,0.9271647708325614,0.3667284587205881
6302,0.6302,16,48,16,505565,100045,50008,57948,0.9267201452443589,0.3667757432291304
6303,0.6303,13,61,13,505626,99984,50021,57935,0.926155100226018,0.3668652917001754
6304,0.6304,25,57,25,505683,99927,50046,57910,0.9256271073400274,0.3668974955175276
6305,0.6305,19,59,19,505742,99868,50065,57891,0.9250805883878617,0.3669584619577964
6306,0.6306,14,46,14,505788,99822,50079,57877,0.9246544888658342,0.3670093025320389
6307,0.6307,18,57,18,505845,99765,50097,57859,0.9241264959798436,0.36706973557326295
6308,0.6308,17,51,17,505896,99714,50114,57842,0.9236540812923784,0.3671202620020818
6309,0.6309,21,57,21,505953,99657,50135,57821,0.9231260884063878,0.36716874738058647
6310,0.631,19,50,19,506003,99607,50154,57802,0.92266293675201,0.3672089905913893
6311,0.6311,13,48,13,506051,99559,50167,57789,0.9222183111638075,0.3672687291862623
6312,0.6312,15,57,15,506108,99502,50182,57774,0.9216903182778169,0.3673414888476309
6313,0.6313,11,51,11,506159,99451,50193,57763,0.9212179035903516,0.36741638785349906
6314,0.6314,23,60,23,506219,99391,50216,57740,0.9206621216050984,0.36746409047228107
6315,0.6315,15,62,15,506281,99329,50231,57725,0.92008781355367,0.3675487411972952
6316,0.6316,6,55,6,506336,99274,50237,57719,0.9195783467338545,0.3676533348620639
6317,0.6317,8,60,8,506396,99214,50245,57711,0.9190225647486013,0.3677616695873825
6318,0.6318,12,66,12,506462,99148,50257,57699,0.9184112045648227,0.3678680497554942
6319,0.6319,13,66,13,506528,99082,50270,57686,0.9177998443810441,0.3679705041845275
6320,0.632,24,57,24,506585,99025,50294,57662,0.9172718514950535,0.3680075564660757
6321,0.6321,15,38,15,506623,98987,50309,57647,0.9169198562377264,0.3680363139548246
6322,0.6322,19,62,19,506685,98925,50328,57628,0.9163455481862981,0.3681053700663673
6323,0.6323,16,59,16,506744,98866,50344,57612,0.9157990292341325,0.3681795523971421
6324,0.6324,22,57,22,506801,98809,50366,57590,0.9152710363481419,0.3682248607727671
6325,0.6325,21,46,21,506847,98763,50387,57569,0.9148449368261143,0.3682483432694522
6326,0.6326,20,46,20,506893,98717,50407,57549,0.9144188373040868,0.3682758885490126
6327,0.6327,14,55,14,506948,98662,50421,57535,0.9139093704842713,0.36834894396179185
6328,0.6328,23,46,23,506994,98616,50444,57512,0.9134832709622439,0.368364418938307
6329,0.6329,18,51,18,507045,98565,50462,57494,0.9130108562747786,0.36841194676372396
6330,0.633,24,63,24,507108,98502,50486,57470,0.9124272851902627,0.36846357038442795
6331,0.6331,15,52,15,507160,98450,50501,57455,0.9119456074697099,0.36852570475610147
6332,0.6332,23,54,23,507214,98396,50524,57432,0.911445403682982,0.368560207408168
6333,0.6333,19,58,19,507272,98338,50543,57413,0.9109081477639038,0.36862042619309027
6334,0.6334,15,53,15,507325,98285,50558,57398,0.9104172070102634,0.3686850844343955
6335,0.6335,12,56,12,507381,98229,50570,57386,0.9098984771573604,0.36876907753108634
6336,0.6336,12,56,12,507437,98173,50582,57374,0.9093797473044574,0.36885314406578074
6337,0.6337,17,52,17,507489,98121,50599,57357,0.9088980695839045,0.36890749816694324
6338,0.6338,24,62,24,507551,98059,50623,57333,0.9083237615324762,0.3689572178747941
6339,0.6339,12,61,12,507612,97998,50635,57321,0.9077587165141354,0.36905336758542095
6340,0.634,22,57,22,507669,97941,50657,57299,0.9072307236281448,0.36909945890234475
6341,0.6341,17,55,17,507724,97886,50674,57282,0.9067212568083293,0.3691611672509796
6342,0.6342,22,66,22,507790,97820,50696,57260,0.9061098966245508,0.36922878514315194
6343,0.6343,20,54,20,507844,97766,50716,57240,0.9056096928378228,0.36927602802472165
6344,0.6344,17,59,17,507903,97707,50733,57223,0.9050631738856572,0.3693474472342348
6345,0.6345,20,57,20,507960,97650,50753,57203,0.9045351809996666,0.3694019489451286
6346,0.6346,15,51,15,508011,97599,50768,57188,0.9040627663122013,0.36946255176468307
6347,0.6347,15,58,15,508069,97541,50783,57173,0.9035255103931231,0.36953992528148716
6348,0.6348,16,60,16,508129,97481,50799,57157,0.9029697284078698,0.3696180757640425
6349,0.6349,20,66,20,508195,97415,50819,57137,0.9023583682240913,0.3696943423572649
6350,0.635,15,70,15,508265,97345,50834,57122,0.9017099559079625,0.36980066939864176
6351,0.6351,15,52,15,508317,97293,50849,57107,0.9012282781874097,0.3698639896373057
6352,0.6352,16,56,16,508373,97237,50865,57091,0.9007095483345067,0.3699328702503758
6353,0.6353,17,70,17,508443,97167,50882,57074,0.9000611360183779,0.37003131463099953
6354,0.6354,18,42,18,508485,97125,50900,57056,0.8996720886287006,0.3700585675277758
6355,0.6355,17,60,17,508545,97065,50917,57039,0.8991163066434473,0.3701331568291543
6356,0.6356,10,54,10,508599,97011,50927,57029,0.8986161028567194,0.37022202025447937
6357,0.6357,18,60,18,508659,96951,50945,57011,0.8980603208714661,0.3702926696197763
6358,0.6358,14,51,14,508710,96900,50959,56997,0.8975879061840009,0.3703580966490575
6359,0.6359,22,75,22,508785,96825,50981,56975,0.8968931787024343,0.37044863459037713
6360,0.636,17,57,17,508842,96768,50998,56958,0.8963651858164438,0.37051637328753756
6361,0.6361,16,64,16,508906,96704,51014,56942,0.8957723516988403,0.37060515730965987
6362,0.6362,14,51,14,508957,96653,51028,56928,0.895299937011375,0.370670851212064
6363,0.6363,17,50,17,509007,96603,51045,56911,0.8948367853569973,0.3707218885573954
6364,0.6364,17,64,17,509071,96539,51062,56894,0.8942439512393938,0.3708068016658737
6365,0.6365,18,38,18,509109,96501,51080,56876,0.8938919559820667,0.370824830320061
6366,0.6366,15,54,15,509163,96447,51095,56861,0.8933917521953388,0.37089388681608265
6367,0.6367,14,69,14,509232,96378,51109,56847,0.8927526029122976,0.3710034263338228
6368,0.6368,22,54,22,509286,96324,51131,56825,0.8922523991255696,0.3710438853665385
6369,0.6369,21,52,21,509338,96272,51152,56804,0.8917707214050169,0.3710836447254958
6370,0.637,22,58,22,509396,96214,51174,56782,0.8912334654859387,0.37113388585322493
6371,0.6371,13,69,13,509465,96145,51187,56769,0.8905943162028975,0.3712478909713957
6372,0.6372,22,57,22,509522,96088,51209,56747,0.8900663233169069,0.37129584192102594
6373,0.6373,20,55,20,509577,96033,51229,56727,0.8895568564970914,0.37134721131186177
6374,0.6374,17,53,17,509630,95980,51246,56710,0.8890659157434511,0.3714061169690222
6375,0.6375,12,44,12,509674,95936,51258,56698,0.8886583422875987,0.3714637629885871
6376,0.6376,18,57,18,509731,95879,51276,56680,0.8881303494016081,0.3715283922941288
6377,0.6377,19,47,19,509778,95832,51295,56661,0.8876949868464931,0.37156459640770395
6378,0.6378,11,43,11,509821,95789,51306,56650,0.8872966764237282,0.3716240594598495
6379,0.6379,16,59,16,509880,95730,51322,56634,0.8867501574715625,0.371701976844924
6380,0.638,13,43,13,509923,95687,51335,56621,0.8863518470487977,0.3717532893872942
6381,0.6381,21,58,21,509981,95629,51356,56600,0.8858145911297195,0.3718082625518134
6382,0.6382,14,49,14,510030,95580,51370,56586,0.8853607025084294,0.3718701943929656
6383,0.6383,9,53,9,510083,95527,51379,56577,0.884869761754789,0.3719626045337401
6384,0.6384,14,68,14,510151,95459,51393,56563,0.8842398755048353,0.37207114759705834
6385,0.6385,13,71,13,510222,95388,51406,56550,0.883582200155619,0.3721912885519093
6386,0.6386,17,55,17,510277,95333,51423,56533,0.8830727333358035,0.3722558044591943
6387,0.6387,17,63,17,510340,95270,51440,56516,0.8824891622512876,0.3723400050070494
6388,0.6388,9,63,9,510403,95207,51449,56507,0.8819055911667717,0.3724573869253991
6389,0.6389,21,56,21,510459,95151,51470,56486,0.8813868613138686,0.3725080290430436
6390,0.639,21,44,21,510503,95107,51491,56465,0.8809792878580163,0.37252922703401686
6391,0.6391,9,52,9,510555,95055,51500,56456,0.8804976101374634,0.372619809782788
6392,0.6392,10,50,10,510605,95005,51510,56446,0.8800344584830857,0.3727014017735109
6393,0.6393,15,61,15,510666,94944,51525,56431,0.8794694134647449,0.37278943022295624
6394,0.6394,15,51,15,510717,94893,51540,56416,0.8789969987772797,0.37285290366072077
6395,0.6395,21,61,21,510778,94832,51561,56395,0.8784319537589388,0.37291621205208064
6396,0.6396,14,57,14,510835,94775,51575,56381,0.8779039608729482,0.37299875625181933
6397,0.6397,20,48,20,510883,94727,51595,56361,0.8774593352847456,0.37303425818066294
6398,0.6398,19,60,19,510943,94667,51614,56342,0.8769035532994924,0.37310358985226044
6399,0.6399,25,50,25,510993,94617,51639,56317,0.8764404016451147,0.37312335192865753
6400,0.64,16,53,16,511046,94564,51655,56301,0.8759494608914743,0.37318794949126705
6401,0.6401,19,60,19,511106,94504,51674,56282,0.8753936789062211,0.37325746422081624
6402,0.6402,19,62,19,511168,94442,51693,56263,0.8748193708547927,0.37333200623735113
6403,0.6403,8,57,8,511225,94385,51701,56255,0.8742913779688021,0.3734399893786511
6404,0.6404,14,49,14,511274,94336,51715,56241,0.8738374893475119,0.3735032574696003
6405,0.6405,16,62,16,511336,94274,51731,56225,0.8732631812960836,0.3735905221961608
6406,0.6406,22,53,22,511389,94221,51753,56203,0.8727722405424432,0.3736305376801574
6407,0.6407,18,57,18,511446,94164,51771,56185,0.8722442476564526,0.3736971978529954
6408,0.6408,14,47,14,511493,94117,51785,56171,0.8718088851013376,0.3737557223464282
6409,0.6409,24,60,24,511553,94057,51809,56147,0.8712531031160843,0.3738049585896514
6410,0.641,13,58,13,511611,93999,51822,56134,0.8707158471970062,0.3738951463036108
6411,0.6411,17,54,17,511665,93945,51839,56117,0.8702156434102782,0.37395876371099945
6412,0.6412,19,56,19,511721,93889,51858,56098,0.8696969135573752,0.3740190816537433
6413,0.6413,21,57,21,511778,93832,51879,56077,0.8691689206713846,0.37407360465348977
6414,0.6414,11,57,11,511835,93775,51890,56066,0.868640927785394,0.3741699534840264
6415,0.6415,10,63,10,511898,93712,51900,56056,0.8680573567008781,0.3742855616687143
6416,0.6416,17,47,17,511945,93665,51917,56039,0.8676219941457631,0.3743320151766152
6417,0.6417,21,49,21,511994,93616,51938,56018,0.867168105524473,0.3743667882967775
6418,0.6418,28,56,28,512050,93560,51966,55990,0.8666493756715699,0.3743898361751922
6419,0.6419,12,58,12,512108,93502,51978,55978,0.8661121197524918,0.3744848809205245
6420,0.642,19,58,19,512166,93444,51997,55959,0.8655748638334136,0.37455071183309574
6421,0.6421,20,57,20,512223,93387,52017,55939,0.865046870947423,0.37460991387969944
6422,0.6422,22,72,22,512295,93315,52039,55917,0.8643799325651191,0.37469845609520747
6423,0.6423,9,68,9,512363,93247,52048,55908,0.8637500463151654,0.3748315510710335
6424,0.6424,17,54,17,512417,93193,52065,55891,0.8632498425284375,0.3748960317673258
6425,0.6425,20,58,20,512475,93135,52085,55871,0.8627125866093593,0.37495805538032023
6426,0.6426,13,54,13,512529,93081,52098,55858,0.8622123828226315,0.3750394456791035
6427,0.6427,12,64,12,512593,93017,52110,55846,0.861619548705028,0.3751503059860409
6428,0.6428,16,49,16,512642,92968,52126,55830,0.8611656600837378,0.3752066560034409
6429,0.6429,17,59,17,512701,92909,52143,55813,0.8606191411315721,0.37528408708866207
6430,0.643,18,62,18,512763,92847,52161,55795,0.8600448330801438,0.3753649708696062
6431,0.6431,21,60,21,512823,92787,52182,55774,0.8594890510948905,0.3754282752539361
6432,0.6432,24,57,24,512880,92730,52206,55750,0.8589610582088999,0.37547144396551724
6433,0.6433,18,51,18,512931,92679,52224,55732,0.8584886435214346,0.37552472525621416
6434,0.6434,17,51,17,512982,92628,52241,55715,0.8580162288339694,0.37558226542539924
6435,0.6435,13,56,13,513038,92572,52254,55702,0.8574974989810663,0.37566936887114394
6436,0.6436,18,47,18,513085,92525,52272,55684,0.8570621364259513,0.3757126760183255
6437,0.6437,14,62,14,513147,92463,52286,55670,0.856487828374523,0.37581092666725174
6438,0.6438,11,60,11,513207,92403,52297,55659,0.8559320463892697,0.375916845645743
6439,0.6439,12,62,12,513269,92341,52309,55647,0.8553577383378413,0.3760237316539179
6440,0.644,22,62,22,513331,92279,52331,55625,0.854783430286413,0.37608854392038077
6441,0.6441,23,64,23,513395,92215,52354,55602,0.8541905961688095,0.3761542988966086
6442,0.6442,28,71,28,513466,92144,52382,55574,0.8535329208195932,0.3762168456112322
6443,0.6443,16,57,16,513523,92087,52398,55558,0.8530049279336026,0.3762944901622134
6444,0.6444,14,51,14,513574,92036,52412,55544,0.8525325132461373,0.37636536116004876
6445,0.6445,20,54,20,513628,91982,52432,55524,0.8520323094594094,0.3764185863625886
6446,0.6446,12,47,12,513675,91935,52444,55512,0.8515969469042943,0.37648782274308734
6447,0.6447,22,52,22,513727,91883,52466,55490,0.8511152691837415,0.3765275864642777
6448,0.6448,17,52,17,513779,91831,52483,55473,0.8506335914631887,0.3765885515668278
6449,0.6449,22,57,22,513836,91774,52505,55451,0.8501055985771981,0.3766411954491425
6450,0.645,16,51,16,513887,91723,52521,55435,0.8496331838897329,0.37670395085554303
6451,0.6451,23,45,23,513932,91678,52544,55412,0.8492163474007929,0.37672173499218164
6452,0.6452,23,47,23,513979,91631,52567,55389,0.8487809848456779,0.37674466059039585
6453,0.6453,15,54,15,514033,91577,52582,55374,0.84828078105895,0.3768194840457023
6454,0.6454,22,57,22,514090,91520,52604,55352,0.8477527881729594,0.3768723786698622
6455,0.6455,25,53,25,514143,91467,52629,55327,0.847261847419319,0.3769023257081352
6456,0.6456,15,64,15,514207,91403,52644,55312,0.8466690133017155,0.3770030330913676
6457,0.6457,17,54,17,514261,91349,52661,55295,0.8461688095149876,0.37706963803496907
6458,0.6458,13,61,13,514322,91288,52674,55282,0.8456037644966468,0.3771713174592345
6459,0.6459,8,42,8,514364,91246,52682,55274,0.8452147171069695,0.37724542724542726
6460,0.646,13,64,13,514428,91182,52695,55261,0.844621882989366,0.37735501184761305
6461,0.6461,16,40,16,514468,91142,52711,55245,0.8442513616658639,0.37739006879026143
6462,0.6462,14,47,14,514515,91095,52725,55231,0.8438159991107488,0.37745171739813843
6463,0.6463,16,54,16,514569,91041,52741,55215,0.8433157953240209,0.3775229734164752
6464,0.6464,17,60,17,514629,90981,52758,55198,0.8427600133387676,0.37760553841523065
6465,0.6465,17,56,17,514685,90925,52775,55181,0.8422412834858646,0.3776778503278442
6466,0.6466,13,44,13,514729,90881,52788,55168,0.8418337100300122,0.3777362392073893
6467,0.6467,12,50,12,514779,90831,52800,55156,0.8413705583756346,0.3778144629316309
6468,0.6468,13,62,13,514841,90769,52813,55143,0.8407962503242061,0.3779195679587697
6469,0.6469,17,42,17,514883,90727,52830,55126,0.8404072029345289,0.3779558870917979
6470,0.647,12,47,12,514930,90680,52842,55114,0.8399718403794139,0.378026530584249
6471,0.6471,16,52,16,514982,90628,52858,55098,0.839490162658861,0.37809313368925246
6472,0.6472,19,52,19,515034,90576,52877,55079,0.8390084849383082,0.3781469911777831
6473,0.6473,18,57,18,515091,90519,52895,55061,0.8384804920523176,0.37821816183541695
6474,0.6474,24,49,24,515140,90470,52919,55037,0.8380266034310274,0.3782429711285368
6475,0.6475,21,55,21,515195,90415,52940,55016,0.837517136611212,0.37829623670331636
6476,0.6476,13,63,13,515258,90352,52953,55003,0.8369335655266961,0.37840459564514467
6477,0.6477,14,56,14,515314,90296,52967,54989,0.836414835673793,0.37849055305089996
6478,0.6478,20,57,20,515371,90239,52987,54969,0.8358868427878025,0.37855352322186103
6479,0.6479,16,62,16,515433,90177,53003,54953,0.8353125347363741,0.3786467305174671
6480,0.648,11,48,11,515481,90129,53014,54942,0.8348679091481714,0.378724900221271
6481,0.6481,18,65,18,515546,90064,53032,54924,0.8342658119974804,0.37881755731508815
6482,0.6482,13,60,13,515606,90004,53045,54911,0.8337100300122272,0.37891867646551425
6483,0.6483,20,53,20,515659,89951,53065,54891,0.8332190892585868,0.37897156902003565
6484,0.6484,13,46,13,515705,89905,53078,54878,0.8327929897365594,0.37903621281504046
6485,0.6485,18,57,18,515762,89848,53096,54860,0.8322649968505688,0.3791082732122619
6486,0.6486,24,63,24,515825,89785,53120,54836,0.8316814257660529,0.3791703832776706
6487,0.6487,17,64,17,515889,89721,53137,54819,0.8310885916484494,0.37926525529265254
6488,0.6488,20,50,20,515939,89671,53157,54799,0.8306254399940717,0.37931058351214786
6489,0.6489,16,48,16,515987,89623,53173,54783,0.8301808144058691,0.37936789330083237
6490,0.649,18,43,18,516030,89580,53191,54765,0.8297825039831043,0.37940351241816483
6491,0.6491,17,53,17,516083,89527,53208,54748,0.8292915632294638,0.37946976260613413
6492,0.6492,21,48,21,516131,89479,53229,54727,0.8288469376412613,0.37950570711343495
6493,0.6493,16,55,16,516186,89424,53245,54711,0.8283374708214458,0.3795816422104277
6494,0.6494,21,54,21,516240,89370,53266,54690,0.8278372670347178,0.3796334860474802
6495,0.6495,22,51,22,516291,89319,53288,54668,0.8273648523472525,0.3796731649385014
6496,0.6496,16,41,16,516332,89278,53304,54652,0.8269850679906628,0.3797123601750851
6497,0.6497,13,61,13,516393,89217,53317,54639,0.8264200229723221,0.3798173173173173
6498,0.6498,12,53,12,516446,89164,53329,54627,0.8259290822186817,0.37990555737146275
6499,0.6499,13,55,13,516501,89109,53342,54614,0.8254196153988662,0.37999485120683535
6500,0.65,17,62,17,516563,89047,53359,54597,0.8248453073474379,0.38008548912589457
6501,0.6501,16,45,16,516608,89002,53375,54581,0.8244284708584979,0.3801355313651338
6502,0.6502,14,62,14,516670,88940,53389,54567,0.8238541628070696,0.3802392914631342
6503,0.6503,21,51,21,516721,88889,53410,54546,0.8233817481196043,0.38028375222226096
6504,0.6504,15,55,15,516776,88834,53425,54531,0.8228722812997888,0.380364803124891
6505,0.6505,16,56,16,516832,88778,53441,54515,0.8223535514468858,0.38044426454886143
6506,0.6506,18,63,18,516895,88715,53459,54497,0.8217699803623698,0.38053375415467977
6507,0.6507,19,39,19,516934,88676,53478,54478,0.8214087220719553,0.38055520628134737
6508,0.6508,12,51,12,516985,88625,53490,54466,0.82093630738449,0.38063889413030866
6509,0.6509,18,57,18,517042,88568,53508,54448,0.8204083144984994,0.38071264753594003
6510,0.651,22,55,22,517097,88513,53530,54426,0.8198988476786839,0.38076382232980505
6511,0.6511,18,59,18,517156,88454,53548,54408,0.8193523287265182,0.38084305133625457
6512,0.6512,14,57,14,517213,88397,53562,54394,0.8188243358405276,0.3809343726145205
6513,0.6513,16,44,16,517257,88353,53578,54378,0.8184167623846752,0.3809824074657923
6514,0.6514,12,56,12,517313,88297,53590,54366,0.8178980325317722,0.38107988756720385
6515,0.6515,15,51,15,517364,88246,53605,54351,0.8174256178443069,0.3811510761095956
6516,0.6516,12,42,12,517406,88204,53617,54339,0.8170365704546296,0.38121128361266426
6517,0.6517,12,47,12,517453,88157,53629,54327,0.8166012078995146,0.3812849162011173
6518,0.6518,10,47,10,517500,88110,53639,54317,0.8161658453443996,0.3813672969310594
6519,0.6519,17,56,17,517556,88054,53656,54300,0.8156471154914965,0.3814434438090956
6520,0.652,27,58,27,517614,87996,53683,54273,0.8151098595724184,0.3814815595807941
6521,0.6521,16,54,16,517668,87942,53699,54257,0.8146096557856904,0.3815568323265283
6522,0.6522,9,73,9,517741,87869,53708,54248,0.813933454370299,0.3817136584645046
6523,0.6523,10,49,10,517790,87820,53718,54238,0.8134795657490088,0.3818017992650889
6524,0.6524,13,52,13,517842,87768,53731,54225,0.8129978880284561,0.38188502250110923
6525,0.6525,12,43,12,517885,87725,53743,54213,0.8125995776056912,0.38194845636827346
6526,0.6526,9,48,9,517933,87677,53752,54204,0.8121549520174886,0.3820384688577047
6527,0.6527,24,52,24,517985,87625,53776,54180,0.8116732742969358,0.38207397482458305
6528,0.6528,15,49,15,518034,87576,53791,54165,0.8112193856756457,0.3821406650157682
6529,0.6529,18,62,18,518096,87514,53809,54147,0.8106450776242172,0.38222940682333173
6530,0.653,12,50,12,518146,87464,53821,54135,0.8101819259698395,0.3823120219775563
6531,0.6531,18,52,18,518198,87412,53839,54117,0.8097002482492868,0.38237393043121903
6532,0.6532,14,57,14,518255,87355,53853,54103,0.8091722553632962,0.38246688062887924
6533,0.6533,16,49,16,518304,87306,53869,54087,0.808718366742006,0.382529545309881
6534,0.6534,17,48,17,518352,87258,53886,54070,0.8082737411538033,0.3825851918940337
6535,0.6535,19,46,19,518398,87212,53905,54051,0.8078476416317759,0.38262673169902944
6536,0.6536,22,57,22,518455,87155,53927,54029,0.8073196487457853,0.38268500679963735
6537,0.6537,17,50,17,518505,87105,53944,54012,0.8068564970914076,0.3827462318501669
6538,0.6538,16,62,16,518567,87043,53960,53996,0.8062821890399793,0.3828444614610143
6539,0.6539,18,53,18,518620,86990,53978,53978,0.8057912482863389,0.38290959650417117
6540,0.654,15,57,15,518677,86933,53993,53963,0.8052632554003483,0.38299880763116056
6541,0.6541,21,56,21,518733,86877,54014,53942,0.8047445255474452,0.38305910424019485
6542,0.6542,12,44,12,518777,86833,54026,53930,0.8043369520915928,0.3831262476645141
6543,0.6543,14,50,14,518827,86783,54040,53916,0.8038738004372151,0.383201017775535
6544,0.6544,17,60,17,518887,86723,54057,53899,0.8033180184519619,0.3832899546301432
6545,0.6545,16,54,16,518941,86669,54073,53883,0.8028178146652339,0.38336701007456314
6546,0.6546,12,56,12,518997,86613,54085,53871,0.8022990848123309,0.38346715640215256
6547,0.6547,9,53,9,519050,86560,54094,53862,0.8018081440586906,0.3835723746991212
6548,0.6548,22,48,22,519098,86512,54116,53840,0.8013635184704879,0.38360693114455086
6549,0.6549,15,58,15,519156,86454,54131,53825,0.8008262625514099,0.38369962717156525
6550,0.655,13,60,13,519216,86394,54144,53812,0.8002704805661566,0.3838066844500235
6551,0.6551,21,60,21,519276,86334,54165,53791,0.7997146985809034,0.383878679750223
6552,0.6552,21,47,21,519323,86287,54186,53770,0.7992793360257883,0.3839151202724605
6553,0.6553,17,56,17,519379,86231,54203,53753,0.7987606061728852,0.38399388501543036
6554,0.6554,23,44,23,519423,86187,54226,53730,0.7983530327170328,0.38401337936062097
6555,0.6555,19,44,19,519467,86143,54245,53711,0.7979454592611804,0.384050509817381
6556,0.6556,16,56,16,519523,86087,54261,53695,0.7974267294082774,0.3841338655907055
6557,0.6557,13,46,13,519569,86041,54274,53682,0.79700062988625,0.3842030302813424
6558,0.6558,23,47,23,519616,85994,54297,53659,0.7965652673311349,0.38423091519695246
6559,0.6559,25,55,25,519671,85939,54322,53634,0.7960558005113194,0.3842720296905562
6560,0.656,19,56,19,519727,85883,54341,53615,0.7955370706584164,0.3843424278484279
6561,0.6561,20,48,20,519775,85835,54361,53595,0.7950924450702138,0.38438643046690096
6562,0.6562,16,49,16,519824,85786,54377,53579,0.7946385564489237,0.384450902306892
6563,0.6563,18,64,18,519888,85722,54395,53561,0.7940457223313202,0.3845480065765384
6564,0.6564,11,63,11,519951,85659,54406,53550,0.7934621512468043,0.3846734047367627
6565,0.6565,13,53,13,520004,85606,54419,53537,0.7929712104931639,0.3847624386422601
6566,0.6566,9,59,9,520063,85547,54428,53528,0.7924246915409981,0.3848858529570376
6567,0.6567,18,63,18,520126,85484,54446,53510,0.7918411204564823,0.38498064664661785
6568,0.6568,18,45,18,520171,85439,54464,53492,0.7914242839675424,0.3850256602198214
6569,0.6569,16,61,16,520232,85378,54480,53476,0.7908592389492015,0.38512394313451537
6570,0.657,21,62,21,520294,85316,54501,53455,0.7902849308977732,0.3852029602726795
6571,0.6571,16,51,16,520345,85265,54517,53439,0.7898125162103079,0.3852736763179144
6572,0.6572,18,47,18,520392,85218,54535,53421,0.7893771536551929,0.3853244757968537
6573,0.6573,13,49,13,520441,85169,54548,53408,0.7889232650339028,0.38540306111403766
6574,0.6574,17,56,17,520497,85113,54565,53391,0.7884045351809996,0.385483451741466
6575,0.6575,14,52,14,520549,85061,54579,53377,0.7879228574604469,0.3855661017928603
6576,0.6576,17,44,17,520593,85017,54596,53360,0.7875152840045945,0.38561321606914445
6577,0.6577,16,50,16,520643,84967,54612,53344,0.7870521323502168,0.385681543767307
6578,0.6578,14,40,14,520683,84927,54626,53330,0.7866816110267146,0.3857309214000014
6579,0.6579,13,59,13,520742,84868,54639,53317,0.7861350920745489,0.3858378261026884
6580,0.658,12,48,12,520790,84820,54651,53305,0.7856904664863463,0.38591855203619907
6581,0.6581,17,46,17,520836,84774,54668,53288,0.7852643669643188,0.38597152004172036
6582,0.6582,18,45,18,520881,84729,54686,53270,0.7848475304753788,0.38601728998036217
6583,0.6583,24,49,24,520930,84680,54710,53246,0.7843936418540887,0.3860475907370619
6584,0.6584,14,69,14,520999,84611,54724,53232,0.7837544925710475,0.3861784784138476
6585,0.6585,20,67,20,521066,84544,54744,53212,0.7831338693541813,0.3862771857487151
6586,0.6586,13,46,13,521112,84498,54757,53199,0.7827077698321538,0.3863482864550426
6587,0.6587,17,56,17,521168,84442,54774,53182,0.7821890399792508,0.38642969249549497
6588,0.6588,13,55,13,521223,84387,54787,53169,0.7816795731594354,0.3865262147779813
6589,0.6589,18,49,18,521272,84338,54805,53151,0.7812256845381451,0.38658365396504446
6590,0.659,17,42,17,521314,84296,54822,53134,0.7808366371484678,0.3866259186494943
6591,0.6591,18,39,18,521353,84257,54840,53116,0.7804753788580533,0.386655310723359
6592,0.6592,14,50,14,521403,84207,54854,53102,0.7800122272036756,0.3867335717250872
6593,0.6593,17,62,17,521465,84145,54871,53085,0.7794379191522472,0.3868323252933032
6594,0.6594,22,46,22,521511,84099,54893,53063,0.7790118196302197,0.3868637086073402
6595,0.6595,20,40,20,521551,84059,54913,53043,0.7786412983067176,0.38688713512567285
6596,0.6596,20,57,20,521608,84002,54933,53023,0.778113305420727,0.3869585841999635
6597,0.6597,15,42,15,521650,83960,54948,53008,0.7777242580310497,0.38701010454996787
6598,0.6598,12,48,12,521698,83912,54960,52996,0.777279632442847,0.38709206182253775
6599,0.6599,16,54,16,521752,83858,54976,52980,0.7767794286561192,0.38717315365614813
6600,0.66,17,58,17,521810,83800,54993,52963,0.776242172737041,0.3872611744404554
6601,0.6601,20,43,20,521853,83757,55013,52943,0.7758438623142762,0.38729334308705193
6602,0.6602,21,52,21,521905,83705,55034,52922,0.7753621845937234,0.38734657132192024
6603,0.6603,17,72,17,521977,83633,55051,52905,0.7746952462114195,0.38747454920974383
6604,0.6604,14,52,14,522029,83581,55065,52891,0.7742135684908666,0.387559352834281
6605,0.6605,20,49,20,522078,83532,55085,52871,0.7737596798695765,0.3876087769330587
6606,0.6606,15,54,15,522132,83478,55100,52856,0.7732594760828486,0.38769492569718483
6607,0.6607,23,45,23,522177,83433,55123,52833,0.7728426395939086,0.38771960723878296
6608,0.6608,22,45,22,522222,83388,55145,52811,0.7724258031049687,0.3877488087284048
6609,0.6609,13,49,13,522271,83339,55158,52798,0.7719719144836785,0.38782990663816597
6610,0.661,15,52,15,522323,83287,55173,52783,0.7714902367631257,0.38791063423238037
6611,0.6611,16,62,16,522385,83225,55189,52767,0.7709159287116973,0.38801547149832344
6612,0.6612,13,50,13,522435,83175,55202,52754,0.7704527770573196,0.388099669680495
6613,0.6613,20,63,20,522498,83112,55222,52734,0.7698692059728037,0.3881895675986043
6614,0.6614,19,48,19,522546,83064,55241,52715,0.7694245803846012,0.38824118604497015
6615,0.6615,21,46,21,522592,83018,55262,52694,0.7689984808625736,0.3882781183683094
6616,0.6616,22,53,22,522645,82965,55284,52672,0.7685075401089333,0.3883306177517934
6617,0.6617,23,53,23,522698,82912,55307,52649,0.7680165993552929,0.3883786634799094
6618,0.6618,23,59,23,522757,82853,55330,52626,0.7674700804031273,0.3884439654854258
6619,0.6619,16,54,16,522811,82799,55346,52610,0.7669698766163993,0.3885266119681853
6620,0.662,21,35,21,522846,82764,55367,52589,0.7666456704583349,0.38853220837366
6621,0.6621,18,51,18,522897,82713,55385,52571,0.7661732557708696,0.388597321190976
6622,0.6622,19,47,19,522944,82666,55404,52552,0.7657378932157546,0.38864648197725155
6623,0.6623,12,49,12,522993,82617,55416,52540,0.7652840045944644,0.3887331029839372
6624,0.6624,21,49,21,523042,82568,55437,52519,0.7648301159731743,0.38877908310940357
6625,0.6625,22,56,22,523098,82512,55459,52497,0.7643113861202713,0.3888407439504033
6626,0.6626,24,59,24,523157,82453,55483,52473,0.7637648671681055,0.38890206483553946
6627,0.6627,24,61,24,523218,82392,55507,52449,0.7631998221497647,0.3889692304269473
6628,0.6628,12,44,12,523262,82348,55519,52437,0.7627922486939124,0.3890418073227733
6629,0.6629,7,55,7,523317,82293,55526,52430,0.7622827818740968,0.3891688872724034
6630,0.663,21,63,21,523380,82230,55547,52409,0.7616992107895809,0.38925571342627324
6631,0.6631,12,35,12,523415,82195,55559,52397,0.7613750046315165,0.38930248454588684
6632,0.6632,23,65,23,523480,82130,55582,52374,0.7607729074808255,0.38938618925831203
6633,0.6633,15,44,15,523524,82086,55597,52359,0.7603653340249731,0.3894454981590985
6634,0.6634,13,46,13,523570,82040,55610,52346,0.7599392345029456,0.3895197416397541
6635,0.6635,18,61,18,523631,81979,55628,52328,0.7593741894846049,0.3896148376480749
6636,0.6636,22,49,22,523680,81930,55650,52306,0.7589203008633146,0.38965702196132185
6637,0.6637,15,47,15,523727,81883,55665,52291,0.7584849383081996,0.3897252820963823
6638,0.6638,16,43,16,523770,81840,55681,52275,0.7580866278854348,0.38977742981769375
6639,0.6639,24,58,24,523828,81782,55705,52251,0.7575493719663566,0.3898368312281304
6640,0.664,11,55,11,523883,81727,55716,52240,0.7570399051465412,0.3899467779378504
6641,0.6641,20,58,20,523941,81669,55736,52220,0.756502649227463,0.3900245725937157
6642,0.6642,17,48,17,523989,81621,55753,52203,0.7560580236392604,0.3900869799139168
6643,0.6643,20,49,20,524038,81572,55773,52183,0.7556041350179703,0.3901386864042466
6644,0.6644,21,56,21,524094,81516,55794,52162,0.7550854051650673,0.39020631667140443
6645,0.6645,17,48,17,524142,81468,55811,52145,0.7546407795768646,0.39026891095926297
6646,0.6646,13,52,13,524194,81416,55824,52132,0.7541591018563119,0.3903615179560907
6647,0.6647,16,63,16,524257,81353,55840,52116,0.753575530771796,0.39047269403382057
6648,0.6648,19,60,19,524317,81293,55859,52097,0.7530197487865427,0.390561511357673
6649,0.6649,18,53,18,524370,81240,55877,52079,0.7525288080329023,0.39063449320801985
6650,0.665,16,60,16,524430,81180,55893,52063,0.751973026047649,0.39073722446957815
6651,0.6651,19,47,19,524477,81133,55912,52044,0.751537663492534,0.3907881991635192
6652,0.6652,15,64,15,524541,81069,55927,52029,0.7509448293749306,0.39090745165216606
6653,0.6653,15,49,15,524590,81020,55942,52014,0.7504909407536404,0.3909827562878663
6654,0.6654,16,61,16,524651,80959,55958,51998,0.7499258957352996,0.3910888482742541
6655,0.6655,16,49,16,524700,80910,55974,51982,0.7494720071140094,0.39115973873521354
6656,0.6656,13,50,13,524750,80860,55987,51969,0.7490088554596317,0.39124739326502495
6657,0.6657,25,53,25,524803,80807,56012,51944,0.7485179147059914,0.39128895450881723
6658,0.6658,20,60,20,524863,80747,56032,51924,0.7479621327207381,0.3913741510955672
6659,0.6659,17,42,17,524905,80705,56049,51907,0.7475730853310608,0.3914200826471209
6660,0.666,25,45,25,524950,80660,56074,51882,0.7471562488421208,0.3914381856317243
6661,0.6661,23,37,23,524987,80623,56097,51859,0.7468135166178813,0.3914418562521701
6662,0.6662,20,40,20,525027,80583,56117,51839,0.7464429952943792,0.3914681850447811
6663,0.6663,13,41,13,525068,80542,56130,51826,0.7460632109377895,0.3915296748458842
6664,0.6664,15,59,15,525127,80483,56145,51811,0.7455166919856238,0.39163529714121575
6665,0.6665,11,51,11,525178,80432,56156,51800,0.7450442772981585,0.39173573718918264
6666,0.6666,14,40,14,525218,80392,56170,51786,0.7446737559746563,0.3917898591293559
6667,0.6667,21,60,21,525278,80332,56191,51765,0.744117973989403,0.3918711250066239
6668,0.6668,22,37,22,525315,80295,56213,51743,0.7437752417651636,0.3918796104151835
6669,0.6669,10,53,10,525368,80242,56223,51733,0.7432843010115232,0.39199090736881986
6670,0.667,19,54,19,525422,80188,56242,51714,0.7427840972247953,0.39206380494609633
6671,0.6671,19,42,19,525464,80146,56261,51695,0.7423950498351181,0.39210109146623584
6672,0.6672,21,59,21,525523,80087,56282,51674,0.7418485308829523,0.3921797800563141
6673,0.6673,13,62,13,525585,80025,56295,51661,0.741274222831524,0.39230442112297437
6674,0.6674,22,39,22,525624,79986,56317,51639,0.7409129645411093,0.3923190883190883
6675,0.6675,18,53,18,525677,79933,56335,51621,0.740422023787469,0.39239399790200225
6676,0.6676,22,56,22,525733,79877,56357,51599,0.7399032939345659,0.3924594602817244
6677,0.6677,19,37,19,525770,79840,56376,51580,0.7395605617103265,0.392482118399026
6678,0.6678,13,41,13,525811,79799,56389,51567,0.7391807773537367,0.39254449400910435
6679,0.6679,18,59,18,525870,79740,56407,51549,0.738634258401571,0.3926376162511711
6680,0.668,17,49,17,525919,79691,56424,51532,0.7381803697802809,0.39270554704586846
6681,0.6681,20,48,20,525967,79643,56444,51512,0.7377357441920782,0.39275666196485076
6682,0.6682,20,52,20,526019,79591,56464,51492,0.7372540664715255,0.3928198164521715
6683,0.6683,16,46,16,526065,79545,56480,51476,0.7368279669494979,0.39288358354767555
6684,0.6684,18,48,18,526113,79497,56498,51458,0.7363833413612954,0.3929441411171777
6685,0.6685,15,50,15,526163,79447,56513,51443,0.7359201897069176,0.3930246772098709
6686,0.6686,29,49,29,526212,79398,56542,51414,0.7354663010856275,0.393037336024218
6687,0.6687,19,41,19,526253,79357,56561,51395,0.7350865167290378,0.39307238130200683
6688,0.6688,21,70,21,526323,79287,56582,51374,0.7344381044129089,0.3931854187554052
6689,0.6689,14,49,14,526372,79238,56596,51360,0.7339842157916188,0.3932678907793381
6690,0.669,22,48,22,526420,79190,56618,51338,0.7335395902034162,0.3933102476097083
6691,0.6691,10,45,10,526465,79145,56628,51328,0.7331227537144762,0.39339940064227846
6692,0.6692,17,42,17,526507,79103,56645,51311,0.732733706324799,0.3934470225589277
6693,0.6693,22,39,22,526546,79064,56667,51289,0.7323724480343844,0.3934623675711338
6694,0.6694,20,53,20,526599,79011,56687,51269,0.731881507280744,0.39352932146146763
6695,0.6695,20,57,20,526656,78954,56707,51249,0.7313535143947534,0.3936084422017926
6696,0.6696,14,46,14,526702,78908,56721,51235,0.730927414872726,0.3936823340479319
6697,0.6697,20,41,20,526743,78867,56741,51215,0.7305476305161362,0.3937131962915699
6698,0.6698,19,41,19,526784,78826,56760,51196,0.7301678461595464,0.3937487502115027
6699,0.6699,24,42,24,526826,78784,56784,51172,0.7297787987698692,0.3937640432146265
6700,0.67,20,61,20,526887,78723,56804,51152,0.7292137537515284,0.39385563041385946
6701,0.6701,12,36,12,526923,78687,56816,51140,0.7288802845603765,0.39390881711816494
6702,0.6702,13,54,13,526977,78633,56829,51127,0.7283800807736486,0.39401202219482123
6703,0.6703,10,54,10,527031,78579,56839,51117,0.7278798769869206,0.39412934863064397
6704,0.6704,15,40,15,527071,78539,56854,51102,0.7275093556634185,0.3941808532794409
6705,0.6705,20,44,20,527115,78495,56874,51082,0.727101782207566,0.39422119666298805
6706,0.6706,18,55,18,527170,78440,56892,51064,0.7265923153877506,0.3943044230294045
6707,0.6707,16,48,16,527218,78392,56908,51048,0.7261476897995479,0.3943757725587145
6708,0.6708,23,32,23,527250,78360,56931,51025,0.7258512727407462,0.39436565289639447
6709,0.6709,19,48,19,527298,78312,56950,51006,0.7254066471525437,0.3944230501554308
6710,0.671,19,50,19,527348,78262,56969,50987,0.724943495498166,0.3944866111149796
6711,0.6711,20,47,20,527395,78215,56989,50967,0.7245081329430508,0.3945363905188029
6712,0.6712,17,48,17,527443,78167,57006,50950,0.7240635073548483,0.3946033442536614
6713,0.6713,20,53,20,527496,78114,57026,50930,0.723572566601208,0.3946715848857754
6714,0.6714,16,46,16,527542,78068,57042,50914,0.7231464670791804,0.3947372501589369
6715,0.6715,22,48,22,527590,78020,57064,50892,0.7227018414909778,0.3947809358321956
6716,0.6716,12,57,12,527647,77963,57076,50880,0.7221738486049872,0.3948992184286302
6717,0.6717,17,53,17,527700,77910,57093,50863,0.7216829078513468,0.3949818673169065
6718,0.6718,14,41,14,527741,77869,57107,50849,0.7213031234947571,0.395041874485309
6719,0.6719,19,49,19,527790,77820,57126,50830,0.720849234873467,0.39510299261562376
6720,0.672,20,49,20,527839,77771,57146,50810,0.7203953462521768,0.395159471461569
6721,0.6721,22,46,22,527885,77725,57168,50788,0.7199692467301493,0.39519737302840957
6722,0.6722,12,53,12,527938,77672,57180,50776,0.719478305976509,0.39530393622321874
6723,0.6723,19,49,19,527987,77623,57199,50757,0.7190244173552188,0.3953653217011996
6724,0.6724,24,45,24,528032,77578,57223,50733,0.7186075808662788,0.39539088620617097
6725,0.6725,23,48,23,528080,77530,57246,50710,0.7181629552780763,0.3954304429195259
6726,0.6726,10,52,10,528132,77478,57256,50700,0.7176812775575234,0.395543697046295
6727,0.6727,12,45,12,528177,77433,57268,50688,0.7172644410685834,0.39562600978762263
6728,0.6728,22,44,22,528221,77389,57290,50666,0.7168568676127312,0.3956581156534302
6729,0.6729,20,64,20,528285,77325,57310,50646,0.7162640334951277,0.3957615397238437
6730,0.673,17,46,17,528331,77279,57327,50629,0.7158379339731001,0.3958235606842418
6731,0.6731,24,46,24,528377,77233,57351,50605,0.7154118344510727,0.3958525634005538
6732,0.6732,22,56,22,528433,77177,57373,50583,0.7148931045981696,0.39592204132748904
6733,0.6733,17,53,17,528486,77124,57390,50566,0.7144021638445293,0.39600595191479365
6734,0.6734,24,54,24,528540,77070,57414,50542,0.7139019600578014,0.39605993166786824
6735,0.6735,14,57,14,528597,77013,57428,50528,0.7133739671718108,0.3961706431657271
6736,0.6736,17,58,17,528655,76955,57445,50511,0.7128367112527326,0.39627037798314846
6737,0.6737,19,44,19,528699,76911,57464,50492,0.7124291377968802,0.3963171981821464
6738,0.6738,16,62,16,528761,76849,57480,50476,0.7118548297454519,0.3964343216179069
6739,0.6739,17,46,17,528807,76803,57497,50459,0.7114287302234243,0.39649699046062453
6740,0.674,15,48,15,528855,76755,57512,50444,0.7109841046352218,0.39657544477550927
6741,0.6741,14,52,14,528907,76703,57526,50430,0.7105024269146689,0.3966712025988532
6742,0.6742,15,48,15,528955,76655,57541,50415,0.7100578013264663,0.3967498229322421
6743,0.6743,29,61,29,529016,76594,57570,50386,0.7094927563081256,0.3968026460859978
6744,0.6744,17,68,17,529084,76526,57587,50369,0.7088628700581718,0.39693447338350607
6745,0.6745,16,46,16,529130,76480,57603,50353,0.7084367705361444,0.3970023574306371
6746,0.6746,15,56,15,529186,76424,57618,50338,0.7079180406832413,0.3971063883498209
6747,0.6747,24,53,24,529239,76371,57642,50314,0.707427099929601,0.39715830603465285
6748,0.6748,19,64,19,529303,76307,57661,50295,0.7068342658119975,0.3972686055512551
6749,0.6749,14,34,14,529337,76273,57675,50281,0.7065193226870207,0.3973086587543657
6750,0.675,14,57,14,529394,76216,57689,50267,0.7059913298010301,0.3974209972881731
6751,0.6751,15,56,15,529450,76160,57704,50252,0.705472599948127,0.3975255513717052
6752,0.6752,19,50,19,529500,76110,57723,50233,0.7050094482937493,0.3975922686654583
6753,0.6753,14,59,14,529559,76051,57737,50219,0.7044629293415836,0.3977112536627861
6754,0.6754,13,44,13,529603,76007,57750,50206,0.7040553558857312,0.3977878665430661
6755,0.6755,22,46,22,529649,75961,57772,50184,0.7036292563637038,0.39782789646834993
6756,0.6756,17,58,17,529707,75903,57789,50167,0.7030920004446256,0.3979297215832474
6757,0.6757,14,56,14,529763,75847,57803,50153,0.7025732705917226,0.3980396825396825
6758,0.6758,11,49,11,529812,75798,57814,50142,0.7021193819704324,0.3981419723677942
6759,0.6759,22,39,22,529851,75759,57836,50120,0.7017581236800178,0.3981601379102154
6760,0.676,24,59,24,529910,75700,57860,50096,0.701211604727852,0.3982320582530446
6761,0.6761,21,51,21,529961,75649,57881,50075,0.7007391900403869,0.3982930864433203
6762,0.6762,8,50,8,530011,75599,57889,50067,0.7002760383860092,0.3984132541817198
6763,0.6763,21,55,21,530066,75544,57910,50046,0.6997665715661936,0.3984871406959153
6764,0.6764,22,54,22,530120,75490,57932,50024,0.6992663677794657,0.3985531494494638
6765,0.6765,22,41,22,530161,75449,57954,50002,0.698886583422876,0.3985779308255813
6766,0.6766,19,48,19,530209,75401,57973,49983,0.6984419578346733,0.39863937982517705
6767,0.6767,20,51,20,530260,75350,57993,49963,0.6979695431472082,0.3987056410747488
6768,0.6768,13,37,13,530297,75313,58006,49950,0.6976268109229686,0.39876100684160526
6769,0.6769,18,53,18,530350,75260,58024,49932,0.6971358701693282,0.398843376573583
6770,0.677,9,45,9,530395,75215,58033,49923,0.6967190336803883,0.3989435663028017
6771,0.6771,21,59,21,530454,75156,58054,49902,0.6961725147282226,0.3990308496857458
6772,0.6772,15,44,15,530498,75112,58069,49887,0.6957649412723702,0.39909919279354233
6773,0.6773,17,59,17,530557,75053,58086,49870,0.6952184223202045,0.3992059108410781
6774,0.6774,14,55,14,530612,74998,58100,49856,0.694708955500389,0.399314399218287
6775,0.6775,11,54,11,530666,74944,58111,49845,0.6942087517136611,0.3994342450055694
6776,0.6776,23,51,23,530717,74893,58134,49822,0.6937363370261959,0.3994868299723369
6777,0.6777,23,33,23,530750,74860,58157,49799,0.6934306569343066,0.399481786313062
6778,0.6778,20,48,20,530798,74812,58177,49779,0.6929860313461039,0.3995392925652736
6779,0.6779,21,47,21,530845,74765,58198,49758,0.6925506687909889,0.39958883097901593
6780,0.678,12,53,12,530898,74712,58210,49746,0.6920597280373485,0.39970110398688713
6781,0.6781,18,45,18,530943,74667,58228,49728,0.6916428915484086,0.3997588327505125
6782,0.6782,18,56,18,530999,74611,58246,49710,0.6911241616955056,0.3998519960425029
6783,0.6783,14,45,14,531044,74566,58260,49696,0.6907073252065656,0.39992918188987786
6784,0.6784,16,43,16,531087,74523,58276,49680,0.6903090147838008,0.39999033839762327
6785,0.6785,17,46,17,531133,74477,58293,49663,0.6898829152617734,0.40005638794908976
6786,0.6786,23,49,23,531182,74428,58316,49640,0.6894290266404831,0.40010316922977723
6787,0.6787,16,47,16,531229,74381,58332,49624,0.6889936640853681,0.4001774122011209
6788,0.6788,14,56,14,531285,74325,58346,49610,0.6884749342324651,0.40029047484568525
6789,0.6789,10,47,10,531332,74278,58356,49600,0.6880395716773501,0.4003939359692601
6790,0.679,16,53,16,531385,74225,58372,49584,0.6875486309237097,0.4004878482178194
6791,0.6791,14,39,14,531424,74186,58386,49570,0.6871873726332951,0.40054623614208607
6792,0.6792,17,35,17,531459,74151,58403,49553,0.6868631664752306,0.40057718424626526
6793,0.6793,22,40,22,531499,74111,58425,49531,0.6864926451517285,0.4006001197004254
6794,0.6794,26,54,26,531553,74057,58451,49505,0.6859924413650006,0.40064906686521745
6795,0.6795,21,54,21,531607,74003,58472,49484,0.6854922375782726,0.4007223432426085
6796,0.6796,13,44,13,531651,73959,58485,49471,0.6850846641224202,0.40080207405006885
6797,0.6797,18,35,18,531686,73924,58503,49453,0.6847604579643558,0.4008283553660731
6798,0.6798,14,66,14,531752,73858,58517,49439,0.6841490977805773,0.40097488178950014
6799,0.6799,21,45,21,531797,73813,58538,49418,0.6837322612916373,0.4010192240588813
6800,0.68,14,60,14,531857,73753,58552,49404,0.683176479306384,0.4011465040557987
6801,0.6801,15,50,15,531907,73703,58567,49389,0.6827133276520063,0.4012364735319923
6802,0.6802,19,54,19,531961,73649,58586,49370,0.6822131238652784,0.4013201212820784
6803,0.6803,19,48,19,532009,73601,58605,49351,0.6817684982770759,0.4013842800442449
6804,0.6804,18,39,18,532048,73562,58623,49333,0.6814072399866612,0.4014239798201717
6805,0.6805,20,44,20,532092,73518,58643,49313,0.6809996665308089,0.40147031286890117
6806,0.6806,19,55,19,532147,73463,58662,49294,0.6804901997109933,0.40155754865302995
6807,0.6807,18,41,18,532188,73422,58680,49276,0.6801104153544036,0.4016039381245008
6808,0.6808,14,53,14,532241,73369,58694,49262,0.6796194746007633,0.4017091926185059
6809,0.6809,21,50,21,532291,73319,58715,49241,0.6791563229463856,0.40177056135770234
6810,0.681,23,35,23,532326,73284,58738,49218,0.6788321167883211,0.40177303227702404
6811,0.6811,19,46,19,532372,73238,58757,49199,0.6784060172662937,0.40183114581376544
6812,0.6812,17,39,17,532411,73199,58774,49182,0.678044758975879,0.40187610821941316
6813,0.6813,16,51,16,532462,73148,58790,49166,0.6775723442884138,0.4019654332292297
6814,0.6814,10,33,10,532495,73115,58800,49156,0.6772666641965245,0.40202501001872887
6815,0.6815,13,39,13,532534,73076,58813,49143,0.6769054059061099,0.402089691455502
6816,0.6816,22,42,22,532576,73034,58835,49121,0.6765163585164327,0.40212025705046867
6817,0.6817,18,50,18,532626,72984,58853,49103,0.676053206862055,0.4021967940894608
6818,0.6818,18,55,18,532681,72929,58871,49085,0.6755437400422394,0.4022899011588834
6819,0.6819,12,54,12,532735,72875,58883,49073,0.6750435362555115,0.4024092236035031
6820,0.682,24,58,24,532793,72817,58907,49049,0.6745062803364333,0.40248305515894506
6821,0.6821,15,53,15,532846,72764,58922,49034,0.674015339582793,0.40258460730061246
6822,0.6822,17,55,17,532901,72709,58939,49017,0.6735058727629775,0.4026830751031004
6823,0.6823,25,48,25,532949,72661,58964,48992,0.6730612471747749,0.4027192095550459
6824,0.6824,16,59,16,533008,72602,58980,48976,0.6725147282226092,0.40283603941502577
6825,0.6825,20,52,20,533060,72550,59000,48956,0.6720330505020564,0.40291014435501127
6826,0.6826,15,56,15,533116,72494,59015,48941,0.6715143206491534,0.40302219294272656
6827,0.6827,16,48,16,533164,72446,59031,48925,0.6710696950609507,0.40310288289624374
6828,0.6828,21,50,21,533214,72396,59052,48904,0.670606543406573,0.40316570486397363
6829,0.6829,15,47,15,533261,72349,59067,48889,0.670171180851458,0.40324815651858326
6830,0.683,16,34,16,533295,72315,59083,48873,0.6698562377264812,0.4032825032181404
6831,0.6831,17,45,17,533340,72270,59100,48856,0.6694394012375412,0.4033485791654971
6832,0.6832,14,56,14,533396,72214,59114,48842,0.6689206713846382,0.4034661644197727
6833,0.6833,18,53,18,533449,72161,59132,48824,0.6684297306309979,0.4035541596065628
6834,0.6834,10,51,10,533500,72110,59142,48814,0.6679573159435326,0.403675035559525
6835,0.6835,18,51,18,533551,72059,59160,48796,0.6674849012560673,0.4037565677878449
6836,0.6836,8,58,8,533609,72001,59168,48788,0.6669476453369891,0.4039109521562394
6837,0.6837,13,52,13,533661,71949,59181,48775,0.6664659676164363,0.4040207415261257
6838,0.6838,12,50,12,533711,71899,59193,48763,0.6660028159620586,0.40412888896255655
6839,0.6839,18,49,18,533760,71850,59211,48745,0.6655489273407684,0.4042041544010946
6840,0.684,13,46,13,533806,71804,59224,48732,0.665122827818741,0.4042941527842304
6841,0.6841,15,38,15,533844,71766,59239,48717,0.6647708325614139,0.40434750130723834
6842,0.6842,13,52,13,533896,71714,59252,48704,0.664289154840861,0.4044578053114983
6843,0.6843,27,49,27,533945,71665,59279,48677,0.6638352662195709,0.4044888733775407
6844,0.6844,22,44,22,533989,71621,59301,48655,0.6634276927637186,0.4045279191193588
6845,0.6845,17,56,17,534045,71565,59318,48638,0.6629089629108155,0.40463216392269746
6846,0.6846,16,57,16,534102,71508,59334,48622,0.6623809700248249,0.4047448597352868
6847,0.6847,23,58,23,534160,71450,59357,48599,0.6618437141057468,0.4048263625686178
6848,0.6848,25,45,25,534205,71405,59382,48574,0.6614268776168069,0.40485418281532604
6849,0.6849,14,48,14,534253,71357,59396,48560,0.6609822520286043,0.40494675483876347
6850,0.685,24,63,24,534316,71294,59420,48536,0.6603986809440884,0.40504047400484017
6851,0.6851,23,50,23,534366,71244,59443,48513,0.6599355292897107,0.40509531801898846
6852,0.6852,18,38,18,534404,71206,59461,48495,0.6595835340323836,0.4051344600295737
6853,0.6853,13,52,13,534456,71154,59474,48482,0.6591018563118307,0.40524591260155807
6854,0.6854,13,51,13,534507,71103,59487,48469,0.6586294416243654,0.4053540962767203
6855,0.6855,20,63,20,534570,71040,59507,48449,0.6580458705398495,0.40546828578362865
6856,0.6856,13,48,13,534618,70992,59520,48436,0.657601244951647,0.4055665338111666
6857,0.6857,19,59,19,534677,70933,59539,48417,0.6570547259994812,0.405672392124005
6858,0.6858,24,39,24,534716,70894,59563,48393,0.6566934677090667,0.4056854477017613
6859,0.6859,19,41,19,534757,70853,59582,48374,0.656313683352477,0.4057302456658307
6860,0.686,16,51,16,534808,70802,59598,48358,0.6558412686650117,0.405824102047667
6861,0.6861,20,52,20,534860,70750,59618,48338,0.6553595909444588,0.40590151820502485
6862,0.6862,18,48,18,534908,70702,59636,48320,0.6549149653562563,0.4059753658987414
6863,0.6863,19,48,19,534956,70654,59655,48301,0.6544703397680537,0.4060443024673196
6864,0.6864,14,41,14,534997,70613,59669,48287,0.6540905554114639,0.4061143818334735
6865,0.6865,24,34,24,535031,70579,59693,48263,0.6537756122864871,0.40611063428754146
6866,0.6866,11,52,11,535083,70527,59704,48252,0.6532939345659343,0.40623342510039656
6867,0.6867,9,44,9,535127,70483,59713,48243,0.6528863611100819,0.4063389653487863
6868,0.6868,18,49,18,535176,70434,59731,48225,0.6524324724887918,0.4064167066973428
6869,0.6869,21,53,21,535229,70381,59752,48204,0.6519415317351513,0.40649323270228105
6870,0.687,25,37,25,535266,70344,59777,48179,0.6515987995109118,0.406494941910009
6871,0.6871,14,49,14,535315,70295,59791,48165,0.6511449108896217,0.40659294276549046
6872,0.6872,13,51,13,535366,70244,59804,48152,0.6506724962021564,0.4067029291530119
6873,0.6873,17,48,17,535414,70196,59821,48135,0.6502278706139538,0.4067826689540357
6874,0.6874,8,47,8,535461,70149,59829,48127,0.6497925080588388,0.4069041901991951
6875,0.6875,22,43,22,535504,70106,59851,48105,0.649394197636074,0.40694182436490683
6876,0.6876,17,56,17,535560,70050,59868,48088,0.648875467783171,0.40704938292505377
6877,0.6877,15,38,15,535598,70012,59883,48073,0.6485234725258439,0.4071050514459923
6878,0.6878,15,50,15,535648,69962,59898,48058,0.6480603208714661,0.4072021691238773
6879,0.6879,13,52,13,535700,69910,59911,48045,0.6475786431509133,0.40731634945530076
6880,0.688,18,54,18,535754,69856,59929,48027,0.6470784393641854,0.4074124343628852
6881,0.6881,22,46,22,535800,69810,59951,48005,0.6466523398421579,0.40746084963714296
6882,0.6882,15,54,15,535854,69756,59966,47990,0.64615213605543,0.40757223175309565
6883,0.6883,13,38,13,535892,69718,59979,47977,0.6458001407981029,0.40763838735715197
6884,0.6884,12,39,12,535931,69679,59991,47965,0.6454388825076883,0.40771310054061405
6885,0.6885,19,55,19,535986,69624,60010,47946,0.6449294156878729,0.40780811431487624
6886,0.6886,19,44,19,536030,69580,60029,47927,0.6445218422320205,0.4078650633579276
6887,0.6887,9,51,9,536081,69529,60038,47918,0.6440494275445552,0.4079967985559444
6888,0.6888,13,48,13,536129,69481,60051,47905,0.6436048019563526,0.408098069616479
6889,0.6889,26,53,26,536182,69428,60077,47879,0.6431138612027122,0.408151261220558
6890,0.689,15,47,15,536229,69381,60092,47864,0.6426784986475972,0.4082391573201416
6891,0.6891,16,58,16,536287,69323,60108,47848,0.642141242728519,0.4083604304819452
6892,0.6892,16,58,16,536345,69265,60124,47832,0.6416039868094409,0.408481856922039
6893,0.6893,15,56,15,536401,69209,60139,47817,0.6410852569565378,0.4086015073573394
6894,0.6894,18,56,18,536457,69153,60157,47799,0.6405665271036348,0.4087061358506054
6895,0.6895,16,50,16,536507,69103,60173,47783,0.6401033754492571,0.40880002737710247
6896,0.6896,9,47,9,536554,69056,60182,47774,0.6396680128941421,0.40891894205255497
6897,0.6897,18,47,18,536601,69009,60200,47756,0.639232650339027,0.4089924206740033
6898,0.6898,19,52,19,536653,68957,60219,47737,0.6387509726184742,0.4090784444787221
6899,0.6899,16,47,16,536700,68910,60235,47721,0.6383156100633591,0.40916222959590504
6900,0.69,17,47,17,536747,68863,60252,47704,0.6378802475082441,0.40924103734333045
6901,0.6901,12,69,12,536816,68794,60264,47692,0.6372410982252028,0.4094225915560668
6902,0.6902,17,46,17,536862,68748,60281,47675,0.6368149987031754,0.4094981232230745
6903,0.6903,20,45,20,536907,68703,60301,47655,0.6363981622142354,0.40955499407002527
6904,0.6904,23,46,23,536953,68657,60324,47632,0.635972062692208,0.40960022014119996
6905,0.6905,17,43,17,536996,68614,60341,47615,0.6355737522694431,0.40966540192206763
6906,0.6906,17,50,17,537046,68564,60358,47598,0.6351106006150654,0.40975534167800143
6907,0.6907,18,54,18,537100,68510,60376,47580,0.6346103968283374,0.40985442329227323
6908,0.6908,21,41,21,537141,68469,60397,47559,0.6342306124717477,0.409892439755921
6909,0.6909,22,54,22,537195,68415,60419,47537,0.6337304086850198,0.4099713674623982
6910,0.691,14,49,14,537244,68366,60433,47523,0.6332765200637297,0.4100734323361147
6911,0.6911,13,39,13,537283,68327,60446,47510,0.632915261773315,0.4101452903649093
6912,0.6912,11,49,11,537332,68278,60457,47499,0.6324613731520249,0.4102628328597217
6913,0.6913,18,38,18,537370,68240,60475,47481,0.6321093778946978,0.41030582176095953
6914,0.6914,14,50,14,537420,68190,60489,47467,0.6316462262403202,0.4104118211608463
6915,0.6915,16,44,16,537464,68146,60505,47451,0.6312386527844678,0.410486431308771
6916,0.6916,14,52,14,537516,68094,60519,47437,0.6307569750639149,0.41059975244739505
6917,0.6917,17,50,17,537566,68044,60536,47420,0.6302938234095372,0.4106907780780157
6918,0.6918,17,32,17,537598,68012,60553,47403,0.6299974063507355,0.4107178443010007
6919,0.6919,19,47,19,537645,67965,60572,47384,0.6295620437956204,0.41078812993610697
6920,0.692,15,44,15,537689,67921,60587,47369,0.629154470339768,0.4108682452944748
6921,0.6921,18,41,18,537730,67880,60605,47351,0.6287746859831783,0.4109224080325607
6922,0.6922,12,43,12,537773,67837,60617,47339,0.6283763755604135,0.41101444745433074
6923,0.6923,14,45,14,537818,67792,60631,47325,0.6279595390714736,0.4111034860185724
6924,0.6924,23,44,23,537862,67748,60654,47302,0.6275519656156212,0.41114298131247284
6925,0.6925,23,35,23,537897,67713,60677,47279,0.6272277594575568,0.4111503408932795
6926,0.6926,20,48,20,537945,67665,60697,47259,0.6267831338693541,0.41121958859768193
6927,0.6927,15,58,15,538003,67607,60712,47244,0.6262458779502761,0.4113503582903066
6928,0.6928,15,46,15,538049,67561,60727,47229,0.6258197784282485,0.4114382785956965
6929,0.6929,18,45,18,538094,67516,60745,47211,0.6254029419393086,0.411507317370802
6930,0.693,13,42,13,538136,67474,60758,47198,0.6250138945496313,0.4115913213338914
6931,0.6931,14,39,14,538175,67435,60772,47184,0.6246526362592167,0.4116594979889896
6932,0.6932,20,49,20,538224,67386,60792,47164,0.6241987476379266,0.4117328677433435
6933,0.6933,27,49,27,538273,67337,60819,47137,0.6237448590166365,0.41177035833464365
6934,0.6934,19,41,19,538314,67296,60838,47118,0.6233650746600466,0.4118202317898159
6935,0.6935,20,42,20,538356,67254,60858,47098,0.6229760272703694,0.4118686162026025
6936,0.6936,11,39,11,538395,67215,60869,47087,0.6226147689799548,0.4119525467620864
6937,0.6937,14,56,14,538451,67159,60883,47073,0.6220960391270518,0.4120824287415085
6938,0.6938,24,45,24,538496,67114,60907,47049,0.6216792026381118,0.41212126520851766
6939,0.6939,13,45,13,538541,67069,60920,47036,0.6212623661491719,0.41221681784321457
6940,0.694,18,41,18,538582,67028,60938,47018,0.6208825817925822,0.4122722410255511
6941,0.6941,17,39,17,538621,66989,60955,47001,0.6205213235021676,0.4123256426002281
6942,0.6942,23,47,23,538668,66942,60978,46978,0.6200859609470525,0.412377106741573
6943,0.6943,14,50,14,538718,66892,60992,46964,0.6196228092926748,0.4124859471613266
6944,0.6944,25,43,25,538761,66849,61017,46939,0.6192244988699099,0.4125127429957465
6945,0.6945,16,48,16,538809,66801,61033,46923,0.6187798732817074,0.4126041996412367
6946,0.6946,17,59,17,538868,66742,61050,46906,0.6182333543295416,0.41273053639307333
6947,0.6947,13,50,13,538918,66692,61063,46893,0.6177702026751639,0.4128450059426861
6948,0.6948,22,44,22,538962,66648,61085,46871,0.6173626292193116,0.41289123406654393
6949,0.6949,17,40,17,539002,66608,61102,46854,0.6169921078958094,0.4129488286827308
6950,0.695,16,60,16,539062,66548,61118,46838,0.6164363259105562,0.41308450778755756
6951,0.6951,17,48,17,539110,66500,61135,46821,0.6159917003223535,0.41317143336186585
6952,0.6952,15,49,15,539159,66451,61150,46806,0.6155378117010634,0.4132724688098749
6953,0.6953,24,44,24,539203,66407,61174,46782,0.615130238245211,0.4133087137442684
6954,0.6954,24,58,24,539261,66349,61198,46758,0.6145929823261329,0.4133961646936087
6955,0.6955,7,55,7,539316,66294,61205,46751,0.6140835155063173,0.41356097129461716
6956,0.6956,16,49,16,539365,66245,61221,46735,0.6136296268850272,0.41365728447512834
6957,0.6957,22,59,22,539424,66186,61243,46713,0.6130831079328616,0.41375920070151195
6958,0.6958,8,36,8,539460,66150,61251,46705,0.6127496387417096,0.4138496300562669
6959,0.6959,15,48,15,539508,66102,61266,46690,0.6123050131535069,0.4139477977161501
6960,0.696,17,38,17,539546,66064,61283,46673,0.61195301789618,0.41399895331612513
6961,0.6961,8,49,8,539595,66015,61291,46665,0.6114991292748898,0.41413738019169327
6962,0.6962,13,49,13,539644,65966,61304,46652,0.6110452406535997,0.4142499422827612
6963,0.6963,12,55,12,539699,65911,61316,46640,0.6105357738337841,0.41438992101358496
6964,0.6964,15,42,15,539741,65869,61331,46625,0.6101467264441068,0.4144665493270752
6965,0.6965,13,43,13,539784,65826,61344,46612,0.609748416021342,0.41455735605400307
6966,0.6966,18,40,18,539824,65786,61362,46594,0.6093778946978399,0.4146111407723794
6967,0.6967,14,50,14,539874,65736,61376,46580,0.6089147430434622,0.41472274653655755
6968,0.6968,19,42,19,539916,65694,61395,46561,0.6085256956537849,0.4147788517215269
6969,0.6969,14,51,14,539967,65643,61409,46547,0.6080532809663196,0.41489437561279974
6970,0.697,23,51,23,540018,65592,61432,46524,0.6075808662788543,0.41496307395911375
6971,0.6971,19,54,19,540072,65538,61451,46505,0.6070806624921264,0.41506385941111895
6972,0.6972,14,52,14,540124,65486,61465,46491,0.6065989847715736,0.4151834751779383
6973,0.6973,20,45,20,540169,65441,61485,46471,0.6061821482826336,0.415245907498749
6974,0.6974,23,54,23,540223,65387,61508,46448,0.6056819444959057,0.4153261501318907
6975,0.6975,15,33,15,540256,65354,61523,46433,0.6053762644040165,0.41537030245019546
6976,0.6976,16,42,16,540298,65312,61539,46417,0.6049872170143392,0.4154427230173008
6977,0.6977,23,34,23,540332,65278,61562,46394,0.6046722738893623,0.4154488143849846
6978,0.6978,18,45,18,540377,65233,61580,46376,0.6042554374004224,0.4155220457131593
6979,0.6979,35,32,35,540409,65201,61615,46341,0.6039590203416206,0.41545785444047983
6980,0.698,18,43,18,540452,65158,61633,46323,0.6035607099188558,0.41552372153102324
6981,0.6981,19,42,19,540494,65116,61652,46304,0.6031716625291785,0.4155806856937713
6982,0.6982,15,39,15,540533,65077,61667,46289,0.602810404238764,0.41564750462439165
6983,0.6983,15,39,15,540572,65038,61682,46274,0.6024491459483493,0.4157143883857985
6984,0.6984,19,44,19,540616,64994,61701,46255,0.6020415724924969,0.41577901823836616
6985,0.6985,22,49,22,540665,64945,61723,46233,0.6015876838712068,0.4158466603104931
6986,0.6986,16,53,16,540718,64892,61739,46217,0.6010967431175664,0.4159609032571619
6987,0.6987,19,46,19,540764,64846,61758,46198,0.6006706435955389,0.4160332841035986
6988,0.6988,9,42,9,540806,64804,61767,46189,0.6002815962058616,0.4161433603920968
6989,0.6989,21,59,21,540865,64745,61788,46168,0.5997350772536959,0.41625418120508867
6990,0.699,12,51,12,540916,64694,61800,46156,0.5992626625662307,0.41638249887235
6991,0.6991,18,65,18,540981,64629,61818,46138,0.5986605654155397,0.41653199960276976
6992,0.6992,20,63,20,541044,64566,61838,46118,0.5980769943310238,0.4166636550901666
6993,0.6993,13,43,13,541087,64523,61851,46105,0.597678683908259,0.41675705969555626
6994,0.6994,19,44,19,541131,64479,61870,46086,0.5972711104524066,0.41682268348935014
6995,0.6995,22,50,22,541181,64429,61892,46064,0.5968079587980288,0.41689518793045716
6996,0.6996,19,52,19,541233,64377,61911,46045,0.596326281077476,0.4169911792939813
6997,0.6997,24,46,24,541279,64331,61935,46021,0.5959001815554485,0.41703820501667394
6998,0.6998,21,50,21,541329,64281,61956,46000,0.5954370299010708,0.41711627569572274
6999,0.6999,16,48,16,541377,64233,61972,45984,0.5949924043128682,0.4172133155502327
7000,0.7,14,45,14,541422,64188,61986,45970,0.5945755678239283,0.4173096824561085
7001,0.7001,14,57,14,541479,64131,62000,45956,0.5940475749379377,0.41745165187533495
7002,0.7002,23,44,23,541523,64087,62023,45933,0.5936400014820853,0.41749681876022543
7003,0.7003,18,49,18,541572,64038,62041,45915,0.5931861128607951,0.41758751466535704
7004,0.7004,14,49,14,541621,63989,62055,45901,0.592732224239505,0.4176995176995177
7005,0.7005,13,49,13,541670,63940,62068,45888,0.5922783356182149,0.41781695014021925
7006,0.7006,19,40,19,541710,63900,62087,45869,0.5919078142947126,0.41786843279978864
7007,0.7007,18,40,18,541750,63860,62105,45851,0.5915372929712105,0.4179252764080174
7008,0.7008,16,51,16,541801,63809,62121,45835,0.5910648782837452,0.4180347305826128
7009,0.7009,14,42,14,541843,63767,62135,45821,0.5906758308940679,0.4181205971456729
7010,0.701,18,58,18,541901,63709,62153,45803,0.5901385749749898,0.4182464022207612
7011,0.7011,19,40,19,541941,63669,62172,45784,0.5897680536514877,0.4182982650087252
7012,0.7012,26,47,26,541988,63622,62198,45758,0.5893326910963727,0.41833973304077526
7013,0.7013,21,40,21,542028,63582,62219,45737,0.5889621697728704,0.41838106824980104
7014,0.7014,9,40,9,542068,63542,62228,45728,0.5885916484493683,0.4184863182941338
7015,0.7015,22,40,22,542108,63502,62250,45706,0.588221127125866,0.4185224525675775
7016,0.7016,13,41,13,542149,63461,62263,45693,0.5878413427692764,0.41861040364988916
7017,0.7017,16,36,16,542185,63425,62279,45677,0.5875078735781244,0.41866326923429453
7018,0.7018,11,42,11,542227,63383,62290,45666,0.5871188261884471,0.41876587589065467
7019,0.7019,13,58,13,542285,63325,62303,45653,0.586581570269369,0.41891941492778356
7020,0.702,18,46,18,542331,63279,62321,45635,0.5861554707473415,0.41900031217290706
7021,0.7021,19,44,19,542375,63235,62340,45616,0.5857478972914891,0.41906826763190047
7022,0.7022,19,42,19,542417,63193,62359,45597,0.5853588499018119,0.4191285963783436
7023,0.7023,21,47,21,542464,63146,62380,45576,0.5849234873466969,0.4191975865050312
7024,0.7024,25,53,25,542517,63093,62405,45551,0.5844325465930564,0.41926843636095873
7025,0.7025,16,52,16,542569,63041,62421,45535,0.5839508688725036,0.41938365753020923
7026,0.7026,19,43,19,542612,62998,62440,45516,0.5835525584497387,0.41944818180142657
7027,0.7027,16,41,16,542653,62957,62456,45500,0.583172774093149,0.41952110052832
7028,0.7028,18,55,18,542708,62902,62474,45482,0.5826633072733336,0.4196375848833776
7029,0.7029,10,41,10,542749,62861,62484,45472,0.5822835229167439,0.4197428299779384
7030,0.703,19,35,19,542784,62826,62503,45453,0.5819593167586795,0.4197766880004433
7031,0.7031,23,43,23,542827,62783,62526,45430,0.5815610063359147,0.4198201694805615
7032,0.7032,25,54,25,542881,62729,62551,45405,0.5810608025491867,0.4198956849834465
7033,0.7033,17,47,17,542928,62682,62568,45388,0.5806254399940717,0.41998704543351534
7034,0.7034,18,40,18,542968,62642,62586,45370,0.5802549186705694,0.4200459208236122
7035,0.7035,16,35,16,543003,62607,62602,45354,0.579930712512505,0.42009614583043875
7036,0.7036,17,47,17,543050,62560,62619,45337,0.57949534995739,0.4201877716711308
7037,0.7037,18,52,18,543102,62508,62637,45319,0.5790136722368372,0.4202936184814564
7038,0.7038,17,61,17,543163,62447,62654,45302,0.5784486272184964,0.4204400968918505
7039,0.7039,25,40,25,543203,62407,62679,45277,0.5780781058949943,0.42046172133278853
7040,0.704,15,43,15,543246,62364,62694,45262,0.5776797954722295,0.42054893798896176
7041,0.7041,16,52,16,543298,62312,62710,45246,0.5771981177516766,0.42066605924245526
7042,0.7042,20,47,20,543345,62265,62730,45226,0.5767627551965616,0.42074220167269816
7043,0.7043,11,52,11,543397,62213,62741,45215,0.5762810774760088,0.4208865472688684
7044,0.7044,19,39,19,543436,62174,62760,45196,0.5759198191855941,0.4209369470056813
7045,0.7045,19,35,19,543471,62139,62779,45177,0.5755956130275297,0.4209717097170972
7046,0.7046,11,57,11,543528,62082,62790,45166,0.5750676201415391,0.42113605848127705
7047,0.7047,21,34,21,543562,62048,62811,45145,0.5747526770165623,0.42115623221665593
7048,0.7048,17,57,17,543619,61991,62828,45128,0.5742246841305717,0.4212884735667809
7049,0.7049,20,53,20,543672,61938,62848,45108,0.5737337433769314,0.4213889355977804
7050,0.705,21,41,21,543713,61897,62869,45087,0.5733539590203416,0.42143685037014883
7051,0.7051,21,42,21,543755,61855,62890,45066,0.5729649116306643,0.42148876273136243
7052,0.7052,22,46,22,543801,61809,62912,45044,0.5725388121086369,0.4215511029170917
7053,0.7053,19,48,19,543849,61761,62931,45025,0.5720941865204342,0.42163766785908263
7054,0.7054,20,29,20,543878,61732,62951,45005,0.5718255585608952,0.42164385358404305
7055,0.7055,23,48,23,543926,61684,62974,44982,0.5713809329726925,0.4217088856805355
7056,0.7056,15,38,15,543964,61646,62989,44967,0.5710289377153656,0.42177783197171076
7057,0.7057,20,48,20,544012,61598,63009,44947,0.5705843121271629,0.42185930827349943
7058,0.7058,26,32,26,544044,61566,63035,44921,0.5702878950683612,0.42184492003718765
7059,0.7059,15,43,15,544087,61523,63050,44906,0.5698895846455964,0.4219338714072292
7060,0.706,22,45,22,544132,61478,63072,44884,0.5694727481566564,0.42199281698350916
7061,0.7061,17,46,17,544178,61432,63089,44867,0.569046648634629,0.42208299231413277
7062,0.7062,12,52,12,544230,61380,63101,44855,0.5685649709140761,0.42222431402080296
7063,0.7063,15,43,15,544273,61337,63116,44840,0.5681666604913113,0.4223136837544854
7064,0.7064,18,53,18,544326,61284,63134,44822,0.567675719737671,0.42242662997379976
7065,0.7065,22,36,22,544362,61248,63156,44800,0.567342250546519,0.4224502112251056
7066,0.7066,17,41,17,544403,61207,63173,44783,0.5669624661899292,0.42252099254646663
7067,0.7067,20,34,20,544437,61173,63193,44763,0.5666475230649524,0.4225475758948799
7068,0.7068,13,41,13,544478,61132,63206,44750,0.5662677387083627,0.4226402976898812
7069,0.7069,6,59,6,544537,61073,63212,44744,0.5657212197561969,0.42284321044822665
7070,0.707,15,50,15,544587,61023,63227,44729,0.5652580681018192,0.42296126787200244
7071,0.7071,22,46,22,544633,60977,63249,44707,0.5648319685797918,0.4230252450702093
7072,0.7072,22,49,22,544682,60928,63271,44685,0.5643780799585016,0.42310132275382767
7073,0.7073,14,53,14,544735,60875,63285,44671,0.5638871392048612,0.4232372614784075
7074,0.7074,15,38,15,544773,60837,63300,44656,0.5635351439475342,0.4233077076204108
7075,0.7075,17,56,17,544829,60781,63317,44639,0.5630164140946311,0.4234395750332005
7076,0.7076,12,39,12,544868,60742,63329,44627,0.5626551558042165,0.4235306399415388
7077,0.7077,19,54,19,544922,60688,63348,44608,0.5621549520174886,0.4236438231271843
7078,0.7078,16,46,16,544968,60642,63364,44592,0.5617288524954611,0.4237413763612521
7079,0.7079,16,46,16,545014,60596,63380,44576,0.5613027529734336,0.42383904461263455
7080,0.708,17,44,17,545058,60552,63397,44559,0.5608951795175813,0.42392328110283417
7081,0.7081,9,47,9,545105,60505,63406,44550,0.5604598169624662,0.42406358574080244
7082,0.7082,15,52,15,545157,60453,63421,44535,0.5599781392419134,0.42419133615270316
7083,0.7083,15,48,15,545205,60405,63436,44520,0.5595335136537107,0.42430307362401715
7084,0.7084,17,27,17,545232,60378,63453,44503,0.5592834117603468,0.4243189900935346
7085,0.7085,11,54,11,545286,60324,63464,44492,0.5587832079736189,0.42447717905663257
7086,0.7086,22,38,22,545324,60286,63486,44470,0.5584312127162918,0.4245102905800145
7087,0.7087,16,47,16,545371,60239,63502,44454,0.5579958501611768,0.42461291585874894
7088,0.7088,14,40,14,545411,60199,63516,44440,0.5576253288376746,0.4246982482630759
7089,0.7089,22,57,22,545468,60142,63538,44418,0.557097335951684,0.4248087222647284
7090,0.709,10,47,10,545515,60095,63548,44408,0.556661973396569,0.42494473842856184
7091,0.7091,22,44,22,545559,60051,63570,44386,0.5562543999407166,0.4250026331664065
7092,0.7092,13,51,13,545610,60000,63583,44373,0.5557819852532513,0.42513868529217325
7093,0.7093,18,46,18,545656,59954,63601,44355,0.5553558857312239,0.42522696986837183
7094,0.7094,16,42,16,545698,59912,63617,44339,0.5549668383415466,0.42531006896816337
7095,0.7095,19,47,19,545745,59865,63636,44320,0.5545314757864315,0.4253971301051015
7096,0.7096,20,41,20,545786,59824,63656,44300,0.5541516914298418,0.4254542660673812
7097,0.7097,19,43,19,545829,59781,63675,44281,0.5537533810070769,0.4255251676884934
7098,0.7098,20,46,20,545875,59735,63695,44261,0.5533272814850495,0.42560290780414634
7099,0.7099,15,44,15,545919,59691,63710,44246,0.5529197080291971,0.42570018376516544
7100,0.71,18,37,18,545956,59654,63728,44228,0.5525769758049576,0.4257522958741649
7101,0.7101,14,32,14,545988,59622,63742,44214,0.5522805587461559,0.4258060788165954
7102,0.7102,19,62,19,546050,59560,63761,44195,0.5517062506947275,0.4259553756445473
7103,0.7103,16,43,16,546093,59517,63777,44179,0.5513079402719626,0.4260434346551458
7104,0.7104,18,36,18,546129,59481,63795,44161,0.5509744710808107,0.42609173887034213
7105,0.7105,12,44,12,546173,59437,63807,44149,0.5505668976249584,0.4262062440870388
7106,0.7106,20,36,20,546209,59401,63827,44129,0.5502334284338064,0.42624360088863134
7107,0.7107,16,43,16,546252,59358,63843,44113,0.5498351180110416,0.42633201573387713
7108,0.7108,20,45,20,546297,59313,63863,44093,0.5494182815221016,0.4264065914937238
7109,0.7109,19,41,19,546338,59272,63882,44074,0.5490384971655119,0.42647030364019894
7110,0.711,26,51,26,546389,59221,63908,44048,0.5485660824780466,0.426536521124442
7111,0.7111,24,47,24,546436,59174,63932,44024,0.5481307199229316,0.42659741467857903
7112,0.7112,18,49,18,546485,59125,63950,44006,0.5476768313016415,0.42670002230173276
7113,0.7113,20,56,20,546541,59069,63970,43986,0.5471581014487383,0.4268206297608073
7114,0.7114,15,50,15,546591,59019,63985,43971,0.5466949497943606,0.42694436353043985
7115,0.7115,22,52,22,546643,58967,64007,43949,0.5462132720738079,0.42703758404912745
7116,0.7116,22,41,22,546684,58926,64029,43927,0.5458334877172182,0.42708525760065336
7117,0.7117,17,45,17,546729,58881,64046,43910,0.5454166512282782,0.4271774766273312
7118,0.7118,28,43,28,546772,58838,64074,43882,0.5450183408055134,0.4272001557632399
7119,0.7119,19,52,19,546824,58786,64093,43863,0.5445366630849605,0.4273105436974544
7120,0.712,19,46,19,546870,58740,64112,43844,0.5441105635629331,0.4273960851594791
7121,0.7121,16,43,16,546913,58697,64128,43828,0.5437122531401682,0.427485979029505
7122,0.7122,21,29,21,546942,58668,64149,43807,0.5434436251806292,0.42748963161746767
7123,0.7123,15,31,15,546973,58637,64164,43792,0.5431564711549149,0.4275351707036093
7124,0.7124,20,44,20,547017,58593,64184,43772,0.5427488976990625,0.427607092267865
7125,0.7125,17,52,17,547069,58541,64201,43755,0.5422672199785098,0.42772933448033157
7126,0.7126,14,47,14,547116,58494,64215,43741,0.5418318574233947,0.42784760600577104
7127,0.7127,14,39,14,547155,58455,64229,43727,0.5414705991329801,0.4279325125756004
7128,0.7128,14,43,14,547198,58412,64243,43713,0.5410722887102153,0.4280342717258262
7129,0.7129,18,41,18,547239,58371,64261,43695,0.5406925043536256,0.42810534360119923
7130,0.713,17,44,17,547283,58327,64278,43678,0.5402849308977732,0.4281946963384148
7131,0.7131,12,34,12,547317,58293,64290,43666,0.5399699877727964,0.4282701870359654
7132,0.7132,16,45,16,547362,58248,64306,43650,0.5395531512838564,0.4283695460166048
7133,0.7133,18,43,18,547405,58205,64324,43632,0.5391548408610916,0.4284493848012019
7134,0.7134,21,43,21,547448,58162,64345,43611,0.5387565304383267,0.4285124738388374
7135,0.7135,16,27,16,547475,58135,64361,43595,0.5385064285449628,0.4285363216357023
7136,0.7136,14,52,14,547527,58083,64375,43581,0.5380247508244099,0.4286768177525968
7137,0.7137,19,48,19,547575,58035,64394,43562,0.5375801252362074,0.4287725031250923
7138,0.7138,14,39,14,547614,57996,64408,43548,0.5372188669457927,0.4288584259040416
7139,0.7139,22,45,22,547659,57951,64430,43526,0.5368020304568528,0.4289247809848537
7140,0.714,20,40,20,547699,57911,64450,43506,0.5364315091333506,0.4289813344902728
7141,0.7141,17,46,17,547745,57865,64467,43489,0.5360054096113231,0.4290802533693786
7142,0.7142,17,36,17,547781,57829,64484,43472,0.5356719404201712,0.4291369285594417
7143,0.7143,22,43,22,547824,57786,64506,43450,0.5352736299974064,0.4291951479710775
7144,0.7144,12,37,12,547861,57749,64518,43438,0.5349308977731668,0.42928439424036685
7145,0.7145,16,47,16,547908,57702,64534,43422,0.5344955352180518,0.4293936157588703
7146,0.7146,19,40,19,547948,57662,64553,43403,0.5341250138945496,0.42945629050610995
7147,0.7147,12,50,12,547998,57612,64565,43391,0.5336618622401719,0.4296011009573973
7148,0.7148,19,38,19,548036,57574,64584,43372,0.5333098669828449,0.4296554593545064
7149,0.7149,18,42,18,548078,57532,64602,43354,0.5329208195931676,0.4297325694348076
7150,0.715,13,42,13,548120,57490,64615,43341,0.5325317722034904,0.42983804583907725
7151,0.7151,18,47,18,548167,57443,64633,43323,0.5320964096483752,0.42993668499295395
7152,0.7152,19,51,19,548218,57392,64652,43304,0.53162399496091,0.43004687375863987
7153,0.7153,11,40,11,548258,57352,64663,43293,0.5312534736374078,0.43015549704406575
7154,0.7154,19,43,19,548301,57309,64682,43274,0.530855163214643,0.4302317489038903
7155,0.7155,15,43,15,548344,57266,64697,43259,0.5304568527918782,0.43033076349166877
7156,0.7156,18,50,18,548394,57216,64715,43241,0.5299937011375004,0.4304428760564222
7157,0.7157,19,43,19,548437,57173,64734,43222,0.5295953907147356,0.43051944817969023
7158,0.7158,16,47,16,548484,57126,64750,43206,0.5291600281596206,0.43063030737950003
7159,0.7159,16,42,16,548526,57084,64766,43190,0.5287709807699433,0.43071982767217826
7160,0.716,16,39,16,548565,57045,64782,43174,0.5284097224795287,0.43079655554336005
7161,0.7161,23,45,23,548610,57000,64805,43151,0.5279928859905888,0.4308594023025232
7162,0.7162,17,46,17,548656,56954,64822,43134,0.5275667864685613,0.4309607545360083
7163,0.7163,19,40,19,548696,56914,64841,43115,0.5271962651450591,0.43102500274920275
7164,0.7164,22,37,22,548733,56877,64863,43093,0.5268535329208196,0.4310593177953386
7165,0.7165,12,39,12,548772,56838,64875,43081,0.5264922746304049,0.4311592389835767
7166,0.7166,18,43,18,548815,56795,64893,43063,0.5260939642076401,0.4312423641571031
7167,0.7167,17,54,17,548869,56741,64910,43046,0.5255937604209122,0.4313788369226452
7168,0.7168,19,40,19,548909,56701,64929,43027,0.5252232390974101,0.4314435263917857
7169,0.7169,28,39,28,548948,56662,64957,42999,0.5248619808069954,0.43145262439670484
7170,0.717,13,50,13,548998,56612,64970,42986,0.5243988291526177,0.43159501194803107
7171,0.7171,11,39,11,549037,56573,64981,42975,0.5240375708622032,0.43170128983003175
7172,0.7172,16,47,16,549084,56526,64997,42959,0.523602208307088,0.4318138412826054
7173,0.7173,14,40,14,549124,56486,65011,42945,0.5232316869835859,0.43190755398215847
7174,0.7174,20,52,20,549176,56434,65031,42925,0.522750009263033,0.4320192433498727
7175,0.7175,17,36,17,549212,56398,65048,42908,0.5224165400718811,0.43207862566209493
7176,0.7176,23,47,23,549259,56351,65071,42885,0.5219811775167661,0.43215163851827965
7177,0.7177,22,44,22,549303,56307,65093,42863,0.5215736040609137,0.432217404456993
7178,0.7178,22,33,22,549336,56274,65115,42841,0.5212679239690244,0.43223528224789387
7179,0.7179,24,46,24,549382,56228,65139,42817,0.5208418244469969,0.4322984501994043
7180,0.718,13,31,13,549413,56197,65152,42804,0.5205546704212828,0.4323592690982919
7181,0.7181,19,58,19,549471,56139,65171,42785,0.5200174145022046,0.43250374024503657
7182,0.7182,10,26,10,549497,56113,65181,42775,0.5197765756419281,0.43256006795566704
7183,0.7183,15,34,15,549531,56079,65196,42760,0.5194616325169513,0.43262275012899765
7184,0.7184,21,47,21,549578,56032,65217,42739,0.5190262699618363,0.4327079810875662
7185,0.7185,15,37,15,549615,55995,65232,42724,0.5186835377375968,0.4327839625603987
7186,0.7186,21,51,21,549666,55944,65253,42703,0.5182111230501315,0.4328869605766014
7187,0.7187,23,42,23,549708,55902,65276,42680,0.5178220756604542,0.43293907609908505
7188,0.7188,18,59,18,549767,55843,65294,42662,0.5172755567082885,0.4330947667631085
7189,0.7189,18,40,18,549807,55803,65312,42644,0.5169050353847864,0.43316708482736904
7190,0.719,12,47,12,549854,55756,65324,42632,0.5164696728296714,0.4333048745782006
7191,0.7191,14,44,14,549898,55712,65338,42618,0.516062099373819,0.4334180819688803
7192,0.7192,16,38,16,549936,55674,65354,42602,0.5157101041164919,0.43349342667589236
7193,0.7193,22,45,22,549981,55629,65376,42580,0.515293267627552,0.43356515186999156
7194,0.7194,20,41,20,550022,55588,65396,42560,0.5149134832709622,0.43363084321636713
7195,0.7195,24,40,24,550062,55548,65420,42536,0.5145429619474601,0.43366909995514047
7196,0.7196,18,56,18,550118,55492,65438,42518,0.514024232094557,0.43381287623711867
7197,0.7197,22,37,22,550155,55455,65460,42496,0.5136814998703175,0.43384957785014955
7198,0.7198,13,51,13,550206,55404,65473,42483,0.5132090851828522,0.43400042906616815
7199,0.7199,17,50,17,550256,55354,65490,42466,0.5127459335284745,0.4341239010427316
7200,0.72,19,43,19,550299,55311,65509,42447,0.5123476231057097,0.4342048732584545
7201,0.7201,15,35,15,550334,55276,65524,42432,0.5120234169476453,0.4342735497605109
7202,0.7202,12,51,12,550385,55225,65536,42420,0.51155100226018,0.43443084643350915
7203,0.7203,15,31,15,550416,55194,65551,42405,0.5112638482344659,0.4344819106753143
7204,0.7204,14,34,14,550450,55160,65565,42391,0.5109489051094891,0.43455218296070774
7205,0.7205,24,44,24,550494,55116,65589,42367,0.5105413316536367,0.4346091113322323
7206,0.7206,17,33,17,550527,55083,65606,42350,0.5102356515617473,0.4346576621883756
7207,0.7207,19,38,19,550565,55045,65625,42331,0.5098836563044203,0.43471697338153137
7208,0.7208,18,30,18,550595,55015,65643,42313,0.5096057653117937,0.4347464244616143
7209,0.7209,25,40,25,550635,54975,65668,42288,0.5092352439882916,0.4347799265907899
7210,0.721,19,39,19,550674,54936,65687,42269,0.5088739856978769,0.4348438866313461
7211,0.7211,16,51,16,550725,54885,65703,42253,0.5084015710104116,0.43497910189627126
7212,0.7212,16,41,16,550766,54844,65719,42237,0.5080217866538219,0.4350696840782439
7213,0.7213,21,46,21,550812,54798,65740,42216,0.5075956871317945,0.4351536891582658
7214,0.7214,19,45,19,550857,54753,65759,42197,0.5071788506428545,0.4352449716348633
7215,0.7215,16,42,16,550899,54711,65775,42181,0.5067898032531772,0.43534037897865663
7216,0.7216,20,40,20,550939,54671,65795,42161,0.506419281929675,0.43540358559153997
7217,0.7217,19,45,19,550984,54626,65814,42142,0.5060024454407351,0.435495205026455
7218,0.7218,15,43,15,551027,54583,65829,42127,0.5056041350179703,0.43560128218384864
7219,0.7219,18,39,18,551066,54544,65847,42109,0.5052428767275556,0.4356719398259754
7220,0.722,16,51,16,551117,54493,65863,42093,0.5047704620400905,0.43580850226740936
7221,0.7221,17,39,17,551156,54454,65880,42076,0.5044092037496758,0.4358852170309748
7222,0.7222,11,37,11,551193,54417,65891,42065,0.5040664715254363,0.435988059949006
7223,0.7223,24,36,24,551229,54381,65915,42041,0.5037330023342843,0.43601045404575717
7224,0.7224,11,45,11,551274,54336,65926,42030,0.5033161658453444,0.4361496793474877
7225,0.7225,26,38,26,551312,54298,65952,42004,0.5029641705880173,0.4361695499574256
7226,0.7226,20,39,20,551351,54259,65972,41984,0.5026029122976027,0.43622912835219185
7227,0.7227,19,40,19,551391,54219,65991,41965,0.5022323909741006,0.4362991765782251
7228,0.7228,24,36,24,551427,54183,66015,41941,0.5018989217829486,0.43632183429736593
7229,0.7229,20,43,20,551470,54140,66035,41921,0.5015006113601838,0.4363997876349403
7230,0.723,21,40,21,551510,54100,66056,41900,0.5011300900366816,0.43645833333333334
7231,0.7231,13,36,13,551546,54064,66069,41887,0.5007966208455297,0.43654573688653586
7232,0.7232,19,40,19,551586,54024,66088,41868,0.5004260995220275,0.43661619321736955
7233,0.7233,29,47,29,551633,53977,66117,41839,0.49999073696691243,0.43665984804208063
7234,0.7234,17,44,17,551677,53933,66134,41822,0.4995831635110601,0.4367604824813326
7235,0.7235,13,45,13,551722,53888,66147,41809,0.4991663270221201,0.43688934867341717
7236,0.7236,14,48,14,551770,53840,66161,41795,0.49872170143391753,0.43702619333925863
7237,0.7237,19,46,19,551816,53794,66180,41776,0.49829560191189004,0.4371246206968714
7238,0.7238,23,37,23,551853,53757,66203,41753,0.4979528696876505,0.4371584127316511
7239,0.7239,13,41,13,551894,53716,66216,41740,0.4975730853310608,0.43726952732148844
7240,0.724,8,42,8,551936,53674,66224,41732,0.49718403794138355,0.4374148376412385
7241,0.7241,21,44,21,551980,53630,66245,41711,0.49677646448553114,0.43749278904144073
7242,0.7242,16,45,16,552025,53585,66261,41695,0.4963596279965912,0.43760495382031905
7243,0.7243,15,38,15,552063,53547,66276,41680,0.4960076327392641,0.43769099100045156
7244,0.7244,14,46,14,552109,53501,66290,41666,0.49558153321723664,0.437819832504965
7245,0.7245,14,52,14,552161,53449,66304,41652,0.49509985549668384,0.4379764671244256
7246,0.7246,17,53,17,552214,53396,66321,41635,0.49460891474304347,0.4381201923582831
7247,0.7247,29,35,29,552249,53361,66350,41606,0.4942847085849791,0.43811008034369836
7248,0.7248,19,41,19,552290,53320,66369,41587,0.49390492422838933,0.4381868566069942
7249,0.7249,19,47,19,552337,53273,66388,41568,0.49346956167327427,0.4382914562267374
7250,0.725,6,35,6,552372,53238,66394,41562,0.4931453555152099,0.43841772151898734
7251,0.7251,19,44,19,552416,53194,66413,41543,0.49273778205935753,0.43850871359658844
7252,0.7252,16,38,16,552454,53156,66429,41527,0.49238578680203043,0.43858982077036
7253,0.7253,14,51,14,552505,53105,66443,41513,0.4919133721145652,0.4387431566932296
7254,0.7254,21,36,21,552541,53069,66464,41492,0.49157990292341325,0.4387855458381362
7255,0.7255,18,35,18,552576,53034,66482,41474,0.49125569676534886,0.4388411563042282
7256,0.7256,19,45,19,552621,52989,66501,41455,0.4908388602764089,0.43893735970522213
7257,0.7257,12,45,12,552666,52944,66513,41443,0.49042202378746896,0.4390752963861549
7258,0.7258,27,38,27,552704,52906,66540,41416,0.4900700285301419,0.43909162231504845
7259,0.7259,18,42,18,552746,52864,66558,41398,0.48968098114046466,0.43918015743353633
7260,0.726,22,35,22,552781,52829,66580,41376,0.4893567749824002,0.43921235603205777
7261,0.7261,15,36,15,552817,52793,66595,41361,0.4890233057912483,0.43929094887099857
7262,0.7262,20,44,20,552861,52749,66615,41341,0.4886157323353959,0.43937719205016473
7263,0.7263,13,35,13,552896,52714,66628,41328,0.4882915261773315,0.43946321856191917
7264,0.7264,16,45,16,552941,52669,66644,41312,0.4878746896883916,0.43957821261744395
7265,0.7265,9,55,9,552996,52614,66653,41303,0.4873652228685761,0.43978193511291885
7266,0.7266,18,51,18,553047,52563,66671,41285,0.4868928081811108,0.4399134771119257
7267,0.7267,17,41,17,553088,52522,66688,41268,0.4865130238245211,0.4400042648469986
7268,0.7268,21,41,21,553129,52481,66709,41247,0.48613323946793136,0.4400712700580403
7269,0.7269,16,40,16,553169,52441,66725,41231,0.48576271814442923,0.4401635494064395
7270,0.727,15,40,15,553209,52401,66740,41216,0.48539219682092705,0.44026191824134503
7271,0.7271,22,49,22,553258,52352,66762,41194,0.4849383081996369,0.44036089196758815
7272,0.7272,19,41,19,553299,52311,66781,41175,0.48455852384304715,0.44044027982799566
7273,0.7273,14,38,14,553337,52273,66795,41161,0.4842065285857201,0.44053556521180726
7274,0.7274,17,37,17,553374,52236,66812,41144,0.4838637963614806,0.44060826729492397
7275,0.7275,15,41,15,553415,52195,66827,41129,0.4834840120048909,0.44071192833569073
7276,0.7276,21,42,21,553457,52153,66848,41108,0.4830949646152136,0.4407844651033122
7277,0.7277,22,49,22,553506,52104,66870,41086,0.4826410759939235,0.4408842150445327
7278,0.7278,21,38,21,553544,52066,66891,41065,0.4822890807365964,0.44093803352267236
7279,0.7279,18,45,18,553589,52021,66909,41047,0.48187224424765646,0.44104310826492454
7280,0.728,15,43,15,553632,51978,66924,41032,0.4814739338248916,0.44115686485324157
7281,0.7281,15,40,15,553672,51938,66939,41017,0.48110341250138944,0.4412565219729977
7282,0.7282,16,43,16,553715,51895,66955,41001,0.4807051020786246,0.4413645366861867
7283,0.7283,19,36,19,553751,51859,66974,40982,0.4803716328874727,0.44142135478937106
7284,0.7284,16,42,16,553793,51817,66990,40966,0.4799825854977954,0.4415248483019519
7285,0.7285,20,40,20,553833,51777,67010,40946,0.47961206417429325,0.44159485780227126
7286,0.7286,14,35,14,553868,51742,67024,40932,0.4792878580162288,0.44167727733776463
7287,0.7287,22,40,22,553908,51702,67046,40910,0.4789173366927267,0.44173541225759083
7288,0.7288,25,41,25,553949,51661,67071,40885,0.47853755233613693,0.44178030384889677
7289,0.7289,19,51,19,554000,51610,67090,40866,0.4780651376486717,0.4419092521302824
7290,0.729,19,35,19,554035,51575,67109,40847,0.47774093149060726,0.4419618705503019
7291,0.7291,21,39,21,554074,51536,67130,40826,0.47737967320019264,0.4420216106190858
7292,0.7292,14,41,14,554115,51495,67144,40812,0.47699988884360295,0.44213331599987
7293,0.7293,18,46,18,554161,51449,67162,40794,0.47657378932157546,0.4422449399954468
7294,0.7294,21,43,21,554204,51406,67183,40773,0.4761754788988106,0.4423241736187201
7295,0.7295,22,34,22,554238,51372,67205,40751,0.4758605357738338,0.44235424378276866
7296,0.7296,27,39,27,554277,51333,67232,40724,0.4754992774834192,0.44237809183440696
7297,0.7297,21,35,21,554312,51298,67253,40703,0.47517507132535475,0.4424191041401724
7298,0.7298,23,46,23,554358,51252,67276,40680,0.47474897180332726,0.4425009789844668
7299,0.7299,23,36,23,554394,51216,67299,40657,0.47441550261217535,0.44253480347871516
7300,0.73,17,30,17,554424,51186,67316,40640,0.4741376116195487,0.4425761766819855
7301,0.7301,14,36,14,554460,51150,67330,40626,0.47380414242839675,0.4426647489539749
7302,0.7302,9,38,9,554498,51112,67339,40617,0.4734521471710697,0.44279344591132574
7303,0.7303,25,29,25,554527,51083,67364,40592,0.4731835192115306,0.44278156531224433
7304,0.7304,11,53,11,554580,51030,67375,40581,0.47269257845789026,0.44297082228116713
7305,0.7305,19,40,19,554620,50990,67394,40562,0.4723220571343881,0.4430487591751136
7306,0.7306,19,35,19,554655,50955,67413,40543,0.4719978509763237,0.4431025814771908
7307,0.7307,28,52,28,554707,50903,67441,40515,0.4715161732557709,0.44318405565643526
7308,0.7308,11,49,11,554756,50854,67452,40504,0.4710622846344807,0.4433547144201931
7309,0.7309,23,49,23,554805,50805,67475,40481,0.47060839601319054,0.443452446158228
7310,0.731,22,41,22,554846,50764,67497,40459,0.47022861165660085,0.4435175339552525
7311,0.7311,20,34,20,554880,50730,67517,40439,0.469913668531624,0.4435608595026818
7312,0.7312,26,38,26,554918,50692,67543,40413,0.46956167327429693,0.44358706986444213
7313,0.7313,13,37,13,554955,50655,67556,40400,0.4692189410500574,0.44368788095107353
7314,0.7314,15,44,15,554999,50611,67571,40385,0.46881136759420505,0.4438107169545914
7315,0.7315,14,45,14,555044,50566,67585,40371,0.46839453110526513,0.4439447089743449
7316,0.7316,18,37,18,555081,50529,67603,40353,0.4680517988810256,0.4440153165643362
7317,0.7317,20,38,20,555119,50491,67623,40333,0.46769980362369856,0.44407865762353566
7318,0.7318,14,41,14,555160,50450,67637,40319,0.4673200192671088,0.44419350218687
7319,0.7319,17,46,17,555206,50404,67654,40302,0.4668939197450813,0.4443145988137499
7320,0.732,18,41,18,555247,50363,67672,40284,0.4665141353884916,0.4444052202499807
7321,0.7321,24,36,24,555283,50327,67696,40260,0.46618066619733967,0.4444346319008246
7322,0.7322,16,50,16,555333,50277,67712,40244,0.46571751454296195,0.4445819202174081
7323,0.7323,19,39,19,555372,50238,67731,40225,0.46535625625254734,0.44465693156318054
7324,0.7324,14,42,14,555414,50196,67745,40211,0.4649672088628701,0.4447775061665579
7325,0.7325,14,51,14,555465,50145,67759,40197,0.4644947941754048,0.4449425516371123
7326,0.7326,23,46,23,555511,50099,67782,40174,0.4640686946533773,0.445027859935972
7327,0.7327,20,31,20,555542,50068,67802,40154,0.46378154062766314,0.44505774644765134
7328,0.7328,19,36,19,555578,50032,67821,40135,0.4634480714365112,0.44511850233455696
7329,0.7329,23,33,23,555611,49999,67844,40112,0.4631423913446219,0.445139883033148
7330,0.733,12,40,12,555651,49959,67856,40100,0.4627718700211197,0.4452636604892348
7331,0.7331,14,44,14,555695,49915,67870,40086,0.46236429656526734,0.4453950511660982
7332,0.7332,10,30,10,555725,49885,67880,40076,0.4620864055726407,0.44548193105901446
7333,0.7333,17,42,17,555767,49843,67897,40059,0.4616973581829634,0.4455851927654557
7334,0.7334,14,32,14,555799,49811,67911,40045,0.4614009411241617,0.4456574964387464
7335,0.7335,14,51,14,555850,49760,67925,40031,0.4609285264366964,0.4458241917341382
7336,0.7336,20,42,20,555892,49718,67945,40011,0.46053947904701914,0.44590934926278014
7337,0.7337,16,45,16,555937,49673,67961,39995,0.4601226425580792,0.4460342597136102
7338,0.7338,20,47,20,555984,49626,67981,39975,0.45968728000296416,0.44614457427930493
7339,0.7339,19,45,19,556029,49581,68000,39956,0.45927044351402424,0.44625127042451723
7340,0.734,13,36,13,556065,49545,68013,39943,0.4589369743228723,0.4463503486500983
7341,0.7341,15,40,15,556105,49505,68028,39928,0.4585664529993701,0.446457124327709
7342,0.7342,19,38,19,556143,49467,68047,39909,0.45821445774204306,0.4465292696025779
7343,0.7343,14,45,14,556188,49422,68061,39895,0.45779762125310314,0.44666748771230563
7344,0.7344,19,36,19,556224,49386,68080,39876,0.4574641520619512,0.4467298514485447
7345,0.7345,18,39,18,556263,49347,68098,39858,0.45710289377153657,0.4468135194215571
7346,0.7346,14,38,14,556301,49309,68112,39844,0.45675089851420947,0.44691709757383374
7347,0.7347,16,40,16,556341,49269,68128,39828,0.45638037719070734,0.4470184181285565
7348,0.7348,16,40,16,556381,49229,68144,39812,0.45600985586720516,0.4471198661290866
7349,0.7349,22,53,22,556434,49176,68166,39790,0.4555189151135648,0.4472495110491648
7350,0.735,13,40,13,556474,49136,68179,39777,0.4551483937900626,0.44736990091437695
7351,0.7351,17,36,17,556510,49100,68196,39760,0.45481492459891065,0.44744541976142244
7352,0.7352,16,44,16,556554,49056,68212,39744,0.4544073511430583,0.44756756756756755
7353,0.7353,12,31,12,556585,49025,68224,39732,0.4541201971173441,0.4476491994997578
7354,0.7354,18,35,18,556620,48990,68242,39714,0.4537959909592797,0.4477137445887446
7355,0.7355,18,36,18,556656,48954,68260,39696,0.45346252176812774,0.4477834179357022
7356,0.7356,16,44,16,556700,48910,68276,39680,0.4530549483122754,0.4479060842081499
7357,0.7357,15,37,15,556737,48873,68291,39665,0.45271221608803586,0.447999728929951
7358,0.7358,22,48,22,556785,48825,68313,39643,0.4522675904998333,0.44810552968304923
7359,0.7359,16,36,16,556821,48789,68329,39627,0.4519341213086813,0.4481881107491857
7360,0.736,20,38,20,556859,48751,68349,39607,0.4515821260513543,0.4482559587134159
7361,0.7361,20,36,20,556895,48715,68369,39587,0.4512486568602023,0.4483137414781092
7362,0.7362,17,36,17,556931,48679,68386,39570,0.45091518766905037,0.448390350032295
7363,0.7363,12,41,12,556972,48638,68398,39558,0.4505354033124606,0.44852374257335936
7364,0.7364,14,47,14,557019,48591,68412,39544,0.4501000407573456,0.4486753276223975
7365,0.7365,15,38,15,557057,48553,68427,39529,0.4497480455000185,0.4487750051088758
7366,0.7366,15,38,15,557095,48515,68442,39514,0.44939605024269147,0.44887480262186324
7367,0.7367,16,36,16,557131,48479,68458,39498,0.4490625810515395,0.44895825045182264
7368,0.7368,26,44,26,557175,48435,68484,39472,0.4486550075956871,0.44901998703174945
7369,0.7369,16,44,16,557219,48391,68500,39456,0.44824743413983476,0.44914453538538596
7370,0.737,19,38,19,557257,48353,68519,39437,0.4478954388825077,0.4492197288985078
7371,0.7371,20,39,20,557296,48314,68539,39417,0.4475341805920931,0.4492938641985159
7372,0.7372,14,29,14,557325,48285,68553,39403,0.447265552632554,0.4493545296961956
7373,0.7373,7,30,7,557355,48255,68560,39396,0.44698766163992737,0.44946435294520315
7374,0.7374,15,47,15,557402,48208,68575,39381,0.4465522990848123,0.44961125255454454
7375,0.7375,15,44,15,557446,48164,68590,39366,0.44614472562895996,0.4497429452759054
7376,0.7376,22,42,22,557488,48122,68612,39344,0.4457556782392827,0.4498205016806531
7377,0.7377,16,27,16,557515,48095,68628,39328,0.4455055763459187,0.4498587328277456
7378,0.7378,19,22,19,557537,48073,68647,39309,0.4453017896179925,0.44985237234212994
7379,0.7379,21,37,21,557574,48036,68668,39288,0.444959057393753,0.44991067747698227
7380,0.738,11,32,11,557606,48004,68679,39277,0.4446626403349513,0.45000630148600496
7381,0.7381,17,27,17,557633,47977,68696,39260,0.4444125384415873,0.45003840113713217
7382,0.7382,20,36,20,557669,47941,68716,39240,0.4440790692504354,0.4500980718275771
7383,0.7383,19,47,19,557716,47894,68735,39221,0.44364370669532033,0.4502209722780233
7384,0.7384,14,33,14,557749,47861,68749,39207,0.443338026603431,0.450303211283135
7385,0.7385,17,38,17,557787,47823,68766,39190,0.442986031346104,0.4503924700906761
7386,0.7386,11,42,11,557829,47781,68777,39179,0.4425969839564267,0.45054047838086475
7387,0.7387,9,35,9,557864,47746,68786,39170,0.44227277779836227,0.4506650098946109
7388,0.7388,17,42,17,557906,47704,68803,39153,0.441883730408685,0.45077541245956
7389,0.7389,22,33,22,557939,47671,68825,39131,0.44157805031679576,0.45080758507868485
7390,0.739,19,41,19,557980,47630,68844,39112,0.441198265960206,0.45090037121578935
7391,0.7391,20,46,20,558026,47584,68864,39092,0.4407721664381785,0.4510129678342332
7392,0.7392,21,32,21,558058,47552,68885,39071,0.4404757493793768,0.4510464888078224
7393,0.7393,19,34,19,558092,47518,68904,39052,0.44016080625439996,0.4511031535173848
7394,0.7394,21,37,21,558129,47481,68925,39031,0.43981807403016043,0.45116284446088406
7395,0.7395,18,47,18,558176,47434,68943,39013,0.4393827114750454,0.4512938563512904
7396,0.7396,17,35,17,558211,47399,68960,38996,0.439058505316981,0.4513687134672145
7397,0.7397,15,38,15,558249,47361,68975,38981,0.43870651005965394,0.4514720529985407
7398,0.7398,16,27,16,558276,47334,68991,38965,0.43845640816628995,0.4515116050012167
7399,0.7399,17,42,17,558318,47292,69008,38948,0.4380673607766127,0.45162337662337665
7400,0.74,12,39,12,558357,47253,69020,38936,0.43770610248619807,0.4517513835872327
7401,0.7401,18,19,18,558376,47234,69038,38918,0.4375301048575346,0.4517364657814096
7402,0.7402,25,39,25,558415,47195,69063,38893,0.43716884656711996,0.4517818975931605
7403,0.7403,12,41,12,558456,47154,69075,38881,0.4367890622105302,0.45192072993549137
7404,0.7404,19,45,19,558501,47109,69094,38862,0.4363722257215903,0.45203615172558187
7405,0.7405,19,46,19,558547,47063,69113,38843,0.4359461261995628,0.4521570088235979
7406,0.7406,14,36,14,558583,47027,69127,38829,0.43561265700841084,0.45225726798360044
7407,0.7407,21,39,21,558622,46988,69148,38808,0.43525139871799623,0.45232877989649867
7408,0.7408,15,46,15,558668,46942,69163,38793,0.43482529919596874,0.4524756517175016
7409,0.7409,18,45,18,558713,46897,69181,38775,0.43440846270702876,0.4525982818190307
7410,0.741,16,39,16,558752,46858,69197,38759,0.43404720441661415,0.4527021502738942
7411,0.7411,21,41,21,558793,46817,69218,38738,0.43366742006002446,0.45278475834258664
7412,0.7412,15,34,15,558827,46783,69233,38723,0.43335247693504764,0.45286880452833717
7413,0.7413,20,38,20,558865,46745,69253,38703,0.43300048167772054,0.45294214024904034
7414,0.7414,23,41,23,558906,46704,69276,38680,0.43262069732113084,0.45301227396233484
7415,0.7415,26,31,26,558937,46673,69302,38654,0.4323335432954167,0.4530101843496197
7416,0.7416,18,44,18,558981,46629,69320,38636,0.43192596983956427,0.45312848179206006
7417,0.7417,15,39,15,559020,46590,69335,38621,0.43156471154914966,0.4532396052152891
7418,0.7418,14,29,14,559049,46561,69349,38607,0.4312960835896106,0.4533040578621078
7419,0.7419,20,40,20,559089,46521,69369,38587,0.4309255622661084,0.4533886356159233
7420,0.742,17,40,17,559129,46481,69386,38570,0.43055504094260627,0.4534926103161632
7421,0.7421,19,48,19,559177,46433,69405,38551,0.43011041535440364,0.45362656500047066
7422,0.7422,22,50,22,559227,46383,69427,38529,0.4296472637000259,0.4537521198417185
7423,0.7423,18,46,18,559273,46337,69445,38511,0.42922116417799844,0.4538822364699227
7424,0.7424,17,28,17,559301,46309,69462,38494,0.4289617992515469,0.4539226206620049
7425,0.7425,22,44,22,559345,46265,69484,38472,0.4285542257956945,0.4540165453107851
7426,0.7426,20,37,20,559382,46228,69504,38452,0.42821149357145505,0.4540859707132735
7427,0.7427,16,55,16,559437,46173,69520,38436,0.42770202675163954,0.45427791369712445
7428,0.7428,22,44,22,559481,46129,69542,38414,0.4272944532957872,0.45437233123972415
7429,0.7429,28,40,28,559521,46089,69570,38386,0.426923931972285,0.45440662918023084
7430,0.743,18,41,18,559562,46048,69588,38368,0.42654414761569526,0.454510993176649
7431,0.7431,18,43,18,559605,46005,69606,38350,0.4261458371929305,0.45462628178531206
7432,0.7432,18,43,18,559648,45962,69624,38332,0.42574752677016564,0.45474173725294803
7433,0.7433,15,47,15,559695,45915,69639,38317,0.4253121642150506,0.4548983759141419
7434,0.7434,11,44,11,559739,45871,69650,38306,0.4249045907591982,0.4550649227223588
7435,0.7435,13,39,13,559778,45832,69663,38293,0.42454333246878356,0.4551916790490342
7436,0.7436,20,45,20,559823,45787,69683,38273,0.42412649597984364,0.4553057339995242
7437,0.7437,21,42,21,559865,45745,69704,38252,0.4237374485901664,0.45539721656725834
7438,0.7438,15,42,15,559907,45703,69719,38237,0.4233484012004891,0.45552775792232547
7439,0.7439,19,42,19,559949,45661,69738,38218,0.4229593538108118,0.45563251827036566
7440,0.744,16,35,16,559984,45626,69754,38202,0.4226351476527474,0.4557188528892494
7441,0.7441,20,42,20,560026,45584,69774,38182,0.42224610026307013,0.45581739607955496
7442,0.7442,22,38,22,560064,45546,69796,38160,0.4218941050057431,0.455881298831625
7443,0.7443,20,38,20,560102,45508,69816,38140,0.421542109748416,0.4559583014537108
7444,0.7444,23,37,23,560139,45471,69839,38117,0.4211993775241765,0.456010432119443
7445,0.7445,10,34,10,560173,45437,69849,38107,0.42088443439919965,0.45613090108206455
7446,0.7446,24,38,24,560211,45399,69873,38083,0.4205324391418726,0.45618217100692365
7447,0.7447,13,45,13,560256,45354,69886,38070,0.4201156026529327,0.45634349827387805
7448,0.7448,16,37,16,560293,45317,69902,38054,0.41977287042869316,0.4564416883568627
7449,0.7449,13,40,13,560333,45277,69915,38041,0.41940234910519103,0.4565760099858374
7450,0.745,17,46,17,560379,45231,69932,38024,0.4189762495831635,0.4567173142754189
7451,0.7451,21,42,21,560421,45189,69953,38003,0.4185872021934862,0.45681075103375324
7452,0.7452,19,35,19,560456,45154,69972,37984,0.41826299603542183,0.4568789241983209
7453,0.7453,10,45,10,560501,45109,69982,37974,0.4178461595464819,0.45706101127787874
7454,0.7454,21,24,21,560525,45085,70003,37953,0.4176238467523806,0.45705580577566896
7455,0.7455,19,38,19,560563,45047,70022,37934,0.4172718514950535,0.4571407912654704
7456,0.7456,27,47,27,560610,45000,70049,37907,0.4168364889399385,0.4572231536540943
7457,0.7457,13,30,13,560640,44970,70062,37894,0.41655859794731187,0.4573035335006758
7458,0.7458,17,36,17,560676,44934,70079,37877,0.4162251287561599,0.4573909263262127
7459,0.7459,14,36,14,560712,44898,70093,37863,0.41589165956500795,0.45749809692971327
7460,0.746,22,29,22,560741,44869,70115,37841,0.4156230316054689,0.4575142062628461
7461,0.7461,27,43,27,560784,44826,70142,37814,0.41522472118270404,0.45757502420135526
7462,0.7462,21,37,21,560821,44789,70163,37793,0.41488198895846456,0.45764210118427745
7463,0.7463,18,35,18,560856,44754,70181,37775,0.4145577828004002,0.45771789310424216
7464,0.7464,24,35,24,560891,44719,70205,37751,0.4142335766423358,0.4577543349096641
7465,0.7465,20,31,20,560922,44688,70225,37731,0.41394642261662157,0.45779492592727405
7466,0.7466,25,33,25,560955,44655,70250,37706,0.4136407425247323,0.45781377108097276
7467,0.7467,16,36,16,560991,44619,70266,37690,0.41330727333358036,0.4579086126669015
7468,0.7468,19,31,19,561022,44588,70285,37671,0.41302011930786614,0.4579559683438894
7469,0.7469,15,41,15,561063,44547,70300,37656,0.41264033495127644,0.458085471333163
7470,0.747,15,30,15,561093,44517,70315,37641,0.4123624439586498,0.45815380121229826
7471,0.7471,25,31,25,561124,44486,70340,37616,0.41207528993293563,0.458161798738155
7472,0.7472,20,32,20,561156,44454,70360,37596,0.4117788728741339,0.4582084095063985
7473,0.7473,20,34,20,561190,44420,70380,37576,0.4114639297491571,0.45826625689058004
7474,0.7474,14,35,14,561225,44385,70394,37562,0.4111397235910927,0.4583694339024003
7475,0.7475,17,42,17,561267,44343,70411,37545,0.41075067620141537,0.45849208675263775
7476,0.7476,17,50,17,561317,44293,70428,37528,0.4102875245470377,0.45865975727502717
7477,0.7477,19,52,19,561369,44241,70447,37509,0.40980584682648485,0.4588256880733945
7478,0.7478,21,28,21,561397,44213,70468,37488,0.40954648190003334,0.45884383300082004
7479,0.7479,13,24,13,561421,44189,70481,37475,0.40932416910593206,0.4588925352664577
7480,0.748,19,36,19,561457,44153,70500,37456,0.4089906999147801,0.4589689862637699
7481,0.7481,14,36,14,561493,44117,70514,37442,0.40865723072362814,0.4590787037604679
7482,0.7482,17,48,17,561541,44069,70531,37425,0.40821260513542557,0.4592362627923528
7483,0.7483,16,47,16,561588,44022,70547,37409,0.4077772425803105,0.4593950706733308
7484,0.7484,20,41,20,561629,43981,70567,37389,0.40739745822372075,0.45949367088607596
7485,0.7485,15,32,15,561661,43949,70582,37374,0.407101041164919,0.45957478204198077
7486,0.7486,16,37,16,561698,43912,70598,37358,0.40675830894067955,0.4596776178171527
7487,0.7487,19,37,19,561735,43875,70617,37339,0.40641557671644,0.45976063240328024
7488,0.7488,21,40,21,561775,43835,70638,37318,0.40604505539293784,0.459847448646384
7489,0.7489,17,31,17,561806,43804,70655,37301,0.4057579013672237,0.45990999321866716
7490,0.749,13,40,13,561846,43764,70668,37288,0.4053873800437215,0.46005033805458223
7491,0.7491,21,47,21,561893,43717,70689,37267,0.4049520174886065,0.460177318976588
7492,0.7492,24,51,24,561944,43666,70713,37243,0.4044796028011412,0.46030725877220086
7493,0.7493,17,47,17,561991,43619,70730,37226,0.40404424024602614,0.4604613767085163
7494,0.7494,16,41,16,562032,43578,70746,37210,0.40366445588943645,0.46058820616923307
7495,0.7495,15,37,15,562069,43541,70761,37195,0.4033217236651969,0.4606990685691637
7496,0.7496,16,33,16,562102,43508,70777,37179,0.40301604357330767,0.46078054705218935
7497,0.7497,24,57,24,562159,43451,70801,37155,0.4024880506873171,0.4609458352976205
7498,0.7498,27,37,27,562196,43414,70828,37128,0.40214531846307755,0.46097688162697725
7499,0.7499,16,35,16,562231,43379,70844,37112,0.40182111230501316,0.46107018175945136
7500,0.75,17,35,17,562266,43344,70861,37095,0.4014969061469488,0.46115690150300226
7501,0.7501,21,43,21,562309,43301,70882,37074,0.40109859572418394,0.4612628304821151
7502,0.7502,14,36,14,562345,43265,70896,37060,0.400765126533032,0.4613756613756614
7503,0.7503,16,46,16,562391,43219,70912,37044,0.4003390270110045,0.46153271121189093
7504,0.7504,18,28,18,562419,43191,70930,37026,0.400079662084553,0.4615729832828453
7505,0.7505,14,41,14,562460,43150,70944,37012,0.3996998777279632,0.46171502707018286
7506,0.7506,17,42,17,562502,43108,70961,36995,0.39931083033828596,0.46184287729548207
7507,0.7507,19,44,19,562546,43064,70980,36976,0.3989032568824336,0.4619690154922539
7508,0.7508,20,31,20,562577,43033,71000,36956,0.3986161028567194,0.46201352685994324
7509,0.7509,12,41,12,562618,42992,71012,36944,0.3982363185001297,0.4621697357886309
7510,0.751,17,32,17,562650,42960,71029,36927,0.39793990144132796,0.46224041458560217
7511,0.7511,14,52,14,562702,42908,71043,36913,0.3974582237207751,0.46244722566743085
7512,0.7512,10,35,10,562737,42873,71053,36903,0.3971340175627107,0.46258273164861613
7513,0.7513,11,30,11,562767,42843,71064,36892,0.3968561265700841,0.4626826362325202
7514,0.7514,24,39,24,562806,42804,71088,36868,0.3964948682796695,0.46274726378150416
7515,0.7515,16,38,16,562844,42766,71104,36852,0.3961428730223424,0.46286015725087293
7516,0.7516,16,41,16,562885,42725,71120,36836,0.3957630886657527,0.4629906612536293
7517,0.7517,19,44,19,562929,42681,71139,36817,0.3953555152099003,0.4631185690206043
7518,0.7518,16,37,16,562966,42644,71155,36801,0.39501278298566084,0.4632261312857952
7519,0.7519,17,34,17,563000,42610,71172,36784,0.39469783986068396,0.4633095699926947
7520,0.752,16,36,16,563036,42574,71188,36768,0.394364370669532,0.4634115600816717
7521,0.7521,21,36,21,563072,42538,71209,36747,0.3940309014783801,0.46347985116983037
7522,0.7522,18,44,18,563116,42494,71227,36729,0.3936233280225277,0.4636153642250357
7523,0.7523,12,47,12,563163,42447,71239,36717,0.39318796546741264,0.46380930726087616
7524,0.7524,13,47,13,563210,42400,71252,36704,0.3927526029122976,0.4639967637540453
7525,0.7525,14,41,14,563251,42359,71266,36690,0.3923728185557079,0.46414249389619094
7526,0.7526,19,38,19,563289,42321,71285,36671,0.39202082329838084,0.46423688474782254
7527,0.7527,17,43,17,563332,42278,71302,36654,0.391622512875616,0.4643743982161861
7528,0.7528,19,29,19,563361,42249,71321,36635,0.3913538849160769,0.4644161046600071
7529,0.7529,22,41,22,563402,42208,71343,36613,0.3909741005594872,0.4645081894419
7530,0.753,18,38,18,563440,42170,71361,36595,0.3906221053021601,0.46460991557163717
7531,0.7531,14,43,14,563483,42127,71375,36581,0.3902237948793953,0.4647685114600803
7532,0.7532,23,40,23,563523,42087,71398,36558,0.38985327355589317,0.4648483692542438
7533,0.7533,15,43,15,563566,42044,71413,36543,0.38945496313312833,0.4650005726137911
7534,0.7534,16,30,16,563596,42014,71429,36527,0.3891770721405017,0.46506919952636205
7535,0.7535,23,40,23,563636,41974,71452,36504,0.3888065508169995,0.465149468640893
7536,0.7536,16,28,16,563664,41946,71468,36488,0.388547185890548,0.4652064155850779
7537,0.7537,18,51,18,563715,41895,71486,36470,0.38807477120308276,0.4653863331844573
7538,0.7538,19,47,19,563762,41848,71505,36451,0.3876394086479677,0.46553595831364386
7539,0.7539,23,39,23,563801,41809,71528,36428,0.3872781503575531,0.46561090021345397
7540,0.754,14,45,14,563846,41764,71542,36414,0.38686131386861317,0.4657832126685257
7541,0.7541,13,31,13,563877,41733,71555,36401,0.38657415984289895,0.46587913072414056
7542,0.7542,15,30,15,563907,41703,71570,36386,0.38629626885027235,0.4659555123000679
7543,0.7543,16,32,16,563939,41671,71586,36370,0.3859998517914706,0.4660370830717187
7544,0.7544,22,20,22,563959,41651,71608,36348,0.3858145911297195,0.4660059744355697
7545,0.7545,15,36,15,563995,41615,71623,36333,0.38548112193856754,0.46611843793298097
7546,0.7546,16,41,16,564036,41574,71639,36317,0.38510133758197784,0.4662541243532629
7547,0.7547,18,40,18,564076,41534,71657,36299,0.38473081625847566,0.46637030565441395
7548,0.7548,23,33,23,564109,41501,71680,36276,0.3844251361665864,0.46641037838949817
7549,0.7549,14,42,14,564151,41459,71694,36262,0.3840360887769091,0.46656630769032825
7550,0.755,18,50,18,564201,41409,71712,36244,0.3835729371225314,0.46674307496168854
7551,0.7551,17,40,17,564241,41369,71729,36227,0.38320241579902925,0.46686684880663953
7552,0.7552,18,26,18,564267,41343,71747,36209,0.3829615769387528,0.4668996286362699
7553,0.7553,18,39,18,564306,41304,71765,36191,0.3826003186483382,0.4670107748887025
7554,0.7554,12,31,12,564337,41273,71777,36179,0.38231316462262405,0.4671151164592264
7555,0.7555,16,33,16,564370,41240,71793,36163,0.38200748453073474,0.46720411353565106
7556,0.7556,21,29,21,564399,41211,71814,36142,0.38173885657119566,0.46723462567709073
7557,0.7557,20,27,20,564426,41184,71834,36122,0.3814887546778317,0.4672599798204538
7558,0.7558,17,48,17,564474,41136,71851,36105,0.3810441290896291,0.46743309900182545
7559,0.7559,20,33,20,564507,41103,71871,36085,0.38073844899773984,0.46749494740115044
7560,0.756,21,36,21,564543,41067,71892,36064,0.3804049798065879,0.4675681632547225
7561,0.7561,14,42,14,564585,41025,71906,36050,0.3800159324169106,0.46772624067466756
7562,0.7562,22,47,22,564632,40978,71928,36028,0.37958056986179556,0.46785964730021035
7563,0.7563,12,26,12,564658,40952,71940,36016,0.37933973100151913,0.46793472611994597
7564,0.7564,22,35,22,564693,40917,71962,35994,0.37901552484345474,0.4679954752896205
7565,0.7565,15,33,15,564726,40884,71977,35979,0.37870984475156544,0.4680925803052184
7566,0.7566,13,38,13,564764,40846,71990,35966,0.3783578494942384,0.46823413008384107
7567,0.7567,24,33,24,564797,40813,72014,35942,0.3780521694023491,0.46826916813236924
7568,0.7568,15,40,15,564837,40773,72029,35927,0.3776816480788469,0.46840938722294656
7569,0.7569,19,22,19,564859,40751,72048,35908,0.37747786135092076,0.46841205859716406
7570,0.757,17,35,17,564894,40716,72065,35891,0.3771536551928564,0.46850809978200425
7571,0.7571,27,41,27,564935,40675,72092,35864,0.3767738708362666,0.46857157788839676
7572,0.7572,22,34,22,564969,40641,72114,35842,0.3764589277112898,0.46862701515369426
7573,0.7573,25,43,25,565012,40598,72139,35817,0.37606061728852497,0.4687168749591049
7574,0.7574,20,39,20,565051,40559,72159,35797,0.37569935899811036,0.4688171198072188
7575,0.7575,18,40,18,565091,40519,72177,35779,0.3753288376746082,0.46893758683058534
7576,0.7576,22,33,22,565124,40486,72199,35757,0.37502315758271887,0.4689873168684338
7577,0.7577,20,38,20,565162,40448,72219,35737,0.3746711623253918,0.4690818402572685
7578,0.7578,19,35,19,565197,40413,72238,35718,0.37434695616732744,0.469164991921819
7579,0.7579,18,36,18,565233,40377,72256,35700,0.3740134869761755,0.46926140620686935
7580,0.758,14,41,14,565274,40336,72270,35686,0.3736337026195858,0.46941674778353637
7581,0.7581,19,35,19,565309,40301,72289,35667,0.37330949646152134,0.4695003159224937
7582,0.7582,16,36,16,565345,40265,72305,35651,0.37297602727036944,0.4696111491648664
7583,0.7583,8,35,8,565380,40230,72313,35643,0.372651821112305,0.4697718556008066
7584,0.7584,15,25,15,565405,40205,72328,35628,0.37242024528511614,0.4698218453707489
7585,0.7585,20,32,20,565437,40173,72348,35608,0.3721238282263144,0.46988031300721816
7586,0.7586,12,41,12,565478,40132,72360,35596,0.3717440438697247,0.4700507077963237
7587,0.7587,19,35,19,565513,40097,72379,35577,0.3714198377116603,0.4701350529904591
7588,0.7588,16,38,16,565551,40059,72395,35561,0.3710678424543333,0.4702591906902936
7589,0.7589,23,36,23,565587,40023,72418,35538,0.3707343732631813,0.4703219915035534
7590,0.759,13,30,13,565617,39993,72431,35525,0.37045648227055467,0.4704176487724781
7591,0.7591,13,42,13,565659,39951,72444,35512,0.3700674348808774,0.47058823529411764
7592,0.7592,14,30,14,565689,39921,72458,35498,0.36978954388825075,0.47067715032021107
7593,0.7593,15,35,15,565724,39886,72473,35483,0.36946533773018636,0.47079037800687284
7594,0.7594,19,35,19,565759,39851,72492,35464,0.36914113157212197,0.47087565557989775
7595,0.7595,19,39,19,565798,39812,72511,35445,0.36877987328170736,0.4709860876729075
7596,0.7596,17,43,17,565841,39769,72528,35428,0.3683815628589425,0.47113581658842774
7597,0.7597,10,41,10,565882,39728,72538,35418,0.3680017785023528,0.4713224922151545
7598,0.7598,17,26,17,565908,39702,72555,35401,0.3677609396420764,0.47136599070609697
7599,0.7599,19,43,19,565951,39659,72574,35382,0.36736262921931156,0.4715022454391599
7600,0.76,23,33,23,565984,39626,72597,35359,0.36705694912742226,0.4715476428619057
7601,0.7601,23,30,23,566014,39596,72620,35336,0.36677905813479567,0.4715742272994181
7602,0.7602,21,51,21,566065,39545,72641,35315,0.3663066434473304,0.4717472615549025
7603,0.7603,22,40,22,566105,39505,72663,35293,0.3659361221238282,0.47184416695633574
7604,0.7604,13,32,13,566137,39473,72676,35280,0.36563970506502647,0.4719543028373443
7605,0.7605,22,24,22,566161,39449,72698,35258,0.3654173922709252,0.4719504196393912
7606,0.7606,16,34,16,566195,39415,72714,35242,0.36510244914594836,0.4720521853275647
7607,0.7607,17,32,17,566227,39383,72731,35225,0.3648060320871466,0.47213435556508687
7608,0.7608,14,36,14,566263,39347,72745,35211,0.36447256289599467,0.47226320448509884
7609,0.7609,18,28,18,566291,39319,72763,35193,0.36421319796954316,0.47231318445351084
7610,0.761,16,43,16,566334,39276,72779,35177,0.3638148875467783,0.4724725665856312
7611,0.7611,16,37,16,566371,39239,72795,35161,0.3634721553225388,0.4725940860215054
7612,0.7612,16,36,16,566407,39203,72811,35145,0.36313868613138683,0.47270942056275894
7613,0.7613,20,37,20,566444,39166,72831,35125,0.36279595390714736,0.47280289671696435
7614,0.7614,13,40,13,566484,39126,72844,35112,0.3624254325836452,0.4729653277297341
7615,0.7615,18,34,18,566518,39092,72862,35094,0.36211048945866836,0.4730542150810126
7616,0.7616,13,41,13,566559,39051,72875,35081,0.3617307051020786,0.4732234392704905
7617,0.7617,15,37,15,566596,39014,72890,35066,0.36138797287783914,0.47335313174946003
7618,0.7618,19,34,19,566630,38980,72909,35047,0.36107302975286226,0.47343536817647613
7619,0.7619,19,40,19,566670,38940,72928,35028,0.36070250842936014,0.4735561323815704
7620,0.762,23,40,23,566710,38900,72951,35005,0.36033198710585795,0.47364860293620187
7621,0.7621,15,32,15,566742,38868,72966,34990,0.3600355700470562,0.47374691976495437
7622,0.7622,15,47,15,566789,38821,72981,34975,0.35960020749194116,0.473941677055667
7623,0.7623,15,33,15,566822,38788,72996,34960,0.35929452740005186,0.47404675381027284
7624,0.7624,16,32,16,566854,38756,73012,34944,0.3589981103412501,0.4741383989145183
7625,0.7625,21,29,21,566883,38727,73033,34923,0.35872948238171104,0.47417515274949085
7626,0.7626,14,33,14,566916,38694,73047,34909,0.3584238022898218,0.4742877328369767
7627,0.7627,23,47,23,566963,38647,73070,34886,0.35798843973470673,0.47442644798933814
7628,0.7628,9,36,9,566999,38611,73079,34877,0.3576549705435548,0.4745944916176791
7629,0.7629,13,39,13,567038,38572,73092,34864,0.35729371225314016,0.47475352688054906
7630,0.763,22,29,22,567067,38543,73114,34842,0.3570250842936011,0.474783675137971
7631,0.7631,21,35,21,567102,38508,73135,34821,0.3567008781355367,0.47485987808370494
7632,0.7632,15,34,15,567136,38474,73150,34806,0.3563859350105599,0.4749727074235808
7633,0.7633,17,38,17,567174,38436,73167,34789,0.3560339397532328,0.47509730283373164
7634,0.7634,22,34,22,567208,38402,73189,34767,0.35571899662825596,0.47516024545914254
7635,0.7635,13,39,13,567247,38363,73202,34754,0.35535773833784134,0.4753203769301257
7636,0.7636,22,30,22,567277,38333,73224,34732,0.3550798473452147,0.47535755833846577
7637,0.7637,15,43,15,567320,38290,73239,34717,0.3546815369224499,0.4755297437232046
7638,0.7638,19,43,19,567363,38247,73258,34698,0.3542832264996851,0.4756734526012749
7639,0.7639,22,24,22,567387,38223,73280,34676,0.35406091370558374,0.47567181991522517
7640,0.764,26,34,26,567421,38189,73306,34650,0.3537459705806069,0.47570669558890155
7641,0.7641,19,39,19,567460,38150,73325,34631,0.3533847122901923,0.4758247344774048
7642,0.7642,15,33,15,567493,38117,73340,34616,0.353079032198303,0.4759325203140253
7643,0.7643,20,28,20,567521,38089,73360,34596,0.3528196672718515,0.4759716585265185
7644,0.7644,19,33,19,567554,38056,73379,34577,0.3525139871799622,0.4760508308895406
7645,0.7645,15,39,15,567593,38017,73394,34562,0.3521527288895476,0.47619834938480826
7646,0.7646,18,28,18,567621,37989,73412,34544,0.35189336396309606,0.47625218865895524
7647,0.7647,23,30,23,567651,37959,73435,34521,0.35161547297046947,0.47628311258278144
7648,0.7648,14,31,14,567682,37928,73449,34507,0.35132831894475525,0.47638572513287775
7649,0.7649,19,36,19,567718,37892,73468,34488,0.35099484975360334,0.4764852169107488
7650,0.765,25,44,25,567762,37848,73493,34463,0.35058727629775094,0.476594155799256
7651,0.7651,19,36,19,567798,37812,73512,34444,0.350253807106599,0.4766939769707706
7652,0.7652,19,28,19,567826,37784,73531,34425,0.34999444218014747,0.47674112645238126
7653,0.7653,14,41,14,567867,37743,73545,34411,0.3496146578235578,0.47691049699254373
7654,0.7654,9,33,9,567900,37710,73554,34402,0.34930897773166847,0.4770634568449079
7655,0.7655,14,36,14,567936,37674,73568,34388,0.3489755085405165,0.4772001887263745
7656,0.7656,15,36,15,567972,37638,73583,34373,0.34864203934936455,0.4773298523836636
7657,0.7657,21,38,21,568010,37600,73604,34352,0.3482900440920375,0.47742939737602846
7658,0.7658,26,34,26,568044,37566,73630,34326,0.34797510096706064,0.4774661992989484
7659,0.7659,19,25,19,568069,37541,73649,34307,0.3477435251398718,0.4774941543257989
7660,0.766,18,41,18,568110,37500,73667,34289,0.3473637407832821,0.4776358495034058
7661,0.7661,14,39,14,568149,37461,73681,34275,0.34700248249286747,0.47779357644697223
7662,0.7662,19,19,19,568168,37442,73700,34256,0.3468264848642039,0.4777818070239058
7663,0.7663,15,41,15,568209,37401,73715,34241,0.3464467005076142,0.4779458976577985
7664,0.7664,14,23,14,568232,37378,73729,34227,0.34623365074660045,0.4779973465540116
7665,0.7665,19,30,19,568262,37348,73748,34208,0.34595575975397386,0.4780591424897982
7666,0.7666,16,25,16,568287,37323,73764,34192,0.345724183926785,0.4781094875201007
7667,0.7667,20,34,20,568321,37289,73784,34172,0.3454092408018081,0.47819090133079584
7668,0.7668,15,34,15,568355,37255,73799,34157,0.3450942976768313,0.47830896768050185
7669,0.7669,19,29,19,568384,37226,73818,34138,0.3448256697172922,0.4783644414550754
7670,0.767,17,45,17,568429,37181,73835,34121,0.3444088332283523,0.4785419763821492
7671,0.7671,20,41,20,568470,37140,73855,34101,0.34402904887176255,0.47867099001979196
7672,0.7672,17,36,17,568506,37104,73872,34084,0.3436955796806106,0.478788559869641
7673,0.7673,17,33,17,568539,37071,73889,34067,0.34338989958872135,0.4788861086901515
7674,0.7674,24,37,24,568576,37034,73913,34043,0.3430471673644818,0.4789594383555862
7675,0.7675,18,37,18,568613,36997,73931,34025,0.34270443514024235,0.4790769057475149
7676,0.7676,15,38,15,568651,36959,73946,34010,0.34235243988291525,0.4792233228592766
7677,0.7677,17,47,17,568698,36912,73963,33993,0.3419170773278002,0.4794161201607785
7678,0.7678,21,33,21,568731,36879,73984,33972,0.34161139723591094,0.47948511665325827
7679,0.7679,13,32,13,568763,36847,73997,33959,0.3413149801771092,0.47960624805807417
7680,0.768,19,41,19,568804,36806,74016,33940,0.34093519582051945,0.47974443784807624
7681,0.7681,20,40,20,568844,36766,74036,33920,0.34056467449701733,0.4798687151628328
7682,0.7682,16,37,16,568881,36729,74052,33904,0.3402219422727778,0.48000226523013323
7683,0.7683,9,43,9,568924,36686,74061,33895,0.33982363185001296,0.4802283900766495
7684,0.7684,15,33,15,568957,36653,74076,33880,0.33951795175812366,0.4803425347000695
7685,0.7685,17,41,17,568998,36612,74093,33863,0.33913816740153396,0.4804966300106421
7686,0.7686,23,36,23,569034,36576,74116,33840,0.338804698210382,0.48057259713701433
7687,0.7687,17,22,17,569056,36554,74133,33823,0.3386009114824558,0.4805973542492576
7688,0.7688,18,35,18,569091,36519,74151,33805,0.3382767053243914,0.48070360047778854
7689,0.7689,18,47,18,569138,36472,74169,33787,0.33784134276927635,0.48089212769894246
7690,0.769,14,47,14,569185,36425,74183,33773,0.33740598021416135,0.48111057295079634
7691,0.7691,19,47,19,569232,36378,74202,33754,0.3369706176590463,0.48129242000798494
7692,0.7692,17,36,17,569268,36342,74219,33737,0.33663714846789433,0.4814138329599452
7693,0.7693,19,32,19,569300,36310,74238,33718,0.3363407314090926,0.48149311703889874
7694,0.7694,12,29,12,569329,36281,74250,33706,0.3360721034495535,0.4816037264063326
7695,0.7695,18,36,18,569365,36245,74268,33688,0.33573863425840156,0.4817182160067493
7696,0.7696,18,29,18,569394,36216,74286,33670,0.3354700062988625,0.4817846206679449
7697,0.7697,17,33,17,569427,36183,74303,33653,0.33516432620697323,0.48188613322641616
7698,0.7698,13,25,13,569452,36158,74316,33640,0.33493275037978437,0.4819622338748961
7699,0.7699,16,44,16,569496,36114,74332,33624,0.33452517692393197,0.4821474662307494
7700,0.77,12,29,12,569525,36085,74344,33612,0.3342565489643929,0.48225892075699095
7701,0.7701,11,28,11,569553,36057,74355,33601,0.3339971840379414,0.4823710126618622
7702,0.7702,24,38,24,569591,36019,74379,33577,0.33364518878061433,0.48245588826944075
7703,0.7703,14,33,14,569624,35986,74393,33563,0.33333950868872503,0.48258062660857814
7704,0.7704,19,31,19,569655,35955,74412,33544,0.33305235466301086,0.48265442668239833
7705,0.7705,21,22,21,569677,35933,74433,33523,0.33284856793508466,0.4826508868924211
7706,0.7706,10,27,10,569704,35906,74443,33513,0.3325984660417207,0.4827640847606563
7707,0.7707,18,38,18,569742,35868,74461,33495,0.3322464707843936,0.48289433848016955
7708,0.7708,15,45,15,569787,35823,74476,33480,0.3318296342954537,0.48309596987143416
7709,0.7709,20,28,20,569815,35795,74496,33460,0.3315702693690022,0.4831420114071186
7710,0.771,10,31,10,569846,35764,74506,33450,0.331283115343288,0.4832837287254024
7711,0.7711,15,36,15,569882,35728,74521,33435,0.33094964615213607,0.48342321761635554
7712,0.7712,16,41,16,569923,35687,74537,33419,0.3305698617955463,0.4835904263016236
7713,0.7713,24,27,24,569950,35660,74561,33395,0.3303197599021824,0.48360002896242127
7714,0.7714,20,47,20,569997,35613,74581,33375,0.3298843973470673,0.48377978778918074
7715,0.7715,21,28,21,570025,35585,74602,33354,0.3296250324206158,0.4838190284164261
7716,0.7716,14,44,14,570069,35541,74616,33340,0.3292174589647634,0.48402317039531945
7717,0.7717,18,34,18,570103,35507,74634,33322,0.3289025158397866,0.48412733004983366
7718,0.7718,23,33,23,570136,35474,74657,33299,0.3285968357478973,0.48418710831285533
7719,0.7719,13,36,13,570172,35438,74670,33286,0.3282633665567453,0.48434316978057157
7720,0.772,15,28,15,570200,35410,74685,33271,0.3280040016302938,0.48442800774595596
7721,0.7721,21,26,21,570226,35384,74706,33250,0.32776316277001744,0.4844537692688755
7722,0.7722,16,20,16,570246,35364,74722,33234,0.3275779021082663,0.4844747660281641
7723,0.7723,15,36,15,570282,35328,74737,33219,0.32724443291711436,0.4846163945905729
7724,0.7724,11,31,11,570313,35297,74748,33208,0.3269572788914002,0.4847529377417707
7725,0.7725,19,42,19,570355,35255,74767,33189,0.3265682315017229,0.48490736952837354
7726,0.7726,23,30,23,570385,35225,74790,33166,0.3262903405090963,0.48494684973168983
7727,0.7727,23,31,23,570416,35194,74813,33143,0.3260031864833821,0.48499348815429416
7728,0.7728,21,28,21,570444,35166,74834,33122,0.3257438215569306,0.48503397375820057
7729,0.7729,11,30,11,570474,35136,74845,33111,0.32546593056430395,0.4851641830410128
7730,0.773,10,24,10,570498,35112,74855,33101,0.32524361777020266,0.48525940803072726
7731,0.7731,16,32,16,570530,35080,74871,33085,0.32494720071140093,0.4853663903762928
7732,0.7732,19,30,19,570560,35050,74890,33066,0.32466930971877433,0.4854366081390569
7733,0.7733,18,34,18,570594,35016,74908,33048,0.32435436659379746,0.4855430183356841
7734,0.7734,18,27,18,570621,34989,74926,33030,0.3241042647004335,0.4855996118731531
7735,0.7735,18,28,18,570649,34961,74944,33012,0.323844899773982,0.48566342518352873
7736,0.7736,19,35,19,570684,34926,74963,32993,0.3235206936159176,0.4857698140431985
7737,0.7737,18,32,18,570716,34894,74981,32975,0.3232242765571159,0.4858624703472867
7738,0.7738,20,34,20,570750,34860,75001,32955,0.322909333432139,0.48595443485954437
7739,0.7739,19,30,19,570780,34830,75020,32936,0.3226314424395124,0.4860254404863796
7740,0.774,23,33,23,570813,34797,75043,32913,0.3223257623476231,0.48608772707133363
7741,0.7741,17,39,17,570852,34758,75060,32896,0.3219645040572085,0.4862388033227895
7742,0.7742,23,43,23,570895,34715,75083,32873,0.32156619363444366,0.48637332070781797
7743,0.7743,17,25,17,570920,34690,75100,32856,0.3213346178072548,0.4864240665620466
7744,0.7744,12,35,12,570955,34655,75112,32844,0.3210104116491904,0.48658498644424364
7745,0.7745,16,25,16,570980,34630,75128,32828,0.32077883582200156,0.4866435411663554
7746,0.7746,21,38,21,571018,34592,75149,32807,0.3204268405646745,0.48675796376800845
7747,0.7747,16,23,16,571041,34569,75165,32791,0.32021379080366075,0.4868022565320665
7748,0.7748,20,33,20,571074,34536,75185,32771,0.31990811071177144,0.4868884365667761
7749,0.7749,15,34,15,571108,34502,75200,32756,0.3195931675867946,0.4870201314341788
7750,0.775,36,22,36,571130,34480,75236,32720,0.3193893808588684,0.4869047619047619
7751,0.7751,18,30,18,571160,34450,75254,32702,0.3191114898662418,0.48698475101262806
7752,0.7752,15,35,15,571195,34415,75269,32687,0.3187872837081774,0.4871240797591726
7753,0.7753,20,26,20,571221,34389,75289,32667,0.318546444847901,0.48715998568360774
7754,0.7754,15,39,15,571260,34350,75304,32652,0.3181851865574864,0.4873287364556282
7755,0.7755,34,31,34,571291,34319,75338,32618,0.3178980325317722,0.4872940227377982
7756,0.7756,20,26,20,571317,34293,75358,32598,0.3176571936714958,0.4873301340987577
7757,0.7757,12,34,12,571351,34259,75370,32586,0.31734225054651893,0.48748597501683
7758,0.7758,19,36,19,571387,34223,75389,32567,0.317008781355367,0.4876029345710436
7759,0.7759,20,27,20,571414,34196,75409,32547,0.31675867946200303,0.48764664459194224
7760,0.776,16,29,16,571443,34167,75425,32531,0.31649005150246395,0.4877357641908303
7761,0.7761,14,28,14,571471,34139,75439,32517,0.31623068657601244,0.48783305328852616
7762,0.7762,22,33,22,571504,34106,75461,32495,0.31592500648412314,0.48790558700319814
7763,0.7763,21,31,21,571535,34075,75482,32474,0.315637852458409,0.4879712692902974
7764,0.7764,18,37,18,571572,34038,75500,32456,0.3152951202341695,0.48810418985171594
7765,0.7765,19,38,19,571610,34000,75519,32437,0.3149431249768424,0.48823697638364166
7766,0.7766,19,31,19,571641,33969,75538,32418,0.31465597095112824,0.48831849609110217
7767,0.7767,22,32,22,571673,33937,75560,32396,0.3143595538923265,0.4883843637405213
7768,0.7768,14,36,14,571709,33901,75574,32382,0.31402608470117455,0.4885415566585701
7769,0.7769,20,33,20,571742,33868,75594,32362,0.31372040460928524,0.4886305299713121
7770,0.777,16,34,16,571776,33834,75610,32346,0.3134054614843084,0.4887579329102448
7771,0.7771,26,34,26,571810,33800,75636,32320,0.3130905183593316,0.48880822746521474
7772,0.7772,19,33,19,571843,33767,75655,32301,0.3127848382674423,0.48890537022461705
7773,0.7773,24,32,24,571875,33735,75679,32277,0.31248842120864057,0.4889565533539357
7774,0.7774,14,30,14,571905,33705,75693,32263,0.3122105302160139,0.4890704584040747
7775,0.7775,12,37,12,571942,33668,75705,32251,0.31186779799177444,0.4892519607396957
7776,0.7776,19,29,19,571971,33639,75724,32232,0.31159917003223536,0.4893200346131074
7777,0.7777,15,31,15,572002,33608,75739,32217,0.3113120160065212,0.48943410558298517
7778,0.7778,11,27,11,572029,33581,75750,32206,0.3110619141131572,0.48954960706522566
7779,0.7779,18,30,18,572059,33551,75768,32188,0.3107840231205306,0.48963324662681207
7780,0.778,21,35,21,572094,33516,75789,32167,0.3104598169624662,0.48973098061903386
7781,0.7781,22,42,22,572136,33474,75811,32145,0.3100707695727889,0.48987335985004343
7782,0.7782,15,39,15,572175,33435,75826,32130,0.3097095112823743,0.4900480439258751
7783,0.7783,15,37,15,572212,33398,75841,32115,0.3093667790581348,0.49020805031062537
7784,0.7784,20,27,20,572239,33371,75861,32095,0.3091166771647708,0.4902544832432102
7785,0.7785,22,40,22,572279,33331,75883,32073,0.3087461558412687,0.49038285120176134
7786,0.7786,14,27,14,572306,33304,75897,32059,0.3084960539479047,0.4904762633294065
7787,0.7787,14,29,14,572335,33275,75911,32045,0.3082274259883656,0.4905848132271892
7788,0.7788,17,30,17,572365,33245,75928,32028,0.307949534995739,0.4906776155531384
7789,0.7789,21,35,21,572400,33210,75949,32007,0.3076253288376746,0.490776944661668
7790,0.779,10,38,10,572438,33172,75959,31997,0.30727333358034753,0.4909849775199865
7791,0.7791,21,30,21,572468,33142,75980,31976,0.30699544258772093,0.4910470223286956
7792,0.7792,11,35,11,572503,33107,75991,31965,0.30667123642965655,0.4912251044996312
7793,0.7793,12,25,12,572528,33082,76003,31953,0.3064396606024677,0.4913200584300761
7794,0.7794,16,27,16,572555,33055,76019,31937,0.3061895587091037,0.4913989414081733
7795,0.7795,16,28,16,572583,33027,76035,31921,0.3059301937826522,0.491485496089179
7796,0.7796,20,43,20,572626,32984,76055,31901,0.30553188335988735,0.49165446559297216
7797,0.7797,19,33,19,572659,32951,76074,31882,0.3052262032679981,0.4917557416747644
7798,0.7798,18,32,18,572691,32919,76092,31864,0.30492978620919636,0.49185743173363383
7799,0.7799,19,23,19,572714,32896,76111,31845,0.3047167364481826,0.4918830416583
7800,0.78,24,35,24,572749,32861,76135,31821,0.3043925302901182,0.4919606691196933
7801,0.7801,11,33,11,572782,32828,76146,31810,0.3040868501982289,0.49212537516631083
7802,0.7802,9,40,9,572822,32788,76155,31801,0.3037163288747267,0.4923593800801994
7803,0.7803,18,28,18,572850,32760,76173,31783,0.3034569639482752,0.49243140232093335
7804,0.7804,16,30,16,572880,32730,76189,31767,0.3031790729556486,0.4925345364900693
7805,0.7805,19,34,19,572914,32696,76208,31748,0.30286412983067174,0.4926447768605301
7806,0.7806,15,33,15,572947,32663,76223,31733,0.3025584497387825,0.4927790545996646
7807,0.7807,22,37,22,572984,32626,76245,31711,0.30221571751454296,0.4928890063260643
7808,0.7808,9,29,9,573013,32597,76254,31702,0.3019470895550039,0.4930403272212632
7809,0.7809,18,33,18,573046,32564,76272,31684,0.30164140946311463,0.49315153779105964
7810,0.781,20,24,20,573070,32540,76292,31664,0.3014190966690133,0.4931779951404897
7811,0.7811,23,34,23,573104,32506,76315,31641,0.30110415354403647,0.4932576737805353
7812,0.7812,17,34,17,573138,32472,76332,31624,0.3007892104190596,0.49338492261607586
7813,0.7813,25,33,25,573171,32439,76357,31599,0.30048353032717035,0.4934413941722102
7814,0.7814,23,25,23,573196,32414,76380,31576,0.3002519544999815,0.4934521018909205
7815,0.7815,13,30,13,573226,32384,76393,31563,0.29997406350735484,0.49358062145214004
7816,0.7816,17,34,17,573260,32350,76410,31546,0.299659120382378,0.4937085263553274
7817,0.7817,21,26,21,573286,32324,76431,31525,0.2994182815221016,0.49374305000861407
7818,0.7818,18,43,18,573329,32281,76449,31507,0.29901997109933676,0.49393302815576595
7819,0.7819,21,29,21,573358,32252,76470,31486,0.2987513431397977,0.493991025761712
7820,0.782,15,26,15,573384,32226,76485,31471,0.2985105042795213,0.4940735042466678
7821,0.7821,21,35,21,573419,32191,76506,31450,0.2981862981214569,0.49417828129664837
7822,0.7822,22,36,22,573455,32155,76528,31428,0.29785282893030496,0.49428306308289954
7823,0.7823,17,28,17,573483,32127,76545,31411,0.29759346400385345,0.49436557650539836
7824,0.7824,15,31,15,573514,32096,76560,31396,0.2973063099781392,0.49448749448749446
7825,0.7825,12,41,12,573555,32055,76572,31384,0.29692652562154953,0.49471145509859865
7826,0.7826,20,25,20,573580,32030,76592,31364,0.2966949497943607,0.49474713695302397
7827,0.7827,21,39,21,573619,31991,76613,31343,0.29633369150394606,0.49488426437616445
7828,0.7828,20,25,20,573644,31966,76633,31323,0.2961021156767572,0.49492012830033655
7829,0.7829,29,32,29,573676,31934,76662,31294,0.29580569861795547,0.494938951097615
7830,0.783,17,36,17,573712,31898,76679,31277,0.2954722294268035,0.4950850811238623
7831,0.7831,18,23,18,573735,31875,76697,31259,0.29525917966578974,0.4951214876294865
7832,0.7832,19,33,19,573768,31842,76716,31240,0.2949534995739005,0.49522843283345486
7833,0.7833,20,35,20,573803,31807,76736,31220,0.2946292934158361,0.49534326558459074
7834,0.7834,19,34,19,573837,31773,76755,31201,0.29431435029085923,0.4954584431670213
7835,0.7835,20,27,20,573864,31746,76775,31181,0.2940642483974953,0.4955106710950784
7836,0.7836,11,30,11,573894,31716,76786,31170,0.29378635740486864,0.4956588111821391
7837,0.7837,15,35,15,573929,31681,76801,31155,0.29346215124680425,0.49581450124132664
7838,0.7838,18,35,18,573964,31646,76819,31137,0.29313794508873986,0.4959463549049902
7839,0.7839,18,27,18,573991,31619,76837,31119,0.2928878431953759,0.49601517421658325
7840,0.784,19,31,19,574022,31588,76856,31100,0.2926006891696617,0.496107708014293
7841,0.7841,9,28,9,574050,31560,76865,31091,0.2923413242432102,0.4962570429841503
7842,0.7842,22,33,22,574083,31527,76887,31069,0.2920356441513209,0.49634161927279696
7843,0.7843,11,18,11,574101,31509,76898,31058,0.29186890955574496,0.49639586363418414
7844,0.7844,18,37,18,574138,31472,76916,31040,0.29152617733150543,0.49654466342462245
7845,0.7845,22,33,22,574171,31439,76938,31018,0.2912204972396161,0.49662968122067985
7846,0.7846,24,23,24,574194,31416,76962,30994,0.2910074474786024,0.49661913154943116
7847,0.7847,16,30,16,574224,31386,76978,30978,0.29072955648597576,0.496728882047335
7848,0.7848,13,34,13,574258,31352,76991,30965,0.29041461336099894,0.4968949082914774
7849,0.7849,20,41,20,574299,31311,77011,30945,0.2900348290044092,0.49706052428681574
7850,0.785,22,24,22,574323,31287,77033,30923,0.2898125162103079,0.4970744253335477
7851,0.7851,15,23,15,574346,31264,77048,30908,0.28959946644929413,0.4971369748439812
7852,0.7852,18,34,18,574380,31230,77066,30890,0.2892845233243173,0.4972633612363168
7853,0.7853,17,31,17,574411,31199,77083,30873,0.28899736929860315,0.4973740172702668
7854,0.7854,14,27,14,574438,31172,77097,30859,0.28874726740523915,0.49747706791765406
7855,0.7855,12,24,12,574462,31148,77109,30847,0.28852495461113786,0.4975723848697476
7856,0.7856,23,36,23,574498,31112,77132,30824,0.2881914854199859,0.49767501937483855
7857,0.7857,24,34,24,574532,31078,77156,30800,0.2878765422950091,0.49775364426775265
7858,0.7858,18,20,18,574552,31058,77174,30782,0.28769128163325797,0.49776843467011644
7859,0.7859,22,35,22,574587,31023,77196,30760,0.2873670754751936,0.49787158279785704
7860,0.786,30,28,30,574615,30995,77226,30730,0.28710771054874207,0.4978533819360065
7861,0.7861,12,29,12,574644,30966,77238,30718,0.286839082589203,0.4979897542312431
7862,0.7862,20,32,20,574676,30934,77258,30698,0.28654266553040125,0.4980854101765317
7863,0.7863,25,42,25,574718,30892,77283,30673,0.286153618140724,0.49822139202468935
7864,0.7864,25,39,25,574757,30853,77308,30648,0.2857923598503094,0.4983333604331637
7865,0.7865,28,42,28,574799,30811,77336,30620,0.2854033124606321,0.4984454102977324
7866,0.7866,21,33,21,574832,30778,77357,30599,0.2850976323687428,0.498541799045245
7867,0.7867,18,28,18,574860,30750,77375,30581,0.2848382674422913,0.49862223019353996
7868,0.7868,19,41,19,574901,30709,77394,30562,0.2844584830857016,0.49880041128755853
7869,0.7869,19,35,19,574936,30674,77413,30543,0.2841342769276372,0.4989300357743764
7870,0.787,17,30,17,574966,30644,77430,30526,0.28385638593501056,0.4990354749059997
7871,0.7871,27,25,27,574991,30619,77457,30499,0.2836248101078217,0.4990182924833928
7872,0.7872,14,40,14,575031,30579,77471,30485,0.2832542887843195,0.49923031573431154
7873,0.7873,11,36,11,575067,30543,77482,30474,0.28292081959316756,0.4994345838045135
7874,0.7874,25,34,25,575101,30509,77507,30449,0.28260587646819074,0.49950785786935264
7875,0.7875,13,34,13,575135,30475,77520,30436,0.2822909333432139,0.499679860780483
7876,0.7876,21,31,21,575166,30444,77541,30415,0.2820037793174997,0.4997617443599139
7877,0.7877,18,35,18,575201,30409,77559,30397,0.2816795731594353,0.49990132552708616
7878,0.7878,15,38,15,575239,30371,77574,30382,0.2813275779021083,0.5000905305087815
7879,0.7879,21,41,21,575280,30330,77595,30361,0.2809477935455185,0.5002553920680167
7880,0.788,13,31,13,575311,30299,77608,30348,0.28066063951980436,0.5004039771134599
7881,0.7881,13,24,13,575335,30275,77621,30335,0.28043832672570307,0.5004949678270912
7882,0.7882,13,27,13,575362,30248,77634,30322,0.28018822483233913,0.5006108634637609
7883,0.7883,16,23,16,575385,30225,77650,30306,0.27997517507132536,0.5006690786539129
7884,0.7884,18,27,18,575412,30198,77668,30288,0.2797250731779614,0.5007439738121218
7885,0.7885,18,37,18,575449,30161,77686,30270,0.2793823409537219,0.5009018550081912
7886,0.7886,14,29,14,575478,30132,77700,30256,0.2791137129941828,0.5010266940451745
7887,0.7887,18,26,18,575504,30106,77718,30238,0.2788728741339064,0.5010937292854302
7888,0.7888,19,36,19,575540,30070,77737,30219,0.2785394049427545,0.5012357146411451
7889,0.7889,17,27,17,575567,30043,77754,30202,0.2782893030493905,0.5013196115860238
7890,0.789,20,35,20,575602,30008,77774,30182,0.2779650968913261,0.5014454228277122
7891,0.7891,16,30,16,575632,29978,77790,30166,0.2776872058986995,0.501562915669061
7892,0.7892,23,28,23,575660,29950,77813,30143,0.27742784097224793,0.5016058442747076
7893,0.7893,19,27,19,575687,29923,77832,30124,0.277177739078884,0.5016736889436608
7894,0.7894,21,37,21,575724,29886,77853,30103,0.27683500685464446,0.5018086649219023
7895,0.7895,14,26,14,575750,29860,77867,30089,0.2765941679943681,0.5019099567966104
7896,0.7896,25,25,25,575775,29835,77892,30064,0.27636259216717923,0.5019115511110369
7897,0.7897,26,38,26,575813,29797,77918,30038,0.27601059690985214,0.5020138714799031
7898,0.7898,14,29,14,575842,29768,77932,30024,0.2757419689503131,0.5021407546160022
7899,0.7899,22,28,22,575870,29740,77954,30002,0.2754826040238616,0.50219276221084
7900,0.79,11,30,11,575900,29710,77965,29991,0.27520471303123495,0.502353394415504
7901,0.7901,28,25,28,575925,29685,77993,29963,0.2749731372040461,0.5023303379828327
7902,0.7902,13,28,13,575953,29657,78006,29950,0.2747137722775946,0.5024577650275974
7903,0.7903,21,39,21,575992,29618,78027,29929,0.27435251398717997,0.502611382605337
7904,0.7904,22,32,22,576024,29586,78049,29907,0.27405609692837823,0.5026977963794059
7905,0.7905,13,33,13,576057,29553,78062,29894,0.27375041683648893,0.5028681009975272
7906,0.7906,25,33,25,576090,29520,78087,29869,0.2734447367445996,0.502938254558925
7907,0.7907,17,41,17,576131,29479,78104,29852,0.27306495238800993,0.503143382043114
7908,0.7908,15,32,15,576163,29447,78119,29837,0.2727685353292082,0.5032892517373997
7909,0.7909,16,35,16,576198,29412,78135,29821,0.2724443291711438,0.5034524673746054
7910,0.791,16,32,16,576230,29380,78151,29805,0.27214791211234207,0.5035904367660725
7911,0.7911,16,26,16,576256,29354,78167,29789,0.27190707325206565,0.5036775273489678
7912,0.7912,16,36,16,576292,29318,78183,29773,0.2715736040609137,0.5038499940769322
7913,0.7913,15,21,15,576313,29297,78198,29758,0.27137908036607505,0.5039031411396157
7914,0.7914,12,31,12,576344,29266,78210,29746,0.2710919263403609,0.5040669694299464
7915,0.7915,17,31,17,576375,29235,78227,29729,0.2708047723146467,0.5041889966759379
7916,0.7916,17,35,17,576410,29200,78244,29712,0.27048056615658234,0.5043454644215101
7917,0.7917,11,22,11,576432,29178,78255,29701,0.27027677942865613,0.5044413118429321
7918,0.7918,16,36,16,576468,29142,78271,29685,0.2699433102375042,0.5046152277015656
7919,0.7919,16,26,16,576494,29116,78287,29669,0.26970247137722775,0.5047035808454537
7920,0.792,17,33,17,576527,29083,78304,29652,0.26939679128533844,0.5048437899038052
7921,0.7921,21,39,21,576566,29044,78325,29631,0.26903553299492383,0.5050021303792075
7922,0.7922,11,28,11,576594,29016,78336,29620,0.2687761680684723,0.5051504195374855
7923,0.7923,14,26,14,576620,28990,78350,29606,0.26853532920819595,0.5052563314902041
7924,0.7924,14,31,14,576651,28959,78364,29592,0.26824817518248173,0.5054055438848184
7925,0.7925,15,39,15,576690,28920,78379,29577,0.2678869168920671,0.5056156725985947
7926,0.7926,15,26,15,576716,28894,78394,29562,0.26764607803179075,0.505713699192555
7927,0.7927,24,30,24,576746,28864,78418,29538,0.2673681870391641,0.5057703503304681
7928,0.7928,19,27,19,576773,28837,78437,29519,0.26711808514580015,0.5058434436904518
7929,0.7929,20,35,20,576808,28802,78457,29499,0.26679387898773577,0.5059775990120238
7930,0.793,17,22,17,576830,28780,78474,29482,0.26659009225980956,0.5060245099721946
7931,0.7931,25,35,25,576865,28745,78499,29457,0.2662658861017452,0.5061166282945603
7932,0.7932,26,27,26,576892,28718,78525,29431,0.2660157842083812,0.5061308019054498
7933,0.7933,19,36,19,576928,28682,78544,29412,0.2656823150172292,0.5062829207835576
7934,0.7934,19,34,19,576962,28648,78563,29393,0.2653673718922524,0.50641787701797
7935,0.7935,19,30,19,576992,28618,78582,29374,0.26508948089962575,0.5065181404331632
7936,0.7936,19,40,19,577032,28578,78601,29355,0.2647189595761236,0.5067060224742375
7937,0.7937,14,27,14,577059,28551,78615,29341,0.26446885768275963,0.5068230498169004
7938,0.7938,19,30,19,577089,28521,78634,29322,0.26419096669013303,0.5069239147347129
7939,0.7939,15,35,15,577124,28486,78649,29307,0.26386676053206864,0.5071029363417715
7940,0.794,27,30,27,577154,28456,78676,29280,0.263588869539442,0.5071359290563946
7941,0.7941,16,30,16,577184,28426,78692,29264,0.26331097854681534,0.5072629571849541
7942,0.7942,9,31,9,577215,28395,78701,29255,0.2630238245211012,0.5074588031222896
7943,0.7943,14,29,14,577244,28366,78715,29241,0.2627551965615621,0.507594563160727
7944,0.7944,15,31,15,577275,28335,78730,29226,0.26246804253584793,0.5077396153645698
7945,0.7945,22,32,22,577307,28303,78752,29204,0.2621716254770462,0.5078338289251744
7946,0.7946,14,35,14,577342,28268,78766,29190,0.2618474193189818,0.5080232517665078
7947,0.7947,14,30,14,577372,28238,78780,29176,0.26156952832635516,0.5081687393318702
7948,0.7948,18,28,18,577400,28210,78798,29158,0.26131016339990365,0.5082624459629062
7949,0.7949,21,36,21,577436,28174,78819,29137,0.2609766942087517,0.5084015285023817
7950,0.795,23,18,23,577454,28156,78842,29114,0.2608099596131757,0.5083638903439847
7951,0.7951,22,32,22,577486,28124,78864,29092,0.260513542554374,0.5084591722595079
7952,0.7952,15,25,15,577511,28099,78879,29077,0.2602819667271852,0.5085525395270742
7953,0.7953,26,33,26,577544,28066,78905,29051,0.2599762866352959,0.5086226517499168
7954,0.7954,12,30,12,577574,28036,78917,29039,0.2596983956426692,0.5087866841874726
7955,0.7955,13,32,13,577606,28004,78930,29026,0.2594019785838675,0.508960196387866
7956,0.7956,11,30,11,577636,27974,78941,29015,0.2591240875912409,0.5091333415220481
7957,0.7957,18,37,18,577673,27937,78959,28997,0.25878135536700136,0.5093090244844908
7958,0.7958,17,29,17,577702,27908,78976,28980,0.2585127274074623,0.5094220222190972
7959,0.7959,18,20,18,577722,27888,78994,28962,0.2583274667457112,0.5094459102902374
7960,0.796,18,31,18,577753,27857,79012,28944,0.25804031271999706,0.5095684935124382
7961,0.7961,22,19,22,577772,27838,79034,28922,0.2578643150913335,0.5095489781536293
7962,0.7962,12,32,12,577804,27806,79046,28910,0.2575678980325318,0.5097327032936032
7963,0.7963,9,23,9,577827,27783,79055,28901,0.257354848271518,0.5098616893656058
7964,0.7964,16,28,16,577855,27755,79071,28885,0.2570954833450665,0.5099752824858758
7965,0.7965,20,23,20,577878,27732,79091,28865,0.25688243358405277,0.5100093644539463
7966,0.7966,18,24,18,577902,27708,79109,28847,0.2566601207899515,0.5100698435151623
7967,0.7967,16,36,16,577938,27672,79125,28831,0.2563266515987995,0.5102560925968532
7968,0.7968,22,40,22,577978,27632,79147,28809,0.25595613027529734,0.5104268173845254
7969,0.7969,17,31,17,578009,27601,79164,28792,0.2556689762495832,0.510559821254411
7970,0.797,22,27,22,578036,27574,79186,28770,0.2554188743562192,0.5106133749822519
7971,0.7971,24,35,24,578071,27539,79210,28746,0.2550946681981548,0.5107222172870214
7972,0.7972,15,25,15,578096,27514,79225,28731,0.25486309237096594,0.5108187394435061
7973,0.7973,22,37,22,578133,27477,79247,28709,0.25452036014672647,0.5109635852347559
7974,0.7974,11,25,11,578158,27452,79258,28698,0.2542887843195376,0.5110952804986643
7975,0.7975,17,24,17,578182,27428,79275,28681,0.25406647152543627,0.511165766632804
7976,0.7976,18,32,18,578214,27396,79293,28663,0.25377005446663453,0.5113005940170178
7977,0.7977,11,33,11,578247,27363,79304,28652,0.2534643743747453,0.5115058466482192
7978,0.7978,23,21,23,578268,27342,79327,28629,0.25326985067990665,0.5114970252452162
7979,0.7979,17,38,17,578306,27304,79344,28612,0.25291785542257955,0.5116961156019744
7980,0.798,21,26,21,578332,27278,79365,28591,0.2526770165623032,0.5117507025362903
7981,0.7981,16,28,16,578360,27250,79381,28575,0.25241765163585167,0.5118674429019257
7982,0.7982,23,32,23,578392,27218,79404,28552,0.25212123457704994,0.5119598350367581
7983,0.7983,21,31,21,578423,27187,79425,28531,0.2518340805513357,0.5120607344125776
7984,0.7984,14,33,14,578456,27154,79439,28517,0.25152840045944647,0.5122415620340931
7985,0.7985,19,30,19,578486,27124,79458,28498,0.2512505094668198,0.5123512279313941
7986,0.7986,22,31,22,578517,27093,79480,28476,0.25096335544110565,0.5124439885547697
7987,0.7987,13,24,13,578541,27069,79493,28463,0.2507410426470043,0.5125513217604264
7988,0.7988,20,27,20,578568,27042,79513,28443,0.25049094075364037,0.512625033792917
7989,0.7989,13,31,13,578599,27011,79526,28430,0.2502037867279262,0.5127973882144983
7990,0.799,18,30,18,578629,26981,79544,28412,0.24992589573529958,0.5129167945408265
7991,0.7991,11,38,11,578667,26943,79555,28401,0.2495739004779725,0.5131721595836947
7992,0.7992,14,23,14,578690,26920,79569,28387,0.24936085071695877,0.5132623356898766
7993,0.7993,16,28,16,578718,26892,79585,28371,0.24910148579050725,0.5133814668041908
7994,0.7994,21,19,21,578737,26873,79606,28350,0.2489254881618437,0.5133730510837875
7995,0.7995,20,34,20,578771,26839,79626,28330,0.24861054503686686,0.5135130236183364
7996,0.7996,18,32,18,578803,26807,79644,28312,0.24831412797806512,0.5136522796132005
7997,0.7997,17,27,17,578830,26780,79661,28295,0.24806402608470118,0.5137539718565592
7998,0.7998,14,29,14,578859,26751,79675,28281,0.2477953981251621,0.5139010030527693
7999,0.7999,17,33,17,578892,26718,79692,28264,0.24748971803327283,0.5140591466298061
8000,0.8,19,30,19,578922,26688,79711,28245,0.24721182704064618,0.5141718092949593
8001,0.8001,28,23,28,578945,26665,79739,28217,0.24699877727963243,0.5141394264057433
8002,0.8002,20,34,20,578979,26631,79759,28197,0.2466838341546556,0.5142810242941562
8003,0.8003,15,30,15,579009,26601,79774,28182,0.24640594316202896,0.5144296588357702
8004,0.8004,13,24,13,579033,26577,79787,28169,0.24618363036792767,0.514539875059365
8005,0.8005,13,29,13,579062,26548,79800,28156,0.2459150024083886,0.5146972799064053
8006,0.8006,24,28,24,579090,26520,79824,28132,0.24565563748193708,0.5147478591817317
8007,0.8007,17,26,17,579116,26494,79841,28115,0.24541479862166068,0.514841875881265
8008,0.8008,12,25,12,579141,26469,79853,28103,0.24518322279447183,0.5149710474235872
8009,0.8009,19,40,19,579181,26429,79872,28084,0.24481270147096965,0.5151798653532185
8010,0.801,24,35,24,579216,26394,79896,28060,0.24448849531290526,0.5152973151650935
8011,0.8011,22,30,22,579246,26364,79918,28038,0.24421060432027863,0.5153854637697144
8012,0.8012,25,30,25,579276,26334,79943,28013,0.243932713327652,0.5154470347949289
8013,0.8013,13,23,13,579299,26311,79956,28000,0.24371966356663827,0.5155493362302296
8014,0.8014,12,24,12,579323,26287,79968,27988,0.24349735077253695,0.5156701980654076
8015,0.8015,16,25,16,579348,26262,79984,27972,0.2432657749453481,0.5157650182542317
8016,0.8016,22,34,22,579382,26228,80006,27950,0.24295083182037125,0.5158920595075492
8017,0.8017,18,33,18,579415,26195,80024,27932,0.24264515172848197,0.516045596467567
8018,0.8018,19,29,19,579444,26166,80043,27913,0.2423765237689429,0.5161522957155272
8019,0.8019,17,29,17,579473,26137,80060,27896,0.24210789580940384,0.5162770899265264
8020,0.802,23,21,23,579494,26116,80083,27873,0.2419133721145652,0.5162718331511975
8021,0.8021,18,22,18,579516,26094,80101,27855,0.241709585386639,0.5163209698048157
8022,0.8022,13,26,13,579542,26068,80114,27842,0.2414687465263626,0.5164533481728807
8023,0.8023,18,34,18,579576,26034,80132,27824,0.24115380340138576,0.516617772661443
8024,0.8024,18,30,18,579606,26004,80150,27806,0.24087591240875914,0.516744099609738
8025,0.8025,23,35,23,579641,25969,80173,27783,0.24055170625069472,0.51687379074267
8026,0.8026,23,36,23,579677,25933,80196,27760,0.2402182370595428,0.5170133909448159
8027,0.8027,17,30,17,579707,25903,80213,27743,0.23994034606691614,0.517149461283227
8028,0.8028,16,34,16,579741,25869,80229,27727,0.23962540294193932,0.5173333830882901
8029,0.8029,19,37,19,579778,25832,80248,27708,0.2392826707176998,0.5175196115054165
8030,0.803,21,21,21,579799,25811,80269,27687,0.23908814702286116,0.5175333657332984
8031,0.8031,25,25,25,579824,25786,80294,27662,0.2388565711956723,0.5175497679988026
8032,0.8032,16,22,16,579846,25764,80310,27646,0.23865278446774613,0.5176184235161955
8033,0.8033,21,30,21,579876,25734,80331,27625,0.2383748934751195,0.5177195974437302
8034,0.8034,14,37,14,579913,25697,80345,27611,0.23803216125087998,0.5179522773317325
8035,0.8035,12,30,12,579943,25667,80357,27599,0.23775427025825335,0.5181353959373709
8036,0.8036,18,25,18,579968,25642,80375,27581,0.2375226944310645,0.5182158089547751
8037,0.8037,18,35,18,580003,25607,80393,27563,0.2371984882730001,0.5183938311077675
8038,0.8038,19,23,19,580026,25584,80412,27544,0.23698543851198636,0.5184460171660894
8039,0.8039,16,36,16,580062,25548,80428,27528,0.2366519693208344,0.5186524983043184
8040,0.804,27,30,27,580092,25518,80455,27501,0.23637407832820778,0.5187008430939851
8041,0.8041,19,25,19,580117,25493,80474,27482,0.23614250250101892,0.5187730061349694
8042,0.8042,20,29,20,580146,25464,80494,27462,0.23587387454147987,0.5188754109511393
8043,0.8043,17,29,17,580175,25435,80511,27445,0.2356052465819408,0.5190052950075643
8044,0.8044,18,23,18,580198,25412,80529,27427,0.23539219682092705,0.5190673555517705
8045,0.8045,17,33,17,580231,25379,80546,27410,0.23508651672903777,0.5192369622459224
8046,0.8046,16,28,16,580259,25351,80562,27394,0.23482715180258623,0.5193667646222391
8047,0.8047,21,28,21,580287,25323,80583,27373,0.23456778687613472,0.5194511917413086
8048,0.8048,11,23,11,580310,25300,80594,27362,0.23435473711512098,0.5195776840985911
8049,0.8049,18,22,18,580332,25278,80612,27344,0.23415095038719477,0.5196305727642431
8050,0.805,17,30,17,580362,25248,80629,27327,0.23387305939456815,0.5197717546362339
8051,0.8051,20,29,20,580391,25219,80649,27307,0.2336044314350291,0.5198758709972204
8052,0.8052,21,27,21,580418,25192,80670,27286,0.23335432954166513,0.5199512176531118
8053,0.8053,21,31,21,580449,25161,80691,27265,0.23306717551595094,0.5200663792774578
8054,0.8054,20,31,20,580480,25130,80711,27245,0.23278002149023677,0.5201909307875895
8055,0.8055,22,31,22,580511,25099,80733,27223,0.23249286746452258,0.5202973892435304
8056,0.8056,14,23,14,580534,25076,80747,27209,0.23227981770350883,0.5203978196423449
8057,0.8057,17,22,17,580556,25054,80764,27192,0.23207603097558263,0.5204608965279639
8058,0.8058,16,24,16,580580,25030,80780,27176,0.23185371818148134,0.5205531931195648
8059,0.8059,16,20,16,580600,25010,80796,27160,0.23166845751973025,0.5206057120950738
8060,0.806,14,37,14,580637,24973,80810,27146,0.23132572529549075,0.5208465243001592
8061,0.8061,13,36,13,580673,24937,80823,27133,0.2309922561043388,0.5210869982715575
8062,0.8062,16,29,16,580702,24908,80839,27117,0.23072362814479974,0.521230177799135
8063,0.8063,20,29,20,580731,24879,80859,27097,0.23045500018526066,0.5213367708173003
8064,0.8064,15,24,15,580755,24855,80874,27082,0.23023268739115937,0.5214394362400601
8065,0.8065,22,31,22,580786,24824,80896,27060,0.22994553336544518,0.5215480687687919
8066,0.8066,21,15,21,580801,24809,80917,27039,0.22980658786913186,0.5215051689554081
8067,0.8067,19,27,19,580828,24782,80936,27020,0.22955648597576792,0.5216014825682406
8068,0.8068,14,32,14,580860,24750,80950,27006,0.22926006891696618,0.5217945745420821
8069,0.8069,21,23,21,580883,24727,80971,26985,0.22904701915595244,0.5218324566831684
8070,0.807,8,24,8,580907,24703,80979,26977,0.22882470636185112,0.5220007739938081
8071,0.8071,19,30,19,580937,24673,80998,26958,0.2285468153692245,0.5221281788073057
8072,0.8072,21,32,21,580969,24641,81019,26937,0.22825039831042276,0.5222575516693164
8073,0.8073,12,28,12,580997,24613,81031,26925,0.22799103338397125,0.5224300516124025
8074,0.8074,16,29,16,581026,24584,81047,26909,0.22772240542443217,0.5225758841007515
8075,0.8075,21,30,21,581056,24554,81068,26888,0.22744451443180555,0.522685743167062
8076,0.8076,22,24,22,581080,24530,81090,26866,0.22722220163770426,0.522725503930267
8077,0.8077,21,20,21,581100,24510,81111,26845,0.22703694097595317,0.5227339110115861
8078,0.8078,15,20,15,581120,24490,81126,26830,0.22685168031420208,0.5227981293842556
8079,0.8079,16,39,16,581159,24451,81142,26814,0.22649042202378747,0.5230469130986053
8080,0.808,16,34,16,581193,24417,81158,26798,0.22617547889881062,0.5232451430245045
8081,0.8081,18,33,18,581226,24384,81176,26780,0.22586979880692135,0.5234149011023376
8082,0.8082,12,37,12,581263,24347,81188,26768,0.22552706658268185,0.5236818937689524
8083,0.8083,21,29,21,581292,24318,81209,26747,0.22525843862314276,0.5237834132967786
8084,0.8084,22,28,22,581320,24290,81231,26725,0.22499907369669125,0.5238655297461531
8085,0.8085,16,34,16,581354,24256,81247,26709,0.2246841305717144,0.5240655351711959
8086,0.8086,19,26,19,581380,24230,81266,26690,0.22444329171143798,0.5241555380989787
8087,0.8087,18,29,18,581409,24201,81284,26672,0.22417466375189893,0.5242859670159024
8088,0.8088,27,23,27,581432,24178,81311,26645,0.22396161399088518,0.5242705074474155
8089,0.8089,15,31,15,581463,24147,81326,26630,0.223674459965171,0.5244500462807964
8090,0.809,16,46,16,581509,24101,81342,26614,0.2232483604431435,0.524775707384403
8091,0.8091,15,32,15,581541,24069,81357,26599,0.22295194338434177,0.5249664482513619
8092,0.8092,15,35,15,581576,24034,81372,26584,0.22262773722627738,0.5251886680627444
8093,0.8093,20,21,20,581597,24013,81392,26564,0.22243321353143874,0.5252189730509915
8094,0.8094,12,27,12,581624,23986,81404,26552,0.22218311163807478,0.525386837627132
8095,0.8095,24,29,24,581653,23957,81428,26528,0.2219144836785357,0.5254630088144994
8096,0.8096,15,22,15,581675,23935,81443,26513,0.22171069695060952,0.5255510624801776
8097,0.8097,15,24,15,581699,23911,81458,26498,0.2214883841565082,0.5256601003789005
8098,0.8098,18,24,18,581723,23887,81476,26480,0.22126607136240692,0.5257410606150853
8099,0.8099,18,33,18,581756,23854,81494,26462,0.22096039127051761,0.5259162095556086
8100,0.81,21,23,21,581779,23831,81515,26441,0.22074734150950387,0.5259587842138765
8101,0.8101,24,32,24,581811,23799,81539,26417,0.22045092445070213,0.5260673888800382
8102,0.8102,24,28,24,581839,23771,81563,26393,0.22019155952425062,0.5261342795630333
8103,0.8103,16,26,16,581865,23745,81579,26377,0.21995072066397423,0.5262559355173377
8104,0.8104,30,31,30,581896,23714,81609,26347,0.21966356663826003,0.526297916541819
8105,0.8105,18,26,18,581922,23688,81627,26329,0.21942272777798363,0.5264010236519583
8106,0.8106,13,24,13,581946,23664,81640,26316,0.21920041498388232,0.5265306122448979
8107,0.8107,18,23,18,581969,23641,81658,26298,0.21898736522286857,0.5266024549950941
8108,0.8108,15,26,15,581995,23615,81673,26283,0.21874652636259218,0.5267345384584553
8109,0.8109,17,29,17,582024,23586,81690,26266,0.2184778984030531,0.5268795635079836
8110,0.811,12,20,12,582044,23566,81702,26254,0.218292637741302,0.5269771176234443
8111,0.8111,17,37,17,582081,23529,81719,26237,0.2179499055170625,0.5272073303058313
8112,0.8112,18,34,18,582115,23495,81737,26219,0.21763496239208566,0.5273967091764895
8113,0.8113,13,31,13,582146,23464,81750,26206,0.2173478083663715,0.5276021743507148
8114,0.8114,7,27,7,582173,23437,81757,26199,0.21709770647300752,0.5278225481505359
8115,0.8115,17,27,17,582200,23410,81774,26182,0.21684760457964355,0.5279480561380868
8116,0.8116,19,29,19,582229,23381,81793,26163,0.21657897662010447,0.5280760536089133
8117,0.8117,22,30,22,582259,23351,81815,26141,0.21630108562747785,0.528186373555322
8118,0.8118,18,33,18,582292,23318,81833,26123,0.21599540553558857,0.5283671446774943
8119,0.8119,13,31,13,582323,23287,81846,26110,0.21570825150987438,0.5285746097941171
8120,0.812,21,25,21,582348,23262,81867,26089,0.21547667568268553,0.5286417701768961
8121,0.8121,14,27,14,582375,23235,81881,26075,0.21522657378932158,0.5287974041776516
8122,0.8122,12,28,12,582403,23207,81893,26063,0.21496720886287005,0.5289831540491171
8123,0.8123,20,25,20,582428,23182,81913,26043,0.21473563303568122,0.529060436769934
8124,0.8124,21,27,21,582455,23155,81934,26022,0.21448553114231725,0.529149805803526
8125,0.8125,13,25,13,582480,23130,81947,26009,0.2142539553151284,0.5292944504365168
8126,0.8126,12,20,12,582500,23110,81959,25997,0.2140686946533773,0.5293949946036207
8127,0.8127,19,25,19,582525,23085,81978,25978,0.21383711882618844,0.5294825020891507
8128,0.8128,32,26,32,582551,23059,82010,25946,0.21359627996591204,0.5294561779410264
8129,0.8129,19,32,19,582583,23027,82029,25927,0.2132998629071103,0.5296196429300977
8130,0.813,23,26,23,582609,23001,82052,25904,0.21305902404683388,0.5296799918208772
8131,0.8131,24,17,24,582626,22984,82076,25880,0.21290155248434547,0.5296332678454486
8132,0.8132,17,25,17,582651,22959,82093,25863,0.21266997665715662,0.529740690672238
8133,0.8133,15,29,15,582680,22930,82108,25848,0.21240134869761754,0.5299110254622986
8134,0.8134,13,23,13,582703,22907,82121,25835,0.2121882989366038,0.5300356981658528
8135,0.8135,15,31,15,582734,22876,82136,25820,0.21190114491088963,0.5302283555117463
8136,0.8136,19,29,19,582763,22847,82155,25801,0.21163251695135055,0.5303609603683604
8137,0.8137,16,31,16,582794,22816,82171,25785,0.21134536292563638,0.5305446389991976
8138,0.8138,27,29,27,582823,22787,82198,25758,0.2110767349660973,0.5306004737872078
8139,0.8139,31,29,31,582852,22758,82229,25727,0.21080810700655822,0.530617716819635
8140,0.814,27,30,27,582882,22728,82256,25700,0.2105302160139316,0.5306847278433964
8141,0.8141,20,25,20,582907,22703,82276,25680,0.21029864018674274,0.5307649380980923
8142,0.8142,24,19,24,582926,22684,82300,25656,0.21012264255807922,0.5307405875051717
8143,0.8143,13,30,13,582956,22654,82313,25643,0.2098447515654526,0.5309439509700395
8144,0.8144,17,42,17,582998,22612,82330,25626,0.2094557041757753,0.531240930386832
8145,0.8145,15,21,15,583019,22591,82345,25611,0.20926118048093667,0.5313265009750633
8146,0.8146,18,34,18,583053,22557,82363,25593,0.20894623735595982,0.5315264797507788
8147,0.8147,18,29,18,583082,22528,82381,25575,0.20867760939642077,0.5316716213126
8148,0.8148,22,22,22,583104,22506,82403,25553,0.20847382266849457,0.5317006179903868
8149,0.8149,11,22,11,583126,22484,82414,25542,0.2082700359405684,0.5318369216674301
8150,0.815,11,25,11,583151,22459,82425,25531,0.20803846011337954,0.532006668055845
8151,0.8151,16,18,16,583169,22441,82441,25515,0.20787172551780356,0.5320502126949704
8152,0.8152,24,28,24,583197,22413,82465,25491,0.20761236059135202,0.532126753507014
8153,0.8153,21,26,21,583223,22387,82486,25470,0.20737152173107562,0.5322105439120713
8154,0.8154,13,27,13,583250,22360,82499,25457,0.20712141983771165,0.5323838802099672
8155,0.8155,17,31,17,583281,22329,82516,25440,0.2068342658119975,0.532562959241349
8156,0.8156,15,21,15,583302,22308,82531,25425,0.20663974211715885,0.5326503676701653
8157,0.8157,25,31,25,583333,22277,82556,25400,0.20635258809144466,0.5327516412525956
8158,0.8158,17,30,17,583363,22247,82573,25383,0.20607469709881804,0.5329204283014907
8159,0.8159,20,24,20,583387,22223,82593,25363,0.20585238430471672,0.532992897070567
8160,0.816,15,30,15,583417,22193,82608,25348,0.2055744933120901,0.5331818851096948
8161,0.8161,20,22,20,583439,22171,82628,25328,0.20537070658416393,0.5332322785742858
8162,0.8162,14,24,14,583463,22147,82642,25314,0.2051483937900626,0.5333642358989487
8163,0.8163,24,21,24,583484,22126,82666,25290,0.20495387009522398,0.5333642652269276
8164,0.8164,23,35,23,583519,22091,82689,25267,0.2046296639371596,0.5335318214451624
8165,0.8165,8,19,8,583538,22072,82697,25259,0.20445366630849604,0.5336671526061144
8166,0.8166,4,30,4,583568,22042,82701,25255,0.20417577531586942,0.5339662135019134
8167,0.8167,23,14,23,583582,22028,82724,25232,0.20404609285264366,0.5338975878121033
8168,0.8168,20,23,20,583605,22005,82744,25212,0.20383304309162992,0.5339602261897198
8169,0.8169,18,26,18,583631,21979,82762,25194,0.20359220423135352,0.5340766964153223
8170,0.817,22,28,22,583659,21951,82784,25172,0.203332839304902,0.5341765167752478
8171,0.8171,11,28,11,583687,21923,82795,25161,0.20307347437845047,0.5343853538356979
8172,0.8172,22,26,22,583713,21897,82817,25139,0.20283263551817407,0.5344629645378008
8173,0.8173,10,19,10,583732,21878,82827,25129,0.20265663788951055,0.5345799561767396
8174,0.8174,18,34,18,583766,21844,82845,25111,0.2023416947645337,0.5347886274092216
8175,0.8175,15,16,15,583782,21828,82860,25096,0.20219348623513284,0.5348222657914926
8176,0.8176,24,23,24,583805,21805,82884,25072,0.2019804364741191,0.5348465132154362
8177,0.8177,22,27,22,583832,21778,82906,25050,0.20173033458075512,0.5349363628598275
8178,0.8178,24,28,24,583860,21750,82930,25026,0.2014709696543036,0.5350179579271421
8179,0.8179,21,17,21,583877,21733,82951,25005,0.20131349809181517,0.5350036372972742
8180,0.818,29,23,29,583900,21710,82980,24976,0.20110044833080143,0.5349783661054706
8181,0.8181,13,14,13,583914,21696,82993,24963,0.20097076586757567,0.5350093229602007
8182,0.8182,26,26,26,583940,21670,83019,24937,0.20072992700729927,0.5350483832900638
8183,0.8183,15,29,15,583969,21641,83034,24922,0.2004612990477602,0.5352318364366557
8184,0.8184,27,37,27,584006,21604,83061,24895,0.2001185668235207,0.5353878578033936
8185,0.8185,16,27,16,584033,21577,83077,24879,0.19986846493015673,0.5355390046495608
8186,0.8186,18,29,18,584062,21548,83095,24861,0.19959983697061767,0.5356935077247947
8187,0.8187,20,27,20,584089,21521,83115,24841,0.1993497350772537,0.5358051852810491
8188,0.8188,15,23,15,584112,21498,83130,24826,0.19913668531623996,0.5359209049304896
8189,0.8189,19,27,19,584139,21471,83149,24807,0.198886583422876,0.5360430442110722
8190,0.819,15,17,15,584156,21454,83164,24792,0.19872911186038755,0.5360896077498595
8191,0.8191,19,26,19,584182,21428,83183,24773,0.19848827300011115,0.5362005151403649
8192,0.8192,22,18,22,584200,21410,83205,24751,0.19832153840453517,0.5361885574402634
8193,0.8193,24,22,24,584222,21388,83229,24727,0.198117751676609,0.5362029708337851
8194,0.8194,26,30,26,584252,21358,83255,24701,0.19783986068398238,0.5362904101261425
8195,0.8195,16,31,16,584283,21327,83271,24685,0.19755270665826818,0.5364904807441537
8196,0.8196,13,24,13,584307,21303,83284,24672,0.19733039386416687,0.5366394779771615
8197,0.8197,17,34,17,584341,21269,83301,24655,0.19701545073919005,0.5368652556397526
8198,0.8198,13,26,13,584367,21243,83314,24642,0.19677461187891362,0.5370382477933965
8199,0.8199,10,16,10,584383,21227,83324,24632,0.19662640334951276,0.537124664733204
8200,0.82,14,25,14,584408,21202,83338,24618,0.1963948275223239,0.5372762985595809
8201,0.8201,14,29,14,584437,21173,83352,24604,0.19612619956278485,0.5374751512768421
8202,0.8202,24,28,24,584465,21145,83376,24580,0.1958668346363333,0.5375615090213232
8203,0.8203,11,26,11,584491,21119,83387,24569,0.1956259957760569,0.5377560847487305
8204,0.8204,13,31,13,584522,21088,83400,24556,0.19533884175034275,0.5379896591008676
8205,0.8205,15,23,15,584545,21065,83415,24541,0.19512579198932897,0.5381090207428847
8206,0.8206,22,26,22,584571,21039,83437,24519,0.19488495312905257,0.5381930725668379
8207,0.8207,18,30,18,584601,21009,83455,24501,0.19460706213642595,0.5383651944627554
8208,0.8208,18,27,18,584628,20982,83473,24483,0.19435696024306198,0.5385021445067635
8209,0.8209,8,25,8,584653,20957,83481,24475,0.19412538441587313,0.5387172037330515
8210,0.821,17,20,17,584673,20937,83498,24458,0.19394012375412206,0.5387818041634541
8211,0.8211,14,20,14,584693,20917,83512,24444,0.19375486309237097,0.5388770088842838
8212,0.8212,21,20,21,584713,20897,83533,24423,0.19356960243061988,0.538901147396293
8213,0.8213,17,31,17,584744,20866,83550,24406,0.19328244840490572,0.5390970136066443
8214,0.8214,16,23,16,584767,20843,83566,24390,0.19306939864389194,0.5392081002807685
8215,0.8215,16,22,16,584789,20821,83582,24374,0.19286561191596577,0.5393074455138843
8216,0.8216,14,31,14,584820,20790,83596,24360,0.19257845789025158,0.5395348837209303
8217,0.8217,22,27,22,584847,20763,83618,24338,0.19232835599688763,0.5396332675550432
8218,0.8218,19,16,19,584863,20747,83637,24319,0.19218014746748677,0.5396307637686948
8219,0.8219,16,30,16,584893,20717,83653,24303,0.19190225647486012,0.5398267436694802
8220,0.822,14,26,14,584919,20691,83667,24289,0.19166141761458372,0.5399955535793686
8221,0.8221,9,34,9,584953,20657,83676,24280,0.19134647448960687,0.5403119923448383
8222,0.8222,10,35,10,584988,20622,83686,24270,0.19102226833154248,0.5406308473670142
8223,0.8223,12,25,12,585013,20597,83698,24258,0.19079069250435363,0.5408092743283914
8224,0.8224,21,24,21,585037,20573,83719,24237,0.1905683797102523,0.5408837313099755
8225,0.8225,14,29,14,585066,20544,83733,24223,0.19029975175071326,0.5410905354390511
8226,0.8226,14,22,14,585088,20522,83747,24209,0.19009596502278706,0.5412130289955512
8227,0.8227,23,24,23,585112,20498,83770,24186,0.18987365222868577,0.5412675678095068
8228,0.8228,29,21,29,585133,20477,83799,24157,0.18967912853384714,0.5412241788770892
8229,0.8229,11,23,11,585156,20454,83810,24146,0.18946607877283336,0.541390134529148
8230,0.823,17,28,17,585184,20426,83827,24129,0.18920671384638185,0.541555380989788
8231,0.8231,10,29,10,585213,20397,83837,24119,0.1889380858868428,0.5418051936382424
8232,0.8232,11,25,11,585238,20372,83848,24108,0.18870651005965394,0.5419964028776978
8233,0.8233,13,19,13,585257,20353,83861,24095,0.1885305124309904,0.5420941324694024
8234,0.8234,13,25,13,585282,20328,83874,24082,0.18829893660380154,0.5422652555730691
8235,0.8235,7,21,7,585303,20307,83881,24075,0.1881044129089629,0.542449641746654
8236,0.8236,23,30,23,585333,20277,83904,24052,0.18782652191633628,0.5425793498612647
8237,0.8237,20,33,20,585366,20244,83924,24032,0.187520841824447,0.5427771253049056
8238,0.8238,13,21,13,585387,20223,83937,24019,0.18732631812960837,0.5429004113738077
8239,0.8239,22,22,22,585409,20201,83959,23997,0.18712253140168217,0.5429431195981719
8240,0.824,14,32,14,585441,20169,83973,23983,0.18682611434288043,0.5431917013951802
8241,0.8241,13,23,13,585464,20146,83986,23970,0.1866130645818667,0.5433402847039622
8242,0.8242,12,26,12,585490,20120,83998,23958,0.1863722257215903,0.5435364580970099
8243,0.8243,15,22,15,585512,20098,84013,23943,0.1861684389936641,0.5436525056197634
8244,0.8244,12,21,12,585533,20077,84025,23931,0.18597391529882545,0.5437874931830576
8245,0.8245,16,27,16,585560,20050,84041,23915,0.18572381340546149,0.5439554190833618
8246,0.8246,17,18,17,585578,20032,84058,23898,0.1855570788098855,0.5440018210789893
8247,0.8247,17,16,17,585594,20016,84075,23881,0.18540887028048464,0.5440235095792423
8248,0.8248,15,26,15,585620,19990,84090,23866,0.18516803142020824,0.5441900766143744
8249,0.8249,21,32,21,585652,19958,84111,23845,0.1848716143614065,0.5443691071387804
8250,0.825,16,27,16,585679,19931,84127,23829,0.18462151246804254,0.5445383912248629
8251,0.8251,17,10,17,585689,19921,84144,23812,0.184528882137167,0.5444858573617177
8252,0.8252,18,32,18,585721,19889,84162,23794,0.18423246507836527,0.5446970217246984
8253,0.8253,15,18,15,585739,19871,84177,23779,0.1840657304827893,0.5447651775486827
8254,0.8254,17,21,17,585760,19850,84194,23762,0.18387120678795066,0.5448500412730442
8255,0.8255,17,24,17,585784,19826,84211,23745,0.18364889399384934,0.5449725735007229
8256,0.8256,16,22,16,585806,19804,84227,23729,0.18344510726592314,0.5450807433441297
8257,0.8257,14,33,14,585839,19771,84241,23715,0.18313942717403386,0.5453479280688037
8258,0.8258,19,29,19,585868,19742,84260,23696,0.18287079921449478,0.5455131451724297
8259,0.8259,13,25,13,585893,19717,84273,23683,0.18263922338730593,0.5456912442396313
8260,0.826,15,31,15,585924,19686,84288,23668,0.18235206936159176,0.5459242515108179
8261,0.8261,23,36,23,585960,19650,84311,23645,0.1820186001704398,0.5461369673172422
8262,0.8262,18,27,18,585987,19623,84329,23627,0.18176849827707584,0.5462890173410405
8263,0.8263,24,24,24,586011,19599,84353,23603,0.18154618548297455,0.5463404472015184
8264,0.8264,20,19,20,586030,19580,84373,23583,0.18137018785431103,0.546370734193638
8265,0.8265,18,23,18,586053,19557,84391,23565,0.18115713809329728,0.5464727981076944
8266,0.8266,18,29,18,586082,19528,84409,23547,0.1808885101337582,0.5466511897852583
8267,0.8267,15,20,15,586102,19508,84424,23532,0.1807032494720071,0.5467472118959108
8268,0.8268,16,24,16,586126,19484,84440,23516,0.18048093667790582,0.5468837209302325
8269,0.8269,16,24,16,586150,19460,84456,23500,0.1802586238838045,0.5470204841713222
8270,0.827,17,33,17,586183,19427,84473,23483,0.17995294379191523,0.5472617105569797
8271,0.8271,31,23,31,586206,19404,84504,23452,0.1797398940309015,0.5472279260780287
8272,0.8272,11,19,11,586225,19385,84515,23441,0.17956389640223794,0.5473544108719003
8273,0.8273,19,22,19,586247,19363,84534,23422,0.17936010967431176,0.5474348486619143
8274,0.8274,20,18,20,586265,19345,84554,23402,0.17919337507873578,0.5474536224764311
8275,0.8275,18,29,18,586294,19316,84572,23384,0.1789247471191967,0.5476346604215456
8276,0.8276,12,19,12,586313,19297,84584,23372,0.17874874949053318,0.5477512948510629
8277,0.8277,23,19,23,586332,19278,84607,23349,0.17857275186186966,0.547751425153072
8278,0.8278,23,14,23,586346,19264,84630,23326,0.1784430693986439,0.547687250528293
8279,0.8279,18,21,18,586367,19243,84648,23308,0.17824854570380524,0.547766209959813
8280,0.828,19,24,19,586391,19219,84667,23289,0.17802623290970396,0.547873341488661
8281,0.8281,17,31,17,586422,19188,84684,23272,0.17773907888398977,0.5480923221855865
8282,0.8282,13,23,13,586445,19165,84697,23259,0.17752602912297602,0.5482509900056571
8283,0.8283,21,38,21,586483,19127,84718,23238,0.17717403386564898,0.5485188245013572
8284,0.8284,12,25,12,586508,19102,84730,23226,0.17694245803846012,0.5487147987147987
8285,0.8285,19,25,19,586533,19077,84749,23207,0.17671088221127126,0.5488364393151074
8286,0.8286,15,21,15,586554,19056,84764,23192,0.17651635851643263,0.5489490626775232
8287,0.8287,15,19,15,586573,19037,84779,23177,0.17634036088776908,0.5490358648789501
8288,0.8288,14,27,14,586600,19010,84793,23163,0.17609025899440514,0.5492376639081877
8289,0.8289,24,22,24,586622,18988,84817,23139,0.17588647226647894,0.5492676905547511
8290,0.829,10,22,10,586644,18966,84827,23129,0.17568268553855274,0.5494476778714812
8291,0.8291,16,21,16,586665,18945,84843,23113,0.1754881618437141,0.5495506205715917
8292,0.8292,14,18,14,586683,18927,84857,23099,0.17532142724813812,0.5496359396564032
8293,0.8293,14,22,14,586705,18905,84871,23085,0.17511764052021195,0.5497737556561086
8294,0.8294,20,16,20,586721,18889,84891,23065,0.17496943199081108,0.54976879439386
8295,0.8295,11,18,11,586739,18871,84902,23054,0.1748026973952351,0.549886702444842
8296,0.8296,15,24,15,586763,18847,84917,23039,0.1745803846011338,0.5500405863534356
8297,0.8297,20,21,20,586784,18826,84937,23019,0.17438586090629515,0.5501015653005138
8298,0.8298,15,26,15,586810,18800,84952,23004,0.17414502204601875,0.550282269639269
8299,0.8299,18,21,18,586831,18779,84970,22986,0.17395049835118012,0.5503651382736742
8300,0.83,15,19,15,586850,18760,84985,22971,0.17377450072251657,0.5504540988713427
8301,0.8301,17,21,17,586871,18739,85002,22954,0.17357997702767794,0.5505480536301057
8302,0.8302,21,19,21,586890,18720,85023,22933,0.17340397939901442,0.5505725878088013
8303,0.8303,19,29,19,586919,18691,85042,22914,0.17313535143947534,0.5507511116452349
8304,0.8304,21,16,21,586935,18675,85063,22893,0.17298714291007447,0.550736143187067
8305,0.8305,21,21,21,586956,18654,85084,22872,0.17279261921523584,0.5507874584597602
8306,0.8306,11,29,11,586985,18625,85095,22861,0.17252399125569676,0.5510533674010509
8307,0.8307,21,16,21,587001,18609,85116,22840,0.1723757827262959,0.5510386257810803
8308,0.8308,17,23,17,587024,18586,85133,22823,0.17216273296528214,0.5511603757637229
8309,0.8309,19,23,19,587047,18563,85152,22804,0.1719496832042684,0.5512606667150144
8310,0.831,19,26,19,587073,18537,85171,22785,0.171708844343992,0.5514011906490489
8311,0.8311,17,31,17,587104,18506,85188,22768,0.1714216903182778,0.551630566458303
8312,0.8312,17,15,17,587119,18491,85205,22751,0.1712827448219645,0.5516463799039814
8313,0.8313,14,17,14,587136,18474,85219,22737,0.17112527325947607,0.5517216277207542
8314,0.8314,21,25,21,587161,18449,85240,22716,0.17089369743228722,0.551828009231143
8315,0.8315,16,26,16,587187,18423,85256,22700,0.17065285857201082,0.5520025289983708
8316,0.8316,25,32,25,587219,18391,85281,22675,0.17035644151320908,0.5521599376613257
8317,0.8317,21,17,21,587236,18374,85302,22654,0.17019896995072067,0.5521595008287024
8318,0.8318,24,20,24,587256,18354,85326,22630,0.17001370928896958,0.5521666991996876
8319,0.8319,18,21,18,587277,18333,85344,22612,0.16981918559413095,0.5522530223470509
8320,0.832,16,21,16,587298,18312,85360,22596,0.16962466189929232,0.5523613963039015
8321,0.8321,16,20,16,587318,18292,85376,22580,0.16943940123754123,0.5524564494030143
8322,0.8322,23,24,23,587342,18268,85399,22557,0.1692170884434399,0.5525290875688916
8323,0.8323,18,27,18,587369,18241,85417,22539,0.16896698655007597,0.5526974006866111
8324,0.8324,11,20,11,587389,18221,85428,22528,0.16878172588832488,0.5528479226484085
8325,0.8325,21,20,21,587409,18201,85449,22507,0.1685964652265738,0.5528888670531591
8326,0.8326,15,35,15,587444,18166,85464,22492,0.1682722590685094,0.5531998622657288
8327,0.8327,15,26,15,587470,18140,85479,22477,0.16803142020823297,0.5533889750597041
8328,0.8328,15,28,15,587498,18112,85494,22462,0.16777205528178146,0.5536057573815744
8329,0.8329,19,30,19,587528,18082,85513,22443,0.16749416428915484,0.5538062924120913
8330,0.833,16,23,16,587551,18059,85529,22427,0.1672811145281411,0.5539445734327916
8331,0.8331,17,30,17,587581,18029,85546,22410,0.16700322353551447,0.5541680061326937
8332,0.8332,13,20,13,587601,18009,85559,22397,0.16681796287376338,0.5542988665049745
8333,0.8333,23,25,23,587626,17984,85582,22374,0.16658638704657452,0.5543882253828237
8334,0.8334,15,18,15,587644,17966,85597,22359,0.16641965245099855,0.5544699318040918
8335,0.8335,17,25,17,587669,17941,85614,22342,0.1661880766238097,0.5546260209021175
8336,0.8336,20,29,20,587698,17912,85634,22322,0.16591944866427064,0.5548043942933837
8337,0.8337,14,23,14,587721,17889,85648,22308,0.1657063989032569,0.5549667885663109
8338,0.8338,19,24,19,587745,17865,85667,22289,0.16548408610915558,0.5550879115405688
8339,0.8339,21,15,21,587760,17850,85688,22268,0.16534514061284228,0.5550625654319756
8340,0.834,15,26,15,587786,17824,85703,22253,0.16510430175256585,0.555256131946004
8341,0.8341,12,24,12,587810,17800,85715,22241,0.16488198895846456,0.5554556579506006
8342,0.8342,28,24,28,587834,17776,85743,22213,0.16465967616436325,0.5554777563830053
8343,0.8343,19,35,19,587869,17741,85762,22194,0.16433547000629886,0.5557530987855265
8344,0.8344,24,24,24,587893,17717,85786,22170,0.16411315721219757,0.5558201920425201
8345,0.8345,14,28,14,587921,17689,85800,22156,0.16385379228574604,0.556054712009035
8346,0.8346,23,22,23,587943,17667,85823,22133,0.16365000555781986,0.556105527638191
8347,0.8347,9,26,9,587969,17641,85832,22124,0.16340916669754343,0.5563686659122343
8348,0.8348,15,26,15,587995,17615,85847,22109,0.16316832783726704,0.5565653005739604
8349,0.8349,21,17,21,588012,17598,85868,22088,0.16301085627477863,0.5565690671773421
8350,0.835,20,26,20,588038,17572,85888,22068,0.1627700174145022,0.5567103935418769
8351,0.8351,18,35,18,588073,17537,85906,22050,0.1624458112564378,0.5570010356935358
8352,0.8352,21,20,21,588093,17517,85927,22029,0.16226055059468672,0.5570474890001518
8353,0.8353,20,18,20,588111,17499,85947,22009,0.16209381599911074,0.5570770476865445
8354,0.8354,9,20,9,588131,17479,85956,22000,0.16190855533735968,0.5572582892170521
8355,0.8355,17,21,17,588152,17458,85973,21983,0.16171403164252102,0.5573641641946198
8356,0.8356,16,20,16,588172,17438,85989,21967,0.16152877098076995,0.557467326481411
8357,0.8357,14,13,14,588185,17425,86003,21953,0.16140835155063174,0.5574940322007212
8358,0.8358,16,27,16,588212,17398,86019,21937,0.16115824965726777,0.5576967077666201
8359,0.8359,12,22,12,588234,17376,86031,21925,0.1609544629293416,0.5578738454492252
8360,0.836,16,23,16,588257,17353,86047,21909,0.16074141316832782,0.5580204778156996
8361,0.8361,9,32,9,588289,17321,86056,21900,0.16044499610952612,0.5583743402768925
8362,0.8362,18,25,18,588314,17296,86074,21882,0.16021342028233726,0.5585277451631018
8363,0.8363,23,25,23,588339,17271,86097,21859,0.1599818444551484,0.5586250958343981
8364,0.8364,20,20,20,588359,17251,86117,21839,0.1597965837933973,0.5586850856996675
8365,0.8365,14,17,14,588376,17234,86131,21825,0.15963911223090888,0.5587700657978955
8366,0.8366,13,33,13,588409,17201,86144,21812,0.1593334321390196,0.5590956860533668
8367,0.8367,25,21,25,588430,17180,86169,21787,0.15913890844418097,0.5591141222059691
8368,0.8368,15,22,15,588452,17158,86184,21772,0.15893512171625476,0.5592602106344722
8369,0.8369,14,24,14,588476,17134,86198,21758,0.15871280892215348,0.5594466728376015
8370,0.837,16,24,16,588500,17110,86214,21742,0.15849049612805216,0.559610830845259
8371,0.8371,15,31,15,588531,17079,86229,21727,0.158203342102338,0.5598876462402721
8372,0.8372,9,32,9,588563,17047,86238,21718,0.15790692504353626,0.5602476460724881
8373,0.8373,17,27,17,588590,17020,86255,21701,0.1576568231501723,0.5604452364350094
8374,0.8374,19,22,19,588612,16998,86274,21682,0.1574530364222461,0.5605480868665977
8375,0.8375,19,22,19,588634,16976,86293,21663,0.15724924969431991,0.5606511555682083
8376,0.8376,19,17,19,588651,16959,86312,21644,0.15709177813183148,0.5606818122943813
8377,0.8377,18,12,18,588663,16947,86330,21626,0.15698062173478083,0.5606512327275556
8378,0.8378,15,14,15,588677,16933,86345,21611,0.15685093927155508,0.5606838937318389
8379,0.8379,18,23,18,588700,16910,86363,21593,0.15663788951054133,0.5608134431083293
8380,0.838,13,25,13,588725,16885,86376,21580,0.15640631368335248,0.561029507344339
8381,0.8381,19,25,19,588750,16860,86395,21561,0.15617473785616362,0.5611774810650425
8382,0.8382,11,29,11,588779,16831,86406,21550,0.15590610989662454,0.5614757301789948
8383,0.8383,21,24,21,588803,16807,86427,21529,0.15568379710252325,0.561587020033389
8384,0.8384,14,31,14,588834,16776,86441,21515,0.15539664307680906,0.5618813820480009
8385,0.8385,12,22,12,588856,16754,86453,21503,0.15519285634888288,0.5620670726925792
8386,0.8386,12,27,12,588883,16727,86465,21491,0.15494275445551892,0.562326652362761
8387,0.8387,21,19,21,588902,16708,86486,21470,0.1547667568268554,0.5623657603855624
8388,0.8388,18,23,18,588925,16685,86504,21452,0.15455370706584165,0.5624983611715657
8389,0.8389,23,30,23,588955,16655,86527,21429,0.154275816073215,0.5626772397857368
8390,0.839,12,17,12,588972,16638,86539,21417,0.1541183445107266,0.5627906976744186
8391,0.8391,19,22,19,588994,16616,86558,21398,0.1539145577828004,0.5628978797285211
8392,0.8392,15,33,15,589027,16583,86573,21383,0.1536088776909111,0.5632144550387188
8393,0.8393,23,18,23,589045,16565,86596,21360,0.15344214309533513,0.5632168754119974
8394,0.8394,19,32,19,589077,16533,86615,21341,0.1531457260365334,0.5634736230659555
8395,0.8395,21,19,21,589096,16514,86636,21320,0.15296972840786988,0.5635142993075012
8396,0.8396,12,17,12,589113,16497,86648,21308,0.15281225684538144,0.5636291495833884
8397,0.8397,18,24,18,589137,16473,86666,21290,0.15258994405128015,0.5637793607499404
8398,0.8398,13,25,13,589162,16448,86679,21277,0.1523583682240913,0.5640026507620941
8399,0.8399,26,18,26,589180,16430,86705,21251,0.15219163362851532,0.5639712321859823
8400,0.84,17,24,17,589204,16406,86722,21234,0.15196932083441403,0.56413390010627
8401,0.8401,24,22,24,589226,16384,86746,21210,0.15176553410648783,0.5641857743256903
8402,0.8402,13,33,13,589259,16351,86759,21197,0.15145985401459855,0.5645307339938213
8403,0.8403,17,19,17,589278,16332,86776,21180,0.151283856385935,0.5646193218170186
8404,0.8404,23,23,23,589301,16309,86799,21157,0.15107080662492126,0.5646986601185074
8405,0.8405,18,24,18,589325,16285,86817,21139,0.15084849383081997,0.5648514322359983
8406,0.8406,17,22,17,589347,16263,86834,21122,0.15064470710289377,0.5649859569345994
8407,0.8407,17,16,17,589363,16247,86851,21105,0.1504964985734929,0.5650299850074962
8408,0.8408,15,20,15,589383,16227,86866,21090,0.1503112379117418,0.5651579708979821
8409,0.8409,13,22,13,589405,16205,86879,21077,0.15010745118381563,0.5653398422831393
8410,0.841,9,23,9,589428,16182,86888,21068,0.1498944014228019,0.5655838926174497
8411,0.8411,19,13,19,589441,16169,86907,21049,0.14977398199266367,0.5655596754258692
8412,0.8412,16,19,16,589460,16150,86923,21033,0.14959798436400015,0.5656617271333674
8413,0.8413,16,19,16,589479,16131,86939,21017,0.14942198673533663,0.5657639711424572
8414,0.8414,25,24,25,589503,16107,86964,20992,0.14919967394123532,0.5658373541065796
8415,0.8415,17,24,17,589527,16083,86981,20975,0.14897736114713403,0.5660046413729829
8416,0.8416,22,20,22,589547,16063,87003,20953,0.14879210048538294,0.5660525178301276
8417,0.8417,14,23,14,589570,16040,87017,20939,0.1485790507243692,0.5662402985478244
8418,0.8418,13,28,13,589598,16012,87030,20926,0.14831968579791768,0.5665168660999512
8419,0.8419,29,17,29,589615,15995,87059,20897,0.14816221423542925,0.566437167949691
8420,0.842,11,17,11,589632,15978,87070,20886,0.14800474267294084,0.5665690104166666
8421,0.8421,24,13,24,589645,15965,87094,20862,0.14788432324280262,0.5664865451978168
8422,0.8422,15,24,15,589669,15941,87109,20847,0.14766201044870134,0.5666793519625964
8423,0.8423,19,25,19,589694,15916,87128,20828,0.14743043462151248,0.566840844763771
8424,0.8424,19,25,19,589719,15891,87147,20809,0.14719885879432362,0.5670027247956403
8425,0.8425,17,21,17,589740,15870,87164,20792,0.14700433509948496,0.5671267252195734
8426,0.8426,19,26,19,589766,15844,87183,20773,0.14676349623920856,0.5673048037796652
8427,0.8427,21,21,21,589787,15823,87204,20752,0.14656897254436993,0.5673820915926179
8428,0.8428,15,21,15,589808,15802,87219,20737,0.1463744488495313,0.5675305837598182
8429,0.8429,19,23,19,589831,15779,87238,20718,0.14616139908851755,0.5676630955968984
8430,0.843,13,14,13,589845,15765,87251,20705,0.1460317166252918,0.5677268988209487
8431,0.8431,21,25,21,589870,15740,87272,20684,0.14580014079810294,0.5678673402152427
8432,0.8432,10,26,10,589896,15714,87282,20674,0.1455593019378265,0.5681543365944817
8433,0.8433,20,20,20,589916,15694,87302,20654,0.14537404127607545,0.5682293386156048
8434,0.8434,21,20,21,589936,15674,87323,20633,0.14518878061432436,0.5682926157490291
8435,0.8435,22,22,22,589958,15652,87345,20611,0.14498499388639816,0.5683754791385158
8436,0.8436,21,22,21,589980,15630,87366,20590,0.14478120715847198,0.5684704583103258
8437,0.8437,17,16,17,589996,15614,87383,20573,0.1446329986290711,0.5685190814380855
8438,0.8438,16,17,16,590013,15597,87399,20557,0.14447552706658268,0.5685954527853073
8439,0.8439,16,23,16,590036,15574,87415,20541,0.14426247730556893,0.568766440537173
8440,0.844,26,20,26,590056,15554,87441,20515,0.14407721664381784,0.568770966758158
8441,0.8441,21,29,21,590085,15525,87462,20494,0.1438085886842788,0.5689774841056109
8442,0.8442,18,16,18,590101,15509,87480,20476,0.14366038015487792,0.5690148673058218
8443,0.8443,15,19,15,590120,15490,87495,20461,0.14348438252621437,0.569135768128842
8444,0.8444,12,20,12,590140,15470,87507,20449,0.1432991218644633,0.569308722403185
8445,0.8445,19,19,19,590159,15451,87526,20430,0.14312312423579976,0.5693821242440289
8446,0.8446,19,15,19,590174,15436,87545,20411,0.14298417873948646,0.569392138812174
8447,0.8447,13,19,13,590193,15417,87558,20398,0.14280818111082294,0.5695379031132207
8448,0.8448,13,23,13,590216,15394,87571,20385,0.14259513134980917,0.5697476173174209
8449,0.8449,13,21,13,590237,15373,87584,20372,0.14240060765497053,0.5699258637571688
8450,0.845,20,20,20,590257,15353,87604,20352,0.14221534699321947,0.570004201092284
8451,0.8451,21,22,21,590279,15331,87625,20331,0.14201156026529327,0.570102630250687
8452,0.8452,13,16,13,590295,15315,87638,20318,0.1418633517358924,0.570201779249572
8453,0.8453,18,22,18,590317,15293,87656,20300,0.1416595650079662,0.5703368639901104
8454,0.8454,19,21,19,590338,15272,87675,20281,0.14146504131312757,0.5704441256715327
8455,0.8455,20,28,20,590366,15244,87695,20261,0.14120567638667605,0.570652020842135
8456,0.8456,21,16,21,590382,15228,87716,20240,0.1410574678572752,0.5706552385248674
8457,0.8457,28,28,28,590410,15200,87744,20212,0.14079810293082368,0.5707669716480289
8458,0.8458,19,28,19,590438,15172,87763,20193,0.14053873800437214,0.5709882652339884
8459,0.8459,14,27,14,590465,15145,87777,20179,0.1402886361110082,0.5712546710451818
8460,0.846,14,16,14,590481,15129,87791,20165,0.14014042758160733,0.5713435711452372
8461,0.8461,19,15,19,590496,15114,87810,20146,0.140001482085294,0.5713556437889961
8462,0.8462,15,27,15,590523,15087,87825,20131,0.13975138019193004,0.5716111079561588
8463,0.8463,16,11,16,590534,15076,87841,20115,0.13964948682796696,0.5715950100878066
8464,0.8464,14,19,14,590553,15057,87855,20101,0.1394734891993034,0.5717333181637181
8465,0.8465,19,14,19,590567,15043,87874,20082,0.13934380673607766,0.5717295373665481
8466,0.8466,22,25,22,590592,15018,87896,20060,0.1391122309088888,0.571868407548891
8467,0.8467,24,19,24,590611,14999,87920,20036,0.13893623328022528,0.5718852575995433
8468,0.8468,13,16,13,590627,14983,87933,20023,0.1387880247508244,0.5719876592584129
8469,0.8469,11,23,11,590650,14960,87944,20012,0.13857497498981067,0.5722292119409813
8470,0.847,12,24,12,590674,14936,87956,20000,0.13835266219570935,0.572475383558507
8471,0.8471,19,23,19,590697,14913,87975,19981,0.1381396124346956,0.5726199346592538
8472,0.8472,14,24,14,590721,14889,87989,19967,0.13791729964059432,0.5728425522148267
8473,0.8473,20,20,20,590741,14869,88009,19947,0.13773203897884323,0.5729262408088235
8474,0.8474,13,17,13,590758,14852,88022,19934,0.13757456741635482,0.5730466279537745
8475,0.8475,23,27,23,590785,14825,88045,19911,0.13732446552299085,0.5732093505297098
8476,0.8476,13,19,13,590804,14806,88058,19898,0.13714846789432733,0.5733633010603965
8477,0.8477,19,22,19,590826,14784,88077,19879,0.13694468116640113,0.5734933502582004
8478,0.8478,20,24,20,590850,14760,88097,19859,0.1367223683722998,0.573644530460152
8479,0.8479,21,28,21,590878,14732,88118,19838,0.1364630034458483,0.5738501590974834
8480,0.848,15,12,15,590890,14720,88133,19823,0.13635184704879766,0.573864458790493
8481,0.8481,10,22,10,590912,14698,88143,19813,0.13614806032087146,0.5741068065254556
8482,0.8482,16,14,16,590926,14684,88159,19797,0.1360183778576457,0.574142281256344
8483,0.8483,19,24,19,590950,14660,88178,19778,0.1357960650635444,0.5743074510714908
8484,0.8484,23,23,23,590973,14637,88201,19755,0.13558301530253067,0.5744068387997209
8485,0.8485,10,26,10,590999,14611,88211,19745,0.13534217644225424,0.5747176621259751
8486,0.8486,19,16,19,591015,14595,88230,19726,0.13519396791285337,0.5747501529675709
8487,0.8487,15,20,15,591035,14575,88245,19711,0.1350087072511023,0.5748993758385347
8488,0.8488,22,18,22,591053,14557,88267,19689,0.13484197265552633,0.5749284587981078
8489,0.8489,18,18,18,591071,14539,88285,19671,0.13467523805995035,0.5750073078047354
8490,0.849,11,14,11,591085,14525,88296,19660,0.1345455555967246,0.5751060406611087
8491,0.8491,15,19,15,591104,14506,88311,19645,0.13436955796806105,0.5752393780562794
8492,0.8492,18,23,18,591127,14483,88329,19627,0.1341565082070473,0.5754031075930812
8493,0.8493,11,20,11,591147,14463,88340,19616,0.13397124754529624,0.5756037442413217
8494,0.8494,18,24,18,591171,14439,88358,19598,0.13374893475119493,0.5757851749566648
8495,0.8495,13,14,13,591185,14425,88371,19585,0.13361925228796917,0.5758600411643634
8496,0.8496,18,18,18,591203,14407,88389,19567,0.1334525176923932,0.575940425030906
8497,0.8497,21,23,21,591226,14384,88410,19546,0.13323946793137945,0.576068376068376
8498,0.8498,25,25,25,591251,14359,88435,19521,0.1330078921041906,0.576180637544274
8499,0.8499,19,14,19,591265,14345,88454,19502,0.13287820964096483,0.576181050019204
8500,0.85,20,12,20,591277,14333,88474,19482,0.1327670532439142,0.5761348513973089
8501,0.8501,14,17,14,591294,14316,88488,19468,0.13260958168142575,0.5762491120056832
8502,0.8502,18,21,18,591315,14295,88506,19450,0.13241505798658712,0.5763816861757297
8503,0.8503,19,23,19,591338,14272,88525,19431,0.13220200822557338,0.5765362133934665
8504,0.8504,15,26,15,591364,14246,88540,19416,0.13196116936529698,0.5767928227675123
8505,0.8505,8,27,8,591391,14219,88548,19408,0.131711067471933,0.5771552621405418
8506,0.8506,19,18,19,591409,14201,88567,19389,0.13154433287635703,0.5772253646918726
8507,0.8507,15,23,15,591432,14178,88582,19374,0.13133128311534328,0.5774320457796852
8508,0.8508,16,20,16,591452,14158,88598,19358,0.1311460224535922,0.5775748896049648
8509,0.8509,20,28,20,591480,14130,88618,19338,0.13088665752714068,0.5778056651129437
8510,0.851,11,19,11,591499,14111,88629,19327,0.13071065989847716,0.5779950954004426
8511,0.8511,21,15,21,591514,14096,88650,19306,0.13057171440216384,0.5779893419555715
8512,0.8512,17,19,17,591533,14077,88667,19289,0.13039571677350031,0.5781034586105617
8513,0.8513,16,20,16,591553,14057,88683,19273,0.13021045611174922,0.5782478247824783
8514,0.8514,19,24,19,591577,14033,88702,19254,0.12998814331764794,0.5784240093730285
8515,0.8515,14,25,14,591602,14008,88716,19240,0.12975656749045908,0.5786814244465832
8516,0.8516,17,20,17,591622,13988,88733,19223,0.129571306828708,0.5788142482912289
8517,0.8517,14,23,14,591645,13965,88747,19209,0.12935825706769424,0.5790378006872853
8518,0.8518,19,18,19,591663,13947,88766,19190,0.12919152247211826,0.5791109635754594
8519,0.8519,14,25,14,591688,13922,88780,19176,0.1289599466449294,0.5793703547042117
8520,0.852,22,25,22,591713,13897,88802,19154,0.12872837081774055,0.5795286073038637
8521,0.8521,18,19,18,591732,13878,88820,19136,0.12855237318907703,0.5796328830193251
8522,0.8522,22,19,22,591751,13859,88842,19114,0.1283763755604135,0.5796864100931065
8523,0.8523,16,10,16,591761,13849,88858,19098,0.12828374522953795,0.5796582389898929
8524,0.8524,21,26,21,591787,13823,88879,19077,0.12804290636926155,0.5798480243161094
8525,0.8525,14,25,14,591812,13798,88893,19063,0.1278113305420727,0.5801101609811022
8526,0.8526,15,18,15,591830,13780,88908,19048,0.12764459594649671,0.580236383574997
8527,0.8527,21,17,21,591847,13763,88929,19027,0.1274871243840083,0.580268374504422
8528,0.8528,24,14,24,591861,13749,88953,19003,0.12735744192078255,0.5802088422081094
8529,0.8529,16,19,16,591880,13730,88969,18987,0.127181444292119,0.5803404957667267
8530,0.853,15,23,15,591903,13707,88984,18972,0.12696839453110526,0.5805563205728449
8531,0.8531,12,21,12,591924,13686,88996,18960,0.12677387083626662,0.5807755927219261
8532,0.8532,16,23,16,591947,13663,89012,18944,0.12656082107525288,0.5809795442696354
8533,0.8533,18,15,18,591962,13648,89030,18926,0.12642187557893958,0.5810155338613618
8534,0.8534,11,19,11,591981,13629,89041,18915,0.12624587795027603,0.5812131268436578
8535,0.8535,16,19,16,592000,13610,89057,18899,0.1260698803216125,0.5813467039896644
8536,0.8536,13,29,13,592029,13581,89070,18886,0.12580125236207343,0.5816983398527736
8537,0.8537,11,20,11,592049,13561,89081,18875,0.12561599170032237,0.5819151559995067
8538,0.8538,25,21,25,592070,13540,89106,18850,0.1254214680054837,0.5819697437480704
8539,0.8539,14,27,14,592097,13513,89120,18836,0.12517136611211976,0.5822745679928282
8540,0.854,19,24,19,592121,13489,89139,18817,0.12494905331801845,0.5824614622670712
8541,0.8541,19,25,19,592146,13464,89158,18798,0.12471747749082959,0.5826669146364144
8542,0.8542,15,17,15,592163,13447,89173,18783,0.12456000592834117,0.5827800186161961
8543,0.8543,12,20,12,592183,13427,89185,18771,0.12437474526659009,0.5829865209019194
8544,0.8544,19,20,19,592203,13407,89204,18752,0.12418948460483901,0.5831027084175503
8545,0.8545,7,18,7,592221,13389,89211,18745,0.12402275000926304,0.5833385199477189
8546,0.8546,18,16,18,592237,13373,89229,18727,0.12387454147986217,0.5833956386292835
8547,0.8547,12,19,12,592256,13354,89241,18715,0.12369854385119863,0.5835853939942
8548,0.8548,16,16,16,592272,13338,89257,18699,0.12355033532179777,0.5836688828541998
8549,0.8549,22,19,22,592291,13319,89279,18677,0.12337433769313425,0.583729216152019
8550,0.855,12,11,12,592302,13308,89291,18665,0.12327244432917114,0.5837738091514716
8551,0.8551,20,28,20,592330,13280,89311,18645,0.12301307940271963,0.5840250587314018
8552,0.8552,12,17,12,592347,13263,89323,18633,0.12285560784023121,0.5841798344620015
8553,0.8553,21,19,21,592366,13244,89344,18612,0.12267961021156767,0.5842541436464088
8554,0.8554,18,21,18,592387,13223,89362,18594,0.12248508651672904,0.5844045635980765
8555,0.8555,18,22,18,592409,13201,89380,18576,0.12228129978880285,0.584573748308525
8556,0.8556,16,15,16,592424,13186,89396,18560,0.12214235429248953,0.5846405846405847
8557,0.8557,15,25,15,592449,13161,89411,18545,0.12191077846530068,0.5849050652873273
8558,0.8558,23,16,23,592465,13145,89434,18522,0.12176256993589982,0.5848991063251966
8559,0.8559,22,20,22,592485,13125,89456,18500,0.12157730927414873,0.5849802371541502
8560,0.856,7,18,7,592503,13107,89463,18493,0.12141057467857275,0.5852215189873418
8561,0.8561,15,27,15,592530,13080,89478,18478,0.12116047278520879,0.5855250649597566
8562,0.8562,13,17,13,592547,13063,89491,18465,0.12100300122272037,0.5856698807409287
8563,0.8563,21,19,21,592566,13044,89512,18444,0.12082700359405683,0.5857469512195121
8564,0.8564,23,27,23,592593,13017,89535,18421,0.12057690170069288,0.5859469431897704
8565,0.8565,19,20,19,592613,12997,89554,18402,0.12039164103894179,0.586069620051594
8566,0.8566,24,20,24,592633,12977,89578,18378,0.12020638037719071,0.5861266145750279
8567,0.8567,16,17,16,592650,12960,89594,18362,0.12004890881470229,0.5862333184343274
8568,0.8568,21,18,21,592668,12942,89615,18341,0.11988217421912631,0.5862928747242911
8569,0.8569,16,24,16,592692,12918,89631,18325,0.11965986142502501,0.5865313830297987
8570,0.857,13,20,13,592712,12898,89644,18312,0.11947460076327393,0.5867350208266581
8571,0.8571,11,18,11,592730,12880,89655,18301,0.11930786616769795,0.5869279368846413
8572,0.8572,16,11,16,592741,12869,89671,18285,0.11920597280373485,0.5869230275406048
8573,0.8573,16,27,16,592768,12842,89687,18269,0.1189558709103709,0.5872199543569798
8574,0.8574,14,21,14,592789,12821,89701,18255,0.11876134721553225,0.5874308147766766
8575,0.8575,19,14,19,592803,12807,89720,18236,0.11863166475230649,0.5874432239152144
8576,0.8576,18,17,18,592820,12790,89738,18218,0.11847419318981807,0.5875257997936016
8577,0.8577,14,15,14,592835,12775,89752,18204,0.11833524769350476,0.5876238742373866
8578,0.8578,17,24,17,592859,12751,89769,18187,0.11811293489940346,0.5878531256060509
8579,0.8579,13,18,13,592877,12733,89782,18174,0.11794620030382749,0.5880221309088556
8580,0.858,17,20,17,592897,12713,89799,18157,0.1177609396420764,0.5881762228701004
8581,0.8581,14,15,14,592912,12698,89813,18143,0.11762199414576309,0.5882753477513699
8582,0.8582,16,10,16,592922,12688,89829,18127,0.11752936381488754,0.5882524744442642
8583,0.8583,17,18,17,592940,12670,89846,18110,0.11736262921931156,0.5883690708252112
8584,0.8584,10,12,10,592952,12658,89856,18100,0.11725147282226092,0.5884647896482216
8585,0.8585,11,18,11,592970,12640,89867,18089,0.11708473822668494,0.5886621757948518
8586,0.8586,22,20,22,592990,12620,89889,18067,0.11689947756493387,0.5887509368788086
8587,0.8587,14,20,14,593010,12600,89903,18053,0.11671421690318277,0.5889472482301895
8588,0.8588,18,16,18,593026,12584,89921,18035,0.1165660083737819,0.5890133577190634
8589,0.8589,22,14,22,593040,12570,89943,18013,0.11643632591055615,0.5889873459111271
8590,0.859,14,18,14,593058,12552,89957,17999,0.11626959131498017,0.5891460181336127
8591,0.8591,14,15,14,593073,12537,89971,17985,0.11613064581866686,0.5892471004521329
8592,0.8592,13,19,13,593092,12518,89984,17972,0.11595464819000334,0.5894391603804526
8593,0.8593,22,10,22,593102,12508,90006,17950,0.1158620178591278,0.5893361350055815
8594,0.8594,16,16,16,593118,12492,90022,17934,0.11571380932972693,0.5894300926838888
8595,0.8595,13,24,13,593142,12468,90035,17921,0.11549149653562563,0.5897199644608246
8596,0.8596,10,21,10,593163,12447,90045,17911,0.115296972840787,0.5899927531457936
8597,0.8597,16,19,16,593182,12428,90061,17895,0.11512097521212346,0.5901460937242358
8598,0.8598,11,14,11,593196,12414,90072,17884,0.1149912927488977,0.5902699848174797
8599,0.8599,13,25,13,593221,12389,90085,17871,0.11475971692170885,0.5905816259087905
8600,0.86,13,22,13,593243,12367,90098,17858,0.11455593019378266,0.5908354011579818
8601,0.8601,16,14,16,593257,12353,90114,17842,0.11442624773055689,0.5908925318761384
8602,0.8602,14,18,14,593275,12335,90128,17828,0.11425951313498092,0.5910552663859696
8603,0.8603,16,18,16,593293,12317,90144,17812,0.11409277853940494,0.5911912111254937
8604,0.8604,15,22,15,593315,12295,90159,17797,0.11388899181147875,0.5914196464176525
8605,0.8605,23,12,23,593327,12283,90182,17774,0.1137778354144281,0.5913431147486442
8606,0.8606,27,13,27,593340,12270,90209,17747,0.1136574159842899,0.591231635406603
8607,0.8607,26,16,26,593356,12254,90235,17721,0.11350920745488903,0.5911926605504587
8608,0.8608,16,27,16,593383,12227,90251,17705,0.11325910556152506,0.5915074168114393
8609,0.8609,18,19,18,593402,12208,90269,17687,0.11308310793286154,0.5916373975581201
8610,0.861,10,20,10,593422,12188,90279,17677,0.11289784727111045,0.5918968692449356
8611,0.8611,13,13,13,593435,12175,90292,17664,0.11277742784097225,0.5919769429270418
8612,0.8612,16,15,16,593450,12160,90308,17648,0.11263848234465894,0.5920558239398819
8613,0.8613,17,14,17,593464,12146,90325,17631,0.11250879988143318,0.5921012862276254
8614,0.8614,17,15,17,593479,12131,90342,17614,0.11236985438511986,0.5921667507144058
8615,0.8615,15,15,15,593494,12116,90357,17599,0.11223090888880655,0.5922598014470806
8616,0.8616,16,21,16,593515,12095,90373,17583,0.11203638519396791,0.5924590605835973
8617,0.8617,19,17,19,593532,12078,90392,17564,0.11187891363147949,0.5925376155455098
8618,0.8618,14,18,14,593550,12060,90406,17550,0.11171217903590351,0.5927051671732523
8619,0.8619,15,13,15,593563,12047,90421,17535,0.11159175960576531,0.5927591102697586
8620,0.862,18,9,18,593572,12038,90439,17517,0.11150839230797732,0.5926915919472171
8621,0.8621,10,15,10,593587,12023,90449,17507,0.11136944681166401,0.5928547240094819
8622,0.8622,25,16,25,593603,12007,90474,17482,0.11122123828226314,0.5928312252026179
8623,0.8623,11,18,11,593621,11989,90485,17471,0.11105450368668716,0.5930414120841819
8624,0.8624,15,26,15,593647,11963,90500,17456,0.11081366482641077,0.5933580339236548
8625,0.8625,21,22,21,593669,11941,90521,17435,0.11060987809848456,0.5935117102396514
8626,0.8626,17,22,17,593691,11919,90538,17418,0.11040609137055837,0.5937212393905307
8627,0.8627,18,21,18,593712,11898,90556,17400,0.11021156767571974,0.593897194347737
8628,0.8628,17,14,17,593726,11884,90573,17383,0.11008188521249399,0.5939453992551338
8629,0.8629,18,12,18,593738,11872,90591,17365,0.10997072881544333,0.5939391866470568
8630,0.863,21,18,21,593756,11854,90612,17344,0.10980399421986735,0.5940132885814097
8631,0.8631,17,27,17,593783,11827,90629,17327,0.1095538923265034,0.5943266790148864
8632,0.8632,12,20,12,593803,11807,90641,17315,0.1093686316647523,0.5945676807911544
8633,0.8633,14,16,14,593819,11791,90655,17301,0.10922042313535144,0.5946995737659838
8634,0.8634,16,15,16,593834,11776,90671,17285,0.10908147763903812,0.5947833866694195
8635,0.8635,18,18,18,593852,11758,90689,17267,0.10891474304346214,0.594900947459087
8636,0.8636,26,13,26,593865,11745,90715,17241,0.10879432361332395,0.5948043883253985
8637,0.8637,21,15,21,593880,11730,90736,17220,0.10865537811701063,0.5948186528497409
8638,0.8638,13,18,13,593898,11712,90749,17207,0.10848864352143466,0.5950067429717487
8639,0.8639,14,20,14,593918,11692,90763,17193,0.10830338285968358,0.595222433789164
8640,0.864,10,22,10,593940,11670,90773,17183,0.10809959613175739,0.5955359927910443
8641,0.8641,14,17,14,593957,11653,90787,17169,0.10794212456926897,0.5956907917562972
8642,0.8642,16,14,16,593971,11639,90803,17153,0.1078124421060432,0.595755765490414
8643,0.8643,22,21,22,593992,11618,90825,17131,0.10761791841120456,0.5958815958815958
8644,0.8644,20,23,20,594015,11595,90845,17111,0.10740486865019082,0.5960774750923152
8645,0.8645,15,12,15,594027,11583,90860,17096,0.10729371225314017,0.5961156246731057
8646,0.8646,15,25,15,594052,11558,90875,17081,0.10706213642595132,0.5964244561611788
8647,0.8647,14,14,14,594066,11544,90889,17067,0.10693245396272555,0.5965188214323163
8648,0.8648,12,19,12,594085,11525,90901,17055,0.10675645633406203,0.5967459762071379
8649,0.8649,19,15,19,594100,11510,90920,17036,0.10661751083774872,0.5967911441182653
8650,0.865,19,21,19,594121,11489,90939,17017,0.10642298714291007,0.5969620430786501
8651,0.8651,19,13,19,594134,11476,90958,16998,0.10630256771277187,0.5969656528763082
8652,0.8652,18,10,18,594144,11466,90976,16980,0.10620993738189632,0.5969204809112002
8653,0.8653,16,9,16,594153,11457,90992,16964,0.10612657008410833,0.5968825868196053
8654,0.8654,17,17,17,594170,11440,91009,16947,0.10596909852161993,0.59699862613168
8655,0.8655,19,13,19,594183,11427,91028,16928,0.10584867909148171,0.5970022923646623
8656,0.8656,18,15,18,594198,11412,91046,16910,0.1057097335951684,0.5970623543535061
8657,0.8657,23,15,23,594213,11397,91069,16887,0.10557078809885509,0.597051336444633
8658,0.8658,25,19,25,594232,11378,91094,16862,0.10539479047019155,0.5970963172804532
8659,0.8659,12,15,12,594247,11363,91106,16850,0.10525584497387824,0.5972424059830574
8660,0.866,21,16,21,594263,11347,91127,16829,0.10510763644447738,0.5972813742191937
8661,0.8661,14,15,14,594278,11332,91141,16815,0.10496869094816406,0.5973993676057839
8662,0.8662,12,22,12,594300,11310,91153,16803,0.10476490422023788,0.5976950165403906
8663,0.8663,16,13,16,594313,11297,91169,16787,0.10464448479009968,0.5977424868252386
8664,0.8664,15,20,15,594333,11277,91184,16772,0.10445922412834859,0.5979535812328425
8665,0.8665,13,17,13,594350,11260,91197,16759,0.10430175256586016,0.5981298404653985
8666,0.8666,23,20,23,594370,11240,91220,16736,0.10411649190410908,0.5982270517586503
8667,0.8667,13,19,13,594389,11221,91233,16723,0.10394049427544555,0.5984468937875751
8668,0.8668,18,15,18,594404,11206,91251,16705,0.10380154877913224,0.5985095482068001
8669,0.8669,12,12,12,594416,11194,91263,16693,0.1036903923820816,0.59859432710582
8670,0.867,15,21,15,594437,11173,91278,16678,0.10349586868724295,0.5988294854762846
8671,0.8671,14,12,14,594449,11161,91292,16664,0.1033847122901923,0.5988858939802336
8672,0.8672,19,21,19,594470,11140,91311,16645,0.10319018859535366,0.5990642432967428
8673,0.8673,12,16,12,594486,11124,91323,16633,0.10304198006595279,0.5992362286990669
8674,0.8674,18,11,18,594497,11113,91341,16615,0.1029400867019897,0.5992137911136757
8675,0.8675,16,18,16,594515,11095,91357,16599,0.10277335210641372,0.5993717050624684
8676,0.8676,14,14,14,594529,11081,91371,16585,0.10264366964318797,0.5994722764403961
8677,0.8677,13,10,13,594539,11071,91384,16572,0.10255103931231242,0.5995007777737583
8678,0.8678,22,18,22,594557,11053,91406,16550,0.10238430471673644,0.5995725102343948
8679,0.8679,19,14,19,594571,11039,91425,16531,0.10225462225351069,0.599601015596663
8680,0.868,9,23,9,594594,11016,91434,16522,0.10204157249249694,0.599970949233786
8681,0.8681,19,26,19,594620,10990,91453,16503,0.10180073363222053,0.6002618848434147
8682,0.8682,21,24,21,594644,10966,91474,16482,0.10157842083811923,0.600480909355873
8683,0.8683,14,18,14,594662,10948,91488,16468,0.10141168624254326,0.6006711409395973
8684,0.8684,20,13,20,594675,10935,91508,16448,0.10129126681240505,0.600664645948216
8685,0.8685,18,19,18,594694,10916,91526,16430,0.10111526918374153,0.6008191325970892
8686,0.8686,12,19,12,594713,10897,91538,16418,0.100939271555078,0.6010616877173715
8687,0.8687,19,20,19,594733,10877,91557,16399,0.10075401089332692,0.6012245197242998
8688,0.8688,21,22,21,594755,10855,91578,16378,0.10055022416540071,0.6014027099474902
8689,0.8689,14,9,14,594764,10846,91592,16364,0.10046685686761272,0.6013965453877251
8690,0.869,11,20,11,594784,10826,91603,16353,0.10028159620586165,0.6016777659222193
8691,0.8691,26,17,26,594801,10809,91629,16327,0.10012412464337322,0.6016730542452831
8692,0.8692,15,21,15,594822,10788,91644,16312,0.09992960094853459,0.6019188191881919
8693,0.8693,13,16,13,594838,10772,91657,16299,0.09978139241913372,0.6020834102914558
8694,0.8694,12,13,12,594851,10759,91669,16287,0.09966097298899551,0.6021962582267248
8695,0.8695,20,12,20,594863,10747,91689,16267,0.09954981659194487,0.6021692455763679
8696,0.8696,19,21,19,594884,10726,91708,16248,0.09935529289710623,0.6023578260547193
8697,0.8697,17,19,17,594903,10707,91725,16231,0.0991792952684427,0.602531739550078
8698,0.8698,24,10,24,594913,10697,91749,16207,0.09908666493756715,0.6024011299435028
8699,0.8699,16,12,16,594925,10685,91765,16191,0.09897550854051651,0.6024333978270576
8700,0.87,17,12,17,594937,10673,91782,16174,0.09886435214346585,0.602450925615525
8701,0.8701,21,14,21,594951,10659,91803,16153,0.0987346696802401,0.6024541250186484
8702,0.8702,18,14,18,594965,10645,91821,16135,0.09860498721701434,0.6025018670649739
8703,0.8703,13,22,13,594987,10623,91834,16122,0.09840120048908815,0.602804262478968
8704,0.8704,14,22,14,595009,10601,91848,16108,0.09819741376116195,0.6030925905125613
8705,0.8705,22,21,22,595030,10580,91870,16086,0.09800289006632332,0.6032400810020251
8706,0.8706,26,24,26,595054,10556,91896,16060,0.09778057727222202,0.6033964532611963
8707,0.8707,16,19,16,595073,10537,91912,16044,0.09760457964355848,0.6035890297580979
8708,0.8708,9,16,9,595089,10521,91921,16035,0.09745637111415761,0.6038183461364663
8709,0.8709,17,14,17,595103,10507,91938,16018,0.09732668865093186,0.6038831291234684
8710,0.871,19,19,19,595122,10488,91957,15999,0.09715069102226834,0.6040321667232982
8711,0.8711,17,13,17,595135,10475,91974,15982,0.09703027159213012,0.6040745360396115
8712,0.8712,21,12,21,595147,10463,91995,15961,0.09691911519507948,0.6040342113230397
8713,0.8713,21,16,21,595163,10447,92016,15940,0.09677090666567861,0.6040853450562778
8714,0.8714,21,15,21,595178,10432,92037,15919,0.0966319611693653,0.6041136958749194
8715,0.8715,13,21,13,595199,10411,92050,15906,0.09643743747452665,0.6044001975909108
8716,0.8716,24,25,24,595224,10386,92074,15882,0.0962058616473378,0.6046139789858382
8717,0.8717,16,19,16,595243,10367,92090,15866,0.09602986401867428,0.6048107345709602
8718,0.8718,16,18,16,595261,10349,92106,15850,0.0958631294230983,0.6049849230886675
8719,0.8719,18,18,18,595279,10331,92124,15832,0.09569639482752232,0.6051293811871727
8720,0.872,16,14,16,595293,10317,92140,15816,0.09556671236429656,0.6052118011709333
8721,0.8721,14,14,14,595307,10303,92154,15802,0.09543702990107081,0.6053246504501053
8722,0.8722,15,14,15,595321,10289,92169,15787,0.09530734743784505,0.6054226108298819
8723,0.8723,18,19,18,595340,10270,92187,15769,0.09513134980918152,0.6055916125811283
8724,0.8724,11,10,11,595350,10260,92198,15758,0.09503871947830597,0.6056576216465523
8725,0.8725,17,14,17,595364,10246,92215,15741,0.09490903701508022,0.6057259398930235
8726,0.8726,20,16,20,595380,10230,92235,15721,0.09476082848567935,0.6057955377442102
8727,0.8727,15,16,15,595396,10214,92250,15706,0.09461261995627848,0.6059413580246914
8728,0.8728,19,13,19,595409,10201,92269,15687,0.09449220052614028,0.6059564276885043
8729,0.8729,17,14,17,595423,10187,92286,15670,0.09436251806291453,0.6060254476544069
8730,0.873,12,19,12,595442,10168,92298,15658,0.09418652043425099,0.6062882366607295
8731,0.8731,14,19,14,595461,10149,92312,15644,0.09401052280558746,0.6065211491489939
8732,0.8732,24,15,24,595476,10134,92336,15620,0.09387157730927415,0.6065077269550361
8733,0.8733,17,10,17,595486,10124,92353,15603,0.0937789469783986,0.6064834609554165
8734,0.8734,16,15,16,595501,10109,92369,15587,0.09364000148208529,0.6065924657534246
8735,0.8735,21,15,21,595516,10094,92390,15566,0.09350105598577198,0.6066250974279034
8736,0.8736,16,20,16,595536,10074,92406,15550,0.0933157953240209,0.6068529503590384
8737,0.8737,15,21,15,595557,10053,92421,15535,0.09312127162918225,0.6071205252462092
8738,0.8738,18,18,18,595575,10035,92439,15517,0.09295453703360629,0.6072714464621165
8739,0.8739,11,17,11,595592,10018,92450,15506,0.09279706547111786,0.6075066603980568
8740,0.874,15,15,15,595607,10003,92465,15491,0.09265811997480455,0.6076331685886875
8741,0.8741,14,16,14,595623,9987,92479,15477,0.09250991144540369,0.607799245994345
8742,0.8742,12,16,12,595639,9971,92491,15465,0.09236170291600282,0.6079965403365309
8743,0.8743,14,14,14,595653,9957,92505,15451,0.09223202045277706,0.6081155541561712
8744,0.8744,12,27,12,595680,9930,92517,15439,0.0919819185594131,0.6085773976112578
8745,0.8745,12,22,12,595702,9908,92529,15427,0.0917781318314869,0.6089204657588316
8746,0.8746,14,15,14,595717,9893,92543,15413,0.0916391863351736,0.6090650438631154
8747,0.8747,16,15,16,595732,9878,92559,15397,0.09150024083886027,0.6091790306627102
8748,0.8748,19,22,19,595754,9856,92578,15378,0.09129645411093408,0.6094158674803836
8749,0.8749,16,21,16,595775,9835,92594,15362,0.09110193041609545,0.6096757550502044
8750,0.875,10,21,10,595796,9814,92604,15352,0.09090740672125681,0.6100294047524438
8751,0.8751,15,17,15,595813,9797,92619,15337,0.09074993515876839,0.6102092782684809
8752,0.8752,17,14,17,595827,9783,92636,15320,0.09062025269554262,0.610285623232283
8753,0.8753,13,14,13,595841,9769,92649,15307,0.09049057023231687,0.6104243100973042
8754,0.8754,19,12,19,595853,9757,92668,15288,0.09037941383526622,0.6104212417648233
8755,0.8755,19,13,19,595866,9744,92687,15269,0.09025899440512801,0.6104425698636708
8756,0.8756,16,16,16,595882,9728,92703,15253,0.09011078587572714,0.6105840438733438
8757,0.8757,16,9,16,595891,9719,92719,15237,0.09002741857793917,0.6105545760538548
8758,0.8758,13,12,13,595903,9707,92732,15224,0.08991626218088851,0.6106453812522562
8759,0.8759,18,15,18,595918,9692,92750,15206,0.0897773166845752,0.6107317856855973
8760,0.876,13,13,13,595931,9679,92763,15193,0.089656897254437,0.6108475394017369
8761,0.8761,24,21,24,595952,9658,92787,15169,0.08946237355959835,0.6109880372175455
8762,0.8762,23,14,23,595966,9644,92810,15146,0.0893326910963726,0.6109721661960468
8763,0.8763,19,20,19,595986,9624,92829,15127,0.08914743043462152,0.6111672255666438
8764,0.8764,20,23,20,596009,9601,92849,15107,0.08893438067360776,0.6114214019750688
8765,0.8765,24,16,24,596025,9585,92873,15083,0.08878617214420689,0.6114399221663693
8766,0.8766,8,16,8,596041,9569,92881,15075,0.08863796361480603,0.6117107612400584
8767,0.8767,15,17,15,596058,9552,92896,15060,0.08848049205231762,0.6118966357874208
8768,0.8768,9,16,9,596074,9536,92905,15051,0.08833228352291675,0.6121527636555903
8769,0.8769,12,19,12,596093,9517,92917,15039,0.08815628589425321,0.6124368789705164
8770,0.877,13,22,13,596115,9495,92930,15026,0.08795249916632703,0.6127808816932425
8771,0.8771,17,15,17,596130,9480,92947,15009,0.08781355367001371,0.6128874188411123
8772,0.8772,19,12,19,596142,9468,92966,14990,0.08770239727296306,0.6128873988061166
8773,0.8773,13,15,13,596157,9453,92979,14977,0.08756345177664974,0.6130577159230455
8774,0.8774,11,15,11,596172,9438,92990,14966,0.08742450628033643,0.6132601212915916
8775,0.8775,13,18,13,596190,9420,93003,14953,0.08725777168476045,0.6135067492717351
8776,0.8776,13,15,13,596205,9405,93016,14940,0.08711882618844714,0.6136783733826248
8777,0.8777,13,21,13,596226,9384,93029,14927,0.08692430249360851,0.6140018921475875
8778,0.8778,8,21,8,596247,9363,93037,14919,0.08672977879876986,0.6144057326414628
8779,0.8779,17,17,17,596264,9346,93054,14902,0.08657230723628145,0.6145661497855494
8780,0.878,14,11,14,596275,9335,93068,14888,0.08647041387231835,0.6146224662510836
8781,0.8781,16,13,16,596288,9322,93084,14872,0.08634999444218015,0.6146978589732992
8782,0.8782,13,24,13,596312,9298,93097,14859,0.08612768164807885,0.6151012128989527
8783,0.8783,17,13,17,596325,9285,93114,14842,0.08600726221794064,0.6151614373937911
8784,0.8784,21,10,21,596335,9275,93135,14821,0.08591463188706511,0.6150813413014609
8785,0.8785,14,16,14,596351,9259,93149,14807,0.08576642335766424,0.615266350868445
8786,0.8786,21,26,21,596377,9233,93170,14786,0.08552558449738783,0.615595986510679
8787,0.8787,8,13,8,596390,9220,93178,14778,0.08540516506724961,0.615801316776398
8788,0.8788,15,16,15,596406,9204,93193,14763,0.08525695653784875,0.6159719614469896
8789,0.8789,18,17,18,596423,9187,93211,14745,0.08509948497536034,0.6161206752465318
8790,0.879,16,14,16,596437,9173,93227,14729,0.08496980251213457,0.6162245837168437
8791,0.8791,15,15,15,596452,9158,93242,14714,0.08483085701582126,0.6163706434316354
8792,0.8792,14,23,14,596475,9135,93256,14700,0.08461780725480751,0.6167400881057269
8793,0.8793,12,18,12,596493,9117,93268,14688,0.08445107265923153,0.6170132325141777
8794,0.8794,10,20,10,596513,9097,93278,14678,0.08426581199748046,0.6173711882229233
8795,0.8795,17,12,17,596525,9085,93295,14661,0.0841546556004298,0.6174092478733261
8796,0.8796,12,16,12,596541,9069,93307,14649,0.08400644707102894,0.6176321780925879
8797,0.8797,15,15,15,596556,9054,93322,14634,0.08386750157471562,0.6177811550151976
8798,0.8798,15,15,15,596571,9039,93337,14619,0.08372855607840231,0.617930509764139
8799,0.8799,18,7,18,596578,9032,93355,14601,0.08366371484678943,0.6178225362840096
8800,0.88,17,6,17,596584,9026,93372,14584,0.08360813664826411,0.617704362558238
8801,0.8801,23,16,23,596600,9010,93395,14561,0.08345992811886324,0.6177506257689533
8802,0.8802,20,14,20,596614,8996,93415,14541,0.08333024565563749,0.6177932616731104
8803,0.8803,20,18,20,596632,8978,93435,14521,0.0831635110600615,0.6179411889867654
8804,0.8804,15,14,15,596646,8964,93450,14506,0.08303382859683575,0.618065615679591
8805,0.8805,16,17,16,596663,8947,93466,14490,0.08287635703434733,0.6182531894013739
8806,0.8806,16,15,16,596678,8932,93482,14474,0.08273741153803402,0.6183884474066479
8807,0.8807,11,22,11,596700,8910,93493,14463,0.08253362481010783,0.6187909125914517
8808,0.8808,13,19,13,596719,8891,93506,14450,0.08235762718144429,0.6190823015294975
8809,0.8809,20,11,20,596730,8880,93526,14430,0.08225573381748119,0.6190476190476191
8810,0.881,19,21,19,596751,8859,93545,14411,0.08206121012264256,0.619295229909755
8811,0.8811,12,17,12,596768,8842,93557,14399,0.08190373856015414,0.6195516544038553
8812,0.8812,15,26,15,596794,8816,93572,14384,0.08166289969987772,0.62
8813,0.8813,8,17,8,596811,8799,93580,14376,0.08150542813738931,0.6203236245954693
8814,0.8814,17,18,17,596829,8781,93597,14359,0.08133869354181333,0.6205272255834053
8815,0.8815,18,15,18,596844,8766,93615,14341,0.08119974804550002,0.6206344397801532
8816,0.8816,13,18,13,596862,8748,93628,14328,0.08103301344992404,0.6209048361934477
8817,0.8817,15,20,15,596882,8728,93643,14313,0.08084775278817297,0.6211969966581311
8818,0.8818,16,19,16,596901,8709,93659,14297,0.08067175515950943,0.6214465791532644
8819,0.8819,18,16,18,596917,8693,93677,14279,0.08052354663010856,0.6215827964478495
8820,0.882,12,18,12,596935,8675,93689,14267,0.08035681203453258,0.6218725481649376
8821,0.8821,17,16,17,596951,8659,93706,14250,0.08020860350513172,0.6220262778820551
8822,0.8822,14,19,14,596970,8640,93720,14236,0.0800326058764682,0.6223115929358279
8823,0.8823,17,17,17,596987,8623,93737,14219,0.07987513431397977,0.6224936520444795
8824,0.8824,9,10,9,596997,8613,93746,14210,0.07978250398310423,0.6226175349428208
8825,0.8825,27,13,27,597010,8600,93773,14183,0.07966208455296603,0.6225255673089585
8826,0.8826,15,14,15,597024,8586,93788,14168,0.07953240208974026,0.6226597521314934
8827,0.8827,10,19,10,597043,8567,93798,14158,0.07935640446107674,0.623014301430143
8828,0.8828,20,13,20,597056,8554,93818,14138,0.07923598503093852,0.6230389564604266
8829,0.8829,24,15,24,597071,8539,93842,14114,0.07909703953462521,0.623052134375138
8830,0.883,21,13,21,597084,8526,93863,14093,0.07897662010448701,0.6230602590742297
8831,0.8831,11,17,11,597101,8509,93874,14082,0.07881914854199859,0.6233455800982692
8832,0.8832,14,15,14,597116,8494,93888,14068,0.07868020304568528,0.6235262831309281
8833,0.8833,14,23,14,597139,8471,93902,14054,0.07846715328467153,0.6239289678135405
8834,0.8834,25,10,25,597149,8461,93927,14029,0.07837452295379599,0.6237883503779458
8835,0.8835,18,16,18,597165,8445,93945,14011,0.07822631442439512,0.6239312433202707
8836,0.8836,13,16,13,597181,8429,93958,13998,0.07807810589499425,0.6241583805234762
8837,0.8837,10,15,10,597196,8414,93968,13988,0.07793916039868094,0.6244085349522364
8838,0.8838,16,16,16,597212,8398,93984,13972,0.07779095186928008,0.6245864997764864
8839,0.8839,21,20,21,597232,8378,94005,13951,0.077605691207529,0.6247928702584084
8840,0.884,17,17,17,597249,8361,94022,13934,0.07744821964504058,0.6249831800852209
8841,0.8841,13,16,13,597265,8345,94035,13921,0.07730001111563971,0.6252133297404114
8842,0.8842,16,16,16,597281,8329,94051,13905,0.07715180258623884,0.6253935414230458
8843,0.8843,14,14,14,597295,8315,94065,13891,0.07702212012301309,0.6255516527064757
8844,0.8844,8,16,8,597311,8299,94073,13883,0.07687391159361222,0.6258678207555676
8845,0.8845,15,15,15,597326,8284,94088,13868,0.07673496609729889,0.6260382809678584
8846,0.8846,11,16,11,597342,8268,94099,13857,0.07658675756789804,0.6263050847457627
8847,0.8847,18,12,18,597354,8256,94117,13839,0.07647560117084738,0.6263408010862186
8848,0.8848,17,11,17,597365,8245,94134,13822,0.07637370780688428,0.6263651606471201
8849,0.8849,13,17,13,597382,8228,94147,13809,0.07621623624439587,0.6266279439125108
8850,0.885,11,17,11,597399,8211,94158,13798,0.07605876468190745,0.6269253487209778
8851,0.8851,13,13,13,597412,8198,94171,13785,0.07593834525176923,0.6270754674066324
8852,0.8852,20,12,20,597424,8186,94191,13765,0.07582718885471859,0.6270784930071523
8853,0.8853,14,8,14,597432,8178,94205,13751,0.07575308459001816,0.6270691778010853
8854,0.8854,15,17,15,597449,8161,94220,13736,0.07559561302752973,0.6273005434534411
8855,0.8855,20,10,20,597459,8151,94240,13716,0.07550298269665419,0.6272465358759775
8856,0.8856,11,22,11,597481,8129,94251,13705,0.075299195968728,0.6276907575341211
8857,0.8857,16,17,16,597498,8112,94267,13689,0.07514172440623958,0.627906976744186
8858,0.8858,15,13,15,597511,8099,94282,13674,0.07502130497610138,0.6280255362145777
8859,0.8859,25,11,25,597522,8088,94307,13649,0.07491941161213828,0.6279155357225008
8860,0.886,12,13,12,597535,8075,94319,13637,0.07479899218200008,0.6280858511422255
8861,0.8861,16,11,16,597546,8064,94335,13621,0.07469709881803697,0.6281300438090847
8862,0.8862,16,12,16,597558,8052,94351,13605,0.07458594242098633,0.6282033522648566
8863,0.8863,17,16,17,597574,8036,94368,13588,0.07443773389158546,0.6283758786533481
8864,0.8864,20,17,20,597591,8019,94388,13568,0.07428026232909704,0.6285264279427433
8865,0.8865,14,17,14,597608,8002,94402,13554,0.07412279076660862,0.628780849879384
8866,0.8866,12,23,12,597631,7979,94414,13542,0.07390974100559487,0.6292458528878769
8867,0.8867,7,5,7,597636,7974,94421,13535,0.07386342584015711,0.6292714677576828
8868,0.8868,15,15,15,597651,7959,94436,13520,0.07372448034384378,0.6294520229060944
8869,0.8869,17,16,17,597667,7943,94453,13503,0.07357627181444291,0.6296279026391868
8870,0.887,19,15,19,597682,7928,94472,13484,0.0734373263181296,0.6297403325238184
8871,0.8871,17,14,17,597696,7914,94489,13467,0.07330764385490385,0.6298582853935737
8872,0.8872,8,14,8,597710,7900,94497,13459,0.07317796139167809,0.6301324968397397
8873,0.8873,18,12,18,597722,7888,94515,13441,0.07306680499462744,0.6301748792723522
8874,0.8874,18,11,18,597733,7877,94533,13423,0.07296491163066435,0.6301877934272301
8875,0.8875,9,13,9,597746,7864,94542,13414,0.07284449220052613,0.6304163925180938
8876,0.8876,18,10,18,597756,7854,94560,13396,0.0727518618696506,0.6304
8877,0.8877,20,15,20,597771,7839,94580,13376,0.07261291637333729,0.630497289653547
8878,0.8878,16,17,16,597788,7822,94596,13360,0.07245544481084887,0.6307241997922765
8879,0.8879,22,12,22,597800,7810,94618,13338,0.07234428841379821,0.6306979383393229
8880,0.888,15,14,15,597814,7796,94633,13323,0.07221460595057246,0.6308537336048108
8881,0.8881,21,18,21,597832,7778,94654,13302,0.07204787135499648,0.6310246679316888
8882,0.8882,14,14,14,597846,7764,94668,13288,0.07191818889177072,0.6311989359680791
8883,0.8883,26,14,26,597860,7750,94694,13262,0.07178850642854497,0.6311631448695983
8884,0.8884,14,6,14,597866,7744,94708,13248,0.07173292823001964,0.6310975609756098
8885,0.8885,16,10,16,597876,7734,94724,13232,0.0716402978991441,0.6311170466469522
8886,0.8886,11,15,11,597891,7719,94735,13221,0.07150135240283079,0.6313753581661891
8887,0.8887,17,13,17,597904,7706,94752,13204,0.07138093297269257,0.6314681970349115
8888,0.8888,18,25,18,597929,7681,94770,13186,0.07114935714550373,0.631906838548905
8889,0.8889,16,15,16,597944,7666,94786,13170,0.0710104116491904,0.6320790938759838
8890,0.889,14,18,14,597962,7648,94800,13156,0.07084367705361444,0.6323783887713901
8891,0.8891,16,18,16,597980,7630,94816,13140,0.07067694245803846,0.6326432354357246
8892,0.8892,13,21,13,598001,7609,94829,13127,0.07048241876319983,0.6330536265432098
8893,0.8893,15,12,15,598013,7597,94844,13112,0.07037126236614917,0.6331546670529722
8894,0.8894,11,15,11,598028,7582,94855,13101,0.07023231686983586,0.6334187496978194
8895,0.8895,16,14,16,598042,7568,94871,13085,0.0701026344066101,0.6335641311189658
8896,0.8896,16,14,16,598056,7554,94887,13069,0.06997295194338435,0.6337099355088979
8897,0.8897,16,15,16,598071,7539,94903,13053,0.06983400644707102,0.6338869463869464
8898,0.8898,18,13,18,598084,7526,94921,13035,0.06971358701693282,0.6339672194932153
8899,0.8899,13,18,13,598102,7508,94934,13022,0.06954685242135684,0.6342912810521188
8900,0.89,20,16,20,598118,7492,94954,13002,0.06939864389195598,0.6344295891480434
8901,0.8901,17,14,17,598132,7478,94971,12985,0.06926896142873022,0.634559937448077
8902,0.8902,15,16,15,598148,7462,94986,12970,0.06912075289932935,0.6347885669537979
8903,0.8903,19,20,19,598168,7442,95005,12951,0.06893549223757828,0.6350708576472319
8904,0.8904,13,13,13,598181,7429,95018,12938,0.06881507280744006,0.6352432857072716
8905,0.8905,23,18,23,598199,7411,95041,12915,0.0686483382118641,0.6353930925907705
8906,0.8906,13,10,13,598209,7401,95054,12902,0.06855570788098855,0.6354725902575974
8907,0.8907,18,10,18,598219,7391,95072,12884,0.06846307755011301,0.635462392108508
8908,0.8908,19,12,19,598231,7379,95091,12865,0.06835192115306236,0.6354969373641572
8909,0.8909,17,12,17,598243,7367,95108,12848,0.06824076475601171,0.6355676477862973
8910,0.891,19,14,19,598257,7353,95127,12829,0.06811108229278595,0.6356654444554554
8911,0.8911,9,7,9,598264,7346,95136,12820,0.06804624106117307,0.63572349499157
8912,0.8912,17,17,17,598281,7329,95153,12803,0.06788876949868465,0.635952712100139
8913,0.8913,13,14,13,598295,7315,95166,12790,0.0677590870354589,0.636160159164387
8914,0.8914,21,10,21,598305,7305,95187,12769,0.06766645670458335,0.6360964431603069
8915,0.8915,18,18,18,598323,7287,95205,12751,0.06749972210900737,0.6363409521908374
8916,0.8916,11,18,11,598341,7269,95216,12740,0.06733298751343139,0.6367134789344795
8917,0.8917,18,19,18,598360,7250,95234,12722,0.06715698988476787,0.6369917885039055
8918,0.8918,11,16,11,598376,7234,95245,12711,0.067008781355367,0.6373025821007772
8919,0.8919,12,14,12,598390,7220,95257,12699,0.06687909889214125,0.6375320046187057
8920,0.892,22,15,22,598405,7205,95279,12677,0.06674015339582794,0.6376119102705965
8921,0.8921,8,15,8,598420,7190,95287,12669,0.06660120789951461,0.6379475300871141
8922,0.8922,13,14,13,598434,7176,95300,12656,0.06647152543628886,0.6381605486083098
8923,0.8923,18,15,18,598449,7161,95318,12638,0.06633257993997554,0.6383150664174958
8924,0.8924,16,9,16,598458,7152,95334,12622,0.06624921264218755,0.6383129361788207
8925,0.8925,22,16,22,598474,7136,95356,12600,0.06610100411278669,0.6384272395622214
8926,0.8926,20,16,20,598490,7120,95376,12580,0.06595279558338582,0.6385786802030456
8927,0.8927,12,15,12,598505,7105,95388,12568,0.06581385008707251,0.6388451176739695
8928,0.8928,21,12,21,598517,7093,95409,12547,0.06570269369002187,0.6388492871690428
8929,0.8929,12,13,12,598530,7080,95421,12535,0.06558227425988365,0.6390517461126689
8930,0.893,16,9,16,598539,7071,95437,12519,0.06549890696209566,0.6390505359877489
8931,0.8931,18,16,18,598555,7055,95455,12501,0.0653506984326948,0.6392411536101452
8932,0.8932,9,13,9,598568,7042,95464,12492,0.0652302790025566,0.6395003583495443
8933,0.8933,15,14,15,598582,7028,95479,12477,0.06510059653933084,0.639682132786465
8934,0.8934,18,18,18,598600,7010,95497,12459,0.06493386194375486,0.6399404181005701
8935,0.8935,24,11,24,598611,6999,95521,12435,0.06483196857979177,0.6398579808582896
8936,0.8936,13,15,13,598626,6984,95534,12422,0.06469302308347845,0.640111305781717
8937,0.8937,16,16,16,598642,6968,95550,12406,0.06454481455407758,0.6403427273665737
8938,0.8938,15,20,15,598662,6948,95565,12391,0.0643595538923265,0.640725994105176
8939,0.8939,13,11,13,598673,6937,95578,12378,0.0642576605283634,0.6408490810251101
8940,0.894,16,14,16,598687,6923,95594,12362,0.06412797806513765,0.641016333938294
8941,0.8941,19,9,19,598696,6914,95613,12343,0.06404461076734966,0.6409617282027315
8942,0.8942,15,11,15,598707,6903,95628,12328,0.06394271740338657,0.6410483074203109
8943,0.8943,8,8,8,598715,6895,95636,12320,0.06386861313868614,0.6411657559198543
8944,0.8944,11,18,11,598733,6877,95647,12309,0.06370187854311016,0.6415615553007401
8945,0.8945,8,15,8,598748,6862,95655,12301,0.06356293304679685,0.6419141053071022
8946,0.8946,23,7,23,598755,6855,95678,12278,0.06349809181518397,0.641718496837924
8947,0.8947,13,19,13,598774,6836,95691,12265,0.06332209418652043,0.6421129783780953
8948,0.8948,24,29,24,598803,6807,95715,12241,0.06305346622698137,0.6426396472070559
8949,0.8949,21,10,21,598813,6797,95736,12220,0.06296083589610582,0.6425829520954935
8950,0.895,10,17,10,598830,6780,95746,12210,0.0628033643336174,0.6429699842022117
8951,0.8951,16,20,16,598850,6760,95762,12194,0.06261810367186632,0.6433470507544582
8952,0.8952,14,17,14,598867,6743,95776,12180,0.0624606321093779,0.6436611530941183
8953,0.8953,18,13,18,598880,6730,95794,12162,0.06234021267923969,0.6437645564260004
8954,0.8954,19,17,19,598897,6713,95813,12143,0.06218274111675127,0.6439859991514637
8955,0.8955,13,17,13,598914,6696,95826,12130,0.062025269554262845,0.6443216827791353
8956,0.8956,19,20,19,598934,6676,95845,12111,0.06184000889251176,0.6446478948208868
8957,0.8957,12,18,12,598952,6658,95857,12099,0.06167327429693579,0.6450391853707949
8958,0.8958,8,15,8,598967,6643,95865,12091,0.06153432880062248,0.6454040781466852
8959,0.8959,12,18,12,598985,6625,95877,12079,0.0613675942050465,0.6457976903336184
8960,0.896,20,12,20,598997,6613,95897,12059,0.06125643780799585,0.6458333333333334
8961,0.8961,15,18,15,599015,6595,95912,12044,0.061089703212419875,0.6461720049358871
8962,0.8962,15,11,15,599026,6584,95927,12029,0.06098780984845678,0.6462687369043142
8963,0.8963,21,11,21,599037,6573,95948,12008,0.06088591648449368,0.6462515472794791
8964,0.8964,11,18,11,599055,6555,95959,11997,0.06071918188891771,0.6466688227684346
8965,0.8965,23,7,23,599062,6548,95982,11974,0.06065434065730483,0.6464744628009934
8966,0.8966,22,19,22,599081,6529,96004,11952,0.0604783430286413,0.6467182511768844
8967,0.8967,8,13,8,599094,6516,96012,11944,0.060357923598503095,0.647020585048754
8968,0.8968,19,12,19,599106,6504,96031,11925,0.060246767201452445,0.6470779749308155
8969,0.8969,21,11,21,599117,6493,96052,11904,0.06014487383748935,0.6470620209816818
8970,0.897,10,7,10,599124,6486,96062,11894,0.060080032605876466,0.6471164309031556
8971,0.8971,9,15,9,599139,6471,96071,11885,0.059941087109563154,0.6474722161691
8972,0.8972,20,7,20,599146,6464,96091,11865,0.059876245877950277,0.6473348245949042
8973,0.8973,11,12,11,599158,6452,96102,11854,0.059765089480899626,0.6475472522670163
8974,0.8974,15,7,15,599165,6445,96117,11839,0.05970024824928675,0.6475060161890177
8975,0.8975,15,10,15,599175,6435,96132,11824,0.0596076179184112,0.6475710608467057
8976,0.8976,10,10,10,599185,6425,96142,11814,0.059514987587535664,0.6477328800921103
8977,0.8977,10,16,10,599201,6409,96152,11804,0.0593667790581348,0.648108493932905
8978,0.8978,16,10,16,599211,6399,96168,11788,0.05927414872725925,0.6481552757464123
8979,0.8979,16,14,16,599225,6385,96184,11772,0.059144466264033496,0.6483449909125957
8980,0.898,16,7,16,599232,6378,96200,11756,0.05907962503242062,0.6482849895224441
8981,0.8981,16,8,16,599240,6370,96216,11740,0.059005520767720185,0.6482606294864716
8982,0.8982,10,12,10,599252,6358,96226,11730,0.058894364370669534,0.6484962406015038
8983,0.8983,10,14,10,599266,6344,96236,11720,0.05876468190744377,0.6488042515500443
8984,0.8984,14,22,14,599288,6322,96250,11706,0.05856089517951758,0.6493232749057022
8985,0.8985,19,13,19,599301,6309,96269,11687,0.05844047574937938,0.6494220937986219
8986,0.8986,21,9,21,599310,6300,96290,11666,0.05835710845159139,0.6493376377602137
8987,0.8987,12,14,12,599324,6286,96302,11654,0.05822742598836563,0.6496098104793757
8988,0.8988,15,10,15,599334,6276,96317,11639,0.058134795657490086,0.6496790399106893
8989,0.8989,13,21,13,599355,6255,96330,11626,0.05794027196265145,0.6501873497007997
8990,0.899,16,8,16,599363,6247,96346,11610,0.05786616769795102,0.6501652013216106
8991,0.8991,22,7,22,599370,6240,96368,11588,0.057801326466338135,0.6499887816917209
8992,0.8992,17,16,17,599386,6224,96385,11571,0.05765311793693727,0.6502388311323406
8993,0.8993,12,18,12,599404,6206,96397,11559,0.057486383341361295,0.650661412890515
8994,0.8994,19,8,19,599412,6198,96416,11540,0.05741227907666086,0.6505806742586537
8995,0.8995,19,10,19,599422,6188,96435,11521,0.05731964874578532,0.6505731548929923
8996,0.8996,14,18,14,599440,6170,96449,11507,0.057152914150209344,0.6509588731119534
8997,0.8997,15,14,15,599454,6156,96464,11492,0.05702323168698359,0.6511786038077969
8998,0.8998,13,8,13,599462,6148,96477,11479,0.056949127422283155,0.6512168831905599
8999,0.8999,16,20,16,599482,6128,96493,11463,0.05676386676053207,0.6516400432039111
9000,0.9,16,9,16,599491,6119,96509,11447,0.05668049946274408,0.651656609358989
9001,0.9001,23,10,23,599501,6109,96532,11424,0.056587869131868536,0.6515713226487195
9002,0.9002,8,13,8,599514,6096,96540,11416,0.056467449701730336,0.6518958428506167
9003,0.9003,16,10,16,599524,6086,96556,11400,0.05637481937085479,0.6519501315337984
9004,0.9004,9,13,9,599537,6073,96565,11391,0.05625439994071659,0.652256069628951
9005,0.9005,16,16,16,599553,6057,96581,11375,0.056106191411315724,0.6525355667737495
9006,0.9006,12,12,12,599565,6045,96593,11363,0.055995035014265074,0.6527458639705882
9007,0.9007,15,15,15,599580,6030,96608,11348,0.055856089517951756,0.6530095523075152
9008,0.9008,15,11,15,599591,6019,96623,11333,0.05575419615398866,0.6531235592438912
9009,0.9009,19,9,19,599600,6010,96642,11314,0.05567082885620067,0.653082429000231
9010,0.901,16,14,16,599614,5996,96658,11298,0.055541146392974916,0.653290158436452
9011,0.9011,17,15,17,599629,5981,96675,11281,0.055402200896661605,0.6535163943923068
9012,0.9012,15,15,15,599644,5966,96690,11266,0.05526325540034829,0.6537836583101208
9013,0.9013,16,11,16,599655,5955,96706,11250,0.05516136203638519,0.6538796861377506
9014,0.9014,19,10,19,599665,5945,96725,11231,0.05506873170550965,0.6538775034932464
9015,0.9015,9,16,9,599681,5929,96734,11222,0.054920523176108786,0.6543058713777622
9016,0.9016,11,13,11,599694,5916,96745,11211,0.05480010374597058,0.6545804869504291
9017,0.9017,22,14,22,599708,5902,96767,11189,0.054670421282744824,0.6546720496167574
9018,0.9018,21,9,21,599717,5893,96788,11168,0.054587053984956835,0.6545923451145889
9019,0.9019,10,11,10,599728,5882,96798,11158,0.05448516062099374,0.65481220657277
9020,0.902,15,15,15,599743,5867,96813,11143,0.05434621512468042,0.6550852439741328
9021,0.9021,13,11,13,599754,5856,96826,11130,0.05424432176071733,0.6552454962910632
9022,0.9022,15,9,15,599763,5847,96841,11115,0.054160954462929345,0.655288291475062
9023,0.9023,11,8,11,599771,5839,96852,11104,0.05408685019822891,0.6553739007259636
9024,0.9024,16,12,16,599783,5827,96868,11088,0.05397569380117826,0.6555128584096955
9025,0.9025,15,10,15,599793,5817,96883,11073,0.053883063470302715,0.655595026642984
9026,0.9026,15,11,15,599804,5806,96898,11058,0.05378117010633962,0.6557163187855788
9027,0.9027,14,25,14,599829,5781,96912,11044,0.053549594279150764,0.6564041604754829
9028,0.9028,14,16,14,599845,5765,96926,11030,0.0534013857497499,0.6567430782971122
9029,0.9029,21,12,21,599857,5753,96947,11009,0.053290229352699246,0.656783200095454
9030,0.903,10,10,10,599867,5743,96957,10999,0.05319759902182371,0.6569704933699677
9031,0.9031,16,7,16,599874,5736,96973,10983,0.05313275779021083,0.6569172797416113
9032,0.9032,11,12,11,599886,5724,96984,10972,0.05302160139316018,0.6571633924293244
9033,0.9033,14,9,14,599895,5715,96998,10958,0.05293823409537219,0.6572302525040484
9034,0.9034,14,10,14,599905,5705,97012,10944,0.052845603764496644,0.6573367769836026
9035,0.9035,15,8,15,599913,5697,97027,10929,0.05277149949979621,0.6573439191627571
9036,0.9036,12,14,12,599927,5683,97039,10917,0.052641817036570455,0.6576506024096386
9037,0.9037,18,11,18,599938,5672,97057,10899,0.05253992367260736,0.6577152857401485
9038,0.9038,18,9,18,599947,5663,97075,10881,0.05245655637481937,0.6577006769825918
9039,0.9039,15,14,15,599961,5649,97090,10866,0.05232687391159361,0.6579473206176203
9040,0.904,19,6,19,599967,5643,97109,10847,0.05227129571306829,0.6577926015767132
9041,0.9041,22,10,22,599977,5633,97131,10825,0.05217866538219274,0.6577348401992952
9042,0.9042,10,3,10,599980,5630,97141,10815,0.05215087628293008,0.657646701124962
9043,0.9043,16,9,16,599989,5621,97157,10799,0.0520675089851421,0.657673568818514
9044,0.9044,13,10,13,599999,5611,97170,10786,0.05197487865426655,0.6578032566932975
9045,0.9045,14,12,14,600011,5599,97184,10772,0.0518637222572159,0.6579927921324293
9046,0.9046,20,15,20,600026,5584,97204,10752,0.05172477676090259,0.6581782566111655
9047,0.9047,13,14,13,600040,5570,97217,10739,0.05159509429767683,0.6584707830032498
9048,0.9048,15,16,15,600056,5554,97232,10724,0.05144688576827596,0.6588032927878118
9049,0.9049,13,8,13,600064,5546,97245,10711,0.05137278150357553,0.658854647228886
9050,0.905,18,7,18,600071,5539,97263,10693,0.05130794027196265,0.6587604731394776
9051,0.9051,19,10,19,600081,5529,97282,10674,0.05121530994108711,0.6587668950194409
9052,0.9052,10,20,10,600101,5509,97292,10664,0.05103004927933603,0.6593705558647128
9053,0.9053,12,8,12,600109,5501,97304,10652,0.050955945014635594,0.659444066117749
9054,0.9054,18,13,18,600122,5488,97322,10634,0.05083552558449739,0.6595955836744821
9055,0.9055,8,14,8,600136,5474,97330,10626,0.05070584312127163,0.66
9056,0.9056,17,10,17,600146,5464,97347,10609,0.05061321279039609,0.6600510172338705
9057,0.9057,19,6,19,600152,5458,97366,10590,0.050557634591870765,0.6598953140578265
9058,0.9058,14,12,14,600164,5446,97380,10576,0.050446478194820114,0.6600923729871426
9059,0.9059,12,9,12,600173,5437,97392,10564,0.050363110897032125,0.6602087369539403
9060,0.906,19,8,19,600181,5429,97411,10545,0.05028900663233169,0.6601352197320646
9061,0.9061,20,7,20,600188,5422,97431,10525,0.05022416540071881,0.6599987458456136
9062,0.9062,15,12,15,600200,5410,97446,10510,0.05011300900366816,0.660175879396985
9063,0.9063,17,8,17,600208,5402,97463,10493,0.05003890473896773,0.6601446995910664
9064,0.9064,17,17,17,600225,5385,97480,10476,0.049881433176479306,0.6604879894079818
9065,0.9065,14,7,14,600232,5378,97494,10462,0.04981659194486643,0.660479797979798
9066,0.9066,13,12,13,600244,5366,97507,10449,0.04970543554781578,0.6607018653177363
9067,0.9067,21,9,21,600253,5357,97528,10428,0.04962206825002779,0.6606271777003484
9068,0.9068,17,12,17,600265,5345,97545,10411,0.04951091185297714,0.6607641533384108
9069,0.9069,16,16,16,600281,5329,97561,10395,0.04936270332357627,0.6610913253625031
9070,0.907,10,15,10,600296,5314,97571,10385,0.04922375782726296,0.6615071023632079
9071,0.9071,9,15,9,600311,5299,97580,10376,0.04908481233094965,0.661945773524721
9072,0.9072,19,11,19,600322,5288,97599,10357,0.04898291896698655,0.6620006391818473
9073,0.9073,14,13,14,600335,5275,97613,10343,0.04886249953684835,0.6622486874119605
9074,0.9074,13,7,13,600342,5268,97626,10330,0.04879765830523547,0.6622643928708809
9075,0.9075,13,11,13,600353,5257,97639,10317,0.04869576494127237,0.6624502375754463
9076,0.9076,16,17,16,600370,5240,97655,10301,0.04853829337878395,0.6628273598867511
9077,0.9077,9,7,9,600377,5233,97664,10292,0.04847345214717107,0.6629307568438003
9078,0.9078,19,13,19,600390,5220,97683,10273,0.04835303271703287,0.6630736461627832
9079,0.9079,14,17,14,600407,5203,97697,10259,0.048195561154544445,0.6634976070366059
9080,0.908,13,10,13,600417,5193,97710,10246,0.0481029308236689,0.6636440183949738
9081,0.9081,9,8,9,600425,5185,97719,10237,0.048028826558968465,0.663791985475295
9082,0.9082,21,6,21,600431,5179,97740,10216,0.047973248360443144,0.6635920753491393
9083,0.9083,19,6,19,600437,5173,97759,10197,0.047917670161917815,0.6634352635003253
9084,0.9084,10,17,10,600454,5156,97769,10187,0.0477601985994294,0.6639509874209737
9085,0.9085,15,9,15,600463,5147,97784,10172,0.04767683130164141,0.6640120112278869
9086,0.9086,18,9,18,600472,5138,97802,10154,0.04759346400385342,0.664007324091028
9087,0.9087,21,6,21,600478,5132,97823,10133,0.0475378858053281,0.6638060923681625
9088,0.9088,18,5,18,600483,5127,97841,10115,0.047491570639890325,0.6636268206272142
9089,0.9089,21,7,21,600490,5120,97862,10094,0.04742672940827745,0.6634678585513343
9090,0.909,18,10,18,600500,5110,97880,10076,0.0473340990774019,0.6635058606611353
9091,0.9091,14,11,14,600511,5099,97894,10062,0.04723220571343881,0.6636765384869072
9092,0.9092,15,6,15,600517,5093,97909,10047,0.047176627514913486,0.6636063408190225
9093,0.9093,17,6,17,600523,5087,97926,10030,0.04712104931638816,0.6634914334854799
9094,0.9094,12,12,12,600535,5075,97938,10018,0.047009892919337506,0.6637514079374545
9095,0.9095,15,7,15,600542,5068,97953,10003,0.04694505168772463,0.6637250348351138
9096,0.9096,19,14,19,600556,5054,97972,9984,0.046815369224498866,0.6639180742119962
9097,0.9097,16,9,16,600565,5045,97988,9968,0.046732001926710884,0.6639579031506028
9098,0.9098,14,6,14,600571,5039,98002,9954,0.046676423728185555,0.6639098245848063
9099,0.9099,13,17,13,600588,5022,98015,9941,0.04651895216569714,0.6643721178907973
9100,0.91,14,10,14,600598,5012,98029,9927,0.04642632183482159,0.6645023093915255
9101,0.9101,15,11,15,600609,5001,98044,9912,0.0463244284708585,0.6646549989941661
9102,0.9102,15,11,15,600620,4990,98059,9897,0.046222535106895404,0.6648082219386041
9103,0.9103,12,12,12,600632,4978,98071,9885,0.046111378709844754,0.6650743456906412
9104,0.9104,12,14,12,600646,4964,98083,9873,0.04598169624661899,0.6654310170519647
9105,0.9105,13,12,13,600658,4952,98096,9860,0.04587053984956834,0.6656764785309208
9106,0.9106,17,15,17,600673,4937,98113,9843,0.04573159435325503,0.6659675236806495
9107,0.9107,19,15,19,600688,4922,98132,9824,0.04559264885694172,0.6662145666621456
9108,0.9108,26,10,26,600698,4912,98158,9798,0.04550001852606617,0.6660774983004759
9109,0.9109,20,8,20,600706,4904,98178,9778,0.04542591426136574,0.6659855605503338
9110,0.911,11,18,11,600724,4886,98189,9767,0.04525917966578977,0.6665529243158398
9111,0.9111,20,12,20,600736,4874,98209,9747,0.04514802326873912,0.6666438684084536
9112,0.9112,19,10,19,600746,4864,98228,9728,0.04505539293786357,0.6666666666666666
9113,0.9113,17,12,17,600758,4852,98245,9711,0.04494423654081292,0.6668268900638604
9114,0.9114,16,10,16,600768,4842,98261,9695,0.04485160620993738,0.6669188966086538
9115,0.9115,18,9,18,600777,4833,98279,9677,0.04476823891214939,0.6669193659545142
9116,0.9116,11,7,11,600784,4826,98290,9666,0.044703397680536515,0.6669886834115374
9117,0.9117,15,9,15,600793,4817,98305,9651,0.044620030382748525,0.6670583356372685
9118,0.9118,15,9,15,600802,4808,98320,9636,0.04453666308496054,0.6671282193298256
9119,0.9119,15,7,15,600809,4801,98335,9621,0.04447182185334766,0.667105810567189
9120,0.912,17,16,17,600825,4785,98352,9604,0.04432361332394679,0.6674543053721593
9121,0.9121,14,9,14,600834,4776,98366,9590,0.04424024602615881,0.6675483781149938
9122,0.9122,11,14,11,600848,4762,98377,9579,0.044110563562933046,0.667945052646259
9123,0.9123,19,12,19,600860,4750,98396,9560,0.043999407165882395,0.6680642907058001
9124,0.9124,17,7,17,600867,4743,98413,9543,0.04393456593426952,0.6679966400671986
9125,0.9125,17,13,17,600880,4730,98430,9526,0.04381414650413131,0.6682098765432098
9126,0.9126,16,7,16,600887,4723,98446,9510,0.043749305272518434,0.668165530808684
9127,0.9127,17,16,17,600903,4707,98463,9493,0.043601096743117566,0.6685211267605634
9128,0.9128,11,11,11,600914,4696,98474,9482,0.04349920337915447,0.6687826209620539
9129,0.9129,12,14,12,600928,4682,98486,9470,0.04336952091592871,0.6691633691351045
9130,0.913,22,12,22,600940,4670,98508,9448,0.04325836451887806,0.6692166029182604
9131,0.9131,14,13,14,600953,4657,98522,9434,0.04313794508873986,0.6695053580299481
9132,0.9132,18,6,18,600959,4651,98540,9416,0.04308236689021453,0.6693680244543968
9133,0.9133,13,10,13,600969,4641,98553,9403,0.04298973655933899,0.6695385929934492
9134,0.9134,12,10,12,600979,4631,98565,9391,0.04289710622846345,0.6697332762801312
9135,0.9135,15,5,15,600984,4626,98580,9376,0.042850791063025674,0.6696186259105842
9136,0.9136,15,8,15,600992,4618,98595,9361,0.04277668679832524,0.6696473281350598
9137,0.9137,20,7,20,600999,4611,98615,9341,0.04271184556671236,0.669509747706422
9138,0.9138,18,15,18,601014,4596,98633,9323,0.04257290007039905,0.6698038652202026
9139,0.9139,22,14,22,601028,4582,98655,9301,0.042443217607173296,0.6699560613700208
9140,0.914,13,12,13,601040,4570,98668,9288,0.042332061210122646,0.670226583922644
9141,0.9141,13,12,13,601052,4558,98681,9275,0.042220904813071995,0.6704980842911877
9142,0.9142,10,8,10,601060,4550,98691,9265,0.04214680054837156,0.670647846543612
9143,0.9143,16,9,16,601069,4541,98707,9249,0.04206343325058357,0.67070340826686
9144,0.9144,18,10,18,601079,4531,98725,9231,0.041970802919708027,0.6707600639441942
9145,0.9145,19,13,19,601092,4518,98744,9212,0.04185038348956983,0.670939548434086
9146,0.9146,15,15,15,601107,4503,98759,9197,0.04171143799325651,0.6713138686131387
9147,0.9147,14,10,14,601117,4493,98773,9183,0.04161880766238097,0.6714682655747295
9148,0.9148,10,12,10,601129,4481,98783,9173,0.04150765126533032,0.6718177823348469
9149,0.9149,25,15,25,601144,4466,98808,9148,0.04136870576901701,0.6719553400910827
9150,0.915,22,7,22,601151,4459,98830,9126,0.04130386453740413,0.6717703349282297
9151,0.9151,15,9,15,601160,4450,98845,9111,0.04122049723961614,0.671853108177863
9152,0.9152,22,9,22,601169,4441,98867,9089,0.04113712994182815,0.6717664449371766
9153,0.9153,23,11,23,601180,4430,98890,9066,0.04103523657786506,0.671754593953764
9154,0.9154,15,13,15,601193,4417,98905,9051,0.04091481714772685,0.672037422037422
9155,0.9155,12,18,12,601211,4399,98917,9039,0.04074808255215088,0.6726447388004168
9156,0.9156,18,14,18,601225,4385,98935,9021,0.040618400088925116,0.6729076532895718
9157,0.9157,15,8,15,601233,4377,98950,9006,0.04054429582422468,0.6729432862586864
9158,0.9158,13,8,13,601241,4369,98963,8993,0.04047019155952425,0.6730279898218829
9159,0.9159,16,12,16,601253,4357,98979,8977,0.0403590351624736,0.6732413379331034
9160,0.916,10,7,10,601260,4350,98989,8967,0.04029419393086072,0.673349853570624
9161,0.9161,19,8,19,601268,4342,99008,8948,0.04022008966616029,0.673288186606471
9162,0.9162,20,12,20,601280,4330,99028,8928,0.04010893326910964,0.6734047367627093
9163,0.9163,14,13,14,601293,4317,99042,8914,0.03998851383897143,0.6737208071952233
9164,0.9164,13,13,13,601306,4304,99055,8901,0.03986809440883323,0.6740628549791745
9165,0.9165,13,13,13,601319,4291,99068,8888,0.039747674978695025,0.6744062523711966
9166,0.9166,17,12,17,601331,4279,99085,8871,0.039636518581644374,0.6746007604562738
9167,0.9167,12,7,12,601338,4272,99097,8859,0.039571677350031496,0.6746630111948824
9168,0.9168,20,14,20,601352,4258,99117,8839,0.039441994886805734,0.6748873787890357
9169,0.9169,17,7,17,601359,4251,99134,8822,0.039377153655192856,0.6748259772049262
9170,0.917,14,7,14,601366,4244,99148,8808,0.03931231242357998,0.6748391051179896
9171,0.9171,16,5,16,601371,4239,99164,8792,0.039265997258142206,0.6746987951807228
9172,0.9172,15,12,15,601383,4227,99179,8777,0.039154840861091555,0.6749461704091049
9173,0.9173,15,5,15,601388,4222,99194,8762,0.03910852569565378,0.6748305606900801
9174,0.9174,12,15,12,601403,4207,99206,8750,0.03896958019934047,0.6753106428957321
9175,0.9175,17,7,17,601410,4200,99223,8733,0.038904738967727594,0.6752493620969613
9176,0.9176,14,5,14,601415,4195,99237,8719,0.03885842380228982,0.6751587424500543
9177,0.9177,9,11,9,601426,4184,99246,8710,0.038756530438326726,0.6755079882115713
9178,0.9178,14,16,14,601442,4168,99260,8696,0.03860832190892586,0.6759950248756219
9179,0.9179,13,8,13,601450,4160,99273,8683,0.038534217644225426,0.6760881413999844
9180,0.918,12,6,12,601456,4154,99285,8671,0.0384786394457001,0.6761013645224172
9181,0.9181,15,14,15,601470,4140,99300,8656,0.03834895698247434,0.6764613941856831
9182,0.9182,9,9,9,601479,4131,99309,8647,0.03826558968468635,0.6767099702613868
9183,0.9183,9,12,9,601491,4119,99318,8638,0.0381544332876357,0.6771184447754174
9184,0.9184,15,5,15,601496,4114,99333,8623,0.038108118122197936,0.677004004082594
9185,0.9185,11,6,11,601502,4108,99344,8612,0.03805253992367261,0.6770440251572327
9186,0.9186,20,14,20,601516,4094,99364,8592,0.03792285746044685,0.6772820431972253
9187,0.9187,11,12,11,601528,4082,99375,8581,0.0378117010633962,0.677643528389797
9188,0.9188,13,10,13,601538,4072,99388,8568,0.037719070732520656,0.6778481012658227
9189,0.9189,12,9,12,601547,4063,99400,8556,0.037635703434732666,0.6780252000950947
9190,0.919,16,18,16,601565,4045,99416,8540,0.037468968839156694,0.678585617798967
9191,0.9191,13,9,13,601574,4036,99429,8527,0.037385601541368704,0.678739154660511
9192,0.9192,13,19,13,601593,4017,99442,8514,0.037209603912705176,0.6794350011970314
9193,0.9193,9,13,9,601606,4004,99451,8505,0.03708918448256697,0.6799104644655848
9194,0.9194,16,13,16,601619,3991,99467,8489,0.03696876505242877,0.6802083333333333
9195,0.9195,12,9,12,601628,3982,99479,8477,0.03688539775464078,0.680391684725901
9196,0.9196,11,9,11,601637,3973,99490,8466,0.03680203045685279,0.6806013345124207
9197,0.9197,12,9,12,601646,3964,99502,8454,0.0367186631590648,0.6807859558705105
9198,0.9198,15,9,15,601655,3955,99517,8439,0.03663529586127682,0.6808939809585283
9199,0.9199,16,10,16,601665,3945,99533,8423,0.03654266553040127,0.6810316946959897
9200,0.92,22,13,22,601678,3932,99555,8401,0.03642224610026307,0.681180572447904
9201,0.9201,5,10,5,601688,3922,99560,8396,0.03632961576938753,0.6816041565189154
9202,0.9202,20,12,20,601700,3910,99580,8376,0.03621845937233688,0.6817515871723914
9203,0.9203,12,6,12,601706,3904,99592,8364,0.036162881173811556,0.6817737202477991
9204,0.9204,15,10,15,601716,3894,99607,8349,0.03607025084293601,0.6819407008086253
9205,0.9205,17,7,17,601723,3887,99624,8332,0.03600540961132313,0.6818888616089697
9206,0.9206,16,6,16,601729,3881,99640,8316,0.035949831412797804,0.6818070017217348
9207,0.9207,14,11,14,601740,3870,99654,8302,0.03584793804883471,0.682057180414065
9208,0.9208,15,10,15,601750,3860,99669,8287,0.03575530771795917,0.6822260640487363
9209,0.9209,8,9,8,601759,3851,99677,8279,0.03567194042017118,0.682522671063479
9210,0.921,13,6,13,601765,3845,99690,8266,0.03561636222164585,0.6825200231194781
9211,0.9211,8,9,8,601774,3836,99698,8258,0.03553299492385787,0.6828179262444187
9212,0.9212,21,10,21,601784,3826,99719,8237,0.035440364592982325,0.6828317997181464
9213,0.9213,17,14,17,601798,3812,99736,8220,0.03531068212975657,0.6831781914893617
9214,0.9214,15,9,15,601807,3803,99751,8205,0.03522731483196858,0.683294470353098
9215,0.9215,16,12,16,601819,3791,99767,8189,0.03511615843491793,0.6835559265442404
9216,0.9216,7,10,7,601829,3781,99774,8182,0.03502352810404239,0.6839421549778484
9217,0.9217,17,6,17,601835,3775,99791,8165,0.03496794990551706,0.6838358458961474
9218,0.9218,18,10,18,601845,3765,99809,8147,0.034875319574641524,0.6839321692411015
9219,0.9219,16,3,16,601848,3762,99825,8131,0.034847530475378856,0.6836794753216178
9220,0.922,12,7,12,601855,3755,99837,8119,0.03478268924376598,0.6837628431867947
9221,0.9221,13,6,13,601861,3749,99850,8106,0.034727111045240656,0.6837621256853649
9222,0.9222,12,14,12,601875,3735,99862,8094,0.034597428582014894,0.6842505706314989
9223,0.9223,21,1,21,601876,3734,99883,8073,0.03458816554892734,0.6837469297874142
9224,0.9224,19,10,19,601886,3724,99902,8054,0.0344955352180518,0.6838172864662931
9225,0.9225,10,11,10,601897,3713,99912,8044,0.034393641854088705,0.6841881432338182
9226,0.9226,15,6,15,601903,3707,99927,8029,0.034338063655563376,0.684134287661895
9227,0.9227,14,10,14,601913,3697,99941,8015,0.03424543332468784,0.6843408469945356
9228,0.9228,20,14,20,601927,3683,99961,7995,0.034115750861462076,0.6846206542216133
9229,0.9229,13,9,13,601936,3674,99974,7982,0.03403238356367409,0.6847975291695264
9230,0.923,16,9,16,601945,3665,99990,7966,0.0339490162658861,0.684893818244347
9231,0.9231,13,7,13,601952,3658,100003,7953,0.033884175034273226,0.6849539230040479
9232,0.9232,17,6,17,601958,3652,100020,7936,0.0338285968357479,0.6848463928201588
9233,0.9233,17,9,17,601967,3643,100037,7919,0.03374522953795991,0.6849161044801937
9234,0.9234,9,7,9,601974,3636,100046,7910,0.03368038830634703,0.6850857439805993
9235,0.9235,26,9,26,601983,3627,100072,7884,0.03359702100855904,0.6849100860046912
9236,0.9236,19,12,19,601995,3615,100091,7865,0.03348586461150839,0.6851045296167247
9237,0.9237,14,14,14,602009,3601,100105,7851,0.033356182148282634,0.685557107928746
9238,0.9238,14,9,14,602018,3592,100119,7837,0.033272814850494645,0.6857117858080322
9239,0.9239,24,16,24,602034,3576,100143,7813,0.03312460632109378,0.6860128193871279
9240,0.924,14,7,14,602041,3569,100157,7799,0.0330597650894809,0.6860485573539761
9241,0.9241,19,11,19,602052,3558,100176,7780,0.032957871725517805,0.6861880402187335
9242,0.9242,15,7,15,602059,3551,100191,7765,0.03289303049390493,0.6861965358784022
9243,0.9243,14,8,14,602067,3543,100205,7751,0.032818926229204494,0.6862936072250753
9244,0.9244,15,7,15,602074,3536,100220,7736,0.03275408499759161,0.6863023420865862
9245,0.9245,20,9,20,602083,3527,100240,7716,0.03267071769980363,0.6862936938539536
9246,0.9246,13,6,13,602089,3521,100253,7703,0.0326151395012783,0.6862972202423379
9247,0.9247,15,10,15,602099,3511,100268,7688,0.03252250917040276,0.6864898651665328
9248,0.9248,15,10,15,602109,3501,100283,7673,0.032429878839527214,0.6866833721138357
9249,0.9249,12,7,12,602116,3494,100295,7661,0.032365037607914336,0.6867772299417302
9250,0.925,16,8,16,602124,3486,100311,7645,0.0322909333432139,0.6868205911418561
9251,0.9251,19,11,19,602135,3475,100330,7626,0.03218903997925081,0.686965138275831
9252,0.9252,14,7,14,602142,3468,100344,7612,0.03212419874763792,0.6870036101083032
9253,0.9253,17,6,17,602148,3462,100361,7595,0.0320686205491126,0.6868951795242833
9254,0.9254,12,4,12,602152,3458,100373,7583,0.032031568416762385,0.6868037315460556
9255,0.9255,19,12,19,602164,3446,100392,7564,0.031920412019711734,0.6870118074477748
9256,0.9256,18,11,18,602175,3435,100410,7546,0.03181851865574864,0.6871869592933249
9257,0.9257,10,15,10,602190,3420,100420,7536,0.03167957315943533,0.687842278203724
9258,0.9258,20,8,20,602198,3412,100440,7516,0.031605468894734895,0.6877745241581259
9259,0.9259,13,7,13,602205,3405,100453,7503,0.03154062766312201,0.6878437843784379
9260,0.926,11,15,11,602220,3390,100464,7492,0.0314016821668087,0.6884763830178277
9261,0.9261,22,13,22,602233,3377,100486,7470,0.03128126273667049,0.6886696782520513
9262,0.9262,23,7,23,602240,3370,100509,7447,0.031216421505057615,0.6884533604511417
9263,0.9263,7,16,7,602256,3354,100516,7440,0.031068212975656748,0.6892718176764869
9264,0.9264,7,8,7,602264,3346,100523,7433,0.030994108710956314,0.6895815938398738
9265,0.9265,17,6,17,602270,3340,100540,7416,0.03093853051243099,0.6894756415024172
9266,0.9266,17,12,17,602282,3328,100557,7399,0.030827374115380342,0.6897548242751934
9267,0.9267,20,10,20,602292,3318,100577,7379,0.0307347437845048,0.6898195755819388
9268,0.9268,18,12,18,602304,3306,100595,7361,0.03062358738745415,0.6900721852442111
9269,0.9269,25,12,25,602316,3294,100620,7336,0.0305124309904035,0.6901222953904045
9270,0.927,12,12,12,602328,3282,100632,7324,0.03040127459335285,0.6905525174429569
9271,0.9271,9,6,9,602334,3276,100641,7315,0.030345696394827523,0.6906807666886979
9272,0.9272,12,12,12,602346,3264,100653,7303,0.030234539997776873,0.6911138449891171
9273,0.9273,19,6,19,602352,3258,100672,7284,0.030178961799251548,0.690950483779169
9274,0.9274,16,16,16,602368,3242,100688,7268,0.03003075326985068,0.6915318744053283
9275,0.9275,10,7,10,602375,3235,100698,7258,0.0299659120382378,0.6916992280567997
9276,0.9276,19,7,19,602382,3228,100717,7239,0.02990107080662492,0.6916021782745773
9277,0.9277,18,12,18,602394,3216,100735,7221,0.02978991440957427,0.6918654785858005
9278,0.9278,14,8,14,602402,3208,100749,7207,0.029715810144873837,0.6919827172347576
9279,0.9279,13,8,13,602410,3200,100762,7194,0.029641705880173404,0.6921300750432942
9280,0.928,5,9,5,602419,3191,100767,7189,0.029558338582385418,0.6925818882466281
9281,0.9281,18,12,18,602431,3179,100785,7171,0.029447182185334767,0.6928502415458937
9282,0.9282,17,10,17,602441,3169,100802,7154,0.029354551854459225,0.6930155962414027
9283,0.9283,16,7,16,602448,3162,100818,7138,0.029289710622846344,0.693009708737864
9284,0.9284,17,4,17,602452,3158,100835,7121,0.029252658490496127,0.6927716703959529
9285,0.9285,13,5,13,602457,3153,100848,7108,0.029206343325058358,0.6927200077965111
9286,0.9286,12,13,12,602470,3140,100860,7096,0.02908592389492015,0.6932395466979289
9287,0.9287,20,9,20,602479,3131,100880,7076,0.029002556597132165,0.693249730577055
9288,0.9288,12,6,12,602485,3125,100892,7064,0.02894697839860684,0.693296692511532
9289,0.9289,15,12,15,602497,3113,100907,7049,0.02883582200155619,0.6936626648297579
9290,0.929,20,15,20,602512,3098,100927,7029,0.02869687650524288,0.6940851189888417
9291,0.9291,18,10,18,602522,3088,100945,7011,0.028604246174367336,0.6942271512030894
9292,0.9292,11,4,11,602526,3084,100956,7000,0.02856719404201712,0.6941689805632686
9293,0.9293,13,13,13,602539,3071,100969,6987,0.028446774611878913,0.6946709087293697
9294,0.9294,17,13,17,602552,3058,100986,6970,0.02832635518174071,0.6950538492221779
9295,0.9295,13,8,13,602560,3050,100999,6957,0.028252250917040277,0.6952133506545418
9296,0.9296,21,12,21,602572,3038,101020,6936,0.028141094519989626,0.6954080609584921
9297,0.9297,15,7,15,602579,3031,101035,6921,0.028076253288376745,0.6954381028938906
9298,0.9298,13,10,13,602589,3021,101048,6908,0.027983622957501203,0.6957397522409104
9299,0.9299,18,11,18,602600,3010,101066,6890,0.02788172959353811,0.695959595959596
9300,0.93,14,11,14,602611,2999,101080,6876,0.02777983622957501,0.6963037974683545
9301,0.9301,13,10,13,602621,2989,101093,6863,0.02768720589869947,0.6966098254161591
9302,0.9302,8,9,8,602630,2980,101101,6855,0.027603838600911482,0.6970005083884088
9303,0.9303,13,16,13,602646,2964,101114,6842,0.027455630071510615,0.6977360799510504
9304,0.9304,20,7,20,602653,2957,101134,6822,0.027390788839897737,0.6976173432866346
9305,0.9305,17,11,17,602664,2946,101151,6805,0.02728889547593464,0.6978771408060712
9306,0.9306,18,7,18,602671,2939,101169,6787,0.027224054244321762,0.697820275550072
9307,0.9307,18,9,18,602680,2930,101187,6769,0.027140686946533772,0.6979070007217238
9308,0.9308,15,5,15,602685,2925,101202,6754,0.027094371781096003,0.6977993594379585
9309,0.9309,11,5,11,602690,2920,101213,6743,0.02704805661565823,0.6978164131222188
9310,0.931,17,7,17,602697,2913,101230,6726,0.026983215384045352,0.6977902272019919
9311,0.9311,15,11,15,602708,2902,101245,6711,0.026881322020082254,0.6981171330489961
9312,0.9312,24,7,24,602715,2895,101269,6687,0.026816480788469377,0.697871008140263
9313,0.9313,17,12,17,602727,2883,101286,6670,0.026705324391418726,0.6982099863917094
9314,0.9314,11,6,11,602733,2877,101297,6659,0.0266497461928934,0.6983011744966443
9315,0.9315,7,8,7,602741,2869,101304,6652,0.026575641928192967,0.6986661065014179
9316,0.9316,19,8,19,602749,2861,101323,6633,0.026501537663492534,0.6986517800716242
9317,0.9317,15,5,15,602754,2856,101338,6618,0.026455222498054765,0.6985433818872704
9318,0.9318,12,3,12,602757,2853,101350,6606,0.0264274333987921,0.698382492863939
9319,0.9319,17,11,17,602768,2842,101367,6589,0.026325540034829006,0.6986533771604284
9320,0.932,19,12,19,602780,2830,101386,6570,0.026214383637778355,0.698936170212766
9321,0.9321,12,12,12,602792,2818,101398,6558,0.026103227240727705,0.6994453924914675
9322,0.9322,13,8,13,602800,2810,101411,6545,0.02602912297602727,0.6996258685195083
9323,0.9323,18,7,18,602807,2803,101429,6527,0.02596428174441439,0.6995712754555198
9324,0.9324,16,9,16,602816,2794,101445,6511,0.025880914446626404,0.6997313272434175
9325,0.9325,18,10,18,602826,2784,101463,6493,0.025788284115750862,0.6999029858790558
9326,0.9326,18,7,18,602833,2777,101481,6475,0.02572344288413798,0.699848681366191
9327,0.9327,11,8,11,602841,2769,101492,6464,0.025649338619437547,0.7000974764431929
9328,0.9328,18,11,18,602852,2758,101510,6446,0.025547445255474453,0.7003476749239461
9329,0.9329,22,5,22,602857,2753,101532,6424,0.025501130090036683,0.7000108968072355
9330,0.933,14,15,14,602872,2738,101546,6410,0.02536218459372337,0.7006996064713599
9331,0.9331,12,11,12,602883,2727,101558,6398,0.025260291229760274,0.7011506849315069
9332,0.9332,23,8,23,602891,2719,101581,6375,0.02518618696505984,0.7010116560369475
9333,0.9333,19,7,19,602898,2712,101600,6356,0.02512134573344696,0.7009263343625938
9334,0.9334,12,5,12,602903,2707,101612,6344,0.02507503056800919,0.7009170257430118
9335,0.9335,19,2,19,602905,2705,101631,6325,0.02505650450183408,0.7004429678848284
9336,0.9336,18,9,18,602914,2696,101649,6307,0.024973137204046092,0.7005442630234366
9337,0.9337,12,9,12,602923,2687,101661,6295,0.024889769906258106,0.7008461367178802
9338,0.9338,19,8,19,602931,2679,101680,6276,0.024815665641557672,0.7008375209380234
9339,0.9339,15,9,15,602940,2670,101695,6261,0.024732298343769683,0.7010413167618408
9340,0.934,10,7,10,602947,2663,101705,6251,0.024667457112156805,0.7012564505272605
9341,0.9341,9,7,9,602954,2656,101714,6242,0.024602615880543924,0.7015059563946955
9342,0.9342,10,8,10,602962,2648,101724,6232,0.02452851161584349,0.7018018018018019
9343,0.9343,14,9,14,602971,2639,101738,6218,0.024445144318055504,0.7020435813480863
9344,0.9344,14,5,14,602976,2634,101752,6204,0.024398829152617735,0.7019687712152071
9345,0.9345,11,9,11,602985,2625,101763,6193,0.024315461854829745,0.7023134497618507
9346,0.9346,16,6,16,602991,2619,101779,6177,0.02425988365630442,0.7022510231923602
9347,0.9347,18,12,18,603003,2607,101797,6159,0.02414872725925377,0.7026009582477755
9348,0.9348,17,9,17,603012,2598,101814,6142,0.024065359961465783,0.7027459954233409
9349,0.9349,10,3,10,603015,2595,101824,6132,0.02403757086220312,0.7026469577174287
9350,0.935,13,10,13,603025,2585,101837,6119,0.023944940531327577,0.7030101102941176
9351,0.9351,19,12,19,603037,2573,101856,6100,0.023833784134276927,0.703332180329759
9352,0.9352,15,9,15,603046,2564,101871,6085,0.02375041683648894,0.7035495432998035
9353,0.9353,12,6,12,603052,2558,101883,6073,0.023694838637963615,0.7036264627505503
9354,0.9354,16,6,16,603058,2552,101899,6057,0.02363926043943829,0.7035660355441979
9355,0.9355,24,8,24,603066,2544,101923,6033,0.023565156174737856,0.7033927946834557
9356,0.9356,13,8,13,603074,2536,101936,6020,0.023491051910037423,0.7035998129967275
9357,0.9357,12,8,12,603082,2528,101948,6008,0.02341694764533699,0.703842549203374
9358,0.9358,14,8,14,603090,2520,101962,5994,0.023342843380636556,0.7040169133192389
9359,0.9359,14,2,14,603092,2518,101976,5980,0.023324317314461447,0.7036949870557778
9360,0.936,15,9,15,603101,2509,101991,5965,0.02324095001667346,0.7039178664149162
9361,0.9361,16,7,16,603108,2502,102007,5949,0.02317610878506058,0.7039403620873269
9362,0.9362,13,7,13,603115,2495,102020,5936,0.023111267553447702,0.7040683192978294
9363,0.9363,16,4,16,603119,2491,102036,5920,0.023074215421097485,0.703840209249792
9364,0.9364,12,3,12,603122,2488,102048,5908,0.02304642632183482,0.7036684135302526
9365,0.9365,22,12,22,603134,2476,102070,5886,0.02293526992478417,0.7038985888543411
9366,0.9366,20,7,20,603141,2469,102090,5866,0.022870428693171293,0.7037792441511698
9367,0.9367,13,4,13,603145,2465,102103,5853,0.022833376560821076,0.7036547246934359
9368,0.9368,16,8,16,603153,2457,102119,5837,0.022759272296120642,0.7037617554858934
9369,0.9369,8,11,8,603164,2446,102127,5829,0.022657378932157544,0.7044108761329305
9370,0.937,14,9,14,603173,2437,102141,5815,0.02257401163436956,0.7046776539020844
9371,0.9371,20,8,20,603181,2429,102161,5795,0.022499907369669125,0.7046449416342413
9372,0.9372,23,8,23,603189,2421,102184,5772,0.02242580310496869,0.7045038447455144
9373,0.9373,15,9,15,603198,2412,102199,5757,0.0223424358071807,0.7047374219610724
9374,0.9374,19,8,19,603206,2404,102218,5738,0.02226833154248027,0.7047408499140261
9375,0.9375,12,10,12,603216,2394,102230,5726,0.02217570121160473,0.7051724137931035
9376,0.9376,18,6,18,603222,2388,102248,5708,0.022120123013079404,0.7050395256916996
9377,0.9377,8,8,8,603230,2380,102256,5700,0.02204601874837897,0.7054455445544554
9378,0.9378,11,11,11,603241,2369,102267,5689,0.021944125384415872,0.7060064532141971
9379,0.9379,12,11,12,603252,2358,102279,5677,0.021842232020452778,0.7065339141257001
9380,0.938,15,8,15,603260,2350,102294,5662,0.021768127755752344,0.7066899650524213
9381,0.9381,17,10,17,603270,2340,102311,5645,0.021675497424876802,0.7069505322479649
9382,0.9382,23,4,23,603274,2336,102334,5622,0.021638445292526585,0.7064589092736868
9383,0.9383,14,6,14,603280,2330,102348,5608,0.02158286709400126,0.7064751826656589
9384,0.9384,14,12,14,603292,2318,102362,5594,0.02147171069695061,0.7070273003033367
9385,0.9385,12,5,12,603297,2313,102374,5582,0.021425395531512837,0.7070297656744775
9386,0.9386,13,12,13,603309,2301,102387,5569,0.021314239134462187,0.7076238881829733
9387,0.9387,12,11,12,603320,2290,102399,5557,0.021212345770499092,0.7081687269020007
9388,0.9388,14,12,14,603332,2278,102413,5543,0.02110118937344844,0.7087328986063163
9389,0.9389,18,11,18,603343,2267,102431,5525,0.020999296009485347,0.7090605749486653
9390,0.939,16,4,16,603347,2263,102447,5509,0.02096224387713513,0.7088265568708183
9391,0.9391,12,7,12,603354,2256,102459,5497,0.02089740264552225,0.7090158648265188
9392,0.9392,15,10,15,603364,2246,102474,5482,0.020804772314646707,0.7093685300207039
9393,0.9393,13,4,13,603368,2242,102487,5469,0.02076772018229649,0.7092465309298405
9394,0.9394,16,7,16,603375,2235,102503,5453,0.020702878950683613,0.7092872008324662
9395,0.9395,23,12,23,603387,2223,102526,5430,0.020591722553632962,0.7095256762054096
9396,0.9396,16,16,16,603403,2207,102542,5414,0.020443514024232095,0.7104054586012334
9397,0.9397,19,6,19,603409,2201,102561,5395,0.02038793582570677,0.710242232754081
9398,0.9398,15,4,15,603413,2197,102576,5380,0.020350883693356553,0.7100435528573315
9399,0.9399,15,9,15,603422,2188,102591,5365,0.020267516395568563,0.7103137826029392
9400,0.94,24,7,24,603429,2181,102615,5341,0.020202675163955686,0.7100505184791279
9401,0.9401,12,13,12,603442,2168,102627,5329,0.020082255733817483,0.7108176603974923
9402,0.9402,20,11,20,603453,2157,102647,5309,0.019980362369854385,0.7110902759174926
9403,0.9403,20,7,20,603460,2150,102667,5289,0.019915521138241507,0.7109826589595376
9404,0.9404,22,8,22,603468,2142,102689,5267,0.019841416873541073,0.71089215818599
9405,0.9405,16,10,16,603478,2132,102705,5251,0.01974878654266553,0.7112284979005824
9406,0.9406,8,7,8,603485,2125,102713,5243,0.01968394531105265,0.7115906623235614
9407,0.9407,19,9,19,603494,2116,102732,5224,0.019600578013264664,0.711716621253406
9408,0.9408,16,5,16,603499,2111,102748,5208,0.01955426284782689,0.7115726192102746
9409,0.9409,8,8,8,603507,2103,102756,5200,0.019480158583126458,0.7120361495275914
9410,0.941,13,8,13,603515,2095,102769,5187,0.019406054318426024,0.7123043120021972
9411,0.9411,12,15,12,603530,2080,102781,5175,0.019267108822112713,0.7133011716057891
9412,0.9412,10,9,10,603539,2071,102791,5165,0.019183741524324723,0.7137921503593145
9413,0.9413,21,10,21,603549,2061,102812,5144,0.019091111193449185,0.7139486467730742
9414,0.9414,13,9,13,603558,2052,102825,5131,0.019007743895661195,0.7143254907420298
9415,0.9415,16,9,16,603567,2043,102841,5115,0.01892437659787321,0.7145850796311819
9416,0.9416,9,11,9,603578,2032,102850,5106,0.01882248323391011,0.7153264219669375
9417,0.9417,18,6,18,603584,2026,102868,5088,0.018766905035384786,0.7152094461624965
9418,0.9418,11,2,11,603586,2024,102879,5077,0.018748378969209677,0.7149697225742853
9419,0.9419,14,8,14,603594,2016,102893,5063,0.018674274704509244,0.7152140132787117
9420,0.942,14,8,14,603602,2008,102907,5049,0.01860017043980881,0.7154598271220065
9421,0.9421,13,8,13,603610,2000,102920,5036,0.018526066175108376,0.7157475838544628
9422,0.9422,13,12,13,603622,1988,102933,5023,0.018414909778057726,0.7164455855084867
9423,0.9423,13,12,13,603634,1976,102946,5010,0.018303753381007076,0.7171485828800458
9424,0.9424,22,11,22,603645,1965,102968,4988,0.01820186001704398,0.7173881777649935
9425,0.9425,17,9,17,603654,1956,102985,4971,0.01811849271925599,0.7176266782156778
9426,0.9426,13,8,13,603662,1948,102998,4958,0.01804438845455556,0.7179264407761367
9427,0.9427,16,6,16,603668,1942,103014,4942,0.017988810256030236,0.7178965717606043
9428,0.9428,11,9,11,603677,1933,103025,4931,0.017905442958242247,0.7183857808857809
9429,0.9429,10,8,10,603685,1925,103035,4921,0.017831338693541813,0.7188139059304703
9430,0.943,12,10,12,603695,1915,103047,4909,0.01773870836266627,0.7193728018757327
9431,0.9431,12,8,12,603703,1907,103059,4897,0.017664604097965837,0.7197236919459141
9432,0.9432,13,10,13,603713,1897,103072,4884,0.017571973767090295,0.7202477510691638
9433,0.9433,16,5,16,603718,1892,103088,4868,0.017525658601652526,0.7201183431952662
9434,0.9434,14,11,14,603729,1881,103102,4854,0.017423765237689428,0.7207126948775056
9435,0.9435,13,12,13,603741,1869,103115,4841,0.017312608840638778,0.7214605067064084
9436,0.9436,14,6,14,603747,1863,103129,4827,0.017257030642113452,0.7215246636771301
9437,0.9437,14,12,14,603759,1851,103143,4813,0.017145874245062802,0.7222388955582233
9438,0.9438,14,5,14,603764,1846,103157,4799,0.017099559079625033,0.7221971407072987
9439,0.9439,13,9,13,603773,1837,103170,4786,0.017016191781837046,0.7226332477729126
9440,0.944,10,2,10,603775,1835,103180,4776,0.016997665715661938,0.7224323097867191
9441,0.9441,21,9,21,603784,1826,103201,4755,0.01691429841787395,0.7225345692144051
9442,0.9442,17,12,17,603796,1814,103218,4738,0.016803142020823298,0.7231379731379731
9443,0.9443,15,8,15,603804,1806,103233,4723,0.016729037756122864,0.7233879614029713
9444,0.9444,10,7,10,603811,1799,103243,4713,0.016664196524509987,0.7237407862407862
9445,0.9445,10,7,10,603818,1792,103253,4703,0.016599355292897106,0.7240954580446497
9446,0.9446,10,10,10,603828,1782,103263,4693,0.016506724962021564,0.7247876447876448
9447,0.9447,15,7,15,603835,1775,103278,4678,0.016441883730408686,0.7249341391600805
9448,0.9448,14,9,14,603844,1766,103292,4664,0.016358516432620696,0.7253499222395023
9449,0.9449,14,10,14,603854,1756,103306,4650,0.016265886101745154,0.725881985638464
9450,0.945,16,7,16,603861,1749,103322,4634,0.016201044870132277,0.7259909133636221
9451,0.9451,20,8,20,603869,1741,103342,4614,0.016126940605431843,0.726042486231314
9452,0.9452,14,8,14,603877,1733,103356,4600,0.01605283634073141,0.7263540186325597
9453,0.9453,10,10,10,603887,1723,103366,4590,0.015960206009855867,0.7270711230793601
9454,0.9454,18,7,18,603894,1716,103384,4572,0.01589536477824299,0.7270992366412213
9455,0.9455,23,9,23,603903,1707,103407,4549,0.015811997480455,0.7271419437340153
9456,0.9456,16,8,16,603911,1699,103423,4533,0.015737893215754566,0.7273748395378691
9457,0.9457,15,6,15,603917,1693,103438,4518,0.01568231501722924,0.7274190951537595
9458,0.9458,18,11,18,603928,1682,103456,4500,0.015580421653266145,0.7279197670656745
9459,0.9459,16,9,16,603937,1673,103472,4484,0.015497054355478157,0.7282767581614422
9460,0.946,18,7,18,603944,1666,103490,4466,0.015432213123865278,0.728310502283105
9461,0.9461,21,10,21,603954,1656,103511,4445,0.015339582792989737,0.7285690870349123
9462,0.9462,8,5,8,603959,1651,103519,4437,0.015293267627551966,0.7288107752956636
9463,0.9463,13,10,13,603969,1641,103532,4424,0.015200637296676424,0.7294311624072547
9464,0.9464,13,6,13,603975,1635,103545,4411,0.015145059098151099,0.7295732715845187
9465,0.9465,17,8,17,603983,1627,103562,4394,0.015070954833450665,0.7297791064607209
9466,0.9466,18,9,18,603992,1618,103580,4376,0.014987587535662678,0.7300633967300634
9467,0.9467,16,5,16,603997,1613,103596,4360,0.014941272370224907,0.7299514481834923
9468,0.9468,11,4,11,604001,1609,103607,4349,0.01490422023787469,0.7299429338704263
9469,0.9469,26,6,26,604007,1603,103633,4323,0.014848642039349364,0.7294971312858589
9470,0.947,8,11,8,604018,1592,103641,4315,0.014746748675386268,0.7304892500423227
9471,0.9471,12,6,12,604024,1586,103653,4303,0.014691170476860943,0.7306843267108167
9472,0.9472,15,6,15,604030,1580,103668,4288,0.014635592278335618,0.7307430129516019
9473,0.9473,21,5,21,604035,1575,103689,4267,0.014589277112897847,0.7304005477576172
9474,0.9474,13,10,13,604045,1565,103702,4254,0.014496646782022305,0.7310534456092111
9475,0.9475,17,5,17,604050,1560,103719,4237,0.014450331616584534,0.7308952906675866
9476,0.9476,11,7,11,604057,1553,103730,4226,0.014385490384971654,0.7312683855338293
9477,0.9477,15,6,15,604063,1547,103745,4211,0.01432991218644633,0.7313303230288295
9478,0.9478,18,11,18,604074,1536,103763,4193,0.014228018822483235,0.7318903822656659
9479,0.9479,22,5,22,604079,1531,103785,4171,0.014181703657045464,0.7314977200982111
9480,0.948,14,6,14,604085,1525,103799,4157,0.014126125458520138,0.7316085885251672
9481,0.9481,16,3,16,604088,1522,103815,4141,0.014098336359257476,0.7312378597916299
9482,0.9482,19,7,19,604095,1515,103834,4122,0.014033495127644596,0.7312400212879191
9483,0.9483,12,7,12,604102,1508,103846,4110,0.013968653896031717,0.7315770736917052
9484,0.9484,19,10,19,604112,1498,103865,4091,0.013876023565156175,0.7319735194131329
9485,0.9485,17,5,17,604117,1493,103882,4074,0.013829708399718404,0.7318124663193821
9486,0.9486,16,3,16,604120,1490,103898,4058,0.013801919300455741,0.731434751261716
9487,0.9487,19,4,19,604124,1486,103917,4039,0.013764867168105524,0.7310407239819005
9488,0.9488,9,4,9,604128,1482,103926,4030,0.013727815035755308,0.7311320754716981
9489,0.9489,14,3,14,604131,1479,103940,4016,0.013700025936492645,0.7308462238398544
9490,0.949,15,7,15,604138,1472,103955,4001,0.013635184704879766,0.7310433034898594
9491,0.9491,17,8,17,604146,1464,103972,3984,0.013561080440179332,0.7312775330396476
9492,0.9492,17,4,17,604150,1460,103989,3967,0.013524028307829115,0.7309747558503777
9493,0.9493,17,10,17,604160,1450,104006,3950,0.013431397976953573,0.7314814814814815
9494,0.9494,11,8,11,604168,1442,104017,3939,0.01335729371225314,0.7320200706188441
9495,0.9495,11,7,11,604175,1435,104028,3928,0.013292452480640262,0.7324258810367331
9496,0.9496,18,4,18,604179,1431,104046,3910,0.013255400348290045,0.7320726455719903
9497,0.9497,21,6,21,604185,1425,104067,3889,0.01319982214976472,0.7318404215280392
9498,0.9498,13,4,13,604189,1421,104080,3876,0.013162770017414503,0.7317349443080989
9499,0.9499,16,8,16,604197,1413,104096,3860,0.01308866575271407,0.73203110183956
9500,0.95,12,6,12,604203,1407,104108,3848,0.013033087554188744,0.732254995242626
9501,0.9501,8,6,8,604209,1401,104116,3840,0.012977509355663419,0.7326846021751574
9502,0.9502,16,12,16,604221,1389,104132,3824,0.012866352958612768,0.7335507385382697
9503,0.9503,12,6,12,604227,1383,104144,3812,0.012810774760087443,0.7337824831568817
9504,0.9504,18,8,18,604235,1375,104162,3794,0.01273667049538701,0.7339911007931902
9505,0.9505,14,7,14,604242,1368,104176,3780,0.01267182926377413,0.7342657342657343
9506,0.9506,12,5,12,604247,1363,104188,3768,0.012625514098336359,0.7343597739232118
9507,0.9507,13,4,13,604251,1359,104201,3755,0.012588461965986142,0.734258897145092
9508,0.9508,17,8,17,604259,1351,104218,3738,0.012514357701285709,0.734525447042641
9509,0.9509,16,6,16,604265,1345,104234,3722,0.012458779502760383,0.7345569370436156
9510,0.951,19,5,19,604270,1340,104253,3703,0.012412464337322612,0.734285147729526
9511,0.9511,16,5,16,604275,1335,104269,3687,0.012366149171884841,0.7341696535244923
9512,0.9512,18,4,18,604279,1331,104287,3669,0.012329097039534625,0.7338
9513,0.9513,18,7,18,604286,1324,104305,3651,0.012264255807921745,0.7338693467336683
9514,0.9514,17,7,17,604293,1317,104322,3634,0.012199414576308867,0.7339931327004645
9515,0.9515,25,3,25,604296,1314,104347,3609,0.012171625477046205,0.7330895795246801
9516,0.9516,15,10,15,604306,1304,104362,3594,0.012078995146170663,0.7337688852592895
9517,0.9517,16,10,16,604316,1294,104378,3578,0.01198636481529512,0.7344006568144499
9518,0.9518,15,6,15,604322,1288,104393,3563,0.011930786616769795,0.7344877344877345
9519,0.9519,20,5,20,604327,1283,104413,3543,0.011884471451332024,0.7341483630335681
9520,0.952,14,5,14,604332,1278,104427,3529,0.011838156285894253,0.7341377158310797
9521,0.9521,17,4,17,604336,1274,104444,3512,0.011801104153544037,0.7338069368992896
9522,0.9522,16,3,16,604339,1271,104460,3496,0.011773315054281374,0.7333752884413678
9523,0.9523,15,8,15,604347,1263,104475,3481,0.01169921078958094,0.7337689713322091
9524,0.9524,17,5,17,604352,1258,104492,3464,0.01165289562414317,0.7335874629394324
9525,0.9525,12,6,12,604358,1252,104504,3452,0.011597317425617844,0.733843537414966
9526,0.9526,16,5,16,604363,1247,104520,3436,0.011551002260180073,0.7337177023275678
9527,0.9527,15,6,15,604369,1241,104535,3421,0.011495424061654748,0.7338052338052338
9528,0.9528,21,9,21,604378,1232,104556,3400,0.01141205676386676,0.7340241796200345
9529,0.9529,12,8,12,604386,1224,104568,3388,0.011337952499166326,0.7346053772766695
9530,0.953,9,6,9,604392,1218,104577,3379,0.011282374300641001,0.7350445943006308
9531,0.9531,15,13,15,604405,1205,104592,3364,0.011161954870502798,0.7362661413876121
9532,0.9532,21,8,21,604413,1197,104613,3343,0.011087850605802365,0.7363436123348017
9533,0.9533,17,4,17,604417,1193,104630,3326,0.011050798473452148,0.7360035406063289
9534,0.9534,14,6,14,604423,1187,104644,3312,0.010995220274926823,0.7361635919093131
9535,0.9535,8,7,8,604430,1180,104652,3304,0.010930379043313943,0.7368421052631579
9536,0.9536,15,6,15,604436,1174,104667,3289,0.010874800844788618,0.7369482410934349
9537,0.9537,14,8,14,604444,1166,104681,3275,0.010800696580088184,0.7374465210538167
9538,0.9538,15,7,15,604451,1159,104696,3260,0.010735855348475305,0.7377234668477031
9539,0.9539,17,10,17,604461,1149,104713,3243,0.010643225017599763,0.7383879781420765
9540,0.954,14,7,14,604468,1142,104727,3229,0.010578383785986883,0.7387325554792954
9541,0.9541,17,9,17,604477,1133,104744,3212,0.010495016488198896,0.739240506329114
9542,0.9542,24,3,24,604480,1130,104768,3188,0.010467227388936233,0.7383047707271885
9543,0.9543,13,4,13,604484,1126,104781,3175,0.010430175256586016,0.7382004185073239
9544,0.9544,16,6,16,604490,1120,104797,3159,0.010374597058060691,0.7382566020098154
9545,0.9545,14,6,14,604496,1114,104811,3145,0.010319018859535366,0.7384362526414652
9546,0.9546,9,10,9,604506,1104,104820,3136,0.010226388528659824,0.7396226415094339
9547,0.9547,14,8,14,604514,1096,104834,3122,0.01015228426395939,0.7401612138454243
9548,0.9548,7,6,7,604520,1090,104841,3115,0.010096706065434067,0.7407847800237812
9549,0.9549,14,8,14,604528,1082,104855,3101,0.010022601800733633,0.7413339708343294
9550,0.955,18,3,18,604531,1079,104873,3083,0.00999481270147097,0.7407496395963479
9551,0.9551,18,8,18,604539,1071,104891,3065,0.009920708436770537,0.7410541586073501
9552,0.9552,17,7,17,604546,1064,104908,3048,0.009855867205157657,0.7412451361867705
9553,0.9553,6,4,6,604550,1060,104914,3042,0.00981881507280744,0.7415894685519259
9554,0.9554,14,6,14,604556,1054,104928,3028,0.009763236874282115,0.7417932386085252
9555,0.9555,17,6,17,604562,1048,104945,3011,0.00970765867575679,0.7418083271741809
9556,0.9556,15,8,15,604570,1040,104960,2996,0.009633554411056356,0.7423191278493558
9557,0.9557,19,9,19,604579,1031,104979,2977,0.009550187113268369,0.7427644710578842
9558,0.9558,10,6,10,604585,1025,104989,2967,0.009494608914743043,0.7432364729458918
9559,0.9559,19,5,19,604590,1020,105008,2948,0.009448293749305272,0.7429435483870968
9560,0.956,21,7,21,604597,1013,105029,2927,0.009383452517692393,0.7428934010152284
9561,0.9561,21,3,21,604600,1010,105050,2906,0.00935566341842973,0.7420837589376915
9562,0.9562,11,10,11,604610,1000,105061,2895,0.009263033087554188,0.7432605905006419
9563,0.9563,8,3,8,604613,997,105069,2887,0.009235243988291526,0.7433058702368692
9564,0.9564,17,6,17,604619,991,105086,2870,0.0091796657897662,0.7433307433307433
9565,0.9565,6,9,6,604628,982,105092,2864,0.009096298491978213,0.7446697867914717
9566,0.9566,15,4,15,604632,978,105107,2849,0.009059246359627996,0.7444473477920042
9567,0.9567,13,8,13,604640,970,105120,2836,0.008985142094927564,0.7451392538097741
9568,0.9568,17,7,17,604647,963,105137,2819,0.008920300863314684,0.7453728186144897
9569,0.9569,11,6,11,604653,957,105148,2808,0.00886472266478936,0.7458167330677291
9570,0.957,13,5,13,604658,952,105161,2795,0.008818407499351588,0.7459300773952495
9571,0.9571,17,6,17,604664,946,105178,2778,0.008762829300826263,0.7459720730397422
9572,0.9572,16,6,16,604670,940,105194,2762,0.008707251102300938,0.7460831982712047
9573,0.9573,15,6,15,604676,934,105209,2747,0.008651672903775613,0.7462646020103233
9574,0.9574,20,4,20,604680,930,105229,2727,0.008614620771425396,0.7456931911402789
9575,0.9575,15,6,15,604686,924,105244,2712,0.00855904257290007,0.7458745874587459
9576,0.9576,12,9,12,604695,915,105256,2700,0.008475675275112083,0.7468879668049793
9577,0.9577,14,5,14,604700,910,105270,2686,0.008429360109674312,0.7469410456062291
9578,0.9578,9,6,9,604706,904,105279,2677,0.008373781911148986,0.7475565484501536
9579,0.9579,12,12,12,604718,892,105291,2665,0.008262625514098336,0.7492268765813888
9580,0.958,13,6,13,604724,886,105304,2652,0.00820704731557301,0.749576031656303
9581,0.9581,17,10,17,604734,876,105321,2635,0.008114416984697469,0.7504984334947309
9582,0.9582,19,6,19,604740,870,105340,2616,0.008058838786172143,0.7504302925989673
9583,0.9583,13,6,13,604746,864,105353,2603,0.008003260587646818,0.7507931929622151
9584,0.9584,21,4,21,604750,860,105374,2582,0.007966208455296603,0.7501452643811737
9585,0.9585,12,6,12,604756,854,105386,2570,0.007910630256771278,0.7505841121495327
9586,0.9586,25,7,25,604763,847,105411,2545,0.007845789025158399,0.7502948113207547
9587,0.9587,16,6,16,604769,841,105427,2529,0.007790210826633072,0.7504451038575668
9588,0.9588,12,8,12,604777,833,105439,2517,0.007716106561932639,0.7513432835820896
9589,0.9589,12,4,12,604781,829,105451,2505,0.007679054429582423,0.7513497300539892
9590,0.959,14,7,14,604788,822,105465,2491,0.007614213197969543,0.7518865076969514
9591,0.9591,11,9,11,604797,813,105476,2480,0.007530845900181556,0.7531126632250228
9592,0.9592,10,6,10,604803,807,105486,2470,0.00747526770165623,0.7537381751602075
9593,0.9593,15,9,15,604812,798,105501,2455,0.0073919004038682425,0.754687980325853
9594,0.9594,14,4,14,604816,794,105515,2441,0.007354848271518026,0.7545595054095827
9595,0.9595,8,9,8,604825,785,105523,2433,0.007271480973730038,0.7560596643878186
9596,0.9596,16,8,16,604833,777,105539,2417,0.007197376709029604,0.7567313713212273
9597,0.9597,26,0,26,604833,777,105565,2391,0.007197376709029604,0.7547348484848485
9598,0.9598,11,1,11,604834,776,105576,2380,0.00718811367594205,0.7541191381495564
9599,0.9599,11,2,11,604836,774,105587,2369,0.0071695876097669425,0.753738466433344
9600,0.96,15,7,15,604843,767,105602,2354,0.007104746378154063,0.7542454341557193
9601,0.9601,16,1,16,604844,766,105618,2338,0.007095483345066509,0.7532216494845361
9602,0.9602,13,4,13,604848,762,105631,2325,0.007058431212716292,0.7531584062196307
9603,0.9603,13,7,13,604855,755,105644,2312,0.006993589981103413,0.7538311053146397
9604,0.9604,15,6,15,604861,749,105659,2297,0.006938011782578087,0.7541037426132633
9605,0.9605,16,5,16,604866,744,105675,2281,0.006891696617140316,0.7540495867768595
9606,0.9606,15,8,15,604874,736,105690,2266,0.006817592352439883,0.7548301132578281
9607,0.9607,8,5,8,604879,731,105698,2258,0.006771277187002112,0.7554366008698561
9608,0.9608,19,5,19,604884,726,105717,2239,0.006724962021564341,0.7551433389544688
9609,0.9609,16,6,16,604890,720,105733,2223,0.0066693838230390155,0.7553516819571865
9610,0.961,18,9,18,604899,711,105751,2205,0.0065860165252510285,0.7561728395061729
9611,0.9611,11,2,11,604901,709,105762,2194,0.00656749045907592,0.7557698932139166
9612,0.9612,9,5,9,604906,704,105771,2185,0.006521175293638149,0.7563170647282796
9613,0.9613,16,3,16,604909,701,105787,2169,0.0064933861943754865,0.7557491289198607
9614,0.9614,11,3,11,604912,698,105798,2158,0.006465597095112824,0.7556022408963585
9615,0.9615,14,10,14,604922,688,105812,2144,0.006372966764237282,0.7570621468926554
9616,0.9616,10,5,10,604927,683,105822,2134,0.006326651598799511,0.7575434859779908
9617,0.9617,15,3,15,604930,680,105837,2119,0.006298862499536848,0.7570560914612362
9618,0.9618,16,5,16,604935,675,105853,2103,0.006252547334099077,0.7570194384449244
9619,0.9619,14,10,14,604945,665,105867,2089,0.006159917003223535,0.7585330428467684
9620,0.962,10,5,10,604950,660,105877,2079,0.006113601837785765,0.7590361445783133
9621,0.9621,13,5,13,604955,655,105890,2066,0.006067286672347994,0.7592796765894891
9622,0.9622,16,5,16,604960,650,105906,2050,0.006020971506910223,0.7592592592592593
9623,0.9623,15,6,15,604966,644,105921,2035,0.005965393308384898,0.7596117954460619
9624,0.9624,14,7,14,604973,637,105935,2021,0.005900552076772018,0.7603461249059443
9625,0.9625,11,8,11,604981,629,105946,2010,0.005826447812071585,0.7616521409624858
9626,0.9626,18,5,18,604986,624,105964,1992,0.005780132646633814,0.7614678899082569
9627,0.9627,14,3,14,604989,621,105978,1978,0.005752343547371151,0.7610619469026548
9628,0.9628,14,5,14,604994,616,105992,1964,0.00570602838193338,0.7612403100775194
9629,0.9629,17,6,17,605000,610,106009,1947,0.005650450183408055,0.7614391865467345
9630,0.963,15,1,15,605001,609,106024,1932,0.005641187150320501,0.7603305785123967
9631,0.9631,10,4,10,605005,605,106034,1922,0.005604135017970284,0.7605856747130986
9632,0.9632,13,3,13,605008,602,106047,1909,0.005576345918707622,0.7602548785344484
9633,0.9633,17,4,17,605012,598,106064,1892,0.005539293786357405,0.7598393574297189
9634,0.9634,11,6,11,605018,592,106075,1881,0.00548371558783208,0.760614638091387
9635,0.9635,16,8,16,605026,584,106091,1865,0.005409611323131646,0.7615353205389955
9636,0.9636,14,0,14,605026,584,106105,1851,0.005409611323131646,0.760164271047228
9637,0.9637,12,6,12,605032,578,106117,1839,0.005354033124606321,0.7608605709557302
9638,0.9638,16,8,16,605040,570,106133,1823,0.0052799288599058875,0.7618052653572921
9639,0.9639,11,9,11,605049,561,106144,1812,0.0051965615621179,0.7635903919089759
9640,0.964,10,2,10,605051,559,106154,1802,0.005178035495942791,0.7632359169843287
9641,0.9641,19,7,19,605058,552,106173,1783,0.005113194264329912,0.7635974304068522
9642,0.9642,9,5,9,605063,547,106182,1774,0.005066879098892141,0.7643257216716932
9643,0.9643,15,2,15,605065,545,106197,1759,0.005048353032717033,0.7634548611111112
9644,0.9644,11,4,11,605069,541,106208,1748,0.0050113009003668165,0.763652249890782
9645,0.9645,10,5,10,605074,536,106218,1738,0.0049649857349290455,0.7642919964819701
9646,0.9646,21,8,21,605082,528,106239,1717,0.004890881470228612,0.7648106904231626
9647,0.9647,11,5,11,605087,523,106250,1706,0.004844566304790841,0.7653656348138178
9648,0.9648,15,4,15,605091,519,106265,1691,0.004807514172440624,0.7651583710407239
9649,0.9649,13,6,13,605097,513,106278,1678,0.004751935973915299,0.7658603377453218
9650,0.965,19,4,19,605101,509,106297,1659,0.004714883841565082,0.7652214022140221
9651,0.9651,13,3,13,605104,506,106310,1646,0.004687094742302419,0.7648698884758365
9652,0.9652,22,5,22,605109,501,106332,1624,0.004640779576864648,0.764235294117647
9653,0.9653,11,3,11,605112,498,106343,1613,0.004612990477601986,0.7640928469919469
9654,0.9654,11,1,11,605113,497,106354,1602,0.0046037274445144315,0.7632205812291567
9655,0.9655,15,3,15,605116,494,106369,1587,0.004575938345251769,0.762614127823162
9656,0.9656,10,4,10,605120,490,106379,1577,0.004538886212901552,0.7629414610546686
9657,0.9657,10,3,10,605123,487,106389,1567,0.00451109711363889,0.7629016553067186
9658,0.9658,14,4,14,605127,483,106403,1553,0.0044740449812886735,0.7627701375245579
9659,0.9659,9,6,9,605133,477,106412,1544,0.004418466782763348,0.7639782285997031
9660,0.966,17,7,17,605140,470,106429,1527,0.004353625551150469,0.7646469704556835
9661,0.9661,16,7,16,605147,463,106445,1511,0.0042887843195375894,0.7654508611955421
9662,0.9662,13,1,13,605148,462,106458,1498,0.004279521286450035,0.7642857142857142
9663,0.9663,17,4,17,605152,458,106475,1481,0.004242469154099818,0.7637957710159876
9664,0.9664,16,5,16,605157,453,106491,1465,0.004196153988662047,0.7638164754953076
9665,0.9665,15,4,15,605161,449,106506,1450,0.004159101856311831,0.7635597682991048
9666,0.9666,18,3,18,605164,446,106524,1432,0.004131312757049168,0.7625133120340788
9667,0.9667,12,4,12,605168,442,106536,1420,0.004094260624698951,0.7626208378088077
9668,0.9668,7,3,7,605171,439,106543,1413,0.0040664715254362886,0.7629589632829373
9669,0.9669,12,9,12,605180,430,106555,1401,0.003983104227648302,0.7651556526488258
9670,0.967,11,5,11,605185,425,106566,1390,0.0039367890622105306,0.7658402203856749
9671,0.9671,9,5,9,605190,420,106575,1381,0.003890473896772759,0.7667962243198223
9672,0.9672,12,5,12,605195,415,106587,1369,0.0038441587313349885,0.7673766816143498
9673,0.9673,6,3,6,605198,412,106593,1363,0.003816369632072326,0.767887323943662
9674,0.9674,14,2,14,605200,410,106607,1349,0.0037978435658972175,0.7669130187606594
9675,0.9675,13,2,13,605202,408,106620,1336,0.003779317499722109,0.7660550458715596
9676,0.9676,10,7,10,605209,401,106630,1326,0.0037144762681092297,0.7678054429646787
9677,0.9677,12,2,12,605211,399,106642,1314,0.0036959502019341213,0.7670753064798599
9678,0.9678,10,5,10,605216,394,106652,1304,0.0036496350364963502,0.767962308598351
9679,0.9679,17,3,17,605219,391,106669,1287,0.0036218459372336876,0.766984505363528
9680,0.968,12,5,12,605224,386,106681,1275,0.003575530771795917,0.7676098735701384
9681,0.9681,9,5,9,605229,381,106690,1266,0.003529215606358146,0.7686703096539163
9682,0.9682,9,6,9,605235,375,106699,1257,0.003473637407832821,0.7702205882352942
9683,0.9683,12,3,12,605238,372,106711,1245,0.003445848308570158,0.7699443413729128
9684,0.9684,16,5,16,605243,367,106727,1229,0.003399533143132387,0.7700501253132832
9685,0.9685,8,1,8,605244,366,106735,1221,0.003390270110044833,0.7693761814744802
9686,0.9686,8,3,8,605247,363,106743,1213,0.0033624810107821704,0.7696700507614214
9687,0.9687,5,1,5,605248,362,106748,1208,0.003353217977694616,0.7694267515923567
9688,0.9688,7,4,7,605252,358,106755,1201,0.0033161658453443998,0.7703656189865298
9689,0.9689,13,3,13,605255,355,106768,1188,0.003288376746081737,0.7699287103046014
9690,0.969,13,2,13,605257,353,106781,1175,0.0032698506799066288,0.768979057591623
9691,0.9691,11,2,11,605259,351,106792,1164,0.0032513246137315203,0.7683168316831683
9692,0.9692,12,4,12,605263,347,106804,1152,0.0032142724813813035,0.7685123415610406
9693,0.9693,6,2,6,605265,345,106810,1146,0.003195746415206195,0.7686116700201208
9694,0.9694,12,3,12,605268,342,106822,1134,0.0031679573159435325,0.7682926829268293
9695,0.9695,9,2,9,605270,340,106831,1125,0.003149431249768424,0.7679180887372014
9696,0.9696,12,3,12,605273,337,106843,1113,0.0031216421505057615,0.7675862068965518
9697,0.9697,10,3,10,605276,334,106853,1103,0.003093853051243099,0.767571329157968
9698,0.9698,12,4,12,605280,330,106865,1091,0.0030568009188928825,0.7677691766361717
9699,0.9699,6,3,6,605283,327,106871,1085,0.00302901181963022,0.7684135977337111
9700,0.97,11,7,11,605290,320,106882,1074,0.0029641705880173405,0.7704447632711621
9701,0.9701,8,1,8,605291,319,106890,1066,0.0029549075549297863,0.7696750902527075
9702,0.9702,7,3,7,605294,316,106897,1059,0.0029271184556671236,0.7701818181818182
9703,0.9703,13,2,13,605296,314,106910,1046,0.0029085923894920152,0.7691176470588236
9704,0.9704,13,6,13,605302,308,106923,1033,0.00285301419096669,0.7703206562266965
9705,0.9705,10,5,10,605307,303,106933,1023,0.002806699025528919,0.7714932126696833
9706,0.9706,13,3,13,605310,300,106946,1010,0.002778909926266257,0.7709923664122137
9707,0.9707,10,8,10,605318,292,106956,1000,0.002704805661565823,0.7739938080495357
9708,0.9708,11,3,11,605321,289,106967,989,0.0026770165623031606,0.7738654147104851
9709,0.9709,12,3,12,605324,286,106979,977,0.002649227463040498,0.7735550277117973
9710,0.971,12,7,12,605331,279,106991,965,0.0025843862314276185,0.7757234726688103
9711,0.9711,11,4,11,605335,275,107002,954,0.0025473340990774017,0.7762408462164361
9712,0.9712,14,2,14,605337,273,107016,940,0.0025288080329022933,0.7749381698268755
9713,0.9713,7,5,7,605342,268,107023,933,0.0024824928674645227,0.7768526228143214
9714,0.9714,8,1,8,605343,267,107031,925,0.0024732298343769685,0.7760067114093959
9715,0.9715,15,1,15,605344,266,107046,910,0.0024639668012894143,0.7738095238095238
9716,0.9716,8,5,8,605349,261,107054,902,0.0024176516358516433,0.7755803955288049
9717,0.9717,11,8,11,605357,253,107065,891,0.0023435473711512097,0.7788461538461539
9718,0.9718,7,3,7,605360,250,107072,884,0.002315758271888547,0.7795414462081128
9719,0.9719,11,3,11,605363,247,107083,873,0.0022879691726258844,0.7794642857142857
9720,0.972,7,3,7,605366,244,107090,866,0.0022601800733632223,0.7801801801801802
9721,0.9721,8,7,8,605373,237,107098,858,0.002195338841750343,0.7835616438356164
9722,0.9722,9,3,9,605376,234,107107,849,0.0021675497424876802,0.7839335180055401
9723,0.9723,7,1,7,605377,233,107114,842,0.002158286709400126,0.7832558139534884
9724,0.9724,5,0,5,605377,233,107119,837,0.002158286709400126,0.7822429906542057
9725,0.9725,8,1,8,605378,232,107127,829,0.002149023676312572,0.7813383600377003
9726,0.9726,11,3,11,605381,229,107138,818,0.002121234577049909,0.7812798471824259
9727,0.9727,7,3,7,605384,226,107145,811,0.0020934454777872466,0.7820636451301832
9728,0.9728,7,5,7,605389,221,107152,804,0.0020471303123494756,0.784390243902439
9729,0.9729,11,6,11,605395,215,107163,793,0.001991552113824151,0.7867063492063492
9730,0.973,5,4,5,605399,211,107168,788,0.001954499981473934,0.7887887887887888
9731,0.9731,8,2,8,605401,209,107176,780,0.0019359739152988254,0.788675429726997
9732,0.9732,8,2,8,605403,207,107184,772,0.0019174478491237172,0.7885597548518897
9733,0.9733,9,1,9,605404,206,107193,763,0.001908184816036163,0.7874097007223942
9734,0.9734,14,1,14,605405,205,107207,749,0.0018989217829486088,0.7851153039832285
9735,0.9735,10,1,10,605406,204,107217,739,0.0018896587498610545,0.7836691410392365
9736,0.9736,7,4,7,605410,200,107224,732,0.0018526066175108377,0.7854077253218884
9737,0.9737,14,1,14,605411,199,107238,718,0.0018433435844232835,0.7829880043620502
9738,0.9738,7,2,7,605413,197,107245,711,0.0018248175182481751,0.7830396475770925
9739,0.9739,9,4,9,605417,193,107254,702,0.0017877653858979585,0.7843575418994413
9740,0.974,9,2,9,605419,191,107263,693,0.0017692393197228501,0.7839366515837104
9741,0.9741,5,3,5,605422,188,107268,688,0.0017414502204601875,0.7853881278538812
9742,0.9742,16,3,16,605425,185,107284,672,0.001713661121197525,0.7841306884480747
9743,0.9743,13,4,13,605429,181,107297,659,0.001676608988847308,0.7845238095238095
9744,0.9744,7,6,7,605435,175,107304,652,0.001621030790321983,0.788391777509069
9745,0.9745,9,2,9,605437,173,107313,643,0.0016025047241468747,0.7879901960784313
9746,0.9746,7,2,7,605439,171,107320,636,0.0015839786579717663,0.7881040892193308
9747,0.9747,6,4,6,605443,167,107326,630,0.0015469265256215494,0.7904642409033877
9748,0.9748,11,0,11,605443,167,107337,619,0.0015469265256215494,0.787531806615776
9749,0.9749,6,3,6,605446,164,107343,613,0.001519137426358887,0.788931788931789
9750,0.975,6,2,6,605448,162,107349,607,0.0015006113601837786,0.7893368010403121
9751,0.9751,10,1,10,605449,161,107359,597,0.0014913483270962244,0.787598944591029
9752,0.9752,7,0,7,605449,161,107366,590,0.0014913483270962244,0.7856191744340879
9753,0.9753,5,2,5,605451,159,107371,585,0.001472822260921116,0.7862903225806451
9754,0.9754,4,1,4,605452,158,107375,581,0.0014635592278335618,0.7861975642760487
9755,0.9755,13,5,13,605457,153,107388,568,0.0014172440623957908,0.7877947295423023
9756,0.9756,6,3,6,605460,150,107394,562,0.0013894549631331284,0.7893258426966292
9757,0.9757,7,6,7,605466,144,107401,555,0.0013338767646078032,0.7939914163090128
9758,0.9758,4,3,4,605469,141,107405,551,0.0013060876653451406,0.796242774566474
9759,0.9759,3,2,3,605471,139,107408,548,0.0012875615991700322,0.7976710334788938
9760,0.976,4,2,4,605473,137,107412,544,0.0012690355329949238,0.7988252569750367
9761,0.9761,6,5,6,605478,132,107418,538,0.001222720367557153,0.8029850746268656
9762,0.9762,8,1,8,605479,131,107426,530,0.0012134573344695988,0.8018154311649016
9763,0.9763,7,1,7,605480,130,107433,523,0.0012041943013820445,0.8009188361408882
9764,0.9764,8,2,8,605482,128,107441,515,0.0011856682352069361,0.8009331259720062
9765,0.9765,9,3,9,605485,125,107450,506,0.0011578791359442735,0.8019017432646592
9766,0.9766,7,0,7,605485,125,107457,499,0.0011578791359442735,0.7996794871794872
9767,0.9767,5,2,5,605487,123,107462,494,0.0011393530697691651,0.8006482982171799
9768,0.9768,12,2,12,605489,121,107474,482,0.001120827003594057,0.7993366500829188
9769,0.9769,8,2,8,605491,119,107482,474,0.0011023009374189485,0.7993254637436762
9770,0.977,3,3,3,605494,116,107485,471,0.001074511838156286,0.8023850085178875
9771,0.9771,6,1,6,605495,115,107491,465,0.0010652488050687317,0.8017241379310345
9772,0.9772,6,1,6,605496,114,107497,459,0.0010559857719811775,0.8010471204188482
9773,0.9773,9,6,9,605502,108,107506,450,0.0010004075734558523,0.8064516129032258
9774,0.9774,4,2,4,605504,106,107510,446,0.000981881507280744,0.8079710144927537
9775,0.9775,6,0,6,605504,106,107516,440,0.000981881507280744,0.8058608058608059
9776,0.9776,13,2,13,605506,104,107529,427,0.0009633554411056357,0.8041431261770244
9777,0.9777,9,0,9,605506,104,107538,418,0.0009633554411056357,0.8007662835249042
9778,0.9778,6,0,6,605506,104,107544,412,0.0009633554411056357,0.7984496124031008
9779,0.9779,6,1,6,605507,103,107550,406,0.0009540924080180815,0.7976424361493124
9780,0.978,5,0,5,605507,103,107555,401,0.0009540924080180815,0.7956349206349206
9781,0.9781,6,2,6,605509,101,107561,395,0.0009355663418429731,0.7963709677419355
9782,0.9782,2,0,2,605509,101,107563,393,0.0009355663418429731,0.7955465587044535
9783,0.9783,7,0,7,605509,101,107570,386,0.0009355663418429731,0.7926078028747433
9784,0.9784,7,1,7,605510,100,107577,379,0.0009263033087554189,0.791231732776618
9785,0.9785,10,4,10,605514,96,107587,369,0.0008892511764052022,0.7935483870967742
9786,0.9786,5,1,5,605515,95,107592,364,0.000879988143317648,0.7930283224400871
9787,0.9787,6,1,6,605516,94,107598,358,0.0008707251102300938,0.7920353982300885
9788,0.9788,9,4,9,605520,90,107607,349,0.0008336729778798769,0.7949886104783599
9789,0.9789,6,1,6,605521,89,107613,343,0.0008244099447923228,0.7939814814814815
9790,0.979,9,2,9,605523,87,107622,334,0.0008058838786172144,0.7933491686460807
9791,0.9791,7,2,7,605525,85,107629,327,0.000787357812442106,0.7936893203883495
9792,0.9792,8,1,8,605526,84,107637,319,0.0007780947793545518,0.7915632754342432
9793,0.9793,3,3,3,605529,81,107640,316,0.0007503056800918893,0.7959697732997482
9794,0.9794,4,3,4,605532,78,107644,312,0.0007225165808292267,0.8
9795,0.9795,8,1,8,605533,77,107652,304,0.0007132535477416725,0.7979002624671916
9796,0.9796,6,2,6,605535,75,107658,298,0.0006947274815665642,0.7989276139410187
9797,0.9797,3,2,3,605537,73,107661,295,0.0006762014153914558,0.8016304347826086
9798,0.9798,6,3,6,605540,70,107667,289,0.0006484123161287932,0.8050139275766016
9799,0.9799,9,3,9,605543,67,107676,280,0.0006206232168661307,0.8069164265129684
9800,0.98,4,1,4,605544,66,107680,276,0.0006113601837785765,0.8070175438596491
9801,0.9801,4,0,4,605544,66,107684,272,0.0006113601837785765,0.8047337278106509
9802,0.9802,5,1,5,605545,65,107689,267,0.0006020971506910223,0.8042168674698795
9803,0.9803,4,0,4,605545,65,107693,263,0.0006020971506910223,0.801829268292683
9804,0.9804,1,0,1,605545,65,107694,262,0.0006020971506910223,0.8012232415902141
9805,0.9805,6,0,6,605545,65,107700,256,0.0006020971506910223,0.7975077881619937
9806,0.9806,6,1,6,605546,64,107706,250,0.0005928341176034681,0.7961783439490446
9807,0.9807,2,2,2,605548,62,107708,248,0.0005743080514283597,0.8
9808,0.9808,6,1,6,605549,61,107714,242,0.0005650450183408056,0.7986798679867987
9809,0.9809,1,3,1,605552,58,107715,241,0.000537255919078143,0.8060200668896321
9810,0.981,5,0,5,605552,58,107720,236,0.000537255919078143,0.8027210884353742
9811,0.9811,7,1,7,605553,57,107727,229,0.0005279928859905888,0.8006993006993007
9812,0.9812,2,1,2,605554,56,107729,227,0.0005187298529030345,0.8021201413427562
9813,0.9813,4,2,4,605556,54,107733,223,0.0005002037867279261,0.8050541516245487
9814,0.9814,5,2,5,605558,52,107738,218,0.00048167772055281784,0.8074074074074075
9815,0.9815,2,0,2,605558,52,107740,216,0.00048167772055281784,0.8059701492537313
9816,0.9816,8,1,8,605559,51,107748,208,0.00047241468746526364,0.803088803088803
9817,0.9817,1,2,1,605561,49,107749,207,0.00045388862129015523,0.80859375
9818,0.9818,6,1,6,605562,48,107755,201,0.0004446255882026011,0.8072289156626506
9819,0.9819,1,2,1,605564,46,107756,200,0.00042609952202749267,0.8130081300813008
9820,0.9821,6,2,6,605566,44,107762,194,0.0004075734558523843,0.8151260504201681
9821,0.9822,6,1,6,605567,43,107768,188,0.0003983104227648301,0.8138528138528138
9822,0.9823,3,2,3,605569,41,107771,185,0.00037978435658972176,0.8185840707964602
9823,0.9824,4,1,4,605570,40,107775,181,0.00037052132350216756,0.8190045248868778
9824,0.9825,1,1,1,605571,39,107776,180,0.00036125829041461335,0.821917808219178
9825,0.9826,2,2,2,605573,37,107778,178,0.000342732224239505,0.827906976744186
9826,0.9827,5,1,5,605574,36,107783,173,0.0003334691911519508,0.8277511961722488
9827,0.9828,3,1,3,605575,35,107786,170,0.0003242061580643966,0.8292682926829268
9828,0.9829,2,2,2,605577,33,107788,168,0.00030568009188928824,0.835820895522388
9829,0.983,2,1,2,605578,32,107790,166,0.00029641705880173404,0.8383838383838383
9830,0.9831,3,3,3,605581,29,107793,163,0.0002686279595390715,0.8489583333333334
9831,0.9832,2,0,2,605581,29,107795,161,0.0002686279595390715,0.8473684210526315
9832,0.9833,3,0,3,605581,29,107798,158,0.0002686279595390715,0.8449197860962567
9833,0.9834,2,1,2,605582,28,107800,156,0.0002593649264515173,0.8478260869565217
9834,0.9835,5,0,5,605582,28,107805,151,0.0002593649264515173,0.8435754189944135
9835,0.9836,2,1,2,605583,27,107807,149,0.00025010189336396307,0.8465909090909091
9836,0.9837,3,0,3,605583,27,107810,146,0.00025010189336396307,0.8439306358381503
9837,0.9838,9,2,9,605585,25,107819,137,0.00023157582718885472,0.845679012345679
9838,0.9839,1,0,1,605585,25,107820,136,0.00023157582718885472,0.84472049689441
9839,0.984,4,3,4,605588,22,107824,132,0.00020378672792619216,0.8571428571428571
9840,0.9841,5,0,5,605588,22,107829,127,0.00020378672792619216,0.8523489932885906
9841,0.9842,4,0,4,605588,22,107833,123,0.00020378672792619216,0.8482758620689655
9842,0.9843,5,0,5,605588,22,107838,118,0.00020378672792619216,0.8428571428571429
9843,0.9844,3,1,3,605589,21,107841,115,0.00019452369483863796,0.8455882352941176
9844,0.9845,0,3,0,605592,18,107841,115,0.0001667345955759754,0.8646616541353384
9845,0.9846,1,1,1,605593,17,107842,114,0.00015747156248842122,0.8702290076335878
9846,0.9847,3,1,3,605594,16,107845,111,0.00014820852940086702,0.8740157480314961
9847,0.9848,2,0,2,605594,16,107847,109,0.00014820852940086702,0.872
9848,0.9849,1,0,1,605594,16,107848,108,0.00014820852940086702,0.8709677419354839
9849,0.985,6,0,6,605594,16,107854,102,0.00014820852940086702,0.864406779661017
9850,0.9851,2,1,2,605595,15,107856,100,0.00013894549631331284,0.8695652173913043
9851,0.9852,2,0,2,605595,15,107858,98,0.00013894549631331284,0.8672566371681416
9852,0.9853,4,0,4,605595,15,107862,94,0.00013894549631331284,0.8623853211009175
9853,0.9854,4,1,4,605596,14,107866,90,0.00012968246322575864,0.8653846153846154
9854,0.9855,2,0,2,605596,14,107868,88,0.00012968246322575864,0.8627450980392157
9855,0.9856,3,0,3,605596,14,107871,85,0.00012968246322575864,0.8585858585858586
9856,0.9857,3,0,3,605596,14,107874,82,0.00012968246322575864,0.8541666666666666
9857,0.9858,1,0,1,605596,14,107875,81,0.00012968246322575864,0.8526315789473684
9858,0.9859,5,0,5,605596,14,107880,76,0.00012968246322575864,0.8444444444444444
9859,0.986,1,0,1,605596,14,107881,75,0.00012968246322575864,0.8426966292134831
9860,0.9861,2,0,2,605596,14,107883,73,0.00012968246322575864,0.8390804597701149
9861,0.9862,2,0,2,605596,14,107885,71,0.00012968246322575864,0.8352941176470589
9862,0.9863,2,0,2,605596,14,107887,69,0.00012968246322575864,0.8313253012048193
9863,0.9864,3,0,3,605596,14,107890,66,0.00012968246322575864,0.825
9864,0.9865,3,0,3,605596,14,107893,63,0.00012968246322575864,0.8181818181818182
9865,0.9867,1,0,1,605596,14,107894,62,0.00012968246322575864,0.8157894736842105
9866,0.9868,2,1,2,605597,13,107896,60,0.00012041943013820446,0.821917808219178
9867,0.9869,1,1,1,605598,12,107897,59,0.00011115639705065027,0.8309859154929577
9868,0.987,2,1,2,605599,11,107899,57,0.00010189336396309608,0.8382352941176471
9869,0.9871,2,1,2,605600,10,107901,55,9.263033087554189e-05,0.8461538461538461
9870,0.9873,2,0,2,605600,10,107903,53,9.263033087554189e-05,0.8412698412698413
9871,0.9874,2,0,2,605600,10,107905,51,9.263033087554189e-05,0.8360655737704918
9872,0.9877,2,1,2,605601,9,107907,49,8.33672977879877e-05,0.8448275862068966
9873,0.9879,1,0,1,605601,9,107908,48,8.33672977879877e-05,0.8421052631578947
9874,0.988,2,1,2,605602,8,107910,46,7.410426470043351e-05,0.8518518518518519
9875,0.9881,1,0,1,605602,8,107911,45,7.410426470043351e-05,0.8490566037735849
9876,0.9882,3,0,3,605602,8,107914,42,7.410426470043351e-05,0.84
9877,0.9883,3,0,3,605602,8,107917,39,7.410426470043351e-05,0.8297872340425532
9878,0.9884,1,0,1,605602,8,107918,38,7.410426470043351e-05,0.8260869565217391
9879,0.9885,1,0,1,605602,8,107919,37,7.410426470043351e-05,0.8222222222222222
9880,0.9886,1,1,1,605603,7,107920,36,6.484123161287932e-05,0.8372093023255814
9881,0.9887,1,0,1,605603,7,107921,35,6.484123161287932e-05,0.8333333333333334
9882,0.9888,2,0,2,605603,7,107923,33,6.484123161287932e-05,0.825
9883,0.9889,0,1,0,605604,6,107923,33,5.5578198525325135e-05,0.8461538461538461
9884,0.989,2,0,2,605604,6,107925,31,5.5578198525325135e-05,0.8378378378378378
9885,0.9892,1,0,1,605604,6,107926,30,5.5578198525325135e-05,0.8333333333333334
9886,0.9894,1,0,1,605604,6,107927,29,5.5578198525325135e-05,0.8285714285714286
9887,0.9895,1,0,1,605604,6,107928,28,5.5578198525325135e-05,0.8235294117647058
9888,0.9896,1,0,1,605604,6,107929,27,5.5578198525325135e-05,0.8181818181818182
9889,0.9897,2,0,2,605604,6,107931,25,5.5578198525325135e-05,0.8064516129032258
9890,0.9898,0,1,0,605605,5,107931,25,4.6315165437770945e-05,0.8333333333333334
9891,0.9899,0,1,0,605606,4,107931,25,3.7052132350216754e-05,0.8620689655172413
9892,0.9904,1,0,1,605606,4,107932,24,3.7052132350216754e-05,0.8571428571428571
9893,0.9907,1,0,1,605606,4,107933,23,3.7052132350216754e-05,0.8518518518518519
9894,0.9909,1,0,1,605606,4,107934,22,3.7052132350216754e-05,0.8461538461538461
9895,0.991,2,0,2,605606,4,107936,20,3.7052132350216754e-05,0.8333333333333334
9896,0.9911,1,0,1,605606,4,107937,19,3.7052132350216754e-05,0.8260869565217391
9897,0.9912,1,0,1,605606,4,107938,18,3.7052132350216754e-05,0.8181818181818182
9898,0.9913,1,1,1,605607,3,107939,17,2.7789099262662567e-05,0.85
9899,0.9914,1,0,1,605607,3,107940,16,2.7789099262662567e-05,0.8421052631578947
9900,0.9916,1,0,1,605607,3,107941,15,2.7789099262662567e-05,0.8333333333333334
9901,0.9918,2,1,2,605608,2,107943,13,1.8526066175108377e-05,0.8666666666666667
9902,0.9919,2,0,2,605608,2,107945,11,1.8526066175108377e-05,0.8461538461538461
9903,0.9922,2,0,2,605608,2,107947,9,1.8526066175108377e-05,0.8181818181818182
9904,0.9934,2,0,2,605608,2,107949,7,1.8526066175108377e-05,0.7777777777777778
9905,0.9935,1,0,1,605608,2,107950,6,1.8526066175108377e-05,0.75
9906,0.9939,3,0,3,605608,2,107953,3,1.8526066175108377e-05,0.6
9907,0.9945,2,0,2,605608,2,107955,1,1.8526066175108377e-05,0.3333333333333333
9908,0.9958,0,1,0,605609,1,107955,1,9.263033087554189e-06,0.5
9909,0.9969,1,0,1,605609,1,107956,0,9.263033087554189e-06,0.0
9910,0.997,0,1,0,605610,0,107956,0,0.0,
