,y_proba,y_test,Neg,Pos,TN,FP,FN,TP,FP/P,Prec
0,0.1702,0,1,0,1,605609,0,107956,5.609776205120605,0.1512910526721462
1,0.1719,0,2,0,3,605607,0,107956,5.60975767905443,0.1512914767161414
2,0.1748,0,1,0,4,605606,0,107956,5.609748416021342,0.15129168873903037
3,0.1749,0,4,0,8,605602,0,107956,5.609711363888992,0.15129253683652905
4,0.1753,0,1,0,9,605601,0,107956,5.6097021008559045,0.15129274886238941
5,0.1761,0,1,0,10,605600,0,107956,5.609692837822816,0.15129296088884403
6,0.1768,0,1,0,11,605599,0,107956,5.609683574789729,0.15129317291589295
7,0.1771,0,1,0,12,605598,0,107956,5.609674311756642,0.15129338494353617
8,0.1773,0,1,0,13,605597,0,107956,5.609665048723554,0.15129359697177364
9,0.178,0,2,0,15,605595,0,107956,5.609646522657379,0.15129402103003148
10,0.1785,0,1,0,16,605594,0,107956,5.609637259624291,0.15129423306005185
11,0.1789,0,4,0,20,605590,0,107956,5.609600207491941,0.1512950811860763
12,0.1796,0,3,0,23,605587,0,107956,5.609572418392679,0.15129571728683486
13,0.1801,0,1,0,24,605586,0,107956,5.609563155359591,0.15129592932160965
14,0.1802,0,1,0,25,605585,0,107956,5.609553892326503,0.15129614135697877
15,0.1806,0,1,0,26,605584,0,107956,5.609544629293416,0.15129635339294223
16,0.1808,0,1,0,27,605583,0,107956,5.609535366260328,0.1512965654295
17,0.181,0,1,0,28,605582,0,107956,5.609526103227241,0.1512967774666521
18,0.1817,0,4,0,32,605578,0,107956,5.609489051094891,0.15129762562120375
19,0.1819,0,2,0,34,605576,0,107956,5.609470525028716,0.1512980497020456
20,0.1825,0,2,0,36,605574,0,107956,5.60945199896254,0.15129847378526481
21,0.1828,0,5,0,41,605569,0,107956,5.609405683797102,0.15129953400371396
22,0.1829,0,1,0,42,605568,0,107956,5.609396420764015,0.15129974604918686
23,0.1835,0,4,0,46,605564,0,107956,5.609359368631665,0.15130059423702208
24,0.1837,0,2,0,48,605562,0,107956,5.60934084256549,0.15130101833450593
25,0.1838,0,1,0,49,605561,0,107956,5.609331579532402,0.15130123038413942
26,0.1841,0,6,0,55,605555,0,107956,5.6092760013338765,0.15130250269442236
27,0.1842,0,2,0,57,605553,0,107956,5.609257475267702,0.15130292680260515
28,0.1848,0,1,0,58,605552,0,107956,5.609248212234614,0.15130313885758814
29,0.185,0,1,0,59,605551,0,107956,5.609238949201527,0.15130335091316555
30,0.1854,0,3,0,62,605548,0,107956,5.609211160102264,0.15130398708346415
31,0.1857,0,5,0,67,605543,0,107956,5.609164844936826,0.15130504737918343
32,0.1858,0,3,0,70,605540,0,107956,5.6091370558375635,0.15130568356374807
33,0.186,0,1,0,71,605539,0,107956,5.609127792804476,0.1513058956264585
34,0.1863,0,1,0,72,605538,0,107956,5.609118529771388,0.15130610768976333
35,0.1865,0,1,0,73,605537,0,107956,5.609109266738301,0.15130631975366263
36,0.1868,0,2,0,75,605535,0,107956,5.6090907406721255,0.1513067438832445
37,0.1869,1,4,1,79,605531,1,107955,5.609053688539776,0.15130640264840514
38,0.187,0,2,0,81,605529,1,107955,5.6090351624736,0.15130682678238055
39,0.1874,0,3,0,84,605526,1,107955,5.609007373374338,0.15130746298780207
40,0.1876,0,1,0,85,605525,1,107955,5.6089981103412505,0.1513076750574648
41,0.1877,0,6,0,91,605519,1,107955,5.608942532142724,0.15130894748792528
42,0.1878,0,1,0,92,605518,1,107955,5.608933269109637,0.15130915956174937
43,0.188,0,1,0,93,605517,1,107955,5.60892400607655,0.15130937163616792
44,0.1884,0,1,0,94,605516,1,107955,5.608914743043462,0.15130958371118097
45,0.1886,0,3,0,97,605513,1,107955,5.608886953944199,0.15131021993978708
46,0.1887,0,1,0,98,605512,1,107955,5.608877690911112,0.1513104320171781
47,0.1889,0,5,0,103,605507,1,107955,5.608831375745674,0.15131149241305072
48,0.1891,0,4,0,107,605503,1,107955,5.608794323613324,0.15131234074045002
49,0.1892,0,1,0,108,605502,1,107955,5.608785060580236,0.15131255282378617
50,0.1893,0,2,0,110,605500,1,107955,5.608766534514062,0.15131297699224197
51,0.1894,0,3,0,113,605497,1,107955,5.608738745414799,0.1513136132493847
52,0.1896,0,3,0,116,605494,1,107955,5.608710956315536,0.15131424951187822
53,0.1899,0,7,0,123,605487,1,107955,5.608646115083923,0.15131573414517227
54,0.1902,0,3,0,126,605484,1,107955,5.6086183259846605,0.1513163704255024
55,0.1903,0,1,0,127,605483,1,107955,5.608609062951573,0.15131658252013488
56,0.1904,0,4,0,131,605479,1,107955,5.6085720108192225,0.15131743090461067
57,0.1908,0,2,0,133,605477,1,107955,5.608553484753047,0.151317855100416
58,0.191,0,2,0,135,605475,1,107955,5.608534958686873,0.15131827929859973
59,0.1911,0,1,0,136,605474,1,107955,5.608525695653785,0.15131849139858347
60,0.1913,0,1,0,137,605473,1,107955,5.608516432620697,0.1513187034991618
61,0.1914,1,1,1,138,605472,2,107954,5.60850716958761,0.15131772601503168
62,0.1917,0,4,0,142,605468,2,107954,5.608470117455259,0.1513185744201889
63,0.1918,0,3,0,145,605465,2,107954,5.608442328355997,0.15131921073030014
64,0.1919,0,5,0,150,605460,2,107954,5.608396013190559,0.15132027125904454
65,0.192,0,5,0,155,605455,2,107954,5.608349698025122,0.15132133180265459
66,0.1921,0,1,0,156,605454,2,107954,5.608340434992034,0.1513215439131605
67,0.1924,0,8,0,164,605446,2,107954,5.608266330727333,0.1513232408186151
68,0.1925,0,3,0,167,605443,2,107954,5.6082385416280705,0.15132387716797238
69,0.1926,0,3,0,170,605440,2,107954,5.608210752528808,0.15132451352268173
70,0.1927,0,3,0,173,605437,2,107954,5.608182963429545,0.15132514988274312
71,0.1929,0,2,0,175,605435,2,107954,5.60816443736337,0.15132557412575748
72,0.193,0,4,0,179,605431,2,107954,5.60812738523102,0.15132642261892246
73,0.1933,0,3,0,182,605428,2,107954,5.6080995961317575,0.15132705899504054
74,0.1934,0,2,0,184,605426,2,107954,5.608081070065582,0.15132748324875941
75,0.1935,0,3,0,187,605423,2,107954,5.6080532809663195,0.1513281196337981
76,0.1936,0,2,0,189,605421,2,107954,5.608034754900144,0.15132854389346417
77,0.1938,0,2,0,191,605419,2,107954,5.60801622883397,0.1513289681555091
78,0.1939,2,7,2,198,605412,4,107952,5.607951387602356,0.1513280737463623
79,0.194,0,2,0,200,605410,4,107952,5.607932861536181,0.15132849801363124
80,0.1942,0,1,0,201,605409,4,107952,5.607923598503094,0.1513287101481578
81,0.1943,0,2,0,203,605407,4,107952,5.607905072436918,0.1513291344189952
82,0.1944,0,3,0,206,605404,4,107952,5.607877283337656,0.15132977082971194
83,0.1945,0,7,0,213,605397,4,107952,5.607812442106043,0.15133125580886775
84,0.1946,0,3,0,216,605394,4,107952,5.607784653006781,0.15133189223742757
85,0.1947,0,2,0,218,605392,4,107952,5.607766126940605,0.151332316526108
86,0.1948,0,11,0,229,605381,4,107952,5.607664233576642,0.15133465015637856
87,0.1949,0,3,0,232,605378,4,107952,5.60763644447738,0.15133528661348886
88,0.195,0,7,0,239,605371,4,107952,5.607571603245767,0.15133677170089846
89,0.1951,0,4,0,243,605367,4,107952,5.6075345511134165,0.15133762033536188
90,0.1952,2,1,2,244,605366,6,107950,5.607525288080329,0.15133545301100773
91,0.1954,0,1,0,245,605365,6,107950,5.607516025047241,0.15133566516896463
92,0.1957,0,1,0,246,605364,6,107950,5.607506762014154,0.15133587732751635
93,0.1958,0,7,0,253,605357,6,107950,5.6074419207825414,0.1513373624540345
94,0.1961,0,7,0,260,605350,6,107950,5.607377079550928,0.1513388476097014
95,0.1962,0,7,0,267,605343,6,107950,5.607312238319316,0.15134033279451783
96,0.1963,0,1,0,268,605342,6,107950,5.607302975286228,0.15134054496615693
97,0.1964,0,2,0,270,605340,6,107950,5.607284449220052,0.15134096931121985
98,0.1966,0,7,0,277,605333,6,107950,5.60721960798844,0.15134245453768
99,0.1968,0,1,0,278,605332,6,107950,5.6072103449553525,0.1513426667152683
100,0.1969,0,4,0,282,605328,6,107950,5.607173292823002,0.15134351543157085
101,0.1972,0,3,0,285,605325,6,107950,5.607145503723739,0.1513441519750447
102,0.1973,0,5,0,290,605320,6,107950,5.607099188558301,0.15134521289273348
103,0.1974,0,4,0,294,605316,6,107950,5.607062136425951,0.15134606163759384
104,0.1975,1,4,1,298,605312,7,107949,5.607025084293601,0.15134572057073076
105,0.1976,1,2,1,300,605310,8,107948,5.607006558227426,0.1513449551214287
106,0.1977,0,1,0,301,605309,8,107948,5.606997295194338,0.1513451673099598
107,0.1978,0,2,0,303,605307,8,107948,5.606978769128164,0.15134559168880696
108,0.1979,0,4,0,307,605303,8,107948,5.606941716995813,0.15134644045364115
109,0.198,0,2,0,309,605301,8,107948,5.606923190929638,0.15134686483962823
110,0.1981,0,3,0,312,605298,8,107948,5.606895401830375,0.15134750142307143
111,0.1982,1,12,1,324,605286,9,107947,5.6067842454333245,0.15134885794684205
112,0.1983,0,2,0,326,605284,9,107947,5.606765719367149,0.15134928235031847
113,0.1984,2,5,2,331,605279,11,107945,5.606719404201712,0.15134796361311453
114,0.1985,0,6,0,337,605273,11,107945,5.606663826003187,0.15134923683922727
115,0.1986,0,2,0,339,605271,11,107945,5.6066452999370116,0.15134966125269203
116,0.1987,0,2,0,341,605269,11,107945,5.606626773870836,0.15135008566853708
117,0.1988,0,4,0,345,605265,11,107945,5.606589721738486,0.15135093450736808
118,0.1989,0,1,0,346,605264,11,107945,5.606580458705398,0.15135114671856356
119,0.199,0,4,0,350,605260,11,107945,5.606543406573048,0.15135199556929635
120,0.1991,1,6,1,356,605254,12,107944,5.606487828374523,0.1513520789458187
121,0.1993,0,2,0,358,605252,12,107944,5.606469302308348,0.15135250337915523
122,0.1994,1,9,1,367,605243,13,107943,5.60638593501056,0.1513532234227817
123,0.1996,0,3,0,370,605240,13,107943,5.606358145911297,0.1513538600892057
124,0.1998,0,3,0,373,605237,13,107943,5.606330356812035,0.151354496760986
125,0.1999,0,6,0,379,605231,13,107943,5.60627477861351,0.1513557701206157
126,0.2,1,19,1,398,605212,14,107942,5.606098780984846,0.1513586125857809
127,0.2001,0,3,0,401,605209,14,107942,5.606070991885583,0.15135924930344344
128,0.2002,0,3,0,404,605206,14,107942,5.606043202786321,0.15135988602646294
129,0.2004,0,7,0,411,605199,14,107942,5.605978361554707,0.15136137173434144
130,0.2005,0,4,0,415,605195,14,107942,5.605941309422358,0.15136222072336733
131,0.2006,0,5,0,420,605190,14,107942,5.60589499425692,0.15136328197304286
132,0.2007,0,4,0,424,605186,14,107942,5.605857942124569,0.15136413098349805
133,0.2009,0,2,0,426,605184,14,107942,5.605839416058394,0.1513645554922973
134,0.2011,0,3,0,429,605181,14,107942,5.605811626959132,0.15136519225996076
135,0.2012,0,3,0,432,605178,14,107942,5.605783837859869,0.15136582903298182
136,0.2013,0,8,0,440,605170,14,107942,5.605709733595169,0.1513675271205645
137,0.2014,1,4,1,444,605166,15,107941,5.605672681462818,0.15136718613055264
138,0.2015,1,2,1,446,605164,16,107940,5.6056541553966435,0.151366420606251
139,0.2016,0,5,0,451,605159,16,107940,5.6056078402312055,0.15136748193448596
140,0.2017,0,9,0,460,605150,16,107940,5.605524472933418,0.15136939236281535
141,0.2018,0,7,0,467,605143,16,107940,5.605459631701804,0.15137087828485604
142,0.2019,0,7,0,474,605136,16,107940,5.605394790470192,0.1513723642360702
143,0.202,0,3,0,477,605133,16,107940,5.6053670013709285,0.15137300108123572
144,0.2021,0,1,0,478,605132,16,107940,5.605357738337841,0.15137321336414836
145,0.2022,0,3,0,481,605129,16,107940,5.605329949238579,0.15137385021645872
146,0.2024,0,6,0,487,605123,16,107940,5.605274371040053,0.15137512393715563
147,0.2025,0,3,0,490,605120,16,107940,5.605246581940791,0.1513757608055423
148,0.2026,0,1,0,491,605119,16,107940,5.605237318907703,0.1513759730961954
149,0.2027,0,15,0,506,605104,16,107940,5.60509837341139,0.1513791575274457
150,0.2028,1,4,1,510,605100,17,107939,5.60506132127904,0.15137881658647004
151,0.2029,0,4,0,514,605096,17,107939,5.605024269146689,0.15137966579480672
152,0.203,0,1,0,515,605095,17,107939,5.605015006113602,0.1513798780983796
153,0.2031,0,1,0,516,605094,17,107939,5.605005743080515,0.151380090402548
154,0.2032,0,2,0,518,605092,17,107939,5.604987217014339,0.15138051501267125
155,0.2033,2,5,2,523,605087,19,107937,5.604940901848901,0.1513791962121892
156,0.2034,0,13,0,536,605074,19,107937,5.604820482418763,0.1513819562391043
157,0.2035,2,6,2,542,605068,21,107935,5.604764904220238,0.15138084972994503
158,0.2036,1,2,1,544,605066,22,107934,5.604746378154063,0.15138008415147264
159,0.2037,0,2,0,546,605064,22,107934,5.604727852087888,0.1513805087812308
160,0.2038,0,10,0,556,605054,22,107934,5.604635221757012,0.15138263196575538
161,0.2039,0,2,0,558,605052,22,107934,5.604616695690837,0.1513830566098072
162,0.204,0,2,0,560,605050,22,107934,5.604598169624662,0.15138348125624138
163,0.2041,0,9,0,569,605041,22,107934,5.604514802326874,0.15138539219467723
164,0.2042,0,1,0,570,605040,22,107934,5.604505539293786,0.15138560452414815
165,0.2043,0,6,0,576,605034,22,107934,5.604449961095261,0.15138687851348168
166,0.2044,0,1,0,577,605033,22,107934,5.604440698062174,0.15138709084712196
167,0.2045,0,1,0,578,605032,22,107934,5.604431435029086,0.15138730318135787
168,0.2046,0,6,0,584,605026,22,107934,5.60437585683056,0.15138857719928187
169,0.2047,0,2,0,586,605024,22,107934,5.604357330764386,0.15138900187668838
170,0.2048,0,1,0,587,605023,22,107934,5.604348067731298,0.15138921421628512
171,0.2049,2,13,2,600,605010,24,107932,5.60422764830116,0.15138959410442926
172,0.205,1,67,1,667,604943,25,107931,5.603607025084294,0.15140263216220537
173,0.2051,0,23,0,690,604920,25,107931,5.6033939753232795,0.15140751713892525
174,0.2052,2,55,2,745,604865,27,107929,5.602884508503465,0.15141681888455852
175,0.2053,1,4,1,749,604861,28,107928,5.602847456371114,0.15141647808818598
176,0.2055,0,1,0,750,604860,28,107928,5.602838193338027,0.15141669051667536
177,0.2056,1,3,1,753,604857,29,107927,5.602810404238764,0.15141613728703227
178,0.2057,3,6,3,759,604851,32,107924,5.602754826040239,0.15141384027217566
179,0.2058,0,7,0,766,604844,32,107924,5.602689984808626,0.1514153272874203
180,0.2059,0,6,0,772,604838,32,107924,5.6026344066101,0.15141660189516276
181,0.206,0,1,0,773,604837,32,107924,5.602625143577013,0.15141681433187282
182,0.2061,0,3,0,776,604834,32,107924,5.6025973544777505,0.15141745164557957
183,0.2062,0,3,0,779,604831,32,107924,5.602569565378488,0.15141808896465125
184,0.2064,3,70,3,849,604761,35,107921,5.601921153062359,0.15142938926477728
185,0.2065,6,69,6,918,604692,41,107915,5.601282003779318,0.15143690701887577
186,0.2066,0,11,0,929,604681,41,107915,5.6011801104153545,0.1514392446772084
187,0.2067,0,4,0,933,604677,41,107915,5.601143058283005,0.15144009475267756
188,0.2069,2,71,2,1004,604606,43,107913,5.600485382933788,0.15145280336384012
189,0.207,0,2,0,1006,604604,43,107913,5.600466856867612,0.151453228484373
190,0.2071,0,7,0,1013,604597,43,107913,5.600402015636,0.15145471642503264
191,0.2072,0,12,0,1025,604585,43,107913,5.6002908592389495,0.15145726724846947
192,0.2073,0,5,0,1030,604580,43,107913,5.600244544073512,0.15145833011692747
193,0.2074,3,66,3,1096,604514,46,107910,5.599633183889733,0.151468788249694
194,0.2075,0,4,0,1100,604510,46,107910,5.599596131757383,0.15146963869627467
195,0.2076,0,2,0,1102,604508,46,107910,5.599577605691207,0.15147006392314624
196,0.2077,1,73,1,1175,604435,47,107909,5.598901404275816,0.15148439517985693
197,0.2078,0,11,0,1186,604424,47,107909,5.598799510911853,0.15148673443459731
198,0.2079,5,69,5,1255,604355,52,107904,5.598160361628811,0.1514954531989066
199,0.2081,0,5,0,1260,604350,52,107904,5.598114046463374,0.15149651669207895
200,0.2082,0,5,0,1265,604345,52,107904,5.598067731297936,0.1514975802001828
201,0.2083,0,4,0,1269,604341,52,107904,5.598030679165586,0.15149843101741675
202,0.2084,2,79,2,1348,604262,54,107902,5.597298899551669,0.1515128537808707
203,0.2085,0,2,0,1350,604260,54,107902,5.597280373485494,0.15151327928196112
204,0.2086,1,5,1,1355,604255,55,107901,5.597234058320057,0.15151315161284887
205,0.2087,1,10,1,1365,604245,56,107900,5.597141427989181,0.15151408772089953
206,0.2088,1,5,1,1370,604240,57,107899,5.597095112823743,0.15151396005555096
207,0.2089,0,3,0,1373,604237,57,107899,5.59706732372448,0.15151459833514946
208,0.209,0,9,0,1382,604228,57,107899,5.596983956426692,0.15151651320621182
209,0.2091,0,10,0,1392,604218,57,107899,5.596891326095816,0.15151864089749298
210,0.2092,0,3,0,1395,604215,57,107899,5.596863536996554,0.15151927921652994
211,0.2093,2,76,2,1471,604139,59,107897,5.5961595464819,0.15153306855271362
212,0.2094,0,6,0,1477,604133,59,107897,5.596103968283375,0.15153434546297206
213,0.2095,0,12,0,1489,604121,59,107897,5.595992811886324,0.1515368993480502
214,0.2096,0,8,0,1497,604113,59,107897,5.595918707621624,0.15153860198592717
215,0.2097,0,2,0,1499,604111,59,107897,5.595900181555448,0.1515390276513747
216,0.2098,1,6,1,1505,604105,60,107896,5.595844603356923,0.15153911300686376
217,0.2099,1,11,1,1516,604094,61,107895,5.59574270999296,0.15154026256023617
218,0.21,1,9,1,1525,604085,62,107894,5.595659342695172,0.15154098646167935
219,0.2101,0,4,0,1529,604081,62,107894,5.5956222905628215,0.15154183784542996
220,0.2102,0,1,0,1530,604080,62,107894,5.595613027529734,0.1515420506928624
221,0.2103,0,6,0,1536,604074,62,107894,5.595557449331209,0.15154332779001303
222,0.2104,0,30,0,1566,604044,62,107894,5.595279558338582,0.15154971359865607
223,0.2105,0,5,0,1571,604039,62,107894,5.595233243173144,0.15155077795241967
224,0.2106,1,7,1,1578,604032,63,107893,5.595168401941532,0.15155107630719528
225,0.2107,0,6,0,1584,604026,63,107893,5.595112823743007,0.15155235356831326
226,0.2108,0,5,0,1589,604021,63,107893,5.595066508577569,0.15155341796902436
227,0.2109,1,5,1,1594,604016,64,107892,5.595020193412131,0.1515532905937284
228,0.211,3,64,3,1658,603952,67,107889,5.594427359294527,0.15156334068984506
229,0.2111,0,1,0,1659,603951,67,107889,5.59441809626144,0.15156355360755225
230,0.2112,4,76,4,1735,603875,71,107885,5.593714105746786,0.15157496909070473
231,0.2113,0,3,0,1738,603872,71,107885,5.593686316647523,0.15157560796732591
232,0.2114,0,4,0,1742,603868,71,107885,5.5936492645151725,0.15157645981119855
233,0.2115,1,5,1,1747,603863,72,107884,5.5936029493497355,0.15157633260133166
234,0.2116,1,7,1,1754,603856,73,107883,5.593538108118122,0.15157663132131302
235,0.2117,0,6,0,1760,603850,73,107883,5.593482529919597,0.1515779091316547
236,0.2118,1,19,1,1779,603831,74,107882,5.593306532290933,0.151580763594314
237,0.2119,0,5,0,1784,603826,74,107882,5.593260217125495,0.15158182850270055
238,0.212,1,37,1,1821,603789,75,107881,5.592917484901256,0.15158851714980257
239,0.2121,0,8,0,1829,603781,75,107881,5.592843380636555,0.15159022120051371
240,0.2122,0,5,0,1834,603776,75,107881,5.592797065471117,0.15159128625166338
241,0.2123,3,73,3,1907,603703,78,107878,5.592120864055726,0.1516032609077533
242,0.2124,0,12,0,1919,603691,78,107878,5.592009707658676,0.15160581756653255
243,0.2125,1,37,1,1956,603654,79,107877,5.591666975434436,0.15161250880144364
244,0.2126,0,5,0,1961,603649,79,107877,5.591620660268998,0.15161357420529958
245,0.2127,0,15,0,1976,603634,79,107877,5.591481714772685,0.15161677050671038
246,0.2128,0,1,0,1977,603633,79,107877,5.591472451739597,0.15161698359826284
247,0.2129,3,65,3,2042,603568,82,107874,5.5908703545889065,0.15162725844130653
248,0.213,3,54,3,2096,603514,85,107871,5.590370150802179,0.15163519050865565
249,0.2131,1,4,1,2100,603510,86,107870,5.590333098669828,0.15163485057212742
250,0.2132,3,28,3,2128,603482,89,107867,5.590073733743377,0.15163724135410325
251,0.2133,1,4,1,2132,603478,90,107866,5.590036681611027,0.15163690141478667
252,0.2134,5,99,5,2231,603379,95,107861,5.589119641335359,0.15165204431696755
253,0.2135,1,28,1,2259,603351,96,107860,5.588860276408908,0.1516568219557909
254,0.2136,0,4,0,2263,603347,96,107860,5.588823224276557,0.1516576749103988
255,0.2137,0,3,0,2266,603344,96,107860,5.588795435177294,0.15165831463265111
256,0.2138,3,69,3,2335,603275,99,107857,5.588156285894253,0.15166945095987805
257,0.2139,0,68,0,2403,603207,99,107857,5.587526399644299,0.15168395531203943
258,0.214,4,15,4,2418,603192,103,107853,5.587387454147986,0.15168238297154188
259,0.2141,0,1,0,2419,603191,103,107853,5.587378191114898,0.15168259629502534
260,0.2142,3,60,3,2479,603131,106,107850,5.5868224091296455,0.151691817362208
261,0.2143,1,6,1,2485,603125,107,107849,5.58676683093112,0.15169190434530658
262,0.2144,2,11,2,2496,603114,109,107847,5.586664937567157,0.15169186495461776
263,0.2145,0,6,0,2502,603108,109,107847,5.586609359368632,0.1516931451357681
264,0.2146,0,18,0,2520,603090,109,107847,5.586442624773055,0.15169698580886914
265,0.2147,1,34,1,2554,603056,110,107846,5.586127681648079,0.15170304767745765
266,0.2148,3,64,3,2618,602992,113,107843,5.585534847530475,0.15171312611224827
267,0.2149,0,7,0,2625,602985,113,107843,5.585470006298863,0.1517146201331405
268,0.215,0,34,0,2659,602951,113,107843,5.585155063173886,0.15172187722462485
269,0.2151,1,16,1,2675,602935,114,107842,5.585006854644485,0.15172409911969578
270,0.2152,0,5,0,2680,602930,114,107842,5.584960539479047,0.15172516643874548
271,0.2153,0,22,0,2702,602908,114,107842,5.584756752751121,0.15172986282096376
272,0.2154,1,21,1,2723,602887,115,107841,5.584562229056282,0.15173315248590177
273,0.2155,3,5,3,2728,602882,118,107838,5.5845159138908445,0.1517306393516434
274,0.2156,1,18,1,2746,602864,119,107837,5.584349179295269,0.1517332886825824
275,0.2157,2,31,2,2777,602833,121,107835,5.584062025269554,0.1517375201922698
276,0.2158,0,6,0,2783,602827,121,107835,5.584006447071029,0.15173880128668762
277,0.2159,2,22,2,2805,602805,123,107833,5.583802660343102,0.15174111150825034
278,0.216,1,18,1,2823,602787,124,107832,5.583635925747527,0.15174376142489857
279,0.2161,0,29,0,2852,602758,124,107832,5.583367297787988,0.1517499542633586
280,0.2162,1,20,1,2872,602738,125,107831,5.583182037126236,0.15175303172527932
281,0.2163,0,16,0,2888,602722,125,107831,5.583033828596836,0.15175644885040243
282,0.2164,0,5,0,2893,602717,125,107831,5.582987513431398,0.15175751673356339
283,0.2165,0,3,0,2896,602714,125,107831,5.582959724332135,0.15175815747067392
284,0.2166,0,34,0,2930,602680,125,107831,5.582644781207159,0.15176541953608036
285,0.2167,0,6,0,2936,602674,125,107831,5.5825892030086335,0.15176670114918261
286,0.2168,1,14,1,2950,602660,126,107830,5.582459520545408,0.15176849779729482
287,0.2169,0,11,0,2961,602649,126,107830,5.582357627181445,0.1517708475549594
288,0.217,0,7,0,2968,602642,126,107830,5.582292785949831,0.15177234289317523
289,0.2171,3,15,3,2983,602627,129,107827,5.582153840453518,0.1517719655318993
290,0.2172,5,44,5,3027,602583,134,107822,5.581746266997666,0.15177539572497378
291,0.2173,0,13,0,3040,602570,134,107822,5.581625847567527,0.15177817317762587
292,0.2174,2,56,2,3096,602514,136,107820,5.581107117714624,0.15178775055114918
293,0.2175,0,9,0,3105,602505,136,107820,5.581023750416836,0.15178967374089325
294,0.2176,1,10,1,3115,602495,137,107819,5.580931120085961,0.15179061654423254
295,0.2177,0,21,0,3136,602474,137,107819,5.580736596391122,0.15179510427387008
296,0.2178,0,7,0,3143,602467,137,107819,5.58067175515951,0.15179660024271913
297,0.2179,0,7,0,3150,602460,137,107819,5.580606913927896,0.15179809624105456
298,0.218,1,6,1,3156,602454,138,107818,5.580551335729371,0.1517981843575419
299,0.2181,0,9,0,3165,602445,138,107818,5.580467968431583,0.15180010784737485
300,0.2182,0,39,0,3204,602406,138,107818,5.580106710141169,0.1518084435333078
301,0.2183,1,22,1,3226,602384,139,107817,5.5799029234132425,0.151811951827722
302,0.2184,0,12,0,3238,602372,139,107817,5.579791767016192,0.15181451698069107
303,0.2185,2,94,2,3332,602278,141,107815,5.578921041905962,0.15183222479309047
304,0.2186,1,14,1,3346,602264,142,107814,5.578791359442736,0.15183402386780043
305,0.2187,1,16,1,3362,602248,143,107813,5.578643150913335,0.15183625068832116
306,0.2188,1,4,1,3366,602244,144,107812,5.578606098780985,0.15183591153373818
307,0.2189,0,22,0,3388,602222,144,107812,5.578402312053059,0.15184061608317348
308,0.219,0,11,0,3399,602211,144,107812,5.578300418689095,0.15184296846721868
309,0.2191,0,40,0,3439,602171,144,107812,5.5779298973655935,0.1518515232054852
310,0.2192,0,16,0,3455,602155,144,107812,5.577781688836192,0.15185494537070032
311,0.2193,1,28,1,3483,602127,145,107811,5.577522323909741,0.1518597398646079
312,0.2194,7,100,7,3583,602027,152,107804,5.576596020600985,0.15187276971560837
313,0.2195,0,2,0,3585,602025,152,107804,5.576577494534811,0.1518731976292882
314,0.2196,0,3,0,3588,602022,152,107804,5.576549705435548,0.15187383950432923
315,0.2197,0,10,0,3598,602012,152,107804,5.576457075104672,0.15187597912698503
316,0.2198,0,3,0,3601,602009,152,107804,5.57642928600541,0.1518766210255377
317,0.2199,1,7,1,3608,602002,153,107803,5.576364444773796,0.1518769239439001
318,0.22,1,17,1,3625,601985,154,107802,5.576206973211308,0.15187936662688947
319,0.2201,2,78,2,3703,601907,156,107800,5.575484456630479,0.15189366879571428
320,0.2202,6,136,6,3839,601771,162,107794,5.574224684130572,0.15191561026826295
321,0.2203,1,49,1,3888,601722,163,107793,5.573770795509281,0.15192490645018075
322,0.2204,0,11,0,3899,601711,163,107793,5.573668902145318,0.1519272618618077
323,0.2205,10,191,10,4090,601520,173,107783,5.5718996628255955,0.15195621617277807
324,0.2206,3,40,3,4130,601480,176,107780,5.5715291415020936,0.15196119899613683
325,0.2207,1,7,1,4137,601473,177,107779,5.57146430027048,0.1519615031046793
326,0.2208,0,10,0,4147,601463,177,107779,5.571371669939605,0.15196364569498141
327,0.2209,1,34,1,4181,601429,178,107778,5.5710567268146285,0.1519697352112994
328,0.221,6,83,6,4264,601346,184,107772,5.570287895068361,0.1519803474174961
329,0.2211,1,16,1,4280,601330,185,107771,5.57013968653896,0.1519825807607097
330,0.2212,7,81,7,4361,601249,192,107764,5.569389380858868,0.1519915713816249
331,0.2213,1,32,1,4393,601217,193,107763,5.569092963800067,0.15199723546503427
332,0.2214,1,13,1,4406,601204,194,107762,5.568972544369928,0.15199882645994306
333,0.2215,3,60,3,4466,601144,197,107759,5.568416762384675,0.15200810266002543
334,0.2216,0,9,0,4475,601135,197,107759,5.568333395086888,0.15201003252954604
335,0.2217,1,62,1,4537,601073,198,107758,5.5677590870354585,0.1520221322148721
336,0.2218,0,18,0,4555,601055,198,107758,5.567592352439883,0.1520259927512616
337,0.2219,1,16,1,4571,601039,199,107757,5.567444143910482,0.15202822815027173
338,0.222,0,3,0,4574,601036,199,107757,5.567416354811219,0.1520288716169601
339,0.2221,2,57,2,4631,600979,201,107755,5.566888361925229,0.15203870563568278
340,0.2222,8,38,8,4669,600941,209,107747,5.5665363666679015,0.15203728580136816
341,0.2223,3,29,3,4698,600912,212,107744,5.566267738708363,0.15203991781626064
342,0.2224,2,100,2,4798,600812,214,107742,5.565341435399607,0.15205898209593058
343,0.2225,6,88,6,4886,600724,220,107736,5.564526288487903,0.15207068853569713
344,0.2226,1,63,1,4949,600661,221,107735,5.563942717403386,0.15208301571437444
345,0.2227,2,98,2,5047,600563,223,107733,5.563034940160806,0.15210166371121678
346,0.2228,2,113,2,5160,600450,225,107731,5.561988217421913,0.15212353903874856
347,0.2229,1,63,1,5223,600387,226,107730,5.5614046463373965,0.15213587585102462
348,0.223,0,38,0,5261,600349,226,107730,5.56105265108007,0.15214404042486784
349,0.2231,2,51,2,5312,600298,228,107728,5.560580236392604,0.15215260456536908
350,0.2232,1,44,1,5356,600254,229,107727,5.560172662936752,0.15216086307400906
351,0.2233,3,40,3,5396,600214,232,107724,5.5598021416132495,0.1521658676324763
352,0.2234,7,154,7,5550,600060,239,107717,5.558375634517766,0.15219059110426025
353,0.2235,0,52,0,5602,600008,239,107717,5.557893956797214,0.15220177328764703
354,0.2236,0,7,0,5609,600001,239,107717,5.5578291155656006,0.15220327870705563
355,0.2237,0,17,0,5626,599984,239,107717,5.557671644003112,0.15220693484960457
356,0.2238,0,10,0,5636,599974,239,107717,5.557579013672237,0.15220908560374513
357,0.2239,0,18,0,5654,599956,239,107717,5.557412279076661,0.15221295711437344
358,0.224,2,67,2,5721,599889,241,107715,5.5567916558597945,0.15222497329014534
359,0.2241,5,127,5,5848,599762,246,107710,5.5556152506576755,0.15224630798109323
360,0.2242,0,36,0,5884,599726,246,107710,5.555281781466523,0.152254055490532
361,0.2243,2,95,2,5979,599631,248,107708,5.554401793323206,0.1522721071508852
362,0.2244,3,93,3,6072,599538,251,107705,5.553540331246063,0.15228853449238805
363,0.2245,3,52,3,6124,599486,254,107702,5.55305865352551,0.15229613624665578
364,0.2246,12,142,12,6266,599344,266,107690,5.551743302827077,0.1523123357575449
365,0.2247,0,3,0,6269,599341,266,107690,5.551715513727815,0.1523129820333196
366,0.2248,7,84,7,6353,599257,273,107683,5.55093741894846,0.15232268650804878
367,0.2249,0,10,0,6363,599247,273,107683,5.550844788617585,0.1523248412148303
368,0.225,6,117,6,6480,599130,279,107677,5.549761013746341,0.15234286021502333
369,0.2251,4,87,4,6567,599043,283,107673,5.548955129867724,0.15235681659959588
370,0.2252,1,30,1,6597,599013,284,107672,5.548677238875097,0.15236208494590942
371,0.2253,6,85,6,6682,598928,290,107666,5.547889881062655,0.15237321573633514
372,0.2254,1,76,1,6758,598852,291,107665,5.547185890548001,0.15238840678992863
373,0.2255,0,4,0,6762,598848,291,107665,5.547148838415651,0.15238926955342647
374,0.2256,1,66,1,6828,598782,292,107664,5.546537478231873,0.1524023067580537
375,0.2257,2,21,2,6849,598761,294,107662,5.5463429545370335,0.15240443756785949
376,0.2258,5,64,5,6913,598697,299,107657,5.54575012041943,0.15241224655059643
377,0.2259,6,66,6,6979,598631,305,107651,5.545138760235652,0.15241928861276374
378,0.226,0,62,0,7041,598569,305,107651,5.544564452184223,0.1524326697063238
379,0.2261,3,142,3,7183,598427,308,107648,5.543249101485791,0.15245972453351272
380,0.2262,3,41,3,7224,598386,311,107645,5.542869317129201,0.15246497675031268
381,0.2263,11,209,11,7433,598177,322,107634,5.540933343213902,0.1524969148964808
382,0.2264,1,6,1,7439,598171,323,107633,5.540877765015376,0.152497010501499
383,0.2265,1,59,1,7498,598112,324,107632,5.540331246063211,0.15250855834410212
384,0.2266,5,86,5,7584,598026,329,107627,5.539534625217681,0.1525211399937363
385,0.2267,0,59,0,7643,597967,329,107627,5.538988106265515,0.152533893428799
386,0.2268,5,204,5,7847,597763,334,107622,5.537098447515654,0.15257199968811358
387,0.2269,3,90,3,7937,597673,337,107619,5.536264774537774,0.1525878643171906
388,0.227,6,50,6,7987,597623,343,107613,5.535801622883397,0.15259147292537534
389,0.2271,1,32,1,8019,597591,344,107612,5.535505205824595,0.15259719541748973
390,0.2272,0,8,0,8027,597583,344,107612,5.535431101559895,0.15259892653804977
391,0.2273,5,205,5,8232,597378,349,107607,5.533532179776946,0.15263729015510968
392,0.2274,6,100,6,8332,597278,355,107601,5.532605876468191,0.15265173171565616
393,0.2275,2,74,2,8406,597204,357,107599,5.531920412019712,0.15266535471614054
394,0.2276,0,7,0,8413,597197,357,107599,5.531855570788099,0.1526668709811066
395,0.2277,3,37,3,8450,597160,360,107596,5.5315128385638594,0.15267127913774411
396,0.2278,5,101,5,8551,597059,365,107591,5.530577272222017,0.1526871496487618
397,0.2279,0,26,0,8577,597033,365,107591,5.53033643336174,0.15269278366902064
398,0.228,0,47,0,8624,596986,365,107591,5.529901070806625,0.15270296929931007
399,0.2281,4,49,4,8673,596937,369,107587,5.529447182185335,0.15270877926089105
400,0.2282,1,30,1,8703,596907,370,107586,5.529169291192708,0.15271407948695018
401,0.2283,3,117,3,8820,596790,373,107583,5.528085516321465,0.1527358374043298
402,0.2284,9,276,9,9096,596514,382,107574,5.525528919189299,0.15278487916283193
403,0.2285,3,66,3,9162,596448,385,107571,5.52491755900552,0.15279559216441602
404,0.2286,2,85,2,9247,596363,387,107569,5.524130201193079,0.15281163521476507
405,0.2287,0,11,0,9258,596352,387,107569,5.5240283078291155,0.15281402316453124
406,0.2288,5,83,5,9341,596269,392,107564,5.523259476082848,0.15282602549184252
407,0.2289,2,71,2,9412,596198,394,107562,5.522601800733632,0.15283903603501195
408,0.229,9,209,9,9621,595989,403,107553,5.520665826818333,0.15287360242885287
409,0.2291,3,17,3,9638,595972,406,107550,5.520508355255845,0.15287368412075245
410,0.2292,5,106,5,9744,595866,411,107545,5.519526473748564,0.15289069974737388
411,0.2293,1,13,1,9757,595853,412,107544,5.519406054318426,0.15289232112164255
412,0.2294,1,3,1,9760,595850,413,107543,5.519378265219164,0.1528917688973305
413,0.2295,6,108,6,9868,595742,419,107537,5.518377857645707,0.1529080208565875
414,0.2296,6,73,6,9941,595669,425,107531,5.517701656230316,0.15291666666666667
415,0.2297,0,47,0,9988,595622,425,107531,5.517266293675201,0.1529268878892645
416,0.2298,10,155,10,10143,595467,435,107521,5.51583052354663,0.1529485567321206
417,0.2299,10,152,10,10295,595315,445,107511,5.5144225425173214,0.1529695827985874
418,0.23,4,79,4,10374,595236,449,107507,5.513690762903405,0.15298195784234064
419,0.2301,1,47,1,10421,595189,450,107506,5.51325540034829,0.15299098470887085
420,0.2302,8,176,8,10597,595013,458,107498,5.511625106524881,0.15301966801943315
421,0.2303,0,22,0,10619,594991,458,107498,5.511421319796955,0.15302446016948307
422,0.2304,7,136,7,10755,594855,465,107491,5.510161547297047,0.15304564986488142
423,0.2305,10,155,10,10910,594700,475,107481,5.508725777168476,0.15306737151816982
424,0.2306,3,72,3,10982,594628,478,107478,5.508058838786172,0.15307944954180708
425,0.2307,9,83,9,11065,594545,487,107469,5.507290007039905,0.15308669057882038
426,0.2308,4,64,4,11129,594481,491,107465,5.506697172922301,0.15309582218575218
427,0.2309,0,23,0,11152,594458,491,107465,5.506484123161288,0.15310083869598232
428,0.231,4,113,4,11265,594345,495,107461,5.5054374004223945,0.15312066297523816
429,0.2311,1,16,1,11281,594329,496,107460,5.505289191892993,0.15312294721062883
430,0.2312,2,76,2,11357,594253,498,107458,5.504585201378339,0.15313711770230196
431,0.2313,3,81,3,11438,594172,501,107455,5.5038348956982475,0.15315117576718112
432,0.2314,3,75,3,11513,594097,504,107452,5.503140168216681,0.1531639272524086
433,0.2315,3,31,3,11544,594066,507,107449,5.502853014190967,0.15316707411815855
434,0.2316,1,40,1,11584,594026,508,107448,5.502482492867465,0.1531746009117943
435,0.2317,4,122,4,11706,593904,512,107444,5.501352402830783,0.15319641604453138
436,0.2318,3,38,3,11744,593866,515,107441,5.501000407573456,0.15320109452778882
437,0.2319,5,193,5,11937,593673,520,107436,5.499212642187558,0.15323722844807297
438,0.232,6,119,6,12056,593554,526,107430,5.498110341250139,0.153255994430686
439,0.2321,3,56,3,12112,593498,529,107427,5.497591611397236,0.15326461461639976
440,0.2322,5,47,5,12159,593451,534,107422,5.497156248842121,0.15326885184619754
441,0.2323,2,48,2,12207,593403,536,107420,5.496711623253918,0.15327693297737088
442,0.2324,0,4,0,12211,593399,536,107420,5.496674571121568,0.15327780782199113
443,0.2325,4,85,4,12296,593314,540,107416,5.495887213309126,0.15329156736546173
444,0.2326,11,203,11,12499,593111,551,107405,5.494006817592353,0.15332269355732062
445,0.2327,1,50,1,12549,593061,552,107404,5.493543665937975,0.15333242917205
446,0.2328,3,98,3,12647,592963,555,107401,5.4926358886953945,0.15335025786590972
447,0.2329,2,42,2,12689,592921,557,107399,5.492246841305717,0.15335703678318482
448,0.233,2,156,2,12845,592765,559,107397,5.490801808144059,0.15338878716639864
449,0.2331,4,32,4,12877,592733,563,107393,5.490505391085257,0.15339096105558142
450,0.2332,2,71,2,12948,592662,565,107391,5.48984771573604,0.1534040994039023
451,0.2333,0,34,0,12982,592628,565,107391,5.489532772611064,0.15341155025792158
452,0.2334,1,35,1,13017,592593,566,107390,5.489208566453,0.15341801158028123
453,0.2335,2,73,2,13090,592520,568,107388,5.488532365037608,0.15343159386662247
454,0.2336,1,12,1,13102,592508,569,107387,5.488421208640557,0.15343301495224285
455,0.2337,10,145,10,13247,592363,579,107377,5.4870780688428615,0.15345271100694544
456,0.2338,1,95,1,13342,592268,580,107376,5.486198080699544,0.15347233736014315
457,0.2339,14,167,14,13509,592101,594,107362,5.484651154173923,0.153492036033357
458,0.234,4,113,4,13622,591988,598,107358,5.483604431435029,0.15351199549293196
459,0.2341,5,66,5,13688,591922,603,107353,5.482993071251251,0.15352043187587144
460,0.2342,3,64,3,13752,591858,606,107350,5.482400237133647,0.1535308520497477
461,0.2343,13,163,13,13915,591695,619,107337,5.480890362740376,0.1535509104018128
462,0.2344,3,26,3,13941,591669,622,107334,5.480649523880099,0.1535529890429655
463,0.2345,4,56,4,13997,591613,626,107330,5.480130794027196,0.1535604477046054
464,0.2346,11,163,11,14160,591450,637,107319,5.478620919633925,0.15358294371959832
465,0.2347,3,76,3,14236,591374,640,107316,5.477916929119271,0.15359601540024903
466,0.2348,5,70,5,14306,591304,645,107311,5.477268516803142,0.15360534772371048
467,0.2349,3,68,3,14374,591236,648,107308,5.476638630553189,0.15361666552142741
468,0.235,6,49,6,14423,591187,654,107302,5.476184741931898,0.15362017154171362
469,0.2351,4,28,4,14451,591159,658,107298,5.475925377005447,0.15362148278276258
470,0.2352,1,15,1,14466,591144,659,107297,5.475786431509134,0.15362357020850723
471,0.2353,5,134,5,14600,591010,664,107292,5.474545185075401,0.15364698941145807
472,0.2354,6,163,6,14763,590847,670,107286,5.47303531068213,0.15367558903532708
473,0.2355,8,132,8,14895,590715,678,107278,5.471812590314572,0.1536949510954981
474,0.2356,2,69,2,14964,590646,680,107276,5.471173441031532,0.15370772092010282
475,0.2357,4,58,4,15022,590588,684,107272,5.470636185112453,0.15371564497177084
476,0.2358,7,62,7,15084,590526,691,107265,5.470061877061025,0.15372081325210557
477,0.2359,1,79,1,15163,590447,692,107264,5.469330097447108,0.15373700572299992
478,0.236,2,76,2,15239,590371,694,107262,5.4686261069324535,0.15375132770382136
479,0.2361,9,152,9,15391,590219,703,107253,5.467218125903146,0.15377391493852083
480,0.2362,1,13,1,15404,590206,704,107252,5.467097706473007,0.15377556784781307
481,0.2363,5,76,5,15480,590130,709,107247,5.466393715958353,0.15378625908224677
482,0.2364,9,151,9,15631,589979,718,107238,5.464994997962132,0.1538086420726976
483,0.2365,10,249,10,15880,589730,728,107228,5.462688502723331,0.15385145159392674
484,0.2366,6,67,6,15947,589663,734,107222,5.462067879506465,0.15385895807773162
485,0.2367,22,283,22,16230,589380,756,107200,5.4594464411426875,0.1538947428866749
486,0.2368,5,73,5,16303,589307,761,107195,5.458770239727296,0.1539047985504708
487,0.2369,8,141,8,16444,589166,769,107187,5.457464152061951,0.1539262414321472
488,0.237,2,70,2,16514,589096,771,107185,5.456815739745823,0.15393928600665535
489,0.2371,2,44,2,16558,589052,773,107183,5.45640816628997,0.15394658412748569
490,0.2372,3,67,3,16625,588985,776,107180,5.455787543073104,0.15395775426802555
491,0.2373,6,143,6,16768,588842,782,107174,5.454462929341584,0.15398209236569274
492,0.2374,6,94,6,16862,588748,788,107168,5.453592204231353,0.15399559716977337
493,0.2375,4,64,4,16926,588684,792,107164,5.4529993701137505,0.1540048976213196
494,0.2376,3,75,3,17001,588609,795,107161,5.452304642632184,0.1540178507265332
495,0.2377,2,67,2,17068,588542,797,107159,5.4516840194153176,0.15403025150172273
496,0.2378,0,34,0,17102,588508,797,107159,5.451369076290341,0.15403777956982292
497,0.2379,6,104,6,17206,588404,803,107153,5.4504057208492345,0.15405351394637679
498,0.238,13,111,13,17317,588293,816,107140,5.4493775241765166,0.15406228925000684
499,0.2381,4,49,4,17366,588244,820,107136,5.448923635555226,0.15406827921424257
500,0.2382,1,60,1,17426,588184,821,107135,5.448367853569973,0.15408035736115366
501,0.2383,3,24,3,17450,588160,824,107132,5.448145540775871,0.15408202596894544
502,0.2384,13,143,13,17593,588017,837,107119,5.446820927044351,0.15409790314413294
503,0.2385,9,129,9,17722,587888,846,107110,5.445625995776057,0.15411555141165875
504,0.2386,6,138,6,17860,587750,852,107104,5.444347697209975,0.1541388550688346
505,0.2387,12,161,12,18021,587589,864,107092,5.442856348882878,0.15415996694885853
506,0.2388,3,76,3,18097,587513,867,107089,5.442152358368224,0.15417318118865192
507,0.2389,4,97,4,18194,587416,871,107085,5.441253844158731,0.15418984277920406
508,0.239,9,188,9,18382,587228,880,107076,5.439512393938271,0.15422062958012628
509,0.2391,10,96,10,18478,587132,890,107066,5.438623142761866,0.1542297730618642
510,0.2392,7,59,7,18537,587073,897,107059,5.4380766238097005,0.15423435312015582
511,0.2393,5,90,5,18627,586983,902,107054,5.437242950831821,0.1542482605394237
512,0.2394,2,119,2,18746,586864,904,107052,5.436140649894401,0.15427227503040714
513,0.2395,3,37,3,18783,586827,907,107049,5.435797917670162,0.1542768448541238
514,0.2396,2,37,2,18820,586790,909,107047,5.435455185445923,0.15428263410570495
515,0.2397,13,132,13,18952,586658,922,107034,5.434232465078365,0.15429614295681657
516,0.2398,8,70,8,19022,586588,930,107026,5.433584052762236,0.15430196045639216
517,0.2399,3,149,3,19171,586439,933,107023,5.432203860832191,0.15433145579714533
518,0.24,11,196,11,19367,586243,944,107012,5.43038830634703,0.15436167066952275
519,0.2401,5,165,5,19532,586078,949,107007,5.428859905887584,0.15439231840250475
520,0.2402,9,151,9,19683,585927,958,106998,5.427461187891363,0.1544149799761879
521,0.2403,7,123,7,19806,585804,965,106991,5.426321834821594,0.15443385128356873
522,0.2404,5,42,5,19848,585762,970,106986,5.4259327874319165,0.15443711133052712
523,0.2405,11,136,11,19984,585626,981,106975,5.42467301493201,0.1544540074299633
524,0.2406,3,59,3,20043,585567,984,106972,5.424126495979843,0.15446350313845142
525,0.2407,3,43,3,20086,585524,987,106969,5.423728185557079,0.154469431459957
526,0.2408,1,50,1,20136,585474,988,106968,5.423265033902701,0.15447936433665202
527,0.2409,7,80,7,20216,585394,995,106961,5.422523991255697,0.1544886654967466
528,0.241,7,113,7,20329,585281,1002,106954,5.421477268516803,0.15450533417119908
529,0.2411,5,42,5,20371,585239,1007,106949,5.421088221127126,0.1545086017093622
530,0.2412,10,123,10,20494,585116,1017,106939,5.419948868057356,0.154523845648106
531,0.2413,5,124,5,20618,584992,1022,106934,5.4188002519545,0.15454542826834083
532,0.2414,11,164,11,20782,584828,1033,106923,5.417281114528141,0.15456862368106442
533,0.2415,6,104,6,20886,584724,1039,106917,5.416317759087035,0.15458453157056912
534,0.2416,7,64,7,20950,584660,1046,106910,5.415724924969432,0.1545902800873375
535,0.2417,9,169,9,21119,584491,1055,106901,5.414159472377635,0.15461706239007683
536,0.2418,7,174,7,21293,584317,1062,106894,5.412547704620401,0.15464742314575433
537,0.2419,10,162,10,21455,584155,1072,106884,5.411047093260217,0.15467144401401367
538,0.242,7,126,7,21581,584029,1079,106877,5.4098799510911855,0.15469108677591453
539,0.2421,9,116,9,21697,583913,1088,106868,5.408805439253029,0.1547060501085004
540,0.2422,0,26,0,21723,583887,1088,106868,5.4085646003927526,0.15471187324015026
541,0.2423,6,85,6,21808,583802,1094,106862,5.407777242580311,0.15472357036127551
542,0.2424,8,103,8,21911,583699,1102,106854,5.4068231501722925,0.1547368558242452
543,0.2425,6,138,6,22049,583561,1108,106848,5.40554485160621,0.15476043910203952
544,0.2426,3,89,3,22138,583472,1111,106845,5.404720441661418,0.15477671852207028
545,0.2427,7,137,7,22275,583335,1118,106838,5.403451406128423,0.15479886926900938
546,0.2428,1,67,1,22342,583268,1119,106837,5.402830782911557,0.15481267343375282
547,0.2429,2,42,2,22384,583226,1121,106835,5.4024417355218795,0.15481964637908824
548,0.243,8,187,8,22571,583039,1129,106827,5.400709548334507,0.1548518118011324
549,0.2431,17,255,17,22826,582784,1146,106810,5.3983474748971805,0.15488823858676265
550,0.2432,4,85,4,22911,582699,1150,106806,5.397560117084738,0.1549024300041334
551,0.2433,7,97,7,23008,582602,1157,106799,5.396661602875246,0.1549156441606554
552,0.2434,6,178,6,23186,582424,1163,106793,5.395012782985661,0.1549482964001178
553,0.2435,3,84,3,23270,582340,1166,106790,5.394234688206306,0.15496350470883577
554,0.2436,12,284,12,23554,582056,1178,106778,5.391603986809441,0.15501267359044416
555,0.2437,7,152,7,23706,581904,1185,106771,5.390196005780132,0.15503829818129017
556,0.2438,1,141,1,23847,581763,1186,106770,5.388889918114788,0.15506882023083862
557,0.2439,4,176,4,24023,581587,1190,106766,5.387259624291378,0.15510355878451898
558,0.244,10,123,10,24146,581464,1200,106756,5.386120271221609,0.1551190026445032
559,0.2441,10,237,10,24383,581227,1210,106746,5.383924932379858,0.1551601589015848
560,0.2442,4,45,4,24428,581182,1214,106742,5.383508095890918,0.15516539617748473
561,0.2443,0,60,0,24488,581122,1214,106742,5.382952313905665,0.15517893071886302
562,0.2444,2,41,2,24529,581081,1216,106740,5.382572529549075,0.1551857241927769
563,0.2445,13,255,13,24784,580826,1229,106727,5.380210456111749,0.15522730611312874
564,0.2446,5,174,5,24958,580652,1234,106722,5.378598688354515,0.15526045500702673
565,0.2447,2,96,2,25054,580556,1236,106720,5.37770943717811,0.1552796838533573
566,0.2448,4,121,4,25175,580435,1240,106716,5.376588610174515,0.15530210972551883
567,0.2449,6,166,6,25341,580269,1246,106710,5.375050946681982,0.15533225906468756
568,0.245,16,336,16,25677,579933,1262,106694,5.3719385675645634,0.15538858798153873
569,0.2451,4,113,4,25790,579820,1266,106690,5.370891844825669,0.15540924385660806
570,0.2452,10,208,10,25998,579612,1276,106680,5.368965133943458,0.15544403839764998
571,0.2453,13,281,13,26279,579331,1289,106667,5.366362221645856,0.15549170697290662
572,0.2454,6,51,6,26330,579280,1295,106661,5.36588980695839,0.15549588084106358
573,0.2455,6,94,6,26424,579186,1301,106655,5.3650190818481605,0.15550980475066378
574,0.2456,12,136,12,26560,579050,1313,106643,5.363759309348253,0.15552586944886415
575,0.2457,17,207,17,26767,578843,1330,106626,5.361841861499129,0.1555518922081086
576,0.2458,8,152,8,26919,578691,1338,106618,5.360433880469821,0.15557653554819798
577,0.2459,8,64,8,26983,578627,1346,106610,5.3598410463522175,0.15558120766975514
578,0.246,17,209,17,27192,578418,1363,106593,5.357905072436918,0.15560772016799732
579,0.2461,9,220,9,27412,578198,1372,106584,5.355867205157657,0.15564661454302245
580,0.2462,3,69,3,27481,578129,1375,106581,5.3552280558746155,0.15565859999123716
581,0.2463,14,264,14,27745,577865,1389,106567,5.3527826151395015,0.15570136989503705
582,0.2464,8,196,8,27941,577669,1397,106559,5.350967060654341,0.15573609966268553
583,0.2465,15,234,15,28175,577435,1412,106544,5.348799510911853,0.15577086431016157
584,0.2466,15,261,15,28436,577174,1427,106529,5.3463818592760015,0.15581180717358267
585,0.2467,7,75,7,28511,577099,1434,106522,5.345687131794435,0.1558202571307786
586,0.2468,8,122,8,28633,576977,1442,106514,5.344557041757753,0.15583818952992798
587,0.2469,11,237,11,28870,576740,1453,106503,5.342361702916003,0.1558786551783187
588,0.247,2,118,2,28988,576622,1455,106501,5.341268665011672,0.1559031096888847
589,0.2471,7,161,7,29149,576461,1462,106494,5.339777316684575,0.1559312106947017
590,0.2472,6,166,6,29315,576295,1468,106488,5.3382396531920415,0.15596170379168783
591,0.2473,10,173,10,29488,576122,1478,106478,5.3366371484678945,0.1559888661002051
592,0.2474,7,80,7,29568,576042,1485,106471,5.33589610582089,0.15599849380158326
593,0.2475,9,210,9,29778,575832,1494,106462,5.3339508688725035,0.15603537477978702
594,0.2476,10,82,10,29860,575750,1504,106452,5.333191300159324,0.15604175889252744
595,0.2477,6,181,6,30041,575569,1510,106446,5.331514691170477,0.1560757461346158
596,0.2478,6,67,6,30108,575502,1516,106440,5.3308940679536105,0.15608365520821418
597,0.2479,7,166,7,30274,575336,1523,106433,5.329356404461077,0.15611299428398767
598,0.248,1,65,1,30339,575271,1524,106432,5.328754307310386,0.15612664166066453
599,0.2481,0,63,0,30402,575208,1524,106432,5.32817073622587,0.1561410715333607
600,0.2482,4,84,4,30486,575124,1528,106428,5.327392641446515,0.15615536305373617
601,0.2483,20,281,20,30767,574843,1548,106408,5.324789729148913,0.15619500008073384
602,0.2484,12,194,12,30961,574649,1560,106396,5.322992700729927,0.15622462539186105
603,0.2485,16,262,16,31223,574387,1576,106380,5.320565786060988,0.1562649188341973
604,0.2486,1,113,1,31336,574274,1577,106379,5.319519063322094,0.1562896218778144
605,0.2487,17,337,17,31673,573937,1594,106362,5.3163974211715885,0.15634595964421527
606,0.2488,8,81,8,31754,573856,1602,106354,5.315647115491497,0.15635465518001793
607,0.2489,3,151,3,31905,573705,1605,106351,5.314248397495276,0.15638565059348053
608,0.249,14,206,14,32111,573499,1619,106337,5.312340212679239,0.15641566495448903
609,0.2491,6,180,6,32291,573319,1625,106331,5.31067286672348,0.15644964319870522
610,0.2492,12,223,12,32514,573096,1637,106319,5.308607210344955,0.15648609465496052
611,0.2493,6,110,6,32624,572986,1643,106313,5.307588276705324,0.15650398425435633
612,0.2494,4,121,4,32745,572865,1647,106309,5.306467449701731,0.1565268988506627
613,0.2495,3,128,3,32873,572737,1650,106306,5.305281781466523,0.1565526778127453
614,0.2496,10,235,10,33108,572502,1660,106296,5.303104968690948,0.15659445077917142
615,0.2497,9,147,9,33255,572355,1669,106287,5.301743302827077,0.15661718549691886
616,0.2498,19,274,19,33529,572081,1688,106268,5.299205231761088,0.15665682414214513
617,0.2499,6,120,6,33649,571961,1694,106262,5.298093667790582,0.15667708113703016
618,0.25,5,123,5,33772,571838,1699,106257,5.2969543147208125,0.1566992825489054
619,0.2501,9,180,9,33952,571658,1708,106248,5.295286968765052,0.15672969408738086
620,0.2502,9,205,9,34157,571453,1717,106239,5.293388046982104,0.1567659054555757
621,0.2503,13,159,13,34316,571294,1730,106226,5.2919152247211825,0.1567865155272169
622,0.2504,15,196,15,34512,571098,1745,106211,5.290099670236022,0.15681321228567757
623,0.2505,4,85,4,34597,571013,1749,106207,5.28931231242358,0.1568279141194885
624,0.2506,7,159,7,34756,570854,1756,106200,5.287839490162659,0.15685602625492207
625,0.2507,15,182,15,34938,570672,1771,106185,5.286153618140724,0.15687951812568976
626,0.2508,4,72,4,35010,570600,1775,106181,5.28548667975842,0.15689122478320167
627,0.2509,11,202,11,35212,570398,1786,106170,5.283615547074734,0.15692435941398353
628,0.251,4,170,4,35382,570228,1790,106166,5.28204083144985,0.15695881394571803
629,0.2511,4,124,4,35506,570104,1794,106162,5.280892215346993,0.15698260743553571
630,0.2512,9,205,9,35711,569899,1803,106153,5.278993293564045,0.1570189867051647
631,0.2513,21,329,21,36040,569570,1824,106132,5.275945755678239,0.15706924058238692
632,0.2514,4,65,4,36105,569505,1828,106128,5.275343658527548,0.15707936113244914
633,0.2515,3,136,3,36241,569369,1831,106125,5.274083886027641,0.15710724299549664
634,0.2516,3,76,3,36317,569293,1834,106122,5.273379895512987,0.1571211773502217
635,0.2517,7,93,7,36410,569200,1841,106115,5.272518433435844,0.15713407817092764
636,0.2518,17,298,17,36708,568902,1858,106098,5.269758049575753,0.15718222222222222
637,0.2519,18,261,18,36969,568641,1876,106080,5.267340397939901,0.157220540045441
638,0.252,10,114,10,37083,568527,1886,106070,5.26628441216792,0.157234615629776
639,0.2521,10,271,10,37354,568256,1896,106060,5.263774130201193,0.15728530837174262
640,0.2522,6,87,6,37441,568169,1902,106054,5.2629682463225755,0.15729810463303684
641,0.2523,9,90,9,37531,568079,1911,106045,5.262134573344696,0.1573078543413378
642,0.2524,3,75,3,37606,568004,1914,106042,5.261439845863129,0.15732160713067062
643,0.2525,14,226,14,37832,567778,1928,106028,5.2593464003853425,0.15735686532918972
644,0.2526,5,173,5,38005,567605,1933,106023,5.2577438956611955,0.15739102293847643
645,0.2527,2,111,2,38116,567494,1935,106021,5.256715698988477,0.1574144599600603
646,0.2528,9,95,9,38211,567399,1944,106012,5.255835710845159,0.1574254058814008
647,0.2529,4,54,4,38265,567345,1948,106008,5.255335507058431,0.1574330254710382
648,0.253,17,232,17,38497,567113,1965,105991,5.253186483382119,0.15746600822458343
649,0.2531,0,41,0,38538,567072,1965,105991,5.252806699025529,0.15747560035241873
650,0.2532,6,198,6,38736,566874,1971,105985,5.250972618474194,0.15751442724255751
651,0.2533,3,86,3,38822,566788,1974,105982,5.250175997628664,0.15753080547586842
652,0.2534,19,272,19,39094,566516,1993,105963,5.247656452628849,0.15757071968046585
653,0.2535,11,227,11,39321,566289,2004,105952,5.245553744117974,0.15761014279105262
654,0.2536,25,284,25,39605,566005,2029,105927,5.242923042721109,0.15764541650047922
655,0.2537,8,139,8,39744,565866,2037,105919,5.241635481121938,0.1576680039000573
656,0.2538,12,108,12,39852,565758,2049,105907,5.240635073548483,0.15767830689406176
657,0.2539,21,272,21,40124,565486,2070,105886,5.238115528548668,0.1577158415900574
658,0.254,9,172,9,40296,565314,2079,105877,5.236522286857609,0.15774496380314992
659,0.2541,9,136,9,40432,565178,2088,105868,5.235262514357701,0.15776563752708458
660,0.2542,5,85,5,40517,565093,2093,105863,5.234475156545259,0.15777934767704588
661,0.2543,9,222,9,40739,564871,2102,105854,5.2324187631998225,0.157820269111782
662,0.2544,3,156,3,40895,564715,2105,105851,5.230973730038164,0.15785321653647813
663,0.2545,1,29,1,40924,564686,2106,105850,5.230705102078625,0.15785878759678823
664,0.2546,5,118,5,41042,564568,2111,105845,5.229612064174293,0.15788029170078743
665,0.2547,10,180,10,41222,564388,2121,105835,5.2279447182185335,0.1579101284199438
666,0.2548,2,123,2,41345,564265,2123,105833,5.226805365148764,0.15793660031816242
667,0.2549,14,95,14,41440,564170,2137,105819,5.225925377005447,0.15794139903789464
668,0.255,4,121,4,41561,564049,2141,105815,5.224804550001853,0.15796490033797905
669,0.2551,9,114,9,41675,563935,2150,105806,5.223748564229871,0.15798047304853668
670,0.2552,7,193,7,41868,563742,2157,105799,5.221960798843973,0.15801720880424053
671,0.2553,8,113,8,41981,563629,2165,105791,5.22091407610508,0.15803382032206986
672,0.2554,29,391,29,42372,563238,2194,105762,5.217292230167846,0.1580896860986547
673,0.2555,4,120,4,42492,563118,2198,105758,5.2161806661973396,0.15811301347334933
674,0.2556,7,96,7,42588,563022,2205,105751,5.215291415020935,0.15812689806556185
675,0.2557,11,251,11,42839,562771,2216,105740,5.212966393715958,0.15817241601110527
676,0.2558,13,326,13,43165,562445,2229,105727,5.209946644929416,0.15823320941314512
677,0.2559,2,81,2,43246,562364,2231,105725,5.209196339249324,0.15824987389404704
678,0.256,2,82,2,43328,562282,2233,105723,5.208436770536144,0.15826677944027365
679,0.2561,6,84,6,43412,562198,2239,105717,5.2076586757567895,0.15827912234341196
680,0.2562,13,230,13,43642,561968,2252,105704,5.205528178146652,0.15831725757557602
681,0.2563,10,137,10,43779,561831,2262,105694,5.204259142613657,0.15833714093105128
682,0.2564,5,84,5,43863,561747,2267,105689,5.203481047834303,0.158350763219245
683,0.2565,7,108,7,43971,561639,2274,105682,5.2024806402608474,0.15836756223766374
684,0.2566,5,90,5,44061,561549,2279,105677,5.201646967282967,0.15838261698435013
685,0.2567,5,84,5,44145,561465,2284,105672,5.200868872503612,0.15839625144460584
686,0.2568,2,109,2,44254,561356,2286,105670,5.199859201897069,0.15841961182922404
687,0.2569,15,272,15,44526,561084,2301,105655,5.197339656897254,0.1584653065142432
688,0.257,15,245,15,44771,560839,2316,105640,5.195070213790804,0.15850461905026264
689,0.2571,3,76,3,44847,560763,2319,105637,5.194366223276149,0.1585189075630252
690,0.2572,3,95,3,44942,560668,2322,105634,5.1934862351328315,0.1585377201329127
691,0.2573,10,153,10,45095,560515,2332,105624,5.192068991070436,0.15856150142838057
692,0.2574,2,57,2,45152,560458,2334,105622,5.191540998184445,0.15857254383857794
693,0.2575,10,142,10,45294,560316,2344,105612,5.190225647486013,0.15859372184380294
694,0.2576,17,219,17,45513,560097,2361,105595,5.188197043239838,0.15862440888579102
695,0.2577,9,190,9,45703,559907,2370,105586,5.186437066953203,0.15865831796878405
696,0.2578,6,186,6,45889,559721,2376,105580,5.184714142798918,0.15869508688548492
697,0.2579,10,200,10,46089,559521,2386,105570,5.182861536181408,0.15873015873015872
698,0.258,11,106,11,46195,559415,2397,105559,5.181879654674127,0.158741544782202
699,0.2581,9,269,9,46464,559146,2406,105550,5.179387898773575,0.15879439623527147
700,0.2582,9,124,9,46588,559022,2415,105541,5.1782392826707175,0.1588126332642654
701,0.2583,8,81,8,46669,558941,2423,105533,5.177488976990626,0.15882186511436114
702,0.2584,9,173,9,46842,558768,2432,105524,5.175886472266479,0.15885183021924093
703,0.2585,11,196,11,47038,558572,2443,105513,5.174070917781318,0.15888478131564485
704,0.2586,4,110,4,47148,558462,2447,105509,5.173051984141687,0.15890603655882563
705,0.2587,7,81,7,47229,558381,2454,105502,5.172301678461595,0.15891655607991167
706,0.2588,5,142,5,47371,558239,2459,105497,5.1709863277631625,0.1589442187857823
707,0.2589,10,182,10,47553,558057,2469,105487,5.169300455741228,0.15897513955366938
708,0.259,18,291,18,47844,557766,2487,105469,5.166604913112749,0.15902206608517344
709,0.2591,9,173,9,48017,557593,2496,105460,5.165002408388602,0.15905214213645064
710,0.2592,4,112,4,48129,557481,2500,105456,5.163964948682796,0.15907393915258916
711,0.2593,5,68,5,48197,557413,2505,105451,5.163335062432843,0.1590839146491588
712,0.2594,6,145,6,48342,557268,2511,105445,5.161991922635147,0.15911110842853543
713,0.2595,12,171,12,48513,557097,2523,105433,5.160407943977176,0.1591369447421249
714,0.2596,5,174,5,48687,556923,2528,105428,5.1587961762199415,0.1591724025478938
715,0.2597,6,40,6,48727,556883,2534,105422,5.15842565489644,0.15917439850220064
716,0.2598,6,128,6,48855,556755,2540,105416,5.157239986661232,0.15919754866945246
717,0.2599,26,362,26,49217,556393,2566,105390,5.153886768683538,0.15925159757805807
718,0.26,11,227,11,49444,556166,2577,105379,5.1517840601726625,0.1592922628090304
719,0.2601,3,75,3,49519,556091,2580,105376,5.151089332691097,0.1593065111335864
720,0.2602,12,130,12,49649,555961,2592,105364,5.149885138389714,0.15932257210902356
721,0.2603,20,355,20,50004,555606,2612,105344,5.146596761643632,0.15938270671003857
722,0.2604,3,65,3,50069,555541,2615,105341,5.1459946644929415,0.15939456665486426
723,0.2605,7,137,7,50206,555404,2622,105334,5.144725628959947,0.15941871059330628
724,0.2606,26,419,26,50625,554985,2648,105308,5.140844418096261,0.15948677329609734
725,0.2607,14,113,14,50738,554872,2662,105294,5.139797695357368,0.1594962479134036
726,0.2608,5,76,5,50814,554796,2667,105289,5.139093704842714,0.1595082451502458
727,0.2609,17,293,17,51107,554503,2684,105272,5.13637963614806,0.15955742487969385
728,0.261,12,140,12,51247,554363,2696,105260,5.135082811515803,0.15957600023043467
729,0.2611,13,145,13,51392,554218,2709,105247,5.133739671718107,0.15959451980014103
730,0.2612,7,202,7,51594,554016,2716,105240,5.131868539034421,0.1596344970694237
731,0.2613,5,122,5,51716,553894,2721,105235,5.1307384489977395,0.1596576694395179
732,0.2614,10,159,10,51875,553735,2731,105225,5.129265626736819,0.15968344057302417
733,0.2615,12,271,12,52146,553464,2743,105213,5.126755344770092,0.15973383008667374
734,0.2616,4,80,4,52226,553384,2747,105209,5.126014302123087,0.15974812972503505
735,0.2617,8,193,8,52419,553191,2755,105201,5.124226536737189,0.15978474829584807
736,0.2618,20,229,20,52648,552962,2775,105181,5.122105302160139,0.1598148122824371
737,0.2619,2,94,2,52742,552868,2777,105179,5.1212345770499095,0.15983508776728714
738,0.262,4,68,4,52810,552800,2781,105175,5.120604690799955,0.15984649872715528
739,0.2621,20,360,20,53170,552440,2801,105155,5.117269998888436,0.15990845429177533
740,0.2622,6,174,6,53344,552266,2807,105149,5.115658231131202,0.1599431105161884
741,0.2623,6,96,6,53440,552170,2813,105143,5.114768979954796,0.1599588019710549
742,0.2624,15,143,15,53583,552027,2828,105128,5.113444366223276,0.1599744352550007
743,0.2625,19,161,19,53744,551866,2847,105109,5.11195301789618,0.15998934510445603
744,0.2626,8,67,8,53811,551799,2855,105101,5.111332394679314,0.1599954330948394
745,0.2627,17,301,17,54112,551498,2872,105084,5.10854422171996,0.16004703144466342
746,0.2628,17,346,17,54458,551152,2889,105067,5.105339212271666,0.16010965851339262
747,0.2629,11,150,11,54608,551002,2900,105056,5.103949757308533,0.16013218343500119
748,0.263,4,78,4,54686,550924,2904,105052,5.103227240727704,0.16014610290620387
749,0.2631,12,171,12,54857,550753,2916,105040,5.101643262069732,0.16017249345448945
750,0.2632,7,266,7,55123,550487,2923,105033,5.099179295268443,0.1602285208689285
751,0.2633,5,55,5,55178,550432,2928,105028,5.098669828448627,0.16023555975955817
752,0.2634,14,278,14,55456,550154,2942,105014,5.096094705250287,0.16028560613460974
753,0.2635,13,223,13,55679,549931,2955,105001,5.0940290488717626,0.16032351450226895
754,0.2636,1,110,1,55789,549821,2956,105000,5.093010115232132,0.16034916412271444
755,0.2637,14,251,14,56040,549570,2970,104986,5.0906850939271555,0.1603926936732686
756,0.2638,9,233,9,56273,549337,2979,104977,5.088526807217756,0.1604382605293483
757,0.2639,7,121,7,56394,549216,2986,104970,5.087405980214161,0.16045895204116262
758,0.264,3,194,3,56588,549022,2989,104967,5.085608951795176,0.1605026995866903
759,0.2641,21,248,21,56836,548774,3010,104946,5.083311719589462,0.16053662118338127
760,0.2642,9,141,9,56977,548633,3019,104937,5.082005631924117,0.16055969521244856
761,0.2643,11,205,11,57182,548428,3030,104926,5.080106710141169,0.1605959403324997
762,0.2644,12,221,12,57403,548207,3042,104914,5.078059579828819,0.1606348593905264
763,0.2645,14,156,14,57559,548051,3056,104900,5.076614546667161,0.16065524059232622
764,0.2646,19,319,19,57878,547732,3075,104881,5.073659639112231,0.16070933309633734
765,0.2647,22,283,22,58161,547449,3097,104859,5.071038200748453,0.1607507496458728
766,0.2648,17,239,17,58400,547210,3114,104842,5.068824335840528,0.1607877899308644
767,0.2649,7,78,7,58478,547132,3121,104835,5.068101819259699,0.1607980158504955
768,0.265,10,125,10,58603,547007,3131,104825,5.066943940123754,0.16081597712293966
769,0.2651,24,224,24,58827,546783,3155,104801,5.064869020712142,0.16084035212651016
770,0.2652,6,156,6,58983,546627,3161,104795,5.063423987550483,0.16087114036676686
771,0.2653,19,254,19,59237,546373,3180,104776,5.061071177146244,0.1609094078313873
772,0.2654,7,143,7,59380,546230,3187,104769,5.059746563414724,0.16093573108407233
773,0.2655,8,93,8,59473,546137,3195,104761,5.058885101337582,0.1609484128081512
774,0.2656,8,119,8,59592,546018,3203,104753,5.057782800400163,0.16096752928449484
775,0.2657,19,294,19,59886,545724,3222,104734,5.055059468672422,0.1610157765758896
776,0.2658,4,124,4,60010,545600,3226,104730,5.053910852569565,0.16104131748496917
777,0.2659,20,285,20,60295,545315,3246,104710,5.051270888139612,0.1610861120726126
778,0.266,6,191,6,60486,545124,3252,104704,5.04950164881989,0.16112571326566413
779,0.2661,14,227,14,60713,544897,3266,104690,5.047398940309015,0.16116393954928285
780,0.2662,15,195,15,60908,544702,3281,104675,5.045592648856942,0.1611929587897323
781,0.2663,10,218,10,61126,544484,3291,104665,5.043573307643855,0.1612341696590459
782,0.2664,10,124,10,61250,544360,3301,104655,5.042424691540998,0.16125205118525765
783,0.2665,8,163,8,61413,544197,3309,104647,5.040914817147727,0.1612822188384265
784,0.2666,5,136,5,61549,544061,3314,104642,5.039655044647819,0.1613095669358705
785,0.2667,12,147,12,61696,543914,3326,104630,5.0382933787839494,0.1613306113386293
786,0.2668,13,132,13,61828,543782,3339,104617,5.037070658416392,0.16134663995471923
787,0.2669,12,171,12,61999,543611,3351,104605,5.03548667975842,0.16137367790983254
788,0.267,24,313,24,62312,543298,3375,104581,5.032587350402015,0.16142057390346037
789,0.2671,6,136,6,62448,543162,3381,104575,5.0313275779021085,0.1614466982741452
790,0.2672,15,170,15,62618,542992,3396,104560,5.029752862277224,0.16146965803518482
791,0.2673,7,78,7,62696,542914,3403,104553,5.029030345696395,0.16148004454281067
792,0.2674,20,310,20,63006,542604,3423,104533,5.026158805439253,0.1615314840597895
793,0.2675,6,155,6,63161,542449,3429,104527,5.024723035310682,0.16156240726085666
794,0.2676,13,171,13,63332,542278,3442,104514,5.0231390566527105,0.161588269490037
795,0.2677,16,248,16,63580,542030,3458,104498,5.020841824446997,0.16162950405860227
796,0.2678,11,104,11,63684,541926,3469,104487,5.019878469005891,0.16164124174482877
797,0.2679,12,173,12,63857,541753,3481,104475,5.018275964281744,0.1616689465637515
798,0.268,25,353,25,64210,541400,3506,104450,5.015006113601838,0.16172485871332354
799,0.2681,9,124,9,64334,541276,3515,104441,5.013857497498981,0.16174423160610607
800,0.2682,4,69,4,64403,541207,3519,104437,5.01321834821594,0.16175632391844422
801,0.2683,10,282,10,64685,540925,3529,104427,5.010606172885249,0.16181401777634533
802,0.2684,7,112,7,64797,540813,3536,104420,5.009568713179443,0.16183301226068722
803,0.2685,7,108,7,64905,540705,3543,104413,5.008568305605988,0.1618510102027846
804,0.2686,6,106,6,65011,540599,3549,104407,5.007586424098707,0.16186981206376375
805,0.2687,4,72,4,65083,540527,3553,104403,5.006919485716403,0.1618826849425519
806,0.2688,13,194,13,65277,540333,3566,104390,5.005122457297418,0.16191449661327423
807,0.2689,8,143,8,65420,540190,3574,104382,5.003797843565898,0.1619400160106241
808,0.269,11,202,11,65622,539988,3585,104371,5.001926710882211,0.16197647584653896
809,0.2691,1,55,1,65677,539933,3586,104370,5.001417244062396,0.16198900206890238
810,0.2692,10,186,10,65863,539747,3596,104360,4.9996943199081105,0.1620227695087928
811,0.2693,11,126,11,65989,539621,3607,104349,4.998527177739079,0.1620401571501778
812,0.2694,22,323,22,66312,539298,3629,104327,4.995535218051799,0.16209283355991455
813,0.2695,7,104,7,66416,539194,3636,104320,4.994571862610694,0.16210991524659915
814,0.2696,12,231,12,66647,538963,3648,104308,4.992432101967468,0.16215249871360593
815,0.2697,9,161,9,66808,538802,3657,104299,4.990940753640372,0.16218136808992678
816,0.2698,16,296,16,67104,538506,3673,104283,4.988198895846456,0.16223519693087468
817,0.2699,6,189,6,67293,538317,3679,104277,4.986448182592908,0.16227509127069348
818,0.27,13,149,13,67442,538168,3692,104264,4.985067990662863,0.16229577605100617
819,0.2701,6,90,6,67532,538078,3698,104258,4.984234317684983,0.16231069097793055
820,0.2702,2,119,2,67651,537959,3700,104256,4.983132016747564,0.16233815778205118
821,0.2703,10,187,10,67838,537772,3710,104246,4.981399829560191,0.16237239454345517
822,0.2704,11,182,11,68020,537590,3721,104235,4.979713957538256,0.16240408210960933
823,0.2705,8,101,8,68121,537489,3729,104227,4.978778391196413,0.16241920101727245
824,0.2706,9,126,9,68247,537363,3738,104218,4.977611249027381,0.1624393490455609
825,0.2707,8,152,8,68399,537211,3746,104210,4.976203267998073,0.16246739660846776
826,0.2708,9,177,9,68576,537034,3755,104201,4.974563711141577,0.16250048734083447
827,0.2709,24,364,24,68940,536670,3779,104177,4.971191967097706,0.16256142261725498
828,0.271,8,83,8,69023,536587,3787,104169,4.97042313535144,0.1625720242963
829,0.2711,7,84,7,69107,536503,3794,104162,4.969645040572085,0.16258418986521816
830,0.2712,14,146,14,69253,536357,3808,104148,4.968292637741302,0.16260294611283285
831,0.2713,30,381,30,69634,535976,3838,104118,4.9647634221349435,0.16266048424137705
832,0.2714,5,83,5,69717,535893,3843,104113,4.963994590388677,0.16267503742152417
833,0.2715,13,134,13,69851,535759,3856,104100,4.962753343954945,0.16269209310176147
834,0.2716,20,284,20,70135,535475,3876,104080,4.960122642558079,0.16273815387261456
835,0.2717,20,277,20,70412,535198,3896,104060,4.957556782392826,0.16278247593303485
836,0.2718,19,165,19,70577,535033,3915,104041,4.95602838193338,0.16279961319033476
837,0.2719,9,74,9,70651,534959,3924,104032,4.955342917484901,0.1628066748983945
838,0.272,14,130,14,70781,534829,3938,104018,4.954138723183519,0.16282145803298756
839,0.2721,17,265,17,71046,534564,3955,104001,4.9516840194153176,0.16286674026919734
840,0.2722,8,74,8,71120,534490,3963,103993,4.950998554966838,0.1628751274505351
841,0.2723,7,119,7,71239,534371,3970,103986,4.94989625402942,0.16289631037178257
842,0.2724,15,137,15,71376,534234,3985,103971,4.948627218496425,0.16291160363832938
843,0.2725,12,203,12,71579,534031,3997,103959,4.946746822779651,0.16294769510493895
844,0.2726,2,56,2,71635,533975,3999,103957,4.946228092926748,0.16295937498040544
845,0.2727,6,88,6,71723,533887,4005,103951,4.945412946015043,0.1629739839896651
846,0.2728,8,102,8,71825,533785,4013,103943,4.944468116640112,0.16298955040393395
847,0.2729,8,113,8,71938,533672,4021,103935,4.943421393901219,0.16300793435454755
848,0.273,10,142,10,72080,533530,4031,103925,4.942106043202786,0.16303111592190822
849,0.2731,18,172,18,72252,533358,4049,103907,4.940512801511727,0.16305147779965948
850,0.2732,13,179,13,72431,533179,4062,103894,4.938854718589055,0.1630802121577904
851,0.2733,8,167,8,72598,533012,4070,103886,4.937307792063433,0.16311246070799407
852,0.2734,17,263,17,72861,532749,4087,103869,4.934871614361406,0.16315749790298106
853,0.2735,13,226,13,73087,532523,4100,103856,4.932778168883619,0.16319834563994098
854,0.2736,12,249,12,73336,532274,4112,103844,4.930471673644818,0.16324644169792396
855,0.2737,7,63,7,73399,532211,4119,103837,4.9298881025603025,0.16325340225894902
856,0.2738,18,156,18,73555,532055,4137,103819,4.928443069398644,0.1632697672809393
857,0.2739,15,301,15,73856,531754,4152,103804,4.92565489643929,0.16332734384588032
858,0.274,13,159,13,74015,531595,4165,103791,4.924182074178369,0.16335109681359047
859,0.2741,18,108,18,74123,531487,4183,103773,4.923181666604913,0.1633551616660895
860,0.2742,7,105,7,74228,531382,4190,103766,4.92220904813072,0.1633729461479844
861,0.2743,14,255,14,74483,531127,4204,103752,4.919846974693393,0.16342011627412467
862,0.2744,11,169,11,74652,530958,4215,103741,4.918281522101597,0.1634491310054057
863,0.2745,8,79,8,74731,530879,4223,103733,4.91754974248768,0.16345893238703332
864,0.2746,10,219,10,74950,530660,4233,103723,4.915521138241505,0.16350217455385785
865,0.2747,17,164,17,75114,530496,4250,103706,4.914002000815147,0.16352203241238597
866,0.2748,9,117,9,75231,530379,4259,103697,4.912918225943903,0.16354033270459692
867,0.2749,15,198,15,75429,530181,4274,103682,4.911084145392567,0.16357162352117097
868,0.275,4,41,4,75470,530140,4278,103678,4.910704361035978,0.1635769258683092
869,0.2751,8,85,8,75555,530055,4286,103670,4.909917003223535,0.16358830723105447
870,0.2752,8,98,8,75653,529957,4294,103662,4.909009225980955,0.163603048519694
871,0.2753,6,131,6,75784,529826,4300,103656,4.907795768646485,0.16362895867601604
872,0.2754,14,105,14,75889,529721,4314,103642,4.9068231501722925,0.16363759802830288
873,0.2755,13,138,13,76027,529583,4327,103629,4.90554485160621,0.16365608990353941
874,0.2756,4,84,4,76111,529499,4331,103625,4.904766756826856,0.16367251912737474
875,0.2757,3,90,3,76201,529409,4334,103622,4.903933083848975,0.16369182551881345
876,0.2758,7,104,7,76305,529305,4341,103615,4.90296972840787,0.1637094735511597
877,0.2759,28,386,28,76691,528919,4369,103587,4.899394197636074,0.1637723594716888
878,0.276,12,236,12,76927,528683,4381,103575,4.897208121827411,0.16381761875689987
879,0.2761,24,271,24,77198,528412,4405,103551,4.894697839860684,0.16385611182933177
880,0.2762,12,156,12,77354,528256,4417,103539,4.893252806699025,0.16388068914758744
881,0.2763,9,209,9,77563,528047,4426,103530,4.891316832783727,0.16392300542926674
882,0.2764,8,192,8,77755,527855,4434,103522,4.889538330430916,0.1639622602660534
883,0.2765,2,80,2,77835,527775,4436,103520,4.888797287783912,0.16398038951678692
884,0.2766,14,188,14,78023,527587,4450,103506,4.887055837563452,0.1640106925603675
885,0.2767,9,145,9,78168,527442,4459,103497,4.885712697765756,0.16403645994303728
886,0.2768,11,142,11,78310,527300,4470,103486,4.884397347067324,0.16405880916824406
887,0.2769,5,93,5,78403,527207,4475,103481,4.883535884990181,0.16407637373788625
888,0.277,17,279,17,78682,526928,4492,103464,4.880951498758754,0.16412644830518153
889,0.2771,11,151,11,78833,526777,4503,103453,4.879552780762533,0.16415118290148042
890,0.2772,6,206,6,79039,526571,4509,103447,4.877644595946497,0.16419689596170267
891,0.2773,9,93,9,79132,526478,4518,103438,4.876783133869354,0.16420919614678783
892,0.2774,10,164,10,79296,526314,4528,103428,4.875263996442995,0.16423868822470156
893,0.2775,9,61,9,79357,526253,4537,103419,4.874698951424654,0.1642426533179179
894,0.2776,3,110,3,79467,526143,4540,103416,4.8736800177850235,0.164267368110058
895,0.2777,10,192,10,79659,525951,4550,103406,4.871901515432213,0.16430420254323064
896,0.2778,3,89,3,79748,525862,4553,103403,4.871077105487421,0.16432345673126583
897,0.2779,12,152,12,79900,525710,4565,103391,4.869669124458112,0.16434721928593343
898,0.278,4,87,4,79987,525623,4569,103387,4.868863240579495,0.16436463649226563
899,0.2781,5,83,5,80070,525540,4574,103382,4.868094408833229,0.16437968460317814
900,0.2782,12,222,12,80292,525318,4586,103370,4.866038015487791,0.16442177996080726
901,0.2783,16,156,16,80448,525162,4602,103354,4.8645929823261325,0.16444131891630442
902,0.2784,7,138,7,80586,525024,4609,103347,4.86331468376005,0.16446812472249675
903,0.2785,17,246,17,80832,524778,4626,103330,4.861035977620512,0.16450992504473752
904,0.2786,20,151,20,80983,524627,4646,103310,4.859637259624291,0.16452287410998237
905,0.2787,10,112,10,81095,524515,4656,103300,4.858599799918485,0.16453891671909718
906,0.2788,10,144,10,81239,524371,4666,103290,4.857265923153878,0.16456335505949868
907,0.2789,7,95,7,81334,524276,4673,103283,4.85638593501056,0.16457894795549105
908,0.279,12,243,12,81577,524033,4685,103271,4.854135017970284,0.16462672005917386
909,0.2791,1,97,1,81674,523936,4686,103270,4.853236503760791,0.16465084836560875
910,0.2792,1,21,1,81695,523915,4687,103269,4.853041980065953,0.16465502946503738
911,0.2793,8,172,8,81867,523743,4695,103261,4.851448738374893,0.1646895394606733
912,0.2794,15,148,15,82015,523595,4710,103246,4.850077809477935,0.16470843483435194
913,0.2795,3,82,3,82097,523513,4713,103243,4.849318240764756,0.16472598587009937
914,0.2796,8,159,8,82256,523354,4721,103235,4.847845418503835,0.16475712149431285
915,0.2797,6,129,6,82385,523225,4727,103229,4.84665048723554,0.16478304871546834
916,0.2798,5,73,5,82458,523152,4732,103224,4.845974285820149,0.16479558603777922
917,0.2799,11,149,11,82607,523003,4743,103213,4.8445940938901035,0.16482012596292653
918,0.28,11,98,11,82705,522905,4754,103202,4.843686316647523,0.16483125088842643
919,0.2801,13,212,13,82917,522693,4767,103189,4.841722553632962,0.1648697358287984
920,0.2802,10,148,10,83065,522545,4777,103179,4.8403516247360034,0.16489538518580077
921,0.2803,8,160,8,83225,522385,4785,103171,4.838869539441995,0.16492688104662093
922,0.2804,7,137,7,83362,522248,4792,103164,4.837600503909,0.16495366254564992
923,0.2805,11,178,11,83540,522070,4803,103153,4.835951684019415,0.16498593301909878
924,0.2806,18,223,18,83763,521847,4821,103135,4.833886027640891,0.16502075259767482
925,0.2807,8,136,8,83899,521711,4829,103127,4.832626255140983,0.16504597991799475
926,0.2808,7,145,7,84044,521566,4836,103120,4.831283115343288,0.1650749336466641
927,0.2809,6,184,6,84228,521382,4842,103114,4.829578717255178,0.16511554917885782
928,0.281,6,76,6,84304,521306,4848,103108,4.828874726740524,0.16512762365994357
929,0.2811,12,224,12,84528,521082,4860,103096,4.826799807328912,0.1651708326791396
930,0.2812,4,86,4,84614,520996,4864,103092,4.826003186483383,0.1651882426837241
931,0.2813,10,173,10,84787,520823,4874,103082,4.8244006817592355,0.16522066660789703
932,0.2814,15,131,15,84918,520692,4889,103067,4.823187224424766,0.1652352911941952
933,0.2815,6,219,6,85137,520473,4895,103061,4.821158620178592,0.16528529318369167
934,0.2816,1,59,1,85196,520414,4896,103060,4.820612101226425,0.16529959549235412
935,0.2817,10,149,10,85345,520265,4906,103050,4.81923190929638,0.16532571813609492
936,0.2818,5,112,5,85457,520153,4911,103045,4.818194449590574,0.1653487334683359
937,0.2819,5,90,5,85547,520063,4916,103040,4.817360776612694,0.16536591863624472
938,0.282,10,103,10,85650,519960,4926,103030,4.816406684204676,0.16537986163501822
939,0.2821,7,106,7,85756,519854,4933,103023,4.815424802697395,0.16539862605297675
940,0.2822,6,109,6,85865,519745,4939,103017,4.8144151320908515,0.16541953426830797
941,0.2823,7,99,7,85964,519646,4946,103010,4.813498091815184,0.16543645287285436
942,0.2824,17,192,17,86156,519454,4963,102993,4.811719589462373,0.16546469016639168
943,0.2825,9,77,9,86233,519377,4972,102984,4.811006335914632,0.165473093590376
944,0.2826,6,98,6,86331,519279,4978,102978,4.810098558672052,0.16549110737203437
945,0.2827,19,234,19,86565,519045,4997,102959,4.807931008929564,0.16552787441881403
946,0.2828,4,99,4,86664,518946,5001,102955,4.807013968653896,0.1655488574548039
947,0.2829,2,70,2,86734,518876,5003,102953,4.806365556337767,0.1655648096180783
948,0.283,15,211,15,86945,518665,5018,102938,4.804411056356293,0.16560087386965636
949,0.2831,2,88,2,87033,518577,5020,102936,4.803595909444589,0.16562163623287043
950,0.2832,13,175,13,87208,518402,5033,102923,4.801974878654266,0.16565082686194826
951,0.2833,6,94,6,87302,518308,5039,102917,4.801104153544037,0.16566783371564248
952,0.2834,9,100,9,87402,518208,5048,102908,4.800177850235281,0.16568241681103046
953,0.2835,5,60,5,87462,518148,5053,102903,4.799622068250028,0.16569170647821194
954,0.2836,3,64,3,87526,518084,5056,102900,4.7990292341324245,0.16570475245739022
955,0.2837,5,89,5,87615,517995,5061,102895,4.798204824187632,0.16572178646781233
956,0.2838,9,161,9,87776,517834,5070,102886,4.796713475860535,0.16575267431370022
957,0.2839,10,107,10,87883,517727,5080,102876,4.795722331320167,0.1657678096947646
958,0.284,11,132,11,88015,517595,5091,102865,4.79449961095261,0.16578828611030524
959,0.2841,7,85,7,88100,517510,5098,102858,4.793712253140169,0.1658015887344286
960,0.2842,14,174,14,88274,517336,5112,102844,4.792100485382933,0.16582927537166628
961,0.2843,2,73,2,88347,517263,5114,102842,4.791424283967542,0.16584610670773497
962,0.2844,8,155,8,88502,517108,5122,102834,4.7899885138389715,0.16587680783040995
963,0.2845,14,192,14,88694,516916,5136,102820,4.788210011486161,0.16590935495114048
964,0.2846,6,79,6,88773,516837,5142,102814,4.787478231872244,0.1659224305294432
965,0.2847,4,84,4,88857,516753,5146,102810,4.78670013709289,0.16593954125730556
966,0.2848,14,137,14,88994,516616,5160,102796,4.785431101559895,0.16595739184904393
967,0.2849,15,175,15,89169,516441,5175,102781,4.783810070769573,0.1659840897125748
968,0.285,15,238,15,89407,516203,5190,102766,4.7816054688947345,0.16602770090263003
969,0.2851,12,118,12,89525,516085,5202,102754,4.780512430990403,0.16604318732335874
970,0.2852,19,144,19,89669,515941,5221,102735,4.779178554225796,0.16605622328973485
971,0.2853,9,107,9,89776,515834,5230,102726,4.778187409685428,0.16607281427832385
972,0.2854,3,39,3,89815,515795,5233,102723,4.777826151395013,0.16607924102451344
973,0.2855,7,71,7,89886,515724,5240,102716,4.777168476045796,0.16608886876657397
974,0.2856,4,49,4,89935,515675,5244,102712,4.7767145874245065,0.16609663527855534
975,0.2857,6,55,6,89990,515620,5250,102706,4.776205120604691,0.16610331766737935
976,0.2858,7,192,7,90182,515428,5257,102699,4.77442661825188,0.16614546848786738
977,0.2859,9,56,9,90238,515372,5266,102690,4.773907888398977,0.1661483799359935
978,0.286,17,194,17,90432,515178,5283,102673,4.772110859979992,0.16617760592764275
979,0.2861,13,140,13,90572,515038,5296,102660,4.770814035347734,0.1661977212165168
980,0.2862,10,150,10,90722,514888,5306,102650,4.769424580384601,0.16622458860831235
981,0.2863,4,77,4,90799,514811,5310,102646,4.7687113268368595,0.16623991630186394
982,0.2864,7,76,7,90875,514735,5317,102639,4.7680073363222055,0.16625092731472332
983,0.2865,8,170,8,91045,514565,5325,102631,4.766432620697321,0.16628591241680116
984,0.2866,15,260,15,91305,514305,5340,102616,4.764024232094557,0.16633572207786734
985,0.2867,9,136,9,91441,514169,5349,102607,4.76276445959465,0.1663602345097734
986,0.2868,9,93,9,91534,514076,5358,102598,4.761902997517507,0.16637315664354263
987,0.2869,6,42,6,91576,514034,5364,102592,4.76151395012783,0.1663763772529864
988,0.287,4,43,4,91619,513991,5368,102588,4.761115639705065,0.16638257222513256
989,0.2871,7,52,7,91671,513939,5375,102581,4.760633961984512,0.1663871407253617
990,0.2872,4,72,4,91743,513867,5379,102577,4.759967023602209,0.1664011653937746
991,0.2873,6,95,6,91838,513772,5385,102571,4.759087035458891,0.16641869867914458
992,0.2874,5,46,5,91884,513726,5390,102566,4.758660935936863,0.166424357285183
993,0.2875,5,95,5,91979,513631,5395,102561,4.757780947793545,0.16644325145409222
994,0.2876,10,152,10,92131,513479,5405,102551,4.756372966764237,0.16647078876028765
995,0.2877,8,115,8,92246,513364,5413,102543,4.755307717959169,0.1664910449142484
996,0.2878,4,114,4,92360,513250,5417,102539,4.754251732187187,0.16651645287590391
997,0.2879,8,81,8,92441,513169,5425,102531,4.753501426507095,0.16652752964105896
998,0.288,9,161,9,92602,513008,5434,102522,4.75201007818,0.16655890045976637
999,0.2881,3,69,3,92671,512939,5437,102519,4.751370928896958,0.16657351110880028
1000,0.2882,12,172,12,92843,512767,5449,102507,4.749777687205898,0.16660382203701116
1001,0.2883,13,167,13,93010,512600,5462,102494,4.748230760680277,0.16663144169834204
1002,0.2884,1,36,1,93046,512564,5463,102493,4.747897291489125,0.16663983988475864
1003,0.2885,5,148,5,93194,512416,5468,102488,4.746526362592167,0.1666731717471345
1004,0.2886,9,123,9,93317,512293,5477,102479,4.745387009522398,0.16669431919475838
1005,0.2887,4,116,4,93433,512177,5481,102475,4.744312497684242,0.16672035558332193
1006,0.2888,4,72,4,93505,512105,5485,102471,4.743645559301938,0.16673446408580875
1007,0.2889,7,92,7,93597,512013,5492,102464,4.742793360257883,0.1667499353108416
1008,0.289,0,76,0,93673,511937,5492,102464,4.742089369743229,0.16677056189687192
1009,0.2891,3,35,3,93708,511902,5495,102461,4.741765163585164,0.16677599399703433
1010,0.2892,12,172,12,93880,511730,5507,102449,4.740171921894105,0.16680641962685144
1011,0.2893,9,146,9,94026,511584,5516,102440,4.738819519063322,0.16683386968587546
1012,0.2894,7,62,7,94088,511522,5523,102433,4.738245211011893,0.16684121800457688
1013,0.2895,6,56,6,94144,511466,5529,102427,4.73772648115899,0.1668482944096121
1014,0.2896,4,116,4,94260,511350,5533,102423,4.736651969320834,0.16687439818955868
1015,0.2897,21,339,21,94599,511011,5554,102402,4.733511801104154,0.166938098801297
1016,0.2898,9,137,9,94736,510874,5563,102393,4.732242765571159,0.166963166125032
1017,0.2899,3,57,3,94793,510817,5566,102390,4.731714772685168,0.16697461053119095
1018,0.29,9,59,9,94852,510758,5575,102381,4.731168253733002,0.1669784502372219
1019,0.2901,6,69,6,94921,510689,5581,102375,4.730529104449961,0.16698909086163924
1020,0.2902,5,38,5,94959,510651,5586,102370,4.730177109192634,0.16699264788645088
1021,0.2903,5,88,5,95047,510563,5591,102365,4.7293619622809295,0.16700982823431137
1022,0.2904,15,197,15,95244,510366,5606,102350,4.727537144762681,0.16704313254427827
1023,0.2905,5,58,5,95302,510308,5611,102345,4.726999888843603,0.1670521486061441
1024,0.2906,3,76,3,95378,510232,5614,102342,4.7262958983289485,0.16706879495375251
1025,0.2907,3,99,3,95477,510133,5617,102339,4.725378858053281,0.16709172011128673
1026,0.2908,9,139,9,95616,509994,5626,102330,4.724091296454111,0.16711740843083073
1027,0.2909,8,84,8,95700,509910,5634,102322,4.723313201674756,0.16712945419383501
1028,0.291,3,49,3,95749,509861,5637,102319,4.722859313053466,0.16713875004083767
1029,0.2911,8,113,8,95862,509748,5645,102311,4.721812590314572,0.16715872162650985
1030,0.2912,7,93,7,95955,509655,5652,102304,4.72095112823743,0.16717459829825201
1031,0.2913,5,103,5,96058,509552,5657,102299,4.719997035829412,0.16719593495802082
1032,0.2914,10,109,10,96167,509443,5667,102289,4.718987365222868,0.1672121124937064
1033,0.2915,7,152,7,96319,509291,5674,102282,4.71757938419356,0.16724413929326507
1034,0.2916,8,63,8,96382,509228,5682,102274,4.716995813109045,0.16725047505977086
1035,0.2917,6,92,6,96474,509136,5688,102268,4.71614361406499,0.1672674696272841
1036,0.2918,5,36,5,96510,509100,5693,102263,4.715810144873838,0.16727050868305737
1037,0.2919,7,140,7,96650,508960,5700,102256,4.71451332024158,0.16729928535902203
1038,0.292,7,126,7,96776,508834,5707,102249,4.713346178072548,0.16732424236969445
1039,0.2921,14,166,14,96942,508668,5721,102235,4.711808514580014,0.16735062685892851
1040,0.2922,1,68,1,97010,508600,5722,102234,4.71117862833006,0.167367893732176
1041,0.2923,8,98,8,97108,508502,5730,102226,4.71027085108748,0.1673838435440982
1042,0.2924,12,227,12,97335,508275,5742,102214,4.708168142576605,0.1674297161783423
1043,0.2925,5,52,5,97387,508223,5747,102209,4.707686464856052,0.16743715925770603
1044,0.2926,13,143,13,97530,508080,5760,102196,4.706361851124532,0.16745865804980042
1045,0.2927,5,74,5,97604,508006,5765,102191,4.705676386676053,0.16747214424194154
1046,0.2928,1,38,1,97642,507968,5766,102190,4.705324391418726,0.1674812097850065
1047,0.2929,10,105,10,97747,507863,5776,102180,4.704351772944533,0.16749638959876598
1048,0.293,4,78,4,97825,507785,5780,102176,4.703629256363704,0.16751234915019156
1049,0.2931,9,113,9,97938,507672,5789,102167,4.70258253362481,0.167531102471308
1050,0.2932,8,123,8,98061,507549,5797,102159,4.7014431805550405,0.16755397665767877
1051,0.2933,11,133,11,98194,507416,5808,102148,4.700211197154396,0.16757551298961224
1052,0.2934,0,51,0,98245,507365,5808,102148,4.699738782466931,0.1675895345956526
1053,0.2935,13,161,13,98406,507204,5821,102135,4.698247434139835,0.16761605608700575
1054,0.2936,5,70,5,98476,507134,5826,102130,4.697599021823706,0.1676284828908322
1055,0.2937,4,33,4,98509,507101,5830,102126,4.697293341731816,0.16763209772383691
1056,0.2938,5,53,5,98562,507048,5835,102121,4.696802400978176,0.1676398503535144
1057,0.2939,6,112,6,98674,506936,5841,102115,4.69576494127237,0.167662478183272
1058,0.294,5,55,5,98729,506881,5846,102110,4.695255474452555,0.16767078659618945
1059,0.2941,8,102,8,98831,506779,5854,102102,4.694310645077624,0.16768793902256762
1060,0.2942,0,84,0,98915,506695,5854,102102,4.693532550298269,0.1677110761058284
1061,0.2943,3,37,3,98952,506658,5857,102099,4.69318981807403,0.16771716793400324
1062,0.2944,6,114,6,99066,506544,5863,102093,4.692133832302049,0.16774037726920973
1063,0.2945,5,77,5,99143,506467,5868,102088,4.6914205787543075,0.16775476333281297
1064,0.2946,5,76,5,99219,506391,5873,102083,4.6907165882396535,0.1677688775526974
1065,0.2947,6,93,6,99312,506298,5879,102077,4.68985512616251,0.16778631600575303
1066,0.2948,15,110,15,99422,506188,5894,102062,4.68883619252288,0.1677961364570489
1067,0.2949,4,47,4,99469,506141,5898,102058,4.688400829967764,0.16780363006187118
1068,0.295,11,106,11,99575,506035,5909,102047,4.687418948460484,0.16781782720093671
1069,0.2951,2,29,2,99604,506006,5911,102045,4.687150320500945,0.16782309378654092
1070,0.2952,11,112,11,99716,505894,5922,102034,4.686112860795139,0.1678389546130463
1071,0.2953,11,156,11,99872,505738,5933,102023,4.68466782763348,0.16786697402432865
1072,0.2954,13,145,13,100017,505593,5946,102010,4.683324687835785,0.16788923030333952
1073,0.2955,7,55,7,100072,505538,5953,102003,4.68281522101597,0.16789484166500698
1074,0.2956,11,105,11,100177,505433,5964,101992,4.681842602541776,0.16790879532452566
1075,0.2957,6,63,6,100240,505370,5970,101986,4.681259031457261,0.16791799208372027
1076,0.2958,8,79,8,100319,505291,5978,101978,4.680527251843343,0.1679288750125562
1077,0.2959,8,114,8,100433,505177,5986,101970,4.679471266071363,0.16794944222733538
1078,0.296,8,52,8,100485,505125,5994,101962,4.6789895883508095,0.16795286342814128
1079,0.2961,13,174,13,100659,504951,6007,101949,4.677377820593575,0.16798319327731093
1080,0.2962,2,31,2,100690,504920,6009,101947,4.677090666567861,0.16798903219321532
1081,0.2963,2,97,2,100787,504823,6011,101945,4.676192152358368,0.16801314505708936
1082,0.2964,10,63,10,100850,504760,6021,101935,4.675608581273853,0.16801687833260534
1083,0.2965,5,75,5,100925,504685,6026,101930,4.674913853792286,0.16803079383134278
1084,0.2966,6,56,6,100981,504629,6032,101924,4.674395123939383,0.1680380774639644
1085,0.2967,4,48,4,101029,504581,6036,101920,4.67395049835118,0.16804588945442794
1086,0.2968,5,74,5,101103,504507,6041,101915,4.673265033902701,0.1680595360986244
1087,0.2969,4,45,4,101148,504462,6045,101911,4.672848197413761,0.16806652011220816
1088,0.297,5,78,5,101226,504384,6050,101906,4.672125680832932,0.16808128123505253
1089,0.2971,6,40,6,101266,504344,6056,101900,4.67175515950943,0.1680841377399199
1090,0.2972,4,70,4,101336,504274,6060,101896,4.671106747193301,0.16809805830047678
1091,0.2973,5,92,5,101428,504182,6065,101891,4.670254548149246,0.16811671201323933
1092,0.2974,8,48,8,101476,504134,6073,101883,4.669809922561043,0.1681190461653716
1093,0.2975,8,89,8,101565,504045,6081,101875,4.668985512616251,0.1681327567995775
1094,0.2976,2,34,2,101599,504011,6083,101873,4.668670569491274,0.16813944583451618
1095,0.2977,2,58,2,101657,503953,6085,101871,4.668133313572196,0.16815279685189097
1096,0.2978,10,81,10,101738,503872,6095,101861,4.667383007892104,0.16816154972570424
1097,0.2979,0,28,0,101766,503844,6095,101861,4.667123642965652,0.16816932335047588
1098,0.298,6,61,6,101827,503783,6101,101855,4.666558597947311,0.16817802053371816
1099,0.2981,5,59,5,101886,503724,6106,101850,4.666012078995146,0.1681875377740788
1100,0.2982,8,115,8,102001,503609,6114,101842,4.664946830190077,0.16820849251219339
1101,0.2983,9,120,9,102121,503489,6123,101833,4.663835266219571,0.16822947125662044
1102,0.2984,10,108,10,102229,503381,6133,101823,4.662834858646115,0.16824574854098784
1103,0.2985,4,57,4,102286,503324,6137,101819,4.662306865760124,0.16825609814539705
1104,0.2986,12,93,12,102379,503231,6149,101807,4.661445403682982,0.16826546431794367
1105,0.2987,9,83,9,102462,503148,6158,101798,4.660676571936715,0.1682761767165995
1106,0.2988,7,105,7,102567,503043,6165,101791,4.659703953462522,0.16829576379634742
1107,0.2989,4,103,4,102670,502940,6169,101787,4.6587498610545035,0.16831892738376159
1108,0.299,3,64,3,102734,502876,6172,101784,4.6581570269369,0.16833261667714086
1109,0.2991,12,130,12,102864,502746,6184,101772,4.656952832635518,0.1683523071273312
1110,0.2992,4,59,4,102923,502687,6188,101768,4.656406313683353,0.16836323630377778
1111,0.2993,8,73,8,102996,502614,6196,101760,4.655730112267961,0.1683725640083789
1112,0.2994,14,121,14,103117,502493,6210,101746,4.654609285264367,0.16838701242389187
1113,0.2995,5,28,5,103145,502465,6215,101741,4.654349920337915,0.1683879339165781
1114,0.2996,9,117,9,103262,502348,6224,101732,4.653266145466672,0.1684081578598861
1115,0.2997,0,23,0,103285,502325,6224,101732,4.6530530957056575,0.16841457014818137
1116,0.2998,5,80,5,103365,502245,6229,101727,4.652312053058654,0.16842999344340467
1117,0.2999,12,137,12,103502,502108,6241,101715,4.651043017525659,0.16845168203264865
1118,0.3,1,47,1,103549,502061,6242,101714,4.6506076549705435,0.16846341766386486
1119,0.3001,10,145,10,103694,501916,6252,101704,4.649264515172848,0.16849010967164774
1120,0.3002,2,36,2,103730,501880,6254,101702,4.648931045981696,0.1684974038324536
1121,0.3003,6,42,6,103772,501838,6260,101696,4.648541998592019,0.16850086324879793
1122,0.3004,5,56,5,103828,501782,6265,101691,4.648023268739116,0.16850961020625613
1123,0.3005,3,77,3,103905,501705,6268,101688,4.647310015191374,0.1685269799285043
1124,0.3006,4,31,4,103936,501674,6272,101684,4.64702286116566,0.16853012639262263
1125,0.3007,16,147,16,104083,501527,6288,101668,4.6456611953017894,0.16854914248294497
1126,0.3008,4,66,4,104149,501461,6292,101664,4.645049835118011,0.1685620725388601
1127,0.3009,13,127,13,104276,501334,6305,101651,4.6438734299158915,0.1685796495766893
1128,0.301,6,59,6,104335,501275,6311,101645,4.643326910963726,0.16858787235454123
1129,0.3011,5,64,5,104399,501211,6316,101640,4.642734076846122,0.16859887434871967
1130,0.3012,7,88,7,104487,501123,6323,101633,4.641918929934418,0.16861383379012404
1131,0.3013,15,131,15,104618,500992,6338,101618,4.640705472599948,0.1686297937306052
1132,0.3014,5,68,5,104686,500924,6343,101613,4.640075586349995,0.16864192572406342
1133,0.3015,3,91,3,104777,500833,6346,101610,4.639232650339027,0.16866325942869284
1134,0.3016,6,86,6,104863,500747,6352,101604,4.638436029493497,0.16867905921962445
1135,0.3017,3,34,3,104897,500713,6355,101601,4.63812108636852,0.16868444034174865
1136,0.3018,6,70,6,104967,500643,6361,101595,4.6374726740523915,0.16869576479730605
1137,0.3019,3,112,3,105079,500531,6364,101592,4.6364352143465855,0.16872300177870633
1138,0.302,3,82,3,105161,500449,6367,101589,4.635675645633406,0.16874184021606609
1139,0.3021,7,85,7,105246,500364,6374,101582,4.6348882878209645,0.16875600136889354
1140,0.3022,9,105,9,105351,500259,6383,101573,4.633915669346771,0.16877301306676945
1141,0.3023,16,91,16,105442,500168,6399,101557,4.633072733335803,0.16877643441771573
1142,0.3024,5,97,5,105539,500071,6404,101552,4.632174219126311,0.16879673815661966
1143,0.3025,6,77,6,105616,499994,6410,101546,4.631460965578569,0.1688100541942348
1144,0.3026,4,57,4,105673,499937,6414,101542,4.6309329726925785,0.16882052407482223
1145,0.3027,4,43,4,105716,499894,6418,101538,4.630534662269814,0.16882706606898204
1146,0.3028,2,47,2,105763,499847,6420,101536,4.630099299714699,0.16883749623783845
1147,0.3029,7,41,7,105804,499806,6427,101529,4.629719515358109,0.16883933248522037
1148,0.303,17,145,17,105949,499661,6444,101512,4.628376375560413,0.16885655210729691
1149,0.3031,2,37,2,105986,499624,6446,101510,4.628033643336174,0.16886418003307083
1150,0.3032,7,96,7,106082,499528,6453,101503,4.627144392159769,0.1688814720039399
1151,0.3033,5,77,5,106159,499451,6458,101498,4.626431138612027,0.16889619585023022
1152,0.3034,7,118,7,106277,499333,6465,101491,4.625338100707696,0.16891968363447532
1153,0.3035,3,60,3,106337,499273,6468,101488,4.624782318722443,0.1689324040675077
1154,0.3036,5,140,5,106477,499133,6473,101483,4.623485494090185,0.16896486274091932
1155,0.3037,3,42,3,106519,499091,6476,101480,4.623096446700508,0.16897252781103317
1156,0.3038,0,31,0,106550,499060,6476,101480,4.622809292674793,0.168981250208146
1157,0.3039,5,56,5,106606,499004,6481,101475,4.62229056282189,0.16899008957848652
1158,0.304,3,58,3,106664,498946,6484,101472,4.6217533069028125,0.16900226175764219
1159,0.3041,11,100,11,106764,498846,6495,101461,4.620827003594057,0.16901518722920106
1160,0.3042,1,30,1,106794,498816,6496,101460,4.62054911260143,0.16902224976510805
1161,0.3043,9,86,9,106880,498730,6505,101451,4.619752491755901,0.16903400807423094
1162,0.3044,1,33,1,106913,498697,6506,101450,4.6194468116640115,0.1690419180634078
1163,0.3045,2,48,2,106961,498649,6508,101448,4.619002186075809,0.16905266981837935
1164,0.3046,8,92,8,107053,498557,6516,101440,4.618149987031754,0.16906751200422668
1165,0.3047,6,62,6,107115,498495,6522,101434,4.617575678980326,0.16907667407309865
1166,0.3048,4,109,4,107224,498386,6526,101430,4.616566008373782,0.1691018579030903
1167,0.3049,2,37,2,107261,498349,6528,101428,4.616223276149542,0.16910951903790908
1168,0.305,12,111,12,107372,498238,6540,101416,4.615195079476824,0.16912419495242256
1169,0.3051,13,100,13,107472,498138,6553,101403,4.6142687761680685,0.16913438780667212
1170,0.3052,5,87,5,107559,498051,6558,101398,4.613462892289451,0.16915200459088262
1171,0.3053,0,21,0,107580,498030,6558,101398,4.613268368594612,0.16915793056046766
1172,0.3054,5,76,5,107656,497954,6563,101393,4.612564378079958,0.16917244934904155
1173,0.3055,11,86,11,107742,497868,6574,101382,4.6117677572344284,0.16918147684605758
1174,0.3056,4,84,4,107826,497784,6578,101378,4.610989662455074,0.16919964884288388
1175,0.3057,3,29,3,107855,497755,6581,101375,4.610721034495535,0.16920367866740108
1176,0.3058,15,112,15,107967,497643,6596,101360,4.609683574789729,0.1692145114465203
1177,0.3059,2,48,2,108015,497595,6598,101358,4.609238949201527,0.1692252981452635
1178,0.306,4,41,4,108056,497554,6602,101354,4.608859164844937,0.16923133436187193
1179,0.3061,5,75,5,108131,497479,6607,101349,4.60816443736337,0.1692455930584408
1180,0.3062,1,31,1,108162,497448,6608,101348,4.607877283337656,0.1692529676216942
1181,0.3063,5,95,5,108257,497353,6613,101343,4.606997295194338,0.1692728864064567
1182,0.3064,14,102,14,108359,497251,6627,101329,4.606052465819408,0.16928230144675732
1183,0.3065,2,56,2,108415,497195,6629,101327,4.605533735966505,0.16929536424726244
1184,0.3066,2,68,2,108483,497127,6631,101325,4.6049038497165515,0.16931182450722865
1185,0.3067,3,34,3,108517,497093,6634,101322,4.604588906591574,0.16931727981417577
1186,0.3068,4,47,4,108564,497046,6638,101318,4.60415354403646,0.16932502623820953
1187,0.3069,8,85,8,108649,496961,6646,101310,4.603366186224017,0.16933797559968644
1188,0.307,5,33,5,108682,496928,6651,101305,4.6030605061321275,0.1693403740682978
1189,0.3071,7,84,7,108766,496844,6658,101298,4.602282411352773,0.16935443423133636
1190,0.3072,1,32,1,108798,496812,6659,101297,4.601985994293972,0.16936210623816061
1191,0.3073,4,46,4,108844,496766,6663,101293,4.6015598947719445,0.1693695772490674
1192,0.3074,8,80,8,108924,496686,6671,101285,4.60081885212494,0.16938112383376452
1193,0.3075,4,66,4,108990,496620,6675,101281,4.600207491941161,0.1693942642678303
1194,0.3076,5,33,5,109023,496587,6680,101276,4.599901811849272,0.16939666779847556
1195,0.3077,1,25,1,109048,496562,6681,101275,4.599670236022083,0.16940236218233398
1196,0.3078,5,119,5,109167,496443,6686,101270,4.598567935084664,0.16942914074145954
1197,0.3079,6,101,6,109268,496342,6692,101264,4.597632368742821,0.16944943658530873
1198,0.308,5,64,5,109332,496278,6697,101259,4.5970395346252175,0.16946063591041224
1199,0.3081,7,101,7,109433,496177,6704,101252,4.596103968283375,0.16947955321887623
1200,0.3082,2,48,2,109481,496129,6706,101250,4.595659342695172,0.16949039052259957
1201,0.3083,14,86,14,109567,496043,6720,101236,4.594862721849642,0.16949532797905167
1202,0.3084,12,79,12,109646,495964,6732,101224,4.594130942235726,0.16950106164222992
1203,0.3085,2,43,2,109689,495921,6734,101222,4.593732631812961,0.16951048576304167
1204,0.3086,5,83,5,109772,495838,6739,101217,4.592963800066694,0.16952709549371497
1205,0.3087,0,44,0,109816,495794,6739,101217,4.592556226610841,0.16953958972280242
1206,0.3088,4,33,4,109849,495761,6743,101213,4.592250546518952,0.16954339719987804
1207,0.3089,2,27,2,109876,495734,6745,101211,4.592000444625588,0.1695482833426865
1208,0.309,3,80,3,109956,495654,6748,101208,4.591259401978584,0.16956683454466862
1209,0.3091,2,74,2,110030,495580,6750,101206,4.590573937530105,0.16958507739792825
1210,0.3092,3,47,3,110077,495533,6753,101203,4.59013857497499,0.16959425943800943
1211,0.3093,4,84,4,110161,495449,6757,101199,4.589360480195635,0.1696125688848366
1212,0.3094,3,74,3,110235,495375,6760,101196,4.588675015747156,0.16962943220505186
1213,0.3095,2,40,2,110275,495335,6762,101194,4.588304494423654,0.16963802262756714
1214,0.3096,9,56,9,110331,495279,6771,101185,4.587785764570751,0.16964142010247055
1215,0.3097,1,19,1,110350,495260,6772,101184,4.587609766942087,0.16964543192655135
1216,0.3098,2,78,2,110428,495182,6774,101182,4.586887250361258,0.16966483557022222
1217,0.3099,4,55,4,110483,495127,6778,101178,4.586377783541443,0.16967491468292234
1218,0.31,2,46,2,110529,495081,6780,101176,4.585951684019415,0.16968521962844882
1219,0.3101,8,73,8,110602,495008,6788,101168,4.585275482604024,0.16969485521054187
1220,0.3102,7,65,7,110667,494943,6795,101161,4.584673385453333,0.16970360876625556
1221,0.3103,3,45,3,110712,494898,6798,101158,4.584256548964393,0.16971224180278363
1222,0.3104,10,126,10,110838,494772,6808,101148,4.583089406795361,0.16973419250906163
1223,0.3105,6,96,6,110934,494676,6814,101142,4.582200155618956,0.16975317966224585
1224,0.3106,3,49,3,110983,494627,6817,101139,4.581746266997666,0.16976296062548046
1225,0.3107,3,27,3,111010,494600,6820,101136,4.581496165104301,0.16976647374004591
1226,0.3108,4,51,4,111061,494549,6824,101132,4.581023750416836,0.16977543349544472
1227,0.3109,4,49,4,111110,494500,6828,101128,4.580569861795547,0.1697838248034008
1228,0.311,3,41,3,111151,494459,6831,101125,4.580190077438957,0.1697913308618096
1229,0.3111,6,63,6,111214,494396,6837,101119,4.579606506354441,0.16980092860801155
1230,0.3112,2,50,2,111264,494346,6839,101117,4.579143354700063,0.16981239808350812
1231,0.3113,4,92,4,111356,494254,6843,101113,4.578291155656008,0.16983306095232018
1232,0.3114,0,21,0,111377,494233,6843,101113,4.578096631961169,0.16983905157673018
1233,0.3115,4,55,4,111432,494178,6847,101109,4.577587165141354,0.16984916519258778
1234,0.3116,5,55,5,111487,494123,6852,101104,4.577077698321538,0.16985788615099787
1235,0.3117,10,150,10,111637,493973,6862,101094,4.575688243358405,0.16988675224806618
1236,0.3118,5,35,5,111672,493938,6867,101089,4.575364037200341,0.1698897697079292
1237,0.3119,7,54,7,111726,493884,6874,101082,4.574863833413613,0.16989542259557688
1238,0.312,1,37,1,111763,493847,6875,101081,4.574521101189373,0.16990459349702822
1239,0.3121,4,68,4,111831,493779,6879,101077,4.57389121493942,0.1699184340411797
1240,0.3122,1,32,1,111863,493747,6880,101076,4.573594797880618,0.16992617972069002
1241,0.3123,6,89,6,111952,493658,6886,101070,4.572770387935826,0.16994323455428365
1242,0.3124,2,38,2,111990,493620,6888,101068,4.5724183926784985,0.16995130219543694
1243,0.3125,3,46,3,112036,493574,6891,101065,4.571992293156471,0.1699602616040993
1244,0.3126,2,46,2,112082,493528,6893,101063,4.571566193634443,0.16997061845873887
1245,0.3127,6,72,6,112154,493456,6899,101057,4.57089925525214,0.16998282627966083
1246,0.3128,5,37,5,112191,493419,6904,101052,4.5705565230279,0.16998642490550422
1247,0.3129,4,64,4,112255,493355,6908,101048,4.569963688910296,0.16999914199625507
1248,0.313,1,39,1,112294,493316,6909,101047,4.569602430619883,0.17000890028484275
1249,0.3131,5,85,5,112379,493231,6914,101042,4.56881507280744,0.1700262337343275
1250,0.3132,4,80,4,112459,493151,6918,101038,4.568074030160436,0.17004353833544544
1251,0.3133,3,52,3,112511,493099,6921,101035,4.567592352439883,0.17005423019049576
1252,0.3134,3,41,3,112552,493058,6924,101032,4.567212568083293,0.170061775151913
1253,0.3135,3,64,3,112616,492994,6927,101029,4.566619733965689,0.170075906151782
1254,0.3136,3,45,3,112661,492949,6930,101026,4.5662028974767495,0.17008459952018182
1255,0.3137,5,60,5,112721,492889,6935,101021,4.565647115491497,0.17009479550773687
1256,0.3138,5,50,5,112771,492839,6940,101016,4.565183963837119,0.17010212930765928
1257,0.3139,3,40,3,112811,492799,6943,101013,4.564813442513617,0.17010939489265964
1258,0.314,3,55,3,112866,492744,6946,101010,4.564303975693801,0.17012095918511708
1259,0.3141,3,38,3,112904,492706,6949,101007,4.5639519804364745,0.17012765427066612
1260,0.3142,6,51,6,112955,492655,6955,101001,4.563479565749009,0.17013388224830542
1261,0.3143,5,89,5,113044,492566,6960,100996,4.562655155804216,0.17015240193947725
1262,0.3144,3,40,3,113084,492526,6963,100993,4.562284634480714,0.17015967475346197
1263,0.3145,1,71,1,113155,492455,6964,100992,4.561626959131498,0.17017863431780766
1264,0.3146,6,88,6,113243,492367,6970,100986,4.560811812219793,0.17019548228457596
1265,0.3147,5,52,5,113295,492315,6975,100981,4.560330134499241,0.17020340605701034
1266,0.3148,1,86,1,113381,492229,6976,100980,4.559533513653711,0.1702266823328709
1267,0.3149,2,55,2,113436,492174,6978,100978,4.559024046833895,0.17023966875269744
1268,0.315,3,76,3,113512,492098,6981,100975,4.558320056319241,0.17025728704560822
1269,0.3151,3,62,3,113574,492036,6984,100972,4.557745748267813,0.17027089010603566
1270,0.3152,5,44,5,113618,491992,6989,100967,4.55733817481196,0.17027652839403737
1271,0.3153,2,20,2,113638,491972,6991,100965,4.557152914150209,0.17027947319867034
1272,0.3154,2,77,2,113715,491895,6993,100963,4.556439660602468,0.17029878992946035
1273,0.3155,4,50,4,113765,491845,6997,100959,4.55597650894809,0.170307555279654
1274,0.3156,12,63,12,113828,491782,7009,100947,4.555392937863574,0.1703088595293971
1275,0.3157,4,70,4,113898,491712,7013,100943,4.554744525547445,0.17032337531953667
1276,0.3158,2,72,2,113970,491640,7015,100941,4.554077587165142,0.1703412698010905
1277,0.3159,3,82,3,114052,491558,7018,100938,4.553318018451962,0.17036064378493695
1278,0.316,7,98,7,114150,491460,7025,100931,4.552410241209381,0.17037902331399363
1279,0.3161,0,36,0,114186,491424,7025,100931,4.552076772018229,0.17038937799123835
1280,0.3162,3,24,3,114210,491400,7028,100928,4.551854459224129,0.17039208006374845
1281,0.3163,4,100,4,114310,491300,7032,100924,4.550928155915373,0.1704152482844329
1282,0.3164,1,42,1,114352,491258,7033,100923,4.550539108525696,0.170425933962758
1283,0.3165,3,30,3,114382,491228,7036,100920,4.550261217533069,0.17043036538162756
1284,0.3166,5,42,5,114424,491186,7041,100915,4.5498721701433915,0.1704354493574576
1285,0.3167,4,23,4,114447,491163,7045,100911,4.549659120382378,0.17043646571205626
1286,0.3168,7,90,7,114537,491073,7052,100904,4.548825447404498,0.1704525682585641
1287,0.3169,3,51,3,114588,491022,7055,100901,4.548353032717033,0.17046305009266408
1288,0.317,9,42,9,114630,490980,7064,100892,4.547963985327356,0.17046253243944637
1289,0.3171,7,40,7,114670,490940,7071,100885,4.547593464003853,0.17046424196341825
1290,0.3172,3,34,3,114704,490906,7074,100882,4.547278520878876,0.17046983041224223
1291,0.3173,4,74,4,114778,490832,7078,100878,4.546593056430398,0.17048554190397322
1292,0.3174,1,72,1,114850,490760,7079,100877,4.545926118048094,0.17050488728730623
1293,0.3175,3,97,3,114947,490663,7082,100874,4.545027603838601,0.1705286397976796
1294,0.3176,3,32,3,114979,490631,7085,100871,4.544731186779799,0.17053365838154394
1295,0.3177,1,24,1,115003,490607,7086,100870,4.544508873985698,0.17053917565687254
1296,0.3178,5,58,5,115061,490549,7091,100865,4.54397161806662,0.17054888791946082
1297,0.3179,2,49,2,115110,490500,7093,100863,4.5435177294453295,0.1705602142846272
1298,0.318,5,35,5,115145,490465,7098,100858,4.543193523287266,0.17056329620190658
1299,0.3181,2,19,2,115164,490446,7100,100856,4.543017525658602,0.1705659713648863
1300,0.3182,4,35,4,115199,490411,7104,100852,4.542693319500537,0.17057045680179547
1301,0.3183,8,64,8,115263,490347,7112,100844,4.542100485382933,0.1705776982396552
1302,0.3184,3,23,3,115286,490324,7115,100841,4.54188743562192,0.1705801256840307
1303,0.3185,2,42,2,115328,490282,7117,100839,4.541498388232243,0.17058943938719823
1304,0.3186,9,82,9,115410,490200,7126,100830,4.540738819519063,0.17060047713314044
1305,0.3187,4,22,4,115432,490178,7130,100826,4.540535032791137,0.17060121420498
1306,0.3188,7,82,7,115514,490096,7137,100819,4.539775464077958,0.17061506308013843
1307,0.3189,4,23,4,115537,490073,7141,100815,4.5395624143169435,0.1706160896819702
1308,0.319,3,42,3,115579,490031,7144,100812,4.539173366927266,0.17062400671582806
1309,0.3191,4,68,4,115647,489963,7148,100808,4.538543480677313,0.1706380306413145
1310,0.3192,2,36,2,115683,489927,7150,100806,4.538210011486161,0.1706456216260138
1311,0.3193,10,72,10,115755,489855,7160,100796,4.5375430731038575,0.17065238186340156
1312,0.3194,3,15,3,115770,489840,7163,100793,4.537404127607544,0.17065250333117182
1313,0.3195,3,48,3,115818,489792,7166,100790,4.536959502019341,0.17066216037739043
1314,0.3196,5,64,5,115882,489728,7171,100785,4.536366667901738,0.17067363461939025
1315,0.3197,5,31,5,115913,489697,7176,100780,4.5360795138760235,0.17067557246090873
1316,0.3198,2,32,2,115945,489665,7178,100778,4.535783096817222,0.1706820133357496
1317,0.3199,5,44,5,115989,489621,7183,100773,4.5353755233613695,0.17068771024095775
1318,0.32,3,55,3,116044,489566,7186,100770,4.534866056541554,0.17069939830875977
1319,0.3201,6,54,6,116098,489512,7192,100764,4.534365852754826,0.1707065847163022
1320,0.3202,2,31,2,116129,489481,7194,100762,4.534078698729112,0.17071274034592532
1321,0.3203,2,77,2,116206,489404,7196,100760,4.53336544518137,0.1707322032519774
1322,0.3204,3,49,3,116255,489355,7199,100757,4.53291155656008,0.17074216419933844
1323,0.3205,7,38,7,116293,489317,7206,100750,4.532559561302753,0.1707433223684768
1324,0.3206,5,53,5,116346,489264,7211,100745,4.532068620549112,0.17075163260221454
1325,0.3207,3,42,3,116388,489222,7214,100742,4.531679573159435,0.1707595717704809
1326,0.3208,2,23,2,116411,489199,7216,100740,4.5314665233984215,0.17076341791269944
1327,0.3209,2,16,2,116427,489183,7218,100738,4.53131831486902,0.1707652380572992
1328,0.321,3,26,3,116453,489157,7221,100735,4.531077476008744,0.1707685474629254
1329,0.3211,3,54,3,116507,489103,7224,100732,4.530577272222017,0.17077996388820602
1330,0.3212,6,33,6,116540,489070,7230,100726,4.530271592130127,0.17078108362891575
1331,0.3213,4,36,4,116576,489034,7234,100722,4.529938122938975,0.17078588433182537
1332,0.3214,6,46,6,116622,488988,7240,100716,4.529512023416948,0.17079076960644662
1333,0.3215,2,75,2,116697,488913,7242,100714,4.528817295935381,0.17080968137483526
1334,0.3216,2,49,2,116746,488864,7244,100712,4.528363407314091,0.17082106462949645
1335,0.3217,12,101,12,116847,488763,7256,100700,4.527427840972248,0.17083345349920181
1336,0.3218,2,14,2,116861,488749,7258,100698,4.527298158509022,0.17083469760640058
1337,0.3219,3,35,3,116896,488714,7261,100695,4.526973952350958,0.17084062170750702
1338,0.322,4,50,4,116946,488664,7265,100691,4.52651080069658,0.17084948799959276
1339,0.3221,7,74,7,117020,488590,7272,100684,4.525825336248101,0.17086109348113102
1340,0.3222,6,99,6,117119,488491,7278,100678,4.524908295972433,0.17088136001724463
1341,0.3223,9,40,9,117159,488451,7287,100669,4.524537774648931,0.1708802960347637
1342,0.3224,1,26,1,117185,488425,7288,100668,4.524296935788654,0.17088643049569424
1343,0.3225,8,41,8,117226,488384,7296,100660,4.523917151432065,0.1708870644637752
1344,0.3226,13,76,13,117302,488308,7309,100647,4.523213160917411,0.17089081508774015
1345,0.3227,2,29,2,117331,488279,7311,100645,4.5229445329578715,0.17089641447792925
1346,0.3228,6,44,6,117375,488235,7317,100639,4.52253695950202,0.17090073598087197
1347,0.3229,6,38,6,117413,488197,7323,100633,4.522184964244692,0.170903316746769
1348,0.323,3,27,3,117440,488170,7326,100630,4.521934862351328,0.1709069293478261
1349,0.3231,7,111,7,117551,488059,7333,100623,4.52090666567861,0.17092929629239556
1350,0.3232,9,73,9,117624,487986,7342,100614,4.520230464263219,0.17093781855249746
1351,0.3233,4,83,4,117707,487903,7346,100610,4.519461632516951,0.17095629153476644
1352,0.3234,4,72,4,117779,487831,7350,100606,4.518794694134647,0.17097157384732775
1353,0.3235,8,33,8,117812,487798,7358,100598,4.518489014042758,0.17096989102577176
1354,0.3236,5,67,5,117879,487731,7363,100593,4.517868390825892,0.1709823158667673
1355,0.3237,1,41,1,117920,487690,7364,100592,4.5174886064693025,0.17099282316984032
1356,0.3238,4,23,4,117943,487667,7368,100588,4.517275556708289,0.17099387170529787
1357,0.3239,3,34,3,117977,487633,7371,100585,4.516960613583311,0.17099952738610516
1358,0.324,6,57,6,118034,487576,7377,100579,4.516432620697321,0.17100764254320716
1359,0.3241,9,67,9,118101,487509,7386,100570,4.515811997480455,0.1710144385363191
1360,0.3242,4,71,4,118172,487438,7390,100566,4.515154322131239,0.17102944877926002
1361,0.3243,4,60,4,118232,487378,7394,100562,4.514598540145985,0.17104126271388237
1362,0.3244,7,62,7,118294,487316,7401,100555,4.514024232094557,0.17104943091256414
1363,0.3245,6,73,6,118367,487243,7407,100549,4.513348030679166,0.17106221248332742
1364,0.3246,4,43,4,118410,487200,7411,100545,4.512949720256401,0.1710690860832504
1365,0.3247,9,68,9,118478,487132,7420,100536,4.512319834006447,0.17107618587365656
1366,0.3248,16,109,16,118587,487023,7436,100520,4.511310163399903,0.17108535034882552
1367,0.3249,12,72,12,118659,486951,7448,100508,4.5106432250176,0.17108938666357992
1368,0.325,6,73,6,118732,486878,7454,100502,4.509967023602209,0.17110218257346183
1369,0.3251,2,30,2,118762,486848,7456,100500,4.509689132609582,0.17110809945722127
1370,0.3252,5,30,5,118792,486818,7461,100495,4.509411241616955,0.17110978302881089
1371,0.3253,3,50,3,118842,486768,7464,100492,4.508948089962577,0.17112011715424175
1372,0.3254,1,52,1,118894,486716,7465,100491,4.508466412242025,0.17113385909909112
1373,0.3255,6,57,6,118951,486659,7471,100485,4.507938419356034,0.17114200264330387
1374,0.3256,4,35,4,118986,486624,7475,100481,4.50761421319797,0.17114655811141108
1375,0.3257,5,56,5,119042,486568,7480,100476,4.507095483345067,0.17115582477633703
1376,0.3258,1,36,1,119078,486532,7481,100475,4.506762014153915,0.17116490944741716
1377,0.3259,2,64,2,119142,486468,7483,100473,4.506169180036311,0.17118074900202918
1378,0.326,6,41,6,119183,486427,7489,100467,4.505789395679721,0.1711842342910304
1379,0.3261,10,73,10,119256,486354,7499,100457,4.50511319426433,0.17119140575074426
1380,0.3262,9,82,9,119338,486272,7508,100448,4.5043536255511505,0.1712026179438233
1381,0.3263,3,20,3,119358,486252,7511,100445,4.5041683648893995,0.17120421614564246
1382,0.3264,3,32,3,119390,486220,7514,100442,4.503871947830597,0.1712093164377444
1383,0.3265,7,94,7,119484,486126,7521,100435,4.503001222720368,0.17122686302021445
1384,0.3266,2,77,2,119561,486049,7523,100433,4.502287969172626,0.17124651736967206
1385,0.3267,0,17,0,119578,486032,7523,100433,4.502130497610137,0.1712514813330719
1386,0.3268,9,53,9,119631,485979,7532,100424,4.501639556856497,0.1712542398316516
1387,0.3269,1,47,1,119678,485932,7533,100423,4.501204194301382,0.17126655353838544
1388,0.327,6,47,6,119725,485885,7539,100417,4.500768831746267,0.17127180190413813
1389,0.3271,9,40,9,119765,485845,7548,100408,4.5003983104227645,0.17127076535216024
1390,0.3272,5,43,5,119808,485802,7553,100403,4.5,0.17127626001142945
1391,0.3273,3,26,3,119834,485776,7556,100400,4.499759161139724,0.17127961567856753
1392,0.3274,7,93,7,119927,485683,7563,100393,4.498897699062581,0.17129689664821626
1393,0.3275,15,92,15,120019,485591,7578,100378,4.498045500018526,0.1713025774401035
1394,0.3276,7,58,7,120077,485533,7585,100371,4.497508244099448,0.1713096343428275
1395,0.3277,7,95,7,120172,485438,7592,100364,4.49662825595613,0.17132751339189692
1396,0.3278,4,43,4,120215,485395,7596,100360,4.496229945533366,0.171334431630972
1397,0.3279,20,112,20,120327,485283,7616,100340,4.49519248582756,0.17133889891619694
1398,0.328,3,27,3,120354,485256,7619,100337,4.4949423839341955,0.17134255361659037
1399,0.3281,10,40,10,120394,485216,7629,100327,4.494571862610694,0.1713401065335936
1400,0.3282,5,36,5,120430,485180,7634,100322,4.494238393419542,0.1713435650091716
1401,0.3283,3,23,3,120453,485157,7637,100319,4.494025343658527,0.17134605005158196
1402,0.3284,10,115,10,120568,485042,7647,100309,4.4929600948534585,0.17136555673433546
1403,0.3285,2,38,2,120606,485004,7649,100307,4.492608099596132,0.17137385082460435
1404,0.3286,8,64,8,120670,484940,7657,100299,4.492015265478528,0.17138126474824816
1405,0.3287,6,46,6,120716,484894,7663,100293,4.4915891659565,0.17138624063760816
1406,0.3288,8,102,8,120818,484792,7671,100285,4.49064433658157,0.17140478945506318
1407,0.3289,1,50,1,120868,484742,7672,100284,4.490181184927192,0.1714180224468656
1408,0.329,6,62,6,120930,484680,7678,100278,4.489606876875764,0.1714276922445714
1409,0.3291,13,100,13,121030,484580,7691,100265,4.488680573567009,0.1714385862920945
1410,0.3292,0,17,0,121047,484563,7691,100265,4.48852310200452,0.1714435697333233
1411,0.3293,3,39,3,121086,484524,7694,100262,4.4881618437141055,0.17145075292500161
1412,0.3294,1,13,1,121099,484511,7695,100261,4.488041424283968,0.17145314755152435
1413,0.3295,3,59,3,121158,484452,7698,100258,4.487494905331802,0.17146619691813036
1414,0.3296,4,60,4,121218,484392,7702,100254,4.4869391233465485,0.17147812522449482
1415,0.3297,3,60,3,121278,484332,7705,100251,4.486383341361296,0.1714914734092507
1416,0.3298,4,30,4,121308,484302,7709,100247,4.486105450368669,0.17149460524267426
1417,0.3299,12,76,12,121384,484226,7721,100235,4.485401459854015,0.17149989477484384
1418,0.33,5,39,5,121423,484187,7726,100230,4.4850402015636,0.1715042512452581
1419,0.3301,4,90,4,121513,484097,7730,100226,4.48420652858572,0.17152499559319076
1420,0.3302,9,75,9,121588,484022,7739,100217,4.483511801104154,0.17153425224950747
1421,0.3303,8,71,8,121659,483951,7747,100209,4.482854125754937,0.1715437551355793
1422,0.3304,4,33,4,121692,483918,7751,100205,4.482548445663048,0.17154777332856264
1423,0.3305,3,31,3,121723,483887,7754,100202,4.482261291637334,0.1715526229735537
1424,0.3306,5,72,5,121795,483815,7759,100197,4.48159435325503,0.17156668013670953
1425,0.3307,5,76,5,121871,483739,7764,100192,4.480890362740376,0.1715819163565558
1426,0.3308,7,108,7,121979,483631,7771,100185,4.47988995516692,0.1716037244611316
1427,0.3309,16,87,16,122066,483544,7787,100169,4.479084071288303,0.17160659433660036
1428,0.331,3,23,3,122089,483521,7790,100166,4.478871021527289,0.17160909871215224
1429,0.3311,3,30,3,122119,483491,7793,100163,4.478593130534662,0.17161366151863947
1430,0.3312,6,89,6,122208,483402,7799,100157,4.47776872058987,0.1716313174846074
1431,0.3313,5,96,5,122304,483306,7804,100152,4.476879469413465,0.1716524582746316
1432,0.3314,10,66,10,122370,483240,7814,100142,4.476268109229686,0.1716576788450792
1433,0.3315,0,25,0,122395,483215,7814,100142,4.476036533402497,0.17166503530428195
1434,0.3316,4,51,4,122446,483164,7818,100138,4.475564118715032,0.17167436422299254
1435,0.3317,4,82,4,122528,483082,7822,100134,4.474804550001853,0.17169282049875176
1436,0.3318,5,53,5,122581,483029,7827,100129,4.474313609248212,0.17170132279759517
1437,0.3319,3,74,3,122655,482955,7830,100126,4.473628144799733,0.171718852097736
1438,0.332,3,33,3,122688,482922,7833,100123,4.473322464707844,0.17172430944438252
1439,0.3321,3,41,3,122729,482881,7836,100120,4.472942680351254,0.171732123958621
1440,0.3322,4,72,4,122801,482809,7840,100116,4.47227574196895,0.17174765192777802
1441,0.3323,4,38,4,122839,482771,7844,100112,4.4719237467116235,0.1717531648718525
1442,0.3324,5,66,5,122905,482705,7849,100107,4.471312386527845,0.17176550928944498
1443,0.3325,5,86,5,122991,482619,7854,100102,4.470515765682315,0.1717837524304084
1444,0.3326,1,22,1,123013,482597,7855,100101,4.470311978954389,0.17178881684852187
1445,0.3327,7,73,7,123086,482524,7862,100094,4.469635777538997,0.17180039065047767
1446,0.3328,8,106,8,123192,482418,7870,100086,4.468653896031717,0.17182027934572122
1447,0.3329,6,87,6,123279,482331,7876,100080,4.467848012153099,0.17183741378511053
1448,0.333,5,36,5,123315,482295,7881,100075,4.467514542961948,0.1718409258718684
1449,0.3331,3,43,3,123358,482252,7884,100072,4.467116232539182,0.17184934847267158
1450,0.3332,9,73,9,123431,482179,7893,100063,4.466440031123791,0.1718580933701107
1451,0.3333,0,45,0,123476,482134,7893,100063,4.466023194634851,0.17187137687071558
1452,0.3334,3,33,3,123509,482101,7896,100060,4.465717514542962,0.17187685193614824
1453,0.3335,2,35,2,123544,482066,7898,100058,4.465393308384898,0.17188434079337048
1454,0.3336,11,72,11,123616,481994,7909,100047,4.464726370002594,0.17188995276965024
1455,0.3337,4,33,4,123649,481961,7913,100043,4.464420689910704,0.17189400760132234
1456,0.3338,8,71,8,123720,481890,7921,100035,4.463763014561488,0.17190359582420414
1457,0.3339,4,40,4,123760,481850,7925,100031,4.463392493237986,0.17190972037237853
1458,0.334,3,19,3,123779,481831,7928,100028,4.4632164956093225,0.1719110643643907
1459,0.3341,9,94,9,123873,481737,7937,100019,4.462345770499092,0.17192603084454652
1460,0.3342,4,76,4,123949,481661,7941,100015,4.461641779984438,0.17194279977169422
1461,0.3343,9,118,9,124067,481543,7950,100006,4.460548742080107,0.17196487312333097
1462,0.3344,7,43,7,124110,481500,7957,99999,4.4601504316573415,0.17196762161241894
1463,0.3345,6,56,6,124166,481444,7963,99993,4.4596317018044385,0.17197563966517437
1464,0.3346,2,21,2,124187,481423,7965,99991,4.4594371781096,0.17197900291358653
1465,0.3347,5,78,5,124265,481345,7970,99986,4.458714661528771,0.17199495640177453
1466,0.3348,5,74,5,124339,481271,7975,99981,4.458029197080292,0.17200973071920614
1467,0.3349,1,35,1,124374,481236,7976,99980,4.4577049909222275,0.17201866431756868
1468,0.335,1,45,1,124419,481191,7977,99979,4.457288154433288,0.17203055904468573
1469,0.3351,4,50,4,124469,481141,7981,99975,4.45682500277891,0.17203966161661355
1470,0.3352,11,48,11,124517,481093,7992,99964,4.456380377190707,0.17203819935049403
1471,0.3353,2,29,2,124546,481064,7994,99962,4.456111749231169,0.17204393607170765
1472,0.3354,3,37,3,124583,481027,7997,99959,4.455769017006928,0.17205061739869806
1473,0.3355,8,93,8,124676,480934,8005,99951,4.454907554929786,0.1720667602021054
1474,0.3356,6,48,6,124724,480886,8011,99945,4.454462929341584,0.17207242726369631
1475,0.3357,5,60,5,124784,480826,8016,99940,4.453907147356331,0.1720830764886374
1476,0.3358,4,41,4,124825,480785,8020,99936,4.453527362999741,0.17208952319616477
1477,0.3359,4,33,4,124858,480752,8024,99932,4.453221682907851,0.17209359996142481
1478,0.336,5,78,5,124936,480674,8029,99927,4.452499166327022,0.17210958989047556
1479,0.3361,6,30,6,124966,480644,8035,99921,4.452221275334396,0.17210992739831027
1480,0.3362,11,101,11,125067,480543,8046,99910,4.451285708992552,0.17212418576525576
1481,0.3363,10,52,10,125119,480491,8056,99900,4.450804031272,0.1721253430876771
1482,0.3364,9,94,9,125213,480397,8065,99891,4.449933306161769,0.17214038546376972
1483,0.3365,2,42,2,125255,480355,8067,99889,4.449544258772092,0.1721499920723006
1484,0.3366,9,79,9,125334,480276,8076,99880,4.448812479158176,0.17216059128923944
1485,0.3367,3,25,3,125359,480251,8079,99877,4.448580903330987,0.17216372938386013
1486,0.3368,6,26,6,125385,480225,8085,99871,4.4483400644707105,0.17216288338481905
1487,0.3369,16,76,16,125461,480149,8101,99855,4.4476360739560565,0.1721626057751326
1488,0.337,3,32,3,125493,480117,8104,99852,4.447339656897254,0.17216782276294076
1489,0.3371,4,60,4,125553,480057,8108,99848,4.4467838749120014,0.17217992602236573
1490,0.3372,8,90,8,125643,479967,8116,99840,4.445950201934122,0.17219523048186725
1491,0.3373,4,44,4,125687,479923,8120,99836,4.445542628478269,0.17220258762692775
1492,0.3374,3,32,3,125719,479891,8123,99833,4.445246211419467,0.17220780923335932
1493,0.3375,7,62,7,125781,479829,8130,99826,4.444671903368039,0.17221623206907558
1494,0.3376,3,53,3,125834,479776,8133,99823,4.444180962614398,0.1722276953548919
1495,0.3377,0,34,0,125868,479742,8133,99823,4.4438660194894215,0.17223779903893438
1496,0.3378,2,39,2,125907,479703,8135,99821,4.443504761199007,0.1722465333618625
1497,0.3379,2,64,2,125971,479639,8137,99819,4.442911927081403,0.17226270066165278
1498,0.338,5,62,5,126033,479577,8142,99814,4.442337619029975,0.1722739911389718
1499,0.3381,3,57,3,126090,479520,8145,99811,4.441809626143985,0.1722866547793921
1500,0.3382,5,86,5,126176,479434,8150,99806,4.441013005298455,0.17230508942752573
1501,0.3383,5,55,5,126231,479379,8155,99801,4.440503538478639,0.1723143064332332
1502,0.3384,5,69,5,126300,479310,8160,99796,4.4398643891955984,0.17232769130349193
1503,0.3385,3,54,3,126354,479256,8163,99793,4.43936418540887,0.17233947386145215
1504,0.3386,9,89,9,126443,479167,8172,99784,4.438539775464078,0.17235310069418655
1505,0.3387,5,56,5,126499,479111,8177,99779,4.438021045611175,0.17236262502375235
1506,0.3388,3,50,3,126549,479061,8180,99776,4.4375578939567975,0.17237322424102122
1507,0.3389,7,60,7,126609,479001,8187,99769,4.437002111971544,0.17238108402301433
1508,0.339,0,57,0,126666,478944,8187,99769,4.4364741190855534,0.17239806259752244
1509,0.3391,8,80,8,126746,478864,8195,99761,4.435733076438549,0.1724104558219918
1510,0.3392,4,41,4,126787,478823,8199,99757,4.43535329208196,0.17241695184762695
1511,0.3393,8,56,8,126843,478767,8207,99749,4.434834562229057,0.17242219748459853
1512,0.3394,3,45,3,126888,478722,8210,99746,4.434417725740117,0.17243131858633495
1513,0.3395,8,58,8,126946,478664,8218,99738,4.433880469821038,0.17243716308034895
1514,0.3396,9,97,9,127043,478567,8227,99729,4.432981955611545,0.1724532073540194
1515,0.3397,6,66,6,127109,478501,8233,99723,4.432370595427767,0.17246430449099312
1516,0.3398,9,71,9,127180,478430,8242,99714,4.43171292007855,0.17247260198151326
1517,0.3399,2,35,2,127215,478395,8244,99712,4.431388713920486,0.17248018100455453
1518,0.34,11,76,11,127291,478319,8255,99701,4.430684723405832,0.17248711117262377
1519,0.3401,8,112,8,127403,478207,8263,99693,4.429647263700026,0.17250908461671569
1520,0.3402,3,40,3,127443,478167,8266,99690,4.429276742376524,0.17251672991760938
1521,0.3403,6,51,6,127494,478116,8272,99684,4.4288043276890585,0.1725233644859813
1522,0.3404,5,49,5,127543,478067,8277,99679,4.428350439067768,0.17253083534979038
1523,0.3405,9,78,9,127621,477989,8286,99670,4.4276279224869395,0.1725412397279364
1524,0.3406,8,100,8,127721,477889,8294,99662,4.426701619178184,0.17255965274062376
1525,0.3407,6,59,6,127780,477830,8300,99656,4.426155100226018,0.1725686856477906
1526,0.3408,4,54,4,127834,477776,8304,99652,4.42565489643929,0.172579092111917
1527,0.3409,4,67,4,127901,477709,8308,99648,4.425034273222424,0.17259338676070438
1528,0.341,3,37,3,127938,477672,8311,99645,4.424691540998184,0.17260014861852327
1529,0.3411,2,25,2,127963,477647,8313,99643,4.424459965170995,0.172604756708067
1530,0.3412,0,20,0,127983,477627,8313,99643,4.424274704509244,0.17261073674363817
1531,0.3413,7,38,7,128021,477589,8320,99636,4.423922709251918,0.17261206635194248
1532,0.3414,7,69,7,128090,477520,8327,99629,4.423283559968876,0.17262266763002276
1533,0.3415,4,60,4,128150,477460,8331,99625,4.422727777983623,0.1726348804768795
1534,0.3416,6,61,6,128211,477399,8337,99619,4.422162732965282,0.17264452755373316
1535,0.3417,6,89,6,128300,477310,8343,99613,4.42133832302049,0.17266255635500752
1536,0.3418,4,48,4,128348,477262,8347,99609,4.420893697432287,0.17267118645243043
1537,0.3419,8,90,8,128438,477172,8355,99601,4.420060024454408,0.17268665488849166
1538,0.342,8,94,8,128532,477078,8363,99593,4.419189299344177,0.17270332650679504
1539,0.3421,3,45,3,128577,477033,8366,99590,4.418772462855237,0.17271250019510148
1540,0.3422,7,59,7,128636,476974,8373,99583,4.418225943903072,0.17272013001316436
1541,0.3423,6,86,6,128722,476888,8379,99577,4.417429323057542,0.1727372867390041
1542,0.3424,7,60,7,128782,476828,8386,99570,4.416873541072289,0.17274522118397356
1543,0.3425,10,89,10,128871,476739,8396,99560,4.4160491311274965,0.17275754426087847
1544,0.3426,3,46,3,128917,476693,8399,99557,4.4156230316054685,0.17276702819956616
1545,0.3427,2,25,2,128942,476668,8401,99555,4.41539145577828,0.17277165264142527
1546,0.3428,5,79,5,129021,476589,8406,99550,4.414659676164363,0.17278816396737592
1547,0.3429,10,89,10,129110,476500,8416,99540,4.413835266219571,0.17280049996528019
1548,0.343,5,65,5,129175,476435,8421,99535,4.41323316906888,0.17281282011215862
1549,0.3431,3,62,3,129237,476373,8424,99532,4.4126588610174515,0.17282711558329933
1550,0.3432,5,78,5,129315,476295,8429,99527,4.411936344436622,0.1728433439500401
1551,0.3433,4,44,4,129359,476251,8433,99523,4.41152877098077,0.17285080604542755
1552,0.3434,9,81,9,129440,476170,8442,99514,4.410778465300678,0.1728621952321065
1553,0.3435,9,75,9,129515,476095,8451,99505,4.410083737819112,0.17287178596247393
1554,0.3436,1,27,1,129542,476068,8452,99504,4.4098336359257475,0.17287845829887485
1555,0.3437,8,65,8,129607,476003,8460,99496,4.409231538775057,0.17288648633620562
1556,0.3438,4,56,4,129663,475947,8464,99492,4.408712808922154,0.1728975616876854
1557,0.3439,7,40,7,129703,475907,8471,99485,4.408342287598651,0.17289951893665537
1558,0.344,4,62,4,129765,475845,8475,99481,4.407767979547223,0.17291240096918964
1559,0.3441,11,77,11,129842,475768,8486,99470,4.4070547259994814,0.17291973061584945
1560,0.3442,3,45,3,129887,475723,8489,99467,4.406637889510542,0.17292894521810184
1561,0.3443,4,26,4,129913,475697,8493,99463,4.4063970506502645,0.1729310105014257
1562,0.3444,7,90,7,130003,475607,8500,99456,4.405563377672385,0.17294800743570704
1563,0.3445,15,77,15,130080,475530,8515,99441,4.404850124124644,0.1729495922403043
1564,0.3446,13,73,13,130153,475457,8528,99428,4.404173922709252,0.1729528514398532
1565,0.3447,11,136,11,130289,475321,8539,99417,4.4029141502093445,0.17297794821292484
1566,0.3448,7,136,7,130425,475185,8546,99410,4.401654377709437,0.17300881490441095
1567,0.3449,8,73,8,130498,475112,8554,99402,4.400978176294045,0.17301928238476347
1568,0.345,17,167,17,130665,474945,8571,99385,4.3994312497684245,0.17304511343652604
1569,0.3451,10,42,10,130707,474903,8581,99375,4.399042202378747,0.17304336923928829
1570,0.3452,6,58,6,130765,474845,8587,99369,4.398504946459669,0.17305220701689614
1571,0.3453,7,62,7,130827,474783,8594,99362,4.397930638408241,0.17306081216417454
1572,0.3454,10,109,10,130936,474674,8604,99352,4.396920967801697,0.17307926818645844
1573,0.3455,11,127,11,131063,474547,8615,99341,4.395744562599577,0.17310172019627523
1574,0.3456,6,79,6,131142,474468,8621,99335,4.395012782985661,0.1731169059764414
1575,0.3457,9,86,9,131228,474382,8630,99326,4.394216162140131,0.17312988488917708
1576,0.3458,11,63,11,131291,474319,8641,99315,4.393632591055615,0.17313304302046253
1577,0.3459,5,56,5,131347,474263,8646,99310,4.393113861202712,0.17314273858776477
1578,0.346,7,46,7,131393,474217,8653,99303,4.392687761680684,0.17314653368670666
1579,0.3461,9,109,9,131502,474108,8662,99294,4.391678091074142,0.1731664695972459
1580,0.3462,6,48,6,131550,474060,8668,99288,4.391233465485938,0.17317231419661358
1581,0.3463,4,30,4,131580,474030,8672,99284,4.390955574493312,0.17317560708442495
1582,0.3464,1,76,1,131656,473954,8673,99283,4.390251583978658,0.17319712440055335
1583,0.3465,6,46,6,131702,473908,8679,99277,4.3898254844566305,0.17320236921761734
1584,0.3466,6,46,6,131748,473862,8685,99271,4.389399384934603,0.1732076149863993
1585,0.3467,7,58,7,131806,473804,8692,99264,4.388862129015525,0.17321504603293153
1586,0.3468,4,63,4,131869,473741,8696,99260,4.388278557931009,0.17322831897326532
1587,0.3469,6,74,6,131943,473667,8702,99254,4.38759309348253,0.17324203511478894
1588,0.347,0,16,0,131959,473651,8702,99254,4.387444884953129,0.17324687339087633
1589,0.3471,10,79,10,132038,473572,8712,99244,4.386713105339212,0.17325633362196588
1590,0.3472,4,66,4,132104,473506,8716,99240,4.386101745155433,0.17327052480506194
1591,0.3473,4,46,4,132150,473460,8720,99236,4.385675645633406,0.1732786679145655
1592,0.3474,16,97,16,132247,473363,8736,99220,4.384777131423913,0.1732849211380708
1593,0.3475,9,117,9,132364,473246,8745,99211,4.383693356552669,0.1733073401146287
1594,0.3476,3,59,3,132423,473187,8748,99208,4.383146837600504,0.17332087107679137
1595,0.3477,6,54,6,132477,473133,8754,99202,4.382646633813776,0.1733285575755458
1596,0.3478,8,56,8,132533,473077,8762,99194,4.382127903960873,0.17333396240592308
1597,0.3479,5,50,5,132583,473027,8767,99189,4.381664752306495,0.17334188488263175
1598,0.348,7,78,7,132661,472949,8774,99182,4.380942235725666,0.1733554028710208
1599,0.3481,11,80,11,132741,472869,8785,99171,4.380201193078662,0.17336375078665828
1600,0.3482,12,61,12,132802,472808,8797,99159,4.379636148060321,0.1733648969258716
1601,0.3483,5,50,5,132852,472758,8802,99154,4.379172996405943,0.17337282658870595
1602,0.3484,12,94,12,132946,472664,8814,99142,4.378302271295713,0.1733839798812884
1603,0.3485,5,51,5,132997,472613,8819,99137,4.377829856608248,0.17339221687800613
1604,0.3486,4,61,4,133058,472552,8823,99133,4.377264811589907,0.17340493453562714
1605,0.3487,2,47,2,133105,472505,8825,99131,4.376829449034792,0.17341629988314242
1606,0.3488,5,84,5,133189,472421,8830,99126,4.376051354255438,0.1734345556883336
1607,0.3489,8,43,8,133232,472378,8838,99118,4.375653043832672,0.17343603454792333
1608,0.349,4,52,4,133284,472326,8842,99114,4.37517136611212,0.17344603107937842
1609,0.3491,9,66,9,133350,472260,8851,99105,4.374560005928341,0.17345304665143998
1610,0.3492,5,83,5,133433,472177,8856,99100,4.373791174182074,0.17347101318624766
1611,0.3493,10,49,10,133482,472128,8866,99090,4.373337285560784,0.173471424219825
1612,0.3494,4,77,4,133559,472051,8870,99086,4.372624032013042,0.17348902277387038
1613,0.3495,11,153,11,133712,471898,8881,99075,4.371206787950647,0.1735195884919252
1614,0.3496,11,93,11,133805,471805,8892,99064,4.370345325873504,0.17353193114357235
1615,0.3497,8,71,8,133876,471734,8900,99056,4.369687650524288,0.1735419331102507
1616,0.3498,4,83,4,133959,471651,8904,99052,4.36891881877802,0.17356137956169845
1617,0.3499,4,76,4,134035,471575,8908,99048,4.368214828263366,0.17357870257595645
1618,0.35,9,82,9,134117,471493,8917,99039,4.367455259550187,0.1735906136728527
1619,0.3501,5,62,5,134179,471431,8922,99034,4.366880951498759,0.17360223677175637
1620,0.3502,4,45,4,134224,471386,8926,99030,4.366464115009819,0.17361013716305293
1621,0.3503,10,125,10,134349,471261,8936,99020,4.365306235873875,0.17363369987777955
1622,0.3504,10,51,10,134400,471210,8946,99010,4.3648338211864095,0.17363473746974853
1623,0.3505,5,99,5,134499,471111,8951,99005,4.363916780910741,0.17365764160276154
1624,0.3506,7,89,7,134588,471022,8958,98998,4.3630923709659495,0.17367460790849443
1625,0.3507,6,68,6,134656,470954,8964,98992,4.362462484715995,0.17368662996143494
1626,0.3508,8,85,8,134741,470869,8972,98984,4.361675126903553,0.1737009369082904
1627,0.3509,4,75,4,134816,470794,8976,98980,4.360980399421987,0.17371800047036193
1628,0.351,7,93,7,134909,470701,8983,98973,4.360118937344844,0.17373620702366616
1629,0.3511,15,84,15,134993,470617,8998,98958,4.35934084256549,0.17374006934995392
1630,0.3512,6,95,6,135088,470522,9004,98952,4.358460854422172,0.1737603472678296
1631,0.3513,13,71,13,135159,470451,9017,98939,4.357803179072955,0.17376315003775972
1632,0.3514,13,78,13,135237,470373,9030,98926,4.357080662492127,0.17376809023026565
1633,0.3515,20,113,20,135350,470260,9050,98906,4.356033939753233,0.17377355639655215
1634,0.3516,9,39,9,135389,470221,9059,98897,4.355672681462818,0.17377239869411967
1635,0.3517,6,54,6,135443,470167,9065,98891,4.35517247767609,0.1737801770645523
1636,0.3518,5,49,5,135492,470118,9070,98886,4.3547185890548,0.17378788198325495
1637,0.3519,7,43,7,135535,470075,9077,98879,4.354320278632035,0.17379085128147442
1638,0.352,8,80,8,135615,469995,9085,98871,4.353579235985031,0.17380367256963855
1639,0.3521,18,102,18,135717,469893,9103,98853,4.3526344066101,0.17380869491829393
1640,0.3522,14,110,14,135827,469783,9117,98839,4.35161547297047,0.1738219766382588
1641,0.3523,9,44,9,135871,469739,9126,98830,4.351207899514617,0.173822350497477
1642,0.3524,15,103,15,135974,469636,9141,98815,4.350253807106599,0.17383204533020435
1643,0.3525,12,124,12,136098,469512,9153,98803,4.349105191003742,0.1738525289672101
1644,0.3526,6,67,6,136165,469445,9159,98797,4.348484567786876,0.1738643042928893
1645,0.3527,7,77,7,136242,469368,9166,98790,4.347771314239134,0.1738776889527209
1646,0.3528,4,43,4,136285,469325,9170,98786,4.34737300381637,0.17388503303051692
1647,0.3529,10,104,10,136389,469221,9180,98776,4.346409648375264,0.17390232694890995
1648,0.353,34,194,34,136583,469027,9214,98742,4.344612619956279,0.17391227770448897
1649,0.3531,5,50,5,136633,468977,9219,98737,4.344149468301901,0.17392031903387972
1650,0.3532,4,40,4,136673,468937,9223,98733,4.343778946978398,0.17392675321929996
1651,0.3533,7,90,7,136763,468847,9230,98726,4.3429452740005186,0.17394414462985378
1652,0.3534,9,107,9,136870,468740,9239,98717,4.3419541294601505,0.17396384219421032
1653,0.3535,7,94,7,136964,468646,9246,98710,4.34108340434992,0.17398247308568165
1654,0.3536,15,165,15,137129,468481,9261,98695,4.3395550038904736,0.17401124166043697
1655,0.3537,5,43,5,137172,468438,9266,98690,4.339156693467709,0.17401715309418686
1656,0.3538,11,106,11,137278,468332,9277,98679,4.338174811960428,0.1740336607226315
1657,0.3539,2,70,2,137348,468262,9279,98677,4.337526399644299,0.17405223489652327
1658,0.354,6,59,6,137407,468203,9285,98671,4.336979880692134,0.17406160804693813
1659,0.3541,3,70,3,137477,468133,9288,98668,4.336331468376005,0.17407873310032976
1660,0.3542,8,77,8,137554,468056,9296,98660,4.335618214828263,0.17409072621912916
1661,0.3543,5,64,5,137618,467992,9301,98655,4.33502538071066,0.1741031012252778
1662,0.3544,17,198,17,137816,467794,9318,98638,4.333191300159324,0.17413917292808315
1663,0.3545,11,71,11,137887,467723,9329,98627,4.332533624810107,0.1741449633618787
1664,0.3546,2,46,2,137933,467677,9331,98625,4.33210752528808,0.17415619227903134
1665,0.3547,8,81,8,138014,467596,9339,98617,4.331357219607988,0.174169438003013
1666,0.3548,18,141,18,138155,467455,9357,98599,4.330051131942644,0.17418656170612698
1667,0.3549,14,129,14,138284,467326,9371,98585,4.328856200674349,0.1742058380204661
1668,0.355,13,117,13,138401,467209,9384,98572,4.327772425803105,0.1742228883613978
1669,0.3551,1,33,1,138434,467176,9385,98571,4.327466745711216,0.17423159115293585
1670,0.3552,9,97,9,138531,467079,9394,98562,4.326568231501723,0.17424833065495607
1671,0.3553,15,71,15,138602,467008,9409,98547,4.325910556152507,0.17424830476257835
1672,0.3554,6,65,6,138667,466943,9415,98541,4.325308459001816,0.17425957233095896
1673,0.3555,5,40,5,138707,466903,9420,98536,4.324937937678313,0.1742645979495578
1674,0.3556,4,53,4,138760,466850,9424,98532,4.324446996924673,0.1742750918847788
1675,0.3557,11,112,11,138872,466738,9435,98521,4.323409537218867,0.1742935539283762
1676,0.3558,14,79,14,138951,466659,9449,98507,4.32267775760495,0.17429746304625543
1677,0.3559,10,123,10,139074,466536,9459,98497,4.321538404535181,0.17432079188295196
1678,0.356,11,118,11,139192,466418,9470,98486,4.3204453666308495,0.1743411269879484
1679,0.3561,12,54,12,139246,466364,9482,98474,4.319945162844122,0.174340253311569
1680,0.3562,7,68,7,139314,466296,9489,98467,4.319315276594168,0.17435101095503777
1681,0.3563,1,44,1,139358,466252,9490,98466,4.318907703138316,0.17436313345776122
1682,0.3564,5,68,5,139426,466184,9495,98461,4.3182778168883615,0.17437682083432954
1683,0.3565,7,100,7,139526,466084,9502,98454,4.317351513579607,0.1743974719150881
1684,0.3566,7,81,7,139607,466003,9509,98447,4.316601207899515,0.17441225972185312
1685,0.3567,8,110,8,139717,465893,9517,98439,4.315582274259883,0.17443455271010683
1686,0.3568,12,93,12,139810,465800,9529,98427,4.314720812182741,0.1744457461270021
1687,0.3569,9,82,9,139892,465718,9538,98418,4.313961243469562,0.17445793212984104
1688,0.357,6,34,6,139926,465684,9544,98412,4.313646300344585,0.17445966643975494
1689,0.3571,6,77,6,140003,465607,9550,98406,4.312933046796843,0.17447470182424873
1690,0.3572,16,112,16,140115,465495,9566,98390,4.311895587091037,0.17448593241529745
1691,0.3573,5,36,5,140151,465459,9571,98385,4.311562117899885,0.1744897524847298
1692,0.3574,13,66,13,140217,465393,9584,98372,4.310950757716107,0.1744911443597953
1693,0.3575,12,91,12,140308,465302,9596,98360,4.310107821705139,0.17450174040471061
1694,0.3576,9,88,9,140396,465214,9605,98351,4.309292674793435,0.17451580563022898
1695,0.3577,17,100,17,140496,465114,9622,98334,4.308366371484679,0.17452187247092898
1696,0.3578,14,127,14,140623,464987,9636,98320,4.30718996628256,0.1745407033819924
1697,0.3579,20,157,20,140780,464830,9656,98300,4.305735670087814,0.1745600483014579
1698,0.358,10,81,10,140861,464749,9666,98290,4.304985364407722,0.17457050044490702
1699,0.3581,2,43,2,140904,464706,9668,98288,4.304587053984957,0.1745809013950415
1700,0.3582,2,53,2,140957,464653,9670,98286,4.304096113231316,0.17459440543291546
1701,0.3583,7,56,7,141013,464597,9677,98279,4.303577383378413,0.1746015108123281
1702,0.3584,14,113,14,141126,464484,9691,98265,4.30253066063952,0.17461603663444983
1703,0.3585,8,52,8,141178,464432,9699,98257,4.302048982918967,0.1746204386437268
1704,0.3586,10,87,10,141265,464345,9709,98247,4.30124309904035,0.17463277117342585
1705,0.3587,3,77,3,141342,464268,9712,98244,4.300529845492608,0.17465227408481954
1706,0.3588,6,99,6,141441,464169,9718,98238,4.29961280521694,0.17467421280318346
1707,0.3589,3,60,3,141501,464109,9721,98235,4.299057023231687,0.17468844692928173
1708,0.359,14,99,14,141600,464010,9735,98221,4.298139982956019,0.17469865589055034
1709,0.3591,3,55,3,141655,463955,9738,98218,4.297630516136204,0.17471134330535262
1710,0.3592,25,183,25,141838,463772,9763,98193,4.295935381081181,0.17473152242577386
1711,0.3593,13,106,13,141944,463666,9776,98180,4.2949534995739,0.1747453928656607
1712,0.3594,8,49,8,141993,463617,9784,98172,4.29449961095261,0.17474888258759072
1713,0.3595,8,60,8,142053,463557,9792,98164,4.2939438289673575,0.1747557951367316
1714,0.3596,4,32,4,142085,463525,9796,98160,4.293647411908555,0.17475987430677337
1715,0.3597,6,117,6,142202,463408,9802,98154,4.292563637037311,0.17478746781299304
1716,0.3598,7,46,7,142248,463362,9809,98147,4.292137537515284,0.17479149933482813
1717,0.3599,2,74,2,142322,463288,9811,98145,4.291452073066805,0.1748115981782332
1718,0.36,11,152,11,142474,463136,9822,98134,4.290044092037497,0.17484276729559747
1719,0.3601,10,58,10,142532,463078,9832,98124,4.289506836118418,0.1748461338341631
1720,0.3602,12,118,12,142650,462960,9844,98112,4.288413798214087,0.1748652579348105
1721,0.3603,22,146,22,142796,462814,9866,98090,4.287061395383304,0.17487841056580092
1722,0.3604,7,96,7,142892,462718,9873,98083,4.286172144206899,0.17489804761403777
1723,0.3605,22,129,22,143021,462589,9895,98061,4.284977212938605,0.17490591277980916
1724,0.3606,11,95,11,143116,462494,9906,98050,4.284097224795287,0.17491936404635497
1725,0.3607,7,55,7,143171,462439,9913,98043,4.2835877579754715,0.17492622421415852
1726,0.3608,14,111,14,143282,462328,9927,98029,4.282559561302753,0.17494026129770843
1727,0.3609,12,93,12,143375,462235,9939,98017,4.28169809922561,0.17495162890984772
1728,0.361,15,164,15,143539,462071,9954,98002,4.280178961799251,0.1749807614364556
1729,0.3611,9,69,9,143608,462002,9963,97993,4.2795398125162105,0.17498906240234288
1730,0.3612,8,107,8,143715,461895,9971,97985,4.278548667975842,0.17501071658212475
1731,0.3613,8,75,8,143790,461820,9979,97977,4.277853940494276,0.17502237418206956
1732,0.3614,12,124,12,143914,461696,9991,97965,4.276705324391418,0.17504346381112854
1733,0.3615,8,69,8,143983,461627,9999,97957,4.276066175108378,0.17505325384571396
1734,0.3616,8,100,8,144083,461527,10007,97949,4.275139871799622,0.17507274664150027
1735,0.3617,11,114,11,144197,461413,10018,97938,4.274083886027641,0.1750922050733797
1736,0.3618,11,100,11,144297,461313,10029,97927,4.273157582718886,0.17510728846291396
1737,0.3619,9,131,9,144428,461182,10038,97918,4.271944125384416,0.17513503845465928
1738,0.362,19,167,19,144595,461015,10057,97899,4.270397198858794,0.17515932683740254
1739,0.3621,10,74,10,144669,460941,10067,97889,4.269711734410316,0.17516776121539646
1740,0.3622,25,184,25,144853,460757,10092,97864,4.2680073363222055,0.17518854464833938
1741,0.3623,11,122,11,144975,460635,10103,97853,4.266877246285524,0.17521056853504463
1742,0.3624,15,119,15,145094,460516,10118,97838,4.265774945348105,0.1752257528378054
1743,0.3625,1,54,1,145148,460462,10119,97837,4.2652747415613765,0.1752412237886867
1744,0.3626,12,109,12,145257,460353,10131,97825,4.264265070954833,0.17525771348924538
1745,0.3627,5,41,5,145298,460312,10136,97820,4.263885286598244,0.17526319938652504
1746,0.3628,14,125,14,145423,460187,10150,97806,4.262727407462299,0.17528176876770857
1747,0.3629,4,75,4,145498,460112,10154,97802,4.262032679980733,0.1752994189068566
1748,0.363,9,82,9,145580,460030,10163,97793,4.2612731112675535,0.1753118820844605
1749,0.3631,24,208,24,145788,459822,10187,97769,4.2593464003853425,0.17534178277626433
1750,0.3632,15,126,15,145914,459696,10202,97754,4.258179258216311,0.1753592250426047
1751,0.3633,7,173,7,146087,459523,10209,97747,4.256576753492164,0.17540330539953702
1752,0.3634,15,108,15,146195,459415,10224,97732,4.2555763459187075,0.17541510588767417
1753,0.3635,12,80,12,146275,459335,10236,97720,4.254835303271704,0.1754225345791708
1754,0.3636,12,95,12,146370,459240,10248,97708,4.253955315128386,0.17543469049175148
1755,0.3637,8,51,8,146421,459189,10256,97700,4.25348290044092,0.17543891152455876
1756,0.3638,20,154,20,146575,459035,10276,97680,4.252056393345437,0.17545781953063955
1757,0.3639,8,86,8,146661,458949,10284,97672,4.251259772499908,0.17547307773152648
1758,0.364,8,91,8,146752,458858,10292,97664,4.25041683648894,0.17548991773910105
1759,0.3641,7,92,7,146844,458766,10299,97657,4.249564637444885,0.17550856093295927
1760,0.3642,11,92,11,146936,458674,10310,97646,4.24871243840083,0.17552128271498418
1761,0.3643,7,96,7,147032,458578,10317,97639,4.247823187224425,0.17554120064651027
1762,0.3644,5,74,5,147106,458504,10322,97634,4.247137722775946,0.17555714588825075
1763,0.3645,10,61,10,147167,458443,10332,97624,4.246572677757605,0.1755615780112828
1764,0.3646,9,104,9,147271,458339,10341,97615,4.2456093223165,0.17558107325426203
1765,0.3647,7,74,7,147345,458265,10348,97608,4.24492385786802,0.1755940655509442
1766,0.3648,8,76,8,147421,458189,10356,97600,4.244219867353366,0.17560621027044435
1767,0.3649,7,108,7,147529,458081,10363,97593,4.24321945977991,0.17562995569344617
1768,0.365,6,103,6,147632,457978,10369,97587,4.242265367371893,0.1756536138885639
1769,0.3651,15,121,15,147753,457857,10384,97572,4.241144540368298,0.17566961753887536
1770,0.3652,9,127,9,147880,457730,10393,97563,4.239968135166179,0.1756964341347721
1771,0.3653,14,141,14,148021,457589,10407,97549,4.238662047500834,0.17572027135595114
1772,0.3654,28,207,28,148228,457382,10435,97521,4.23674459965171,0.17574422917158494
1773,0.3655,9,120,9,148348,457262,10444,97512,4.235633035681204,0.1757688716486353
1774,0.3656,10,117,10,148465,457145,10454,97502,4.23454926080996,0.1757910887465361
1775,0.3657,8,99,8,148564,457046,10462,97494,4.233632220534291,0.17581058174342698
1776,0.3658,11,106,11,148670,456940,10473,97483,4.232650339027011,0.17582784264000592
1777,0.3659,15,146,15,148816,456794,10488,97468,4.231297936196228,0.175851853455586
1778,0.366,13,94,13,148910,456700,10501,97455,4.230427211085998,0.17586234898178307
1779,0.3661,5,70,5,148980,456630,10506,97450,4.229778798769869,0.17587712965636731
1780,0.3662,16,109,16,149089,456521,10522,97434,4.228769128163326,0.17588793313536297
1781,0.3663,18,127,18,149216,456394,10540,97416,4.227592722961206,0.17590148245788267
1782,0.3664,19,163,19,149379,456231,10559,97397,4.226082848567935,0.17592498934302456
1783,0.3665,5,88,5,149467,456143,10564,97392,4.225267701656231,0.17594551383381357
1784,0.3666,6,71,6,149538,456072,10570,97386,4.224610026307014,0.1759591513719198
1785,0.3667,6,76,6,149614,455996,10576,97380,4.22390603579236,0.1759743826982016
1786,0.3668,12,108,12,149722,455888,10588,97368,4.222905628218904,0.17599086137339676
1787,0.3669,10,88,10,149810,455800,10598,97358,4.222090481307199,0.1760039627014343
1788,0.367,2,71,2,149881,455729,10600,97356,4.221432805957983,0.1760235768462352
1789,0.3671,15,116,15,149997,455613,10615,97341,4.220358294119826,0.17603815145563645
1790,0.3672,8,96,8,150093,455517,10623,97333,4.219469042943421,0.17605679659943926
1791,0.3673,6,108,6,150201,455409,10629,97327,4.218468635369965,0.17608225264864238
1792,0.3674,9,101,9,150302,455308,10638,97318,4.217533069028122,0.17610101587692217
1793,0.3675,13,101,13,150403,455207,10651,97305,4.216597502686279,0.17611382196223793
1794,0.3676,13,109,13,150512,455098,10664,97292,4.215587832079736,0.17612918409095024
1795,0.3677,10,120,10,150632,454978,10674,97282,4.214476268109229,0.1761525368485858
1796,0.3678,8,100,8,150732,454878,10682,97274,4.213549964800475,0.17617250322374997
1797,0.3679,11,157,11,150889,454721,10693,97263,4.212095668605728,0.17620619438244586
1798,0.368,7,55,7,150944,454666,10700,97256,4.211586201785913,0.17621330550331388
1799,0.3681,8,115,8,151059,454551,10708,97248,4.210520952980844,0.17623808669461163
1800,0.3682,22,143,22,151202,454408,10730,97226,4.209196339249324,0.17625091999405404
1801,0.3683,13,90,13,151292,454318,10743,97213,4.2083626662714435,0.17626026460887964
1802,0.3684,8,116,8,151408,454202,10751,97205,4.207288154433288,0.1762853935477787
1803,0.3685,4,89,4,151497,454113,10755,97201,4.206463744488495,0.17630787536685083
1804,0.3686,5,46,5,151543,454067,10760,97196,4.206037644966468,0.17631511637820785
1805,0.3687,9,86,9,151629,453981,10769,97187,4.205241024120938,0.17632917731072922
1806,0.3688,9,85,9,151714,453896,10778,97178,4.204453666308496,0.17634292309199853
1807,0.3689,18,177,18,151891,453719,10796,97160,4.202814109451999,0.17637266986035047
1808,0.369,8,78,8,151969,453641,10804,97152,4.20209159287117,0.17638568391392048
1809,0.3691,16,114,16,152083,453527,10820,97136,4.201035607099189,0.17639826899573788
1810,0.3692,8,66,8,152149,453461,10828,97128,4.20042424691541,0.17640744729734884
1811,0.3693,10,81,10,152230,453380,10838,97118,4.199673941235318,0.1764184429371224
1812,0.3694,9,91,9,152321,453289,10847,97109,4.198831005224351,0.17643414401941868
1813,0.3695,14,98,14,152419,453191,10861,97095,4.197923227981771,0.17644461243789594
1814,0.3696,16,114,16,152533,453077,10877,97079,4.196867242209789,0.17645722304219166
1815,0.3697,8,75,8,152608,453002,10885,97071,4.1961725147282225,0.17646930498315677
1816,0.3698,16,198,16,152806,452804,10901,97055,4.194338434176887,0.176508886823713
1817,0.3699,18,222,18,153028,452582,10919,97037,4.19228204083145,0.1765532123161681
1818,0.37,12,86,12,153114,452496,10931,97025,4.19148541998592,0.17656286110994848
1819,0.3701,15,146,15,153260,452350,10946,97010,4.190133017155137,0.1765873015873016
1820,0.3702,9,92,9,153352,452258,10955,97001,4.189280818111082,0.17660338747294083
1821,0.3703,20,133,20,153485,452125,10975,96981,4.188048834710438,0.17661617246943212
1822,0.3704,17,118,17,153603,452007,10992,96964,4.186955796806107,0.17662863794262357
1823,0.3705,14,163,14,153766,451844,11006,96950,4.185445922412835,0.17666009468033542
1824,0.3706,5,100,5,153866,451744,11011,96945,4.18451961910408,0.17668478865076573
1825,0.3707,6,95,6,153961,451649,11017,96939,4.183639630960762,0.17670638074474834
1826,0.3708,16,157,16,154118,451492,11033,96923,4.182185334766015,0.17673294858820418
1827,0.3709,10,84,10,154202,451408,11043,96913,4.181407239986661,0.1767450088543025
1828,0.371,13,135,13,154337,451273,11056,96900,4.180156730519841,0.1767690127021944
1829,0.3711,3,125,3,154462,451148,11059,96897,4.178998851383897,0.17680482442135226
1830,0.3712,6,64,6,154526,451084,11065,96891,4.178406017266294,0.1768164606049546
1831,0.3713,13,158,13,154684,450926,11078,96878,4.17694245803846,0.17684792370994004
1832,0.3714,14,132,14,154816,450794,11092,96864,4.175719737670903,0.1768695061516494
1833,0.3715,15,168,15,154984,450626,11107,96849,4.174163548112194,0.17690122836659208
1834,0.3716,17,232,17,155216,450394,11124,96832,4.172014524435881,0.17695065658429973
1835,0.3717,17,120,17,155336,450274,11141,96815,4.170902960465375,0.17696389435722523
1836,0.3718,10,144,10,155480,450130,11151,96805,4.169569083700767,0.17699543821477873
1837,0.3719,14,59,14,155539,450071,11165,96791,4.169022564748602,0.17699346453035683
1838,0.372,6,82,6,155621,449989,11171,96785,4.168262996035422,0.17701097711303024
1839,0.3721,5,73,5,155694,449916,11176,96780,4.16758679462003,0.17702708635146408
1840,0.3722,10,99,10,155793,449817,11186,96770,4.166669754344363,0.1770440936209606
1841,0.3723,11,127,11,155920,449690,11197,96759,4.165493349142243,0.17706867429531392
1842,0.3724,4,82,4,156002,449608,11201,96755,4.164733780429064,0.17708922456315673
1843,0.3725,23,119,23,156121,449489,11224,96732,4.163631479491645,0.17709315460225805
1844,0.3726,7,57,7,156178,449432,11231,96725,4.163103486605654,0.17710108997962123
1845,0.3727,27,170,27,156348,449262,11258,96698,4.16152877098077,0.1771155395999707
1846,0.3728,14,181,14,156529,449081,11272,96684,4.159852161991923,0.17715317032055922
1847,0.3729,9,78,9,156607,449003,11281,96675,4.1591296454110935,0.17716492143718457
1848,0.373,12,88,12,156695,448915,11293,96663,4.158314498499388,0.17717539930129148
1849,0.3731,11,130,11,156825,448785,11304,96652,4.157110304198007,0.17720103329990447
1850,0.3732,14,159,14,156984,448626,11318,96638,4.155637481937085,0.17723157956512808
1851,0.3733,17,133,17,157117,448493,11335,96621,4.154405498536441,0.17724916256049195
1852,0.3734,16,154,16,157271,448339,11351,96605,4.152978991440958,0.1772750961566693
1853,0.3735,12,177,12,157448,448162,11363,96593,4.15133943458446,0.1773145726060339
1854,0.3736,11,75,11,157523,448087,11374,96582,4.150644707102893,0.17732237377196058
1855,0.3737,17,124,17,157647,447963,11391,96565,4.149496091000037,0.17733706990274145
1856,0.3738,9,108,9,157755,447855,11400,96556,4.148495683426582,0.17735864999054024
1857,0.3739,19,159,19,157914,447696,11419,96537,4.14702286116566,0.17738174642111007
1858,0.374,9,94,9,158008,447602,11428,96528,4.14615213605543,0.17739878337897194
1859,0.3741,8,47,8,158055,447555,11436,96520,4.145716773500315,0.177402012590176
1860,0.3742,8,100,8,158155,447455,11444,96512,4.14479047019156,0.17742252746949724
1861,0.3743,12,154,12,158309,447301,11456,96500,4.143363963096077,0.1774546203482524
1862,0.3744,13,118,13,158427,447183,11469,96487,4.1422709251917444,0.17747346736071515
1863,0.3745,25,156,25,158583,447027,11494,96462,4.140825892030087,0.17748657286532019
1864,0.3746,10,92,10,158675,446935,11504,96452,4.139973692986032,0.17750148604953744
1865,0.3747,16,119,16,158794,446816,11520,96436,4.138871392048612,0.1775161435208706
1866,0.3748,25,175,25,158969,446641,11545,96411,4.137250361258291,0.17753548463130603
1867,0.3749,6,107,6,159076,446534,11551,96405,4.136259216717922,0.17756138350717116
1868,0.375,28,201,28,159277,446333,11579,96377,4.134397347067324,0.17758471375135892
1869,0.3751,19,117,19,159394,446216,11598,96358,4.13331357219608,0.1775942083476171
1870,0.3752,18,169,18,159563,446047,11616,96340,4.131748119604283,0.1776222512707716
1871,0.3753,7,85,7,159648,445962,11623,96333,4.130960761791841,0.17763947666860289
1872,0.3754,9,83,9,159731,445879,11632,96324,4.130191930045574,0.1776530192566253
1873,0.3755,7,31,7,159762,445848,11639,96317,4.12990477601986,0.1776525596451265
1874,0.3756,18,263,18,160025,445585,11657,96299,4.127468598317833,0.17771146592259598
1875,0.3757,7,95,7,160120,445490,11664,96292,4.126588610174515,0.17773200290891908
1876,0.3758,17,146,17,160266,445344,11681,96275,4.1252362073437325,0.1777541038996047
1877,0.3759,18,138,18,160404,445206,11699,96257,4.12395790877765,0.1777720730687046
1878,0.376,12,124,12,160528,445082,11711,96245,4.122809292674793,0.1777945677935887
1879,0.3761,10,122,10,160650,444960,11721,96235,4.121679202638112,0.17781945509474403
1880,0.3762,9,74,9,160724,444886,11730,96226,4.120993738189632,0.17783009802037286
1881,0.3763,7,56,7,160780,444830,11737,96219,4.120475008336729,0.1778378668105846
1882,0.3764,24,173,24,160953,444657,11761,96195,4.118872503612583,0.1778582680659404
1883,0.3765,12,68,12,161021,444589,11773,96183,4.118242617362629,0.17786238932489107
1884,0.3766,9,160,9,161181,444429,11782,96174,4.1167605320686205,0.1779013434997586
1885,0.3767,14,162,14,161343,444267,11796,96160,4.115259920708437,0.17793337490539887
1886,0.3768,6,127,6,161470,444140,11802,96154,4.114083515506318,0.1779660703246751
1887,0.3769,11,118,11,161588,444022,11813,96143,4.112990477601986,0.17798820730702655
1888,0.377,11,123,11,161711,443899,11824,96132,4.111851124532217,0.17801200301464176
1889,0.3771,9,120,9,161831,443779,11833,96123,4.1107395605617105,0.17803786613126085
1890,0.3772,16,160,16,161991,443619,11849,96107,4.109257475267702,0.17806627807443035
1891,0.3773,21,113,21,162104,443506,11870,96086,4.108210752528808,0.1780715800085991
1892,0.3774,26,192,26,162296,443314,11896,96060,4.106432250175998,0.17809534756958995
1893,0.3775,5,68,5,162364,443246,11901,96055,4.105802363926044,0.178110183366988
1894,0.3776,17,165,17,162529,443081,11918,96038,4.104273963466597,0.1781387782660229
1895,0.3777,12,110,12,162639,442971,11930,96026,4.1032550298269665,0.17815683575233257
1896,0.3778,5,69,5,162708,442902,11935,96021,4.102615880543925,0.178172020863834
1897,0.3779,22,173,22,162881,442729,11957,95999,4.101013375819779,0.178195675739891
1898,0.378,7,113,7,162994,442616,11964,95992,4.099966653080885,0.1782223806553189
1899,0.3781,14,106,14,163100,442510,11978,95978,4.098984771573604,0.17823609811174992
1900,0.3782,7,104,7,163204,442406,11985,95971,4.098021416132498,0.17825984393835548
1901,0.3783,13,135,13,163339,442271,11998,95958,4.096770906665679,0.17828470781024433
1902,0.3784,14,181,14,163520,442090,12012,95944,4.095094297676831,0.178323302988287
1903,0.3785,8,76,8,163596,442014,12020,95936,4.094390307162177,0.1783362766056325
1904,0.3786,17,114,17,163710,441900,12037,95919,4.093334321390196,0.17834810596129924
1905,0.3787,18,134,18,163844,441766,12055,95901,4.0920930749564635,0.17836504751081989
1906,0.3788,23,173,23,164017,441593,12078,95878,4.090490570232316,0.1783872990356689
1907,0.3789,9,103,9,164120,441490,12087,95869,4.089536477824299,0.178407731144356
1908,0.379,16,219,16,164339,441271,12103,95853,4.087507873578124,0.1784559989871985
1909,0.3791,6,121,6,164460,441150,12109,95847,4.08638704657453,0.17848703065380253
1910,0.3792,7,101,7,164561,441049,12116,95840,4.085451480232687,0.1785098968315611
1911,0.3793,19,136,19,164697,440913,12135,95821,4.08419170773278,0.17852604828462515
1912,0.3794,11,88,11,164785,440825,12146,95810,4.083376560821075,0.17853848519011992
1913,0.3795,15,155,15,164940,440670,12161,95795,4.081940790692505,0.17856710130204206
1914,0.3796,9,138,9,165078,440532,12170,95786,4.080662492126422,0.17859926386956992
1915,0.3797,17,167,17,165245,440365,12187,95769,4.079115565600801,0.17862885025012404
1916,0.3798,12,77,12,165322,440288,12199,95757,4.078402312053059,0.17863612196737214
1917,0.3799,11,100,11,165422,440188,12210,95746,4.077476008744303,0.1786525952822549
1918,0.38,21,211,21,165633,439977,12231,95725,4.075521508762829,0.17869076464153577
1919,0.3801,22,154,22,165787,439823,12253,95703,4.074095001667346,0.17870841004918528
1920,0.3802,21,143,21,165930,439680,12274,95682,4.072770387935826,0.17872392885561544
1921,0.3803,12,131,12,166061,439549,12286,95670,4.071556930601356,0.17874925964885402
1922,0.3804,9,65,9,166126,439484,12295,95661,4.070954833450665,0.17875715927458913
1923,0.3805,24,220,24,166346,439264,12319,95637,4.068916966171403,0.17879383287748574
1924,0.3806,20,178,20,166524,439086,12339,95617,4.067268146281818,0.17882263611762045
1925,0.3807,18,128,18,166652,438958,12357,95599,4.066082478046612,0.17883780401341673
1926,0.3808,11,90,11,166742,438868,12368,95588,4.065248805068732,0.17885101860583472
1927,0.3809,6,90,6,166832,438778,12374,95582,4.0644151320908515,0.1788719215510143
1928,0.381,21,117,21,166949,438661,12395,95561,4.063331357219608,0.17887881816922552
1929,0.3811,12,171,12,167120,438490,12407,95549,4.061747378561636,0.17891764459149986
1930,0.3812,21,142,21,167262,438348,12428,95528,4.060432027863204,0.1789329357378867
1931,0.3813,18,111,18,167373,438237,12446,95510,4.059403831190485,0.17894245775620285
1932,0.3814,18,111,18,167484,438126,12464,95492,4.058375634517766,0.17895198437833806
1933,0.3815,6,119,6,167603,438007,12470,95486,4.057273333580348,0.1789826670640477
1934,0.3816,10,111,10,167714,437896,12480,95476,4.056245136907629,0.17900452217214252
1935,0.3817,12,105,12,167819,437791,12492,95464,4.055272518433436,0.1790212937525199
1936,0.3818,9,104,9,167923,437687,12501,95455,4.05430916299233,0.17904235644537478
1937,0.3819,14,111,14,168034,437576,12515,95441,4.053280966319612,0.1790580788230019
1938,0.382,15,139,15,168173,437437,12530,95426,4.051993404720442,0.17908167765448155
1939,0.3821,16,128,16,168301,437309,12546,95410,4.050807736485234,0.17910005087109715
1940,0.3822,20,144,20,168445,437165,12566,95390,4.049473859720627,0.17911764982020636
1941,0.3823,27,227,27,168672,436938,12593,95363,4.047371151209752,0.17915239685816858
1942,0.3824,9,105,9,168777,436833,12602,95354,4.046398532735559,0.17917386181924774
1943,0.3825,9,85,9,168862,436748,12611,95345,4.045611174923117,0.17918860048901225
1944,0.3826,22,110,22,168972,436638,12633,95323,4.044592241283486,0.17919170766277978
1945,0.3827,23,221,23,169193,436417,12656,95300,4.042545110971137,0.17923068098255274
1946,0.3828,12,90,12,169283,436327,12668,95288,4.041711437993256,0.17924249691976335
1947,0.3829,16,149,16,169432,436178,12684,95272,4.040331246063211,0.17926804026719353
1948,0.383,14,84,14,169516,436094,12698,95258,4.039553151283856,0.17927475571749046
1949,0.3831,14,87,14,169603,436007,12712,95244,4.038747267405239,0.17928248605649683
1950,0.3832,17,133,17,169736,435874,12729,95227,4.037515284004594,0.17930111221782674
1951,0.3833,10,100,10,169836,435774,12739,95217,4.036588980695839,0.17931942349305355
1952,0.3834,9,104,9,169940,435670,12748,95208,4.035625625254734,0.1793406394689552
1953,0.3835,5,83,5,170023,435587,12753,95203,4.0348567935084665,0.17936095254243675
1954,0.3836,15,117,15,170140,435470,12768,95188,4.0337730186372225,0.179377301388088
1955,0.3837,12,191,12,170331,435279,12780,95176,4.0320037793175,0.1794233252585045
1956,0.3838,17,124,17,170455,435155,12797,95159,4.030855163214643,0.17943897389094007
1957,0.3839,7,146,7,170601,435009,12804,95152,4.02950276038386,0.1794775549314265
1958,0.384,19,117,19,170718,434892,12823,95133,4.028418985512617,0.17948776001132022
1959,0.3841,11,144,11,170862,434748,12834,95122,4.027085108748008,0.17951950478419235
1960,0.3842,24,297,24,171159,434451,12858,95098,4.024333987921005,0.179583003650276
1961,0.3843,23,172,23,171331,434279,12881,95075,4.022740746229945,0.17960570808948265
1962,0.3844,16,116,16,171447,434163,12897,95059,4.021666234391789,0.17962027277777567
1963,0.3845,10,135,10,171582,434028,12907,95049,4.02041572492497,0.1796505990621403
1964,0.3846,20,147,20,171729,433881,12927,95029,4.019054059061099,0.17966950899018735
1965,0.3847,9,79,9,171808,433802,12936,95020,4.018322279447182,0.17968238840290304
1966,0.3848,13,138,13,171946,433664,12949,95007,4.0170439808811,0.17970911966043154
1967,0.3849,3,90,3,172036,433574,12952,95004,4.016210307903219,0.1797350627532739
1968,0.385,20,151,20,172187,433423,12972,94984,4.014811589906999,0.17975537795676438
1969,0.3851,15,168,15,172355,433255,12987,94969,4.01325540034829,0.17978925607318108
1970,0.3852,14,132,14,172487,433123,13001,94955,4.012032679980733,0.1798124519483864
1971,0.3853,15,89,15,172576,433034,13016,94940,4.01120827003594,0.17981946080678216
1972,0.3854,10,118,10,172694,432916,13026,94930,4.010115232131609,0.17984412120201726
1973,0.3855,4,86,4,172780,432830,13030,94926,4.00931861128608,0.17986721136282677
1974,0.3856,7,85,7,172865,432745,13037,94919,4.008531253473637,0.17988530580066103
1975,0.3857,12,112,12,172977,432633,13049,94907,4.007493793767831,0.17990484133904538
1976,0.3858,11,98,11,173075,432535,13060,94896,4.006586016525251,0.17992116504338956
1977,0.3859,13,143,13,173218,432392,13073,94883,4.005261402793731,0.1799497415959414
1978,0.386,6,95,6,173313,432297,13079,94877,4.004381414650413,0.1799728362931404
1979,0.3861,16,149,16,173462,432148,13095,94861,4.003001222720368,0.17999882354950295
1980,0.3862,23,210,23,173672,431938,13118,94838,4.001055985771981,0.1800347775904749
1981,0.3863,15,163,15,173835,431775,13133,94823,3.99954611137871,0.18006714799524495
1982,0.3864,15,196,15,174031,431579,13148,94808,3.9977305568935493,0.18011083100456507
1983,0.3865,16,117,16,174148,431462,13164,94792,3.9966467820223053,0.1801259467861527
1984,0.3866,19,150,19,174298,431312,13183,94773,3.9952573270591722,0.18014769476415407
1985,0.3867,16,152,16,174450,431160,13199,94757,3.993849346029864,0.1801748184599471
1986,0.3868,12,118,12,174568,431042,13211,94745,3.9927563081255326,0.18019654346722153
1987,0.3869,23,266,23,174834,430776,13234,94722,3.9902923413242433,0.1802518753639405
1988,0.387,18,167,18,175001,430609,13252,94704,3.988745414798622,0.18028108955993855
1989,0.3871,12,97,12,175098,430512,13264,94692,3.987846900589129,0.1802956565448854
1990,0.3872,21,116,21,175214,430396,13285,94671,3.9867723887509725,0.18030270422631778
1991,0.3873,18,165,18,175379,430231,13303,94653,3.985243988291526,0.18033127319560133
1992,0.3874,24,179,24,175558,430052,13327,94629,3.983585905368854,0.18035530160230692
1993,0.3875,9,104,9,175662,429948,13336,94620,3.9826225499277483,0.18037699592807796
1994,0.3876,8,147,8,175809,429801,13344,94612,3.981260884063878,0.1804150545467027
1995,0.3877,20,192,20,176001,429609,13364,94592,3.9794823817110676,0.1804498656049874
1996,0.3878,11,74,11,176075,429535,13375,94581,3.9787969172625886,0.18045814285387204
1997,0.3879,9,130,9,176205,429405,13384,94572,3.9775927229612065,0.18048883825053388
1998,0.388,14,164,14,176369,429241,13398,94558,3.9760735855348477,0.1805234450619417
1999,0.3881,14,109,14,176478,429132,13412,94544,3.9750639149283042,0.18053911196999672
2000,0.3882,12,149,12,176627,428983,13424,94532,3.9736837229982584,0.1805717123673629
2001,0.3883,19,202,19,176829,428781,13443,94513,3.9718125903145727,0.1806116638065791
2002,0.3884,15,132,15,176961,428649,13458,94498,3.9705898699470152,0.1806337415678576
2003,0.3885,18,119,18,177080,428530,13476,94480,3.9694875690095963,0.1806466415556108
2004,0.3886,6,95,6,177175,428435,13482,94474,3.968607580866279,0.18067005922636634
2005,0.3887,13,143,13,177318,428292,13495,94461,3.9672829671347585,0.18069910646136894
2006,0.3888,10,114,10,177432,428178,13505,94451,3.9662269813627775,0.1807228454601639
2007,0.3889,10,102,10,177534,428076,13515,94441,3.965282151987847,0.18074244474342463
2008,0.389,13,128,13,177662,427948,13528,94428,3.96409648375264,0.18076634454875415
2009,0.3891,22,136,22,177798,427812,13550,94406,3.9628367112527325,0.18077890842521704
2010,0.3892,15,102,15,177900,427710,13565,94391,3.961891881877802,0.18079068992398023
2011,0.3893,9,80,9,177980,427630,13574,94382,3.9611508392307977,0.1808042726987119
2012,0.3894,17,132,17,178112,427498,13591,94365,3.9599281188632407,0.18082331953022154
2013,0.3895,12,173,12,178285,427325,13603,94353,3.9583256141390937,0.18086444128370374
2014,0.3896,15,154,15,178439,427171,13618,94338,3.9568991070436104,0.1808942894561743
2015,0.3897,16,74,16,178513,427097,13634,94322,3.9562136425951313,0.1808948273845027
2016,0.3898,20,163,20,178676,426934,13654,94302,3.95470376820186,0.18091996715499314
2017,0.3899,8,112,8,178788,426822,13662,94294,3.953666308496054,0.18094627683663522
2018,0.39,15,156,15,178944,426666,13677,94279,3.9522212753343955,0.18097687855723732
2019,0.3901,30,284,30,179228,426382,13707,94249,3.94959057393753,0.18102840591512992
2020,0.3902,25,194,25,179422,426188,13732,94224,3.9477935455185444,0.18105654750466937
2021,0.3903,12,114,12,179536,426074,13744,94212,3.9467375597465635,0.18107733054512326
2022,0.3904,23,174,23,179710,425900,13767,94189,3.945125791989329,0.18110169605586737
2023,0.3905,27,286,27,179996,425614,13794,94162,3.9424765645262885,0.18115880687065197
2024,0.3906,20,114,20,180110,425500,13814,94142,3.9414205787543075,0.1811670342274104
2025,0.3907,19,141,19,180251,425359,13833,94123,3.9401144910889623,0.18118625861916293
2026,0.3908,20,135,20,180386,425224,13853,94103,3.9388639816221422,0.18120182466923537
2027,0.3909,11,119,11,180505,425105,13864,94092,3.9377616806847233,0.18122600862485724
2028,0.391,17,123,17,180628,424982,13881,94075,3.936622327614954,0.1812421371833922
2029,0.3911,12,117,12,180745,424865,13893,94063,3.9355385527437106,0.18126406746215273
2030,0.3912,7,95,7,180840,424770,13900,94056,3.934658564600393,0.18128621156225785
2031,0.3913,10,84,10,180924,424686,13910,94046,3.9338804698210383,0.18129978486000478
2032,0.3914,23,122,23,181046,424564,13933,94023,3.9327503797843564,0.18130612606949267
2033,0.3915,9,121,9,181167,424443,13942,94014,3.9316295527807625,0.18133422829665719
2034,0.3916,12,152,12,181319,424291,13954,94002,3.930221571751454,0.18136845375106359
2035,0.3917,10,90,10,181409,424201,13964,93992,3.9293878987735744,0.18138415609628072
2036,0.3918,13,93,13,181502,424108,13977,93979,3.928526436696432,0.1813961747737349
2037,0.3919,10,119,10,181621,423989,13987,93969,3.9274241357590127,0.18142204580294155
2038,0.392,16,92,16,181713,423897,14003,93953,3.926571936714958,0.18142898522738243
2039,0.3921,43,231,43,181944,423666,14046,93910,3.924432176071733,0.18144195248620493
2040,0.3922,21,181,21,182125,423485,14067,93889,3.9227555670828855,0.18147220386026355
2041,0.3923,20,167,20,182292,423318,14087,93869,3.921208640557264,0.1814991482771222
2042,0.3924,14,162,14,182454,423156,14101,93855,3.9197080291970803,0.18153385517909676
2043,0.3925,9,70,9,182524,423086,14110,93846,3.9190596168809515,0.18154418763009447
2044,0.3926,10,140,10,182664,422946,14120,93836,3.917762792248694,0.18157753172517618
2045,0.3927,7,99,7,182763,422847,14127,93829,3.916845751973026,0.1816012355905829
2046,0.3928,21,186,21,182949,422661,14148,93808,3.915122827818741,0.18163336037593739
2047,0.3929,11,161,11,183110,422500,14159,93797,3.9136314794916447,0.18167256443481175
2048,0.393,21,114,21,183224,422386,14180,93776,3.9125754937196637,0.18167939522862978
2049,0.3931,10,72,10,183296,422314,14190,93766,3.9119085553373596,0.18168888544411718
2050,0.3932,10,105,10,183401,422209,14200,93756,3.9109359368631664,0.18170999970928262
2051,0.3933,28,178,28,183579,422031,14228,93728,3.909287116973582,0.18172828782435207
2052,0.3934,20,128,20,183707,421903,14248,93708,3.9081014487383747,0.18174166183421223
2053,0.3935,15,147,15,183854,421756,14263,93693,3.9067397828745043,0.1817696804145512
2054,0.3936,27,137,27,183991,421619,14290,93666,3.9054707473415093,0.18177513414906313
2055,0.3937,27,187,27,184178,421432,14317,93639,3.903738560154137,0.18179823752453544
2056,0.3938,17,171,17,184349,421261,14334,93622,3.902154581496165,0.1818316005772185
2057,0.3939,7,76,7,184425,421185,14341,93615,3.901450590981511,0.18184731934731935
2058,0.394,12,175,12,184600,421010,14353,93603,3.899829560191189,0.1818900805070995
2059,0.3941,26,166,26,184766,420844,14379,93577,3.898291896698655,0.18190742601876672
2060,0.3942,16,136,16,184902,420708,14395,93561,3.8970321241987476,0.181930079394247
2061,0.3943,7,122,7,185024,420586,14402,93554,3.895902034162066,0.18196211148714359
2062,0.3944,12,113,12,185137,420473,14414,93542,3.8948553114231723,0.1819830160598426
2063,0.3945,12,142,12,185279,420331,14426,93530,3.89353996072474,0.1820142022842753
2064,0.3946,23,206,23,185485,420125,14449,93507,3.8916317759087034,0.18205057317301102
2065,0.3947,28,220,28,185705,419905,14477,93479,3.8895939086294415,0.18208397612703162
2066,0.3948,22,139,22,185844,419766,14499,93457,3.8883063470302717,0.18209823020402438
2067,0.3949,18,194,18,186038,419572,14517,93439,3.886509318611286,0.18213839469329118
2068,0.395,11,56,11,186094,419516,14528,93428,3.885990588758383,0.18214074050968526
2069,0.3951,17,157,17,186251,419359,14545,93411,3.884536292563637,0.18216939368527799
2070,0.3952,34,147,34,186398,419212,14579,93377,3.8831746266997667,0.1821673894679753
2071,0.3953,22,183,22,186581,419029,14601,93355,3.881479491644744,0.18219733637272045
2072,0.3954,9,61,9,186642,418968,14610,93346,3.880914446626403,0.18220466354618456
2073,0.3955,19,125,19,186767,418843,14629,93327,3.879756567490459,0.1822187945408751
2074,0.3956,27,306,27,187073,418537,14656,93300,3.8769220793656674,0.1822845945095802
2075,0.3957,10,89,10,187162,418448,14666,93290,3.8760976694208753,0.1823003177407189
2076,0.3958,19,140,19,187302,418308,14685,93271,3.8748008447886177,0.18231983720989328
2077,0.3959,21,130,21,187432,418178,14706,93250,3.8735966504872357,0.18233260595821896
2078,0.396,22,200,22,187632,417978,14728,93228,3.871744043869725,0.18236875154047488
2079,0.3961,25,221,25,187853,417757,14753,93203,3.8696969135573753,0.18240762486300297
2080,0.3962,20,115,20,187968,417642,14773,93183,3.8686316647523067,0.18241667890177654
2081,0.3963,20,126,20,188094,417516,14793,93163,3.867464522583275,0.18242966716861278
2082,0.3964,18,111,18,188205,417405,14811,93145,3.866436325910556,0.18244050533738126
2083,0.3965,9,86,9,188291,417319,14820,93136,3.8656397050650266,0.18245682773212135
2084,0.3966,25,163,25,188454,417156,14845,93111,3.864129830671755,0.18247505717594906
2085,0.3967,16,135,16,188589,417021,14861,93095,3.8628793212049355,0.1824977064040336
2086,0.3968,24,157,24,188746,416864,14885,93071,3.861425025010189,0.1825154186317864
2087,0.3969,21,161,21,188907,416703,14906,93050,3.859933676683093,0.18253938672258918
2088,0.397,12,118,12,189025,416585,14918,93038,3.8588406387787617,0.18256240397313309
2089,0.3971,12,101,12,189126,416484,14930,93026,3.857905072436919,0.18257934093540854
2090,0.3972,19,150,19,189276,416334,14949,93007,3.856515617473786,0.1826026178925317
2091,0.3973,10,130,10,189406,416204,14959,92997,3.8553114231724037,0.18263318414535715
2092,0.3974,19,167,19,189573,416037,14978,92978,3.853764496646782,0.1826625934402719
2093,0.3975,25,136,25,189709,415901,15003,92953,3.8525047241468746,0.1826712573744139
2094,0.3976,10,124,10,189833,415777,15013,92943,3.8513561080440177,0.18269971693662526
2095,0.3977,16,156,16,189989,415621,15029,92927,3.8499110748823595,0.18273004711453
2096,0.3978,27,187,27,190176,415434,15056,92900,3.8481788876949867,0.18275385868346403
2097,0.3979,28,194,28,190370,415240,15084,92872,3.8463818592760015,0.18277859999370216
2098,0.398,23,158,23,190528,415082,15107,92849,3.844918300048168,0.1827984509707027
2099,0.3981,16,162,16,190690,414920,15123,92833,3.843417688687984,0.18283102217022842
2100,0.3982,19,141,19,190831,414779,15142,92814,3.842111601022639,0.1828512213525403
2101,0.3983,21,177,21,191008,414602,15163,92793,3.840472044166142,0.1828811872407099
2102,0.3984,21,168,21,191176,414434,15184,92772,3.8389158546074325,0.18290793089987106
2103,0.3985,11,103,11,191279,414331,15195,92761,3.8379617621994147,0.18292735834917528
2104,0.3986,10,83,10,191362,414248,15205,92751,3.837192930453148,0.18294118923311486
2105,0.3987,12,85,12,191447,414163,15217,92739,3.8364055726407056,0.18295252336743592
2106,0.3988,16,107,16,191554,414056,15233,92723,3.835414428100337,0.18296535570732014
2107,0.3989,29,146,29,191700,413910,15262,92694,3.8340620252695543,0.18297131487315538
2108,0.399,11,90,11,191790,413820,15273,92683,3.8332283522916746,0.1829860830044442
2109,0.3991,22,194,22,191984,413626,15295,92661,3.831431323872689,0.18302069774653507
2110,0.3992,23,180,23,192164,413446,15318,92638,3.829763977916929,0.18304866385817375
2111,0.3993,15,123,15,192287,413323,15333,92623,3.82862462484716,0.1830689441165658
2112,0.3994,25,126,25,192413,413197,15358,92598,3.827457482678128,0.18307417036546428
2113,0.3995,24,227,24,192640,412970,15382,92574,3.8253547741672533,0.18311759213836976
2114,0.3996,13,135,13,192775,412835,15395,92561,3.8241042647004333,0.18314549383058037
2115,0.3997,24,211,24,192986,412624,15419,92537,3.8221497647189597,0.1831831831831832
2116,0.3998,11,127,11,193113,412497,15430,92526,3.8209733595168403,0.18321145769598612
2117,0.3999,37,244,37,193357,412253,15467,92489,3.8187131794434768,0.18324015041347858
2118,0.4,18,172,18,193529,412081,15485,92471,3.817119937752418,0.1832734782539758
2119,0.4001,18,149,18,193678,411932,15503,92453,3.815739745822372,0.18329847239707764
2120,0.4002,26,111,26,193789,411821,15529,92427,3.8147115491496537,0.18329671114213641
2121,0.4003,20,83,20,193872,411738,15549,92407,3.8139427174033864,0.1832944886887701
2122,0.4004,11,120,11,193992,411618,15560,92396,3.8128311534328803,0.18332030459471363
2123,0.4005,23,217,23,194209,411401,15583,92373,3.8108210752528806,0.18336198374668006
2124,0.4006,10,108,10,194317,411293,15593,92363,3.809820667679425,0.18338508823482694
2125,0.4007,12,123,12,194440,411170,15605,92351,3.8086813146096556,0.18341042379563116
2126,0.4008,22,174,22,194614,410996,15627,92329,3.8070695468524214,0.18343813639298664
2127,0.4009,20,156,20,194770,410840,15647,92309,3.8056245136907627,0.18346255284219984
2128,0.401,19,154,19,194924,410686,15666,92290,3.8041980065952794,0.18348788013742207
2129,0.4011,19,172,19,195096,410514,15685,92271,3.80260476490422,0.18351979474327992
2130,0.4012,26,159,26,195255,410355,15711,92245,3.8011319426432992,0.18353561480302427
2131,0.4013,11,147,11,195402,410208,15722,92234,3.799770276779429,0.18357143710119775
2132,0.4014,8,79,8,195481,410129,15730,92226,3.799038497165512,0.1835873037991062
2133,0.4015,10,143,10,195624,409986,15740,92216,3.7977138834339916,0.18362332288601002
2134,0.4016,22,204,22,195828,409782,15762,92194,3.7958242246841305,0.1836621671155593
2135,0.4017,23,166,23,195994,409616,15785,92171,3.794286561191597,0.18368550799442793
2136,0.4018,4,49,4,196043,409567,15789,92167,3.793832672570306,0.18369693901549428
2137,0.4019,9,134,9,196177,409433,15798,92158,3.7925914261365743,0.18373136679087146
2138,0.402,13,165,13,196342,409268,15811,92145,3.791063025677128,0.18377066410324422
2139,0.4021,10,94,10,196436,409174,15821,92135,3.790192300566898,0.183788840814747
2140,0.4022,2,79,2,196515,409095,15823,92133,3.789460520952981,0.1838145514616103
2141,0.4023,14,140,14,196655,408955,15837,92119,3.7881636963207233,0.18384310501043757
2142,0.4024,17,145,17,196800,408810,15854,92102,3.7868205565230277,0.18386862363049797
2143,0.4025,30,191,30,196991,408619,15884,92072,3.785051317203305,0.183889864207665
2144,0.4026,19,136,19,197127,408483,15903,92053,3.783791544703398,0.18390884971310756
2145,0.4027,6,85,6,197212,408398,15909,92047,3.7830041868909556,0.18393030203119223
2146,0.4028,15,116,15,197328,408282,15924,92032,3.7819296750527993,0.18394848035433747
2147,0.4029,23,235,23,197563,408047,15947,92009,3.779752862277224,0.1839973922920633
2148,0.403,12,153,12,197716,407894,15959,91997,3.7783356182148284,0.1840341194380375
2149,0.4031,16,149,16,197865,407745,15975,91981,3.7769554262847826,0.18406286645081504
2150,0.4032,19,168,19,198033,407577,15994,91962,3.7753992367260736,0.18409373442313814
2151,0.4033,15,126,15,198159,407451,16009,91947,3.774232094557042,0.18411567527302872
2152,0.4034,16,96,16,198255,407355,16025,91931,3.7733428433806364,0.18412493040061206
2153,0.4035,29,249,29,198504,407106,16054,91902,3.7710363481418354,0.18416939207387456
2154,0.4036,20,144,20,198648,406962,16074,91882,3.7697024713772276,0.18418984692609314
2155,0.4037,21,234,21,198882,406728,16095,91861,3.76753492163474,0.18424193072851588
2156,0.4038,14,129,14,199011,406599,16109,91847,3.7663399903664456,0.18426670090641714
2157,0.4039,10,102,10,199113,406497,16119,91837,3.765395160991515,0.18428804777518693
2158,0.404,13,169,13,199282,406328,16132,91824,3.7638297083997183,0.18432928102265975
2159,0.4041,15,233,15,199515,406095,16147,91809,3.7616714216903184,0.18439096693338475
2160,0.4042,13,94,13,199609,406001,16160,91796,3.760800696580088,0.1844044861660476
2161,0.4043,29,161,29,199770,405840,16189,91767,3.759309348252992,0.1844166179334294
2162,0.4044,14,142,14,199912,405698,16203,91753,3.7579939975545593,0.18444630727448533
2163,0.4045,17,120,17,200032,405578,16220,91736,3.7568824335840527,0.1844629348862087
2164,0.4046,15,125,15,200157,405453,16235,91721,3.7557245544481086,0.18448470756716964
2165,0.4047,22,103,22,200260,405350,16257,91699,3.7547704620400904,0.18448684133757437
2166,0.4048,15,155,15,200415,405195,16272,91684,3.7533346919115194,0.18451977241944215
2167,0.4049,14,177,14,200592,405018,16286,91670,3.7516951350550225,0.18456254228006314
2168,0.405,11,105,11,200697,404913,16297,91659,3.7507225165808293,0.1845835045068993
2169,0.4051,13,138,13,200835,404775,16310,91646,3.7494442180147467,0.18461346316936633
2170,0.4052,21,155,21,200990,404620,16331,91625,3.7480084478861757,0.18463662102388942
2171,0.4053,27,192,27,201182,404428,16358,91598,3.7462299455333654,0.18466370714438357
2172,0.4054,18,111,18,201293,404317,16376,91580,3.745201748860647,0.18467544671574945
2173,0.4055,13,138,13,201431,404179,16389,91567,3.7439234502945644,0.18470547417427474
2174,0.4056,21,177,21,201608,404002,16410,91546,3.7422838934380676,0.1847368973338607
2175,0.4057,18,116,18,201724,403886,16428,91528,3.7412093815999112,0.18475053187838858
2176,0.4058,18,127,18,201851,403759,16446,91510,3.7400329763977918,0.18476827744114815
2177,0.4059,9,92,9,201943,403667,16455,91501,3.7391807773537367,0.18478778919477834
2178,0.406,17,179,17,202122,403488,16472,91484,3.7375226944310644,0.1848266164550722
2179,0.4061,27,173,27,202295,403315,16499,91457,3.7359201897069174,0.18484675769849546
2180,0.4062,22,236,22,202531,403079,16521,91435,3.733734113898255,0.18489870863110044
2181,0.4063,29,171,29,202702,402908,16550,91406,3.7321501352402833,0.184914851693458
2182,0.4064,21,140,21,202842,402768,16571,91385,3.7308533106080253,0.18493260184598698
2183,0.4065,15,106,15,202948,402662,16586,91370,3.729871429100745,0.1849475337629951
2184,0.4066,16,145,16,203093,402517,16602,91354,3.7285282893030494,0.1849754288063077
2185,0.4067,15,166,15,203259,402351,16617,91339,3.726990625810515,0.18501286232251007
2186,0.4068,15,126,15,203385,402225,16632,91324,3.7258234836414834,0.18503532577312487
2187,0.4069,27,213,27,203598,402012,16659,91297,3.7238504575938345,0.18507061496952215
2188,0.407,18,145,18,203743,401867,16677,91279,3.722507317796139,0.1850952861829965
2189,0.4071,24,205,24,203948,401662,16701,91255,3.7206083960131906,0.1851325882450798
2190,0.4072,12,116,12,204064,401546,16713,91243,3.7195338841750343,0.1851563245121137
2191,0.4073,15,204,15,204268,401342,16728,91228,3.717644225425173,0.18520819375926265
2192,0.4074,22,145,22,204413,401197,16750,91206,3.716301085627478,0.18522632884040105
2193,0.4075,19,170,19,204583,401027,16769,91187,3.7147263700025936,0.18525885082504764
2194,0.4076,26,176,26,204759,400851,16795,91161,3.713096076179184,0.18528206629106608
2195,0.4077,13,128,13,204887,400723,16808,91148,3.7119104079439773,0.1853087496518396
2196,0.4078,22,118,22,205005,400605,16830,91126,3.7108173700396456,0.18531676872110972
2197,0.4079,16,177,16,205182,400428,16846,91110,3.7091778131831488,0.18535698155585123
2198,0.408,28,219,28,205401,400209,16874,91082,3.707149208936974,0.18539317838104097
2199,0.4081,16,169,16,205570,400040,16890,91066,3.7055837563451774,0.18543043660635383
2200,0.4082,8,85,8,205655,399955,16898,91058,3.7047963985327357,0.18544926509074097
2201,0.4083,14,104,14,205759,399851,16912,91044,3.7038330430916298,0.18546532354169426
2202,0.4084,12,96,12,205855,399755,16924,91032,3.702943791915225,0.185481685537718
2203,0.4085,12,124,12,205979,399631,16936,91020,3.701795175812368,0.18550864056121358
2204,0.4086,4,146,4,206125,399485,16940,91016,3.700442772981585,0.18555721598936598
2205,0.4087,12,116,12,206241,399369,16952,91004,3.699368261143429,0.18558118004049978
2206,0.4088,17,104,17,206345,399265,16969,90987,3.6984049057023234,0.18559230762954562
2207,0.4089,22,179,22,206524,399086,16991,90965,3.696746822779651,0.18562353714205257
2208,0.409,6,82,6,206606,399004,16997,90959,3.6959872540664716,0.18564463030881923
2209,0.4091,19,152,19,206758,398852,17016,90940,3.694579273037163,0.18567065203188293
2210,0.4092,19,120,19,206878,398732,17035,90921,3.693467709066657,0.18568455620612964
2211,0.4093,25,184,25,207062,398548,17060,90896,3.691763310978547,0.18571276795711053
2212,0.4094,11,84,11,207146,398464,17071,90885,3.6909852161991923,0.18572634254897832
2213,0.4095,11,146,11,207292,398318,17082,90874,3.6896328133684095,0.1857634630165661
2214,0.4096,20,165,20,207457,398153,17102,90854,3.688104412908963,0.18579284141126814
2215,0.4097,21,160,21,207617,397993,17123,90833,3.686622327614954,0.185818675766019
2216,0.4098,22,136,22,207753,397857,17145,90811,3.685362555115047,0.1858337357878969
2217,0.4099,12,111,12,207864,397746,17157,90799,3.6843343584423285,0.1858559600446223
2218,0.41,17,186,17,208050,397560,17174,90782,3.6826114342880434,0.18589840726376186
2219,0.4101,18,170,18,208220,397390,17192,90764,3.681036718663159,0.18593312766053335
2220,0.4102,13,69,13,208289,397321,17205,90751,3.680397569380118,0.18593773049877887
2221,0.4103,18,133,18,208422,397188,17223,90733,3.679165585979473,0.1859583826070204
2222,0.4104,16,135,16,208557,397053,17239,90717,3.677915076512653,0.18598314779506736
2223,0.4105,11,131,11,208688,396922,17250,90706,3.676701619178184,0.18601474894796854
2224,0.4106,8,70,8,208758,396852,17258,90698,3.676053206862055,0.1860280996820839
2225,0.4107,15,113,15,208871,396739,17273,90683,3.6750064841231613,0.18604617764483342
2226,0.4108,19,176,19,209047,396563,17292,90664,3.6733761902997517,0.18608164161674126
2227,0.4109,26,180,26,209227,396383,17318,90638,3.671708844343992,0.18610696458674267
2228,0.411,30,199,30,209426,396184,17348,90608,3.6698655007595686,0.1861328863251656
2229,0.4111,32,225,32,209651,395959,17380,90576,3.667781318314869,0.18616543516910397
2230,0.4112,22,176,22,209827,395783,17402,90554,3.6661510244914597,0.18619599166832876
2231,0.4113,14,153,14,209980,395630,17416,90540,3.6647337804290636,0.18623115371166465
2232,0.4114,35,245,35,210225,395385,17451,90505,3.662464337322613,0.1862664389059252
2233,0.4115,5,69,5,210294,395316,17456,90500,3.661825188039572,0.18628451924185288
2234,0.4116,15,139,15,210433,395177,17471,90485,3.6605376264404015,0.18631270307333084
2235,0.4117,22,236,22,210669,394941,17493,90463,3.658351550631739,0.1863664081878188
2236,0.4118,28,143,28,210812,394798,17521,90435,3.6570269369002184,0.18637438096749398
2237,0.4119,21,140,21,210952,394658,17542,90414,3.655730112267961,0.18639294785104066
2238,0.412,18,131,18,211083,394527,17560,90396,3.6545166549334915,0.1864131006365959
2239,0.4121,15,142,15,211225,394385,17575,90381,3.6532013042350586,0.18644253103559244
2240,0.4122,19,161,19,211386,394224,17594,90362,3.6517099559079624,0.18647257659115204
2241,0.4123,24,220,24,211606,394004,17618,90338,3.6496720886287006,0.1865169652848607
2242,0.4124,12,103,12,211709,393901,17630,90326,3.6487179962206824,0.18653647979150276
2243,0.4125,14,158,14,211867,393743,17644,90312,3.647254436992849,0.18657383974961522
2244,0.4126,19,150,19,212017,393593,17663,90293,3.6458649820297158,0.18659973630152557
2245,0.4127,3,86,3,212103,393507,17666,90290,3.6450683611841863,0.18662786251258276
2246,0.4128,25,148,25,212251,393359,17691,90265,3.643697432287228,0.1866429292177394
2247,0.4129,43,270,43,212521,393089,17734,90222,3.6411964133535886,0.1866748325612287
2248,0.413,15,136,15,212657,392953,17749,90207,3.6399366408536813,0.18670212765957447
2249,0.4131,12,125,12,212782,392828,17761,90195,3.6387787617177367,0.18673023851866266
2250,0.4132,15,186,15,212968,392642,17776,90180,3.6370558375634516,0.18677690743172431
2251,0.4133,9,121,9,213089,392521,17785,90171,3.635935010559858,0.1868085652962966
2252,0.4134,9,63,9,213152,392458,17794,90162,3.635351439475342,0.1868177862500518
2253,0.4135,9,58,9,213210,392400,17803,90153,3.6348141835562635,0.1868250741369342
2254,0.4136,18,163,18,213373,392237,17821,90135,3.6333043091629924,0.18685786073818547
2255,0.4137,25,193,25,213566,392044,17846,90110,3.6315165437770944,0.18689049556780613
2256,0.4138,17,153,17,213719,391891,17863,90093,3.630099299714699,0.1869211426105431
2257,0.4139,24,180,24,213899,391711,17887,90069,3.628431953758939,0.1869504753206858
2258,0.414,21,92,21,213991,391619,17908,90048,3.627579754714884,0.18695073567423137
2259,0.4141,25,121,25,214112,391498,17933,90023,3.62645892771129,0.18695550142153716
2260,0.4142,13,145,13,214257,391353,17946,90010,3.6251157879135945,0.1869898600432522
2261,0.4143,20,102,20,214359,391251,17966,89990,3.624170958538664,0.18699570485474015
2262,0.4144,42,207,42,214566,391044,18008,89948,3.62225351068954,0.1870051892754973
2263,0.4145,20,105,20,214671,390939,18028,89928,3.621280892215347,0.18701220919713768
2264,0.4146,33,235,33,214906,390704,18061,89895,3.6191040794397717,0.18704782989560945
2265,0.4147,13,158,13,215064,390546,18074,89882,3.617640520211938,0.1870873471154887
2266,0.4148,22,175,22,215239,390371,18096,89860,3.616019489421616,0.1871182826598033
2267,0.4149,19,131,19,215370,390240,18115,89841,3.6148060320871465,0.18713717060246082
2268,0.415,18,106,18,215476,390134,18133,89823,3.613824150579866,0.18714801534304115
2269,0.4151,40,265,40,215741,389869,18173,89783,3.611369446811664,0.1871836247946428
2270,0.4152,21,108,21,215849,389761,18194,89762,3.610369039238208,0.18719018691491338
2271,0.4153,28,245,28,216094,389516,18222,89734,3.6080995961317575,0.18723839332290038
2272,0.4154,28,188,28,216282,389328,18250,89706,3.606358145911297,0.1872643695437067
2273,0.4155,11,117,11,216399,389211,18261,89695,3.6052743710400534,0.18729145176715264
2274,0.4156,16,118,16,216517,389093,18277,89679,3.6041813331357218,0.1873104525745031
2275,0.4157,24,179,24,216696,388914,18301,89655,3.60252325021305,0.18733975664951136
2276,0.4158,21,133,21,216829,388781,18322,89634,3.601291266812405,0.18735616567206295
2277,0.4159,26,238,26,217067,388543,18348,89608,3.599086664937567,0.1874052339114631
2278,0.416,16,148,16,217215,388395,18364,89592,3.5977157360406093,0.18743605997652657
2279,0.4161,20,175,20,217390,388220,18384,89572,3.596094705250287,0.1874706985466479
2280,0.4162,15,88,15,217478,388132,18399,89557,3.5952795583385826,0.18747972006891514
2281,0.4163,24,182,24,217660,387950,18423,89533,3.5935936863166473,0.18751034068228606
2282,0.4164,18,137,18,217797,387813,18441,89515,3.592324650783653,0.18753351992759695
2283,0.4165,15,103,15,217900,387710,18456,89500,3.5913705583756346,0.18754845874981665
2284,0.4166,25,174,25,218074,387536,18481,89475,3.5897587906184003,0.18757429073962656
2285,0.4167,6,172,6,218246,387364,18487,89469,3.588165548927341,0.18763172850872317
2286,0.4168,17,136,17,218382,387228,18504,89452,3.5869057764274332,0.18765628933456407
2287,0.4169,16,113,16,218495,387115,18520,89436,3.58585905368854,0.18767351238377425
2288,0.417,24,211,24,218706,386904,18544,89412,3.583904553707066,0.18771571813669916
2289,0.4171,23,130,23,218836,386774,18567,89389,3.582700359405684,0.18772773189013006
2290,0.4172,16,150,16,218986,386624,18583,89373,3.581310904442551,0.18775958672008436
2291,0.4173,26,184,26,219170,386440,18609,89347,3.5796065063544407,0.18778781261362754
2292,0.4174,16,78,16,219248,386362,18625,89331,3.5788839897736113,0.18779128555602037
2293,0.4175,13,153,13,219401,386209,18638,89318,3.5774667457112157,0.18782950284631578
2294,0.4176,31,231,31,219632,385978,18669,89287,3.5753269850679907,0.18786782111032793
2295,0.4177,16,165,16,219797,385813,18685,89271,3.5737985846085443,0.18790571772570747
2296,0.4178,23,145,23,219942,385668,18708,89248,3.5724554448108488,0.18792375914898635
2297,0.4179,29,156,29,220098,385512,18737,89219,3.5710104116491905,0.18793590475448202
2298,0.418,28,174,28,220272,385338,18765,89191,3.569398643891956,0.18795690042125981
2299,0.4181,22,210,22,220482,385128,18787,89169,3.5674534069435695,0.18800245415847033
2300,0.4182,13,192,13,220674,384936,18800,89156,3.565674904590759,0.18805632662014968
2301,0.4183,17,125,17,220799,384811,18817,89139,3.564517025454815,0.1880768013503534
2302,0.4184,22,206,22,221005,384605,18839,89117,3.5626088406387786,0.18812088102304728
2303,0.4185,7,101,7,221106,384504,18846,89110,3.5616732742969357,0.1881489989738479
2304,0.4186,28,180,28,221286,384324,18874,89082,3.5600059283411762,0.18817251999340948
2305,0.4187,12,120,12,221406,384204,18886,89070,3.5588943643706696,0.18819964756145488
2306,0.4188,19,123,19,221529,384081,18905,89051,3.5577550113009004,0.18821597355494873
2307,0.4189,24,196,24,221725,383885,18929,89027,3.55593945681574,0.18825278275873736
2308,0.419,24,147,24,221872,383738,18953,89003,3.5545777909518694,0.18827010984873324
2309,0.4191,18,156,18,222028,383582,18971,88985,3.5531327577902108,0.1883013413970929
2310,0.4192,29,161,29,222189,383421,19000,88956,3.5516414094631146,0.18831568852844233
2311,0.4193,22,136,22,222325,383285,19022,88934,3.5503816369632073,0.1883321086190941
2312,0.4194,17,187,17,222512,383098,19039,88917,3.5486494497758345,0.18837748800355922
2313,0.4195,13,105,13,222617,382993,19052,88904,3.5476768313016414,0.1883970442702539
2314,0.4196,11,159,11,222776,382834,19063,88893,3.54620400904072,0.1884416198352013
2315,0.4197,17,128,17,222904,382706,19080,88876,3.5450183408055134,0.18846351217815777
2316,0.4198,28,146,28,223050,382560,19108,88848,3.5436659379747306,0.18847367885144078
2317,0.4199,18,163,18,223213,382397,19126,88830,3.542156063581459,0.18850787412436046
2318,0.42,23,210,23,223423,382187,19149,88807,3.5402108266330727,0.18855229578296115
2319,0.4201,20,159,20,223582,382028,19169,88787,3.5387380043721515,0.1885815022885847
2320,0.4202,22,168,22,223750,381860,19191,88765,3.5371818148134424,0.1886108897742364
2321,0.4203,11,148,11,223898,381712,19202,88754,3.5358108859164843,0.18865125216274928
2322,0.4204,48,187,48,224085,381525,19250,88706,3.534078698729112,0.1886434539619889
2323,0.4205,23,128,23,224213,381397,19273,88683,3.532893030493905,0.18865512253233493
2324,0.4206,18,136,18,224349,381261,19291,88665,3.5316332579939975,0.18867864302039045
2325,0.4207,27,131,27,224480,381130,19318,88638,3.5304198006595278,0.1886846273053933
2326,0.4208,20,160,20,224640,380970,19338,88618,3.5289377153655193,0.1887143623772328
2327,0.4209,20,142,20,224782,380828,19358,88598,3.527622364667087,0.18873688291658322
2328,0.421,18,153,18,224935,380675,19376,88580,3.5262051206046907,0.18876730136066744
2329,0.4211,31,205,31,225140,380470,19407,88549,3.5243061988217423,0.1887961894933894
2330,0.4212,8,114,8,225254,380356,19415,88541,3.523250213049761,0.1888282501274267
2331,0.4213,17,130,17,225384,380226,19432,88524,3.522046018748379,0.1888512
2332,0.4214,16,105,16,225489,380121,19448,88508,3.5210734002741857,0.18886581923013726
2333,0.4215,24,197,24,225686,379924,19472,88484,3.5192485827559374,0.18890369079947397
2334,0.4216,15,136,15,225822,379788,19487,88469,3.51798881025603,0.1889325733518132
2335,0.4217,22,258,22,226080,379530,19509,88447,3.5155989477194414,0.18899860463227894
2336,0.4218,17,134,17,226214,379396,19526,88430,3.514357701285709,0.18902326933518018
2337,0.4219,16,108,16,226322,379288,19542,88414,3.5133572937122532,0.18903917451710706
2338,0.422,14,121,14,226443,379167,19556,88400,3.512236466708659,0.18906381331445546
2339,0.4221,16,129,16,226572,379038,19572,88384,3.5110415354403646,0.1890882329030298
2340,0.4222,19,147,19,226719,378891,19591,88365,3.509679869576494,0.1891147465201089
2341,0.4223,26,151,26,226870,378740,19617,88339,3.5082811515802734,0.18913074661888032
2342,0.4224,31,207,31,227077,378533,19648,88308,3.5063637037311497,0.1891607635147727
2343,0.4225,33,210,33,227287,378323,19681,88275,3.5044184667827634,0.18918855202979867
2344,0.4226,27,186,27,227473,378137,19708,88248,3.5026955426284783,0.18921706315597628
2345,0.4227,35,207,35,227680,377930,19743,88213,3.5007780947793545,0.18924021169469454
2346,0.4228,9,161,9,227841,377769,19752,88204,3.4992867464522583,0.18928993739980643
2347,0.4229,10,99,10,227940,377670,19762,88194,3.4983697061765904,0.1893127608057287
2348,0.423,15,102,15,228042,377568,19777,88179,3.49742487680166,0.1893281116142455
2349,0.4231,44,255,44,228297,377313,19821,88135,3.4950628033643336,0.1893552018700263
2350,0.4232,19,93,19,228390,377220,19840,88116,3.4942013412871913,0.1893599463613389
2351,0.4233,40,269,40,228659,376951,19880,88076,3.491709585386639,0.18939975528302658
2352,0.4234,11,126,11,228785,376825,19891,88065,3.490542443217607,0.18943190862354536
2353,0.4235,11,138,11,228923,376687,19902,88054,3.489264144651525,0.18946897304089805
2354,0.4236,27,190,27,229113,376497,19929,88027,3.4875041683648895,0.18949935848309238
2355,0.4237,18,209,18,229322,376288,19947,88009,3.4855681944495904,0.1895532385520475
2356,0.4238,15,148,15,229470,376140,19962,87994,3.4841972655526328,0.18958748981975032
2357,0.4239,31,212,31,229682,375928,19993,87963,3.482233502538071,0.18961997538214795
2358,0.424,23,137,23,229819,375791,20016,87940,3.480964467005076,0.18963580179026202
2359,0.4241,28,148,28,229967,375643,20044,87912,3.479593538108118,0.18964739890627866
2360,0.4242,18,141,18,230108,375502,20062,87894,3.4782874504427728,0.18967362687636494
2361,0.4243,9,94,9,230202,375408,20071,87885,3.4774167253325428,0.18969636925228742
2362,0.4244,21,165,21,230367,375243,20092,87864,3.4758883248730963,0.18972721206978085
2363,0.4245,21,135,21,230502,375108,20113,87843,3.4746378154062767,0.1897457830310335
2364,0.4246,18,136,18,230638,374972,20131,87825,3.4733780429063694,0.18977002875990986
2365,0.4247,31,272,31,230910,374700,20162,87794,3.4708584979065544,0.18982732748965392
2366,0.4248,15,183,15,231093,374517,20177,87779,3.469163362851532,0.18987618322460068
2367,0.4249,21,158,21,231251,374359,20198,87758,3.4676998036236983,0.18990428830793935
2368,0.425,9,70,9,231321,374289,20207,87749,3.4670513913075696,0.1899172795311208
2369,0.4251,25,155,25,231476,374134,20232,87724,3.465615621178999,0.18993716683482803
2370,0.4252,25,177,25,231653,373957,20257,87699,3.4639760643225017,0.18996612196094062
2371,0.4253,13,117,13,231770,373840,20270,87686,3.4628922894512577,0.1899914631028371
2372,0.4254,24,107,24,231877,373733,20294,87662,3.4619011449108896,0.1899933896119377
2373,0.4255,20,152,20,232029,373581,20314,87642,3.4604931638815812,0.1900208792709817
2374,0.4256,28,197,28,232226,373384,20342,87614,3.4586683463633334,0.1900528852619751
2375,0.4257,18,149,18,232375,373235,20360,87596,3.4572881544332876,0.19008269842957615
2376,0.4258,22,164,22,232539,373071,20382,87574,3.455769017006929,0.19011169121557817
2377,0.4259,20,247,20,232786,372824,20402,87554,3.4534810478343028,0.19017850548896775
2378,0.426,22,230,22,233016,372594,20424,87532,3.4513505502241655,0.19023484871535187
2379,0.4261,28,198,28,233214,372396,20452,87504,3.4495164696728295,0.19026744944553164
2380,0.4262,22,185,22,233399,372211,20474,87482,3.447802808551632,0.19030526895123484
2381,0.4263,28,177,28,233576,372034,20502,87454,3.4461632516951353,0.1903292360192214
2382,0.4264,26,265,26,233841,371769,20528,87428,3.443708547926933,0.1903932299209272
2383,0.4265,18,166,18,234007,371603,20546,87410,3.442170884434399,0.1904303363957012
2384,0.4266,20,196,20,234203,371407,20566,87390,3.4403553299492384,0.19047639805840055
2385,0.4267,11,151,11,234354,371256,20577,87379,3.4389566119530177,0.1905196943102903
2386,0.4268,10,131,10,234485,371125,20587,87369,3.4377431546185484,0.1905564740214703
2387,0.4269,36,290,36,234775,370835,20623,87333,3.4350568750231574,0.19061348675594977
2388,0.427,29,167,29,234942,370668,20652,87304,3.433509948497536,0.19063174167853056
2389,0.4271,43,287,43,235229,370381,20695,87261,3.430851458001408,0.19067524396799246
2390,0.4272,25,210,25,235439,370171,20720,87236,3.4289062210530217,0.1907185504375753
2391,0.4273,5,77,5,235516,370094,20725,87231,3.42819296750528,0.19074181380856065
2392,0.4274,10,97,10,235613,369997,20735,87221,3.427294453295787,0.19076458057206847
2393,0.4275,41,153,41,235766,369844,20776,87180,3.4258772092333913,0.19075584652009522
2394,0.4276,12,127,12,235893,369717,20788,87168,3.424700804031272,0.1907876161397288
2395,0.4277,7,95,7,235988,369622,20795,87161,3.423820815887954,0.19081489459984283
2396,0.4278,30,209,30,236197,369413,20825,87131,3.4218848419726555,0.19084907478797225
2397,0.4279,20,169,20,236366,369244,20845,87111,3.4203193893808588,0.1908842896429315
2398,0.428,17,107,17,236473,369137,20862,87094,3.4193282448404907,0.19089890866688147
2399,0.4281,21,191,21,236664,368946,20883,87073,3.4175590055207676,0.19094160550327946
2400,0.4282,37,260,37,236924,368686,20920,87036,3.4151506169180035,0.19098485480183094
2401,0.4283,24,196,24,237120,368490,20944,87012,3.413335062432843,0.1910244082353096
2402,0.4284,19,161,19,237281,368329,20963,86993,3.4118437141057467,0.1910581961776501
2403,0.4285,33,202,33,237483,368127,20996,86960,3.409972581422061,0.19108434211480443
2404,0.4286,26,185,26,237668,367942,21022,86934,3.4082589203008635,0.19111582057527765
2405,0.4287,22,139,22,237807,367803,21044,86912,3.406971358701693,0.19113510660523625
2406,0.4288,26,158,26,237965,367645,21070,86886,3.4055077994738596,0.19115527873786387
2407,0.4289,36,216,36,238181,367429,21106,86850,3.403506984326948,0.19118207092997916
2408,0.429,36,230,36,238411,367199,21142,86814,3.4013764867168104,0.1912147890038391
2409,0.4291,22,150,22,238561,367049,21164,86792,3.3999870317536773,0.19123878186413304
2410,0.4292,21,150,21,238711,366899,21185,86771,3.3985975767905443,0.19126457557255275
2411,0.4293,22,137,22,238848,366762,21207,86749,3.3973285412575494,0.19128312212934195
2412,0.4294,25,162,25,239010,366600,21232,86724,3.3958279298973655,0.19130687984752628
2413,0.4295,18,117,18,239127,366483,21250,86706,3.394744155026122,0.19132414952701854
2414,0.4296,20,150,20,239277,366333,21270,86686,3.3933547000629884,0.19135179760672288
2415,0.4297,18,168,18,239445,366165,21288,86668,3.3917985105042794,0.19139064511641157
2416,0.4298,14,89,14,239534,366076,21302,86654,3.3909741005594873,0.19140326463896803
2417,0.4299,10,133,10,239667,365943,21312,86644,3.3897421171588427,0.19144164547368794
2418,0.43,14,142,14,239809,365801,21326,86630,3.3884267664604097,0.19147671136593206
2419,0.4301,27,162,27,239971,365639,21353,86603,3.386926155100226,0.19149703035100676
2420,0.4302,17,173,17,240144,365466,21370,86586,3.3853236503760793,0.19153991133763373
2421,0.4303,22,153,22,240297,365313,21392,86564,3.3839064063136832,0.19156540385989992
2422,0.4304,29,220,29,240517,365093,21421,86535,3.3818685390344214,0.19160680914380862
2423,0.4305,20,164,20,240681,364929,21441,86515,3.3803494016080626,0.19164060215663514
2424,0.4306,24,199,24,240880,364730,21465,86491,3.3785060580236395,0.19168212472380497
2425,0.4307,29,131,29,241011,364599,21494,86462,3.3772926006891697,0.19168582519880903
2426,0.4308,30,230,30,241241,364369,21524,86432,3.3751621030790324,0.19172983201013308
2427,0.4309,40,221,40,241462,364148,21564,86392,3.373114972766683,0.1917521196786079
2428,0.431,28,286,28,241748,363862,21592,86364,3.370465745303642,0.19182366189424865
2429,0.4311,21,184,21,241932,363678,21613,86343,3.3687613472155324,0.19186437966228242
2430,0.4312,20,115,20,242047,363563,21633,86323,3.3676960984104634,0.19187749785501215
2431,0.4313,10,132,10,242179,363431,21643,86313,3.3664733780429064,0.19191584545874987
2432,0.4314,8,129,8,242308,363302,21651,86305,3.365278446774612,0.1919565309258975
2433,0.4315,17,181,17,242489,363121,21668,86288,3.3636018377857644,0.19200327541281995
2434,0.4316,11,140,11,242629,362981,21679,86277,3.362305013153507,0.19204332477106695
2435,0.4317,11,130,11,242759,362851,21690,86266,3.3611008188521247,0.1920791241480505
2436,0.4318,14,151,14,242910,362700,21704,86252,3.359702100855904,0.1921185338298972
2437,0.4319,21,212,21,243122,362488,21725,86231,3.357738337841343,0.1921714926267887
2438,0.432,27,277,27,243399,362211,21752,86204,3.3551724776760903,0.19224156194596523
2439,0.4321,12,79,12,243478,362132,21764,86192,3.3544406980621733,0.1922538164363273
2440,0.4322,23,113,23,243591,362019,21787,86169,3.35339397532328,0.1922608369702
2441,0.4323,26,174,26,243765,361845,21813,86143,3.3517822075660453,0.19228863273123387
2442,0.4324,21,125,21,243890,361720,21834,86122,3.350624328430101,0.19230442879408363
2443,0.4325,7,118,7,244008,361602,21841,86115,3.34953129052577,0.19234248420319086
2444,0.4326,22,163,22,244171,361439,21863,86093,3.3480214161324984,0.19237283590894058
2445,0.4327,19,103,19,244274,361336,21882,86074,3.34706732372448,0.19238282559620928
2446,0.4328,32,175,32,244449,361161,21914,86042,3.345446292934158,0.19240031931807255
2447,0.4329,21,160,21,244609,361001,21935,86021,3.3439642076401497,0.1924312449946535
2448,0.433,45,225,45,244834,360776,21980,85976,3.34188002519545,0.19244681613064968
2449,0.4331,10,78,10,244912,360698,21990,85966,3.3411575086146206,0.19246234305876453
2450,0.4332,16,62,16,244974,360636,22006,85950,3.3405832005631924,0.1924601308594537
2451,0.4333,16,103,16,245077,360533,22022,85934,3.339629108155174,0.19247559170106637
2452,0.4334,11,120,11,245197,360413,22033,85923,3.338517544184668,0.19250743834241468
2453,0.4335,18,142,18,245339,360271,22051,85905,3.337202193486235,0.19253612924047908
2454,0.4336,38,252,38,245591,360019,22089,85867,3.3348679091481714,0.19257612932453586
2455,0.4337,32,225,32,245816,359794,22121,85835,3.3327837267034717,0.19261538185351493
2456,0.4338,27,154,27,245970,359640,22148,85808,3.3313572196079884,0.19263303460785547
2457,0.4339,12,97,12,246067,359543,22160,85796,3.3304587053984958,0.19265323719683208
2458,0.434,15,114,15,246181,359429,22175,85781,3.3294027196265144,0.19267536668089216
2459,0.4341,22,147,22,246328,359282,22197,85759,3.328041053762644,0.19269909963351692
2460,0.4342,47,276,47,246604,359006,22244,85712,3.325484456630479,0.19273337260915907
2461,0.4343,13,108,13,246712,358898,22257,85699,3.3244840490570233,0.19275658630175194
2462,0.4344,19,186,19,246898,358712,22276,85680,3.3227611249027382,0.1928027507245855
2463,0.4345,17,147,17,247045,358565,22293,85663,3.321399459038868,0.19283566096689086
2464,0.4346,35,291,35,247336,358274,22328,85628,3.3187039164103895,0.1928984325369113
2465,0.4347,10,105,10,247441,358169,22338,85618,3.3177312979361964,0.19292588561629792
2466,0.4348,31,307,31,247748,357862,22369,85587,3.314887546778317,0.19300302853315715
2467,0.4349,29,151,29,247899,357711,22398,85558,3.3134888287820963,0.19301597901048798
2468,0.435,25,147,25,248046,357564,22423,85533,3.312127162918226,0.19303448229168782
2469,0.4351,41,259,41,248305,357305,22464,85492,3.3097280373485494,0.19307267212740828
2470,0.4352,42,256,42,248561,357049,22506,85450,3.3073567008781355,0.1931077810345334
2471,0.4353,18,119,18,248680,356930,22524,85432,3.3062543999407166,0.1931268960715432
2472,0.4354,17,76,17,248756,356854,22541,85415,3.3055504094260626,0.19312906850807993
2473,0.4355,18,125,18,248881,356729,22559,85397,3.304392530290118,0.19315082125909808
2474,0.4356,29,119,29,249000,356610,22588,85368,3.303290229352699,0.193149885288408
2475,0.4357,29,252,29,249252,356358,22617,85339,3.3009559450146355,0.19320710804012706
2476,0.4358,44,238,44,249490,356120,22661,85295,3.2987513431397977,0.19323085984844193
2477,0.4359,24,142,24,249632,355978,22685,85271,3.297435992441365,0.19324916317090804
2478,0.436,33,169,33,249801,355809,22718,85238,3.2958705398495685,0.19326284953757764
2479,0.4361,24,130,24,249931,355679,22742,85214,3.2946663455481864,0.19327591955417756
2480,0.4362,18,121,18,250052,355558,22760,85196,3.293545518544592,0.19329603361512318
2481,0.4363,20,177,20,250229,355381,22780,85176,3.2919059616880952,0.19333707102599665
2482,0.4364,34,229,34,250458,355152,22814,85142,3.289784727111045,0.19337533557123196
2483,0.4365,21,163,21,250621,354989,22835,85121,3.288274852717774,0.19340846606530185
2484,0.4366,19,131,19,250752,354858,22854,85102,3.2870613953833043,0.19343122102009275
2485,0.4367,23,149,23,250901,354709,22877,85079,3.2856812034532585,0.19345457356726423
2486,0.4368,45,247,45,251148,354462,22922,85034,3.283393234280633,0.19348071427271238
2487,0.4369,13,127,13,251275,354335,22935,85021,3.2822168290785134,0.1935127777929515
2488,0.437,37,213,37,251488,354122,22972,84984,3.2802438030308645,0.19353868997463028
2489,0.4371,17,131,17,251619,353991,22989,84967,3.2790303456963947,0.19356521580652364
2490,0.4372,35,289,35,251908,353702,23024,84932,3.276353329134092,0.19362840089915512
2491,0.4373,27,128,27,252036,353574,23051,84905,3.2751676608988847,0.19363527101639988
2492,0.4374,15,133,15,252169,353441,23066,84890,3.27393567749824,0.19366643016350657
2493,0.4375,41,265,41,252434,353176,23107,84849,3.2714809737300383,0.19370812168255236
2494,0.4376,28,193,28,252627,352983,23135,84821,3.2696932083441403,0.19374194845181864
2495,0.4377,39,163,39,252790,352820,23174,84782,3.268183333950869,0.1937422589476282
2496,0.4378,34,209,34,252999,352611,23208,84748,3.26624736003557,0.19377216428608993
2497,0.4379,36,248,36,253247,352363,23244,84712,3.263950127829857,0.19381570668649545
2498,0.438,15,151,15,253398,352212,23259,84697,3.262551409833636,0.1938550132865196
2499,0.4381,20,127,20,253525,352085,23279,84677,3.2613750046315166,0.19387446710107564
2500,0.4382,48,301,48,253826,351784,23327,84629,3.258586831672163,0.193919521187499
2501,0.4383,37,201,37,254027,351583,23364,84592,3.2567249620215644,0.19394050553103687
2502,0.4384,44,272,44,254299,351311,23408,84548,3.25420541702175,0.1939801633096942
2503,0.4385,19,108,19,254407,351203,23427,84529,3.2532050094482936,0.19399309667410242
2504,0.4386,25,186,25,254593,351017,23452,84504,3.2514820852940085,0.19402967939548266
2505,0.4387,9,97,9,254690,350920,23461,84495,3.250583571084516,0.19405624519136916
2506,0.4388,8,100,8,254790,350820,23469,84487,3.2496572677757607,0.1940860128598897
2507,0.4389,37,200,37,254990,350620,23506,84450,3.24780466115825,0.1941066954742915
2508,0.439,18,121,18,255111,350499,23524,84432,3.2466838341546556,0.19412734433737766
2509,0.4391,22,166,22,255277,350333,23546,84410,3.2451461706621214,0.19416068803868033
2510,0.4392,16,140,16,255417,350193,23562,84394,3.243849346029864,0.19419356768610196
2511,0.4393,39,260,39,255677,349933,23601,84355,3.2414409574271,0.19423746453966031
2512,0.4394,21,128,21,255805,349805,23622,84334,3.240255289191893,0.19425575679678628
2513,0.4395,22,119,22,255924,349686,23644,84312,3.239152988254474,0.1942681763510431
2514,0.4396,40,208,40,256132,349478,23684,84272,3.2372262773722627,0.1942870317002882
2515,0.4397,19,149,19,256281,349329,23703,84253,3.2358460854422173,0.19431849108127183
2516,0.4398,15,93,15,256374,349236,23718,84238,3.2349846233650745,0.19433230136063523
2517,0.4399,32,155,32,256529,349081,23750,84206,3.2335488532365035,0.19434231814017036
2518,0.44,29,204,29,256733,348877,23779,84177,3.231659194486643,0.19437991566871568
2519,0.4401,59,379,59,257112,348498,23838,84118,3.2281485049464598,0.19444033507775949
2520,0.4402,13,116,13,257228,348382,23851,84105,3.2270739931083035,0.1944682730347964
2521,0.4403,22,122,22,257350,348260,23873,84083,3.225943903071622,0.1944821588414754
2522,0.4404,26,163,26,257513,348097,23899,84057,3.2244340286783504,0.19450705072728702
2523,0.4405,11,113,11,257626,347984,23910,84046,3.2233873059394567,0.19453741638312155
2524,0.4406,34,246,34,257872,347738,23944,84012,3.2211085997999187,0.1945848291835553
2525,0.4407,36,212,36,258084,347526,23980,83976,3.219144836785357,0.19461323470111377
2526,0.4408,44,202,44,258286,347324,24024,83932,3.2172737041016712,0.19462221974882668
2527,0.4409,37,157,37,258443,347167,24061,83895,3.215819407906925,0.19462397520542288
2528,0.441,22,176,22,258619,346991,24083,83873,3.2141891140835157,0.19466235285380074
2529,0.4411,29,184,29,258803,346807,24112,83844,3.2124847159954055,0.19469129294951132
2530,0.4412,32,205,32,259008,346602,24144,83812,3.2105857942124567,0.194724149307411
2531,0.4413,26,168,26,259176,346434,24170,83786,3.2090296046537476,0.1947515224768723
2532,0.4414,15,104,15,259280,346330,24185,83771,3.208066249212642,0.1947705306428025
2533,0.4415,32,253,32,259533,346077,24217,83739,3.205722701841491,0.1948252275392261
2534,0.4416,25,157,25,259690,345920,24242,83714,3.204268405646745,0.1948495696336882
2535,0.4417,30,234,30,259924,345686,24272,83684,3.2021008559042574,0.1948995039243543
2536,0.4418,22,146,22,260070,345540,24294,83662,3.200748453073474,0.19492453436843257
2537,0.4419,22,204,22,260274,345336,24316,83640,3.1988587943236135,0.19497594271008167
2538,0.442,30,179,30,260453,345157,24346,83610,3.1972007114009413,0.19500101453703295
2539,0.4421,8,81,8,260534,345076,24354,83602,3.1964504057208494,0.19502283765436995
2540,0.4422,28,239,28,260773,344837,24382,83574,3.194236540812924,0.19507902458153503
2541,0.4423,17,153,17,260926,344684,24399,83557,3.192819296750528,0.19511676836174024
2542,0.4424,19,155,19,261081,344529,24418,83538,3.1913835266219572,0.19515169354330048
2543,0.4425,18,133,18,261214,344396,24436,83520,3.1901515432213126,0.19517849297525683
2544,0.4426,34,242,34,261456,344154,24470,83486,3.1879098892141244,0.1952249555701057
2545,0.4427,14,150,14,261606,344004,24484,83472,3.186520434250991,0.19526710271453837
2546,0.4428,25,134,25,261740,343870,24509,83447,3.185279187817259,0.19528125489975826
2547,0.4429,30,255,30,261995,343615,24539,83417,3.1829171143799324,0.19534133273384666
2548,0.443,30,131,30,262126,343484,24569,83387,3.181703657045463,0.1953447294381675
2549,0.4431,25,133,25,262259,343351,24594,83362,3.1804716736448184,0.19535847279084537
2550,0.4432,28,190,28,262449,343161,24622,83334,3.178711697358183,0.19539267752259698
2551,0.4433,26,222,26,262671,342939,24648,83308,3.176655304012746,0.19544536383833785
2552,0.4434,21,168,21,262839,342771,24669,83287,3.175099114454037,0.19548277464570551
2553,0.4435,18,141,18,262980,342630,24687,83269,3.1737930267886916,0.1955134902876034
2554,0.4436,21,174,21,263154,342456,24708,83248,3.1721812590314573,0.1955537180764099
2555,0.4437,37,272,37,263426,342184,24745,83211,3.1696617140316423,0.19560878712725818
2556,0.4438,39,293,39,263719,341891,24784,83172,3.166947645336989,0.19566981835633776
2557,0.4439,37,273,37,263992,341618,24821,83135,3.164418837304087,0.19572551577034183
2558,0.444,19,163,19,264155,341455,24840,83116,3.1629089629108154,0.19576466598048384
2559,0.4441,12,146,12,264301,341309,24852,83104,3.1615565600800326,0.19580927068680742
2560,0.4442,37,269,37,264570,341040,24889,83067,3.1590648041794807,0.1958633080802722
2561,0.4443,26,167,26,264737,340873,24915,83041,3.157517877653859,0.19589114773279487
2562,0.4444,18,136,18,264873,340737,24933,83023,3.1562581051539516,0.19591986029828204
2563,0.4445,22,133,22,265006,340604,24955,83001,3.155026121753307,0.1959396135550808
2564,0.4446,21,148,21,265154,340456,24976,82980,3.1536551928563488,0.19596822188004798
2565,0.4447,16,156,16,265310,340300,24992,82964,3.1522101596946905,0.1960100551901414
2566,0.4448,50,263,50,265573,340037,25042,82914,3.149773981992664,0.19603689316256492
2567,0.4449,26,179,26,265752,339858,25068,82888,3.1481158990699916,0.19607045365302098
2568,0.445,16,193,16,265945,339665,25084,82872,3.1463281336840936,0.19612956971815487
2569,0.4451,19,125,19,266070,339540,25103,82853,3.145170254548149,0.19615145137348394
2570,0.4452,33,197,33,266267,339343,25136,82820,3.143345437029901,0.19618014842608186
2571,0.4453,39,261,39,266528,339082,25175,82781,3.1409277853940494,0.1962272112036372
2572,0.4454,41,275,41,266803,338807,25216,82740,3.1383804512949722,0.19627704621311504
2573,0.4455,26,141,26,266944,338666,25242,82714,3.137074363629627,0.19629313208980018
2574,0.4456,21,124,21,267068,338542,25263,82693,3.13592574752677,0.1963108478640189
2575,0.4457,6,97,6,267165,338445,25269,82687,3.1350272333172775,0.1963446140402534
2576,0.4458,38,269,38,267434,338176,25307,82649,3.132535477416725,0.19639755242678072
2577,0.4459,37,215,37,267649,337961,25344,82612,3.1305439253029013,0.19642725519707638
2578,0.446,22,91,22,267740,337870,25366,82590,3.129700989291934,0.19642772201874137
2579,0.4461,24,178,24,267918,337692,25390,82566,3.1280521694023493,0.19646502862527304
2580,0.4462,21,148,21,268066,337544,25411,82545,3.126681240505391,0.1964940762552697
2581,0.4463,24,147,24,268213,337397,25435,82521,3.1253195746415208,0.196516939021428
2582,0.4464,38,232,38,268445,337165,25473,82483,3.123170550965208,0.19655282522495043
2583,0.4465,35,263,35,268708,336902,25508,82448,3.1207343732631814,0.19660903779658995
2584,0.4466,42,221,42,268929,336681,25550,82406,3.118687242950832,0.19663220286002667
2585,0.4467,36,222,36,269151,336459,25586,82370,3.1166308496053947,0.19666737499074802
2586,0.4468,24,209,24,269360,336250,25610,82346,3.114694875690096,0.19671950998098406
2587,0.4469,22,111,22,269471,336139,25632,82324,3.1136666790173773,0.19672945995225385
2588,0.447,39,337,39,269808,335802,25671,82285,3.110545036866872,0.1968131034928137
2589,0.4471,38,160,38,269968,335642,25709,82247,3.109062951572863,0.19681542227720758
2590,0.4472,26,237,26,270205,335405,25735,82221,3.106867612731113,0.19687711014160997
2591,0.4473,10,102,10,270307,335303,25745,82211,3.105922783356182,0.19690597201530965
2592,0.4474,25,144,25,270451,335159,25770,82186,3.1045889065915744,0.1969258047898022
2593,0.4475,47,328,47,270779,334831,25817,82139,3.1015506317388564,0.19699019114084945
2594,0.4476,22,78,22,270857,334753,25839,82117,3.1008281151580275,0.1969846714803176
2595,0.4477,24,139,24,270996,334614,25863,82093,3.099540553558857,0.19700413000021597
2596,0.4478,20,160,20,271156,334454,25883,82073,3.0980584682648487,0.19704124822640548
2597,0.4479,26,186,26,271342,334268,25909,82047,3.0963355441105636,0.19707913478976255
2598,0.448,25,196,25,271538,334072,25934,82022,3.094519989625403,0.1971237268501829
2599,0.4481,36,217,36,271755,333855,25970,81986,3.0925099114454038,0.19715708648257388
2600,0.4482,8,104,8,271859,333751,25978,81978,3.091546556004298,0.19719095853308286
2601,0.4483,26,231,26,272090,333520,26004,81952,3.089406795361073,0.19725035622135786
2602,0.4484,19,161,19,272251,333359,26023,81933,3.0879154470339767,0.19729009949625806
2603,0.4485,34,212,34,272463,333147,26057,81899,3.0859516840194154,0.19732511577030015
2604,0.4486,32,183,32,272646,332964,26089,81867,3.084256548964393,0.19735024624485634
2605,0.4487,20,170,20,272816,332794,26109,81847,3.0826818333395085,0.19739244310138168
2606,0.4488,31,170,31,272986,332624,26140,81816,3.0811071177146245,0.19741337708715376
2607,0.4489,17,114,17,273100,332510,26157,81799,3.080051131942643,0.19743476487356054
2608,0.449,21,151,21,273251,332359,26178,81778,3.0786524139464224,0.19746605591869357
2609,0.4491,26,235,26,273486,332124,26204,81752,3.076475601170847,0.19752776193835836
2610,0.4492,26,151,26,273637,331973,26230,81726,3.075076883174627,0.1975494260319701
2611,0.4493,34,177,34,273814,331796,26264,81692,3.0734373263181296,0.19756800681035483
2612,0.4494,17,146,17,273960,331650,26281,81675,3.072084923487347,0.19760479041916168
2613,0.4495,17,107,17,274067,331543,26298,81658,3.0710937789469783,0.197622948637588
2614,0.4496,51,319,51,274386,331224,26349,81607,3.0681388713920486,0.19767653107445904
2615,0.4497,45,260,45,274646,330964,26394,81562,3.0657304827892844,0.197713598658024
2616,0.4498,20,191,20,274837,330773,26414,81542,3.063961243469562,0.19776627093363083
2617,0.4499,23,167,23,275004,330606,26437,81519,3.06241431694394,0.19780163785259328
2618,0.45,25,221,25,275225,330385,26462,81494,3.0603671866315905,0.1978590799725162
2619,0.4501,25,212,25,275437,330173,26487,81469,3.058403423617029,0.19791226356882924
2620,0.4502,20,88,20,275525,330085,26507,81449,3.0575882767053244,0.19791560357102936
2621,0.4503,28,187,28,275712,329898,26535,81421,3.0558560895179516,0.19795098208446485
2622,0.4504,23,217,23,275929,329681,26558,81398,3.0538460113379524,0.1980106013685934
2623,0.4505,41,312,41,276241,329369,26599,81357,3.0509559450146355,0.19808095908221052
2624,0.4506,17,207,17,276448,329162,26616,81340,3.049038497165512,0.19814763387267298
2625,0.4507,48,259,48,276707,328903,26664,81292,3.0466393715958353,0.19817891490632505
2626,0.4508,29,184,29,276891,328719,26693,81263,3.0449349735077256,0.19821114097692094
2627,0.4509,29,210,29,277101,328509,26722,81234,3.042989736559339,0.19825597996793112
2628,0.451,19,116,19,277217,328393,26741,81215,3.041915224721183,0.19827493603640553
2629,0.4511,16,121,16,277338,328272,26757,81199,3.0407943977175886,0.19830219966737572
2630,0.4512,43,328,43,277666,327944,26800,81156,3.037756122864871,0.19837692495722317
2631,0.4513,33,245,33,277911,327699,26833,81123,3.03548667975842,0.19843110204441053
2632,0.4514,33,166,33,278077,327533,26866,81090,3.033949016265886,0.19844697924492746
2633,0.4515,26,187,26,278264,327346,26892,81064,3.0322168290785134,0.19848681472050145
2634,0.4516,29,144,29,278408,327202,26921,81035,3.0308829523139056,0.1984998909946918
2635,0.4517,51,296,51,278704,326906,26972,80984,3.02814109451999,0.1985437250239035
2636,0.4518,21,112,21,278816,326794,26993,80963,3.0271036348141838,0.19855698369371955
2637,0.4519,23,176,23,278992,326618,27016,80940,3.025473340990774,0.19859750023309566
2638,0.452,51,306,51,279298,326312,27067,80889,3.0226388528659824,0.19864636874663863
2639,0.4521,29,178,29,279476,326134,27096,80860,3.020990032976398,0.1986761475599149
2640,0.4522,34,230,34,279706,325904,27130,80826,3.01885953536626,0.19872151058441717
2641,0.4523,19,105,19,279811,325799,27149,80807,3.017886916892067,0.1987353851148286
2642,0.4524,10,58,10,279869,325741,27159,80797,3.017349660972989,0.19874402884847173
2643,0.4525,21,181,21,280050,325560,27180,80776,3.0156730519841415,0.1987911482123169
2644,0.4526,23,301,23,280351,325259,27203,80753,3.0128848790247877,0.19889313616346316
2645,0.4527,17,94,17,280445,325165,27220,80736,3.0120141539145577,0.19890564447981157
2646,0.4528,9,95,9,280540,325070,27229,80727,3.01113416577124,0.19893444259075352
2647,0.4529,31,204,31,280744,324866,27260,80696,3.009244507021379,0.19897327658902955
2648,0.453,22,124,22,280868,324742,27282,80674,3.0080958909185225,0.19899066637725202
2649,0.4531,20,79,20,280947,324663,27302,80654,3.0073641113046055,0.19898992640328433
2650,0.4532,31,197,31,281144,324466,27333,80623,3.005539293786357,0.1990253993566846
2651,0.4533,27,185,27,281329,324281,27360,80596,3.00382563266516,0.19906292528348116
2652,0.4534,21,143,21,281472,324138,27381,80575,3.0025010189336396,0.1990917020209383
2653,0.4535,34,197,34,281669,323941,27415,80541,3.0006762014153914,0.19912134532562636
2654,0.4536,22,134,22,281803,323807,27437,80519,2.999434954981659,0.19914376023307925
2655,0.4537,30,177,30,281980,323630,27467,80489,2.997795398125162,0.1991715311579015
2656,0.4538,52,250,52,282230,323380,27519,80437,2.9954796398532735,0.19919171307795364
2657,0.4539,14,160,14,282390,323220,27533,80423,2.993997554559265,0.19924289533077497
2658,0.454,25,208,25,282598,323012,27558,80398,2.9920708436770536,0.19929600158647529
2659,0.4541,16,86,16,282684,322926,27574,80382,2.991274222831524,0.19930673331548096
2660,0.4542,30,156,30,282840,322770,27604,80352,2.9898291896698654,0.19932427404110914
2661,0.4543,26,151,26,282991,322619,27630,80326,2.9884304716736447,0.1993473054635248
2662,0.4544,16,150,16,283141,322469,27646,80310,2.9870410167105117,0.1993897397828586
2663,0.4545,42,273,42,283414,322196,27688,80268,2.9845122086776095,0.19944144072513317
2664,0.4546,53,352,53,283766,321844,27741,80215,2.98125162103079,0.19951051960035715
2665,0.4547,10,80,10,283846,321764,27751,80205,2.980510578383786,0.19953031203898808
2666,0.4548,27,153,27,283999,321611,27778,80178,2.9790933343213903,0.1995525014373216
2667,0.4549,30,242,30,284241,321369,27808,80148,2.976851680314202,0.19961296781954438
2668,0.455,41,201,41,284442,321168,27849,80107,2.9749898106636037,0.19963117562768676
2669,0.4551,23,142,23,284584,321026,27872,80084,2.973674459965171,0.19965595472563635
2670,0.4552,25,174,25,284758,320852,27897,80059,2.9720626922079365,0.19969269987603233
2671,0.4553,36,241,36,284999,320611,27933,80023,2.969830301233836,0.19974091065660926
2672,0.4554,37,184,37,285183,320427,27970,79986,2.968125903145726,0.19975874909156296
2673,0.4555,33,164,33,285347,320263,28003,79953,2.966606765719367,0.19977462170427968
2674,0.4556,29,159,29,285506,320104,28032,79924,2.965133943458446,0.19979601427900048
2675,0.4557,15,101,15,285607,320003,28047,79909,2.964198377116603,0.19981645962111663
2676,0.4558,16,107,16,285714,319896,28063,79893,2.963207232576235,0.19983791449989868
2677,0.4559,21,167,21,285881,319729,28084,79872,2.961660306050613,0.19987937968123204
2678,0.456,15,110,15,285991,319619,28099,79857,2.9606413724109824,0.19990437473089748
2679,0.4561,22,200,22,286191,319419,28121,79835,2.9587887657934715,0.1999604261948534
2680,0.4562,24,174,24,286365,319245,28145,79811,2.957176998036237,0.1999994988172086
2681,0.4563,16,152,16,286517,319093,28161,79795,2.955769017006929,0.2000436212671226
2682,0.4564,27,140,27,286657,318953,28188,79768,2.9544721923746713,0.20005969086152975
2683,0.4565,32,156,32,286813,318797,28220,79736,2.9530271592130126,0.20007377055350498
2684,0.4566,29,191,29,287004,318606,28249,79707,2.95125791989329,0.20011147012525327
2685,0.4567,38,219,38,287223,318387,28287,79669,2.9492293156471154,0.20014520569970054
2686,0.4568,20,143,20,287366,318244,28307,79649,2.9479047019155953,0.2001769319892534
2687,0.4569,12,107,12,287473,318137,28319,79637,2.9469135573752268,0.20020665000729057
2688,0.457,21,112,21,287585,318025,28340,79616,2.9458760976694207,0.20022080218086163
2689,0.4571,30,180,30,287765,317845,28370,79586,2.9442087517136613,0.20025111277177673
2690,0.4572,33,245,33,288010,317600,28403,79553,2.9419393086072105,0.20030819356771823
2691,0.4573,28,199,28,288209,317401,28431,79525,2.940095965022787,0.20035220670855525
2692,0.4574,30,153,30,288362,317248,28461,79495,2.9386787209603913,0.20036900462011933
2693,0.4575,33,239,33,288601,317009,28494,79462,2.9364648560524658,0.20042323398180448
2694,0.4576,18,181,18,288782,316828,28512,79444,2.9347882470636186,0.2004784592401179
2695,0.4577,17,147,17,288929,316681,28529,79427,2.933426581199748,0.20051854544720127
2696,0.4578,31,273,31,289202,316408,28560,79396,2.930897773166846,0.2005942335095148
2697,0.4579,33,203,33,289405,316205,28593,79363,2.929017377450072,0.20063048578246975
2698,0.458,44,241,44,289646,315964,28637,79319,2.9267849864759716,0.2006638281939775
2699,0.4581,34,239,34,289885,315725,28671,79285,2.924571121568046,0.20071643755854282
2700,0.4582,23,149,23,290034,315576,28694,79262,2.9231909296380008,0.2007456222552034
2701,0.4583,15,176,15,290210,315400,28709,79247,2.921560635814591,0.2008047698322805
2702,0.4584,19,121,19,290331,315279,28728,79228,2.920439808810997,0.20082786870701913
2703,0.4585,32,234,32,290565,315045,28760,79196,2.9182722590685093,0.20088220149603922
2704,0.4586,16,133,16,290698,314912,28776,79180,2.9170402756678646,0.2009175522466835
2705,0.4587,33,243,33,290941,314669,28809,79147,2.914789358627589,0.20097456680277084
2706,0.4588,20,127,20,291068,314542,28829,79127,2.9136129534254698,0.2009988086438099
2707,0.4589,25,189,25,291257,314353,28854,79102,2.911862240171922,0.2010445921388723
2708,0.459,23,149,23,291406,314204,28877,79079,2.9104820482418763,0.20107403574525215
2709,0.4591,38,213,38,291619,313991,28915,79041,2.9085090221942274,0.2011057623806713
2710,0.4592,22,219,22,291838,313772,28937,79019,2.906480417948053,0.20117314296916172
2711,0.4593,10,115,10,291953,313657,28947,79009,2.905415169142984,0.20121171682804215
2712,0.4594,36,230,36,292183,313427,28983,78973,2.903284671532847,0.20125637104994903
2713,0.4595,16,95,16,292278,313332,28999,78957,2.902404683389529,0.2012725312206052
2714,0.4596,32,222,32,292500,313110,29031,78925,2.900348290044092,0.2013213105972681
2715,0.4597,18,118,18,292618,312992,29049,78907,2.8992552521397608,0.20134524456556407
2716,0.4598,16,100,16,292718,312892,29065,78891,2.898328948831005,0.2013640203888377
2717,0.4599,56,427,56,293145,312465,29121,78835,2.8943736337026196,0.20146946077178635
2718,0.46,33,185,33,293330,312280,29154,78802,2.892659972581422,0.20149738418029978
2719,0.4601,28,179,28,293509,312101,29182,78774,2.89100188965875,0.2015324592260953
2720,0.4602,24,156,24,293665,311945,29206,78750,2.8895568564970913,0.2015638797527483
2721,0.4603,50,235,50,293900,311710,29256,78700,2.887380043721516,0.20158295125637152
2722,0.4604,53,310,53,294210,311400,29309,78647,2.8845085034643745,0.20163467479560154
2723,0.4605,14,83,14,294293,311317,29323,78633,2.883739671718107,0.20164892934991666
2724,0.4606,21,106,21,294399,311211,29344,78612,2.882757790210827,0.20166075372669134
2725,0.4607,32,192,32,294591,311019,29376,78580,2.880979287858016,0.20169456287105458
2726,0.4608,38,238,38,294829,310781,29414,78542,2.878774685983178,0.20173994344027968
2727,0.4609,32,195,32,295024,310586,29446,78510,2.8769683945311053,0.20177539733124988
2728,0.461,20,133,20,295157,310453,29466,78490,2.8757364111304606,0.201803349076857
2729,0.4611,27,121,27,295278,310332,29493,78463,2.8746155841268664,0.20181072287452256
2730,0.4612,29,241,29,295519,310091,29522,78434,2.872383193152766,0.20187632713467601
2731,0.4613,26,148,26,295667,309943,29548,78408,2.871012264255808,0.20189982773315893
2732,0.4614,19,143,19,295810,309800,29567,78389,2.8696876505242876,0.20193513984167505
2733,0.4615,24,208,24,296018,309592,29591,78365,2.8677609396420762,0.20199403542145133
2734,0.4616,31,206,31,296224,309386,29622,78334,2.86585275482604,0.20203755287320746
2735,0.4617,24,186,24,296410,309200,29646,78310,2.864129830671755,0.20208510748109726
2736,0.4618,3,73,3,296483,309127,29649,78307,2.8634536292563637,0.20211700573517039
2737,0.4619,35,221,35,296704,308906,29684,78272,2.861406498944014,0.20216024670823238
2738,0.462,29,276,29,296980,308630,29713,78243,2.8588499018118494,0.2022446642696699
2739,0.4621,45,187,45,297167,308443,29758,78198,2.8571177146244766,0.2022496320876472
2740,0.4622,17,145,17,297312,308298,29775,78181,2.855774574826781,0.2022904219892931
2741,0.4623,34,167,34,297479,308131,29809,78147,2.8542276483011597,0.20230766442820974
2742,0.4624,14,110,14,297589,308021,29823,78133,2.8532087146615286,0.2023363735711659
2743,0.4625,39,268,39,297857,307753,29862,78094,2.8507262217940643,0.20239628661101422
2744,0.4626,23,152,23,298009,307601,29885,78071,2.849318240764756,0.20242848845651226
2745,0.4627,49,391,49,298400,307210,29934,78022,2.8456963948275225,0.20253249989616648
2746,0.4628,29,232,29,298632,306978,29963,77993,2.84354737115121,0.20259448114273543
2747,0.4629,13,75,13,298707,306903,29976,77980,2.842852643669643,0.20260702603128744
2748,0.463,10,96,10,298803,306807,29986,77970,2.841963392493238,0.20263685199479178
2749,0.4631,55,242,55,299045,306565,30041,77915,2.83972173848605,0.20265033291718684
2750,0.4632,46,304,46,299349,306261,30087,77869,2.8369057764274332,0.20271522661598937
2751,0.4633,38,257,38,299606,306004,30125,77831,2.834525176923932,0.20277202443758385
2752,0.4634,41,290,41,299896,305714,30166,77790,2.831838897328541,0.20284012683048938
2753,0.4635,19,136,19,300032,305578,30185,77771,2.830579124828634,0.20287257825114974
2754,0.4636,15,132,15,300164,305446,30200,77756,2.829356404461077,0.20291125829197135
2755,0.4637,29,222,29,300386,305224,30229,77727,2.8273000111156397,0.20296852599940984
2756,0.4638,20,215,20,300601,305009,30249,77707,2.8253084590018154,0.20304089716656737
2757,0.4639,25,124,25,300725,304885,30274,77682,2.824159842898959,0.2030546283396111
2758,0.464,19,206,19,300931,304679,30293,77663,2.822251658082923,0.2031244278682436
2759,0.4641,28,151,28,301082,304528,30321,77635,2.820852940086702,0.2031463014472882
2760,0.4642,12,138,12,301220,304390,30333,77623,2.8195746415206195,0.20319465567925699
2761,0.4643,22,155,22,301375,304235,30355,77601,2.8181388713920486,0.20323123016164008
2762,0.4644,32,175,32,301550,304060,30387,77569,2.8165178406017266,0.20325761407020954
2763,0.4645,32,230,32,301780,303830,30419,77537,2.8143873429915893,0.2033133438393988
2764,0.4646,28,123,28,301903,303707,30447,77509,2.81324798992182,0.20332042726433308
2765,0.4647,28,183,28,302086,303524,30475,77481,2.8115528548667976,0.20335953596409495
2766,0.4648,20,132,20,302218,303392,30495,77461,2.8103301344992406,0.20338818389247296
2767,0.4649,21,186,21,302404,303206,30516,77440,2.8086072103449555,0.2034436195310078
2768,0.465,28,161,28,302565,303045,30544,77412,2.8071158620178593,0.20347108871699035
2769,0.4651,10,90,10,302655,302955,30554,77402,2.806282189039979,0.20349829239372486
2770,0.4652,17,145,17,302800,302810,30571,77385,2.804939049242284,0.20354028853614592
2771,0.4653,18,117,18,302917,302693,30589,77367,2.80385527437104,0.20356522654317738
2772,0.4654,17,136,17,303053,302557,30606,77350,2.802595501871133,0.20360246060220002
2773,0.4655,43,270,43,303323,302287,30649,77307,2.800094482937493,0.20365706518016619
2774,0.4656,28,157,28,303480,302130,30677,77279,2.798640186742747,0.20368256946988605
2775,0.4657,27,217,27,303697,301913,30704,77252,2.7966301085627476,0.20374243403267706
2776,0.4658,30,195,30,303892,301718,30734,77222,2.7948238171106747,0.20378424024911596
2777,0.4659,47,278,47,304170,301440,30781,77175,2.7922486939123345,0.20383503030783248
2778,0.466,24,100,24,304270,301340,30805,77151,2.7913223906035793,0.2038384003846855
2779,0.4661,26,219,26,304489,301121,30831,77125,2.7892937863574048,0.20390169360680616
2780,0.4662,23,147,23,304636,300974,30854,77102,2.7879321204935343,0.20393254266337985
2781,0.4663,36,204,36,304840,300770,30890,77066,2.786042461743673,0.20396680041076024
2782,0.4664,18,102,18,304942,300668,30908,77048,2.7850976323687426,0.20398394560992916
2783,0.4665,20,175,20,305117,300493,30928,77028,2.7834766015784207,0.20403633175373026
2784,0.4666,47,233,47,305350,300260,30975,76981,2.781318314869021,0.20406318507267238
2785,0.4667,36,205,36,305555,300055,31011,76945,2.779419393086072,0.20409814323607428
2786,0.4668,24,146,24,305701,299909,31035,76921,2.7780669902552892,0.20412652920415042
2787,0.4669,35,198,35,305899,299711,31070,76886,2.7762329097039533,0.20415988443880329
2788,0.467,34,220,34,306119,299491,31104,76852,2.7741950424246915,0.20420733214115847
2789,0.4671,32,229,32,306348,299262,31136,76820,2.7720738078476415,0.20426396371004196
2790,0.4672,23,156,23,306504,299106,31159,76797,2.7706287746859832,0.20430004549045896
2791,0.4673,42,226,42,306730,298880,31201,76755,2.768535329208196,0.2043339944360882
2792,0.4674,47,241,47,306971,298639,31248,76708,2.7663029382340953,0.20436556040144185
2793,0.4675,22,178,22,307149,298461,31270,76686,2.764654118344511,0.2044158689793601
2794,0.4676,25,164,25,307313,298297,31295,76661,2.763134980918152,0.20445223198331547
2795,0.4677,17,96,17,307409,298201,31312,76644,2.7622457297417466,0.2044685136523096
2796,0.4678,41,302,41,307711,297899,31353,76603,2.7594482937493052,0.20454630415858926
2797,0.4679,32,193,32,307904,297706,31385,76571,2.7576605283634072,0.20458377084351964
2798,0.468,27,208,27,308112,297498,31412,76544,2.755733817481196,0.20464012062816475
2799,0.4681,24,123,24,308235,297375,31436,76520,2.754594464411427,0.204656387488466
2800,0.4682,30,224,30,308459,297151,31466,76490,2.7525195449998145,0.20471522129530753
2801,0.4683,25,163,25,308622,296988,31491,76465,2.7510096706065434,0.20475133417056496
2802,0.4684,33,175,33,308797,296813,31524,76432,2.7493886398162215,0.20477702313493817
2803,0.4685,37,243,37,309040,296570,31561,76395,2.7471377227759457,0.20483155255855107
2804,0.4686,25,149,25,309189,296421,31586,76370,2.7457575308459004,0.2048600958714132
2805,0.4687,41,181,41,309370,296240,31627,76329,2.7440809218570528,0.20487211764800614
2806,0.4688,42,218,42,309588,296022,31669,76287,2.742061580643966,0.20490237947511342
2807,0.4689,25,233,25,309821,295789,31694,76262,2.739903293934566,0.2049772746209525
2808,0.469,26,164,26,309985,295625,31720,76236,2.738384156508207,0.20501208785002997
2809,0.4691,39,242,39,310227,295383,31759,76197,2.736142502501019,0.20506216696269983
2810,0.4692,14,133,14,310360,295250,31773,76183,2.7349105191003744,0.20510563143285598
2811,0.4693,41,236,41,310596,295014,31814,76142,2.7327244432917115,0.2051482395542575
2812,0.4694,44,238,44,310834,294776,31858,76098,2.7305198414168736,0.205185588636572
2813,0.4695,14,84,14,310918,294692,31872,76084,2.729741746637519,0.20520206270092994
2814,0.4696,32,222,32,311140,294470,31904,76052,2.727685353292082,0.20525636804292322
2815,0.4697,20,172,20,311312,294298,31924,76032,2.7260921116010226,0.2053087786568736
2816,0.4698,27,114,27,311426,294184,31951,76005,2.7250361258290416,0.2053140422865077
2817,0.4699,13,124,13,311550,294060,31964,75992,2.7238875097261848,0.2053549230918898
2818,0.47,26,153,26,311703,293907,31990,75966,2.722470265663789,0.2053840101872805
2819,0.4701,43,182,43,311885,293725,32033,75923,2.720784393641854,0.2053926979180193
2820,0.4702,30,229,30,312114,293496,32063,75893,2.7186631590648043,0.20545549542623087
2821,0.4703,15,87,15,312201,293409,32078,75878,2.717857275186187,0.20547162505043504
2822,0.4704,17,84,17,312285,293325,32095,75861,2.7170791804068326,0.20548178966699712
2823,0.4705,23,154,23,312439,293171,32118,75838,2.715652673311349,0.20551802259565485
2824,0.4706,26,218,26,312657,292953,32144,75812,2.7136333320982624,0.20558350168806694
2825,0.4707,31,186,31,312843,292767,32175,75781,2.7119104079439773,0.20562043478732756
2826,0.4708,22,185,22,313028,292582,32197,75759,2.7101967468227794,0.20567626194205912
2827,0.4709,22,172,22,313200,292410,32219,75737,2.7086035051317205,0.20572488706956732
2828,0.471,20,141,20,313341,292269,32239,75717,2.7072974174663753,0.20576054523813406
2829,0.4711,52,312,52,313653,291957,32291,75665,2.7044073511430584,0.20582282888401673
2830,0.4712,40,147,40,313800,291810,32331,75625,2.703045685279188,0.20581871623552464
2831,0.4713,29,120,29,313920,291690,32360,75596,2.7019341213086814,0.20582325490217432
2832,0.4714,31,216,31,314136,291474,32391,75565,2.6999333061617694,0.20587730459161016
2833,0.4715,30,185,30,314321,291289,32421,75535,2.698219645040572,0.20591618868994396
2834,0.4716,31,156,31,314477,291133,32452,75504,2.6967746118789138,0.20593666214811926
2835,0.4717,31,203,31,314680,290930,32483,75473,2.6948942161621403,0.2059835754619913
2836,0.4718,31,198,31,314878,290732,32514,75442,2.6930601356108044,0.2060277354481749
2837,0.4719,10,109,10,314987,290623,32524,75432,2.692050465004261,0.20606739424403436
2838,0.472,8,58,8,315045,290565,32532,75424,2.691513209085183,0.2060826964744842
2839,0.4721,43,245,43,315290,290320,32575,75381,2.6892437659787323,0.20612741009731994
2840,0.4722,20,153,20,315443,290167,32595,75361,2.687826521916336,0.2061702523472894
2841,0.4723,56,334,56,315777,289833,32651,75305,2.684732668865093,0.20623709392065465
2842,0.4724,33,116,33,315893,289717,32684,75272,2.683658157026937,0.2062308727112324
2843,0.4725,40,142,40,316035,289575,32724,75232,2.682342806328504,0.206224113024147
2844,0.4726,34,226,34,316261,289349,32758,75198,2.6802493608507167,0.20627792849756
2845,0.4727,18,102,18,316363,289247,32776,75180,2.6793045314757866,0.20629645992201456
2846,0.4728,26,144,26,316507,289103,32802,75154,2.677970654711179,0.2063213610170841
2847,0.4729,27,149,27,316656,288954,32829,75127,2.676590462781133,0.2063469392799954
2848,0.473,32,225,32,316881,288729,32861,75095,2.6745062803364332,0.2064047451515018
2849,0.4731,32,172,32,317053,288557,32893,75063,2.672913038645374,0.2064325394642759
2850,0.4732,19,88,19,317141,288469,32912,75044,2.672097891733669,0.20644103512116485
2851,0.4733,26,164,26,317305,288305,32938,75018,2.6705787543073103,0.20647743192696305
2852,0.4734,27,165,27,317470,288140,32965,74991,2.669050353847864,0.20651225039999338
2853,0.4735,20,125,20,317595,288015,32985,74971,2.6678924747119197,0.20653964615715206
2854,0.4736,13,122,13,317717,287893,32998,74958,2.666762384675238,0.20658066258602015
2855,0.4737,13,100,13,317817,287793,33011,74945,2.6658360813664825,0.20660917797418524
2856,0.4738,23,168,23,317985,287625,33034,74922,2.6642798918077735,0.20665458547443505
2857,0.4739,34,166,34,318151,287459,33068,74888,2.6627422283152393,0.20667481723320463
2858,0.474,26,136,26,318287,287323,33094,74862,2.661482455815332,0.2066954733078399
2859,0.4741,29,245,29,318532,287078,33123,74833,2.6592130127088813,0.20677183064344548
2860,0.4742,31,174,31,318706,286904,33154,74802,2.657601244951647,0.20680331539979985
2861,0.4743,39,239,39,318945,286665,33193,74763,2.6553873800437215,0.20685447724028022
2862,0.4744,25,117,25,319062,286548,33218,74738,2.6543036051724775,0.20686658215375076
2863,0.4745,26,133,26,319195,286415,33244,74712,2.653071621771833,0.20688566626145372
2864,0.4746,38,223,38,319418,286192,33282,74674,2.6510059653933085,0.20692999617586583
2865,0.4747,48,263,48,319681,285929,33330,74626,2.6485697876912817,0.2069753574350654
2866,0.4748,24,155,24,319836,285774,33354,74602,2.6471340175627107,0.2070115656980487
2867,0.4749,35,160,35,319996,285614,33389,74567,2.645651932268702,0.20702646724841123
2868,0.475,42,300,42,320296,285314,33431,74525,2.6428730223424357,0.207106511523209
2869,0.4751,23,73,23,320369,285241,33454,74502,2.6421968209270443,0.20709784485035151
2870,0.4752,27,166,27,320535,285075,33481,74475,2.64065915743451,0.20713391739674594
2871,0.4753,25,171,25,320706,284904,33506,74450,2.6390751787765385,0.20717732375317932
2872,0.4754,45,259,45,320965,284645,33551,74405,2.636676053206862,0.20722740565380865
2873,0.4755,19,106,19,321071,284539,33570,74386,2.635694171699581,0.2072466392700425
2874,0.4756,35,148,35,321219,284391,33605,74351,2.634323242802623,0.2072547959257628
2875,0.4757,17,135,17,321354,284256,33622,74334,2.6330727333358035,0.20729523968878105
2876,0.4758,21,217,21,321571,284039,33643,74313,2.6310626551558043,0.2073743135241327
2877,0.4759,28,181,28,321752,283858,33671,74285,2.6293860461669567,0.2074171490158959
2878,0.476,23,165,23,321917,283693,33694,74262,2.6278576457075107,0.2074618317944993
2879,0.4761,18,173,18,322090,283520,33712,74244,2.6262551409833637,0.2075222772553974
2880,0.4762,30,172,30,322262,283348,33742,74214,2.6246618992923043,0.20755561273289666
2881,0.4763,14,137,14,322399,283211,33756,74200,2.6233928637593094,0.20760413081858142
2882,0.4764,27,143,27,322542,283068,33783,74173,2.622068250027789,0.2076273440058672
2883,0.4765,35,215,35,322757,282853,33818,74138,2.620076697913965,0.20767470328383628
2884,0.4766,37,163,37,322920,282690,33855,74101,2.618566823520694,0.20768741363991805
2885,0.4767,33,197,33,323117,282493,33888,74068,2.6167420060024456,0.2077288318127894
2886,0.4768,29,206,29,323323,282287,33917,74039,2.614833821186409,0.20778444458164713
2887,0.4769,31,188,31,323511,282099,33948,74008,2.613092370965949,0.207825176140879
2888,0.477,18,105,18,323616,281994,33966,73990,2.612119752491756,0.2078464200638231
2889,0.4771,12,147,12,323763,281847,33978,73978,2.6107580866278854,0.2079055715590529
2890,0.4772,31,243,31,324006,281604,34009,73947,2.6085071695876096,0.20797860222584102
2891,0.4773,22,231,22,324237,281373,34031,73925,2.6063674089443847,0.2080647794245957
2892,0.4774,32,168,32,324405,281205,34063,73893,2.6048112193856756,0.20809185070037003
2893,0.4775,35,175,35,324580,281030,34098,73858,2.6031901885953537,0.20811636347241946
2894,0.4776,36,211,36,324791,280819,34134,73822,2.6012356886138797,0.20815980103823303
2895,0.4777,33,188,33,324979,280631,34167,73789,2.5994942383934196,0.20819649004006546
2896,0.4778,20,167,20,325146,280464,34187,73769,2.597947311867798,0.20824993718823487
2897,0.4779,32,167,32,325313,280297,34219,73737,2.5964003853421764,0.20827660620166424
2898,0.478,27,156,27,325469,280141,34246,73710,2.594955352180518,0.2083080166510763
2899,0.4781,16,98,16,325567,280043,34262,73694,2.5940475749379375,0.20832991742452725
2900,0.4782,35,201,35,325768,279842,34297,73659,2.5921857052873394,0.20836999046678792
2901,0.4783,23,163,23,325931,279679,34320,73636,2.590675830894068,0.20841458754935396
2902,0.4784,12,126,12,326057,279553,34332,73624,2.589508688725036,0.2084620459429691
2903,0.4785,25,85,25,326142,279468,34357,73599,2.588721330912594,0.20845618536991561
2904,0.4786,34,115,34,326257,279353,34391,73565,2.587656082107525,0.2084478547424614
2905,0.4787,26,164,26,326421,279189,34417,73539,2.5861369446811664,0.20848642580118393
2906,0.4788,31,154,31,326575,279035,34448,73508,2.584710437585683,0.20850789832729624
2907,0.4789,18,150,18,326725,278885,34466,73490,2.58332098262255,0.2085562256119191
2908,0.479,23,153,23,326878,278732,34489,73467,2.581903738560154,0.20859514081527772
2909,0.4791,23,194,23,327072,278538,34512,73444,2.5801067101411688,0.2086583973044076
2910,0.4792,24,121,24,327193,278417,34536,73420,2.5789858831375745,0.2086761767523029
2911,0.4793,31,230,31,327423,278187,34567,73389,2.576855385527437,0.20874291760529728
2912,0.4794,30,201,30,327624,277986,34597,73359,2.5749935158768387,0.2087947743670751
2913,0.4795,39,118,39,327742,277868,34636,73320,2.5739004779725074,0.2087770652755789
2914,0.4796,29,173,29,327915,277695,34665,73291,2.5722979732483604,0.20881459659359633
2915,0.4797,39,214,39,328129,277481,34704,73252,2.570315684167624,0.20885402856303797
2916,0.4798,24,149,24,328278,277332,34728,73228,2.5689354922375784,0.208888635326335
2917,0.4799,28,174,28,328452,277158,34756,73200,2.5673237244803437,0.20892915246690527
2918,0.48,28,169,28,328621,276989,34784,73172,2.565758271888547,0.208966732445932
2919,0.4801,34,132,34,328753,276857,34818,73138,2.56453555152099,0.20896869955285075
2920,0.4802,29,171,29,328924,276686,34847,73109,2.5629515728630183,0.20900527451793194
2921,0.4803,28,200,28,329124,276486,34875,73081,2.5610989662455075,0.20906149607943542
2922,0.4804,23,111,23,329235,276375,34898,73058,2.560070769572789,0.20907584572722096
2923,0.4805,38,255,38,329490,276120,34936,73020,2.5577086961354625,0.20914246434095204
2924,0.4806,25,160,25,329650,275960,34961,72995,2.556226610841454,0.20918169964608618
2925,0.4807,7,72,7,329722,275888,34968,72988,2.55555967245915,0.2092090026255747
2926,0.4808,55,322,55,330044,275566,35023,72933,2.5525769758049575,0.2092775015136342
2927,0.4809,24,163,24,330207,275403,35047,72909,2.5510671014116864,0.209320953627782
2928,0.481,27,132,27,330339,275271,35074,72882,2.549844381044129,0.20933899750971555
2929,0.4811,7,106,7,330445,275165,35081,72875,2.5488624995368485,0.20938685208596713
2930,0.4812,37,196,37,330641,274969,35118,72838,2.547046945051688,0.20942074196321522
2931,0.4813,34,169,34,330810,274800,35152,72804,2.545481492459891,0.20944523077985294
2932,0.4814,24,120,24,330930,274680,35176,72780,2.5443699284893846,0.20946295976515283
2933,0.4815,20,143,20,331073,274537,35196,72760,2.5430453147578644,0.20950368128719798
2934,0.4816,22,146,22,331219,274391,35218,72738,2.5416929119270812,0.20954169775501327
2935,0.4817,39,183,39,331402,274208,35257,72699,2.539997776872059,0.20956337000982972
2936,0.4818,14,143,14,331545,274065,35271,72685,2.5386731631405386,0.20961788031723144
2937,0.4819,34,170,34,331715,273895,35305,72651,2.5370984475156546,0.2096431642552504
2938,0.482,23,180,23,331895,273715,35328,72628,2.5354311015598947,0.2096996330227549
2939,0.4821,31,197,31,332092,273518,35359,72597,2.5336062840416465,0.20974820507634745
2940,0.4822,29,175,29,332267,273343,35388,72568,2.5319852532513245,0.2097880668726927
2941,0.4823,35,184,35,332451,273159,35423,72533,2.5302808551632148,0.20981972391608716
2942,0.4824,36,232,36,332683,272927,35459,72497,2.528131831486902,0.20987829450182963
2943,0.4825,33,167,33,332850,272760,35492,72464,2.5265849049612807,0.20990429402359048
2944,0.4826,14,95,14,332945,272665,35506,72450,2.525704916817963,0.20993002332555816
2945,0.4827,34,189,34,333134,272476,35540,72416,2.523954203564415,0.20996717813112512
2946,0.4828,50,193,50,333327,272283,35590,72366,2.5221664381785174,0.20997014353733798
2947,0.4829,30,217,30,333544,272066,35620,72336,2.5201563599985177,0.21003362349812138
2948,0.483,27,160,27,333704,271906,35647,72309,2.518674274704509,0.2100692880902924
2949,0.4831,13,167,13,333871,271739,35660,72296,2.517127348178888,0.21014141003095616
2950,0.4832,57,362,57,334233,271377,35717,72239,2.513774130201193,0.21023177034829577
2951,0.4833,23,93,23,334326,271284,35740,72216,2.5129126681240503,0.210235807860262
2952,0.4834,27,144,27,334470,271140,35767,72189,2.511578791359443,0.21026187709165262
2953,0.4835,25,138,25,334608,271002,35792,72164,2.5103004927933603,0.21028889808430906
2954,0.4836,26,165,26,334773,270837,35818,72138,2.508772092333914,0.21033019899409577
2955,0.4837,42,207,42,334980,270630,35860,72096,2.50685464448479,0.21036046287705046
2956,0.4838,15,176,15,335156,270454,35875,72081,2.5052243506613805,0.2104339702512152
2957,0.4839,16,103,16,335259,270351,35891,72065,2.5042702582533627,0.21046037568337927
2958,0.484,16,80,16,335339,270271,35907,72049,2.503529215606358,0.21047265716288852
2959,0.4841,27,175,27,335514,270096,35934,72022,2.501908184816036,0.21051800840645626
2960,0.4842,42,247,42,335761,269849,35976,71980,2.4996202156434104,0.2105731228187193
2961,0.4843,19,111,19,335872,269738,35995,71961,2.4985920189706916,0.21059763124855502
2962,0.4844,36,151,36,336023,269587,36031,71925,2.497193300974471,0.21060753355665393
2963,0.4845,20,172,20,336195,269415,36051,71905,2.4956000592834116,0.2106674088831595
2964,0.4846,26,133,26,336328,269282,36077,71879,2.494368075882767,0.21068938125987438
2965,0.4847,20,130,20,336458,269152,36097,71859,2.493163881581385,0.21072340774931014
2966,0.4848,21,148,21,336606,269004,36118,71838,2.491792952684427,0.21076627880366855
2967,0.4849,19,170,19,336776,268834,36137,71819,2.4902182370595427,0.2108274402397748
2968,0.485,23,121,23,336897,268713,36160,71796,2.489097410055949,0.2108490524479529
2969,0.4851,45,229,45,337126,268484,36205,71751,2.486976175478899,0.2108865930900701
2970,0.4852,26,220,26,337346,268264,36231,71725,2.484938308199637,0.21096270761701114
2971,0.4853,27,185,27,337531,268079,36258,71698,2.483224647078439,0.21101487151867254
2972,0.4854,44,231,44,337762,267848,36302,71654,2.481084886435214,0.21105619407249443
2973,0.4855,37,213,37,337975,267635,36339,71617,2.4791118603875653,0.21110266114864468
2974,0.4856,22,80,22,338055,267555,36361,71595,2.478370817740561,0.2111012826183105
2975,0.4857,30,175,30,338230,267380,36391,71565,2.476749786950239,0.21114045051557037
2976,0.4858,21,163,21,338393,267217,36412,71544,2.4752399125569675,0.21119314206771145
2977,0.4859,41,277,41,338670,266940,36453,71503,2.472674052391715,0.21127043549430777
2978,0.486,15,116,15,338786,266824,36468,71488,2.4715995405535587,0.21130790512899336
2979,0.4861,33,146,33,338932,266678,36501,71455,2.470247137722776,0.21132217204472797
2980,0.4862,45,234,45,339166,266444,36546,71410,2.4680795879802884,0.21136348837071633
2981,0.4863,17,130,17,339296,266314,36563,71393,2.4668753936789063,0.21140515298764906
2982,0.4864,26,124,26,339420,266190,36589,71367,2.4657267775760494,0.2114220709391303
2983,0.4865,34,254,34,339674,265936,36623,71333,2.463373967171811,0.21150179826785148
2984,0.4866,24,117,24,339791,265819,36647,71309,2.462290192300567,0.21151906694193304
2985,0.4867,24,160,24,339951,265659,36671,71285,2.4608081070065584,0.21156334583788405
2986,0.4868,47,254,47,340205,265405,36718,71238,2.4584552966023194,0.21161289555998491
2987,0.4869,21,91,21,340296,265314,36739,71217,2.457612360591352,0.21162092050955186
2988,0.487,25,228,25,340524,265086,36764,71192,2.4555003890473897,0.21170579104193554
2989,0.4871,52,178,52,340702,264908,36816,71140,2.453851569157805,0.2116959481978765
2990,0.4872,43,171,43,340873,264737,36859,71097,2.4522675904998334,0.21170280555274332
2991,0.4873,34,160,34,341033,264577,36893,71063,2.4507855052058245,0.21172387081396735
2992,0.4874,29,178,29,341211,264399,36922,71034,2.44913668531624,0.2117680729087478
2993,0.4875,35,190,35,341401,264209,36957,70999,2.4473767090296046,0.21180580415741868
2994,0.4876,17,57,17,341458,264152,36974,70982,2.446848716143614,0.21180184642560887
2995,0.4877,41,225,41,341683,263927,37015,70941,2.4447645336989146,0.21184765340372924
2996,0.4878,37,197,37,341880,263730,37052,70904,2.4429397161806663,0.2118852238565119
2997,0.4879,20,157,20,342037,263573,37072,70884,2.4414854199859204,0.2119375584903291
2998,0.488,18,135,18,342172,263438,37090,70866,2.4402349105191004,0.21198071216617212
2999,0.4881,36,181,36,342353,263257,37126,70830,2.438558301530253,0.21201064393406507
3000,0.4882,26,177,26,342530,263080,37152,70804,2.436918744673756,0.21206167411436308
3001,0.4883,19,74,19,342604,263006,37171,70785,2.436233280225277,0.21206383635268777
3002,0.4884,42,207,42,342811,262799,37213,70743,2.434315832376153,0.21209622776142134
3003,0.4885,20,140,20,342951,262659,37233,70723,2.4330190077438956,0.2121380278479342
3004,0.4886,23,154,23,343105,262505,37256,70700,2.4315925006484123,0.212181689950631
3005,0.4887,35,115,35,343220,262390,37291,70665,2.4305272518433436,0.21217216375673686
3006,0.4888,46,237,46,343457,262153,37337,70619,2.4283319130015935,0.2122143689973916
3007,0.4889,45,216,45,343673,261937,37382,70574,2.4263310978546815,0.21224560991967184
3008,0.489,34,174,34,343847,261763,37416,70540,2.4247193300974472,0.21227614556594435
3009,0.4891,49,282,49,344129,261481,37465,70491,2.4221071547667568,0.21234019736604293
3010,0.4892,9,67,9,344196,261414,37474,70482,2.4214865315498906,0.21236170366620868
3011,0.4893,47,210,47,344406,261204,37521,70435,2.4195412946015042,0.212384550671061
3012,0.4894,29,213,29,344619,260991,37550,70406,2.4175682685538553,0.2124521344490143
3013,0.4895,25,97,25,344716,260894,37575,70381,2.4166697543443627,0.2124549090634669
3014,0.4896,25,193,25,344909,260701,37600,70356,2.4148819889584647,0.21251929426050498
3015,0.4897,35,190,35,345099,260511,37635,70321,2.4131220126718294,0.21255803549837984
3016,0.4898,23,136,23,345235,260375,37658,70298,2.411862240171922,0.2125906862670977
3017,0.4899,19,140,19,345375,260235,37677,70279,2.4105654155396645,0.212635470812129
3018,0.49,24,160,24,345535,260075,37701,70255,2.4090833302456556,0.2126812581358036
3019,0.4901,23,233,23,345768,259842,37724,70232,2.4069250435362557,0.2127765288995801
3020,0.4902,28,132,28,345900,259710,37752,70204,2.4057023231686983,0.21279484956685682
3021,0.4903,34,124,34,346024,259586,37786,70170,2.404553707065842,0.212793702009971
3022,0.4904,14,132,14,346156,259454,37800,70156,2.4033309866982844,0.21284548405691575
3023,0.4905,20,134,20,346290,259320,37820,70136,2.402089740264552,0.21288426982662328
3024,0.4906,40,220,40,346510,259100,37860,70096,2.40005187298529,0.2129308983098215
3025,0.4907,22,153,22,346663,258947,37882,70074,2.3986346289228946,0.2129772871640412
3026,0.4908,24,197,24,346860,258750,37906,70050,2.3968098114046463,0.21304744525547445
3027,0.4909,24,126,24,346986,258624,37930,70026,2.3956426692356145,0.21307165677772708
3028,0.491,36,178,36,347164,258446,37966,69990,2.39399384934603,0.2131008781010608
3029,0.4911,32,249,32,347413,258197,37998,69958,2.391687354107229,0.21318584205634533
3030,0.4912,33,220,33,347633,257977,38031,69925,2.3896494868279667,0.21324969045629485
3031,0.4913,18,161,18,347794,257816,38049,69907,2.3881581385008706,0.21331124150578384
3032,0.4914,22,158,22,347952,257658,38071,69885,2.386694579273037,0.2133612991271375
3033,0.4915,23,110,23,348062,257548,38094,69862,2.3856756456334063,0.2133777221221099
3034,0.4916,35,189,35,348251,257359,38129,69827,2.3839249323798586,0.213416833238586
3035,0.4917,23,168,23,348419,257191,38152,69804,2.3823687428211495,0.2134711539931803
3036,0.4918,30,196,30,348615,256995,38182,69774,2.380553188335989,0.21352698695408684
3037,0.4919,24,178,24,348793,256817,38206,69750,2.378904368446404,0.21358557355764668
3038,0.492,35,170,35,348963,256647,38241,69715,2.37732965282152,0.21361249165037596
3039,0.4921,26,163,26,349126,256484,38267,69689,2.3758197784282484,0.21365655648996085
3040,0.4922,15,114,15,349240,256370,38282,69674,2.3747637926562675,0.21369508409907864
3041,0.4923,43,272,43,349512,256098,38325,69631,2.3722442476564525,0.21376972882365403
3042,0.4924,21,125,21,349637,255973,38346,69610,2.3710863685205084,0.2138010891232036
3043,0.4925,14,90,14,349727,255883,38360,69596,2.3702526955426286,0.21382639125719324
3044,0.4926,28,175,28,349902,255708,38388,69568,2.3686316647523067,0.2138737564406842
3045,0.4927,29,230,29,350132,255478,38417,69539,2.366501167142169,0.21395496235581524
3046,0.4928,37,167,37,350299,255311,38454,69502,2.3649542406165476,0.21397542586041815
3047,0.4929,37,216,37,350515,255095,38491,69465,2.3629534254696356,0.21402822282474734
3048,0.493,37,294,37,350809,254801,38528,69428,2.3602300937418947,0.2141326038078025
3049,0.4931,36,211,36,351020,254590,38564,69392,2.3582755937604207,0.21418473865832052
3050,0.4932,27,109,27,351129,254481,38591,69365,2.3572659231538773,0.21419131315501813
3051,0.4933,25,186,25,351315,254295,38616,69340,2.3555429989995926,0.21425371174316746
3052,0.4934,39,177,39,351492,254118,38655,69301,2.3539034421430953,0.21427621753823986
3053,0.4935,31,189,31,351681,253929,38686,69270,2.3521527288895476,0.21432615818737064
3054,0.4936,47,210,47,351891,253719,38733,69223,2.3502074919411613,0.21435118380390286
3055,0.4937,29,183,29,352074,253536,38762,69194,2.348512356886139,0.2144021318129706
3056,0.4938,20,114,20,352188,253422,38782,69174,2.347456371114158,0.2144291931704051
3057,0.4939,36,176,36,352364,253246,38818,69138,2.345826077290748,0.214458533922279
3058,0.494,33,161,33,352525,253085,38851,69105,2.344334728963652,0.21448524162761104
3059,0.4941,44,229,44,352754,252856,38895,69061,2.342213494386602,0.21453045350198965
3060,0.4942,20,123,20,352877,252733,38915,69041,2.341074141316833,0.2145636378327646
3061,0.4943,24,212,24,353089,252521,38939,69017,2.339110378302271,0.21464648035379955
3062,0.4944,11,134,11,353223,252387,38950,69006,2.337869131868539,0.2147090944731217
3063,0.4945,45,221,45,353444,252166,38995,68961,2.3358220015561897,0.21474681356597233
3064,0.4946,42,254,42,353698,251912,39037,68919,2.3334691911519507,0.21481402981632075
3065,0.4947,31,184,31,353882,251728,39068,68888,2.331764793063841,0.21486139182074507
3066,0.4948,22,117,22,353999,251611,39090,68866,2.330681018192597,0.21488593565216849
3067,0.4949,19,98,19,354097,251513,39109,68847,2.3297732409500167,0.21490510675490074
3068,0.495,28,181,28,354278,251332,39137,68819,2.3280966319611696,0.2149579417212503
3069,0.4951,10,49,10,354327,251283,39147,68809,2.3276427433398794,0.21496632218237258
3070,0.4952,57,288,57,354615,250995,39204,68752,2.3249749898106638,0.21502000018764836
3071,0.4953,55,369,55,354984,250626,39259,68697,2.321556930601356,0.21513326631655094
3072,0.4954,20,112,20,355096,250514,39279,68677,2.32051947089555,0.2151595753013086
3073,0.4955,26,159,26,355255,250355,39305,68651,2.319046648634629,0.21520284884923793
3074,0.4956,40,250,40,355505,250105,39345,68611,2.31673089036274,0.21527315854867657
3075,0.4957,18,130,18,355635,249975,39363,68593,2.3155266960613585,0.2153166670852063
3076,0.4958,31,122,31,355757,249853,39394,68562,2.3143966060246766,0.2153227705981188
3077,0.4959,35,213,35,355970,249640,39429,68527,2.3124235799770276,0.21538060201089365
3078,0.496,17,109,17,356079,249531,39446,68510,2.311413909370484,0.21541247826538087
3079,0.4961,22,84,22,356163,249447,39468,68488,2.3106358145911297,0.2154151005708714
3080,0.4962,21,203,21,356366,249244,39489,68467,2.308755418874356,0.21550087973032095
3081,0.4963,36,196,36,356562,249048,39525,68431,2.3069398643891956,0.21554496517879923
3082,0.4964,32,143,32,356705,248905,39557,68399,2.3056152506576755,0.2155629932178605
3083,0.4965,33,188,33,356893,248717,39590,68366,2.303873800437215,0.2156091622698158
3084,0.4966,36,228,36,357121,248489,39626,68330,2.3017618288932526,0.2156751962476998
3085,0.4967,42,180,42,357301,248309,39668,68288,2.300094482937493,0.21569376841852575
3086,0.4968,51,208,51,357509,248101,39719,68237,2.2981677720552818,0.2157091465457833
3087,0.4969,32,174,32,357683,247927,39751,68205,2.2965560042980475,0.2157484848101426
3088,0.497,24,131,24,357814,247796,39775,68181,2.2953425469635778,0.21577836361507324
3089,0.4971,23,170,23,357984,247626,39798,68158,2.2937678313386933,0.21583740784840272
3090,0.4972,35,123,35,358107,247503,39833,68123,2.2926284782689246,0.21583456369247148
3091,0.4973,44,282,44,358389,247221,39877,68079,2.290016302938234,0.21591817316841103
3092,0.4974,20,135,20,358524,247086,39897,68059,2.288765793471414,0.2159609068841327
3093,0.4975,13,105,13,358629,246981,39910,68046,2.287793174997221,0.21600053328762298
3094,0.4976,18,131,18,358760,246850,39928,68028,2.2865797176627516,0.216045579557797
3095,0.4977,20,147,20,358907,246703,39948,68008,2.285218051798881,0.2160966728204607
3096,0.4978,16,143,16,359050,246560,39964,67992,2.2838934380673606,0.21615503954830997
3097,0.4979,43,245,43,359295,246315,40007,67949,2.28162399496091,0.2162163022172441
3098,0.498,41,254,41,359549,246061,40048,67908,2.2792711845566713,0.21628886928327318
3099,0.4981,42,249,42,359798,245812,40090,67866,2.2769646893178703,0.21635562583286044
3100,0.4982,35,163,35,359961,245649,40125,67831,2.275454814924599,0.2163806303432436
3101,0.4983,46,286,46,360247,245363,40171,67785,2.2728055874615585,0.2164631420286893
3102,0.4984,39,211,39,360458,245152,40210,67746,2.2708510874800845,0.21651145101598604
3103,0.4985,22,122,22,360580,245030,40232,67724,2.269720997443403,0.21654079564130274
3104,0.4986,25,190,25,360770,244840,40257,67699,2.2679610211567676,0.21660976710106578
3105,0.4987,31,127,31,360897,244713,40288,67668,2.266784615954648,0.21662008892986448
3106,0.4988,18,139,18,361036,244574,40306,67650,2.265497054355478,0.21667136414881624
3107,0.4989,23,162,23,361198,244412,40329,67627,2.2639964429952943,0.21672611436390965
3108,0.499,39,210,39,361408,244202,40368,67588,2.262051206046908,0.21677411077969147
3109,0.4991,42,171,42,361579,244031,40410,67546,2.2604672273889364,0.21678750357054596
3110,0.4992,39,165,39,361744,243866,40449,67507,2.25893882692949,0.2168042829660889
3111,0.4993,30,169,30,361913,243697,40479,67477,2.257373374337693,0.21684652316710265
3112,0.4994,37,233,37,362146,243464,40516,67440,2.255215087628293,0.21691583253994803
3113,0.4995,42,187,42,362333,243277,40558,67398,2.2534829004409205,0.21694053271103242
3114,0.4996,19,106,19,362439,243171,40577,67379,2.2525010189336396,0.21696667203348896
3115,0.4997,33,174,33,362613,242997,40610,67346,2.2508892511764054,0.2170050556964391
3116,0.4998,21,74,21,362687,242923,40631,67325,2.2502037867279263,0.21700381630179727
3117,0.4999,25,160,25,362847,242763,40656,67300,2.2487217014339174,0.21705266349096797
3118,0.5,40,180,40,363027,242583,40696,67260,2.247054355478158,0.21707768127729204
3119,0.5001,38,176,38,363203,242407,40734,67222,2.2454240616547483,0.2171049869359782
3120,0.5002,23,117,23,363320,242290,40757,67199,2.2443402867835043,0.21712888018637172
3121,0.5003,37,163,37,363483,242127,40794,67162,2.242830412390233,0.21714965614684
3122,0.5004,22,135,22,363618,241992,40816,67140,2.241579902923413,0.21718877372772796
3123,0.5005,20,182,20,363800,241810,40836,67120,2.2398940309014783,0.21726604732463664
3124,0.5006,27,181,27,363981,241629,40863,67093,2.238217421912631,0.2173249719812647
3125,0.5007,28,116,28,364097,241513,40891,67065,2.237142910074475,0.21733564933339383
3126,0.5008,16,118,16,364215,241395,40907,67049,2.236049872170143,0.21737819506944533
3127,0.5009,22,110,22,364325,241285,40929,67027,2.2350309385305125,0.2173999065881315
3128,0.501,34,199,34,364524,241086,40963,66993,2.2331875949460893,0.21745396472982578
3129,0.5011,24,116,24,364640,240970,40987,66969,2.232113083107933,0.21747488950733748
3130,0.5012,46,241,46,364881,240729,41033,66923,2.229880692133832,0.21752824620025224
3131,0.5013,31,218,31,365099,240511,41064,66892,2.2278613509207457,0.21760360178657984
3132,0.5014,24,120,24,365219,240391,41088,66868,2.226749786950239,0.21762747389010575
3133,0.5015,56,245,56,365464,240146,41144,66812,2.2244803438437883,0.2176584418715264
3134,0.5016,22,157,22,365621,239989,41166,66790,2.223026047649042,0.21771372877543768
3135,0.5017,21,170,21,365791,239819,41187,66769,2.221451332024158,0.21778086552637416
3136,0.5018,31,162,31,365953,239657,41218,66738,2.219950720663974,0.21781687037973857
3137,0.5019,30,174,30,366127,239483,41248,66708,2.21833895290674,0.21786401298535882
3138,0.502,46,245,46,366372,239238,41294,66662,2.216069509800289,0.21792088917947042
3139,0.5021,26,165,26,366537,239073,41320,66636,2.2145411093408427,0.21797199297371028
3140,0.5022,12,193,12,366730,238880,41332,66624,2.2127533439549447,0.2180789776893265
3141,0.5023,23,182,23,366912,238698,41355,66601,2.21106747193301,0.21815007582730372
3142,0.5024,44,176,44,367088,238522,41399,66557,2.2094371781096003,0.2181631642951498
3143,0.5025,21,106,21,367194,238416,41420,66536,2.2084552966023194,0.21818515700831606
3144,0.5026,27,175,27,367369,238241,41447,66509,2.2068342658119975,0.2182411812961444
3145,0.5027,40,198,40,367567,238043,41487,66469,2.2050001852606615,0.2182803961748634
3146,0.5028,35,160,35,367727,237883,41522,66434,2.203518099966653,0.21830525406073273
3147,0.5029,44,193,44,367920,237690,41566,66390,2.201730334580755,0.21833070244672453
3148,0.503,35,166,35,368086,237524,41601,66355,2.200192671088221,0.21835993931795222
3149,0.5031,32,127,32,368213,237397,41633,66323,2.199016265886102,0.21836889240089555
3150,0.5032,39,208,39,368421,237189,41672,66284,2.1970895550038905,0.21841811297874936
3151,0.5033,34,202,34,368623,236987,41706,66250,2.1952184223202047,0.21847597753572287
3152,0.5034,46,226,46,368849,236761,41752,66204,2.1931249768424173,0.21852029112273694
3153,0.5035,11,120,11,368969,236641,41763,66193,2.1920134128719106,0.21857849514915761
3154,0.5036,28,133,28,369102,236508,41791,66165,2.190781429471266,0.21860225391759425
3155,0.5037,27,192,27,369294,236316,41818,66138,2.1890029271184557,0.21867126901942113
3156,0.5038,18,148,18,369442,236168,41836,66120,2.1876319982214976,0.21873180543058277
3157,0.5039,33,183,33,369625,235985,41869,66087,2.185936863166475,0.21877896660398846
3158,0.504,44,266,44,369891,235719,41913,66043,2.1834728963651857,0.21885790788767306
3159,0.5041,23,155,23,370046,235564,41936,66020,2.1820371262366147,0.21891081755000266
3160,0.5042,16,109,16,370155,235455,41952,66004,2.1810274556300717,0.218948513728235
3161,0.5043,20,115,20,370270,235340,41972,65984,2.1799622068250026,0.21898023390105004
3162,0.5044,18,167,18,370437,235173,41990,65966,2.1784152802993813,0.219054987895955
3163,0.5045,34,174,34,370611,234999,42024,65932,2.176803512542147,0.2190934134402903
3164,0.5046,37,186,37,370797,234813,42061,65895,2.175080588387862,0.21913284648230177
3165,0.5047,36,222,36,371019,234591,42097,65859,2.1730241950424247,0.21920119820269596
3166,0.5048,13,96,13,371115,234495,42110,65846,2.1721349438660194,0.2192374667461319
3167,0.5049,27,115,27,371230,234380,42137,65819,2.1710696950609507,0.21925123001742178
3168,0.505,33,151,33,371381,234229,42170,65786,2.16967097706473,0.2192757028815226
3169,0.5051,32,257,32,371638,233972,42202,65754,2.1672903775612284,0.21938036740222736
3170,0.5052,18,117,18,371755,233855,42220,65736,2.166206602689985,0.21941914142948218
3171,0.5053,23,94,23,371849,233761,42243,65713,2.165335877579755,0.21942806387198888
3172,0.5054,40,182,40,372031,233579,42283,65673,2.16365000555782,0.2194571799018887
3173,0.5055,24,155,24,372186,233424,42307,65649,2.162214235429249,0.21950828058701388
3174,0.5056,40,237,40,372423,233187,42347,65609,2.1600188965874985,0.2195779059960642
3175,0.5057,55,337,55,372760,232850,42402,65554,2.1568972544369927,0.21968204179568637
3176,0.5058,27,122,27,372882,232728,42429,65527,2.155767164400311,0.21970126234262627
3177,0.5059,22,141,22,373023,232587,42451,65505,2.154461076734966,0.21974759470230668
3178,0.506,38,200,38,373223,232387,42489,65467,2.152608470117455,0.21979560455793778
3179,0.5061,59,297,59,373520,232090,42548,65408,2.1498573492904516,0.21986030158185937
3180,0.5062,33,207,33,373727,231883,42581,65375,2.147939901441328,0.2199267975967005
3181,0.5063,31,162,31,373889,231721,42612,65344,2.146439290081144,0.2199653274535876
3182,0.5064,18,109,18,373998,231612,42630,65326,2.145429619474601,0.21999878762569963
3183,0.5065,23,143,23,374141,231469,42653,65303,2.1441050057430804,0.22004434380601945
3184,0.5066,28,207,28,374348,231262,42681,65275,2.1421875578939567,0.22012430152055223
3185,0.5067,36,234,36,374582,231028,42717,65239,2.140020008151469,0.2202033976109388
3186,0.5068,17,101,17,374683,230927,42734,65222,2.139084441809626,0.22023373369486307
3187,0.5069,44,269,44,374952,230658,42778,65178,2.1365926859090743,0.22031801403480306
3188,0.507,42,198,42,375150,230460,42820,65136,2.1347586053577383,0.2203548085901027
3189,0.5071,30,235,30,375385,230225,42850,65106,2.132581792582163,0.22045095164408748
3190,0.5072,26,199,26,375584,230026,42876,65080,2.13073844899774,0.2205309278699857
3191,0.5073,26,168,26,375752,229858,42902,65054,2.129182259439031,0.2205878363715278
3192,0.5074,30,163,30,375915,229695,42932,65024,2.1276723850457593,0.22063049888198588
3193,0.5075,39,248,39,376163,229447,42971,64985,2.125375152840046,0.22071310183675688
3194,0.5076,33,148,33,376311,229299,43004,64952,2.124004223943088,0.22073671797207145
3195,0.5077,27,126,27,376437,229173,43031,64925,2.122837081774056,0.22075974675108298
3196,0.5078,22,143,22,376580,229030,43053,64903,2.121512468042536,0.2208088237795688
3197,0.5079,26,134,26,376714,228896,43079,64877,2.1202712216088035,0.22084058099280737
3198,0.508,28,135,28,376849,228761,43107,64849,2.119020712141984,0.22086781785361534
3199,0.5081,16,123,16,376972,228638,43123,64833,2.1178813590722148,0.22091791011718365
3200,0.5082,46,181,46,377153,228457,43169,64787,2.116204750083367,0.2209320565808678
3201,0.5083,27,154,27,377307,228303,43196,64760,2.114778242987884,0.22097637709298001
3202,0.5084,17,151,17,377458,228152,43213,64743,2.113379524991663,0.22104508441591697
3203,0.5085,18,116,18,377574,228036,43231,64725,2.112305013153507,0.22108477563609907
3204,0.5086,15,73,15,377647,227963,43246,64710,2.1116288117381155,0.22109999897496524
3205,0.5087,21,139,21,377786,227824,43267,64689,2.1103412501389456,0.2211491455080629
3206,0.5088,43,270,43,378056,227554,43310,64646,2.107840231205306,0.22123887748117727
3207,0.5089,45,179,45,378235,227375,43355,64601,2.1061821482826337,0.22125448667013728
3208,0.509,20,178,20,378413,227197,43375,64581,2.104533328393049,0.22133608428325643
3209,0.5091,47,200,47,378613,226997,43422,64534,2.1026807217755383,0.22136239370770175
3210,0.5092,22,144,22,378757,226853,43444,64512,2.1013468450109305,0.22141300430731214
3211,0.5093,58,354,58,379111,226499,43502,64454,2.0980677312979363,0.221527188240025
3212,0.5094,47,249,47,379360,226250,43549,64407,2.0957612360591353,0.22159108502461664
3213,0.5095,44,178,44,379538,226072,43593,64363,2.0941124161695504,0.2216089658615525
3214,0.5096,54,256,54,379794,225816,43647,64309,2.0917410796991365,0.22165962947005602
3215,0.5097,29,150,29,379944,225666,43676,64280,2.0903516247360034,0.2216964538224359
3216,0.5098,28,238,28,380182,225428,43704,64252,2.0881470228611656,0.22180336923501795
3217,0.5099,51,195,51,380377,225233,43755,64201,2.0863407314090927,0.22181568164071946
3218,0.51,26,184,26,380561,225049,43781,64175,2.0846363333209825,0.2218868420324731
3219,0.5101,60,238,60,380799,224811,43841,64115,2.0824317314461447,0.2219080318143746
3220,0.5102,40,186,40,380985,224625,43881,64075,2.0807088072918596,0.221943193626602
3221,0.5103,55,264,55,381249,224361,43936,64020,2.078263366556745,0.22199798183652875
3222,0.5104,34,213,34,381462,224148,43970,63986,2.076290340509096,0.22207028674158552
3223,0.5105,37,163,37,381625,223985,44007,63949,2.074780466115825,0.22209603589711532
3224,0.5106,24,124,24,381749,223861,44031,63925,2.0736318500129682,0.22212685815154315
3225,0.5107,22,173,22,381922,223688,44053,63903,2.072029345288821,0.22220097290944432
3226,0.5108,42,215,42,382137,223473,44095,63861,2.0700377931749974,0.22225354465534883
3227,0.5109,25,160,25,382297,223313,44120,63836,2.0685557078809884,0.2223096719821417
3228,0.511,22,115,22,382412,223198,44142,63814,2.0674904590759198,0.22233913564589633
3229,0.5111,36,164,36,382576,223034,44178,63778,2.065971321649561,0.22236865960977922
3230,0.5112,18,140,18,382716,222894,44196,63760,2.0646744970173034,0.22242843288424372
3231,0.5113,28,128,28,382844,222766,44224,63732,2.0634888287820963,0.22245181467235373
3232,0.5114,20,113,20,382957,222653,44244,63712,2.062442106043203,0.22248528975258847
3233,0.5115,35,167,35,383124,222486,44279,63677,2.060895179517581,0.22252003228928968
3234,0.5116,47,274,47,383398,222212,44326,63630,2.0583571084515913,0.22260549534358143
3235,0.5117,28,166,28,383564,222046,44354,63602,2.0568194449590576,0.22265865680837954
3236,0.5118,27,132,27,383696,221914,44381,63575,2.0555967245915,0.22268808955861696
3237,0.5119,36,212,36,383908,221702,44417,63539,2.053632961576939,0.22275549447660048
3238,0.512,17,124,17,384032,221578,44434,63522,2.052484345474082,0.2228060329708874
3239,0.5121,46,214,46,384246,221364,44480,63476,2.0505020563933454,0.22284791461873332
3240,0.5122,28,113,28,384359,221251,44508,63448,2.0494553336544516,0.2228599327711021
3241,0.5123,30,166,30,384525,221085,44538,63418,2.047917670161918,0.22290801854461992
3242,0.5124,40,218,40,384743,220867,44578,63378,2.045898328948831,0.22296962127741912
3243,0.5125,22,104,22,384847,220763,44600,63356,2.0449349735077256,0.22299107064293483
3244,0.5126,22,124,22,384971,220639,44622,63334,2.0437863574048687,0.2230282456430717
3245,0.5127,66,275,66,385246,220364,44688,63268,2.041239023305791,0.22306368815930502
3246,0.5128,44,253,44,385499,220111,44732,63224,2.03889547593464,0.22314221681048935
3247,0.5129,63,280,63,385779,219831,44795,63161,2.0363018266701247,0.22319005484253973
3248,0.513,19,95,19,385874,219736,44814,63142,2.035421838526807,0.22321283380114396
3249,0.5131,40,265,40,386139,219471,44854,63102,2.0329671347586054,0.22331220604941024
3250,0.5132,35,194,35,386333,219277,44889,63067,2.0311701063396197,0.2233693650298926
3251,0.5133,21,119,21,386452,219158,44910,63046,2.0300678054022008,0.22340576320675823
3252,0.5134,35,194,35,386646,218964,44945,63011,2.0282707769832156,0.22346307296746165
3253,0.5135,25,121,25,386767,218843,44970,62986,2.0271499499796213,0.22349013054015024
3254,0.5136,28,130,28,386897,218713,44998,62958,2.025945755678239,0.22351608791817404
3255,0.5137,38,161,38,387058,218552,45036,62920,2.024454407351143,0.22353910868576626
3256,0.5138,35,227,35,387285,218325,45071,62885,2.0223516988402683,0.22362291525905906
3257,0.5139,24,140,24,387425,218185,45095,62861,2.0210548742080108,0.22366801164222228
3258,0.514,34,219,34,387644,217966,45129,62827,2.019026269961836,0.22374845526775952
3259,0.5141,42,260,42,387904,217706,45171,62785,2.016617881359072,0.2238396240877604
3260,0.5142,57,324,57,388228,217382,45228,62728,2.0136166586387048,0.2239405947663418
3261,0.5143,22,148,22,388376,217234,45250,62706,2.0122457297417466,0.2239979995713367
3262,0.5144,24,157,24,388533,217077,45274,62682,2.0107914335470007,0.2240571348911027
3263,0.5145,39,213,39,388746,216864,45313,62643,2.0088184074993514,0.2241196106000923
3264,0.5146,40,241,40,388987,216623,45353,62603,2.006586016525251,0.22420190096910747
3265,0.5147,49,264,49,389251,216359,45402,62554,2.004140575790137,0.2242778213995045
3266,0.5148,41,306,41,389557,216053,45443,62513,2.0013060876653452,0.22441001414386536
3267,0.5149,31,138,31,389695,215915,45474,62482,2.0000277890992626,0.22443488974378314
3268,0.515,31,168,31,389863,215747,45505,62451,1.9984715995405535,0.22448400060388643
3269,0.5151,32,169,32,390032,215578,45537,62419,1.996906146948757,0.22453119997697818
3270,0.5152,52,282,52,390314,215296,45589,62367,1.9942939716180665,0.22461401050914237
3271,0.5153,38,166,38,390480,215130,45627,62329,1.9927563081255326,0.2246421993880177
3272,0.5154,36,137,36,390617,214993,45663,62293,1.9914872725925377,0.22465252482995895
3273,0.5155,49,258,49,390875,214735,45712,62244,1.9890974100559486,0.2247246181118424
3274,0.5156,32,172,32,391047,214563,45744,62212,1.9875041683648893,0.2247746364375395
3275,0.5157,51,298,51,391345,214265,45795,62161,1.9847437845047982,0.22487392647580184
3276,0.5158,47,253,47,391598,214012,45842,62114,1.982400237133647,0.22494803097136815
3277,0.5159,23,160,23,391758,213852,45865,62091,1.9809181518396384,0.2250138615583653
3278,0.516,33,208,33,391966,213644,45898,62058,1.9789914409574272,0.22509085897091788
3279,0.5161,32,178,32,392144,213466,45930,62026,1.9773426210678424,0.22514628373963672
3280,0.5162,24,171,24,392315,213295,45954,62002,1.9757586424098708,0.225218582113136
3281,0.5163,24,155,24,392470,213140,45978,61978,1.9743228722812998,0.2252778807638904
3282,0.5164,46,202,46,392672,212938,46024,61932,1.9724517395976138,0.22531378469822097
3283,0.5165,17,96,17,392768,212842,46041,61915,1.9715624884212086,0.22534457720822398
3284,0.5166,27,121,27,392889,212721,46068,61888,1.9704416614176146,0.22536770462730646
3285,0.5167,25,217,25,393106,212504,46093,61863,1.9684315832376154,0.22547536693552797
3286,0.5168,42,212,42,393318,212292,46135,61821,1.9664678202230539,0.22553107659979643
3287,0.5169,27,132,27,393450,212160,46162,61794,1.9652450998554967,0.22556341575592984
3288,0.517,22,128,22,393578,212032,46184,61772,1.9640594316202897,0.22560663832522534
3289,0.5171,30,108,30,393686,211924,46214,61742,1.963059024046834,0.22561078102504512
3290,0.5172,42,197,42,393883,211727,46256,61700,1.9612342065285857,0.22565437941388378
3291,0.5173,40,168,40,394051,211559,46296,61660,1.9596780169698766,0.22567976604848125
3292,0.5174,32,180,32,394231,211379,46328,61628,1.958010671014117,0.2257378015948309
3293,0.5175,31,183,31,394414,211196,46359,61597,1.9563155359590945,0.2258012485657623
3294,0.5176,29,199,29,394613,210997,46388,61568,1.954472192374671,0.22588373415515564
3295,0.5177,27,123,27,394736,210874,46415,61541,1.953332839304902,0.2259089991373456
3296,0.5178,21,83,21,394819,210791,46436,61520,1.952564007558635,0.22591815975116686
3297,0.5179,38,209,38,395028,210582,46474,61482,1.9506280336433361,0.2259835920959774
3298,0.518,9,99,9,395127,210483,46483,61473,1.9497109933676684,0.2260402418038212
3299,0.5181,42,224,42,395351,210259,46525,61431,1.947636073956056,0.22610696013839301
3300,0.5182,41,243,41,395594,210016,46566,61390,1.9453851569157805,0.22619249390212448
3301,0.5183,49,203,49,395797,209813,46615,61341,1.943504761199007,0.22622199930666706
3302,0.5184,30,141,30,395938,209672,46645,61311,1.9421986735336618,0.22625404545672606
3303,0.5185,47,252,47,396190,209420,46692,61264,1.9398643891955982,0.22633033352543927
3304,0.5186,26,163,26,396353,209257,46718,61238,1.938354514802327,0.22639235475701955
3305,0.5187,27,171,27,396524,209086,46745,61211,1.936770536144355,0.22645830327380623
3306,0.5188,20,187,20,396711,208899,46765,61191,1.9350383489569825,0.22655781406197933
3307,0.5189,16,106,16,396817,208793,46781,61175,1.9340564674497018,0.22660093048064955
3308,0.519,54,306,54,397123,208487,46835,61121,1.9312219793249101,0.22670321355449394
3309,0.5191,36,225,36,397348,208262,46871,61085,1.9291377968802104,0.22678923470467463
3310,0.5192,30,154,30,397502,208108,46901,61055,1.927711289784727,0.22683281134479852
3311,0.5193,50,186,50,397688,207922,46951,61005,1.925988365630442,0.2268459470413904
3312,0.5194,41,234,41,397922,207688,46992,60964,1.9238208158879544,0.22692553935946874
3313,0.5195,24,140,24,398062,207548,47016,60940,1.9225239912556968,0.22697476237299247
3314,0.5196,37,129,37,398191,207419,47053,60903,1.9213290599874022,0.22697728848174953
3315,0.5197,34,181,34,398372,207238,47087,60869,1.9196524509985549,0.22703249075928641
3316,0.5198,18,110,18,398482,207128,47105,60851,1.918633517358924,0.22707376324264214
3317,0.5199,51,199,51,398681,206929,47156,60800,1.9167901737745008,0.22709530906252218
3318,0.52,45,209,45,398890,206720,47201,60755,1.914854199859202,0.22714272361902982
3319,0.5201,27,139,27,399029,206581,47228,60728,1.9135666382600318,0.22718277349434549
3320,0.5202,32,140,32,399169,206441,47260,60696,1.9122698136277743,0.2272092596682601
3321,0.5203,18,124,18,399293,206317,47278,60678,1.9111211975249176,0.2272626828217757
3322,0.5204,20,90,20,399383,206227,47298,60658,1.9102875245470377,0.22728141334282556
3323,0.5205,29,131,29,399514,206096,47327,60629,1.9090740672125681,0.22730902615052956
3324,0.5206,12,146,12,399660,205950,47339,60617,1.9077216643817851,0.22739874027917933
3325,0.5207,45,183,45,399843,205767,47384,60572,1.9060265293267629,0.22742444779022222
3326,0.5208,18,146,18,399989,205621,47402,60554,1.90467412649598,0.2274969474969475
3327,0.5209,26,133,26,400122,205488,47428,60528,1.9034421430953352,0.2275351858534825
3328,0.521,45,212,45,400334,205276,47473,60483,1.9014783800807737,0.22758589549178015
3329,0.5211,22,107,22,400441,205169,47495,60461,1.9004872355404054,0.2276135978616873
3330,0.5212,38,164,38,400605,205005,47533,60423,1.8989680981140464,0.22764365477643655
3331,0.5213,37,196,37,400801,204809,47570,60386,1.8971525436288859,0.2277041422349592
3332,0.5214,60,238,60,401039,204571,47630,60326,1.894947941754048,0.22773379841976316
3333,0.5215,36,161,36,401200,204410,47666,60290,1.8934565934269518,0.22776728371741595
3334,0.5216,16,153,16,401353,204257,47682,60274,1.892039349364556,0.2278523122053748
3335,0.5217,30,160,30,401513,204097,47712,60244,1.8905572640705472,0.2279025955111012
3336,0.5218,38,142,38,401655,203955,47750,60206,1.8892419133721146,0.22791403727272383
3337,0.5219,30,171,30,401826,203784,47780,60176,1.887657934714143,0.22797393544476435
3338,0.522,37,218,37,402044,203566,47817,60139,1.885638593501056,0.22805407557687568
3339,0.5221,24,134,24,402178,203432,47841,60115,1.8843973470673236,0.22809973173665418
3340,0.5222,35,186,35,402364,203246,47876,60080,1.8826744229130385,0.2281582525082977
3341,0.5223,40,164,40,402528,203082,47916,60040,1.8811552854866798,0.2281831241781379
3342,0.5224,41,184,41,402712,202898,47957,59999,1.8794508873985698,0.22822245974659278
3343,0.5225,31,106,31,402818,202792,47988,59968,1.878469005891289,0.2282234738925255
3344,0.5226,25,130,25,402948,202662,48013,59943,1.877264811589907,0.22826298052207689
3345,0.5227,43,174,43,403122,202488,48056,59900,1.8756530438326726,0.22828787901885758
3346,0.5228,10,70,10,403192,202418,48066,59890,1.8750046315165438,0.22831938027052168
3347,0.5229,31,141,31,403333,202277,48097,59859,1.8736985438511986,0.2283509323404645
3348,0.523,38,177,38,403510,202100,48135,59821,1.8720589869947015,0.22839329416121654
3349,0.5231,21,100,21,403610,202000,48156,59800,1.871132683685946,0.22841864018334607
3350,0.5232,29,191,29,403801,201809,48185,59771,1.8693634443662233,0.22849988531233276
3351,0.5233,48,278,48,404079,201531,48233,59723,1.8667883211678833,0.22860128457363332
3352,0.5234,44,232,44,404311,201299,48277,59679,1.8646392974915706,0.22867444765459158
3353,0.5235,40,170,40,404481,201129,48317,59639,1.8630645818666864,0.22870520922812615
3354,0.5236,30,101,30,404582,201028,48347,59609,1.8621290155248436,0.22870505722518292
3355,0.5237,38,188,38,404770,200840,48385,59571,1.8603875653043833,0.2287576177657626
3356,0.5238,44,233,44,405003,200607,48429,59527,1.8582292785949832,0.22883206347497828
3357,0.5239,42,188,42,405191,200419,48471,59485,1.856487828374523,0.2288729684806698
3358,0.524,35,175,35,405366,200244,48506,59450,1.854866797584201,0.22892327123460687
3359,0.5241,72,265,72,405631,199979,48578,59378,1.8524120938159991,0.22894311701631342
3360,0.5242,29,131,29,405762,199848,48607,59349,1.8511986364815296,0.22897255755274945
3361,0.5243,32,159,32,405921,199689,48639,59317,1.8497258142206083,0.22901786059010215
3362,0.5244,50,243,50,406164,199446,48689,59267,1.8474748971803328,0.22908396562986785
3363,0.5245,21,155,21,406319,199291,48710,59246,1.8460391270517618,0.22915868908512127
3364,0.5246,27,147,27,406466,199144,48737,59219,1.8446774611878913,0.2292085166993726
3365,0.5247,37,166,37,406632,198978,48774,59182,1.8431397976953574,0.22924542919119925
3366,0.5248,21,71,21,406703,198907,48795,59161,1.842482122346141,0.22924578018196753
3367,0.5249,49,197,49,406900,198710,48844,59112,1.840657304827893,0.22927446067441878
3368,0.525,41,169,41,407069,198541,48885,59071,1.8390918522360962,0.22930220641895563
3369,0.5251,30,186,30,407255,198355,48915,59041,1.837368928081811,0.22937807891342524
3370,0.5252,26,122,26,407377,198233,48941,59015,1.8362388380451296,0.22940897499689017
3371,0.5253,15,85,15,407462,198148,48956,59000,1.8354514802326873,0.2294398556473315
3372,0.5254,42,205,42,407667,197943,48998,58958,1.8335525584497387,0.22949696575723721
3373,0.5255,16,139,16,407806,197804,49014,58942,1.8322649968505687,0.2295731968560367
3374,0.5256,25,106,25,407912,197698,49039,58917,1.831283115343288,0.22959297001344425
3375,0.5257,36,145,36,408057,197553,49075,58881,1.8299399755455927,0.2296146376845504
3376,0.5258,23,136,23,408193,197417,49098,58858,1.8286802030456852,0.22966734952687543
3377,0.5259,29,138,29,408331,197279,49127,58829,1.8274019044796028,0.22970387492776484
3378,0.526,25,133,25,408464,197146,49152,58804,1.8261699210789581,0.22974799765579215
3379,0.5261,44,243,44,408707,196903,49196,58760,1.8239190040386823,0.22983380465691164
3380,0.5262,38,205,38,408912,196698,49234,58722,1.8220200822557338,0.22990368804322292
3381,0.5263,48,173,48,409085,196525,49282,58674,1.820417577531587,0.2299146940230957
3382,0.5264,25,133,25,409218,196392,49307,58649,1.8191855941309423,0.22995910461455216
3383,0.5265,38,186,38,409404,196206,49345,58611,1.8174626699766572,0.2300121263494979
3384,0.5266,56,279,56,409683,195927,49401,58555,1.8148782837452295,0.23009485936136936
3385,0.5267,52,299,52,409982,195628,49453,58503,1.812108636852051,0.23020804230888794
3386,0.5268,18,167,18,410149,195461,49471,58485,1.8105617103264293,0.23030486796405536
3387,0.5269,49,196,49,410345,195265,49520,58436,1.8087461558412687,0.23033413348784593
3388,0.527,27,172,27,410517,195093,49547,58409,1.8071529141502094,0.23040843859220045
3389,0.5271,30,142,30,410659,194951,49577,58379,1.8058375634517767,0.23044645324280583
3390,0.5272,36,129,36,410788,194822,49613,58343,1.804642632183482,0.23045444670471826
3391,0.5273,26,166,26,410954,194656,49639,58317,1.8031049686909482,0.23052657793519465
3392,0.5274,23,109,23,411063,194547,49662,58294,1.8020952980844047,0.23055596204729453
3393,0.5275,26,112,26,411175,194435,49688,58268,1.8010578383785987,0.23057898006751007
3394,0.5276,46,190,46,411365,194245,49734,58222,1.7992978620919633,0.23061231764943538
3395,0.5277,22,148,22,411513,194097,49756,58200,1.7979269331950054,0.2306805074971165
3396,0.5278,41,143,41,411656,193954,49797,58159,1.796602319463485,0.23068623990036213
3397,0.5279,33,162,33,411818,193792,49830,58126,1.7951017081033014,0.2307338102080836
3398,0.528,37,127,37,411945,193665,49867,58089,1.793925302901182,0.23073714816845015
3399,0.5281,27,92,27,412037,193573,49894,58062,1.793073103857127,0.23073896715480754
3400,0.5282,43,188,43,412225,193385,49937,58019,1.7913316536366668,0.23077993985775883
3401,0.5283,20,145,20,412370,193240,49957,57999,1.7899885138389715,0.230851897993544
3402,0.5284,26,100,26,412470,193140,49983,57973,1.789062210530216,0.23086419261448032
3403,0.5285,35,144,35,412614,192996,50018,57938,1.7877283337656082,0.2308893972120159
3404,0.5286,28,147,28,412761,192849,50046,57910,1.7863666679017378,0.23093886959191892
3405,0.5287,26,141,26,412902,192708,50072,57884,1.7850605802363926,0.2309890180053633
3406,0.5288,21,169,21,413071,192539,50093,57863,1.783495127644596,0.23108042268033002
3407,0.5289,20,105,20,413176,192434,50113,57843,1.7825225091704027,0.2311159235566992
3408,0.529,25,143,25,413319,192291,50138,57818,1.7811978954388825,0.2311712093527222
3409,0.5291,32,142,32,413461,192149,50170,57786,1.7798825447404498,0.23120411306939803
3410,0.5292,53,255,53,413716,191894,50223,57733,1.7775204713031234,0.23127706538154927
3411,0.5293,21,87,21,413803,191807,50244,57712,1.7767145874245063,0.23129300774690503
3412,0.5294,71,293,71,414096,191514,50315,57641,1.7740005187298529,0.23134594930866328
3413,0.5295,37,155,37,414251,191359,50352,57604,1.772564748601282,0.23137574659688387
3414,0.5296,31,67,31,414318,191292,50383,57573,1.771944125384416,0.2313422940148273
3415,0.5297,32,177,32,414495,191115,50415,57541,1.7703045685279188,0.23140804967505307
3416,0.5298,30,195,30,414690,190920,50445,57511,1.7684982770758457,0.23149687438363167
3417,0.5299,56,241,56,414931,190679,50501,57455,1.766265886101745,0.23154827633456115
3418,0.53,12,128,12,415059,190551,50513,57443,1.7650802178665381,0.23163060396622498
3419,0.5301,13,115,13,415174,190436,50526,57430,1.7640149690614695,0.23169777218335713
3420,0.5302,16,106,16,415280,190330,50542,57414,1.7630330875541886,0.23174728752260398
3421,0.5303,32,189,32,415469,190141,50574,57382,1.761282374300641,0.23182492132044294
3422,0.5304,67,261,67,415730,189880,50641,57315,1.7588647226647893,0.23186148587147798
3423,0.5305,20,82,20,415812,189798,50661,57295,1.75810515395161,0.23187625711776538
3424,0.5306,30,131,30,415943,189667,50691,57265,1.7568916966171404,0.2319059498161437
3425,0.5307,44,225,44,416168,189442,50735,57221,1.7548075141724406,0.23198047538544492
3426,0.5308,31,129,31,416297,189313,50766,57190,1.7536125829041462,0.23200528999647063
3427,0.5309,46,199,46,416496,189114,50812,57144,1.7517692393197228,0.23204931413395707
3428,0.531,24,142,24,416638,188972,50836,57120,1.7504538886212901,0.23210831721470018
3429,0.5311,24,115,24,416753,188857,50860,57096,1.7493886398162215,0.232141913292377
3430,0.5312,25,112,25,416865,188745,50885,57071,1.7483511801104155,0.23216959026263548
3431,0.5313,32,151,32,417016,188594,50917,57039,1.7469524621141947,0.23221228418005724
3432,0.5314,23,129,23,417145,188465,50940,57016,1.7457575308459001,0.2322623746848025
3433,0.5315,45,188,45,417333,188277,50985,56971,1.74401608062544,0.2322995498434238
3434,0.5316,16,125,16,417458,188152,51001,56955,1.7428582014894958,0.23236790462940674
3435,0.5317,39,171,39,417629,187981,51040,56916,1.7412742228315239,0.2324079102643152
3436,0.5318,27,153,27,417782,187828,51067,56889,1.7398569787691283,0.2324685248675
3437,0.5319,48,271,48,418053,187557,51115,56841,1.737346696802401,0.232575552991432
3438,0.532,42,215,42,418268,187342,51157,56799,1.7353551446885769,0.23264834665213954
3439,0.5321,49,219,49,418487,187123,51206,56750,1.7333265404424025,0.2327030872626326
3440,0.5322,24,125,24,418612,186998,51230,56726,1.7321686613064582,0.23274687761566362
3441,0.5323,62,263,62,418875,186735,51292,56664,1.7297324836044314,0.23280292852476797
3442,0.5324,18,94,18,418969,186641,51310,56646,1.7288617584942014,0.2328361153699129
3443,0.5325,31,178,31,419147,186463,51341,56615,1.7272129386046167,0.23290877825224826
3444,0.5326,58,240,58,419387,186223,51399,56557,1.7249898106636037,0.23295576241865062
3445,0.5327,45,174,45,419561,186049,51444,56512,1.7233780429063692,0.23298056983604123
3446,0.5328,42,217,42,419778,185832,51486,56470,1.72136796472637,0.23305626862345338
3447,0.5329,40,104,40,419882,185728,51526,56430,1.7204046092852643,0.23302967484039347
3448,0.533,48,198,48,420080,185530,51574,56382,1.7185705287339286,0.23306822315552764
3449,0.5331,27,143,27,420223,185387,51601,56355,1.7172459150024084,0.2331204341818964
3450,0.5332,32,111,32,420334,185276,51633,56323,1.7162177183296898,0.2331259649253515
3451,0.5333,42,193,42,420527,185083,51675,56281,1.7144299529437919,0.23317893306375434
3452,0.5334,19,110,19,420637,184973,51694,56262,1.713411019304161,0.23322486372209672
3453,0.5335,13,58,13,420695,184915,51707,56249,1.7128737633850828,0.23323962117065566
3454,0.5336,28,125,28,420820,184790,51735,56221,1.7117158842491385,0.23327151042898456
3455,0.5337,24,132,24,420952,184658,51759,56197,1.7104931638815815,0.23332295364430883
3456,0.5338,13,65,13,421017,184593,51772,56184,1.7098910667308904,0.23334454702899363
3457,0.5339,19,92,19,421109,184501,51791,56165,1.7090388676868353,0.23337322264050592
3458,0.534,22,133,22,421242,184368,51813,56143,1.7078068842861907,0.23343215071244142
3459,0.5341,21,141,21,421383,184227,51834,56122,1.7065007966208456,0.2335021156734582
3460,0.5342,18,79,18,421462,184148,51852,56104,1.7057690170069288,0.2335214691240864
3461,0.5343,42,171,42,421633,183977,51894,56062,1.704185038348957,0.2335537141881111
3462,0.5344,29,149,29,421782,183828,51923,56033,1.7028048464189114,0.23360613021708407
3463,0.5345,41,176,41,421958,183652,51964,55992,1.7011745525955018,0.23364657575403516
3464,0.5346,10,101,10,422059,183551,51974,55982,1.7002389862536589,0.2337131000738938
3465,0.5347,32,128,32,422187,183423,52006,55950,1.699053318018452,0.2337356343447256
3466,0.5348,40,251,40,422438,183172,52046,55910,1.6967282967134758,0.23385282037125338
3467,0.5349,38,181,38,422619,182991,52084,55872,1.6950516877246284,0.23390813981236105
3468,0.535,50,168,50,422787,182823,52134,55822,1.6934954981659194,0.2339122965073645
3469,0.5351,26,84,26,422871,182739,52160,55796,1.6927174033865648,0.23391116607625714
3470,0.5352,36,183,36,423054,182556,52196,55760,1.6910222683315426,0.2339750583259202
3471,0.5353,59,250,59,423304,182306,52255,55701,1.6887065100596539,0.23403093186334856
3472,0.5354,45,130,45,423434,182176,52300,55656,1.6875023157582718,0.23401392579636046
3473,0.5355,69,379,69,423813,181797,52369,55587,1.683991626218089,0.2341648973814579
3474,0.5356,21,96,21,423909,181701,52390,55566,1.6831023750416836,0.2341918598035125
3475,0.5357,25,119,25,424028,181582,52415,55541,1.6820000741042647,0.23422864926641448
3476,0.5358,26,125,26,424153,181457,52441,55515,1.6808421949683203,0.23426818358287055
3477,0.5359,23,90,23,424243,181367,52464,55492,1.6800085219904406,0.23428284337939448
3478,0.536,33,184,33,424427,181183,52497,55459,1.6783041239023306,0.23435822888582752
3479,0.5361,27,221,27,424648,180962,52524,55432,1.6762569935899811,0.23448987706963798
3480,0.5362,35,143,35,424791,180819,52559,55397,1.6749323798584608,0.23451840688183695
3481,0.5363,17,84,17,424875,180735,52576,55380,1.6741542850791062,0.23454672511276284
3482,0.5364,28,143,28,425018,180592,52604,55352,1.672829671347586,0.23459804021293187
3483,0.5365,36,158,36,425176,180434,52640,55316,1.6713661121197525,0.23463838812301166
3484,0.5366,24,137,24,425313,180297,52664,55292,1.6700970765867575,0.23469686615249438
3485,0.5367,22,96,22,425409,180201,52686,55270,1.6692078254103524,0.23472104845182634
3486,0.5368,17,58,17,425467,180143,52703,55253,1.6686705694912742,0.2347236146748458
3487,0.5369,32,122,32,425589,180021,52735,55221,1.6675404794545927,0.23474124518580866
3488,0.537,30,132,30,425721,179889,52765,55191,1.6663177590870355,0.2347753956100051
3489,0.5371,18,125,18,425846,179764,52783,55173,1.6651598799510912,0.23484168096127897
3490,0.5372,28,175,28,426021,179589,52811,55145,1.6635388491607692,0.23492549012925268
3491,0.5373,23,116,23,426137,179473,52834,55122,1.662464337322613,0.2349666446428952
3492,0.5374,21,138,21,426275,179335,52855,55101,1.6611860387565305,0.23503642785237763
3493,0.5375,21,126,21,426401,179209,52876,55080,1.6600188965874987,0.2350942639219084
3494,0.5376,32,181,32,426582,179028,52908,55048,1.6583422875986513,0.23517148276628103
3495,0.5377,31,194,31,426776,178834,52939,55017,1.6565452591796659,0.23526519022796566
3496,0.5378,37,143,37,426919,178691,52976,54980,1.6552206454481455,0.23528807597006046
3497,0.5379,30,245,30,427164,178446,53006,54950,1.6529512023416948,0.2354367684107697
3498,0.538,23,120,23,427284,178326,53029,54927,1.6518396383711882,0.23548250183277386
3499,0.5381,44,213,44,427497,178113,53073,54883,1.6498666123235393,0.2355534000583701
3500,0.5382,34,142,34,427639,177971,53107,54849,1.6485512616251066,0.23558543080491368
3501,0.5383,20,124,20,427763,177847,53127,54829,1.64740264552225,0.23564527497464285
3502,0.5384,35,116,35,427879,177731,53162,54794,1.6463281336840936,0.23564777980862273
3503,0.5385,24,142,24,428021,177589,53186,54770,1.645012782985661,0.23571284090566752
3504,0.5386,38,202,38,428223,177387,53224,54732,1.643141650301975,0.23579284763418765
3505,0.5387,26,132,26,428355,177255,53250,54706,1.6419189299344177,0.23584136988545487
3506,0.5388,30,105,30,428460,177150,53280,54676,1.6409463114602245,0.23584930076867996
3507,0.5389,25,120,25,428580,177030,53305,54651,1.6398347474897181,0.23588900255092132
3508,0.539,25,112,25,428692,176918,53330,54626,1.6387972877839119,0.2359206025636596
3509,0.5391,24,104,24,428796,176814,53354,54602,1.6378339323428064,0.23594738479621116
3510,0.5392,22,83,22,428879,176731,53376,54580,1.6370651005965393,0.23595937936371378
3511,0.5393,24,128,24,429007,176603,53400,54556,1.6358794323613324,0.2360107112420455
3512,0.5394,43,207,43,429214,176396,53443,54513,1.6339619845122086,0.23608001420473002
3513,0.5395,28,158,28,429372,176238,53471,54485,1.632498425284375,0.23614897517802733
3514,0.5396,15,109,15,429481,176129,53486,54470,1.6314887546778316,0.23621091158244398
3515,0.5397,36,153,36,429634,175976,53522,54434,1.630071510615436,0.2362484267175904
3516,0.5398,52,218,52,429852,175758,53574,54382,1.628052169402349,0.2362996436951421
3517,0.5399,38,118,38,429970,175640,53612,54344,1.6269591314980176,0.236294698761653
3518,0.54,26,124,26,430094,175516,53638,54318,1.625810515395161,0.23633579017899875
3519,0.5401,45,181,45,430275,175335,53683,54273,1.6241339064063136,0.2363724260478729
3520,0.5402,41,138,41,430413,175197,53724,54232,1.6228556078402312,0.23637813877060004
3521,0.5403,34,176,34,430589,175021,53758,54198,1.6212253140168216,0.23644636788398868
3522,0.5404,27,106,27,430695,174915,53785,54171,1.620243432509541,0.23646578140960164
3523,0.5405,31,136,31,430831,174779,53816,54140,1.6189836600096335,0.23650286782661115
3524,0.5406,17,89,17,430920,174690,53833,54123,1.6181592500648412,0.23653813375988253
3525,0.5407,30,165,30,431085,174525,53863,54093,1.6166308496053947,0.2366086659843057
3526,0.5408,19,126,19,431211,174399,53882,54074,1.615463707436363,0.23667566845973048
3527,0.5409,18,87,18,431298,174312,53900,54056,1.6146578235577458,0.23670566804455967
3528,0.541,48,244,48,431542,174068,53948,54008,1.6123976434843825,0.23679826022904646
3529,0.5411,21,93,21,431635,173975,53969,53987,1.61153618140724,0.23682455847904477
3530,0.5412,31,111,31,431746,173864,54000,53956,1.6105079847345214,0.23683609867439206
3531,0.5413,44,199,44,431945,173665,54044,53912,1.6086646411500982,0.2368956441116633
3532,0.5414,36,266,36,432211,173399,54080,53876,1.6062006743488089,0.2370520294797052
3533,0.5415,35,133,35,432344,173266,54115,53841,1.604968690948164,0.23707327383127777
3534,0.5416,26,144,26,432488,173122,54141,53815,1.6036348141835564,0.2371362977390201
3535,0.5417,15,76,15,432564,173046,54156,53800,1.6029308236689022,0.23716530157022825
3536,0.5418,61,320,61,432884,172726,54217,53739,1.5999666530808847,0.23729494623893316
3537,0.5419,10,88,10,432972,172638,54227,53729,1.5991515061691801,0.23735350117287413
3538,0.542,41,274,41,433246,172364,54268,53688,1.5966134351031902,0.23750287544458798
3539,0.5421,24,143,24,433389,172221,54292,53664,1.5952888213716698,0.23757221595059433
3540,0.5422,26,112,26,433501,172109,54318,53638,1.5942513616658638,0.23760227156950037
3541,0.5423,30,165,30,433666,171944,54348,53608,1.5927229612064173,0.23767468255657231
3542,0.5424,24,145,24,433811,171799,54372,53584,1.591379821408722,0.2377464138821473
3543,0.5425,26,108,26,433919,171691,54398,53558,1.5903794138352663,0.23777242074326635
3544,0.5426,15,77,15,433996,171614,54413,53543,1.5896661602875246,0.23780295527121076
3545,0.5427,45,262,45,434258,171352,54458,53498,1.5872392456185853,0.23792750722704026
3546,0.5428,39,142,39,434400,171210,54497,53459,1.5859238949201526,0.23794559997151365
3547,0.5429,47,209,47,434609,171001,54544,53412,1.5839879210048537,0.2380076020551394
3548,0.543,17,97,17,434706,170904,54561,53395,1.5830894067953611,0.23805277776539352
3549,0.5431,36,184,36,434890,170720,54597,53359,1.5813850087072512,0.23812583954765953
3550,0.5432,29,125,29,435015,170595,54626,53330,1.5802271295713068,0.23816009824718098
3551,0.5433,28,122,28,435137,170473,54654,53302,1.5790970395346253,0.23819461512680148
3552,0.5434,31,122,31,435259,170351,54685,53271,1.5779669494979436,0.23821895877865326
3553,0.5435,20,91,20,435350,170260,54705,53251,1.5771240134869762,0.23824778198835853
3554,0.5436,44,146,44,435496,170114,54749,53207,1.5757716106561932,0.23825345578785695
3555,0.5437,25,133,25,435629,169981,54774,53182,1.5745396272555485,0.23831011413182293
3556,0.5438,34,145,34,435774,169836,54808,53148,1.5731964874578532,0.2383489398342482
3557,0.5439,48,212,48,435986,169624,54856,53100,1.5712327244432918,0.23841166645713976
3558,0.544,33,148,33,436134,169476,54889,53067,1.5698617955463336,0.23845728690635068
3559,0.5441,32,130,32,436264,169346,54921,53035,1.5686576012449516,0.23848710096635953
3560,0.5442,51,198,51,436462,169148,54972,52984,1.5668235206936159,0.2385248410854807
3561,0.5443,28,141,28,436603,169007,55000,52956,1.5655174330282708,0.23858030392452798
3562,0.5444,11,57,11,436660,168950,55011,52945,1.5649894401422801,0.23860384416052638
3563,0.5445,50,221,50,436881,168729,55061,52895,1.5629423098299307,0.23866999963902827
3564,0.5446,27,136,27,437017,168593,55088,52868,1.5616825373300234,0.23872374819945724
3565,0.5447,22,88,22,437105,168505,55110,52846,1.5608673904183186,0.23874299189974293
3566,0.5448,24,132,24,437237,168373,55134,52822,1.5596446700507614,0.2388028662492371
3567,0.5449,19,86,19,437323,168287,55153,52803,1.5588480492052317,0.23883034058528202
3568,0.545,20,103,20,437426,168184,55173,52783,1.5578939567972137,0.2388727728574855
3569,0.5451,33,169,33,437595,168015,55206,52750,1.5563285042054171,0.23894186125518085
3570,0.5452,27,165,27,437760,167850,55233,52723,1.5548001037459707,0.23902744216200533
3571,0.5453,23,100,23,437860,167750,55256,52700,1.5538738004372152,0.2390564753912452
3572,0.5454,21,87,21,437947,167663,55277,52679,1.5530679165585979,0.2390783418503962
3573,0.5455,27,157,27,438104,167506,55304,52652,1.551613620363852,0.2391555155842622
3574,0.5456,17,93,17,438197,167413,55321,52635,1.5507521582867094,0.23919781138660656
3575,0.5457,23,115,23,438312,167298,55344,52612,1.5496869094816406,0.23924332681551544
3576,0.5458,19,124,19,438436,167174,55363,52593,1.548538293378784,0.23931254464956067
3577,0.5459,14,63,14,438499,167111,55377,52579,1.547954722294268,0.23933269607173746
3578,0.546,37,123,37,438622,166988,55414,52542,1.5468153692244988,0.2393385869812782
3579,0.5461,17,112,17,438734,166876,55431,52525,1.5457779095186928,0.23940182588046544
3580,0.5462,34,142,34,438876,166734,55465,52491,1.54446255882026,0.23943893260348956
3581,0.5463,27,93,27,438969,166641,55492,52464,1.5436010967431175,0.23944684055589785
3582,0.5464,27,100,27,439069,166541,55519,52437,1.542674793434362,0.23946241174912547
3583,0.5465,45,218,45,439287,166323,55564,52392,1.5406554522212754,0.23954461285234208
3584,0.5466,32,168,32,439455,166155,55596,52360,1.5390992626625661,0.23961741756858798
3585,0.5467,36,192,36,439647,165963,55632,52324,1.5373207603097558,0.2397027766197712
3586,0.5468,39,166,39,439813,165797,55671,52285,1.535783096817222,0.2397492686237287
3587,0.5469,59,250,59,440063,165547,55730,52226,1.5334673385453332,0.2398185266309414
3588,0.547,33,187,33,440250,165360,55763,52193,1.5317351513579607,0.23990935542143754
3589,0.5471,17,90,17,440340,165270,55780,52176,1.5309014783800807,0.23994922877404046
3590,0.5472,32,147,32,440487,165123,55812,52144,1.5295398125162103,0.2399996317894572
3591,0.5473,30,106,30,440593,165017,55842,52114,1.5285579310089297,0.2400117901174867
3592,0.5474,17,71,17,440664,164946,55859,52097,1.5279002556597132,0.24003077731140834
3593,0.5475,44,186,44,440850,164760,55903,52053,1.5261773315054281,0.24008246737972355
3594,0.5476,19,84,19,440934,164676,55922,52034,1.5253992367260736,0.24010890129666373
3595,0.5477,20,101,20,441035,164575,55942,52014,1.5244636703842307,0.2401507001740624
3596,0.5478,23,125,23,441160,164450,55965,51991,1.5233057912482864,0.24020864808423542
3597,0.5479,29,126,29,441286,164324,55994,51962,1.5221386490792546,0.2402467103742267
3598,0.548,25,113,25,441399,164211,56019,51937,1.5210919263403608,0.2402844347391602
3599,0.5481,8,61,8,441460,164150,56027,51929,1.52052688132202,0.24032414070779667
3600,0.5482,33,98,33,441558,164052,56060,51896,1.5196191040794398,0.24031711337914682
3601,0.5483,23,87,23,441645,163965,56083,51873,1.5188132202008227,0.2403330275484391
3602,0.5484,59,186,59,441831,163779,56142,51814,1.5170902960465376,0.2403324783272184
3603,0.5485,24,140,24,441971,163639,56166,51790,1.51579347141428,0.2404040310264635
3604,0.5486,25,149,25,442120,163490,56191,51765,1.5144132794842342,0.24048221876379178
3605,0.5487,47,185,47,442305,163305,56238,51718,1.5126996183630368,0.2405231068304321
3606,0.5488,26,103,26,442408,163202,56264,51692,1.5117455259550188,0.24054650199633307
3607,0.5489,58,246,58,442654,162956,56322,51634,1.5094668198154804,0.24061699054009972
3608,0.549,15,133,15,442787,162823,56337,51619,1.5082348364148357,0.24071310657427183
3609,0.5491,33,163,33,442950,162660,56370,51586,1.5067249620215644,0.24077929109528298
3610,0.5492,28,132,28,443082,162528,56398,51558,1.5055022416540071,0.2408284521173734
3611,0.5493,29,111,29,443193,162417,56427,51529,1.5044740449812888,0.24085049498471578
3612,0.5494,29,152,29,443345,162265,56456,51500,1.5030660639519804,0.2409187659345543
3613,0.5495,61,270,61,443615,161995,56517,51439,1.5005650450183408,0.24100658751651566
3614,0.5496,11,71,11,443686,161924,56528,51428,1.4999073696691245,0.24104765832989614
3615,0.5497,34,183,34,443869,161741,56562,51394,1.498212234614102,0.2411335538508457
3616,0.5498,16,68,16,443937,161673,56578,51378,1.4975823483641484,0.24115352662038667
3617,0.5499,29,153,29,444090,161520,56607,51349,1.4961651043017525,0.24122347547082948
3618,0.55,48,199,48,444289,161321,56655,51301,1.4943217607173294,0.2412779486600634
3619,0.5501,15,82,15,444371,161239,56670,51286,1.4935621920041497,0.24131749205975767
3620,0.5502,8,72,8,444443,161167,56678,51278,1.4928952536218458,0.24137070771258443
3621,0.5503,18,115,18,444558,161052,56696,51260,1.4918300048167772,0.24143713026112515
3622,0.5504,18,73,18,444631,160979,56714,51242,1.4911538034013858,0.2414558408451567
3623,0.5505,14,53,14,444684,160926,56728,51228,1.4906628626477454,0.24146610481065642
3624,0.5506,15,56,15,444740,160870,56743,51213,1.4901441327948424,0.24147621450092652
3625,0.5507,11,75,11,444815,160795,56754,51202,1.4894494053132759,0.24152228569272208
3626,0.5508,21,111,21,444926,160684,56775,51181,1.4884212086405573,0.24157364359379793
3627,0.5509,20,129,20,445055,160555,56795,51161,1.4872262773722629,0.24164919042490884
3628,0.551,10,78,10,445133,160477,56805,51151,1.4865037607914335,0.24170242122970495
3629,0.5511,27,136,27,445269,160341,56832,51124,1.4852439882915263,0.241761047927553
3630,0.5512,11,48,11,445317,160293,56843,51113,1.4847993627033236,0.24177648694928242
3631,0.5513,27,160,27,445477,160133,56870,51086,1.4833172774093148,0.24186271121442673
3632,0.5514,21,113,21,445590,160020,56891,51065,1.4822705546704213,0.24191676338915602
3633,0.5515,25,159,25,445749,159861,56916,51040,1.4807977324095,0.2420092839768422
3634,0.5516,29,111,29,445860,159750,56945,51011,1.4797695357367817,0.24203244433268015
3635,0.5517,24,98,24,445958,159652,56969,50987,1.4788617584942014,0.24205868808720132
3636,0.5518,17,92,17,446050,159560,56986,50970,1.4780095594501463,0.24210326319289413
3637,0.5519,39,207,39,446257,159353,57025,50931,1.4760921116010226,0.24220102337790797
3638,0.552,27,129,27,446386,159224,57052,50904,1.4748971803327282,0.24225234142998553
3639,0.5521,43,190,43,446576,159034,57095,50861,1.4731372040460928,0.24231639629338478
3640,0.5522,32,172,32,446748,158862,57127,50829,1.4715439623550335,0.24239953073808604
3641,0.5523,16,88,16,446836,158774,57143,50813,1.4707288154433287,0.24244347216191844
3642,0.5524,27,121,27,446957,158653,57170,50786,1.4696079884397346,0.24248587894327225
3643,0.5525,19,93,19,447050,158560,57189,50767,1.468746526362592,0.24252485345894223
3644,0.5526,28,135,28,447185,158425,57217,50739,1.4674960168957722,0.24257998508347517
3645,0.5527,31,129,31,447314,158296,57248,50708,1.4663010856274779,0.24261736617481006
3646,0.5528,36,120,36,447434,158176,57284,50672,1.4651895216569712,0.2426262161955106
3647,0.5529,30,152,30,447586,158024,57314,50642,1.463781540627663,0.2426940661152272
3648,0.553,28,117,28,447703,157907,57342,50614,1.4626977657564193,0.24272855012205005
3649,0.5531,10,67,10,447770,157840,57352,50604,1.4620771425395531,0.2427702404482739
3650,0.5532,21,156,21,447926,157684,57373,50583,1.4606321093778947,0.24287573163295192
3651,0.5533,29,151,29,448077,157533,57402,50554,1.459233391381674,0.24294645989417887
3652,0.5534,35,106,35,448183,157427,57437,50519,1.4582515098743933,0.24294287940138304
3653,0.5535,34,180,34,448363,157247,57471,50485,1.4565841639186334,0.2430294802919146
3654,0.5536,18,94,18,448457,157153,57489,50467,1.4557134388084034,0.24307388498217897
3655,0.5537,14,77,14,448534,157076,57503,50453,1.4550001852606618,0.24311301071175595
3656,0.5538,12,78,12,448612,156998,57515,50441,1.4542776686798324,0.24316063999537213
3657,0.5539,36,165,36,448777,156833,57551,50405,1.4527492682203862,0.24322276802516912
3658,0.554,36,167,36,448944,156666,57587,50369,1.4512023416947646,0.24328736687033595
3659,0.5541,33,115,33,449059,156551,57620,50336,1.4501370928896957,0.243301899104342
3660,0.5542,21,122,21,449181,156429,57641,50315,1.4490070028530142,0.24336861045544247
3661,0.5543,25,125,25,449306,156304,57666,50290,1.4478491237170699,0.24342430080254024
3662,0.5544,13,79,13,449385,156225,57679,50277,1.447117344103153,0.24346979690269344
3663,0.5545,30,150,30,449535,156075,57709,50247,1.44572788914002,0.24353680169831624
3664,0.5546,7,62,7,449597,156013,57716,50240,1.4451535810885916,0.24358433574299526
3665,0.5547,43,164,43,449761,155849,57759,50197,1.4436344436622328,0.24362035661939566
3666,0.5548,42,150,42,449911,155699,57801,50155,1.4422449886990996,0.24364355319789754
3667,0.5549,22,74,22,449985,155625,57823,50133,1.4415595242506207,0.2436503076429592
3668,0.555,18,125,18,450110,155500,57841,50115,1.4404016451146764,0.24373221798020572
3669,0.5551,43,176,43,450286,155324,57884,50072,1.4387713512912668,0.243782741630801
3670,0.5552,21,89,21,450375,155235,57905,50051,1.4379469413464745,0.2438110733318395
3671,0.5553,12,64,12,450439,155171,57917,50039,1.437354107228871,0.24384289264655717
3672,0.5554,12,99,12,450538,155072,57929,50027,1.4364370669532032,0.2439163525907001
3673,0.5555,43,150,43,450688,154922,57972,49984,1.4350476119900701,0.24393624393624394
3674,0.5556,12,59,12,450747,154863,57984,49972,1.4345010930379043,0.2439622134889057
3675,0.5557,22,123,22,450870,154740,58006,49950,1.433361739968135,0.24402755386193756
3676,0.5558,14,48,14,450918,154692,58020,49936,1.4329171143799326,0.24403307465254023
3677,0.5559,21,69,21,450987,154623,58041,49915,1.4322779650968913,0.2440377827103032
3678,0.556,15,74,15,451061,154549,58056,49900,1.4315925006484123,0.24407064842576878
3679,0.5561,20,104,20,451165,154445,58076,49880,1.4306291452073068,0.24412088584363148
3680,0.5562,34,147,34,451312,154298,58110,49846,1.4292674793434361,0.24417078140920134
3681,0.5563,16,101,16,451413,154197,58126,49830,1.4283319130015932,0.24423238100839595
3682,0.5564,9,43,9,451456,154154,58135,49821,1.4279336025788285,0.24425052089716878
3683,0.5565,8,44,8,451500,154110,58143,49813,1.427526029122976,0.2442735738489528
3684,0.5566,10,65,10,451565,154045,58153,49803,1.426923931972285,0.2443143911149484
3685,0.5567,16,92,16,451657,153953,58169,49787,1.42607173292823,0.24436536762540492
3686,0.5568,23,114,23,451771,153839,58192,49764,1.4250157471562488,0.24441683079325943
3687,0.5569,14,51,14,451822,153788,58206,49750,1.4245433324687835,0.2444261022511767
3688,0.557,20,82,20,451904,153706,58226,49730,1.4237837637556041,0.2444503431054484
3689,0.5571,12,65,12,451969,153641,58238,49718,1.423181666604913,0.24448389301678314
3690,0.5572,26,161,26,452130,153480,58264,49692,1.421690318277817,0.2445809461933731
3691,0.5573,26,124,26,452254,153356,58290,49666,1.4205417021749602,0.24463358650786615
3692,0.5574,34,105,34,452359,153251,58324,49632,1.419569083700767,0.24463360656141717
3693,0.5575,22,122,22,452481,153129,58346,49610,1.4184389936640853,0.24469884925939261
3694,0.5576,23,129,23,452610,153000,58369,49587,1.417244062395791,0.24476891409616608
3695,0.5577,23,95,23,452705,152905,58392,49564,1.4163640742524732,0.24479796907180854
3696,0.5578,15,99,15,452804,152806,58407,49549,1.4154470339768053,0.24486175286007264
3697,0.5579,19,78,19,452882,152728,58426,49530,1.4147245173959762,0.2448852455774308
3698,0.558,37,160,37,453042,152568,58463,49493,1.4132424321019674,0.24494088418843815
3699,0.5581,34,173,34,453215,152395,58497,49459,1.4116399273778206,0.2450236309411753
3700,0.5582,9,76,9,453291,152319,58506,49450,1.4109359368631664,0.24508224752067959
3701,0.5583,16,71,16,453362,152248,58522,49434,1.4102782615139502,0.24510863636814392
3702,0.5584,21,112,21,453474,152136,58543,49413,1.4092408018081442,0.24516618787490882
3703,0.5585,9,50,9,453524,152086,58552,49404,1.4087776501537663,0.24519330984167947
3704,0.5586,16,81,16,453605,152005,58568,49388,1.4080273444736744,0.24523195940275977
3705,0.5587,15,84,15,453689,151921,58583,49373,1.4072492496943199,0.24527805100996553
3706,0.5588,24,108,24,453797,151813,58607,49349,1.406248842120864,0.24531969258607492
3707,0.5589,19,76,19,453873,151737,58626,49330,1.40554485160621,0.24534110520373806
3708,0.559,30,135,30,454008,151602,58656,49300,1.40429434213939,0.24539327632377975
3709,0.5591,22,106,22,454114,151496,58678,49278,1.4033124606321095,0.2454401466325321
3710,0.5592,8,56,8,454170,151440,58686,49270,1.4027937307792064,0.24547855114344078
3711,0.5593,24,107,24,454277,151333,58710,49246,1.4018025862388381,0.24551922185273634
3712,0.5594,24,97,24,454374,151236,58734,49222,1.4009040720293453,0.24554769577667143
3713,0.5595,19,57,19,454431,151179,58753,49203,1.4003760791433546,0.2455460071263886
3714,0.5596,15,65,15,454496,151114,58768,49188,1.3997739819926638,0.2455691905223113
3715,0.5597,30,140,30,454636,150974,58798,49158,1.398477157360406,0.24562788559550697
3716,0.5598,35,190,35,454826,150784,58833,49123,1.3967171810737709,0.24572926410781012
3717,0.5599,31,150,31,454976,150634,58864,49092,1.3953277261106376,0.2457967415359042
3718,0.56,20,107,20,455083,150527,58884,49072,1.3943365815702693,0.24585293513494558
3719,0.5601,12,44,12,455127,150483,58896,49060,1.393929008114417,0.2458617941997464
3720,0.5602,19,131,19,455258,150352,58915,49041,1.3927155507799474,0.2459514626892619
3721,0.5603,24,100,24,455358,150252,58939,49017,1.391789247471192,0.24598407178236453
3722,0.5604,23,111,23,455469,150141,58962,48994,1.3907610507984733,0.24603409747156452
3723,0.5605,30,105,30,455574,150036,58992,48964,1.3897884323242802,0.2460502512562814
3724,0.5606,10,30,10,455604,150006,59002,48954,1.3895105413316535,0.24604945717732207
3725,0.5607,30,113,30,455717,149893,59032,48924,1.38846381859276,0.24607553680017302
3726,0.5608,20,84,20,455801,149809,59052,48904,1.3876857238134055,0.24610367716254095
3727,0.5609,11,55,11,455856,149754,59063,48893,1.38717625699359,0.2461300699230293
3728,0.561,19,76,19,455932,149678,59082,48874,1.386472266478936,0.24615214150449252
3729,0.5611,9,46,9,455978,149632,59091,48865,1.3860461669569084,0.246175005163806
3730,0.5612,19,83,19,456061,149549,59110,48846,1.3852773352106413,0.24620580155749894
3731,0.5613,11,41,11,456102,149508,59121,48835,1.3848975508540518,0.246214890366688
3732,0.5614,25,75,25,456177,149433,59146,48810,1.384202823372485,0.24621298103842254
3733,0.5615,14,61,14,456238,149372,59160,48796,1.3836377783541443,0.24623551733882362
3734,0.5616,31,129,31,456367,149243,59191,48765,1.3824428470858499,0.2462779281645186
3735,0.5617,17,63,17,456430,149180,59208,48748,1.381859276001334,0.24629158077684815
3736,0.5618,21,94,21,456524,149086,59229,48727,1.3809885508911037,0.24632860327683215
3737,0.5619,20,63,20,456587,149023,59249,48707,1.3804049798065878,0.24633085520659484
3738,0.562,33,108,33,456695,148915,59282,48674,1.379404572233132,0.24633962416936164
3739,0.5621,24,78,24,456773,148837,59306,48650,1.3786820556523027,0.2463453290596343
3740,0.5622,24,128,24,456901,148709,59330,48626,1.3774963874170958,0.24641345934578254
3741,0.5623,38,121,38,457022,148588,59368,48588,1.3763755604135017,0.24641944252850245
3742,0.5624,50,149,50,457171,148439,59418,48538,1.3749953684834562,0.24641455601415393
3743,0.5625,17,63,17,457234,148376,59435,48521,1.3744117973989403,0.24642833562725688
3744,0.5626,38,205,38,457439,148171,59473,48483,1.3725128756159917,0.24653960763574603
3745,0.5627,25,147,25,457586,148024,59498,48458,1.3711512097521212,0.24662818985963092
3746,0.5628,13,56,13,457642,147968,59511,48445,1.3706324798992182,0.24664864341973292
3747,0.5629,23,104,23,457746,147864,59534,48422,1.3696691244581125,0.24669105285145146
3748,0.563,22,127,22,457873,147737,59556,48400,1.3684927192559933,0.2467662909089055
3749,0.5631,20,72,20,457945,147665,59576,48380,1.3678257808736893,0.2467800760029585
3750,0.5632,22,69,22,458014,147596,59598,48358,1.367186631590648,0.24678240811619054
3751,0.5633,19,100,19,458114,147496,59617,48339,1.3662603282818926,0.246835346082161
3752,0.5634,15,41,15,458155,147455,59632,48324,1.365880543925303,0.24682933307453814
3753,0.5635,25,73,25,458228,147382,59657,48299,1.3652043425099114,0.24682518997756553
3754,0.5636,21,90,21,458318,147292,59678,48278,1.3643706695320317,0.24685790254128956
3755,0.5637,30,117,30,458435,147175,59708,48248,1.3632868946607877,0.24689007946863983
3756,0.5638,27,86,27,458521,147089,59735,48221,1.362490273815258,0.24689468025190722
3757,0.5639,25,100,25,458621,146989,59760,48196,1.3615639705065026,0.24692471245228886
3758,0.564,18,95,18,458716,146894,59778,48178,1.360683982363185,0.24697547572178477
3759,0.5641,8,55,8,458771,146839,59786,48170,1.3601745155433695,0.24701424036839326
3760,0.5642,22,101,22,458872,146738,59808,48148,1.3592389492015267,0.2470572539843806
3761,0.5643,11,44,11,458916,146694,59819,48137,1.3588313757456743,0.24707053805605883
3762,0.5644,36,149,36,459065,146545,59855,48101,1.3574511838156287,0.24712041346855318
3763,0.5645,26,85,26,459150,146460,59881,48075,1.3566638260031865,0.24712776621173568
3764,0.5646,22,72,22,459222,146388,59903,48053,1.3559968876208826,0.2471340920896313
3765,0.5647,38,234,38,459456,146154,59941,48015,1.353829337878395,0.24728458198785594
3766,0.5648,19,39,19,459495,146115,59960,47996,1.3534680795879803,0.2472605880140744
3767,0.5649,35,128,35,459623,145987,59995,47961,1.3522824113527734,0.24728793284797987
3768,0.565,23,113,23,459736,145874,60018,47938,1.3512356886138797,0.2473427857924174
3769,0.5651,37,148,37,459884,145726,60055,47901,1.3498647597169218,0.24738801923285492
3770,0.5652,27,86,27,459970,145640,60082,47874,1.349068138871392,0.24739295348140186
3771,0.5653,37,149,37,460119,145491,60119,47837,1.3476879469413465,0.24743958454026319
3772,0.5654,12,52,12,460171,145439,60131,47825,1.3472062692207936,0.24745943372795762
3773,0.5655,23,80,23,460251,145359,60154,47802,1.3464652265737893,0.24747231584015406
3774,0.5656,12,69,12,460320,145290,60166,47790,1.345826077290748,0.24751398384089496
3775,0.5657,12,63,12,460383,145227,60178,47778,1.345242506206232,0.24754799098468952
3776,0.5658,26,95,26,460478,145132,60204,47752,1.3443625180629146,0.247568486758881
3777,0.5659,27,94,27,460572,145038,60231,47725,1.3434917929526844,0.24758382054647418
3778,0.566,26,57,26,460629,144981,60257,47699,1.342963800066694,0.2475555324891011
3779,0.5661,7,57,7,460686,144924,60264,47692,1.3424358071807032,0.24760144536279438
3780,0.5662,31,116,31,460802,144808,60295,47661,1.3413612953425469,0.24762948838514254
3781,0.5663,13,79,13,460881,144729,60308,47648,1.34062951572863,0.24768033600690312
3782,0.5664,25,70,25,460951,144659,60333,47623,1.3399811034125013,0.24767268907125992
3783,0.5665,43,201,43,461152,144458,60376,47580,1.338119233761903,0.24776346348118602
3784,0.5666,15,73,15,461225,144385,60391,47565,1.3374430323465116,0.24779890596509507
3785,0.5667,16,58,16,461283,144327,60407,47549,1.3369057764274335,0.2478110863265859
3786,0.5668,19,73,19,461356,144254,60426,47530,1.3362295750120419,0.2478308930880574
3787,0.5669,21,65,21,461421,144189,60447,47509,1.3356274778613508,0.24783252824755606
3788,0.567,24,84,24,461505,144105,60471,47485,1.3348493830819963,0.2478469648729057
3789,0.5671,32,159,32,461664,143946,60503,47453,1.3333765608210753,0.24792710515728922
3790,0.5672,6,52,6,461716,143894,60509,47447,1.3328948831005225,0.24797090012072687
3791,0.5673,30,123,30,461839,143771,60539,47417,1.3317555300307533,0.24801242755821495
3792,0.5674,34,118,34,461957,143653,60573,47383,1.3306624921264218,0.2480317845851044
3793,0.5675,22,89,22,462046,143564,60595,47361,1.3298380821816296,0.24806075684169177
3794,0.5676,21,84,21,462130,143480,60616,47340,1.329059987402275,0.24808720259930825
3795,0.5677,21,58,21,462188,143422,60637,47319,1.3285227314831969,0.24807985697883517
3796,0.5678,25,101,25,462289,143321,60662,47294,1.3275871651413538,0.24811268787870838
3797,0.5679,15,69,15,462358,143252,60677,47279,1.3269480158583127,0.2481433467519721
3798,0.568,21,106,21,462464,143146,60698,47258,1.3259661343510318,0.2481985672569904
3799,0.5681,25,106,25,462570,143040,60723,47233,1.3249842528437512,0.24823805794831635
3800,0.5682,35,149,35,462719,142891,60758,47198,1.3236040609137056,0.2482942200758592
3801,0.5683,13,71,13,462790,142820,60771,47185,1.3229463855644892,0.2483355701165759
3802,0.5684,29,89,29,462879,142731,60800,47156,1.322121975619697,0.24833716894784794
3803,0.5685,10,58,10,462937,142673,60810,47146,1.3215847197006187,0.24837345049757928
3804,0.5686,25,117,25,463054,142556,60835,47121,1.320500944829375,0.24842759006099843
3805,0.5687,27,73,27,463127,142483,60862,47094,1.3198247434139834,0.2484162108272628
3806,0.5688,18,66,18,463193,142417,60880,47076,1.3192133832302049,0.2484313404716797
3807,0.5689,47,200,47,463393,142217,60927,47029,1.317360776612694,0.24850723397059912
3808,0.569,31,99,31,463492,142118,60958,46998,1.3164437363370263,0.24851413946995496
3809,0.5691,40,151,40,463643,141967,60998,46958,1.3150450183408056,0.24855365885933572
3810,0.5692,12,69,12,463712,141898,61010,46946,1.3144058690577642,0.2485967253394336
3811,0.5693,25,135,25,463847,141763,61035,46921,1.3131553595909444,0.24867503338915858
3812,0.5694,14,85,14,463932,141678,61049,46907,1.3123680017785024,0.24873134130498184
3813,0.5695,17,84,17,464016,141594,61066,46890,1.311589906999148,0.24877443178200803
3814,0.5696,17,67,17,464083,141527,61083,46873,1.3109692837822817,0.2487951167728238
3815,0.5697,53,242,53,464325,141285,61136,46820,1.3087276297750936,0.24890353791765238
3816,0.5698,12,66,12,464391,141219,61148,46808,1.3081162695913149,0.24894297095629883
3817,0.5699,21,130,21,464521,141089,61169,46787,1.306912075289933,0.24903127594796567
3818,0.57,17,61,17,464582,141028,61186,46770,1.306347030271592,0.2490441857740764
3819,0.5701,38,115,38,464697,140913,61224,46732,1.3052817814665234,0.24904473873537797
3820,0.5702,19,76,19,464773,140837,61243,46713,1.3045777909518692,0.249069581444948
3821,0.5703,23,89,23,464862,140748,61266,46690,1.303753381007077,0.24909570097845687
3822,0.5704,24,146,24,465008,140602,61290,46666,1.302400978176294,0.2491936689664011
3823,0.5705,23,66,23,465074,140536,61313,46643,1.3017896179925155,0.2491892787118213
3824,0.5706,15,97,15,465171,140439,61328,46628,1.3008911037830226,0.24925828713776346
3825,0.5707,25,75,25,465246,140364,61353,46603,1.3001963763014561,0.24925789042986196
3826,0.5708,26,124,26,465370,140240,61379,46577,1.2990477601985995,0.24931885213872398
3827,0.5709,22,107,22,465477,140133,61401,46555,1.2980566156582312,0.24937328591018168
3828,0.571,16,101,16,465578,140032,61417,46539,1.297121049316388,0.24944391143318093
3829,0.5711,12,45,12,465623,139987,61429,46527,1.2967042128274482,0.24945580492617175
3830,0.5712,17,51,17,465674,139936,61446,46510,1.296231798139983,0.24945560644905226
3831,0.5713,15,62,15,465736,139874,61461,46495,1.2956574900885547,0.24947818574977598
3832,0.5714,16,78,16,465814,139796,61477,46479,1.2949349735077254,0.24951818547845928
3833,0.5715,20,90,20,465904,139706,61497,46459,1.2941013005298454,0.2495581876292536
3834,0.5716,16,60,16,465964,139646,61513,46443,1.2935455185445923,0.24957412850840188
3835,0.5717,27,105,27,466069,139541,61540,46416,1.2925729000703992,0.24960609173088402
3836,0.5718,11,52,11,466121,139489,61551,46405,1.2920912223498462,0.24963151043067555
3837,0.5719,18,75,18,466196,139414,61569,46387,1.2913964948682797,0.24965958202593097
3838,0.572,18,74,18,466270,139340,61587,46369,1.2907110304198006,0.24968633722652106
3839,0.5721,27,87,27,466357,139253,61614,46342,1.2899051465411835,0.2496942266763652
3840,0.5722,26,140,26,466497,139113,61640,46316,1.288608321908926,0.24977754288703494
3841,0.5723,17,79,17,466576,139034,61657,46299,1.2878765422950091,0.24981519750934802
3842,0.5724,11,67,11,466643,138967,61668,46288,1.287255919078143,0.2498610024020944
3843,0.5725,21,114,21,466757,138853,61689,46267,1.2861999333061618,0.24992977528089888
3844,0.5726,25,119,25,466876,138734,61714,46242,1.2850976323687429,0.24998918778652365
3845,0.5727,14,86,14,466962,138648,61728,46228,1.2843010115232132,0.2500486812782622
3846,0.5728,24,78,24,467040,138570,61752,46204,1.2835784949423839,0.25005682617684305
3847,0.5729,23,97,23,467137,138473,61775,46181,1.2826799807328912,0.25009477184355605
3848,0.573,28,112,28,467249,138361,61803,46153,1.2816425210270852,0.2501327812523711
3849,0.5731,21,110,21,467359,138251,61824,46132,1.280623587387454,0.2501966016389797
3850,0.5732,21,91,21,467450,138160,61845,46111,1.2797806513764867,0.2502347086627847
3851,0.5733,12,65,12,467515,138095,61857,46099,1.2791785542257956,0.25027416745388015
3852,0.5734,15,62,15,467577,138033,61872,46084,1.2786042461743674,0.25029736526230606
3853,0.5735,29,75,29,467652,137958,61901,46055,1.2779095186928007,0.2502812301304799
3854,0.5736,19,86,19,467738,137872,61920,46036,1.277112897847271,0.25032081258020317
3855,0.5737,28,74,28,467812,137798,61948,46008,1.2764274333987922,0.25030738931264485
3856,0.5738,36,122,36,467934,137676,61984,45972,1.2752973433621104,0.2503267119707266
3857,0.5739,23,80,23,468014,137596,62007,45949,1.2745563007151062,0.25034187801356617
3858,0.574,22,102,22,468116,137494,62029,45927,1.2736114713401756,0.25039117658283405
3859,0.5741,29,124,29,468240,137370,62058,45898,1.272462855237319,0.2504419756858808
3860,0.5742,20,78,20,468318,137292,62078,45878,1.2717403386564896,0.2504667794944587
3861,0.5743,7,44,7,468362,137248,62085,45871,1.2713327652006372,0.25049830984223376
3862,0.5744,12,53,12,468415,137195,62097,45859,1.270841824446997,0.2505217039780611
3863,0.5745,27,118,27,468533,137077,62124,45832,1.2697487865426655,0.25057268915143593
3864,0.5746,23,126,23,468659,136951,62147,45809,1.2685816443736337,0.25065112716130444
3865,0.5747,23,65,23,468724,136886,62170,45786,1.2679795472229427,0.25064596654112287
3866,0.5748,24,90,24,468814,136796,62194,45762,1.2671458742450628,0.2506710196211615
3867,0.5749,15,80,15,468894,136716,62209,45747,1.2664048315980585,0.2507193239177258
3868,0.575,21,69,21,468963,136647,62230,45726,1.2657656823150172,0.2507279038015496
3869,0.5751,21,105,21,469068,136542,62251,45705,1.264793063840824,0.2507860211690727
3870,0.5752,24,71,24,469139,136471,62275,45681,1.2641353884916078,0.250785058632351
3871,0.5753,21,81,21,469220,136390,62296,45660,1.2633850828115158,0.250810216973359
3872,0.5754,19,89,19,469309,136301,62315,45641,1.2625606728667236,0.25085466797111167
3873,0.5755,14,106,14,469415,136195,62329,45627,1.2615787913594427,0.25094323019216597
3874,0.5756,25,106,25,469521,136089,62354,45602,1.2605969098521619,0.25098656510228906
3875,0.5757,30,136,30,469657,135953,62384,45572,1.2593371373522546,0.25105081944635727
3876,0.5758,18,131,18,469788,135822,62402,45554,1.258123680017785,0.2511578158080452
3877,0.5759,29,101,29,469889,135721,62431,45525,1.257188113675942,0.25117795703077583
3878,0.576,13,49,13,469938,135672,62444,45512,1.2567342250546518,0.2511921582479689
3879,0.5761,20,96,20,470034,135576,62464,45492,1.2558449738782467,0.2512426270793293
3880,0.5762,11,55,11,470089,135521,62475,45481,1.255335507058431,0.2512734665915294
3881,0.5763,34,105,34,470194,135416,62509,45447,1.254362888584238,0.2512785920835107
3882,0.5764,15,68,15,470262,135348,62524,45432,1.2537330023342843,0.2513109857285098
3883,0.5765,12,65,12,470327,135283,62536,45420,1.2531309051835933,0.2513516654399761
3884,0.5766,12,61,12,470388,135222,62548,45408,1.2525658601652525,0.2513868128217904
3885,0.5767,22,63,22,470451,135159,62570,45386,1.2519822890807366,0.2513833116397574
3886,0.5768,17,116,17,470567,135043,62587,45369,1.2509077772425803,0.2514744030330577
3887,0.5769,25,87,25,470654,134956,62612,45344,1.2501018933639632,0.2514919578480311
3888,0.577,31,122,31,470776,134834,62643,45313,1.2489718033272814,0.25153346988847997
3889,0.5771,10,51,10,470827,134783,62653,45303,1.2484993886398161,0.2515631420543518
3890,0.5772,21,52,21,470879,134731,62674,45282,1.2480177109192634,0.25154849927505235
3891,0.5773,36,117,36,470996,134614,62710,45246,1.2469339360480196,0.2515623262537529
3892,0.5774,14,66,14,471062,134548,62724,45232,1.246322575864241,0.25159639559461566
3893,0.5775,12,72,12,471134,134476,62736,45220,1.2456556374819372,0.2516472264268542
3894,0.5776,11,64,11,471198,134412,62747,45209,1.2450628033643336,0.2516910606220876
3895,0.5777,35,142,35,471340,134270,62782,45174,1.243747452665901,0.2517442767660106
3896,0.5778,17,53,17,471393,134217,62799,45157,1.2432565119122605,0.2517477449351634
3897,0.5779,15,59,15,471452,134158,62814,45142,1.2427099929600949,0.25176798661461236
3898,0.578,17,69,17,471521,134089,62831,45125,1.2420708436770536,0.2517939446695013
3899,0.5781,18,73,18,471594,134016,62849,45107,1.2413946422616622,0.25182137413955774
3900,0.5782,25,155,25,471749,133861,62874,45082,1.2399588721330912,0.2519349737067111
3901,0.5783,34,100,34,471849,133761,62908,45048,1.2390325688243358,0.2519336275019714
3902,0.5784,28,76,28,471925,133685,62936,45020,1.2383285783096818,0.25192356117624015
3903,0.5785,22,77,22,472002,133608,62958,44998,1.2376153247619401,0.251940024411274
3904,0.5786,29,149,29,472151,133459,62987,44969,1.2362351328318946,0.2520288295558993
3905,0.5787,18,90,18,472241,133369,63005,44951,1.2354014598540146,0.2520805293853746
3906,0.5788,13,82,13,472323,133287,63018,44938,1.2346418911408352,0.25214195539346335
3907,0.5789,19,90,19,472413,133197,63037,44919,1.2338082181629553,0.2521895843158391
3908,0.579,26,95,26,472508,133102,63063,44893,1.2329282300196376,0.2522149498581421
3909,0.5791,29,116,29,472624,132986,63092,44864,1.2318537181814813,0.25225752038234467
3910,0.5792,22,63,22,472687,132923,63114,44842,1.2312701470969654,0.25225438078361884
3911,0.5793,16,107,16,472794,132816,63130,44826,1.230279002556597,0.2523389738913095
3912,0.5794,18,71,18,472865,132745,63148,44808,1.2296213272073808,0.2523640828372373
3913,0.5795,13,88,13,472953,132657,63161,44795,1.228806180295676,0.25243446115005747
3914,0.5796,7,50,7,473003,132607,63168,44788,1.2283430286412984,0.25247611263000647
3915,0.5797,14,60,14,473063,132547,63182,44774,1.227787246656045,0.2525025236717591
3916,0.5798,20,56,20,473119,132491,63202,44754,1.227268516803142,0.25249795480831616
3917,0.5799,30,103,30,473222,132388,63232,44724,1.2263144243951238,0.25251818058629566
3918,0.58,25,82,25,473304,132306,63257,44699,1.2255548556819444,0.25252958955961696
3919,0.5801,22,79,22,473383,132227,63279,44677,1.2248230760680276,0.2525494053271831
3920,0.5802,34,111,34,473494,132116,63313,44643,1.2237948793953093,0.2525642258668583
3921,0.5803,15,89,15,473583,132027,63328,44628,1.2229704694505168,0.2526280037360958
3922,0.5804,30,88,30,473671,131939,63358,44598,1.2221553225388122,0.2526269280660711
3923,0.5805,23,85,23,473756,131854,63381,44575,1.22136796472637,0.2526512081347171
3924,0.5806,34,172,34,473928,131682,63415,44541,1.2197747230353106,0.25275361331948726
3925,0.5807,16,81,16,474009,131601,63431,44525,1.2190244173552187,0.2528019713159897
3926,0.5808,18,60,18,474069,131541,63449,44507,1.2184686353699656,0.2528117331636826
3927,0.5809,21,102,21,474171,131439,63470,44486,1.217523805995035,0.2528691203637914
3928,0.581,13,53,13,474224,131386,63483,44473,1.2170328652413946,0.2528900994546768
3929,0.5811,28,141,28,474365,131245,63511,44445,1.2157267775760494,0.2529739882748022
3930,0.5812,20,100,20,474465,131145,63531,44425,1.214800474267294,0.25303297829925386
3931,0.5813,24,102,24,474567,131043,63555,44401,1.2138556448923636,0.2530779052005198
3932,0.5814,19,98,19,474665,130945,63574,44382,1.2129478676497834,0.2531384213498206
3933,0.5815,27,104,27,474769,130841,63601,44355,1.2119845122086776,0.2531735884380922
3934,0.5816,10,58,10,474827,130783,63611,44345,1.2114472562895995,0.25321479146681286
3935,0.5817,39,131,39,474958,130652,63650,44306,1.21023379895513,0.25323791995793277
3936,0.5818,27,117,27,475075,130535,63677,44279,1.209150024083886,0.2532920704291418
3937,0.5819,34,164,34,475239,130371,63711,44245,1.2076308866575272,0.2533845695697989
3938,0.582,20,72,20,475311,130299,63731,44225,1.2069639482752232,0.2534035433522037
3939,0.5821,11,64,11,475375,130235,63742,44214,1.2063711141576197,0.2534494322122798
3940,0.5822,16,52,16,475427,130183,63758,44198,1.205889436437067,0.2534565118906303
3941,0.5823,10,90,10,475517,130093,63768,44188,1.205055763459187,0.253544563090641
3942,0.5824,22,109,22,475626,129984,63790,44166,1.2040460928526437,0.2536089577950043
3943,0.5825,12,65,12,475691,129919,63802,44154,1.2034439957019527,0.2536522033859358
3944,0.5826,20,98,20,475789,129821,63822,44134,1.2025362184593724,0.25370929263315223
3945,0.5827,28,99,28,475888,129722,63850,44106,1.2016191781837045,0.25373357571852634
3946,0.5828,22,105,22,475993,129617,63872,44084,1.2006465597095113,0.253792436428115
3947,0.5829,4,54,4,476047,129563,63876,44080,1.2001463559227834,0.25385417206567495
3948,0.583,18,107,18,476154,129456,63894,44062,1.199155211382415,0.25393330951255777
3949,0.5831,32,124,32,476278,129332,63926,44030,1.1980065952795584,0.25397722684325286
3950,0.5832,23,88,23,476366,129244,63949,44007,1.1971914483678536,0.25400719187768034
3951,0.5833,7,38,7,476404,129206,63956,44000,1.1968394531105264,0.2540327702273593
3952,0.5834,29,154,29,476558,129052,63985,43971,1.195412946015043,0.25413384347745677
3953,0.5835,28,109,28,476667,128943,64013,43943,1.1944032754084997,0.2541732702474463
3954,0.5836,7,37,7,476704,128906,64020,43936,1.1940605431842604,0.25419747515071567
3955,0.5837,37,123,37,476827,128783,64057,43899,1.1929211901144912,0.254218737332206
3956,0.5838,17,69,17,476896,128714,64074,43882,1.1922820408314498,0.2542469118635426
3957,0.5839,21,60,21,476956,128654,64095,43861,1.1917262588461965,0.25424455844419325
3958,0.584,33,131,33,477087,128523,64128,43828,1.190512801511727,0.2542950142441877
3959,0.5841,31,128,31,477215,128395,64159,43797,1.18932713327652,0.2543497955770303
3960,0.5842,13,44,13,477259,128351,64172,43784,1.1889195598206677,0.25435849769076596
3961,0.5843,25,95,25,477354,128256,64197,43759,1.18803957167735,0.25439060547045317
3962,0.5844,36,166,36,477520,128090,64233,43723,1.186501908184816,0.25448016157101033
3963,0.5845,20,78,20,477598,128012,64253,43703,1.1857793916039867,0.2545089246716944
3964,0.5846,20,74,20,477672,127938,64273,43683,1.1850939271555079,0.2545317880678938
3965,0.5847,29,92,29,477764,127846,64302,43654,1.1842417281114528,0.25454227405247815
3966,0.5848,12,90,12,477854,127756,64314,43642,1.1834080551335728,0.2546237412338534
3967,0.5849,22,110,22,477964,127646,64336,43620,1.182389121493942,0.254691532469959
3968,0.585,25,110,25,478074,127536,64361,43595,1.181370187854311,0.25474636389666394
3969,0.5851,7,62,7,478136,127474,64368,43588,1.1807958798028826,0.2548081981971449
3970,0.5852,23,82,23,478218,127392,64391,43565,1.1800363110897032,0.254830161970554
3971,0.5853,16,74,16,478292,127318,64407,43549,1.1793508466412241,0.2548707474234346
3972,0.5854,16,75,16,478367,127243,64423,43533,1.1786561191596576,0.25491286831873333
3973,0.5855,38,117,38,478484,127126,64461,43495,1.1775723442884138,0.2549217271027599
3974,0.5856,17,95,17,478579,127031,64478,43478,1.1766923561450962,0.2549894726964559
3975,0.5857,18,104,18,478683,126927,64496,43460,1.1757290007039904,0.2550664076484708
3976,0.5858,46,190,46,478873,126737,64542,43414,1.1739690244173553,0.2551498374972818
3977,0.5859,23,54,23,478927,126683,64565,43391,1.1734688206306272,0.25513011983019157
3978,0.586,25,115,25,479042,126568,64590,43366,1.1724035718255585,0.2551931926512646
3979,0.5861,14,78,14,479120,126490,64604,43352,1.1716810552447294,0.25524899612581103
3980,0.5862,27,90,27,479210,126400,64631,43325,1.1708473822668495,0.25526587126233613
3981,0.5863,35,122,35,479332,126278,64666,43290,1.1697172922301677,0.2552958105302887
3982,0.5864,14,69,14,479401,126209,64680,43276,1.1690781429471266,0.2553382305218751
3983,0.5865,18,90,18,479491,126119,64698,43258,1.1682444699692467,0.2553947702462554
3984,0.5866,27,58,27,479549,126061,64725,43231,1.1677072140501685,0.25536351392859674
3985,0.5867,11,55,11,479604,126006,64736,43220,1.1671977472303532,0.2553981066739154
3986,0.5868,23,112,23,479716,125894,64759,43197,1.1661602875245471,0.2554659916849507
3987,0.5869,24,101,24,479817,125793,64783,43173,1.165224721182704,0.25551294343240655
3988,0.587,42,167,42,479984,125626,64825,43131,1.1636777946570824,0.2555805092529495
3989,0.5871,31,92,31,480076,125534,64856,43100,1.1628255956130276,0.2555830971215769
3990,0.5872,26,100,26,480176,125434,64882,43074,1.1618992923042721,0.2556199112208322
3991,0.5873,26,63,26,480239,125371,64908,43048,1.1613157212197562,0.25560061513249693
3992,0.5874,40,128,40,480367,125243,64948,43008,1.1601300529845493,0.25561809439468414
3993,0.5875,23,64,23,480431,125179,64971,42985,1.1595372188669457,0.2556135677077139
3994,0.5876,19,61,19,480492,125118,64990,42966,1.158972173848605,0.2556221889055472
3995,0.5877,18,90,18,480582,125028,65008,42948,1.158138500870725,0.255679382768967
3996,0.5878,19,72,19,480654,124956,65027,42929,1.1574715624884213,0.2557047979271525
3997,0.5879,21,125,21,480779,124831,65048,42908,1.156313683352477,0.2558021688456471
3998,0.588,31,121,31,480900,124710,65079,42877,1.155192856348883,0.2558492007136592
3999,0.5881,24,90,24,480990,124620,65103,42853,1.154359183371003,0.25588005230693905
4000,0.5882,21,65,21,481055,124555,65124,42832,1.153757086220312,0.25588606044674916
4001,0.5883,12,73,12,481128,124482,65136,42820,1.1530808848049205,0.2559443401752519
4002,0.5884,24,83,24,481211,124399,65160,42796,1.1523120530586535,0.255964592242591
4003,0.5885,7,37,7,481248,124362,65167,42789,1.151969320834414,0.25599009279035123
4004,0.5886,14,76,14,481324,124286,65181,42775,1.15126533031976,0.25604419942416246
4005,0.5887,23,110,23,481434,124176,65204,42752,1.1502463966801288,0.25611041886322244
4006,0.5888,29,82,29,481516,124094,65233,42723,1.1494868279669495,0.2561069914936727
4007,0.5889,14,94,14,481610,124000,65247,42709,1.1486161028567194,0.2561889280122849
4008,0.589,10,57,10,481667,123943,65257,42699,1.1480881099707287,0.25623192232450404
4009,0.5891,14,68,14,481735,123875,65271,42685,1.147458223720775,0.2562740153698367
4010,0.5892,25,112,25,481847,123763,65296,42660,1.146420764014969,0.25633476142119777
4011,0.5893,30,115,30,481962,123648,65326,42630,1.1453555152099004,0.2563778732003031
4012,0.5894,21,87,21,482049,123561,65347,42609,1.144549631331283,0.25641812601552627
4013,0.5895,28,111,28,482160,123450,65375,42581,1.1435214346585647,0.25646415428444086
4014,0.5896,36,128,36,482288,123322,65411,42545,1.1423357664233578,0.25650069031211753
4015,0.5897,18,69,18,482357,123253,65429,42527,1.1416966171403164,0.2565267221619013
4016,0.5898,22,119,22,482476,123134,65451,42505,1.1405943162028975,0.2566122712646176
4017,0.5899,15,83,15,482559,123051,65466,42490,1.1398254844566305,0.25667357331416385
4018,0.59,22,94,22,482653,122957,65488,42468,1.1389547593464004,0.2567205682333384
4019,0.5901,27,87,27,482740,122870,65515,42441,1.138148875467783,0.25673427660591247
4020,0.5902,6,44,6,482784,122826,65521,42435,1.1377413020119307,0.2567756457966489
4021,0.5903,36,168,36,482952,122658,65557,42399,1.1361851124532216,0.2568748977625911
4022,0.5904,24,81,24,483033,122577,65581,42375,1.1354348067731297,0.2568929143023425
4023,0.5905,27,79,27,483112,122498,65608,42348,1.1347030271592131,0.25689431348046055
4024,0.5906,54,162,54,483274,122336,65662,42294,1.1332024157990293,0.2569033590475612
4025,0.5907,17,61,17,483335,122275,65679,42277,1.1326373707806885,0.25692182410423453
4026,0.5908,11,41,11,483376,122234,65690,42266,1.1322575864240987,0.25693617021276594
4027,0.5909,20,55,20,483431,122179,65710,42246,1.1317481196042831,0.25693173179261064
4028,0.591,14,71,14,483502,122108,65724,42232,1.1310904442550669,0.25697943288304737
4029,0.5911,30,92,30,483594,122016,65754,42202,1.1302382452110118,0.2569876627409906
4030,0.5912,27,84,27,483678,121932,65781,42175,1.1294601504316573,0.2569969593009439
4031,0.5913,17,46,17,483724,121886,65798,42158,1.12903405090963,0.2569920265294677
4032,0.5914,30,141,30,483865,121745,65828,42128,1.1277279632442847,0.25707712679941175
4033,0.5915,24,105,24,483970,121640,65852,42104,1.1267553447700915,0.25713308579245653
4034,0.5916,27,111,27,484081,121529,65879,42077,1.125727148097373,0.2571849443174456
4035,0.5917,19,82,19,484163,121447,65898,42058,1.1249675793841936,0.2572276077184184
4036,0.5918,9,45,9,484208,121402,65907,42049,1.1245507428952537,0.2572575267205462
4037,0.5919,23,105,23,484313,121297,65930,42026,1.1235781244210605,0.257318320138621
4038,0.592,38,155,38,484468,121142,65968,41988,1.1221423542924895,0.25738981180653464
4039,0.5921,35,136,35,484604,121006,66003,41953,1.1208825817925823,0.25744512423370297
4040,0.5922,25,90,25,484694,120916,66028,41928,1.1200489088147023,0.257473410134853
4041,0.5923,27,95,27,484789,120821,66055,41901,1.1191689206713846,0.25750052236329446
4042,0.5924,52,139,52,484928,120682,66107,41849,1.1178813590722145,0.25748318782263074
4043,0.5925,17,63,17,484991,120619,66124,41832,1.1172977879876986,0.2575053400717755
4044,0.5926,27,74,27,485065,120545,66151,41805,1.1166123235392196,0.25749923005851555
4045,0.5927,28,80,28,485145,120465,66179,41777,1.1158712808922153,0.25749805845588686
4046,0.5928,38,142,38,485287,120323,66217,41739,1.1145559301937826,0.25754957979045057
4047,0.5929,19,61,19,485348,120262,66236,41720,1.1139908851754419,0.25755948191774397
4048,0.593,16,73,16,485421,120189,66252,41704,1.1133146837600505,0.2576022434570982
4049,0.5931,17,84,17,485505,120105,66269,41687,1.1125365889806957,0.2576579806170886
4050,0.5932,33,97,33,485602,120008,66302,41654,1.1116380747712031,0.25766104588586064
4051,0.5933,24,117,24,485719,119891,66326,41630,1.1105542998999594,0.2577373839934126
4052,0.5934,18,80,18,485799,119811,66344,41612,1.1098132572529549,0.2577823482403375
4053,0.5935,29,153,29,485952,119658,66373,41583,1.108396013190559,0.2578934638212365
4054,0.5936,24,124,24,486076,119534,66397,41559,1.1072473970877024,0.2579814144624534
4055,0.5937,12,56,12,486132,119478,66409,41547,1.1067286672347993,0.25801583605030276
4056,0.5938,31,163,31,486295,119315,66440,41516,1.105218792841528,0.25813431490197786
4057,0.5939,35,131,35,486426,119184,66475,41481,1.1040053355070585,0.2581831761740267
4058,0.594,23,82,23,486508,119102,66498,41458,1.103245766793879,0.25820876930742404
4059,0.5941,25,103,25,486611,118999,66523,41433,1.1022916743858608,0.2582589508327516
4060,0.5942,11,49,11,486660,118950,66534,41422,1.1018377857645707,0.2582869827650712
4061,0.5943,29,114,29,486774,118836,66563,41393,1.1007817999925895,0.258336505875965
4062,0.5944,17,65,17,486839,118771,66580,41376,1.1001797028418985,0.2583626293342991
4063,0.5945,38,91,38,486930,118680,66618,41338,1.099336766830931,0.2583334374882826
4064,0.5946,24,86,24,487016,118594,66642,41314,1.0985401459854014,0.25836105760812467
4065,0.5947,40,123,40,487139,118471,66682,41274,1.0974007929156322,0.25837428401514917
4066,0.5948,46,164,46,487303,118307,66728,41228,1.0958816554892734,0.25842605070987557
4067,0.5949,30,101,30,487404,118206,66758,41198,1.0949460891474305,0.25845022709593235
4068,0.595,48,140,48,487544,118066,66806,41150,1.0936492645151727,0.2584539242287207
4069,0.5951,24,100,24,487644,117966,66830,41126,1.0927229612064173,0.2585045131119101
4070,0.5952,31,148,31,487792,117818,66861,41095,1.0913520323094594,0.2586006179481855
4071,0.5953,32,136,32,487928,117682,66893,41063,1.090092259809552,0.25867271410123155
4072,0.5954,26,93,26,488021,117589,66919,41037,1.0892307977324096,0.2587028608172683
4073,0.5955,30,133,30,488154,117456,66949,41007,1.0879988143317647,0.2587796520323356
4074,0.5956,40,73,40,488227,117383,66989,40967,1.0873226129163733,0.2587117145563625
4075,0.5957,29,88,29,488315,117295,67018,40938,1.0865074660046685,0.25871973608539306
4076,0.5958,16,44,16,488359,117251,67034,40922,1.0860998925488161,0.2587167215643631
4077,0.5959,27,102,27,488461,117149,67061,40895,1.0851550631738855,0.25875705499734253
4078,0.596,21,121,21,488582,117028,67082,40874,1.0840342361702917,0.2588567592557409
4079,0.5961,32,100,32,488682,116928,67114,40842,1.0831079328615363,0.25887050770108383
4080,0.5962,14,67,14,488749,116861,67128,40828,1.08248730964467,0.25891469918637317
4081,0.5963,16,93,16,488842,116768,67144,40812,1.0816258475675276,0.2589922579007488
4082,0.5964,38,153,38,488995,116615,67182,40774,1.0802086035051317,0.2590651189091995
4083,0.5965,29,112,29,489107,116503,67211,40745,1.0791711437993257,0.2591129934879935
4084,0.5966,35,126,35,489233,116377,67246,40710,1.0780040016302939,0.2591557544545379
4085,0.5967,28,73,28,489306,116304,67274,40682,1.0773278002149023,0.2591441275018154
4086,0.5968,28,132,28,489438,116172,67302,40654,1.0761050798473453,0.2592299746215551
4087,0.5969,22,66,22,489504,116106,67324,40632,1.0754937196635665,0.25923515675841213
4088,0.597,46,160,46,489664,115946,67370,40586,1.074011634369558,0.259282447039583
4089,0.5971,45,149,45,489813,115797,67415,40541,1.0726314424395125,0.2593163530299735
4090,0.5972,50,122,50,489935,115675,67465,40491,1.0715013524028307,0.259281789890245
4091,0.5973,37,112,37,490047,115563,67502,40454,1.0704638926970247,0.2592922566130614
4092,0.5974,39,122,39,490169,115441,67541,40415,1.0693338026603432,0.25930987578277387
4093,0.5975,17,90,17,490259,115351,67558,40398,1.0685001296824632,0.2593788724165163
4094,0.5976,56,213,56,490472,115138,67614,40342,1.0665271036348143,0.2594674556213018
4095,0.5977,25,126,25,490598,115012,67639,40317,1.0653599614657823,0.25955874305506377
4096,0.5978,36,69,36,490667,114943,67675,40281,1.0647208121827412,0.25950239653661805
4097,0.5979,21,119,21,490786,114824,67696,40260,1.0636185112453223,0.2596012483557298
4098,0.598,36,189,36,490975,114635,67732,40224,1.0618677979917743,0.2597459624561698
4099,0.5981,16,65,16,491040,114570,67748,40208,1.0612657008410835,0.25977852149530295
4100,0.5982,34,109,34,491149,114461,67782,40174,1.06025603023454,0.25979888123646006
4101,0.5983,21,75,21,491224,114386,67803,40153,1.0595613027529733,0.2598243809006141
4102,0.5984,22,84,22,491308,114302,67825,40131,1.0587832079736188,0.2598602630266847
4103,0.5985,30,110,30,491418,114192,67855,40101,1.057764274333988,0.2599016157570337
4104,0.5986,30,97,30,491515,114095,67885,40071,1.056865760124495,0.25992112398323886
4105,0.5987,61,126,61,491641,113969,67946,40010,1.0556986179554633,0.2598406276180518
4106,0.5988,47,137,47,491778,113832,67993,39963,1.0544295824224683,0.2598458987613381
4107,0.5989,11,52,11,491830,113780,68004,39952,1.0539479047019156,0.2598808315770302
4108,0.599,36,127,36,491957,113653,68040,39916,1.0527714994997963,0.25992224993325475
4109,0.5991,52,205,52,492162,113448,68092,39864,1.0508725777168475,0.26001878522229177
4110,0.5992,20,96,20,492258,113352,68112,39844,1.0499833265404424,0.26008511971591947
4111,0.5993,20,92,20,492350,113260,68132,39824,1.0491311274963875,0.2601447571268062
4112,0.5994,36,168,36,492518,113092,68168,39788,1.0475749379376784,0.2602564102564103
4113,0.5995,20,78,20,492596,113014,68188,39768,1.046852421356849,0.2602924428270346
4114,0.5996,41,101,41,492697,112913,68229,39727,1.0459168550150062,0.2602659853249476
4115,0.5997,20,72,20,492769,112841,68249,39707,1.0452499166327023,0.2602918425675853
4116,0.5998,20,107,20,492876,112734,68269,39687,1.044258772092334,0.260377507036432
4117,0.5999,50,134,50,493010,112600,68319,39637,1.0430175256586016,0.26036377490360424
4118,0.6,20,102,20,493112,112498,68339,39617,1.042072696283671,0.2604411136311343
4119,0.6001,34,129,34,493241,112369,68373,39583,1.0408777650153767,0.26049673581130883
4120,0.6002,22,73,22,493314,112296,68395,39561,1.0402015635999853,0.2605148264485667
4121,0.6003,38,147,38,493461,112149,68433,39523,1.0388398977361146,0.260582045466533
4122,0.6004,52,148,52,493609,112001,68485,39471,1.0374689688391567,0.26058281398542305
4123,0.6005,37,126,37,493735,111875,68522,39434,1.036301826670125,0.2606189982089631
4124,0.6006,30,95,30,493830,111780,68552,39404,1.0354218385268072,0.26063604614244895
4125,0.6007,23,64,23,493894,111716,68575,39381,1.0348290044092037,0.26063389743012766
4126,0.6008,55,173,55,494067,111543,68630,39326,1.0332264996850569,0.2606632243867196
4127,0.6009,27,108,27,494175,111435,68657,39299,1.032226092111601,0.26071755542876857
4128,0.601,13,78,13,494253,111357,68670,39286,1.0315035755307718,0.26078875221550285
4129,0.6011,20,57,20,494310,111300,68690,39266,1.0309755826447813,0.260789288418368
4130,0.6012,26,109,26,494419,111191,68716,39240,1.0299659120382378,0.2608504895932354
4131,0.6013,34,113,34,494532,111078,68750,39206,1.0289191892993441,0.2608794016661787
4132,0.6014,36,129,36,494661,110949,68786,39170,1.0277242580310497,0.2609263317767904
4133,0.6015,61,195,61,494856,110754,68847,39109,1.0259179665789766,0.26096501471343825
4134,0.6016,26,131,26,494987,110623,68873,39083,1.024704509244507,0.26106502077405047
4135,0.6017,25,83,25,495070,110540,68898,39058,1.02393567749824,0.26108637816013586
4136,0.6018,30,112,30,495182,110428,68928,39028,1.022898217792434,0.26113371159404775
4137,0.6019,48,129,48,495311,110299,68976,38980,1.0217032865241396,0.26112179208060077
4138,0.602,35,113,35,495424,110186,69011,38945,1.0206565637852458,0.26114624055360725
4139,0.6021,16,40,16,495464,110146,69027,38929,1.0202860424617437,0.2611370115713567
4140,0.6022,21,123,21,495587,110023,69048,38908,1.0191466893919745,0.2612484976264176
4141,0.6023,38,100,38,495687,109923,69086,38870,1.018220386083219,0.26123540757965763
4142,0.6024,23,116,23,495803,109807,69109,38847,1.0171458742450628,0.26132495593794985
4143,0.6025,48,155,48,495958,109652,69157,38799,1.015710104116492,0.26135896693184957
4144,0.6026,23,99,23,496057,109553,69180,38776,1.014793063840824,0.26141887291089405
4145,0.6027,42,121,42,496178,109432,69222,38734,1.01367223683723,0.2614229985286773
4146,0.6028,32,81,32,496259,109351,69254,38702,1.012921931157138,0.2614063882528554
4147,0.6029,24,100,24,496359,109251,69278,38678,1.0119956278483826,0.2614632695414692
4148,0.603,27,84,27,496443,109167,69305,38651,1.011217533069028,0.26147695138616406
4149,0.6031,35,160,35,496603,109007,69340,38616,1.0097354477750196,0.2615852543302873
4150,0.6032,58,188,58,496791,108819,69398,38558,1.0079939975545593,0.26162834092158205
4151,0.6033,53,120,53,496911,108699,69451,38505,1.0068824335840527,0.2615757723974892
4152,0.6034,49,180,49,497091,108519,69500,38456,1.005215087628293,0.26164994046606566
4153,0.6035,44,152,44,497243,108367,69544,38412,1.0038071065989849,0.2616995619264336
4154,0.6036,42,145,42,497388,108222,69586,38370,1.0024639668012894,0.2617468893254748
4155,0.6037,37,137,37,497525,108085,69623,38333,1.0011949312682944,0.2618052425248262
4156,0.6038,21,108,21,497633,107977,69644,38312,1.0001945236948386,0.2618925551476871
4157,0.6039,26,147,26,497780,107830,69670,38286,0.9988328578309682,0.2620246927099017
4158,0.604,22,75,22,497855,107755,69692,38264,0.9981381303494016,0.26204808963217113
4159,0.6041,18,43,18,497898,107712,69710,38246,0.9977398199266367,0.2620342838350758
4160,0.6042,20,72,20,497970,107640,69730,38226,0.9970728815443328,0.2620624408703879
4161,0.6043,31,101,31,498071,107539,69761,38195,0.9961373152024899,0.26208709017799553
4162,0.6044,27,92,27,498163,107447,69788,38168,0.995285116158435,0.2621158534491639
4163,0.6045,21,87,21,498250,107360,69809,38147,0.9944792322798177,0.26216608135691066
4164,0.6046,26,87,26,498337,107273,69835,38121,0.9936733484012005,0.2621910120087486
4165,0.6047,40,102,40,498439,107171,69875,38081,0.9927285190262699,0.26217194943959465
4166,0.6048,35,131,35,498570,107040,69910,38046,0.9915150616918004,0.26223067697779245
4167,0.6049,20,89,20,498659,106951,69930,38026,0.990690651747008,0.2622898804637977
4168,0.605,26,88,26,498747,106863,69956,38000,0.9898755048353033,0.26231680967534843
4169,0.6051,31,97,31,498844,106766,69987,37969,0.9889769906258106,0.2623346115314195
4170,0.6052,34,125,34,498969,106641,70021,37935,0.9878191114898662,0.2623879482071713
4171,0.6053,27,124,27,499093,106517,70048,37908,0.9866704953870096,0.2624753332179332
4172,0.6054,24,102,24,499195,106415,70072,37884,0.985725666012079,0.2625382019279413
4173,0.6055,39,128,39,499323,106287,70111,37845,0.9845399977768721,0.262571809174923
4174,0.6056,50,182,50,499505,106105,70161,37795,0.9828541257549372,0.26264767199444056
4175,0.6057,28,97,28,499602,106008,70189,37767,0.9819556115454444,0.2626812728221179
4176,0.6058,16,66,16,499668,105942,70205,37751,0.9813442513616658,0.2627198262963401
4177,0.6059,47,170,47,499838,105772,70252,37704,0.9797695357367816,0.2627895954724135
4178,0.606,79,232,79,500070,105540,70331,37625,0.9776205120604691,0.2628086473649286
4179,0.6061,30,114,30,500184,105426,70361,37595,0.9765645262884879,0.26286349557058053
4180,0.6062,40,105,40,500289,105321,70401,37555,0.9755919078142947,0.2628503037599037
4181,0.6063,38,162,38,500451,105159,70439,37517,0.974091296454111,0.26295242367321764
4182,0.6064,28,108,28,500559,105051,70467,37489,0.9730908888806551,0.26300687526308403
4183,0.6065,31,99,31,500658,104952,70498,37458,0.9721738486049872,0.2630292816515694
4184,0.6066,37,147,37,500805,104805,70535,37421,0.9708121827411168,0.26310941740610017
4185,0.6067,27,80,27,500885,104725,70562,37394,0.9700711400941124,0.26311752826856366
4186,0.6068,18,132,18,501017,104593,70580,37376,0.9688484197265552,0.263268741767569
4187,0.6069,44,153,44,501170,104440,70624,37332,0.9674311756641595,0.26332421070451145
4188,0.607,53,162,53,501332,104278,70677,37279,0.9659305643039757,0.2633497460386982
4189,0.6071,44,97,44,501429,104181,70721,37235,0.9650320500944829,0.263301182327318
4190,0.6072,20,72,20,501501,104109,70741,37215,0.9643651117121791,0.2633310690328607
4191,0.6073,23,98,23,501599,104011,70764,37192,0.9634573344695987,0.2633938372414184
4192,0.6074,25,98,25,501697,103913,70789,37167,0.9625495572270184,0.26344627161893963
4193,0.6075,59,148,59,501845,103765,70848,37108,0.9611786283300604,0.26341456489178194
4194,0.6076,10,82,10,501927,103683,70858,37098,0.9604190596168809,0.263515673279775
4195,0.6077,25,81,25,502008,103602,70883,37073,0.9596687539367891,0.2635365203483206
4196,0.6078,27,145,27,502153,103457,70910,37046,0.9583256141390937,0.2636669679650968
4197,0.6079,39,118,39,502271,103339,70949,37007,0.9572325762347623,0.2636840380203212
4198,0.608,29,101,29,502372,103238,70978,36978,0.9562970098929193,0.26372168654076567
4199,0.6081,40,164,40,502536,103074,71018,36938,0.9547778724665604,0.2638202439790875
4200,0.6082,45,143,45,502679,102931,71063,36893,0.9534532587350402,0.2638531296487012
4201,0.6083,43,138,43,502817,102793,71106,36850,0.9521749601689578,0.2638871980693626
4202,0.6084,34,125,34,502942,102668,71140,36816,0.9510170810330134,0.2639442516704425
4203,0.6085,20,54,20,502996,102614,71160,36796,0.9505168772462855,0.26394089376658775
4204,0.6086,30,103,30,503099,102511,71190,36766,0.9495627848382674,0.2639775411589853
4205,0.6087,67,208,67,503307,102303,71257,36699,0.9476360739560562,0.26401778391677816
4206,0.6088,26,121,26,503428,102182,71283,36673,0.9465152469524621,0.26411004285045553
4207,0.6089,26,64,26,503492,102118,71309,36647,0.9459224128348587,0.264093971822866
4208,0.609,26,63,26,503555,102055,71335,36621,0.9453388417503428,0.26407597565548474
4209,0.6091,31,95,31,503650,101960,71366,36590,0.9444588536070251,0.26409238542042585
4210,0.6092,16,84,16,503734,101876,71382,36574,0.9436807588276706,0.2641675695196822
4211,0.6093,24,95,24,503829,101781,71406,36550,0.9428007706843529,0.26422132421510724
4212,0.6094,8,79,8,503908,101702,71414,36542,0.9420689910704361,0.2643297358294031
4213,0.6095,38,117,38,504025,101585,71452,36504,0.9409852161991923,0.2643512517289574
4214,0.6096,41,153,41,504178,101432,71493,36463,0.9395679721367964,0.2644258312484136
4215,0.6097,30,100,30,504278,101332,71523,36433,0.938641668828041,0.2644575908249555
4216,0.6098,41,119,41,504397,101213,71564,36392,0.9375393678906221,0.2644671341884379
4217,0.6099,25,103,25,504500,101110,71589,36367,0.9365852754826041,0.26453152163634647
4218,0.61,32,135,32,504635,100975,71621,36335,0.9353347660157842,0.2646202024615833
4219,0.6101,29,89,29,504724,100886,71650,36306,0.9345103560709919,0.26463642194880166
4220,0.6102,58,187,58,504911,100699,71708,36248,0.9327781688836193,0.26468633851051865
4221,0.6103,41,119,41,505030,100580,71749,36207,0.9316758679462003,0.2646962065108526
4222,0.6104,31,152,31,505182,100428,71780,36176,0.9302678869168921,0.26482387045767325
4223,0.6105,25,104,25,505286,100324,71805,36151,0.9293045314757864,0.2648910056786957
4224,0.6106,39,92,39,505378,100232,71844,36112,0.9284523324317314,0.2648594730974594
4225,0.6107,33,86,33,505464,100146,71877,36079,0.9276557115862017,0.26484859607267386
4226,0.6108,23,106,23,505570,100040,71900,36056,0.926673830078921,0.2649306371972725
4227,0.6109,36,133,36,505703,99907,71936,36020,0.9254418466782763,0.2649951812369875
4228,0.611,40,142,40,505845,99765,71976,35980,0.9241264959798436,0.2650558031603374
4229,0.6111,18,88,18,505933,99677,71994,35962,0.9233113490681388,0.2651302354042716
4230,0.6112,21,109,21,506042,99568,72015,35941,0.9223016784615955,0.26522961574507964
4231,0.6113,24,92,24,506134,99476,72039,35917,0.9214494794175405,0.265279593479722
4232,0.6114,44,162,44,506296,99314,72083,35873,0.9199488680573567,0.2653583554631732
4233,0.6115,31,105,31,506401,99209,72114,35842,0.9189762495831635,0.26539603557174696
4234,0.6116,18,86,18,506487,99123,72132,35824,0.9181796287376338,0.2654671834127472
4235,0.6117,32,139,32,506626,98984,72164,35792,0.9168920671384638,0.2655665697156764
4236,0.6118,24,133,24,506759,98851,72188,35768,0.9156600837378192,0.26569800696781287
4237,0.6119,29,105,29,506864,98746,72217,35739,0.9146874652636259,0.2657471093430494
4238,0.612,36,162,36,507026,98584,72253,35703,0.9131868539034421,0.26587085868326793
4239,0.6121,41,141,41,507167,98443,72294,35662,0.911880766238097,0.2659259535438649
4240,0.6122,45,153,45,507320,98290,72339,35617,0.9104635221757013,0.2659831076792102
4241,0.6123,20,89,20,507409,98201,72359,35597,0.9096391122309089,0.26605031465343276
4242,0.6124,23,99,23,507508,98102,72382,35574,0.908722071955241,0.26612106885304765
4243,0.6125,20,61,20,507569,98041,72402,35554,0.9081570269369003,0.26613271454770016
4244,0.6126,14,108,14,507677,97933,72416,35540,0.9071566193634444,0.2662710810426079
4245,0.6127,23,109,23,507786,97824,72439,35517,0.9061469487569009,0.26636218417441
4246,0.6128,32,102,32,507888,97722,72471,35485,0.9052021193819705,0.26638990443445165
4247,0.6129,27,111,27,507999,97611,72498,35458,0.9041739227092519,0.2664632634197296
4248,0.613,26,133,26,508132,97478,72524,35432,0.9029419393086072,0.26658641185764803
4249,0.6131,45,155,45,508287,97323,72569,35387,0.9015061691800363,0.26664908446989677
4250,0.6132,33,79,33,508366,97244,72602,35354,0.9007743895661195,0.266625439297727
4251,0.6133,37,134,37,508500,97110,72639,35317,0.8995331431323873,0.2666903275011893
4252,0.6134,37,116,37,508616,96994,72676,35280,0.898458631294231,0.2667190831153515
4253,0.6135,48,142,48,508758,96852,72724,35232,0.8971432805957983,0.266739347687835
4254,0.6136,34,111,34,508869,96741,72758,35198,0.8961150839230798,0.2667747974442735
4255,0.6137,36,130,36,508999,96611,72794,35162,0.8949108896216977,0.2668376678075175
4256,0.6138,22,95,22,509094,96516,72816,35140,0.89403090147838,0.2669076988515525
4257,0.6139,37,106,37,509200,96410,72853,35103,0.8930490199710993,0.2669165785891889
4258,0.614,20,84,20,509284,96326,72873,35083,0.8922709251917448,0.2669756257181776
4259,0.6141,26,84,26,509368,96242,72899,35057,0.8914928304123902,0.26700127190610745
4260,0.6142,72,221,72,509589,96021,72971,34985,0.8894457001000408,0.26704883745782637
4261,0.6143,71,245,71,509834,95776,73042,34914,0.8871762569935899,0.2671512740071926
4262,0.6144,32,91,32,509925,95685,73074,34882,0.8863333209826225,0.26715785765162714
4263,0.6145,44,126,44,510051,95559,73118,34838,0.8851661788135907,0.2671687232068222
4264,0.6146,12,66,12,510117,95493,73130,34826,0.8845548186298121,0.26723655031115956
4265,0.6147,38,94,38,510211,95399,73168,34788,0.8836840935195821,0.2672156206072803
4266,0.6148,75,236,75,510447,95163,73243,34713,0.8814980177109193,0.2672780190335397
4267,0.6149,14,64,14,510511,95099,73257,34699,0.8809051835933158,0.2673307755127198
4268,0.615,71,163,71,510674,94936,73328,34628,0.8793953092000445,0.26726559846871045
4269,0.6151,24,128,24,510802,94808,73352,34604,0.8782096409648376,0.26739405928352855
4270,0.6152,24,70,24,510872,94738,73376,34580,0.8775612286487088,0.2674028364187507
4271,0.6153,49,121,49,510993,94617,73425,34531,0.8764404016451147,0.2673754142534147
4272,0.6154,23,82,23,511075,94535,73448,34508,0.8756808329319352,0.26741473772308455
4273,0.6155,51,165,51,511240,94370,73499,34457,0.8741524324724887,0.26746722348575996
4274,0.6156,44,136,44,511376,94234,73543,34413,0.8728926599725815,0.2674994364423578
4275,0.6157,31,127,31,511503,94107,73574,34382,0.871716254770462,0.2675871086240845
4276,0.6158,37,170,37,511673,93937,73611,34345,0.8701415391455778,0.26773046881090096
4277,0.6159,50,142,50,511815,93795,73661,34295,0.8688261884471451,0.2677414318057616
4278,0.616,50,166,50,511981,93629,73711,34245,0.8672885249546112,0.2678026807638769
4279,0.6161,25,82,25,512063,93547,73736,34220,0.8665289562414317,0.26783128663896
4280,0.6162,58,152,58,512215,93395,73794,34162,0.8651209752121235,0.26781752471444137
4281,0.6163,44,115,44,512330,93280,73838,34118,0.8640557264070547,0.2678064019843326
4282,0.6164,37,97,37,512427,93183,73875,34081,0.8631572121975619,0.26779764898164443
4283,0.6165,31,142,31,512569,93041,73906,34050,0.8618418614991292,0.26791826329165713
4284,0.6166,59,187,59,512756,92854,73965,33991,0.8601096743117567,0.2679727226142142
4285,0.6167,52,157,52,512913,92697,74017,33939,0.8586553781170106,0.2680043589500616
4286,0.6168,28,95,28,513008,92602,74045,33911,0.857775389973693,0.26804360026242363
4287,0.6169,70,238,70,513246,92364,74115,33841,0.8555707880988551,0.26814310051107326
4288,0.617,30,125,30,513371,92239,74145,33811,0.8544129089629108,0.26823482744942484
4289,0.6171,32,146,32,513517,92093,74177,33779,0.8530605061321279,0.2683599211897801
4290,0.6172,19,73,19,513590,92020,74196,33760,0.8523843047167364,0.2684051518524408
4291,0.6173,26,92,26,513682,91928,74222,33734,0.8515321056726814,0.2684502872785727
4292,0.6174,41,121,41,513803,91807,74263,33693,0.8504112786690874,0.26847011952191235
4293,0.6175,33,96,33,513899,91711,74296,33660,0.8495220274926822,0.2684831420344418
4294,0.6176,36,156,36,514055,91555,74332,33624,0.8480769943310238,0.26860735426868726
4295,0.6177,33,104,33,514159,91451,74365,33591,0.8471136388899181,0.26863773772012606
4296,0.6178,21,94,21,514253,91357,74386,33570,0.846242913779688,0.2687169306875215
4297,0.6179,35,95,35,514348,91262,74421,33535,0.8453629256363704,0.2687163954261721
4298,0.618,13,67,13,514415,91195,74434,33522,0.8447423024195042,0.2687845281717809
4299,0.6181,27,102,27,514517,91093,74461,33495,0.8437974730445738,0.26884611680097603
4300,0.6182,39,167,39,514684,90926,74500,33456,0.8422505465189521,0.268977826373591
4301,0.6183,38,158,38,514842,90768,74538,33418,0.8407869872911186,0.2690963554667998
4302,0.6184,32,119,32,514961,90649,74570,33386,0.8396846863536996,0.2691659612206232
4303,0.6185,50,112,50,515073,90537,74620,33336,0.8386472266478936,0.269114334842944
4304,0.6186,34,134,34,515207,90403,74654,33302,0.8374059802141613,0.269204963421042
4305,0.6187,52,204,52,515411,90199,74706,33250,0.8355163214643002,0.2693419954799148
4306,0.6188,36,105,36,515516,90094,74742,33214,0.834543702990107,0.2693580302981153
4307,0.6189,77,287,77,515803,89807,74819,33137,0.8318852124939791,0.2695292165538782
4308,0.619,55,191,55,515994,89616,74874,33082,0.8301159731742562,0.26962134672121796
4309,0.6191,21,75,21,516069,89541,74895,33061,0.8294212456926896,0.2696611800786284
4310,0.6192,34,99,34,516168,89442,74929,33027,0.8285042054170217,0.2696764079073072
4311,0.6193,66,212,66,516380,89230,74995,32961,0.8265404424024603,0.2697498179080292
4312,0.6194,58,159,58,516539,89071,75053,32903,0.8250676201415391,0.2697542099135881
4313,0.6195,44,168,44,516707,88903,75097,32859,0.82351143058283,0.2698625186839901
4314,0.6196,54,165,54,516872,88738,75151,32805,0.8219830301233836,0.2699044782504957
4315,0.6197,35,127,35,516999,88611,75186,32770,0.8208066249212642,0.26997635544277937
4316,0.6198,51,204,51,517203,88407,75237,32719,0.8189169661714032,0.27012367286957384
4317,0.6199,43,120,43,517323,88287,75280,32676,0.8178054022008967,0.2701321891818159
4318,0.62,32,132,32,517455,88155,75312,32644,0.8165826818333395,0.27023402511610195
4319,0.6201,39,112,39,517567,88043,75351,32605,0.8155452221275334,0.27024898879384657
4320,0.6202,50,120,50,517687,87923,75401,32555,0.814433658157027,0.27021530901907403
4321,0.6203,25,91,25,517778,87832,75426,32530,0.8135907221460595,0.27026802479187784
4322,0.6204,48,155,48,517933,87677,75474,32482,0.8121549520174886,0.27032515250626254
4323,0.6205,80,217,80,518150,87460,75554,32402,0.8101448738374893,0.2703275433415094
4324,0.6206,26,123,26,518273,87337,75580,32376,0.8090055207677201,0.2704468186412503
4325,0.6207,57,224,57,518497,87113,75637,32319,0.8069306013561081,0.27060586777413087
4326,0.6208,37,137,37,518634,86976,75674,32282,0.8056615658231131,0.2706904358617451
4327,0.6209,36,109,36,518743,86867,75710,32246,0.8046518952165698,0.2707177218271725
4328,0.621,52,185,52,518928,86682,75762,32194,0.8029382340953722,0.2708200141323732
4329,0.6211,49,187,49,519115,86495,75811,32145,0.8012060469079996,0.2709457181389076
4330,0.6212,35,102,35,519217,86393,75846,32110,0.800261217533069,0.2709636042969376
4331,0.6213,60,158,60,519375,86235,75906,32050,0.7987976583052354,0.27095574248636767
4332,0.6214,38,123,38,519498,86112,75944,32012,0.7976583052354663,0.27100335240933254
4333,0.6215,32,84,32,519582,86028,75976,31980,0.7968802104561118,0.27099857636770386
4334,0.6216,49,192,49,519774,85836,76025,31931,0.7951017081033014,0.2711370757512716
4335,0.6217,30,55,30,519829,85781,76055,31901,0.7945922412834858,0.2710779898370184
4336,0.6218,45,156,45,519985,85625,76100,31856,0.7931472081218274,0.2711587405623037
4337,0.6219,41,120,41,520105,85505,76141,31815,0.7920356441513209,0.27118138424821003
4338,0.622,59,163,59,520268,85342,76200,31756,0.7905257697580496,0.2711916514372577
4339,0.6221,22,87,22,520355,85255,76222,31734,0.7897198858794323,0.27125627195719254
4340,0.6222,30,80,30,520435,85175,76252,31704,0.7889788432324281,0.2712548875332609
4341,0.6223,42,137,42,520572,85038,76294,31662,0.7877098076994331,0.27131105398457583
4342,0.6224,64,160,64,520732,84878,76358,31598,0.7862277224054244,0.2712833545108005
4343,0.6225,60,207,60,520939,84671,76418,31538,0.7843102745563008,0.2713903398187748
4344,0.6226,56,112,56,521051,84559,76474,31482,0.7832728148504946,0.2713006609732767
4345,0.6227,37,133,37,521184,84426,76511,31445,0.7820408314498499,0.2713793787919324
4346,0.6228,29,157,29,521341,84269,76540,31416,0.7805865352551039,0.271565025716385
4347,0.6229,47,191,47,521532,84078,76587,31369,0.7788172959353811,0.2717177579322113
4348,0.623,43,144,43,521676,83934,76630,31326,0.7774834191707732,0.2717855283706403
4349,0.6231,42,141,42,521817,83793,76672,31284,0.7761773315054281,0.2718527594567116
4350,0.6232,42,146,42,521963,83647,76714,31242,0.7748249286746453,0.2719320387504461
4351,0.6233,38,113,38,522076,83534,76752,31204,0.7737782059357516,0.2719587233523331
4352,0.6234,47,164,47,522240,83370,76799,31157,0.7722590685093927,0.2720493857343683
4353,0.6235,27,77,27,522317,83293,76826,31130,0.7715458149616511,0.27206068709962156
4354,0.6236,41,124,41,522441,83169,76867,31089,0.7703971988587943,0.2720947329727459
4355,0.6237,33,128,33,522569,83041,76900,31056,0.7692115306235874,0.27218945283399215
4356,0.6238,31,100,31,522669,82941,76931,31025,0.768285227314832,0.2722303143042662
4357,0.6239,29,79,29,522748,82862,76960,30996,0.7675534477009152,0.2722338351279664
4358,0.624,30,80,30,522828,82782,76990,30966,0.7668124050539109,0.27223335794915077
4359,0.6241,61,164,61,522992,82618,77051,30905,0.765293267627552,0.2722355822168195
4360,0.6242,20,90,20,523082,82528,77071,30885,0.7644595946496721,0.27232327863648786
4361,0.6243,43,145,43,523227,82383,77114,30842,0.7631164548519768,0.27239567233384854
4362,0.6244,36,157,36,523384,82226,77150,30806,0.7616621586572307,0.2725422889093354
4363,0.6245,39,127,39,523511,82099,77189,30767,0.7604857534551114,0.2725975936065777
4364,0.6246,34,76,34,523587,82023,77223,30733,0.7597817629404572,0.2725619922664869
4365,0.6247,32,140,32,523727,81883,77255,30701,0.7584849383081996,0.27269416613373126
4366,0.6248,27,136,27,523863,81747,77282,30674,0.7572251658082922,0.27284937867480274
4367,0.6249,64,153,64,524016,81594,77346,30610,0.7558079217458965,0.2728066735588749
4368,0.625,29,111,29,524127,81483,77375,30581,0.7547797250731779,0.27288870645345514
4369,0.6251,40,119,40,524246,81364,77415,30541,0.753677424135759,0.2729189937893749
4370,0.6252,43,137,43,524383,81227,77458,30498,0.752408388602764,0.27297381964645334
4371,0.6253,37,127,37,524510,81100,77495,30461,0.7512319834006447,0.2730434470827619
4372,0.6254,67,200,67,524710,80900,77562,30394,0.7493793767831338,0.27309648318867147
4373,0.6255,27,91,27,524801,80809,77589,30367,0.7485364407721664,0.27314348420522416
4374,0.6256,41,137,41,524938,80672,77630,30326,0.7472674052391716,0.27321212994828736
4375,0.6257,64,193,64,525131,80479,77694,30262,0.7454796398532736,0.27326825656261006
4376,0.6258,52,151,52,525282,80328,77746,30210,0.7440809218570529,0.2732996797481409
4377,0.6259,53,160,53,525442,80168,77799,30157,0.7425988365630442,0.2733469295263993
4378,0.626,55,182,55,525624,79986,77854,30102,0.7409129645411093,0.2734357968170918
4379,0.6261,43,129,43,525753,79857,77897,30059,0.7397180332728148,0.27347246988609486
4380,0.6262,15,50,15,525803,79807,77912,30044,0.7392548816184371,0.273497737844899
4381,0.6263,23,102,23,525905,79705,77935,30021,0.7383100522435067,0.27359969378269505
4382,0.6264,23,86,23,525991,79619,77958,29998,0.737513431397977,0.2736619319995986
4383,0.6265,47,138,47,526129,79481,78005,29951,0.7362351328318945,0.2736950800497112
4384,0.6266,29,119,29,526248,79362,78034,29922,0.7351328318944755,0.2738003733391896
4385,0.6267,36,104,36,526352,79258,78070,29886,0.7341694764533699,0.27382174008649124
4386,0.6268,29,122,29,526474,79136,78099,29857,0.7330393864166883,0.27393502335012343
4387,0.6269,33,109,33,526583,79027,78132,29824,0.7320297158101449,0.273989214614473
4388,0.627,40,103,40,526686,78924,78172,29784,0.7310756234021268,0.27398167568164256
4389,0.6271,35,115,35,526801,78809,78207,29749,0.7300103745970581,0.2740378415225041
4390,0.6272,23,93,23,526894,78716,78230,29726,0.7291489125199155,0.2741188838272994
4391,0.6273,47,136,47,527030,78580,78277,29679,0.7278891400200082,0.2741481077785681
4392,0.6274,43,138,43,527168,78442,78320,29636,0.7266108414539256,0.2742093673087955
4393,0.6275,68,217,68,527385,78225,78388,29568,0.7246007632739264,0.2743035262030002
4394,0.6276,63,149,63,527534,78076,78451,29505,0.7232205713438808,0.27425846571420603
4395,0.6277,32,122,32,527656,77954,78483,29473,0.7220904813071992,0.27435374719577016
4396,0.6278,31,101,31,527757,77853,78514,29442,0.7211549149653562,0.2744023486648958
4397,0.6279,41,144,41,527901,77709,78555,29401,0.7198210382007485,0.27449351134347866
4398,0.628,113,290,113,528191,77419,78668,29288,0.7171347586053577,0.27447121557161197
4399,0.6281,34,89,34,528280,77330,78702,29254,0.7163103486605654,0.27446896344667115
4400,0.6282,47,144,47,528424,77186,78749,29207,0.7149764718959576,0.2745199402216311
4401,0.6283,32,85,32,528509,77101,78781,29175,0.7141891140835155,0.2745210583763032
4402,0.6284,38,119,38,528628,76982,78819,29137,0.7130868131460966,0.27456911580395593
4403,0.6285,49,151,49,528779,76831,78868,29088,0.7116880951498759,0.274624949253675
4404,0.6286,40,136,40,528915,76695,78908,29048,0.7104283226499685,0.2747037628968348
4405,0.6287,35,105,35,529020,76590,78943,29013,0.7094557041757753,0.27473651316723957
4406,0.6288,30,130,30,529150,76460,78973,28983,0.7082515098743932,0.2748688865074021
4407,0.6289,23,87,23,529237,76373,78996,28960,0.7074456259957761,0.274937578916389
4408,0.629,29,112,29,529349,76261,79025,28931,0.7064081662899699,0.2750304205643015
4409,0.6291,38,127,38,529476,76134,79063,28893,0.7052317610878506,0.2751006883944129
4410,0.6292,38,145,38,529621,75989,79101,28855,0.7038886212901553,0.2752184197474343
4411,0.6293,42,129,42,529750,75860,79143,28813,0.7026936900218608,0.2752667832201236
4412,0.6294,20,72,20,529822,75788,79163,28793,0.7020267516395569,0.2753176963310735
4413,0.6295,25,90,25,529912,75698,79188,28768,0.701193078661677,0.2753814638255509
4414,0.6296,54,139,54,530051,75559,79242,28714,0.6999055170625069,0.2753732989364457
4415,0.6297,36,123,36,530174,75436,79278,28678,0.6987661639927378,0.27544806654244386
4416,0.6298,39,120,39,530294,75316,79317,28639,0.6976546000222312,0.2754942042229811
4417,0.6299,64,179,64,530473,75137,79381,28575,0.6959965170995591,0.27552260104905896
4418,0.63,30,108,30,530581,75029,79411,28545,0.6949961095261032,0.27560005406762317
4419,0.6301,22,75,22,530656,74954,79433,28523,0.6943013820445366,0.27564579568406505
4420,0.6302,30,112,30,530768,74842,79463,28493,0.6932639223387306,0.2757342623506073
4421,0.6303,36,129,36,530897,74713,79499,28457,0.6920689910704361,0.27582630609673353
4422,0.6304,39,139,39,531036,74574,79538,28418,0.6907814294712661,0.27592434363834084
4423,0.6305,25,104,25,531140,74470,79563,28393,0.6898180740301605,0.2760273373321797
4424,0.6306,21,73,21,531213,74397,79584,28372,0.689141872614769,0.2760754702293493
4425,0.6307,44,138,44,531351,74259,79628,28328,0.6878635740486865,0.27613635255929114
4426,0.6308,34,85,34,531436,74174,79662,28294,0.6870762162362444,0.2761252293398915
4427,0.6309,47,124,47,531560,74050,79709,28247,0.6859276001333877,0.2761273546633821
4428,0.631,43,157,43,531717,73893,79752,28204,0.6844733039386417,0.27624709834764977
4429,0.6311,51,150,51,531867,73743,79803,28153,0.6830838489755086,0.27629151291512916
4430,0.6312,31,107,31,531974,73636,79834,28122,0.6820927044351403,0.27636156370997855
4431,0.6313,47,135,47,532109,73501,79881,28075,0.6808421949683204,0.27639403008584706
4432,0.6314,37,81,37,532190,73420,79918,28038,0.6800918892882285,0.27635080525931915
4433,0.6315,38,121,38,532311,73299,79956,28000,0.6789710622846344,0.2764094413567755
4434,0.6316,35,121,35,532432,73178,79991,27965,0.6778502352810404,0.2764897224721434
4435,0.6317,35,114,35,532546,73064,80026,27930,0.6767942495090592,0.27655108224250946
4436,0.6318,34,87,34,532633,72977,80060,27896,0.6759883656304421,0.27654575555401345
4437,0.6319,49,151,49,532784,72826,80109,27847,0.6745896476342214,0.27660842529774615
4438,0.632,50,163,50,532947,72663,80159,27797,0.67307977324095,0.27669719291260203
4439,0.6321,58,142,58,533089,72521,80217,27739,0.6717644225425173,0.2766706562936365
4440,0.6322,52,161,52,533250,72360,80269,27687,0.6702730742154211,0.276739932231851
4441,0.6323,37,97,37,533347,72263,80306,27650,0.6693745600059283,0.2767407644650846
4442,0.6324,21,37,21,533384,72226,80327,27629,0.6690318277816888,0.2766912022432527
4443,0.6325,47,154,47,533538,72072,80374,27582,0.6676053206862055,0.27677765067132276
4444,0.6326,57,111,57,533649,71961,80431,27525,0.666577124013487,0.2766720945660696
4445,0.6327,37,99,37,533748,71862,80468,27488,0.6656600837378192,0.27667840966280827
4446,0.6328,43,129,43,533877,71733,80511,27445,0.6644651524695246,0.2767246768436548
4447,0.6329,32,119,32,533996,71614,80543,27413,0.6633628515321057,0.27682349258283095
4448,0.633,40,149,40,534145,71465,80583,27373,0.6619826596020602,0.2769481373560776
4449,0.6331,19,76,19,534221,71389,80602,27354,0.661278669087406,0.2770221686600569
4450,0.6332,8,66,8,534287,71323,80610,27346,0.6606673089036273,0.27714885120959976
4451,0.6333,31,99,31,534386,71224,80641,27315,0.6597502686279595,0.2771998903987254
4452,0.6334,33,122,33,534508,71102,80674,27282,0.658620178591278,0.2773011871849081
4453,0.6335,47,124,47,534632,70978,80721,27235,0.6574715624884212,0.2773054483622331
4454,0.6336,38,111,38,534743,70867,80759,27197,0.6564433658157027,0.27733928862783486
4455,0.6337,26,104,26,534847,70763,80785,27171,0.655480010374597,0.27744195070149286
4456,0.6338,38,78,38,534925,70685,80823,27133,0.6547574937937678,0.27738248584105174
4457,0.6339,21,78,21,535003,70607,80844,27112,0.6540349772129386,0.2774486026258967
4458,0.634,32,78,32,535081,70529,80876,27080,0.6533124606321093,0.2774334333924126
4459,0.6341,58,174,58,535255,70355,80934,27022,0.651700692874875,0.2774987933495589
4460,0.6342,52,179,52,535434,70176,80986,26970,0.6500426099522028,0.27762337100858503
4461,0.6343,36,105,36,535539,70071,81022,26934,0.6490699914780096,0.2776557909386114
4462,0.6344,73,195,73,535734,69876,81095,26861,0.6472637000259365,0.2776703846511676
4463,0.6345,50,219,50,535953,69657,81145,26811,0.6452350957797621,0.2779263589998756
4464,0.6346,25,104,25,536057,69553,81170,26786,0.6442717403386565,0.27803900808602955
4465,0.6347,46,133,46,536190,69420,81216,26740,0.6430397569380117,0.2780782029950083
4466,0.6348,51,139,51,536329,69281,81267,26689,0.6417521953388418,0.27809732207981663
4467,0.6349,34,95,34,536424,69186,81301,26655,0.6408722071955241,0.2781168810842959
4468,0.635,34,106,34,536530,69080,81335,26621,0.6398903256882433,0.2781684621895278
4469,0.6351,27,91,27,536621,68989,81362,26594,0.6390473896772759,0.2782293922559451
4470,0.6352,67,158,67,536779,68831,81429,26527,0.6375838304494423,0.27818326726651144
4471,0.6353,52,125,52,536904,68706,81481,26475,0.6364259513134981,0.27815425347495826
4472,0.6354,39,107,39,537011,68599,81520,26436,0.6354348067731298,0.2781712000841795
4473,0.6355,48,135,48,537146,68464,81568,26388,0.63418429730631,0.27820183021971073
4474,0.6356,33,118,33,537264,68346,81601,26355,0.6330912594019786,0.2782969556815662
4475,0.6357,31,76,31,537340,68270,81632,26324,0.6323872688873244,0.27828403492821957
4476,0.6358,30,78,30,537418,68192,81662,26294,0.6316647523064952,0.2782846135935482
4477,0.6359,44,99,44,537517,68093,81706,26250,0.6307477120308274,0.27824003900660355
4478,0.636,22,71,22,537588,68022,81728,26228,0.630090036681611,0.27828116710875334
4479,0.6361,69,153,69,537741,67869,81797,26159,0.6286727926192153,0.2782043646573361
4480,0.6362,59,162,59,537903,67707,81856,26100,0.6271721812590314,0.27823083565192364
4481,0.6363,32,116,32,538019,67591,81888,26068,0.6260976694208752,0.2783288311854707
4482,0.6364,43,104,43,538123,67487,81931,26025,0.6251343139797695,0.2783065275044914
4483,0.6365,43,154,43,538277,67333,81974,25982,0.6237078068842862,0.27843326367679366
4484,0.6366,63,128,63,538405,67205,82037,25919,0.6225221386490792,0.2783278209698896
4485,0.6367,38,134,38,538539,67071,82075,25881,0.621280892215347,0.278434030467338
4486,0.6368,32,97,32,538636,66974,82107,25849,0.6203823780058543,0.27847623972506813
4487,0.6369,41,93,41,538729,66881,82148,25808,0.6195209159287117,0.2784364919246081
4488,0.637,25,64,25,538793,66817,82173,25783,0.6189280818111083,0.2784341252699784
4489,0.6371,45,115,45,538908,66702,82218,25738,0.6178628330060395,0.27842925140631763
4490,0.6372,32,95,32,539003,66607,82250,25706,0.6169828448627218,0.27846565489151043
4491,0.6373,40,98,40,539101,66509,82290,25666,0.6160750676201415,0.27844860320043396
4492,0.6374,47,188,47,539289,66321,82337,25619,0.6143336173996814,0.2786491189906461
4493,0.6375,40,116,40,539405,66205,82377,25579,0.6132591055615251,0.2786869171097359
4494,0.6376,40,107,40,539512,66098,82417,25539,0.6122679610211568,0.278697469362812
4495,0.6377,33,111,33,539623,65987,82450,25506,0.6112397643484383,0.2787754254423836
4496,0.6378,51,174,51,539797,65813,82501,25455,0.6096279965912038,0.2789038874523382
4497,0.6379,57,153,57,539950,65660,82558,25398,0.6082107525288081,0.2789211271936568
4498,0.638,39,128,39,540078,65532,82597,25359,0.6070250842936011,0.2790045218998581
4499,0.6381,48,169,48,540247,65363,82645,25311,0.6054596317018044,0.27914286344486844
4500,0.6382,48,101,48,540348,65262,82693,25263,0.6045240653599615,0.27907207953603974
4501,0.6383,59,146,59,540494,65116,82752,25204,0.6031716625291785,0.279052258635961
4502,0.6384,73,257,73,540751,64859,82825,25131,0.6007910630256771,0.2792643627069674
4503,0.6385,32,105,32,540856,64754,82857,25099,0.5998184445514839,0.27933402334924823
4504,0.6386,34,99,34,540955,64655,82891,25065,0.5989014042758161,0.27936914846188143
4505,0.6387,32,108,32,541063,64547,82923,25033,0.5979009967023602,0.2794485376200045
4506,0.6388,34,117,34,541180,64430,82957,24999,0.5968172218311164,0.2795401938968344
4507,0.6389,37,108,37,541288,64322,82994,24962,0.5958168142576605,0.27957976793154427
4508,0.639,25,117,25,541405,64205,83019,24937,0.5947330393864166,0.27974467703215095
4509,0.6391,26,93,26,541498,64112,83045,24911,0.5938715773092742,0.27982656167507275
4510,0.6392,47,110,47,541608,64002,83092,24864,0.5928526436696432,0.2797920464519614
4511,0.6393,22,78,22,541686,63924,83114,24842,0.592130127088814,0.2798594056282811
4512,0.6394,42,125,42,541811,63799,83156,24800,0.5909722479528697,0.2799128658337002
4513,0.6395,39,93,39,541904,63706,83195,24761,0.5901107858757272,0.279889676376502
4514,0.6396,46,183,46,542087,63523,83241,24715,0.5884156508207047,0.2800947437611913
4515,0.6397,22,79,22,542166,63444,83263,24693,0.587683871206788,0.2801661050410157
4516,0.6398,47,196,47,542362,63248,83310,24646,0.5858683167216273,0.28040594352287984
4517,0.6399,36,131,36,542493,63117,83346,24610,0.5846548593871578,0.28052936952135604
4518,0.64,17,73,17,542566,63044,83363,24593,0.5839786579717663,0.28062348094982714
4519,0.6401,34,87,34,542653,62957,83397,24559,0.583172774093149,0.2806229717994424
4520,0.6402,53,128,53,542781,62829,83450,24506,0.5819871058579421,0.2805976985172039
4521,0.6403,37,135,37,542916,62694,83487,24469,0.5807365963911223,0.2807269139428427
4522,0.6404,36,120,36,543036,62574,83523,24433,0.5796250324206158,0.28081648602985965
4523,0.6405,45,175,45,543211,62399,83568,24388,0.5780040016302939,0.28100982866097457
4524,0.6406,48,144,48,543355,62255,83616,24340,0.576670124865686,0.28107858421386916
4525,0.6407,41,128,41,543483,62127,83657,24299,0.5754844566304791,0.2811538194524796
4526,0.6408,43,148,43,543631,61979,83700,24256,0.5741135277335211,0.28127790340349046
4527,0.6409,26,84,26,543715,61895,83726,24230,0.5733354329541666,0.28133526850507984
4528,0.641,28,105,28,543820,61790,83754,24202,0.5723628144799733,0.2814447855614476
4529,0.6411,30,97,30,543917,61693,83784,24172,0.5714643002704806,0.2815116753042567
4530,0.6412,19,75,19,543992,61618,83803,24153,0.570769572788914,0.2815986755430157
4531,0.6413,33,96,33,544088,61522,83836,24120,0.5698803216125088,0.28163751430372946
4532,0.6414,47,90,47,544178,61432,83883,24073,0.569046648634629,0.28153909128121163
4533,0.6415,33,86,33,544264,61346,83916,24040,0.5682500277890993,0.28154498395521516
4534,0.6416,27,102,27,544366,61244,83943,24013,0.5673051984141687,0.28165429231617345
4535,0.6417,38,95,38,544461,61149,83981,23975,0.5664252102708511,0.28164794887458294
4536,0.6418,28,129,28,544590,61020,84009,23947,0.5652302790025566,0.2818388315463651
4537,0.6419,45,108,45,544698,60912,84054,23902,0.5642298714291007,0.28181668120829106
4538,0.642,12,96,12,544794,60816,84066,23890,0.5633406202526955,0.2820343305078743
4539,0.6421,28,80,28,544874,60736,84094,23862,0.5625995776056912,0.28206340575427313
4540,0.6422,51,177,51,545051,60559,84145,23811,0.5609600207491942,0.28222116866184666
4541,0.6423,24,95,24,545146,60464,84169,23787,0.5600800326058765,0.282334927775338
4542,0.6424,49,146,49,545292,60318,84218,23738,0.5587276297750936,0.28240696678404875
4543,0.6425,64,177,64,545469,60141,84282,23674,0.5570880729185964,0.28245540774324407
4544,0.6426,34,78,34,545547,60063,84316,23640,0.5563655563377672,0.28242715314863265
4545,0.6427,38,108,38,545655,59955,84354,23602,0.5553651487643114,0.28246586162739207
4546,0.6428,33,140,33,545795,59815,84387,23569,0.5540683241320538,0.2826561450638012
4547,0.6429,53,133,53,545928,59682,84440,23516,0.5528363407314091,0.2826510252650304
4548,0.643,30,93,30,546021,59589,84470,23486,0.5519748786542665,0.2827083960276858
4549,0.6431,33,74,33,546095,59515,84503,23453,0.5512894142057876,0.28267524828849677
4550,0.6432,49,155,49,546250,59360,84552,23404,0.5498536440772166,0.282779952636412
4551,0.6433,45,107,45,546357,59253,84597,23359,0.5488624995368483,0.2827555318839878
4552,0.6434,34,87,34,546444,59166,84631,23325,0.5480566156582312,0.2827581190675346
4553,0.6435,27,65,27,546509,59101,84658,23298,0.5474545185075401,0.2827461498319154
4554,0.6436,31,81,31,546590,59020,84689,23267,0.5467042128274482,0.2827542625202037
4555,0.6437,68,193,68,546783,58827,84757,23199,0.5449164474415502,0.2828249579401653
4556,0.6438,34,101,34,546884,58726,84791,23165,0.5439808810997073,0.28287601812164953
4557,0.6439,25,64,25,546948,58662,84816,23140,0.5433880469821039,0.2828781692379159
4558,0.644,56,169,56,547117,58493,84872,23084,0.5418225943903071,0.2829719161038038
4559,0.6441,48,76,48,547193,58417,84920,23036,0.541118603875653,0.282813401593557
4560,0.6442,45,136,45,547329,58281,84965,22991,0.5398588313757456,0.28288955605866717
4561,0.6443,38,117,38,547446,58164,85003,22953,0.5387750565045019,0.28296164798994045
4562,0.6444,37,94,37,547540,58070,85040,22916,0.5379043313942717,0.28296248734349144
4563,0.6445,30,119,30,547659,57951,85070,22886,0.5368020304568528,0.28311293095983275
4564,0.6446,31,90,31,547749,57861,85101,22855,0.5359683574789729,0.2831532781604639
4565,0.6447,68,199,68,547948,57662,85169,22787,0.5341250138945496,0.2832477718803217
4566,0.6448,49,134,49,548082,57528,85218,22738,0.5328837674608173,0.28328308374654276
4567,0.6449,47,131,47,548213,57397,85265,22691,0.5316703101263478,0.2833258415742683
4568,0.645,32,72,32,548285,57325,85297,22659,0.5310033717440439,0.28329415883176634
4569,0.6451,24,63,24,548348,57262,85321,22635,0.530419800659528,0.2833022516489981
4570,0.6452,30,84,30,548432,57178,85351,22605,0.5296417058801735,0.28333103543361365
4571,0.6453,45,97,45,548529,57081,85396,22560,0.5287431916706806,0.28327117941763663
4572,0.6454,11,49,11,548578,57032,85407,22549,0.5282893030493905,0.28334652743745364
4573,0.6455,26,71,26,548649,56961,85433,22523,0.5276316277001741,0.28336520557596495
4574,0.6456,38,118,38,548767,56843,85471,22485,0.5265385897958428,0.2834434247680516
4575,0.6457,35,100,35,548867,56743,85506,22450,0.5256122864870874,0.2834846514212115
4576,0.6458,25,90,25,548957,56653,85531,22425,0.5247786135092074,0.2835807683552948
4577,0.6459,38,121,38,549078,56532,85569,22387,0.5236577865056133,0.2836705989685627
4578,0.646,22,83,22,549161,56449,85591,22365,0.5228889547593464,0.2837693810744284
4579,0.6461,30,109,30,549270,56340,85621,22335,0.521879284152803,0.2838894184938036
4580,0.6462,47,117,47,549387,56223,85668,22288,0.5207955092815592,0.28388378698526323
4581,0.6463,26,104,26,549491,56119,85694,22262,0.5198321538404536,0.2840229137163343
4582,0.6464,30,133,30,549624,55986,85724,22232,0.5186001704398088,0.2842312511186683
4583,0.6465,24,81,24,549705,55905,85748,22208,0.517849864759717,0.2843060694122617
4584,0.6466,25,57,25,549762,55848,85773,22183,0.5173218718737264,0.2842844510515052
4585,0.6467,25,68,25,549830,55780,85798,22158,0.5166919856237726,0.2843029074392466
4586,0.6468,26,81,26,549911,55699,85824,22132,0.5159416799436808,0.28435970243219283
4587,0.6469,27,96,27,550007,55603,85851,22105,0.5150524287672755,0.2844623462191795
4588,0.647,27,81,27,550088,55522,85878,22078,0.5143021230871837,0.2845103092783505
4589,0.6471,38,134,38,550222,55388,85916,22040,0.5130608766534515,0.2846515472438911
4590,0.6472,39,114,39,550336,55274,85955,22001,0.5120048908814703,0.2847104496926561
4591,0.6473,55,192,55,550528,55082,86010,21946,0.5102263885286599,0.28490938360076856
4592,0.6474,47,181,47,550709,54901,86057,21899,0.5085497795398125,0.2851432291666667
4593,0.6475,22,49,22,550758,54852,86079,21877,0.5080958909185224,0.2851203586649116
4594,0.6476,30,82,30,550840,54770,86109,21847,0.507336322205343,0.28514559431979847
4595,0.6477,47,120,47,550960,54650,86156,21800,0.5062247582348364,0.28515369522563766
4596,0.6478,36,119,36,551079,54531,86192,21764,0.5051224572974174,0.2852611573497608
4597,0.6479,34,103,34,551182,54428,86226,21730,0.5041683648893994,0.2853278710050159
4598,0.648,48,97,48,551279,54331,86274,21682,0.5032698506799066,0.285240682514833
4599,0.6481,25,101,25,551380,54230,86299,21657,0.5023342843380637,0.28538484852478024
4600,0.6482,21,107,21,551487,54123,86320,21636,0.5013431397976954,0.28558983091117884
4601,0.6483,28,86,28,551573,54037,86348,21608,0.5005465189521657,0.2856500760129553
4602,0.6484,22,68,22,551641,53969,86370,21586,0.49991663270221204,0.28569915955264374
4603,0.6485,55,149,55,551790,53820,86425,21531,0.4985364407721664,0.28574272405143925
4604,0.6486,54,133,54,551923,53687,86479,21477,0.49730445737152174,0.28573519237933054
4605,0.6487,42,115,42,552038,53572,86521,21435,0.496239208566453,0.28577332782273657
4606,0.6488,29,92,29,552130,53480,86550,21406,0.495387009522398,0.285847822022808
4607,0.6489,48,142,48,552272,53338,86598,21358,0.4940716588239653,0.28593231230587984
4608,0.649,24,79,24,552351,53259,86622,21334,0.4933398792100485,0.2860053892456397
4609,0.6491,67,218,67,552569,53041,86689,21267,0.49132053799696174,0.28620067825806106
4610,0.6492,16,53,16,552622,52988,86705,21251,0.49082959724332137,0.2862511617882784
4611,0.6493,15,73,15,552695,52915,86720,21236,0.4901533958279299,0.28638858545400603
4612,0.6494,29,89,29,552784,52826,86749,21207,0.48932898588313756,0.2864533383761296
4613,0.6495,50,110,50,552894,52716,86799,21157,0.4883100522435066,0.2863969244514234
4614,0.6496,27,90,27,552984,52626,86826,21130,0.48747637926562676,0.2864851673084224
4615,0.6497,30,93,30,553077,52533,86856,21100,0.4866149171884842,0.2865562994852851
4616,0.6498,36,107,36,553184,52426,86892,21064,0.4856237726481159,0.28662403048033747
4617,0.6499,37,81,37,553265,52345,86929,21027,0.484873466968024,0.2865807119882244
4618,0.65,25,66,25,553331,52279,86954,21002,0.4842621067842454,0.28659543401427384
4619,0.6501,36,140,36,553471,52139,86990,20966,0.48296528215198786,0.2867929690171671
4620,0.6502,36,116,36,553587,52023,87026,20930,0.48189077031383154,0.2868970433018519
4621,0.6503,49,138,49,553725,51885,87075,20881,0.48061247174774907,0.286960943297694
4622,0.6504,30,76,30,553801,51809,87105,20851,0.479908481233095,0.2869666941921277
4623,0.6505,18,48,18,553849,51761,87123,20833,0.47946385564489236,0.28697964019064937
4624,0.6506,48,125,48,553974,51636,87171,20785,0.47830597650894807,0.2870023888098756
4625,0.6507,41,94,41,554068,51542,87212,20744,0.477435251398718,0.2869711977423014
4626,0.6508,65,214,65,554282,51328,87277,20679,0.4754529623179814,0.28718041301540126
4627,0.6509,26,83,26,554365,51245,87303,20653,0.4746841305717144,0.28725416562352224
4628,0.651,40,150,40,554515,51095,87343,20613,0.4732946756085813,0.28745746639147657
4629,0.6511,26,55,26,554570,51040,87369,20587,0.4727852087887658,0.28741954849428286
4630,0.6512,36,120,36,554690,50920,87405,20551,0.4716736448182593,0.28754319933959227
4631,0.6513,22,84,22,554774,50836,87427,20529,0.47089555003890476,0.2876620191970854
4632,0.6514,54,138,54,554912,50698,87481,20475,0.46961725147282224,0.28767931659477614
4633,0.6515,27,130,27,555042,50568,87508,20448,0.4684130571714402,0.2879351132139236
4634,0.6516,25,75,25,555117,50493,87533,20423,0.46771832968987365,0.28798860623836653
4635,0.6517,53,143,53,555260,50350,87586,20370,0.4663937159583534,0.28803733031674206
4636,0.6518,27,83,27,555343,50267,87613,20343,0.4656248842120864,0.288103668035689
4637,0.6519,25,94,25,555437,50173,87638,20318,0.4647541591018563,0.28823537756593043
4638,0.652,43,112,43,555549,50061,87681,20275,0.46371669939605026,0.2882592129208371
4639,0.6521,19,78,19,555627,49983,87700,20256,0.46299418281522103,0.288386793661641
4640,0.6522,24,86,24,555713,49897,87724,20232,0.46219756196969136,0.28849691283206663
4641,0.6523,46,104,46,555817,49793,87770,20186,0.4612342065285857,0.2884579659612169
4642,0.6524,27,46,27,555863,49747,87797,20159,0.4608081070065582,0.288372957972134
4643,0.6525,12,43,12,555906,49704,87809,20147,0.4604097965837934,0.2884282257949063
4644,0.6526,27,67,27,555973,49637,87836,20120,0.45978917336692726,0.2884298349986381
4645,0.6527,27,86,27,556059,49551,87863,20093,0.4589925525213976,0.2885101372695422
4646,0.6528,19,69,19,556128,49482,87882,20074,0.4583534032383564,0.2886019897636437
4647,0.6529,31,115,31,556243,49367,87913,20043,0.45728815443328763,0.28876242616337705
4648,0.653,46,134,46,556377,49233,87959,19997,0.4560469079995554,0.28884876498627765
4649,0.6531,19,62,19,556439,49171,87978,19978,0.455472599948127,0.2889123486962935
4650,0.6532,46,131,46,556570,49040,88024,19932,0.4542591426136574,0.2889868352374877
4651,0.6533,26,71,26,556641,48969,88050,19906,0.45360146726444106,0.289016333938294
4652,0.6534,50,141,50,556782,48828,88100,19856,0.45229537959909594,0.28909207384543706
4653,0.6535,35,114,35,556896,48714,88135,19821,0.45123939382711475,0.2892098927555264
4654,0.6536,30,74,30,556970,48640,88165,19791,0.45055392937863575,0.28921103008870247
4655,0.6537,26,87,26,557057,48553,88191,19765,0.4497480455000185,0.2893088205158231
4656,0.6538,10,75,10,557132,48478,88201,19755,0.44905331801845194,0.28952266498615037
4657,0.6539,30,90,30,557222,48388,88231,19725,0.4482196450405721,0.28959229515657803
4658,0.654,23,66,23,557288,48322,88254,19702,0.4476082848567935,0.28963307068093613
4659,0.6541,21,59,21,557347,48263,88275,19681,0.4470617659046278,0.2896650182503238
4660,0.6542,36,72,36,557419,48191,88311,19645,0.4463948275223239,0.2895954950173949
4661,0.6543,37,116,37,557535,48075,88348,19608,0.44532031568416763,0.2897034705908426
4662,0.6544,44,91,44,557626,47984,88392,19564,0.44447737967320017,0.2896310771599455
4663,0.6545,33,88,33,557714,47896,88425,19531,0.4436622327614954,0.2896614116006941
4664,0.6546,45,146,45,557860,47750,88470,19486,0.4423098299307125,0.2898149800702005
4665,0.6547,38,112,38,557972,47638,88508,19448,0.44127237022490645,0.2898965506961214
4666,0.6548,41,112,41,558084,47526,88549,19407,0.44023491051910035,0.28994666308099143
4667,0.6549,20,60,20,558144,47466,88569,19387,0.4396791285338471,0.2899944654690141
4668,0.655,24,75,24,558219,47391,88593,19363,0.43898440105228054,0.29006501483057195
4669,0.6551,40,151,40,558370,47240,88633,19323,0.4375856830560599,0.290296410918979
4670,0.6552,28,79,28,558449,47161,88661,19295,0.4368539034421431,0.2903424822438907
4671,0.6553,21,52,21,558501,47109,88682,19274,0.4363722257215903,0.2903454197610834
4672,0.6554,66,139,66,558640,46970,88748,19208,0.43508466412242025,0.29024751427967
4673,0.6555,28,71,28,558711,46899,88776,19180,0.4344269887732039,0.2902586298218799
4674,0.6556,30,83,30,558794,46816,88806,19150,0.4336581570269369,0.29030106418457996
4675,0.6557,25,75,25,558869,46741,88831,19125,0.4329634295453703,0.2903622506300671
4676,0.6558,26,66,26,558935,46675,88857,19099,0.43235206936159176,0.2903730957521209
4677,0.6559,38,112,38,559047,46563,88895,19061,0.43131460965578566,0.29045775935633306
4678,0.656,27,80,27,559127,46483,88922,19034,0.43057356700878135,0.29052001770532837
4679,0.6561,29,78,29,559205,46405,88951,19005,0.42985105042795213,0.29055190337868825
4680,0.6562,21,73,21,559278,46332,88972,18984,0.4291748490125607,0.29064853940841445
4681,0.6563,27,53,27,559331,46279,88999,18957,0.4286839082589203,0.2905910846771721
4682,0.6564,47,138,47,559469,46141,89046,18910,0.4274056096928378,0.29069499315921354
4683,0.6565,23,74,23,559543,46067,89069,18887,0.4267201452443588,0.29077501000708195
4684,0.6566,25,95,25,559638,45972,89094,18862,0.4258401571010412,0.2909275997161983
4685,0.6567,30,100,30,559738,45872,89124,18832,0.42491385379228575,0.2910484668644906
4686,0.6568,56,144,56,559882,45728,89180,18776,0.42357997702767797,0.2910827235520278
4687,0.6569,55,102,55,559984,45626,89235,18721,0.4226351476527474,0.290938194476821
4688,0.657,48,117,48,560101,45509,89283,18673,0.42155137278150356,0.29093826929668754
4689,0.6571,39,93,39,560194,45416,89322,18634,0.420689910704361,0.29092896174863386
4690,0.6572,46,149,46,560343,45267,89368,18588,0.41930971877431544,0.29109701667841203
4691,0.6573,33,79,33,560422,45188,89401,18555,0.4185779391603987,0.2910907864392953
4692,0.6574,30,42,30,560464,45146,89431,18525,0.4181888917707214,0.2909487835906457
4693,0.6575,29,76,29,560540,45070,89460,18496,0.4174849012560673,0.2909731617531385
4694,0.6576,17,64,17,560604,45006,89477,18479,0.41689206713846383,0.29107663227534064
4695,0.6577,27,86,27,560690,44920,89504,18452,0.41609544629293416,0.2911696017168466
4696,0.6578,52,109,52,560799,44811,89556,18400,0.41508577568639077,0.29108857635538116
4697,0.6579,20,50,20,560849,44761,89576,18380,0.41462262403201305,0.2910945344546333
4698,0.658,34,77,34,560926,44684,89610,18346,0.41390937048427134,0.2910677455180073
4699,0.6581,51,147,51,561073,44537,89661,18295,0.4125477046204009,0.2911732874968169
4700,0.6582,36,71,36,561144,44466,89697,18259,0.41189002927118457,0.2910960542048625
4701,0.6583,17,41,17,561185,44425,89714,18242,0.4115102449145948,0.29109419630746647
4702,0.6584,22,56,22,561241,44369,89736,18220,0.4109915150616918,0.29110546581667707
4703,0.6585,35,111,35,561352,44258,89771,18185,0.40996331838897326,0.29122559774514356
4704,0.6586,21,54,21,561406,44204,89792,18164,0.4094631146022454,0.2912390969728066
4705,0.6587,27,86,27,561492,44118,89819,18137,0.4086664937567157,0.2913340293952293
4706,0.6588,26,61,26,561553,44057,89845,18111,0.4081014487383749,0.2913235104877107
4707,0.6589,41,67,41,561620,43990,89886,18070,0.40748082552150877,0.2911698356429262
4708,0.659,20,56,20,561676,43934,89906,18050,0.40696209566860575,0.29120418172431595
4709,0.6591,30,81,30,561757,43853,89936,18020,0.4062117899885138,0.29124173710665396
4710,0.6592,49,142,49,561899,43711,89985,17971,0.4048964392900811,0.29134917804221655
4711,0.6593,37,97,37,561996,43614,90022,17934,0.4039979250805884,0.29138233573796063
4712,0.6594,35,113,35,562109,43501,90057,17899,0.4029512023416948,0.291514657980456
4713,0.6595,32,96,32,562205,43405,90089,17867,0.4020619511652896,0.29160138399268837
4714,0.6596,48,105,48,562310,43300,90137,17819,0.40108933269109637,0.29154600042539963
4715,0.6597,39,108,39,562418,43192,90176,17780,0.4000889251176405,0.2916092632683855
4716,0.6598,20,99,20,562517,43093,90196,17760,0.39917188484197264,0.2918508536966132
4717,0.6599,20,82,20,562599,43011,90216,17740,0.3984123161287932,0.29201165412915014
4718,0.66,44,74,44,562673,42937,90260,17696,0.3977268516803142,0.2918542707766398
4719,0.6601,12,44,12,562717,42893,90272,17684,0.39731927822446184,0.29192597850669394
4720,0.6602,41,69,41,562786,42824,90313,17643,0.3966801289414206,0.29177898688540854
4721,0.6603,21,50,21,562836,42774,90334,17622,0.39621697728704286,0.2917742896880588
4722,0.6604,26,77,26,562913,42697,90360,17596,0.3955037237393012,0.29184150730598907
4723,0.6605,36,120,36,563033,42577,90396,17560,0.3943921597687947,0.29199993348520875
4724,0.6606,31,92,31,563125,42485,90427,17529,0.39353996072473973,0.2920818475689006
4725,0.6607,38,118,38,563243,42367,90465,17491,0.39244692282040833,0.2922082261351866
4726,0.6608,17,63,17,563306,42304,90482,17474,0.3918633517358924,0.29231489845762654
4727,0.6609,29,110,29,563416,42194,90511,17445,0.3908444180962614,0.29250993477422493
4728,0.661,40,79,40,563495,42115,90551,17405,0.3901126384823447,0.29242271505376344
4729,0.6611,37,95,37,563590,42020,90588,17368,0.389232650339027,0.2924496531285782
4730,0.6612,28,75,28,563665,41945,90616,17340,0.38853792285746047,0.2924854516319474
4731,0.6613,33,83,33,563748,41862,90649,17307,0.38776909111119345,0.2925011408000811
4732,0.6614,43,114,43,563862,41748,90692,17264,0.38671310533921227,0.2925506676608147
4733,0.6615,38,98,38,563960,41650,90730,17226,0.385805328096632,0.29258101773218287
4734,0.6616,35,112,35,564072,41538,90765,17191,0.3847678683908259,0.2927173968567488
4735,0.6617,30,60,30,564132,41478,90795,17161,0.38421208640557264,0.2926550589198315
4736,0.6618,24,58,24,564190,41420,90819,17137,0.3836748304864945,0.2926550198951449
4737,0.6619,21,71,21,564261,41349,90840,17116,0.38301715513727813,0.2927563499529633
4738,0.662,32,79,32,564340,41270,90872,17084,0.3822853755233614,0.2927648490249169
4739,0.6621,33,93,33,564433,41177,90905,17051,0.38142391344621884,0.29283162739575463
4740,0.6622,42,107,42,564540,41070,90947,17009,0.38043276890585054,0.29285972554623874
4741,0.6623,28,59,28,564599,41011,90975,16981,0.3798862499536848,0.29281625051731275
4742,0.6624,20,74,20,564673,40937,90995,16961,0.3792007855052058,0.29294621575874813
4743,0.6625,29,85,29,564758,40852,91024,16932,0.3784134276927637,0.2930222899072408
4744,0.6626,41,71,41,564829,40781,91065,16891,0.37775575234354736,0.29288042724372315
4745,0.6627,10,37,10,564866,40744,91075,16881,0.3774130201193079,0.29294577006507594
4746,0.6628,44,144,44,565010,40600,91119,16837,0.37607914335470005,0.29313856921496595
4747,0.6629,29,81,29,565091,40519,91148,16808,0.3753288376746082,0.293195178537164
4748,0.663,22,69,22,565160,40450,91170,16786,0.3746896883915669,0.2932769585575512
4749,0.6631,16,53,16,565213,40397,91186,16770,0.37419874763792654,0.2933510591774975
4750,0.6632,23,53,23,565266,40344,91209,16747,0.3737078068842862,0.2933387048746738
4751,0.6633,26,69,26,565335,40275,91235,16721,0.37306865760124497,0.29337146466418695
4752,0.6634,30,62,30,565397,40213,91265,16691,0.3724943495498166,0.29331857162941094
4753,0.6635,20,61,20,565458,40152,91285,16671,0.37192930453147577,0.29338472097566126
4754,0.6636,20,50,20,565508,40102,91305,16651,0.37146615287709805,0.29339418180536714
4755,0.6637,26,54,26,565562,40048,91331,16625,0.3709659490903702,0.2933495668131209
4756,0.6638,52,110,52,565672,39938,91383,16573,0.3699470154507392,0.2932703367485976
4757,0.6639,44,75,44,565747,39863,91427,16529,0.36925228796917264,0.29310895162434386
4758,0.664,29,73,29,565820,39790,91456,16500,0.36857608655378116,0.2931248889678451
4759,0.6641,31,83,31,565903,39707,91487,16469,0.3678072548075142,0.2931679008829393
4760,0.6642,18,43,18,565946,39664,91505,16451,0.36740894438474936,0.2931658201906798
4761,0.6643,18,37,18,565983,39627,91523,16433,0.36706621216050983,0.2931323581876561
4762,0.6644,30,93,30,566076,39534,91553,16403,0.3662047500833673,0.2932406099719327
4763,0.6645,34,84,34,566160,39450,91587,16369,0.36542665530401275,0.2932514018524158
4764,0.6646,33,81,33,566241,39369,91620,16336,0.36467634962392087,0.2932591329324118
4765,0.6647,36,106,36,566347,39263,91656,16300,0.36369446811664013,0.29336068966758455
4766,0.6648,25,54,25,566401,39209,91681,16275,0.3631942643299122,0.29332780621440413
4767,0.6649,49,97,49,566498,39112,91730,16226,0.3622957501204194,0.2932162347753804
4768,0.665,31,63,31,566561,39049,91761,16195,0.3617121790359035,0.29315400767504163
4769,0.6651,21,67,21,566628,38982,91782,16174,0.3610915558190374,0.2932409891942853
4770,0.6652,34,75,34,566703,38907,91816,16140,0.36039682833747083,0.29320398931821895
4771,0.6653,29,58,29,566761,38849,91845,16111,0.35985957241839267,0.2931404657933042
4772,0.6654,32,93,32,566854,38756,91877,16079,0.3589981103412501,0.29322512993526034
4773,0.6655,33,104,33,566958,38652,91910,16046,0.3580347549001445,0.2933562470291418
4774,0.6656,8,30,8,566988,38622,91918,16038,0.3577568639075179,0.2934138309549945
4775,0.6657,29,78,29,567066,38544,91947,16009,0.35703434732668865,0.29345773834619543
4776,0.6658,37,115,37,567181,38429,91984,15972,0.3559690985216199,0.2935975441627911
4777,0.6659,17,33,17,567214,38396,92001,15955,0.35566341842973065,0.29355485639638645
4778,0.666,19,76,19,567290,38320,92020,15936,0.3549594279150765,0.2937186670598643
4779,0.6661,17,63,17,567353,38257,92037,15919,0.3543758568305606,0.2938386001181335
4780,0.6662,25,81,25,567434,38176,92062,15894,0.35362555115046873,0.2939522840761975
4781,0.6663,31,67,31,567501,38109,92093,15863,0.35300492793360255,0.29391165789668716
4782,0.6664,10,54,10,567555,38055,92103,15853,0.35250472414687467,0.2940750908955999
4783,0.6665,8,42,8,567597,38013,92111,15845,0.3521156767571974,0.29419956181068735
4784,0.6666,11,38,11,567635,37975,92122,15834,0.3517636814998703,0.2942630414986341
4785,0.6667,20,38,20,567673,37937,92142,15814,0.35141168624254326,0.29420847984223547
4786,0.6668,21,44,21,567717,37893,92163,15793,0.35100411278669086,0.2941735275490817
4787,0.6669,36,88,36,567805,37805,92199,15757,0.3501889658749861,0.29418244277659533
4788,0.667,19,67,19,567872,37738,92218,15738,0.34956834265812,0.2943002468397038
4789,0.6671,26,78,26,567950,37660,92244,15712,0.34884582607729075,0.2943865697369407
4790,0.6672,23,72,23,568022,37588,92267,15689,0.34817888769498684,0.2944797942827111
4791,0.6673,37,91,37,568113,37497,92304,15652,0.34733595168401943,0.29449284088129596
4792,0.6674,30,75,30,568188,37422,92334,15622,0.34664122420245286,0.29451021793228266
4793,0.6675,21,70,21,568258,37352,92355,15601,0.3459928118863241,0.29461975714312694
4794,0.6676,22,73,22,568331,37279,92377,15579,0.3453166104709326,0.29473305838283703
4795,0.6677,22,50,22,568381,37229,92399,15557,0.3448534588165549,0.2947182965180161
4796,0.6678,23,52,23,568433,37177,92422,15534,0.3443717810960021,0.2947012957447212
4797,0.6679,28,80,28,568513,37097,92450,15506,0.3436307384489977,0.2947740623158375
4798,0.668,25,48,25,568561,37049,92475,15481,0.34318611286079514,0.2947077860270322
4799,0.6681,25,68,25,568629,36981,92500,15456,0.34255622661084145,0.2947537044453344
4800,0.6682,30,76,30,568705,36905,92530,15426,0.3418522360961873,0.29477747415489863
4801,0.6683,9,28,9,568733,36877,92539,15417,0.3415928711697358,0.2948139365892837
4802,0.6684,15,83,15,568816,36794,92554,15402,0.34082403942346884,0.29508008276496284
4803,0.6685,29,79,29,568895,36715,92583,15373,0.34009225980955204,0.29513515589003225
4804,0.6686,10,46,10,568941,36669,92593,15363,0.33966616028752455,0.29526060885608857
4805,0.6687,41,135,41,569076,36534,92634,15322,0.33841565082070474,0.29547207651959273
4806,0.6688,34,101,34,569177,36433,92668,15288,0.33748008447886174,0.29558593221322094
4807,0.6689,21,61,21,569238,36372,92689,15267,0.3369150394605209,0.29564863765758437
4808,0.669,16,50,16,569288,36322,92705,15251,0.33645188780614327,0.295716751013127
4809,0.6691,26,49,26,569337,36273,92731,15225,0.33599799918485307,0.2956425492252126
4810,0.6692,46,99,46,569436,36174,92777,15179,0.3350809589091852,0.2955815629077172
4811,0.6693,11,56,11,569492,36118,92788,15168,0.3345622290562822,0.2957532270015209
4812,0.6694,26,71,26,569563,36047,92814,15142,0.33390455370706584,0.2958057395143488
4813,0.6695,13,52,13,569615,35995,92827,15129,0.33342287598651305,0.2959275487051091
4814,0.6696,28,106,28,569721,35889,92855,15101,0.33244099447923225,0.29615610904098844
4815,0.6697,23,90,23,569811,35799,92878,15078,0.3316073215013524,0.2963618137861902
4816,0.6698,19,63,19,569874,35736,92897,15059,0.3310237504168365,0.2964661876168914
4817,0.6699,18,76,18,569950,35660,92915,15041,0.3303197599021824,0.29666081536853317
4818,0.67,29,67,29,570017,35593,92944,15012,0.32969913668531625,0.2966505286038929
4819,0.6701,36,77,36,570094,35516,92980,14976,0.32898588313757454,0.29660144181256437
4820,0.6702,27,60,27,570154,35456,93007,14949,0.3284301011523213,0.29657772046423964
4821,0.6703,11,41,11,570195,35415,93018,14938,0.3280503167957316,0.29666554127857325
4822,0.6704,19,42,19,570237,35373,93037,14919,0.32766126940605433,0.2966475781436411
4823,0.6705,13,37,13,570274,35336,93050,14906,0.3273185371818148,0.296684049201863
4824,0.6706,31,84,31,570358,35252,93081,14875,0.3265404424024603,0.29674626448819996
4825,0.6707,23,54,23,570412,35198,93104,14852,0.32604023861573234,0.29674325674325674
4826,0.6708,16,42,16,570454,35156,93120,14836,0.32565119122605507,0.2967674827972476
4827,0.6709,22,60,22,570514,35096,93142,14814,0.3250954092408018,0.2968142656782208
4828,0.671,32,102,32,570616,34994,93174,14782,0.32415057986587126,0.2969704275152684
4829,0.6711,27,68,27,570684,34926,93201,14755,0.3235206936159176,0.29699482699623597
4830,0.6712,19,61,19,570745,34865,93220,14736,0.3229556485975768,0.2970907844599907
4831,0.6713,22,82,22,570827,34783,93242,14714,0.32219607988439736,0.2972705416489888
4832,0.6714,24,39,24,570866,34744,93266,14690,0.32183482159398275,0.2971638952947364
4833,0.6715,22,97,22,570963,34647,93288,14668,0.32093630738448997,0.29743485754841326
4834,0.6716,17,43,17,571006,34604,93305,14651,0.32053799696172514,0.29745203532636283
4835,0.6717,40,102,40,571108,34502,93345,14611,0.3195931675867946,0.29749760755808036
4836,0.6718,22,56,22,571164,34446,93367,14589,0.3190744377338916,0.29752217803609665
4837,0.6719,28,46,28,571210,34400,93395,14561,0.3186483382118641,0.2973999714058128
4838,0.672,35,69,35,571279,34331,93430,14526,0.31800918892882285,0.29731665882063985
4839,0.6721,29,57,29,571336,34274,93459,14497,0.31748119604283226,0.2972463144081524
4840,0.6722,17,66,17,571402,34208,93476,14480,0.3168698358590537,0.2974038777522182
4841,0.6723,36,75,36,571477,34133,93512,14444,0.31617510837748714,0.2973423636700496
4842,0.6724,12,54,12,571531,34079,93524,14432,0.3156749045907592,0.2974995361876688
4843,0.6725,28,72,28,571603,34007,93552,14404,0.3150079662084553,0.2975356840387515
4844,0.6726,45,75,45,571678,33932,93597,14359,0.3143132387268887,0.29734319024248823
4845,0.6727,15,48,15,571726,33884,93612,14344,0.31386861313868614,0.2974205855519615
4846,0.6728,34,82,34,571808,33802,93646,14310,0.3131090444255067,0.29743099434652476
4847,0.6729,18,57,18,571865,33745,93664,14292,0.3125810515395161,0.2975206611570248
4848,0.673,28,88,28,571953,33657,93692,14264,0.31176590462781134,0.2976565597545961
4849,0.6731,12,39,12,571992,33618,93704,14252,0.31140464633739673,0.2977229997911009
4850,0.6732,24,78,24,572070,33540,93728,14228,0.3106821297565675,0.29785630547646963
4851,0.6733,31,58,31,572128,33482,93759,14197,0.31014487383748934,0.29776211749407494
4852,0.6734,20,83,20,572211,33399,93779,14177,0.3093760420912223,0.29798637968723724
4853,0.6735,29,75,29,572286,33324,93808,14148,0.3086813146096558,0.29802831142568253
4854,0.6736,15,57,15,572343,33267,93823,14133,0.3081533217236652,0.2981645569620253
4855,0.6737,22,54,22,572397,33213,93845,14111,0.3076531179369373,0.2981785140731975
4856,0.6738,27,88,27,572485,33125,93872,14084,0.3068379710252325,0.2983329449893029
4857,0.6739,34,78,34,572563,33047,93906,14050,0.3061154544444033,0.29832048750451196
4858,0.674,36,84,36,572647,32963,93942,14014,0.3053373596650487,0.29831619728803455
4859,0.6741,16,56,16,572703,32907,93958,13998,0.3048186298121457,0.298433002878158
4860,0.6742,25,81,25,572784,32826,93983,13973,0.3040683241320538,0.2985747558708519
4861,0.6743,28,73,28,572857,32753,94011,13945,0.3033921227166623,0.29862092594971945
4862,0.6744,17,61,17,572918,32692,94028,13928,0.3028270776983215,0.29875589875589875
4863,0.6745,16,64,16,572982,32628,94044,13912,0.30223424358071804,0.29892565535023635
4864,0.6746,34,80,34,573062,32548,94078,13878,0.30149320093371373,0.2989273252057037
4865,0.6747,25,66,25,573128,32482,94103,13853,0.3008818407499352,0.2989748570195317
4866,0.6748,29,52,29,573180,32430,94132,13824,0.3004001630293823,0.298871448955766
4867,0.6749,21,32,21,573212,32398,94153,13803,0.3001037459705806,0.2987597671046081
4868,0.675,40,116,40,573328,32282,94193,13763,0.2990292341324243,0.29890324682375935
4869,0.6751,32,72,32,573400,32210,94225,13731,0.2983622957501204,0.2988833503841884
4870,0.6752,26,87,26,573487,32123,94251,13705,0.2975564118715032,0.2990529807104827
4871,0.6753,30,80,30,573567,32043,94281,13675,0.29681536922449886,0.29911632179885383
4872,0.6754,19,52,19,573619,31991,94300,13656,0.29633369150394606,0.29916533397594586
4873,0.6755,14,72,14,573691,31919,94314,13642,0.29566675312164215,0.29942275191501505
4874,0.6756,11,18,11,573709,31901,94325,13631,0.29550001852606617,0.29937187033295265
4875,0.6757,17,56,17,573765,31845,94342,13614,0.29498128867316314,0.29947865109219296
4876,0.6758,23,73,23,573838,31772,94365,13591,0.29430508725777166,0.2996054052862465
4877,0.6759,5,23,5,573861,31749,94370,13586,0.29409203749675794,0.2996801588176905
4878,0.676,28,69,28,573930,31680,94398,13558,0.2934528882137167,0.2997037888500818
4879,0.6761,23,55,23,573985,31625,94421,13535,0.2929434213939012,0.2997121346324181
4880,0.6762,7,36,7,574021,31589,94428,13528,0.29260995220274927,0.29984263138063255
4881,0.6763,15,35,15,574056,31554,94443,13513,0.2922857460446849,0.29984245678656224
4882,0.6764,43,89,43,574145,31465,94486,13470,0.29146133609989255,0.2997663291420941
4883,0.6765,16,44,16,574189,31421,94502,13454,0.29105376264404015,0.2998105849582173
4884,0.6766,39,94,39,574283,31327,94541,13415,0.2901830375338101,0.29983013723123686
4885,0.6767,29,45,29,574328,31282,94570,13386,0.2897662010448701,0.2996776215635354
4886,0.6768,32,69,32,574397,31213,94602,13354,0.2891270517618289,0.29963874615747077
4887,0.6769,27,77,27,574474,31136,94629,13327,0.28841379821408725,0.299732361738974
4888,0.677,28,85,28,574559,31051,94657,13299,0.2876264404016451,0.29986471251409247
4889,0.6771,12,47,12,574606,31004,94669,13287,0.2871910778465301,0.2999932266148879
4890,0.6772,40,87,40,574693,30917,94709,13247,0.28638519396791284,0.2999501856715877
4891,0.6773,44,97,44,574790,30820,94753,13203,0.28548667975842007,0.2999114099448016
4892,0.6774,38,72,38,574862,30748,94791,13165,0.2848197413761162,0.29979732653200647
4893,0.6775,36,66,36,574928,30682,94827,13129,0.2842083811923376,0.29967359795485154
4894,0.6776,21,42,21,574970,30640,94848,13108,0.28381933380266033,0.2996251257200329
4895,0.6777,21,64,21,575034,30576,94869,13087,0.28322649968505687,0.299727458030827
4896,0.6778,27,82,27,575116,30494,94896,13060,0.2824669309718774,0.2998576479772237
4897,0.6779,26,65,26,575181,30429,94922,13034,0.28186483382118643,0.29988726042841035
4898,0.678,19,53,19,575234,30376,94941,13015,0.281373893067546,0.2999469936161877
4899,0.6781,19,36,19,575270,30340,94960,12996,0.2810404238763941,0.2998892375853794
4900,0.6782,15,39,15,575309,30301,94975,12981,0.2806791655859795,0.29991682454600066
4901,0.6783,16,37,16,575346,30264,94991,12965,0.28033643336173997,0.299914409308566
4902,0.6784,33,105,33,575451,30159,95024,12932,0.2793638148875468,0.30010907149984917
4903,0.6785,17,52,17,575503,30107,95041,12915,0.27888213716699395,0.30019524894240157
4904,0.6786,11,40,11,575543,30067,95052,12904,0.27851161584349177,0.3002955481603872
4905,0.6787,13,66,13,575609,30001,95065,12891,0.2779002556597132,0.3005455562808915
4906,0.6788,21,58,21,575667,29943,95086,12870,0.27736299974063505,0.3006096279167543
4907,0.6789,22,57,22,575724,29886,95108,12848,0.27683500685464446,0.30065053587307533
4908,0.679,27,58,27,575782,29828,95135,12821,0.27629775093556636,0.3006166615864381
4909,0.6791,27,48,27,575830,29780,95162,12794,0.2758531253473637,0.3005120496077418
4910,0.6792,31,63,31,575893,29717,95193,12763,0.2752695542628478,0.3004472693032015
4911,0.6793,23,68,23,575961,29649,95216,12740,0.27463966801289413,0.3005496709051877
4912,0.6794,27,65,27,576026,29584,95243,12713,0.2740375708622031,0.30056505189493343
4913,0.6795,22,100,22,576126,29484,95265,12691,0.2731112675534477,0.30091286307053944
4914,0.6796,21,43,21,576169,29441,95286,12670,0.2727129571306829,0.30087150625727244
4915,0.6797,18,47,18,576216,29394,95304,12652,0.2722775945755678,0.3009085287542216
4916,0.6798,29,75,29,576291,29319,95333,12623,0.27158286709400126,0.3009632349434934
4917,0.6799,22,49,22,576340,29270,95355,12601,0.2711289784727111,0.3009481502710707
4918,0.68,19,49,19,576389,29221,95374,12582,0.27067508985142097,0.3009831830251417
4919,0.6801,31,53,31,576442,29168,95405,12551,0.2701841490977806,0.30084613725161197
4920,0.6802,43,92,43,576534,29076,95448,12508,0.26933195005372557,0.3007887649095806
4921,0.6803,28,55,28,576589,29021,95476,12480,0.2688224832339101,0.30071564540613477
4922,0.6804,22,88,22,576677,28933,95498,12458,0.26800733632220536,0.3009833055495156
4923,0.6805,15,41,15,576718,28892,95513,12443,0.2676275519656156,0.30102818434740536
4924,0.6806,20,58,20,576776,28834,95533,12423,0.2670902960465375,0.3011125384783188
4925,0.6807,9,61,9,576837,28773,95542,12414,0.2665252510281967,0.3014057833782504
4926,0.6808,20,35,20,576872,28738,95562,12394,0.2662010448701323,0.30132257123407563
4927,0.6809,20,47,20,576919,28691,95582,12374,0.26576568231501724,0.30132716425179595
4928,0.681,9,45,9,576964,28646,95591,12365,0.2653488458260773,0.30150447440930483
4929,0.6811,15,46,15,577010,28600,95606,12350,0.26492274630404977,0.30158730158730157
4930,0.6812,22,57,22,577067,28543,95628,12328,0.26439475341805924,0.3016319639842431
4931,0.6813,27,54,27,577121,28489,95655,12301,0.2638945496313313,0.3015690120127482
4932,0.6814,22,53,22,577174,28436,95677,12279,0.26340360887769093,0.30158418273363624
4933,0.6815,8,24,8,577198,28412,95685,12271,0.2631812960835896,0.30162475726962124
4934,0.6816,25,56,25,577254,28356,95710,12246,0.26266256623068657,0.30161075809073445
4935,0.6817,11,22,11,577276,28334,95721,12235,0.26245877950276036,0.30158495402893837
4936,0.6818,16,42,16,577318,28292,95737,12219,0.2620697321130831,0.3016217817382933
4937,0.6819,20,69,20,577387,28223,95757,12199,0.2614305828300419,0.3017911038543368
4938,0.682,22,80,22,577467,28143,95779,12177,0.2606895401830375,0.3020089285714286
4939,0.6821,27,75,27,577542,28068,95806,12150,0.25999481270147096,0.30210353573027005
4940,0.6822,7,25,7,577567,28043,95813,12143,0.2597632368742821,0.3021699099188772
4941,0.6823,30,62,30,577629,27981,95843,12113,0.25918892882285377,0.3021150296802514
4942,0.6824,15,35,15,577664,27946,95858,12098,0.2588647226647894,0.30211767056238137
4943,0.6825,23,38,23,577702,27908,95881,12075,0.2585127274074623,0.30200335142435536
4944,0.6826,17,59,17,577761,27849,95898,12058,0.2579662084552966,0.30215250457313253
4945,0.6827,17,41,17,577802,27808,95915,12041,0.25758642409870686,0.30216567542472833
4946,0.6828,21,37,21,577839,27771,95936,12020,0.2572436918744674,0.30207835942801137
4947,0.6829,28,76,28,577915,27695,95964,11992,0.25653970135981324,0.30216443671731297
4948,0.683,12,35,12,577950,27660,95976,11980,0.25621549520174886,0.3022199798183653
4949,0.6831,29,73,29,578023,27587,96005,11951,0.2555392937863574,0.3022661743133188
4950,0.6832,13,46,13,578069,27541,96018,11938,0.25511319426432993,0.3023886116669622
4951,0.6833,18,32,18,578101,27509,96036,11920,0.2548167772055282,0.30231555454107384
4952,0.6834,32,76,32,578177,27433,96068,11888,0.25411278669087406,0.3023320871798784
4953,0.6835,31,42,31,578219,27391,96099,11857,0.2537237393011968,0.3021045658377497
4954,0.6836,22,51,22,578270,27340,96121,11835,0.2532513246137315,0.3021059349074665
4955,0.6837,28,44,28,578314,27296,96149,11807,0.25284375115787916,0.3019461422397259
4956,0.6838,23,53,23,578367,27243,96172,11784,0.25235281040423874,0.3019448074410024
4957,0.6839,21,61,21,578428,27182,96193,11763,0.251787765385898,0.30204134035177815
4958,0.684,15,27,15,578455,27155,96208,11748,0.251537663492534,0.3019818522993085
4959,0.6841,9,33,9,578488,27122,96217,11739,0.25123198340064473,0.3020766320990196
4960,0.6842,22,39,22,578527,27083,96239,11717,0.2508707251102301,0.3019845360824742
4961,0.6843,21,52,21,578579,27031,96260,11696,0.25038904738967727,0.3020115165130271
4962,0.6844,19,49,19,578628,26982,96279,11677,0.24993515876838712,0.30205126878605243
4963,0.6845,13,55,13,578683,26927,96292,11664,0.24942569194857164,0.3022466378171076
4964,0.6846,16,48,16,578731,26879,96308,11648,0.24898106636036904,0.30233342850468503
4965,0.6847,20,58,20,578789,26821,96328,11628,0.2484438104412909,0.3024265910686884
4966,0.6848,20,36,20,578825,26785,96348,11608,0.24811034125013895,0.30234678196546244
4967,0.6849,28,65,28,578890,26720,96376,11580,0.2475082440994479,0.3023498694516971
4968,0.685,12,35,12,578925,26685,96388,11568,0.24718403794138352,0.3024076543016234
4969,0.6851,26,41,26,578966,26644,96414,11542,0.2468042535847938,0.30225737181165874
4970,0.6852,17,44,17,579010,26600,96431,11525,0.24639668012894142,0.3022950819672131
4971,0.6853,8,19,8,579029,26581,96439,11517,0.2462206825002779,0.30229933329833586
4972,0.6854,32,78,32,579107,26503,96471,11485,0.24549816591944867,0.30233231546804257
4973,0.6855,32,78,32,579185,26425,96503,11453,0.24477564933861945,0.30236548920217543
4974,0.6856,20,54,20,579239,26371,96523,11433,0.2442754455518915,0.30242831446407786
4975,0.6857,22,30,22,579269,26341,96545,11411,0.2439975545592649,0.3022621318075864
4976,0.6858,35,61,35,579330,26280,96580,11376,0.24343250954092407,0.30210325047801145
4977,0.6859,14,29,14,579359,26251,96594,11362,0.24316388158138502,0.30207640975194744
4978,0.686,25,48,25,579407,26203,96619,11337,0.24271925599318242,0.3019978689397976
4979,0.6861,14,41,14,579448,26162,96633,11323,0.2423394716365927,0.3020674936641323
4980,0.6862,10,25,10,579473,26137,96643,11313,0.24210789580940384,0.3020827770360481
4981,0.6863,8,45,8,579518,26092,96651,11305,0.2416910593204639,0.30229697569323744
4982,0.6864,10,26,10,579544,26066,96661,11295,0.2414502204601875,0.30232060169695674
4983,0.6865,5,30,5,579574,26036,96666,11290,0.24117232946756087,0.3024701280608691
4984,0.6866,11,26,11,579600,26010,96677,11279,0.24093149060728444,0.30247526080077236
4985,0.6867,22,58,22,579658,25952,96699,11257,0.2403942346882063,0.3025343330914564
4986,0.6868,26,36,26,579694,25916,96725,11231,0.24006076549705435,0.3023393544566183
4987,0.6869,31,73,31,579767,25843,96756,11200,0.2393845640816629,0.3023513214372486
4988,0.687,25,76,25,579843,25767,96781,11175,0.23868057356700878,0.30250121812571057
4989,0.6871,19,51,19,579894,25716,96800,11156,0.23820815887954352,0.3025602082881319
4990,0.6872,18,57,18,579951,25659,96818,11138,0.23768016599355293,0.30268771910753595
4991,0.6873,24,63,24,580014,25596,96842,11114,0.237096594909037,0.30275129392536093
4992,0.6874,54,122,54,580136,25474,96896,11060,0.2359665048723554,0.30273170197624133
4993,0.6875,16,67,16,580203,25407,96912,11044,0.23534588165548928,0.30298208553949135
4994,0.6876,12,46,12,580249,25361,96924,11032,0.2349197821334618,0.3031352183112137
4995,0.6877,24,61,24,580310,25300,96948,11008,0.23435473711512098,0.30318387132312435
4996,0.6878,12,42,12,580352,25258,96960,10996,0.2339656897254437,0.30330446295581176
4997,0.6879,10,26,10,580378,25232,96970,10986,0.23372485086516728,0.30332983599315255
4998,0.688,13,38,13,580416,25194,96983,10973,0.23337285560784024,0.3033981253628999
4999,0.6881,12,23,12,580439,25171,96995,10961,0.2331598058468265,0.30335990257943096
5000,0.6882,17,40,17,580479,25131,97012,10944,0.2327892845233243,0.3033679833679834
5001,0.6883,18,59,18,580538,25072,97030,10926,0.2322427655711586,0.3035168620478915
5002,0.6884,30,68,30,580606,25004,97060,10896,0.23161287932120495,0.3035097493036212
5003,0.6885,17,53,17,580659,24951,97077,10879,0.23112193856756455,0.30362824448785936
5004,0.6886,23,60,23,580719,24891,97100,10856,0.2305661565823113,0.3036898201247657
5005,0.6887,23,59,23,580778,24832,97123,10833,0.2300196376301456,0.3037431655684845
5006,0.6888,26,34,26,580812,24798,97149,10807,0.22970469450516878,0.30352478584468473
5007,0.6889,30,49,30,580861,24749,97179,10777,0.2292508058838786,0.3033552890840511
5008,0.689,21,61,21,580922,24688,97200,10756,0.22868576086553782,0.3034646202460219
5009,0.6891,10,36,10,580958,24652,97210,10746,0.22835229167438587,0.3035764732470761
5010,0.6892,43,87,43,581045,24565,97253,10703,0.22754640779576865,0.3034762390835885
5011,0.6893,12,42,12,581087,24523,97265,10691,0.22715736040609136,0.3036008405747714
5012,0.6894,11,62,11,581149,24461,97276,10680,0.226583052354663,0.3039184997581173
5013,0.6895,16,41,16,581190,24420,97292,10664,0.22620326799807328,0.3039562193592521
5014,0.6896,19,67,19,581257,24353,97311,10645,0.22558264478120715,0.30416023772787015
5015,0.6897,17,37,17,581294,24316,97328,10628,0.22523991255696765,0.30414377289377287
5016,0.6898,18,63,18,581357,24253,97346,10610,0.22465634147245173,0.3043341077933626
5017,0.6899,28,62,28,581419,24191,97374,10582,0.22408203342102337,0.30431656745175856
5018,0.69,21,79,21,581498,24112,97395,10561,0.2233502538071066,0.304588584777781
5019,0.6901,8,53,8,581551,24059,97403,10553,0.22285931305346623,0.30489425632728534
5020,0.6902,28,55,28,581606,24004,97431,10525,0.22234984623365076,0.30481624142025543
5021,0.6903,19,48,19,581654,23956,97450,10506,0.22190522064544815,0.30485752422958623
5022,0.6904,25,55,25,581709,23901,97475,10481,0.22139575382563267,0.3048397417253214
5023,0.6905,19,49,19,581758,23852,97494,10462,0.2209418652043425,0.304890132307513
5024,0.6906,28,56,28,581814,23796,97522,10434,0.22042313535143948,0.30482033304119194
5025,0.6907,7,22,7,581836,23774,97529,10427,0.22021934862351328,0.3048741264875296
5026,0.6908,19,60,19,581896,23714,97548,10408,0.21966356663826003,0.30502315221851006
5027,0.6909,24,40,24,581936,23674,97572,10384,0.21929304531475785,0.3048916554113571
5028,0.691,14,46,14,581982,23628,97586,10370,0.21886694579273036,0.305017942231896
5029,0.6911,26,88,26,582070,23540,97612,10344,0.2180517988810256,0.30527682682091845
5030,0.6912,22,46,22,582116,23494,97634,10322,0.21762569935899811,0.30524012301868936
5031,0.6913,25,78,25,582194,23416,97659,10297,0.2169031827781689,0.3054311393231098
5032,0.6914,25,54,25,582248,23362,97684,10272,0.21640297899144095,0.30540524469287034
5033,0.6915,22,73,22,582321,23289,97706,10250,0.2157267775760495,0.30561435940248666
5034,0.6916,36,92,36,582413,23197,97742,10214,0.21487457853199451,0.3057077010565383
5035,0.6917,20,73,20,582486,23124,97762,10194,0.21419837711660306,0.30596074194129297
5036,0.6918,3,16,3,582502,23108,97765,10191,0.2140501685872022,0.3060452265833809
5037,0.6919,19,51,19,582553,23057,97784,10172,0.21357775389973693,0.30611814980890184
5038,0.692,19,61,19,582614,22996,97803,10153,0.21301270888139612,0.30628374913270384
5039,0.6921,12,39,12,582653,22957,97815,10141,0.2126514505909815,0.30639313553689046
5040,0.6922,19,24,19,582677,22933,97834,10122,0.21242913779688022,0.30621691120859174
5041,0.6923,13,44,13,582721,22889,97847,10109,0.2120215643410278,0.3063519001151585
5042,0.6924,16,67,16,582788,22822,97863,10093,0.2114009411241617,0.3066383108005469
5043,0.6925,17,55,17,582843,22767,97880,10076,0.2108914743043462,0.30679292391072677
5044,0.6926,11,29,11,582872,22738,97891,10065,0.21062284634480716,0.3068316922232723
5045,0.6927,21,49,21,582921,22689,97912,10044,0.21016895772351699,0.306846301897168
5046,0.6928,16,53,16,582974,22636,97928,10028,0.20967801696987662,0.30700465344109723
5047,0.6929,15,39,15,583013,22597,97943,10013,0.209316758679462,0.3070530512112849
5048,0.693,14,61,14,583074,22536,97957,9999,0.2087517136611212,0.30733056708160444
5049,0.6931,12,28,12,583102,22508,97969,9987,0.20849234873466968,0.3073395907062625
5050,0.6932,43,83,43,583185,22425,98012,9944,0.2077235169884027,0.3072075133615496
5051,0.6933,19,52,19,583237,22373,98031,9925,0.20724183926784986,0.3072945693231779
5052,0.6934,20,46,20,583283,22327,98051,9905,0.20681573974582237,0.30730330106726234
5053,0.6935,9,34,9,583317,22293,98060,9896,0.20650079662084553,0.30743421665786447
5054,0.6936,22,65,22,583382,22228,98082,9874,0.20589869947015452,0.307582082113264
5055,0.6937,10,47,10,583429,22181,98092,9864,0.20546333691503946,0.30781713215790296
5056,0.6938,15,38,15,583467,22143,98107,9849,0.20511134165771241,0.30785821455363843
5057,0.6939,13,32,13,583499,22111,98120,9836,0.20481492459891068,0.3078849344226375
5058,0.694,20,55,20,583554,22056,98140,9816,0.20430545777909517,0.3079819277108434
5059,0.6941,12,25,12,583579,22031,98152,9804,0.20407388195190634,0.30796293387780743
5060,0.6942,20,42,20,583621,21989,98172,9784,0.20368483456222905,0.30793440971894376
5061,0.6943,19,55,19,583676,21934,98191,9765,0.20317536774241357,0.30805388182592514
5062,0.6944,22,53,22,583729,21881,98213,9743,0.2026844269887732,0.30808879332152794
5063,0.6945,23,33,23,583762,21848,98236,9720,0.20237874689688393,0.3079067410035479
5064,0.6946,23,47,23,583809,21801,98259,9697,0.20194338434176887,0.3078608165597816
5065,0.6947,34,65,34,583874,21736,98293,9663,0.20134128719107786,0.3077486544157457
5066,0.6948,41,71,41,583945,21665,98334,9622,0.2006836118418615,0.3075398727906159
5067,0.6949,18,74,18,584019,21591,98352,9604,0.19999814739338248,0.3078698509376503
5068,0.695,17,52,17,584071,21539,98369,9587,0.19951646967282968,0.3080061684765148
5069,0.6951,13,38,13,584109,21501,98382,9574,0.1991644744155026,0.30809332260659694
5070,0.6952,11,22,11,584131,21479,98393,9563,0.1989606876875764,0.3080664905611752
5071,0.6953,17,60,17,584191,21419,98410,9546,0.19840490570232316,0.30828354593896334
5072,0.6954,31,54,31,584245,21365,98441,9515,0.19790470191559525,0.3081282383419689
5073,0.6955,19,51,19,584296,21314,98460,9496,0.19743228722812997,0.30821161960402466
5074,0.6956,14,38,14,584334,21276,98474,9482,0.19708029197080293,0.30827752129527275
5075,0.6957,14,45,14,584379,21231,98488,9468,0.19666345548186298,0.30841395485194956
5076,0.6958,14,38,14,584417,21193,98502,9454,0.1963114602245359,0.30848043854210855
5077,0.6959,13,29,13,584446,21164,98515,9441,0.19604283226499686,0.3084790066982519
5078,0.696,8,45,8,584491,21119,98523,9433,0.1956259957760569,0.30875229117570047
5079,0.6961,12,59,12,584550,21060,98535,9421,0.1950794768238912,0.3090777861618713
5080,0.6962,14,48,14,584598,21012,98549,9407,0.1946348512356886,0.30924750978007165
5081,0.6963,13,39,13,584637,20973,98562,9394,0.194273592945274,0.3093489643362861
5082,0.6964,14,27,14,584664,20946,98576,9380,0.19402349105191002,0.30930554639583197
5083,0.6965,17,38,17,584702,20908,98593,9363,0.19367149579458298,0.3093059363747481
5084,0.6966,20,50,20,584752,20858,98613,9343,0.19320834414020527,0.30936061719810604
5085,0.6967,13,26,13,584778,20832,98626,9330,0.19296750527992887,0.3093296200517207
5086,0.6968,16,57,16,584835,20775,98642,9314,0.19243951239393828,0.3095483399248895
5087,0.6969,16,49,16,584884,20726,98658,9298,0.1919856237726481,0.30968558486544095
5088,0.697,22,62,22,584946,20664,98680,9276,0.19141131572121975,0.3098196392785571
5089,0.6971,25,52,25,584998,20612,98705,9251,0.19092963800066695,0.30978133476208014
5090,0.6972,14,31,14,585029,20581,98719,9237,0.19064248397495276,0.3097793279227312
5091,0.6973,16,33,16,585062,20548,98735,9221,0.19033680388306348,0.3097517551815647
5092,0.6974,16,59,16,585121,20489,98751,9205,0.18979028493089778,0.30999528524281
5093,0.6975,12,45,12,585166,20444,98763,9193,0.18937344844195783,0.3101865910854675
5094,0.6976,25,34,25,585200,20410,98788,9168,0.18905850531698098,0.30996010548380554
5095,0.6977,17,36,17,585236,20374,98805,9151,0.18872503612582905,0.3099407281964437
5096,0.6978,10,12,10,585248,20362,98815,9141,0.18861387972877838,0.30983289834932043
5097,0.6979,20,79,20,585327,20283,98835,9121,0.18788210011486162,0.31019589171541284
5098,0.698,15,29,15,585356,20254,98850,9106,0.18761347215532254,0.31014986376021797
5099,0.6981,11,20,11,585376,20234,98861,9095,0.18742821149357144,0.310102628797436
5100,0.6982,10,29,10,585405,20205,98871,9085,0.1871595835340324,0.3101741208603619
5101,0.6983,15,24,15,585429,20181,98886,9070,0.18693727073993108,0.3100748692352398
5102,0.6984,10,23,10,585452,20158,98896,9060,0.18672422097891733,0.3100828256554179
5103,0.6985,27,47,27,585499,20111,98923,9033,0.1862888584238023,0.30994372769695305
5104,0.6986,10,44,10,585543,20067,98933,9023,0.1858812849679499,0.31017531797868686
5105,0.6987,12,37,12,585580,20030,98945,9011,0.1855385527437104,0.31028545848972144
5106,0.6988,11,31,11,585611,19999,98956,9000,0.18525139871799623,0.3103555295010173
5107,0.6989,16,28,16,585639,19971,98972,8984,0.1849920337915447,0.31027456397858744
5108,0.699,15,52,15,585691,19919,98987,8969,0.1845103560709919,0.3104749376903905
5109,0.6991,8,32,8,585723,19887,98995,8961,0.18421393901219016,0.3106281198003328
5110,0.6992,23,38,23,585761,19849,99018,8938,0.1838619437548631,0.310487372772432
5111,0.6993,23,62,23,585823,19787,99041,8915,0.18328763570343473,0.3106055327154902
5112,0.6994,20,57,20,585880,19730,99061,8895,0.18275964281744414,0.3107423580786026
5113,0.6995,13,32,13,585912,19698,99074,8882,0.1824632257586424,0.310776766969909
5114,0.6996,7,16,7,585928,19682,99081,8875,0.18231501722924154,0.3107819448821655
5115,0.6997,17,34,17,585962,19648,99098,8858,0.1820000741042647,0.31074159826001546
5116,0.6998,8,24,8,585986,19624,99106,8850,0.1817777613101634,0.310809861628152
5117,0.6999,12,17,12,586003,19607,99118,8838,0.18162028974767497,0.31070486904552647
5118,0.7,11,34,11,586037,19573,99129,8827,0.18130534662269815,0.3108098591549296
5119,0.7001,7,22,7,586059,19551,99136,8820,0.18110155989477195,0.31088082901554404
5120,0.7002,12,40,12,586099,19511,99148,8808,0.18073103857126976,0.311027931777252
5121,0.7003,16,41,16,586140,19470,99164,8792,0.18035125421468007,0.31108909489774256
5122,0.7004,12,24,12,586164,19446,99176,8780,0.18012894142057875,0.3110607241550344
5123,0.7005,6,26,6,586190,19420,99182,8774,0.17988810256030235,0.31120096474427184
5124,0.7006,4,7,4,586197,19413,99186,8770,0.17982326132868948,0.3111804988823049
5125,0.7007,15,49,15,586246,19364,99201,8755,0.1793693727073993,0.31135531135531136
5126,0.7008,12,30,12,586276,19334,99213,8743,0.17909148171477268,0.31139366741460983
5127,0.7009,11,22,11,586298,19312,99224,8732,0.17888769498684648,0.31136785052061045
5128,0.701,18,42,18,586340,19270,99242,8714,0.1784986475971692,0.31139222412807316
5129,0.7011,9,39,9,586379,19231,99251,8705,0.1781373893067546,0.31160509736540665
5130,0.7012,6,13,6,586392,19218,99257,8699,0.1780169698766164,0.3116022495253788
5131,0.7013,9,38,9,586430,19180,99266,8690,0.17766497461928935,0.3118048080373161
5132,0.7014,14,54,14,586484,19126,99280,8676,0.1771647708325614,0.31206388029638155
5133,0.7015,5,9,5,586493,19117,99285,8671,0.17708140353477342,0.31204116884986327
5134,0.7016,13,16,13,586509,19101,99298,8658,0.17693319500537255,0.31189884361828596
5135,0.7017,19,57,19,586566,19044,99317,8639,0.17640520211938196,0.3120687786728317
5136,0.7018,38,93,38,586659,18951,99355,8601,0.17554374004223944,0.3121733449477352
5137,0.7019,14,47,14,586706,18904,99369,8587,0.17510837748712438,0.3123567713069732
5138,0.702,12,32,12,586738,18872,99381,8575,0.17481196042832264,0.3124203009436368
5139,0.7021,11,18,11,586756,18854,99392,8564,0.17464522583274666,0.3123495513895981
5140,0.7022,9,18,9,586774,18836,99401,8555,0.17447849123717069,0.3123288671461429
5141,0.7023,25,67,25,586841,18769,99426,8530,0.17385786802030456,0.31246565808271365
5142,0.7024,11,31,11,586872,18738,99437,8519,0.1735707139945904,0.31254356679018236
5143,0.7025,20,44,20,586916,18694,99457,8499,0.173163140538738,0.31254366932666494
5144,0.7026,14,61,14,586977,18633,99471,8485,0.1725980955203972,0.3128918061803968
5145,0.7027,10,23,10,587000,18610,99481,8475,0.17238504575938346,0.3129038213033044
5146,0.7028,15,66,15,587066,18544,99496,8460,0.17177368557560488,0.3132869204562287
5147,0.7029,22,58,22,587124,18486,99518,8438,0.17123642965652675,0.3134006834051404
5148,0.703,16,55,16,587179,18431,99534,8422,0.17072696283671127,0.31363348601645996
5149,0.7031,12,33,12,587212,18398,99546,8410,0.17042128274482196,0.31371232467920024
5150,0.7032,11,24,11,587236,18374,99557,8399,0.17019896995072067,0.3137115750943114
5151,0.7033,5,13,5,587249,18361,99562,8394,0.17007855052058246,0.31373575032704165
5152,0.7034,12,20,12,587269,18341,99574,8382,0.16989328985883137,0.3136623882049171
5153,0.7035,14,44,14,587313,18297,99588,8368,0.169485716402979,0.31381961372585787
5154,0.7036,12,42,12,587355,18255,99600,8356,0.16909666901330173,0.31400548645297055
5155,0.7037,16,36,16,587391,18219,99616,8340,0.16876319982214977,0.31401784705749464
5156,0.7038,9,38,9,587429,18181,99625,8331,0.1684112045648227,0.3142350633675317
5157,0.7039,11,18,11,587447,18163,99636,8320,0.16824446996924672,0.31416380319450216
5158,0.704,34,76,34,587523,18087,99670,8286,0.1675404794545926,0.31418496189284495
5159,0.7041,14,54,14,587577,18033,99684,8272,0.1670402756678647,0.31446493062155484
5160,0.7042,19,53,19,587630,17980,99703,8253,0.1665493349142243,0.31460374337666297
5161,0.7043,11,27,11,587657,17953,99714,8242,0.16629923302086036,0.31464019851116626
5162,0.7044,14,41,14,587698,17912,99728,8228,0.16591944866427064,0.31476664116296865
5163,0.7045,10,37,10,587735,17875,99738,8218,0.16557671644003114,0.3149503698309892
5164,0.7046,8,27,8,587762,17848,99746,8210,0.16532661454666717,0.31506639035996625
5165,0.7047,35,89,35,587851,17759,99781,8175,0.16450220460187484,0.315223259042184
5166,0.7048,23,63,23,587914,17696,99804,8152,0.1639186335173589,0.3153822346022903
5167,0.7049,16,30,16,587944,17666,99820,8136,0.1636407425247323,0.3153243934578715
5168,0.705,5,21,5,587965,17645,99825,8131,0.16344621882989366,0.31544847920546243
5169,0.7051,9,19,9,587984,17626,99834,8122,0.16327022120123014,0.3154419760758117
5170,0.7052,9,21,9,588005,17605,99843,8113,0.1630756975063915,0.31545998911268375
5171,0.7053,19,51,19,588056,17554,99862,8094,0.16260328281892622,0.3155801621958827
5172,0.7054,9,14,9,588070,17540,99871,8085,0.16247360035570046,0.3155121951219512
5173,0.7055,18,21,18,588091,17519,99889,8067,0.16227907666086183,0.3152896115062925
5174,0.7056,11,39,11,588130,17480,99900,8056,0.16191781837044722,0.31547619047619047
5175,0.7057,9,30,9,588160,17450,99909,8047,0.1616399273778206,0.3156057575401028
5176,0.7058,13,33,13,588193,17417,99922,8034,0.1613342472859313,0.31566539625162077
5177,0.7059,12,17,12,588210,17400,99934,8022,0.16117677572344288,0.31555345763511916
5178,0.706,14,39,14,588249,17361,99948,8008,0.16081551743302827,0.3156608459143049
5179,0.7061,3,16,3,588265,17345,99951,8005,0.1606673089036274,0.31577909270216964
5180,0.7062,14,46,14,588311,17299,99965,7991,0.16024120938159991,0.3159746935547647
5181,0.7063,20,39,20,588350,17260,99985,7971,0.1598799510911853,0.3159208909674607
5182,0.7064,21,49,21,588399,17211,100006,7950,0.15942606246989513,0.315965184213664
5183,0.7065,21,43,21,588442,17168,100027,7929,0.15902775204713032,0.3159341753994501
5184,0.7066,8,21,8,588463,17147,100035,7921,0.15883322835229166,0.315980532950375
5185,0.7067,14,54,14,588517,17093,100049,7907,0.15833302456556375,0.31628
5186,0.7068,12,28,12,588545,17065,100061,7895,0.15807365963911224,0.31630608974358976
5187,0.7069,9,21,9,588566,17044,100070,7886,0.15787913594427358,0.316325711993582
5188,0.707,13,45,13,588611,16999,100083,7873,0.15746229945533366,0.31654068832422
5189,0.7071,10,39,10,588650,16960,100093,7863,0.15710104116491905,0.3167626797727914
5190,0.7072,9,29,9,588679,16931,100102,7854,0.15683241320537997,0.31688521283034093
5191,0.7073,7,35,7,588714,16896,100109,7847,0.15650820704731558,0.3171402012690458
5192,0.7074,11,32,11,588746,16864,100120,7836,0.15621178998851384,0.31724696356275306
5193,0.7075,15,28,15,588774,16836,100135,7821,0.15595242506206233,0.3171918724905706
5194,0.7076,15,46,15,588820,16790,100150,7806,0.15552632554003482,0.31736867783379413
5195,0.7077,8,31,8,588851,16759,100158,7798,0.15523917151432065,0.31754693162845626
5196,0.7078,21,54,21,588905,16705,100179,7777,0.1547389677275927,0.31766195572257167
5197,0.7079,3,23,3,588928,16682,100182,7774,0.15452591796657897,0.317877003598299
5198,0.708,47,83,47,589011,16599,100229,7727,0.15375708622031198,0.31764367343583
5199,0.7081,22,42,22,589053,16557,100251,7705,0.1533680388306347,0.31757480834226365
5200,0.7082,9,16,9,589069,16541,100260,7696,0.15321983030123384,0.3175310475718942
5201,0.7083,15,30,15,589099,16511,100275,7681,0.15294193930860722,0.31750165343915343
5202,0.7084,15,37,15,589136,16474,100290,7666,0.1525992070843677,0.3175642087821044
5203,0.7085,6,14,6,589150,16460,100296,7660,0.15246952462114194,0.3175787728026534
5204,0.7086,15,54,15,589204,16406,100311,7645,0.15196932083441403,0.31786620098956386
5205,0.7087,10,39,10,589243,16367,100321,7635,0.15160806254399942,0.3180984917923506
5206,0.7088,6,22,6,589265,16345,100327,7629,0.1514042758160732,0.31821973804955367
5207,0.7089,16,68,16,589333,16277,100343,7613,0.15077438956611952,0.3186688991209711
5208,0.709,17,44,17,589377,16233,100360,7596,0.15036681611026714,0.31877124512149063
5209,0.7091,17,43,17,589420,16190,100377,7579,0.1499685056875023,0.3188607009129538
5210,0.7092,7,25,7,589445,16165,100384,7572,0.14973692986031345,0.3189956607827442
5211,0.7093,12,25,12,589470,16140,100396,7560,0.1495053540331246,0.3189873417721519
5212,0.7094,26,64,26,589534,16076,100422,7534,0.14891251991552115,0.31910207539178315
5213,0.7095,5,8,5,589542,16068,100427,7529,0.1488384156508207,0.31906598296393607
5214,0.7096,1,12,1,589554,16056,100428,7528,0.14872725925377006,0.31919945725915877
5215,0.7097,12,44,12,589598,16012,100440,7516,0.14831968579791768,0.319449166950017
5216,0.7098,15,25,15,589623,15987,100455,7501,0.14808810997072883,0.3193545640326976
5217,0.7099,14,25,14,589648,15962,100469,7487,0.14785653414353997,0.3192886690263977
5218,0.71,19,51,19,589699,15911,100488,7468,0.14738411945607469,0.3194319688609436
5219,0.7101,16,36,16,589735,15875,100504,7452,0.14705065026492276,0.31945813863763023
5220,0.7102,24,56,24,589791,15819,100528,7428,0.1465319204120197,0.3195251000129049
5221,0.7103,26,42,26,589833,15777,100554,7402,0.14614287302234244,0.31934078260494414
5222,0.7104,20,69,20,589902,15708,100574,7382,0.1455037237393012,0.319705500216544
5223,0.7105,10,25,10,589927,15683,100584,7372,0.14527214791211235,0.3197571025807851
5224,0.7106,19,34,19,589961,15649,100603,7353,0.1449572047871355,0.31966785496913314
5225,0.7107,10,29,10,589990,15620,100613,7343,0.14468857682759642,0.31977529068501503
5226,0.7108,10,54,10,590044,15566,100623,7333,0.1441883730408685,0.3202323245556575
5227,0.7109,13,17,13,590061,15549,100636,7320,0.14403090147838007,0.3200839564475928
5228,0.711,12,16,12,590077,15533,100648,7308,0.1438826929489792,0.3199509653692921
5229,0.7111,14,56,14,590133,15477,100662,7294,0.14336396309607619,0.3203197048877959
5230,0.7112,12,16,12,590149,15461,100674,7282,0.14321575456667532,0.3201864309897551
5231,0.7113,16,49,16,590198,15412,100690,7266,0.14276186594538515,0.32039862421730314
5232,0.7114,27,42,27,590240,15370,100717,7239,0.14237281855570788,0.3201822283161573
5233,0.7115,24,74,24,590314,15296,100741,7215,0.14168735410722888,0.32050997290213673
5234,0.7116,8,17,8,590331,15279,100749,7207,0.14152988254474044,0.32051053989148803
5235,0.7117,26,42,26,590373,15237,100775,7181,0.14114083515506318,0.3203229547684896
5236,0.7118,26,37,26,590410,15200,100801,7155,0.14079810293082368,0.3200626258107806
5237,0.7119,13,33,13,590443,15167,100814,7142,0.14049242283893437,0.32013985387063515
5238,0.712,11,36,11,590479,15131,100825,7131,0.14015895364778244,0.32032162429251637
5239,0.7121,5,14,5,590493,15117,100830,7126,0.14002927118455666,0.3203704536258598
5240,0.7122,5,10,5,590503,15107,100835,7121,0.13993664085368113,0.3203617059564513
5241,0.7123,17,36,17,590539,15071,100852,7104,0.13960317166252917,0.3203607666290868
5242,0.7124,25,72,25,590611,14999,100877,7079,0.13893623328022528,0.32063592716731587
5243,0.7125,7,7,7,590618,14992,100884,7072,0.1388713920486124,0.3205221174764322
5244,0.7126,26,57,26,590675,14935,100910,7046,0.1383433991626218,0.32054956553387015
5245,0.7127,19,28,19,590703,14907,100929,7027,0.1380840342361703,0.3203702015136318
5246,0.7128,7,23,7,590726,14884,100936,7020,0.13787098447515655,0.32048940832724615
5247,0.7129,7,19,7,590745,14865,100943,7013,0.137694986846493,0.320550324526922
5248,0.713,15,26,15,590771,14839,100958,6998,0.1374541479862166,0.3204652653752805
5249,0.7131,8,17,8,590788,14822,100966,6990,0.1372966764237282,0.32046579864294883
5250,0.7132,18,50,18,590838,14772,100984,6972,0.13683352476935048,0.32064017660044153
5251,0.7133,26,55,26,590893,14717,101010,6946,0.136324057949535,0.32063887734847435
5252,0.7134,15,43,15,590936,14674,101025,6931,0.13592574752677017,0.3208053691275168
5253,0.7135,9,14,9,590950,14660,101034,6922,0.1357960650635444,0.3207302381614308
5254,0.7136,14,20,14,590970,14640,101048,6908,0.13561080440179332,0.3205865973640245
5255,0.7137,4,10,4,590980,14630,101052,6904,0.1355181740709178,0.3206092690628773
5256,0.7138,15,37,15,591017,14593,101067,6889,0.13517544184667826,0.3206870868634205
5257,0.7139,17,32,17,591049,14561,101084,6872,0.13487902478787656,0.3206270704054495
5258,0.714,14,42,14,591091,14519,101098,6858,0.13448997739819926,0.3208120877578706
5259,0.7141,6,19,6,591110,14500,101104,6852,0.13431397976953574,0.3209067066316973
5260,0.7142,9,23,9,591133,14477,101113,6843,0.134100930008522,0.32096622889305815
5261,0.7143,6,19,6,591152,14458,101119,6837,0.13392493237985847,0.3210612819910777
5262,0.7144,21,53,21,591205,14405,101140,6816,0.13343399162621808,0.32119127279581544
5263,0.7145,16,13,16,591218,14392,101156,6800,0.1333135721960799,0.32087580218950545
5264,0.7146,5,14,5,591232,14378,101161,6795,0.13318388973285414,0.3209275964671988
5265,0.7147,13,32,13,591264,14346,101174,6782,0.1328874726740524,0.3209958349110186
5266,0.7148,22,24,22,591288,14322,101196,6760,0.1326651598799511,0.32065268949815007
5267,0.7149,13,31,13,591319,14291,101209,6747,0.13237800585423692,0.32070539024622113
5268,0.715,8,25,8,591344,14266,101217,6739,0.13214643002704807,0.32082837419661986
5269,0.7151,17,24,17,591368,14242,101234,6722,0.13192411723294675,0.3206449150925396
5270,0.7152,7,26,7,591394,14216,101241,6715,0.13168327837267035,0.3208160145239119
5271,0.7153,7,7,7,591401,14209,101248,6708,0.13161843714105748,0.3206960845245494
5272,0.7154,6,8,6,591409,14201,101254,6702,0.13154433287635703,0.32062383389944027
5273,0.7155,21,28,21,591437,14173,101275,6681,0.13128496794990552,0.3203701927687734
5274,0.7156,13,48,13,591485,14125,101288,6668,0.13084034236170292,0.320684845861588
5275,0.7157,11,34,11,591519,14091,101299,6657,0.13052539923672607,0.3208502024291498
5276,0.7158,12,43,12,591562,14048,101311,6645,0.13012708881396123,0.321123085101242
5277,0.7159,5,19,5,591581,14029,101316,6640,0.1299510911852977,0.3212540519618753
5278,0.716,4,7,4,591588,14022,101320,6636,0.12988624995368483,0.3212314841707813
5279,0.7161,10,20,10,591608,14002,101330,6626,0.12970098929193374,0.3212138840411092
5280,0.7162,16,30,16,591638,13972,101346,6610,0.12942309829930712,0.3211544067631911
5281,0.7163,15,34,15,591672,13938,101361,6595,0.12910815517433027,0.3211902790629718
5282,0.7164,8,27,8,591699,13911,101369,6587,0.1288580532809663,0.3213484242365109
5283,0.7165,12,28,12,591727,13883,101381,6575,0.1285986883545148,0.3213901652165412
5284,0.7166,18,37,18,591764,13846,101399,6557,0.1282559561302753,0.32137430769984804
5285,0.7167,17,31,17,591795,13815,101416,6540,0.12796880210456113,0.3212969786293294
5286,0.7168,6,16,6,591811,13799,101422,6534,0.12782059357516026,0.32134953032016916
5287,0.7169,6,20,6,591831,13779,101428,6528,0.12763533291340917,0.32146550450583544
5288,0.717,13,8,13,591839,13771,101441,6515,0.12756122864870872,0.321157448486641
5289,0.7171,13,31,13,591870,13740,101454,6502,0.12727407462299456,0.32121331884201165
5290,0.7172,20,76,20,591946,13664,101474,6482,0.12657008410834045,0.32175121612230717
5291,0.7173,9,12,9,591958,13652,101483,6473,0.12645892771128978,0.321639751552795
5292,0.7174,5,21,5,591979,13631,101488,6468,0.12626440401645114,0.321807055077367
5293,0.7175,23,59,23,592038,13572,101511,6445,0.12571788506428544,0.3219763201278913
5294,0.7176,11,32,11,592070,13540,101522,6434,0.1254214680054837,0.3221187543806949
5295,0.7177,9,48,9,592118,13492,101531,6425,0.12497684241728112,0.3225887432846312
5296,0.7178,21,51,21,592169,13441,101552,6404,0.12450442772981585,0.3227009322247417
5297,0.7179,7,7,7,592176,13434,101559,6397,0.12443958649820297,0.32257576521607584
5298,0.718,10,21,10,592197,13413,101569,6387,0.12424506280336434,0.32257575757575757
5299,0.7181,13,26,13,592223,13387,101582,6374,0.12400422394308792,0.3225545265927838
5300,0.7182,9,19,9,592242,13368,101591,6365,0.12382822631442439,0.3225561242588557
5301,0.7183,18,37,18,592279,13331,101609,6347,0.12348549409018489,0.32254294135582884
5302,0.7184,1,9,1,592288,13322,101610,6346,0.1234021267923969,0.32265609111246696
5303,0.7185,2,14,2,592302,13308,101612,6344,0.12327244432917114,0.3228170160797883
5304,0.7186,34,69,34,592371,13239,101646,6310,0.12263329504612991,0.3227786587549235
5305,0.7187,23,23,23,592394,13216,101669,6287,0.12242024528511616,0.3223606624621853
5306,0.7188,8,25,8,592419,13191,101677,6279,0.1221886694579273,0.32249614791987674
5307,0.7189,15,28,15,592447,13163,101692,6264,0.12192930453147578,0.32243784423740157
5308,0.719,3,17,3,592464,13146,101695,6261,0.12177183296898736,0.32261555108981294
5309,0.7191,16,39,16,592503,13107,101711,6245,0.12141057467857275,0.32270566349731294
5310,0.7192,17,50,17,592553,13057,101728,6228,0.12094742302419505,0.32294529427015817
5311,0.7193,16,25,16,592578,13032,101744,6212,0.12071584719700619,0.32280191228434835
5312,0.7194,8,11,8,592589,13021,101752,6204,0.12061395383304309,0.32270481144343305
5313,0.7195,23,42,23,592631,12979,101775,6181,0.12022490644336581,0.3225991649269311
5314,0.7196,8,16,8,592647,12963,101783,6173,0.12007669791396496,0.32258570234113715
5315,0.7197,18,35,18,592682,12928,101801,6155,0.11975249175590055,0.32253838494995546
5316,0.7198,11,29,11,592711,12899,101812,6144,0.11948386379636149,0.322638239773145
5317,0.7199,7,21,7,592732,12878,101819,6137,0.11928934010152284,0.32274520115698135
5318,0.72,17,32,17,592764,12846,101836,6120,0.1189929230427211,0.32268269534957295
5319,0.7201,17,39,17,592803,12807,101853,6103,0.11863166475230649,0.3227392913802221
5320,0.7202,12,22,12,592825,12785,101865,6091,0.1184278780243803,0.32268489086670904
5321,0.7203,9,15,9,592840,12770,101874,6082,0.11828893252806699,0.3226182898366221
5322,0.7204,8,18,8,592858,12752,101882,6074,0.11812219793249101,0.32263890364389675
5323,0.7205,33,54,33,592912,12698,101915,6041,0.11762199414576309,0.32237579379902875
5324,0.7206,13,13,13,592925,12685,101928,6028,0.11750157471562489,0.32212900122909205
5325,0.7207,6,19,6,592944,12666,101934,6022,0.11732557708696136,0.3222388698630137
5326,0.7208,6,15,6,592959,12651,101940,6016,0.11718663159064804,0.3222799592864413
5327,0.7209,8,15,8,592974,12636,101948,6008,0.11704768609433473,0.32224844453979834
5328,0.721,10,26,10,593000,12610,101958,5998,0.11680684723405832,0.32233447979363716
5329,0.7211,8,13,8,593013,12597,101966,5990,0.11668642780392012,0.3222682520040889
5330,0.7212,10,42,10,593055,12555,101976,5980,0.11629738041424284,0.3226328567574858
5331,0.7213,8,18,8,593073,12537,101984,5972,0.11613064581866686,0.322653844075855
5332,0.7214,19,25,19,593098,12512,102003,5953,0.115899069991478,0.3223937178445708
5333,0.7215,13,19,13,593117,12493,102016,5940,0.11572307236281448,0.3222481419193837
5334,0.7216,13,28,13,593145,12465,102029,5927,0.11546370743636296,0.32225967812092216
5335,0.7217,7,21,7,593166,12444,102036,5920,0.11526918374152433,0.3223698540622958
5336,0.7218,19,25,19,593191,12419,102055,5901,0.11503760791433547,0.3221069868995633
5337,0.7219,7,14,7,593205,12405,102062,5894,0.11490792545110971,0.32209410350292367
5338,0.722,16,27,16,593232,12378,102078,5878,0.11465782355774574,0.3219763365468887
5339,0.7221,18,26,18,593258,12352,102096,5860,0.11441698469746935,0.3217658686580277
5340,0.7222,2,10,2,593268,12342,102098,5858,0.1143243543665938,0.32186813186813185
5341,0.7223,18,50,18,593318,12292,102116,5840,0.11386120271221609,0.32208250606662253
5342,0.7224,9,18,9,593336,12274,102125,5831,0.11369446811664011,0.3220657276995305
5343,0.7225,6,16,6,593352,12258,102131,5825,0.11354625958723924,0.32212575347011
5344,0.7226,7,30,7,593382,12228,102138,5818,0.11326836859461262,0.3223983154161587
5345,0.7227,3,15,3,593397,12213,102141,5815,0.1131294230982993,0.32255380519192367
5346,0.7228,13,21,13,593418,12192,102154,5802,0.11293489940346067,0.32244081360453486
5347,0.7229,34,48,34,593466,12144,102188,5768,0.11249027381525807,0.32201875837427424
5348,0.723,6,22,6,593488,12122,102194,5762,0.11228648708733188,0.3221874301051219
5349,0.7231,18,35,18,593523,12087,102212,5744,0.11196228092926748,0.3221356065279569
5350,0.7232,7,18,7,593541,12069,102219,5737,0.1117955463336915,0.32219476580927775
5351,0.7233,12,25,12,593566,12044,102231,5725,0.11156397050650264,0.3221903314761664
5352,0.7234,11,26,11,593592,12018,102242,5714,0.11132313164622624,0.32224227385517706
5353,0.7235,6,14,6,593606,12004,102248,5708,0.11119344918300048,0.3222673893405601
5354,0.7236,9,27,9,593633,11977,102257,5699,0.11094334728963652,0.32241457343290336
5355,0.7237,11,36,11,593669,11941,102268,5688,0.11060987809848456,0.3226501786828521
5356,0.7238,5,12,5,593681,11929,102273,5683,0.11049872170143392,0.32267771973654324
5357,0.7239,8,32,8,593713,11897,102281,5675,0.11020230464263218,0.32295697700887777
5358,0.724,10,32,10,593745,11865,102291,5665,0.10990588758383045,0.32316029663434115
5359,0.7241,3,7,3,593752,11858,102294,5662,0.10984104635221757,0.32317351598173516
5360,0.7242,14,27,14,593779,11831,102308,5648,0.1095909444588536,0.3231306138795126
5361,0.7243,9,32,9,593811,11799,102317,5639,0.10929452740005187,0.32337424016515653
5362,0.7244,18,30,18,593841,11769,102335,5621,0.10901663640742525,0.32323174238067853
5363,0.7245,9,17,9,593858,11752,102344,5612,0.10885916484493682,0.32319741994932044
5364,0.7246,6,10,6,593868,11742,102350,5606,0.10876653451406128,0.32314964261009915
5365,0.7247,6,11,6,593879,11731,102356,5600,0.10866464115009819,0.32312042005654606
5366,0.7248,9,26,9,593905,11705,102365,5591,0.10842380228982178,0.32325393154486587
5367,0.7249,10,4,10,593909,11701,102375,5581,0.10838675015747157,0.32293716005092005
5368,0.725,12,40,12,593949,11661,102387,5569,0.1080162288339694,0.3232153221125943
5369,0.7251,11,22,11,593971,11639,102398,5558,0.1078124421060432,0.32319590626272027
5370,0.7252,3,18,3,593989,11621,102401,5555,0.10764570751046723,0.3234163949697252
5371,0.7253,7,24,7,594013,11597,102408,5548,0.10742339471636593,0.32359288422280547
5372,0.7254,12,38,12,594051,11559,102420,5536,0.10707139945903887,0.32383737935068735
5373,0.7255,20,62,20,594113,11497,102440,5516,0.1064970914076105,0.3242226532651502
5374,0.7256,11,28,11,594141,11469,102451,5505,0.10623772648115899,0.3243195475433015
5375,0.7257,20,26,20,594167,11443,102471,5485,0.10599688762088258,0.32401937618147447
5376,0.7258,12,15,12,594182,11428,102483,5473,0.10585794212456927,0.3238269924856517
5377,0.7259,8,8,8,594190,11420,102491,5465,0.10578383785986883,0.32366005330174713
5378,0.726,6,31,6,594221,11389,102497,5459,0.10549668383415466,0.3240147198480532
5379,0.7261,4,7,4,594228,11382,102501,5455,0.10543184260254178,0.32398883411534124
5380,0.7262,10,25,10,594253,11357,102511,5445,0.10520026677535292,0.3240685632662778
5381,0.7263,9,20,9,594273,11337,102520,5436,0.10501500611360184,0.3240922911822572
5382,0.7264,5,17,5,594290,11320,102525,5431,0.10485753455111342,0.3242194495850994
5383,0.7265,4,16,4,594306,11304,102529,5427,0.10470932602171255,0.3243679397525551
5384,0.7266,4,4,4,594310,11300,102533,5423,0.10467227388936233,0.32428392034921966
5385,0.7267,2,13,2,594323,11287,102535,5421,0.10455185445922413,0.3244553507301891
5386,0.7268,13,25,13,594348,11262,102548,5408,0.10432027863203527,0.3244151169766047
5387,0.7269,6,19,6,594367,11243,102554,5402,0.10414428100337174,0.32454190447581854
5388,0.727,23,63,23,594430,11180,102577,5379,0.10356070991885583,0.32483845642852827
5389,0.7271,17,39,17,594469,11141,102594,5362,0.10319945162844121,0.32491062231109497
5390,0.7272,7,21,7,594490,11120,102601,5355,0.10300492793360258,0.32503793626707134
5391,0.7273,10,21,10,594511,11099,102611,5345,0.10281040423876395,0.32504256871807347
5392,0.7274,8,17,8,594528,11082,102619,5337,0.10265293267627552,0.3250502466654486
5393,0.7275,14,21,14,594549,11061,102633,5323,0.10245840898143688,0.32489013671875
5394,0.7276,9,15,9,594564,11046,102642,5314,0.10231946348512357,0.32481662591687044
5395,0.7277,8,23,8,594587,11023,102650,5306,0.10210641372410982,0.3249433523179619
5396,0.7278,11,31,11,594618,10992,102661,5295,0.10181925969839564,0.32510591269110334
5397,0.7279,11,4,11,594622,10988,102672,5284,0.10178220756604543,0.3247295968534907
5398,0.728,4,9,4,594631,10979,102676,5280,0.10169884026825744,0.3247432191401685
5399,0.7281,10,25,10,594656,10954,102686,5270,0.10146726444106859,0.32482741617357
5400,0.7282,7,12,7,594668,10942,102693,5263,0.10135610804401793,0.32477630360999693
5401,0.7283,11,25,11,594693,10917,102704,5252,0.10112453221682907,0.32481909827447586
5402,0.7284,19,38,19,594731,10879,102723,5233,0.10077253695950202,0.3247889771598808
5403,0.7285,15,19,15,594750,10860,102738,5218,0.1005965393308385,0.32454285358875484
5404,0.7286,7,9,7,594759,10851,102745,5211,0.1005131720330505,0.3244303324617109
5405,0.7287,12,29,12,594788,10822,102757,5199,0.10024454407351142,0.324511578553149
5406,0.7288,5,11,5,594799,10811,102762,5194,0.10014265070954834,0.3245235863792565
5407,0.7289,7,23,7,594822,10788,102769,5187,0.09992960094853459,0.3246948356807512
5408,0.729,4,13,4,594835,10775,102773,5183,0.09980918151839638,0.32479007394410325
5409,0.7291,11,15,11,594850,10760,102784,5172,0.09967023602208307,0.324629676123525
5410,0.7292,18,24,18,594874,10736,102802,5154,0.09944792322798177,0.32435494021397104
5411,0.7293,17,59,17,594933,10677,102819,5137,0.09890140427581608,0.3248387504742633
5412,0.7294,16,33,16,594966,10644,102835,5121,0.09859572418392679,0.3248334919124643
5413,0.7295,9,17,9,594983,10627,102844,5112,0.09843825262143836,0.3247982718088824
5414,0.7296,5,7,5,594990,10620,102849,5107,0.09837341138982549,0.3247281744770141
5415,0.7297,12,48,12,595038,10572,102861,5095,0.09792878580162288,0.3252058466841131
5416,0.7298,4,15,4,595053,10557,102865,5091,0.09778984030530957,0.3253450920245399
5417,0.7299,9,14,9,595067,10543,102874,5082,0.09766015784208382,0.325248
5418,0.73,6,7,6,595074,10536,102880,5076,0.09759531661047094,0.32513451191391235
5419,0.7301,2,9,2,595083,10527,102882,5074,0.09751194931268295,0.32523556182296004
5420,0.7302,2,6,2,595089,10521,102884,5072,0.09745637111415761,0.3252741614827166
5421,0.7303,18,12,18,595101,10509,102902,5054,0.09734521471710697,0.3247445865193086
5422,0.7304,4,10,4,595111,10499,102906,5050,0.09725258438623142,0.32477972859990994
5423,0.7305,2,9,2,595120,10490,102908,5048,0.09716921708844344,0.32488093705753635
5424,0.7306,13,21,13,595141,10469,102921,5035,0.0969746933936048,0.3247549019607843
5425,0.7307,4,19,4,595160,10450,102925,5031,0.09679869576494127,0.32497900652412637
5426,0.7308,1,9,1,595169,10441,102926,5030,0.09671532846715329,0.3251244263460668
5427,0.7309,6,20,6,595189,10421,102932,5024,0.0965300678054022,0.32528326319197154
5428,0.731,7,27,7,595216,10394,102939,5017,0.09627996591203823,0.32554668743105575
5429,0.7311,6,14,6,595230,10380,102945,5011,0.09615028344881248,0.32557988434799556
5430,0.7312,8,29,8,595259,10351,102953,5003,0.09588165548927341,0.3258434284225609
5431,0.7313,8,14,8,595273,10337,102961,4995,0.09575197302604765,0.3257891990607879
5432,0.7314,9,22,9,595295,10315,102970,4986,0.09554818629812145,0.32586105483301747
5433,0.7315,9,19,9,595314,10296,102979,4977,0.09537218866945793,0.3258691809074838
5434,0.7316,7,18,7,595332,10278,102986,4970,0.09520545407388195,0.3259443861490032
5435,0.7317,7,14,7,595346,10264,102993,4963,0.0950757716106562,0.3259341958363433
5436,0.7318,8,20,8,595366,10244,103001,4955,0.0948905109489051,0.3260082900190802
5437,0.7319,8,17,8,595383,10227,103009,4947,0.09473303938641668,0.32601818900751284
5438,0.732,6,11,6,595394,10216,103015,4941,0.0946311460224536,0.32598799234677045
5439,0.7321,8,20,8,595414,10196,103023,4933,0.0944458853607025,0.3260625289179721
5440,0.7322,3,14,3,595428,10182,103026,4930,0.09431620289747675,0.32623080995235576
5441,0.7323,8,25,8,595453,10157,103034,4922,0.09408462707028789,0.3264142184494993
5442,0.7324,9,33,9,595486,10124,103043,4913,0.0937789469783986,0.32672740573252645
5443,0.7325,5,24,5,595510,10100,103048,4908,0.09355663418429731,0.3270255863539446
5444,0.7326,8,18,8,595528,10082,103056,4900,0.09338989958872133,0.32705913763182487
5445,0.7327,5,8,5,595536,10074,103061,4895,0.0933157953240209,0.32700915224797916
5446,0.7328,5,20,5,595556,10054,103066,4890,0.09313053466226981,0.3272216274089936
5447,0.7329,14,14,14,595570,10040,103080,4876,0.09300085219904405,0.32689729149906144
5448,0.733,4,9,4,595579,10031,103084,4872,0.09291748490125606,0.3269140441521841
5449,0.7331,3,10,3,595589,10021,103087,4869,0.09282485457038052,0.3269979852249832
5450,0.7332,6,6,6,595595,10015,103093,4863,0.0927692763718552,0.3268584487162253
5451,0.7333,6,15,6,595610,10000,103099,4857,0.09263033087554189,0.3269166049673555
5452,0.7334,13,29,13,595639,9971,103112,4844,0.09236170291600282,0.3269659129260884
5453,0.7335,21,44,21,595683,9927,103133,4823,0.09195412946015043,0.3269830508474576
5454,0.7336,14,28,14,595711,9899,103147,4809,0.09169476453369892,0.3269649170519445
5455,0.7337,3,4,3,595715,9895,103150,4806,0.09165771240134869,0.3269165362900483
5456,0.7338,10,13,10,595728,9882,103160,4796,0.0915372929712105,0.3267475132851887
5457,0.7339,11,18,11,595746,9864,103171,4785,0.09137055837563451,0.3266434568912554
5458,0.734,2,4,2,595750,9860,103173,4783,0.0913335062432843,0.32664071570033465
5459,0.7341,2,7,2,595757,9853,103175,4781,0.09126866501167143,0.32670493371600384
5460,0.7342,12,25,12,595782,9828,103187,4769,0.09103708918448257,0.32671096800712474
5461,0.7343,9,10,9,595792,9818,103196,4760,0.09094445885360702,0.32651941281382907
5462,0.7344,12,21,12,595813,9797,103208,4748,0.09074993515876839,0.3264352011000344
5463,0.7345,11,29,11,595842,9768,103219,4737,0.09048130719922931,0.3265770423991727
5464,0.7346,2,5,2,595847,9763,103221,4735,0.09043499203379154,0.32659677196854736
5465,0.7347,11,20,11,595867,9743,103232,4724,0.09024973137204047,0.3265362549250017
5466,0.7348,12,30,12,595897,9713,103244,4712,0.08997184037941383,0.32665511265164643
5467,0.7349,11,30,11,595927,9683,103255,4701,0.08969394938678721,0.326821468298109
5468,0.735,17,26,17,595953,9657,103272,4684,0.0894531105265108,0.32661599609511194
5469,0.7351,8,19,8,595972,9638,103280,4676,0.08927711289784727,0.32667318708956267
5470,0.7352,12,29,12,596001,9609,103292,4664,0.0890084849383082,0.3267708260351713
5471,0.7353,12,35,12,596036,9574,103304,4652,0.0886842787802438,0.32700688879516376
5472,0.7354,1,9,1,596045,9565,103305,4651,0.08860091148245582,0.3271665728756331
5473,0.7355,5,5,5,596050,9560,103310,4646,0.08855459631701805,0.3270449106011544
5474,0.7356,8,21,8,596071,9539,103318,4638,0.0883600726221794,0.3271496085208436
5475,0.7357,4,6,4,596077,9533,103322,4634,0.08830449442365408,0.32709818592503703
5476,0.7358,8,18,8,596095,9515,103330,4626,0.0881377598280781,0.3271338660632204
5477,0.7359,7,19,7,596114,9496,103337,4619,0.08796176219941458,0.32724052426496636
5478,0.736,10,31,10,596145,9465,103347,4609,0.0876746081737004,0.3274833025436976
5479,0.7361,10,16,10,596161,9449,103357,4599,0.08752639964429954,0.327377562642369
5480,0.7362,19,30,19,596191,9419,103376,4580,0.0872485086516729,0.32716622615901136
5481,0.7363,14,26,14,596217,9393,103390,4566,0.0870076697913965,0.32710079518590157
5482,0.7364,8,23,8,596240,9370,103398,4558,0.08679462003038275,0.32725445146467547
5483,0.7365,2,7,2,596247,9363,103400,4556,0.08672977879876986,0.32732236511243623
5484,0.7366,4,18,4,596265,9345,103404,4552,0.0865630442031939,0.3275527092178168
5485,0.7367,3,10,3,596275,9335,103407,4549,0.08647041387231835,0.3276433304523192
5486,0.7368,10,31,10,596306,9304,103417,4539,0.08618325984660417,0.3278913530304125
5487,0.7369,5,23,5,596329,9281,103422,4534,0.08597021008559043,0.32819399203764027
5488,0.737,7,22,7,596351,9259,103429,4527,0.08576642335766424,0.32837661395618745
5489,0.7371,33,43,33,596394,9216,103462,4494,0.0853681129348994,0.3277899343544858
5490,0.7372,13,14,13,596408,9202,103475,4481,0.08523843047167365,0.3274866622816634
5491,0.7373,11,44,11,596452,9158,103486,4470,0.08483085701582126,0.32800117405341944
5492,0.7374,12,21,12,596473,9137,103498,4458,0.08463633332098262,0.32791467451268846
5493,0.7375,4,15,4,596488,9122,103502,4454,0.08449738782466931,0.32807896287566296
5494,0.7376,5,13,5,596501,9109,103507,4449,0.0843769683945311,0.3281457442100605
5495,0.7377,16,32,16,596533,9077,103523,4433,0.08408055133572936,0.32812731310140636
5496,0.7378,2,3,2,596536,9074,103525,4431,0.08405276223646671,0.3281007034431692
5497,0.7379,4,3,4,596539,9071,103529,4427,0.08402497313720404,0.3279745147429249
5498,0.738,0,18,0,596557,9053,103529,4427,0.08385823854162808,0.32841246290801185
5499,0.7381,5,12,5,596569,9041,103534,4422,0.08374708214457742,0.32845576765951123
5500,0.7382,5,13,5,596582,9028,103539,4417,0.08362666271443922,0.3285236147266642
5501,0.7383,8,10,8,596592,9018,103547,4409,0.08353403238356367,0.3283682133015566
5502,0.7384,12,34,12,596626,8984,103559,4397,0.08321908925858683,0.32860025409162247
5503,0.7385,13,22,13,596648,8962,103572,4384,0.08301530253066064,0.3284879364603627
5504,0.7386,13,18,13,596666,8944,103585,4371,0.08284856793508466,0.32827638002253096
5505,0.7387,6,8,6,596674,8936,103591,4365,0.08277446367038423,0.3281708142244944
5506,0.7388,16,42,16,596716,8894,103607,4349,0.08238541628070696,0.32839990938609076
5507,0.7389,5,11,5,596727,8883,103612,4344,0.08228352291674386,0.3284191426627353
5508,0.739,12,30,12,596757,8853,103624,4332,0.08200563192411724,0.3285551763367463
5509,0.7391,1,4,1,596761,8849,103625,4331,0.08196857979176701,0.3286039453717754
5510,0.7392,7,17,7,596778,8832,103632,4324,0.08181110822927859,0.32867132867132864
5511,0.7393,8,19,8,596797,8813,103640,4316,0.08163511060061507,0.3287379084469495
5512,0.7394,2,21,2,596818,8792,103642,4314,0.08144058690577642,0.3291622157790325
5513,0.7395,8,12,8,596830,8780,103650,4306,0.08132943050872578,0.3290539507871007
5514,0.7396,4,5,4,596835,8775,103654,4302,0.08128311534328801,0.32897453544390914
5515,0.7397,9,29,9,596864,8746,103663,4293,0.08101448738374893,0.3292430401104379
5516,0.7398,8,20,8,596884,8726,103671,4285,0.08082922672199785,0.3293367150872339
5517,0.7399,10,9,10,596893,8717,103681,4275,0.08074585942420986,0.32904864532019706
5518,0.74,10,34,10,596927,8683,103691,4265,0.08043091629923302,0.32939450108124807
5519,0.7401,11,31,11,596958,8652,103702,4254,0.08014376227351884,0.3296141329614133
5520,0.7402,22,35,22,596993,8617,103724,4232,0.07981955611545444,0.32936415285236204
5521,0.7403,20,20,20,597013,8597,103744,4212,0.07963429545370336,0.328831290498868
5522,0.7404,5,21,5,597034,8576,103749,4207,0.07943977175886473,0.32910897285457247
5523,0.7405,3,15,3,597049,8561,103752,4204,0.07930082626255142,0.3293380336858598
5524,0.7406,9,24,9,597073,8537,103761,4195,0.07907851346845012,0.3294847628023877
5525,0.7407,16,36,16,597109,8501,103777,4179,0.07874504427729816,0.3295741324921136
5526,0.7408,0,2,0,597111,8499,103777,4179,0.07872651821112304,0.3296261239943209
5527,0.7409,3,11,3,597122,8488,103780,4176,0.07862462484715996,0.3297536323436513
5528,0.741,8,24,8,597146,8464,103788,4168,0.07840231205305866,0.3299556681443952
5529,0.7411,4,5,4,597151,8459,103792,4164,0.07835599688762088,0.32987403945179433
5530,0.7412,7,10,7,597161,8449,103799,4157,0.07826336655674535,0.3297636046327146
5531,0.7413,7,11,7,597172,8438,103806,4150,0.07816147319278224,0.3296790594216714
5532,0.7414,6,33,6,597205,8405,103812,4144,0.07785579310089295,0.3302255159773687
5533,0.7415,16,20,16,597225,8385,103828,4128,0.07767053243914188,0.32989690721649484
5534,0.7416,11,20,11,597245,8365,103839,4117,0.07748527177739079,0.3298349623457779
5535,0.7417,2,11,2,597256,8354,103841,4115,0.0773833784134277,0.3300184457454487
5536,0.7418,6,18,6,597274,8336,103847,4109,0.07721664381785172,0.3301727601446364
5537,0.7419,7,19,7,597293,8317,103854,4102,0.07704064618918818,0.3303003462436589
5538,0.742,16,44,16,597337,8273,103870,4086,0.0766330727333358,0.33060927259487016
5539,0.7421,9,14,9,597351,8259,103879,4077,0.07650339027011005,0.33049610894941633
5540,0.7422,3,8,3,597359,8251,103882,4074,0.07642928600540962,0.33054766734279917
5541,0.7423,23,32,23,597391,8219,103905,4051,0.07613286894660788,0.3301548492257539
5542,0.7424,21,30,21,597421,8189,103926,4030,0.07585497795398125,0.3298142237498977
5543,0.7425,10,19,10,597440,8170,103936,4020,0.07567898032531772,0.32977850697292865
5544,0.7426,11,15,11,597455,8155,103947,4009,0.07554003482900441,0.3295790858270306
5545,0.7427,3,15,3,597470,8140,103950,4006,0.0754010893326911,0.3298205170426478
5546,0.7428,4,2,4,597472,8138,103954,4002,0.07538256326651599,0.32965403624382206
5547,0.7429,11,17,11,597489,8121,103965,3991,0.07522509170402757,0.3295079260237781
5548,0.743,4,10,4,597499,8111,103969,3987,0.07513246137315202,0.3295586047280542
5549,0.7431,3,7,3,597506,8104,103972,3984,0.07506762014153914,0.32958305757776307
5550,0.7432,7,11,7,597517,8093,103979,3977,0.07496572677757606,0.32949461474730735
5551,0.7433,7,7,7,597524,8086,103986,3970,0.07490088554596316,0.32929661579296615
5552,0.7434,4,11,4,597535,8075,103990,3966,0.07479899218200008,0.32937463665808486
5553,0.7435,6,14,6,597549,8061,103996,3960,0.07466930971877432,0.3294235088594959
5554,0.7436,13,20,13,597569,8041,104009,3947,0.07448404905702323,0.3292459125792459
5555,0.7437,29,21,29,597590,8020,104038,3918,0.0742895253621846,0.3281956776679511
5556,0.7438,4,8,4,597598,8012,104042,3914,0.07421542109748416,0.3281905081334899
5557,0.7439,8,8,8,597606,8004,104050,3906,0.07414131683278373,0.3279596977329975
5558,0.744,3,11,3,597617,7993,104053,3903,0.07403942346882063,0.32809347679892403
5559,0.7441,7,19,7,597636,7974,104060,3896,0.07386342584015711,0.3282224094355518
5560,0.7442,6,12,6,597648,7962,104066,3890,0.07375226944310645,0.3282146473169085
5561,0.7443,10,21,10,597669,7941,104076,3880,0.07355774574826782,0.32822942221470264
5562,0.7444,15,38,15,597707,7903,104091,3865,0.07320575049094076,0.32843303874915025
5563,0.7445,3,15,3,597722,7888,104094,3862,0.07306680499462744,0.32868085106382977
5564,0.7446,0,4,0,597726,7884,104094,3862,0.07302975286227723,0.32879278052102845
5565,0.7447,0,7,0,597733,7877,104094,3862,0.07296491163066435,0.3289888406167476
5566,0.7448,6,14,6,597747,7863,104100,3856,0.07283522916743859,0.32903831384930454
5567,0.7449,5,25,5,597772,7838,104105,3851,0.07260365334024974,0.3294550432030114
5568,0.745,4,10,4,597782,7828,104109,3847,0.07251102300937419,0.32950749464668094
5569,0.7451,5,12,5,597794,7816,104114,3842,0.07239986661232353,0.32955910104649166
5570,0.7452,7,13,7,597807,7803,104121,3835,0.07227944718218533,0.32952397319126997
5571,0.7453,7,7,7,597814,7796,104128,3828,0.07221460595057246,0.32931865106675845
5572,0.7454,2,13,2,597827,7783,104130,3826,0.07209418652043426,0.3295718838831941
5573,0.7455,6,9,6,597836,7774,104136,3820,0.07201081922264627,0.3294807659134035
5574,0.7456,6,21,6,597857,7753,104142,3814,0.07181629552780762,0.32973113166767526
5575,0.7457,13,36,13,597893,7717,104155,3801,0.07148282633665567,0.33000520923771487
5576,0.7458,7,4,7,597897,7713,104162,3794,0.07144577420430545,0.3297123490049535
5577,0.7459,5,9,5,597906,7704,104167,3789,0.07136240690651748,0.32967893500391543
5578,0.746,5,12,5,597918,7692,104172,3784,0.07125125050946682,0.3297316138027187
5579,0.7461,13,36,13,597954,7656,104185,3771,0.07091778131831487,0.3300078760829614
5580,0.7462,3,2,3,597956,7654,104188,3768,0.07089925525213976,0.32988968656977763
5581,0.7463,3,5,3,597961,7649,104191,3765,0.070852940086702,0.3298580690380235
5582,0.7464,8,21,8,597982,7628,104199,3757,0.07065841639186335,0.32999560825647783
5583,0.7465,5,8,5,597990,7620,104204,3752,0.07058431212716292,0.329933169187478
5584,0.7466,12,29,12,598019,7591,104216,3740,0.07031568416762385,0.3300679551672403
5585,0.7467,11,21,11,598040,7570,104227,3729,0.07012116047278522,0.3300292061244358
5586,0.7468,16,13,16,598053,7557,104243,3713,0.070000741042647,0.3294587400177462
5587,0.7469,5,13,5,598066,7544,104248,3708,0.0698803216125088,0.3295414148595805
5588,0.747,5,16,5,598082,7528,104253,3703,0.06973211308310794,0.3297124031697979
5589,0.7471,6,13,6,598095,7515,104259,3697,0.06961169365296972,0.3297359971459151
5590,0.7472,1,2,1,598097,7513,104260,3696,0.06959316758679462,0.3297350343473994
5591,0.7473,16,22,16,598119,7491,104276,3680,0.06938938085886842,0.329424402470683
5592,0.7474,9,19,9,598138,7472,104285,3671,0.0692133832302049,0.3294444943013551
5593,0.7475,8,15,8,598153,7457,104293,3663,0.06907443773389159,0.3294064748201439
5594,0.7476,3,16,3,598169,7441,104296,3660,0.06892622920449072,0.3297000270245924
5595,0.7477,10,14,10,598183,7427,104306,3650,0.06879654674126497,0.3295116006138846
5596,0.7478,17,38,17,598221,7389,104323,3633,0.0684445514839379,0.3296135002721829
5597,0.7479,3,8,3,598229,7381,104326,3630,0.06837044721923746,0.32967032967032966
5598,0.748,7,10,7,598239,7371,104333,3623,0.06827781688836193,0.3295433873021648
5599,0.7481,3,13,3,598252,7358,104336,3620,0.06815739745822372,0.32975040991073057
5600,0.7482,8,16,8,598268,7342,104344,3612,0.06800918892882285,0.3297425597955085
5601,0.7483,7,21,7,598289,7321,104351,3605,0.06781466523398422,0.3299469156141314
5602,0.7484,6,38,6,598327,7283,104357,3599,0.06746266997665716,0.3307296452857931
5603,0.7485,0,7,0,598334,7276,104357,3599,0.06739782874504428,0.3309425287356322
5604,0.7486,7,14,7,598348,7262,104364,3592,0.06726814628181851,0.33093790307720655
5605,0.7487,15,24,15,598372,7238,104379,3577,0.06704583348771721,0.3307443365695793
5606,0.7488,1,1,1,598373,7237,104380,3576,0.06703657045462966,0.3307130306113012
5607,0.7489,17,29,17,598402,7208,104397,3559,0.06676794249509059,0.3305470418872481
5608,0.749,1,4,1,598406,7204,104398,3558,0.06673089036274038,0.33060769373722354
5609,0.7491,9,18,9,598424,7186,104407,3549,0.0665641557671644,0.3306008383791337
5610,0.7492,17,43,17,598467,7143,104424,3532,0.06616584534439957,0.3308665105386417
5611,0.7493,13,32,13,598499,7111,104437,3519,0.06586942828559783,0.3310442144873001
5612,0.7494,5,29,5,598528,7082,104442,3514,0.06560080032605876,0.3316345790864477
5613,0.7495,7,24,7,598552,7058,104449,3507,0.06537848753195746,0.33194510175106484
5614,0.7496,3,5,3,598557,7053,104452,3504,0.0653321723665197,0.3319124751349815
5615,0.7497,13,24,13,598581,7029,104465,3491,0.0651098595724184,0.33184410646387835
5616,0.7498,8,20,8,598601,7009,104473,3483,0.0649245989106673,0.3319672131147541
5617,0.7499,3,14,3,598615,6995,104476,3480,0.06479491644744155,0.3322195704057279
5618,0.75,11,17,11,598632,6978,104487,3469,0.06463744488495313,0.3320570498707763
5619,0.7501,6,13,6,598645,6965,104493,3463,0.06451702545481493,0.3320866896816264
5620,0.7502,2,10,2,598655,6955,104495,3461,0.06442439512393938,0.33227726574500765
5621,0.7503,3,15,3,598670,6940,104498,3458,0.06428544962762607,0.3325639546066551
5622,0.7504,5,27,5,598697,6913,104503,3453,0.0640353477342621,0.33310823847192744
5623,0.7505,6,9,6,598706,6904,104509,3447,0.06395198043647411,0.3330113032557241
5624,0.7506,17,43,17,598749,6861,104526,3430,0.06355367001370929,0.3333009425711787
5625,0.7507,7,8,7,598757,6853,104533,3423,0.06347956574900886,0.33310626702997276
5626,0.7508,10,23,10,598780,6830,104543,3413,0.06326651598799511,0.33320316313580006
5627,0.7509,2,3,2,598783,6827,104545,3411,0.06323872688873244,0.3331705411213128
5628,0.751,5,17,5,598800,6810,104550,3406,0.06308125532624402,0.33339859044635867
5629,0.7511,2,10,2,598810,6800,104552,3404,0.06298862499536849,0.33359466875735005
5630,0.7512,3,11,3,598821,6789,104555,3401,0.06288673163140539,0.3337585868498528
5631,0.7513,8,22,8,598843,6767,104563,3393,0.0626829449034792,0.3339566929133858
5632,0.7514,14,24,14,598867,6743,104577,3379,0.0624606321093779,0.3338273068563525
5633,0.7515,14,21,14,598888,6722,104591,3365,0.06226610841453926,0.33359770000991373
5634,0.7516,2,7,2,598895,6715,104593,3363,0.06220126718292638,0.33369716213534434
5635,0.7517,8,12,8,598907,6703,104601,3355,0.06209011078587573,0.33356532113740306
5636,0.7518,20,33,20,598940,6670,104621,3335,0.06178443069398644,0.3333333333333333
5637,0.7519,5,19,5,598959,6651,104626,3330,0.06160843306532291,0.33363390441839497
5638,0.752,8,17,8,598976,6634,104634,3322,0.06145096150283449,0.33366813981518684
5639,0.7521,5,12,5,598988,6622,104639,3317,0.06133980510578384,0.33373578830868295
5640,0.7522,14,33,14,599021,6589,104653,3303,0.06103412501389455,0.3339061868176304
5641,0.7523,11,37,11,599058,6552,104664,3292,0.060691392789655046,0.33441690369768384
5642,0.7524,14,23,14,599081,6529,104678,3278,0.0604783430286413,0.33425104517181603
5643,0.7525,9,36,9,599117,6493,104687,3269,0.06014487383748935,0.3348699037082565
5644,0.7526,8,27,8,599144,6466,104695,3261,0.05989477194412538,0.33525239025393233
5645,0.7527,8,29,8,599173,6437,104703,3253,0.059626143984586315,0.33570691434468525
5646,0.7528,1,8,1,599181,6429,104704,3252,0.05955203971988588,0.33591571118686087
5647,0.7529,5,7,5,599188,6422,104709,3247,0.059487198488273,0.33581549281207984
5648,0.753,1,7,1,599195,6415,104710,3246,0.05942235725666012,0.33599006314046165
5649,0.7531,16,29,16,599224,6386,104726,3230,0.05915372929712105,0.33589850249584025
5650,0.7532,11,23,11,599247,6363,104737,3219,0.0589406795361073,0.33594239198497183
5651,0.7533,5,4,5,599251,6359,104742,3214,0.05890362740375708,0.3357359239527839
5652,0.7534,3,8,3,599259,6351,104745,3211,0.05882952313905665,0.335808408282786
5653,0.7535,9,15,9,599274,6336,104754,3202,0.05869057764274334,0.33570979240931015
5654,0.7536,5,9,5,599283,6327,104759,3197,0.05860721034495535,0.33567828643427133
5655,0.7537,3,10,3,599293,6317,104762,3194,0.05851458001407981,0.33582168015981495
5656,0.7538,18,31,18,599324,6286,104780,3176,0.05822742598836563,0.3356584231663496
5657,0.7539,16,30,16,599354,6256,104796,3160,0.057949534995739,0.33559898045879355
5658,0.754,4,9,4,599363,6247,104800,3156,0.05786616769795102,0.33563756248005955
5659,0.7541,10,22,10,599385,6225,104810,3146,0.057662380970024824,0.3357165724042258
5660,0.7542,9,11,9,599396,6214,104819,3137,0.05756048760606173,0.33547214201689657
5661,0.7543,8,13,8,599409,6201,104827,3129,0.05744006817592352,0.33536977491961417
5662,0.7544,10,22,10,599431,6179,104837,3119,0.057236281447997334,0.33544848354484835
5663,0.7545,8,15,8,599446,6164,104845,3111,0.05709733595168402,0.3354177897574124
5664,0.7546,3,8,3,599454,6156,104848,3108,0.05702323168698359,0.33549222797927464
5665,0.7547,7,22,7,599476,6134,104855,3101,0.05681944495905739,0.3357877639415268
5666,0.7548,6,8,6,599484,6126,104861,3095,0.05674534069435696,0.3356468929617178
5667,0.7549,9,21,9,599505,6105,104870,3086,0.05655081699951832,0.33576324665433577
5668,0.755,4,4,4,599509,6101,104874,3082,0.0565137648671681,0.33562016770118697
5669,0.7551,4,7,4,599516,6094,104878,3078,0.056448923635555225,0.3355865678150894
5670,0.7552,9,12,9,599528,6082,104887,3069,0.056337767238504574,0.3353731832586603
5671,0.7553,5,13,5,599541,6069,104892,3064,0.056217347808366375,0.3354866965947662
5672,0.7554,3,6,3,599547,6063,104895,3061,0.056161769609841046,0.33548882069267866
5673,0.7555,5,10,5,599557,6053,104900,3056,0.05606913927896551,0.33549237018333516
5674,0.7556,4,7,4,599564,6046,104904,3052,0.05600429804735262,0.33545834249285555
5675,0.7557,10,22,10,599586,6024,104914,3042,0.055800511319426434,0.3355393778954335
5676,0.7558,1,9,1,599595,6015,104915,3041,0.055717144021638444,0.3357994699646643
5677,0.7559,18,20,18,599615,5995,104933,3023,0.05553188335988736,0.33521845198491906
5678,0.756,5,12,5,599627,5983,104938,3018,0.05542072696283671,0.33529607821353186
5679,0.7561,1,12,1,599639,5971,104939,3017,0.05530957056578606,0.3356697819314642
5680,0.7562,8,22,8,599661,5949,104947,3009,0.05510578383785987,0.3359008707300737
5681,0.7563,8,28,8,599689,5921,104955,3001,0.05484641891140835,0.3363595606366286
5682,0.7564,7,17,7,599706,5904,104962,2994,0.05468894734891993,0.33648010788941335
5683,0.7565,8,7,8,599713,5897,104970,2986,0.05462410611730705,0.3361476978498255
5684,0.7566,1,4,1,599717,5893,104971,2985,0.054587053984956835,0.33622437485920253
5685,0.7567,3,14,3,599731,5879,104974,2982,0.05445737152173107,0.3365308655907911
5686,0.7568,6,6,6,599737,5873,104980,2976,0.05440179332320575,0.33630918747881117
5687,0.7569,3,5,3,599742,5868,104983,2973,0.05435547815776798,0.33627417712928404
5688,0.757,11,13,11,599755,5855,104994,2962,0.05423505872762978,0.3359419303618011
5689,0.7571,18,34,18,599789,5821,105012,2944,0.05392011560265293,0.3358813462635482
5690,0.7572,9,25,9,599814,5796,105021,2935,0.053688539775464075,0.336158515633948
5691,0.7573,10,14,10,599828,5782,105031,2925,0.05355885731223832,0.33593660273343284
5692,0.7574,6,11,6,599839,5771,105037,2919,0.053456963948275225,0.33590333716915993
5693,0.7575,5,13,5,599852,5758,105042,2914,0.05333654451813702,0.3360239852398524
5694,0.7576,8,22,8,599874,5736,105050,2906,0.05313275779021083,0.33626475352927565
5695,0.7577,4,8,4,599882,5728,105054,2902,0.053058653525510396,0.33626882966396293
5696,0.7578,12,23,12,599905,5705,105066,2890,0.052845603764496644,0.33624200116346714
5697,0.7579,4,17,4,599922,5688,105070,2886,0.05268813220200823,0.3365990202939118
5698,0.758,11,14,11,599936,5674,105081,2875,0.052558449738782466,0.33629664288220845
5699,0.7581,10,23,10,599959,5651,105091,2865,0.05234539997776872,0.33642555190230156
5700,0.7582,2,8,2,599967,5643,105093,2863,0.05227129571306829,0.33658593933693864
5701,0.7583,15,23,15,599990,5620,105108,2848,0.05205824595205454,0.3363249881908361
5702,0.7584,15,29,15,600019,5591,105123,2833,0.05178961799251547,0.336301044634378
5703,0.7585,2,9,2,600028,5582,105125,2831,0.05170625069472748,0.33650303102341617
5704,0.7586,3,10,3,600038,5572,105128,2828,0.05161362036385194,0.33666666666666667
5705,0.7587,14,20,14,600058,5552,105142,2814,0.051428359702100856,0.33636146306478604
5706,0.7588,1,2,1,600060,5550,105143,2813,0.051409833635925745,0.3363625493244051
5707,0.7589,3,4,3,600064,5546,105146,2810,0.05137278150357553,0.3362853039731929
5708,0.759,15,25,15,600089,5521,105161,2795,0.05114120567638668,0.3360990860990861
5709,0.7591,4,24,4,600113,5497,105165,2791,0.05091889288228538,0.3367519305019305
5710,0.7592,6,10,6,600123,5487,105171,2785,0.05082626255140983,0.3366779497098646
5711,0.7593,5,15,5,600138,5472,105176,2780,0.05068731705509652,0.33688802714493454
5712,0.7594,3,6,3,600144,5466,105179,2777,0.0506317388565712,0.3368919082858183
5713,0.7595,16,19,16,600163,5447,105195,2761,0.05045574122790766,0.33637914230019494
5714,0.7596,19,36,19,600199,5411,105214,2742,0.05012227203675571,0.33631791978412856
5715,0.7597,5,18,5,600217,5393,105219,2737,0.04995553744117974,0.33665436654366543
5716,0.7598,0,6,0,600223,5387,105219,2737,0.04989995924265442,0.33690300344657803
5717,0.7599,8,3,8,600226,5384,105227,2729,0.04987217014339175,0.33637372118821646
5718,0.76,0,3,0,600229,5381,105227,2729,0.04984438104412909,0.33649815043156595
5719,0.7601,5,22,5,600251,5359,105232,2724,0.0496405943162029,0.33700358777681555
5720,0.7602,4,9,4,600260,5350,105236,2720,0.04955722701841491,0.33705080545229243
5721,0.7603,2,5,2,600265,5345,105238,2718,0.04951091185297714,0.33709537393029887
5722,0.7604,8,13,8,600278,5332,105246,2710,0.04939049242283893,0.33698085053469284
5723,0.7605,15,26,15,600304,5306,105261,2695,0.049149653562562526,0.336832895888014
5724,0.7606,1,10,1,600314,5296,105262,2694,0.04905702323168698,0.337171464330413
5725,0.7607,6,15,6,600329,5281,105268,2688,0.04891807773537367,0.33730706487639606
5726,0.7608,14,17,14,600346,5264,105282,2674,0.04876060617288525,0.3368606701940035
5727,0.7609,2,21,2,600367,5243,105284,2672,0.04856608247804661,0.3375868603916614
5728,0.761,4,7,4,600374,5236,105288,2668,0.048501241246433735,0.3375506072874494
5729,0.7611,6,10,6,600384,5226,105294,2662,0.04840861091555819,0.33747464503042596
5730,0.7612,11,25,11,600409,5201,105305,2651,0.04817703508836933,0.33762098828323994
5731,0.7613,1,10,1,600419,5191,105306,2650,0.048084404757493794,0.3379670960336692
5732,0.7614,5,9,5,600428,5182,105311,2645,0.048001037459705805,0.33793279672927046
5733,0.7615,19,23,19,600451,5159,105330,2626,0.04778798769869206,0.33731535003211305
5734,0.7616,9,14,9,600465,5145,105339,2617,0.047658305235466304,0.33715537232671994
5735,0.7617,5,15,5,600480,5130,105344,2612,0.047519359739152986,0.33738052182898476
5736,0.7618,24,54,24,600534,5076,105368,2588,0.04701915595242506,0.3376826722338205
5737,0.7619,3,18,3,600552,5058,105371,2585,0.04685242135684908,0.3382179772340704
5738,0.762,7,13,7,600565,5045,105378,2578,0.046732001926710884,0.3381870654597927
5739,0.7621,13,27,13,600592,5018,105391,2565,0.04648190003334692,0.33825662666490836
5740,0.7622,3,6,3,600598,5012,105394,2562,0.04642632183482159,0.33826247689463956
5741,0.7623,6,7,6,600605,5005,105400,2556,0.046361480603208716,0.33805052241766964
5742,0.7624,8,11,8,600616,4994,105408,2548,0.04625958723924562,0.3378414213736409
5743,0.7625,6,16,6,600632,4978,105414,2542,0.046111378709844754,0.338031914893617
5744,0.7626,3,8,3,600640,4970,105417,2539,0.04603727444514432,0.33812758023704886
5745,0.7627,16,18,16,600658,4952,105433,2523,0.04587053984956834,0.33752508361204014
5746,0.7628,7,12,7,600670,4940,105440,2516,0.04575938345251769,0.3374463519313305
5747,0.7629,6,5,6,600675,4935,105446,2510,0.045713068287079925,0.3371390194761585
5748,0.763,2,7,2,600682,4928,105448,2508,0.04564822705546704,0.33727810650887574
5749,0.7631,8,22,8,600704,4906,105456,2500,0.04544444032754085,0.33756413718606537
5750,0.7632,9,26,9,600730,4880,105465,2491,0.04520360146726444,0.33794600461267127
5751,0.7633,7,12,7,600742,4868,105472,2484,0.04509244507021379,0.337867247007617
5752,0.7634,2,8,2,600750,4860,105474,2482,0.045018340805513354,0.3380550258785072
5753,0.7635,5,17,5,600767,4843,105479,2477,0.04486086924302494,0.3383879781420765
5754,0.7636,9,8,9,600775,4835,105488,2468,0.044786764978324504,0.3379433109680953
5755,0.7637,18,23,18,600798,4812,105506,2450,0.04457371521731076,0.33737262462131645
5756,0.7638,4,19,4,600817,4793,105510,2446,0.044397717588647224,0.3378919740295621
5757,0.7639,21,33,21,600850,4760,105531,2425,0.04409203749675794,0.337508698677801
5758,0.764,3,6,3,600856,4754,105534,2422,0.04403645929823261,0.3375139353400223
5759,0.7641,8,21,8,600877,4733,105542,2414,0.04384193560339397,0.3377640968238422
5760,0.7642,3,12,3,600889,4721,105545,2411,0.04373077920634332,0.3380538418395962
5761,0.7643,6,28,6,600917,4693,105551,2405,0.04347141427989181,0.33882783882783885
5762,0.7644,8,19,8,600936,4674,105559,2397,0.043295416651228276,0.3389902418328384
5763,0.7645,9,26,9,600962,4648,105568,2388,0.04305457779095187,0.33939738487777144
5764,0.7646,7,8,7,600970,4640,105575,2381,0.042980473526251436,0.3391254807007549
5765,0.7647,8,11,8,600981,4629,105583,2373,0.04287858016228834,0.3389031705227078
5766,0.7648,0,1,0,600982,4628,105583,2373,0.042869317129200786,0.3389515783459506
5767,0.7649,8,25,8,601007,4603,105591,2365,0.04263774130201193,0.3394087256027555
5768,0.765,2,14,2,601021,4589,105593,2363,0.042508058838786174,0.33990218642117376
5769,0.7651,6,8,6,601029,4581,105599,2357,0.04243395457408574,0.3397232631882387
5770,0.7652,7,13,7,601042,4568,105606,2350,0.042313535143947534,0.3396935530500145
5771,0.7653,6,18,6,601060,4550,105612,2344,0.04214680054837156,0.3400058021467943
5772,0.7654,3,9,3,601069,4541,105615,2341,0.04206343325058357,0.34016274338854985
5773,0.7655,3,9,3,601078,4532,105618,2338,0.04198006595279558,0.3403202328966521
5774,0.7656,6,11,6,601089,4521,105624,2332,0.04187817258883249,0.3402889245585875
5775,0.7657,14,39,14,601128,4482,105638,2318,0.041516914298417876,0.34088235294117647
5776,0.7658,10,26,10,601154,4456,105648,2308,0.04127607543814146,0.34121821407451214
5777,0.7659,20,32,20,601186,4424,105668,2288,0.04097965837933973,0.34088200238379024
5778,0.766,4,13,4,601199,4411,105672,2284,0.04085923894920153,0.34115011202389844
5779,0.7661,19,32,19,601231,4379,105691,2265,0.040562821890399794,0.3409090909090909
5780,0.7662,8,17,8,601248,4362,105699,2257,0.04040535032791137,0.3409880646623357
5781,0.7663,2,13,2,601261,4349,105701,2255,0.040284930897773165,0.34145972138098124
5782,0.7664,1,5,1,601266,4344,105702,2254,0.0402386157323354,0.34161867232494697
5783,0.7665,12,27,12,601293,4317,105714,2242,0.03998851383897143,0.34182039945113585
5784,0.7666,9,16,9,601309,4301,105723,2233,0.03984030530957056,0.34175084175084175
5785,0.7667,4,7,4,601316,4294,105727,2229,0.039775464077957685,0.3417139353058409
5786,0.7668,2,13,2,601329,4281,105729,2227,0.03965504464781948,0.3421942224953903
5787,0.7669,5,10,5,601339,4271,105734,2222,0.03956241431694394,0.34221469274603417
5788,0.767,11,30,11,601369,4241,105745,2211,0.03928452332431732,0.34268443893366396
5789,0.7671,8,17,8,601386,4224,105753,2203,0.039127051761828895,0.34277267776567605
5790,0.7672,7,25,7,601411,4199,105760,2196,0.03889547593464004,0.3433932759968726
5791,0.7673,3,7,3,601418,4192,105763,2193,0.03883063470302716,0.34346123727486294
5792,0.7674,12,27,12,601445,4165,105775,2181,0.0385805328096632,0.34368105893476203
5793,0.7675,9,21,9,601466,4144,105784,2172,0.03838600911482456,0.34388853704876504
5794,0.7676,2,9,2,601475,4135,105786,2170,0.03830264181703657,0.34417129262490087
5795,0.7677,3,6,3,601481,4129,105789,2167,0.03824706361851125,0.34418678526048285
5796,0.7678,10,23,10,601504,4106,105799,2157,0.0380340138574975,0.34440364042790994
5797,0.7679,3,11,3,601515,4095,105802,2154,0.0379321204935344,0.34469515122419586
5798,0.768,17,31,17,601546,4064,105819,2137,0.03764496646782022,0.3446218351878729
5799,0.7681,6,11,6,601557,4053,105825,2131,0.03754307310385713,0.34459896507115134
5800,0.7682,11,32,11,601589,4021,105836,2120,0.03724665604505539,0.34522064810291486
5801,0.7683,5,8,5,601597,4013,105841,2115,0.03717255178035496,0.34513707571801566
5802,0.7684,5,29,5,601626,3984,105846,2110,0.036903923820815886,0.3462422054479816
5803,0.7685,11,15,11,601641,3969,105857,2099,0.036764978324502574,0.3459129861568886
5804,0.7686,8,10,8,601651,3959,105865,2091,0.036672347993627036,0.3456198347107438
5805,0.7687,5,15,5,601666,3944,105870,2086,0.03653340249731372,0.3459369817578773
5806,0.7688,12,36,12,601702,3908,105882,2074,0.036199933306161766,0.34670678702774993
5807,0.7689,2,8,2,601710,3900,105884,2072,0.03612582904146134,0.34695244474212994
5808,0.769,5,7,5,601717,3893,105889,2067,0.036060987809848455,0.34681208053691276
5809,0.7691,3,11,3,601728,3882,105892,2064,0.03595909444588536,0.34712411705348134
5810,0.7692,4,14,4,601742,3868,105896,2060,0.035829411982659605,0.3475033738191633
5811,0.7693,12,16,12,601758,3852,105908,2048,0.03568120345325874,0.34711864406779663
5812,0.7694,4,8,4,601766,3844,105912,2044,0.035607099188558304,0.34714673913043476
5813,0.7695,8,8,8,601774,3836,105920,2036,0.03553299492385787,0.3467302452316076
5814,0.7696,19,31,19,601805,3805,105939,2017,0.035245840898143685,0.346444520783236
5815,0.7697,4,8,4,601813,3797,105943,2013,0.03517173663344325,0.34647160068846816
5816,0.7698,13,21,13,601834,3776,105956,2000,0.03497721293860462,0.3462603878116344
5817,0.7699,3,5,3,601839,3771,105959,1997,0.034930897773166845,0.3462205270457698
5818,0.77,4,16,4,601855,3755,105963,1993,0.03478268924376598,0.3467292971468337
5819,0.7701,5,11,5,601866,3744,105968,1988,0.034680795879802884,0.3468248429867411
5820,0.7702,1,8,1,601874,3736,105969,1987,0.03460669161510245,0.34719552682159704
5821,0.7703,7,14,7,601888,3722,105976,1980,0.03447700915187669,0.34724658014731674
5822,0.7704,9,19,9,601907,3703,105985,1971,0.03430101152321316,0.3473739866055693
5823,0.7705,25,24,25,601931,3679,106010,1946,0.03407869872911186,0.34595555555555557
5824,0.7706,2,16,2,601947,3663,106012,1944,0.03393049019971099,0.3467094703049759
5825,0.7707,10,7,10,601954,3656,106022,1934,0.033865648968098114,0.34597495527728084
5826,0.7708,6,25,6,601979,3631,106028,1928,0.03363407314090926,0.3468249685195179
5827,0.7709,6,6,6,601985,3625,106034,1922,0.033578494942383935,0.3464936001442221
5828,0.771,14,17,14,602002,3608,106048,1908,0.03342102337989551,0.34590282813633066
5829,0.7711,8,17,8,602019,3591,106056,1900,0.03326355181740709,0.3460207612456747
5830,0.7712,4,11,4,602030,3580,106060,1896,0.033161658453443994,0.3462381300219138
5831,0.7713,0,4,0,602034,3576,106060,1896,0.03312460632109378,0.34649122807017546
5832,0.7714,9,14,9,602048,3562,106069,1887,0.03299492385786802,0.3463020737750046
5833,0.7715,6,9,6,602057,3553,106075,1881,0.03291155656008003,0.34615384615384615
5834,0.7716,7,18,7,602075,3535,106082,1874,0.03274482196450406,0.34645960436309853
5835,0.7717,0,3,0,602078,3532,106082,1874,0.03271703286524139,0.34665186829448763
5836,0.7718,4,5,4,602083,3527,106086,1870,0.03267071769980363,0.3464887900685566
5837,0.7719,11,33,11,602116,3494,106097,1859,0.032365037607914336,0.34728189800112086
5838,0.772,5,7,5,602123,3487,106102,1854,0.03230019637630146,0.3471260063658491
5839,0.7721,14,28,14,602151,3459,106116,1840,0.03204083144984994,0.34723532742026797
5840,0.7722,12,22,12,602173,3437,106128,1828,0.031837044721923745,0.34719848053181385
5841,0.7723,0,6,0,602179,3431,106128,1828,0.03178146652339842,0.3475945997337897
5842,0.7724,3,2,3,602181,3429,106131,1825,0.03176294045722331,0.3473543966501713
5843,0.7725,10,16,10,602197,3413,106141,1815,0.031614731927822444,0.3471690895179801
5844,0.7726,10,8,10,602205,3405,106151,1805,0.03154062766312201,0.34644913627639157
5845,0.7727,4,8,4,602213,3397,106155,1801,0.03146652339842158,0.3464794151596768
5846,0.7728,4,17,4,602230,3380,106159,1797,0.03130905183593316,0.34711222715858603
5847,0.7729,3,5,3,602235,3375,106162,1794,0.03126273667049539,0.347069065583285
5848,0.773,6,12,6,602247,3363,106168,1788,0.031151580273444737,0.34711706464764125
5849,0.7731,16,39,16,602286,3324,106184,1772,0.030790321983030125,0.347723704866562
5850,0.7732,4,9,4,602295,3315,106188,1768,0.030706954685242135,0.34782608695652173
5851,0.7733,5,14,5,602309,3301,106193,1763,0.030577272222016377,0.3481437598736177
5852,0.7734,1,5,1,602314,3296,106194,1762,0.030530957056578607,0.3483590351917754
5853,0.7735,1,12,1,602326,3284,106195,1761,0.030419800659527957,0.34905847373637267
5854,0.7736,6,13,6,602339,3271,106201,1755,0.03029938122938975,0.3491842419419021
5855,0.7737,6,6,6,602345,3265,106207,1749,0.030243803030864425,0.34882329477463103
5856,0.7738,8,24,8,602369,3241,106215,1741,0.030021490236763124,0.3494580489763147
5857,0.7739,4,7,4,602376,3234,106219,1737,0.029956649005150247,0.3494266747133374
5858,0.774,6,18,6,602394,3216,106225,1731,0.02978991440957427,0.34990903577926014
5859,0.7741,5,3,5,602397,3213,106230,1726,0.02976212531031161,0.3494634541405143
5860,0.7742,1,11,1,602408,3202,106231,1725,0.029660231946348512,0.3501116297950071
5861,0.7743,4,19,4,602427,3183,106235,1721,0.029484234317684984,0.3509380097879282
5862,0.7744,8,11,8,602438,3172,106243,1713,0.029382340953721886,0.3506653019447288
5863,0.7745,11,29,11,602467,3143,106254,1702,0.029113712994182816,0.35128998968008257
5864,0.7746,6,10,6,602477,3133,106260,1696,0.029021082663307274,0.35121143093808244
5865,0.7747,2,1,2,602478,3132,106262,1694,0.029011819630219718,0.35101533360961457
5866,0.7748,8,9,8,602487,3123,106270,1686,0.028928452332431732,0.3505926388022458
5867,0.7749,12,28,12,602515,3095,106282,1674,0.028669087405980214,0.35101698469280773
5868,0.775,7,10,7,602525,3085,106289,1667,0.028576457075104672,0.3507996632996633
5869,0.7751,9,8,9,602533,3077,106298,1658,0.02850235281040424,0.3501583949313622
5870,0.7752,6,5,6,602538,3072,106304,1652,0.02845603764496647,0.34970364098221846
5871,0.7753,5,15,5,602553,3057,106309,1647,0.028317092148653154,0.35012755102040816
5872,0.7754,9,12,9,602565,3045,106318,1638,0.028205935751602504,0.34977578475336324
5873,0.7755,10,10,10,602575,3035,106328,1628,0.028113305420726962,0.34913146043319754
5874,0.7756,5,2,5,602577,3033,106333,1623,0.028094779354551853,0.3485824742268041
5875,0.7757,12,29,12,602606,3004,106345,1611,0.027826151395012783,0.34907908992416037
5876,0.7758,12,38,12,602644,2966,106357,1599,0.027474156137685724,0.3502738225629792
5877,0.7759,16,25,16,602669,2941,106373,1583,0.02724258031049687,0.34991158267020334
5878,0.776,12,15,12,602684,2926,106385,1571,0.027103634814183555,0.349344007115855
5879,0.7761,5,3,5,602687,2923,106390,1566,0.027075845714920894,0.3488527511695255
5880,0.7762,3,10,3,602697,2913,106393,1563,0.026983215384045352,0.3491957104557641
5881,0.7763,9,32,9,602729,2881,106402,1554,0.026686798325243618,0.3503945885005637
5882,0.7764,4,2,4,602731,2879,106406,1550,0.02666827225906851,0.34996613230977647
5883,0.7765,3,8,3,602739,2871,106409,1547,0.026594167994368076,0.3501584427342689
5884,0.7766,6,13,6,602752,2858,106415,1541,0.026473748564229873,0.3503068879290748
5885,0.7767,5,10,5,602762,2848,106420,1536,0.02638111823335433,0.35036496350364965
5886,0.7768,8,21,8,602783,2827,106428,1528,0.02618659453851569,0.35086107921928816
5887,0.7769,8,9,8,602792,2818,106436,1520,0.026103227240727705,0.3503918856615952
5888,0.777,2,6,2,602798,2812,106438,1518,0.02604764904220238,0.3505773672055427
5889,0.7771,11,10,11,602808,2802,106449,1507,0.025955018711326838,0.3497331167324205
5890,0.7772,10,26,10,602834,2776,106459,1497,0.025714179851050428,0.35033934004212497
5891,0.7773,3,8,3,602842,2768,106462,1494,0.025640075586349995,0.35053965274519006
5892,0.7774,2,9,2,602851,2759,106464,1492,0.025556708288562005,0.35097624088449775
5893,0.7775,7,27,7,602878,2732,106471,1485,0.025306606395198043,0.35214607540905857
5894,0.7776,7,15,7,602893,2717,106478,1478,0.025167660898884732,0.3523241954707986
5895,0.7777,8,30,8,602923,2687,106486,1470,0.024889769906258106,0.35362039932643735
5896,0.7778,9,18,9,602941,2669,106495,1461,0.02472303531068213,0.3537530266343826
5897,0.7779,24,55,24,602996,2614,106519,1437,0.02421356849086665,0.35472722784497657
5898,0.778,3,7,3,603003,2607,106522,1434,0.02414872725925377,0.3548626577579807
5899,0.7781,10,19,10,603022,2588,106532,1424,0.02397272963059024,0.35493519441674976
5900,0.7782,2,6,2,603028,2582,106534,1422,0.023917151432064916,0.35514485514485516
5901,0.7783,14,19,14,603047,2563,106548,1408,0.023741153803401385,0.3545706371191136
5902,0.7784,2,4,2,603051,2559,106550,1406,0.023704101671051168,0.35460277427490544
5903,0.7785,8,10,8,603061,2549,106558,1398,0.023611471340175626,0.3541930580187484
5904,0.7786,4,12,4,603073,2537,106562,1394,0.023500314943124975,0.35461714576443654
5905,0.7787,5,6,5,603079,2531,106567,1389,0.02344473674459965,0.35433673469387755
5906,0.7788,3,13,3,603092,2518,106570,1386,0.023324317314461447,0.3550204918032787
5907,0.7789,13,37,13,603129,2481,106583,1373,0.022981585090221943,0.3562532433834977
5908,0.779,5,10,5,603139,2471,106588,1368,0.0228889547593464,0.3563427976035426
5909,0.7791,3,2,3,603141,2469,106591,1365,0.022870428693171293,0.35602503912363065
5910,0.7792,3,9,3,603150,2460,106594,1362,0.022787061395383303,0.3563579277864992
5911,0.7793,4,6,4,603156,2454,106598,1358,0.022731483196857978,0.35624344176285416
5912,0.7794,6,26,6,603182,2428,106604,1352,0.02249064433658157,0.3576719576719577
5913,0.7795,7,16,7,603198,2412,106611,1345,0.0223424358071807,0.35799840298110197
5914,0.7796,11,32,11,603230,2380,106622,1334,0.02204601874837897,0.35918147549811524
5915,0.7797,8,4,8,603234,2376,106630,1326,0.022008966616028754,0.3581847649918963
5916,0.7798,11,9,11,603243,2367,106641,1315,0.021925599318240764,0.35714285714285715
5917,0.7799,21,40,21,603283,2327,106662,1294,0.021555077994738596,0.3573598453465893
5918,0.78,1,4,1,603287,2323,106663,1293,0.02151802586238838,0.35757743362831856
5919,0.7801,17,20,17,603307,2303,106680,1276,0.021332765200637295,0.3565241687622241
5920,0.7802,4,28,4,603335,2275,106684,1272,0.02107340027418578,0.35861291232027065
5921,0.7803,3,8,3,603343,2267,106687,1269,0.020999296009485347,0.35888009049773756
5922,0.7804,7,17,7,603360,2250,106694,1262,0.020841824446996924,0.3593394077448747
5923,0.7805,8,10,8,603370,2240,106702,1254,0.020749194116121382,0.35890097309673724
5924,0.7806,3,8,3,603378,2232,106705,1251,0.02067508985142095,0.35917312661498707
5925,0.7807,4,6,4,603384,2226,106709,1247,0.020619511652895623,0.3590555715519724
5926,0.7808,4,13,4,603397,2213,106713,1243,0.02049909222275742,0.35966435185185186
5927,0.7809,8,21,8,603418,2192,106721,1235,0.02030456852791878,0.36037350452290634
5928,0.781,4,8,4,603426,2184,106725,1231,0.020230464263218347,0.3604685212298682
5929,0.7811,8,16,8,603442,2168,106733,1223,0.020082255733817483,0.3606605721026246
5930,0.7812,10,15,10,603457,2153,106743,1213,0.019943310237504168,0.3603683897801545
5931,0.7813,9,18,9,603475,2135,106752,1204,0.019776575641928192,0.36058700209643607
5932,0.7814,0,13,0,603488,2122,106752,1204,0.01965615621178999,0.3619963920625376
5933,0.7815,6,12,6,603500,2110,106758,1198,0.01954499981473934,0.36215235792019346
5934,0.7816,11,15,11,603515,2095,106769,1187,0.019406054318426024,0.36166971358927485
5935,0.7817,9,6,9,603521,2089,106778,1178,0.0193504761199007,0.3605754514845424
5936,0.7818,14,31,14,603552,2058,106792,1164,0.01906332209418652,0.3612662942271881
5937,0.7819,1,6,1,603558,2052,106793,1163,0.019007743895661195,0.36174183514774494
5938,0.782,5,11,5,603569,2041,106798,1158,0.0189058505316981,0.3619881212879025
5939,0.7821,5,7,5,603576,2034,106803,1153,0.01884100930008522,0.3617822403514277
5940,0.7822,15,32,15,603608,2002,106818,1138,0.018544592241283485,0.36242038216560507
5941,0.7823,6,6,6,603614,1996,106824,1132,0.01848901404275816,0.3618925831202046
5942,0.7824,4,1,4,603615,1995,106828,1128,0.018479751009670607,0.3611911623439001
5943,0.7825,4,9,4,603624,1986,106832,1124,0.018396383711882618,0.3614147909967846
5944,0.7826,4,6,4,603630,1980,106836,1120,0.018340805513357292,0.36129032258064514
5945,0.7827,1,0,1,603630,1980,106837,1119,0.018340805513357292,0.3610842207163601
5946,0.7828,7,16,7,603646,1964,106844,1112,0.018192596983956425,0.36150845253576075
5947,0.7829,1,8,1,603654,1956,106845,1111,0.01811849271925599,0.3622432344310401
5948,0.783,6,7,6,603661,1949,106851,1105,0.018053651487643114,0.3618205631958088
5949,0.7831,3,3,3,603664,1946,106854,1102,0.018025862388380453,0.3615485564304462
5950,0.7832,5,8,5,603672,1938,106859,1097,0.01795175812368002,0.36144975288303133
5951,0.7833,1,6,1,603678,1932,106860,1096,0.017896179925154694,0.3619550858652576
5952,0.7834,13,19,13,603697,1913,106873,1083,0.017720182296491162,0.3614819759679573
5953,0.7835,5,21,5,603718,1892,106878,1078,0.017525658601652526,0.362962962962963
5954,0.7836,15,17,15,603735,1875,106893,1063,0.017368187039164103,0.36181075561606535
5955,0.7837,5,8,5,603743,1867,106898,1058,0.01729408277446367,0.3617094017094017
5956,0.7838,6,14,6,603757,1853,106904,1052,0.01716440031123791,0.3621342512908778
5957,0.7839,0,3,0,603760,1850,106904,1052,0.01713661121197525,0.36250861474844936
5958,0.784,5,12,5,603772,1838,106909,1047,0.0170254548149246,0.36291161178509534
5959,0.7841,5,1,5,603773,1837,106914,1042,0.017016191781837046,0.36193122612018064
5960,0.7842,1,9,1,603782,1828,106915,1041,0.016932824484049057,0.36284419658417566
5961,0.7843,2,10,2,603792,1818,106917,1039,0.016840194153173515,0.36366818340917045
5962,0.7844,5,10,5,603802,1808,106922,1034,0.016747563822297973,0.36382828993666433
5963,0.7845,0,5,0,603807,1803,106922,1034,0.016701248656860204,0.36446951004582306
5964,0.7846,3,5,3,603812,1798,106925,1031,0.01665493349142243,0.3644397313538353
5965,0.7847,1,2,1,603814,1796,106926,1030,0.016636407425247322,0.36447275300778487
5966,0.7848,16,18,16,603832,1778,106942,1014,0.016469672829671347,0.3631805157593123
5967,0.7849,11,14,11,603846,1764,106953,1003,0.016339990366445588,0.36248644741597397
5968,0.785,5,4,5,603850,1760,106958,998,0.01630293823409537,0.36185641769398114
5969,0.7851,6,8,6,603858,1752,106964,992,0.016228833969394937,0.36151603498542273
5970,0.7852,9,10,9,603868,1742,106973,983,0.016136203638519395,0.3607339449541284
5971,0.7853,5,6,5,603874,1736,106978,978,0.01608062543999407,0.36035372144436256
5972,0.7854,6,5,6,603879,1731,106984,972,0.0160343102745563,0.35960044395116536
5973,0.7855,5,22,5,603901,1709,106989,967,0.01583052354663011,0.36136023916292975
5974,0.7856,1,3,1,603904,1706,106990,966,0.015802734447367447,0.3615269461077844
5975,0.7857,2,5,2,603909,1701,106992,964,0.015756419281929675,0.3617260787992495
5976,0.7858,4,13,4,603922,1688,106996,960,0.015635999851791472,0.36253776435045315
5977,0.7859,7,9,7,603931,1679,107003,953,0.015552632554003482,0.3620820668693009
5978,0.786,9,30,9,603961,1649,107012,944,0.015274741561376858,0.3640570767450829
5979,0.7861,0,3,0,603964,1646,107012,944,0.015246952462114195,0.3644787644787645
5980,0.7862,5,2,5,603966,1644,107017,939,0.015228426395939087,0.3635307781649245
5981,0.7863,10,16,10,603982,1628,107027,929,0.01508021786653822,0.3633163863903011
5982,0.7864,6,2,6,603984,1626,107033,923,0.015061691800363111,0.36210278540604157
5983,0.7865,2,5,2,603989,1621,107035,921,0.01501537663492534,0.36231313926042485
5984,0.7866,11,13,11,604002,1608,107046,910,0.014894957204787136,0.3613979348689436
5985,0.7867,2,6,2,604008,1602,107048,908,0.01483937900626181,0.36175298804780875
5986,0.7868,7,14,7,604022,1588,107055,901,0.014709696543036051,0.361992768179992
5987,0.7869,5,8,5,604030,1580,107060,896,0.014635592278335618,0.36187399030694667
5988,0.787,1,4,1,604034,1576,107061,895,0.014598540145985401,0.3622015378389316
5989,0.7871,1,5,1,604039,1571,107062,894,0.01455222498054763,0.3626774847870183
5990,0.7872,3,13,3,604052,1558,107065,891,0.014431805550409425,0.3638219681502654
5991,0.7873,3,6,3,604058,1552,107068,888,0.0143762273518841,0.3639344262295082
5992,0.7874,11,16,11,604074,1536,107079,877,0.014228018822483235,0.36344799005387485
5993,0.7875,25,30,25,604104,1506,107104,852,0.013950127829856608,0.361323155216285
5994,0.7876,6,10,6,604114,1496,107110,846,0.013857497498981066,0.36122971818958155
5995,0.7877,2,16,2,604130,1480,107112,844,0.0137092889695802,0.36316695352839934
5996,0.7878,5,18,5,604148,1462,107117,839,0.013542554374004223,0.3646240764884833
5997,0.7879,6,14,6,604162,1448,107123,833,0.013412871910778465,0.36519070583077595
5998,0.788,1,6,1,604168,1442,107124,832,0.01335729371225314,0.3658751099384345
5999,0.7881,1,2,1,604170,1440,107125,831,0.013338767646078031,0.36591809775429324
6000,0.7882,1,9,1,604179,1431,107126,830,0.013255400348290045,0.367094206103494
6001,0.7883,6,10,6,604189,1421,107132,824,0.013162770017414503,0.36703786191536747
6002,0.7884,10,15,10,604204,1406,107142,814,0.01302382452110119,0.36666666666666664
6003,0.7885,0,3,0,604207,1403,107142,814,0.012996035421838527,0.3671628326567433
6004,0.7886,2,2,2,604209,1401,107144,812,0.012977509355663419,0.36692272932670583
6005,0.7887,4,6,4,604215,1395,107148,808,0.012921931157138094,0.36677258284157965
6006,0.7888,6,7,6,604222,1388,107154,802,0.012857089925525214,0.36621004566210047
6007,0.7889,2,0,2,604222,1388,107156,800,0.012857089925525214,0.3656307129798903
6008,0.789,4,3,4,604225,1385,107160,796,0.012829300826262552,0.3649701971572673
6009,0.7891,7,23,7,604248,1362,107167,789,0.012616251065248805,0.3668061366806137
6010,0.7892,8,11,8,604259,1351,107175,781,0.012514357701285709,0.36632270168855535
6011,0.7893,4,14,4,604273,1337,107179,777,0.01238467523805995,0.3675496688741722
6012,0.7894,5,14,5,604287,1323,107184,772,0.012254992774834191,0.3684964200477327
6013,0.7895,3,3,3,604290,1320,107187,769,0.01222720367557153,0.3681187170895165
6014,0.7896,3,9,3,604299,1311,107190,766,0.012143836377783542,0.36880115551275877
6015,0.7897,7,10,7,604309,1301,107197,759,0.012051206046908,0.36844660194174755
6016,0.7898,14,19,14,604328,1282,107211,745,0.01187520841824447,0.3675382338431179
6017,0.7899,2,7,2,604335,1275,107213,743,0.01181036718663159,0.3681863230921705
6018,0.79,1,3,1,604338,1272,107214,742,0.011782578087368928,0.3684210526315789
6019,0.7901,1,1,1,604339,1271,107215,741,0.011773315054281374,0.3682902584493042
6020,0.7902,8,9,8,604348,1262,107223,733,0.011689947756493386,0.3674185463659148
6021,0.7903,5,16,5,604364,1246,107228,728,0.011541739227092519,0.36879432624113473
6022,0.7904,3,22,3,604386,1224,107231,725,0.011337952499166326,0.3719856336582863
6023,0.7905,4,11,4,604397,1213,107235,721,0.01123605913520323,0.37280248190279214
6024,0.7906,10,16,10,604413,1197,107245,711,0.011087850605802365,0.37264150943396224
6025,0.7907,7,14,7,604427,1183,107252,704,0.010958168142576606,0.37307896131425544
6026,0.7908,2,3,2,604430,1180,107254,702,0.010930379043313943,0.37300743889479276
6027,0.7909,7,8,7,604438,1172,107261,695,0.01085627477861351,0.37225495447241563
6028,0.791,5,15,5,604453,1157,107266,690,0.010717329282300197,0.37357877639415266
6029,0.7911,10,21,10,604474,1136,107276,680,0.010522805587461558,0.3744493392070485
6030,0.7912,7,7,7,604481,1129,107283,673,0.010457964355848679,0.3734739178690344
6031,0.7913,6,3,6,604484,1126,107289,667,0.010430175256586016,0.37200223089793644
6032,0.7914,0,1,0,604485,1125,107289,667,0.010420912223498462,0.37220982142857145
6033,0.7915,5,7,5,604492,1118,107294,662,0.010356070991885583,0.37191011235955057
6034,0.7916,4,8,4,604500,1110,107298,658,0.010281966727185149,0.3721719457013575
6035,0.7917,11,9,11,604509,1101,107309,647,0.010198599429397161,0.37013729977116705
6036,0.7918,1,4,1,604513,1097,107310,646,0.010161547297046944,0.37062535857716583
6037,0.7919,7,17,7,604530,1080,107317,639,0.010004075734558525,0.3717277486910995
6038,0.792,6,7,6,604537,1073,107323,633,0.009939234502945645,0.3710433763188746
6039,0.7921,5,14,5,604551,1059,107328,628,0.009809552039719886,0.37225844694724364
6040,0.7922,2,6,2,604557,1053,107330,626,0.009753973841194561,0.37284097677188804
6041,0.7923,7,10,7,604567,1043,107337,619,0.009661343510319019,0.3724428399518652
6042,0.7924,2,6,2,604573,1037,107339,617,0.009605765311793694,0.3730350665054414
6043,0.7925,0,4,0,604577,1033,107339,617,0.009568713179443477,0.37393939393939396
6044,0.7926,5,5,5,604582,1028,107344,612,0.009522398014005706,0.37317073170731707
6045,0.7927,2,5,2,604587,1023,107346,610,0.009476082848567935,0.3735456215554195
6046,0.7928,10,11,10,604598,1012,107356,600,0.009374189484604839,0.37220843672456577
6047,0.7929,10,21,10,604619,991,107366,590,0.0091796657897662,0.37318153067678683
6048,0.793,5,11,5,604630,980,107371,585,0.009077772425803104,0.3738019169329074
6049,0.7931,0,2,0,604632,978,107371,585,0.009059246359627996,0.3742802303262956
6050,0.7932,10,10,10,604642,968,107381,575,0.008966616028752455,0.37265068049254696
6051,0.7933,1,3,1,604645,965,107382,574,0.008938826929489793,0.3729694606887589
6052,0.7934,4,6,4,604651,959,107386,570,0.008883248730964468,0.3727926749509483
6053,0.7935,2,9,2,604660,950,107388,568,0.00879988143317648,0.37417654808959155
6054,0.7936,5,1,5,604661,949,107393,563,0.008790618400088926,0.3723544973544973
6055,0.7937,1,10,1,604671,939,107394,562,0.008697988069213384,0.374417055296469
6056,0.7938,10,10,10,604681,929,107404,552,0.008605357738337841,0.3727211343686698
6057,0.7939,8,2,8,604683,927,107412,544,0.008586831672162733,0.3698164513936098
6058,0.794,5,14,5,604697,913,107417,539,0.008457149208936974,0.3712121212121212
6059,0.7941,4,2,4,604699,911,107421,535,0.008438623142761866,0.3699861687413555
6060,0.7942,6,7,6,604706,904,107427,529,0.008373781911148986,0.369155617585485
6061,0.7943,3,17,3,604723,887,107430,526,0.008216310348660565,0.3722576079263977
6062,0.7944,5,6,5,604729,881,107435,521,0.00816073215013524,0.3716119828815977
6063,0.7945,8,10,8,604739,871,107443,513,0.008068101819259698,0.3706647398843931
6064,0.7946,3,7,3,604746,864,107446,510,0.008003260587646818,0.37117903930131
6065,0.7947,2,10,2,604756,854,107448,508,0.007910630256771278,0.37298091042584436
6066,0.7948,2,7,2,604763,847,107450,506,0.007845789025158399,0.37398373983739835
6067,0.7949,6,2,6,604765,845,107456,500,0.00782726295898329,0.37174721189591076
6068,0.795,5,16,5,604781,829,107461,495,0.007679054429582423,0.37386706948640486
6069,0.7951,2,1,2,604782,828,107463,493,0.007669791396494869,0.3732021196063588
6070,0.7952,1,1,1,604783,827,107464,492,0.0076605283634073144,0.3730098559514784
6071,0.7953,13,25,13,604808,802,107477,479,0.007428952536218459,0.3739266198282592
6072,0.7954,3,6,3,604814,796,107480,476,0.007373374337693134,0.3742138364779874
6073,0.7955,5,6,5,604820,790,107485,471,0.007317796139167809,0.37351308485329104
6074,0.7956,1,11,1,604831,779,107486,470,0.007215902775204713,0.37630104083266613
6075,0.7957,2,4,2,604835,775,107488,468,0.007178850642854497,0.37650844730490746
6076,0.7958,6,13,6,604848,762,107494,462,0.007058431212716292,0.37745098039215685
6077,0.7959,6,5,6,604853,757,107500,456,0.007012116047278521,0.3759274525968673
6078,0.796,1,7,1,604860,750,107501,455,0.006947274815665642,0.3775933609958506
6079,0.7961,15,21,15,604881,729,107516,440,0.006752751120827003,0.3763900769888794
6080,0.7962,0,3,0,604884,726,107516,440,0.006724962021564341,0.37735849056603776
6081,0.7963,5,8,5,604892,718,107521,435,0.006650857756863907,0.37727666955767564
6082,0.7964,6,3,6,604895,715,107527,429,0.006623068657601245,0.375
6083,0.7965,2,8,2,604903,707,107529,427,0.006548964392900812,0.3765432098765432
6084,0.7966,6,4,6,604907,703,107535,421,0.006511912260550595,0.37455516014234874
6085,0.7967,4,12,4,604919,691,107539,417,0.0064007558634999445,0.37635379061371843
6086,0.7968,13,21,13,604940,670,107552,404,0.006206232168661306,0.3761638733705773
6087,0.7969,2,1,2,604941,669,107554,402,0.006196969135573752,0.3753501400560224
6088,0.797,11,20,11,604961,649,107565,391,0.006011708473822669,0.37596153846153846
6089,0.7971,3,9,3,604970,640,107568,388,0.005928341176034681,0.377431906614786
6090,0.7972,2,3,2,604973,637,107570,386,0.005900552076772018,0.37732160312805474
6091,0.7973,3,14,3,604987,623,107573,383,0.0057708696135462595,0.38071570576540753
6092,0.7974,0,7,0,604994,616,107573,383,0.00570602838193338,0.3833833833833834
6093,0.7975,3,1,3,604995,615,107576,380,0.005696765348845826,0.38190954773869346
6094,0.7976,4,5,4,605000,610,107580,376,0.005650450183408055,0.3813387423935091
6095,0.7977,1,3,1,605003,607,107581,375,0.005622661084145392,0.3818737270875764
6096,0.7979,3,3,3,605006,604,107584,372,0.00559487198488273,0.38114754098360654
6097,0.798,12,21,12,605027,583,107596,360,0.005400348290044092,0.38176033934252385
6098,0.7981,1,0,1,605027,583,107597,359,0.005400348290044092,0.38110403397027603
6099,0.7983,0,2,0,605029,581,107597,359,0.005381822223868984,0.3819148936170213
6100,0.7984,2,10,2,605039,571,107599,357,0.005289191892993442,0.38469827586206895
6101,0.7985,8,9,8,605048,562,107607,349,0.005205824595205454,0.38309549945115257
6102,0.7986,6,4,6,605052,558,107613,343,0.005168772462855237,0.3806881243063263
6103,0.7987,1,4,1,605056,554,107614,342,0.00513172033050502,0.38169642857142855
6104,0.7988,2,12,2,605068,542,107616,340,0.005020563933454371,0.3854875283446712
6105,0.7989,3,15,3,605083,527,107619,337,0.004881618437141058,0.3900462962962963
6106,0.799,6,11,6,605094,516,107625,331,0.004779725073177961,0.3907910271546635
6107,0.7991,2,3,2,605097,513,107627,329,0.004751935973915299,0.39073634204275537
6108,0.7992,5,15,5,605112,498,107632,324,0.004612990477601986,0.39416058394160586
6109,0.7993,2,6,2,605118,492,107634,322,0.0045574122790766605,0.3955773955773956
6110,0.7994,15,16,15,605134,476,107649,307,0.004409203749675794,0.39208173690932313
6111,0.7995,3,1,3,605135,475,107652,304,0.00439994071658824,0.3902439024390244
6112,0.7996,2,5,2,605140,470,107654,302,0.004353625551150469,0.3911917098445596
6113,0.7997,5,1,5,605141,469,107659,297,0.004344362518062915,0.3877284595300261
6114,0.7998,2,6,2,605147,463,107661,295,0.0042887843195375894,0.3891820580474934
6115,0.7999,2,3,2,605150,460,107663,293,0.004260995220274927,0.3891102257636122
6116,0.8,0,1,0,605151,459,107663,293,0.004251732187187373,0.3896276595744681
6117,0.8001,1,0,1,605151,459,107664,292,0.004251732187187373,0.38881491344873503
6118,0.8002,6,11,6,605162,448,107670,286,0.004149838823224276,0.3896457765667575
6119,0.8003,1,5,1,605167,443,107671,285,0.004103523657786505,0.3914835164835165
6120,0.8004,1,4,1,605171,439,107672,284,0.0040664715254362886,0.39280774550484093
6121,0.8005,2,1,2,605172,438,107674,282,0.004057208492348734,0.39166666666666666
6122,0.8006,5,4,5,605176,434,107679,277,0.0040201563599985175,0.38959212376933894
6123,0.8008,5,5,5,605181,429,107684,272,0.003973841194560747,0.3880171184022825
6124,0.8009,6,7,6,605188,422,107690,266,0.003908999962947868,0.3866279069767442
6125,0.801,0,1,0,605189,421,107690,266,0.0038997369298603133,0.38719068413391555
6126,0.8011,5,16,5,605205,405,107695,261,0.0037515284004594465,0.3918918918918919
6127,0.8012,3,12,3,605217,393,107698,258,0.003640372003408796,0.39631336405529954
6128,0.8013,4,3,4,605220,390,107702,254,0.0036125829041461334,0.3944099378881988
6129,0.8014,3,6,3,605226,384,107705,251,0.0035570047056208086,0.3952755905511811
6130,0.8015,12,14,12,605240,370,107717,239,0.00342732224239505,0.3924466338259442
6131,0.8016,0,1,0,605241,369,107717,239,0.0034180592093074956,0.3930921052631579
6132,0.8017,3,2,3,605243,367,107720,236,0.003399533143132387,0.3913764510779436
6133,0.8018,1,1,1,605244,366,107721,235,0.003390270110044833,0.3910149750415973
6134,0.8019,1,0,1,605244,366,107722,234,0.003390270110044833,0.39
6135,0.802,7,8,7,605252,358,107729,227,0.0033161658453443998,0.38803418803418804
6136,0.8021,2,4,2,605256,354,107731,225,0.003279113712994183,0.38860103626943004
6137,0.8022,2,2,2,605258,352,107733,223,0.0032605876468190746,0.38782608695652177
6138,0.8024,0,1,0,605259,351,107733,223,0.0032513246137315203,0.3885017421602787
6139,0.8025,2,2,2,605261,349,107735,221,0.003232798547556412,0.387719298245614
6140,0.8026,1,1,1,605262,348,107736,220,0.0032235355144688577,0.3873239436619718
6141,0.8027,3,1,3,605263,347,107739,217,0.0032142724813813035,0.38475177304964536
6142,0.8028,3,5,3,605268,342,107742,214,0.0031679573159435325,0.38489208633093525
6143,0.8029,1,0,1,605268,342,107743,213,0.0031679573159435325,0.3837837837837838
6144,0.803,6,6,6,605274,336,107749,207,0.0031123791174182073,0.3812154696132597
6145,0.8031,3,7,3,605281,329,107752,204,0.0030475378858053283,0.3827392120075047
6146,0.8032,2,4,2,605285,325,107754,202,0.0030104857534551115,0.38330170777988615
6147,0.8033,1,7,1,605292,318,107755,201,0.002945644521842232,0.3872832369942196
6148,0.8034,4,5,4,605297,313,107759,197,0.002899329356404461,0.3862745098039216
6149,0.8035,2,2,2,605299,311,107761,195,0.0028808032902293526,0.38537549407114624
6150,0.8036,2,1,2,605300,310,107763,193,0.0028715402571417984,0.3836978131212724
6151,0.8037,2,3,2,605303,307,107765,191,0.002843751157879136,0.38353413654618473
6152,0.8038,9,5,9,605308,302,107774,182,0.002797435992441365,0.3760330578512397
6153,0.8039,1,2,1,605310,300,107775,181,0.002778909926266257,0.3762993762993763
6154,0.804,8,6,8,605316,294,107783,173,0.0027233317277409316,0.37044967880085655
6155,0.8041,1,2,1,605318,292,107784,172,0.002704805661565823,0.3706896551724138
6156,0.8042,3,4,3,605322,288,107787,169,0.0026677535292156064,0.36980306345733044
6157,0.8043,3,3,3,605325,285,107790,166,0.0026399644299529438,0.36807095343680707
6158,0.8044,2,2,2,605327,283,107792,164,0.0026214383637778354,0.3668903803131991
6159,0.8045,3,3,3,605330,280,107795,161,0.0025936492645151727,0.36507936507936506
6160,0.8048,0,2,0,605332,278,107795,161,0.0025751231983400643,0.36674259681093396
6161,0.805,2,1,2,605333,277,107797,159,0.00256586016525251,0.3646788990825688
6162,0.8052,0,1,0,605334,276,107797,159,0.002556597132164956,0.36551724137931035
6163,0.8054,0,1,0,605335,275,107797,159,0.0025473340990774017,0.3663594470046083
6164,0.8055,1,0,1,605335,275,107798,158,0.0025473340990774017,0.3648960739030023
6165,0.8056,0,5,0,605340,270,107798,158,0.002501018933639631,0.3691588785046729
6166,0.8057,3,6,3,605346,264,107801,155,0.002445440735114306,0.36992840095465396
6167,0.8058,3,1,3,605347,263,107804,152,0.0024361777020267517,0.36626506024096384
6168,0.8059,1,3,1,605350,260,107805,151,0.002408388602764089,0.36739659367396593
6169,0.806,5,15,5,605365,245,107810,146,0.002269443106450776,0.3734015345268542
6170,0.8061,1,7,1,605372,238,107811,145,0.002204601874837897,0.3785900783289817
6171,0.8062,0,1,0,605373,237,107811,145,0.002195338841750343,0.3795811518324607
6172,0.8063,3,1,3,605374,236,107814,142,0.0021860758086627886,0.37566137566137564
6173,0.8064,6,10,6,605384,226,107820,136,0.0020934454777872466,0.3756906077348066
6174,0.8065,0,2,0,605386,224,107820,136,0.002074919411612138,0.37777777777777777
6175,0.8066,0,1,0,605387,223,107820,136,0.002065656378524584,0.3788300835654596
6176,0.8068,1,4,1,605391,219,107821,135,0.002028604246174367,0.3813559322033898
6177,0.8069,0,1,0,605392,218,107821,135,0.002019341213086813,0.38243626062322944
6178,0.807,3,4,3,605396,214,107824,132,0.0019822890807365966,0.3815028901734104
6179,0.8071,2,1,2,605397,213,107826,130,0.0019730260476490424,0.37900874635568516
6180,0.8072,7,10,7,605407,203,107833,123,0.0018803957167735003,0.3773006134969325
6181,0.8073,10,9,10,605416,194,107843,113,0.0017970284189855125,0.36807817589576547
6182,0.8074,1,1,1,605417,193,107844,112,0.0017877653858979585,0.36721311475409835
6183,0.8075,7,11,7,605428,182,107851,105,0.0016858720219348623,0.36585365853658536
6184,0.8077,5,2,5,605430,180,107856,100,0.0016673459557597539,0.35714285714285715
6185,0.8078,0,1,0,605431,179,107856,100,0.0016580829226721999,0.35842293906810035
6186,0.8079,0,1,0,605432,178,107856,100,0.0016488198895846457,0.3597122302158273
6187,0.808,1,1,1,605433,177,107857,99,0.0016395568564970915,0.358695652173913
6188,0.8081,2,1,2,605434,176,107859,97,0.0016302938234095373,0.3553113553113553
6189,0.8082,0,1,0,605435,175,107859,97,0.001621030790321983,0.35661764705882354
6190,0.8083,1,2,1,605437,173,107860,96,0.0016025047241468747,0.35687732342007433
6191,0.8084,3,1,3,605438,172,107863,93,0.0015932416910593205,0.35094339622641507
6192,0.8085,5,13,5,605451,159,107868,88,0.001472822260921116,0.3562753036437247
6193,0.8086,2,3,2,605454,156,107870,86,0.0014450331616584534,0.35537190082644626
6194,0.8091,0,5,0,605459,151,107870,86,0.0013987179962206824,0.3628691983122363
6195,0.8093,1,2,1,605461,149,107871,85,0.0013801919300455742,0.36324786324786323
6196,0.8094,3,1,3,605462,148,107874,82,0.00137092889695802,0.3565217391304348
6197,0.8095,4,2,4,605464,146,107878,78,0.0013524028307829116,0.3482142857142857
6198,0.8096,0,3,0,605467,143,107878,78,0.001324613731520249,0.35294117647058826
6199,0.8097,0,1,0,605468,142,107878,78,0.0013153506984326948,0.35454545454545455
6200,0.8098,0,2,0,605470,140,107878,78,0.0012968246322575864,0.3577981651376147
6201,0.8099,0,2,0,605472,138,107878,78,0.001278298566082478,0.3611111111111111
6202,0.81,5,5,5,605477,133,107883,73,0.0012319834006447072,0.35436893203883496
6203,0.8101,2,8,2,605485,125,107885,71,0.0011578791359442735,0.3622448979591837
6204,0.8102,1,6,1,605491,119,107886,70,0.0011023009374189485,0.37037037037037035
6205,0.8103,3,13,3,605504,106,107889,67,0.000981881507280744,0.3872832369942196
6206,0.8105,1,0,1,605504,106,107890,66,0.000981881507280744,0.38372093023255816
6207,0.8107,3,3,3,605507,103,107893,63,0.0009540924080180815,0.3795180722891566
6208,0.811,1,0,1,605507,103,107894,62,0.0009540924080180815,0.37575757575757573
6209,0.8111,0,1,0,605508,102,107894,62,0.0009448293749305273,0.3780487804878049
6210,0.8112,0,2,0,605510,100,107894,62,0.0009263033087554189,0.38271604938271603
6211,0.8114,0,4,0,605514,96,107894,62,0.0008892511764052022,0.3924050632911392
6212,0.8115,3,5,3,605519,91,107897,59,0.0008429360109674311,0.3933333333333333
6213,0.8118,2,1,2,605520,90,107899,57,0.0008336729778798769,0.3877551020408163
6214,0.8119,3,7,3,605527,83,107902,54,0.0007688317462669976,0.39416058394160586
6215,0.8121,1,3,1,605530,80,107903,53,0.0007410426470043351,0.39849624060150374
6216,0.8123,1,1,1,605531,79,107904,52,0.0007317796139167809,0.3969465648854962
6217,0.8125,3,1,3,605532,78,107907,49,0.0007225165808292267,0.3858267716535433
6218,0.8126,0,2,0,605534,76,107907,49,0.0007039905146541183,0.392
6219,0.8127,1,0,1,605534,76,107908,48,0.0007039905146541183,0.3870967741935484
6220,0.8128,1,0,1,605534,76,107909,47,0.0007039905146541183,0.3821138211382114
6221,0.8133,2,4,2,605538,72,107911,45,0.0006669383823039016,0.38461538461538464
6222,0.8134,1,1,1,605539,71,107912,44,0.0006576753492163474,0.3826086956521739
6223,0.8135,1,4,1,605543,67,107913,43,0.0006206232168661307,0.39090909090909093
6224,0.8136,4,7,4,605550,60,107917,39,0.0005557819852532514,0.3939393939393939
6225,0.8139,5,3,5,605553,57,107922,34,0.0005279928859905888,0.37362637362637363
6226,0.814,0,1,0,605554,56,107922,34,0.0005187298529030345,0.37777777777777777
6227,0.8141,0,2,0,605556,54,107922,34,0.0005002037867279261,0.38636363636363635
6228,0.8142,3,7,3,605563,47,107925,31,0.0004353625551150469,0.3974358974358974
6229,0.8145,1,2,1,605565,45,107926,30,0.00041683648893993847,0.4
6230,0.8147,1,0,1,605565,45,107927,29,0.00041683648893993847,0.3918918918918919
6231,0.8149,0,4,0,605569,41,107927,29,0.00037978435658972176,0.4142857142857143
6232,0.815,0,2,0,605571,39,107927,29,0.00036125829041461335,0.4264705882352941
6233,0.8152,0,2,0,605573,37,107927,29,0.000342732224239505,0.4393939393939394
6234,0.8153,3,1,3,605574,36,107930,26,0.0003334691911519508,0.41935483870967744
6235,0.8154,0,1,0,605575,35,107930,26,0.0003242061580643966,0.4262295081967213
6236,0.8157,1,0,1,605575,35,107931,25,0.0003242061580643966,0.4166666666666667
6237,0.8159,1,2,1,605577,33,107932,24,0.00030568009188928824,0.42105263157894735
6238,0.816,0,1,0,605578,32,107932,24,0.00029641705880173404,0.42857142857142855
6239,0.8161,0,1,0,605579,31,107932,24,0.00028715402571417983,0.43636363636363634
6240,0.8162,0,1,0,605580,30,107932,24,0.0002778909926266257,0.4444444444444444
6241,0.8164,0,4,0,605584,26,107932,24,0.00024083886027640892,0.48
6242,0.8165,1,0,1,605584,26,107933,23,0.00024083886027640892,0.46938775510204084
6243,0.817,3,2,3,605586,24,107936,20,0.00022231279410130054,0.45454545454545453
6244,0.8171,0,2,0,605588,22,107936,20,0.00020378672792619216,0.47619047619047616
6245,0.8174,0,1,0,605589,21,107936,20,0.00019452369483863796,0.4878048780487805
6246,0.8176,0,1,0,605590,20,107936,20,0.00018526066175108378,0.5
6247,0.8182,4,3,4,605593,17,107940,16,0.00015747156248842122,0.48484848484848486
6248,0.8183,1,1,1,605594,16,107941,15,0.00014820852940086702,0.4838709677419355
6249,0.8184,0,1,0,605595,15,107941,15,0.00013894549631331284,0.5
6250,0.8185,3,4,3,605599,11,107944,12,0.00010189336396309608,0.5217391304347826
6251,0.8187,1,0,1,605599,11,107945,11,0.00010189336396309608,0.5
6252,0.8191,0,1,0,605600,10,107945,11,9.263033087554189e-05,0.5238095238095238
6253,0.8196,1,0,1,605600,10,107946,10,9.263033087554189e-05,0.5
6254,0.8197,1,0,1,605600,10,107947,9,9.263033087554189e-05,0.47368421052631576
6255,0.8198,1,0,1,605600,10,107948,8,9.263033087554189e-05,0.4444444444444444
6256,0.8201,0,1,0,605601,9,107948,8,8.33672977879877e-05,0.47058823529411764
6257,0.8209,0,1,0,605602,8,107948,8,7.410426470043351e-05,0.5
6258,0.821,0,1,0,605603,7,107948,8,6.484123161287932e-05,0.5333333333333333
6259,0.8222,0,1,0,605604,6,107948,8,5.5578198525325135e-05,0.5714285714285714
6260,0.8225,1,0,1,605604,6,107949,7,5.5578198525325135e-05,0.5384615384615384
6261,0.8243,1,0,1,605604,6,107950,6,5.5578198525325135e-05,0.5
6262,0.8263,0,1,0,605605,5,107950,6,4.6315165437770945e-05,0.5454545454545454
6263,0.8279,1,0,1,605605,5,107951,5,4.6315165437770945e-05,0.5
6264,0.828,1,0,1,605605,5,107952,4,4.6315165437770945e-05,0.4444444444444444
6265,0.8291,0,1,0,605606,4,107952,4,3.7052132350216754e-05,0.5
6266,0.8303,0,1,0,605607,3,107952,4,2.7789099262662567e-05,0.5714285714285714
6267,0.8317,0,1,0,605608,2,107952,4,1.8526066175108377e-05,0.6666666666666666
6268,0.8327,1,0,1,605608,2,107953,3,1.8526066175108377e-05,0.6
6269,0.8347,1,0,1,605608,2,107954,2,1.8526066175108377e-05,0.5
6270,0.8359,0,1,0,605609,1,107954,2,9.263033087554189e-06,0.6666666666666666
6271,0.8366,0,1,0,605610,0,107954,2,0.0,1.0
6272,0.8372,1,0,1,605610,0,107955,1,0.0,1.0
6273,0.838,1,0,1,605610,0,107956,0,0.0,
