,y_proba,y_test,Neg,Pos,TN,FP,FN,TP,FP/P,Prec
0,0.0099,0,1,0,1,605609,0,107956,5.609776205120605,0.1512910526721462
1,0.0118,0,1,0,2,605608,0,107956,5.609766942087517,0.15129126469384666
2,0.012,0,1,0,3,605607,0,107956,5.60975767905443,0.1512914767161414
3,0.0121,1,0,1,3,605607,1,107955,5.60975767905443,0.15129028731911173
4,0.0124,0,1,0,4,605606,1,107955,5.609748416021342,0.151290499340631
5,0.0125,0,1,0,5,605605,1,107955,5.609739152988254,0.15129071136274455
6,0.0127,0,2,0,7,605603,1,107955,5.609720626922079,0.15129113540875444
7,0.0129,0,1,0,8,605602,1,107955,5.609711363888992,0.1512913474326508
8,0.0131,0,1,0,9,605601,1,107955,5.6097021008559045,0.15129155945714143
9,0.0133,0,1,0,10,605600,1,107955,5.609692837822816,0.1512917714822263
10,0.0135,0,2,0,12,605598,1,107955,5.609674311756642,0.15129219553417897
11,0.014,0,1,0,13,605597,1,107955,5.609665048723554,0.1512924075610467
12,0.0141,0,1,0,14,605596,1,107955,5.6096557856904665,0.15129261958850873
13,0.0144,0,2,0,16,605594,1,107955,5.609637259624291,0.15129304364521567
14,0.0145,0,1,0,17,605593,1,107955,5.609627996591204,0.15129325567446059
15,0.0147,0,1,0,18,605592,1,107955,5.609618733558117,0.1512934677042998
16,0.015,0,1,0,19,605591,1,107955,5.609609470525029,0.1512936797347333
17,0.0151,0,3,0,22,605588,1,107955,5.609581681425766,0.15129431582959962
18,0.0152,0,2,0,24,605586,1,107955,5.609563155359591,0.15129473989581538
19,0.0153,0,1,0,25,605585,1,107955,5.609553892326503,0.15129495192981474
20,0.0154,0,4,0,29,605581,1,107955,5.6095168401941535,0.1512958000717553
21,0.0155,0,1,0,30,605580,1,107955,5.609507577161065,0.15129601210872626
22,0.0156,0,5,0,35,605575,1,107955,5.6094612619956274,0.15129707230249603
23,0.0157,0,1,0,36,605574,1,107955,5.60945199896254,0.15129728434303302
24,0.0158,0,2,0,38,605572,1,107955,5.609433472896365,0.15129770842589
25,0.0159,0,2,0,40,605570,1,107955,5.60941494683019,0.15129813251112434
26,0.016,0,2,0,42,605568,1,107955,5.609396420764015,0.15129855659873612
27,0.0161,0,6,0,48,605562,1,107955,5.60934084256549,0.15129982887583618
28,0.0162,0,3,0,51,605559,1,107955,5.609313053466227,0.1513004650224102
29,0.0163,0,1,0,52,605558,1,107955,5.609303790433139,0.15130067707245698
30,0.0164,0,3,0,55,605555,1,107955,5.6092760013338765,0.1513013132261636
31,0.0165,0,5,0,60,605550,1,107955,5.609229686168439,0.1513023734942292
32,0.0166,0,5,0,65,605545,1,107955,5.6091833710030015,0.15130343377715488
33,0.0167,0,9,0,74,605536,1,107955,5.609100003705214,0.15130534232386952
34,0.0168,1,6,1,80,605530,2,107954,5.609044425506688,0.15130542520925486
35,0.0169,0,9,0,89,605521,2,107954,5.6089610582089,0.1513073338238901
36,0.017,0,3,0,92,605518,2,107954,5.608933269109637,0.15130797003946897
37,0.0171,0,4,0,96,605514,2,107954,5.608896216977287,0.15130881833523016
38,0.0172,0,3,0,99,605511,2,107954,5.608868427878025,0.15130945456329323
39,0.0173,0,3,0,102,605508,2,107954,5.608840638778762,0.15131009079670676
40,0.0174,0,5,0,107,605503,2,107954,5.608794323613324,0.15131115119761948
41,0.0175,0,6,0,113,605497,2,107954,5.608738745414799,0.15131242369833386
42,0.0176,0,9,0,122,605488,2,107954,5.60865537811701,0.15131433248953663
43,0.0177,0,7,0,129,605481,2,107954,5.608590536885398,0.1513158171382116
44,0.0178,0,9,0,138,605472,2,107954,5.60850716958761,0.15131772601503168
45,0.0179,0,1,0,139,605471,2,107954,5.608497906554522,0.1513179381154291
46,0.018,0,5,0,144,605466,2,107954,5.608451591389084,0.1513189986263351
47,0.0181,0,9,0,153,605457,2,107954,5.608368224091296,0.15132090758342667
48,0.0182,2,8,2,161,605449,4,107952,5.608294119826596,0.15132022523097108
49,0.0183,0,9,0,170,605440,4,107952,5.608210752528808,0.15132213425437907
50,0.0184,0,5,0,175,605435,4,107952,5.60816443736337,0.1513231948437524
51,0.0185,1,6,1,181,605429,5,107951,5.608108859164845,0.151323277916398
52,0.0186,0,9,0,190,605420,5,107951,5.608025491867057,0.1513251870345164
53,0.0187,0,3,0,193,605417,5,107951,5.607997702767794,0.15132582341792736
54,0.0188,0,6,0,199,605411,5,107951,5.607942124569269,0.1513270962008069
55,0.0189,0,2,0,201,605409,5,107951,5.607923598503094,0.15132752046652462
56,0.019,1,9,1,210,605400,6,107950,5.607840231205306,0.15132823999439265
57,0.0191,1,9,1,219,605391,7,107949,5.607756863907518,0.1513289595424342
58,0.0192,0,13,0,232,605378,7,107949,5.60763644447738,0.15133171743113608
59,0.0193,1,8,1,240,605370,8,107948,5.607562340212679,0.1513322248982922
60,0.0194,0,15,0,255,605355,8,107948,5.607423394716366,0.15133540725329908
61,0.0195,1,17,1,272,605338,9,107947,5.607265923153878,0.15133782429183285
62,0.0196,0,19,0,291,605319,9,107947,5.607089925525214,0.15134185563310182
63,0.0197,0,20,0,311,605299,9,107947,5.606904664863463,0.15134609938226082
64,0.0198,0,15,0,326,605284,9,107947,5.606765719367149,0.15134928235031847
65,0.0199,0,18,0,344,605266,9,107947,5.606598984771574,0.15135310208871683
66,0.02,0,8,0,352,605258,9,107947,5.606524880506873,0.15135479981211572
67,0.0201,0,14,0,366,605244,9,107947,5.606395198043647,0.15135777091971156
68,0.0202,0,11,0,377,605233,9,107947,5.606293304679684,0.15136010544322612
69,0.0203,0,10,0,387,605223,9,107947,5.606200674348809,0.15136222779982333
70,0.0204,0,14,0,401,605209,9,107947,5.606070991885583,0.15136519919905322
71,0.0205,0,18,0,419,605191,9,107947,5.605904257290007,0.1513690197409197
72,0.0206,0,20,0,439,605171,9,107947,5.605718996628256,0.15137326501364431
73,0.0207,0,14,0,453,605157,9,107947,5.60558931416503,0.1513762368462384
74,0.0208,1,16,1,469,605141,10,107946,5.605441105635629,0.15137844330355202
75,0.0209,0,13,0,482,605128,10,107946,5.605320686205491,0.15138120307289285
76,0.021,0,17,0,499,605111,10,107946,5.605163214643003,0.1513848121538671
77,0.0211,0,11,0,510,605100,10,107946,5.60506132127904,0.15138714753325871
78,0.0212,0,21,0,531,605079,10,107946,5.604866797584201,0.15139160618491637
79,0.0213,0,18,0,549,605061,10,107946,5.604700062988625,0.15139542809537634
80,0.0214,0,20,0,569,605041,10,107946,5.604514802326874,0.15139967488888298
81,0.0215,1,18,1,587,605023,11,107945,5.604348067731298,0.15140230697590915
82,0.0216,0,28,0,615,604995,11,107945,5.604088702804846,0.15140825314893258
83,0.0217,1,16,1,631,604979,12,107944,5.603940494275445,0.15141046087726165
84,0.0218,0,25,0,656,604954,12,107944,5.603708918448257,0.1514157705590421
85,0.0219,0,16,0,672,604938,12,107944,5.603560709918856,0.15141916895082216
86,0.022,1,20,1,692,604918,13,107943,5.603375449257105,0.15142222677352246
87,0.0221,0,18,0,710,604900,13,107943,5.603208714661529,0.1514260503364696
88,0.0222,1,17,1,727,604883,14,107942,5.60305124309904,0.15142847122365236
89,0.0223,1,20,1,747,604863,15,107941,5.602865982437289,0.1514315295649295
90,0.0224,0,12,0,759,604851,15,107941,5.602754826040239,0.15143407894589164
91,0.0225,1,25,1,784,604826,16,107940,5.60252325021305,0.15143819991413732
92,0.0226,0,26,0,810,604800,16,107940,5.602282411352773,0.15144372421921037
93,0.0227,0,12,0,822,604788,16,107940,5.6021712549557225,0.15144627403441424
94,0.0228,1,24,1,846,604764,17,107939,5.601948942161622,0.151450183316192
95,0.0229,0,19,0,865,604745,17,107939,5.601772944532958,0.15145422094504718
96,0.023,0,33,0,898,604712,17,107939,5.601467264441069,0.1514612341805456
97,0.0231,1,29,1,927,604683,18,107938,5.60119863648153,0.151466207142366
98,0.0232,0,29,0,956,604654,18,107938,5.60093000852199,0.15147237128679525
99,0.0233,0,27,0,983,604627,18,107938,5.600679906628627,0.15147811076884213
100,0.0234,1,29,1,1012,604598,19,107937,5.600411278669087,0.15148308504143657
101,0.0235,1,36,1,1048,604562,20,107936,5.600077809477935,0.1514895480408366
102,0.0236,1,20,1,1068,604542,21,107935,5.599892548816184,0.15149260958599364
103,0.0237,1,22,1,1090,604520,22,107934,5.599688762088258,0.15149609659009564
104,0.0238,0,17,0,1107,604503,22,107934,5.5995312905257695,0.1514997115534426
105,0.0239,2,31,2,1138,604472,24,107932,5.599244136500055,0.15150392193193749
106,0.024,0,36,0,1174,604436,24,107932,5.598910667308903,0.1515115782853806
107,0.0241,0,34,0,1208,604402,24,107932,5.598595724183927,0.15151880999643424
108,0.0242,0,34,0,1242,604368,24,107932,5.59828078105895,0.15152604239786607
109,0.0243,2,47,2,1289,604321,26,107930,5.597845418503835,0.15153365878040184
110,0.0244,2,31,2,1320,604290,28,107928,5.5975582644781205,0.15153787183137749
111,0.0245,1,44,1,1364,604246,29,107927,5.597150691022268,0.15154604288564716
112,0.0246,1,38,1,1402,604208,30,107926,5.596798695764941,0.15155293807064402
113,0.0247,1,33,1,1435,604175,31,107925,5.596493015673052,0.15155876983569724
114,0.0248,1,29,1,1464,604146,32,107924,5.596224387713513,0.15156375075484152
115,0.0249,0,31,0,1495,604115,32,107924,5.595937233687799,0.1515703493769302
116,0.025,1,36,1,1531,604079,33,107923,5.595603764496647,0.151576821413423
117,0.0251,0,33,0,1564,604046,33,107923,5.5952980844047575,0.1515838470495204
118,0.0252,2,31,2,1595,604015,35,107921,5.595010930379043,0.15158806409564904
119,0.0253,2,41,2,1636,603974,37,107919,5.594631146022453,0.15159441095782653
120,0.0254,1,37,1,1673,603937,38,107918,5.594288413798214,0.15160109853832593
121,0.0255,2,41,2,1714,603896,40,107916,5.593908629441624,0.1516074469101392
122,0.0256,1,52,1,1766,603844,41,107915,5.593426951721072,0.1516173311472001
123,0.0257,1,50,1,1816,603794,42,107914,5.592963800066694,0.1516267907625037
124,0.0258,3,55,3,1871,603739,45,107911,5.592454333246878,0.1516349329024099
125,0.0259,2,40,2,1911,603699,47,107909,5.592083811923376,0.15164107205090444
126,0.026,1,37,1,1948,603662,48,107908,5.591741079699137,0.15164776480177636
127,0.0261,3,52,3,2000,603610,51,107905,5.591259401978584,0.1516552707954154
128,0.0262,1,61,1,2061,603549,52,107904,5.590694356960243,0.1516670813110634
129,0.0263,0,45,0,2106,603504,52,107904,5.590277520471303,0.15167667498819243
130,0.0264,0,55,0,2161,603449,52,107904,5.589768053651488,0.1516884022419249
131,0.0265,0,57,0,2218,603392,52,107904,5.589240060765497,0.1517005578549577
132,0.0266,0,39,0,2257,603353,52,107904,5.588878802475082,0.15170887597591307
133,0.0267,0,49,0,2306,603304,52,107904,5.5884249138537925,0.1517193282415271
134,0.0268,0,70,0,2376,603234,52,107904,5.587776501537664,0.15173426254819739
135,0.0269,0,64,0,2440,603170,52,107904,5.58718366742006,0.1517479193445408
136,0.027,3,50,3,2490,603120,55,107901,5.586720515765682,0.15175501145535786
137,0.0271,3,63,3,2553,603057,58,107898,5.586136944681167,0.15176487963373209
138,0.0272,0,64,0,2617,602993,58,107898,5.585544110563563,0.15177854270204574
139,0.0273,3,54,3,2671,602939,61,107895,5.585043906776835,0.15178649304901004
140,0.0274,1,62,1,2733,602877,62,107894,5.5844695987254065,0.15179853989540934
141,0.0275,3,63,3,2796,602814,65,107891,5.583886027640891,0.15180841558733935
142,0.0276,0,63,0,2859,602751,65,107891,5.583302456556375,0.15182187374233438
143,0.0277,4,66,4,2925,602685,69,107887,5.582691096372597,0.15183120077909065
144,0.0278,2,71,2,2996,602614,71,107885,5.58203342102338,0.15184398570582083
145,0.0279,3,62,3,3058,602552,74,107882,5.5814591129719515,0.15185365565274184
146,0.028,3,54,3,3112,602498,77,107879,5.580958909185224,0.15186161714132074
147,0.0281,2,55,2,3167,602443,79,107877,5.580449442365408,0.15187098772384278
148,0.0282,3,59,3,3226,602384,82,107874,5.5799029234132425,0.15188002106276874
149,0.0283,5,71,5,3297,602313,87,107869,5.579245248064026,0.15188923402733384
150,0.0284,2,91,2,3388,602222,89,107867,5.578402312053059,0.15190631033574664
151,0.0285,1,64,1,3452,602158,90,107866,5.577809477935455,0.15191880837830835
152,0.0286,0,84,0,3536,602074,90,107866,5.5770313831561005,0.15193678339014566
153,0.0287,2,59,2,3595,602015,92,107864,5.576484864203935,0.15194702195726315
154,0.0288,2,89,2,3684,601926,94,107862,5.575660454259142,0.15196368493127527
155,0.0289,3,83,3,3767,601843,97,107859,5.574891622512876,0.15197787240278313
156,0.029,2,82,2,3849,601761,99,107857,5.574132053799696,0.15199304414487794
157,0.0291,0,77,0,3926,601684,99,107857,5.573418800251955,0.15200953856084426
158,0.0292,1,87,1,4013,601597,100,107856,5.5726129163733376,0.15202698416949395
159,0.0293,4,97,4,4110,601500,104,107852,5.5717144021638445,0.1520429913498517
160,0.0294,1,83,1,4193,601417,105,107851,5.570945570417577,0.1520595881951533
161,0.0295,2,76,2,4269,601341,107,107849,5.570241579902923,0.1520734922940256
162,0.0296,2,80,2,4349,601261,109,107847,5.569500537255919,0.15208825735995082
163,0.0297,5,102,5,4451,601159,114,107842,5.568555707880988,0.1521041578220623
164,0.0298,4,100,4,4551,601059,118,107838,5.567629404572233,0.15212082996542517
165,0.0299,0,85,0,4636,600974,118,107838,5.566842046759791,0.15213907213760489
166,0.03,1,87,1,4723,600887,119,107837,5.566036162881174,0.15215655177473883
167,0.0301,4,104,4,4827,600783,123,107833,5.565072807440068,0.15217409711324612
168,0.0302,3,107,3,4934,600676,126,107830,5.5640816628997,0.15219348883425124
169,0.0303,1,91,1,5025,600585,127,107829,5.563238726888732,0.1522118422278498
170,0.0304,3,106,3,5131,600479,130,107826,5.562256845381452,0.1522310304176873
171,0.0305,4,137,4,5268,600342,134,107822,5.560987809848457,0.1522556921842963
172,0.0306,2,107,2,5375,600235,136,107820,5.559996665308089,0.15227630621914964
173,0.0307,5,107,5,5482,600128,141,107815,5.5590055207677205,0.15229333435036438
174,0.0308,2,111,2,5593,600017,143,107813,5.557977324095002,0.1523148213554102
175,0.0309,2,103,2,5696,599914,145,107811,5.557023231686983,0.15233459323889928
176,0.031,4,134,4,5830,599780,149,107807,5.555781985253251,0.15235864989040218
177,0.0311,1,143,1,5973,599637,150,107806,5.554457371521731,0.15238824894726502
178,0.0312,7,121,7,6094,599516,157,107799,5.553336544518137,0.15240592946565534
179,0.0313,3,117,3,6211,599399,160,107796,5.552252769646893,0.1524275482716931
180,0.0314,2,132,2,6343,599267,162,107794,5.551030049279336,0.15245360725595103
181,0.0315,4,135,4,6478,599132,166,107790,5.5497795398125165,0.1524779254288309
182,0.0316,6,112,6,6590,599020,172,107784,5.54874208010671,0.1524948925020232
183,0.0317,4,131,4,6721,598889,176,107780,5.547528622772241,0.15251836432615554
184,0.0318,2,113,2,6834,598776,178,107778,5.5464819000333465,0.1525403578495062
185,0.0319,3,105,3,6939,598671,181,107775,5.545509281559154,0.15255943129411165
186,0.032,4,126,4,7065,598545,185,107771,5.544342139390122,0.1525818472185254
187,0.0321,5,100,5,7165,598445,190,107766,5.543415836081366,0.15259745316909534
188,0.0322,7,140,7,7305,598305,197,107759,5.542119011449109,0.1526193092977407
189,0.0323,3,146,3,7451,598159,200,107756,5.540766608618326,0.15264727339693873
190,0.0324,3,140,3,7591,598019,203,107753,5.5394697839860685,0.1526739513610628
191,0.0325,2,142,2,7733,597877,205,107751,5.538154433287636,0.15270227371929684
192,0.0326,5,155,5,7888,597722,210,107746,5.536718663159065,0.15272981907046101
193,0.0327,4,148,4,8036,597574,214,107742,5.535347734262107,0.15275706208281112
194,0.0328,7,162,7,8198,597412,221,107735,5.533847122901923,0.15278374580052104
195,0.0329,10,150,10,8348,597262,231,107725,5.53245766793879,0.1528042361064814
196,0.033,4,148,4,8496,597114,235,107721,5.5310867390418315,0.15283151375853923
197,0.0331,4,157,4,8653,596957,239,107717,5.5296324428470855,0.15286075546990524
198,0.0332,6,131,6,8784,596826,245,107711,5.528418985512617,0.15288196361582146
199,0.0333,6,172,6,8956,596654,251,107705,5.526825743821557,0.15291208034539205
200,0.0334,7,169,7,9125,596485,258,107698,5.525260291229761,0.15294035783312007
201,0.0335,2,132,2,9257,596353,260,107696,5.524037570862203,0.1529666259024585
202,0.0336,5,144,5,9401,596209,265,107691,5.522703694097595,0.1529919022588436
203,0.0337,6,148,6,9549,596061,271,107685,5.521332765200637,0.15301685551321073
204,0.0338,4,136,4,9685,595925,275,107681,5.5200729927007295,0.15304161704135552
205,0.0339,5,184,5,9869,595741,280,107676,5.51836859461262,0.15307562939195385
206,0.034,8,165,8,10034,595576,288,107668,5.516840194153174,0.15310191057442368
207,0.0341,11,181,11,10215,595395,299,107657,5.515163585164326,0.1531280758748997
208,0.0342,6,165,6,10380,595230,305,107651,5.51363518470488,0.1531567932551883
209,0.0343,5,170,5,10550,595060,310,107646,5.512060469079995,0.15318781965715392
210,0.0344,1,184,1,10734,594876,311,107645,5.510356070991886,0.15322673628261646
211,0.0345,3,171,3,10905,594705,314,107642,5.508772092333913,0.15326042540225843
212,0.0346,5,177,5,11082,594528,319,107637,5.5071325354774165,0.15329302941616288
213,0.0347,2,177,2,11259,594351,321,107635,5.50549297862092,0.15332926867487387
214,0.0348,8,202,8,11461,594149,329,107627,5.503621845937234,0.153363751396457
215,0.0349,1,186,1,11647,593963,330,107626,5.501898921782948,0.1534032032999377
216,0.035,3,174,3,11821,593789,333,107623,5.500287154025714,0.1534376372232012
217,0.0351,1,206,1,12027,593583,334,107622,5.498378969209678,0.1534815068346632
218,0.0352,8,160,8,12187,593423,342,107614,5.496896883915669,0.1535068762419102
219,0.0353,3,197,3,12384,593226,345,107611,5.495072066397421,0.1535464023731624
220,0.0354,5,186,5,12570,593040,350,107606,5.493349142243136,0.15358112370583718
221,0.0355,7,235,7,12805,592805,357,107599,5.4911723294675605,0.1536241940365846
222,0.0356,7,175,7,12980,592630,364,107592,5.489551298677239,0.1536541268340612
223,0.0357,6,206,6,13186,592424,370,107586,5.4876431138612025,0.1536920901129984
224,0.0358,5,218,5,13404,592206,375,107581,5.485623772648116,0.15373392189337612
225,0.0359,7,173,7,13577,592033,382,107574,5.484021267923969,0.15376347006247792
226,0.036,3,184,3,13761,591849,385,107571,5.482316869835859,0.15380029167024106
227,0.0361,2,180,2,13941,591669,387,107569,5.480649523880099,0.15383746306693857
228,0.0362,6,206,6,14147,591463,393,107563,5.478741339064063,0.15387553538781104
229,0.0363,5,238,5,14385,591225,398,107558,5.4765367371892255,0.15392188991432249
230,0.0364,1,195,1,14580,591030,399,107557,5.474730445737152,0.1539636437551801
231,0.0365,8,211,8,14791,590819,407,107549,5.472775945755679,0.15400046966642228
232,0.0366,7,208,7,14999,590611,414,107542,5.470849234873467,0.1540378684901447
233,0.0367,5,217,5,15216,590394,419,107537,5.468839156693468,0.1540797012885228
234,0.0368,6,237,6,15453,590157,425,107531,5.466643817851717,0.15412476637121464
235,0.0369,9,227,9,15680,589930,434,107522,5.464541109340843,0.15416401415437908
236,0.037,16,250,16,15930,589680,450,107506,5.4622253510689545,0.15419988353179784
237,0.0371,8,209,8,16139,589471,458,107498,5.460289377153655,0.15423641510598032
238,0.0372,7,223,7,16362,589248,465,107491,5.4582237207751305,0.1542772831720343
239,0.0373,7,213,7,16575,589035,472,107484,5.456250694727482,0.15431596266577077
240,0.0374,9,226,9,16801,588809,481,107475,5.454157249249694,0.15435511946274796
241,0.0375,8,239,8,17040,588570,489,107467,5.451943384341769,0.15439840123441714
242,0.0376,10,218,10,17258,588352,499,107457,5.449924043128682,0.15443462214487022
243,0.0377,6,219,6,17477,588133,505,107451,5.447895438882508,0.15447595114321203
244,0.0378,6,226,6,17703,587907,511,107445,5.445801993404721,0.1545188623891209
245,0.0379,12,224,12,17927,587683,523,107433,5.4437270739931085,0.15455406004177719
246,0.038,5,249,5,18176,587434,528,107428,5.4414205787543075,0.1546033600916441
247,0.0381,10,264,10,18440,587170,538,107418,5.438975138019193,0.15464995076217844
248,0.0382,7,223,7,18663,586947,545,107411,5.436909481640669,0.15469109594762356
249,0.0383,8,234,8,18897,586713,553,107403,5.434741931898181,0.15473350275746417
250,0.0384,9,252,9,19149,586461,562,107394,5.432407647560117,0.15477873619127916
251,0.0385,8,262,8,19411,586199,570,107386,5.4299807328911776,0.15482745445763677
252,0.0386,7,278,7,19689,585921,577,107379,5.427405609692838,0.154881003894418
253,0.0387,9,232,9,19921,585689,586,107370,5.425256586016525,0.15492187533817467
254,0.0388,9,257,9,20178,585432,595,107361,5.422875986513024,0.1549683671746106
255,0.0389,14,241,14,20419,585191,609,107347,5.420643595538923,0.15500521271034948
256,0.039,10,284,10,20703,584907,619,107337,5.418012894142058,0.15505659854039905
257,0.0391,11,252,11,20955,584655,630,107326,5.415678609803995,0.15509963423851233
258,0.0392,9,251,9,21206,584404,639,107317,5.413353588499018,0.15514492114595335
259,0.0393,8,244,8,21450,584160,647,107309,5.411093408425655,0.1551898928223825
260,0.0394,13,247,13,21697,583913,660,107296,5.408805439253029,0.15522946026455095
261,0.0395,11,271,11,21968,583642,671,107285,5.406295157286301,0.155276896112035
262,0.0396,13,258,13,22226,583384,684,107272,5.403905294749713,0.15531900106565352
263,0.0397,11,257,11,22483,583127,695,107261,5.401524695246211,0.1553633608927154
264,0.0398,7,269,7,22752,582858,702,107254,5.399032939345659,0.15541535287025873
265,0.0399,12,250,12,23002,582608,714,107242,5.396717181073771,0.1554569834021889
266,0.04,6,235,6,23237,582373,720,107236,5.394540368298196,0.15550261089979975
267,0.0401,11,248,11,23485,582125,731,107225,5.392243136092482,0.15554507869732356
268,0.0402,12,271,12,23756,581854,743,107213,5.3897328541257545,0.1555915462502195
269,0.0403,13,249,13,24005,581605,756,107200,5.3874263588869535,0.15563185516946015
270,0.0404,18,297,18,24302,581308,774,107182,5.38467523805995,0.15567691614983514
271,0.0405,6,229,6,24531,581079,780,107176,5.3825540034829,0.15572135327749162
272,0.0406,8,267,8,24798,580812,788,107168,5.380080773648523,0.15577197011541033
273,0.0407,11,261,11,25059,580551,799,107157,5.377663122012672,0.15581758537053517
274,0.0408,10,301,10,25360,580250,809,107147,5.374874949053318,0.15587353450771535
275,0.0409,10,236,10,25596,580014,819,107137,5.372688873244655,0.15591478437781506
276,0.041,3,261,3,25857,579753,822,107134,5.370271221608804,0.15597034155545236
277,0.0411,11,298,11,26155,579455,833,107123,5.367510837748712,0.15602451578698998
278,0.0412,12,260,12,26415,579195,845,107111,5.365102449145948,0.1560688672399775
279,0.0413,14,302,14,26717,578893,859,107097,5.362305013153507,0.15612035160862403
280,0.0414,8,325,8,27042,578568,867,107089,5.359294527400052,0.15618450624729274
281,0.0415,6,282,6,27324,578286,873,107083,5.356682352069361,0.15624138237941898
282,0.0416,10,299,10,27623,577987,883,107073,5.353912705176183,0.1562972586342802
283,0.0417,6,314,6,27937,577673,889,107067,5.351004112786691,0.15636153868621666
284,0.0418,14,313,14,28250,577360,903,107053,5.348104783430286,0.1564157898812559
285,0.0419,12,281,12,28531,577079,915,107041,5.345501871132684,0.1564652400163714
286,0.042,6,278,6,28809,576801,921,107035,5.342926747934343,0.1565214466626501
287,0.0421,9,250,9,29059,576551,930,107026,5.340610989662455,0.1565675849245952
288,0.0422,15,272,15,29331,576279,945,107011,5.33809144466264,0.1566113948689429
289,0.0423,11,257,11,29588,576022,956,107000,5.335710845159139,0.15665674019284884
290,0.0424,14,266,14,29854,575756,970,106986,5.3332468783578495,0.15670048129454464
291,0.0425,10,266,10,30120,575490,980,106976,5.33078291155656,0.15674920069278175
292,0.0426,7,245,7,30365,575245,987,106969,5.328513468450109,0.15679684087397797
293,0.0427,9,262,9,30627,574983,996,106960,5.32608655378117,0.15684595340079743
294,0.0428,10,313,10,30940,574670,1006,106950,5.323187224424766,0.1569056072298348
295,0.0429,16,263,16,31203,574407,1022,106934,5.320751046722739,0.1569463748695587
296,0.043,12,295,12,31498,574112,1034,106922,5.31801845196191,0.15699950369585072
297,0.0431,15,275,15,31773,573837,1049,106907,5.315471117862833,0.15704435147426932
298,0.0432,11,318,11,32091,573519,1060,106896,5.31252547334099,0.15710412027953527
299,0.0433,20,315,20,32406,573204,1080,106876,5.309607617918411,0.15715209975297023
300,0.0434,8,308,8,32714,572896,1088,106868,5.306754603727445,0.15721338582213829
301,0.0435,10,314,10,33028,572582,1098,106858,5.303846011337953,0.15727363711291653
302,0.0436,10,334,10,33362,572248,1108,106848,5.300752158286709,0.15733857952336636
303,0.0437,17,296,17,33658,571952,1125,106831,5.298010300492793,0.15738608656964007
304,0.0438,11,284,11,33942,571668,1136,106820,5.295379599095928,0.15743830399358574
305,0.0439,16,291,16,34233,571377,1152,106804,5.29268405646745,0.15748598088121019
306,0.044,12,283,12,34516,571094,1164,106792,5.290062618103672,0.15753681297445293
307,0.0441,15,327,15,34843,570767,1179,106777,5.287033606284042,0.15759419314465187
308,0.0442,11,330,11,35173,570437,1190,106766,5.283976805365149,0.15765730512121182
309,0.0443,16,296,16,35469,570141,1206,106750,5.281234947571233,0.1577063367661854
310,0.0444,11,287,11,35756,569854,1217,106739,5.278576457075105,0.1577595393390118
311,0.0445,7,300,7,36056,569554,1224,106732,5.275797547148838,0.15782080362450207
312,0.0446,12,292,12,36348,569262,1236,106720,5.273092741487273,0.1578740262314677
313,0.0447,13,320,13,36668,568942,1249,106707,5.270128570899256,0.15793259517885766
314,0.0448,13,288,13,36956,568654,1262,106694,5.26746081737004,0.15798373579250993
315,0.0449,16,303,16,37259,568351,1278,106678,5.26465411834451,0.15803469184286897
316,0.045,14,293,14,37552,568058,1292,106664,5.261940049649858,0.1580858486902754
317,0.0451,11,289,11,37841,567769,1303,106653,5.259263033087554,0.15813985902002012
318,0.0452,12,304,12,38145,567465,1315,106641,5.256447071028938,0.15819618872996236
319,0.0453,8,321,8,38466,567144,1323,106633,5.253473637407833,0.15826156131776536
320,0.0454,15,293,15,38759,566851,1338,106618,5.250759568713179,0.1583116669067173
321,0.0455,8,298,8,39057,566553,1346,106610,5.2479991848530885,0.1583717465160741
322,0.0456,11,273,11,39330,566280,1357,106599,5.245470376820186,0.15842224233480315
323,0.0457,16,329,16,39659,565951,1373,106583,5.242422838934381,0.15847971998441715
324,0.0458,12,309,12,39968,565642,1385,106571,5.239560561710326,0.1585375468787423
325,0.0459,18,353,18,40321,565289,1403,106553,5.23629071103042,0.15859830138633785
326,0.046,16,298,16,40619,564991,1419,106537,5.233530327170329,0.15864863415970742
327,0.0461,14,260,14,40879,564731,1433,106523,5.231121938567565,0.15869253665527505
328,0.0462,7,322,7,41201,564409,1440,106516,5.2281392419133725,0.15875992100458322
329,0.0463,17,308,17,41509,564101,1457,106499,5.225286227722405,0.15881151207873545
330,0.0464,18,293,18,41802,563808,1475,106481,5.222572159027752,0.15885834319226483
331,0.0465,11,291,11,42093,563517,1486,106470,5.219876616399274,0.15891353115806725
332,0.0466,12,323,12,42416,563194,1498,106458,5.2168846567119935,0.15897510945983884
333,0.0467,18,307,18,42723,562887,1516,106440,5.214040905554115,0.15902540910496663
334,0.0468,9,257,9,42980,562630,1525,106431,5.2116603060506135,0.15907518148569413
335,0.0469,17,272,17,43252,562358,1542,106414,5.209140761050798,0.15911850376510978
336,0.047,13,308,13,43560,562050,1555,106401,5.206287746859831,0.15917546686294134
337,0.0471,11,280,11,43840,561770,1566,106390,5.203694097595316,0.1592283285440613
338,0.0472,13,310,13,44150,561460,1579,106377,5.200822557338175,0.15928587364880953
339,0.0473,11,319,11,44469,561141,1590,106366,5.1978676497832454,0.1593481416674282
340,0.0474,14,302,14,44771,560839,1604,106352,5.195070213790804,0.15940262983163742
341,0.0475,15,305,15,45076,560534,1619,106337,5.1922449886991,0.15945662654396428
342,0.0476,21,302,21,45378,560232,1640,106316,5.189447552706659,0.15950239142567377
343,0.0477,25,289,25,45667,559943,1665,106291,5.186770536144355,0.15954004148692502
344,0.0478,19,322,19,45989,559621,1684,106272,5.183787839490162,0.15959320791778858
345,0.0479,19,312,19,46301,559309,1703,106253,5.180897773166846,0.15964403015797177
346,0.048,14,299,14,46600,559010,1717,106239,5.178128126273667,0.1596980980054085
347,0.0481,19,297,19,46897,558713,1736,106220,5.175377005446664,0.15974541795940342
348,0.0482,17,294,17,47191,558419,1753,106203,5.172653673718923,0.15979459000755317
349,0.0483,12,370,12,47561,558049,1765,106191,5.169226351476527,0.15986842105263158
350,0.0484,19,319,19,47880,557730,1784,106172,5.166271443921597,0.15992119318815126
351,0.0485,22,328,22,48208,557402,1806,106150,5.16323316906888,0.15997239101080246
352,0.0486,20,319,20,48527,557083,1826,106130,5.16027826151395,0.1600240043545588
353,0.0487,17,324,17,48851,556759,1843,106113,5.157277038793582,0.16008067922615526
354,0.0488,16,287,16,49138,556472,1859,106097,5.154618548297455,0.16012973743112038
355,0.0489,13,322,13,49460,556150,1872,106084,5.151635851643262,0.16019111069501113
356,0.049,15,306,15,49766,555844,1887,106069,5.14880136351847,0.16024613506608876
357,0.0491,21,306,21,50072,555538,1908,106048,5.145966875393679,0.16029359750659777
358,0.0492,13,325,13,50397,555213,1921,106035,5.142956389640224,0.16035587253193961
359,0.0493,21,346,21,50743,554867,1942,106014,5.13975138019193,0.16041314548307486
360,0.0494,17,328,17,51071,554539,1959,105997,5.136713105339212,0.16047119309167102
361,0.0495,12,340,12,51411,554199,1971,105985,5.1335636740894435,0.16053857712395334
362,0.0496,19,325,19,51736,553874,1990,105966,5.1305531883359885,0.16059347720659553
363,0.0497,17,299,17,52035,553575,2007,105949,5.12778354144281,0.16064464674522838
364,0.0498,18,356,18,52391,553219,2025,105931,5.124485901663641,0.1607084882045058
365,0.0499,16,317,16,52708,552902,2041,105915,5.121549520174886,0.16076543258598366
366,0.05,21,305,21,53013,552597,2062,105894,5.118724295083182,0.16081313184234863
367,0.0501,11,319,11,53332,552278,2073,105883,5.115769387528252,0.1608770498403886
368,0.0502,19,306,19,53638,551972,2092,105864,5.11293489940346,0.16092764762037956
369,0.0503,19,315,19,53953,551657,2111,105845,5.110017043980881,0.16098049891863447
370,0.0504,16,312,16,54265,551345,2127,105829,5.107126977657564,0.16103649870506137
371,0.0505,19,368,19,54633,550977,2146,105810,5.103718181481344,0.16110245787447072
372,0.0506,13,341,13,54974,550636,2159,105797,5.100559487198488,0.1611695329150119
373,0.0507,13,332,13,55306,550304,2172,105784,5.09748416021342,0.16123446854690224
374,0.0508,13,347,13,55653,549957,2185,105771,5.094269887732039,0.16130316228680183
375,0.0509,26,337,26,55990,549620,2211,105745,5.091148245581533,0.16135283391697755
376,0.051,8,349,8,56339,549271,2219,105737,5.087915447033977,0.16142856270457764
377,0.0511,22,330,22,56669,548941,2241,105715,5.084858646115084,0.16148175530354875
378,0.0512,15,327,15,56996,548614,2256,105700,5.081829634295453,0.1615432345937883
379,0.0513,24,336,24,57332,548278,2280,105676,5.078717255178035,0.16159546390113066
380,0.0514,16,319,16,57651,547959,2296,105660,5.0757623476231055,0.16165380749335623
381,0.0515,13,303,13,57954,547656,2309,105647,5.072955648597577,0.1617120998985157
382,0.0516,20,327,20,58281,547329,2329,105627,5.0699266367779465,0.1617674085236984
383,0.0517,19,286,19,58567,547043,2348,105608,5.067277409314906,0.16181389440910993
384,0.0518,18,309,18,58876,546734,2366,105590,5.0644151320908515,0.16186741557876147
385,0.0519,15,375,15,59251,546359,2381,105575,5.060941494683019,0.16194123945061922
386,0.052,17,312,17,59563,546047,2398,105558,5.058051428359702,0.16199691530912133
387,0.0521,19,307,19,59870,545740,2417,105539,5.055207677201823,0.16204883007129048
388,0.0522,9,321,9,60191,545419,2426,105530,5.052234243580718,0.16211715510738936
389,0.0523,13,314,13,60505,545105,2439,105517,5.049325651191226,0.16217865365757692
390,0.0524,18,326,18,60831,544779,2457,105499,5.046305902404684,0.16223676642912724
391,0.0525,20,383,20,61214,544396,2477,105479,5.04275816073215,0.16230659742258127
392,0.0526,24,365,24,61579,544031,2501,105455,5.039377153655193,0.16236685625248273
393,0.0527,16,319,16,61898,543712,2517,105439,5.036422246100263,0.1624259994978056
394,0.0528,9,320,9,62218,543392,2526,105430,5.033458075512246,0.16249449001421037
395,0.0529,23,317,23,62535,543075,2549,105407,5.030521694023491,0.1625442186521754
396,0.053,21,341,21,62876,542734,2570,105386,5.027362999740635,0.16260260445596494
397,0.0531,21,324,21,63200,542410,2591,105365,5.0243617770202675,0.16265678669291034
398,0.0532,15,341,15,63541,542069,2606,105350,5.0212030827374114,0.16272305879191065
399,0.0533,22,354,22,63895,541715,2628,105328,5.017923969024418,0.16278361716300152
400,0.0534,16,309,16,64204,541406,2644,105312,5.015061691800363,0.16284068171908003
401,0.0535,11,298,11,64502,541108,2655,105301,5.012301307940272,0.1629015066312505
402,0.0536,27,343,27,64845,540765,2682,105274,5.009124087591241,0.16295301057676084
403,0.0537,22,338,22,65183,540427,2704,105252,5.005993182407647,0.16300979279177424
404,0.0538,25,322,25,65505,540105,2729,105227,5.003010485753455,0.16305870466674519
405,0.0539,23,309,23,65814,539796,2752,105204,5.000148208529401,0.16310697674418603
406,0.054,18,313,18,66127,539483,2770,105186,4.9972488791729965,0.16316280137558964
407,0.0541,16,325,16,66452,539158,2786,105170,4.994238393419542,0.16322432053239966
408,0.0542,16,309,16,66761,538849,2802,105154,4.991376116195487,0.16328184806592516
409,0.0543,21,319,21,67080,538530,2823,105133,4.988421208640557,0.16333547213370972
410,0.0544,18,335,18,67415,538195,2841,105115,4.985318092556227,0.1633971180301876
411,0.0545,22,302,22,67717,537893,2863,105093,4.982520656563786,0.16344523831000987
412,0.0546,15,308,15,68025,537585,2878,105078,4.979667642372818,0.1635040448882229
413,0.0547,19,328,19,68353,537257,2897,105059,4.9766293675201005,0.16356279463690768
414,0.0548,19,329,19,68682,536928,2916,105040,4.973581829634296,0.16362186277197618
415,0.0549,26,311,26,68993,536617,2942,105014,4.9707010263440665,0.16366727916824467
416,0.055,18,364,18,69357,536253,2960,104996,4.967329282300196,0.16373670758161027
417,0.0551,16,308,16,69665,535945,2976,104980,4.964476268109229,0.16379451573897102
418,0.0552,19,326,19,69991,535619,2995,104961,4.961456519322687,0.16385307065471916
419,0.0553,17,347,17,70338,535272,3012,104944,4.958242246841306,0.16391967710897573
420,0.0554,26,349,26,70687,534923,3038,104918,4.955009448293749,0.16397511256702837
421,0.0555,19,322,19,71009,534601,3057,104899,4.952026751639557,0.16403283815480843
422,0.0556,25,322,25,71331,534279,3082,104874,4.9490440549853645,0.16408277830190893
423,0.0557,16,343,16,71674,533936,3098,104858,4.945866834636333,0.1641499450527087
424,0.0558,14,345,14,72019,533591,3112,104844,4.942671088221127,0.16422032000125306
425,0.0559,23,334,23,72353,533257,3135,104821,4.939577235169884,0.16427615432596016
426,0.056,24,351,24,72704,532906,3159,104797,4.936325910556152,0.16433512152208787
427,0.0561,19,355,19,73059,532551,3178,104778,4.9330375338100705,0.16440174540935687
428,0.0562,26,312,26,73371,532239,3204,104752,4.930147467486754,0.16444816331784906
429,0.0563,23,322,23,73693,531917,3227,104729,4.927164770832562,0.16450115134627408
430,0.0564,19,359,19,74052,531558,3246,104710,4.923839341954129,0.16456901808671817
431,0.0565,18,331,18,74383,531227,3264,104692,4.920773278002149,0.1646310300525696
432,0.0566,21,362,21,74745,530865,3285,104671,4.917420060024455,0.16469720047330128
433,0.0567,13,354,13,75099,530511,3298,104658,4.91414094631146,0.16477189535383496
434,0.0568,21,308,21,75407,530203,3319,104637,4.911287932120493,0.16482420767437464
435,0.0569,21,333,21,75740,529870,3340,104616,4.908203342102338,0.16488307070605182
436,0.057,13,304,13,76044,529566,3353,104603,4.905387380043721,0.16494499100397528
437,0.0571,10,359,10,76403,529207,3363,104593,4.902061951165289,0.16502524455664247
438,0.0572,21,302,21,76705,528905,3384,104572,4.899264515172848,0.16507623796917648
439,0.0573,11,381,11,77086,528524,3395,104561,4.89573529956649,0.1651610763167663
440,0.0574,12,344,12,77430,528180,3407,104549,4.892548816184371,0.16523503743308746
441,0.0575,17,365,17,77795,527815,3424,104532,4.889167809107414,0.16530797173071116
442,0.0576,20,350,20,78145,527465,3444,104512,4.885925747526771,0.165373106932689
443,0.0577,12,325,12,78470,527140,3456,104500,4.882915261773315,0.16544234057374455
444,0.0578,20,331,20,78801,526809,3476,104480,4.8798491978213345,0.16550264617314733
445,0.0579,18,338,18,79139,526471,3494,104462,4.876718292637741,0.16556750082813865
446,0.058,22,338,22,79477,526133,3516,104440,4.8735873874541475,0.16562713595412426
447,0.0581,15,335,15,79812,525798,3531,104425,4.8704842713698175,0.16569531737178744
448,0.0582,14,333,14,80145,525465,3545,104411,4.867399681351662,0.16576437267017635
449,0.0583,14,346,14,80491,525119,3559,104397,4.864194671903368,0.16583692868807148
450,0.0584,26,360,26,80851,524759,3585,104371,4.860859979991848,0.1658973503091571
451,0.0585,15,343,15,81194,524416,3600,104356,4.857682759642818,0.16596795022679128
452,0.0586,17,339,17,81533,524077,3617,104339,4.854542591426137,0.16603491954374172
453,0.0587,16,340,16,81873,523737,3633,104323,4.851393160176368,0.16610355698500143
454,0.0588,13,343,13,82216,523394,3646,104310,4.8482159398273375,0.16617705160394072
455,0.0589,21,373,21,82589,523021,3667,104289,4.844760828485679,0.16624794758572317
456,0.059,20,330,20,82919,522691,3687,104269,4.841704027566786,0.1663088554293735
457,0.0591,20,383,20,83302,522308,3707,104249,4.838156285894253,0.16638390441731557
458,0.0592,24,390,24,83692,521918,3731,104225,4.834543702990107,0.1664555860242788
459,0.0593,24,349,24,84041,521569,3755,104201,4.83131090444255,0.16651645173146684
460,0.0594,19,366,19,84407,521203,3774,104182,4.827920634332505,0.16658858143383676
461,0.0595,22,350,22,84757,520853,3796,104160,4.8246785727518615,0.16665253362730056
462,0.0596,27,326,27,85083,520527,3823,104133,4.821658823965319,0.16670348669676305
463,0.0597,21,368,21,85451,520159,3844,104112,4.818250027789099,0.16677372487269151
464,0.0598,16,348,16,85799,519811,3860,104096,4.81502649227463,0.16684537919914347
465,0.0599,22,324,22,86123,519487,3882,104074,4.812025269554263,0.16690267672288678
466,0.06,25,323,25,86446,519164,3907,104049,4.809033309866983,0.16695575990873104
467,0.0601,26,355,26,86801,518809,3933,104023,4.805744933120901,0.16701614560587766
468,0.0602,24,354,24,87155,518455,3957,103999,4.802465819407907,0.16707901306763231
469,0.0603,15,323,15,87478,518132,3972,103984,4.799473859720627,0.1671456770120042
470,0.0604,21,328,21,87806,517804,3993,103963,4.796435584867909,0.16720572175750723
471,0.0605,22,369,22,88175,517435,4015,103941,4.793017525658602,0.16727553043567825
472,0.0606,19,351,19,88526,517084,4034,103922,4.78976620104487,0.16734459892497014
473,0.0607,22,338,22,88864,516746,4056,103900,4.786635295861277,0.16740621868182506
474,0.0608,22,372,22,89236,516374,4078,103878,4.783189447552707,0.16747708995698524
475,0.0609,23,361,23,89597,516013,4101,103855,4.7798454926081,0.16754373511779927
476,0.061,19,357,19,89954,515656,4120,103836,4.776538589795843,0.16761475531564574
477,0.0611,21,347,21,90301,515309,4141,103815,4.7733243173144615,0.16768046465651468
478,0.0612,21,356,21,90657,514953,4162,103794,4.770026677535292,0.16774869211487087
479,0.0613,19,321,19,90978,514632,4181,103775,4.767053243914187,0.16781019619764978
480,0.0614,20,322,20,91300,514310,4201,103755,4.764070547259995,0.167870693211879
481,0.0615,27,362,27,91662,513948,4228,103728,4.760717329282301,0.16793270258193616
482,0.0616,16,336,16,91998,513612,4244,103712,4.757604950164882,0.16800253999520512
483,0.0617,26,336,26,92334,513276,4270,103686,4.7544925710474635,0.16805897283787333
484,0.0618,18,390,18,92724,512886,4288,103668,4.750879988143318,0.16814099008359365
485,0.0619,21,384,21,93108,512502,4309,103647,4.747322983437697,0.16821742792733577
486,0.062,30,387,30,93495,512115,4339,103617,4.743738189632813,0.16828262945567227
487,0.0621,28,322,28,93817,511793,4367,103589,4.740755492978621,0.16833284041457175
488,0.0622,26,340,26,94157,511453,4393,103563,4.737606061728853,0.1683907410538913
489,0.0623,18,368,18,94525,511085,4411,103545,4.734197265552632,0.16846720791370418
490,0.0624,29,381,29,94906,510704,4440,103516,4.730668049946274,0.16853244765719125
491,0.0625,25,348,25,95254,510356,4465,103491,4.727444514431806,0.16859412850433414
492,0.0626,18,418,18,95672,509938,4483,103473,4.723572566601208,0.16868461765439485
493,0.0627,29,367,29,96039,509571,4512,103444,4.720173033458075,0.168746278639185
494,0.0628,29,341,29,96380,509230,4541,103415,4.717014339175219,0.16880085530772307
495,0.0629,22,361,22,96741,508869,4563,103393,4.713670384230612,0.16887051621691368
496,0.063,27,358,27,97099,508511,4590,103366,4.710354218385268,0.1689326449596896
497,0.0631,35,353,35,97452,508158,4625,103331,4.707084367705361,0.1689825982151764
498,0.0632,29,377,29,97829,507781,4654,103302,4.703592204231353,0.16904741254461342
499,0.0633,19,363,19,98192,507418,4673,103283,4.700229723220572,0.16912204171927014
500,0.0634,18,356,18,98548,507062,4691,103265,4.696932083441402,0.16919618499591202
501,0.0635,14,352,14,98900,506710,4705,103251,4.693671495794583,0.16927475691068775
502,0.0636,20,375,20,99275,506335,4725,103231,4.6901978583867505,0.16935163706637182
503,0.0637,26,387,26,99662,505948,4751,103205,4.686613064581866,0.16942377366605763
504,0.0638,36,366,36,100028,505582,4787,103169,4.683222794471821,0.16947651831372762
505,0.0639,24,351,24,100379,505231,4811,103145,4.67997146985809,0.16954153352531987
506,0.064,31,378,31,100757,504853,4842,103114,4.676470043350995,0.1696046002496846
507,0.0641,25,375,25,101132,504478,4867,103089,4.672996405943162,0.16967511402034674
508,0.0642,25,351,25,101483,504127,4892,103064,4.66974508132943,0.1697390112831053
509,0.0643,24,368,24,101851,503759,4916,103040,4.666336285153211,0.1698091130670947
510,0.0644,20,361,20,102212,503398,4936,103020,4.662992330208604,0.16988282010098646
511,0.0645,33,388,33,102600,503010,4969,102987,4.659398273370632,0.16994638587319738
512,0.0646,30,353,30,102953,502657,4999,102957,4.656128422690726,0.1700043261879679
513,0.0647,29,365,29,103318,502292,5028,102928,4.652747415613769,0.17006708304418228
514,0.0648,23,361,23,103679,501931,5051,102905,4.649403460669162,0.17013702888055604
515,0.0649,29,366,29,104045,501565,5080,102876,4.646013190559117,0.1702002345969251
516,0.065,21,377,21,104422,501188,5101,102855,4.642521027085109,0.17027761268651403
517,0.0651,27,358,27,104780,500830,5128,102828,4.639204861239764,0.17034148474798644
518,0.0652,21,361,21,105141,500469,5149,102807,4.635860906295157,0.1704145366300002
519,0.0653,22,378,22,105519,500091,5171,102785,4.632359479788062,0.17049111260026936
520,0.0654,18,357,18,105876,499734,5189,102767,4.629052576975805,0.17056735175543278
521,0.0655,34,373,34,106249,499361,5223,102733,4.625597465634147,0.17062618129395077
522,0.0656,29,391,29,106640,498970,5252,102704,4.621975619696913,0.17069708845653958
523,0.0657,22,374,22,107014,498596,5274,102682,4.618511245322169,0.170772920346329
524,0.0658,19,366,19,107380,498230,5293,102663,4.615120975212124,0.17085071718259323
525,0.0659,23,362,23,107742,497868,5316,102640,4.6117677572344284,0.1709219527466745
526,0.066,22,365,22,108107,497503,5338,102618,4.608386750157472,0.17099551590429263
527,0.0661,23,351,23,108458,497152,5361,102595,4.6051354255437404,0.17106379856839635
528,0.0662,20,375,20,108833,496777,5381,102575,4.601661788135908,0.17114316795472442
529,0.0663,21,368,21,109201,496409,5402,102554,4.598252991959687,0.17121925728300413
530,0.0664,24,383,24,109584,496026,5426,102530,4.594705250287154,0.1712955847071953
531,0.0665,22,350,22,109934,495676,5448,102508,4.59146318870651,0.1713653324060824
532,0.0666,30,374,30,110308,495302,5478,102478,4.5879988143317645,0.17143096122319249
533,0.0667,34,352,34,110660,494950,5512,102444,4.584738226684946,0.17148481571626095
534,0.0668,26,357,26,111017,494593,5538,102418,4.581431323872689,0.17155127794965253
535,0.0669,23,338,23,111355,494255,5561,102395,4.578300418689095,0.17161652560127377
536,0.067,16,379,16,111734,493876,5577,102379,4.574789729148913,0.1717033819422898
537,0.0671,32,324,32,112058,493552,5609,102347,4.571788506428545,0.17175226003064278
538,0.0672,22,347,22,112405,493205,5631,102325,4.568574233947164,0.17182173861938105
539,0.0673,19,347,19,112752,492858,5650,102306,4.5653599614657825,0.1718954775490453
540,0.0674,18,353,18,113105,492505,5668,102288,4.562090110785876,0.1719724341073281
541,0.0675,22,348,22,113453,492157,5690,102266,4.558866575271407,0.1720424680740819
542,0.0676,24,351,24,113804,491806,5714,102242,4.5556152506576755,0.17211067119155354
543,0.0677,30,329,30,114133,491477,5744,102212,4.55256771277187,0.1721642139234515
544,0.0678,22,357,22,114490,491120,5766,102190,4.5492608099596135,0.1722371104481637
545,0.0679,21,358,21,114848,490762,5787,102169,4.545944644114269,0.17231178670030745
546,0.068,28,392,28,115240,490370,5815,102141,4.542313535143948,0.17238667299003732
547,0.0681,26,359,26,115599,490011,5841,102115,4.538988106265515,0.17245484913683912
548,0.0682,30,330,30,115929,489681,5871,102085,4.535931305346622,0.1725090660835533
549,0.0683,23,348,23,116277,489333,5894,102062,4.532707769832154,0.17257839515044937
550,0.0684,30,341,30,116618,488992,5924,102032,4.529549075549298,0.17263596740572296
551,0.0685,29,384,29,117002,488608,5953,102003,4.525992070843677,0.17270758587293497
552,0.0686,21,364,21,117366,488244,5974,101982,4.5226203267998075,0.1727846621463643
553,0.0687,17,340,17,117706,487904,5991,101965,4.519470895550039,0.17286041477005912
554,0.0688,24,363,24,118069,487541,6015,101941,4.516108414539257,0.17293318540684874
555,0.0689,24,327,24,118396,487214,6039,101917,4.513079402719627,0.17299547978293453
556,0.069,28,370,28,118766,486844,6067,101889,4.509652080477231,0.17306486981365066
557,0.0691,29,332,29,119098,486512,6096,101860,4.506576753492164,0.17312176650146505
558,0.0692,27,383,27,119481,486129,6123,101833,4.50302901181963,0.17319656712508633
559,0.0693,29,368,29,119849,485761,6152,101804,4.49962021564341,0.17326423459532136
560,0.0694,27,385,27,120234,485376,6179,101777,4.496053947904702,0.1733398279494442
561,0.0695,15,369,15,120603,485007,6194,101762,4.4926358886953945,0.17342770323585602
562,0.0696,29,368,29,120971,484639,6223,101733,4.489227092519174,0.173495664868036
563,0.0697,32,382,32,121353,484257,6255,101701,4.485688613879729,0.17356363425364957
564,0.0698,33,347,33,121700,483910,6288,101668,4.482474341398348,0.1736199105840725
565,0.0699,18,358,18,122058,483552,6306,101650,4.479158175553003,0.17370070505569019
566,0.07,31,351,31,122409,483201,6337,101619,4.475906850939271,0.17376115727916283
567,0.0701,25,380,25,122789,482821,6362,101594,4.472386898366001,0.1738387960610183
568,0.0702,32,357,32,123146,482464,6394,101562,4.469079995553744,0.17389979213254206
569,0.0703,26,376,26,123522,482088,6420,101536,4.465597095112824,0.17397502501610626
570,0.0704,27,345,27,123867,481743,6447,101509,4.462401348697617,0.1740396946774293
571,0.0705,22,323,22,124190,481420,6469,101487,4.459409389010338,0.17410496013943905
572,0.0706,30,369,30,124559,481051,6499,101457,4.45599132980103,0.17417271522451194
573,0.0707,34,418,34,124977,480633,6533,101423,4.452119381970433,0.17424955674368103
574,0.0708,20,357,20,125334,480276,6553,101403,4.448812479158176,0.17432810880227753
575,0.0709,18,384,18,125718,479892,6571,101385,4.445255474452555,0.17441770446792149
576,0.071,25,356,25,126074,479536,6596,101360,4.441957834673386,0.17448906516829174
577,0.0711,30,353,30,126427,479183,6626,101330,4.4386879839934785,0.17455250786804086
578,0.0712,29,401,29,126828,478782,6655,101301,4.43497350772537,0.17463190612377885
579,0.0713,30,323,30,127151,478459,6685,101271,4.43198154803809,0.17468649198764943
580,0.0714,27,381,27,127532,478078,6712,101244,4.428452332431731,0.17476291250806977
581,0.0715,32,367,32,127899,477711,6744,101212,4.425052799288599,0.17482808594579935
582,0.0716,22,388,22,128287,477323,6766,101190,4.421458742450628,0.17491396044686983
583,0.0717,37,355,37,128642,476968,6803,101153,4.418170365704547,0.1749685619446448
584,0.0718,29,401,29,129043,476567,6832,101124,4.414455889436437,0.17504859864529654
585,0.0719,38,386,38,129429,476181,6870,101086,4.410880358664641,0.17511134362435407
586,0.072,24,374,24,129803,475807,6894,101062,4.407415984289896,0.17519055452797774
587,0.0721,27,391,27,130194,475416,6921,101035,4.403794138352662,0.17527075154696584
588,0.0722,27,361,27,130555,475055,6948,101008,4.400450183408055,0.1753419330871797
589,0.0723,35,390,35,130945,474665,6983,100973,4.396837600503909,0.1754105879042037
590,0.0724,25,358,25,131303,474307,7008,100948,4.393521434658565,0.17548391582863251
591,0.0725,28,344,28,131647,473963,7036,100920,4.390334951276446,0.1755487638354239
592,0.0726,24,342,24,131989,473621,7060,100896,4.387166993960502,0.1756188241601206
593,0.0727,39,400,39,132389,473221,7099,100857,4.38346178072548,0.175685185636795
594,0.0728,33,344,33,132733,472877,7132,100824,4.3802752973433625,0.1757431135730982
595,0.0729,28,361,28,133094,472516,7160,100796,4.3769313423987555,0.17581351864255415
596,0.073,37,367,37,133461,472149,7197,100759,4.373531809255622,0.17587291502300545
597,0.0731,35,369,35,133830,471780,7232,100724,4.370113750046315,0.1759358886575465
598,0.0732,26,356,26,134186,471424,7258,100698,4.366816110267146,0.1760079143958806
599,0.0733,33,356,33,134542,471068,7291,100665,4.363518470487977,0.17606994873481152
600,0.0734,25,373,25,134915,470695,7316,100640,4.360063359146319,0.1761488443732661
601,0.0735,26,308,26,135223,470387,7342,100614,4.3572103449553525,0.17620634639869281
602,0.0736,25,347,25,135570,470040,7367,100589,4.353996072473971,0.17627740616057017
603,0.0737,24,326,24,135896,469714,7391,100565,4.350976323687428,0.17634350905434007
604,0.0738,28,372,28,136268,469342,7419,100537,4.347530475378858,0.17641815192347848
605,0.0739,30,373,30,136641,468969,7449,100507,4.3440753640372005,0.17649031741460572
606,0.074,27,362,27,137003,468607,7476,100480,4.340722146059505,0.17656351313595284
607,0.0741,28,370,28,137373,468237,7504,100452,4.3372948238171105,0.17663784599315266
608,0.0742,28,383,28,137756,467854,7532,100424,4.333747082144577,0.17671632546042607
609,0.0743,25,375,25,138131,467479,7557,100399,4.330273444736744,0.17679677677247577
610,0.0744,39,361,39,138492,467118,7596,100360,4.326929489792137,0.17685267094054746
611,0.0745,27,371,27,138863,466747,7623,100333,4.323492904516655,0.17692918106792693
612,0.0746,36,375,36,139238,466372,7659,100297,4.3200192671088224,0.17699397708362377
613,0.0747,28,367,28,139605,466005,7687,100269,4.316619733965689,0.17706799182021424
614,0.0748,32,353,32,139958,465652,7719,100237,4.313349883285783,0.1771319110284879
615,0.0749,28,350,28,140308,465302,7747,100209,4.310107821705139,0.17720079715513934
616,0.075,33,379,33,140687,464923,7780,100176,4.306597132164956,0.17727159311908178
617,0.0751,27,381,27,141068,464542,7807,100149,4.303067916558598,0.17735186146051557
618,0.0752,27,351,27,141419,464191,7834,100122,4.299816591944866,0.17742281322599338
619,0.0753,28,382,28,141801,463809,7862,100094,4.296278113305421,0.17750215905927083
620,0.0754,31,348,31,142149,463461,7893,100063,4.293054577790952,0.17756652777876364
621,0.0755,34,387,34,142536,463074,7927,100029,4.2894697839860685,0.17763890442778674
622,0.0756,27,383,27,142919,462691,7954,100002,4.285922042313535,0.17772035550468906
623,0.0757,37,348,37,143267,462343,7991,99965,4.282698506799067,0.17777623651095129
624,0.0758,19,367,19,143634,461976,8010,99946,4.2792989736559335,0.1778645434775645
625,0.0759,32,377,32,144011,461599,8042,99914,4.275806810181926,0.1779371092031707
626,0.076,26,365,26,144376,461234,8068,99888,4.2724258031049684,0.17801476327786114
627,0.0761,21,360,21,144736,460874,8089,99867,4.2690911111934495,0.17809826640106574
628,0.0762,22,321,22,145057,460553,8111,99845,4.266117677572344,0.17816801630269916
629,0.0763,40,403,40,145460,460150,8151,99805,4.26238467523806,0.17823753694493308
630,0.0764,33,371,33,145831,459779,8184,99772,4.258948089962577,0.17830724992002517
631,0.0765,35,358,35,146189,459421,8219,99737,4.255631924117233,0.17836997771649515
632,0.0766,24,387,24,146576,459034,8243,99713,4.2520471303123495,0.17845822885849946
633,0.0767,26,325,26,146901,458709,8269,99687,4.2490366445588945,0.1785238432940064
634,0.0768,33,379,33,147280,458330,8302,99654,4.245525955018711,0.1785965188965992
635,0.0769,30,401,30,147681,457929,8332,99624,4.241811478750602,0.1786807711553879
636,0.077,33,374,33,148055,457555,8365,99591,4.2383471043758565,0.17875206857807469
637,0.0771,25,339,25,148394,457216,8390,99566,4.235206936159176,0.17882402807562026
638,0.0772,23,351,23,148745,456865,8413,99543,4.231955611545445,0.17890289140343058
639,0.0773,28,367,28,149112,456498,8441,99515,4.228556078402312,0.1789796281741614
640,0.0774,25,372,25,149484,456126,8466,99490,4.225110230093742,0.17906251799804182
641,0.0775,31,344,31,149828,455782,8497,99459,4.2219237467116235,0.17912762205961016
642,0.0776,31,418,31,150246,455364,8528,99428,4.218051798881025,0.1792167154537196
643,0.0777,30,360,30,150606,455004,8558,99398,4.214717106969506,0.17928867500477993
644,0.0778,26,374,26,150980,454630,8584,99372,4.211252732594761,0.17937119360579926
645,0.0779,37,384,37,151364,454246,8621,99335,4.20769572788914,0.17944076837897255
646,0.078,32,374,32,151738,453872,8653,99303,4.204231353514395,0.17951462014733133
647,0.0781,34,382,34,152120,453490,8687,99269,4.2006928748749495,0.17958821113722256
648,0.0782,22,334,22,152454,453156,8709,99247,4.197599021823706,0.17966412202685358
649,0.0783,33,392,33,152846,452764,8742,99214,4.193967912853385,0.1797426709035505
650,0.0784,30,346,30,153192,452418,8772,99184,4.190762903405091,0.17981080561709348
651,0.0785,23,340,23,153532,452078,8795,99161,4.187613472155323,0.17988748981839092
652,0.0786,28,355,28,153887,451723,8823,99133,4.184325095409241,0.17996173228575163
653,0.0787,30,375,30,154262,451348,8853,99103,4.180851458001408,0.18003964022229044
654,0.0788,23,375,23,154637,450973,8876,99080,4.177377820593575,0.18012809674704075
655,0.0789,31,380,31,155017,450593,8907,99049,4.1738578680203045,0.1802063888858566
656,0.079,28,378,28,155395,450215,8935,99021,4.170356441513209,0.18028861909998617
657,0.0791,35,393,35,155788,449822,8970,98986,4.166716069509801,0.1803654465678343
658,0.0792,17,359,17,156147,449463,8987,98969,4.163390640631368,0.18045810601861306
659,0.0793,28,372,28,156519,449091,9015,98941,4.159944792322798,0.18053872766553777
660,0.0794,35,356,35,156875,448735,9050,98906,4.156647152543629,0.1806037166684014
661,0.0795,21,392,21,157267,448343,9071,98885,4.153016043573308,0.18070164538364264
662,0.0796,46,365,46,157632,447978,9117,98839,4.149635036496351,0.18075334161154463
663,0.0797,25,393,25,158025,447585,9142,98814,4.1459946644929415,0.18084586538408745
664,0.0798,32,401,32,158426,447184,9174,98782,4.142280188224833,0.18093068066509635
665,0.0799,32,342,32,158768,446842,9206,98750,4.139112230908889,0.1809960556606402
666,0.08,39,366,39,159134,446476,9245,98711,4.135721960798844,0.181058976094441
667,0.0801,30,374,30,159508,446102,9275,98681,4.132257586424099,0.18113817795342366
668,0.0802,40,383,40,159891,445719,9315,98641,4.128709844751565,0.1812054522742303
669,0.0803,33,379,33,160270,445340,9348,98608,4.125199155211383,0.18128203431210335
670,0.0804,38,336,38,160606,445004,9386,98570,4.122086776093965,0.18133685569949998
671,0.0805,28,367,28,160973,444637,9414,98542,4.118687242950831,0.1814171755535468
672,0.0806,30,383,30,161356,444254,9444,98512,4.115139501278299,0.18149994656997676
673,0.0807,22,355,22,161711,443899,9466,98490,4.111851124532217,0.18158554100470325
674,0.0808,30,371,30,162082,443528,9496,98460,4.108414539256734,0.18166453869827376
675,0.0809,32,374,32,162456,443154,9528,98428,4.104950164881989,0.181741638385323
676,0.081,32,396,32,162852,442758,9560,98396,4.101282003779318,0.18182624539410222
677,0.0811,30,331,30,163183,442427,9590,98366,4.0982159398273375,0.18189214727261632
678,0.0812,22,352,22,163535,442075,9612,98344,4.094955352180518,0.18197731759986233
679,0.0813,26,379,26,163914,441696,9638,98318,4.091444662640335,0.18206565014981094
680,0.0814,39,385,39,164299,441311,9677,98279,4.087878394901627,0.18213643692433143
681,0.0815,37,394,37,164693,440917,9714,98242,4.08422875986513,0.18221341014431736
682,0.0816,40,348,40,165041,440569,9754,98202,4.081005224350662,0.18227038946045723
683,0.0817,20,394,20,165435,440175,9774,98182,4.077355589314165,0.18237340649420367
684,0.0818,35,353,35,165788,439822,9809,98147,4.074085738634259,0.18243988036485373
685,0.0819,34,413,34,166201,439409,9843,98113,4.070260105969099,0.18252834302595985
686,0.082,47,371,47,166572,439038,9890,98066,4.066823520693616,0.18258288897494712
687,0.0821,31,382,31,166954,438656,9921,98035,4.06328504205417,0.18266563068879485
688,0.0822,22,368,22,167322,438288,9943,98013,4.05987624587795,0.18275744404727942
689,0.0823,38,391,38,167713,437897,9981,97975,4.056254399940717,0.18283284067837097
690,0.0824,21,338,21,168051,437559,10002,97954,4.0531234947571235,0.182916194378101
691,0.0825,25,357,25,168408,437202,10027,97929,4.049816591944866,0.18300005045493534
692,0.0826,28,364,28,168772,436838,10055,97901,4.046444847900997,0.18308183992564597
693,0.0827,33,354,33,169126,436484,10088,97868,4.043165734188003,0.183152678384286
694,0.0828,20,355,20,169481,436129,10108,97848,4.039877357441921,0.18324384758145013
695,0.0829,32,405,32,169886,435724,10140,97816,4.036125829041461,0.18333395809123965
696,0.083,33,424,33,170310,435300,10173,97783,4.032198303012338,0.18342922209111903
697,0.0831,41,389,41,170699,434911,10214,97742,4.0285949831412795,0.18350032760540164
698,0.0832,41,388,41,171087,434523,10255,97701,4.025000926303309,0.1835712031024531
699,0.0833,28,382,28,171469,434141,10283,97673,4.021462447663863,0.18366007664333772
700,0.0834,43,358,43,171827,433783,10326,97630,4.0181462818185185,0.18371774871898128
701,0.0835,32,362,32,172189,433421,10358,97598,4.014793063840824,0.18379380022183764
702,0.0836,35,387,35,172576,433034,10393,97563,4.01120827003594,0.18387401361108335
703,0.0837,31,377,31,172953,432657,10424,97532,4.007716106561933,0.18395704173417404
704,0.0838,28,350,28,173303,432307,10452,97504,4.004474044981289,0.1840354390527943
705,0.0839,37,367,37,173670,431940,10489,97467,4.001074511838156,0.18410599028724592
706,0.084,36,402,36,174072,431538,10525,97431,3.9973507725369597,0.1841903778860387
707,0.0841,41,362,41,174434,431176,10566,97390,3.993997554559265,0.18425324368196214
708,0.0842,37,369,37,174803,430807,10603,97353,3.9905794953499574,0.1843248258103605
709,0.0843,23,369,23,175172,430438,10626,97330,3.9871614361406498,0.18441815343105303
710,0.0844,31,410,31,175582,430028,10657,97299,3.9833635925747526,0.18451359403178672
711,0.0845,46,363,46,175945,429665,10703,97253,3.9800011115639706,0.1845695155602959
712,0.0846,25,377,25,176322,429288,10728,97228,3.9765089480899625,0.18466295421221768
713,0.0847,32,380,32,176702,428908,10760,97196,3.972988995516692,0.18474674208901662
714,0.0848,34,383,34,177085,428525,10794,97162,3.969441253844159,0.1848286147460371
715,0.0849,33,379,33,177464,428146,10827,97129,3.9659305643039757,0.1849107610299367
716,0.085,29,377,29,177841,427769,10856,97100,3.9624384008299676,0.18499854249346026
717,0.0851,42,375,42,178216,427394,10898,97058,3.9589647634221348,0.18506555414032172
718,0.0852,38,353,38,178569,427041,10936,97020,3.9556949127422283,0.18513112023218672
719,0.0853,33,346,33,178915,426695,10969,96987,3.9524899032939347,0.18520208829022192
720,0.0854,59,396,59,179311,426299,11028,96928,3.9488217421912633,0.18525037889864246
721,0.0855,50,358,50,179669,425941,11078,96878,3.945505576345919,0.18529931008628225
722,0.0856,37,375,37,180044,425566,11115,96841,3.942031938938086,0.18537462170300167
723,0.0857,45,349,45,180393,425217,11160,96796,3.9387991403905294,0.18542833224459926
724,0.0858,30,366,30,180759,424851,11190,96766,3.935408870280485,0.1855115918384562
725,0.0859,34,351,34,181110,424500,11224,96732,3.9321575456667532,0.18558338705221475
726,0.086,34,362,34,181472,424138,11258,96698,3.9288043276890585,0.18565920942484773
727,0.0861,32,383,32,181855,423755,11290,96666,3.925256586016525,0.18574577121215324
728,0.0862,41,376,41,182231,423379,11331,96625,3.9217736855756047,0.1858158783393974
729,0.0863,38,352,38,182583,423027,11369,96587,3.918513097928786,0.1858822125654813
730,0.0864,28,387,28,182970,422640,11397,96559,3.9149283041239022,0.18597686051013196
731,0.0865,30,380,30,183350,422260,11427,96529,3.911408351550632,0.1860660114227557
732,0.0866,36,371,36,183721,421889,11463,96493,3.907971766275149,0.18614265155811738
733,0.0867,35,380,35,184101,421509,11498,96458,3.9044518137018787,0.18622421891742139
734,0.0868,34,387,34,184488,421122,11532,96424,3.900867019896995,0.18631000915860618
735,0.0869,37,375,37,184863,420747,11569,96387,3.8973933824891622,0.18638689391917762
736,0.087,34,368,34,185231,420379,11603,96353,3.8939845863129423,0.1864660984804502
737,0.0871,36,371,36,185602,420008,11639,96317,3.89054800103746,0.18654335931825886
738,0.0872,36,357,36,185959,419651,11675,96281,3.887241098225203,0.18661567803508988
739,0.0873,24,376,24,186335,419275,11699,96257,3.8837581977842826,0.1867139188256015
740,0.0874,33,371,33,186706,418904,11732,96224,3.8803216125088,0.18679629140718423
741,0.0875,26,438,26,187144,418466,11758,96198,3.8762644040164513,0.18691418090249173
742,0.0876,25,385,25,187529,418081,11783,96173,3.8726981362777426,0.18701458812182306
743,0.0877,27,389,27,187918,417692,11810,96146,3.869094816406684,0.1871134482074117
744,0.0878,27,345,27,188263,417347,11837,96119,3.865899069991478,0.18719642585877155
745,0.0879,44,365,44,188628,416982,11881,96075,3.862518062914521,0.18725989509937493
746,0.088,36,400,36,189028,416582,11917,96039,3.858812849679499,0.1873489381043695
747,0.0881,36,389,36,189417,416193,11953,96003,3.8552095298084406,0.18743410725581613
748,0.0882,25,371,25,189788,415822,11978,95978,3.851772944532958,0.1875302852676827
749,0.0883,40,378,40,190166,415444,12018,95938,3.848271518025862,0.18760535177225635
750,0.0884,36,402,36,190568,415042,12054,95902,3.8445477787246656,0.18769571616458947
751,0.0885,32,328,32,190896,414714,12086,95870,3.841509503871948,0.18776538238566035
752,0.0886,29,413,29,191309,414301,12115,95841,3.8376838712067878,0.1878712201700703
753,0.0887,26,341,26,191650,413960,12141,95815,3.834525176923932,0.18795547055073317
754,0.0888,30,367,30,192017,413593,12171,95785,3.8311256437807995,0.18804306428624715
755,0.0889,37,379,37,192396,413214,12208,95748,3.8276149542406164,0.18812406427198888
756,0.089,26,390,26,192786,412824,12234,95722,3.8240023713364706,0.18822682707169067
757,0.0891,28,379,28,193165,412445,12262,95694,3.8204916817962875,0.18832248656371584
758,0.0892,32,385,32,193550,412060,12294,95662,3.8169254140575792,0.18841413214318073
759,0.0893,44,413,44,193963,411647,12338,95618,3.813099781392419,0.18849713660512749
760,0.0894,26,386,26,194349,411261,12364,95592,3.809524250620623,0.1885990612662843
761,0.0895,38,388,38,194737,410873,12402,95554,3.805930193782652,0.1886826729222573
762,0.0896,41,391,41,195128,410482,12443,95513,3.8023083478454187,0.18876273480963252
763,0.0897,44,391,44,195519,410091,12487,95469,3.798686501908185,0.18883812010443865
764,0.0898,34,360,34,195879,409731,12521,95435,3.7953518099966654,0.1889180982093015
765,0.0899,41,369,41,196248,409362,12562,95394,3.791933750787358,0.1889903240377529
766,0.09,43,374,43,196622,408988,12605,95351,3.7884693764126127,0.18906132581458107
767,0.0901,25,361,25,196983,408627,12630,95326,3.7851254214680057,0.18915652848579134
768,0.0902,24,414,24,197397,408213,12654,95302,3.781290525769758,0.18927340794216657
769,0.0903,44,372,44,197769,407841,12698,95258,3.777844677461188,0.18934245546105238
770,0.0904,39,363,39,198132,407478,12737,95219,3.7744821964504056,0.1894162885396173
771,0.0905,38,389,38,198521,407089,12775,95181,3.770878876579347,0.1895016624524658
772,0.0906,26,353,26,198874,406736,12801,95155,3.7676090258994406,0.1895929594274454
773,0.0907,45,386,45,199260,406350,12846,95110,3.7640334951276446,0.18966617476967257
774,0.0908,38,356,38,199616,405994,12884,95072,3.760735855348475,0.18973947543836542
775,0.0909,46,368,46,199984,405626,12930,95026,3.757327059172255,0.18980449493860008
776,0.091,35,359,35,200343,405267,12965,94991,3.7540016302938235,0.1898840198457596
777,0.0911,44,365,44,200708,404902,13009,94947,3.750620623216866,0.18995136531232432
778,0.0912,29,357,29,201065,404545,13038,94918,3.7473137204046094,0.19004010307069794
779,0.0913,38,341,38,201406,404204,13076,94880,3.7441550261217533,0.19010827836596644
780,0.0914,50,384,50,201790,403820,13126,94830,3.7405980214161323,0.19017346836458437
781,0.0915,35,429,35,202219,403391,13161,94795,3.736624180221572,0.19028033706286407
782,0.0916,37,357,37,202576,403034,13198,94758,3.733317277409315,0.1903566148110054
783,0.0917,35,378,35,202954,402656,13233,94723,3.7298158509022192,0.19044430906813517
784,0.0918,29,349,29,203303,402307,13262,94694,3.726583052354663,0.19053080376095824
785,0.0919,44,351,44,203654,401956,13306,94650,3.7233317277409315,0.1905937503775629
786,0.092,27,362,27,204016,401594,13333,94623,3.7199785097632367,0.19068875109075265
787,0.0921,47,366,47,204382,401228,13380,94576,3.716588239653192,0.19075279747642213
788,0.0922,29,375,29,204757,400853,13409,94547,3.7131146022453594,0.19084981832862333
789,0.0923,31,390,31,205147,400463,13440,94516,3.709502019341213,0.19094951502993057
790,0.0924,39,385,39,205532,400078,13479,94477,3.705935751602505,0.19103436422642578
791,0.0925,45,396,45,205928,399682,13524,94432,3.7022675904998334,0.19111379155417577
792,0.0926,47,388,47,206316,399294,13571,94385,3.698673533661862,0.19118698587543728
793,0.0927,37,382,37,206698,398912,13608,94348,3.6951350550224165,0.1912743786238495
794,0.0928,44,431,44,207129,398481,13652,94304,3.6911426877616806,0.19136946132694785
795,0.0929,37,358,37,207487,398123,13689,94267,3.687826521916336,0.1914478360649079
796,0.093,30,358,30,207845,397765,13719,94237,3.6845103560709918,0.1915378392770761
797,0.0931,40,392,40,208237,397373,13759,94197,3.6808792471006706,0.1916247940273003
798,0.0932,38,402,38,208639,396971,13797,94159,3.677155507799474,0.1917190967768208
799,0.0933,33,356,33,208995,396615,13830,94126,3.6738578680203045,0.1918038231979802
800,0.0934,28,327,28,209322,396288,13858,94098,3.6708288562006746,0.19188557585249172
801,0.0935,41,357,41,209679,395931,13899,94057,3.6675219533884174,0.19195776223091177
802,0.0936,45,372,45,210051,395559,13944,94012,3.664076105079847,0.19202934814357878
803,0.0937,45,386,45,210437,395173,13989,93967,3.6605005743080516,0.19210655436071472
804,0.0938,39,369,39,210806,394804,14028,93928,3.657082515098744,0.19218712914235206
805,0.0939,30,332,30,211138,394472,14058,93898,3.6540071881136758,0.19226815733972194
806,0.094,34,384,34,211522,394088,14092,93864,3.650450183408055,0.1923631832639276
807,0.0941,44,369,44,211891,393719,14136,93820,3.6470321241987476,0.19243588718030763
808,0.0942,31,364,31,212255,393355,14167,93789,3.643660380154878,0.19252828732366611
809,0.0943,50,402,50,212657,392953,14217,93739,3.6399366408536813,0.19260435758138617
810,0.0944,35,353,35,213010,392600,14252,93704,3.6366667901737744,0.19268605645851156
811,0.0945,35,421,35,213431,392179,14287,93669,3.632767053243914,0.19279486588398018
812,0.0946,38,316,38,213747,391863,14325,93631,3.629839934788247,0.19285717228225271
813,0.0947,38,378,38,214125,391485,14363,93593,3.6263385082811515,0.19294422752629475
814,0.0948,48,375,48,214500,391110,14411,93545,3.6228648708733187,0.19301358698455603
815,0.0949,33,351,33,214851,390759,14444,93512,3.619613546259587,0.1930984923730721
816,0.095,40,398,40,215249,390361,14484,93472,3.6159268590907407,0.1931906256910959
817,0.0951,36,378,36,215627,389983,14520,93436,3.6124254325836453,0.1932816045707761
818,0.0952,44,370,44,215997,389613,14564,93392,3.60899811034125,0.19335617643709693
819,0.0953,34,356,34,216353,389257,14598,93358,3.605700470562081,0.1934419775597526
820,0.0954,37,368,37,216721,388889,14635,93321,3.602291674385861,0.19352771614027084
821,0.0955,47,402,47,217123,388487,14682,93274,3.598567935084664,0.19361052472076404
822,0.0956,54,355,54,217478,388132,14736,93220,3.5952795583385826,0.19366284964018016
823,0.0957,32,378,32,217856,387754,14768,93188,3.5917781318314868,0.19376140989973842
824,0.0958,45,344,45,218200,387410,14813,93143,3.588591648449368,0.1938246145586439
825,0.0959,34,346,34,218546,387064,14847,93109,3.5853866390010745,0.19390719594812703
826,0.096,26,392,26,218938,386672,14873,93083,3.5817555300307533,0.1940219487029838
827,0.0961,26,341,26,219279,386331,14899,93057,3.578596835747897,0.194116248216476
828,0.0962,37,401,37,219680,385930,14936,93020,3.5748823594797883,0.19421651529387202
829,0.0963,34,392,34,220072,385538,14970,92986,3.5712512505094667,0.19431836229739782
830,0.0964,39,373,39,220445,385165,15009,92947,3.5677961391678092,0.1944042400107088
831,0.0965,32,360,32,220805,384805,15041,92915,3.5644614472562894,0.19449677635434984
832,0.0966,37,376,37,221181,384429,15078,92878,3.5609785468153694,0.1945875505701781
833,0.0967,47,370,47,221551,384059,15125,92831,3.557551224572974,0.19465914571494475
834,0.0968,36,373,36,221924,383686,15161,92795,3.5540961132313162,0.19475068260854053
835,0.0969,38,391,38,222315,383295,15199,92757,3.5504742672940828,0.1948463613218724
836,0.097,33,374,33,222689,382921,15232,92724,3.5470098929193377,0.19494370801753408
837,0.0971,33,392,33,223081,382529,15265,92691,3.543378783949016,0.19504860906527502
838,0.0972,36,375,36,223456,382154,15301,92655,3.5399051465411833,0.19514162536935906
839,0.0973,46,364,46,223820,381790,15347,92609,3.5365334024973136,0.19521331200107925
840,0.0974,35,356,35,224176,381434,15382,92574,3.5332357627181445,0.19530050125736276
841,0.0975,46,361,46,224537,381073,15428,92528,3.5298918077735375,0.19537120909795377
842,0.0976,39,343,39,224880,380730,15467,92489,3.5267145874245065,0.19544650574047112
843,0.0977,45,367,45,225247,380363,15512,92444,3.523315054281374,0.19552163990803859
844,0.0978,43,385,43,225632,379978,15555,92401,3.5197487865426655,0.19560776410467018
845,0.0979,49,380,49,226012,379598,15604,92352,3.516228833969395,0.19568174594766394
846,0.098,45,351,45,226363,379247,15649,92307,3.512977509355663,0.19575064573728565
847,0.0981,33,367,33,226730,378880,15682,92274,3.509577976212531,0.19584679319288387
848,0.0982,42,379,42,227109,378501,15724,92232,3.506067286672348,0.19593272619510424
849,0.0983,44,372,44,227481,378129,15768,92188,3.5026214383637777,0.1960124766912529
850,0.0984,34,407,34,227888,377722,15802,92154,3.498851383897143,0.19612408380083257
851,0.0985,38,378,38,228266,377344,15840,92116,3.4953499573900477,0.19621693008989052
852,0.0986,39,385,39,228651,376959,15879,92077,3.4917836896513395,0.1963111573525273
853,0.0987,44,390,44,229041,376569,15923,92033,3.488171106747193,0.19639907640172258
854,0.0988,35,382,35,229423,376187,15958,91998,3.4846326281077475,0.1964992470924955
855,0.0989,33,372,33,229795,375815,15991,91965,3.4811867797991773,0.19659882850912822
856,0.099,53,374,53,230169,375441,16044,91912,3.4777224054244322,0.1966650476192514
857,0.0991,39,370,39,230539,375071,16083,91873,3.474295083182037,0.19675378632127194
858,0.0992,38,365,38,230904,374706,16121,91835,3.4709140761050796,0.19684229253163174
859,0.0993,52,398,52,231302,374308,16173,91783,3.4672273889362333,0.19692077298210006
860,0.0994,45,312,45,231614,373996,16218,91738,3.4643373226129164,0.19697509737317867
861,0.0995,33,390,33,232004,373606,16251,91705,3.46072473970877,0.19708324110111303
862,0.0996,43,390,43,232394,373216,16294,91662,3.457112156804624,0.19717431240024264
863,0.0997,32,357,32,232751,372859,16326,91630,3.453805253992367,0.19727054892580878
864,0.0998,33,383,33,233134,372476,16359,91597,3.450257512319834,0.19737627485330972
865,0.0999,32,371,32,233505,372105,16391,91565,3.4468209270443513,0.19747881036081696
866,0.1,39,385,39,233890,371720,16430,91526,3.443254659305643,0.1975753703216002
867,0.1001,37,372,37,234262,371348,16467,91489,3.439808810997073,0.19767002205960196
868,0.1002,37,361,37,234623,370987,16504,91452,3.4364648560524658,0.19776013701266545
869,0.1003,52,401,52,235024,370586,16556,91400,3.4327503797843564,0.1978414930322564
870,0.1004,41,366,41,235390,370220,16597,91359,3.429360109674312,0.19792711540169722
871,0.1005,40,349,40,235739,369871,16637,91319,3.426127311126755,0.19800732886662764
872,0.1006,31,342,31,236081,369529,16668,91288,3.422959353810812,0.19810033049995984
873,0.1007,30,329,30,236410,369200,16698,91258,3.4199118159250066,0.19818962858718928
874,0.1008,29,360,29,236770,368840,16727,91229,3.416577124013487,0.19829416891814053
875,0.1009,41,364,41,237134,368476,16768,91188,3.413205379969617,0.19837968603153608
876,0.101,39,368,39,237502,368108,16807,91149,3.4097965837933972,0.1984705731213678
877,0.1011,37,366,37,237868,367742,16844,91112,3.4064063136833527,0.19856424919473298
878,0.1012,52,327,52,238195,367415,16896,91060,3.4033773018637223,0.19861497355362887
879,0.1013,54,377,54,238572,367038,16950,91006,3.399885138389714,0.19868396922566392
880,0.1014,46,344,46,238916,366694,16996,90960,3.3966986550075955,0.19875276955953625
881,0.1015,43,359,43,239275,366335,17039,90917,3.393373226129164,0.1988334660099901
882,0.1016,39,392,39,239667,365943,17078,90878,3.3897421171588427,0.1989356881579437
883,0.1017,34,370,34,240037,365573,17112,90844,3.3863147949164474,0.19903728388732234
884,0.1018,49,433,49,240470,365140,17161,90795,3.3823039015895366,0.19914022832201958
885,0.1019,40,354,40,240824,364786,17201,90755,3.3790247878765425,0.19922465815371174
886,0.102,52,359,52,241183,364427,17253,90703,3.3756993589981104,0.1992903126579219
887,0.1021,40,378,40,241561,364049,17293,90663,3.372197932491015,0.19938554513626208
888,0.1022,37,375,37,241936,363674,17330,90626,3.368724295083182,0.19948492185780323
889,0.1023,48,369,48,242305,363305,17378,90578,3.3653062358738746,0.199562442303413
890,0.1024,44,353,44,242658,362952,17422,90534,3.362036385193968,0.1996401211944801
891,0.1025,34,362,34,243020,362590,17456,90500,3.3586831672162734,0.19973956609062218
892,0.1026,47,335,47,243355,362255,17503,90453,3.3555800511319425,0.19980428885727666
893,0.1027,49,376,49,243731,361879,17552,90404,3.3520971506910224,0.19988370113402448
894,0.1028,44,444,44,244175,361435,17596,90360,3.347984364000148,0.2000022133932425
895,0.1029,34,394,34,244569,361041,17630,90326,3.344334728963652,0.20011653488181458
896,0.103,42,387,42,244956,360654,17672,90284,3.3407499351587684,0.2002137766167411
897,0.1031,48,373,48,245329,360281,17720,90236,3.3372948238171105,0.20029432851590506
898,0.1032,48,393,48,245722,359888,17768,90188,3.3336544518137017,0.20038393515761782
899,0.1033,49,404,49,246126,359484,17817,90139,3.32991218644633,0.20047684393369555
900,0.1034,35,344,35,246470,359140,17852,90104,3.3267257030642114,0.20056806546108574
901,0.1035,33,338,33,246808,358802,17885,90071,3.323594797880618,0.2006603204024301
902,0.1036,29,369,29,247177,358433,17914,90042,3.3201767386713104,0.2007737332069792
903,0.1037,41,357,41,247534,358076,17955,90001,3.3168698358590536,0.20086056637586844
904,0.1038,45,397,45,247931,357679,18000,89956,3.3131924117232945,0.20095837010064002
905,0.1039,44,380,44,248311,357299,18044,89912,3.309672459150024,0.20105051083269418
906,0.104,29,360,29,248671,356939,18073,89883,3.3063377672385044,0.20116064115016719
907,0.1041,39,362,39,249033,356577,18112,89844,3.30298454926081,0.20125397326738662
908,0.1042,37,367,37,249400,356210,18149,89807,3.2995850161176774,0.20135331164507184
909,0.1043,44,382,44,249782,355828,18193,89763,3.2960465374782317,0.20144706692908967
910,0.1044,44,346,44,250128,355482,18237,89719,3.292841528029938,0.20152470457164293
911,0.1045,42,403,42,250531,355079,18279,89677,3.289108525695654,0.20163190603387027
912,0.1046,49,368,49,250899,354711,18328,89628,3.285699729519434,0.2017108559005624
913,0.1047,51,354,51,251253,354357,18379,89577,3.2824206158064397,0.2017799943234805
914,0.1048,37,356,37,251609,354001,18416,89540,3.27912297602727,0.20187536214239496
915,0.1049,41,366,41,251975,353635,18457,89499,3.2757327059172257,0.20196825339513555
916,0.105,41,362,41,252337,353273,18498,89458,3.272379487939531,0.2020594898482374
917,0.1051,41,357,41,252694,352916,18539,89417,3.269072585127274,0.2021486074970667
918,0.1052,49,365,49,253059,352551,18588,89368,3.265691578050317,0.20222710496719987
919,0.1053,39,368,39,253427,352183,18627,89329,3.262282781874097,0.20232519161427095
920,0.1054,47,386,47,253813,351797,18674,89282,3.258707251102301,0.20241725405199523
921,0.1055,39,343,39,254156,351454,18713,89243,3.25553003075327,0.20250421491410198
922,0.1056,51,388,51,254544,351066,18764,89192,3.2519359739152986,0.202590299324487
923,0.1057,64,348,64,254892,350718,18828,89128,3.24871243840083,0.20263455845909706
924,0.1058,39,380,39,255272,350338,18867,89089,3.2451924858275594,0.20273902149845138
925,0.1059,37,386,37,255658,349952,18904,89052,3.2416169550557634,0.2028500879263059
926,0.106,37,333,37,255991,349619,18941,89015,3.238532365037608,0.2029368448410292
927,0.1061,49,363,49,256354,349256,18990,88966,3.235169884026826,0.20301582303033622
928,0.1062,47,355,47,256709,348901,19037,88919,3.231881507280744,0.2030948791740898
929,0.1063,31,343,31,257052,348558,19068,88888,3.228704286931713,0.20319765182445376
930,0.1064,48,365,48,257417,348193,19116,88840,3.2253232798547558,0.20327984385618478
931,0.1065,40,381,40,257798,347812,19156,88800,3.2217940642483973,0.20338424046979928
932,0.1066,61,372,61,258170,347440,19217,88739,3.218348215939827,0.2034462915454435
933,0.1067,42,356,42,258526,347084,19259,88697,3.215050576160658,0.20353572092404212
934,0.1068,43,381,43,258907,346703,19302,88654,3.2115213605543,0.20363517756691635
935,0.1069,49,363,49,259270,346340,19351,88605,3.2081588795435176,0.20371541229350837
936,0.107,37,345,37,259615,345995,19388,88568,3.2049631331283117,0.20380934409970475
937,0.1071,33,348,33,259963,345647,19421,88535,3.2017395976138427,0.2039121842913801
938,0.1072,30,397,30,260360,345250,19451,88505,3.1980621734780836,0.20404375742066375
939,0.1073,59,371,59,260731,344879,19510,88446,3.194625588202601,0.20411007903998155
940,0.1074,51,384,51,261115,344495,19561,88395,3.19106858349698,0.20419737115664488
941,0.1075,42,383,42,261498,344112,19603,88353,3.187520841824447,0.2043009260865041
942,0.1076,49,362,49,261860,343750,19652,88304,3.1841676238467524,0.20438185967494804
943,0.1077,42,338,42,262198,343412,19694,88262,3.181036718663159,0.20446448014010574
944,0.1078,40,369,40,262567,343043,19734,88222,3.1776186594538514,0.20456563829663896
945,0.1079,49,356,49,262923,342687,19783,88173,3.1743210196746823,0.20464419997214872
946,0.108,45,349,45,263272,342338,19828,88128,3.171088221127126,0.20472697030659798
947,0.1081,50,374,50,263646,341964,19878,88078,3.1676238467523805,0.20481255319247887
948,0.1082,40,361,40,264007,341603,19918,88038,3.1642798918077735,0.20491061141743921
949,0.1083,40,388,40,264395,341215,19958,87998,3.1606858349698026,0.2050217491082516
950,0.1084,32,372,32,264767,340843,19990,87966,3.1572399866612324,0.20514028390262332
951,0.1085,42,366,42,265133,340477,20032,87924,3.1538497165511874,0.20523761615869243
952,0.1086,35,391,35,265524,340086,20067,87889,3.150227870613954,0.20536012617559438
953,0.1087,33,366,33,265890,339720,20100,87856,3.146837600503909,0.20547458229648063
954,0.1088,49,374,49,266264,339346,20149,87807,3.143373226129164,0.20556334615465652
955,0.1089,37,339,37,266603,339007,20186,87770,3.140233057912483,0.2056577556897396
956,0.109,52,366,52,266969,338641,20238,87718,3.136842787802438,0.2057374184665974
957,0.1091,38,380,38,267349,338261,20276,87680,3.1333228352291673,0.20585010600059633
958,0.1092,43,351,43,267700,337910,20319,87637,3.1300715106154358,0.20593964943942739
959,0.1093,36,333,36,268033,337577,20355,87601,3.1269869205972802,0.20603370823513917
960,0.1094,40,353,40,268386,337224,20395,87561,3.1237170699173737,0.20613015996327555
961,0.1095,62,349,62,268735,336875,20457,87499,3.1204842713698175,0.2061836964564276
962,0.1096,38,371,38,269106,336504,20495,87461,3.1170476860943346,0.20629297229724153
963,0.1097,37,339,37,269445,336165,20532,87424,3.113907517877654,0.20638874002865987
964,0.1098,41,411,41,269856,335754,20573,87383,3.110100411278669,0.20651231161538697
965,0.1099,42,358,42,270214,335396,20615,87341,3.1067842454333245,0.20660836406560107
966,0.11,39,373,39,270587,335023,20654,87302,3.103329134091667,0.20671757532705853
967,0.1101,49,376,49,270963,334647,20703,87253,3.0998462336507466,0.2068096705380422
968,0.1102,49,383,49,271346,334264,20752,87204,3.0962984919782133,0.20690538783490087
969,0.1103,53,356,53,271702,333908,20805,87151,3.093000852199044,0.2069804944200219
970,0.1104,41,345,41,272047,333563,20846,87110,3.089805105783838,0.2070729521504827
971,0.1105,39,373,39,272420,333190,20885,87071,3.08634999444218,0.2071831552297263
972,0.1106,49,360,49,272780,332830,20934,87022,3.0830153025306606,0.20726827548755275
973,0.1107,56,349,56,273129,332481,20990,86966,3.0797825039831044,0.20733489570792019
974,0.1108,36,354,36,273483,332127,21026,86930,3.07650339027011,0.20744194703823107
975,0.1109,51,349,51,273832,331778,21077,86879,3.0732705917225536,0.20751832645817458
976,0.111,35,350,35,274182,331428,21112,86844,3.0700285301419097,0.20762565985770026
977,0.1111,40,386,40,274568,331042,21152,86804,3.0664529993701137,0.20774160815228576
978,0.1112,47,362,47,274930,330680,21199,86757,3.063099781392419,0.20783255916461646
979,0.1113,45,390,45,275320,330290,21244,86712,3.059487198488273,0.2079414487220685
980,0.1114,48,356,48,275676,329934,21292,86664,3.0561895587091037,0.2080278829951176
981,0.1115,59,339,59,276015,329595,21351,86605,3.053049390492423,0.20808505526189333
982,0.1116,42,382,42,276397,329213,21393,86563,3.0495109118529773,0.20819624028322944
983,0.1117,39,324,39,276721,328889,21432,86524,3.0465096891326096,0.20828428575899166
984,0.1118,49,374,49,277095,328515,21481,86475,3.0430453147578644,0.20837851514494324
985,0.1119,51,380,51,277475,328135,21532,86424,3.0395253621845937,0.20847213544996007
986,0.112,43,357,43,277832,327778,21575,86381,3.036218459372337,0.20856965561535545
987,0.1121,51,375,51,278207,327403,21626,86330,3.032744821964504,0.20866114136411648
988,0.1122,39,362,39,278569,327041,21665,86291,3.0293916039868094,0.20876922183619948
989,0.1123,55,405,55,278974,326636,21720,86236,3.02564007558635,0.20886860818849426
990,0.1124,47,357,47,279331,326279,21767,86189,3.022333172774093,0.20895924047441256
991,0.1125,42,356,42,279687,325923,21809,86147,3.019035532994924,0.20905914043730434
992,0.1126,40,375,40,280062,325548,21849,86107,3.015561895587091,0.20917272959152688
993,0.1127,64,373,64,280435,325175,21913,86043,3.012106784245433,0.2092393815445822
994,0.1128,45,373,45,280808,324802,21958,85998,3.0086516729037758,0.2093427458617332
995,0.1129,61,360,61,281168,324442,22019,85937,3.005316980992256,0.20940886351397123
996,0.113,47,365,47,281533,324077,22066,85890,3.0019359739152986,0.20950466744884344
997,0.1131,53,384,53,281917,323693,22119,85837,2.998378969209678,0.20959880839010572
998,0.1132,40,361,40,282278,323332,22159,85797,2.995035014265071,0.20970647399719894
999,0.1133,49,341,49,282619,322991,22208,85748,2.991876319982215,0.20978668539092182
1000,0.1134,48,387,48,283006,322604,22256,85700,2.9882915261773313,0.20989262902151337
1001,0.1135,43,326,43,283332,322278,22299,85657,2.9852717773907886,0.20997707968181206
1002,0.1136,59,366,59,283698,321912,22358,85598,2.981881507280744,0.2100512870849795
1003,0.1137,37,343,37,284041,321569,22395,85561,2.978704286931713,0.21015646108122712
1004,0.1138,38,348,38,284389,321221,22433,85523,2.975480751417244,0.21026247467694667
1005,0.1139,48,294,48,284683,320927,22481,85475,2.9727574196895032,0.21032130747388053
1006,0.114,38,340,38,285023,320587,22519,85437,2.969607988439735,0.21042352176226037
1007,0.1141,42,389,42,285412,320198,22561,85395,2.9660046685686763,0.2105435744699736
1008,0.1142,60,349,60,285761,319849,22621,85335,2.9627718700211196,0.2106080200600221
1009,0.1143,45,374,45,286135,319475,22666,85290,2.9593074956463745,0.21071485923931169
1010,0.1144,46,349,46,286484,319126,22712,85244,2.956074697098818,0.21080693424339095
1011,0.1145,46,354,46,286838,318772,22758,85198,2.9527955833858237,0.21090179963858702
1012,0.1146,42,349,42,287187,318423,22800,85156,2.9495627848382675,0.21100205907641378
1013,0.1147,38,346,38,287533,318077,22838,85118,2.946357775389974,0.21110876870992945
1014,0.1148,35,344,35,287877,317733,22873,85083,2.943171292007855,0.21122050762631078
1015,0.1149,52,361,52,288238,317372,22925,85031,2.939827337063248,0.21130806678876649
1016,0.115,37,340,37,288578,317032,22962,84994,2.9366779058134798,0.21141418714212515
1017,0.1151,43,345,43,288923,316687,23005,84951,2.9334821593982734,0.2115113609768
1018,0.1152,37,335,37,289258,316352,23042,84914,2.9303790433139425,0.2116152377724502
1019,0.1153,38,359,38,289617,315993,23080,84876,2.927053614435511,0.21173001653906887
1020,0.1154,49,365,49,289982,315628,23129,84827,2.9236726073585535,0.21182654730244346
1021,0.1155,57,347,57,290329,315281,23186,84770,2.920458334877172,0.21189798300716658
1022,0.1156,39,385,39,290714,314896,23225,84731,2.916892067138464,0.21202521351159956
1023,0.1157,40,306,40,291020,314590,23265,84691,2.9140575790136722,0.21210876550599703
1024,0.1158,41,372,41,291392,314218,23306,84650,2.910611730705102,0.21222559844359537
1025,0.1159,47,376,47,291768,313842,23353,84603,2.9071288302641816,0.21233294432104807
1026,0.116,42,324,42,292092,313518,23395,84561,2.9041276075438143,0.21242265982380382
1027,0.1161,55,353,55,292445,313165,23450,84506,2.9008577568639073,0.21250229461036887
1028,0.1162,41,366,41,292811,312799,23491,84465,2.897467486753863,0.21261679890450683
1029,0.1163,44,307,44,293118,312492,23535,84421,2.8946237355959834,0.21269396568013646
1030,0.1164,43,357,43,293475,312135,23578,84378,2.8913168327837266,0.2128000847387097
1031,0.1165,63,382,63,293857,311753,23641,84315,2.887778354144281,0.21288011149600575
1032,0.1166,48,328,48,294185,311425,23689,84267,2.8847400792915634,0.2129610909495264
1033,0.1167,38,351,38,294536,311074,23727,84229,2.881488754677832,0.21307452764082235
1034,0.1168,45,347,45,294883,310727,23772,84184,2.8782744821964505,0.21317208181083838
1035,0.1169,44,370,44,295253,310357,23816,84140,2.8748471599540553,0.21328425818193802
1036,0.117,42,327,42,295580,310030,23858,84098,2.871818148134425,0.21337737993748224
1037,0.1171,52,380,52,295960,309650,23910,84046,2.8682981955611546,0.21347943590994067
1038,0.1172,33,358,33,296318,309292,23943,84013,2.86498202971581,0.21360775988100839
1039,0.1173,40,341,40,296659,308951,23983,83973,2.861823335432954,0.2137130844641712
1040,0.1174,43,367,43,297026,308584,24026,83930,2.858423802289822,0.21382676796241662
1041,0.1175,49,308,49,297334,308276,24075,83881,2.8555707880988552,0.2138964751362337
1042,0.1176,50,354,50,297688,307922,24125,83831,2.852291674385861,0.2139894270114077
1043,0.1177,43,372,43,298060,307550,24168,83788,2.848845826077291,0.21410647573197594
1044,0.1178,38,373,38,298433,307177,24206,83750,2.845390714735633,0.2142343711229974
1045,0.1179,55,386,55,298819,306791,24261,83695,2.841815183963837,0.2143354691333364
1046,0.118,50,354,50,299173,306437,24311,83645,2.838536070250843,0.21442927384498645
1047,0.1181,41,311,41,299484,306126,24352,83604,2.8356552669606137,0.21451774305288276
1048,0.1182,50,351,50,299835,305775,24402,83554,2.832403942346882,0.2146102653539808
1049,0.1183,44,346,44,300181,305429,24446,83510,2.8291989328985885,0.21471233278226148
1050,0.1184,46,345,46,300526,305084,24492,83464,2.826003186483382,0.21481001060358051
1051,0.1185,54,343,54,300869,304741,24546,83410,2.822825966134351,0.21489059670076852
1052,0.1186,43,337,43,301206,304404,24589,83367,2.8197043239838453,0.21499029066124078
1053,0.1187,53,340,53,301546,304064,24642,83314,2.816554892734077,0.21507158382768252
1054,0.1188,38,370,38,301916,303694,24680,83276,2.8131275704916816,0.21520014471406052
1055,0.1189,51,326,51,302242,303368,24731,83225,2.810107821705139,0.2152780831520488
1056,0.119,38,355,38,302597,303013,24769,83187,2.8068194449590576,0.21539875712066286
1057,0.1191,47,399,47,302996,302614,24816,83140,2.803123494757123,0.21552595695702442
1058,0.1192,54,317,54,303313,302297,24870,83086,2.8001871132683687,0.21559331885423072
1059,0.1193,60,350,60,303663,301947,24930,83026,2.796945051687725,0.2156670727557517
1060,0.1194,50,309,50,303972,301638,24980,82976,2.7940827744636705,0.21573837665815596
1061,0.1195,47,316,47,304288,301322,25027,82929,2.7911556560080033,0.21581986774269943
1062,0.1196,43,343,43,304631,300979,25070,82886,2.7879784356589723,0.2159248694202389
1063,0.1197,45,355,45,304986,300624,25115,82841,2.7846900589128905,0.21603275396711563
1064,0.1198,56,311,56,305297,300313,25171,82785,2.7818092556226612,0.21609353220324826
1065,0.1199,44,323,44,305620,299990,25215,82741,2.778817295935381,0.21618578061353796
1066,0.12,49,401,49,306021,299589,25264,82692,2.775102819667272,0.21631208456606527
1067,0.1201,41,348,41,306369,299241,25305,82651,2.771879284152803,0.21642506258313868
1068,0.1202,53,359,53,306728,298882,25358,82598,2.768553855274371,0.2165198699800776
1069,0.1203,60,357,60,307085,298525,25418,82538,2.7652469524621144,0.21659935496230281
1070,0.1204,35,356,35,307441,298169,25453,82503,2.761949312682945,0.21672988819771352
1071,0.1205,49,317,49,307758,297852,25502,82454,2.7590129311941904,0.216809621725663
1072,0.1206,50,335,50,308093,297517,25552,82404,2.7559098151098596,0.21689772347409067
1073,0.1207,37,360,37,308453,297157,25589,82367,2.75257512319834,0.21702711817961445
1074,0.1208,59,319,59,308772,296838,25648,82308,2.7496202156434104,0.21708787643810037
1075,0.1209,43,345,43,309117,296493,25691,82265,2.746424469228204,0.21719673247825788
1076,0.121,54,328,54,309445,296165,25745,82211,2.7433861943754865,0.21727329428927838
1077,0.1211,59,308,59,309753,295857,25804,82152,2.7405331801845194,0.21732815885336063
1078,0.1212,55,355,55,310108,295502,25859,82097,2.737244803438438,0.21741847833283456
1079,0.1213,38,322,38,310430,295180,25897,82059,2.7342621067842456,0.21752522936387808
1080,0.1214,42,335,42,310765,294845,25939,82017,2.7311589906999147,0.21763138761668727
1081,0.1215,49,325,49,311090,294520,25988,81968,2.7281485049464598,0.2177174305688362
1082,0.1216,47,349,47,311439,294171,26035,81921,2.724915706398903,0.21782170320028077
1083,0.1217,38,310,38,311749,293861,26073,81883,2.7220441661417616,0.21792230880599558
1084,0.1218,46,339,46,312088,293522,26119,81837,2.7189039979250804,0.21802327904752516
1085,0.1219,41,343,41,312431,293179,26160,81796,2.7157267775760494,0.2181372091472765
1086,0.122,40,354,40,312785,292825,26200,81756,2.7124476638630552,0.21825986902699282
1087,0.1221,37,300,37,313085,292525,26237,81719,2.709668753936789,0.21835754213828412
1088,0.1222,50,346,50,313431,292179,26287,81669,2.706463744488495,0.21845509404891827
1089,0.1223,47,284,47,313715,291895,26334,81622,2.7038330430916298,0.21852285170420624
1090,0.1224,40,296,40,314011,291599,26374,81582,2.701091185297714,0.21861241595901185
1091,0.1225,59,306,59,314317,291293,26433,81523,2.6982566971729223,0.21866819020642891
1092,0.1226,51,327,51,314644,290966,26484,81472,2.695227685353292,0.21875318845015815
1093,0.1227,49,361,49,315005,290605,26533,81423,2.691883730408685,0.21886255873213845
1094,0.1228,57,313,57,315318,290292,26590,81366,2.6889844010522808,0.21892707812020729
1095,0.1229,48,313,48,315631,289979,26638,81318,2.686085071695876,0.2190106572366596
1096,0.123,62,360,62,315991,289619,26700,81256,2.6827503797843564,0.21909268621503203
1097,0.1231,54,354,54,316345,289265,26754,81202,2.679471266071362,0.21918821379502088
1098,0.1232,43,362,43,316707,288903,26797,81159,2.676118048093668,0.21931189908718
1099,0.1233,42,352,42,317059,288551,26839,81117,2.6728574604468487,0.2194320309034052
1100,0.1234,43,298,43,317357,288253,26882,81074,2.6700970765867575,0.21951820473455771
1101,0.1235,48,341,48,317698,287912,26930,81026,2.6669383823039015,0.21961955667347902
1102,0.1236,42,300,42,317998,287612,26972,80984,2.6641594723776354,0.21970938371550425
1103,0.1237,44,336,44,318334,287276,27016,80940,2.6610470932602173,0.21981662936971777
1104,0.1238,39,327,39,318661,286949,27055,80901,2.658018081440587,0.21992931901590324
1105,0.1239,46,337,46,318998,286612,27101,80855,2.654896439290081,0.22003336354012742
1106,0.124,47,348,47,319346,286264,27148,80808,2.651672903775612,0.22014209746316798
1107,0.1241,41,333,41,319679,285931,27189,80767,2.6485883137574566,0.22025481458857152
1108,0.1242,69,383,69,320062,285548,27258,80698,2.6450405720849233,0.220338242601967
1109,0.1243,56,337,56,320399,285211,27314,80642,2.641918929934418,0.22042186342602083
1110,0.1244,41,353,41,320752,284858,27355,80601,2.638649079254511,0.2205473117367475
1111,0.1245,63,347,63,321099,284511,27418,80538,2.6354348067731297,0.2206224369879112
1112,0.1246,53,345,53,321444,284166,27471,80485,2.6322390603579238,0.2207178919021201
1113,0.1247,40,339,40,321783,283827,27511,80445,2.6290988921412426,0.2208377256555541
1114,0.1248,37,334,37,322117,283493,27548,80408,2.62600503909,0.22096119548998217
1115,0.1249,59,357,59,322474,283136,27607,80349,2.6226981362777426,0.22105176279626396
1116,0.125,48,346,48,322820,282790,27655,80301,2.619493126829449,0.22115943386093292
1117,0.1251,48,325,48,323145,282465,27703,80253,2.616482641075994,0.22125452831125006
1118,0.1252,42,308,42,323453,282157,27745,80211,2.6136296268850274,0.221352326916284
1119,0.1253,36,346,36,323799,281811,27781,80175,2.6104246174367334,0.22148646632742702
1120,0.1254,56,337,56,324136,281474,27837,80119,2.6073029752862276,0.2215723202606245
1121,0.1255,46,346,46,324482,281128,27883,80073,2.604097965837934,0.2216854327645826
1122,0.1256,54,345,54,324827,280783,27937,80019,2.6009022194227276,0.2217809213917883
1123,0.1257,45,362,45,325189,280421,27982,79974,2.5975490014450333,0.22190651923583846
1124,0.1258,54,363,54,325552,280058,28036,79920,2.594186520434251,0.2220135674957914
1125,0.1259,40,334,40,325886,279724,28076,79880,2.5910926673830077,0.22213323544788155
1126,0.126,49,313,49,326199,279411,28125,79831,2.5881933380266036,0.2222206757561755
1127,0.1261,59,332,59,326531,279079,28184,79772,2.5851180110415353,0.2222983912543089
1128,0.1262,41,357,41,326888,278722,28225,79731,2.5818111082292785,0.22243083472589154
1129,0.1263,41,332,41,327220,278390,28266,79690,2.5787357812442107,0.22254803395889186
1130,0.1264,41,335,41,327555,278055,28307,79649,2.5756326651598798,0.22266734506743005
1131,0.1265,38,323,38,327878,277732,28345,79611,2.5726407054726,0.2227859507531979
1132,0.1266,41,328,41,328206,277404,28386,79570,2.569602430619882,0.22290138777614055
1133,0.1267,52,314,52,328520,277090,28438,79518,2.5666938382303903,0.22298434134960518
1134,0.1268,53,311,53,328831,276779,28491,79465,2.5638130349401607,0.22306340598017088
1135,0.1269,47,390,47,329221,276389,28538,79418,2.560200452036015,0.22320527701815873
1136,0.127,51,309,51,329530,276080,28589,79367,2.5573381748119606,0.22328786007477908
1137,0.1271,48,304,48,329834,275776,28637,79319,2.554522212753344,0.2233740266689196
1138,0.1272,47,345,47,330179,275431,28684,79272,2.551326466338138,0.2234883832389351
1139,0.1273,47,328,47,330507,275103,28731,79225,2.54828819148542,0.223592264794202
1140,0.1274,66,322,66,330829,274781,28797,79159,2.5453054948312275,0.2236509012827033
1141,0.1275,49,323,49,331152,274458,28846,79110,2.5423135351439474,0.22374762421938638
1142,0.1276,33,290,33,331442,274168,28879,79077,2.539627255548557,0.2238587948874011
1143,0.1277,46,295,46,331737,273873,28925,79031,2.5368946607877283,0.2239447555142475
1144,0.1278,34,316,34,332053,273557,28959,78997,2.533967542332061,0.2240706388241234
1145,0.1279,51,345,51,332398,273212,29010,78946,2.530771795916855,0.22417778383566467
1146,0.128,49,327,49,332725,272885,29059,78897,2.527742784097225,0.22427810405307833
1147,0.1281,41,335,41,333060,272550,29100,78856,2.524639668012894,0.22440140464306244
1148,0.1282,44,314,44,333374,272236,29144,78812,2.521731075623402,0.22450491100932066
1149,0.1283,40,327,40,333701,271909,29184,78772,2.518702063803772,0.22462579951579925
1150,0.1284,50,302,50,334003,271607,29234,78722,2.5159046278113304,0.22470877375267248
1151,0.1285,41,343,41,334346,271264,29275,78681,2.5127274074622994,0.22483818885824916
1152,0.1286,54,319,54,334665,270945,29329,78627,2.5097724999073696,0.2249236208849679
1153,0.1287,43,309,43,334974,270636,29372,78584,2.5069102226833153,0.2250272034820457
1154,0.1288,49,315,49,335289,270321,29421,78535,2.503992367260736,0.22512154011970556
1155,0.1289,66,293,66,335582,270028,29487,78469,2.5012782985660826,0.22516406167054523
1156,0.129,53,312,53,335894,269716,29540,78416,2.4983882322427657,0.22524789447680765
1157,0.1291,45,326,45,336220,269390,29585,78371,2.495368483456223,0.22535879526456387
1158,0.1292,37,319,37,336539,269071,29622,78334,2.4924135759012933,0.22548322563002834
1159,0.1293,51,310,51,336849,268761,29673,78283,2.4895420356441513,0.22557082099099826
1160,0.1294,42,290,42,337139,268471,29715,78241,2.4868557560487607,0.22566568218002261
1161,0.1295,49,325,49,337464,268146,29764,78192,2.4838452702953053,0.2257678914817317
1162,0.1296,52,311,52,337775,267835,29816,78140,2.480964467005076,0.2258544692535588
1163,0.1297,50,311,50,338086,267524,29866,78090,2.478083663714847,0.2259457082178384
1164,0.1298,43,316,43,338402,267208,29909,78047,2.4751565452591797,0.22605610345976163
1165,0.1299,57,340,57,338742,266868,29966,77990,2.4720071140094113,0.2261510534770833
1166,0.13,33,287,33,339029,266581,29999,77957,2.4693486235132833,0.226265317613732
1167,0.1301,43,300,43,339329,266281,30042,77914,2.466569713587017,0.22636586818518573
1168,0.1302,47,309,47,339638,265972,30089,77867,2.4637074363629625,0.2264635483467553
1169,0.1303,49,286,49,339924,265686,30138,77818,2.461058208899922,0.22654175788345987
1170,0.1304,55,340,55,340264,265346,30193,77763,2.457908777650154,0.22664226237143298
1171,0.1305,51,329,51,340593,265017,30244,77712,2.4548612397643486,0.22674474584876098
1172,0.1306,39,322,39,340915,264695,30283,77673,2.451878543110156,0.22686991774932236
1173,0.1307,50,314,50,341229,264381,30333,77623,2.448969950720664,0.22696518169378135
1174,0.1308,49,292,49,341521,264089,30382,77574,2.446265145059098,0.22704829027433465
1175,0.1309,51,288,51,341809,263801,30433,77523,2.4435973915298828,0.2271243744946151
1176,0.131,50,318,50,342127,263483,30483,77473,2.44065174700804,0.2272228674667699
1177,0.1311,44,281,44,342408,263202,30527,77429,2.4380488347104374,0.22731049141152743
1178,0.1312,45,333,45,342741,262869,30572,77384,2.434964244692282,0.2274307647544621
1179,0.1313,59,304,59,343045,262565,30631,77325,2.4321482826336656,0.2275000735532084
1180,0.1314,41,289,41,343334,262276,30672,77284,2.429471266071362,0.22760042407821887
1181,0.1315,43,329,43,343663,261947,30715,77241,2.426423728185557,0.22772326851185773
1182,0.1316,35,289,35,343952,261658,30750,77206,2.423746711623254,0.22783771660607205
1183,0.1317,53,324,53,344276,261334,30803,77153,2.4207454889028863,0.2279348985337694
1184,0.1318,39,288,39,344564,261046,30842,77114,2.4180777353736707,0.2280399810740478
1185,0.1319,33,288,33,344852,260758,30875,77081,2.415409981844455,0.22815897513312555
1186,0.132,51,315,51,345167,260443,30926,77030,2.4124921264218755,0.2282552974608339
1187,0.1321,42,317,42,345484,260126,30968,76988,2.409555744933121,0.22837378453579502
1188,0.1322,35,278,35,345762,259848,31003,76953,2.406980621734781,0.22848210070635183
1189,0.1323,53,298,53,346060,259550,31056,76900,2.4042202378746897,0.22856293654331997
1190,0.1324,48,316,48,346376,259234,31104,76852,2.4012931194190226,0.22866766244354123
1191,0.1325,40,313,40,346689,258921,31144,76812,2.398393790062618,0.22878894836075095
1192,0.1326,56,328,56,347017,258593,31200,76756,2.3953555152099004,0.22888393882194372
1193,0.1327,41,324,41,347341,258269,31241,76715,2.3923542924895327,0.22901093783583693
1194,0.1328,48,314,48,347655,257955,31289,76667,2.389445700100041,0.22911524048030316
1195,0.1329,49,306,49,347961,257649,31338,76618,2.386611211975249,0.22921197725171794
1196,0.133,53,315,53,348276,257334,31391,76565,2.3836933565526697,0.22930586794210225
1197,0.1331,41,288,41,348564,257046,31432,76524,2.381025603023454,0.22940911952513715
1198,0.1332,52,343,52,348907,256703,31484,76472,2.377848382674423,0.22952502438658362
1199,0.1333,50,336,50,349243,256367,31534,76422,2.374736003557005,0.22964100375913868
1200,0.1334,52,340,52,349583,256027,31586,76370,2.3715865723072365,0.2297553828704832
1201,0.1335,47,324,47,349907,255703,31633,76323,2.3685853495868687,0.2298705523061447
1202,0.1336,51,311,51,350218,255392,31684,76272,2.3657045462966395,0.2299676781320855
1203,0.1337,56,317,56,350535,255075,31740,76216,2.3627681648078847,0.23005756268658067
1204,0.1338,42,292,42,350827,254783,31782,76174,2.3600633591463187,0.23016283082092234
1205,0.1339,41,278,41,351105,254505,31823,76133,2.357488235947979,0.23026088955292495
1206,0.134,55,306,55,351411,254199,31878,76078,2.3546537478231873,0.23034604286704796
1207,0.1341,46,334,46,351745,253865,31924,76032,2.351559894771944,0.23047193517976822
1208,0.1342,47,336,47,352081,253529,31971,75985,2.348447515654526,0.23059718251728303
1209,0.1343,59,321,59,352402,253208,32030,75926,2.3454740820334212,0.2306841590355296
1210,0.1344,45,267,45,352669,252941,32075,75881,2.343000852199044,0.23076618961018425
1211,0.1345,42,285,42,352954,252656,32117,75839,2.340360887769091,0.2308680497420052
1212,0.1346,58,284,58,353238,252372,32175,75781,2.3377301863722257,0.23093191285772185
1213,0.1347,55,302,55,353540,252070,32230,75726,2.3349327503797843,0.2310156316733578
1214,0.1348,38,286,38,353826,251784,32268,75688,2.332283522916744,0.23112815752186447
1215,0.1349,57,286,57,354112,251498,32325,75631,2.3296342954537033,0.2311962559112766
1216,0.135,58,308,58,354420,251190,32383,75573,2.3267812812627366,0.23127771504117664
1217,0.1351,52,287,52,354707,250903,32435,75521,2.3241227907666087,0.23135860108325368
1218,0.1352,33,276,33,354983,250627,32468,75488,2.321566193634444,0.2314766263434678
1219,0.1353,69,271,69,355254,250356,32537,75419,2.3190559116677165,0.23150640779679227
1220,0.1354,47,299,47,355553,250057,32584,75372,2.3162862647745377,0.23160812343091736
1221,0.1355,44,287,44,355840,249770,32628,75328,2.3136277742784097,0.23170859248595807
1222,0.1356,49,283,49,356123,249487,32677,75279,2.311006335914632,0.2317945844084664
1223,0.1357,53,300,53,356423,249187,32730,75226,2.3082274259883655,0.23188343253815352
1224,0.1358,47,299,47,356722,248888,32777,75179,2.305457779095187,0.23198597820821004
1225,0.1359,58,314,58,357036,248574,32835,75121,2.302549186705695,0.23207340243130106
1226,0.136,40,323,40,357359,248251,32875,75081,2.299557227018415,0.23221023591849863
1227,0.1361,49,318,49,357677,247933,32924,75032,2.2966115824965727,0.23232238787484713
1228,0.1362,48,291,48,357968,247642,32972,74984,2.2939160398680944,0.2324177220682772
1229,0.1363,52,267,52,358235,247375,33024,74932,2.2914428100337174,0.23248641822858332
1230,0.1364,53,288,53,358523,247087,33077,74879,2.2887750565045017,0.2325680351341446
1231,0.1365,43,322,43,358845,246765,33120,74836,2.2857923598503094,0.2326982814108165
1232,0.1366,47,306,47,359151,246459,33167,74789,2.2829578717255177,0.23280767506723776
1233,0.1367,54,319,54,359470,246140,33221,74735,2.280002964170588,0.23291001168679393
1234,0.1368,48,292,48,359762,245848,33269,74687,2.2772981585090224,0.23300731589374016
1235,0.1369,55,295,55,360057,245553,33324,74632,2.274565563748194,0.23309024470228148
1236,0.137,46,308,46,360365,245245,33370,74586,2.2717125495572272,0.2332044110796014
1237,0.1371,42,309,42,360674,244936,33412,74544,2.268850272333173,0.23332915988481281
1238,0.1372,50,319,50,360993,244617,33462,74494,2.265895364778243,0.23344228183923463
1239,0.1373,38,296,38,361289,244321,33500,74456,2.263153506984327,0.2335676664251185
1240,0.1374,33,300,33,361589,244021,33533,74423,2.260374597058061,0.2337082815188856
1241,0.1375,49,308,49,361897,243713,33582,74374,2.257521582867094,0.23381653447012923
1242,0.1376,44,273,44,362170,243440,33626,74330,2.2549927748341916,0.23391131950782013
1243,0.1377,48,285,48,362455,243155,33674,74282,2.252352810404239,0.23400548770307178
1244,0.1378,53,312,53,362767,242843,33727,74229,2.249462744080922,0.23410771055154664
1245,0.1379,54,286,54,363053,242557,33781,74175,2.2468135166178813,0.23418852531477716
1246,0.138,46,284,46,363337,242273,33827,74129,2.244182815221016,0.2342873938849944
1247,0.1381,40,319,40,363656,241954,33867,74089,2.241227907666086,0.23442696088823356
1248,0.1382,41,285,41,363941,241669,33908,74048,2.238587943236133,0.23453916007056952
1249,0.1383,41,279,41,364220,241390,33949,74007,2.2360035570047057,0.23464712727134374
1250,0.1384,43,301,43,364521,241089,33992,73964,2.233215384045352,0.23476684875243212
1251,0.1385,33,301,33,364822,240788,34025,73931,2.230427211085998,0.23491114295609736
1252,0.1386,42,322,42,365144,240466,34067,73889,2.2274445144318054,0.23504954589556393
1253,0.1387,59,308,59,365452,240158,34126,73830,2.2245915002408387,0.23513637463852122
1254,0.1388,37,289,37,365741,239869,34163,73793,2.221914483678536,0.23526279880890896
1255,0.1389,46,315,46,366056,239554,34209,73747,2.2189966282559563,0.23538705589832143
1256,0.139,49,278,49,366334,239276,34258,73698,2.216421505057616,0.23547642935195895
1257,0.1391,39,260,39,366594,239016,34297,73659,2.214013116454852,0.2355768769489086
1258,0.1392,59,277,59,366871,238739,34356,73600,2.2114472562895995,0.23564140245054252
1259,0.1393,43,289,43,367160,238450,34399,73557,2.208770239727296,0.23575432602473662
1260,0.1394,62,330,62,367490,238120,34461,73495,2.205713438808403,0.23585193267333088
1261,0.1395,46,315,46,367805,237805,34507,73449,2.2027955833858237,0.23597769024655105
1262,0.1396,56,311,56,368116,237494,34563,73393,2.1999147800955945,0.23607613055547513
1263,0.1397,48,298,48,368414,237196,34611,73345,2.1971543962355033,0.23618459398275912
1264,0.1398,44,299,44,368713,236897,34655,73301,2.1943847493423245,0.23630390911611293
1265,0.1399,47,301,47,369014,236596,34702,73254,2.191596576382971,0.23641762142972406
1266,0.14,57,278,57,369292,236318,34759,73197,2.1890214531846306,0.236489346235239
1267,0.1401,47,278,47,369570,236040,34806,73150,2.186446329986291,0.2365859180439212
1268,0.1402,49,269,49,369839,235771,34855,73101,2.1839545740857385,0.23667085394597115
1269,0.1403,47,290,47,370129,235481,34902,73054,2.181268294490348,0.2367770269175296
1270,0.1404,42,291,42,370420,235190,34944,73012,2.1785727518618696,0.23689658081388182
1271,0.1405,44,257,44,370677,234933,34988,72968,2.176192152358368,0.23698526474418727
1272,0.1406,56,304,56,370981,234629,35044,72912,2.1733761902997517,0.23708058437736756
1273,0.1407,43,271,43,371252,234358,35087,72869,2.1708659083330244,0.23718292988571968
1274,0.1408,39,277,39,371529,234081,35126,72830,2.168300048167772,0.23730006418798935
1275,0.1409,55,317,55,371846,233764,35181,72775,2.1653636666790175,0.23740861684810088
1276,0.141,54,267,54,372113,233497,35235,72721,2.1628904368446404,0.23748114088655795
1277,0.1411,41,327,41,372440,233170,35276,72680,2.15986142502501,0.23763282654896192
1278,0.1412,55,291,55,372731,232879,35331,72625,2.157165882396532,0.2377219283544569
1279,0.1413,37,275,37,373006,232604,35368,72588,2.1546185482974547,0.23784371805289783
1280,0.1414,47,287,47,373293,232317,35415,72541,2.1519600578013263,0.237950127600391
1281,0.1415,50,280,50,373573,232037,35465,72491,2.149366408536811,0.2380437923606368
1282,0.1416,47,318,47,373891,231719,35512,72444,2.146420764014969,0.23817492594431275
1283,0.1417,34,280,34,374171,231439,35546,72410,2.143827114750454,0.23830916014204423
1284,0.1418,30,264,30,374435,231175,35576,72380,2.1413816740153395,0.23844113916753143
1285,0.1419,46,298,46,374733,230877,35622,72334,2.1386212901552484,0.23855994670378053
1286,0.142,52,302,52,375035,230575,35674,72282,2.135823854162807,0.23866709371089326
1287,0.1421,48,283,48,375318,230292,35722,72234,2.1332024157990293,0.23876956030225502
1288,0.1422,39,317,39,375635,229975,35761,72195,2.1302660343102744,0.23892179898732502
1289,0.1423,61,300,61,375935,229675,35822,72134,2.1274871243840083,0.23900546372043247
1290,0.1424,39,277,39,376212,229398,35861,72095,2.124921264218756,0.23912661322153417
1291,0.1425,40,292,40,376504,229106,35901,72055,2.12221645855719,0.23925740716759475
1292,0.1426,59,295,59,376799,228811,35960,71996,2.1194838637963613,0.23934283444201765
1293,0.1427,48,289,48,377088,228522,36008,71948,2.1168068472340584,0.23945152594268979
1294,0.1428,49,300,49,377388,228222,36057,71899,2.114027937307792,0.23956670809440192
1295,0.1429,42,256,42,377644,227966,36099,71857,2.111656600837378,0.23966473552729445
1296,0.143,58,280,58,377924,227686,36157,71799,2.109062951572863,0.23974155633838087
1297,0.1431,47,256,47,378180,227430,36204,71752,2.106691615102449,0.2398272623353009
1298,0.1432,55,286,55,378466,227144,36259,71697,2.1040423876394088,0.2399168788753886
1299,0.1433,51,287,51,378753,226857,36310,71646,2.1013838971432808,0.24001768826443956
1300,0.1434,47,288,47,379041,226569,36357,71599,2.098716143614065,0.24012972552386574
1301,0.1435,36,264,36,379305,226305,36393,71563,2.0962707028789507,0.24025071508184834
1302,0.1436,51,324,51,379629,225981,36444,71512,2.093269480158583,0.24038212663827385
1303,0.1437,51,282,51,379911,225699,36495,71461,2.090657304827893,0.2404798761609907
1304,0.1438,55,269,55,380180,225430,36550,71406,2.088165548927341,0.24055707528736406
1305,0.1439,44,249,44,380429,225181,36594,71362,2.08585905368854,0.24064638180634848
1306,0.144,54,287,54,380716,224894,36648,71308,2.0832005631924115,0.24074111586012248
1307,0.1441,53,261,53,380977,224633,36701,71255,2.08078291155656,0.24081747147569352
1308,0.1442,48,278,48,381255,224355,36749,71207,2.07820778835822,0.24092068669179395
1309,0.1443,40,276,40,381531,224079,36789,71167,2.075651191226055,0.2410430623954262
1310,0.1444,39,286,39,381817,223793,36828,71128,2.0730019637630144,0.24117645064271448
1311,0.1445,55,288,55,382105,223505,36883,71073,2.070334210233799,0.24127056331430047
1312,0.1446,59,270,59,382375,223235,36942,71014,2.0678331913001595,0.2413398176374431
1313,0.1447,42,285,42,382660,222950,36984,70972,2.0651932268702065,0.24146542279924607
1314,0.1448,58,251,58,382911,222699,37042,70914,2.06286820556523,0.24152200345352556
1315,0.1449,53,246,53,383157,222453,37095,70861,2.060589499425692,0.24158751372249535
1316,0.145,40,260,40,383417,222193,37135,70821,2.058181110822928,0.24169834888435365
1317,0.1451,59,271,59,383688,221922,37194,70762,2.0556708288562007,0.24176928017930602
1318,0.1452,55,271,55,383959,221651,37249,70707,2.0531605468894734,0.24185074463500228
1319,0.1453,49,302,49,384261,221349,37298,70658,2.050363110897032,0.24197365131657803
1320,0.1454,59,272,59,384533,221077,37357,70599,2.0478435658972174,0.24204596881471221
1321,0.1455,38,266,38,384799,220811,37395,70561,2.045379599095928,0.24216808753071675
1322,0.1456,57,253,57,385052,220558,37452,70504,2.0430360517247768,0.24223017776281341
1323,0.1457,48,284,48,385336,220274,37500,70456,2.0404053503279114,0.24234169160389366
1324,0.1458,46,270,46,385606,220004,37546,70410,2.0379043313942717,0.2424469894702046
1325,0.1459,43,253,43,385859,219751,37589,70367,2.0355607840231205,0.24254613639967185
1326,0.146,45,297,45,386156,219454,37634,70322,2.032809663196117,0.24267710231351114
1327,0.1461,38,286,38,386442,219168,37672,70284,2.0301604357330763,0.2428174619626052
1328,0.1462,53,255,53,386697,218913,37725,70231,2.02779836229575,0.24289281465290652
1329,0.1463,53,311,53,387008,218602,37778,70178,2.024917559005521,0.24301544428284508
1330,0.1464,45,260,45,387268,218342,37823,70133,2.0225091704027567,0.2431163879018979
1331,0.1465,59,257,59,387525,218085,37882,70074,2.020128570899255,0.2431782453437165
1332,0.1466,51,294,51,387819,217791,37933,70023,2.0174052391715143,0.24329254310075257
1333,0.1467,43,321,43,388140,217470,37976,69980,2.0144318055504096,0.2434510349626022
1334,0.1468,42,244,42,388384,217226,38018,69938,2.012171625477046,0.2435472412976557
1335,0.1469,46,258,46,388642,216968,38064,69892,2.0097817629404573,0.24364498361570103
1336,0.147,50,290,50,388932,216678,38114,69842,2.0070954833450667,0.24375959793382662
1337,0.1471,53,257,53,389189,216421,38167,69789,2.004714883841565,0.24383844030606897
1338,0.1472,42,271,42,389460,216150,38209,69747,2.002204601874838,0.24395848854657445
1339,0.1473,49,279,49,389739,215871,38258,69698,1.9996202156434102,0.2440671081244813
1340,0.1474,46,289,46,390028,215582,38304,69652,1.996943199081107,0.24419248757160789
1341,0.1475,53,261,53,390289,215321,38357,69599,1.9945255474452555,0.24427558612943984
1342,0.1476,53,282,53,390571,215039,38410,69546,1.9919133721145652,0.24437689969604864
1343,0.1477,52,264,52,390835,214775,38462,69494,1.989467931379451,0.24446562938625035
1344,0.1478,40,263,40,391098,214512,38502,69454,1.9870317536774242,0.24458561940514006
1345,0.1479,37,233,37,391331,214279,38539,69417,1.984873466968024,0.24468797586148552
1346,0.148,44,283,44,391614,213996,38583,69373,1.9822520286042462,0.24481506445659193
1347,0.1481,48,260,48,391874,213736,38631,69325,1.979843640001482,0.24491187411900614
1348,0.1482,41,263,41,392137,213473,38672,69284,1.9774074622994553,0.24503018492910875
1349,0.1483,43,240,43,392377,213233,38715,69241,1.9751843343584423,0.24512344498962738
1350,0.1484,35,250,35,392627,212983,38750,69206,1.9728685760865539,0.24524697986101512
1351,0.1485,64,288,64,392915,212695,38814,69142,1.9702008225573382,0.24532619918605436
1352,0.1486,51,278,51,393193,212417,38865,69091,1.967625699358998,0.24543174616707164
1353,0.1487,50,272,50,393465,212145,38915,69041,1.9651061543591835,0.24553498396079462
1354,0.1488,43,300,43,393765,211845,38958,68998,1.9623272444329172,0.24568175101391168
1355,0.1489,54,258,54,394023,211587,39012,68944,1.9599373818963282,0.2457625004010252
1356,0.149,47,257,47,394280,211330,39059,68897,1.9575567823928266,0.24586139094377057
1357,0.1491,48,271,48,394551,211059,39107,68849,1.9550465004260995,0.24597010446289494
1358,0.1492,45,273,45,394824,210786,39152,68804,1.9525176923931973,0.24608891591258628
1359,0.1493,42,273,42,395097,210513,39194,68762,1.9499888843602948,0.24621609524662072
1360,0.1494,54,226,54,395323,210287,39248,68708,1.9478954388825076,0.24626964640943386
1361,0.1495,69,232,69,395555,210055,39317,68639,1.9457464152061952,0.24628804351726266
1362,0.1496,37,267,37,395822,209788,39354,68602,1.9432731853718181,0.24642408132476024
1363,0.1497,57,264,57,396086,209524,39411,68545,1.940827744636704,0.2465035656617602
1364,0.1498,55,284,55,396370,209240,39466,68490,1.9381970432398385,0.24660641630360422
1365,0.1499,39,245,39,396615,208995,39505,68451,1.9359276001333876,0.24671828031400705
1366,0.15,42,268,42,396883,208727,39547,68409,1.9334451072659231,0.24684270538652503
1367,0.1501,44,238,44,397121,208489,39591,68365,1.9312405053910853,0.2469352077268163
1368,0.1502,44,273,44,397394,208216,39635,68321,1.928711697358183,0.24705916387318877
1369,0.1503,40,243,40,397637,207973,39675,68281,1.9264607803179072,0.247167461828607
1370,0.1504,46,226,46,397863,207747,39721,68235,1.92436733484012,0.2472443855034024
1371,0.1505,50,285,50,398148,207462,39771,68185,1.9217273704101672,0.24736347574978143
1372,0.1506,36,269,36,398417,207193,39807,68149,1.919235614509615,0.24750673707607265
1373,0.1507,58,282,58,398699,206911,39865,68091,1.9166234391789247,0.24760183562301366
1374,0.1508,47,247,47,398946,206664,39912,68044,1.914335470006299,0.24769573510782358
1375,0.1509,50,245,50,399191,206419,39962,67994,1.9120660268998482,0.24777980635028224
1376,0.151,52,236,52,399427,206183,40014,67942,1.9098799510911852,0.24785043319653444
1377,0.1511,47,278,47,399705,205905,40061,67895,1.9073048278928453,0.24797297297297297
1378,0.1512,39,245,39,399950,205660,40100,67856,1.9050353847863946,0.2480878632328639
1379,0.1513,53,276,53,400226,205384,40153,67803,1.9024787876542295,0.24819262995676955
1380,0.1514,50,266,50,400492,205118,40203,67753,1.9000148208529402,0.24829681424555924
1381,0.1515,43,272,43,400764,204846,40246,67710,1.8974952758531254,0.24842601153524413
1382,0.1516,53,270,53,401034,204576,40299,67657,1.8949942569194858,0.24852607876341223
1383,0.1517,44,289,44,401323,204287,40343,67613,1.8923172403571826,0.2486686281721221
1384,0.1518,42,290,42,401613,203997,40385,67571,1.8896309607617918,0.2488179756083191
1385,0.1519,44,273,44,401886,203724,40429,67527,1.8871021527288896,0.2489465476624971
1386,0.152,57,256,57,402142,203468,40486,67470,1.8847308162584757,0.24902376189386502
1387,0.1521,39,257,39,402399,203211,40525,67431,1.8823502167549742,0.24915201631675793
1388,0.1522,52,253,52,402652,202958,40577,67379,1.880006669383823,0.24924076245574966
1389,0.1523,49,255,49,402907,202703,40626,67330,1.8776445959464967,0.2493398954942544
1390,0.1524,42,255,42,403162,202448,40668,67288,1.8752825225091705,0.2494587300174986
1391,0.1525,52,273,52,403435,202175,40720,67236,1.872753714476268,0.24956664724157515
1392,0.1526,53,243,53,403678,201932,40773,67183,1.8705027974359925,0.24964420415064192
1393,0.1527,59,267,59,403945,201665,40832,67124,1.8680295676016154,0.24972748140734927
1394,0.1528,41,224,41,404169,201441,40873,67083,1.8659546481900033,0.24982124502837735
1395,0.1529,51,249,51,404418,201192,40924,67032,1.8636481529512023,0.24991052254831783
1396,0.153,45,270,45,404688,200922,40969,66987,1.8611471340175627,0.25003639295432406
1397,0.1531,50,277,50,404965,200645,41019,66937,1.8585812738523102,0.25015509264449776
1398,0.1532,49,272,49,405237,200373,41068,66888,1.8560617288524954,0.25027220582127585
1399,0.1533,54,251,54,405488,200122,41122,66834,1.8537367075475193,0.2503558638876819
1400,0.1534,52,246,52,405734,199876,41174,66782,1.8514580014079811,0.2504406393207779
1401,0.1535,45,258,45,405992,199618,41219,66737,1.849068138871392,0.2505565880122393
1402,0.1536,36,248,36,406240,199370,41255,66701,1.8467709066656786,0.250688725941572
1403,0.1537,46,278,46,406518,199092,41301,66655,1.8441957834673386,0.2508212698544104
1404,0.1538,55,293,55,406811,198799,41356,66600,1.8414817147726852,0.25094291990550077
1405,0.1539,36,241,36,407052,198558,41392,66564,1.8392493237985845,0.2510693190304841
1406,0.154,47,256,47,407308,198302,41439,66517,1.8368779873281706,0.2511791072392842
1407,0.1541,59,278,59,407586,198024,41498,66458,1.8343028641298307,0.2512760792794973
1408,0.1542,47,260,47,407846,197764,41545,66411,1.8318944755270665,0.25139017696602634
1409,0.1543,43,265,43,408111,197499,41588,66368,1.8294397717588646,0.25152065244990846
1410,0.1544,48,242,48,408353,197257,41636,66320,1.8271981177516765,0.2516152775090391
1411,0.1545,49,253,49,408606,197004,41685,66271,1.8248545703805255,0.25171778558541447
1412,0.1546,30,251,30,408857,196753,41715,66241,1.8225295490755493,0.2518726662965695
1413,0.1547,56,250,56,409107,196503,41771,66185,1.8202137908036609,0.2519528870751614
1414,0.1548,50,259,50,409366,196244,41821,66135,1.8178146652339842,0.2520590443594952
1415,0.1549,38,241,38,409607,196003,41859,66097,1.8155822742598837,0.2521823731400229
1416,0.155,49,247,49,409854,195756,41908,66048,1.8132943050872579,0.2522803318513086
1417,0.1551,55,222,55,410076,195534,41963,65993,1.8112379117418207,0.25233723477881825
1418,0.1552,49,232,49,410308,195302,42012,65944,1.8090888880655083,0.25242108970089494
1419,0.1553,43,227,43,410535,195075,42055,65901,1.8069861795546334,0.2525174728710686
1420,0.1554,49,273,49,410808,194802,42104,65852,1.8044573715217311,0.252641432703891
1421,0.1555,42,239,42,411047,194563,42146,65810,1.8022435066138056,0.2527527815864164
1422,0.1556,47,290,47,411337,194273,42193,65763,1.7995572270184148,0.2528995985171284
1423,0.1557,45,245,45,411582,194028,42238,65718,1.797287783911964,0.253008708507542
1424,0.1558,47,231,47,411813,193797,42285,65671,1.7951480232687391,0.25309864800283655
1425,0.1559,49,255,49,412068,193542,42334,65622,1.7927859498314127,0.2532064638607214
1426,0.156,39,259,39,412327,193283,42373,65583,1.7903868242617362,0.25334729164896125
1427,0.1561,55,230,55,412557,193053,42428,65528,1.7882563266515987,0.2534138239081758
1428,0.1562,49,217,49,412774,192836,42477,65479,1.7862462484715995,0.253485086038364
1429,0.1563,44,232,44,413006,192604,42521,65435,1.7840972247952869,0.25358569828591804
1430,0.1564,57,283,57,413289,192321,42578,65378,1.7814757864315092,0.253699083038739
1431,0.1565,45,243,45,413532,192078,42623,65333,1.7792248693912334,0.25380811231843237
1432,0.1566,46,232,46,413764,191846,42669,65287,1.777075845714921,0.25390362186106025
1433,0.1567,49,245,49,414009,191601,42718,65238,1.7748064026084702,0.2540034807797881
1434,0.1568,63,266,63,414275,191335,42781,65175,1.7723424358071806,0.2540836614556937
1435,0.1569,43,235,43,414510,191100,42824,65132,1.7701656230316054,0.25419151394049144
1436,0.157,44,256,44,414766,190844,42868,65088,1.7677942865611915,0.2543175531000422
1437,0.1571,56,252,56,415018,190592,42924,65032,1.765460002223128,0.25440490720746095
1438,0.1572,62,264,62,415282,190328,42986,64970,1.7630145614880137,0.2544869133326544
1439,0.1573,47,287,47,415569,190041,43033,64923,1.7603560709918855,0.2546359486045089
1440,0.1574,47,263,47,415832,189778,43080,64876,1.7579198932898588,0.2547613624761441
1441,0.1575,46,237,46,416069,189541,43126,64830,1.7557245544481086,0.25486395854873395
1442,0.1576,56,255,56,416324,189286,43182,64774,1.7533624810107822,0.2549555223175628
1443,0.1577,39,241,39,416565,189045,43221,64735,1.7511300900366815,0.25508314287965955
1444,0.1578,44,267,44,416832,188778,43265,64691,1.7486568602023047,0.2552225321439703
1445,0.1579,50,218,50,417050,188560,43315,64641,1.7466375189892178,0.25529520025592317
1446,0.158,34,225,34,417275,188335,43349,64607,1.744553336544518,0.25542219164867835
1447,0.1581,44,223,44,417498,188112,43393,64563,1.7424876801659936,0.25551795785099435
1448,0.1582,36,262,36,417760,187850,43429,64527,1.7400607654970544,0.2556770228665845
1449,0.1583,41,239,41,417999,187611,43470,64486,1.7378469005891288,0.2557983633284014
1450,0.1584,52,241,52,418240,187370,43522,64434,1.7356145096150284,0.2558895013581992
1451,0.1585,39,250,39,418490,187120,43561,64395,1.7332987513431397,0.2560284674870286
1452,0.1586,35,252,35,418742,186868,43596,64360,1.7309644670050761,0.2561816358049262
1453,0.1587,51,210,51,418952,186658,43647,64309,1.7290192300566898,0.25624484493977295
1454,0.1588,41,245,41,419197,186413,43688,64268,1.726749786950239,0.25637363820951725
1455,0.1589,47,244,47,419441,186169,43735,64221,1.7244896068768758,0.25648388513918285
1456,0.159,45,240,45,419681,185929,43780,64176,1.7222664789358628,0.2565962295835749
1457,0.1591,49,244,49,419925,185685,43829,64127,1.7200062988624996,0.2567010391814645
1458,0.1592,45,252,45,420177,185433,43874,64082,1.717672014524436,0.25682624291124784
1459,0.1593,59,243,59,420420,185190,43933,64023,1.7154210974841602,0.2569007234775072
1460,0.1594,38,218,38,420638,184972,43971,63985,1.7134017562710735,0.25701225512839565
1461,0.1595,45,261,45,420899,184711,44016,63940,1.7109841046352217,0.2571475682784304
1462,0.1596,44,210,44,421109,184501,44060,63896,1.7090388676868353,0.2572333804353515
1463,0.1597,43,236,43,421345,184265,44103,63853,1.7068527918781726,0.25734932572405067
1464,0.1598,50,248,50,421593,184017,44153,63803,1.704555559672459,0.25745702526026953
1465,0.1599,43,230,43,421823,183787,44196,63760,1.7024250620623216,0.257567249855583
1466,0.16,48,235,48,422058,183552,44244,63712,1.7002482492867466,0.2576679176912126
1467,0.1601,56,218,56,422276,183334,44300,63656,1.6982289080736597,0.25772703348313697
1468,0.1602,49,209,49,422485,183125,44349,63607,1.6962929341583608,0.25779793460110567
1469,0.1603,45,236,45,422721,182889,44394,63562,1.694106858349698,0.25790928014087994
1470,0.1604,32,250,32,422971,182639,44426,63530,1.6917911000778094,0.25807473727398655
1471,0.1605,48,228,48,423199,182411,44474,63482,1.689679128533847,0.25816920367802254
1472,0.1606,39,220,39,423419,182191,44513,63443,1.6876412612545852,0.25828264816759894
1473,0.1607,57,215,57,423634,181976,44570,63386,1.685649709140761,0.2583366617487631
1474,0.1608,51,251,51,423885,181725,44621,63335,1.683324687835785,0.2584469109605811
1475,0.1609,51,239,51,424124,181486,44672,63284,1.6811108229278595,0.2585447563018344
1476,0.161,36,232,36,424356,181254,44708,63248,1.6789617992515469,0.2586809105855985
1477,0.1611,42,249,42,424605,181005,44750,63206,1.6766553040127459,0.25881717039772983
1478,0.1612,55,205,55,424810,180800,44805,63151,1.6747563822297973,0.2588675594689097
1479,0.1613,47,226,47,425036,180574,44852,63104,1.67266293675201,0.2589646993163109
1480,0.1614,44,236,44,425272,180338,44896,63060,1.6704768609433474,0.259081833047108
1481,0.1615,43,209,43,425481,180129,44939,63017,1.6685408870280485,0.2591735006950556
1482,0.1616,51,231,51,425712,179898,44990,62966,1.6664011263848235,0.25926444429804335
1483,0.1617,39,225,39,425937,179673,45029,62927,1.6643169439401237,0.2593858202802968
1484,0.1618,44,218,44,426155,179455,45073,62883,1.6622976027270369,0.25948468667728547
1485,0.1619,40,242,40,426397,179213,45113,62843,1.6600559487198487,0.2596217404237036
1486,0.162,44,224,44,426621,178989,45157,62799,1.6579810293082367,0.2597275299022284
1487,0.1621,45,237,45,426858,178752,45202,62754,1.6557856904664863,0.2598444759136419
1488,0.1622,40,251,40,427109,178501,45242,62714,1.6534606691615104,0.2599921232095848
1489,0.1623,49,233,49,427342,178268,45291,62665,1.65130238245211,0.26009305491568196
1490,0.1624,49,227,49,427569,178041,45340,62616,1.6491996739412353,0.2601877360725015
1491,0.1625,35,231,35,427800,177810,45375,62581,1.6470599132980104,0.260330045633988
1492,0.1626,47,234,47,428034,177576,45422,62534,1.6448923635555226,0.2604389654741577
1493,0.1627,46,226,46,428260,177350,45468,62488,1.6427989180777354,0.2605425328763582
1494,0.1628,23,218,23,428478,177132,45491,62465,1.6407795768646485,0.2607086065351403
1495,0.1629,39,229,39,428707,176903,45530,62426,1.6386583422875987,0.26083759176698185
1496,0.163,37,236,37,428943,176667,45567,62389,1.636472266478936,0.2609806907168195
1497,0.1631,51,220,51,429163,176447,45618,62338,1.634434399199674,0.26106329962099795
1498,0.1632,42,230,42,429393,176217,45660,62296,1.6323039015895364,0.26118492493071654
1499,0.1633,39,248,39,429641,175969,45699,62257,1.630006669383823,0.2613358743378137
1500,0.1634,41,192,41,429833,175777,45740,62216,1.6282281670310126,0.2614194535133386
1501,0.1635,56,230,56,430063,175547,45796,62160,1.626097669420875,0.26149839928988206
1502,0.1636,48,214,48,430277,175333,45844,62112,1.6241153803401385,0.2615847880561814
1503,0.1637,57,243,57,430520,175090,45901,62055,1.621864463299863,0.2616753463071117
1504,0.1638,41,202,41,430722,174888,45942,62014,1.619993330616177,0.2617706899899537
1505,0.1639,47,224,47,430946,174664,45989,61967,1.6179184112045648,0.261871859561934
1506,0.164,49,210,49,431156,174454,46038,61918,1.6159731742561785,0.26195150017768604
1507,0.1641,41,218,41,431374,174236,46079,61877,1.6139538330430916,0.2620651975960663
1508,0.1642,40,251,40,431625,173985,46119,61837,1.6116288117381155,0.26221896175929305
1509,0.1643,47,236,47,431861,173749,46166,61790,1.6094427359294528,0.2623344753947329
1510,0.1644,35,228,35,432089,173521,46201,61755,1.6073307643854904,0.26247896087998773
1511,0.1645,51,273,51,432362,173248,46252,61704,1.6048019563525882,0.262623855085294
1512,0.1646,37,238,37,432600,173010,46289,61667,1.60259735447775,0.26277394035205837
1513,0.1647,32,226,32,432826,172784,46321,61635,1.6005039089999629,0.26292663990546844
1514,0.1648,46,233,46,433059,172551,46367,61589,1.5983456222905628,0.26304347826086955
1515,0.1649,48,221,48,433280,172330,46415,61541,1.5962984919782133,0.2631407912909253
1516,0.165,55,225,55,433505,172105,46470,61486,1.5942143095335137,0.2632207576490533
1517,0.1651,58,215,58,433720,171890,46528,61428,1.5922227574196894,0.2632801584104098
1518,0.1652,56,246,56,433966,171644,46584,61372,1.5899440512801513,0.26338105537817147
1519,0.1653,35,226,35,434192,171418,46619,61337,1.587850605802364,0.26352602521965157
1520,0.1654,38,236,38,434428,171182,46657,61299,1.585664529993701,0.2636731603873005
1521,0.1655,37,206,37,434634,170976,46694,61262,1.583756345177665,0.263789732946374
1522,0.1656,49,241,49,434875,170735,46743,61213,1.5815239542035644,0.26390828978909064
1523,0.1657,43,214,43,435089,170521,46786,61170,1.5795416651228278,0.2640154343500611
1524,0.1658,49,207,49,435296,170314,46835,61121,1.577624217273704,0.2640957504266857
1525,0.1659,53,238,53,435534,170076,46888,61068,1.5754196153988662,0.264198940919946
1526,0.166,47,201,47,435735,169875,46935,61021,1.573557745748268,0.2642791559836463
1527,0.1661,52,192,52,435927,169683,46987,60969,1.5717792433954574,0.2643332813069039
1528,0.1662,44,190,44,436117,169493,47031,60925,1.570019267108822,0.26441076651997675
1529,0.1663,33,194,33,436311,169299,47064,60892,1.5682222386898366,0.2645281527079686
1530,0.1664,33,246,33,436557,169053,47097,60859,1.5659435325502982,0.2647056265005741
1531,0.1665,43,207,43,436764,168846,47140,60816,1.5640260847011747,0.2648065417874964
1532,0.1666,38,200,38,436964,168646,47178,60778,1.5621734780836638,0.2649156147569566
1533,0.1667,55,227,55,437191,168419,47233,60723,1.560070769572789,0.26500161471925704
1534,0.1668,44,192,44,437383,168227,47277,60679,1.5582922672199786,0.2650826103291307
1535,0.1669,43,231,43,437614,167996,47320,60636,1.5561525065767534,0.26521221876202805
1536,0.167,43,210,43,437824,167786,47363,60593,1.554207269628367,0.26531773937183367
1537,0.1671,39,222,39,438046,167564,47402,60554,1.5521508762829301,0.2654503371062345
1538,0.1672,42,195,42,438241,167369,47444,60512,1.550344584830857,0.2655421031152224
1539,0.1673,41,248,41,438489,167121,47485,60471,1.5480473526251435,0.2656991458399241
1540,0.1674,50,204,50,438693,166917,47535,60421,1.5461576938752826,0.26577606911295076
1541,0.1675,55,231,55,438924,166686,47590,60366,1.5440179332320576,0.2658686115955816
1542,0.1676,41,221,41,439145,166465,47631,60325,1.5419708029197081,0.26599497332333877
1543,0.1677,44,198,44,439343,166267,47675,60281,1.5401367223683724,0.26608489150202164
1544,0.1678,34,199,34,439542,166068,47709,60247,1.538293378783949,0.2662086030532665
1545,0.1679,51,195,51,439737,165873,47760,60196,1.536487087331876,0.2662726866576134
1546,0.168,51,227,51,439964,165646,47811,60145,1.5343843788210012,0.2663746562086177
1547,0.1681,41,229,41,440193,165417,47852,60104,1.5322631442439512,0.2665117660883022
1548,0.1682,50,209,50,440402,165208,47902,60054,1.5303271703286525,0.26659623016753825
1549,0.1683,38,232,38,440634,164976,47940,60016,1.5281781466523399,0.26674726212487554
1550,0.1684,45,237,45,440871,164739,47985,59971,1.5259828078105895,0.2668817587112278
1551,0.1685,50,228,50,441099,164511,48035,59921,1.5238708362666271,0.26698955585656237
1552,0.1686,47,204,47,441303,164307,48082,59874,1.521981177516766,0.2670788336210473
1553,0.1687,44,222,44,441525,164085,48126,59830,1.519924784171329,0.2671996069937253
1554,0.1688,44,215,44,441740,163870,48170,59786,1.517933232057505,0.2673123010337304
1555,0.1689,41,222,41,441962,163648,48211,59745,1.5158768387120678,0.2674434740569311
1556,0.169,52,237,52,442199,163411,48263,59693,1.5136814998703176,0.26755683448078027
1557,0.1691,48,197,48,442396,163214,48311,59645,1.5118566823520694,0.2676355902162354
1558,0.1692,45,239,45,442635,162975,48356,59600,1.5096428174441439,0.2677749073346063
1559,0.1693,50,199,50,442834,162776,48406,59550,1.5077994738597207,0.26784991409011993
1560,0.1694,37,202,37,443036,162574,48443,59513,1.5059283411760347,0.2679715606946827
1561,0.1695,47,210,47,443246,162364,48490,59466,1.5039831042276484,0.2680701438038137
1562,0.1696,37,196,37,443442,162168,48527,59429,1.5021675497424878,0.2681850386061183
1563,0.1697,55,191,55,443633,161977,48582,59374,1.5003983104227647,0.2682346138034163
1564,0.1698,43,246,43,443879,161731,48625,59331,1.4981196042832265,0.26839076820077623
1565,0.1699,53,195,53,444074,161536,48678,59278,1.4963133128311534,0.26845218147400074
1566,0.17,46,230,46,444304,161306,48724,59232,1.494182815221016,0.2685795645194932
1567,0.1701,49,216,49,444520,161090,48773,59183,1.4921820000741042,0.2686802286253876
1568,0.1702,37,204,37,444724,160886,48810,59146,1.4902923413242433,0.26880635543920883
1569,0.1703,46,194,46,444918,160692,48856,59100,1.4884953129052576,0.2688905874645119
1570,0.1704,38,199,38,445117,160493,48894,59062,1.4866519693208344,0.2690077657079092
1571,0.1705,41,203,41,445320,160290,48935,59021,1.484771573604061,0.2691201079745202
1572,0.1706,48,215,48,445535,160075,48983,58973,1.4827800214902367,0.2692240970015704
1573,0.1707,48,229,48,445764,159846,49031,58925,1.4806587869131869,0.2693455713965745
1574,0.1708,46,218,46,445982,159628,49077,58879,1.4786394457001,0.26946047495045927
1575,0.1709,46,246,46,446228,159382,49123,58833,1.4763607395605618,0.26961024677496964
1576,0.171,53,210,53,446438,159172,49176,58780,1.4744155026121752,0.26969240933783584
1577,0.1711,42,212,42,446650,158960,49218,58738,1.4724517395976138,0.26981414620253746
1578,0.1712,53,222,53,446872,158738,49271,58685,1.4703953462521768,0.2699116468818846
1579,0.1713,45,222,45,447094,158516,49316,58640,1.4683389529067399,0.270036287277349
1580,0.1714,50,208,50,447302,158308,49366,58590,1.4664122420245285,0.27012697212514636
1581,0.1715,49,216,49,447518,158092,49415,58541,1.4644114268776167,0.27023122054349985
1582,0.1716,45,224,45,447742,157868,49460,58496,1.4623365074660046,0.2703592094803202
1583,0.1717,35,222,35,447964,157646,49495,58461,1.4602801141205677,0.27051877079409736
1584,0.1718,44,179,44,448143,157467,49539,58417,1.4586220311978955,0.27059439328528284
1585,0.1719,37,202,37,448345,157265,49576,58380,1.4567508985142095,0.27072271557420763
1586,0.172,41,208,41,448553,157057,49617,58339,1.4548241876319983,0.2708453267470148
1587,0.1721,49,203,49,448756,156854,49666,58290,1.4529437919152248,0.27093481575131073
1588,0.1722,38,212,38,448968,156642,49704,58252,1.4509800289006631,0.27107318026561933
1589,0.1723,42,185,42,449153,156457,49746,58210,1.4492663677794657,0.2711641752109081
1590,0.1724,36,205,36,449358,156252,49782,58174,1.4473674459965171,0.271301054909386
1591,0.1725,51,226,51,449584,156026,49833,58123,1.44527400051873,0.2714138286893705
1592,0.1726,33,195,33,449779,155831,49866,58090,1.4434677090666568,0.27154884279710734
1593,0.1727,48,232,48,450011,155599,49914,58042,1.4413186853903441,0.2716800614114332
1594,0.1728,47,218,47,450229,155381,49961,57995,1.4392993441772575,0.27179720305938815
1595,0.1729,41,208,41,450437,155173,50002,57954,1.437372633295046,0.2719223749219949
1596,0.173,42,191,42,450628,154982,50044,57912,1.4356033939753232,0.2720226967411012
1597,0.1731,47,228,47,450856,154754,50091,57865,1.4334914224313609,0.2721534764061537
1598,0.1732,47,189,47,451045,154565,50138,57818,1.4317407091778132,0.2722345950476262
1599,0.1733,42,218,42,451263,154347,50180,57776,1.4297213679647263,0.2723702757362474
1600,0.1734,45,207,45,451470,154140,50225,57731,1.4278039201156028,0.27248184036512785
1601,0.1735,35,193,35,451663,153947,50260,57696,1.4260161547297048,0.2726100083631398
1602,0.1736,54,205,54,451868,153742,50314,57642,1.4241172329467562,0.2726885667789426
1603,0.1737,44,204,44,452072,153538,50358,57598,1.422227574196895,0.27280046983934525
1604,0.1738,34,194,34,452266,153344,50392,57564,1.4204305457779096,0.27293417034915696
1605,0.1739,41,189,41,452455,153155,50433,57523,1.4186798325243617,0.273037526462184
1606,0.174,39,204,39,452659,152951,50472,57484,1.4167901737745008,0.2731674863972248
1607,0.1741,33,213,33,452872,152738,50505,57451,1.4148171477268516,0.27333019330221847
1608,0.1742,41,222,41,453094,152516,50546,57410,1.4127607543814147,0.2734773205796328
1609,0.1743,42,198,42,453292,152318,50588,57368,1.410926673830079,0.2735900346231985
1610,0.1744,42,220,42,453512,152098,50630,57326,1.408888806550817,0.2737317594927038
1611,0.1745,47,215,47,453727,151883,50677,57279,1.4068972544369929,0.2738499345005307
1612,0.1746,47,221,47,453948,151662,50724,57232,1.4048501241246434,0.27397627504858924
1613,0.1747,41,216,41,454164,151446,50765,57191,1.4028493089777316,0.2741172467012083
1614,0.1748,35,185,35,454349,151261,50800,57156,1.4011356478565342,0.2742386657518341
1615,0.1749,35,207,35,454556,151054,50835,57121,1.3992182000074105,0.2743893358952804
1616,0.175,42,202,42,454758,150852,50877,57079,1.3973470673237245,0.27450933242277487
1617,0.1751,48,200,48,454958,150652,50925,57031,1.3954944607062136,0.27460601012119434
1618,0.1752,42,190,42,455148,150462,50967,56989,1.3937344844195783,0.27471065456421034
1619,0.1753,37,215,37,455363,150247,51004,56952,1.3917429323057542,0.27486619143914787
1620,0.1754,44,197,44,455560,150050,51048,56908,1.389918114787506,0.27497366615448543
1621,0.1755,48,201,48,455761,149849,51096,56860,1.3880562451369076,0.2750726867238485
1622,0.1756,35,192,35,455953,149657,51131,56825,1.3862777427840973,0.2752055869276741
1623,0.1757,37,206,37,456159,149451,51168,56788,1.384369557968061,0.275350442932714
1624,0.1758,44,180,44,456339,149271,51212,56744,1.3827022120123014,0.27543625464165233
1625,0.1759,36,201,36,456540,149070,51248,56708,1.3808403423617028,0.27557853609229366
1626,0.176,35,215,35,456755,148855,51283,56673,1.3788487902478788,0.27574345101397374
1627,0.1761,40,194,40,456949,148661,51323,56633,1.3770517618288933,0.2758629088039592
1628,0.1762,49,193,49,457142,148468,51372,56584,1.3752639964429954,0.2759495152449135
1629,0.1763,35,183,35,457325,148285,51407,56549,1.3735688613879729,0.2760723317418007
1630,0.1764,37,198,37,457523,148087,51444,56512,1.3717347808366371,0.27620858361966577
1631,0.1765,37,175,37,457698,147912,51481,56475,1.3701137500463152,0.27631405128506215
1632,0.1766,31,181,31,457879,147731,51512,56444,1.3684371410574678,0.27644912452552955
1633,0.1767,54,195,54,458074,147536,51566,56390,1.3666308496053947,0.27652187558231905
1634,0.1768,45,178,45,458252,147358,51611,56345,1.3649820297158102,0.27660368281272246
1635,0.1769,41,193,41,458445,147165,51652,56304,1.3631942643299122,0.2767202866284299
1636,0.177,35,199,35,458644,146966,51687,56269,1.3613509207454888,0.27686668142790366
1637,0.1771,42,183,42,458827,146783,51729,56227,1.3596557856904665,0.2769666518890695
1638,0.1772,46,203,46,459030,146580,51775,56181,1.357775389973693,0.2770799118173613
1639,0.1773,38,182,38,459212,146398,51813,56143,1.356089517951758,0.2771932596363205
1640,0.1774,39,208,39,459420,146190,51852,56104,1.3541628070695468,0.2773389225582568
1641,0.1775,42,197,42,459617,145993,51894,56062,1.3523379895512986,0.2774591076687041
1642,0.1776,37,201,37,459818,145792,51931,56025,1.3504761199007003,0.27760297695436953
1643,0.1777,50,190,50,460008,145602,51981,55975,1.3487161436140649,0.27768545022497604
1644,0.1778,46,176,46,460184,145426,52027,55929,1.3470858497906555,0.27776315462739937
1645,0.1779,57,197,57,460381,145229,52084,55872,1.3452610322724072,0.2778305428615472
1646,0.178,36,189,36,460570,145040,52120,55836,1.3435103190188595,0.2779625241442482
1647,0.1781,43,181,43,460751,144859,52163,55793,1.3418337100300122,0.2780585291948249
1648,0.1782,45,196,45,460947,144663,52208,55748,1.3400181555448516,0.27816836401195544
1649,0.1783,26,192,26,461139,144471,52234,55722,1.3382396531920413,0.27834140054847073
1650,0.1784,40,168,40,461307,144303,52274,55682,1.336683463633332,0.2784308823161737
1651,0.1785,50,221,50,461528,144082,52324,55632,1.3346363333209825,0.27855833842394623
1652,0.1786,43,193,43,461721,143889,52367,55589,1.3328485679350848,0.27867233479381187
1653,0.1787,50,212,50,461933,143677,52417,55539,1.330884804920523,0.2787878483655931
1654,0.1788,46,174,46,462107,143503,52463,55493,1.3292730371632888,0.2788649018070715
1655,0.1789,43,198,43,462305,143305,52506,55450,1.327438956611953,0.2789866921586878
1656,0.179,46,196,46,462501,143109,52552,55404,1.3256234021267923,0.2790950718592737
1657,0.1791,45,197,45,462698,142912,52597,55359,1.3237985846085443,0.27920875972784726
1658,0.1792,44,194,44,462892,142718,52641,55315,1.3220015561895586,0.2793221331798236
1659,0.1793,48,183,48,463075,142535,52689,55267,1.3203064211345363,0.2794056682945572
1660,0.1794,42,191,42,463266,142344,52731,55225,1.3185371818148135,0.27952259716858413
1661,0.1795,43,190,43,463456,142154,52774,55182,1.3167772055281781,0.2796347346657478
1662,0.1796,42,180,42,463636,141974,52816,55140,1.3151098595724184,0.27973659912537924
1663,0.1797,31,190,31,463826,141784,52847,55109,1.313349883285783,0.27989313992879383
1664,0.1798,46,186,46,464012,141598,52893,55063,1.311626959131498,0.27998942342406474
1665,0.1799,37,189,37,464201,141409,52930,55026,1.3098762458779503,0.28012319596813195
1666,0.18,45,179,45,464380,141230,52975,54981,1.308218162955278,0.28021364755288947
1667,0.1801,42,197,42,464577,141033,53017,54939,1.30639334543703,0.28034106913232504
1668,0.1802,32,162,32,464739,140871,53049,54907,1.3048927340768461,0.2804554137850014
1669,0.1803,45,196,45,464935,140675,53094,54862,1.3030771795916856,0.2805709405381079
1670,0.1804,38,160,38,465095,140515,53132,54824,1.3015950942976768,0.2806607999426638
1671,0.1805,61,173,61,465268,140342,53193,54763,1.29999258957353,0.28068475948848054
1672,0.1806,47,208,47,465476,140134,53240,54716,1.2980658786913186,0.2808108801642289
1673,0.1807,35,156,35,465632,139978,53275,54681,1.2966208455296602,0.2809066110480378
1674,0.1808,38,182,38,465814,139796,53313,54643,1.2949349735077254,0.2810290116694696
1675,0.1809,50,169,50,465983,139627,53363,54593,1.2933695209159286,0.28108845638966123
1676,0.181,32,154,32,466137,139473,53395,54561,1.2919430138204453,0.28119298679612853
1677,0.1811,36,169,36,466306,139304,53431,54525,1.2903775612286488,0.28130465513416464
1678,0.1812,41,194,41,466500,139110,53472,54484,1.2885805328096631,0.2814343419734083
1679,0.1813,40,169,40,466669,138941,53512,54444,1.2870150802178666,0.2815316596426817
1680,0.1814,48,192,48,466861,138749,53560,54396,1.285236577865056,0.2816329700484092
1681,0.1815,38,167,38,467028,138582,53598,54358,1.2836896513394347,0.28173525448325903
1682,0.1816,52,190,52,467218,138392,53650,54306,1.2819296750527993,0.2818192197116732
1683,0.1817,34,183,34,467401,138209,53684,54272,1.2802345399977768,0.28196029738000117
1684,0.1818,39,181,39,467582,138028,53723,54233,1.2785579310089297,0.28208008904562026
1685,0.1819,41,178,41,467760,137850,53764,54192,1.276909111119345,0.2821882713156497
1686,0.182,41,182,41,467942,137668,53805,54151,1.27522323909741,0.2823025873349355
1687,0.1821,46,184,46,468126,137484,53851,54105,1.2735188410093001,0.2824013904764887
1688,0.1822,53,193,53,468319,137291,53904,54052,1.2717310756234022,0.28248747014523656
1689,0.1823,40,185,40,468504,137106,53944,54012,1.2700174145022045,0.2826107431011208
1690,0.1824,47,177,47,468681,136929,53991,53965,1.2683778576457074,0.2826961559818538
1691,0.1825,42,182,42,468863,136747,54033,53923,1.2666919856237726,0.28280799286725755
1692,0.1826,42,186,42,469049,136561,54075,53881,1.2649690614694875,0.2829260352233226
1693,0.1827,47,167,47,469216,136394,54122,53834,1.2634221349438661,0.28299724541077026
1694,0.1828,38,167,38,469383,136227,54160,53796,1.2618752084182445,0.2831025717939407
1695,0.1829,38,154,38,469537,136073,54198,53758,1.2604487013227612,0.2831887310291786
1696,0.183,48,162,48,469699,135911,54246,53710,1.2589480899625773,0.2832492181773116
1697,0.1831,38,180,38,469879,135731,54284,53672,1.2572807440068177,0.2833746033589753
1698,0.1832,35,180,35,470059,135551,54319,53637,1.2556133980510578,0.2835116392160179
1699,0.1833,48,156,48,470215,135395,54367,53589,1.2541683648893993,0.2835636879312534
1700,0.1834,40,163,40,470378,135232,54407,53549,1.252658490496128,0.2836567239287852
1701,0.1835,41,192,41,470570,135040,54448,53508,1.2508799881433177,0.28378980418779304
1702,0.1836,43,186,43,470756,134854,54491,53465,1.2491570639890326,0.2839065628003547
1703,0.1837,38,168,38,470924,134686,54529,53427,1.2476008744303235,0.2840154587933848
1704,0.1838,43,171,43,471095,134515,54572,53384,1.2460168957723516,0.28411008041554237
1705,0.1839,53,148,53,471243,134367,54625,53331,1.2446459668753937,0.2841319566537736
1706,0.184,42,159,42,471402,134208,54667,53289,1.2431731446144725,0.2842125474007584
1707,0.1841,45,195,45,471597,134013,54712,53244,1.2413668531623996,0.28433650010413497
1708,0.1842,46,155,46,471752,133858,54758,53198,1.2399310830338286,0.28439611667094344
1709,0.1843,40,167,40,471919,133691,54798,53158,1.238384156508207,0.2844971072898437
1710,0.1844,53,184,53,472103,133507,54851,53105,1.236679758420097,0.28457441107752984
1711,0.1845,40,144,40,472247,133363,54891,53065,1.2353458816554892,0.2846407192052696
1712,0.1846,38,177,38,472424,133186,54929,53027,1.2337063247989921,0.2847652956560498
1713,0.1847,41,183,41,472607,133003,54970,52986,1.2320111897439698,0.28488781594610435
1714,0.1848,37,169,37,472776,132834,55007,52949,1.230445737152173,0.2850045483171227
1715,0.1849,33,169,33,472945,132665,55040,52916,1.2288802845603763,0.2851369482867319
1716,0.185,45,153,45,473098,132512,55085,52871,1.2274630404979807,0.2851987506945081
1717,0.1851,54,161,54,473259,132351,55139,52817,1.2259716921708845,0.28523827011146635
1718,0.1852,38,173,38,473432,132178,55177,52779,1.2243691874467375,0.28535821839670844
1719,0.1853,50,157,50,473589,132021,55227,52729,1.2229148912519916,0.28540730717185386
1720,0.1854,44,167,44,473756,131854,55271,52685,1.22136796472637,0.28549520697521935
1721,0.1855,41,165,41,473921,131689,55312,52644,1.2198395642669235,0.28559183651326675
1722,0.1856,40,187,40,474108,131502,55352,52604,1.218107377079551,0.28572670092229474
1723,0.1857,48,171,48,474279,131331,55400,52556,1.216523398421579,0.2858059569191949
1724,0.1858,39,156,39,474435,131175,55439,52517,1.2150783652599206,0.2858970450536768
1725,0.1859,30,140,30,474575,131035,55469,52487,1.213781540627663,0.2859984089101034
1726,0.186,40,134,40,474709,130901,55509,52447,1.212540294193931,0.2860516613216397
1727,0.1861,37,166,37,474875,130735,55546,52410,1.2110026307013968,0.28616669851756804
1728,0.1862,36,169,36,475044,130566,55582,52374,1.2094371781096003,0.2862905870777304
1729,0.1863,39,174,39,475218,130392,55621,52335,1.2078254103523658,0.2864108752401123
1730,0.1864,37,152,37,475370,130240,55658,52298,1.2064174293230576,0.28650472778270825
1731,0.1865,46,175,46,475545,130065,55704,52252,1.2047963985327355,0.2865997136855038
1732,0.1866,48,199,48,475744,129866,55752,52204,1.2029530549483123,0.2867248860328445
1733,0.1867,42,145,42,475889,129721,55794,52162,1.201609915150617,0.28678875980712876
1734,0.1868,43,155,43,476044,129566,55837,52119,1.200174145022046,0.2868646283402592
1735,0.1869,42,174,42,476218,129392,55879,52077,1.1985623772648115,0.28697463478610674
1736,0.187,33,164,33,476382,129228,55912,52044,1.1970432398384527,0.287104461803257
1737,0.1871,32,141,32,476523,129087,55944,52012,1.1957371521731075,0.28720202762025193
1738,0.1872,39,192,39,476715,128895,55983,51973,1.1939586498202972,0.2873532078642988
1739,0.1873,39,163,39,476878,128732,56022,51934,1.1924487754270259,0.28745862530858046
1740,0.1874,38,176,38,477054,128556,56060,51896,1.1908184816036163,0.28758894332010726
1741,0.1875,47,133,47,477187,128423,56107,51849,1.1895864982029716,0.2876153812017396
1742,0.1876,42,170,42,477357,128253,56149,51807,1.1880117825780874,0.2877207597467511
1743,0.1877,33,176,33,477533,128077,56182,51774,1.1863814887546777,0.2878716270690738
1744,0.1878,34,189,34,477722,127888,56216,51740,1.18463077550113,0.28803972654597276
1745,0.1879,41,162,41,477884,127726,56257,51699,1.1831301641409464,0.2881371046398217
1746,0.188,43,170,43,478054,127556,56300,51656,1.1815554485160622,0.28823962681070464
1747,0.1881,38,163,38,478217,127393,56338,51618,1.1800455741227909,0.2883509951902397
1748,0.1882,42,161,42,478378,127232,56380,51576,1.1785542257956945,0.28844347009082366
1749,0.1883,40,167,40,478545,127065,56420,51536,1.177007299270073,0.2885538154881552
1750,0.1884,44,166,44,478711,126899,56464,51492,1.175469635777539,0.2886468487760033
1751,0.1885,39,167,39,478878,126732,56503,51453,1.1739227092519176,0.28876168027611754
1752,0.1886,38,147,38,479025,126585,56541,51415,1.172561043388047,0.2888483146067416
1753,0.1887,23,156,23,479181,126429,56564,51392,1.1711160102263884,0.28900973450829764
1754,0.1888,41,184,41,479365,126245,56605,51351,1.1694116121382785,0.28914502578886914
1755,0.1889,29,185,29,479550,126060,56634,51322,1.167697951017081,0.28933037174008636
1756,0.189,37,168,37,479718,125892,56671,51285,1.166141761458372,0.28945630640545894
1757,0.1891,32,148,32,479866,125744,56703,51253,1.164770832561414,0.28956987971547543
1758,0.1892,43,171,43,480037,125573,56746,51210,1.1631868539034422,0.2896771748414723
1759,0.1893,47,155,47,480192,125418,56793,51163,1.1617510837748712,0.28974238451475526
1760,0.1894,41,171,41,480363,125247,56834,51122,1.1601671051168996,0.28985819503427473
1761,0.1895,31,151,31,480514,125096,56865,51091,1.1587683871206789,0.2899816672058665
1762,0.1896,40,187,40,480701,124909,56905,51051,1.157036199933306,0.2901284382814276
1763,0.1897,34,176,34,480877,124733,56939,51017,1.1554059061098967,0.2902816500711238
1764,0.1898,31,150,31,481027,124583,56970,50986,1.1540164511467634,0.2904043424522552
1765,0.1899,33,182,33,481209,124401,57003,50953,1.1523305791248286,0.29057221392155297
1766,0.19,38,183,38,481392,124218,57041,50915,1.1506354440698061,0.2907219084924029
1767,0.1901,44,162,44,481554,124056,57085,50871,1.1491348327096225,0.29081273902828036
1768,0.1902,41,147,41,481701,123909,57126,50830,1.147773166845752,0.2908909859848116
1769,0.1903,30,146,30,481847,123763,57156,50800,1.146420764014969,0.2910124138563155
1770,0.1904,41,165,41,482012,123598,57197,50759,1.1448923635555226,0.29112109063587926
1771,0.1905,33,175,33,482187,123423,57230,50726,1.1432713327652007,0.2912793068004984
1772,0.1906,36,167,36,482354,123256,57266,50690,1.141724406239579,0.2914122773734377
1773,0.1907,38,174,38,482528,123082,57304,50652,1.1401126384823446,0.2915491498497703
1774,0.1908,41,162,41,482690,122920,57345,50611,1.138612027122161,0.2916539407944402
1775,0.1909,38,169,38,482859,122751,57383,50573,1.1370465745303642,0.2917830190856431
1776,0.191,33,159,33,483018,122592,57416,50540,1.1355737522694431,0.291915994732343
1777,0.1911,32,178,32,483196,122414,57448,50508,1.1339249323798584,0.2920854489307318
1778,0.1912,32,173,32,483369,122241,57480,50476,1.1323224276557116,0.29224685468135736
1779,0.1913,46,154,46,483523,122087,57526,50430,1.1308959205602283,0.2923190178359234
1780,0.1914,37,147,37,483670,121940,57563,50393,1.1295342546963578,0.2924164263373817
1781,0.1915,44,145,44,483815,121795,57607,50349,1.1281911148986625,0.2924818756389999
1782,0.1916,43,177,43,483992,121618,57650,50306,1.1265515580421652,0.2926060352248668
1783,0.1917,46,140,46,484132,121478,57696,50260,1.1252547334099077,0.29265509089426917
1784,0.1918,48,149,48,484281,121329,57744,50212,1.123874541479862,0.2927113634641281
1785,0.1919,38,144,38,484425,121185,57782,50174,1.1225406647152543,0.29280049486750037
1786,0.192,39,169,39,484594,121016,57821,50135,1.1209752121234577,0.2929284666756256
1787,0.1921,29,141,29,484735,120875,57850,50106,1.1196691244581125,0.29305010498242495
1788,0.1922,42,142,42,484877,120733,57892,50064,1.1183537737596798,0.2931199025744012
1789,0.1923,47,142,47,485019,120591,57939,50017,1.1170384230612471,0.2931691362655913
1790,0.1924,44,131,44,485150,120460,57983,49973,1.1158249657267776,0.293211995329543
1791,0.1925,41,132,41,485282,120328,58024,49932,1.1146022453592204,0.293269117819805
1792,0.1926,24,166,24,485448,120162,58048,49908,1.1130645818666864,0.29345563591462337
1793,0.1927,48,149,48,485597,120013,58096,49860,1.1116843899366409,0.29351338941444494
1794,0.1928,23,153,23,485750,119860,58119,49837,1.110267145874245,0.29368226898530914
1795,0.1929,33,138,33,485888,119722,58152,49804,1.1089888473081626,0.2937838443660559
1796,0.193,38,170,38,486058,119552,58190,49766,1.1074141316832784,0.29392031561913085
1797,0.1931,41,133,41,486191,119419,58231,49725,1.1061821482826337,0.29398027716028946
1798,0.1932,32,167,32,486358,119252,58263,49693,1.1046352217570121,0.2941371452247773
1799,0.1933,36,146,36,486504,119106,58299,49657,1.1032828189262291,0.2942410362460966
1800,0.1934,44,169,44,486673,118937,58343,49613,1.1017173663344326,0.2943518243844557
1801,0.1935,40,155,40,486828,118782,58383,49573,1.1002815962058616,0.29445516913664577
1802,0.1936,45,148,45,486976,118634,58428,49528,1.0989106673089035,0.29452551706092933
1803,0.1937,41,138,41,487114,118496,58469,49487,1.097632368742821,0.2945952864277933
1804,0.1938,34,155,34,487269,118341,58503,49453,1.0961965986142503,0.2947244835929771
1805,0.1939,36,133,36,487402,118208,58539,49417,1.0949646152136054,0.294806860551827
1806,0.194,46,149,46,487551,118059,58585,49371,1.0935844232835599,0.2948754703458162
1807,0.1941,49,130,49,487681,117929,58634,49322,1.092380228982178,0.2948980873059055
1808,0.1942,47,160,47,487841,117769,58681,49275,1.0908981436881693,0.2949821603888796
1809,0.1943,27,160,27,488001,117609,58708,49248,1.0894160583941606,0.29515093762922745
1810,0.1944,32,138,32,488139,117471,58740,49216,1.0881377598280781,0.2952599782826495
1811,0.1945,43,137,43,488276,117334,58783,49173,1.0868687242950832,0.2953209174389065
1812,0.1946,42,128,42,488404,117206,58825,49131,1.0856830560598763,0.2953702423393472
1813,0.1947,38,161,38,488565,117045,58863,49093,1.08419170773278,0.29549531112689453
1814,0.1948,37,151,37,488716,116894,58900,49056,1.0827929897365594,0.29560711057547456
1815,0.1949,35,145,35,488861,116749,58935,49021,1.081449849938864,0.2957169572298968
1816,0.195,33,139,33,489000,116610,58968,48988,1.080162288339694,0.2958248288022802
1817,0.1951,38,153,38,489153,116457,59006,48950,1.0787450442772981,0.29593668949923524
1818,0.1952,37,162,37,489315,116295,59043,48913,1.0772444329171145,0.2960691976175488
1819,0.1953,49,119,49,489434,116176,59092,48864,1.0761421319796953,0.296073679108095
1820,0.1954,38,124,38,489558,116052,59130,48826,1.0749935158768387,0.29613411128228145
1821,0.1955,33,131,33,489689,115921,59163,48793,1.0737800585423691,0.2962286144468594
1822,0.1956,39,142,39,489831,115779,59202,48754,1.0724647078439364,0.296317456072642
1823,0.1957,35,134,35,489965,115645,59237,48719,1.071223461410204,0.29640918936020055
1824,0.1958,45,124,45,490089,115521,59282,48674,1.0700748453073474,0.29644020828892476
1825,0.1959,25,163,25,490252,115358,59307,48649,1.068564970914076,0.2966275829690196
1826,0.196,26,141,26,490393,115217,59333,48623,1.0672588832487309,0.296771240234375
1827,0.1961,39,162,39,490555,115055,59372,48584,1.0657582718885472,0.2968974388745959
1828,0.1962,40,143,40,490698,114912,59412,48544,1.0644336581570268,0.29698512137823024
1829,0.1963,41,137,41,490835,114775,59453,48503,1.063164622624032,0.29705777875770156
1830,0.1964,34,166,34,491001,114609,59487,48469,1.061626959131498,0.29721360330639324
1831,0.1965,30,147,30,491148,114462,59517,48439,1.0602652932676275,0.2973523796661776
1832,0.1966,38,135,38,491283,114327,59555,48401,1.0590147838008077,0.29743498353079983
1833,0.1967,34,136,34,491419,114191,59589,48367,1.0577550113009004,0.2975368791446745
1834,0.1968,31,142,31,491561,114049,59620,48336,1.0564396606024677,0.2976629614804323
1835,0.1969,37,124,37,491685,113925,59657,48299,1.0552910444996109,0.29773029884604
1836,0.197,34,162,34,491847,113763,59691,48265,1.0537904331394272,0.29788061322734344
1837,0.1971,22,156,22,492003,113607,59713,48243,1.0523453999777688,0.2980722891566265
1838,0.1972,40,145,40,492148,113462,59753,48203,1.0510022601800733,0.2981659604738193
1839,0.1973,51,140,51,492288,113322,59804,48152,1.0497054355478157,0.29820280664379406
1840,0.1974,39,139,39,492427,113183,59843,48113,1.0484178739486458,0.29829010018847335
1841,0.1975,51,144,51,492571,113039,59894,48062,1.047083997184038,0.29833458513603267
1842,0.1976,30,135,30,492706,112904,59924,48032,1.0458334877172182,0.2984540438435154
1843,0.1977,39,130,39,492836,112774,59963,47993,1.044629293415836,0.29852519484720125
1844,0.1978,26,151,26,492987,112623,59989,47967,1.0432305754196154,0.29869232206239493
1845,0.1979,35,153,35,493140,112470,60024,47932,1.0418133313572195,0.2988242041869802
1846,0.198,34,157,34,493297,112313,60058,47898,1.0403590351624736,0.29896823563925073
1847,0.1981,34,129,34,493426,112184,60092,47864,1.039164103894179,0.2990602819154254
1848,0.1982,34,135,34,493561,112049,60126,47830,1.0379135944273592,0.29916374258032635
1849,0.1983,39,167,39,493728,111882,60165,47791,1.0363666679017378,0.29930545552472865
1850,0.1984,31,153,31,493881,111729,60196,47760,1.034949423839342,0.2994563888418637
1851,0.1985,31,147,31,494028,111582,60227,47729,1.0335877579754715,0.29959638694126584
1852,0.1986,32,141,32,494169,111441,60259,47697,1.0322816703101263,0.2997209968706406
1853,0.1987,37,126,37,494295,111315,60296,47660,1.0311145281410945,0.2997955653404623
1854,0.1988,28,154,28,494449,111161,60324,47632,1.0296880210456112,0.2999628447097794
1855,0.1989,26,130,26,494579,111031,60350,47606,1.0284838267442291,0.30009392512465566
1856,0.199,41,130,41,494709,110901,60391,47565,1.027279632442847,0.30015902464882055
1857,0.1991,29,121,29,494830,110780,60420,47536,1.026158805439253,0.3002602390156396
1858,0.1992,23,153,23,494983,110627,60443,47513,1.0247415613768573,0.30044896926773745
1859,0.1993,25,134,25,495117,110493,60468,47488,1.023500314943125,0.3005931092979536
1860,0.1994,44,161,44,495278,110332,60512,47444,1.0220089666160288,0.3007047966737653
1861,0.1995,24,154,24,495432,110178,60536,47420,1.0205824595205455,0.3008921433013109
1862,0.1996,24,160,24,495592,110018,60560,47396,1.0191003742265368,0.3010913895841539
1863,0.1997,42,149,42,495741,109869,60602,47354,1.0177201822964912,0.30119002944861756
1864,0.1998,33,129,33,495870,109740,60635,47321,1.0165252510281966,0.30129058136647546
1865,0.1999,42,136,42,496006,109604,60677,47279,1.0152654785282893,0.30136471128165576
1866,0.2,44,141,44,496147,109463,60721,47235,1.013959390862944,0.30143971205758846
1867,0.2001,45,151,45,496298,109312,60766,47190,1.0125606728667236,0.3015296929112727
1868,0.2002,35,159,35,496457,109153,60801,47155,1.0110878506058023,0.3016800163779205
1869,0.2003,34,135,34,496592,109018,60835,47121,1.0098373411389825,0.30178879075695375
1870,0.2004,31,154,31,496746,108864,60866,47090,1.0084108340434992,0.30194801031073265
1871,0.2005,44,147,44,496893,108717,60910,47046,1.0070491681796288,0.3020357851351091
1872,0.2006,30,157,30,497050,108560,60940,47016,1.0055948719848826,0.30220599578341134
1873,0.2007,39,127,39,497177,108433,60979,46977,1.0044184667827634,0.302277845698475
1874,0.2008,42,131,42,497308,108302,61021,46935,1.0032050094482938,0.30234415764283
1875,0.2009,56,144,56,497452,108158,61077,46879,1.001871132683686,0.30237298193334494
1876,0.201,38,132,38,497584,108026,61115,46841,1.0006484123161288,0.30245952979007795
1877,0.2011,42,137,42,497721,107889,61157,46799,0.9993793767831338,0.30253801199834507
1878,0.2012,40,152,40,497873,107737,61197,46759,0.9979713957538257,0.30265508492129245
1879,0.2013,36,132,36,498005,107605,61233,46723,0.9967486753862684,0.3027512829817013
1880,0.2014,35,136,35,498141,107469,61268,46688,0.9954889028863612,0.3028600712260877
1881,0.2015,33,145,33,498286,107324,61301,46655,0.9941457630886658,0.30299586307223714
1882,0.2016,27,139,27,498425,107185,61328,46628,0.9928582014894958,0.30314732824923774
1883,0.2017,34,129,34,498554,107056,61362,46594,0.9916632702212013,0.303247640741946
1884,0.2018,32,146,32,498700,106910,61394,46562,0.9903108673904183,0.30339084653878234
1885,0.2019,31,124,31,498824,106786,61425,46531,0.9891622512875616,0.30349537233313983
1886,0.202,38,131,38,498955,106655,61463,46493,0.987948793953092,0.30358215582312537
1887,0.2021,54,127,54,499082,106528,61517,46439,0.9867723887509726,0.30358835565840997
1888,0.2022,33,133,33,499215,106395,61550,46406,0.9855404053503279,0.30370220090182654
1889,0.2023,33,124,33,499339,106271,61583,46373,0.9843917892474712,0.30379838054558317
1890,0.2024,39,131,39,499470,106140,61622,46334,0.9831783319130016,0.30388131747051955
1891,0.2025,19,130,19,499600,106010,61641,46315,0.9819741376116196,0.3040538322665354
1892,0.2026,36,123,36,499723,105887,61677,46279,0.9808347845418504,0.30413495787495237
1893,0.2027,22,121,22,499844,105766,61699,46257,0.9797139575382563,0.3042763266084737
1894,0.2028,27,120,27,499964,105646,61726,46230,0.9786023935677498,0.30439305749427165
1895,0.2029,30,121,30,500085,105525,61756,46200,0.9774815665641557,0.3044982698961938
1896,0.203,47,125,47,500210,105400,61803,46153,0.9763236874282115,0.3045337274748768
1897,0.2031,35,106,35,500316,105294,61838,46118,0.9753418059209308,0.3045861622592661
1898,0.2032,37,113,37,500429,105181,61875,46081,0.9742950831820372,0.3046435985244146
1899,0.2033,22,132,22,500561,105049,61897,46059,0.97307236281448,0.3048084813510866
1900,0.2034,27,127,27,500688,104922,61924,46032,0.9718959576123606,0.3049405779244008
1901,0.2035,31,129,31,500817,104793,61955,46001,0.9707010263440661,0.3050585567065003
1902,0.2036,27,117,27,500934,104676,61982,45974,0.9696172514728223,0.305170925987388
1903,0.2037,30,120,30,501054,104556,62012,45944,0.9685056875023158,0.30527574750830566
1904,0.2038,41,132,41,501186,104424,62053,45903,0.9672829671347586,0.3053543275659063
1905,0.2039,38,145,38,501331,104279,62091,45865,0.9659398273370633,0.30547341219096336
1906,0.204,39,129,39,501460,104150,62130,45826,0.9647448960687688,0.3055555555555556
1907,0.2041,41,121,41,501581,104029,62171,45785,0.9636240690651747,0.3056122925761277
1908,0.2042,27,124,27,501705,103905,62198,45758,0.962475452962318,0.3057402297160955
1909,0.2043,35,119,35,501824,103786,62233,45723,0.961373152024899,0.30582105425091466
1910,0.2044,43,172,43,501996,103614,62276,45680,0.9597799103338397,0.3059734483636315
1911,0.2045,28,127,28,502123,103487,62304,45652,0.9586035051317203,0.30610370191566255
1912,0.2046,38,160,38,502283,103327,62342,45614,0.9571214198377117,0.3062554971431641
1913,0.2047,36,135,36,502418,103192,62378,45578,0.9558709103708919,0.3063655306849499
1914,0.2048,48,140,48,502558,103052,62426,45530,0.9545740857386342,0.3064301193953507
1915,0.2049,25,143,25,502701,102909,62451,45505,0.953249472007114,0.30660854097322354
1916,0.205,37,152,37,502853,102757,62488,45468,0.9518414909778058,0.3067498735031203
1917,0.2051,60,152,60,503005,102605,62548,45408,0.9504335099484975,0.30678386357955045
1918,0.2052,36,132,36,503137,102473,62584,45372,0.9492107895809404,0.30688897155805067
1919,0.2053,37,151,37,503288,102322,62621,45335,0.9478120715847197,0.3070291283176551
1920,0.2054,38,130,38,503418,102192,62659,45297,0.9466078772833376,0.30712120903931817
1921,0.2055,41,107,41,503525,102085,62700,45256,0.9456167327429693,0.3071514378211089
1922,0.2056,42,139,42,503664,101946,62742,45214,0.9443291711437993,0.30724381625441693
1923,0.2057,36,112,36,503776,101834,62778,45178,0.9432917114379933,0.30730824694582753
1924,0.2058,46,135,46,503911,101699,62824,45132,0.9420412019711735,0.3073737834653445
1925,0.2059,34,128,34,504039,101571,62858,45098,0.9408555337359665,0.30748147188567454
1926,0.206,28,132,28,504171,101439,62886,45070,0.9396328133684093,0.30762615265956356
1927,0.2061,36,156,36,504327,101283,62922,45034,0.9381877802067509,0.30778378452264604
1928,0.2062,31,113,31,504440,101170,62953,45003,0.9371410574678573,0.3078749153400423
1929,0.2063,28,141,28,504581,101029,62981,44975,0.9358349698025121,0.3080395057669653
1930,0.2064,35,151,35,504732,100878,63016,44940,0.9344362518062914,0.30819240422993044
1931,0.2065,38,131,38,504863,100747,63054,44902,0.9332227944718219,0.30828910600141435
1932,0.2066,40,124,40,504987,100623,63094,44862,0.9320741783689651,0.3083616867718321
1933,0.2067,41,131,41,505118,100492,63135,44821,0.9308607210344956,0.30844453008333733
1934,0.2068,22,116,22,505234,100376,63157,44799,0.9297862091963393,0.30858618908214225
1935,0.2069,32,125,32,505359,100251,63189,44767,0.928628330060395,0.308699609703623
1936,0.207,38,133,38,505492,100118,63227,44729,0.9273963466597502,0.3088017011053042
1937,0.2071,31,136,31,505628,99982,63258,44698,0.9261365741598429,0.3089438761404479
1938,0.2072,47,113,47,505741,99869,63305,44651,0.9250898514209492,0.3089606974813175
1939,0.2073,37,117,37,505858,99752,63342,44614,0.9240060765497055,0.30903398307080615
1940,0.2074,34,122,34,505980,99630,63376,44580,0.9228759865130238,0.3091325150821718
1941,0.2075,27,112,27,506092,99518,63403,44553,0.9218385268072178,0.3092433591770724
1942,0.2076,30,123,30,506215,99395,63433,44523,0.9206991737374486,0.30936366542058674
1943,0.2077,45,116,45,506331,99279,63478,44478,0.9196246618992923,0.30939710761910727
1944,0.2078,38,101,38,506432,99178,63516,44440,0.9186890955574494,0.3094319653525324
1945,0.2079,31,144,31,506576,99034,63547,44409,0.9173552187928415,0.30959335764031704
1946,0.208,24,133,24,506709,98901,63571,44385,0.9161232353921969,0.309765085214187
1947,0.2081,34,126,34,506835,98775,63605,44351,0.914956093223165,0.30987381747551107
1948,0.2082,32,115,32,506950,98660,63637,44319,0.9138908444180963,0.3099685967869407
1949,0.2083,31,128,31,507078,98532,63668,44288,0.9127051761828894,0.31009662512253183
1950,0.2084,46,136,46,507214,98396,63714,44242,0.911445403682982,0.310169800473927
1951,0.2085,32,119,32,507333,98277,63746,44210,0.910343102745563,0.3102739197260101
1952,0.2086,29,139,29,507472,98138,63775,44181,0.909055541146393,0.3104364139714304
1953,0.2087,29,125,29,507597,98013,63804,44152,0.9078976620104487,0.31056870537755427
1954,0.2088,36,116,36,507713,97897,63840,44116,0.9068231501722924,0.31064761676747904
1955,0.2089,26,119,26,507832,97778,63866,44090,0.9057208492348735,0.31078185355400795
1956,0.209,30,121,30,507953,97657,63896,44060,0.9046000222312794,0.3109013033016505
1957,0.2091,39,119,39,508072,97538,63935,44021,0.9034977212938604,0.31097280992377735
1958,0.2092,24,133,24,508205,97405,63959,43997,0.9022657378932157,0.31114835716609385
1959,0.2093,39,133,39,508338,97272,63998,43958,0.9010337544925711,0.31125115060539543
1960,0.2094,28,124,28,508462,97148,64026,43930,0.8998851383897143,0.3113880264818044
1961,0.2095,33,121,33,508583,97027,64059,43897,0.8987643113861202,0.3114941386846811
1962,0.2096,34,133,34,508716,96894,64093,43863,0.8975323279854756,0.31162215733498155
1963,0.2097,41,138,41,508854,96756,64134,43822,0.8962540294193931,0.3117272973011424
1964,0.2098,22,109,22,508963,96647,64156,43800,0.8952443588128497,0.31186141391414557
1965,0.2099,48,125,48,509088,96522,64204,43752,0.8940864796769054,0.3119038453312802
1966,0.21,42,112,42,509200,96410,64246,43710,0.8930490199710993,0.31194690265486724
1967,0.2101,34,117,34,509317,96293,64280,43676,0.8919652450998555,0.31204052325872156
1968,0.2102,32,151,32,509468,96142,64312,43644,0.8905665271036348,0.31222010787918675
1969,0.2103,33,125,33,509593,96017,64345,43611,0.8894086479676906,0.3123370670639127
1970,0.2104,41,138,41,509731,95879,64386,43570,0.8881303494016081,0.312443975933854
1971,0.2105,26,127,26,509858,95752,64412,43544,0.8869539441994887,0.3126005053985757
1972,0.2106,38,141,38,509999,95611,64450,43506,0.8856478565341436,0.3127295729493879
1973,0.2107,22,103,22,510102,95508,64472,43484,0.8846937641261254,0.3128525382755842
1974,0.2108,28,141,28,510243,95367,64500,43456,0.8833876764607803,0.31303170223954246
1975,0.2109,28,117,28,510360,95250,64528,43428,0.8823039015895365,0.3131570977372042
1976,0.211,38,99,38,510459,95151,64566,43390,0.8813868613138686,0.31319248453526394
1977,0.2111,28,133,28,510592,95018,64594,43362,0.8801548779132239,0.31335453100158983
1978,0.2112,25,122,25,510714,94896,64619,43337,0.8790247878765423,0.31350690500821077
1979,0.2113,34,93,34,510807,94803,64653,43303,0.8781633257993997,0.31354901307691196
1980,0.2114,40,128,40,510935,94675,64693,43263,0.8769776575641928,0.31364091113398773
1981,0.2115,28,126,28,511061,94549,64721,43235,0.875810515395161,0.31378824827265867
1982,0.2116,38,120,38,511181,94429,64759,43197,0.8746989514246545,0.3138723787656402
1983,0.2117,33,106,33,511287,94323,64792,43164,0.8737170699173737,0.3139496825154378
1984,0.2118,47,115,47,511402,94208,64839,43117,0.872651821112305,0.31397778991443653
1985,0.2119,42,105,42,511507,94103,64881,43075,0.8716792026381118,0.3140080770969106
1986,0.212,32,118,32,511625,93985,64913,43043,0.8705861647337805,0.314118282394839
1987,0.2121,30,126,30,511751,93859,64943,43013,0.8694190225647486,0.3142571161377053
1988,0.2122,45,118,45,511869,93741,64988,42968,0.8683259846604172,0.31430264283990084
1989,0.2123,27,133,27,512002,93608,65015,42941,0.8670940012597725,0.31447319277329017
1990,0.2124,36,107,36,512109,93501,65051,42905,0.8661028567194042,0.31453894989956455
1991,0.2125,30,140,30,512249,93361,65081,42875,0.8648060320871466,0.314711236383922
1992,0.2126,23,112,23,512361,93249,65104,42852,0.8637685723813405,0.31485440959287586
1993,0.2127,37,110,37,512471,93139,65141,42815,0.8627496387417096,0.3149226944407667
1994,0.2128,30,115,30,512586,93024,65171,42785,0.8616843899366409,0.31503803135285585
1995,0.2129,30,114,30,512700,92910,65201,42755,0.8606284041646597,0.31515129178491136
1996,0.213,26,124,26,512824,92786,65227,42729,0.8594797880618029,0.31530826845736637
1997,0.2131,21,133,21,512957,92653,65248,42708,0.8582478046611582,0.31551185348808003
1998,0.2132,25,111,25,513068,92542,65273,42683,0.8572196079884398,0.315644296542799
1999,0.2133,27,127,27,513195,92415,65300,42656,0.8560432027863204,0.31580428071162575
2000,0.2134,30,95,30,513290,92320,65330,42626,0.8551632146430027,0.3158744979473271
2001,0.2135,43,117,43,513407,92203,65373,42583,0.8540794397717588,0.31593043787930497
2002,0.2136,38,102,38,513509,92101,65411,42545,0.8531346103968284,0.3159767092969713
2003,0.2137,31,111,31,513620,91990,65442,42514,0.8521064137241098,0.3160798191875335
2004,0.2138,37,101,37,513721,91889,65479,42477,0.8511708473822669,0.3161290802732834
2005,0.2139,22,112,22,513833,91777,65501,42455,0.8501333876764607,0.3162807676261994
2006,0.214,31,108,31,513941,91669,65532,42424,0.849132980103005,0.31637743953823094
2007,0.2141,35,133,35,514074,91536,65567,42389,0.8479009967023602,0.3165129736792981
2008,0.2142,26,116,26,514190,91420,65593,42363,0.846826484864204,0.3166545824207859
2009,0.2143,35,123,35,514313,91297,65628,42328,0.8456871317944348,0.31676707202993454
2010,0.2144,33,98,33,514411,91199,65661,42295,0.8447793545518545,0.31683071898362475
2011,0.2145,31,109,31,514520,91090,65692,42264,0.843769683945311,0.3169308757142643
2012,0.2146,33,101,33,514621,90989,65725,42231,0.842834117603468,0.3170019516589101
2013,0.2147,23,107,23,514728,90882,65748,42208,0.8418429730630997,0.31713877827034337
2014,0.2148,32,111,32,514839,90771,65780,42176,0.8408147763903813,0.31723920058369126
2015,0.2149,29,97,29,514936,90674,65809,42147,0.8399162621808886,0.31732180905127955
2016,0.215,38,129,38,515065,90545,65847,42109,0.838721330912594,0.3174348304611998
2017,0.2151,36,117,36,515182,90428,65883,42073,0.8376375560413502,0.3175296790212904
2018,0.2152,38,103,38,515285,90325,65921,42035,0.8366834636333321,0.31758084013297067
2019,0.2153,28,112,28,515397,90213,65949,42007,0.8356460039275261,0.31770533958553926
2020,0.2154,32,116,32,515513,90097,65981,41975,0.8345714920893698,0.31781906838694046
2021,0.2155,37,122,37,515635,89975,66018,41938,0.8334414020526881,0.3179216604883522
2022,0.2156,27,98,27,515733,89877,66045,41911,0.8325336248101078,0.3180183324733663
2023,0.2157,43,115,43,515848,89762,66088,41868,0.8314683760050391,0.31807338752564007
2024,0.2158,20,108,20,515956,89654,66108,41848,0.8304679684315832,0.31823090143115695
2025,0.2159,29,123,29,516079,89531,66137,41819,0.8293286153618141,0.3183783783783784
2026,0.216,35,99,35,516178,89432,66172,41784,0.8284115750861462,0.31843677600292647
2027,0.2161,18,120,18,516298,89312,66190,41766,0.8273000111156397,0.3186347060528845
2028,0.2162,35,103,35,516401,89209,66225,41731,0.8263459187076216,0.3187032228501604
2029,0.2163,36,103,36,516504,89106,66261,41695,0.8253918262996035,0.3187666760957485
2030,0.2164,35,133,35,516637,88973,66296,41660,0.8241598428989588,0.31890869841464253
2031,0.2165,28,116,28,516753,88857,66324,41632,0.8230853310608025,0.3190460498586088
2032,0.2166,27,120,27,516873,88737,66351,41605,0.821973767090296,0.31919872335854904
2033,0.2167,25,123,25,516996,88614,66376,41580,0.8208344140205269,0.3193695562007466
2034,0.2168,40,120,40,517116,88494,66416,41540,0.8197228500500203,0.31945491179230046
2035,0.2169,30,111,30,517227,88383,66446,41510,0.8186946533773019,0.3195707235955748
2036,0.217,33,99,33,517326,88284,66479,41477,0.817777613101634,0.31964149474803677
2037,0.2171,47,111,47,517437,88173,66526,41430,0.8167494164289155,0.31966852619152336
2038,0.2172,24,123,24,517560,88050,66550,41406,0.8156100633591463,0.31984612532443457
2039,0.2173,31,107,31,517667,87943,66581,41375,0.814618918818778,0.3199477257613016
2040,0.2174,37,104,37,517771,87839,66618,41338,0.8136555633776724,0.32001052819000286
2041,0.2175,47,87,47,517858,87752,66665,41291,0.8128496794990552,0.31997861178056924
2042,0.2176,25,104,25,517962,87648,66690,41266,0.8118863240579496,0.32010487611896304
2043,0.2177,30,96,30,518058,87552,66720,41236,0.8109970728815443,0.3201851104140137
2044,0.2178,26,102,26,518160,87450,66746,41210,0.8100522435066138,0.3203015700295352
2045,0.2179,28,113,28,518273,87337,66774,41182,0.8090055207677201,0.3204351107618329
2046,0.218,25,103,25,518376,87234,66799,41157,0.8080514283597021,0.3205598523260976
2047,0.2181,34,116,34,518492,87118,66833,41123,0.8069769165215458,0.3206696766244805
2048,0.2182,41,104,41,518596,87014,66874,41082,0.8060135610804402,0.3207125905570822
2049,0.2183,32,110,32,518706,86904,66906,41050,0.8049946274408092,0.32081841911937103
2050,0.2184,32,108,32,518814,86796,66938,41018,0.8039942198673534,0.32091946109189917
2051,0.2185,27,117,27,518931,86679,66965,40991,0.8029104449961095,0.32106994595441374
2052,0.2186,36,103,36,519034,86576,67001,40955,0.8019563525880914,0.32113760575859984
2053,0.2187,37,110,37,519144,86466,67038,40918,0.8009374189484605,0.3212177353513785
2054,0.2188,38,117,38,519261,86349,67076,40880,0.7998536440772166,0.32131039307076215
2055,0.2189,23,101,23,519362,86248,67099,40857,0.7989180777353737,0.3214429015380984
2056,0.219,34,108,34,519470,86140,67133,40823,0.7979176701619178,0.32153462032245617
2057,0.2191,26,106,26,519576,86034,67159,40797,0.7969357886546371,0.3216642618918088
2058,0.2192,25,112,25,519688,85922,67184,40772,0.7958983289488311,0.32181476628727484
2059,0.2193,31,105,31,519793,85817,67215,40741,0.7949257104746378,0.321915643420408
2060,0.2194,28,121,28,519914,85696,67243,40713,0.7938048834710437,0.3220735865326045
2061,0.2195,26,131,26,520045,85565,67269,40687,0.7925914261365742,0.3222681620885214
2062,0.2196,33,88,33,520133,85477,67302,40654,0.7917762792248694,0.3223156876580698
2063,0.2197,29,105,29,520238,85372,67331,40625,0.7908036607506762,0.32242831178520126
2064,0.2198,24,114,24,520352,85258,67355,40601,0.789747674978695,0.3225911535925123
2065,0.2199,31,92,31,520444,85166,67386,40570,0.78889547593464,0.32266017687853915
2066,0.22,31,94,31,520538,85072,67417,40539,0.7880247508244099,0.32273447389161775
2067,0.2201,30,111,30,520649,84961,67447,40509,0.7869965541516915,0.32285805371802023
2068,0.2202,35,100,35,520749,84861,67482,40474,0.786070250842936,0.32292655682770177
2069,0.2203,33,110,33,520859,84751,67515,40441,0.785051317203305,0.32303182311968814
2070,0.2204,40,100,40,520959,84651,67555,40401,0.7841250138945496,0.32307360138182517
2071,0.2205,30,111,30,521070,84540,67585,40371,0.7830968172218311,0.32319811705934626
2072,0.2206,30,106,30,521176,84434,67615,40341,0.7821149357145504,0.3233099579242637
2073,0.2207,39,112,39,521288,84322,67654,40302,0.7810774760087443,0.3233887533701374
2074,0.2208,30,105,30,521393,84217,67684,40272,0.7801048575345512,0.3234984617114765
2075,0.2209,43,93,43,521486,84124,67727,40229,0.7792433954574086,0.3235064694860598
2076,0.221,33,121,33,521607,84003,67760,40196,0.7781225684538146,0.3236418972777559
2077,0.2211,26,95,26,521702,83908,67786,40170,0.7772425803104969,0.3237479649897645
2078,0.2212,33,102,33,521804,83806,67819,40137,0.7762977509355663,0.32383434320615123
2079,0.2213,24,102,24,521906,83704,67843,40113,0.7753529215606358,0.32397005257759437
2080,0.2214,37,127,37,522033,83577,67880,40076,0.7741765163585165,0.32410050706412297
2081,0.2215,22,79,22,522112,83498,67902,40054,0.7734447367445997,0.32418738668738667
2082,0.2216,26,89,26,522201,83409,67928,40028,0.7726203267998073,0.32427878188873677
2083,0.2217,24,112,24,522313,83297,67952,40004,0.7715828670940013,0.3244418131239811
2084,0.2218,32,93,32,522406,83204,67984,39972,0.7707214050168587,0.3245112684289147
2085,0.2219,25,91,25,522497,83113,68009,39947,0.7698784690058913,0.3246140094262961
2086,0.222,34,103,34,522600,83010,68043,39913,0.7689243765978732,0.3246992019394255
2087,0.2221,31,115,31,522715,82895,68074,39882,0.7678591277928045,0.32483282699528415
2088,0.2222,40,110,40,522825,82785,68114,39842,0.7668401941531735,0.32490397710129093
2089,0.2223,31,113,31,522938,82672,68145,39811,0.7657934714142799,0.3250328617032568
2090,0.2224,36,119,36,523057,82553,68181,39775,0.764691170476861,0.3251504152769603
2091,0.2225,28,121,28,523178,82432,68209,39747,0.7635703434732669,0.32531777146645496
2092,0.2226,28,88,28,523266,82344,68237,39719,0.7627551965615621,0.32539754061427295
2093,0.2227,36,98,36,523364,82246,68273,39683,0.7618474193189818,0.3254598987935602
2094,0.2228,33,105,33,523469,82141,68306,39650,0.7608748008447886,0.3255577177295531
2095,0.2229,25,83,25,523552,82058,68331,39625,0.7601059690985216,0.32564121528890644
2096,0.223,28,95,28,523647,81963,68359,39597,0.759225980955204,0.3257403751233959
2097,0.2231,25,109,25,523756,81854,68384,39572,0.7582163103486605,0.3258939601073905
2098,0.2232,32,98,32,523854,81756,68416,39540,0.7573085331060803,0.32597942223981
2099,0.2233,38,108,38,523962,81648,68454,39502,0.7563081255326244,0.3260586050350805
2100,0.2234,34,89,34,524051,81559,68488,39468,0.7554837155878321,0.3261090500466838
2101,0.2235,33,113,33,524164,81446,68521,39435,0.7544369928489385,0.32622992860747346
2102,0.2236,22,106,22,524270,81340,68543,39413,0.7534551113416577,0.32639354715824864
2103,0.2237,45,95,45,524365,81245,68588,39368,0.7525751231983401,0.3263993101904438
2104,0.2238,20,111,20,524476,81134,68608,39348,0.7515469265256215,0.32658820404707756
2105,0.2239,36,106,36,524582,81028,68644,39312,0.7505650450183408,0.32667442246966927
2106,0.224,26,95,26,524677,80933,68670,39286,0.7496850568750232,0.32678694715477585
2107,0.2241,34,109,34,524786,80824,68704,39252,0.7486753862684797,0.32689296778706817
2108,0.2242,43,99,43,524885,80725,68747,39209,0.7477583459928119,0.32692147347707906
2109,0.2243,37,98,37,524983,80627,68784,39172,0.7468505687502316,0.3269810265528093
2110,0.2244,34,94,34,525077,80533,68818,39138,0.7459798436400015,0.32704665290671925
2111,0.2245,35,124,35,525201,80409,68853,39103,0.7448312275371448,0.3271889015329005
2112,0.2246,30,88,30,525289,80321,68883,39073,0.74401608062544,0.32726100139035463
2113,0.2247,32,92,32,525381,80229,68915,39041,0.743163881581385,0.32733294206422403
2114,0.2248,40,96,40,525477,80133,68955,39001,0.7422746304049798,0.32737085970419866
2115,0.2249,30,82,30,525559,80051,68985,38971,0.7415150616918004,0.3274268622607585
2116,0.225,26,116,26,525675,79935,69011,38945,0.740440549853644,0.3275992597577389
2117,0.2251,37,89,37,525764,79846,69048,38908,0.7396161399088518,0.32763527965373795
2118,0.2252,28,99,28,525863,79747,69076,38880,0.7386990996331839,0.3277500063223381
2119,0.2253,30,99,30,525962,79648,69106,38850,0.7377820593575161,0.3278536346605006
2120,0.2254,34,101,34,526063,79547,69140,38816,0.7368464930156731,0.327940319187584
2121,0.2255,31,104,31,526167,79443,69171,38785,0.7358831375745675,0.3280525763778462
2122,0.2256,24,79,24,526246,79364,69195,38761,0.7351513579606507,0.3281354497354497
2123,0.2257,25,107,25,526353,79257,69220,38736,0.7341602134202824,0.32829066131041673
2124,0.2258,18,115,18,526468,79142,69238,38718,0.7330949646152136,0.3285083997963686
2125,0.2259,32,99,32,526567,79043,69270,38686,0.7321779243395458,0.32860212861741794
2126,0.226,28,86,28,526653,78957,69298,38658,0.7313813034940161,0.3286825659992348
2127,0.2261,32,95,32,526748,78862,69330,38626,0.7305013153506984,0.32876549094375596
2128,0.2262,40,89,40,526837,78773,69370,38586,0.7296769054059061,0.3287860326008231
2129,0.2263,29,114,29,526951,78659,69399,38557,0.728620919633925,0.3289397351897352
2130,0.2264,24,97,24,527048,78562,69423,38533,0.7277224054244322,0.3290746829497417
2131,0.2265,30,94,30,527142,78468,69453,38503,0.7268516803142021,0.3291670585016799
2132,0.2266,33,104,33,527246,78364,69486,38470,0.7258883248730964,0.3292705890408614
2133,0.2267,26,108,26,527354,78256,69512,38444,0.7248879172996406,0.32942587832047987
2134,0.2268,30,105,30,527459,78151,69542,38414,0.7239152988254474,0.32955003646034403
2135,0.2269,28,95,28,527554,78056,69570,38386,0.7230353106821298,0.3296576836536645
2136,0.227,21,83,21,527637,77973,69591,38365,0.7222664789358627,0.3297718716154653
2137,0.2271,22,100,22,527737,77873,69613,38343,0.7213401756271074,0.32992875335582017
2138,0.2272,27,101,27,527838,77772,69640,38316,0.7204046092852644,0.3300599545172628
2139,0.2273,27,90,27,527928,77682,69667,38289,0.7195709363073844,0.33016012623845614
2140,0.2274,33,92,33,528020,77590,69700,38256,0.7187187372633295,0.33023151425167896
2141,0.2275,25,105,25,528125,77485,69725,38231,0.7177461187891363,0.3303864634104186
2142,0.2276,30,106,30,528231,77379,69755,38201,0.7167642372818556,0.33051566014881467
2143,0.2277,20,117,20,528348,77262,69775,38181,0.7156804624106118,0.3307346482679764
2144,0.2278,24,100,24,528448,77162,69799,38157,0.7147541591018564,0.3308821616559283
2145,0.2279,20,95,20,528543,77067,69819,38137,0.7138741709585387,0.3310388528176105
2146,0.228,31,83,31,528626,76984,69850,38106,0.7131053392122717,0.33109740203319143
2147,0.2281,26,106,26,528732,76878,69876,38080,0.712123457704991,0.33125141355973486
2148,0.2282,26,83,26,528815,76795,69902,38054,0.7113546259587239,0.33133941087863195
2149,0.2283,31,97,31,528912,76698,69933,38023,0.7104561117492312,0.3314388821575823
2150,0.2284,26,82,26,528994,76616,69959,37997,0.7096965430360517,0.3315243471508468
2151,0.2285,22,103,22,529097,76513,69981,37975,0.7087424506280336,0.3316941513521068
2152,0.2286,32,103,32,529200,76410,70013,37943,0.7077883582200155,0.33180589927680076
2153,0.2287,25,79,25,529279,76331,70038,37918,0.7070565786060988,0.3318891193796007
2154,0.2288,24,81,24,529360,76250,70062,37894,0.7063062729260069,0.331984160358845
2155,0.2289,35,112,35,529472,76138,70097,37859,0.7052688132202009,0.33210523083940807
2156,0.229,19,100,19,529572,76038,70116,37840,0.7043425099114454,0.3322854282653366
2157,0.2291,34,96,34,529668,75942,70150,37806,0.7034532587350402,0.332366283363224
2158,0.2292,26,89,26,529757,75853,70176,37780,0.7026288487902479,0.3324738412257003
2159,0.2293,24,93,24,529850,75760,70200,37756,0.7017673867131053,0.3326050953169597
2160,0.2294,26,84,26,529934,75676,70226,37730,0.7009892919337508,0.33269844629031975
2161,0.2295,28,106,28,530040,75570,70254,37702,0.7000074104264701,0.33284483367469453
2162,0.2296,23,94,23,530134,75476,70277,37679,0.69913668531624,0.33298572754186734
2163,0.2297,24,103,24,530237,75373,70301,37655,0.6981825929082218,0.3331475386629862
2164,0.2298,20,94,20,530331,75279,70321,37635,0.6973118677979918,0.3333067644401934
2165,0.2299,30,87,30,530418,75192,70351,37605,0.6965059839193746,0.33338652623739995
2166,0.23,30,79,30,530497,75113,70381,37575,0.6957742043054578,0.3334427800653131
2167,0.2301,24,101,24,530598,75012,70405,37551,0.6948386379636148,0.3335998507502465
2168,0.2302,27,88,27,530686,74924,70432,37524,0.6940234910519101,0.3337009106431417
2169,0.2303,27,85,27,530771,74839,70459,37497,0.693236133239468,0.33379326306793905
2170,0.2304,24,94,24,530865,74745,70483,37473,0.6923654081292379,0.3339303854996525
2171,0.2305,25,117,25,530982,74628,70508,37448,0.691281633257994,0.33413041150647776
2172,0.2306,32,83,32,531065,74545,70540,37416,0.690512801511727,0.33418779753664224
2173,0.2307,34,93,34,531158,74452,70574,37382,0.6896513394345845,0.3342632830802797
2174,0.2308,23,96,23,531254,74356,70597,37359,0.6887620882581793,0.33441346282952156
2175,0.2309,34,89,34,531343,74267,70631,37325,0.6879376783133869,0.334477381891175
2176,0.231,26,99,26,531442,74168,70657,37299,0.6870206380377191,0.3346192146554586
2177,0.2311,32,81,32,531523,74087,70689,37267,0.6862703323576271,0.33467140830145303
2178,0.2312,24,84,24,531607,74003,70713,37243,0.6854922375782726,0.33478057638027436
2179,0.2313,24,83,24,531690,73920,70737,37219,0.6847234058320056,0.3348869433772123
2180,0.2314,36,71,36,531761,73849,70773,37183,0.6840657304827893,0.3348854384321637
2181,0.2315,33,108,33,531869,73741,70806,37150,0.6830653229093334,0.33501366206454986
2182,0.2316,28,92,28,531961,73649,70834,37122,0.6822131238652784,0.3351238139946376
2183,0.2317,27,91,27,532052,73558,70861,37095,0.681370187854311,0.3352371829051178
2184,0.2318,31,80,31,532132,73478,70892,37064,0.6806291452073067,0.3352933726547376
2185,0.2319,30,92,30,532224,73386,70922,37034,0.6797769461632517,0.3353921391052346
2186,0.232,27,82,27,532306,73304,70949,37007,0.6790173774500723,0.33547878271432585
2187,0.2321,23,77,23,532383,73227,70972,36984,0.6783041239023305,0.3355744889348613
2188,0.2322,23,91,23,532474,73136,70995,36961,0.6774611878913631,0.3357130530350509
2189,0.2323,23,70,23,532544,73066,71018,36938,0.6768127755752343,0.335787789534926
2190,0.2324,41,79,41,532623,72987,71059,36897,0.6760809959613175,0.3357813694441411
2191,0.2325,24,68,24,532691,72919,71083,36873,0.6754511097113639,0.3358441416496648
2192,0.2326,29,106,29,532797,72813,71112,36844,0.6744692282040832,0.3359931422526606
2193,0.2327,33,97,33,532894,72716,71145,36811,0.6735707139945903,0.3360906443160134
2194,0.2328,36,86,36,532980,72630,71181,36775,0.6727740931490608,0.3361363740231251
2195,0.2329,28,84,28,533064,72546,71209,36747,0.6719959983697061,0.3362246438472729
2196,0.233,41,81,41,533145,72465,71250,36706,0.6712456926896143,0.33622482161013456
2197,0.2331,33,94,33,533239,72371,71283,36673,0.6703749675793842,0.33631378159275155
2198,0.2332,37,103,37,533342,72268,71320,36636,0.6694208751713661,0.3364063762579887
2199,0.2333,23,86,23,533428,72182,71343,36613,0.6686242543258365,0.33653200974309483
2200,0.2334,32,100,32,533528,72082,71375,36581,0.6676979510170811,0.33664632855709853
2201,0.2335,31,72,31,533600,72010,71406,36550,0.6670310126347772,0.33668017686072216
2202,0.2336,23,96,23,533696,71914,71429,36527,0.6661417614583719,0.3368375429957304
2203,0.2337,27,94,27,533790,71820,71456,36500,0.6652710363481419,0.3369645494830133
2204,0.2338,18,95,18,533885,71725,71474,36482,0.6643910482048242,0.33715009195338563
2205,0.2339,29,83,29,533968,71642,71503,36453,0.6636222164585572,0.3372311392756372
2206,0.234,26,90,26,534058,71552,71529,36427,0.6627885434806773,0.33735263338241694
2207,0.2341,23,86,23,534144,71466,71552,36404,0.6619919226351476,0.3374803003615463
2208,0.2342,13,94,13,534238,71372,71565,36391,0.6611211975249176,0.3376947560851127
2209,0.2343,25,71,25,534309,71301,71590,36366,0.6604635221757013,0.3377636601744267
2210,0.2344,22,97,22,534406,71204,71612,36344,0.6595650079662084,0.33793282999218954
2211,0.2345,28,92,28,534498,71112,71640,36316,0.6587128089221534,0.3380496704769706
2212,0.2346,31,95,31,534593,71017,71671,36285,0.6578328207788359,0.3381577230620119
2213,0.2347,23,78,23,534671,70939,71694,36262,0.6571103041980066,0.33826176994617585
2214,0.2348,20,81,20,534752,70858,71714,36242,0.6563599985179147,0.3383940242763772
2215,0.2349,23,87,23,534839,70771,71737,36219,0.6555541146392975,0.3385269651369287
2216,0.235,27,95,27,534934,70676,71764,36192,0.6546741264959799,0.3386607777819366
2217,0.2351,21,102,21,535036,70574,71785,36171,0.6537292971210493,0.33885427888894093
2218,0.2352,23,93,23,535129,70481,71808,36148,0.6528678350439068,0.33900721192170985
2219,0.2353,27,101,27,535230,70380,71835,36121,0.6519322687020638,0.33916113463723346
2220,0.2354,29,85,29,535315,70295,71864,36092,0.6511449108896217,0.3392519762752968
2221,0.2355,18,90,18,535405,70205,71882,36074,0.6503112379117418,0.3394273562980457
2222,0.2356,41,84,41,535489,70121,71923,36033,0.6495331431323873,0.3394408124046197
2223,0.2357,15,75,15,535564,70046,71938,36018,0.6488384156508207,0.3395874189168804
2224,0.2358,35,56,35,535620,69990,71973,35983,0.6483196857979177,0.3395487529842507
2225,0.2359,26,69,26,535689,69921,71999,35957,0.6476805365148764,0.33960785054496684
2226,0.236,36,90,36,535779,69831,72035,35921,0.6468468635369966,0.339672062939708
2227,0.2361,22,81,22,535860,69750,72057,35899,0.6460965578569047,0.3397949814953289
2228,0.2362,29,81,29,535941,69669,72086,35870,0.6453462521768127,0.33987435924160736
2229,0.2363,13,89,13,536030,69580,72099,35857,0.6445218422320205,0.3400798581143242
2230,0.2364,23,93,23,536123,69487,72122,35834,0.6436603801548779,0.3402360402958574
2231,0.2365,23,69,23,536192,69418,72145,35811,0.6430212308718367,0.34031493219549747
2232,0.2366,32,95,32,536287,69323,72177,35779,0.642141242728519,0.3404216856006546
2233,0.2367,33,83,33,536370,69240,72210,35746,0.6413724109822521,0.34048349303716685
2234,0.2368,27,98,27,536468,69142,72237,35719,0.6404646337396717,0.3406318841132547
2235,0.2369,26,91,26,536559,69051,72263,35693,0.6396216977287043,0.3407641487817918
2236,0.237,27,67,27,536626,68984,72290,35666,0.6390010745118382,0.3408122312470139
2237,0.2371,26,86,26,536712,68898,72316,35640,0.6382044536663085,0.3409286575216668
2238,0.2372,30,76,30,536788,68822,72346,35610,0.6375004631516544,0.34098743680098054
2239,0.2373,30,91,30,536879,68731,72376,35580,0.6366575271406869,0.34109537824390523
2240,0.2374,30,81,30,536960,68650,72406,35550,0.6359072214605951,0.3411708253358925
2241,0.2375,29,108,29,537068,68542,72435,35521,0.6349068138871392,0.34134130286461084
2242,0.2376,31,76,31,537144,68466,72466,35490,0.6342028233724851,0.34139443610758397
2243,0.2377,22,100,22,537244,68366,72488,35468,0.6332765200637297,0.34158368164570374
2244,0.2378,26,89,26,537333,68277,72514,35442,0.6324521101189373,0.3417117403754375
2245,0.2379,26,82,26,537415,68195,72540,35416,0.6316925414057579,0.34181698854368747
2246,0.238,26,84,26,537499,68111,72566,35390,0.6309144466264034,0.3419290634873093
2247,0.2381,28,80,28,537579,68031,72594,35362,0.630173403979399,0.3420154169044326
2248,0.2382,28,68,28,537647,67963,72622,35334,0.6295435177294453,0.3420622089702508
2249,0.2383,27,86,27,537733,67877,72649,35307,0.6287468968839157,0.3421751434330904
2250,0.2384,26,91,26,537824,67786,72675,35281,0.6279039608729482,0.342311312059146
2251,0.2385,28,85,28,537909,67701,72703,35253,0.6271166030605061,0.34241505915263126
2252,0.2386,29,73,29,537982,67628,72732,35224,0.6264404016451147,0.342472679189515
2253,0.2387,27,77,27,538059,67551,72759,35197,0.625727148097373,0.3425565461128197
2254,0.2388,28,86,28,538145,67465,72787,35169,0.6249305272518434,0.3426642243311183
2255,0.2389,26,89,26,538234,67376,72813,35143,0.624106117307051,0.3427949940986549
2256,0.239,23,80,23,538314,67296,72836,35120,0.6233650746600466,0.34291516950476486
2257,0.2391,25,72,25,538386,67224,72861,35095,0.6226981362777427,0.3429959245105992
2258,0.2392,26,81,26,538467,67143,72887,35069,0.6219478305976509,0.34310061440926704
2259,0.2393,32,90,32,538557,67053,72919,35037,0.6211141576197711,0.3431971789597414
2260,0.2394,29,77,29,538634,66976,72948,35008,0.6204009040720293,0.3432695324756825
2261,0.2395,30,79,30,538713,66897,72978,34978,0.6196691244581126,0.34334233128834357
2262,0.2396,23,72,23,538785,66825,73001,34955,0.6190021860758087,0.343436824523482
2263,0.2397,22,80,22,538865,66745,73023,34933,0.6182611434288043,0.3435649796416137
2264,0.2398,26,76,26,538941,66669,73049,34907,0.6175571529141503,0.34365401275891944
2265,0.2399,25,66,25,539007,66603,73074,34882,0.6169457927303716,0.3437158200719318
2266,0.24,28,77,28,539084,66526,73102,34854,0.61623253918263,0.3437956204379562
2267,0.2401,21,92,21,539176,66434,73123,34833,0.615380340138575,0.3439718763269377
2268,0.2402,33,86,33,539262,66348,73156,34800,0.6145837192930453,0.34405030252699015
2269,0.2403,24,81,24,539343,66267,73180,34776,0.6138334136129534,0.34417030373207447
2270,0.2404,29,78,29,539421,66189,73209,34747,0.6131108970321242,0.34424784021558213
2271,0.2405,35,106,35,539527,66083,73244,34712,0.6121290155248434,0.344382161813582
2272,0.2406,26,92,26,539619,65991,73270,34686,0.6112768164807885,0.3445275484966775
2273,0.2407,32,80,32,539699,65911,73302,34654,0.6105357738337841,0.3445930492716154
2274,0.2408,27,104,27,539803,65807,73329,34627,0.6095724183926785,0.3447736822191688
2275,0.2409,27,77,27,539880,65730,73356,34600,0.6088591648449369,0.3448619555466959
2276,0.241,25,107,25,539987,65623,73381,34575,0.6078680203045685,0.3450667677997565
2277,0.2411,31,79,31,540066,65544,73412,34544,0.6071362406906518,0.3451362800735353
2278,0.2412,25,71,25,540137,65473,73437,34519,0.6064785653414354,0.3452176174093928
2279,0.2413,21,85,21,540222,65388,73458,34498,0.6056912075289933,0.3453737260476944
2280,0.2414,28,76,28,540298,65312,73486,34470,0.6049872170143392,0.34545308773125416
2281,0.2415,30,77,30,540375,65235,73516,34440,0.6042739634665975,0.345522949586155
2282,0.2416,26,82,26,540457,65153,73542,34414,0.6035143947534181,0.34563660650617173
2283,0.2417,37,71,37,540528,65082,73579,34377,0.6028567194042017,0.3456399119235062
2284,0.2418,23,75,23,540603,65007,73602,34354,0.6021619919226352,0.34574933827155524
2285,0.2419,22,81,22,540684,64926,73624,34332,0.6014116862425433,0.3458864776642689
2286,0.242,23,75,23,540759,64851,73647,34309,0.6007169587609767,0.34599636950383217
2287,0.2421,30,81,30,540840,64770,73677,34279,0.5999666530808848,0.34608123252127737
2288,0.2422,27,91,27,540931,64679,73704,34252,0.5991237170699174,0.34622110359745684
2289,0.2423,34,51,34,540982,64628,73738,34218,0.5986513023824521,0.3461748578597009
2290,0.2424,33,101,33,541083,64527,73771,34185,0.5977157360406091,0.3463104789691223
2291,0.2425,18,73,18,541156,64454,73789,34167,0.5970395346252176,0.3464475111791606
2292,0.2426,18,75,18,541231,64379,73807,34149,0.5963448071436511,0.3465918317635596
2293,0.2427,25,66,25,541297,64313,73832,34124,0.5957334469598725,0.34665826874041267
2294,0.2428,29,91,29,541388,64222,73861,34095,0.5948905109489051,0.3467864153706887
2295,0.2429,30,65,30,541453,64157,73891,34065,0.5942884137982141,0.34681639551220705
2296,0.243,26,64,26,541517,64093,73917,34039,0.5936955796806106,0.3468695226837321
2297,0.2431,25,77,25,541594,64016,73942,34014,0.5929823261328689,0.34697541568907475
2298,0.2432,24,89,24,541683,63927,73966,33990,0.5921579161880767,0.3471307331719722
2299,0.2433,21,92,21,541775,63835,73987,33969,0.5913057171440217,0.3473170831458836
2300,0.2434,23,85,23,541860,63750,74010,33946,0.5905183593315795,0.34746560759908285
2301,0.2435,27,77,27,541937,63673,74037,33919,0.5898051057838378,0.3475592261660792
2302,0.2436,30,89,30,542026,63584,74067,33889,0.5889806958390456,0.3476757666225519
2303,0.2437,33,74,33,542100,63510,74100,33856,0.5882952313905665,0.34771891625413387
2304,0.2438,22,79,22,542179,63431,74122,33834,0.5875634517766497,0.3478538014702103
2305,0.2439,27,64,27,542243,63367,74149,33807,0.5869706176590462,0.34790170210138516
2306,0.244,25,85,25,542328,63282,74174,33782,0.5861832598466041,0.34803840764856175
2307,0.2441,27,71,27,542399,63211,74201,33755,0.5855255844973878,0.3481117092589155
2308,0.2442,35,68,35,542467,63143,74236,33720,0.5848956982474341,0.3481205413831907
2309,0.2443,20,59,20,542526,63084,74256,33700,0.5843491792952684,0.3481980492643412
2310,0.2444,35,62,35,542588,63022,74291,33665,0.5837748712438401,0.3481853816955744
2311,0.2445,12,58,12,542646,62964,74303,33653,0.5832376153247619,0.34831344380388546
2312,0.2446,28,73,28,542719,62891,74331,33625,0.5825614139093704,0.3483878320692942
2313,0.2447,36,58,36,542777,62833,74367,33589,0.5820241579902924,0.3483541100578706
2314,0.2448,25,76,25,542853,62757,74392,33564,0.5813201674756382,0.34845983741863146
2315,0.2449,22,74,22,542927,62683,74414,33542,0.5806347030271592,0.34857885164977914
2316,0.245,17,69,17,542996,62614,74431,33525,0.5799955537441179,0.3487138414171148
2317,0.2451,31,68,31,543064,62546,74462,33494,0.5793656674941643,0.3487505206164098
2318,0.2452,25,77,25,543141,62469,74487,33469,0.5786524139464226,0.3488607225499802
2319,0.2453,20,68,20,543209,62401,74507,33449,0.5780225276964689,0.34897235263432447
2320,0.2454,27,73,27,543282,62328,74534,33422,0.5773463262810775,0.34905483028720624
2321,0.2455,22,77,22,543359,62251,74556,33400,0.5766330727333357,0.3491861036476357
2322,0.2456,13,56,13,543415,62195,74569,33387,0.5761143428804327,0.34930216986461887
2323,0.2457,26,62,26,543477,62133,74595,33361,0.5755400348290044,0.34935179173560643
2324,0.2458,23,67,23,543544,62066,74618,33338,0.5749194116121383,0.34944027504087877
2325,0.2459,29,80,29,543624,61986,74647,33309,0.574178368965134,0.34953565244766255
2326,0.246,32,77,32,543701,61909,74679,33277,0.5734651154173923,0.34959973105288594
2327,0.2461,21,76,21,543777,61833,74700,33256,0.5727611249027381,0.3497355109423803
2328,0.2462,30,85,30,543862,61748,74730,33226,0.571973767090296,0.3498431149577779
2329,0.2463,33,66,33,543928,61682,74763,33193,0.5713624069065175,0.34986034255599474
2330,0.2464,26,83,26,544011,61599,74789,33167,0.5705935751602504,0.3499883924614313
2331,0.2465,28,75,28,544086,61524,74817,33139,0.5698988476786839,0.3500734183366257
2332,0.2466,22,66,22,544152,61458,74839,33117,0.5692874874949053,0.3501665344964314
2333,0.2467,13,57,13,544209,61401,74852,33104,0.5687594946089147,0.35028834453203533
2334,0.2468,20,67,20,544276,61334,74872,33084,0.5681388713920487,0.3503992882713042
2335,0.2469,21,64,21,544340,61270,74893,33063,0.5675460372744452,0.3504924045668006
2336,0.247,21,67,21,544407,61203,74914,33042,0.566925414057579,0.3505968486391851
2337,0.2471,32,79,32,544486,61124,74946,33010,0.5661936344436622,0.35067032103172074
2338,0.2472,32,68,32,544554,61056,74978,32978,0.5655637481937086,0.350702937235468
2339,0.2473,24,81,24,544635,60975,75002,32954,0.5648134425136166,0.3508394638503551
2340,0.2474,29,77,29,544712,60898,75031,32925,0.564100188965875,0.3509267450411946
2341,0.2475,22,70,22,544782,60828,75053,32903,0.5634517766497462,0.3510364767259498
2342,0.2476,27,65,27,544847,60763,75080,32876,0.5628496794990552,0.35109302747786714
2343,0.2477,21,70,21,544917,60693,75101,32855,0.5622012671829264,0.35121007397271986
2344,0.2478,15,68,15,544985,60625,75116,32840,0.5615713809329727,0.3513614722088482
2345,0.2479,27,72,27,545057,60553,75143,32813,0.5609044425506687,0.35144485144485144
2346,0.248,35,70,35,545127,60483,75178,32778,0.56025603023454,0.35146524270595425
2347,0.2481,27,63,27,545190,60420,75205,32751,0.5596724591500241,0.3515149563705445
2348,0.2482,24,73,24,545263,60347,75229,32727,0.5589962577346326,0.35162343941379975
2349,0.2483,18,70,18,545333,60277,75247,32709,0.5583478454185038,0.3517626309336889
2350,0.2484,13,56,13,545389,60221,75260,32696,0.5578291155656008,0.3518839394298137
2351,0.2485,24,73,24,545462,60148,75284,32672,0.5571529141502094,0.35199310493428143
2352,0.2486,32,84,32,545546,60064,75316,32640,0.5563748193708548,0.3520883672764929
2353,0.2487,15,70,15,545616,59994,75331,32625,0.555726407054726,0.3522495384316393
2354,0.2488,27,73,27,545689,59921,75358,32598,0.5550502056393345,0.3523384385909921
2355,0.2489,29,76,29,545765,59845,75387,32569,0.5543462151246804,0.3524249572575584
2356,0.249,26,72,26,545837,59773,75413,32543,0.5536792767423765,0.35251744009705793
2357,0.2491,19,80,19,545917,59693,75432,32524,0.5529382340953722,0.3526898511120509
2358,0.2492,24,78,24,545995,59615,75456,32500,0.552215717514543,0.3528198447592683
2359,0.2493,21,69,21,546064,59546,75477,32479,0.5515765682315017,0.35293670198315674
2360,0.2494,26,63,26,546127,59483,75503,32453,0.5509929971469858,0.3529955621301775
2361,0.2495,18,71,18,546198,59412,75521,32435,0.5503353217977695,0.3531416377236056
2362,0.2496,35,65,35,546263,59347,75556,32400,0.5497332246470784,0.3531450619638789
2363,0.2497,20,56,20,546319,59291,75576,32380,0.5492144947941754,0.35321966597942644
2364,0.2498,22,62,22,546381,59229,75598,32358,0.5486401867427471,0.35330341642372826
2365,0.2499,20,75,20,546456,59154,75618,32338,0.5479454592611804,0.3534516679053906
2366,0.25,21,74,21,546530,59080,75639,32317,0.5472599948127015,0.35358928630042563
2367,0.2501,27,71,27,546601,59009,75666,32290,0.5466023194634851,0.3536730960908663
2368,0.2502,27,80,27,546681,58929,75693,32263,0.5458612768164808,0.35379199929818406
2369,0.2503,28,60,28,546741,58869,75721,32235,0.5453054948312276,0.35382639620653317
2370,0.2504,35,63,35,546804,58806,75756,32200,0.5447219237467116,0.35382282486869
2371,0.2505,27,65,27,546869,58741,75783,32173,0.5441198265960207,0.35388389026992545
2372,0.2506,19,63,19,546932,58678,75802,32154,0.5435362555115046,0.3539941870706359
2373,0.2507,28,63,28,546995,58615,75830,32126,0.5429526844269887,0.3540406211084295
2374,0.2508,25,58,25,547053,58557,75855,32101,0.5424154285079106,0.35408899380087805
2375,0.2509,19,78,19,547131,58479,75874,32082,0.5416929119270814,0.35425845562659425
2376,0.251,19,60,19,547191,58419,75893,32063,0.5411371299418282,0.35435777281669284
2377,0.2511,18,64,18,547255,58355,75911,32045,0.5405442958242247,0.3544800884955752
2378,0.2512,17,64,17,547319,58291,75928,32028,0.5399514617066212,0.35460977203024835
2379,0.2513,23,71,23,547390,58220,75951,32005,0.5392937863574049,0.3547243003602106
2380,0.2514,23,67,23,547457,58153,75974,31982,0.5386731631405387,0.3548233205746935
2381,0.2515,20,63,20,547520,58090,75994,31962,0.5380895920560228,0.3549282636698796
2382,0.2516,17,63,17,547583,58027,76011,31945,0.5375060209715069,0.35505490597074646
2383,0.2517,21,71,21,547654,57956,76032,31924,0.5368483456222906,0.3551846906987094
2384,0.2518,20,73,20,547727,57883,76052,31904,0.5361721442068991,0.3553298361678194
2385,0.2519,27,60,27,547787,57823,76079,31877,0.5356163622216459,0.35537346711259754
2386,0.252,24,63,24,547850,57760,76103,31853,0.53503279113713,0.3554506600604823
2387,0.2521,23,66,23,547916,57694,76126,31830,0.5344214309533514,0.3555471158572003
2388,0.2522,18,60,18,547976,57634,76144,31812,0.5338656489680981,0.3556559264807817
2389,0.2523,19,62,19,548038,57572,76163,31793,0.5332913409166697,0.35576568007609244
2390,0.2524,29,63,29,548101,57509,76192,31764,0.5327077698321538,0.3558074669832984
2391,0.2525,23,70,23,548171,57439,76215,31741,0.5320593575160251,0.3559206100022427
2392,0.2526,21,67,21,548238,57372,76236,31720,0.5314387342991589,0.3560364566964486
2393,0.2527,28,64,28,548302,57308,76264,31692,0.5308459001815554,0.35608988764044947
2394,0.2528,22,63,22,548365,57245,76286,31670,0.5302623290970395,0.35618287128156106
2395,0.2529,17,52,17,548417,57193,76303,31653,0.5297806513764867,0.35626814938207685
2396,0.253,14,62,14,548479,57131,76317,31639,0.5292063433250583,0.35641545567196126
2397,0.2531,21,61,21,548540,57070,76338,31618,0.5286412983067176,0.356508208551326
2398,0.2532,27,56,27,548596,57014,76365,31591,0.5281225684538146,0.3565374414536426
2399,0.2533,22,77,22,548673,56937,76387,31569,0.5274093149060728,0.3566876821910379
2400,0.2534,22,66,22,548739,56871,76409,31547,0.5267979547222943,0.3567938655024995
2401,0.2535,26,66,26,548805,56805,76435,31521,0.5261865945385157,0.3568711364717071
2402,0.2536,30,72,30,548877,56733,76465,31491,0.5255196561562118,0.35694368879216537
2403,0.2537,24,73,24,548950,56660,76489,31467,0.5248434547408203,0.357064236840015
2404,0.2538,19,68,19,549018,56592,76508,31448,0.5242135684908666,0.3572012721490232
2405,0.2539,15,59,15,549077,56533,76523,31433,0.5236670495387009,0.35733124161607893
2406,0.254,28,66,28,549143,56467,76551,31405,0.5230556893549224,0.3573948470502549
2407,0.2541,16,75,16,549218,56392,76567,31389,0.5223609618733558,0.3575830760642964
2408,0.2542,21,73,21,549291,56319,76588,31368,0.5216847604579643,0.35772691505012144
2409,0.2543,20,70,20,549361,56249,76608,31348,0.5210363481418355,0.357866136968161
2410,0.2544,23,62,23,549423,56187,76631,31325,0.5204620400904072,0.357950909589542
2411,0.2545,26,69,26,549492,56118,76657,31299,0.519822890807366,0.35804248601530597
2412,0.2546,20,68,20,549560,56050,76677,31279,0.5191930045574122,0.358174260554913
2413,0.2547,34,71,34,549631,55979,76711,31245,0.5185353292081959,0.3582156287260387
2414,0.2548,22,61,22,549692,55918,76733,31223,0.5179702841898551,0.3583043573059754
2415,0.2549,21,36,21,549728,55882,76754,31202,0.5176368149987032,0.3582977355197281
2416,0.255,19,55,19,549783,55827,76773,31183,0.5171273481788877,0.3583840937823239
2417,0.2551,28,83,28,549866,55744,76801,31155,0.5163585164326207,0.35851966075558983
2418,0.2552,23,61,23,549927,55683,76824,31132,0.5157934714142799,0.3586016241432932
2419,0.2553,28,63,28,549990,55620,76852,31104,0.515209900329764,0.3586550435865504
2420,0.2554,22,67,22,550057,55553,76874,31082,0.5145892771128978,0.3587695504126508
2421,0.2555,28,65,28,550122,55488,76902,31054,0.5139871799622068,0.3588315499988445
2422,0.2556,20,65,20,550187,55423,76922,31034,0.5133850828115158,0.3589530055403264
2423,0.2557,28,54,28,550241,55369,76950,31006,0.5128848790247879,0.3589696092619392
2424,0.2558,14,67,14,550308,55302,76964,30992,0.5122642558079218,0.3591443205784875
2425,0.2559,18,60,18,550368,55242,76982,30974,0.5117084738226685,0.35926046209520274
2426,0.256,24,75,24,550443,55167,77006,30950,0.511013746341102,0.3593947768733235
2427,0.2561,18,66,18,550509,55101,77024,30932,0.5104023861573234,0.3595364569409413
2428,0.2562,20,71,20,550580,55030,77044,30912,0.509744710808107,0.3596844383421377
2429,0.2563,13,64,13,550644,54966,77057,30899,0.5091518766905035,0.35985558725906946
2430,0.2564,15,68,15,550712,54898,77072,30884,0.5085219904405498,0.36002891049404306
2431,0.2565,20,60,20,550772,54838,77092,30864,0.5079662084552966,0.3601316188653707
2432,0.2566,19,57,19,550829,54781,77111,30845,0.507438215569306,0.36022936958400487
2433,0.2567,24,65,24,550894,54716,77135,30821,0.506836118418615,0.36032360265148417
2434,0.2568,25,67,25,550961,54649,77160,30796,0.5062154952017489,0.36041898297150216
2435,0.2569,21,64,21,551025,54585,77181,30775,0.5056226610841454,0.3605318650421743
2436,0.257,17,64,17,551089,54521,77198,30758,0.505029826966542,0.3606749610103308
2437,0.2571,34,69,34,551158,54452,77232,30724,0.5043906776835007,0.3607119376350146
2438,0.2572,20,49,20,551207,54403,77252,30704,0.5039367890622105,0.36076938442196294
2439,0.2573,25,73,25,551280,54330,77277,30679,0.503260587646819,0.36089119975532
2440,0.2574,31,57,31,551337,54273,77308,30648,0.5027325947608284,0.36090013070971844
2441,0.2575,28,65,28,551402,54208,77336,30620,0.5021304976101375,0.36096571886641204
2442,0.2576,14,83,14,551485,54125,77350,30606,0.5013616658638704,0.36121372343062164
2443,0.2577,23,80,23,551565,54045,77373,30583,0.5006206232168662,0.3613815758377842
2444,0.2578,29,67,29,551632,53978,77402,30554,0.5,0.3614489187526617
2445,0.2579,12,52,12,551684,53926,77414,30542,0.4995183222794472,0.3615807169579012
2446,0.258,22,71,22,551755,53855,77436,30520,0.49886064693023086,0.3617185185185185
2447,0.2581,24,52,24,551807,53803,77460,30496,0.498378969209678,0.3617599259777696
2448,0.2582,24,52,24,551859,53751,77484,30472,0.4978972914891252,0.3618014081664154
2449,0.2583,25,54,25,551913,53697,77509,30447,0.49739708770239727,0.361843981745579
2450,0.2584,18,64,18,551977,53633,77527,30429,0.4968042535847938,0.3619828222026599
2451,0.2585,14,63,14,552040,53570,77541,30415,0.4962206825002779,0.3621480026195154
2452,0.2586,34,53,34,552093,53517,77575,30381,0.49572974174663753,0.36211828649073874
2453,0.2587,22,45,22,552138,53472,77597,30359,0.49531290525769756,0.36214526845677614
2454,0.2588,17,67,17,552205,53405,77614,30342,0.49469228204083143,0.36230551542144795
2455,0.2589,22,55,22,552260,53350,77636,30320,0.494182815221016,0.3623760009561372
2456,0.259,24,58,24,552318,53292,77660,30296,0.4936455593019378,0.3624443700052639
2457,0.2591,28,70,28,552388,53222,77688,30268,0.49299714698580904,0.362534435261708
2458,0.2592,18,64,18,552452,53158,77706,30250,0.4924043128682056,0.3626750431613274
2459,0.2593,17,52,17,552504,53106,77723,30233,0.4919226351476527,0.3627713315494546
2460,0.2594,25,58,25,552562,53048,77748,30208,0.4913853792285746,0.3628327087537235
2461,0.2595,14,60,14,552622,52988,77762,30194,0.49082959724332137,0.36298718472746505
2462,0.2596,28,51,28,552673,52937,77790,30166,0.4903571825558561,0.36299531906188703
2463,0.2597,18,49,18,552722,52888,77808,30148,0.48990329393456594,0.3630714388939737
2464,0.2598,19,73,19,552795,52815,77827,30129,0.48922709251917446,0.36324508101851855
2465,0.2599,26,52,26,552847,52763,77853,30103,0.48874541479862166,0.3632732363092221
2466,0.26,17,59,17,552906,52704,77870,30086,0.488198895846456,0.3634013769778959
2467,0.2601,17,50,17,552956,52654,77887,30069,0.48773574419207827,0.36349020224121464
2468,0.2602,18,61,18,553017,52593,77905,30051,0.48717069917373745,0.3636198635109627
2469,0.2603,19,64,19,553081,52529,77924,30032,0.486577865056134,0.36375528397185114
2470,0.2604,18,63,18,553144,52466,77942,30014,0.4859942939716181,0.36389427740058194
2471,0.2605,30,66,30,553210,52400,77972,29984,0.4853829337878395,0.36395416585744805
2472,0.2606,15,53,15,553263,52347,77987,29969,0.4848919930341991,0.3640725982797998
2473,0.2607,26,61,26,553324,52286,78013,29943,0.4843269480158583,0.36414160454340927
2474,0.2608,16,61,16,553385,52225,78029,29927,0.48376190299751753,0.3642881487973513
2475,0.2609,20,50,20,553435,52175,78049,29907,0.4832987513431398,0.36435515703808385
2476,0.261,21,65,21,553500,52110,78070,29886,0.4826966541924488,0.36448119420459535
2477,0.2611,21,58,21,553558,52052,78091,29865,0.4821593982733706,0.3645763394655566
2478,0.2612,22,55,22,553613,51997,78113,29843,0.48164993145355517,0.3646505376344086
2479,0.2613,14,52,14,553665,51945,78127,29829,0.4811682537330023,0.36477364443466137
2480,0.2614,18,60,18,553725,51885,78145,29811,0.48061247174774907,0.3649015863689777
2481,0.2615,25,56,25,553781,51829,78170,29786,0.48009374189484605,0.3649574220425167
2482,0.2616,19,59,19,553840,51770,78189,29767,0.4795472229426804,0.36507352490280487
2483,0.2617,17,61,17,553901,51709,78206,29750,0.47898217792433956,0.3652144023373722
2484,0.2618,14,55,14,553956,51654,78220,29736,0.47847271110452405,0.3653520088462956
2485,0.2619,16,49,16,554005,51605,78236,29720,0.4780188224832339,0.3654472794343683
2486,0.262,22,41,22,554046,51564,78258,29698,0.4776390381266442,0.36545987054219686
2487,0.2621,21,50,21,554096,51514,78279,29677,0.4771758864722665,0.3655208089566578
2488,0.2622,31,42,31,554138,51472,78310,29646,0.4767868390825892,0.36546759042382704
2489,0.2623,19,48,19,554186,51424,78329,29627,0.4763422134943866,0.3655352802556415
2490,0.2624,26,57,26,554243,51367,78355,29601,0.475814220608396,0.3655888746171327
2491,0.2625,16,67,16,554310,51300,78371,29585,0.4751935973915299,0.3657662112876306
2492,0.2626,20,73,20,554383,51227,78391,29565,0.4745173959761384,0.36593969699970297
2493,0.2627,19,60,19,554443,51167,78410,29546,0.47396161399088516,0.3660624682517067
2494,0.2628,27,47,27,554490,51120,78437,29519,0.47352625143577015,0.3660635672565384
2495,0.2629,23,58,23,554548,51062,78460,29496,0.472988995516692,0.36614613073810176
2496,0.263,16,53,16,554601,51009,78476,29480,0.4724980547630516,0.3662612282423685
2497,0.2631,18,53,18,554654,50956,78494,29462,0.47200711400941125,0.3663607650028601
2498,0.2632,22,52,22,554706,50904,78516,29440,0.4715254362888584,0.3664243751866972
2499,0.2633,25,64,25,554770,50840,78541,29415,0.47093260217125493,0.36651921998629367
2500,0.2634,21,47,21,554817,50793,78562,29394,0.47049723961613993,0.3665681469564892
2501,0.2635,25,61,25,554878,50732,78587,29369,0.4699321945977991,0.3666496048738468
2502,0.2636,11,58,11,554936,50674,78598,29358,0.46939493867872095,0.366828268692523
2503,0.2637,14,46,14,554982,50628,78612,29344,0.46896883915669346,0.36692842494873207
2504,0.2638,19,56,19,555038,50572,78631,29325,0.46845010930379044,0.36703505763670724
2505,0.2639,25,53,25,555091,50519,78656,29300,0.4679591685501501,0.36708051967576644
2506,0.264,23,60,23,555151,50459,78679,29277,0.46740338656489683,0.36717417477676334
2507,0.2641,18,55,18,555206,50404,78697,29259,0.4668939197450813,0.3672846867429045
2508,0.2642,19,65,19,555271,50339,78716,29240,0.4662918225943903,0.36743361942220937
2509,0.2643,26,60,26,555331,50279,78742,29214,0.46573604060913704,0.36750405696099026
2510,0.2644,26,54,26,555385,50225,78768,29188,0.46523583682240915,0.3675468751967562
2511,0.2645,20,67,20,555452,50158,78788,29168,0.464615213605543,0.36769785442351816
2512,0.2646,17,49,17,555501,50109,78805,29151,0.46416132498425283,0.3677895533686601
2513,0.2647,27,51,27,555552,50058,78832,29124,0.4636889102967876,0.36781086610593317
2514,0.2648,18,54,18,555606,50004,78850,29106,0.46318870651005967,0.3679180887372014
2515,0.2649,24,53,24,555659,49951,78874,29082,0.4626977657564193,0.36797287209140483
2516,0.265,14,38,14,555697,49913,78888,29068,0.4623457704990922,0.36803788252870945
2517,0.2651,22,75,22,555772,49838,78910,29046,0.4616510430175257,0.3682115511383804
2518,0.2652,21,39,21,555811,49799,78931,29025,0.461289784727111,0.3682254135796204
2519,0.2653,21,53,21,555864,49746,78952,29004,0.46079884397347065,0.3683047619047619
2520,0.2654,22,57,22,555921,49689,78974,28982,0.46027085108748006,0.36839496129450494
2521,0.2655,15,53,15,555974,49636,78989,28967,0.4597799103338397,0.3685228299174332
2522,0.2656,18,57,18,556031,49579,79007,28949,0.4592519174478491,0.3686455786471068
2523,0.2657,17,60,17,556091,49519,79024,28932,0.45869613546259586,0.36879071012479125
2524,0.2658,19,44,19,556135,49475,79043,28913,0.4582885620067435,0.3688447211307853
2525,0.2659,25,58,25,556193,49417,79068,28888,0.45775130608766534,0.36891641657620844
2526,0.266,15,52,15,556245,49365,79083,28873,0.45726962836711255,0.3690406196477415
2527,0.2661,19,59,19,556304,49306,79102,28854,0.4567231094149468,0.3691658137154555
2528,0.2662,19,49,19,556353,49257,79121,28835,0.45626922079365667,0.36924396865235876
2529,0.2663,17,67,17,556420,49190,79138,28818,0.45564859757679055,0.3694236488565275
2530,0.2664,18,55,18,556475,49135,79156,28800,0.45513913075697504,0.3695387181625714
2531,0.2665,15,46,15,556521,49089,79171,28785,0.45471303123494755,0.36963556514369367
2532,0.2666,16,57,16,556578,49032,79187,28769,0.45418503834895696,0.3697767380881994
2533,0.2667,26,53,26,556631,48979,79213,28743,0.4536940975953166,0.36981806952986285
2534,0.2668,18,48,18,556679,48931,79231,28725,0.453249472007114,0.3699005872051097
2535,0.2669,11,55,11,556734,48876,79242,28714,0.4527400051872985,0.37007346307513855
2536,0.267,11,58,11,556792,48818,79253,28703,0.4522027492682204,0.3702609615459037
2537,0.2671,14,67,14,556859,48751,79267,28689,0.4515821260513543,0.37046745867768593
2538,0.2672,16,54,16,556913,48697,79283,28673,0.45108192226462634,0.3705958381801732
2539,0.2673,18,56,18,556969,48641,79301,28655,0.45056319241172327,0.3707177602980749
2540,0.2674,18,52,18,557021,48589,79319,28637,0.45008151469117047,0.3708207080516924
2541,0.2675,22,58,22,557079,48531,79341,28615,0.4495442587720923,0.37092007362663004
2542,0.2676,16,69,16,557148,48462,79357,28599,0.4489051094890511,0.37112157900883713
2543,0.2677,21,56,21,557204,48406,79378,28578,0.4483863796361481,0.3712199937649382
2544,0.2678,22,46,22,557250,48360,79400,28556,0.4479602801141206,0.3712621561183629
2545,0.2679,24,67,24,557317,48293,79424,28532,0.4473396568972544,0.3713895216400911
2546,0.268,13,65,13,557382,48228,79437,28519,0.44673755974656343,0.37159758687635996
2547,0.2681,31,60,31,557442,48168,79468,28488,0.4461817777613102,0.3716343143393864
2548,0.2682,26,58,26,557500,48110,79494,28462,0.445644521842232,0.37170244998171653
2549,0.2683,18,58,18,557558,48052,79512,28444,0.44510726592315386,0.37183643589207277
2550,0.2684,23,64,23,557622,47988,79535,28421,0.4445144318055504,0.37195880066484316
2551,0.2685,22,53,22,557675,47935,79557,28399,0.44402349105191,0.37203605208688134
2552,0.2686,14,47,14,557722,47888,79571,28385,0.44358812849679496,0.37215003998793805
2553,0.2687,21,56,21,557778,47832,79592,28364,0.44306939864389194,0.37225051183789176
2554,0.2688,24,55,24,557833,47777,79616,28340,0.4425599318240765,0.37232155760211255
2555,0.2689,17,55,17,557888,47722,79633,28323,0.442050465004261,0.3724505227168124
2556,0.269,19,55,19,557943,47667,79652,28304,0.44154099818444553,0.37256321491095284
2557,0.2691,25,46,25,557989,47621,79677,28279,0.44111489866241804,0.37258234519104083
2558,0.2692,23,36,23,558025,47585,79700,28256,0.4407814294712661,0.37256892709748024
2559,0.2693,17,62,17,558087,47523,79717,28239,0.4402071214198377,0.3727330323909084
2560,0.2694,20,45,20,558132,47478,79737,28219,0.4397902849308978,0.37278888199003923
2561,0.2695,18,39,18,558171,47439,79755,28201,0.43942902664048317,0.3728318350079323
2562,0.2696,21,51,21,558222,47388,79776,28180,0.4389566119530179,0.3729091679017574
2563,0.2697,16,63,16,558285,47325,79792,28164,0.438373040868502,0.37308746969757184
2564,0.2698,8,34,8,558319,47291,79800,28156,0.43805809774352517,0.3731891261415298
2565,0.2699,14,41,14,558360,47250,79814,28142,0.4376783133869354,0.3732756791171477
2566,0.27,15,36,15,558396,47214,79829,28127,0.43734484419578346,0.37332926295111557
2567,0.2701,28,48,28,558444,47166,79857,28099,0.4369002186075809,0.3733342190925397
2568,0.2702,23,56,23,558500,47110,79880,28076,0.4363814887546778,0.3734205836192908
2569,0.2703,25,47,25,558547,47063,79905,28051,0.4359461261995628,0.3734456958756024
2570,0.2704,16,56,16,558603,47007,79921,28035,0.4354273963466597,0.3735907891580715
2571,0.2705,18,45,18,558648,46962,79939,28017,0.4350105598577198,0.3736646260953067
2572,0.2706,17,52,17,558700,46910,79956,28000,0.434528882137167,0.37378187157922843
2573,0.2707,23,50,23,558750,46860,79979,27977,0.4340657304827893,0.3738391437390596
2574,0.2708,26,40,26,558790,46820,80005,27951,0.4336952091592871,0.3738214013454414
2575,0.2709,17,39,17,558829,46781,80022,27934,0.4333339508688725,0.3738740547413505
2576,0.271,18,51,18,558880,46730,80040,27916,0.4328615361814072,0.3739785119095464
2577,0.2711,16,48,16,558928,46682,80056,27900,0.43241691059320464,0.3740848998417849
2578,0.2712,16,61,16,558989,46621,80072,27884,0.4318518655748638,0.3742567612911885
2579,0.2713,20,48,20,559037,46573,80092,27864,0.43140723998666125,0.3743299703104639
2580,0.2714,15,67,15,559104,46506,80107,27849,0.4307866167697951,0.37454105305628405
2581,0.2715,20,37,20,559141,46469,80127,27829,0.4304438845455556,0.3745592075156801
2582,0.2716,19,57,19,559198,46412,80146,27810,0.429915891659565,0.3746867505591334
2583,0.2717,25,65,25,559263,46347,80171,27785,0.42931379450887397,0.3748044029568877
2584,0.2718,17,45,17,559308,46302,80188,27768,0.42889695801993405,0.37488861887403807
2585,0.2719,12,55,12,559363,46247,80200,27756,0.42838749120011854,0.3750658757077416
2586,0.272,17,62,17,559425,46185,80217,27739,0.4278131831486902,0.37523672961419835
2587,0.2721,19,62,19,559487,46123,80236,27720,0.4272388750972618,0.3753910323253389
2588,0.2722,17,47,17,559534,46076,80253,27703,0.4268035125421468,0.3754862494747828
2589,0.2723,19,58,19,559592,46018,80272,27684,0.42626625662306866,0.37562074299204906
2590,0.2724,20,36,20,559628,45982,80292,27664,0.4259327874319167,0.37563479347147166
2591,0.2725,18,51,18,559679,45931,80310,27646,0.4254603727444514,0.37574241950609566
2592,0.2726,17,41,17,559720,45890,80327,27629,0.4250805883878617,0.3758076143581931
2593,0.2727,26,58,26,559778,45832,80353,27603,0.42454333246878356,0.3758834343296793
2594,0.2728,20,47,20,559825,45785,80373,27583,0.42410796991366856,0.3759540944280885
2595,0.2729,24,36,24,559861,45749,80397,27559,0.4237745007225166,0.37593441370655317
2596,0.273,15,45,15,559906,45704,80412,27544,0.4233576642335766,0.37603757099169943
2597,0.2731,21,45,21,559951,45659,80433,27523,0.4229408277446367,0.37608974884534446
2598,0.2732,19,54,19,560005,45605,80452,27504,0.42244062395790877,0.37620539194900765
2599,0.2733,17,57,17,560062,45548,80469,27487,0.4219126310719182,0.3763538029711782
2600,0.2734,27,64,27,560126,45484,80496,27460,0.4213197969543147,0.3764531695547269
2601,0.2735,20,46,20,560172,45438,80516,27440,0.4208936974322872,0.37651966299843576
2602,0.2736,18,43,18,560215,45395,80534,27422,0.4204953870095224,0.37658788469725474
2603,0.2737,22,52,22,560267,45343,80556,27400,0.4200137092889696,0.3766685454270514
2604,0.2738,14,53,14,560320,45290,80570,27386,0.4195227685353292,0.37682316032803126
2605,0.2739,23,45,23,560365,45245,80593,27363,0.4191059320463893,0.3768592992507713
2606,0.274,20,46,20,560411,45199,80613,27343,0.41867983252436175,0.3769264701827907
2607,0.2741,14,50,14,560461,45149,80627,27329,0.4182166808699841,0.3770661442092773
2608,0.2742,18,50,18,560511,45099,80645,27311,0.4177535292156064,0.37717166137273855
2609,0.2743,17,54,17,560565,45045,80662,27294,0.41725332542887844,0.3773068469290424
2610,0.2744,12,37,12,560602,45008,80674,27282,0.4169105932046389,0.3773965970397012
2611,0.2745,23,43,23,560645,44965,80697,27259,0.4165122827818741,0.37742301727957467
2612,0.2746,14,34,14,560679,44931,80711,27245,0.41619733965689726,0.3774800487696741
2613,0.2747,21,53,21,560732,44878,80732,27224,0.4157063989032569,0.3775762114781837
2614,0.2748,14,53,14,560785,44825,80746,27210,0.4152154581496165,0.3777330464357604
2615,0.2749,20,55,20,560840,44770,80766,27190,0.414705991329801,0.37784880489160644
2616,0.275,15,44,15,560884,44726,80781,27175,0.41429841787394867,0.3779502371316115
2617,0.2751,18,61,18,560945,44665,80799,27157,0.41373337285560785,0.37811534070340563
2618,0.2752,15,43,15,560988,44622,80814,27142,0.413335062432843,0.3782119168385263
2619,0.2753,28,47,28,561035,44575,80842,27114,0.41289969987772795,0.3782170207423733
2620,0.2754,17,43,17,561078,44532,80859,27097,0.4125013894549631,0.37829650002094123
2621,0.2755,14,66,14,561144,44466,80873,27083,0.41189002927118457,0.378523808858265
2622,0.2756,22,45,22,561189,44421,80895,27061,0.41147319278224465,0.37857082901989314
2623,0.2757,17,50,17,561239,44371,80912,27044,0.41101004112786693,0.37868795071063505
2624,0.2758,26,35,26,561274,44336,80938,27018,0.4106858349698025,0.3786473077893321
2625,0.2759,22,31,22,561305,44305,80960,26996,0.4103986809440883,0.37862021570524956
2626,0.276,17,50,17,561355,44255,80977,26979,0.4099355292897106,0.3787376814442541
2627,0.2761,27,48,27,561403,44207,81004,26952,0.40949090370150804,0.3787574305428688
2628,0.2762,19,45,19,561448,44162,81023,26933,0.40907406721256806,0.37883114143048036
2629,0.2763,22,56,22,561504,44106,81045,26911,0.40855533735966504,0.37893743751496123
2630,0.2764,16,39,16,561543,44067,81061,26895,0.4081940790692504,0.37900566500380484
2631,0.2765,24,52,24,561595,44015,81085,26871,0.40771240134869763,0.379073441864402
2632,0.2766,25,47,25,561642,43968,81110,26846,0.40727703879358257,0.37910582653147684
2633,0.2767,26,55,26,561697,43913,81136,26820,0.4067675719737671,0.3791723806426986
2634,0.2768,19,46,19,561743,43867,81155,26801,0.40634147245173957,0.3792522782589008
2635,0.2769,16,47,16,561790,43820,81171,26785,0.40590610989662457,0.3793640677005878
2636,0.277,15,54,15,561844,43766,81186,26770,0.40540590610989663,0.3795225133265283
2637,0.2771,21,41,21,561885,43725,81207,26749,0.4050261217533069,0.3795584187076085
2638,0.2772,14,51,14,561936,43674,81221,26735,0.40455370706584165,0.3797099802582056
2639,0.2773,13,62,13,561998,43612,81234,26722,0.40397939901441327,0.3799300480564165
2640,0.2774,20,37,20,562035,43575,81254,26702,0.4036366667901738,0.37995361213483786
2641,0.2775,15,49,15,562084,43526,81269,26687,0.4031827781688836,0.3800863088032131
2642,0.2776,16,46,16,562130,43480,81285,26671,0.4027566786468561,0.3801941526136477
2643,0.2777,16,47,16,562177,43433,81301,26655,0.4023213160917411,0.38030761328615453
2644,0.2778,15,43,15,562220,43390,81316,26640,0.40192300566897626,0.38040839640154217
2645,0.2779,17,40,17,562260,43350,81333,26623,0.4015524843454741,0.3804753261972475
2646,0.278,15,45,15,562305,43305,81348,26608,0.40113564785653416,0.38058730136026203
2647,0.2781,25,55,25,562360,43250,81373,26583,0.40062618103671865,0.3806653015050191
2648,0.2782,26,46,26,562406,43204,81399,26557,0.40020008151469116,0.38068548329295737
2649,0.2783,22,31,22,562437,43173,81421,26535,0.399912927488977,0.3806593217421243
2650,0.2784,21,48,21,562485,43125,81442,26514,0.39946830190077437,0.3807349330116745
2651,0.2785,25,60,25,562545,43065,81467,26489,0.3989125199155211,0.3808407855766742
2652,0.2786,16,48,16,562593,43017,81483,26473,0.39846789432731855,0.3809612893941574
2653,0.2787,9,43,9,562636,42974,81492,26464,0.3980695839045537,0.38111696765459835
2654,0.2788,30,52,30,562688,42922,81522,26434,0.3975879061840009,0.38113501355326146
2655,0.2789,22,44,22,562732,42878,81544,26412,0.3971803327281485,0.38118054553326597
2656,0.279,19,42,19,562774,42836,81563,26393,0.39679128533847124,0.38124196507244074
2657,0.2791,22,53,22,562827,42783,81585,26371,0.3963003445848309,0.3813373051450386
2658,0.2792,18,36,18,562863,42747,81603,26353,0.3959668753936789,0.3813748191027496
2659,0.2793,20,49,20,562912,42698,81623,26333,0.3955129867723888,0.3814662977502861
2660,0.2794,13,52,13,562964,42646,81636,26320,0.3950313090518359,0.38163732853870025
2661,0.2795,28,47,28,563011,42599,81664,26292,0.39459594649672086,0.3816463689015982
2662,0.2796,17,44,17,563055,42555,81681,26275,0.3941883730408685,0.38173761441232024
2663,0.2797,18,32,18,563087,42523,81699,26257,0.3938919559820668,0.3817534166908985
2664,0.2798,19,42,19,563129,42481,81718,26238,0.3935029085923895,0.38181580057917025
2665,0.2799,29,38,29,563167,42443,81747,26209,0.3931509133350624,0.38176600827361185
2666,0.28,15,36,15,563203,42407,81762,26194,0.39281744414391045,0.3818311686418565
2667,0.2801,17,37,17,563240,42370,81779,26177,0.392474711919671,0.3818839628284243
2668,0.2802,18,41,18,563281,42329,81797,26159,0.39209492756308123,0.38195012264922323
2669,0.2803,16,41,16,563322,42288,81813,26143,0.39171514320649153,0.3820344580672502
2670,0.2804,21,58,21,563380,42230,81834,26122,0.3911778872874134,0.3821687734082397
2671,0.2805,15,50,15,563430,42180,81849,26107,0.39071473563303566,0.3823128853222429
2672,0.2806,18,46,18,563476,42134,81867,26089,0.39028863611100817,0.3824076924204447
2673,0.2807,16,38,16,563514,42096,81883,26073,0.3899366408536811,0.3824759054702284
2674,0.2808,21,44,21,563558,42052,81904,26052,0.3895290673978287,0.3825325972042758
2675,0.2809,17,41,17,563599,42011,81921,26035,0.389149283041239,0.38260882344296504
2676,0.281,20,50,20,563649,41961,81941,26015,0.3886861313868613,0.3827086030363658
2677,0.2811,13,68,13,563717,41893,81954,26002,0.3880562451369076,0.3829737094042271
2678,0.2812,29,40,29,563757,41853,81983,25973,0.38768572381340544,0.38293574735352226
2679,0.2813,16,39,16,563796,41814,81999,25957,0.3873244655229908,0.3830104321907601
2680,0.2814,13,42,13,563838,41772,82012,25944,0.38693541813331356,0.3831295410242779
2681,0.2815,16,47,16,563885,41725,82028,25928,0.3865000555781985,0.3832498189289462
2682,0.2816,15,38,15,563923,41687,82043,25913,0.38614806032087146,0.3833284023668639
2683,0.2817,24,52,24,563975,41635,82067,25889,0.38566638260031866,0.3834044191694805
2684,0.2818,16,53,16,564028,41582,82083,25873,0.3851754418466783,0.3835594099770217
2685,0.2819,20,48,20,564076,41534,82103,25853,0.38473081625847566,0.38364966536572337
2686,0.282,24,48,24,564124,41486,82127,25829,0.3842861906702731,0.3837034836217782
2687,0.2821,17,41,17,564165,41445,82144,25812,0.38390640631368333,0.383781613809715
2688,0.2822,19,42,19,564207,41403,82163,25793,0.38351735892400607,0.3838472528126674
2689,0.2823,25,35,25,564242,41368,82188,25768,0.3831931527659417,0.3838179218303146
2690,0.2824,20,43,20,564285,41325,82208,25748,0.38279484234317684,0.3838802498769997
2691,0.2825,18,29,18,564314,41296,82226,25730,0.38252621438363776,0.3838808820457733
2692,0.2826,16,47,16,564361,41249,82242,25714,0.3820908518285227,0.38400310619297223
2693,0.2827,14,40,14,564401,41209,82256,25700,0.3817203305050206,0.3841037827497048
2694,0.2828,16,43,16,564444,41166,82272,25684,0.38132202008225574,0.38420344053851907
2695,0.2829,15,46,15,564490,41120,82287,25669,0.38089592056022825,0.38432975489975896
2696,0.283,18,50,18,564540,41070,82305,25651,0.38043276890585054,0.38445167188741175
2697,0.2831,12,45,12,564585,41025,82317,25639,0.3800159324169106,0.3846003840153606
2698,0.2832,16,35,16,564620,40990,82333,25623,0.3796917262588462,0.38465464699082763
2699,0.2833,20,42,20,564662,40948,82353,25603,0.3793026788691689,0.3847124761461135
2700,0.2834,17,51,17,564713,40897,82370,25586,0.3788302641817037,0.38485026247311344
2701,0.2835,16,43,16,564756,40854,82386,25570,0.37843195375893884,0.38495122244971697
2702,0.2836,19,35,19,564791,40819,82405,25551,0.37810774760087446,0.3849781527798704
2703,0.2837,20,27,20,564818,40792,82425,25531,0.37785764570751046,0.3849494142303575
2704,0.2838,19,55,19,564873,40737,82444,25512,0.377348178887695,0.3850926051713988
2705,0.2839,14,38,14,564911,40699,82458,25498,0.3769961836303679,0.3851836185929876
2706,0.284,12,44,12,564955,40655,82470,25486,0.37658861017451556,0.3853283137539499
2707,0.2841,23,41,23,564996,40614,82493,25463,0.3762088258179258,0.385353451276541
2708,0.2842,19,58,19,565054,40556,82512,25444,0.3756715698988477,0.38551515151515153
2709,0.2843,18,40,18,565094,40516,82530,25426,0.3753010485753455,0.3855812683873707
2710,0.2844,18,39,18,565133,40477,82548,25408,0.3749397902849309,0.3856416483266297
2711,0.2845,10,37,10,565170,40440,82558,25398,0.3745970580606914,0.3857650596919712
2712,0.2846,19,43,19,565213,40397,82577,25379,0.37419874763792654,0.385839819995135
2713,0.2847,17,45,17,565258,40352,82594,25362,0.3737819111489866,0.3859451562832882
2714,0.2848,19,41,19,565299,40311,82613,25343,0.3734021267923969,0.38600846863862065
2715,0.2849,15,51,15,565350,40260,82628,25328,0.37292971210493164,0.3861682015002744
2716,0.285,11,41,11,565391,40219,82639,25317,0.3725499277483419,0.3863067626953125
2717,0.2851,9,39,9,565430,40180,82648,25308,0.3721886694579273,0.38645247984363545
2718,0.2852,14,47,14,565477,40133,82662,25294,0.3717533069028123,0.38659880477478714
2719,0.2853,18,43,18,565520,40090,82680,25276,0.37135499648004744,0.3866842089159502
2720,0.2854,22,41,22,565561,40049,82702,25254,0.3709752121234577,0.3867203650674548
2721,0.2855,11,48,11,565609,40001,82713,25243,0.3705305865352551,0.3869014775305009
2722,0.2856,21,48,21,565657,39953,82734,25222,0.3700859609470525,0.38698887610280014
2723,0.2857,15,41,15,565698,39912,82749,25207,0.3697061765904628,0.3870913251124864
2724,0.2858,18,42,18,565740,39870,82767,25189,0.3693171292007855,0.3871716441998801
2725,0.2859,16,44,16,565784,39826,82783,25173,0.3689095557449331,0.3872828812750965
2726,0.286,11,35,11,565819,39791,82794,25162,0.3685853495868687,0.3873878034886764
2727,0.2861,13,43,13,565862,39748,82807,25149,0.3681870391641039,0.3875217652587947
2728,0.2862,20,35,20,565897,39713,82827,25129,0.3678628330060395,0.3875420252305604
2729,0.2863,13,35,13,565932,39678,82840,25116,0.3675386268479751,0.3876284841188999
2730,0.2864,24,36,24,565968,39642,82864,25092,0.36720515765682316,0.38761701733246823
2731,0.2865,21,42,21,566010,39600,82885,25071,0.3668161102671459,0.3876698984088695
2732,0.2866,19,46,19,566056,39554,82904,25052,0.3663900107451184,0.3877658421818407
2733,0.2867,26,41,26,566097,39513,82930,25026,0.36601022638852865,0.387765537117092
2734,0.2868,24,48,24,566145,39465,82954,25002,0.3655656008003261,0.3878263297501047
2735,0.2869,12,43,12,566188,39422,82966,24990,0.36516729037756124,0.38797118549338633
2736,0.287,20,40,20,566228,39382,82986,24970,0.36479676905405906,0.38802212829438093
2737,0.2871,14,42,14,566270,39340,83000,24956,0.3644077216643818,0.3881423416697773
2738,0.2872,25,42,25,566312,39298,83025,24931,0.3640186742747045,0.388157997166389
2739,0.2873,19,53,19,566365,39245,83044,24912,0.36352773352106416,0.38829745779883723
2740,0.2874,21,51,21,566416,39194,83065,24891,0.3630553188335989,0.3884060232503706
2741,0.2875,19,58,19,566474,39136,83084,24872,0.3625180629145207,0.3885764279465067
2742,0.2876,11,53,11,566527,39083,83095,24861,0.36202712216088034,0.38879331915425996
2743,0.2877,16,42,16,566569,39041,83111,24845,0.3616380747712031,0.38889584572519803
2744,0.2878,13,34,13,566603,39007,83124,24832,0.36132313164622626,0.3889785240996883
2745,0.2879,20,35,20,566638,38972,83144,24812,0.36099892548816187,0.38900037626991096
2746,0.288,16,35,16,566673,38937,83160,24796,0.3606747193300974,0.3890606122416958
2747,0.2881,10,35,10,566708,38902,83170,24786,0.36035051317203304,0.3891784951639241
2748,0.2882,25,32,25,566740,38870,83195,24761,0.3600540961132313,0.3891342270277066
2749,0.2883,16,43,16,566783,38827,83211,24745,0.35965578569046647,0.3892436921915309
2750,0.2884,10,41,10,566824,38786,83221,24735,0.35927600133387677,0.389398781505329
2751,0.2885,19,38,19,566862,38748,83240,24716,0.35892400607654973,0.3894491365183411
2752,0.2886,21,33,21,566895,38715,83261,24695,0.3586183259846604,0.3894496136256111
2753,0.2887,16,35,16,566930,38680,83277,24679,0.35829411982659604,0.3895105667703089
2754,0.2888,19,40,19,566970,38640,83296,24660,0.35792359850309385,0.38957345971563984
2755,0.2889,12,40,12,567010,38600,83308,24648,0.35755307717959167,0.38970402226157347
2756,0.289,19,49,19,567059,38551,83327,24629,0.35709918855830153,0.3898227287116176
2757,0.2891,21,35,21,567094,38516,83348,24608,0.35677498240023714,0.38983587858817564
2758,0.2892,15,44,15,567138,38472,83363,24593,0.35636740894438473,0.38996273685879645
2759,0.2893,15,30,15,567168,38442,83378,24578,0.35608951795175814,0.3900031735956839
2760,0.2894,13,41,13,567209,38401,83391,24565,0.3557097335951684,0.3901311819076962
2761,0.2895,19,37,19,567246,38364,83410,24546,0.3553670013709289,0.39017644253695755
2762,0.2896,13,38,13,567284,38326,83423,24533,0.3550150061136018,0.390286196089661
2763,0.2897,13,37,13,567321,38289,83436,24520,0.35467227388936234,0.3903899122737187
2764,0.2898,14,48,14,567369,38241,83450,24506,0.3542276483011597,0.3905525363762411
2765,0.2899,15,37,15,567406,38204,83465,24491,0.35388491607692024,0.3906372118988755
2766,0.29,20,40,20,567446,38164,83485,24471,0.35351439475341806,0.3906921050530853
2767,0.2901,13,36,13,567482,38128,83498,24458,0.3531809255622661,0.39079027258492316
2768,0.2902,16,35,16,567517,38093,83514,24442,0.3528567194042017,0.3908531222515391
2769,0.2903,18,46,18,567563,38047,83532,24424,0.3524306198821742,0.39096540794928847
2770,0.2904,18,39,18,567602,38008,83550,24406,0.3520693615917596,0.39103406287050985
2771,0.2905,15,31,15,567633,37977,83565,24391,0.35178220756604545,0.39108196511031296
2772,0.2906,20,47,20,567680,37930,83585,24371,0.3513468450109304,0.3911815219659395
2773,0.2907,14,53,14,567733,37877,83599,24357,0.35085590425729,0.39137770350612205
2774,0.2908,15,42,15,567775,37835,83614,24342,0.35046685686761275,0.3914952474387635
2775,0.2909,14,27,14,567802,37808,83628,24328,0.35021675497424876,0.39152826058967427
2776,0.291,16,49,16,567851,37759,83644,24312,0.3497628663529586,0.39168049491711104
2777,0.2911,25,41,25,567892,37718,83669,24287,0.3493830819963689,0.391694218208209
2778,0.2912,19,38,19,567930,37680,83688,24268,0.3490310867390418,0.3917479176083167
2779,0.2913,18,26,18,567956,37654,83706,24250,0.34879024787876545,0.39173559059188423
2780,0.2914,22,40,22,567996,37614,83728,24228,0.34841972655526326,0.3917725817405647
2781,0.2915,15,30,15,568026,37584,83743,24213,0.3481418355626366,0.39181513665711926
2782,0.2916,12,39,12,568065,37545,83755,24201,0.347780577272222,0.39194441745214265
2783,0.2917,16,42,16,568107,37503,83771,24185,0.34739152988254474,0.3920535598495656
2784,0.2918,15,49,15,568156,37454,83786,24170,0.3469376412612546,0.39221731792807996
2785,0.2919,29,30,29,568186,37424,83815,24141,0.34665975026862794,0.39212214732396655
2786,0.292,12,34,12,568220,37390,83827,24129,0.3463448071436511,0.39222028966660705
2787,0.2921,18,32,18,568252,37358,83845,24111,0.3460483900848494,0.3922464982348826
2788,0.2922,14,44,14,568296,37314,83859,24097,0.345640816628997,0.39238898568660335
2789,0.2923,22,34,22,568330,37280,83881,24075,0.34532587350402016,0.39238855838969927
2790,0.2924,11,39,11,568369,37241,83892,24064,0.34496461521360555,0.39252915749123235
2791,0.2925,15,37,15,568406,37204,83907,24049,0.344621882989366,0.3926175044487617
2792,0.2926,14,39,14,568445,37165,83921,24035,0.3442606246989514,0.39272875816993463
2793,0.2927,21,27,21,568472,37138,83942,24014,0.34401052280558747,0.39269361590790164
2794,0.2928,17,36,17,568508,37102,83959,23997,0.3436770536144355,0.39275601892011325
2795,0.2929,14,31,14,568539,37071,83973,23983,0.34338989958872135,0.3928161954990664
2796,0.293,11,53,11,568592,37018,83984,23972,0.342898958835081,0.3930480406624037
2797,0.2931,14,32,14,568624,36986,83998,23958,0.34260254177627925,0.3931149908112365
2798,0.2932,21,36,21,568660,36950,84019,23937,0.3422690725851273,0.3931381082989801
2799,0.2933,16,31,16,568691,36919,84035,23921,0.34198191855941307,0.39317882971729123
2800,0.2934,16,34,16,568725,36885,84051,23905,0.34166697543443625,0.3932390195755881
2801,0.2935,24,40,24,568765,36845,84075,23881,0.34129645411093407,0.39325824193920234
2802,0.2936,15,39,15,568804,36806,84090,23866,0.34093519582051945,0.39336102320675104
2803,0.2937,10,41,10,568845,36765,84100,23856,0.34055541146392976,0.3935269955955857
2804,0.2938,19,34,19,568879,36731,84119,23837,0.3402404683389529,0.3935576542068419
2805,0.2939,12,29,12,568908,36702,84131,23825,0.33997184037941386,0.39362598509755975
2806,0.294,14,37,14,568945,36665,84145,23811,0.33962910815517433,0.3937264369336596
2807,0.2941,17,33,17,568978,36632,84162,23794,0.339323428063285,0.3937708933240658
2808,0.2942,14,40,14,569018,36592,84176,23780,0.3389529067397829,0.3938912078446962
2809,0.2943,11,24,11,569042,36568,84187,23769,0.33873059394568156,0.39393738502079984
2810,0.2944,13,32,13,569074,36536,84200,23756,0.3384341768868798,0.39401578982286206
2811,0.2945,13,45,13,569119,36491,84213,23743,0.3380173403979399,0.3941793671348408
2812,0.2946,13,38,13,569157,36453,84226,23730,0.33766534514061286,0.3942973929514979
2813,0.2947,14,34,14,569191,36419,84240,23716,0.337350402015636,0.3943793132119398
2814,0.2948,24,38,24,569229,36381,84264,23692,0.33699840675830894,0.3943868293576149
2815,0.2949,16,33,16,569262,36348,84280,23676,0.33669272666641964,0.3944422231107557
2816,0.295,22,42,22,569304,36306,84302,23654,0.3363036792767424,0.39449633088725816
2817,0.2951,10,37,10,569341,36269,84312,23644,0.33596094705250285,0.394638893061606
2818,0.2952,19,35,19,569376,36234,84331,23625,0.33563674089443846,0.39467749210645015
2819,0.2953,25,35,25,569411,36199,84356,23600,0.33531253473637407,0.3946554290205522
2820,0.2954,16,34,16,569445,36165,84372,23584,0.33499759161139725,0.3947179032285059
2821,0.2955,13,28,13,569473,36137,84385,23571,0.33473822668494574,0.39477121993702685
2822,0.2956,17,36,17,569509,36101,84402,23554,0.3344047574937938,0.394836979297628
2823,0.2957,20,34,20,569543,36067,84422,23534,0.3340898143688169,0.3948591466586131
2824,0.2958,16,40,16,569583,36027,84438,23518,0.3337192930453148,0.3949617936014779
2825,0.2959,10,38,10,569621,35989,84448,23508,0.3333672977879877,0.39511235860631627
2826,0.296,8,36,8,569657,35953,84456,23500,0.3330338285968357,0.3952702134459153
2827,0.2961,14,26,14,569683,35927,84470,23486,0.33279298973655935,0.3953006917677949
2828,0.2962,16,39,16,569722,35888,84486,23470,0.33243173144614474,0.39539741905050707
2829,0.2963,18,46,18,569768,35842,84504,23452,0.33200563192411725,0.39552062603298815
2830,0.2964,15,34,15,569802,35808,84519,23437,0.3316906887991404,0.3955945649421892
2831,0.2965,15,36,15,569838,35772,84534,23422,0.3313572196079884,0.39568199479676996
2832,0.2966,14,35,14,569873,35737,84548,23408,0.33103301344992403,0.3957731000084538
2833,0.2967,17,34,17,569907,35703,84565,23391,0.3307180703249472,0.3958269875114225
2834,0.2968,14,32,14,569939,35671,84579,23377,0.3304216532661455,0.3958982522693402
2835,0.2969,16,28,16,569967,35643,84595,23361,0.33016228833969397,0.39592231035184056
2836,0.297,15,29,15,569996,35614,84610,23346,0.3298936603801549,0.3959633649932157
2837,0.2971,18,41,18,570037,35573,84628,23328,0.32951387602356513,0.3960543963599939
2838,0.2972,14,38,14,570075,35535,84642,23314,0.3291618807662381,0.39616645992285343
2839,0.2973,19,44,19,570119,35491,84661,23295,0.3287543073103857,0.39626781886843804
2840,0.2974,15,42,15,570161,35449,84676,23280,0.3283652599207084,0.39639700999506206
2841,0.2975,16,26,16,570187,35423,84692,23264,0.32812442106043205,0.39640806311448873
2842,0.2976,11,36,11,570223,35387,84703,23253,0.3277909518692801,0.3965381991814461
2843,0.2977,18,47,18,570270,35340,84721,23235,0.32735558931416503,0.3966709346991037
2844,0.2978,18,32,18,570302,35308,84739,23217,0.3270591722553633,0.39670226398974795
2845,0.2979,11,36,11,570338,35272,84750,23206,0.32672570306421134,0.396832997024522
2846,0.298,18,27,18,570365,35245,84768,23188,0.3264756011708474,0.39683055807506035
2847,0.2981,15,38,15,570403,35207,84783,23173,0.3261236059135203,0.3969338814662556
2848,0.2982,24,30,24,570433,35177,84807,23149,0.3258457149208937,0.39688989472962316
2849,0.2983,12,41,12,570474,35136,84819,23137,0.32546593056430395,0.39704494362740894
2850,0.2984,13,28,13,570502,35108,84832,23124,0.32520656563785244,0.39710125017172687
2851,0.2985,10,38,10,570540,35070,84842,23114,0.3248545703805254,0.39725697786333014
2852,0.2986,19,35,19,570575,35035,84861,23095,0.324530364222461,0.3972991570617581
2853,0.2987,14,43,14,570618,34992,84875,23081,0.3241320537996962,0.39744803953644553
2854,0.2988,20,25,20,570643,34967,84895,23061,0.3239004779725073,0.39741159440270213
2855,0.2989,9,35,9,570678,34932,84904,23052,0.32357627181444293,0.3975579470198676
2856,0.299,18,43,18,570721,34889,84922,23034,0.3231779613916781,0.3976658667541391
2857,0.2991,17,35,17,570756,34854,84939,23017,0.3228537552336137,0.3977294327037722
2858,0.2992,24,31,24,570787,34823,84963,22993,0.32256660120789954,0.3976926802269268
2859,0.2993,18,31,18,570818,34792,84981,22975,0.3222794471821853,0.39771842055152595
2860,0.2994,9,34,9,570852,34758,84990,22966,0.3219645040572085,0.3978587762455824
2861,0.2995,22,44,22,570896,34714,85012,22944,0.3215569306013561,0.3979326372749662
2862,0.2996,21,31,21,570927,34683,85033,22923,0.32126977657564193,0.3979272992396625
2863,0.2997,12,35,12,570962,34648,85045,22911,0.32094557041757754,0.39804374641672025
2864,0.2998,18,40,18,571002,34608,85063,22893,0.32057504909407536,0.3981322063964105
2865,0.2999,14,35,14,571037,34573,85077,22879,0.32025084293601097,0.39822808605444543
2866,0.3,18,38,18,571075,34535,85095,22861,0.31989884767868393,0.39830301763189074
2867,0.3001,12,33,12,571108,34502,85107,22849,0.3195931675867946,0.39840630503391394
2868,0.3002,20,40,20,571148,34462,85127,22829,0.31922264626329244,0.39847445497547607
2869,0.3003,14,39,14,571187,34423,85141,22815,0.31886138797287783,0.3985988329431497
2870,0.3004,10,26,10,571213,34397,85151,22805,0.3186205491126014,0.39867487150798925
2871,0.3005,9,34,9,571247,34363,85160,22796,0.3183056059876246,0.3988173341031159
2872,0.3006,18,48,18,571295,34315,85178,22778,0.317860980399422,0.39896309530064983
2873,0.3007,20,43,20,571338,34272,85198,22758,0.3174626699766572,0.39905312993161496
2874,0.3008,18,50,18,571388,34222,85216,22740,0.31699951832227946,0.39921351076156036
2875,0.3009,13,37,13,571425,34185,85229,22727,0.31665678609803993,0.39933581669946583
2876,0.301,16,41,16,571466,34144,85245,22711,0.31627700174145024,0.39945475331984875
2877,0.3011,21,33,21,571499,34111,85266,22690,0.31597132164956093,0.39946479815496205
2878,0.3012,11,41,11,571540,34070,85277,22679,0.31559153729297124,0.3996369980087755
2879,0.3013,14,35,14,571575,34035,85291,22665,0.3152673311349068,0.3997354497354497
2880,0.3014,17,29,17,571604,34006,85308,22648,0.31499870317536777,0.3997599463409468
2881,0.3015,16,26,16,571630,33980,85324,22632,0.31475786431509134,0.39977389952660214
2882,0.3016,19,25,19,571655,33955,85343,22613,0.3145262884879025,0.3997489746853345
2883,0.3017,13,51,13,571706,33904,85356,22600,0.3140538738004372,0.39997168342064277
2884,0.3018,11,35,11,571741,33869,85367,22589,0.3137296676423728,0.40010273123383755
2885,0.3019,15,30,15,571771,33839,85382,22574,0.3134517766497462,0.4001559924130963
2886,0.302,12,35,12,571806,33804,85394,22562,0.3131275704916818,0.4002767625873754
2887,0.3021,13,31,13,571837,33773,85407,22549,0.3128404164659676,0.4003586520365044
2888,0.3022,16,40,16,571877,33733,85423,22533,0.3124698951424654,0.4004727544165215
2889,0.3023,7,34,7,571911,33699,85430,22526,0.3121549520174886,0.40064028457092044
2890,0.3024,17,34,17,571945,33665,85447,22509,0.3118400088925118,0.4007013921031082
2891,0.3025,19,34,19,571979,33631,85466,22490,0.3115250657675349,0.4007412555015057
2892,0.3026,20,29,20,572008,33602,85486,22470,0.31125643780799583,0.400734769581966
2893,0.3027,12,45,12,572053,33557,85498,22458,0.3108396013190559,0.4009283227706864
2894,0.3028,13,37,13,572090,33520,85511,22445,0.3104968690948164,0.401054230322523
2895,0.3029,24,42,24,572132,33478,85535,22421,0.3101078217051391,0.4010984096316571
2896,0.303,7,40,7,572172,33438,85542,22414,0.30973730038163694,0.40131060660316553
2897,0.3031,12,37,12,572209,33401,85554,22402,0.30939456815739746,0.40144795082701645
2898,0.3032,11,33,11,572242,33368,85565,22391,0.30908888806550816,0.4015674599616205
2899,0.3033,20,27,20,572269,33341,85585,22371,0.3088387861721442,0.4015472429638139
2900,0.3034,18,30,18,572299,33311,85603,22353,0.30856089517951757,0.401570135096292
2901,0.3035,13,48,13,572347,33263,85616,22340,0.308116269591315,0.40177688254230887
2902,0.3036,18,36,18,572383,33227,85634,22322,0.30778280040016304,0.40184341752326774
2903,0.3037,22,32,22,572415,33195,85656,22300,0.3074863833413613,0.4018380034237319
2904,0.3038,10,34,10,572449,33161,85666,22290,0.30717144021638443,0.40197651981028293
2905,0.3039,19,19,19,572468,33142,85685,22271,0.30699544258772093,0.40190929926190605
2906,0.304,13,39,13,572507,33103,85698,22258,0.3066341842973063,0.4020519860551652
2907,0.3041,16,29,16,572536,33074,85714,22242,0.30636555633776724,0.40208981126617976
2908,0.3042,21,29,21,572565,33045,85735,22221,0.30609692837822816,0.4020736076430355
2909,0.3043,15,26,15,572591,33019,85750,22206,0.30585608951795173,0.4021004979628791
2910,0.3044,17,31,17,572622,32988,85767,22189,0.30556893549223757,0.4021421969298802
2911,0.3045,20,32,20,572654,32956,85787,22169,0.30527251843343584,0.40215873015873016
2912,0.3046,9,36,9,572690,32920,85796,22160,0.3049390492422839,0.40232389251997097
2913,0.3047,20,31,20,572721,32889,85816,22140,0.3046518952165697,0.4023333151610969
2914,0.3048,15,36,15,572757,32853,85831,22125,0.30431842602541775,0.4024337007530285
2915,0.3049,17,34,17,572791,32819,85848,22108,0.30400348290044094,0.4024978607970579
2916,0.305,18,31,18,572822,32788,85866,22090,0.3037163288747267,0.4025292466926637
2917,0.3051,14,23,14,572845,32765,85880,22076,0.303503279113713,0.402545540745063
2918,0.3052,13,26,13,572871,32739,85893,22063,0.30326244025343657,0.4025947958103719
2919,0.3053,16,32,16,572903,32707,85909,22047,0.30296602319463484,0.4026555137524199
2920,0.3054,13,21,13,572924,32686,85922,22034,0.3027714994997962,0.40266812865497076
2921,0.3055,21,37,21,572961,32649,85943,22013,0.30242876727555673,0.4027112070542607
2922,0.3056,9,27,9,572988,32622,85952,22004,0.30217866538219273,0.40281184783802587
2923,0.3057,7,25,7,573013,32597,85959,21997,0.3019470895550039,0.4029197347693886
2924,0.3058,15,31,15,573044,32566,85974,21982,0.3016599355292897,0.40298452738872187
2925,0.3059,15,26,15,573070,32540,85989,21967,0.3014190966690133,0.40301245711559985
2926,0.306,12,27,12,573097,32513,86001,21955,0.30116899477564935,0.4030807079386062
2927,0.3061,16,38,16,573135,32475,86017,21939,0.3008169995183223,0.4031866798985555
2928,0.3062,11,29,11,573164,32446,86028,21928,0.3005483715587832,0.40328097988008976
2929,0.3063,14,34,14,573198,32412,86042,21914,0.30023342843380635,0.4033795972462541
2930,0.3064,16,32,16,573230,32380,86058,21898,0.2999370113750046,0.40344154169276686
2931,0.3065,23,34,23,573264,32346,86081,21875,0.2996220682500278,0.4034414710167647
2932,0.3066,15,30,15,573294,32316,86096,21860,0.29934417725740115,0.4034997046662729
2933,0.3067,12,34,12,573328,32282,86108,21848,0.2990292341324243,0.40362091261777205
2934,0.3068,20,23,20,573351,32259,86128,21828,0.29881618437141055,0.40357202285207167
2935,0.3069,12,38,12,573389,32221,86140,21816,0.2984641891140835,0.40372337472472564
2936,0.307,16,37,16,573426,32184,86156,21800,0.298121456889844,0.40382335506816835
2937,0.3071,17,40,17,573466,32144,86173,21783,0.29775093556634186,0.4039349490978545
2938,0.3072,7,24,7,573490,32120,86180,21776,0.29752862277224057,0.40403740537331156
2939,0.3073,15,25,15,573515,32095,86195,21761,0.2972970469450517,0.40405897207367797
2940,0.3074,17,33,17,573548,32062,86212,21744,0.2969913668531624,0.40411849979556186
2941,0.3075,13,20,13,573568,32042,86225,21731,0.2968061061914113,0.40412474662005093
2942,0.3076,12,29,12,573597,32013,86237,21719,0.29653747823187226,0.4042097818804437
2943,0.3077,13,28,13,573625,31985,86250,21706,0.29627811330542075,0.4042763219161498
2944,0.3078,15,28,15,573653,31957,86265,21691,0.2960187483789692,0.4043207575305696
2945,0.3079,16,22,16,573675,31935,86281,21675,0.29581496165104304,0.4043088975937325
2946,0.308,12,41,12,573716,31894,86293,21663,0.2954351772944533,0.4044849412775174
2947,0.3081,19,33,19,573749,31861,86312,21644,0.295129497202564,0.40452294178114195
2948,0.3082,9,30,9,573779,31831,86321,21635,0.2948516062099374,0.4046496839112707
2949,0.3083,9,32,9,573811,31799,86330,21626,0.29455518915113565,0.404791764155358
2950,0.3084,18,30,18,573841,31769,86348,21608,0.294277298158509,0.40481855480825074
2951,0.3085,21,23,21,573864,31746,86369,21587,0.2940642483974953,0.4047587797423734
2952,0.3086,14,29,14,573893,31717,86383,21573,0.2937956204379562,0.40482266841808967
2953,0.3087,19,36,19,573929,31681,86402,21554,0.29346215124680425,0.4048840048840049
2954,0.3088,11,30,11,573959,31651,86413,21543,0.29318426025417765,0.4049892845057713
2955,0.3089,11,26,11,573985,31625,86424,21532,0.2929434213939012,0.4050642436555863
2956,0.309,14,26,14,574011,31599,86438,21518,0.2927025825336248,0.4051057100363349
2957,0.3091,13,33,13,574044,31566,86451,21505,0.2923969024417355,0.40521188596408586
2958,0.3092,11,23,11,574067,31543,86462,21494,0.2921838526807218,0.40526424948620776
2959,0.3093,15,28,15,574095,31515,86477,21479,0.29192448775427027,0.40531003509831304
2960,0.3094,13,26,13,574121,31489,86490,21466,0.29168364889399384,0.4053630440940421
2961,0.3095,9,23,9,574144,31466,86499,21457,0.2914705991329801,0.4054380892995484
2962,0.3096,13,36,13,574180,31430,86512,21444,0.29113712994182817,0.40556795400385826
2963,0.3097,12,29,12,574209,31401,86524,21432,0.2908685019822891,0.40565555618647436
2964,0.3098,15,50,15,574259,31351,86539,21417,0.29040535032791137,0.405870982413584
2965,0.3099,15,31,15,574290,31320,86554,21402,0.2901181963021972,0.40594059405940597
2966,0.31,17,28,17,574318,31292,86571,21385,0.2898588313757457,0.4059646525048883
2967,0.3101,11,32,11,574350,31260,86582,21374,0.28956241431694396,0.4060873199832808
2968,0.3102,16,29,16,574379,31231,86598,21358,0.2892937863574049,0.4061305596227348
2969,0.3103,9,30,9,574409,31201,86607,21349,0.28901589536477823,0.4062607040913416
2970,0.3104,25,26,25,574435,31175,86632,21324,0.28877505650450186,0.40617916531743464
2971,0.3105,15,23,15,574458,31152,86647,21309,0.2885620067434881,0.40618745353691316
2972,0.3106,15,33,15,574491,31119,86662,21294,0.2882563266515988,0.40627325281895715
2973,0.3107,8,25,8,574516,31094,86670,21286,0.2880247508244099,0.40637647957235584
2974,0.3108,13,23,13,574539,31071,86683,21273,0.2878117010633962,0.40640761118752866
2975,0.3109,16,21,16,574560,31050,86699,21257,0.2876171773685576,0.4063892022100293
2976,0.311,17,28,17,574588,31022,86716,21240,0.28735781244210606,0.40641383797022695
2977,0.3111,13,24,13,574612,30998,86729,21227,0.2871354996480047,0.4064528482527525
2978,0.3112,12,31,12,574643,30967,86741,21215,0.28684834562229056,0.4065578168717182
2979,0.3113,14,24,14,574667,30943,86755,21201,0.28662603282818927,0.40658560908254066
2980,0.3114,10,35,10,574702,30908,86765,21191,0.2863018266701249,0.40674485114877446
2981,0.3115,12,29,12,574731,30879,86777,21179,0.2860331987105858,0.40683468439048753
2982,0.3116,12,27,12,574758,30852,86789,21167,0.2857830968172218,0.4069090140141102
2983,0.3117,12,20,12,574778,30832,86801,21155,0.28559783615547074,0.40692865524073324
2984,0.3118,10,21,10,574799,30811,86811,21145,0.2854033124606321,0.406978982215721
2985,0.3119,13,27,13,574826,30784,86824,21132,0.28515321056726817,0.40704214500346714
2986,0.312,15,26,15,574852,30758,86839,21117,0.28491237170699174,0.4070746987951807
2987,0.3121,16,41,16,574893,30717,86855,21101,0.284532587350402,0.4072137095217878
2988,0.3122,17,41,17,574934,30676,86872,21084,0.2841528029938123,0.4073415765069552
2989,0.3123,14,39,14,574973,30637,86886,21070,0.2837915447033977,0.40748834780590637
2990,0.3124,9,24,9,574997,30613,86895,21061,0.2835692319092964,0.4075744087935906
2991,0.3125,14,26,14,575023,30587,86909,21047,0.28332839304901997,0.40761901072936435
2992,0.3126,15,27,15,575050,30560,86924,21032,0.283078291155656,0.4076601023414483
2993,0.3127,14,15,14,575065,30545,86938,21018,0.2829393456593427,0.40761786552372825
2994,0.3128,17,41,17,575106,30504,86955,21001,0.28255956130275295,0.40774682069701973
2995,0.3129,12,31,12,575137,30473,86967,20989,0.2822724072770388,0.4078543391240138
2996,0.313,18,27,18,575164,30446,86985,20971,0.28202230538367484,0.40786121321741836
2997,0.3131,11,27,11,575191,30419,86996,20960,0.28177220349031085,0.40794877284493664
2998,0.3132,13,20,13,575211,30399,87009,20947,0.2815869428285598,0.4079577766525143
2999,0.3133,13,30,13,575241,30369,87022,20934,0.28130905183593313,0.4080463130811064
3000,0.3134,13,30,13,575271,30339,87035,20921,0.28103116084330654,0.40813499804916115
3001,0.3135,11,32,11,575303,30307,87046,20910,0.2807347437845048,0.4082628814651385
3002,0.3136,14,29,14,575332,30278,87060,20896,0.2804661158249657,0.40833235627467074
3003,0.3137,9,25,9,575357,30253,87069,20887,0.28023453999777687,0.4084278451310129
3004,0.3138,15,23,15,575380,30230,87084,20872,0.28002149023676315,0.4084380259089664
3005,0.3139,15,28,15,575408,30202,87099,20857,0.2797621253103116,0.4084882195107621
3006,0.314,13,26,13,575434,30176,87112,20844,0.2795212864500352,0.40854566836534695
3007,0.3141,15,31,15,575465,30145,87127,20829,0.27923413242432105,0.40862008082551887
3008,0.3142,18,35,18,575500,30110,87145,20811,0.2789099262662566,0.40869189528878064
3009,0.3143,20,31,20,575531,30079,87165,20791,0.27862277224054244,0.4087084725771575
3010,0.3144,11,32,11,575563,30047,87176,20780,0.2783263551817407,0.4088378224172192
3011,0.3145,12,25,12,575588,30022,87188,20768,0.27809477935455185,0.40889938964363065
3012,0.3146,10,39,10,575627,29983,87198,20758,0.27773352106413723,0.4090971797954317
3013,0.3147,9,31,9,575658,29952,87207,20749,0.27744636703842307,0.40924242125401866
3014,0.3148,17,25,17,575683,29927,87224,20732,0.2772147912112342,0.4092461359284629
3015,0.3149,14,34,14,575717,29893,87238,20718,0.27689984808625734,0.409357649522831
3016,0.315,11,26,11,575743,29867,87249,20707,0.27665900922598097,0.4094396330130106
3017,0.3151,23,33,23,575776,29834,87272,20684,0.27635332913409166,0.40943822004038166
3018,0.3152,13,27,13,575803,29807,87285,20671,0.2761032272407277,0.40950513094813584
3019,0.3153,18,27,18,575830,29780,87303,20653,0.2758531253473637,0.409513612119049
3020,0.3154,17,25,17,575855,29755,87320,20636,0.27562154952017487,0.40951757258240556
3021,0.3155,13,34,13,575889,29721,87333,20623,0.27530660639519805,0.409641665342444
3022,0.3156,16,29,16,575918,29692,87349,20607,0.27503797843565897,0.4096900534801885
3023,0.3157,14,20,14,575938,29672,87363,20593,0.2748527177739079,0.4096886501541828
3024,0.3158,20,34,20,575972,29638,87383,20573,0.27453777464893103,0.4097309354523909
3025,0.3159,18,33,18,576005,29605,87401,20555,0.2742320945570418,0.40978867623604465
3026,0.316,9,34,9,576039,29571,87410,20546,0.2739171514320649,0.409960691980765
3027,0.3161,14,39,14,576078,29532,87424,20532,0.2735558931416503,0.41011505273250237
3028,0.3162,8,32,8,576110,29500,87432,20524,0.27325947608284856,0.410283064129218
3029,0.3163,9,27,9,576137,29473,87441,20515,0.2730093741894846,0.41039849563895336
3030,0.3164,9,22,9,576159,29451,87450,20506,0.2728055874615584,0.4104730067858358
3031,0.3165,11,36,11,576195,29415,87461,20495,0.27247211827040646,0.41063915047084754
3032,0.3166,13,27,13,576222,29388,87474,20482,0.2722220163770425,0.410707840385001
3033,0.3167,13,21,13,576243,29367,87487,20469,0.2720274926822039,0.4107271851673489
3034,0.3168,11,21,11,576264,29346,87498,20458,0.2718329689873652,0.41077021925949725
3035,0.3169,12,28,12,576292,29318,87510,20446,0.2715736040609137,0.4108592556868419
3036,0.317,14,30,14,576322,29288,87524,20432,0.2712957130682871,0.4109412711182623
3037,0.3171,13,27,13,576349,29261,87537,20419,0.2710456111749231,0.41101046698872784
3038,0.3172,19,22,19,576371,29239,87556,20400,0.27084182444699695,0.4109671830617055
3039,0.3173,5,32,5,576403,29207,87561,20395,0.2705454073881952,0.4111729365751381
3040,0.3174,9,32,9,576435,29175,87570,20386,0.2702489903293935,0.4113314904864712
3041,0.3175,20,23,20,576458,29152,87590,20366,0.2700359405683797,0.4112847853305869
3042,0.3176,21,34,21,576492,29118,87611,20345,0.2697209974434029,0.4113175504922872
3043,0.3177,16,14,16,576506,29104,87627,20329,0.26959131498017713,0.41124350130479637
3044,0.3178,17,26,17,576532,29078,87644,20312,0.2693504761199007,0.4112573395424175
3045,0.3179,11,29,11,576561,29049,87655,20301,0.2690818481603616,0.4113677811550152
3046,0.318,12,27,12,576588,29022,87667,20289,0.2688317462669977,0.41144977794001336
3047,0.3181,6,18,6,576606,29004,87673,20283,0.2686650116714217,0.4115283949114371
3048,0.3182,12,34,12,576640,28970,87685,20271,0.26835006854644483,0.4116691375073617
3049,0.3183,8,25,8,576665,28945,87693,20263,0.268118492719256,0.41178263696959844
3050,0.3184,14,23,14,576688,28922,87707,20249,0.26790544295824226,0.41180777287425513
3051,0.3185,14,27,14,576715,28895,87721,20235,0.26765534106487826,0.411866476694484
3052,0.3186,15,28,15,576743,28867,87736,20220,0.26739597613842675,0.41192169006050483
3053,0.3187,15,22,15,576765,28845,87751,20205,0.26719218941050055,0.41192660550458715
3054,0.3188,20,35,20,576800,28810,87771,20185,0.26686798325243616,0.4119808143688131
3055,0.3189,11,31,11,576831,28779,87782,20174,0.266580829226722,0.4121095744898168
3056,0.319,18,20,18,576851,28759,87800,20156,0.26639556856497093,0.4120617397526321
3057,0.3191,14,28,14,576879,28731,87814,20142,0.2661362036385194,0.41212939659934933
3058,0.3192,11,25,11,576904,28706,87825,20131,0.26590462781133056,0.4122079570817208
3059,0.3193,23,26,23,576930,28680,87848,20108,0.26566378895105414,0.41215052881856196
3060,0.3194,10,18,10,576948,28662,87858,20098,0.26549705435547816,0.41218211648892533
3061,0.3195,20,27,20,576975,28635,87878,20078,0.2652469524621142,0.41216923613819717
3062,0.3196,10,36,10,577011,28599,87888,20068,0.26491348327096226,0.41235334004561613
3063,0.3197,10,28,10,577039,28571,87898,20058,0.26465411834451075,0.41246992535318433
3064,0.3198,15,27,15,577066,28544,87913,20043,0.26440401645114675,0.4125177516619672
3065,0.3199,10,20,10,577086,28524,87923,20033,0.2642187557893957,0.4125666742179294
3066,0.32,12,27,12,577113,28497,87935,20021,0.2639686538960317,0.4126509748959149
3067,0.3201,11,26,11,577139,28471,87946,20010,0.2637278150357553,0.41273901115901074
3068,0.3202,14,24,14,577163,28447,87960,19996,0.26350550224165403,0.4127737753648618
3069,0.3203,19,25,19,577188,28422,87979,19977,0.2632739264144652,0.4127564619103701
3070,0.3204,10,31,10,577219,28391,87989,19967,0.26298677238875096,0.41289962364034904
3071,0.3205,25,26,25,577245,28365,88014,19942,0.2627459335284746,0.412818018092616
3072,0.3206,19,34,19,577279,28331,88033,19923,0.2624309904034977,0.4128776888962573
3073,0.3207,12,27,12,577306,28304,88045,19911,0.26218088851013377,0.41296277092191225
3074,0.3208,10,19,10,577325,28285,88055,19901,0.2620048908814702,0.4130037770306728
3075,0.3209,16,27,16,577352,28258,88071,19885,0.2617547889881063,0.41304031738778224
3076,0.321,19,22,19,577374,28236,88090,19866,0.2615510022601801,0.41299738056629665
3077,0.3211,14,24,14,577398,28212,88104,19852,0.2613286894660788,0.4130326231691079
3078,0.3212,14,29,14,577427,28183,88118,19838,0.2610600615065397,0.41311093063451404
3079,0.3213,17,16,17,577443,28167,88135,19821,0.2609118529771388,0.4130407601900475
3080,0.3214,12,35,12,577478,28132,88147,19809,0.2605876468190744,0.4131953859952859
3081,0.3215,8,22,8,577500,28110,88155,19801,0.2603838600911482,0.4132871365657156
3082,0.3216,10,28,10,577528,28082,88165,19791,0.2601244951646967,0.41340630417980906
3083,0.3217,16,28,16,577556,28054,88181,19775,0.2598651302382452,0.41345208973635245
3084,0.3218,8,29,8,577585,28025,88189,19767,0.2595965022787061,0.4136047874121192
3085,0.3219,10,40,10,577625,27985,88199,19757,0.259225980955204,0.41382849482635836
3086,0.322,13,23,13,577648,27962,88212,19744,0.2590129311941902,0.4138682765270616
3087,0.3221,11,29,11,577677,27933,88223,19733,0.25874430323465114,0.4139848109763773
3088,0.3222,11,31,11,577708,27902,88234,19722,0.258457149208937,0.41411893163111035
3089,0.3223,16,24,16,577732,27878,88250,19706,0.2582348364148357,0.41413080026899796
3090,0.3224,13,26,13,577758,27852,88263,19693,0.25799399755455926,0.4141970764538858
3091,0.3225,12,28,12,577786,27824,88275,19681,0.25773463262810775,0.41429323229133774
3092,0.3226,9,20,9,577806,27804,88284,19672,0.2575493719663567,0.4143567276097397
3093,0.3227,16,31,16,577837,27773,88300,19656,0.25726221794064247,0.414429990090451
3094,0.3228,18,19,18,577856,27754,88318,19638,0.257086220311979,0.41437373396353816
3095,0.3229,8,22,8,577878,27732,88326,19630,0.25688243358405277,0.41446729445547065
3096,0.323,10,29,10,577907,27703,88336,19620,0.2566138056245137,0.4145975529869197
3097,0.3231,16,29,16,577936,27674,88352,19604,0.2563451776649746,0.41465375015863615
3098,0.3232,10,27,10,577963,27647,88362,19594,0.25609507577161067,0.41476683389428676
3099,0.3233,8,20,8,577983,27627,88370,19586,0.25590981510985955,0.41484336941096733
3100,0.3234,16,29,16,578012,27598,88386,19570,0.2556411871503205,0.41489993215739485
3101,0.3235,9,18,9,578030,27580,88395,19561,0.25547445255474455,0.41494664941346177
3102,0.3236,6,23,6,578053,27557,88401,19555,0.2552614027937308,0.4150747155714043
3103,0.3237,13,26,13,578079,27531,88414,19542,0.25502056393345435,0.41514243834044995
3104,0.3238,17,23,17,578102,27508,88431,19525,0.25480751417244063,0.4151340548125784
3105,0.3239,11,25,11,578127,27483,88442,19514,0.2545759383452518,0.41521799263782794
3106,0.324,10,21,10,578148,27462,88452,19504,0.25438141465041314,0.4152791380999021
3107,0.3241,13,31,13,578179,27431,88465,19491,0.254094260624699,0.4153915007885427
3108,0.3242,13,33,13,578212,27398,88478,19478,0.25378858053280967,0.41552180220155305
3109,0.3243,18,23,18,578235,27375,88496,19460,0.2535755307717959,0.4155012277143162
3110,0.3244,10,24,10,578259,27351,88506,19450,0.2533532179776946,0.415589410482682
3111,0.3245,11,26,11,578285,27325,88517,19439,0.2531123791174182,0.4156830040201865
3112,0.3246,13,33,13,578318,27292,88530,19426,0.25280669902552894,0.4158140331349801
3113,0.3247,9,26,9,578344,27266,88539,19417,0.2525658601652525,0.4159329948803633
3114,0.3248,14,13,14,578357,27253,88553,19403,0.2524454407351143,0.41587362825788754
3115,0.3249,11,37,11,578394,27216,88564,19392,0.2521027085108748,0.4160659114315139
3116,0.325,6,21,6,578415,27195,88570,19386,0.25190818481603616,0.41617827011013075
3117,0.3251,16,14,16,578429,27181,88586,19370,0.2517785023528104,0.4161027690060364
3118,0.3252,23,23,23,578452,27158,88609,19347,0.25156545259179663,0.4160197828190517
3119,0.3253,7,30,7,578482,27128,88616,19340,0.25128756159917004,0.41620039597142117
3120,0.3254,19,23,19,578505,27105,88635,19321,0.25107451183815627,0.4161676646706587
3121,0.3255,11,23,11,578528,27082,88646,19310,0.25086146207714255,0.41623555785480254
3122,0.3256,16,26,16,578554,27056,88662,19294,0.2506206232168661,0.41626752966558794
3123,0.3257,16,42,16,578596,27014,88678,19278,0.25023157582718886,0.41644344595178434
3124,0.3258,10,30,10,578626,26984,88688,19268,0.24995368483456223,0.4165873908155323
3125,0.3259,15,26,15,578652,26958,88703,19253,0.2497128459742858,0.41663240354028264
3126,0.326,13,27,13,578679,26931,88716,19240,0.24946274408092187,0.4167117887851682
3127,0.3261,11,24,11,578703,26907,88727,19229,0.24924043128682055,0.41678949193688225
3128,0.3262,11,21,11,578724,26886,88738,19218,0.24904590759198192,0.4168401874023946
3129,0.3263,8,24,8,578748,26862,88746,19210,0.24882359479788063,0.41695606876193786
3130,0.3264,10,25,10,578773,26837,88756,19200,0.24859201897069177,0.41705584638442994
3131,0.3265,12,22,12,578795,26815,88768,19188,0.24838823224276557,0.4171032323978871
3132,0.3266,16,29,16,578824,26786,88784,19172,0.2481196042832265,0.4171634971060533
3133,0.3267,16,19,16,578843,26767,88800,19156,0.24794360665456297,0.41713302702349586
3134,0.3268,8,33,8,578876,26734,88808,19148,0.2476379265626737,0.41733141536986185
3135,0.3269,24,19,24,578895,26715,88832,19124,0.24746192893401014,0.41719932808307336
3136,0.327,20,28,20,578923,26687,88852,19104,0.24720256400755863,0.41719988644056694
3137,0.3271,9,29,9,578952,26658,88861,19095,0.24693393604801955,0.4173496819880664
3138,0.3272,15,25,15,578977,26633,88876,19080,0.2467023602208307,0.41738673900203443
3139,0.3273,14,32,14,579009,26601,88890,19066,0.24640594316202896,0.4175006021853855
3140,0.3274,10,17,10,579026,26584,88900,19056,0.24624847159954055,0.4175284837861525
3141,0.3275,20,29,20,579055,26555,88920,19036,0.24597984364000147,0.4175385492750762
3142,0.3276,13,22,13,579077,26533,88933,19023,0.2457760569120753,0.41757397488804987
3143,0.3277,10,22,10,579099,26511,88943,19013,0.2455722701841491,0.4176478341094807
3144,0.3278,14,17,14,579116,26494,88957,18999,0.24541479862166068,0.4176246895126723
3145,0.3279,16,23,16,579139,26471,88973,18983,0.24520174886064694,0.4176310115721389
3146,0.328,11,27,11,579166,26444,88984,18972,0.24495164696728297,0.4177382420292408
3147,0.3281,10,17,10,579183,26427,88994,18962,0.24479417540479453,0.41776641917645246
3148,0.3282,12,26,12,579209,26401,89006,18950,0.24455333654451814,0.41785186655200546
3149,0.3283,11,29,11,579238,26372,89017,18939,0.24428470858497905,0.41797797444329193
3150,0.3284,12,17,12,579255,26355,89029,18927,0.24412723702249065,0.4179806545647277
3151,0.3285,14,25,14,579280,26330,89043,18913,0.2438956611953018,0.41803151868797384
3152,0.3286,19,27,19,579307,26303,89062,18894,0.24364555930193782,0.41803659534924886
3153,0.3287,15,40,15,579347,26263,89077,18879,0.24327503797843567,0.4182136369677905
3154,0.3288,9,31,9,579378,26232,89086,18870,0.24298788395272147,0.41838499401356927
3155,0.3289,15,30,15,579408,26202,89101,18855,0.24270999296009485,0.41846993807843397
3156,0.329,18,15,18,579423,26187,89119,18837,0.24257104746378155,0.4183768656716418
3157,0.3291,18,17,18,579440,26170,89137,18819,0.24241357590129312,0.41830225166151724
3158,0.3292,12,20,12,579460,26150,89149,18807,0.24222831523954202,0.4183330738261005
3159,0.3293,14,27,14,579487,26123,89163,18793,0.24197821334617808,0.41840324160655445
3160,0.3294,12,19,12,579506,26104,89175,18781,0.24180221571751453,0.4184248635401582
3161,0.3295,10,22,10,579528,26082,89185,18771,0.24159842898958836,0.4185004347535282
3162,0.3296,12,25,12,579553,26057,89197,18759,0.2413668531623995,0.41857818636201355
3163,0.3297,10,26,10,579579,26031,89207,18749,0.24112601430212308,0.418691380080393
3164,0.3298,9,27,9,579606,26004,89216,18740,0.24087591240875914,0.41882710531020917
3165,0.3299,10,21,10,579627,25983,89226,18730,0.24068138871392047,0.4188938340080066
3166,0.33,17,23,17,579650,25960,89243,18713,0.24046833895290673,0.41888836657488865
3167,0.3301,5,20,5,579670,25940,89248,18708,0.24028307829115567,0.4190109299408708
3168,0.3302,21,21,21,579691,25919,89269,18687,0.240088554596317,0.4189346724655876
3169,0.3303,10,26,10,579717,25893,89279,18677,0.2398477157360406,0.41904868745793133
3170,0.3304,16,20,16,579737,25873,89295,18661,0.23966245507428952,0.4190281582611039
3171,0.3305,15,21,15,579758,25852,89310,18646,0.23946793137945088,0.4190300687671356
3172,0.3306,11,24,11,579782,25828,89321,18635,0.2392456185853496,0.4191125205226818
3173,0.3307,11,23,11,579805,25805,89332,18624,0.23903256882433585,0.4191856670192892
3174,0.3308,12,19,12,579824,25786,89344,18612,0.2388565711956723,0.4192080724356953
3175,0.3309,4,34,4,579858,25752,89348,18608,0.23854162807069546,0.4194770063119928
3176,0.331,17,33,17,579891,25719,89365,18591,0.23823594797880618,0.4195666892349357
3177,0.3311,17,22,17,579913,25697,89382,18574,0.23803216125087998,0.41955230286191864
3178,0.3312,15,16,15,579929,25681,89397,18559,0.2378839527214791,0.41950723327305606
3179,0.3313,10,21,10,579950,25660,89407,18549,0.23768942902664048,0.4195751996199869
3180,0.3314,7,24,7,579974,25636,89414,18542,0.2374671162325392,0.41971116845488704
3181,0.3315,16,26,16,580000,25610,89430,18526,0.23722627737226276,0.41974805147725214
3182,0.3316,5,31,5,580031,25579,89435,18521,0.2369391233465486,0.4199773242630386
3183,0.3317,12,16,12,580047,25563,89447,18509,0.23679091481714773,0.41997186422218186
3184,0.3318,11,19,11,580066,25544,89458,18498,0.2366149171884842,0.4200081740157123
3185,0.3319,10,29,10,580095,25515,89468,18488,0.23634628922894513,0.420153171374679
3186,0.332,12,32,12,580127,25483,89480,18476,0.2360498721701434,0.4203007347755863
3187,0.3321,12,21,12,580148,25462,89492,18464,0.23585534847530476,0.4203433046487274
3188,0.3322,14,27,14,580175,25435,89506,18450,0.2356052465819408,0.42041699897459267
3189,0.3323,12,15,12,580190,25420,89518,18438,0.23546630108562747,0.4204022071229878
3190,0.3324,11,15,11,580205,25405,89529,18427,0.23532735558931417,0.4204006205511955
3191,0.3325,9,21,9,580226,25384,89538,18418,0.23513283189447554,0.4204830829642482
3192,0.3326,13,21,13,580247,25363,89551,18405,0.2349383081996369,0.42051270334490953
3193,0.3327,9,25,9,580272,25338,89560,18396,0.23470673237244805,0.4206338318013445
3194,0.3328,13,30,13,580302,25308,89573,18383,0.2344288413798214,0.42075026893410544
3195,0.3329,7,21,7,580323,25287,89580,18376,0.23423431768498276,0.4208597668506516
3196,0.333,13,17,13,580340,25270,89593,18363,0.23407684612249435,0.4208511906126097
3197,0.3331,6,27,6,580367,25243,89599,18357,0.23382674422913038,0.42103211009174313
3198,0.3332,10,16,10,580383,25227,89609,18347,0.23367853569972952,0.4210538394455409
3199,0.3333,10,24,10,580407,25203,89619,18337,0.23345622290562823,0.42115296279283415
3200,0.3334,6,36,6,580443,25167,89625,18331,0.23312275371447627,0.4214216745597499
3201,0.3335,15,22,15,580465,25145,89640,18316,0.23291896698655007,0.42143530981799776
3202,0.3336,10,24,10,580489,25121,89650,18306,0.23269665419244878,0.4215349897529187
3203,0.3337,6,19,6,580508,25102,89656,18300,0.23252065656378523,0.4216395557808396
3204,0.3338,13,19,13,580527,25083,89669,18287,0.2323446589351217,0.42165091076781186
3205,0.3339,11,34,11,580561,25049,89680,18276,0.23202971581014487,0.42183496826312755
3206,0.334,12,27,12,580588,25022,89692,18264,0.23177961391678092,0.4219378089913598
3207,0.3341,12,18,12,580606,25004,89704,18252,0.23161287932120495,0.4219530238579619
3208,0.3342,9,13,9,580619,24991,89713,18243,0.23149245989106673,0.42195956885784336
3209,0.3343,15,21,15,580640,24970,89728,18228,0.2312979361962281,0.4219639798138803
3210,0.3344,10,19,10,580659,24951,89738,18218,0.23112193856756455,0.4220157983738331
3211,0.3345,10,23,10,580682,24928,89748,18208,0.2309088888065508,0.422106824925816
3212,0.3346,18,20,18,580702,24908,89766,18190,0.23072362814479974,0.42206134855445726
3213,0.3347,17,26,17,580728,24882,89783,18173,0.23048278928452332,0.42208802694228315
3214,0.3348,10,25,10,580753,24857,89793,18163,0.23025121345733446,0.42219897721989774
3215,0.3349,9,24,9,580777,24833,89802,18154,0.23002890066323317,0.4223137227533906
3216,0.335,9,32,9,580809,24801,89811,18145,0.22973248360443144,0.42250733479253016
3217,0.3351,10,26,10,580835,24775,89821,18135,0.22949164474415504,0.42262875786529946
3218,0.3352,10,24,10,580859,24751,89831,18125,0.22926933195005372,0.4227306651739901
3219,0.3353,11,24,11,580883,24727,89842,18114,0.22904701915595244,0.4228192619219906
3220,0.3354,11,19,11,580902,24708,89853,18103,0.2288710215272889,0.42285861110462264
3221,0.3355,9,21,9,580923,24687,89862,18094,0.22867649783245025,0.42294476519950447
3222,0.3356,6,23,6,580946,24664,89868,18088,0.2284634480714365,0.42309131736526945
3223,0.3357,9,9,9,580955,24655,89877,18079,0.22838008077364852,0.4230589226377124
3224,0.3358,11,33,11,580988,24622,89888,18068,0.22807440068175924,0.42323729210587957
3225,0.3359,11,18,11,581006,24604,89899,18057,0.22790766608618326,0.4232671526687138
3226,0.336,9,19,9,581025,24585,89908,18048,0.22773166845751974,0.423334037013581
3227,0.3361,8,23,8,581048,24562,89916,18040,0.227518618696506,0.42345429792028544
3228,0.3362,7,26,7,581074,24536,89923,18033,0.22727777983622957,0.4236181258662407
3229,0.3363,7,21,7,581095,24515,89930,18026,0.22708325614139094,0.42373239933240875
3230,0.3364,15,23,15,581118,24492,89945,18011,0.2268702063803772,0.42375832294190996
3231,0.3365,18,26,18,581144,24466,89963,17993,0.2266293675201008,0.4237735226924798
3232,0.3366,19,18,19,581162,24448,89982,17974,0.22646263292452481,0.4236952524633445
3233,0.3367,7,22,7,581184,24426,89989,17967,0.2262588461965986,0.42381997027811197
3234,0.3368,12,12,12,581196,24414,90001,17955,0.22614768979954797,0.42377681795652483
3235,0.3369,14,23,14,581219,24391,90015,17941,0.22593464003853422,0.4238164981574223
3236,0.337,10,36,10,581255,24355,90025,17931,0.22560117084738227,0.4240410537766637
3237,0.3371,13,29,13,581284,24326,90038,17918,0.22533254288784318,0.4241549095729571
3238,0.3372,13,20,13,581304,24306,90051,17905,0.22514728222609212,0.4241785316623629
3239,0.3373,13,18,13,581322,24288,90064,17892,0.22498054763051614,0.4241820768136558
3240,0.3374,9,22,9,581344,24266,90073,17883,0.22477676090258994,0.4242805286009158
3241,0.3375,6,19,6,581363,24247,90079,17877,0.22460076327392642,0.42438989649605924
3242,0.3376,9,20,9,581383,24227,90088,17868,0.22441550261217533,0.4244684641881459
3243,0.3377,16,22,16,581405,24205,90104,17852,0.22421171588424915,0.4244715505147776
3244,0.3378,14,26,14,581431,24179,90118,17838,0.22397087702397273,0.4245424471047433
3245,0.3379,10,19,10,581450,24160,90128,17828,0.2237948793953092,0.42459750404877583
3246,0.338,10,23,10,581473,24137,90138,17818,0.22358182963429546,0.4246931235847932
3247,0.3381,7,17,7,581490,24120,90145,17811,0.22342435807180702,0.424769263790513
3248,0.3382,12,24,12,581514,24096,90157,17799,0.22320204527770574,0.42484783387039027
3249,0.3383,14,29,14,581543,24067,90171,17785,0.22293341731816665,0.4249498231864666
3250,0.3384,20,19,20,581562,24048,90191,17765,0.22275741968950313,0.4248678640614163
3251,0.3385,11,23,11,581585,24025,90202,17754,0.2225443699284894,0.42495033389980613
3252,0.3386,9,14,9,581599,24011,90211,17745,0.22241468746526363,0.42496886674968865
3253,0.3387,14,19,14,581618,23992,90225,17731,0.22223868983660008,0.42496944131534165
3254,0.3388,16,23,16,581641,23969,90241,17715,0.22202564007558634,0.42498320698589387
3255,0.3389,13,11,13,581652,23958,90254,17702,0.22192374671162327,0.42491598655784923
3256,0.339,12,25,12,581677,23933,90266,17690,0.2216921708844344,0.42500540566513706
3257,0.3391,12,24,12,581701,23909,90278,17678,0.2214698580903331,0.4250847620650684
3258,0.3392,8,26,8,581727,23883,90286,17670,0.2212290192300567,0.4252400548696845
3259,0.3393,8,26,8,581753,23857,90294,17662,0.22098818036978027,0.425395602013536
3260,0.3394,7,26,7,581779,23831,90301,17655,0.22074734150950387,0.4255652509280239
3261,0.3395,16,23,16,581802,23808,90317,17639,0.22053429174849012,0.4255796559461481
3262,0.3396,7,26,7,581828,23782,90324,17632,0.22029345288821373,0.4257497464625489
3263,0.3397,7,19,7,581847,23763,90331,17625,0.22011745525955018,0.4258480719049
3264,0.3398,13,19,13,581866,23744,90344,17612,0.21994145763088666,0.42586323628977657
3265,0.3399,14,20,14,581886,23724,90358,17598,0.21975619696913556,0.4258748366487585
3266,0.34,13,16,13,581902,23708,90371,17585,0.2196079884397347,0.4258591044486959
3267,0.3401,9,21,9,581923,23687,90380,17576,0.21941346474489606,0.4259506095048833
3268,0.3402,15,28,15,581951,23659,90395,17561,0.21915409981844455,0.4260310528869481
3269,0.3403,9,14,9,581965,23645,90404,17552,0.2190244173552188,0.4260504405660606
3270,0.3404,11,27,11,581992,23618,90415,17541,0.21877431546185483,0.4261765349012367
3271,0.3405,11,16,11,582008,23602,90426,17530,0.21862610693245396,0.4261888553923952
3272,0.3406,8,20,8,582028,23582,90434,17522,0.21844084627070287,0.42628454651615416
3273,0.3407,10,17,10,582045,23565,90444,17512,0.21828337470821446,0.4263212990237846
3274,0.3408,9,20,9,582065,23545,90453,17503,0.21809811404646337,0.42640323523679596
3275,0.3409,10,24,10,582089,23521,90463,17493,0.21787580125236208,0.4265128980348174
3276,0.341,12,16,12,582105,23505,90475,17481,0.21772759272296122,0.42651149172888303
3277,0.3411,9,43,9,582148,23462,90484,17472,0.21732928230019638,0.4268334391948014
3278,0.3412,13,25,13,582173,23437,90497,17459,0.21709770647300752,0.4269121674491393
3279,0.3413,14,19,14,582192,23418,90511,17445,0.216921708844344,0.4269143234711108
3280,0.3414,13,21,13,582213,23397,90524,17432,0.21672718514950534,0.42695143158049426
3281,0.3415,8,23,8,582236,23374,90532,17424,0.2165141353884916,0.42707975881170646
3282,0.3416,12,28,12,582264,23346,90544,17412,0.21625477046204009,0.4272044751950537
3283,0.3417,12,34,12,582298,23312,90556,17400,0.21593982733706324,0.42739241501277264
3284,0.3418,10,28,10,582326,23284,90566,17390,0.21568046241061173,0.42754585238727444
3285,0.3419,9,25,9,582351,23259,90575,17381,0.21544888658342287,0.42768208661417323
3286,0.342,25,16,25,582367,23243,90600,17356,0.215300678054022,0.42749821424173007
3287,0.3421,13,18,13,582385,23225,90613,17343,0.21513394345844603,0.4275044369946756
3288,0.3422,13,15,13,582400,23210,90626,17330,0.21499499796213273,0.42747903305377405
3289,0.3423,9,14,9,582414,23196,90635,17321,0.21486531549890697,0.42749956808253325
3290,0.3424,11,19,11,582433,23177,90646,17310,0.21468931787024342,0.4275446439597896
3291,0.3425,9,24,9,582457,23153,90655,17301,0.21446700507614214,0.42767093488900976
3292,0.3426,17,23,17,582480,23130,90672,17284,0.2142539553151284,0.4276735784629089
3293,0.3427,10,22,10,582502,23108,90682,17274,0.2140501685872022,0.42776484572334206
3294,0.3428,8,28,8,582530,23080,90690,17266,0.21379080366075068,0.42794824765776035
3295,0.3429,16,15,16,582545,23065,90706,17250,0.21365185816443735,0.4278804415230063
3296,0.343,10,27,10,582572,23038,90716,17240,0.2134017562710734,0.42802522468841553
3297,0.3431,10,29,10,582601,23009,90726,17230,0.21313312831153433,0.4281915554561495
3298,0.3432,11,21,11,582622,22988,90737,17219,0.2129386046166957,0.42825876091227894
3299,0.3433,12,18,12,582640,22970,90749,17207,0.21277187002111972,0.4282798616123653
3300,0.3434,7,20,7,582660,22950,90756,17200,0.21258660935936863,0.42839352428393523
3301,0.3435,7,18,7,582678,22932,90763,17193,0.21241987476379265,0.4284859813084112
3302,0.3436,12,20,12,582698,22912,90775,17181,0.21223461410204159,0.42852867084029633
3303,0.3437,5,19,5,582717,22893,90780,17176,0.21205861647337804,0.42866056053308044
3304,0.3438,9,21,9,582738,22872,90789,17167,0.2118640927785394,0.42875696196208696
3305,0.3439,19,24,19,582762,22848,90808,17148,0.21164177998443812,0.42874287428742874
3306,0.344,9,26,9,582788,22822,90817,17139,0.2114009411241617,0.4288931708415705
3307,0.3441,9,34,9,582822,22788,90826,17130,0.21108599799918484,0.42912971591763116
3308,0.3442,6,25,6,582847,22763,90832,17124,0.210854422171996,0.4293128086845338
3309,0.3443,4,18,4,582865,22745,90836,17120,0.21068768757642004,0.4294493916969773
3310,0.3444,10,26,10,582891,22719,90846,17110,0.2104468487161436,0.42958648221145396
3311,0.3445,15,18,15,582909,22701,90861,17095,0.21028011412056763,0.429565785506081
3312,0.3446,6,24,6,582933,22677,90867,17089,0.21005780132646634,0.4297389729920032
3313,0.3447,8,32,8,582965,22645,90875,17081,0.2097613842676646,0.42997029653123897
3314,0.3448,14,15,14,582980,22630,90889,17067,0.20962243877135128,0.4299317328765398
3315,0.3449,15,15,15,582995,22615,90904,17052,0.20948349327503799,0.4298787405147856
3316,0.345,20,17,20,583012,22598,90924,17032,0.20932602171254955,0.42977542265960134
3317,0.3451,12,23,12,583035,22575,90936,17020,0.2091129719515358,0.4298522540724839
3318,0.3452,15,22,15,583057,22553,90951,17005,0.20890918522360963,0.4298751200768492
3319,0.3453,8,23,8,583080,22530,90959,16997,0.20869613546259588,0.4300098666734131
3320,0.3454,12,21,12,583101,22509,90971,16985,0.20850161176775722,0.43006532637869044
3321,0.3455,9,17,9,583118,22492,90980,16976,0.2083441402052688,0.4301206040336475
3322,0.3456,7,15,7,583133,22477,90987,16969,0.2082051947089555,0.430183035035238
3323,0.3457,5,23,5,583156,22454,90992,16964,0.20799214494794174,0.4303617636612715
3324,0.3458,14,19,14,583175,22435,91006,16950,0.20781614731927822,0.4303668909483306
3325,0.3459,10,16,10,583191,22419,91016,16940,0.20766793878987735,0.43039711374780865
3326,0.346,9,29,9,583220,22390,91025,16931,0.20739931083033827,0.4305841662216119
3327,0.3461,12,23,12,583243,22367,91037,16919,0.20718626106932453,0.4306623224558367
3328,0.3462,10,22,10,583265,22345,91047,16909,0.20698247434139835,0.43075864880012227
3329,0.3463,10,28,10,583293,22317,91057,16899,0.20672310941494684,0.4309210526315789
3330,0.3464,12,18,12,583311,22299,91069,16887,0.20655637481937086,0.4309447251569438
3331,0.3465,13,18,13,583329,22281,91082,16874,0.20638964022379488,0.4309539011620483
3332,0.3466,12,24,12,583353,22257,91094,16862,0.20616732742969357,0.43104373833686954
3333,0.3467,15,15,15,583368,22242,91109,16847,0.20602838193338027,0.43099081583054055
3334,0.3468,7,21,7,583389,22221,91116,16840,0.20583385823854164,0.4311205550293131
3335,0.3469,13,17,13,583406,22204,91129,16827,0.2056763866760532,0.43111885424406243
3336,0.347,12,14,12,583420,22190,91141,16815,0.20554670421282745,0.4310985771054993
3337,0.3471,5,19,5,583439,22171,91146,16810,0.20537070658416393,0.43123573022754674
3338,0.3472,5,18,5,583457,22153,91151,16805,0.20520397198858795,0.43136197956773964
3339,0.3473,9,21,9,583478,22132,91160,16796,0.2050094482937493,0.43146321413892313
3340,0.3474,12,21,12,583499,22111,91172,16784,0.20481492459891068,0.43152076102326775
3341,0.3475,8,15,8,583514,22096,91180,16776,0.20467597910259736,0.4315702819510187
3342,0.3476,10,9,10,583523,22087,91190,16766,0.20459261180480937,0.4315239492445886
3343,0.3477,9,26,9,583549,22061,91199,16757,0.20435177294453297,0.4316811788345613
3344,0.3478,9,21,9,583570,22040,91208,16748,0.20415724924969433,0.4317830256780448
3345,0.3479,11,23,11,583593,22017,91219,16737,0.20394419948868056,0.43187799969035456
3346,0.348,13,38,13,583631,21979,91232,16724,0.20359220423135352,0.4321112058496757
3347,0.3481,12,19,12,583650,21960,91244,16712,0.20341620660269,0.4321472900289615
3348,0.3482,10,26,10,583676,21934,91254,16702,0.20317536774241357,0.43229112744590537
3349,0.3483,10,28,10,583704,21906,91264,16692,0.20291600281596206,0.4324576402922431
3350,0.3484,8,26,8,583730,21880,91272,16684,0.20267516395568566,0.43263146976454725
3351,0.3485,10,21,10,583751,21859,91282,16674,0.202480640260847,0.4327200062284276
3352,0.3486,9,11,9,583762,21848,91291,16665,0.20237874689688393,0.43271103263832994
3353,0.3487,10,23,10,583785,21825,91301,16655,0.20216569713587018,0.43282224532224534
3354,0.3488,12,22,12,583807,21803,91313,16643,0.20196191040794398,0.43289288872704573
3355,0.3489,7,17,7,583824,21786,91320,16636,0.20180443884545557,0.4329811045755036
3356,0.349,8,24,8,583848,21762,91328,16628,0.20158212605135425,0.4331336285491013
3357,0.3491,15,12,15,583860,21750,91343,16613,0.2014709696543036,0.433047467612022
3358,0.3492,12,13,12,583873,21737,91355,16601,0.2013505502241654,0.4330168501225938
3359,0.3493,14,40,14,583913,21697,91369,16587,0.20098002890066324,0.4332619371016613
3360,0.3494,13,16,13,583929,21681,91382,16574,0.20083182037126238,0.4332505554829434
3361,0.3495,6,21,6,583950,21660,91388,16568,0.20063729667642372,0.43339960238568587
3362,0.3496,9,21,9,583971,21639,91397,16559,0.20044277298158508,0.43350437195664693
3363,0.3497,14,17,14,583988,21622,91411,16545,0.20028530141909667,0.4334896638457306
3364,0.3498,6,14,6,584002,21608,91417,16539,0.20015561895587092,0.4335596508244423
3365,0.3499,7,13,7,584015,21595,91424,16532,0.2000351995257327,0.43360348309596874
3366,0.35,12,16,12,584031,21579,91436,16520,0.19988699099633184,0.4336071812908475
3367,0.3501,6,23,6,584054,21556,91442,16514,0.1996739412353181,0.4337798791699501
3368,0.3502,12,14,12,584068,21542,91454,16502,0.19954425877209234,0.43376090842182735
3369,0.3503,13,23,13,584091,21519,91467,16489,0.1993312090110786,0.43382972005893494
3370,0.3504,5,24,5,584115,21495,91472,16484,0.19910889621697728,0.43402933199926275
3371,0.3505,12,16,12,584131,21479,91484,16472,0.1989606876875764,0.43403335880477456
3372,0.3506,6,16,6,584147,21463,91490,16466,0.19881247915817554,0.4341269213530544
3373,0.3507,9,16,9,584163,21447,91499,16457,0.19866427062877468,0.43417581257914734
3374,0.3508,6,14,6,584177,21433,91505,16451,0.19853458816554892,0.4342466476612818
3375,0.3509,6,17,6,584194,21416,91511,16445,0.1983771166030605,0.4343519716859037
3376,0.351,12,19,12,584213,21397,91523,16433,0.198201118974397,0.4343906952154375
3377,0.3511,12,19,12,584232,21378,91535,16421,0.19802512134573344,0.43442948226143546
3378,0.3512,10,25,10,584257,21353,91545,16411,0.19779354551854458,0.43456731278466265
3379,0.3513,8,18,8,584275,21335,91553,16403,0.1976268109229686,0.4346547246806932
3380,0.3514,12,21,12,584296,21314,91565,16391,0.19743228722812997,0.4347168810502586
3381,0.3515,14,18,14,584314,21296,91579,16377,0.197265552632554,0.4347145170281103
3382,0.3516,13,27,13,584341,21269,91592,16364,0.19701545073919005,0.43483113225094994
3383,0.3517,7,27,7,584368,21242,91599,16357,0.19676534884582608,0.4350381659086678
3384,0.3518,8,24,8,584392,21218,91607,16349,0.19654303605172477,0.4351957835334203
3385,0.3519,8,29,8,584421,21189,91615,16341,0.19627440809218571,0.4354116706634692
3386,0.352,7,14,7,584435,21175,91622,16334,0.19614472562895996,0.4354688208163374
3387,0.3521,13,21,13,584456,21154,91635,16321,0.1959502019341213,0.43551701134089393
3388,0.3522,12,17,12,584473,21137,91647,16309,0.1957927303716329,0.43553383538962775
3389,0.3523,9,18,9,584491,21119,91656,16300,0.1956259957760569,0.43560757903738745
3390,0.3524,8,21,8,584512,21098,91664,16292,0.19543147208121828,0.4357314790050816
3391,0.3525,7,25,7,584537,21073,91671,16285,0.19519989625402942,0.4359173403287114
3392,0.3526,13,21,13,584558,21052,91684,16272,0.1950053725591908,0.43596613439074056
3393,0.3527,8,22,8,584580,21030,91692,16264,0.19480158583126458,0.43610232208934413
3394,0.3528,7,18,7,584598,21012,91699,16257,0.1946348512356886,0.4362070353376801
3395,0.3529,13,15,13,584613,20997,91712,16244,0.1944959057393753,0.4361859241158938
3396,0.353,17,13,17,584626,20984,91729,16227,0.1943754863092371,0.43608072881674775
3397,0.3531,21,22,21,584648,20962,91750,16206,0.1941716995813109,0.4360202324580284
3398,0.3532,12,8,12,584656,20954,91762,16194,0.19409759531661047,0.43593194788413914
3399,0.3533,6,25,6,584681,20929,91768,16188,0.19386601948942161,0.43613438586092623
3400,0.3534,12,16,12,584697,20913,91780,16176,0.19371781096002075,0.4361400954460891
3401,0.3535,12,11,12,584708,20902,91792,16164,0.19361591759605765,0.43608697998165435
3402,0.3536,6,25,6,584733,20877,91798,16158,0.1933843417688688,0.43628999594977724
3403,0.3537,19,16,19,584749,20861,91817,16139,0.19323613323946792,0.4361891891891892
3404,0.3538,12,13,12,584762,20848,91829,16127,0.19311571380932974,0.43615956727518596
3405,0.3539,14,22,14,584784,20826,91843,16113,0.19291192708140353,0.4362056363193373
3406,0.354,15,24,15,584808,20802,91858,16098,0.19268961428730225,0.43626016260162603
3407,0.3541,7,15,7,584823,20787,91865,16091,0.19255066879098892,0.43633060361190956
3408,0.3542,14,19,14,584842,20768,91879,16077,0.1923746711623254,0.43634143031618944
3409,0.3543,6,12,6,584854,20756,91885,16071,0.19226351476527473,0.43639177777174354
3410,0.3544,8,25,8,584879,20731,91893,16063,0.1920319389380859,0.43656574441485024
3411,0.3545,6,23,6,584902,20708,91899,16057,0.19181888917707213,0.4367469060247518
3412,0.3546,10,19,10,584921,20689,91909,16047,0.1916428915484086,0.436819468641115
3413,0.3547,8,19,8,584940,20670,91917,16039,0.19146689391974508,0.43692282546514477
3414,0.3548,9,14,9,584954,20656,91926,16030,0.19133721145651933,0.43695142561195005
3415,0.3549,8,20,8,584974,20636,91934,16022,0.19115195079476824,0.4370669430956408
3416,0.355,14,17,14,584991,20619,91948,16008,0.19099447923227983,0.43705463182897863
3417,0.3551,11,18,11,585009,20601,91959,15997,0.19082774463670385,0.43710038799934425
3418,0.3552,16,29,16,585038,20572,91975,15981,0.19055911667716477,0.437200776954012
3419,0.3553,13,20,13,585058,20552,91988,15968,0.19037385601541368,0.4372398685651698
3420,0.3554,13,19,13,585077,20533,92001,15955,0.19019785838675016,0.43726704670028504
3421,0.3555,7,18,7,585095,20515,92008,15948,0.19003112379117418,0.4373748731590928
3422,0.3556,12,15,12,585110,20500,92020,15936,0.18989217829486088,0.4373696344274893
3423,0.3557,9,23,9,585133,20477,92029,15927,0.18967912853384714,0.4375068673772113
3424,0.3558,14,22,14,585155,20455,92043,15913,0.18947534180592093,0.4375549934007919
3425,0.3559,9,26,9,585181,20429,92052,15904,0.18923450294564453,0.4377287865026285
3426,0.356,10,11,10,585192,20418,92062,15894,0.18913260958168143,0.4377065432914739
3427,0.3561,10,26,10,585218,20392,92072,15884,0.188891770721405,0.4378652552651891
3428,0.3562,12,20,12,585238,20372,92084,15872,0.18870651005965394,0.4379207592980907
3429,0.3563,12,21,12,585259,20351,92096,15860,0.18851198636481528,0.4379884565463533
3430,0.3564,21,18,21,585277,20333,92117,15839,0.18834525176923933,0.4378801282760146
3431,0.3565,12,35,12,585312,20298,92129,15827,0.18802104561117491,0.43811764705882356
3432,0.3566,4,20,4,585332,20278,92133,15823,0.18783578494942385,0.4382981080856486
3433,0.3567,12,19,12,585351,20259,92145,15811,0.1876597873207603,0.4383421125589132
3434,0.3568,12,19,12,585370,20240,92157,15799,0.18748378969209678,0.4383861927356475
3435,0.3569,12,14,12,585384,20226,92169,15787,0.18735410722887103,0.43836947768861245
3436,0.357,13,14,13,585398,20212,92182,15774,0.18722442476564527,0.43833713110654143
3437,0.3571,10,23,10,585421,20189,92192,15764,0.18701137500463152,0.43846132450699526
3438,0.3572,12,18,12,585439,20171,92204,15752,0.18684464040905555,0.43849344431144394
3439,0.3573,11,16,11,585455,20155,92215,15741,0.18669643187965468,0.4385168263873412
3440,0.3574,8,23,8,585478,20132,92223,15733,0.18648338211864093,0.4386728007807054
3441,0.3575,11,17,11,585495,20115,92234,15722,0.1863259105561525,0.43870859725981526
3442,0.3576,11,27,11,585522,20088,92245,15711,0.18607580866278856,0.43886700745830887
3443,0.3577,11,15,11,585537,20073,92256,15700,0.18593686316647523,0.43887848377267774
3444,0.3578,13,12,13,585549,20061,92269,15687,0.1858257067694246,0.438821752265861
3445,0.3579,12,22,12,585571,20039,92281,15675,0.18562192004149838,0.43890351122808985
3446,0.358,10,18,10,585589,20021,92291,15665,0.1854551854459224,0.4389676623886118
3447,0.3581,18,8,18,585597,20013,92309,15647,0.18538108118122198,0.4387829500841279
3448,0.3582,16,13,16,585610,20000,92325,15631,0.18526066175108377,0.4386910274760742
3449,0.3583,3,21,3,585631,19979,92328,15628,0.18506613805624514,0.43890246299884855
3450,0.3584,14,20,14,585651,19959,92342,15614,0.18488087739449405,0.43892840075338035
3451,0.3585,16,23,16,585674,19936,92358,15598,0.1846678276334803,0.43895986942083637
3452,0.3586,8,18,8,585692,19918,92366,15590,0.18450109303790432,0.43905598738312496
3453,0.3587,10,22,10,585714,19896,92376,15580,0.18429730630997815,0.4391701431953997
3454,0.3588,11,10,11,585724,19886,92387,15569,0.1842046759791026,0.43912001128190664
3455,0.3589,17,11,17,585735,19875,92404,15552,0.1841027826151395,0.43898721314251843
3456,0.359,14,14,14,585749,19861,92418,15538,0.18397310015191373,0.43893895307777053
3457,0.3591,14,12,14,585761,19849,92432,15524,0.1838619437548631,0.4388658016000905
3458,0.3592,12,15,12,585776,19834,92444,15512,0.1837229982585498,0.4388615402025689
3459,0.3593,11,9,11,585785,19825,92455,15501,0.1836396309607618,0.438798618581215
3460,0.3594,9,14,9,585799,19811,92464,15492,0.18350994849753605,0.43882956122709116
3461,0.3595,8,14,8,585813,19797,92472,15484,0.18338026603431026,0.4388764490802415
3462,0.3596,12,16,12,585829,19781,92484,15472,0.1832320575049094,0.43888463393186394
3463,0.3597,5,19,5,585848,19762,92489,15467,0.18305605987624587,0.43904169860058473
3464,0.3598,13,17,13,585865,19745,92502,15454,0.18289858831375747,0.43904656382283586
3465,0.3599,10,18,10,585883,19727,92512,15444,0.1827318537181815,0.43911176821813425
3466,0.36,12,13,12,585896,19714,92524,15432,0.18261143428804327,0.4390826836624367
3467,0.3601,11,18,11,585914,19696,92535,15421,0.1824446996924673,0.43913204430902414
3468,0.3602,18,14,18,585928,19682,92553,15403,0.18231501722924154,0.439019524013111
3469,0.3603,8,17,8,585945,19665,92561,15395,0.18215754566675313,0.43910439247005134
3470,0.3604,9,17,9,585962,19648,92570,15386,0.1820000741042647,0.4391733744362619
3471,0.3605,12,14,12,585976,19634,92582,15374,0.18187039164103894,0.4391567641681901
3472,0.3606,9,13,9,585989,19621,92591,15365,0.18174997221090075,0.4391756702681072
3473,0.3607,9,23,9,586012,19598,92600,15356,0.18153692244988698,0.43932024947073295
3474,0.3608,14,18,14,586030,19580,92614,15342,0.18137018785431103,0.43932191741595555
3475,0.3609,12,18,12,586048,19562,92626,15330,0.18120345325873505,0.43935572624097213
3476,0.361,12,21,12,586069,19541,92638,15318,0.18100892956389641,0.4394274075561548
3477,0.3611,16,15,16,586084,19526,92654,15302,0.1808699840675831,0.43935913632709317
3478,0.3612,9,20,9,586104,19506,92663,15293,0.180684723405832,0.43946665134055574
3479,0.3613,12,14,12,586118,19492,92675,15281,0.18055504094260624,0.43945014810341354
3480,0.3614,14,27,14,586145,19465,92689,15267,0.18030493904924227,0.4395658182655764
3481,0.3615,6,20,6,586165,19445,92695,15261,0.1801196783874912,0.4397222382297009
3482,0.3616,9,16,9,586181,19429,92704,15252,0.17997146985809034,0.43977970646751824
3483,0.3617,8,8,8,586189,19421,92712,15244,0.1798973655933899,0.4397519111495745
3484,0.3618,9,15,9,586204,19406,92721,15235,0.1797584200970766,0.43979677261049044
3485,0.3619,11,4,11,586208,19402,92732,15224,0.17972136796472638,0.43966961242996594
3486,0.362,11,13,11,586221,19389,92743,15213,0.17960094853458816,0.43965666724466795
3487,0.3621,4,23,4,586244,19366,92747,15209,0.17938789877357442,0.43988430947216195
3488,0.3622,10,13,10,586257,19353,92757,15199,0.1792674793434362,0.4398877054873813
3489,0.3623,10,21,10,586278,19332,92767,15189,0.17907295564859757,0.4399930477100895
3490,0.3624,9,13,9,586291,19319,92776,15180,0.17895253621845938,0.4400127539928694
3491,0.3625,10,16,10,586307,19303,92786,15170,0.17880432768905852,0.4400545354335277
3492,0.3626,18,9,18,586316,19294,92804,15152,0.17872096039127053,0.43987690878476454
3493,0.3627,8,26,8,586342,19268,92812,15144,0.1784801215309941,0.44007904219458327
3494,0.3628,13,22,13,586364,19246,92825,15131,0.17827633480306793,0.44014893678913225
3495,0.3629,12,16,12,586380,19230,92837,15119,0.17812812627366706,0.44015837433404176
3496,0.363,11,12,11,586392,19218,92848,15108,0.1780169698766164,0.4401328439084076
3497,0.3631,4,19,4,586411,19199,92852,15104,0.17784097224795287,0.44031134303122177
3498,0.3632,9,18,9,586429,19181,92861,15095,0.1776742376523769,0.4403956120900922
3499,0.3633,7,20,7,586449,19161,92868,15088,0.17748897699062582,0.44053840988058046
3500,0.3634,9,18,9,586467,19143,92877,15079,0.17732224239504984,0.4406229910583835
3501,0.3635,15,20,15,586487,19123,92892,15064,0.17713698173329875,0.44063532921870885
3502,0.3636,15,22,15,586509,19101,92907,15049,0.17693319500537255,0.4406734992679356
3503,0.3637,11,20,11,586529,19081,92918,15038,0.1767479343436215,0.4407514874410153
3504,0.3638,17,16,17,586545,19065,92935,15021,0.17659972581422062,0.44067945784192925
3505,0.3639,9,10,9,586555,19055,92944,15012,0.17650709548334506,0.44066105028326535
3506,0.364,13,15,13,586570,19040,92957,14999,0.17636814998703176,0.44064161696877113
3507,0.3641,12,8,12,586578,19032,92969,14987,0.17629404572233132,0.440547929098445
3508,0.3642,18,13,18,586591,19019,92987,14969,0.1761736262921931,0.44042014828763093
3509,0.3643,14,21,14,586612,18998,93001,14955,0.17597910259735447,0.4404618148617206
3510,0.3644,9,13,9,586625,18985,93010,14946,0.17585868316721628,0.4404821549615396
3511,0.3645,5,18,5,586643,18967,93015,14941,0.1756919485716403,0.44063347882505605
3512,0.3646,13,19,13,586662,18948,93028,14928,0.17551595094297676,0.4406659582004959
3513,0.3647,7,16,7,586678,18932,93035,14921,0.1753677424135759,0.440758573833929
3514,0.3648,7,18,7,586696,18914,93042,14914,0.17520100781799994,0.44087737968546764
3515,0.3649,18,17,18,586713,18897,93060,14896,0.1750435362555115,0.44080134939188587
3516,0.365,6,21,6,586734,18876,93066,14890,0.17484901256067287,0.440976129834745
3517,0.3651,8,15,8,586749,18861,93074,14882,0.17471006706435954,0.4410396230329253
3518,0.3652,6,20,6,586769,18841,93080,14876,0.17452480640260848,0.441201767654299
3519,0.3653,9,11,9,586780,18830,93089,14867,0.17442291303864538,0.44119654568655964
3520,0.3654,9,21,9,586801,18809,93098,14858,0.17422838934380674,0.44132236314491935
3521,0.3655,16,23,16,586824,18786,93114,14842,0.174015339582793,0.4413583918163435
3522,0.3656,13,18,13,586842,18768,93127,14829,0.17384860498721702,0.44137869452629697
3523,0.3657,7,13,7,586855,18755,93134,14822,0.1737281855570788,0.44143312386455014
3524,0.3658,9,17,9,586872,18738,93143,14813,0.1735707139945904,0.4415069595541117
3525,0.3659,16,14,16,586886,18724,93159,14797,0.17344103153136464,0.4414247784970615
3526,0.366,12,18,12,586904,18706,93171,14785,0.17327429693578866,0.44146188528261326
3527,0.3661,7,17,7,586921,18689,93178,14778,0.17311682537330023,0.44156930707861475
3528,0.3662,15,18,15,586939,18671,93193,14763,0.17295009077772425,0.4415564993718969
3529,0.3663,8,15,8,586954,18656,93201,14755,0.17281114528141095,0.44162102301637185
3530,0.3664,12,14,12,586968,18642,93213,14743,0.1726814628181852,0.44160551145724125
3531,0.3665,8,14,8,586982,18628,93221,14735,0.17255178035495944,0.44165692533645057
3532,0.3666,10,15,10,586997,18613,93231,14725,0.1724128348586461,0.441688163657088
3533,0.3667,10,18,10,587015,18595,93241,14715,0.17224610026307013,0.4417592314620234
3534,0.3668,9,15,9,587030,18580,93250,14706,0.17210715476675684,0.4418073664603737
3535,0.3669,12,17,12,587047,18563,93262,14694,0.1719496832042684,0.44183179481011514
3536,0.367,14,16,14,587063,18547,93276,14680,0.17180147467486753,0.44180937189634933
3537,0.3671,8,17,8,587080,18530,93284,14672,0.17164400311237912,0.4419010902957653
3538,0.3672,15,17,15,587097,18513,93299,14657,0.1714865315498907,0.44187518842327406
3539,0.3673,4,16,4,587113,18497,93303,14653,0.17133832302048982,0.4420211161387632
3540,0.3674,12,19,12,587132,18478,93315,14641,0.1711623253918263,0.4420725263443945
3541,0.3675,12,14,12,587146,18464,93327,14629,0.17103264292860054,0.44205723264738767
3542,0.3676,5,20,5,587166,18444,93332,14624,0.17084738226684945,0.4422402322486996
3543,0.3677,9,19,9,587185,18425,93341,14615,0.17067138463818593,0.44234261501210653
3544,0.3678,3,11,3,587196,18414,93344,14612,0.17056949127422283,0.4424392902561618
3545,0.3679,11,20,11,587216,18394,93355,14601,0.17038423061247174,0.4425215941809365
3546,0.368,10,14,10,587230,18380,93365,14591,0.17025454814924598,0.4425404143034788
3547,0.3681,12,27,12,587257,18353,93377,14579,0.170004446255882,0.44270010931616666
3548,0.3682,13,32,13,587289,18321,93390,14566,0.16970802919708028,0.44291057256666766
3549,0.3683,3,16,3,587305,18305,93393,14563,0.1695598206676794,0.4430753316295485
3550,0.3684,8,23,8,587328,18282,93401,14555,0.16934677090666567,0.44324999238663704
3551,0.3685,5,24,5,587352,18258,93406,14550,0.16912445811256438,0.44348939283101685
3552,0.3686,11,21,11,587373,18237,93417,14539,0.16892993441772575,0.4435867708079082
3553,0.3687,11,17,11,587390,18220,93428,14528,0.1687724628552373,0.44363014535238793
3554,0.3688,13,20,13,587410,18200,93441,14515,0.16858720219348625,0.44368026898976004
3555,0.3689,7,15,7,587425,18185,93448,14508,0.16844825669717292,0.4437647202765118
3556,0.369,9,9,9,587434,18176,93457,14499,0.16836488939938493,0.44373374139250193
3557,0.3691,11,19,11,587453,18157,93468,14488,0.1681888917707214,0.44380456425179965
3558,0.3692,14,12,14,587465,18145,93482,14474,0.16807773537367077,0.4437291149330145
3559,0.3693,6,18,6,587483,18127,93488,14468,0.1679110007780948,0.4438717594723117
3560,0.3694,13,16,13,587499,18111,93501,14455,0.16776279224869392,0.44386783762205984
3561,0.3695,8,16,8,587515,18095,93509,14447,0.16761458371929305,0.4439493577530576
3562,0.3696,10,14,10,587529,18081,93519,14437,0.1674849012560673,0.44396949381880807
3563,0.3697,9,16,9,587545,18065,93528,14428,0.16733669272666643,0.4440340996522328
3564,0.3698,13,14,13,587559,18051,93541,14415,0.16720701026344065,0.44400295693956754
3565,0.3699,11,15,11,587574,18036,93552,14404,0.16706806476712735,0.444019728729963
3566,0.37,10,16,10,587590,18020,93562,14394,0.16691985623772648,0.44406737829333004
3567,0.3701,7,12,7,587602,18008,93569,14387,0.16680869984067584,0.44411174563975925
3568,0.3702,13,16,13,587618,17992,93582,14374,0.16666049131127497,0.4441080145832046
3569,0.3703,11,17,11,587635,17975,93593,14363,0.16650301974878653,0.44415239037664667
3570,0.3704,16,22,16,587657,17953,93609,14347,0.16629923302086036,0.44417956656346747
3571,0.3705,10,15,10,587672,17938,93619,14337,0.16616028752454703,0.4442137877614252
3572,0.3706,10,19,10,587691,17919,93629,14327,0.1659842898958835,0.44430316938535014
3573,0.3707,8,19,8,587710,17900,93637,14319,0.16580829226722,0.44442720134082375
3574,0.3708,9,26,9,587736,17874,93646,14310,0.16556745340694357,0.4446308724832215
3575,0.3709,10,25,10,587761,17849,93656,14300,0.1653358775797547,0.4448038819247877
3576,0.371,13,16,13,587777,17833,93669,14287,0.16518766905035384,0.4448007471980075
3577,0.3711,11,20,11,587797,17813,93680,14276,0.16500240838860275,0.4448876562061766
3578,0.3712,8,12,8,587809,17801,93688,14268,0.1648912519915521,0.44491565062833266
3579,0.3713,10,19,10,587828,17782,93698,14258,0.16471525436288859,0.44500624219725343
3580,0.3714,12,27,12,587855,17755,93710,14246,0.16446515246952462,0.44517358832536486
3581,0.3715,7,16,7,587871,17739,93717,14239,0.16431694394012375,0.44527487647757835
3582,0.3716,12,24,12,587895,17715,93729,14227,0.16409463114602246,0.4454010393838833
3583,0.3717,10,14,10,587909,17701,93739,14217,0.1639649486827967,0.4454226455291685
3584,0.3718,14,19,14,587928,17682,93753,14203,0.16378895105413316,0.44544456641053787
3585,0.3719,7,18,7,587946,17664,93760,14196,0.16362221645855718,0.4455743879472693
3586,0.372,4,12,4,587958,17652,93764,14192,0.16351106006150654,0.44567265418917223
3587,0.3721,14,9,14,587967,17643,93778,14178,0.16342769276371855,0.44555482228716886
3588,0.3722,14,20,14,587987,17623,93792,14164,0.16324243210196746,0.4455909648598484
3589,0.3723,8,16,8,588003,17607,93800,14156,0.1630942235725666,0.4456757862922268
3590,0.3724,16,14,16,588017,17593,93816,14140,0.16296454110934083,0.44559291589197364
3591,0.3725,7,16,7,588033,17577,93823,14133,0.16281633257993997,0.4456953642384106
3592,0.3726,8,15,8,588048,17562,93831,14125,0.16267738708362667,0.44576640262568246
3593,0.3727,9,8,9,588056,17554,93840,14116,0.16260328281892622,0.44572150299968427
3594,0.3728,11,16,11,588072,17538,93851,14105,0.16245507428952535,0.4457541952406535
3595,0.3729,6,14,6,588086,17524,93857,14099,0.1623253918262996,0.4458463776365304
3596,0.373,13,13,13,588099,17511,93870,14086,0.1622049723961614,0.4458018166281609
3597,0.3731,13,17,13,588116,17494,93883,14073,0.16204750083367297,0.4458136661703678
3598,0.3732,10,18,10,588134,17476,93893,14063,0.161880766238097,0.44589238720314534
3599,0.3733,7,13,7,588147,17463,93900,14056,0.1617603468079588,0.4459532345569339
3600,0.3734,7,16,7,588163,17447,93907,14049,0.16161213827855794,0.4460566421132842
3601,0.3735,13,13,13,588176,17434,93920,14036,0.16149171884841973,0.4460120749920559
3602,0.3736,11,16,11,588192,17418,93931,14025,0.16134351031901886,0.44604522469230035
3603,0.3737,11,16,11,588208,17402,93942,14014,0.161195301789618,0.44607843137254904
3604,0.3738,7,10,7,588218,17392,93949,14007,0.16110267145874246,0.44609700945889996
3605,0.3739,6,22,6,588240,17370,93955,14001,0.16089888473081626,0.44630391125561825
3606,0.374,12,12,12,588252,17358,93967,13989,0.16078772833376562,0.4462628002679682
3607,0.3741,6,12,6,588264,17346,93973,13983,0.16067657193671495,0.4463276836158192
3608,0.3742,8,17,8,588281,17329,93981,13975,0.16051910037422654,0.44642857142857145
3609,0.3743,9,9,9,588290,17320,93990,13966,0.16043573307643855,0.44639774979223934
3610,0.3744,12,9,12,588299,17311,94002,13954,0.16035236577865056,0.44631376939069245
3611,0.3745,6,14,6,588313,17297,94008,13948,0.1602226833154248,0.44640742518803006
3612,0.3746,7,15,7,588328,17282,94015,13941,0.16008373781911148,0.44649777407680236
3613,0.3747,8,9,8,588337,17273,94023,13933,0.16000037052132352,0.44648465038774593
3614,0.3748,12,13,12,588350,17260,94035,13921,0.1598799510911853,0.4464577787755364
3615,0.3749,9,9,9,588359,17251,94044,13912,0.1597965837933973,0.4464268523569618
3616,0.375,5,12,5,588371,17239,94049,13907,0.15968542739634667,0.4465099852308483
3617,0.3751,14,18,14,588389,17221,94063,13893,0.1595186928007707,0.44651925178376295
3618,0.3752,9,15,9,588404,17206,94072,13884,0.15937974730445736,0.44657446124155675
3619,0.3753,9,20,9,588424,17186,94081,13875,0.1591944866427063,0.4467016515888091
3620,0.3754,12,20,12,588444,17166,94093,13863,0.1590092259809552,0.4467755970221406
3621,0.3755,13,17,13,588461,17149,94106,13850,0.15885175441846677,0.44678860608406723
3622,0.3756,8,11,8,588472,17138,94114,13842,0.1587498610545037,0.44680438992898647
3623,0.3757,10,16,10,588488,17122,94124,13832,0.15860165252510283,0.4468566259611036
3624,0.3758,5,20,5,588508,17102,94129,13827,0.15841639186335174,0.4470561608846067
3625,0.3759,12,11,12,588519,17091,94141,13815,0.15831449849938864,0.4470005824111823
3626,0.376,10,10,10,588529,17081,94151,13805,0.1582218681685131,0.4469662630317943
3627,0.3761,8,8,8,588537,17073,94159,13797,0.15814776390381266,0.44693877551020406
3628,0.3762,7,16,7,588553,17057,94166,13790,0.1579995553744118,0.44704509352611277
3629,0.3763,10,17,10,588570,17040,94176,13780,0.15784208381192338,0.4471122647631408
3630,0.3764,11,10,11,588580,17030,94187,13769,0.15774945348104782,0.44705996947952853
3631,0.3765,9,18,9,588598,17012,94196,13760,0.15758271888547185,0.447159755621994
3632,0.3766,4,21,4,588619,16991,94200,13756,0.1573881951906332,0.44739324161706834
3633,0.3767,7,7,7,588626,16984,94207,13749,0.15732335395902033,0.4473692773240491
3634,0.3768,9,11,9,588637,16973,94216,13740,0.15722146059505723,0.4473675642236187
3635,0.3769,6,15,6,588652,16958,94222,13734,0.15708251509874394,0.44747817020722014
3636,0.377,9,13,9,588665,16945,94231,13725,0.15696209566860572,0.44750570590153244
3637,0.3771,9,13,9,588678,16932,94240,13716,0.15684167623846754,0.4475332811276429
3638,0.3772,2,17,2,588695,16915,94242,13714,0.1566842046759791,0.4477456005746188
3639,0.3773,9,13,9,588708,16902,94251,13705,0.1565637852458409,0.4477733851733264
3640,0.3774,9,11,9,588719,16891,94260,13696,0.1564618918818778,0.44777192925098896
3641,0.3775,9,19,9,588738,16872,94269,13687,0.15628589425321426,0.44788769266010015
3642,0.3776,11,17,11,588755,16855,94280,13676,0.15612842269072585,0.44793816121319313
3643,0.3777,8,17,8,588772,16838,94288,13668,0.15597095112823742,0.44804300793286567
3644,0.3778,9,9,9,588781,16829,94297,13659,0.15588758383044946,0.4480123327210706
3645,0.3779,6,15,6,588796,16814,94303,13653,0.15574863833413613,0.4481241999540486
3646,0.378,12,18,12,588814,16796,94315,13641,0.15558190373856015,0.4481716332095804
3647,0.3781,5,20,5,588834,16776,94320,13636,0.15539664307680906,0.44837564119426543
3648,0.3782,11,18,11,588852,16758,94331,13625,0.1552299084812331,0.4484415627159925
3649,0.3783,10,12,10,588864,16746,94341,13615,0.15511875208418244,0.44843713975165506
3650,0.3784,11,8,11,588872,16738,94352,13604,0.15504464781948202,0.4483554149363918
3651,0.3785,12,9,12,588881,16729,94364,13592,0.15496128052169403,0.44827017578575906
3652,0.3786,10,15,10,588896,16714,94374,13582,0.1548223350253807,0.44831000792183784
3653,0.3787,6,9,6,588905,16705,94380,13576,0.1547389677275927,0.4483339387734883
3654,0.3788,7,21,7,588926,16684,94387,13569,0.15454444403275408,0.44851750239645655
3655,0.3789,12,17,12,588943,16667,94399,13557,0.15438697247026567,0.44855082053996825
3656,0.379,3,17,3,588960,16650,94402,13554,0.15422950090777723,0.44874851013110845
3657,0.3791,6,18,6,588978,16632,94408,13548,0.15406276631220125,0.4489065606361829
3658,0.3792,10,11,10,588989,16621,94418,13538,0.15396087294823818,0.44888756258496637
3659,0.3793,13,11,13,589000,16610,94431,13525,0.15385897958427508,0.4488136718101875
3660,0.3794,11,18,11,589018,16592,94442,13514,0.1536922449886991,0.44888062180296284
3661,0.3795,14,19,14,589037,16573,94456,13500,0.15351624736003558,0.44890765803212185
3662,0.3796,9,16,9,589053,16557,94465,13491,0.1533680388306347,0.44898162939297126
3663,0.3797,9,13,9,589066,16544,94474,13482,0.1532476194004965,0.44901085725704387
3664,0.3798,8,11,8,589077,16533,94482,13474,0.1531457260365334,0.44902856000266606
3665,0.3799,9,13,9,589090,16520,94491,13465,0.1530253066063952,0.4490578622644656
3666,0.38,4,16,4,589106,16504,94495,13461,0.15287709807699434,0.4492240947772401
3667,0.3801,8,14,8,589120,16490,94503,13453,0.15274741561376856,0.44928697859265937
3668,0.3802,16,11,16,589131,16479,94519,13437,0.1526455222498055,0.4491576413959085
3669,0.3803,2,13,2,589144,16466,94521,13435,0.15252510281966727,0.44931607638540516
3670,0.3804,7,20,7,589164,16446,94528,13428,0.15233984215791618,0.44948784896565575
3671,0.3805,3,15,3,589179,16431,94531,13425,0.15220089666160289,0.4496583601286174
3672,0.3806,9,10,9,589189,16421,94540,13416,0.15210826633072733,0.44964306062941983
3673,0.3807,7,25,7,589214,16396,94547,13409,0.15187669050353847,0.44989095789297096
3674,0.3808,7,10,7,589224,16386,94554,13402,0.15178406017266294,0.44991271653014636
3675,0.3809,10,21,10,589245,16365,94564,13392,0.1515895364778243,0.45004536747656015
3676,0.381,11,17,11,589262,16348,94575,13381,0.15143206491533587,0.4500992297083656
3677,0.3811,14,15,14,589277,16333,94589,13367,0.15129311941902257,0.45006734006734006
3678,0.3812,7,10,7,589287,16323,94596,13360,0.151200489088147,0.4500892766903615
3679,0.3813,7,10,7,589297,16313,94603,13353,0.15110785875727148,0.4501112384547967
3680,0.3814,14,18,14,589315,16295,94617,13339,0.1509411241616955,0.4501248565836539
3681,0.3815,16,12,16,589327,16283,94633,13323,0.15082996776464486,0.4500101330811322
3682,0.3816,13,23,13,589350,16260,94646,13310,0.1506169180036311,0.450118363205952
3683,0.3817,5,16,5,589366,16244,94651,13305,0.15046870947423024,0.4502690446377204
3684,0.3818,7,13,7,589379,16231,94658,13298,0.15034829004409203,0.4503369568898371
3685,0.3819,15,15,15,589394,16216,94673,13283,0.15020934454777873,0.45028645038814874
3686,0.382,7,11,7,589405,16205,94680,13276,0.15010745118381563,0.4503239374512398
3687,0.3821,15,14,15,589419,16191,94695,13261,0.14997776872058988,0.45025804699171534
3688,0.3822,8,9,8,589428,16182,94703,13253,0.1498944014228019,0.45024630541871924
3689,0.3823,14,20,14,589448,16162,94717,13239,0.1497091407610508,0.4502908064351553
3690,0.3824,13,20,13,589468,16142,94730,13226,0.1495238800992997,0.45035412694088806
3691,0.3825,8,17,8,589485,16125,94738,13218,0.1493664085368113,0.45046518760862897
3692,0.3826,9,11,9,589496,16114,94747,13209,0.1492645151728482,0.4504655048937694
3693,0.3827,11,15,11,589511,16099,94758,13198,0.1491255696765349,0.45048981124347204
3694,0.3828,3,18,3,589529,16081,94761,13195,0.14895883508095892,0.45071047957371224
3695,0.3829,6,13,6,589542,16068,94767,13189,0.1488384156508207,0.4507980996000957
3696,0.383,13,6,13,589548,16062,94780,13176,0.14878283745229537,0.4506464190437102
3697,0.3831,11,12,11,589560,16050,94791,13165,0.14867168105524473,0.4506246791032004
3698,0.3832,19,24,19,589584,16026,94810,13146,0.14844936826114344,0.4506375976964212
3699,0.3833,5,11,5,589595,16015,94815,13141,0.14834747489718034,0.450713403759089
3700,0.3834,7,21,7,589616,15994,94822,13134,0.1481529512023417,0.4509063444108761
3701,0.3835,10,14,10,589630,15980,94832,13124,0.14802326873911595,0.45093457943925236
3702,0.3836,9,14,9,589644,15966,94841,13115,0.14789358627589017,0.45098174065541075
3703,0.3837,10,11,10,589655,15955,94851,13105,0.1477916929119271,0.45096352374397797
3704,0.3838,4,10,4,589665,15945,94855,13101,0.14769906258105153,0.45104317289816154
3705,0.3839,6,11,6,589676,15934,94861,13095,0.14759716921708843,0.4511006235144166
3706,0.384,9,16,9,589692,15918,94870,13086,0.14744896068768756,0.451179147703765
3707,0.3841,13,15,13,589707,15903,94883,13073,0.14731001519137427,0.4511664826062949
3708,0.3842,12,18,12,589725,15885,94895,13061,0.1471432805957983,0.45121951219512196
3709,0.3843,7,12,7,589737,15873,94902,13054,0.14703212419874764,0.45127389635980225
3710,0.3844,10,20,10,589757,15853,94912,13044,0.14684686353699655,0.4513963387202824
3711,0.3845,9,7,9,589764,15846,94921,13035,0.14678202230538367,0.45133478757660744
3712,0.3846,14,16,14,589780,15830,94935,13021,0.1466338137759828,0.45131884510068976
3713,0.3847,7,6,7,589786,15824,94942,13014,0.14657823557745747,0.45127956168943756
3714,0.3848,7,16,7,589802,15808,94949,13007,0.1464300270480566,0.45139684192260976
3715,0.3849,6,16,6,589818,15792,94955,13001,0.14628181851865574,0.45153335880248674
3716,0.385,10,11,10,589829,15781,94965,12991,0.14617992515469266,0.45151536215765325
3717,0.3851,7,12,7,589841,15769,94972,12984,0.146068768757642,0.45157027092825097
3718,0.3852,10,12,10,589853,15757,94982,12974,0.14595761236059135,0.45156799276043297
3719,0.3853,6,12,6,589865,15745,94988,12968,0.1458464559635407,0.4516421133284575
3720,0.3854,7,12,7,589877,15733,94995,12961,0.14573529956649006,0.4516972189307869
3721,0.3855,10,27,10,589904,15706,95005,12951,0.1454851976731261,0.4519314652615417
3722,0.3856,10,12,10,589916,15694,95015,12941,0.14537404127607545,0.45192945695826786
3723,0.3857,10,20,10,589936,15674,95025,12931,0.14518878061432436,0.45205383674182836
3724,0.3858,11,26,11,589962,15648,95036,12920,0.14494794175404793,0.4522542705124615
3725,0.3859,9,17,9,589979,15631,95045,12911,0.14479047019155952,0.45235092144909256
3726,0.386,5,18,5,589997,15613,95050,12906,0.14462373559598354,0.4525404116553876
3727,0.3861,9,14,9,590011,15599,95059,12897,0.1444940531327578,0.45258983717012913
3728,0.3862,11,13,11,590024,15586,95070,12886,0.14437363370261957,0.45258499578533296
3729,0.3863,12,10,12,590034,15576,95082,12874,0.14428100337174404,0.4525131810193322
3730,0.3864,7,13,7,590047,15563,95089,12867,0.14416058394160583,0.4525852972212452
3731,0.3865,8,16,8,590063,15547,95097,12859,0.14401237541220496,0.452686052242484
3732,0.3866,13,17,13,590080,15530,95110,12846,0.14385490384971655,0.45270651254581334
3733,0.3867,10,9,10,590089,15521,95120,12836,0.14377153655192856,0.45265719222766865
3734,0.3868,17,13,17,590102,15508,95137,12819,0.14365111712179035,0.4525364493239665
3735,0.3869,10,11,10,590113,15497,95147,12809,0.14354922375782728,0.4525189005864481
3736,0.387,9,9,9,590122,15488,95156,12800,0.1434658564600393,0.45248868778280543
3737,0.3871,9,13,9,590135,15475,95165,12791,0.14334543702990107,0.45252246515248
3738,0.3872,11,11,11,590146,15464,95176,12780,0.14324354366593797,0.45248548364254354
3739,0.3873,12,11,12,590157,15453,95188,12768,0.14314165030197487,0.4524290422026151
3740,0.3874,4,16,4,590173,15437,95192,12764,0.142993441772574,0.452608063543846
3741,0.3875,11,16,11,590189,15421,95203,12753,0.14284523324317314,0.4526513807056151
3742,0.3876,18,7,18,590196,15414,95221,12735,0.14278039201156026,0.4524139401044442
3743,0.3877,6,11,6,590207,15403,95227,12729,0.14267849864759716,0.4524740509028864
3744,0.3878,9,10,9,590217,15393,95236,12720,0.14258586831672163,0.4524597161455554
3745,0.3879,7,14,7,590231,15379,95243,12713,0.14245618585349587,0.45254876833262137
3746,0.388,12,12,12,590243,15367,95255,12701,0.14234502945644523,0.45250819438506484
3747,0.3881,7,14,7,590257,15353,95262,12694,0.14221534699321947,0.4525974257496345
3748,0.3882,11,13,11,590270,15340,95273,12683,0.14209492756308126,0.4525925132926525
3749,0.3883,12,11,12,590281,15329,95285,12671,0.14199303419911816,0.45253571428571426
3750,0.3884,11,11,11,590292,15318,95296,12660,0.14189114083515506,0.45249839159339483
3751,0.3885,3,13,3,590305,15305,95299,12657,0.14177072140501687,0.45265002503397467
3752,0.3886,8,14,8,590319,15291,95307,12649,0.1416410389417911,0.45272011453113814
3753,0.3887,7,14,7,590333,15277,95314,12642,0.14151135647856533,0.45280991439521473
3754,0.3888,8,15,8,590348,15262,95322,12634,0.14137241098225203,0.45289647261256094
3755,0.3889,8,8,8,590356,15254,95330,12626,0.14129830671755159,0.4528694404591105
3756,0.389,8,11,8,590367,15243,95338,12618,0.1411964133535885,0.4528911381501023
3757,0.3891,8,20,8,590387,15223,95346,12610,0.14101115269183742,0.4530593180756656
3758,0.3892,9,14,9,590401,15209,95355,12601,0.14088147022861167,0.4531103919453434
3759,0.3893,8,17,8,590418,15192,95363,12593,0.14072399866612323,0.4532301601583588
3760,0.3894,10,11,10,590429,15181,95373,12583,0.14062210530216013,0.4532127935455986
3761,0.3895,11,9,11,590438,15172,95384,12572,0.14053873800437214,0.4531430219146482
3762,0.3896,9,9,9,590447,15163,95393,12563,0.14045537070658418,0.4531126018899228
3763,0.3897,10,11,10,590458,15152,95403,12553,0.14035347734262107,0.4530951091860675
3764,0.3898,4,11,4,590469,15141,95407,12549,0.14025158397865797,0.45319609967497293
3765,0.3899,6,14,6,590483,15127,95413,12543,0.14012190151543222,0.4533068305023491
3766,0.39,15,14,15,590497,15113,95428,12528,0.13999221905220646,0.45323975254151444
3767,0.3901,8,13,8,590510,15100,95436,12520,0.13987179962206825,0.4532947139753802
3768,0.3902,8,17,8,590527,15083,95444,12512,0.13971432805957984,0.4534154738177206
3769,0.3903,14,17,14,590544,15066,95458,12498,0.1395568564970914,0.45341750108837614
3770,0.3904,5,12,5,590556,15054,95463,12493,0.13944570010004076,0.4535158093440302
3771,0.3905,12,7,12,590563,15047,95475,12481,0.13938085886842788,0.45339290903807034
3772,0.3906,14,13,14,590576,15034,95489,12467,0.13926043943828967,0.45332896985564164
3773,0.3907,7,17,7,590593,15017,95496,12460,0.13910296787580126,0.45347017505550097
3774,0.3908,7,15,7,590608,15002,95503,12453,0.13896402237948793,0.45357858313604077
3775,0.3909,14,19,14,590627,14983,95517,12439,0.1387880247508244,0.4536138866603457
3776,0.391,8,15,8,590642,14968,95525,12431,0.1386490792545111,0.45370268987919266
3777,0.3911,14,17,14,590659,14951,95539,12417,0.13849160769202268,0.45370505700087693
3778,0.3912,10,16,10,590675,14935,95549,12407,0.1383433991626218,0.4537707556140736
3779,0.3913,11,20,11,590695,14915,95560,12396,0.13815813850087072,0.4538830507853978
3780,0.3914,8,13,8,590708,14902,95568,12388,0.13803771907073253,0.4539391718578234
3781,0.3915,9,16,9,590724,14886,95577,12379,0.13788951054133167,0.45402530717036493
3782,0.3916,3,12,3,590736,14874,95580,12376,0.137778354144281,0.4541651376146789
3783,0.3917,5,13,5,590749,14861,95585,12371,0.1376579347141428,0.45428172737955347
3784,0.3918,5,9,5,590758,14852,95590,12366,0.13757456741635482,0.4543316922624734
3785,0.3919,7,17,7,590775,14835,95597,12359,0.13741709585386638,0.4544752518938001
3786,0.392,12,9,12,590784,14826,95609,12347,0.1373337285560784,0.4543848673315423
3787,0.3921,6,12,6,590796,14814,95615,12341,0.13722257215902775,0.4544651077149696
3788,0.3922,10,16,10,590812,14798,95625,12331,0.13707436362962688,0.45453205057318735
3789,0.3923,10,12,10,590824,14786,95635,12321,0.13696320723257624,0.45453203969454387
3790,0.3924,6,16,6,590840,14770,95641,12315,0.13681499870317537,0.454679712017722
3791,0.3925,6,9,6,590849,14761,95647,12309,0.13673163140538738,0.454710011082379
3792,0.3926,10,12,10,590861,14749,95657,12299,0.13662047500833674,0.45471014492753625
3793,0.3927,6,17,6,590878,14732,95663,12293,0.1364630034458483,0.4548751156336725
3794,0.3928,6,18,6,590896,14714,95669,12287,0.13629626885027232,0.4550572201029591
3795,0.3929,8,16,8,590912,14698,95677,12279,0.13614806032087146,0.4551655113615302
3796,0.393,8,24,8,590936,14674,95685,12271,0.13592574752677017,0.45540916682130267
3797,0.3931,6,16,6,590952,14658,95691,12265,0.1357775389973693,0.45555844445269844
3798,0.3932,13,15,13,590967,14643,95704,12252,0.13563859350105598,0.45554935861684326
3799,0.3933,6,12,6,590979,14631,95710,12246,0.13552743710400533,0.45563120884027236
3800,0.3934,10,16,10,590995,14615,95720,12236,0.13537922857460447,0.45569997393020745
3801,0.3935,9,13,9,591008,14602,95729,12227,0.13525880914446625,0.45573819374557384
3802,0.3936,4,15,4,591023,14587,95733,12223,0.13511986364815295,0.4559119731443491
3803,0.3937,11,9,11,591032,14578,95744,12212,0.13503649635036497,0.45584173198954836
3804,0.3938,9,14,9,591046,14564,95753,12203,0.1349068138871392,0.45589718683453506
3805,0.3939,8,16,8,591062,14548,95761,12195,0.13475860535773834,0.45600717944882774
3806,0.394,10,16,10,591078,14532,95771,12185,0.13461039682833748,0.45607665531309655
3807,0.3941,14,5,14,591083,14527,95785,12171,0.1345640816628997,0.4558768447074687
3808,0.3942,11,14,11,591097,14513,95796,12160,0.13443439919967395,0.45589172571514264
3809,0.3943,10,19,10,591116,14494,95806,12150,0.1342584015710104,0.45601261071911126
3810,0.3944,15,21,15,591137,14473,95821,12135,0.13406387787617177,0.4560658448586891
3811,0.3945,9,10,9,591147,14463,95830,12126,0.13397124754529624,0.45605325510549477
3812,0.3946,12,15,12,591162,14448,95842,12114,0.13383230204898292,0.4560650553422182
3813,0.3947,16,23,16,591185,14425,95858,12098,0.13361925228796917,0.45613241337706895
3814,0.3948,11,13,11,591198,14412,95869,12087,0.13349883285783096,0.45613042001584964
3815,0.3949,8,12,8,591210,14400,95877,12079,0.1333876764607803,0.45617281619396505
3816,0.395,9,16,9,591226,14384,95886,12070,0.13323946793137945,0.4562637030316776
3817,0.3951,9,9,9,591235,14375,95895,12061,0.13315610063359146,0.45623392343773644
3818,0.3952,9,16,9,591251,14359,95904,12052,0.1330078921041906,0.45632501609177994
3819,0.3953,9,12,9,591263,14347,95913,12043,0.13289673570713995,0.4563471011746874
3820,0.3954,4,7,4,591270,14340,95917,12039,0.13283189447552707,0.45638576140111453
3821,0.3955,10,10,10,591280,14330,95927,12029,0.13273926414465154,0.45635266891763726
3822,0.3956,9,16,9,591296,14314,95936,12020,0.13259105561525067,0.456444140654667
3823,0.3957,11,14,11,591310,14300,95947,12009,0.13246137315202489,0.45645976661978793
3824,0.3958,11,11,11,591321,14289,95958,11998,0.1323594797880618,0.45642332711986916
3825,0.3959,12,21,12,591342,14268,95970,11986,0.13216495609322315,0.45653995581625656
3826,0.396,8,14,8,591356,14254,95978,11978,0.1320352736299974,0.4566178713022263
3827,0.3961,6,14,6,591370,14240,95984,11972,0.13190559116677164,0.4567373721959408
3828,0.3962,7,14,7,591384,14226,95991,11965,0.13177590870354589,0.45683631781909817
3829,0.3963,7,22,7,591406,14204,95998,11958,0.1315721219756197,0.4570751471600031
3830,0.3964,8,16,8,591422,14188,96006,11950,0.13142391344621884,0.4571887673119596
3831,0.3965,6,18,6,591440,14170,96012,11944,0.13125717885064286,0.45737918357968904
3832,0.3966,10,14,10,591454,14156,96022,11934,0.1311274963874171,0.4574166347259486
3833,0.3967,8,10,8,591464,14146,96030,11926,0.13103486605654155,0.4574255906719853
3834,0.3968,8,10,8,591474,14136,96038,11918,0.13094223572566602,0.457434558992861
3835,0.3969,10,8,10,591482,14128,96048,11908,0.13086813146096557,0.45736672299892456
3836,0.397,7,18,7,591500,14110,96055,11901,0.1307013968653896,0.45753719580177615
3837,0.3971,2,24,2,591524,14086,96057,11899,0.1304790840712883,0.4579180296324803
3838,0.3972,11,14,11,591538,14072,96068,11888,0.13034940160806255,0.4579352850539291
3839,0.3973,7,9,7,591547,14063,96075,11881,0.13026603431027456,0.4579478877582485
3840,0.3974,6,15,6,591562,14048,96081,11875,0.13012708881396123,0.4580874127222929
3841,0.3975,9,9,9,591571,14039,96090,11866,0.13004372151617324,0.4580582899054237
3842,0.3976,6,20,6,591591,14019,96096,11860,0.12985846085442218,0.4582866416785811
3843,0.3977,7,14,7,591605,14005,96103,11853,0.12972877839119643,0.45838811973083765
3844,0.3978,9,12,9,591617,13993,96112,11844,0.12961762199414575,0.458412354375508
3845,0.3979,10,23,10,591640,13970,96122,11834,0.129404572233132,0.4586110680514649
3846,0.398,13,8,13,591648,13962,96135,11821,0.1293304679684316,0.4584803940581003
3847,0.3981,10,13,10,591661,13949,96145,11811,0.12921004853829338,0.4585015527950311
3848,0.3982,6,11,6,591672,13938,96151,11805,0.12910815517433027,0.4585712620906654
3849,0.3983,5,16,5,591688,13922,96156,11800,0.1289599466449294,0.4587512635098359
3850,0.3984,9,16,9,591704,13906,96165,11791,0.12881173811552854,0.4588473362649336
3851,0.3985,7,10,7,591714,13896,96172,11784,0.128719107784653,0.4588785046728972
3852,0.3986,5,10,5,591724,13886,96177,11779,0.12862647745377748,0.45895187999220727
3853,0.3987,5,14,5,591738,13872,96182,11774,0.1284967949905517,0.45909693519457223
3854,0.3988,5,13,5,591751,13859,96187,11769,0.1283763755604135,0.4592242859372561
3855,0.3989,8,10,8,591761,13849,96195,11761,0.12828374522953795,0.4592346739554861
3856,0.399,9,16,9,591777,13833,96204,11752,0.12813553670013708,0.4593316396325972
3857,0.3991,6,11,6,591788,13822,96210,11746,0.128033643336174,0.4594023779724656
3858,0.3992,16,11,16,591799,13811,96226,11730,0.1279317499722109,0.45926157942132256
3859,0.3993,8,12,8,591811,13799,96234,11722,0.12782059357516026,0.45930802084557815
3860,0.3994,9,21,9,591832,13778,96243,11713,0.1276260698803216,0.459495508218587
3861,0.3995,9,10,9,591842,13768,96252,11704,0.12753343954944607,0.4594849246231156
3862,0.3996,7,12,7,591854,13756,96259,11697,0.12742228315239543,0.459552901426158
3863,0.3997,10,7,10,591861,13749,96269,11687,0.12735744192078255,0.45946689731089796
3864,0.3998,4,11,4,591872,13738,96273,11683,0.12725554855681945,0.4595806616576846
3865,0.3999,11,15,11,591887,13723,96284,11672,0.12711660306050612,0.45961803504626897
3866,0.4,7,9,7,591896,13714,96291,11665,0.12703323576271813,0.4596319791953978
3867,0.4001,8,13,8,591909,13701,96299,11657,0.12691281633257995,0.459697136998186
3868,0.4002,13,11,13,591920,13690,96312,11644,0.12681092296861685,0.4596194836977974
3869,0.4003,10,13,10,591933,13677,96322,11634,0.12669050353847863,0.45964205286239185
3870,0.4004,8,6,8,591939,13671,96330,11626,0.12663492533995332,0.4595801873739969
3871,0.4005,7,10,7,591949,13661,96337,11619,0.12654229500907777,0.4596123417721519
3872,0.4006,6,25,6,591974,13636,96343,11613,0.1263107191818889,0.459939007485445
3873,0.4007,9,13,9,591987,13623,96352,11604,0.12619029975175072,0.459983351171364
3874,0.4008,8,10,8,591997,13613,96360,11596,0.12609766942087516,0.4599944464278631
3875,0.4009,7,9,7,592006,13604,96367,11589,0.12601430212308717,0.4600087325844481
3876,0.401,8,9,8,592015,13595,96375,11581,0.12593093482529918,0.4600015888147442
3877,0.4011,9,5,9,592020,13590,96384,11572,0.12588461965986142,0.4598998489786186
3878,0.4012,17,14,17,592034,13576,96401,11555,0.12575493719663566,0.45979069674903505
3879,0.4013,9,18,9,592052,13558,96410,11546,0.12558820260105968,0.45992670490758447
3880,0.4014,5,15,5,592067,13543,96415,11541,0.1254492571047464,0.46009408387816936
3881,0.4015,8,7,8,592074,13536,96423,11533,0.1253844158731335,0.46005026127887033
3882,0.4016,6,12,6,592086,13524,96429,11527,0.12527325947608284,0.46014131172408285
3883,0.4017,5,8,5,592094,13516,96434,11522,0.12519915521138242,0.46018052560108635
3884,0.4018,9,15,9,592109,13501,96443,11513,0.1250602097150691,0.4602622531382426
3885,0.4019,10,15,10,592124,13486,96453,11503,0.1249212642187558,0.46032254191844413
3886,0.402,10,6,10,592130,13480,96463,11493,0.12486568602023046,0.4602170343971489
3887,0.4021,11,15,11,592145,13465,96474,11482,0.12472674052391715,0.46025574217340764
3888,0.4022,6,13,6,592158,13452,96480,11476,0.12460632109377895,0.4603658536585366
3889,0.4023,10,10,10,592168,13442,96490,11466,0.1245136907629034,0.4603340292275574
3890,0.4024,12,7,12,592175,13435,96502,11454,0.12444884953129053,0.4602033026638274
3891,0.4025,8,18,8,592193,13417,96510,11446,0.12428211493571455,0.4603627880786711
3892,0.4026,10,19,10,592212,13398,96520,11436,0.12410611730705103,0.4604977047596038
3893,0.4027,7,18,7,592230,13380,96527,11429,0.12393938271147505,0.46067959208351805
3894,0.4028,6,12,6,592242,13368,96533,11423,0.12382822631442439,0.4607720543745714
3895,0.4029,6,13,6,592255,13355,96539,11417,0.12370780688428619,0.46088325528822865
3896,0.403,4,9,4,592264,13346,96543,11413,0.1236244395864982,0.46096368997132353
3897,0.4031,6,10,6,592274,13336,96549,11407,0.12353180925562265,0.4610192781796872
3898,0.4032,17,15,17,592289,13321,96566,11390,0.12339286375930934,0.46092833151228196
3899,0.4033,6,10,6,592299,13311,96572,11384,0.12330023342843381,0.46098400485928326
3900,0.4034,14,10,14,592309,13301,96586,11370,0.12320760309755827,0.4608649831786308
3901,0.4035,10,14,10,592323,13287,96596,11360,0.12307792063433251,0.4609080212601939
3902,0.4036,11,11,11,592334,13276,96607,11349,0.12297602727036941,0.4608730964467005
3903,0.4037,7,13,7,592347,13263,96614,11342,0.12285560784023121,0.4609632188579557
3904,0.4038,9,17,9,592364,13246,96623,11333,0.12269813627774279,0.4610846657715936
3905,0.4039,7,14,7,592378,13232,96630,11326,0.12256845381451703,0.46119390829872137
3906,0.404,11,8,11,592386,13224,96641,11315,0.1224943495498166,0.4611027344227556
3907,0.4041,10,11,10,592397,13213,96651,11305,0.1223924561858535,0.461089811567012
3908,0.4042,4,14,4,592411,13199,96655,11301,0.12226277372262774,0.461265306122449
3909,0.4043,5,13,5,592424,13186,96660,11296,0.12214235429248953,0.46140021240094764
3910,0.4044,10,12,10,592436,13174,96670,11286,0.12203119789543888,0.4614063777596075
3911,0.4045,9,10,9,592446,13164,96679,11277,0.12193856756456334,0.46139683319013136
3912,0.4046,4,10,4,592456,13154,96683,11273,0.12184593723368779,0.46149752323248866
3913,0.4047,10,14,10,592470,13140,96693,11263,0.12171625477046204,0.46154161373601604
3914,0.4048,13,7,13,592477,13133,96706,11250,0.12165141353884916,0.4613870319484887
3915,0.4049,8,10,8,592487,13123,96714,11242,0.12155878320797361,0.46139954853273135
3916,0.405,6,12,6,592499,13111,96720,11236,0.12144762681092297,0.46149422926849304
3917,0.4051,6,10,6,592509,13101,96726,11230,0.12135499648004743,0.46155110764045865
3918,0.4052,8,13,8,592522,13088,96734,11222,0.12123457704990923,0.4616207322089675
3919,0.4053,6,19,6,592541,13069,96740,11216,0.12105857942124569,0.46184887790817375
3920,0.4054,8,8,8,592549,13061,96748,11208,0.12098447515654526,0.46182372574065683
3921,0.4055,14,13,14,592562,13048,96762,11194,0.12086405572640706,0.4617605808101642
3922,0.4056,6,26,6,592588,13022,96768,11188,0.12062321686613064,0.4621230896323833
3923,0.4057,7,11,7,592599,13011,96775,11181,0.12052132350216754,0.46217757936507936
3924,0.4058,7,10,7,592609,13001,96782,11174,0.12042869317129201,0.46221302998965874
3925,0.4059,10,12,10,592621,12989,96792,11164,0.12031753677424135,0.46222001407692626
3926,0.406,9,15,9,592636,12974,96801,11155,0.12017859127792804,0.4623067677897965
3927,0.4061,7,12,7,592648,12962,96808,11148,0.1200674348808774,0.46238075487349645
3928,0.4062,9,11,9,592659,12951,96817,11139,0.1199655415169143,0.4623910336239103
3929,0.4063,6,18,6,592677,12933,96823,11133,0.11979880692133832,0.462602842183994
3930,0.4064,9,9,9,592686,12924,96832,11124,0.11971543962355033,0.4625748502994012
3931,0.4065,4,14,4,592700,12910,96836,11120,0.11958575716032457,0.46275488972118184
3932,0.4066,10,9,10,592709,12901,96846,11110,0.11950238986253658,0.4627045937278747
3933,0.4067,8,17,8,592726,12884,96854,11102,0.11934491830004816,0.4628533311098141
3934,0.4068,8,7,8,592733,12877,96862,11094,0.11928007706843528,0.4628092278169455
3935,0.4069,6,15,6,592748,12862,96868,11088,0.11914113157212197,0.462964509394572
3936,0.407,12,12,12,592760,12850,96880,11076,0.11902997517507133,0.46292735935802054
3937,0.4071,17,19,17,592779,12831,96897,11059,0.1188539775464078,0.4629133528673085
3938,0.4072,8,18,8,592797,12813,96905,11051,0.11868724295083181,0.46308246731478375
3939,0.4073,15,17,15,592814,12796,96920,11036,0.1185297713883434,0.46307485733467607
3940,0.4074,9,14,9,592828,12782,96929,11027,0.11840008892511764,0.46314418917216177
3941,0.4075,5,6,5,592834,12776,96934,11022,0.11834451072659231,0.46314816371123624
3942,0.4076,8,12,8,592846,12764,96942,11014,0.11823335432954167,0.46320127849272436
3943,0.4077,12,13,12,592859,12751,96954,11002,0.11811293489940346,0.4631835978613228
3944,0.4078,6,18,6,592877,12733,96960,10996,0.11794620030382749,0.46339921614901597
3945,0.4079,7,13,7,592890,12720,96967,10989,0.11782578087368928,0.4634948753637859
3946,0.408,11,10,11,592900,12710,96978,10978,0.11773315054281373,0.46344140493076663
3947,0.4081,8,11,8,592911,12699,96986,10970,0.11763125717885065,0.463475431999662
3948,0.4082,3,5,3,592916,12694,96989,10967,0.11758494201341287,0.46350534635053464
3949,0.4083,4,8,4,592924,12686,96993,10963,0.11751083774871243,0.4635713983677957
3950,0.4084,12,16,12,592940,12670,97005,10951,0.11736262921931156,0.46361288683798313
3951,0.4085,4,12,4,592952,12658,97009,10947,0.11725147282226092,0.46375767845795385
3952,0.4086,3,13,3,592965,12645,97012,10944,0.11713105339212272,0.4639450591377337
3953,0.4087,4,14,4,592979,12631,97016,10940,0.11700137092889695,0.46412965084213653
3954,0.4088,9,11,9,592990,12620,97025,10931,0.11689947756493387,0.46414165003609187
3955,0.4089,10,11,10,593001,12609,97035,10921,0.11679758420097076,0.4641308967275818
3956,0.409,5,18,5,593019,12591,97040,10916,0.11663084960539478,0.46437231462968476
3957,0.4091,9,13,9,593032,12578,97049,10907,0.11651043017525659,0.46442410048967425
3958,0.4092,8,14,8,593046,12564,97057,10899,0.11638074771203083,0.4645186037591101
3959,0.4093,8,10,8,593056,12554,97065,10891,0.11628811738115528,0.46453401578161657
3960,0.4094,14,14,14,593070,12540,97079,10877,0.11615843491792953,0.4644916086603749
3961,0.4095,10,12,10,593082,12528,97089,10867,0.11604727852087887,0.4645009617439624
3962,0.4096,7,16,7,593098,12512,97096,10860,0.115899069991478,0.464658565805237
3963,0.4097,7,11,7,593109,12501,97103,10853,0.11579717662751492,0.46471696497388026
3964,0.4098,6,10,6,593119,12491,97109,10847,0.11570454629663937,0.4647784728768532
3965,0.4099,11,13,11,593132,12478,97120,10836,0.11558412686650117,0.4647851076606331
3966,0.41,9,3,9,593135,12475,97129,10827,0.1155563377672385,0.4646382284782422
3967,0.4101,9,10,9,593145,12465,97138,10818,0.11546370743636296,0.46463084654039427
3968,0.4102,7,13,7,593158,12452,97145,10811,0.11534328800622476,0.4647293986158277
3969,0.4103,11,11,11,593169,12441,97156,10800,0.11524139464226166,0.4646960113592358
3970,0.4104,10,14,10,593183,12427,97166,10790,0.1151117121790359,0.4647456605073868
3971,0.4105,5,16,5,593199,12411,97171,10785,0.11496350364963503,0.46495085359544747
3972,0.4106,7,16,7,593215,12395,97178,10778,0.11481529512023417,0.4651102576274112
3973,0.4107,7,16,7,593231,12379,97185,10771,0.1146670865908333,0.46526997840172785
3974,0.4108,9,12,9,593243,12367,97194,10762,0.11455593019378266,0.46530329888884087
3975,0.4109,8,15,8,593258,12352,97202,10754,0.11441698469746935,0.4654202371678352
3976,0.411,7,14,7,593272,12338,97209,10747,0.11428730223424358,0.46554039419536497
3977,0.4111,8,15,8,593287,12323,97217,10739,0.11414835673793026,0.46565779203885177
3978,0.4112,5,14,5,593301,12309,97222,10734,0.11401867427470451,0.46582476240072906
3979,0.4113,12,13,12,593314,12296,97234,10722,0.11389825484456631,0.4658093665826744
3980,0.4114,13,14,13,593328,12282,97247,10709,0.11376857238134054,0.46579096168065764
3981,0.4115,3,13,3,593341,12269,97250,10706,0.11364815295120234,0.4659847660500544
3982,0.4116,10,19,10,593360,12250,97260,10696,0.1134721553225388,0.4661378889566809
3983,0.4117,13,9,13,593369,12241,97273,10683,0.11338878802475083,0.4660181469202582
3984,0.4118,9,8,9,593377,12233,97282,10674,0.1133146837600504,0.4659711005369538
3985,0.4119,7,17,7,593394,12216,97289,10667,0.11315721219756197,0.4661539133854827
3986,0.412,8,12,8,593406,12204,97297,10659,0.11304605580051132,0.4662117832305472
3987,0.4121,6,11,6,593417,12193,97303,10653,0.11294416243654823,0.46629606933380024
3988,0.4122,9,15,9,593432,12178,97312,10644,0.1128052169402349,0.4663920778196477
3989,0.4123,8,12,8,593444,12166,97320,10636,0.11269406054318426,0.4664503113761951
3990,0.4124,7,9,7,593453,12157,97327,10629,0.11261069324539627,0.46647063986658477
3991,0.4125,10,16,10,593469,12141,97337,10619,0.1124624847159954,0.46656414762741655
3992,0.4126,9,12,9,593481,12129,97346,10610,0.11235132831894476,0.4665992347948459
3993,0.4127,11,12,11,593493,12117,97357,10599,0.1122401719218941,0.4665874273639725
3994,0.4128,8,10,8,593503,12107,97365,10591,0.11214754159101856,0.46660498722354393
3995,0.4129,8,12,8,593515,12095,97373,10583,0.11203638519396791,0.4666637269600494
3996,0.413,11,9,11,593524,12086,97384,10572,0.11195301789617992,0.46659016682849325
3997,0.4131,7,16,7,593540,12070,97391,10565,0.11180480936677906,0.46675502540313674
3998,0.4132,9,14,9,593554,12056,97400,10556,0.1116751269035533,0.46683177074119936
3999,0.4133,6,9,6,593563,12047,97406,10550,0.11159175960576531,0.4668761340000885
4000,0.4134,5,15,5,593578,12032,97411,10545,0.111452814109452,0.46706825530407053
4001,0.4135,14,9,14,593587,12023,97425,10531,0.11136944681166401,0.4669238272590228
4002,0.4136,7,4,7,593591,12019,97432,10524,0.1113323946793138,0.46684114802821275
4003,0.4137,11,6,11,593597,12013,97443,10513,0.11127681648078847,0.46670514072627184
4004,0.4138,2,10,2,593607,12003,97445,10511,0.11118418614991293,0.46686506173936215
4005,0.4139,6,14,6,593621,11989,97451,10505,0.11105450368668716,0.4670134258024362
4006,0.414,6,7,6,593628,11982,97457,10499,0.11098966245507429,0.4670165917886215
4007,0.4141,5,19,5,593647,11963,97462,10494,0.11081366482641077,0.46729304893797036
4008,0.4142,7,13,7,593660,11950,97469,10487,0.11069324539627255,0.46739760217497883
4009,0.4143,8,15,8,593675,11935,97477,10479,0.11055429989995924,0.4675202998126171
4010,0.4144,5,9,5,593684,11926,97482,10474,0.11047093260217125,0.4675892857142857
4011,0.4145,7,15,7,593699,11911,97489,10467,0.11033198710585794,0.46773616945214047
4012,0.4146,11,14,11,593713,11897,97500,10456,0.11020230464263218,0.4677671900863419
4013,0.4147,6,7,6,593720,11890,97506,10450,0.1101374634110193,0.4677708146821844
4014,0.4148,12,15,12,593735,11875,97518,10438,0.109998517914706,0.4677990409178506
4015,0.4149,7,21,7,593756,11854,97525,10431,0.10980399421986735,0.46807269463764867
4016,0.415,10,17,10,593773,11837,97535,10421,0.10964652265737893,0.468191212148441
4017,0.4151,5,14,5,593787,11823,97540,10416,0.10951684019415317,0.4683663833805477
4018,0.4152,11,14,11,593801,11809,97551,10405,0.10938715773092741,0.4683983073737283
4019,0.4153,10,11,10,593812,11798,97561,10395,0.10928526436696431,0.468390934078313
4020,0.4154,5,17,5,593829,11781,97566,10390,0.1091277928044759,0.468630192593929
4021,0.4155,12,9,12,593838,11772,97578,10378,0.10904442550668791,0.46853273137697515
4022,0.4156,13,10,13,593848,11762,97591,10365,0.10895179517581237,0.4684322321146111
4023,0.4157,5,13,5,593861,11749,97596,10360,0.10883137574567417,0.46858745307340904
4024,0.4158,6,12,6,593873,11737,97602,10354,0.10872021934862351,0.4686976596804128
4025,0.4159,11,12,11,593885,11725,97613,10343,0.10860906295157287,0.4686876925865507
4026,0.416,9,7,9,593892,11718,97622,10334,0.10854422171995998,0.4686196263377471
4027,0.4161,11,11,11,593903,11707,97633,10323,0.10844232835599689,0.46858828869723107
4028,0.4162,5,13,5,593916,11694,97638,10318,0.10832190892585869,0.4687443212793022
4029,0.4163,6,8,6,593924,11686,97644,10312,0.10824780466115826,0.468769888171652
4030,0.4164,5,10,5,593934,11676,97649,10307,0.10815517433028271,0.4688623026884411
4031,0.4165,6,9,6,593943,11667,97655,10301,0.10807180703249472,0.4689093226511289
4032,0.4166,3,12,3,593955,11655,97658,10298,0.10796065063544406,0.46909306245160115
4033,0.4167,7,9,7,593964,11646,97665,10291,0.10787728333765609,0.46911610521037517
4034,0.4168,5,10,5,593974,11636,97670,10286,0.10778465300678054,0.4692090137761153
4035,0.4169,4,10,4,593984,11626,97674,10282,0.107692022675905,0.46932627350739453
4036,0.417,8,14,8,593998,11612,97682,10274,0.10756234021267924,0.4694325139358494
4037,0.4171,5,11,5,594009,11601,97687,10269,0.10746044684871614,0.46954732510288066
4038,0.4172,12,7,12,594016,11594,97699,10257,0.10739560561710326,0.46940643448812414
4039,0.4173,10,12,10,594028,11582,97709,10247,0.10728444922005262,0.4694214118832745
4040,0.4174,8,11,8,594039,11571,97717,10239,0.10718255585608952,0.46946354883081154
4041,0.4175,8,6,8,594045,11565,97725,10231,0.1071269776575642,0.46939805468893375
4042,0.4176,8,12,8,594057,11553,97733,10223,0.10701582126051354,0.4694617927994122
4043,0.4177,13,10,13,594067,11543,97746,10210,0.106923190929638,0.4693605479703949
4044,0.4178,8,9,8,594076,11534,97754,10202,0.10683982363185002,0.4693595877806404
4045,0.4179,7,13,7,594089,11521,97761,10195,0.1067194042017118,0.4694695155645607
4046,0.418,7,13,7,594102,11508,97768,10188,0.1065989847715736,0.46957964601769914
4047,0.4181,9,11,9,594113,11497,97777,10179,0.1064970914076105,0.4695977117549363
4048,0.4182,8,5,8,594118,11492,97785,10171,0.10645077624217274,0.46951022480727506
4049,0.4183,12,9,12,594127,11483,97797,10159,0.10636740894438475,0.4694113298216431
4050,0.4184,4,6,4,594133,11477,97801,10155,0.10631183074585943,0.4694434171597633
4051,0.4185,7,13,7,594146,11464,97808,10148,0.10619141131572123,0.4695539515084213
4052,0.4186,9,6,9,594152,11458,97817,10139,0.10613583311719589,0.46946335139139694
4053,0.4187,2,18,2,594170,11440,97819,10137,0.10596909852161993,0.46980581174398667
4054,0.4188,10,11,10,594181,11429,97829,10127,0.10586720515765682,0.4697995917609946
4055,0.4189,6,18,6,594199,11411,97835,10121,0.10570047056208084,0.4700445848040126
4056,0.419,6,5,6,594204,11406,97841,10115,0.10565415539664308,0.47000604061149576
4057,0.4191,8,3,8,594207,11403,97849,10107,0.10562636629738041,0.4698744769874477
4058,0.4192,4,9,4,594216,11394,97853,10103,0.10554299899959242,0.4699725543099037
4059,0.4193,8,14,8,594230,11380,97861,10095,0.10541331653636667,0.470081490104773
4060,0.4194,4,12,4,594242,11368,97865,10091,0.10530216013931602,0.4702455846031968
4061,0.4195,11,10,11,594252,11358,97876,10080,0.10520952980844048,0.47019311502938704
4062,0.4196,4,14,4,594266,11344,97880,10076,0.10507984734521472,0.4704014939309057
4063,0.4197,5,7,5,594273,11337,97885,10071,0.10501500611360184,0.47043161434977576
4064,0.4198,8,19,8,594292,11318,97893,10063,0.10483900848493831,0.47065151302558345
4065,0.4199,4,10,4,594302,11308,97897,10059,0.10474637815406276,0.4707726868535592
4066,0.42,10,13,10,594315,11295,97907,10049,0.10462595872392456,0.4708114692653673
4067,0.4201,15,7,15,594322,11288,97922,10034,0.10456111749231169,0.4705937529312447
4068,0.4202,8,8,8,594330,11280,97930,10026,0.10448701322761125,0.4705716699521262
4069,0.4203,7,8,7,594338,11272,97937,10019,0.10441290896291082,0.47057442111690384
4070,0.4204,3,9,3,594347,11263,97940,10016,0.10432954166512283,0.4706988110343531
4071,0.4205,16,13,16,594360,11250,97956,10000,0.10420912223498463,0.47058823529411764
4072,0.4206,11,9,11,594369,11241,97967,9989,0.10412575493719664,0.4705134243994348
4073,0.4207,4,12,4,594381,11229,97971,9985,0.10401459854014598,0.47067973979447536
4074,0.4208,10,14,10,594395,11215,97981,9975,0.10388491607692023,0.4707409155261916
4075,0.4209,20,9,20,594404,11206,98001,9955,0.10380154877913224,0.47044090543925143
4076,0.421,10,10,10,594414,11196,98011,9945,0.10370891844825669,0.4704129416773095
4077,0.4211,7,6,7,594420,11190,98018,9938,0.10365334024973137,0.4703710715638016
4078,0.4212,10,9,10,594429,11181,98028,9928,0.10356997295194338,0.47032071628215455
4079,0.4213,7,10,7,594439,11171,98035,9921,0.10347734262106784,0.47036791200455147
4080,0.4214,9,12,9,594451,11159,98044,9912,0.10336618622401719,0.4704095676522234
4081,0.4215,13,9,13,594460,11150,98057,9899,0.1032828189262292,0.47028362392512707
4082,0.4216,9,11,9,594471,11139,98066,9890,0.10318092556226612,0.4703029150221123
4083,0.4217,10,13,10,594484,11126,98076,9880,0.1030605061321279,0.47034180710273255
4084,0.4218,8,10,8,594494,11116,98084,9872,0.10296787580125236,0.47036401753382884
4085,0.4219,10,13,10,594507,11103,98094,9862,0.10284745637111416,0.4704030527068924
4086,0.422,8,16,8,594523,11087,98102,9854,0.10269924784171329,0.4705601451697627
4087,0.4221,8,10,8,594533,11077,98110,9846,0.10260661751083774,0.47058261243607513
4088,0.4222,8,14,8,594547,11063,98118,9838,0.10247693504761199,0.4706951820487058
4089,0.4223,7,9,7,594556,11054,98125,9831,0.102393567749824,0.47072061288005745
4090,0.4224,12,11,12,594567,11043,98137,9819,0.10229167438586091,0.47066436583261434
4091,0.4225,3,9,3,594576,11034,98140,9816,0.10220830708807292,0.47079136690647483
4092,0.4226,3,12,3,594588,11022,98143,9813,0.10209715069102226,0.47098632109431243
4093,0.4227,6,10,6,594598,11012,98149,9807,0.10200452036014673,0.4710600893414669
4094,0.4228,2,13,2,594611,10999,98151,9805,0.10188410093000852,0.4713035954624111
4095,0.4229,10,9,10,594620,10990,98161,9795,0.10180073363222053,0.47125330767380325
4096,0.423,6,16,6,594636,10974,98167,9789,0.10165252510281966,0.4714636613206184
4097,0.4231,5,11,5,594647,10963,98172,9784,0.10155063173885658,0.47158625343423144
4098,0.4232,7,16,7,594663,10947,98179,9777,0.10140242320945571,0.47177185871453386
4099,0.4233,7,12,7,594675,10935,98186,9770,0.10129126681240505,0.4718666988650084
4100,0.4234,8,9,8,594684,10926,98194,9762,0.10120789951461706,0.4718677494199536
4101,0.4235,6,14,6,594698,10912,98200,9756,0.1010782170513913,0.4720340623185601
4102,0.4236,8,10,8,594708,10902,98208,9748,0.10098558672051576,0.47205811138014525
4103,0.4237,4,7,4,594715,10895,98212,9744,0.10092074548890288,0.4721158970880372
4104,0.4238,9,9,9,594724,10886,98221,9735,0.1008373781911149,0.4720915571504777
4105,0.4239,12,12,12,594736,10874,98233,9723,0.10072622179406425,0.47205903772394037
4106,0.424,10,11,10,594747,10863,98243,9713,0.10062432843010115,0.47205482115085534
4107,0.4241,9,13,9,594760,10850,98252,9704,0.10050390899996295,0.47212221465408194
4108,0.4242,6,10,6,594770,10840,98258,9698,0.1004112786690874,0.4721978771058526
4109,0.4243,9,15,9,594785,10825,98267,9689,0.10027233317277409,0.4723115920834552
4110,0.4244,10,8,10,594793,10817,98277,9679,0.10019822890807366,0.4722384855581577
4111,0.4245,6,14,6,594807,10803,98283,9673,0.1000685464448479,0.4724067200625122
4112,0.4246,13,11,13,594818,10792,98296,9660,0.0999666530808848,0.4723254449442597
4113,0.4247,7,12,7,594830,10780,98303,9653,0.09985549668383416,0.4724220623501199
4114,0.4248,5,11,5,594841,10769,98308,9648,0.09975360331987106,0.47254738698143706
4115,0.4249,10,12,10,594853,10757,98318,9638,0.09964244692282041,0.4725668055896053
4116,0.425,4,11,4,594864,10746,98322,9634,0.09954055355885731,0.47271835132482826
4117,0.4251,10,13,10,594877,10733,98332,9624,0.09942013412871911,0.47276121235938495
4118,0.4252,2,4,2,594881,10729,98334,9622,0.09938308199636889,0.4728023192963491
4119,0.4253,10,8,10,594889,10721,98344,9612,0.09930897773166845,0.4727290611321497
4120,0.4254,10,10,10,594899,10711,98354,9602,0.09921634740079291,0.47270221040712845
4121,0.4255,8,14,8,594913,10697,98362,9594,0.09908666493756715,0.47282046227391455
4122,0.4256,11,16,11,594929,10681,98373,9583,0.09893845640816629,0.47290761942360837
4123,0.4257,8,14,8,594943,10667,98381,9575,0.09880877394494053,0.4730263807924118
4124,0.4258,11,16,11,594959,10651,98392,9564,0.09866056541553966,0.47311402423942617
4125,0.4259,10,4,10,594963,10647,98402,9554,0.09862351328318945,0.4729468838176328
4126,0.426,8,7,8,594970,10640,98410,9546,0.09855867205157656,0.4729020112949569
4127,0.4261,10,13,10,594983,10627,98420,9536,0.09843825262143836,0.47294549422209
4128,0.4262,8,11,8,594994,10616,98428,9528,0.09833635925747526,0.47299444003177127
4129,0.4263,9,14,9,595008,10602,98437,9519,0.0982066767942495,0.4730878186968839
4130,0.4264,6,6,6,595014,10596,98443,9513,0.09815109859572418,0.4730717589139191
4131,0.4265,13,22,13,595036,10574,98456,9500,0.097947311867798,0.47324897877851946
4132,0.4266,11,10,11,595046,10564,98467,9489,0.09785468153692245,0.47319603051912434
4133,0.4267,7,16,7,595062,10548,98474,9482,0.09770647300752158,0.47338991512730905
4134,0.4268,11,12,11,595074,10536,98485,9471,0.09759531661047094,0.47338431548957866
4135,0.4269,5,9,5,595083,10527,98490,9466,0.09751194931268295,0.4734657129995498
4136,0.427,6,1,6,595084,10526,98496,9460,0.0975026862795954,0.47333133193235266
4137,0.4271,8,17,8,595101,10509,98504,9452,0.09734521471710697,0.4735233705726166
4138,0.4272,5,8,5,595109,10501,98509,9447,0.09727111045240654,0.47358131140966514
4139,0.4273,5,14,5,595123,10487,98514,9442,0.09714142798918078,0.47378192583672035
4140,0.4274,11,10,11,595133,10477,98525,9431,0.09704879765830524,0.47372915410890093
4141,0.4275,6,18,6,595151,10459,98531,9425,0.09688206306272926,0.473999195332931
4142,0.4276,9,12,9,595163,10447,98540,9416,0.09677090666567861,0.47404722348084377
4143,0.4277,6,4,6,595167,10443,98546,9410,0.09673385453332839,0.47398378078879766
4144,0.4278,1,11,1,595178,10432,98547,9409,0.0966319611693653,0.47422004939267176
4145,0.4279,7,16,7,595194,10416,98554,9402,0.09648375263996443,0.47441719648804115
4146,0.428,11,17,11,595211,10399,98565,9391,0.09632628107747601,0.4745325922182921
4147,0.4281,8,13,8,595224,10386,98573,9383,0.0962058616473378,0.47463199959532604
4148,0.4282,6,14,6,595238,10372,98579,9377,0.09607617918411204,0.4748088510810674
4149,0.4283,7,11,7,595249,10361,98586,9370,0.09597428582014896,0.4748872332877198
4150,0.4284,6,10,6,595259,10351,98592,9364,0.09588165548927341,0.4749682982500634
4151,0.4285,9,8,9,595267,10343,98601,9355,0.09580755122457298,0.47492131180830544
4152,0.4286,8,12,8,595279,10331,98609,9347,0.09569639482752232,0.4749974590913711
4153,0.4287,10,11,10,595290,10320,98619,9337,0.09559450146355923,0.4749961845652948
4154,0.4288,7,11,7,595301,10309,98626,9330,0.09549260809959613,0.47507510565711086
4155,0.4289,11,11,11,595312,10298,98637,9319,0.09539071473563304,0.4750471529795586
4156,0.429,7,9,7,595321,10289,98644,9312,0.09530734743784505,0.47507780215295137
4157,0.4291,6,9,6,595330,10280,98650,9306,0.09522398014005706,0.47513530072500765
4158,0.4292,5,11,5,595341,10269,98655,9301,0.09512208677609396,0.47526826775677056
4159,0.4293,3,12,3,595353,10257,98658,9298,0.09501093037904332,0.47547941702889285
4160,0.4294,5,9,5,595362,10248,98663,9293,0.09492756308125533,0.4755641983521826
4161,0.4295,10,11,10,595373,10237,98673,9283,0.09482566971729223,0.47556352459016393
4162,0.4296,3,8,3,595381,10229,98676,9280,0.0947515654525918,0.47567789225485674
4163,0.4297,11,12,11,595393,10217,98687,9269,0.09464040905554115,0.4756748434773684
4164,0.4298,9,9,9,595402,10208,98696,9260,0.09455704175775316,0.4756523525785905
4165,0.4299,7,11,7,595413,10197,98703,9253,0.09445514839379006,0.47573264781491004
4166,0.43,7,13,7,595426,10184,98710,9246,0.09433472896365186,0.47586206896551725
4167,0.4301,6,19,6,595445,10165,98716,9240,0.09415873133498832,0.4761659366142747
4168,0.4302,7,12,7,595457,10153,98723,9233,0.09404757493793768,0.4762715361601155
4169,0.4303,10,10,10,595467,10143,98733,9223,0.09395494460706214,0.47624703087885983
4170,0.4304,11,12,11,595479,10131,98744,9212,0.09384378821001149,0.4762446363025384
4171,0.4305,5,8,5,595487,10123,98749,9207,0.09376968394531106,0.4763062596999483
4172,0.4306,10,15,10,595502,10108,98759,9197,0.09363073844899773,0.4764050764050764
4173,0.4307,6,12,6,595514,10096,98765,9191,0.09351958205194709,0.476538601130295
4174,0.4308,12,16,12,595530,10080,98777,9179,0.09337137352254622,0.47660833895840904
4175,0.4309,10,7,10,595537,10073,98787,9169,0.09330653229093334,0.4765097183244985
4176,0.431,8,14,8,595551,10059,98795,9161,0.09317684982770759,0.4766389177939646
4177,0.4311,5,6,5,595557,10053,98800,9156,0.09312127162918225,0.4766515695767609
4178,0.4312,4,12,4,595569,10041,98804,9152,0.09301011523213161,0.47684051477101025
4179,0.4313,6,14,6,595583,10027,98810,9146,0.09288043276890585,0.4770249830490794
4180,0.4314,5,13,5,595596,10014,98815,9141,0.09276001333876764,0.47721221613155834
4181,0.4315,8,14,8,595610,10000,98823,9133,0.09263033087554189,0.47734281085036323
4182,0.4316,8,9,8,595619,9991,98831,9125,0.0925469635777539,0.477348817744298
4183,0.4317,7,6,7,595625,9985,98838,9118,0.09249138537922857,0.4773072292310108
4184,0.4318,7,9,7,595634,9976,98845,9111,0.09240801808144058,0.4773405983129879
4185,0.4319,13,5,13,595639,9971,98858,9098,0.09236170291600282,0.4771094446483822
4186,0.432,3,9,3,595648,9962,98861,9095,0.09227833561821483,0.47725245316681536
4187,0.4321,7,13,7,595661,9949,98868,9088,0.09215791618807663,0.47738614277459684
4188,0.4322,6,5,6,595666,9944,98874,9082,0.09211160102263885,0.47734678860506674
4189,0.4323,3,9,3,595675,9935,98877,9079,0.09202823372485086,0.4774902703271274
4190,0.4324,7,11,7,595686,9924,98884,9072,0.09192634036088777,0.4775742261528743
4191,0.4325,5,15,5,595701,9909,98889,9067,0.09178739486457446,0.47781408094435074
4192,0.4326,7,10,7,595711,9899,98896,9060,0.09169476453369892,0.4778733055540904
4193,0.4327,8,8,8,595719,9891,98904,9052,0.09162066026899848,0.477854616481022
4194,0.4328,7,9,7,595728,9882,98911,9045,0.0915372929712105,0.47788873038516405
4195,0.4329,5,11,5,595739,9871,98916,9040,0.09143539960724739,0.4780286605679234
4196,0.433,9,11,9,595750,9860,98925,9031,0.0913335062432843,0.4780583346567148
4197,0.4331,11,12,11,595762,9848,98936,9020,0.09122234984623365,0.4780580877676489
4198,0.4332,7,13,7,595775,9835,98943,9013,0.09110193041609545,0.4781939728353141
4199,0.4333,6,4,6,595779,9831,98949,9007,0.09106487828374522,0.4781293130905616
4200,0.4334,4,9,4,595788,9822,98953,9003,0.09098151098595725,0.4782470119521912
4201,0.4335,10,8,10,595796,9814,98963,8993,0.09090740672125681,0.478173020683788
4202,0.4336,3,14,3,595810,9800,98966,8990,0.09077772425803105,0.47844598190526877
4203,0.4337,5,7,5,595817,9793,98971,8985,0.09071288302641817,0.4784854617105123
4204,0.4338,8,14,8,595831,9779,98979,8977,0.09058320056319241,0.4786201748773726
4205,0.4339,6,9,6,595840,9770,98985,8971,0.09049983326540442,0.47868310122191987
4206,0.434,4,11,4,595851,9759,98989,8967,0.09039793990144133,0.4788529317526434
4207,0.4341,3,10,3,595861,9749,98992,8964,0.09030530957056579,0.47902527654571686
4208,0.4342,9,11,9,595872,9738,99001,8955,0.09020341620660269,0.4790563312469909
4209,0.4343,5,13,5,595885,9725,99006,8950,0.09008299677646449,0.47925033467202144
4210,0.4344,8,13,8,595898,9712,99014,8942,0.08996257734632628,0.4793609949608663
4211,0.4345,7,11,7,595909,9701,99021,8935,0.08986068398236319,0.4794483794805752
4212,0.4346,8,6,8,595915,9695,99029,8927,0.08980510578383787,0.4793792288690796
4213,0.4347,10,9,10,595924,9686,99039,8917,0.08972173848604988,0.4793312906520454
4214,0.4348,10,11,10,595935,9675,99049,8907,0.08961984512208677,0.4793348401679044
4215,0.4349,10,9,10,595944,9666,99059,8897,0.08953647782429879,0.4792867532187685
4216,0.435,10,15,10,595959,9651,99069,8887,0.08939753232798547,0.47939367785090087
4217,0.4351,13,14,13,595973,9637,99082,8874,0.08926784986475972,0.4793906325968343
4218,0.4352,6,6,6,595979,9631,99088,8868,0.0892122716662344,0.4793772636358722
4219,0.4353,8,10,8,595989,9621,99096,8860,0.08911964133535885,0.47941128726800497
4220,0.4354,9,5,9,595994,9616,99105,8851,0.08907332616992109,0.47928737748416095
4221,0.4355,4,7,4,596001,9609,99109,8847,0.0890084849383082,0.4793563068920676
4222,0.4356,8,11,8,596012,9598,99117,8839,0.0889065915743451,0.479416390952975
4223,0.4357,9,14,9,596026,9584,99126,8830,0.08877690911111935,0.4795264472683827
4224,0.4358,4,6,4,596032,9578,99130,8826,0.08872133091259402,0.47956965876983265
4225,0.4359,6,10,6,596042,9568,99136,8820,0.08862870058171848,0.47966064824885796
4226,0.436,9,6,9,596048,9562,99145,8811,0.08857312238319315,0.47956240134980677
4227,0.4361,9,13,9,596061,9549,99154,8802,0.08845270295305495,0.47964688572829817
4228,0.4362,6,7,6,596068,9542,99160,8796,0.08838786172144207,0.4796597229796052
4229,0.4363,4,13,4,596081,9529,99164,8792,0.08826744229130387,0.47988646907919874
4230,0.4364,4,16,4,596097,9513,99168,8788,0.088119233761903,0.4801923392164363
4231,0.4365,10,14,10,596111,9499,99178,8778,0.08798955129867723,0.4802757564151666
4232,0.4366,4,11,4,596122,9488,99182,8774,0.08788765793471415,0.4804512101631804
4233,0.4367,9,11,9,596133,9477,99191,8765,0.08778576457075105,0.4804845959872821
4234,0.4368,3,6,3,596139,9471,99194,8762,0.08773018637222572,0.48055723139362694
4235,0.4369,12,8,12,596147,9463,99206,8750,0.08765608210752529,0.48042606929116566
4236,0.437,11,9,11,596156,9454,99217,8739,0.0875727148097373,0.4803495850052218
4237,0.4371,6,19,6,596175,9435,99223,8733,0.08739671718107377,0.4806803170409511
4238,0.4372,4,9,4,596184,9426,99227,8729,0.08731334988328578,0.4808041861746076
4239,0.4373,8,11,8,596195,9415,99235,8721,0.08721145651932269,0.480866784296427
4240,0.4374,9,4,9,596199,9411,99244,8712,0.08717440438697246,0.48071511339182255
4241,0.4375,8,9,8,596208,9402,99252,8704,0.08709103708918449,0.4807246216723738
4242,0.4376,7,9,7,596217,9393,99259,8697,0.0870076697913965,0.48076285240464345
4243,0.4377,7,9,7,596226,9384,99266,8690,0.08692430249360851,0.4808011508243886
4244,0.4378,4,10,4,596236,9374,99270,8686,0.08683167216273296,0.48095238095238096
4245,0.4379,6,12,6,596248,9362,99276,8680,0.08672051576568232,0.48109965635738833
4246,0.438,10,13,10,596261,9349,99286,8670,0.08660009633554411,0.48115877684666186
4247,0.4381,9,10,9,596271,9339,99295,8661,0.08650746600466856,0.4811666666666667
4248,0.4382,7,5,7,596276,9334,99302,8654,0.0864611508392308,0.48109851011785637
4249,0.4383,9,7,9,596283,9327,99311,8645,0.08639630960761792,0.48102604050745607
4250,0.4384,15,10,15,596293,9317,99326,8630,0.08630367927674237,0.4808603109154733
4251,0.4385,5,10,5,596303,9307,99331,8625,0.08621104894586683,0.4809837162614321
4252,0.4386,6,9,6,596312,9298,99337,8619,0.08612768164807885,0.4810515153206452
4253,0.4387,10,6,10,596318,9292,99347,8609,0.08607210344955352,0.4809228534718731
4254,0.4388,9,17,9,596335,9275,99356,8600,0.08591463188706511,0.4811188811188811
4255,0.4389,9,13,9,596348,9262,99365,8591,0.0857942124569269,0.48120764017252005
4256,0.439,7,10,7,596358,9252,99372,8584,0.08570158212605135,0.4812738282126037
4257,0.4391,7,6,7,596364,9246,99379,8577,0.08564600392752603,0.48123211580541997
4258,0.4392,6,6,6,596370,9240,99385,8571,0.0855904257290007,0.4812194711133569
4259,0.4393,4,6,4,596376,9234,99389,8567,0.08553484753047538,0.4812650974664345
4260,0.4394,7,16,7,596392,9218,99396,8560,0.08538663900107452,0.4814939813252334
4261,0.4395,8,15,8,596407,9203,99404,8552,0.0852476935047612,0.4816671360180231
4262,0.4396,12,25,12,596432,9178,99416,8540,0.08501611767757235,0.48199571057681456
4263,0.4397,6,9,6,596441,9169,99422,8534,0.08493275037978436,0.4820651866915212
4264,0.4398,3,10,3,596451,9159,99425,8531,0.08484012004890881,0.48224985867721876
4265,0.4399,14,6,14,596457,9153,99439,8517,0.08478454185038349,0.4820033955857385
4266,0.44,13,9,13,596466,9144,99452,8504,0.0847011745525955,0.4818676337262013
4267,0.4401,6,8,6,596474,9136,99458,8498,0.08462707028789507,0.4819099466938868
4268,0.4402,11,12,11,596486,9124,99469,8487,0.08451591389084442,0.4819147123956618
4269,0.4403,3,7,3,596493,9117,99472,8484,0.08445107265923153,0.4820180671552753
4270,0.4404,2,4,2,596497,9113,99474,8482,0.08441402052688132,0.4820687695368002
4271,0.4405,5,15,5,596512,9098,99479,8477,0.08427507503056801,0.48233285917496443
4272,0.4406,7,8,7,596520,9090,99486,8470,0.08420097076586758,0.48234624145785876
4273,0.4407,11,4,11,596524,9086,99497,8459,0.08416391863351735,0.48213166144200625
4274,0.4408,11,11,11,596535,9075,99508,8448,0.08406202526955427,0.4821092278719397
4275,0.4409,5,7,5,596542,9068,99513,8443,0.08399718403794139,0.4821540745816915
4276,0.441,6,6,6,596548,9062,99519,8437,0.08394160583941605,0.4821418366763815
4277,0.4411,5,11,5,596559,9051,99524,8432,0.08383971247545297,0.48229708860035464
4278,0.4412,9,11,9,596570,9040,99533,8423,0.08373781911148986,0.48233407776441617
4279,0.4413,8,9,8,596579,9031,99541,8415,0.08365445181370187,0.4823455233291299
4280,0.4414,5,11,5,596590,9020,99546,8410,0.08355255844973879,0.4825014343086632
4281,0.4415,10,12,10,596602,9008,99556,8400,0.08344140205268813,0.48253676470588236
4282,0.4416,6,12,6,596614,8996,99562,8394,0.08333024565563749,0.48269120184013803
4283,0.4417,12,10,12,596624,8986,99574,8382,0.08323761532476194,0.48261169967756795
4284,0.4418,2,12,2,596636,8974,99576,8380,0.08312645892771128,0.48288579001959203
4285,0.4419,9,11,9,596647,8963,99585,8371,0.0830245655637482,0.48292373370254993
4286,0.442,9,6,9,596653,8957,99594,8362,0.08296898736522287,0.48282233385299383
4287,0.4421,4,11,4,596664,8946,99598,8358,0.08286709400125977,0.4830097087378641
4288,0.4422,10,6,10,596670,8940,99608,8348,0.08281151580273445,0.482878297084683
4289,0.4423,6,8,6,596678,8932,99614,8342,0.08273741153803402,0.48292231098761146
4290,0.4424,5,8,5,596686,8924,99619,8337,0.08266330727333358,0.48299635015352527
4291,0.4425,6,6,6,596692,8918,99625,8331,0.08260772907480826,0.48298452084178795
4292,0.4426,5,11,5,596703,8907,99630,8326,0.08250583571084516,0.4831428074043985
4293,0.4427,13,6,13,596709,8901,99643,8313,0.08245025751231984,0.48292087835482744
4294,0.4428,6,8,6,596717,8893,99649,8307,0.0823761532476194,0.4829651162790698
4295,0.4429,8,3,8,596720,8890,99657,8299,0.08234836414835674,0.4828087730525336
4296,0.443,7,13,7,596733,8877,99664,8292,0.08222794471821854,0.4829634806919448
4297,0.4431,8,6,8,596739,8871,99672,8284,0.0821723665196932,0.48289128533955117
4298,0.4432,6,4,6,596743,8867,99678,8278,0.08213531438734299,0.48282298046077576
4299,0.4433,6,14,6,596757,8853,99684,8272,0.08200563192411724,0.48303649635036494
4300,0.4434,4,3,4,596760,8850,99688,8268,0.08197784282485457,0.4830003505082369
4301,0.4435,4,7,4,596767,8843,99692,8264,0.08191300159324169,0.4830771029403168
4302,0.4436,6,12,6,596779,8831,99698,8258,0.08180184519619105,0.4832348294224355
4303,0.4437,9,11,9,596790,8820,99707,8249,0.08169995183222795,0.48327377116409864
4304,0.4438,8,12,8,596802,8808,99715,8241,0.08158879543517729,0.48337145873658277
4305,0.4439,3,8,3,596810,8800,99718,8238,0.08151469117047686,0.4835074539265172
4306,0.444,6,2,6,596812,8798,99724,8232,0.08149616510430176,0.48338226658837347
4307,0.4441,4,17,4,596829,8781,99728,8228,0.08133869354181333,0.4837439002880828
4308,0.4442,6,6,6,596835,8775,99734,8222,0.08128311534328801,0.48373242336882977
4309,0.4443,10,12,10,596847,8763,99744,8212,0.08117195894623735,0.4837702503681885
4310,0.4444,3,5,3,596852,8758,99747,8209,0.08112564378079959,0.4838215359226734
4311,0.4445,17,9,17,596861,8749,99764,8192,0.0810422764830116,0.4835605926450623
4312,0.4446,9,8,9,596869,8741,99773,8183,0.08096817221831117,0.48351453557078705
4313,0.4447,9,15,9,596884,8726,99782,8174,0.08082922672199785,0.4836686390532544
4314,0.4448,6,12,6,596896,8714,99788,8168,0.0807180703249472,0.4838289302215377
4315,0.4449,4,11,4,596907,8703,99792,8164,0.08061617696098411,0.4840220549001008
4316,0.445,11,10,11,596917,8693,99803,8153,0.08052354663010856,0.48397245636946457
4317,0.4451,8,10,8,596927,8683,99811,8145,0.08043091629923302,0.48401473734252437
4318,0.4452,12,9,12,596936,8674,99823,8133,0.08034754900144503,0.48390551555899325
4319,0.4453,9,14,9,596950,8660,99832,8124,0.08021786653821927,0.4840324118207817
4320,0.4454,6,4,6,596954,8656,99838,8118,0.08018081440586906,0.48396327649934423
4321,0.4455,5,9,5,596963,8647,99843,8113,0.08009744710808107,0.4840692124105012
4322,0.4456,2,9,2,596972,8638,99845,8111,0.08001407981029308,0.4842677174756702
4323,0.4457,5,6,5,596978,8632,99850,8106,0.07995850161176776,0.48428725056757077
4324,0.4458,9,8,9,596986,8624,99859,8097,0.07988439734706733,0.48424137312361704
4325,0.4459,7,9,7,596995,8615,99866,8090,0.07980103004927934,0.4842861418736905
4326,0.446,6,6,6,597001,8609,99872,8084,0.07974545185075402,0.4842748457437249
4327,0.4461,7,13,7,597014,8596,99879,8077,0.0796250324206158,0.484435914352546
4328,0.4462,9,10,9,597024,8586,99888,8068,0.07953240208974026,0.48444818061726913
4329,0.4463,8,5,8,597029,8581,99896,8060,0.0794860869243025,0.48434589267471906
4330,0.4464,9,15,9,597044,8566,99905,8051,0.07934714142798918,0.48450382138773546
4331,0.4465,4,12,4,597056,8554,99909,8047,0.07923598503093852,0.48472983555207516
4332,0.4466,13,5,13,597061,8549,99922,8034,0.07918966986550076,0.484472049689441
4333,0.4467,7,12,7,597073,8537,99929,8027,0.07907851346845012,0.48460516783385654
4334,0.4468,4,14,4,597087,8523,99933,8023,0.07894883100522435,0.484890608001934
4335,0.4469,4,13,4,597100,8510,99937,8019,0.07882841157508615,0.48514731683707424
4336,0.447,10,13,10,597113,8497,99947,8009,0.07870799214494795,0.48521749666787833
4337,0.4471,10,9,10,597122,8488,99957,7999,0.07862462484715996,0.48517013404500514
4338,0.4472,9,10,9,597132,8478,99966,7990,0.07853199451628441,0.48518338596065097
4339,0.4473,9,9,9,597141,8469,99975,7981,0.07844862721849642,0.48516717325227965
4340,0.4474,4,14,4,597155,8455,99979,7977,0.07831894475527067,0.48545520934761444
4341,0.4475,9,11,9,597166,8444,99988,7968,0.07821705139130757,0.485498415793322
4342,0.4476,6,13,6,597179,8431,99994,7962,0.07809663196116937,0.48569511376807173
4343,0.4477,6,9,6,597188,8422,100000,7956,0.07801326466338138,0.48577359873000364
4344,0.4478,10,6,10,597194,8416,100010,7946,0.07795768646485605,0.4856374526341523
4345,0.4479,3,7,3,597201,8409,100013,7943,0.07789284523324318,0.48575097847358123
4346,0.448,5,9,5,597210,8400,100018,7938,0.07780947793545519,0.48586118251928023
4347,0.4481,5,3,5,597213,8397,100023,7933,0.07778168883619252,0.485793018983466
4348,0.4482,11,13,11,597226,8384,100034,7922,0.07766126940605432,0.4858334355451981
4349,0.4483,5,9,5,597235,8375,100039,7917,0.07757790210826633,0.48594402160569605
4350,0.4484,8,8,8,597243,8367,100047,7909,0.0775037978435659,0.4859302039813222
4351,0.4485,8,6,8,597249,8361,100055,7901,0.07744821964504058,0.4858565982044029
4352,0.4486,4,9,4,597258,8352,100059,7897,0.07736485234725259,0.48599913840851744
4353,0.4487,11,8,11,597266,8344,100070,7886,0.07729074808255215,0.4858903265557609
4354,0.4488,12,7,12,597273,8337,100082,7874,0.07722590685093927,0.4857195731293566
4355,0.4489,8,12,8,597285,8325,100090,7866,0.07711475045388862,0.4858254585881045
4356,0.449,6,16,6,597301,8309,100096,7860,0.07696654192448775,0.4861154060238728
4357,0.4491,5,12,5,597313,8297,100101,7855,0.0768553855274371,0.48631748390292223
4358,0.4492,2,12,2,597325,8285,100103,7853,0.07674422913038645,0.48661544181435124
4359,0.4493,1,2,1,597327,8283,100104,7852,0.07672570306421135,0.4866439417415556
4360,0.4494,8,8,8,597335,8275,100112,7844,0.07665159879951092,0.48663068428562567
4361,0.4495,10,11,10,597346,8264,100122,7834,0.07654970543554782,0.4866443036402038
4362,0.4496,7,2,7,597348,8262,100129,7827,0.0765311793693727,0.4864814469513332
4363,0.4497,7,9,7,597357,8253,100136,7820,0.07644781207158471,0.4865302059354196
4364,0.4498,6,9,6,597366,8244,100142,7814,0.07636444477379674,0.4866110349981318
4365,0.4499,10,7,10,597373,8237,100152,7804,0.07629960354218385,0.48650333520354094
4366,0.45,7,9,7,597382,8228,100159,7797,0.07621623624439587,0.48655226209048363
4367,0.4501,7,6,7,597388,8222,100166,7790,0.07616065804587054,0.48651011741194106
4368,0.4502,12,11,12,597399,8211,100178,7778,0.07605876468190745,0.4864594408655951
4369,0.4503,3,9,3,597408,8202,100181,7775,0.07597539738411946,0.4866370407460725
4370,0.4504,7,9,7,597417,8193,100188,7768,0.07589203008633147,0.48668629785101186
4371,0.4505,5,6,5,597423,8187,100193,7763,0.07583645188780615,0.48670846394984324
4372,0.4506,10,8,10,597431,8179,100203,7753,0.07576234762310571,0.48663068039166457
4373,0.4507,4,4,4,597435,8175,100207,7749,0.07572529549075549,0.48662396382818385
4374,0.4508,4,10,4,597445,8165,100211,7745,0.07563266515987994,0.4868007542426147
4375,0.4509,6,5,6,597450,8160,100217,7739,0.07558634999444218,0.48676017359582363
4376,0.451,7,9,7,597459,8151,100224,7732,0.07550298269665419,0.48680979663791474
4377,0.4511,4,9,4,597468,8142,100228,7728,0.0754196153988662,0.48695652173913045
4378,0.4512,12,9,12,597477,8133,100240,7716,0.07533624810107822,0.4868445958735567
4379,0.4513,10,8,10,597485,8125,100250,7706,0.07526214383637779,0.4867664708483355
4380,0.4514,4,12,4,597497,8113,100254,7702,0.07515098743932713,0.48700600695542207
4381,0.4515,9,6,9,597503,8107,100263,7693,0.07509540924080181,0.4868987341772152
4382,0.4516,10,9,10,597512,8098,100273,7683,0.07501204194301382,0.48685127685191054
4383,0.4517,2,12,2,597524,8086,100275,7681,0.07490088554596316,0.48715671973108393
4384,0.4518,9,11,9,597535,8075,100284,7672,0.07479899218200008,0.4872039118562266
4385,0.4519,7,4,7,597539,8071,100291,7665,0.07476194004964985,0.4870996441281139
4386,0.452,7,9,7,597548,8062,100298,7658,0.07467857275186186,0.4871501272264631
4387,0.4521,6,10,6,597558,8052,100304,7652,0.07458594242098633,0.48726439123790116
4388,0.4522,10,7,10,597565,8045,100314,7642,0.07452110118937345,0.4871549690826799
4389,0.4523,3,11,3,597576,8034,100317,7639,0.07441920782541035,0.4873987111593186
4390,0.4524,7,10,7,597586,8024,100324,7632,0.0743265774945348,0.4874808380173735
4391,0.4525,6,8,6,597594,8016,100330,7626,0.07425247322983437,0.4875335634829306
4392,0.4526,9,8,9,597602,8008,100339,7617,0.07417836896513394,0.487488
4393,0.4527,11,9,11,597611,7999,100350,7606,0.07409500166734595,0.48740788208907404
4394,0.4528,5,13,5,597624,7986,100355,7601,0.07397458223720775,0.4876499647141849
4395,0.4529,8,6,8,597630,7980,100363,7593,0.07391900403868243,0.48757464842997494
4396,0.453,9,11,9,597641,7969,100372,7584,0.07381711067471933,0.48762296663023214
4397,0.4531,4,10,4,597651,7959,100376,7580,0.07372448034384378,0.4878048780487805
4398,0.4532,10,14,10,597665,7945,100386,7570,0.07359479788061803,0.4879149210441508
4399,0.4533,5,7,5,597672,7938,100391,7565,0.07352995664900515,0.48797007030897244
4400,0.4534,5,11,5,597683,7927,100396,7560,0.07342806328504205,0.48815135274746563
4401,0.4535,7,7,7,597690,7920,100403,7553,0.07336322205342917,0.48814063206876496
4402,0.4536,6,7,6,597697,7913,100409,7547,0.07329838082181629,0.4881630012936611
4403,0.4537,6,8,6,597705,7905,100415,7541,0.07322427655711586,0.4882170141136864
4404,0.4538,9,8,9,597713,7897,100424,7532,0.07315017229241542,0.48817162486227234
4405,0.4539,10,8,10,597721,7889,100434,7522,0.07307606802771499,0.4880929206411005
4406,0.454,11,8,11,597729,7881,100445,7511,0.07300196376301456,0.4879807692307692
4407,0.4541,7,9,7,597738,7872,100452,7504,0.07291859646522657,0.48803329864724243
4408,0.4542,5,10,5,597748,7862,100457,7499,0.07282596613435104,0.4881843629972007
4409,0.4543,7,9,7,597757,7853,100464,7492,0.07274259883656305,0.488237210817856
4410,0.4544,6,2,6,597759,7851,100470,7486,0.07272407277038793,0.4881006715785356
4411,0.4545,7,10,7,597769,7841,100477,7479,0.07263144243951239,0.4881853785900783
4412,0.4546,4,8,4,597777,7833,100481,7475,0.07255733817481196,0.4883067677031617
4413,0.4547,12,16,12,597793,7817,100493,7463,0.07240912964541109,0.4884162303664921
4414,0.4548,12,8,12,597801,7809,100505,7451,0.07233502538071065,0.4882699868938401
4415,0.4549,6,8,6,597809,7801,100511,7445,0.07226092111601022,0.4883248065066247
4416,0.455,5,14,5,597823,7787,100516,7440,0.07213123865278447,0.4886057660734222
4417,0.4551,10,9,10,597832,7778,100526,7430,0.07204787135499648,0.4885586533403472
4418,0.4552,8,6,8,597838,7772,100534,7422,0.07199229315647115,0.488482295643017
4419,0.4553,8,7,8,597845,7765,100542,7414,0.07192745192485828,0.4884379735160419
4420,0.4554,7,8,7,597853,7757,100549,7407,0.07185334766015784,0.48845950936428384
4421,0.4555,8,12,8,597865,7745,100557,7399,0.07174219126310719,0.4885763338615953
4422,0.4556,4,9,4,597874,7736,100561,7395,0.07165882396531921,0.48873174277972375
4423,0.4557,6,8,6,597882,7728,100567,7389,0.07158471970061878,0.4887874578289343
4424,0.4558,10,12,10,597894,7716,100577,7379,0.07147356330356812,0.4888373633653528
4425,0.4559,9,4,9,597898,7712,100586,7370,0.07143651117121791,0.48866198116960613
4426,0.456,6,11,6,597909,7701,100592,7364,0.07133461780725481,0.48881513441752406
4427,0.4561,8,9,8,597918,7692,100600,7356,0.07125125050946682,0.48883572567783096
4428,0.4562,9,10,9,597928,7682,100609,7347,0.07115862017859127,0.4888548805642425
4429,0.4563,4,7,4,597935,7675,100613,7343,0.0710937789469784,0.4889465974164336
4430,0.4564,8,10,8,597945,7665,100621,7335,0.07100114861610286,0.489
4431,0.4565,10,9,10,597954,7656,100631,7325,0.07091778131831487,0.4889526733862893
4432,0.4566,6,8,6,597962,7648,100637,7319,0.07084367705361444,0.48900915347096946
4433,0.4567,9,9,9,597971,7639,100646,7310,0.07076030975582645,0.4889959194594956
4434,0.4568,9,3,9,597974,7636,100655,7301,0.07073252065656378,0.4887862355225279
4435,0.4569,4,10,4,597984,7626,100659,7297,0.07063989032568824,0.48897674730282115
4436,0.457,4,9,4,597993,7617,100663,7293,0.07055652302790026,0.4891348088531187
4437,0.4571,6,10,6,598003,7607,100669,7287,0.07046389269702472,0.4892574190949376
4438,0.4572,7,14,7,598017,7593,100676,7280,0.07033421023379896,0.489477576817051
4439,0.4573,9,6,9,598023,7587,100685,7271,0.07027863203527362,0.48936599811549336
4440,0.4574,5,11,5,598034,7576,100690,7266,0.07017673867131054,0.4895566635224363
4441,0.4575,6,6,6,598040,7570,100696,7260,0.07012116047278522,0.48954821308159135
4442,0.4576,4,4,4,598044,7566,100700,7256,0.07008410834043499,0.4895425718526515
4443,0.4577,6,10,6,598054,7556,100706,7250,0.06999147800955945,0.48966635147913007
4444,0.4578,8,10,8,598064,7546,100714,7242,0.06989884767868391,0.48972139572626455
4445,0.4579,10,8,10,598072,7538,100724,7232,0.06982474341398348,0.4896411645226811
4446,0.458,7,12,7,598084,7526,100731,7225,0.06971358701693282,0.48979730187783876
4447,0.4581,7,7,7,598091,7519,100738,7218,0.06964874578531995,0.4897876094184705
4448,0.4582,7,8,7,598099,7511,100745,7211,0.06957464152061951,0.48981116696101074
4449,0.4583,11,16,11,598115,7495,100756,7200,0.06942643299121865,0.4899625723035046
4450,0.4584,6,3,6,598118,7492,100762,7194,0.06939864389195598,0.4898542829906033
4451,0.4585,5,8,5,598126,7484,100767,7189,0.06932453962725554,0.48994752266066927
4452,0.4586,5,7,5,598133,7477,100772,7184,0.06925969839564267,0.49000750289884726
4453,0.4587,6,8,6,598141,7469,100778,7178,0.06918559413094223,0.4900662251655629
4454,0.4588,6,11,6,598152,7458,100784,7172,0.06908370076697914,0.49022556390977445
4455,0.4589,4,9,4,598161,7449,100788,7168,0.06900033346919116,0.4903879044947664
4456,0.459,8,9,8,598170,7440,100796,7160,0.06891696617140317,0.4904109589041096
4457,0.4591,6,10,6,598180,7430,100802,7154,0.06882433584052762,0.49053757542512344
4458,0.4592,9,7,9,598187,7423,100811,7145,0.06875949460891474,0.49045853926414057
4459,0.4593,8,9,8,598196,7414,100819,7137,0.06867612731112675,0.4904817538313518
4460,0.4594,17,15,17,598211,7399,100836,7120,0.06853718181481344,0.49039190026861357
4461,0.4595,9,6,9,598217,7393,100845,7111,0.06848160361628812,0.49027854384997244
4462,0.4596,11,2,11,598219,7391,100856,7100,0.06846307755011301,0.4899592850734939
4463,0.4597,6,8,6,598227,7383,100862,7094,0.06838897328541257,0.4900186502728466
4464,0.4598,6,7,6,598234,7376,100868,7088,0.0683241320537997,0.49004424778761063
4465,0.4599,9,10,9,598244,7366,100877,7079,0.06823150172292415,0.4900657667012807
4466,0.46,5,8,5,598252,7358,100882,7074,0.06815739745822372,0.4901607538802661
4467,0.4601,6,12,6,598264,7346,100888,7068,0.06804624106117307,0.4903565977521854
4468,0.4602,5,5,5,598269,7341,100893,7063,0.0679999258957353,0.49034990280477647
4469,0.4603,7,5,7,598274,7336,100900,7056,0.06795361073029753,0.490272373540856
4470,0.4604,7,11,7,598285,7325,100907,7049,0.06785171736633443,0.49039933212745235
4471,0.4605,5,7,5,598292,7318,100912,7044,0.06778687613472155,0.4904609385879404
4472,0.4606,4,10,4,598302,7308,100916,7040,0.06769424580384602,0.49066071926400895
4473,0.4607,12,12,12,598314,7296,100928,7028,0.06758308940679536,0.49064507120915946
4474,0.4608,9,8,9,598322,7288,100937,7019,0.06750898514209493,0.4905990074788565
4475,0.4609,4,6,4,598328,7282,100941,7015,0.0674534069435696,0.4906623767223893
4476,0.461,4,14,4,598342,7268,100945,7011,0.06732372448034385,0.4910007703620702
4477,0.4611,5,6,5,598348,7262,100950,7006,0.06726814628181851,0.49102887580599947
4478,0.4612,3,5,3,598353,7257,100953,7003,0.06722183111638075,0.49109396914446
4479,0.4613,4,13,4,598366,7244,100957,6999,0.06710141168624255,0.4913992838587376
4480,0.4614,5,8,5,598374,7236,100962,6994,0.06702730742154211,0.4914968376669009
4481,0.4615,5,9,5,598383,7227,100967,6989,0.06694394012375413,0.4916291502532358
4482,0.4616,8,10,8,598393,7217,100975,6981,0.06685130979287858,0.49168897027750386
4483,0.4617,8,9,8,598402,7208,100983,6973,0.06676794249509059,0.4917142655666032
4484,0.4618,7,6,7,598408,7202,100990,6966,0.06671236429656527,0.4916713721061547
4485,0.4619,8,8,8,598416,7194,100998,6958,0.06663826003186483,0.4916619559072923
4486,0.462,3,7,3,598423,7187,101001,6955,0.06657341880025196,0.4917974826757177
4487,0.4621,6,12,6,598435,7175,101007,6949,0.0664622624032013,0.4919994335882186
4488,0.4622,8,6,8,598441,7169,101015,6941,0.06640668420467598,0.4919206236711552
4489,0.4623,7,2,7,598443,7167,101022,6934,0.06638815813850087,0.49173817459754626
4490,0.4624,10,7,10,598450,7160,101032,6924,0.06632331690688799,0.4916216983811417
4491,0.4625,6,11,6,598461,7149,101038,6918,0.0662214235429249,0.49178929409255706
4492,0.4626,5,6,5,598467,7143,101043,6913,0.06616584534439957,0.4918184405236198
4493,0.4627,9,5,9,598472,7138,101052,6904,0.0661195301789618,0.4916678535821108
4494,0.4628,9,4,9,598476,7134,101061,6895,0.06608247804661158,0.4914819302872621
4495,0.4629,3,5,3,598481,7129,101064,6892,0.06603616288117381,0.49154839169816705
4496,0.463,3,8,3,598489,7121,101067,6889,0.06596205861647338,0.4917201998572448
4497,0.4631,8,8,8,598497,7113,101075,6881,0.06588795435177294,0.49171073317135916
4498,0.4632,6,7,6,598504,7106,101081,6875,0.06582311312016006,0.4917387883556255
4499,0.4633,6,6,6,598510,7100,101087,6869,0.06576753492163474,0.49173169160283486
4500,0.4634,9,10,9,598520,7090,101096,6860,0.0656749045907592,0.4917562724014337
4501,0.4635,6,5,6,598525,7085,101102,6854,0.06562858942532143,0.4917138962622857
4502,0.4636,9,18,9,598543,7067,101111,6845,0.06546185482974545,0.4920212765957447
4503,0.4637,5,8,5,598551,7059,101116,6840,0.06538775056504502,0.4921217353766458
4504,0.4638,3,5,3,598556,7054,101119,6837,0.06534143539960725,0.492189187243539
4505,0.4639,5,9,5,598565,7045,101124,6832,0.06525806810181926,0.4923254305685667
4506,0.464,6,9,6,598574,7036,101130,6826,0.06517470080403127,0.4924253354494301
4507,0.4641,11,8,11,598582,7028,101141,6815,0.06510059653933084,0.4923065809434371
4508,0.4642,7,18,7,598600,7010,101148,6808,0.06493386194375486,0.49269069329859605
4509,0.4643,6,12,6,598612,6998,101154,6802,0.06482270554670422,0.4928985507246377
4510,0.4644,3,4,3,598616,6994,101157,6799,0.064785653414354,0.49293119698397736
4511,0.4645,7,7,7,598623,6987,101164,6792,0.06472081218274112,0.49292401480513826
4512,0.4646,5,9,5,598632,6978,101169,6787,0.06463744488495313,0.4930621140573919
4513,0.4647,8,9,8,598641,6969,101177,6779,0.06455407758716514,0.4930899039860343
4514,0.4648,7,11,7,598652,6958,101184,6772,0.06445218422320205,0.49322651128914785
4515,0.4649,6,6,6,598658,6952,101190,6766,0.06439660602467671,0.49322058609126695
4516,0.465,5,12,5,598670,6940,101195,6761,0.06428544962762607,0.4934676300999927
4517,0.4651,6,9,6,598679,6931,101201,6755,0.06420208232983808,0.49357007160602073
4518,0.4652,3,6,3,598685,6925,101204,6752,0.06414650413131276,0.4936755136360313
4519,0.4653,8,12,8,598697,6913,101212,6744,0.0640353477342621,0.49381269678553125
4520,0.4654,7,9,7,598706,6904,101219,6737,0.06395198043647411,0.49387874789238323
4521,0.4655,9,10,9,598716,6894,101228,6728,0.06385935010559858,0.49390691528409925
4522,0.4656,5,13,5,598729,6881,101233,6723,0.06373893067546037,0.49419288444575127
4523,0.4657,3,6,3,598735,6875,101236,6720,0.06368335247693505,0.4942993747701361
4524,0.4658,9,11,9,598746,6864,101245,6711,0.06358145911297196,0.4943646408839779
4525,0.4659,6,14,6,598760,6850,101251,6705,0.06345177664974619,0.49465142014016966
4526,0.466,4,8,4,598768,6842,101255,6701,0.06337767238504576,0.49479435870929633
4527,0.4661,7,6,7,598774,6836,101262,6694,0.06332209418652043,0.49475240206947524
4528,0.4662,4,10,4,598784,6826,101266,6690,0.06322946385564489,0.49496892571766793
4529,0.4663,7,7,7,598791,6819,101273,6683,0.06316462262403201,0.49496370908013626
4530,0.4664,5,9,5,598800,6810,101278,6678,0.06308125532624402,0.4951067615658363
4531,0.4665,7,9,7,598809,6801,101285,6671,0.06299788802845603,0.4951751781472684
4532,0.4666,6,18,6,598827,6783,101291,6665,0.06283115343288007,0.49561273051754906
4533,0.4667,5,9,5,598836,6774,101296,6660,0.06274778613509208,0.49575703439035285
4534,0.4668,7,16,7,598852,6758,101303,6653,0.06259957760569121,0.4960853031093878
4535,0.4669,5,9,5,598861,6749,101308,6648,0.06251621030790322,0.4962304993655296
4536,0.467,6,11,6,598872,6738,101314,6642,0.062414316943940125,0.4964125560538117
4537,0.4671,9,11,9,598883,6727,101323,6633,0.06231242357997703,0.4964820359281437
4538,0.4672,8,8,8,598891,6719,101331,6625,0.0622383193152766,0.49647781774580335
4539,0.4673,8,7,8,598898,6712,101339,6617,0.06217347808366371,0.4964363418110886
4540,0.4674,5,6,5,598904,6706,101344,6612,0.06211789988513839,0.49647094158282024
4541,0.4675,1,10,1,598914,6696,101345,6611,0.062025269554262845,0.49680619222965355
4542,0.4676,5,5,5,598919,6691,101350,6606,0.06197895438882508,0.4968037903286456
4543,0.4677,4,9,4,598928,6682,101354,6602,0.06189558709103709,0.49698885877747667
4544,0.4678,6,8,6,598936,6674,101360,6596,0.061821482826336656,0.4970610399397136
4545,0.4679,6,7,6,598943,6667,101366,6590,0.06175664159472378,0.4970958738779513
4546,0.468,9,8,9,598951,6659,101375,6581,0.061682537330023345,0.4970543806646526
4547,0.4681,11,9,11,598960,6650,101386,6570,0.061599170032235355,0.4969742813918306
4548,0.4682,4,6,4,598966,6644,101390,6566,0.06154359183371003,0.49704769114307346
4549,0.4683,8,2,8,598968,6642,101398,6558,0.06152506576753492,0.4968181818181818
4550,0.4684,7,9,7,598977,6633,101405,6551,0.06144169846974693,0.4968901699029126
4551,0.4685,7,5,7,598982,6628,101412,6544,0.061395383304309166,0.4968114181597328
4552,0.4686,4,7,4,598989,6621,101416,6540,0.06133054207269628,0.49692272623660816
4553,0.4687,3,5,3,598994,6616,101419,6537,0.061284226907258516,0.49699688284041665
4554,0.4688,5,9,5,599003,6607,101424,6532,0.061200859609470526,0.49714590151457494
4555,0.4689,9,10,9,599013,6597,101433,6523,0.06110822927859498,0.4971798780487805
4556,0.469,3,8,3,599021,6589,101436,6520,0.06103412501389455,0.49736822030665956
4557,0.4691,5,13,5,599034,6576,101441,6515,0.06091370558375635,0.4976701550683676
4558,0.4692,5,9,5,599043,6567,101446,6510,0.06083033828596836,0.4978206010552879
4559,0.4693,4,6,4,599049,6561,101450,6506,0.06077476008744303,0.497895461850463
4560,0.4694,3,4,3,599053,6557,101453,6503,0.06073770795509281,0.49793261868300154
4561,0.4695,8,9,8,599062,6548,101461,6495,0.06065434065730483,0.4979682588361573
4562,0.4696,9,8,9,599070,6540,101470,6486,0.060580236392604396,0.49792722247812066
4563,0.4697,10,2,10,599072,6538,101480,6476,0.060561710326429284,0.4976179499001076
4564,0.4698,3,7,3,599079,6531,101483,6473,0.060496869094816406,0.4977699169486312
4565,0.4699,8,4,8,599083,6527,101491,6465,0.06045981696246619,0.49761391625615764
4566,0.47,5,17,5,599100,6510,101496,6460,0.060302345399977766,0.49807247494217427
4567,0.4701,8,6,8,599106,6504,101504,6452,0.060246767201452445,0.4979932077801791
4568,0.4702,7,5,7,599111,6499,101511,6445,0.06020045203601467,0.4979140914709518
4569,0.4703,11,6,11,599117,6493,101522,6434,0.06014487383748935,0.49771795466852325
4570,0.4704,7,7,7,599124,6486,101529,6427,0.060080032605876466,0.49771548052350345
4571,0.4705,7,6,7,599130,6480,101536,6420,0.060024454407351144,0.49767441860465117
4572,0.4706,7,6,7,599136,6474,101543,6413,0.059968876208825815,0.4976332738418561
4573,0.4707,5,8,5,599144,6466,101548,6408,0.05989477194412538,0.4977473978561442
4574,0.4708,4,8,4,599152,6458,101552,6404,0.05982066767942495,0.4979007930337428
4575,0.4709,6,5,6,599157,6453,101558,6398,0.05977435251398718,0.49786008870904985
4576,0.471,7,12,7,599169,6441,101565,6391,0.05966319611693653,0.4980517456359102
4577,0.4711,5,8,5,599177,6433,101570,6386,0.0595890918522361,0.4981667836804743
4578,0.4712,10,10,10,599187,6423,101580,6376,0.05949646152136055,0.49816391905617624
4579,0.4713,11,9,11,599196,6414,101591,6365,0.05941309422357257,0.4980827920807575
4580,0.4714,6,3,6,599199,6411,101597,6359,0.0593853051243099,0.49796397807361004
4581,0.4715,7,5,7,599204,6406,101604,6352,0.059338989958872136,0.49788368082771595
4582,0.4716,7,6,7,599210,6400,101611,6345,0.05928341176034681,0.49784229109454686
4583,0.4717,6,9,6,599219,6391,101617,6339,0.05920004446255882,0.49795758051846034
4584,0.4718,7,9,7,599228,6382,101624,6332,0.059116677164770835,0.49803366367783547
4585,0.4719,11,8,11,599236,6374,101635,6321,0.0590425729000704,0.4979125640015754
4586,0.472,2,4,2,599240,6370,101637,6319,0.059005520767720185,0.4979903853731579
4587,0.4721,4,7,4,599247,6363,101641,6315,0.0589406795361073,0.49810695693327023
4588,0.4722,8,11,8,599258,6352,101649,6307,0.058838786172144206,0.49822260842088634
4589,0.4723,8,11,8,599269,6341,101657,6299,0.05873689280818111,0.4983386075949367
4590,0.4724,17,5,17,599274,6336,101674,6282,0.05869057764274334,0.4978601997146933
4591,0.4725,12,9,12,599283,6327,101686,6270,0.05860721034495535,0.497737556561086
4592,0.4726,5,9,5,599292,6318,101691,6265,0.058523843047167366,0.4978939839465946
4593,0.4727,8,13,8,599305,6305,101699,6257,0.05840342361702916,0.49808947619805766
4594,0.4728,5,5,5,599310,6300,101704,6252,0.05835710845159139,0.4980879541108987
4595,0.4729,5,6,5,599316,6294,101709,6247,0.058301530253066065,0.4981261462403317
4596,0.473,7,10,7,599326,6284,101716,6240,0.05820889992219052,0.4982433727243692
4597,0.4731,10,9,10,599335,6275,101726,6230,0.05812553262440254,0.49820071971211516
4598,0.4732,4,4,4,599339,6271,101730,6226,0.05808848049205232,0.4981995678962951
4599,0.4733,6,14,6,599353,6257,101736,6220,0.05795879802882656,0.4985172717800753
4600,0.4734,11,10,11,599363,6247,101747,6209,0.05786616769795102,0.4984746307000642
4601,0.4735,5,7,5,599370,6240,101752,6204,0.057801326466338135,0.49855351976856316
4602,0.4736,7,12,7,599382,6228,101759,6197,0.057690170069287484,0.49875251509054325
4603,0.4737,7,9,7,599391,6219,101766,6190,0.0576068027714995,0.49883149327101295
4604,0.4738,4,8,4,599399,6211,101770,6186,0.05753269850679907,0.4989916915382754
4605,0.4739,5,6,5,599405,6205,101775,6181,0.05747712030827374,0.4990311642176651
4606,0.474,6,7,6,599412,6198,101781,6175,0.05741227907666086,0.499070556857674
4607,0.4741,5,12,5,599424,6186,101786,6170,0.05730112267961021,0.49935254127549367
4608,0.4742,7,7,7,599431,6179,101793,6163,0.057236281447997334,0.49935180683843783
4609,0.4743,6,5,6,599436,6174,101799,6157,0.05718996628255956,0.4993106803989944
4610,0.4744,8,10,8,599446,6164,101807,6149,0.05709733595168402,0.49939088767968814
4611,0.4745,11,10,11,599456,6154,101818,6138,0.05700470562080848,0.4993491701919948
4612,0.4746,13,8,13,599464,6146,101831,6125,0.05693060135610804,0.49914432401597264
4613,0.4747,5,6,5,599470,6140,101836,6120,0.05687502315758272,0.499184339314845
4614,0.4748,3,5,3,599475,6135,101839,6117,0.05682870799214495,0.4992654260528893
4615,0.4749,10,14,10,599489,6121,101849,6107,0.056699025528919186,0.4994275433431469
4616,0.475,5,13,5,599502,6108,101854,6102,0.05657860609878099,0.49975429975429975
4617,0.4751,6,9,6,599511,6099,101860,6096,0.056495238800993,0.4998769987699877
4618,0.4752,5,9,5,599520,6090,101865,6091,0.05641187150320501,0.5000410475330432
4619,0.4753,9,9,9,599529,6081,101874,6082,0.056328504205417025,0.5000411082792074
4620,0.4754,8,3,8,599532,6078,101882,6074,0.05630071510615436,0.499835418038183
4621,0.4755,7,4,7,599536,6074,101889,6067,0.05626366297380414,0.4997117206160942
4622,0.4756,4,5,4,599541,6069,101893,6063,0.056217347808366375,0.4997527200791296
4623,0.4757,7,5,7,599546,6064,101900,6056,0.0561710326429286,0.4996699669966997
4624,0.4758,7,13,7,599559,6051,101907,6049,0.056050613212790396,0.49991735537190085
4625,0.4759,6,6,6,599565,6045,101913,6043,0.055995035014265074,0.4999172733289212
4626,0.476,7,6,7,599571,6039,101920,6036,0.055939456815739745,0.4998757763975155
4627,0.4761,7,9,7,599580,6030,101927,6029,0.055856089517951756,0.4999585371921387
4628,0.4762,7,7,7,599587,6023,101934,6022,0.05579124828633888,0.4999584889995849
4629,0.4763,3,7,3,599594,6016,101937,6019,0.055726407054726,0.5001246364769423
4630,0.4764,4,10,4,599604,6006,101941,6015,0.055633776723850455,0.5003743448964313
4631,0.4765,8,7,8,599611,5999,101949,6007,0.05556893549223758,0.5003331667499583
4632,0.4766,5,9,5,599620,5990,101954,6002,0.05548556819444959,0.5005003335557038
4633,0.4767,9,4,9,599624,5986,101963,5993,0.05544851606209937,0.5002921779781284
4634,0.4768,8,5,8,599629,5981,101971,5985,0.055402200896661605,0.5001671402306536
4635,0.4769,7,8,7,599637,5973,101978,5978,0.05532809663196117,0.5002091875156891
4636,0.477,5,11,5,599648,5962,101983,5973,0.05522620326799808,0.5004608294930876
4637,0.4771,8,7,8,599655,5955,101991,5965,0.05516136203638519,0.5004194630872483
4638,0.4772,10,4,10,599659,5951,102001,5955,0.055124309904034975,0.5001679825298169
4639,0.4773,6,7,6,599666,5944,102007,5949,0.0550594686724221,0.500210207685193
4640,0.4774,3,7,3,599673,5937,102010,5946,0.05499462744080922,0.500378692249432
4641,0.4775,8,1,8,599674,5936,102018,5938,0.054985364407721664,0.5000842176183258
4642,0.4776,8,6,8,599680,5930,102026,5930,0.05492978620919634,0.5
4643,0.4777,7,7,7,599687,5923,102033,5923,0.05486494497758346,0.5
4644,0.4778,5,6,5,599693,5917,102038,5918,0.054809366779058136,0.5000422475707647
4645,0.4779,5,9,5,599702,5908,102043,5913,0.054725999481270146,0.5002114880297776
4646,0.478,8,6,8,599708,5902,102051,5905,0.054670421282744824,0.5001270432794105
4647,0.4781,3,9,3,599717,5893,102054,5902,0.054587053984956835,0.5003815175922001
4648,0.4782,6,6,6,599723,5887,102060,5896,0.054531475786431506,0.5003819061359586
4649,0.4783,14,8,14,599731,5879,102074,5882,0.05445737152173107,0.5001275401751551
4650,0.4784,3,9,3,599740,5870,102077,5879,0.05437400422394309,0.5003830113201123
4651,0.4785,8,7,8,599747,5863,102085,5871,0.054309162992330205,0.5003408897221748
4652,0.4786,6,12,6,599759,5851,102091,5865,0.05419800659527956,0.5005974735404575
4653,0.4787,8,9,8,599768,5842,102099,5857,0.05411463929749157,0.5006410804342252
4654,0.4788,6,3,6,599771,5839,102105,5851,0.05408685019822891,0.500513259195894
4655,0.4789,7,7,7,599778,5832,102112,5844,0.05402200896661603,0.5005138746145941
4656,0.479,3,8,3,599786,5824,102115,5841,0.05394790470191559,0.500728675525075
4657,0.4791,6,6,6,599792,5818,102121,5835,0.05389232650339027,0.5007294258989101
4658,0.4792,7,9,7,599801,5809,102128,5828,0.05380895920560228,0.5008163616052247
4659,0.4793,6,4,6,599805,5805,102134,5822,0.053771907073252065,0.5007310570224478
4660,0.4794,6,5,6,599810,5800,102140,5816,0.05372559190781429,0.5006887052341598
4661,0.4795,8,7,8,599817,5793,102148,5808,0.053660750676201414,0.5006464959917248
4662,0.4796,10,10,10,599827,5783,102158,5798,0.053568120345325876,0.5006476124686987
4663,0.4797,4,3,4,599830,5780,102162,5794,0.05354033124606321,0.5006048038707448
4664,0.4798,4,8,4,599838,5772,102166,5790,0.053466226981362774,0.5007784120394395
4665,0.4799,2,9,2,599847,5763,102168,5788,0.05338285968357479,0.5010821573889707
4666,0.48,4,5,4,599852,5758,102172,5784,0.05333654451813702,0.5011263212614798
4667,0.4801,12,6,12,599858,5752,102184,5772,0.05328096631961169,0.5008677542519958
4668,0.4802,6,4,6,599862,5748,102190,5766,0.053243914187261474,0.5007816571130798
4669,0.4803,5,8,5,599870,5740,102195,5761,0.05316980992256105,0.5009129640900791
4670,0.4804,9,6,9,599876,5734,102204,5752,0.05311423172403572,0.5007835625979453
4671,0.4805,5,4,5,599880,5730,102209,5747,0.0530771795916855,0.5007406116580988
4672,0.4806,5,4,5,599884,5726,102214,5742,0.053040127459335284,0.5006975933031043
4673,0.4807,6,14,6,599898,5712,102220,5736,0.05291044499610953,0.5010482180293501
4674,0.4808,8,8,8,599906,5704,102228,5728,0.052836340731409095,0.5010496850944717
4675,0.4809,10,7,10,599913,5697,102238,5718,0.05277149949979621,0.5009198423127463
4676,0.481,3,5,3,599918,5692,102241,5715,0.052725184334358445,0.5010081528885771
4677,0.4811,3,4,3,599922,5688,102244,5712,0.05268813220200823,0.5010526315789474
4678,0.4812,5,9,5,599931,5679,102249,5707,0.05260476490422024,0.5012295801861936
4679,0.4813,6,8,6,599939,5671,102255,5701,0.052530660639519805,0.5013190291945129
4680,0.4814,8,6,8,599945,5665,102263,5693,0.052475082440994476,0.5012326113752421
4681,0.4815,12,2,12,599947,5663,102275,5681,0.05245655637481937,0.500793370944993
4682,0.4816,9,8,9,599955,5655,102284,5672,0.05238245211011894,0.5007504193519908
4683,0.4817,5,5,5,599960,5650,102289,5667,0.052336136944681165,0.5007510824423433
4684,0.4818,6,8,6,599968,5642,102295,5661,0.05226203267998073,0.500840484827037
4685,0.4819,7,7,7,599975,5635,102302,5654,0.052197191448367854,0.5008415271503234
4686,0.482,5,4,5,599979,5631,102307,5649,0.05216013931601764,0.5007978723404255
4687,0.4821,7,6,7,599985,5625,102314,5642,0.052104561117492315,0.5007544155498358
4688,0.4822,7,21,7,600006,5604,102321,5635,0.051910037422653675,0.5013791262567844
4689,0.4823,10,7,10,600013,5597,102331,5625,0.0518451961910408,0.5012475494564249
4690,0.4824,3,4,3,600017,5593,102334,5622,0.05180814405869058,0.5012929112795363
4691,0.4825,5,2,5,600019,5591,102339,5617,0.05178961799251547,0.5011598857958601
4692,0.4826,2,5,2,600024,5586,102341,5615,0.051743302827077696,0.5012945272743505
4693,0.4827,6,5,6,600029,5581,102347,5609,0.05169698766163993,0.5012511170688114
4694,0.4828,10,9,10,600038,5572,102357,5599,0.05161362036385194,0.5012084862590637
4695,0.4829,3,7,3,600045,5565,102360,5596,0.05154877913223906,0.5013887644476301
4696,0.483,11,8,11,600053,5557,102371,5585,0.05147467486753863,0.501256506910788
4697,0.4831,5,10,5,600063,5547,102376,5580,0.051382044536663084,0.5014828794823403
4698,0.4832,7,11,7,600074,5536,102383,5573,0.05128015117269999,0.5016653164101179
4699,0.4833,5,11,5,600085,5525,102388,5568,0.051178257808736895,0.5019381591994951
4700,0.4834,6,7,6,600092,5518,102394,5562,0.05111341657712401,0.501985559566787
4701,0.4835,5,14,5,600106,5504,102399,5557,0.050983734113898255,0.502395805080915
4702,0.4836,11,8,11,600114,5496,102410,5546,0.05090962984919782,0.502264082593733
4703,0.4837,4,3,4,600117,5493,102414,5542,0.05088184074993516,0.50222020842773
4704,0.4838,7,4,7,600121,5489,102421,5535,0.05084478861758494,0.5020863570391872
4705,0.4839,8,6,8,600127,5483,102429,5527,0.050789210419059615,0.5019981834695731
4706,0.484,5,8,5,600135,5475,102434,5522,0.05071510615435918,0.5021369464399381
4707,0.4841,6,11,6,600146,5464,102440,5516,0.05061321279039609,0.502367941712204
4708,0.4842,6,3,6,600149,5461,102446,5510,0.050585423691133426,0.502233160149485
4709,0.4843,6,8,6,600157,5453,102452,5504,0.05051131942643299,0.5023272793647896
4710,0.4844,2,7,2,600164,5446,102454,5502,0.050446478194820114,0.5025575447570333
4711,0.4845,9,13,9,600177,5433,102463,5493,0.05032605876468191,0.5027457440966502
4712,0.4846,12,5,12,600182,5428,102475,5481,0.050279743599244135,0.5024291869098909
4713,0.4847,7,6,7,600188,5422,102482,5474,0.05022416540071881,0.5023861967694567
4714,0.4848,4,6,4,600194,5416,102486,5470,0.050168587202193485,0.5024802498622083
4715,0.4849,7,6,7,600200,5410,102493,5463,0.05011300900366816,0.502437229835372
4716,0.485,2,6,2,600206,5404,102495,5461,0.050057430805142834,0.5026231017027152
4717,0.4851,3,3,3,600209,5401,102498,5458,0.05002964170588017,0.5026245510636339
4718,0.4852,3,8,3,600217,5393,102501,5455,0.04995553744117974,0.5028576696165191
4719,0.4853,9,7,9,600224,5386,102510,5446,0.04989069620956686,0.5027695716395865
4720,0.4854,12,5,12,600229,5381,102522,5434,0.04984438104412909,0.5024503005085529
4721,0.4855,8,8,8,600237,5373,102530,5426,0.049770276779428656,0.5024539309195296
4722,0.4856,9,4,9,600241,5369,102539,5417,0.04973322464707844,0.5022251066196922
4723,0.4857,2,5,2,600246,5364,102541,5415,0.049686909481640666,0.5023657111049262
4724,0.4858,6,7,6,600253,5357,102547,5409,0.04962206825002779,0.5024150102173509
4725,0.4859,3,5,3,600258,5352,102550,5406,0.049575753084590016,0.5025097601784718
4726,0.486,5,11,5,600269,5341,102555,5401,0.04947385972062692,0.5027927760193632
4727,0.4861,6,4,6,600273,5337,102561,5395,0.049436807588276704,0.5027021990309355
4728,0.4862,6,7,6,600280,5330,102567,5389,0.04937196635666383,0.5027521223994775
4729,0.4863,6,8,6,600288,5322,102573,5383,0.04929786209196339,0.5028491359177955
4730,0.4864,3,4,3,600292,5318,102576,5380,0.049260809959613176,0.5028977378949336
4731,0.4865,7,6,7,600298,5312,102583,5373,0.04920523176108785,0.5028544688816098
4732,0.4866,4,6,4,600304,5306,102587,5369,0.049149653562562526,0.5029508196721312
4733,0.4867,6,7,6,600311,5299,102593,5363,0.04908481233094965,0.50300131307447
4734,0.4868,3,8,3,600319,5291,102596,5360,0.049010708066249214,0.5032391324758239
4735,0.4869,5,6,5,600325,5285,102601,5355,0.048955129867723886,0.5032894736842105
4736,0.487,5,7,5,600332,5278,102606,5350,0.04889028863611101,0.5033872788859616
4737,0.4871,4,4,4,600336,5274,102610,5346,0.04885323650376079,0.5033898305084745
4738,0.4872,12,7,12,600343,5267,102622,5334,0.048788395272147914,0.5031600792378077
4739,0.4873,7,6,7,600349,5261,102629,5327,0.048732817073622585,0.5031167359274651
4740,0.4874,5,8,5,600357,5253,102634,5322,0.04865871280892215,0.5032624113475177
4741,0.4875,4,10,4,600367,5243,102638,5318,0.04856608247804661,0.5035508001136256
4742,0.4876,2,4,2,600371,5239,102640,5316,0.048529030345696396,0.5036475603979157
4743,0.4877,6,9,6,600380,5230,102646,5310,0.048445663047908406,0.5037950664136622
4744,0.4878,5,7,5,600387,5223,102651,5305,0.04838082181629553,0.5038943768996961
4745,0.4879,4,11,4,600398,5212,102655,5301,0.048278928452332434,0.5042328545610197
4746,0.488,9,8,9,600406,5204,102664,5292,0.048204824187632,0.5041920731707317
4747,0.4881,2,3,2,600409,5201,102666,5290,0.04817703508836933,0.5042417310075302
4748,0.4882,4,8,4,600417,5193,102670,5286,0.0481029308236689,0.5044374463212139
4749,0.4883,11,6,11,600423,5187,102681,5275,0.04804735262514358,0.5042056968074938
4750,0.4884,9,7,9,600430,5180,102690,5266,0.0479825113935307,0.5041164081945242
4751,0.4885,6,8,6,600438,5172,102696,5260,0.047908407128830266,0.504217791411043
4752,0.4886,6,3,6,600441,5169,102702,5254,0.0478806180295676,0.5040775208673127
4753,0.4887,4,7,4,600448,5162,102706,5250,0.04781577679795472,0.5042258932001537
4754,0.4888,2,8,2,600456,5154,102708,5248,0.04774167253325429,0.5045183618534897
4755,0.4889,8,10,8,600466,5144,102716,5240,0.04764904220237875,0.5046224961479199
4756,0.489,7,4,7,600470,5140,102723,5233,0.04761199007002853,0.5044827918634918
4757,0.4891,6,9,6,600479,5131,102729,5227,0.04752862277224054,0.5046340992469589
4758,0.4892,5,5,5,600484,5126,102734,5222,0.04748230760680277,0.5046385775028991
4759,0.4893,5,2,5,600486,5124,102739,5217,0.047463781540627664,0.5044966637655933
4760,0.4894,5,8,5,600494,5116,102744,5212,0.04738967727592723,0.5046475600309838
4761,0.4895,2,10,2,600504,5106,102746,5210,0.047297046945051685,0.5050407134548275
4762,0.4896,9,12,9,600516,5094,102755,5201,0.047185890548001035,0.5051966974259349
4763,0.4897,3,9,3,600525,5085,102758,5198,0.04710252325021305,0.5054945054945055
4764,0.4898,6,11,6,600536,5074,102764,5192,0.04700062988624995,0.5057471264367817
4765,0.4899,6,7,6,600543,5067,102770,5186,0.04693578865463707,0.5058031795572028
4766,0.49,8,9,8,600552,5058,102778,5178,0.04685242135684908,0.5058616647127784
4767,0.4901,12,12,12,600564,5046,102790,5166,0.04674126495979844,0.5058754406580493
4768,0.4902,7,12,7,600576,5034,102797,5159,0.04663010856274779,0.5061316589816541
4769,0.4903,4,0,4,600576,5034,102801,5155,0.04663010856274779,0.5059377760329767
4770,0.4904,8,2,8,600578,5032,102809,5147,0.04661158249657268,0.5056488849592298
4771,0.4905,9,4,9,600582,5028,102818,5138,0.04657453036422246,0.5054101908321857
4772,0.4906,6,9,6,600591,5019,102824,5132,0.04649116306643447,0.5055659540931928
4773,0.4907,7,6,7,600597,5013,102831,5125,0.04643558486790915,0.5055237719471296
4774,0.4908,3,6,3,600603,5007,102834,5122,0.04638000666938382,0.505676769671241
4775,0.4909,7,6,7,600609,5001,102841,5115,0.0463244284708585,0.5056346381969158
4776,0.491,9,6,9,600615,4995,102850,5106,0.04626885027233317,0.5054945054945055
4777,0.4911,11,10,11,600625,4985,102861,5095,0.04617621994145763,0.5054563492063492
4778,0.4912,6,9,6,600634,4976,102867,5089,0.04609285264366964,0.5056135121708892
4779,0.4913,3,7,3,600641,4969,102870,5086,0.046028011412056764,0.5058180009945301
4780,0.4914,9,10,9,600651,4959,102879,5077,0.04593538108118122,0.5058788361897171
4781,0.4915,11,10,11,600661,4949,102890,5066,0.04584275075030568,0.5058412381427858
4782,0.4916,12,6,12,600667,4943,102902,5054,0.04578717255178035,0.5055516654996499
4783,0.4917,8,1,8,600668,4942,102910,5046,0.0457779095186928,0.5052062474969964
4784,0.4918,10,8,10,600676,4934,102920,5036,0.04570380525399237,0.5051153460381144
4785,0.4919,2,7,2,600683,4927,102922,5034,0.04563896402237949,0.5053709466920991
4786,0.492,9,5,9,600688,4922,102931,5025,0.04559264885694172,0.5051774404343018
4787,0.4921,3,9,3,600697,4913,102934,5022,0.04550928155915373,0.5054856567689985
4788,0.4922,10,11,10,600708,4902,102944,5012,0.045407388195190634,0.5055477103086544
4789,0.4923,5,7,5,600715,4895,102949,5007,0.04534254696357776,0.505655423146839
4790,0.4924,6,7,6,600722,4888,102955,5001,0.04527770573196487,0.5057134189503488
4791,0.4925,3,3,3,600725,4885,102958,4998,0.04524991663270221,0.5057168875847414
4792,0.4926,4,3,4,600728,4882,102962,4994,0.04522212753343955,0.5056703118671527
4793,0.4927,2,5,2,600733,4877,102964,4992,0.04517581236800178,0.5058263248556085
4794,0.4928,3,8,3,600741,4869,102967,4989,0.045101708103301344,0.5060864272671941
4795,0.4929,6,6,6,600747,4863,102973,4983,0.04504612990477602,0.5060938452163315
4796,0.493,1,9,1,600756,4854,102974,4982,0.04496276260698803,0.5065067100447336
4797,0.4931,7,4,7,600760,4850,102981,4975,0.044925710474637816,0.5063613231552163
4798,0.4932,5,8,5,600768,4842,102986,4970,0.04485160620993738,0.5065226253567061
4799,0.4933,8,7,8,600775,4835,102994,4962,0.044786764978324504,0.5064815759926508
4800,0.4934,6,11,6,600786,4824,103000,4956,0.0446848716143614,0.5067484662576687
4801,0.4935,10,4,10,600790,4820,103010,4946,0.04464781948201119,0.5064509522834323
4802,0.4936,3,8,3,600798,4812,103013,4943,0.04457371521731076,0.5067145053818555
4803,0.4937,5,5,5,600803,4807,103018,4938,0.04452740005187299,0.5067213955874807
4804,0.4938,8,5,8,600808,4802,103026,4930,0.044481084886435214,0.5065762433210029
4805,0.4939,3,5,3,600813,4797,103029,4927,0.04443476972099744,0.5066844919786097
4806,0.494,3,5,3,600818,4792,103032,4924,0.044388454555559675,0.5067929188966653
4807,0.4941,6,8,6,600826,4784,103038,4918,0.04431435029085924,0.5069057926200783
4808,0.4942,9,3,9,600829,4781,103047,4909,0.044286561191596574,0.5066047471620228
4809,0.4943,3,6,3,600835,4775,103050,4906,0.04423098299307125,0.5067658299762421
4810,0.4944,10,11,10,600846,4764,103060,4896,0.04412908962910816,0.506832298136646
4811,0.4945,8,8,8,600854,4756,103068,4888,0.044054985364407724,0.5068436333471589
4812,0.4946,7,3,7,600857,4753,103075,4881,0.044027196265145056,0.5066431388831223
4813,0.4947,6,3,6,600860,4750,103081,4875,0.043999407165882395,0.5064935064935064
4814,0.4948,6,7,6,600867,4743,103087,4869,0.04393456593426952,0.5065543071161048
4815,0.4949,3,4,3,600871,4739,103090,4866,0.0438975138019193,0.5066111400312338
4816,0.495,4,5,4,600876,4734,103094,4862,0.04385119863648153,0.5066694456023343
4817,0.4951,6,7,6,600883,4727,103100,4856,0.04378635740486865,0.506730668892831
4818,0.4952,5,3,5,600886,4724,103105,4851,0.04375856830560599,0.5066318537859008
4819,0.4953,4,5,4,600891,4719,103109,4847,0.04371225314016822,0.5066903616976792
4820,0.4954,2,6,2,600897,4713,103111,4845,0.04365667494164289,0.5069052102950408
4821,0.4955,6,7,6,600904,4706,103117,4839,0.04359183371003001,0.5069669984284966
4822,0.4956,10,6,10,600910,4700,103127,4829,0.04353625551150469,0.5067688109980061
4823,0.4957,3,6,3,600916,4694,103130,4826,0.04348067731297936,0.5069327731092437
4824,0.4958,5,6,5,600922,4688,103135,4821,0.04342509911445404,0.5069933746976548
4825,0.4959,4,9,4,600931,4679,103139,4817,0.04334173181666605,0.5072662173546757
4826,0.496,4,4,4,600935,4675,103143,4813,0.04330467968431583,0.5072723440134908
4827,0.4961,2,4,2,600939,4671,103145,4811,0.043267627551965615,0.5073824087745201
4828,0.4962,3,7,3,600946,4664,103148,4808,0.04320278632035274,0.5076013513513513
4829,0.4963,9,6,9,600952,4658,103157,4799,0.04314720812182741,0.5074547953896584
4830,0.4964,6,6,6,600958,4652,103163,4793,0.04309162992330209,0.5074642668078349
4831,0.4965,6,6,6,600964,4646,103169,4787,0.04303605172477676,0.5074737623237571
4832,0.4966,11,6,11,600970,4640,103180,4776,0.042980473526251436,0.5072217502124045
4833,0.4967,12,4,12,600974,4636,103192,4764,0.04294342139390122,0.5068085106382979
4834,0.4968,4,12,4,600986,4624,103196,4760,0.04283226499685057,0.5072463768115942
4835,0.4969,7,4,7,600990,4620,103203,4753,0.04279521286450035,0.5070948469006722
4836,0.497,9,6,9,600996,4614,103212,4744,0.042739634665975024,0.5069459286172259
4837,0.4971,5,14,5,601010,4600,103217,4739,0.04260995220274927,0.5074419102687654
4838,0.4972,5,3,5,601013,4597,103222,4734,0.04258216310348661,0.5073411209945343
4839,0.4973,4,4,4,601017,4593,103226,4730,0.04254511097113639,0.5073474203582538
4840,0.4974,11,4,11,601021,4589,103237,4719,0.042508058838786174,0.5069832402234636
4841,0.4975,2,9,2,601030,4580,103239,4717,0.042424691540998184,0.5073679681617727
4842,0.4976,7,5,7,601035,4575,103246,4710,0.04237837637556041,0.5072697899838449
4843,0.4977,2,3,2,601038,4572,103248,4708,0.04235058727629775,0.5073275862068966
4844,0.4978,8,6,8,601044,4566,103256,4700,0.04229500907777243,0.5072307360241745
4845,0.4979,2,7,2,601051,4559,103258,4698,0.042230167846159544,0.5075078319109863
4846,0.498,5,7,5,601058,4552,103263,4693,0.042165326614546667,0.5076257436452136
4847,0.4981,6,11,6,601069,4541,103269,4687,0.04206343325058357,0.5079107065452969
4848,0.4982,8,5,8,601074,4536,103277,4679,0.0420171180851458,0.5077590884427564
4849,0.4983,6,4,6,601078,4532,103283,4673,0.04198006595279558,0.5076588810429115
4850,0.4984,6,6,6,601084,4526,103289,4667,0.04192448775427026,0.5076688784945067
4851,0.4985,6,7,6,601091,4519,103295,4661,0.041859646522657376,0.5077342047930283
4852,0.4986,6,6,6,601097,4513,103301,4655,0.041804068324132054,0.5077443280977313
4853,0.4987,4,11,4,601108,4502,103305,4651,0.04170217496016896,0.5081394078444226
4854,0.4988,4,5,4,601113,4497,103309,4647,0.04165585979473119,0.5082020997375328
4855,0.4989,4,9,4,601122,4488,103313,4643,0.0415724924969432,0.5084875698171065
4856,0.499,10,3,10,601125,4485,103323,4633,0.04154470339768054,0.5081158148716823
4857,0.4991,9,6,9,601131,4479,103332,4624,0.041489125199155215,0.5079644073382401
4858,0.4992,7,5,7,601136,4474,103339,4617,0.04144281003371744,0.5078649213507865
4859,0.4993,7,4,7,601140,4470,103346,4610,0.041405757901367225,0.5077092511013216
4860,0.4994,9,4,9,601144,4466,103355,4601,0.04136870576901701,0.5074445792434101
4861,0.4995,5,9,5,601153,4457,103360,4596,0.04128533847122902,0.5076770131448138
4862,0.4996,4,7,4,601160,4450,103364,4592,0.04122049723961614,0.5078522450785224
4863,0.4997,3,5,3,601165,4445,103367,4589,0.04117418207417837,0.507969891520921
4864,0.4998,7,7,7,601172,4438,103374,4582,0.04110934084256549,0.5079822616407982
4865,0.4999,6,12,6,601184,4426,103380,4576,0.04099818444551484,0.5083314818929127
4866,0.5,5,3,5,601187,4423,103385,4571,0.04097039534625218,0.5082277073604625
4867,0.5001,5,3,5,601190,4420,103390,4566,0.04094260624698951,0.5081237480525261
4868,0.5002,10,3,10,601193,4417,103400,4556,0.04091481714772685,0.5077454585980162
4869,0.5003,5,8,5,601201,4409,103405,4551,0.04084071288302642,0.5079241071428572
4870,0.5004,4,10,4,601211,4399,103409,4547,0.04074808255215088,0.5082718533422759
4871,0.5005,6,4,6,601215,4395,103415,4541,0.04071103041980066,0.5081692032229186
4872,0.5006,4,6,4,601221,4389,103419,4537,0.04065545222127533,0.5082903876316379
4873,0.5007,8,9,8,601230,4380,103427,4529,0.04057208492348734,0.5083623302278595
4874,0.5008,5,8,5,601238,4372,103432,4524,0.04049798065878691,0.5085431654676259
4875,0.5009,4,8,4,601246,4364,103436,4520,0.04042387639408648,0.5087798289058982
4876,0.501,3,7,3,601253,4357,103439,4517,0.0403590351624736,0.5090151002929908
4877,0.5011,5,5,5,601258,4352,103444,4512,0.04031271999703583,0.5090252707581228
4878,0.5012,2,8,2,601266,4344,103446,4510,0.0402386157323354,0.5093742941043596
4879,0.5013,7,3,7,601269,4341,103453,4503,0.04021082663307273,0.5091587516960652
4880,0.5014,6,5,6,601274,4336,103459,4497,0.040164511467634965,0.5091135514547719
4881,0.5015,4,12,4,601286,4324,103463,4493,0.040053355070584315,0.5095837586480663
4882,0.5016,4,8,4,601294,4316,103467,4489,0.03997925080588388,0.5098239636570131
4883,0.5017,2,5,2,601299,4311,103469,4487,0.03993293564044611,0.5100022732439191
4884,0.5018,7,7,7,601306,4304,103476,4480,0.03986809440883323,0.5100182149362478
4885,0.5019,6,2,6,601308,4302,103482,4474,0.03984956834265812,0.509799453053783
4886,0.502,2,9,2,601317,4293,103484,4472,0.03976620104487013,0.5102110667427268
4887,0.5021,8,6,8,601323,4287,103492,4464,0.03971062284634481,0.5101131299280083
4888,0.5022,6,8,6,601331,4279,103498,4458,0.039636518581644374,0.5102437907748655
4889,0.5023,5,7,5,601338,4272,103503,4453,0.039571677350031496,0.5103724928366762
4890,0.5024,6,4,6,601342,4268,103509,4447,0.03953462521768128,0.5102696500286862
4891,0.5025,5,5,5,601347,4263,103514,4442,0.03948831005224351,0.5102814474439977
4892,0.5026,7,7,7,601354,4256,103521,4435,0.03942346882063063,0.5102980094350478
4893,0.5027,10,6,10,601360,4250,103531,4425,0.0393678906221053,0.5100864553314121
4894,0.5028,10,3,10,601363,4247,103541,4415,0.03934010152284264,0.5096975294389287
4895,0.5029,4,5,4,601368,4242,103545,4411,0.03929378635740487,0.5097653992834855
4896,0.503,6,6,6,601374,4236,103551,4405,0.039238208158879545,0.5097789607684295
4897,0.5031,6,10,6,601384,4226,103557,4399,0.039145577828004,0.5100289855072464
4898,0.5032,3,6,3,601390,4220,103560,4396,0.03908999962947868,0.510213556174559
4899,0.5033,15,5,15,601395,4215,103575,4381,0.039043684464040905,0.5096556537924616
4900,0.5034,2,8,2,601403,4207,103577,4379,0.03896958019934047,0.5100163056137899
4901,0.5035,3,4,3,601407,4203,103580,4376,0.038932528066990255,0.5100827602284649
4902,0.5036,4,4,4,601411,4199,103584,4372,0.03889547593464004,0.5100921712752304
4903,0.5037,2,10,2,601421,4189,103586,4370,0.0388028456037645,0.5105736651477977
4904,0.5038,2,5,2,601426,4184,103588,4368,0.038756530438326726,0.510757717492984
4905,0.5039,7,5,7,601431,4179,103595,4361,0.038710215272888954,0.510655737704918
4906,0.504,6,0,6,601431,4179,103601,4355,0.038710215272888954,0.5103116943988751
4907,0.5041,4,5,4,601436,4174,103605,4351,0.03866390010745118,0.5103812316715542
4908,0.5042,11,5,11,601441,4169,103616,4340,0.038617584942013415,0.510048184275473
4909,0.5043,4,7,4,601448,4162,103620,4336,0.03855274371040053,0.5102377029889386
4910,0.5044,7,5,7,601453,4157,103627,4329,0.038506428544962765,0.5101343389111478
4911,0.5045,5,10,5,601463,4147,103632,4324,0.03841379821408722,0.5104474088065164
4912,0.5046,2,6,2,601469,4141,103634,4322,0.0383582200155619,0.510693607467801
4913,0.5047,5,5,5,601474,4136,103639,4317,0.038311904850124125,0.5107062581332071
4914,0.5048,7,7,7,601481,4129,103646,4310,0.03824706361851125,0.5107240194335821
4915,0.5049,5,5,5,601486,4124,103651,4305,0.038200748453073474,0.5107367421995491
4916,0.505,7,9,7,601495,4115,103658,4298,0.038117381155285485,0.5108760251990966
4917,0.5051,6,5,6,601500,4110,103664,4292,0.03807106598984772,0.5108307545822424
4918,0.5052,3,8,3,601508,4102,103667,4289,0.037996961725147285,0.5111428911929449
4919,0.5053,3,6,3,601514,4096,103670,4286,0.037941383526621957,0.5113338105464089
4920,0.5054,6,8,6,601522,4088,103676,4280,0.03786727926192152,0.511472275334608
4921,0.5055,8,8,8,601530,4080,103684,4272,0.03779317499722109,0.5114942528735632
4922,0.5056,5,6,5,601536,4074,103689,4267,0.03773759679869577,0.511569356192303
4923,0.5057,7,4,7,601540,4070,103696,4260,0.03770054466634555,0.5114045618247299
4924,0.5058,5,5,5,601545,4065,103701,4255,0.03765422950090778,0.5114182692307693
4925,0.5059,5,7,5,601552,4058,103706,4250,0.0375893882692949,0.5115551275878671
4926,0.506,1,6,1,601558,4052,103707,4249,0.03753381007076957,0.5118660402361161
4927,0.5061,8,7,8,601565,4045,103715,4241,0.037468968839156694,0.5118271783731595
4928,0.5062,6,5,6,601570,4040,103721,4235,0.03742265367371892,0.5117824773413897
4929,0.5063,7,7,7,601577,4033,103728,4228,0.03735781244210604,0.5118024452245491
4930,0.5064,4,5,4,601582,4028,103732,4224,0.03731149727666827,0.5118759088705769
4931,0.5065,4,9,4,601591,4019,103736,4220,0.03722812997888029,0.5121980822915403
4932,0.5066,8,7,8,601598,4012,103744,4212,0.0371632887472674,0.5121595330739299
4933,0.5067,4,7,4,601605,4005,103748,4208,0.037098447515654526,0.5123584561061731
4934,0.5068,2,5,2,601610,4000,103750,4206,0.03705213235021675,0.5125517913721667
4935,0.5069,2,9,2,601619,3991,103752,4204,0.03696876505242877,0.5129957291031116
4936,0.507,11,6,11,601625,3985,103763,4193,0.03691318685390344,0.5127170457324529
4937,0.5071,7,3,7,601628,3982,103770,4186,0.03688539775464078,0.5124877571008815
4938,0.5072,5,4,5,601632,3978,103775,4181,0.036848345622290564,0.512440250030641
4939,0.5073,2,4,2,601636,3974,103777,4179,0.03681129348994035,0.512572059364651
4940,0.5074,4,2,4,601638,3972,103781,4175,0.036792767423765235,0.5124585737081134
4941,0.5075,1,5,1,601643,3967,103782,4174,0.03674645225832747,0.5127134258690579
4942,0.5076,3,4,3,601647,3963,103785,4171,0.03670940012597725,0.5127858372264569
4943,0.5077,3,7,3,601654,3956,103788,4168,0.03664455889436437,0.5130477597242737
4944,0.5078,6,4,6,601658,3952,103794,4162,0.03660750676201415,0.5129405964998768
4945,0.5079,5,6,5,601664,3946,103799,4157,0.03655192856348883,0.5130198691842528
4946,0.508,6,3,6,601667,3943,103805,4151,0.03652413946422617,0.5128490239683716
4947,0.5081,10,6,10,601673,3937,103815,4141,0.03646856126570084,0.5126268878435256
4948,0.5082,4,3,4,601676,3934,103819,4137,0.03644077216643818,0.5125758889852559
4949,0.5083,4,5,4,601681,3929,103823,4133,0.036394457001000406,0.5126519474075911
4950,0.5084,5,5,5,601686,3924,103828,4128,0.03634814183556263,0.5126676602086438
4951,0.5085,4,6,4,601692,3918,103832,4124,0.03629256363703731,0.5128077592638647
4952,0.5086,10,6,10,601698,3912,103842,4114,0.03623698543851198,0.5125841016695739
4953,0.5087,6,9,6,601707,3903,103848,4108,0.036153618140724,0.512794907002871
4954,0.5088,9,9,9,601716,3894,103857,4099,0.03607025084293601,0.5128237207556612
4955,0.5089,6,3,6,601719,3891,103863,4093,0.03604246174367335,0.5126503006012024
4956,0.509,4,9,4,601728,3882,103867,4089,0.03595909444588536,0.5129845690628528
4957,0.5091,11,5,11,601733,3877,103878,4078,0.03591277928044759,0.5126335637963545
4958,0.5092,6,7,6,601740,3870,103884,4072,0.03584793804883471,0.5127171996978092
4959,0.5093,9,4,9,601744,3866,103893,4063,0.03581088591648449,0.5124227519233194
4960,0.5094,4,5,4,601749,3861,103897,4059,0.03576457075104672,0.5125
4961,0.5095,3,5,3,601754,3856,103900,4056,0.035718255585608955,0.512639029322548
4962,0.5096,5,6,5,601760,3850,103905,4051,0.035662677387083626,0.5127199088722947
4963,0.5097,5,7,5,601767,3843,103910,4046,0.03559783615547075,0.5128660159716061
4964,0.5098,0,4,0,601771,3839,103910,4046,0.03556078402312053,0.5131261889663918
4965,0.5099,5,5,5,601776,3834,103915,4041,0.03551446885768276,0.5131428571428571
4966,0.51,7,4,7,601780,3830,103922,4034,0.03547741672533254,0.512970498474059
4967,0.5101,1,10,1,601790,3820,103923,4033,0.035384786394457,0.5135616961670699
4968,0.5102,8,5,8,601795,3815,103931,4025,0.03533847122901923,0.5133928571428571
4969,0.5103,5,13,5,601808,3802,103936,4020,0.035218051798881024,0.5139350549731526
4970,0.5104,7,8,7,601816,3794,103943,4013,0.03514394753418059,0.5140258742154477
4971,0.5105,6,5,6,601821,3789,103949,4007,0.035097632368742825,0.5139815289892252
4972,0.5106,2,2,2,601823,3787,103951,4005,0.03507910630256771,0.5139887063655031
4973,0.5107,5,4,5,601827,3783,103956,4000,0.035042054170217496,0.5139406398560966
4974,0.5108,5,1,5,601828,3782,103961,3995,0.03503279113712994,0.5136942265655137
4975,0.5109,8,8,8,601836,3774,103969,3987,0.034958686872429506,0.5137224584460766
4976,0.511,3,3,3,601839,3771,103972,3984,0.034930897773166845,0.5137330754352031
4977,0.5111,5,6,5,601845,3765,103977,3979,0.034875319574641524,0.5138171487603306
4978,0.5112,3,5,3,601850,3760,103980,3976,0.03482900440920375,0.5139607032057911
4979,0.5113,8,8,8,601858,3752,103988,3968,0.03475490014450332,0.5139896373056995
4980,0.5114,6,5,6,601863,3747,103994,3962,0.034708584979065545,0.5139447399143858
4981,0.5115,8,4,8,601867,3743,104002,3954,0.03467153284671533,0.5137066389502404
4982,0.5116,10,4,10,601871,3739,104012,3944,0.03463448071436511,0.5133411427827671
4983,0.5117,4,11,4,601882,3728,104016,3940,0.034532587350402016,0.5138236828377674
4984,0.5118,5,5,5,601887,3723,104021,3935,0.034486272184964244,0.5138417341342387
4985,0.5119,6,3,6,601890,3720,104027,3929,0.03445848308570158,0.5136619165904039
4986,0.512,4,8,4,601898,3712,104031,3925,0.03438437882100115,0.5139452664658898
4987,0.5121,7,3,7,601901,3709,104038,3918,0.03435658972173849,0.5137013242428216
4988,0.5122,8,5,8,601906,3704,104046,3910,0.034310274556300716,0.5135277121092724
4989,0.5123,5,6,5,601912,3698,104051,3905,0.03425469635777539,0.5136130474812574
4990,0.5124,7,6,7,601918,3692,104058,3898,0.034199118159250065,0.513570487483531
4991,0.5125,7,6,7,601924,3686,104065,3891,0.034143539960724736,0.5135277814438433
4992,0.5126,5,7,5,601931,3679,104070,3886,0.03407869872911186,0.5136814276272307
4993,0.5127,6,4,6,601935,3675,104076,3880,0.03404164659676164,0.513567174056916
4994,0.5128,5,7,5,601942,3668,104081,3875,0.033976805365148764,0.5137213310353971
4995,0.5129,5,3,5,601945,3665,104086,3870,0.0339490162658861,0.5136031851360319
4996,0.513,7,5,7,601950,3660,104093,3863,0.03390270110044833,0.5134919579954805
4997,0.5131,5,4,5,601954,3656,104098,3858,0.033865648968098114,0.5134415757253128
4998,0.5132,7,8,7,601962,3648,104105,3851,0.03379154470339768,0.5135351380184024
4999,0.5133,4,5,4,601967,3643,104109,3847,0.03374522953795991,0.5136181575433912
5000,0.5134,4,6,4,601973,3637,104113,3843,0.033689651339434586,0.5137700534759359
5001,0.5135,3,6,3,601979,3631,104116,3840,0.03363407314090926,0.5139874180163299
5002,0.5136,9,3,9,601982,3628,104125,3831,0.033606284041646596,0.5136077222147741
5003,0.5137,3,5,3,601987,3623,104128,3828,0.03355996887620882,0.5137565427459402
5004,0.5138,5,4,5,601991,3619,104133,3823,0.033522916743858606,0.513705993012631
5005,0.5139,4,7,4,601998,3612,104137,3819,0.03345807551224573,0.5139281388776746
5006,0.514,5,1,5,601999,3611,104142,3814,0.03344881247915817,0.5136700336700337
5007,0.5141,7,4,7,602003,3607,104149,3807,0.033411760346807956,0.5134879956838414
5008,0.5142,8,7,8,602010,3600,104157,3799,0.03334691911519508,0.5134477632112447
5009,0.5143,3,6,3,602016,3594,104160,3796,0.03329134091666976,0.5136671177266576
5010,0.5144,5,4,5,602020,3590,104165,3791,0.03325428878431954,0.513616041186831
5011,0.5145,6,7,6,602027,3583,104171,3785,0.033189447552706655,0.5137079261672095
5012,0.5146,7,6,7,602033,3577,104178,3778,0.03313386935418133,0.5136641740312713
5013,0.5147,3,4,3,602037,3573,104181,3775,0.03309681722183112,0.513745236799129
5014,0.5148,6,7,6,602044,3566,104187,3769,0.03303197599021824,0.5138377641445127
5015,0.5149,8,5,8,602049,3561,104195,3761,0.032985660824780466,0.5136574706364382
5016,0.515,2,7,2,602056,3554,104197,3759,0.03292081959316759,0.5140161356488445
5017,0.5151,4,3,4,602059,3551,104201,3755,0.03289303049390493,0.5139611278401314
5018,0.5152,5,6,5,602065,3545,104206,3750,0.0328374522953796,0.5140507196710076
5019,0.5153,0,6,0,602071,3539,104206,3750,0.03278187409685428,0.5144738647276719
5020,0.5154,0,6,0,602077,3533,104206,3750,0.03272629589832895,0.5148977069888782
5021,0.5155,6,6,6,602083,3527,104212,3744,0.03267071769980363,0.5149222940448357
5022,0.5156,12,6,12,602089,3521,104224,3732,0.0326151395012783,0.514545705225424
5023,0.5157,1,5,1,602094,3516,104225,3731,0.032568824335840525,0.5148337242997102
5024,0.5158,5,6,5,602100,3510,104230,3726,0.0325132461373152,0.5149253731343284
5025,0.5159,7,0,7,602100,3510,104237,3719,0.0325132461373152,0.514455664683912
5026,0.516,2,5,2,602105,3505,104239,3717,0.03246693097187743,0.514677374688452
5027,0.5161,5,6,5,602111,3499,104244,3712,0.03241135277335211,0.5147691027596727
5028,0.5162,3,3,3,602114,3496,104247,3709,0.03238356367408944,0.5147814018043025
5029,0.5163,2,5,2,602119,3491,104249,3707,0.032337248508651675,0.5150041678243956
5030,0.5164,4,5,4,602124,3486,104253,3703,0.0322909333432139,0.5150925024342746
5031,0.5165,5,5,5,602129,3481,104258,3698,0.03224461817777613,0.515113525560663
5032,0.5166,5,3,5,602132,3478,104263,3693,0.03221682907851347,0.5149909357132897
5033,0.5167,1,6,1,602138,3472,104264,3692,0.03216125087998814,0.5153545505304299
5034,0.5168,8,11,8,602149,3461,104272,3684,0.032059357516025046,0.5156053184044787
5035,0.5169,3,5,3,602154,3456,104275,3681,0.03201304235058727,0.5157629255989912
5036,0.517,5,6,5,602160,3450,104280,3676,0.03195746415206195,0.515857423519506
5037,0.5171,7,3,7,602163,3447,104287,3669,0.03192967505279929,0.5155986509274874
5038,0.5172,7,5,7,602168,3442,104294,3662,0.03188335988736152,0.5154842342342343
5039,0.5173,7,2,7,602170,3440,104301,3655,0.03186483382118641,0.5151515151515151
5040,0.5174,4,7,4,602177,3433,104305,3651,0.03179999258957353,0.5153867871259176
5041,0.5175,5,3,5,602180,3430,104310,3646,0.03177220349031087,0.5152628603730921
5042,0.5176,8,4,8,602184,3426,104318,3638,0.03173515135796065,0.5150056625141562
5043,0.5177,5,3,5,602187,3423,104323,3633,0.03170736225869799,0.5148809523809523
5044,0.5178,3,4,3,602191,3419,104326,3630,0.03167031012634777,0.5149666619378636
5045,0.5179,7,0,7,602191,3419,104333,3623,0.03167031012634777,0.5144845214427719
5046,0.518,3,8,3,602199,3411,104336,3620,0.03159620586164734,0.5148627506755796
5047,0.5181,1,5,1,602204,3406,104337,3619,0.031549890696209566,0.5151601423487544
5048,0.5182,3,5,3,602209,3401,104340,3616,0.031503575530771794,0.5153199372951404
5049,0.5183,7,7,7,602216,3394,104347,3609,0.031438734299158916,0.5153505640439812
5050,0.5184,5,3,5,602219,3391,104352,3604,0.031410945199896255,0.5152251608291637
5051,0.5185,6,4,6,602223,3387,104358,3598,0.03137389306754604,0.5151037938439513
5052,0.5186,7,6,7,602229,3381,104365,3591,0.03131831486902071,0.5150602409638554
5053,0.5187,4,8,4,602237,3373,104369,3587,0.03124421060432028,0.5153735632183908
5054,0.5188,7,7,7,602244,3366,104376,3580,0.031179369372707398,0.5154045493809387
5055,0.5189,3,4,3,602248,3362,104379,3577,0.03114231724035718,0.5154921458423404
5056,0.519,2,4,2,602252,3358,104381,3575,0.031105265108006964,0.5156497908553296
5057,0.5191,4,8,4,602260,3350,104385,3571,0.03103116084330653,0.5159659008813755
5058,0.5192,6,3,6,602263,3347,104391,3565,0.03100337174404387,0.5157696759259259
5059,0.5193,7,5,7,602268,3342,104398,3558,0.030957056578606097,0.5156521739130435
5060,0.5194,3,2,3,602270,3340,104401,3555,0.03093853051243099,0.5155910079767948
5061,0.5195,6,3,6,602273,3337,104407,3549,0.030910741413168328,0.5153935521347662
5062,0.5196,2,12,2,602285,3325,104409,3547,0.030799585016117677,0.5161525029103609
5063,0.5197,6,4,6,602289,3321,104415,3541,0.03076253288376746,0.5160303118624308
5064,0.5198,5,7,5,602296,3314,104420,3536,0.030697691652154583,0.5162043795620438
5065,0.5199,5,5,5,602301,3309,104425,3531,0.03065137648671681,0.5162280701754386
5066,0.52,5,7,5,602308,3302,104430,3526,0.030586535255103933,0.5164030462800234
5067,0.5201,4,7,4,602315,3295,104434,3522,0.03052169402349105,0.5166495525891155
5068,0.5202,7,6,7,602321,3289,104441,3515,0.030466115824965726,0.5166078777189889
5069,0.5203,4,4,4,602325,3285,104445,3511,0.03042906369261551,0.5166274278987639
5070,0.5204,6,6,6,602331,3279,104451,3505,0.030373485494090184,0.5166568396226415
5071,0.5205,6,2,6,602333,3277,104457,3499,0.030354959427915076,0.5163813459268005
5072,0.5206,7,2,7,602335,3275,104464,3492,0.030336433361739967,0.516033692921531
5073,0.5207,2,7,2,602342,3268,104466,3490,0.03027159213012709,0.516424977804084
5074,0.5208,8,6,8,602348,3262,104474,3482,0.030216013931601764,0.5163107947805456
5075,0.5209,6,4,6,602352,3258,104480,3476,0.030178961799251548,0.5161865161865162
5076,0.521,5,6,5,602358,3252,104485,3471,0.030123383600726222,0.5162873717090585
5077,0.5211,6,3,6,602361,3249,104491,3465,0.030095594501463558,0.5160857908847185
5078,0.5212,10,5,10,602366,3244,104501,3455,0.03004927933602579,0.5157486191968951
5079,0.5213,4,7,4,602373,3237,104505,3451,0.029984438104412908,0.5159988038277512
5080,0.5214,5,5,5,602378,3232,104510,3446,0.029938122938975138,0.5160227613057802
5081,0.5215,0,5,0,602383,3227,104510,3446,0.029891807773537366,0.5164094110594935
5082,0.5216,4,14,4,602397,3213,104514,3442,0.02976212531031161,0.5172051089406461
5083,0.5217,1,4,1,602401,3209,104515,3441,0.029725073177961393,0.5174436090225564
5084,0.5218,3,3,3,602404,3206,104518,3438,0.02969728407869873,0.5174593618302228
5085,0.5219,1,5,1,602409,3201,104519,3437,0.02965096891326096,0.5177764386863513
5086,0.522,2,5,2,602414,3196,104521,3435,0.029604653747823187,0.5180214145679385
5087,0.5221,9,6,9,602420,3190,104530,3426,0.02954907554929786,0.5178355501813785
5088,0.5222,4,3,4,602423,3187,104534,3422,0.0295212864500352,0.5177787865032532
5089,0.5223,2,8,2,602431,3179,104536,3420,0.029447182185334767,0.5182603424761327
5090,0.5224,4,6,4,602437,3173,104540,3416,0.029391603986809442,0.5184398239490059
5091,0.5225,4,4,4,602441,3169,104544,3412,0.029354551854459225,0.5184622397811882
5092,0.5226,4,3,4,602444,3166,104548,3408,0.02932676275519656,0.5184058411925768
5093,0.5227,5,4,5,602448,3162,104553,3403,0.029289710622846344,0.5183549124143183
5094,0.5228,3,2,3,602450,3160,104556,3400,0.029271184556671236,0.5182926829268293
5095,0.5229,5,9,5,602459,3151,104561,3395,0.02918781725888325,0.5186373357775741
5096,0.523,8,1,8,602460,3150,104569,3387,0.029178554225795694,0.5181275814593851
5097,0.5231,3,3,3,602463,3147,104572,3384,0.029150765126533033,0.5181442351860358
5098,0.5232,2,8,2,602471,3139,104574,3382,0.0290766608618326,0.5186321116393191
5099,0.5233,4,6,4,602477,3133,104578,3378,0.029021082663307274,0.5188143142374443
5100,0.5234,7,4,7,602481,3129,104585,3371,0.028984030530957057,0.5186153846153846
5101,0.5235,1,4,1,602485,3125,104586,3370,0.02894697839860684,0.5188606620477291
5102,0.5236,6,6,6,602491,3119,104592,3364,0.028891400200081515,0.5188955730371742
5103,0.5237,5,5,5,602496,3114,104597,3359,0.028845085034643742,0.5189247644059941
5104,0.5238,4,3,4,602499,3111,104601,3355,0.02881729593538108,0.5188679245283019
5105,0.5239,4,7,4,602506,3104,104605,3351,0.0287524547037682,0.519132455460883
5106,0.524,6,5,6,602511,3099,104611,3345,0.02870613953833043,0.5190875232774674
5107,0.5241,8,7,8,602518,3092,104619,3337,0.028641298306717553,0.5190542852698709
5108,0.5242,6,5,6,602523,3087,104625,3331,0.02859498314127978,0.5190090370832035
5109,0.5243,3,3,3,602526,3084,104628,3328,0.02856719404201712,0.5190268247036806
5110,0.5244,2,6,2,602532,3078,104630,3326,0.028511615843491794,0.5193628981886321
5111,0.5245,3,3,3,602535,3075,104633,3323,0.02848382674422913,0.5193810565801813
5112,0.5246,5,4,5,602539,3071,104638,3318,0.028446774611878913,0.5193300986069808
5113,0.5247,5,5,5,602544,3066,104643,3313,0.028400459446441144,0.5193604013168208
5114,0.5248,4,4,4,602548,3062,104647,3309,0.028363407314090927,0.5193847119761419
5115,0.5249,6,4,6,602552,3058,104653,3303,0.02832635518174071,0.519257978305298
5116,0.525,5,3,5,602555,3055,104658,3298,0.028298566082478046,0.5191248229183063
5117,0.5251,6,5,6,602560,3050,104664,3292,0.028252250917040277,0.5190791548407443
5118,0.5252,9,3,9,602563,3047,104673,3283,0.028224461817777612,0.5186413902053713
5119,0.5253,2,5,2,602568,3042,104675,3281,0.028178146652339843,0.5188992566819548
5120,0.5254,5,5,5,602573,3037,104680,3276,0.02813183148690207,0.5189291937272296
5121,0.5255,3,6,3,602579,3031,104683,3273,0.028076253288376745,0.5191941624365483
5122,0.5256,2,6,2,602585,3025,104685,3271,0.02802067508985142,0.5195362134688691
5123,0.5257,5,6,5,602591,3019,104690,3266,0.027965096891326095,0.5196499602227526
5124,0.5258,4,2,4,602593,3017,104694,3262,0.027946570825150986,0.5195094760312151
5125,0.5259,2,6,2,602599,3011,104696,3260,0.02789099262662566,0.5198532929357359
5126,0.526,3,4,3,602603,3007,104699,3257,0.027853940494275444,0.519955300127714
5127,0.5261,3,11,3,602614,2996,104702,3254,0.02775204713031235,0.52064
5128,0.5262,4,3,4,602617,2993,104706,3250,0.027724258031049685,0.5205830530193817
5129,0.5263,7,3,7,602620,2990,104713,3243,0.027696468931787024,0.5202952029520295
5130,0.5264,4,4,4,602624,2986,104717,3239,0.027659416799436808,0.5203212851405622
5131,0.5265,7,7,7,602631,2979,104724,3232,0.02759457556782393,0.5203670906456287
5132,0.5266,5,5,5,602636,2974,104729,3227,0.027548260402386157,0.5203999354942751
5133,0.5267,5,1,5,602637,2973,104734,3222,0.027538997369298605,0.5200968523002422
5134,0.5268,0,7,0,602644,2966,104734,3222,0.027474156137685724,0.5206851971557854
5135,0.5269,6,1,6,602645,2965,104740,3216,0.02746489310459817,0.5203041579032519
5136,0.527,5,5,5,602650,2960,104745,3211,0.0274185779391604,0.5203370604440123
5137,0.5271,7,7,7,602657,2953,104752,3204,0.02735373670754752,0.5203833035569271
5138,0.5272,2,3,2,602660,2950,104754,3202,0.027325947608284856,0.520481144343303
5139,0.5273,4,4,4,602664,2946,104758,3198,0.02728889547593464,0.5205078125
5140,0.5274,6,0,6,602664,2946,104764,3192,0.02728889547593464,0.520039100684262
5141,0.5275,5,8,5,602672,2938,104769,3187,0.027214791211234206,0.5203265306122449
5142,0.5276,4,5,4,602677,2933,104773,3183,0.027168476045796437,0.5204381948986265
5143,0.5277,5,5,5,602682,2928,104778,3178,0.027122160880358664,0.5204716672125778
5144,0.5278,1,4,1,602686,2924,104779,3177,0.027085108748008447,0.5207343058514997
5145,0.5279,3,8,3,602694,2916,104782,3174,0.027011004483308013,0.5211822660098522
5146,0.528,7,0,7,602694,2916,104789,3167,0.027011004483308013,0.5206312674667105
5147,0.5281,4,3,4,602697,2913,104793,3163,0.026983215384045352,0.5205727452271232
5148,0.5282,4,3,4,602700,2910,104797,3159,0.026955426284782688,0.5205140879881365
5149,0.5283,5,4,5,602704,2906,104802,3154,0.02691837415243247,0.5204620462046204
5150,0.5284,7,2,7,602706,2904,104809,3147,0.026899848086257363,0.5200793257312841
5151,0.5285,4,2,4,602708,2902,104813,3143,0.026881322020082254,0.519933829611249
5152,0.5286,5,3,5,602711,2899,104818,3138,0.026853532920819594,0.5197945999668709
5153,0.5287,3,4,3,602715,2895,104821,3135,0.026816480788469377,0.5199004975124378
5154,0.5288,5,0,5,602715,2895,104826,3130,0.026816480788469377,0.5195020746887967
5155,0.5289,7,5,7,602720,2890,104833,3123,0.026770165623031604,0.5193746881756195
5156,0.529,4,4,4,602724,2886,104837,3119,0.026733113490681387,0.5194004995836803
5157,0.5291,6,3,6,602727,2883,104843,3113,0.026705324391418726,0.5191794529686458
5158,0.5292,4,10,4,602737,2873,104847,3109,0.026612694060543184,0.5197258441992645
5159,0.5293,8,6,8,602743,2867,104855,3101,0.02655711586201786,0.5196045576407506
5160,0.5294,7,4,7,602747,2863,104862,3094,0.026520063729667642,0.5193889541715628
5161,0.5295,6,2,6,602749,2861,104868,3088,0.026501537663492534,0.5190788367792907
5162,0.5296,6,7,6,602756,2854,104874,3082,0.026436696431879656,0.5192048517520216
5163,0.5297,3,4,3,602760,2850,104877,3079,0.02639964429952944,0.5193118569741947
5164,0.5298,5,7,5,602767,2843,104882,3074,0.026334803067916558,0.5195200270407301
5165,0.5299,2,4,2,602771,2839,104884,3072,0.02629775093556634,0.5197090170867873
5166,0.53,3,4,3,602775,2835,104887,3069,0.026260698803216125,0.5198170731707317
5167,0.5301,3,2,3,602777,2833,104890,3066,0.026242172737041016,0.5197491100186472
5168,0.5302,3,2,3,602779,2831,104893,3063,0.026223646670865908,0.5196810315575161
5169,0.5303,3,5,3,602784,2826,104896,3060,0.02617733150542814,0.5198776758409785
5170,0.5304,3,3,3,602787,2823,104899,3057,0.026149542406165474,0.5198979591836734
5171,0.5305,4,4,4,602791,2819,104903,3053,0.026112490273815257,0.519925068119891
5172,0.5306,6,4,6,602795,2815,104909,3047,0.02607543814146504,0.5197884680996248
5173,0.5307,3,5,3,602800,2810,104912,3044,0.02602912297602727,0.5199863341305091
5174,0.5308,7,6,7,602806,2804,104919,3037,0.025973544777501946,0.5199452148604691
5175,0.5309,2,7,2,602813,2797,104921,3035,0.025908703545889065,0.5204046639231824
5176,0.531,4,1,4,602814,2796,104925,3031,0.025899440512801512,0.520164750300326
5177,0.5311,1,2,1,602816,2794,104926,3030,0.025880914446626404,0.520260989010989
5178,0.5312,6,3,6,602819,2791,104932,3024,0.02585312534736374,0.5200343938091143
5179,0.5313,5,0,5,602819,2791,104937,3019,0.02585312534736374,0.5196213425129088
5180,0.5314,4,2,4,602821,2789,104941,3015,0.02583459928118863,0.5194693314955203
5181,0.5315,6,4,6,602825,2785,104947,3009,0.025797547148838414,0.5193303417328271
5182,0.5316,8,4,8,602829,2781,104955,3001,0.025760495016488198,0.5190245589761329
5183,0.5317,3,8,3,602837,2773,104958,2998,0.025686390751787764,0.5194940218333044
5184,0.5318,3,4,3,602841,2769,104961,2995,0.025649338619437547,0.5196044413601666
5185,0.5319,5,2,5,602843,2767,104966,2990,0.02563081255326244,0.5193677262463089
5186,0.532,4,8,4,602851,2759,104970,2986,0.025556708288562005,0.5197563098346388
5187,0.5321,3,3,3,602854,2756,104973,2983,0.025528919189299344,0.519776964627984
5188,0.5322,9,3,9,602857,2753,104982,2974,0.025501130090036683,0.5192945695826785
5189,0.5323,4,3,4,602860,2750,104986,2970,0.02547334099077402,0.5192307692307693
5190,0.5324,3,2,3,602862,2748,104989,2967,0.02545481492459891,0.5191601049868766
5191,0.5325,3,2,3,602864,2746,104992,2964,0.025436288858423802,0.5190893169877409
5192,0.5326,7,6,7,602870,2740,104999,2957,0.025380710659898477,0.519045111462173
5193,0.5327,5,5,5,602875,2735,105004,2952,0.025334395494460708,0.5190786003165113
5194,0.5328,5,5,5,602880,2730,105009,2947,0.025288080329022935,0.5191122071516646
5195,0.5329,3,1,3,602881,2729,105012,2944,0.025278817295935382,0.5189494094835184
5196,0.533,3,1,3,602882,2728,105015,2941,0.025269554262847826,0.5187863820779679
5197,0.5331,3,4,3,602886,2724,105018,2938,0.02523250213049761,0.5188979159307665
5198,0.5332,6,6,6,602892,2718,105024,2932,0.025176923931972284,0.5189380530973451
5199,0.5333,2,3,2,602895,2715,105026,2930,0.025149134832709624,0.5190434012400355
5200,0.5334,12,7,12,602902,2708,105038,2918,0.025084293601096742,0.5186633487380021
5201,0.5335,4,6,4,602908,2702,105042,2914,0.025028715402571417,0.5188746438746439
5202,0.5336,3,2,3,602910,2700,105045,2911,0.02501018933639631,0.5188023525218322
5203,0.5337,2,4,2,602914,2696,105047,2909,0.024973137204046092,0.5190008920606601
5204,0.5338,7,2,7,602916,2694,105054,2902,0.024954611137870984,0.5185847033595425
5205,0.5339,2,3,2,602919,2691,105056,2900,0.024926822038608323,0.5186907529958863
5206,0.534,6,3,6,602922,2688,105062,2894,0.02489903293934566,0.5184521676818344
5207,0.5341,5,3,5,602925,2685,105067,2889,0.024871243840082997,0.5182992465016146
5208,0.5342,6,4,6,602929,2681,105073,2883,0.02483419170773278,0.5181524083393242
5209,0.5343,5,5,5,602934,2676,105078,2878,0.024787876542295008,0.5181850918257112
5210,0.5344,5,3,5,602937,2673,105083,2873,0.024760087443032347,0.5180310133429499
5211,0.5345,1,5,1,602942,2668,105084,2872,0.024713772277594574,0.5184115523465704
5212,0.5346,2,2,2,602944,2666,105086,2870,0.024695246211419466,0.5184248554913294
5213,0.5347,4,5,4,602949,2661,105090,2866,0.024648931045981697,0.5185453229600144
5214,0.5348,5,3,5,602952,2658,105095,2861,0.024621141946719032,0.5183910128646494
5215,0.5349,5,6,5,602958,2652,105100,2856,0.024565563748193707,0.5185185185185185
5216,0.535,3,6,3,602964,2646,105103,2853,0.024509985549668382,0.5188216039279869
5217,0.5351,7,5,7,602969,2641,105110,2846,0.024463670384230612,0.5186805175870238
5218,0.5352,3,3,3,602972,2638,105113,2843,0.02443588128496795,0.518700966976829
5219,0.5353,3,6,3,602978,2632,105116,2840,0.024380303086442626,0.5190058479532164
5220,0.5354,4,9,4,602987,2623,105120,2836,0.024296935788654637,0.5195090675947975
5221,0.5355,3,3,3,602990,2620,105123,2833,0.024269146689391976,0.5195305336512012
5222,0.5356,5,4,5,602994,2616,105128,2828,0.02423209455704176,0.5194709772226305
5223,0.5357,1,4,1,602998,2612,105129,2827,0.024195042424691542,0.5197646626218054
5224,0.5358,4,8,4,603006,2604,105133,2823,0.02412093815999111,0.5201768933112216
5225,0.5359,5,3,5,603009,2601,105138,2818,0.024093149060728444,0.5200221443070677
5226,0.536,4,3,4,603012,2598,105142,2814,0.024065359961465783,0.5199556541019955
5227,0.5361,4,7,4,603019,2591,105146,2810,0.024000518729852902,0.5202740233290132
5228,0.5362,4,10,4,603029,2581,105150,2806,0.02390788839897736,0.5208836086875812
5229,0.5363,3,5,3,603034,2576,105153,2803,0.02386157323353959,0.5211005763153003
5230,0.5364,3,3,3,603037,2573,105156,2800,0.023833784134276927,0.5211241392145914
5231,0.5365,5,3,5,603040,2570,105161,2795,0.023805995035014266,0.5209692451071761
5232,0.5366,3,2,3,603042,2568,105164,2792,0.023787468968839157,0.5208955223880597
5233,0.5367,0,2,0,603044,2566,105164,2792,0.02376894290266405,0.521089958939903
5234,0.5368,8,5,8,603049,2561,105172,2784,0.023722627737226276,0.5208606173994387
5235,0.5369,1,7,1,603056,2554,105173,2783,0.0236577865056134,0.5214540003747423
5236,0.537,2,0,2,603056,2554,105175,2781,0.0236577865056134,0.5212746016869728
5237,0.5371,7,5,7,603061,2549,105182,2774,0.023611471340175626,0.5211346984783017
5238,0.5372,4,3,4,603064,2546,105186,2770,0.023583682240912965,0.5210684725357412
5239,0.5373,5,1,5,603065,2545,105191,2765,0.02357441920782541,0.5207156308851224
5240,0.5374,2,2,2,603067,2543,105193,2763,0.0235558931416503,0.5207312476441764
5241,0.5375,5,5,5,603072,2538,105198,2758,0.02350957797621253,0.5207703927492447
5242,0.5376,1,3,1,603075,2535,105199,2757,0.023481788876949867,0.5209750566893424
5243,0.5377,6,4,6,603079,2531,105205,2751,0.02344473674459965,0.5208254449072321
5244,0.5378,3,7,3,603086,2524,105208,2748,0.023379895512986772,0.5212443095599393
5245,0.5379,6,5,6,603091,2519,105214,2742,0.023333580347549003,0.5211936894126592
5246,0.538,5,4,5,603095,2515,105219,2737,0.023296528215198786,0.5211348057882711
5247,0.5381,4,2,4,603097,2513,105223,2733,0.023278002149023678,0.5209683568433092
5248,0.5382,1,7,1,603104,2506,105224,2732,0.023213160917410797,0.5215731195112638
5249,0.5383,5,1,5,603105,2505,105229,2727,0.023203897884323244,0.5212155963302753
5250,0.5384,6,3,6,603108,2502,105235,2721,0.02317610878506058,0.520964962665135
5251,0.5385,1,6,1,603114,2496,105236,2720,0.023120530586535255,0.5214723926380368
5252,0.5386,2,1,2,603115,2495,105238,2718,0.023111267553447702,0.5213888356032994
5253,0.5387,3,5,3,603120,2490,105241,2715,0.02306495238800993,0.521613832853026
5254,0.5388,2,4,2,603124,2486,105243,2713,0.023027900255659713,0.5218311213694942
5255,0.5389,5,6,5,603130,2480,105248,2708,0.022972322057134387,0.5219737856592136
5256,0.539,5,6,5,603136,2474,105253,2703,0.022916743858609062,0.5221170562101604
5257,0.5391,5,3,5,603139,2471,105258,2698,0.0228889547593464,0.5219578254981622
5258,0.5392,6,1,6,603140,2470,105264,2692,0.022879691726258845,0.5215032932971716
5259,0.5393,5,4,5,603144,2466,105269,2687,0.02284263959390863,0.5214438191344848
5260,0.5394,3,4,3,603148,2462,105272,2684,0.02280558746155841,0.5215701515740381
5261,0.5395,2,4,2,603152,2458,105274,2682,0.022768535329208195,0.5217898832684825
5262,0.5396,2,1,2,603153,2457,105276,2680,0.022759272296120642,0.5217052754525988
5263,0.5397,7,3,7,603156,2454,105283,2673,0.022731483196857978,0.521357519016969
5264,0.5398,7,3,7,603159,2451,105290,2666,0.022703694097595317,0.5210084033613446
5265,0.5399,0,1,0,603160,2450,105290,2666,0.02269443106450776,0.5211102423768569
5266,0.54,2,8,2,603168,2442,105292,2664,0.022620326799807328,0.5217391304347826
5267,0.5401,4,5,4,603173,2437,105296,2660,0.02257401163436956,0.5218756131057485
5268,0.5402,2,1,2,603174,2436,105298,2658,0.022564748601282002,0.5217903415783275
5269,0.5403,0,1,0,603175,2435,105298,2658,0.02255548556819445,0.521892794031023
5270,0.5404,3,2,3,603177,2433,105301,2655,0.02253695950201934,0.5218160377358491
5271,0.5405,7,3,7,603180,2430,105308,2648,0.022509170402756677,0.5214651437573848
5272,0.5406,6,11,6,603191,2419,105314,2642,0.022407277038793583,0.5220312191266548
5273,0.5407,4,2,4,603193,2417,105318,2638,0.022388750972618474,0.5218595450049456
5274,0.5408,2,3,2,603196,2414,105320,2636,0.02236096187335581,0.521980198019802
5275,0.5409,2,4,2,603200,2410,105322,2634,0.022323909741005597,0.5222045995241872
5276,0.541,3,4,3,603204,2406,105325,2631,0.02228685760865538,0.5223347230494342
5277,0.5411,1,3,1,603207,2403,105326,2630,0.022259068509392715,0.5225511623286311
5278,0.5412,2,2,2,603209,2401,105328,2628,0.022240542443217607,0.5225690992244979
5279,0.5413,4,5,4,603214,2396,105332,2624,0.022194227277779838,0.5227091633466135
5280,0.5414,0,5,0,603219,2391,105332,2624,0.022147912112342065,0.5232303090727817
5281,0.5415,2,3,2,603222,2388,105334,2622,0.022120123013079404,0.5233532934131736
5282,0.5416,3,0,3,603222,2388,105337,2619,0.022120123013079404,0.5230677052127022
5283,0.5417,3,3,3,603225,2385,105340,2616,0.02209233391381674,0.5230953809238152
5284,0.5418,2,6,2,603231,2379,105342,2614,0.022036755715291415,0.5235329461245743
5285,0.5419,2,2,2,603233,2377,105344,2612,0.022018229649116306,0.5235518139907798
5286,0.542,2,5,2,603238,2372,105346,2610,0.021971914483678537,0.5238859895624247
5287,0.5421,6,1,6,603239,2371,105352,2604,0.02196265145059098,0.5234170854271357
5288,0.5422,3,6,3,603245,2365,105355,2601,0.021907073252065656,0.5237615787354007
5289,0.5423,5,0,5,603245,2365,105360,2596,0.021907073252065656,0.5232815964523282
5290,0.5424,4,2,4,603247,2363,105364,2592,0.021888547185890547,0.5231079717457114
5291,0.5425,4,4,4,603251,2359,105368,2588,0.02185149505354033,0.523145340610471
5292,0.5426,4,3,4,603254,2356,105372,2584,0.02182370595427767,0.5230769230769231
5293,0.5427,5,3,5,603257,2353,105377,2579,0.021795916855015005,0.522911597729116
5294,0.5428,6,0,6,603257,2353,105383,2573,0.021795916855015005,0.522330491270808
5295,0.5429,4,6,4,603263,2347,105387,2569,0.02174033865648968,0.5225793327908869
5296,0.543,2,4,2,603267,2343,105389,2567,0.021703286524139463,0.5228105906313646
5297,0.5431,3,3,3,603270,2340,105392,2564,0.021675497424876802,0.5228384991843393
5298,0.5432,3,3,3,603273,2337,105395,2561,0.021647708325614138,0.5228664761126991
5299,0.5433,1,3,1,603276,2334,105396,2560,0.021619919226351477,0.5230894973436861
5300,0.5434,11,1,11,603277,2333,105407,2549,0.02161065619326392,0.5221220811142974
5301,0.5435,4,2,4,603279,2331,105411,2545,0.021592130127088813,0.5219442165709598
5302,0.5436,7,4,7,603283,2327,105418,2538,0.021555077994738596,0.5216855087358685
5303,0.5437,4,3,4,603286,2324,105422,2534,0.021527288895475935,0.521613832853026
5304,0.5438,3,4,3,603290,2320,105425,2531,0.021490236763125718,0.5217480931766646
5305,0.5439,2,4,2,603294,2316,105427,2529,0.0214531846307755,0.5219814241486068
5306,0.544,5,2,5,603296,2314,105432,2524,0.021434658564600393,0.5217031831335263
5307,0.5441,2,2,2,603298,2312,105434,2522,0.021416132498425285,0.5217211419114605
5308,0.5442,2,9,2,603307,2303,105436,2520,0.021332765200637295,0.5224963715529753
5309,0.5443,2,2,2,603309,2301,105438,2518,0.021314239134462187,0.5225150446150654
5310,0.5444,1,2,1,603311,2299,105439,2517,0.021295713068287078,0.5226328903654485
5311,0.5445,2,4,2,603315,2295,105441,2515,0.021258660935936865,0.5228690228690228
5312,0.5446,5,1,5,603316,2294,105446,2510,0.02124939790284931,0.52248126561199
5313,0.5447,4,3,4,603319,2291,105450,2506,0.021221608803586648,0.5224098394830102
5314,0.5448,4,5,4,603324,2286,105454,2502,0.021175293638148875,0.5225563909774437
5315,0.5449,0,3,0,603327,2283,105454,2502,0.021147504538886214,0.5228840125391849
5316,0.545,4,1,4,603328,2282,105458,2498,0.02113824150579866,0.5225941422594143
5317,0.5451,2,3,2,603331,2279,105460,2496,0.021110452406535998,0.5227225130890052
5318,0.5452,2,3,2,603334,2276,105462,2494,0.021082663307273333,0.5228511530398323
5319,0.5453,5,6,5,603340,2270,105467,2489,0.021027085108748008,0.5230090355116621
5320,0.5454,5,3,5,603343,2267,105472,2484,0.020999296009485347,0.5228372974110713
5321,0.5455,7,5,7,603348,2262,105479,2477,0.020952980844047574,0.5226841105718506
5322,0.5456,3,4,3,603352,2258,105482,2474,0.020915928711697358,0.5228233305156382
5323,0.5457,5,2,5,603354,2256,105487,2469,0.02089740264552225,0.5225396825396825
5324,0.5458,3,3,3,603357,2253,105490,2466,0.02086961354625959,0.5225683407501589
5325,0.5459,2,4,2,603361,2249,105492,2464,0.02083256141390937,0.5228092510078506
5326,0.546,3,2,3,603363,2247,105495,2461,0.020814035347734263,0.5227272727272727
5327,0.5461,4,5,4,603368,2242,105499,2457,0.02076772018229649,0.522877207916578
5328,0.5462,5,2,5,603370,2240,105504,2452,0.020749194116121382,0.5225916453537937
5329,0.5463,8,2,8,603372,2238,105512,2444,0.020730668049946274,0.5219991456642461
5330,0.5464,4,4,4,603376,2234,105516,2440,0.020693615917596057,0.5220367993153616
5331,0.5465,2,9,2,603385,2225,105518,2438,0.02061024861980807,0.522839373793695
5332,0.5466,1,2,1,603387,2223,105519,2437,0.020591722553632962,0.5229613733905579
5333,0.5467,2,7,2,603394,2216,105521,2435,0.02052688132202008,0.5235433240163405
5334,0.5468,4,6,4,603400,2210,105525,2431,0.020471303123494756,0.5238095238095238
5335,0.5469,4,4,4,603404,2206,105529,2427,0.02043425099114454,0.5238506367364558
5336,0.547,2,4,2,603408,2202,105531,2425,0.020397198858794322,0.5240976874864923
5337,0.5471,5,3,5,603411,2199,105536,2420,0.02036940975953166,0.5239229270404849
5338,0.5472,3,4,3,603415,2195,105539,2417,0.020332357627181444,0.5240676496097137
5339,0.5473,3,4,3,603419,2191,105542,2414,0.020295305494831228,0.5242128121606949
5340,0.5474,4,5,4,603424,2186,105546,2410,0.020248990329393455,0.5243690165361183
5341,0.5475,4,5,4,603429,2181,105550,2406,0.020202675163955686,0.5245258338783518
5342,0.5476,2,5,2,603434,2176,105552,2404,0.020156359998517916,0.5248908296943231
5343,0.5477,6,3,6,603437,2173,105558,2398,0.020128570899255252,0.5246116823452198
5344,0.5478,3,2,3,603439,2171,105561,2395,0.020110044833080144,0.5245291283399036
5345,0.5479,2,3,2,603442,2168,105563,2393,0.020082255733817483,0.5246656434992326
5346,0.548,2,3,2,603445,2165,105565,2391,0.02005446663455482,0.5248024582967515
5347,0.5481,2,3,2,603448,2162,105567,2389,0.020026677535292157,0.5249395737200615
5348,0.5482,8,4,8,603452,2158,105575,2381,0.01998962540294194,0.5245648821326283
5349,0.5483,3,5,3,603457,2153,105578,2378,0.019943310237504168,0.5248289560803354
5350,0.5484,3,2,3,603459,2151,105581,2375,0.01992478417132906,0.5247459125055236
5351,0.5485,2,4,2,603463,2147,105583,2373,0.019887732038978843,0.525
5352,0.5486,4,6,4,603469,2141,105587,2369,0.019832153840453517,0.5252771618625277
5353,0.5487,5,2,5,603471,2139,105592,2364,0.01981362777427841,0.524983344437042
5354,0.5488,1,4,1,603475,2135,105593,2363,0.019776575641928192,0.5253445975989328
5355,0.5489,6,3,6,603478,2132,105599,2357,0.01974878654266553,0.5250612608598797
5356,0.549,3,3,3,603481,2129,105602,2354,0.019720997443402867,0.525094802587553
5357,0.5491,5,3,5,603484,2126,105607,2349,0.019693208344140206,0.5249162011173184
5358,0.5492,6,4,6,603488,2122,105613,2343,0.01965615621178999,0.5247480403135498
5359,0.5493,2,6,2,603494,2116,105615,2341,0.019600578013264664,0.5252411936280009
5360,0.5494,3,2,3,603496,2114,105618,2338,0.019582051947089556,0.5251572327044025
5361,0.5495,5,1,5,603497,2113,105623,2333,0.019572788914002,0.5247413405308142
5362,0.5496,4,3,4,603500,2110,105627,2329,0.01954499981473934,0.5246677179544943
5363,0.5497,2,5,2,603505,2105,105629,2327,0.019498684649301566,0.5250451263537906
5364,0.5498,3,1,3,603506,2104,105632,2324,0.019489421616214014,0.5248419150858176
5365,0.5499,5,5,5,603511,2099,105637,2319,0.01944310645077624,0.5248981439565414
5366,0.55,2,5,2,603516,2094,105639,2317,0.01939679128533847,0.5252777148038993
5367,0.5501,3,2,3,603518,2092,105642,2314,0.019378265219163363,0.525192918747163
5368,0.5502,1,4,1,603522,2088,105643,2313,0.019341213086813146,0.5255623721881391
5369,0.5503,2,4,2,603526,2084,105645,2311,0.01930416095446293,0.5258248009101252
5370,0.5504,3,6,3,603532,2078,105648,2308,0.019248582755937604,0.5262197902416781
5371,0.5505,2,1,2,603533,2077,105650,2306,0.01923931972285005,0.5261236595938855
5372,0.5506,3,2,3,603535,2075,105653,2303,0.01922079365667494,0.5260392873458201
5373,0.5507,2,2,2,603537,2073,105655,2301,0.01920226759049983,0.5260631001371742
5374,0.5508,4,3,4,603540,2070,105659,2297,0.01917447849123717,0.5259903824135562
5375,0.5509,5,1,5,603541,2069,105664,2292,0.019165215458149615,0.5255675303829397
5376,0.551,2,3,2,603544,2066,105666,2290,0.019137426358886954,0.5257116620752984
5377,0.5511,2,4,2,603548,2062,105668,2288,0.019100374226536737,0.5259770114942529
5378,0.5512,0,4,0,603552,2058,105668,2288,0.01906332209418652,0.5264611136677404
5379,0.5513,4,1,4,603553,2057,105672,2284,0.019054059061098968,0.526146049297397
5380,0.5514,8,4,8,603557,2053,105680,2276,0.01901700692874875,0.5257565257565258
5381,0.5515,5,2,5,603559,2051,105685,2271,0.018998480862573643,0.525451180009255
5382,0.5516,4,4,4,603563,2047,105689,2267,0.018961428730223426,0.5254983773759851
5383,0.5517,4,4,4,603567,2043,105693,2263,0.01892437659787321,0.525545750116117
5384,0.5518,4,2,4,603569,2041,105697,2259,0.0189058505316981,0.5253488372093024
5385,0.5519,3,1,3,603570,2040,105700,2256,0.018896587498610545,0.5251396648044693
5386,0.552,5,2,5,603572,2038,105705,2251,0.018878061432435436,0.5248309629284216
5387,0.5521,4,1,4,603573,2037,105709,2247,0.018868798399347884,0.5245098039215687
5388,0.5522,2,3,2,603576,2034,105711,2245,0.01884100930008522,0.5246552932928255
5389,0.5523,4,3,4,603579,2031,105715,2241,0.01881322020082256,0.5245786516853933
5390,0.5524,6,1,6,603580,2030,105721,2235,0.018803957167735003,0.5240328253223916
5391,0.5525,1,4,1,603584,2026,105722,2234,0.018766905035384786,0.5244131455399061
5392,0.5526,6,4,6,603588,2022,105728,2228,0.01872985290303457,0.524235294117647
5393,0.5527,5,7,5,603595,2015,105733,2223,0.01866501167142169,0.5245398773006135
5394,0.5528,2,1,2,603596,2014,105735,2221,0.018655748638334135,0.5244391971664699
5395,0.5529,1,5,1,603601,2009,105736,2220,0.018609433472896366,0.5249467959328447
5396,0.553,2,0,2,603601,2009,105738,2218,0.018609433472896366,0.5247220250768867
5397,0.5531,4,4,4,603605,2005,105742,2214,0.01857238134054615,0.5247689025835506
5398,0.5532,5,7,5,603612,1998,105747,2209,0.018507540108933268,0.5250772521987164
5399,0.5533,3,3,3,603615,1995,105750,2206,0.018479751009670607,0.5251130683170674
5400,0.5534,5,0,5,603615,1995,105755,2201,0.018479751009670607,0.5245471877979028
5401,0.5535,3,7,3,603622,1988,105758,2198,0.018414909778057726,0.5250836120401338
5402,0.5536,2,3,2,603625,1985,105760,2196,0.018387120678795065,0.5252331977995695
5403,0.5537,1,4,1,603629,1981,105761,2195,0.01835006854644485,0.5256226053639846
5404,0.5538,4,2,4,603631,1979,105765,2191,0.01833154248026974,0.5254196642685851
5405,0.5539,7,4,7,603635,1975,105772,2184,0.018294490347919523,0.525126232267372
5406,0.554,3,3,3,603638,1972,105775,2181,0.01826670124865686,0.5251625331085962
5407,0.5541,4,3,4,603641,1969,105779,2177,0.018238912149394198,0.5250844187168355
5408,0.5542,3,6,3,603647,1963,105782,2174,0.018183333950868873,0.5255015711868504
5409,0.5543,1,7,1,603654,1956,105783,2173,0.01811849271925599,0.5262775490433519
5410,0.5544,3,5,3,603659,1951,105786,2170,0.018072177553818222,0.5265712205775297
5411,0.5545,3,4,3,603663,1947,105789,2167,0.018035125421468005,0.5267379679144385
5412,0.5546,0,3,0,603666,1944,105789,2167,0.018007336322205345,0.527122354658234
5413,0.5547,3,2,3,603668,1942,105792,2164,0.017988810256030236,0.5270336093521676
5414,0.5548,2,1,2,603669,1941,105794,2162,0.01797954722294268,0.5269315135266878
5415,0.5549,5,3,5,603672,1938,105799,2157,0.01795175812368002,0.5267399267399268
5416,0.555,4,5,4,603677,1933,105803,2153,0.017905442958242247,0.5269211943220754
5417,0.5552,3,5,3,603682,1928,105806,2150,0.017859127792804477,0.5272192251103482
5418,0.5553,2,6,2,603688,1922,105808,2148,0.017803549594279152,0.5277641277641277
5419,0.5554,4,6,4,603694,1916,105812,2144,0.017747971395753827,0.5280788177339901
5420,0.5555,0,2,0,603696,1914,105812,2144,0.01772944532957872,0.5283390832922622
5421,0.5556,3,3,3,603699,1911,105815,2141,0.017701656230316054,0.528381046396841
5422,0.5557,2,2,2,603701,1909,105817,2139,0.017683130164140946,0.5284090909090909
5423,0.5558,2,3,2,603704,1906,105819,2137,0.017655341064878285,0.5285678951273807
5424,0.5559,1,0,1,603704,1906,105820,2136,0.017655341064878285,0.5284512617516082
5425,0.556,3,4,3,603708,1902,105823,2133,0.017618288932528068,0.5286245353159851
5426,0.5561,5,1,5,603709,1901,105828,2128,0.017609025899440512,0.5281707619756764
5427,0.5562,4,5,4,603714,1896,105832,2124,0.017562710734002743,0.5283582089552239
5428,0.5563,5,5,5,603719,1891,105837,2119,0.01751639556856497,0.528428927680798
5429,0.5564,2,6,2,603725,1885,105839,2117,0.017460817370039645,0.5289855072463768
5430,0.5565,5,3,5,603728,1882,105844,2112,0.017433028270776984,0.528793189784677
5431,0.5566,1,3,1,603731,1879,105845,2111,0.01740523917151432,0.5290726817042607
5432,0.5567,2,3,2,603734,1876,105847,2109,0.01737745007225166,0.5292346298619824
5433,0.5568,4,5,4,603739,1871,105851,2105,0.017331134906813886,0.5294265593561368
5434,0.5569,3,7,3,603746,1864,105854,2102,0.017266293675201008,0.5300050428643469
5435,0.557,4,5,4,603751,1859,105858,2098,0.017219978509763235,0.5301996461966136
5436,0.5571,0,5,0,603756,1854,105858,2098,0.017173663344325466,0.5308704453441295
5437,0.5572,3,3,3,603759,1851,105861,2095,0.017145874245062802,0.5309173846933604
5438,0.5573,2,3,2,603762,1848,105863,2093,0.01711808514580014,0.5310834813499112
5439,0.5574,5,3,5,603765,1845,105868,2088,0.017090296046537477,0.5308924485125858
5440,0.5575,6,8,6,603773,1837,105874,2082,0.017016191781837046,0.5312579739729523
5441,0.5576,2,1,2,603774,1836,105876,2080,0.01700692874874949,0.5311542390194075
5442,0.5577,7,4,7,603778,1832,105883,2073,0.016969876616399274,0.5308578745198463
5443,0.5578,5,3,5,603781,1829,105888,2068,0.016942087517136613,0.5306646138054915
5444,0.5579,1,1,1,603782,1828,105889,2067,0.016932824484049057,0.5306803594351733
5445,0.558,4,3,4,603785,1825,105893,2063,0.016905035384786396,0.5306069958847737
5446,0.5581,4,5,4,603790,1820,105897,2059,0.016858720219348623,0.5308069089971642
5447,0.5582,4,2,4,603792,1818,105901,2055,0.016840194153173515,0.530596436870643
5448,0.5583,3,5,3,603797,1813,105904,2052,0.016793878987735746,0.5309184993531695
5449,0.5584,4,1,4,603798,1812,105908,2048,0.01678461595464819,0.5305699481865285
5450,0.5585,0,5,0,603803,1807,105908,2048,0.01673830078921042,0.5312581063553826
5451,0.5586,4,3,4,603806,1804,105912,2044,0.016710511689947756,0.5311850311850311
5452,0.5587,3,6,3,603812,1798,105915,2041,0.01665493349142243,0.5316488668924199
5453,0.5588,0,2,0,603814,1796,105915,2041,0.016636407425247322,0.5319259838415429
5454,0.5589,2,2,2,603816,1794,105917,2039,0.016617881359072214,0.531959300808766
5455,0.559,0,2,0,603818,1792,105917,2039,0.016599355292897106,0.5322370138345079
5456,0.5591,7,2,7,603820,1790,105924,2032,0.016580829226721997,0.531658817373103
5457,0.5592,4,2,4,603822,1788,105928,2028,0.01656230316054689,0.5314465408805031
5458,0.5593,2,2,2,603824,1786,105930,2026,0.01654377709437178,0.531479538300105
5459,0.5594,4,1,4,603825,1785,105934,2022,0.016534514061284228,0.5311268715524035
5460,0.5595,0,2,0,603827,1783,105934,2022,0.01651598799510912,0.5314060446780552
5461,0.5596,2,2,2,603829,1781,105936,2020,0.01649746192893401,0.5314390949750066
5462,0.5597,5,3,5,603832,1778,105941,2015,0.016469672829671347,0.5312417611389402
5463,0.5598,5,2,5,603834,1776,105946,2010,0.01645114676349624,0.5309033280507132
5464,0.5599,3,1,3,603835,1775,105949,2007,0.016441883730408686,0.5306716023268112
5465,0.56,6,6,6,603841,1769,105955,2001,0.01638630553188336,0.5307692307692308
5466,0.5601,4,2,4,603843,1767,105959,1997,0.016367779465708252,0.5305526036131775
5467,0.5602,5,2,5,603845,1765,105964,1992,0.016349253399533144,0.5302102741549108
5468,0.5603,4,4,4,603849,1761,105968,1988,0.016312201267182927,0.5302747399306482
5469,0.5604,0,1,0,603850,1760,105968,1988,0.01630293823409537,0.5304162219850587
5470,0.5605,5,4,5,603854,1756,105973,1983,0.016265886101745154,0.5303557100829098
5471,0.5606,7,3,7,603857,1753,105980,1976,0.016238097002482493,0.5299007776883883
5472,0.5607,1,3,1,603860,1750,105981,1975,0.01621030790321983,0.5302013422818792
5473,0.5608,4,4,4,603864,1746,105985,1971,0.016173255770869612,0.5302663438256658
5474,0.5609,4,2,4,603866,1744,105989,1967,0.016154729704694504,0.5300458097547831
5475,0.561,1,1,1,603867,1743,105990,1966,0.01614546667160695,0.5300620113238069
5476,0.5611,4,1,4,603868,1742,105994,1962,0.016136203638519395,0.5296976241900648
5477,0.5612,5,3,5,603871,1739,105999,1957,0.016108414539256734,0.529491341991342
5478,0.5613,2,4,2,603875,1735,106001,1955,0.016071362406906518,0.5298102981029811
5479,0.5614,0,6,0,603881,1729,106001,1955,0.016015784208381192,0.5306731813246471
5480,0.5615,2,3,2,603884,1726,106003,1953,0.015987995109118528,0.5308507746670291
5481,0.5616,4,4,4,603888,1722,106007,1949,0.015950942976768315,0.5309180059929175
5482,0.5617,1,1,1,603889,1721,106008,1948,0.01594167994368076,0.5309348596347778
5483,0.5618,3,3,3,603892,1718,106011,1945,0.015913890844418098,0.530985530985531
5484,0.5619,4,2,4,603894,1716,106015,1941,0.01589536477824299,0.5307629204265791
5485,0.562,2,3,2,603897,1713,106017,1939,0.015867575678980325,0.5309419496166484
5486,0.5621,2,4,2,603901,1709,106019,1937,0.01583052354663011,0.5312671420735052
5487,0.5622,3,2,3,603903,1707,106022,1934,0.015811997480455,0.5311727547377094
5488,0.5623,7,4,7,603907,1703,106029,1927,0.015774945348104783,0.5308539944903581
5489,0.5624,5,3,5,603910,1700,106034,1922,0.015747156248842122,0.5306460519050249
5490,0.5625,3,4,3,603914,1696,106037,1919,0.015710104116491905,0.5308437067773167
5491,0.5626,2,2,2,603916,1694,106039,1917,0.015691578050316797,0.5308778731653282
5492,0.5627,6,4,6,603920,1690,106045,1911,0.01565452591796658,0.5306859205776173
5493,0.5628,2,2,2,603922,1688,106047,1909,0.015635999851791472,0.5307200444815123
5494,0.5629,3,3,3,603925,1685,106050,1906,0.015608210752528807,0.530771372876636
5495,0.563,6,4,6,603929,1681,106056,1900,0.01557115862017859,0.5305780508237923
5496,0.5631,6,5,6,603934,1676,106062,1894,0.01552484345474082,0.5305322128851541
5497,0.5632,6,3,6,603937,1673,106068,1888,0.015497054355478157,0.530188149396237
5498,0.5633,4,1,4,603938,1672,106072,1884,0.015487791322390603,0.5298087739032621
5499,0.5634,4,1,4,603939,1671,106076,1880,0.015478528289303049,0.5294283300478738
5500,0.5635,2,2,2,603941,1669,106078,1878,0.01546000222312794,0.5294615167747392
5501,0.5636,0,2,0,603943,1667,106078,1878,0.015441476156952832,0.5297602256699577
5502,0.5637,2,1,2,603944,1666,106080,1876,0.015432213123865278,0.5296442687747036
5503,0.5638,1,1,1,603945,1665,106081,1875,0.015422950090777725,0.5296610169491526
5504,0.5639,2,1,2,603946,1664,106083,1873,0.015413687057690171,0.5295448119875601
5505,0.564,2,4,2,603950,1660,106085,1871,0.015376634925339954,0.5298782214670065
5506,0.5641,3,4,3,603954,1656,106088,1868,0.015339582792989737,0.5300794551645857
5507,0.5642,4,3,4,603957,1653,106092,1864,0.015311793693727075,0.5299971566676145
5508,0.5643,1,6,1,603963,1647,106093,1863,0.01525621549520175,0.5307692307692308
5509,0.5644,1,3,1,603966,1644,106094,1862,0.015228426395939087,0.5310895607529948
5510,0.5645,4,4,4,603970,1640,106098,1858,0.01519137426358887,0.531160663236135
5511,0.5646,4,3,4,603973,1637,106102,1854,0.015163585164326207,0.5310799197937554
5512,0.5647,3,0,3,603973,1637,106105,1851,0.015163585164326207,0.5306766055045872
5513,0.5648,1,3,1,603976,1634,106106,1850,0.015135796065063545,0.5309988518943742
5514,0.5649,0,3,0,603979,1631,106106,1850,0.015108006965800882,0.5314564780235564
5515,0.565,3,4,3,603983,1627,106109,1847,0.015070954833450665,0.5316637881404721
5516,0.5651,4,2,4,603985,1625,106113,1843,0.015052428767275557,0.5314302191464821
5517,0.5652,5,4,5,603989,1621,106118,1838,0.01501537663492534,0.5313674472390865
5518,0.5653,3,1,3,603990,1620,106121,1835,0.015006113601837786,0.5311143270622286
5519,0.5654,2,1,2,603991,1619,106123,1833,0.014996850568750232,0.5309965237543454
5520,0.5655,4,3,4,603994,1616,106127,1829,0.014969061469487569,0.5309143686502177
5521,0.5656,3,2,3,603996,1614,106130,1826,0.01495053540331246,0.5308139534883721
5522,0.5657,1,2,1,603998,1612,106131,1825,0.014932009337137352,0.5309863252836776
5523,0.5658,5,5,5,604003,1607,106136,1820,0.014885694171699581,0.5310767435074409
5524,0.5659,4,2,4,604005,1605,106140,1816,0.014867168105524473,0.5308389359836305
5525,0.566,3,3,3,604008,1602,106143,1813,0.01483937900626181,0.5308931185944363
5526,0.5661,1,1,1,604009,1601,106144,1812,0.014830115973174256,0.5309112217990039
5527,0.5662,0,2,0,604011,1599,106144,1812,0.014811589906999148,0.5312225153913809
5528,0.5663,5,3,5,604014,1596,106149,1807,0.014783800807736485,0.5310020570085219
5529,0.5664,3,3,3,604017,1593,106152,1804,0.014756011708473822,0.5310568148366206
5530,0.5665,1,5,1,604022,1588,106153,1803,0.014709696543036051,0.5317015629607785
5531,0.5666,4,4,4,604026,1584,106157,1799,0.014672644410685835,0.5317765297073603
5532,0.5667,1,3,1,604029,1581,106158,1798,0.014644855311423172,0.5321100917431193
5533,0.5668,3,4,3,604033,1577,106161,1795,0.014607803179072955,0.5323250296559905
5534,0.5669,2,3,2,604036,1574,106163,1793,0.014580014079810293,0.5325215325215326
5535,0.567,0,3,0,604039,1571,106163,1793,0.01455222498054763,0.5329964328180737
5536,0.5671,2,2,2,604041,1569,106165,1791,0.014533698914372522,0.5330357142857143
5537,0.5672,3,3,3,604044,1566,106168,1788,0.014505909815109859,0.5330948121645797
5538,0.5673,3,2,3,604046,1564,106171,1785,0.01448738374893475,0.5329949238578681
5539,0.5674,1,2,1,604048,1562,106172,1784,0.014468857682759642,0.5331739390316796
5540,0.5675,3,1,3,604049,1561,106175,1781,0.014459594649672088,0.5329144225014961
5541,0.5676,3,5,3,604054,1556,106178,1778,0.014413279484234317,0.5332933413317337
5542,0.5677,2,2,2,604056,1554,106180,1776,0.014394753418059208,0.5333333333333333
5543,0.5678,3,4,3,604060,1550,106183,1773,0.014357701285708993,0.5335540174541077
5544,0.5679,2,1,2,604061,1549,106185,1771,0.01434843825262144,0.533433734939759
5545,0.568,4,5,4,604066,1544,106189,1767,0.014302123087183668,0.5336756266988825
5546,0.5681,1,5,1,604071,1539,106190,1766,0.014255807921745897,0.5343419062027231
5547,0.5682,4,2,4,604073,1537,106194,1762,0.014237281855570789,0.5341012428008487
5548,0.5683,3,4,3,604077,1533,106197,1759,0.014200229723220572,0.534325637910085
5549,0.5684,5,2,5,604079,1531,106202,1754,0.014181703657045464,0.5339421613394216
5550,0.5685,0,1,0,604080,1530,106202,1754,0.01417244062395791,0.5341047503045067
5551,0.5686,1,4,1,604084,1526,106203,1753,0.014135388491607693,0.5346142116498933
5552,0.5687,1,2,1,604086,1524,106204,1752,0.014116862425432584,0.5347985347985348
5553,0.5688,2,2,2,604088,1522,106206,1750,0.014098336359257476,0.534841075794621
5554,0.5689,3,2,3,604090,1520,106209,1747,0.014079810293082367,0.5347413529231712
5555,0.569,2,1,2,604091,1519,106211,1745,0.014070547259994813,0.5346200980392157
5556,0.5691,2,3,2,604094,1516,106213,1743,0.01404275816073215,0.5348266339367904
5557,0.5692,2,4,2,604098,1512,106215,1741,0.014005706028381934,0.5351982785121426
5558,0.5693,3,2,3,604100,1510,106218,1738,0.013987179962206825,0.5350985221674877
5559,0.5694,0,2,0,604102,1508,106218,1738,0.013968653896031717,0.5354282193468884
5560,0.5695,2,3,2,604105,1505,106220,1736,0.013940864796769054,0.5356371490280778
5561,0.5696,1,5,1,604110,1500,106221,1735,0.013894549631331283,0.5363214837712519
5562,0.5697,2,1,2,604111,1499,106223,1733,0.013885286598243729,0.536200495049505
5563,0.5698,2,1,2,604112,1498,106225,1731,0.013876023565156175,0.5360792815113038
5564,0.5699,2,3,2,604115,1495,106227,1729,0.013848234465893512,0.5362903225806451
5565,0.57,2,4,2,604119,1491,106229,1727,0.013811182333543295,0.5366687383467993
5566,0.5701,1,3,1,604122,1488,106230,1726,0.013783393234280633,0.537025513378967
5567,0.5702,5,3,5,604125,1485,106235,1721,0.01375560413501797,0.5368059887710542
5568,0.5703,5,4,5,604129,1481,106240,1716,0.013718552002667753,0.5367532061307476
5569,0.5704,1,1,1,604130,1480,106241,1715,0.0137092889695802,0.5367762128325508
5570,0.5705,2,0,2,604130,1480,106243,1713,0.0137092889695802,0.5364860632633887
5571,0.5706,2,3,2,604133,1477,106245,1711,0.013681499870317537,0.5367001254705144
5572,0.5707,5,1,5,604134,1476,106250,1706,0.013672236837229982,0.5361407919547454
5573,0.5708,2,0,2,604134,1476,106252,1704,0.013672236837229982,0.5358490566037736
5574,0.5709,1,1,1,604135,1475,106253,1703,0.013662973804142428,0.5358716173694147
5575,0.571,2,4,2,604139,1471,106255,1701,0.013625921671792211,0.5362547288776797
5576,0.5711,2,5,2,604144,1466,106257,1699,0.01357960650635444,0.5368088467614534
5577,0.5712,7,0,7,604144,1466,106264,1692,0.01357960650635444,0.5357821405953135
5578,0.5713,2,4,2,604148,1462,106266,1690,0.013542554374004223,0.5361675126903553
5579,0.5714,2,4,2,604152,1458,106268,1688,0.013505502241654007,0.536554354736173
5580,0.5715,4,3,4,604155,1455,106272,1684,0.013477713142391344,0.5364765848996496
5581,0.5716,2,3,2,604158,1452,106274,1682,0.013449924043128681,0.5366943203573707
5582,0.5717,5,1,5,604159,1451,106279,1677,0.013440661010041127,0.5361253196930946
5583,0.5718,3,5,3,604164,1446,106282,1674,0.013394345844603356,0.5365384615384615
5584,0.5719,4,5,4,604169,1441,106286,1670,0.013348030679165585,0.5368048858887817
5585,0.572,4,0,4,604169,1441,106290,1666,0.013348030679165585,0.5362085613131639
5586,0.5721,5,5,5,604174,1436,106295,1661,0.013301715513727814,0.5363254762673555
5587,0.5722,1,3,1,604177,1433,106296,1660,0.013273926414465153,0.5366957646298093
5588,0.5723,3,5,3,604182,1428,106299,1657,0.013227611249027382,0.5371150729335494
5589,0.5724,5,4,5,604186,1424,106304,1652,0.013190559116677165,0.5370611183355006
5590,0.5725,3,2,3,604188,1422,106307,1649,0.013172033050502057,0.5369586453923804
5591,0.5726,0,5,0,604193,1417,106307,1649,0.013125717885064286,0.5378343118069145
5592,0.5727,0,2,0,604195,1415,106307,1649,0.013107191818889178,0.5381853785900783
5593,0.5728,3,6,3,604201,1409,106310,1646,0.013051613620363852,0.5387888707037644
5594,0.5729,2,4,2,604205,1405,106312,1644,0.013014561488013636,0.5391931780911774
5595,0.573,6,4,6,604209,1401,106318,1638,0.012977509355663419,0.5389930898321816
5596,0.5731,4,2,4,604211,1399,106322,1634,0.01295898328948831,0.5387405209363666
5597,0.5732,4,4,4,604215,1395,106326,1630,0.012921931157138094,0.5388429752066116
5598,0.5733,3,4,3,604219,1391,106329,1627,0.012884879024787877,0.5390987408880054
5599,0.5734,3,2,3,604221,1389,106332,1624,0.012866352958612768,0.538997676734152
5600,0.5735,3,3,3,604224,1386,106335,1621,0.012838563859350106,0.5390754905221151
5601,0.5736,2,3,2,604227,1383,106337,1619,0.012810774760087443,0.539307128580946
5602,0.5737,2,2,2,604229,1381,106339,1617,0.012792248693912335,0.5393595730486991
5603,0.5738,4,1,4,604230,1380,106343,1613,0.01278298566082478,0.5389241563648514
5604,0.5739,3,3,3,604233,1377,106346,1610,0.012755196561562118,0.53900234348845
5605,0.574,0,3,0,604236,1374,106346,1610,0.012727407462299455,0.539544235924933
5606,0.5741,2,4,2,604240,1370,106348,1608,0.012690355329949238,0.5399597044996642
5607,0.5742,3,4,3,604244,1366,106351,1605,0.012653303197599022,0.5402221474251094
5608,0.5743,2,2,2,604246,1364,106353,1603,0.012634777131423913,0.5402763734411864
5609,0.5744,7,4,7,604250,1360,106360,1596,0.012597724999073696,0.5399188092016238
5610,0.5745,5,2,5,604252,1358,106365,1591,0.012579198932898588,0.5395049169209901
5611,0.5746,4,2,4,604254,1356,106369,1587,0.01256067286672348,0.5392456676860347
5612,0.5747,1,2,1,604256,1354,106370,1586,0.012542146800548371,0.5394557823129251
5613,0.5748,0,1,0,604257,1353,106370,1586,0.012532883767460817,0.5396393331064988
5614,0.5749,1,1,1,604258,1352,106371,1585,0.012523620734373263,0.5396663261831801
5615,0.575,3,3,3,604261,1349,106374,1582,0.0124958316351106,0.5397475264414876
5616,0.5751,5,4,5,604265,1345,106379,1577,0.012458779502760383,0.5396988364134154
5617,0.5752,1,1,1,604266,1344,106380,1576,0.01244951646967283,0.5397260273972603
5618,0.5753,1,0,1,604266,1344,106381,1575,0.01244951646967283,0.539568345323741
5619,0.5754,0,4,0,604270,1340,106381,1575,0.012412464337322612,0.5403087478559176
5620,0.5755,3,6,3,604276,1334,106384,1572,0.012356886138797287,0.540949759119064
5621,0.5756,6,2,6,604278,1332,106390,1566,0.012338360072622179,0.5403726708074534
5622,0.5757,1,1,1,604279,1331,106391,1565,0.012329097039534625,0.5404005524861878
5623,0.5758,3,4,3,604283,1327,106394,1562,0.012292044907184408,0.5406715126341295
5624,0.5759,3,4,3,604287,1323,106397,1559,0.012254992774834191,0.5409437890353921
5625,0.576,2,2,2,604289,1321,106399,1557,0.012236466708659082,0.5410006949270326
5626,0.5761,1,8,1,604297,1313,106400,1556,0.01216236244395865,0.5423492506099686
5627,0.5762,4,1,4,604298,1312,106404,1552,0.012153099410871096,0.5418994413407822
5628,0.5763,2,6,2,604304,1306,106406,1550,0.012097521212345771,0.5427170868347339
5629,0.5764,3,1,3,604305,1305,106409,1547,0.012088258179258217,0.5424263674614306
5630,0.5765,2,3,2,604308,1302,106411,1545,0.012060469079995554,0.5426765015806112
5631,0.5766,3,4,3,604312,1298,106414,1542,0.012023416947645338,0.5429577464788733
5632,0.5767,4,3,4,604315,1295,106418,1538,0.011995627848382675,0.5428873985174727
5633,0.5768,4,2,4,604317,1293,106422,1534,0.011977101782207566,0.5426246904846127
5634,0.5769,4,3,4,604320,1290,106426,1530,0.011949312682944904,0.5425531914893617
5635,0.577,1,0,1,604320,1290,106427,1529,0.011949312682944904,0.5423909187655197
5636,0.5771,3,0,3,604320,1290,106430,1526,0.011949312682944904,0.5419034090909091
5637,0.5772,4,2,4,604322,1288,106434,1522,0.011930786616769795,0.5416370106761565
5638,0.5773,3,1,3,604323,1287,106437,1519,0.011921523583682241,0.5413399857448326
5639,0.5774,4,4,4,604327,1283,106441,1515,0.011884471451332024,0.541458184417441
5640,0.5775,1,1,1,604328,1282,106442,1514,0.01187520841824447,0.5414878397711016
5641,0.5776,2,2,2,604330,1280,106444,1512,0.011856682352069362,0.5415472779369628
5642,0.5777,2,1,2,604331,1279,106446,1510,0.011847419318981808,0.5414126927214056
5643,0.5778,7,2,7,604333,1277,106453,1503,0.0118288932528067,0.5406474820143885
5644,0.5779,3,0,3,604333,1277,106456,1500,0.0118288932528067,0.5401512423478574
5645,0.578,0,4,0,604337,1273,106456,1500,0.011791841120456482,0.5409304002884963
5646,0.5781,4,5,4,604342,1268,106460,1496,0.011745525955018711,0.5412445730824892
5647,0.5782,5,0,5,604342,1268,106465,1491,0.011745525955018711,0.540413193185937
5648,0.5783,2,3,2,604345,1265,106467,1489,0.011717736855756049,0.5406681190994916
5649,0.5784,2,3,2,604348,1262,106469,1487,0.011689947756493386,0.5409239723535831
5650,0.5785,2,6,2,604354,1256,106471,1485,0.011634369557968061,0.5417730755198833
5651,0.5786,1,3,1,604357,1253,106472,1484,0.011606580458705398,0.5421994884910486
5652,0.5787,4,3,4,604360,1250,106476,1480,0.011578791359442736,0.5421245421245421
5653,0.5788,4,0,4,604360,1250,106480,1476,0.011578791359442736,0.541452677916361
5654,0.5789,0,5,0,604365,1245,106480,1476,0.011532476194004965,0.5424476295479603
5655,0.579,7,5,7,604370,1240,106487,1469,0.011486161028567194,0.5422665190107051
5656,0.5791,1,1,1,604371,1239,106488,1468,0.01147689799547964,0.5422977465829332
5657,0.5792,4,3,4,604374,1236,106492,1464,0.011449108896216977,0.5422222222222223
5658,0.5793,3,3,3,604377,1233,106495,1461,0.011421319796954314,0.5423162583518931
5659,0.5794,1,3,1,604380,1230,106496,1460,0.011393530697691652,0.5427509293680297
5660,0.5795,1,6,1,604386,1224,106497,1459,0.011337952499166326,0.5437942601565412
5661,0.5796,3,1,3,604387,1223,106500,1456,0.011328689466078772,0.5434863755132512
5662,0.5797,6,5,6,604392,1218,106506,1450,0.011282374300641001,0.5434782608695652
5663,0.5798,4,6,4,604398,1212,106510,1446,0.011226796102115676,0.5440180586907449
5664,0.5799,2,3,2,604401,1209,106512,1444,0.011199007002853013,0.5442894836034677
5665,0.58,2,4,2,604405,1205,106514,1442,0.011161954870502798,0.544767661503589
5666,0.5801,2,2,2,604407,1203,106516,1440,0.01114342880432769,0.5448354143019296
5667,0.5802,4,0,4,604407,1203,106520,1436,0.01114342880432769,0.544145509662751
5668,0.5803,4,1,4,604408,1202,106524,1432,0.011134165771240136,0.5436598329536826
5669,0.5804,5,3,5,604411,1199,106529,1427,0.011106376671977473,0.5434120335110434
5670,0.5805,1,3,1,604414,1196,106530,1426,0.01107858757271481,0.543859649122807
5671,0.5806,1,2,1,604416,1194,106531,1425,0.011060061506539702,0.5441008018327605
5672,0.5807,1,3,1,604419,1191,106532,1424,0.01103227240727704,0.5445506692160612
5673,0.5808,1,5,1,604424,1186,106533,1423,0.010985957241839268,0.5454197010348792
5674,0.5809,5,4,5,604428,1182,106538,1418,0.010948905109489052,0.5453846153846154
5675,0.581,2,2,2,604430,1180,106540,1416,0.010930379043313943,0.5454545454545454
5676,0.5811,3,2,3,604432,1178,106543,1413,0.010911852977138835,0.5453492859899652
5677,0.5812,2,1,2,604433,1177,106545,1411,0.01090258994405128,0.5452086553323029
5678,0.5813,1,0,1,604433,1177,106546,1410,0.01090258994405128,0.5450328565906455
5679,0.5814,3,1,3,604434,1176,106549,1407,0.010893326910963726,0.5447154471544715
5680,0.5815,2,2,2,604436,1174,106551,1405,0.010874800844788618,0.5447848003101977
5681,0.5816,1,4,1,604440,1170,106552,1404,0.010837748712438401,0.5454545454545454
5682,0.5817,3,3,3,604443,1167,106555,1401,0.010809959613175739,0.5455607476635514
5683,0.5818,1,4,1,604447,1163,106556,1400,0.010772907480825522,0.5462348809988294
5684,0.5819,4,5,4,604452,1158,106560,1396,0.01072659231538775,0.5465935787000783
5685,0.582,1,0,1,604452,1158,106561,1395,0.01072659231538775,0.5464159811985899
5686,0.5821,3,1,3,604453,1157,106564,1392,0.010717329282300197,0.5460965084346803
5687,0.5822,0,1,0,604454,1156,106564,1392,0.010708066249212642,0.5463108320251178
5688,0.5823,2,0,2,604454,1156,106566,1390,0.010708066249212642,0.5459544383346425
5689,0.5824,1,1,1,604455,1155,106567,1389,0.010698803216125088,0.5459905660377359
5690,0.5825,1,1,1,604456,1154,106568,1388,0.010689540183037534,0.5460267505900865
5691,0.5826,2,2,2,604458,1152,106570,1386,0.010671014116862425,0.5460992907801419
5692,0.5827,3,5,3,604463,1147,106573,1383,0.010624698951424654,0.5466403162055335
5693,0.5828,3,2,3,604465,1145,106576,1380,0.010606172885249546,0.5465346534653466
5694,0.5829,1,4,1,604469,1141,106577,1379,0.01056912075289933,0.5472222222222223
5695,0.583,0,2,0,604471,1139,106577,1379,0.01055059468672422,0.5476568705321684
5696,0.5831,2,1,2,604472,1138,106579,1377,0.010541331653636667,0.5475149105367794
5697,0.5832,4,2,4,604474,1136,106583,1373,0.010522805587461558,0.5472299721004384
5698,0.5833,2,3,2,604477,1133,106585,1371,0.010495016488198896,0.5475239616613419
5699,0.5834,2,3,2,604480,1130,106587,1369,0.010467227388936233,0.5478191276510604
5700,0.5835,5,3,5,604483,1127,106592,1364,0.01043943828967357,0.5475712565234846
5701,0.5836,3,3,3,604486,1124,106595,1361,0.010411649190410908,0.5476861167002012
5702,0.5837,3,3,3,604489,1121,106598,1358,0.010383860091148245,0.5478015328761597
5703,0.5838,3,1,3,604490,1120,106601,1355,0.010374597058060691,0.5474747474747474
5704,0.5839,0,2,0,604492,1118,106601,1355,0.010356070991885583,0.5479175090982612
5705,0.584,0,3,0,604495,1115,106601,1355,0.01032828189262292,0.548582995951417
5706,0.5841,2,4,2,604499,1111,106603,1353,0.010291229760272703,0.5491071428571429
5707,0.5842,3,1,3,604500,1110,106606,1350,0.010281966727185149,0.5487804878048781
5708,0.5843,2,4,2,604504,1106,106608,1348,0.010244914594834932,0.5493072534637327
5709,0.5844,3,1,3,604505,1105,106611,1345,0.010235651561747378,0.5489795918367347
5710,0.5845,3,0,3,604505,1105,106614,1342,0.010235651561747378,0.5484266448712709
5711,0.5846,3,1,3,604506,1104,106617,1339,0.010226388528659824,0.5480966025378633
5712,0.5847,1,1,1,604507,1103,106618,1338,0.01021712549557227,0.548136009832036
5713,0.5848,1,2,1,604509,1101,106619,1337,0.010198599429397161,0.5484003281378179
5714,0.5849,2,1,2,604510,1100,106621,1335,0.010189336396309607,0.5482546201232033
5715,0.585,4,1,4,604511,1099,106625,1331,0.010180073363222053,0.5477366255144033
5716,0.5851,4,4,4,604515,1095,106629,1327,0.010143021230871836,0.5478943022295624
5717,0.5852,1,2,1,604517,1093,106630,1326,0.010124495164696727,0.5481603968582058
5718,0.5853,3,6,3,604523,1087,106633,1323,0.010068916966171404,0.5489626556016598
5719,0.5854,1,4,1,604527,1083,106634,1322,0.010031864833821187,0.5496881496881497
5720,0.5855,5,3,5,604530,1080,106639,1317,0.010004075734558525,0.5494367959949937
5721,0.5856,2,2,2,604532,1078,106641,1315,0.009985549668383416,0.5495194316757208
5722,0.5857,0,3,0,604535,1075,106641,1315,0.009957760569120754,0.5502092050209205
5723,0.5858,4,2,4,604537,1073,106645,1311,0.009939234502945645,0.5499161073825504
5724,0.5859,1,3,1,604540,1070,106646,1310,0.009911445403682983,0.5504201680672269
5725,0.586,3,0,3,604540,1070,106649,1307,0.009911445403682983,0.5498527555742533
5726,0.5861,1,6,1,604546,1064,106650,1306,0.009855867205157657,0.5510548523206751
5727,0.5862,3,0,3,604546,1064,106653,1303,0.009855867205157657,0.5504858470637939
5728,0.5863,1,0,1,604546,1064,106654,1302,0.009855867205157657,0.5502958579881657
5729,0.5864,2,1,2,604547,1063,106656,1300,0.009846604172070103,0.5501481168006771
5730,0.5865,3,1,3,604548,1062,106659,1297,0.009837341138982549,0.5498092412039
5731,0.5866,2,4,2,604552,1058,106661,1295,0.009800289006632332,0.5503612409689758
5732,0.5867,2,3,2,604555,1055,106663,1293,0.00977249990736967,0.5506814310051107
5733,0.5868,4,2,4,604557,1053,106667,1289,0.009753973841194561,0.5503842869342442
5734,0.5869,4,1,4,604558,1052,106671,1285,0.009744710808107007,0.5498502353444588
5735,0.587,1,3,1,604561,1049,106672,1284,0.009716921708844344,0.5503643377625375
5736,0.5871,3,4,3,604565,1045,106675,1281,0.009679869576494127,0.5507308684436801
5737,0.5872,3,5,3,604570,1040,106678,1278,0.009633554411056356,0.551337359792925
5738,0.5873,4,2,4,604572,1038,106682,1274,0.009615028344881248,0.551038062283737
5739,0.5874,5,2,5,604574,1036,106687,1269,0.00959650227870614,0.5505422993492408
5740,0.5875,3,2,3,604576,1034,106690,1266,0.009577976212531031,0.5504347826086956
5741,0.5876,1,2,1,604578,1032,106691,1265,0.009559450146355923,0.5507183282542447
5742,0.5877,2,0,2,604578,1032,106693,1263,0.009559450146355923,0.550326797385621
5743,0.5878,5,4,5,604582,1028,106698,1258,0.009522398014005706,0.5503062117235346
5744,0.5879,7,3,7,604585,1025,106705,1251,0.009494608914743043,0.5496485061511424
5745,0.588,5,1,5,604586,1024,106710,1246,0.009485345881655489,0.5488986784140969
5746,0.5881,3,4,3,604590,1020,106713,1243,0.009448293749305272,0.5492708793636766
5747,0.5882,1,3,1,604593,1017,106714,1242,0.00942050465004261,0.549800796812749
5748,0.5883,0,2,0,604595,1015,106714,1242,0.009401978583867501,0.5502879929109438
5749,0.5884,3,2,3,604597,1013,106717,1239,0.009383452517692393,0.5501776198934281
5750,0.5885,4,2,4,604599,1011,106721,1235,0.009364926451517284,0.54986642920748
5751,0.5886,0,1,0,604600,1010,106721,1235,0.00935566341842973,0.5501113585746102
5752,0.5887,3,2,3,604602,1008,106724,1232,0.009337137352254622,0.55
5753,0.5888,2,2,2,604604,1006,106726,1230,0.009318611286079513,0.5500894454382826
5754,0.5889,1,0,1,604604,1006,106727,1229,0.009318611286079513,0.5498881431767337
5755,0.589,1,1,1,604605,1005,106728,1228,0.00930934825299196,0.5499328257948948
5756,0.5891,2,1,2,604606,1004,106730,1226,0.009300085219904405,0.5497757847533632
5757,0.5892,1,5,1,604611,999,106731,1225,0.009253770054466634,0.5508093525179856
5758,0.5893,2,2,2,604613,997,106733,1223,0.009235243988291526,0.5509009009009009
5759,0.5894,3,2,3,604615,995,106736,1220,0.009216717922116417,0.5507900677200903
5760,0.5895,1,2,1,604617,993,106737,1219,0.009198191855941309,0.5510849909584087
5761,0.5896,2,4,2,604621,989,106739,1217,0.009161139723591092,0.5516772438803264
5762,0.5897,2,3,2,604624,986,106741,1215,0.00913335062432843,0.5520218082689686
5763,0.5898,1,2,1,604626,984,106742,1214,0.009114824558153321,0.5523202911737943
5764,0.5899,3,4,3,604630,980,106745,1211,0.009077772425803104,0.5527156549520766
5765,0.59,5,0,5,604630,980,106750,1206,0.009077772425803104,0.5516925892040256
5766,0.5901,3,4,3,604634,976,106753,1203,0.009040720293452889,0.552088113813676
5767,0.5902,1,3,1,604637,973,106754,1202,0.009012931194190226,0.5526436781609195
5768,0.5903,1,2,1,604639,971,106755,1201,0.008994405128015118,0.5529465930018416
5769,0.5904,2,1,2,604640,970,106757,1199,0.008985142094927564,0.5527893038266483
5770,0.5905,3,1,3,604641,969,106760,1196,0.00897587906184001,0.5524249422632794
5771,0.5906,1,5,1,604646,964,106761,1195,0.008929563896402239,0.5534969893469198
5772,0.5907,0,5,0,604651,959,106761,1195,0.008883248730964468,0.5547818012999072
5773,0.5908,2,1,2,604652,958,106763,1193,0.008873985697876913,0.5546257554625755
5774,0.5909,1,0,1,604652,958,106764,1192,0.008873985697876913,0.5544186046511628
5775,0.591,5,2,5,604654,956,106769,1187,0.008855459631701805,0.5538964069062062
5776,0.5911,2,3,2,604657,953,106771,1185,0.008827670532439142,0.5542563143124415
5777,0.5912,1,1,1,604658,952,106772,1184,0.008818407499351588,0.5543071161048689
5778,0.5913,6,0,6,604658,952,106778,1178,0.008818407499351588,0.5530516431924882
5779,0.5914,4,0,4,604658,952,106782,1174,0.008818407499351588,0.5522107243650047
5780,0.5915,2,5,2,604663,947,106784,1172,0.008772092333913817,0.5530910806984427
5781,0.5916,2,0,2,604663,947,106786,1170,0.008772092333913817,0.5526688710439301
5782,0.5917,3,1,3,604664,946,106789,1167,0.008762829300826263,0.5522953147184099
5783,0.5918,2,3,2,604667,943,106791,1165,0.0087350402015636,0.5526565464895635
5784,0.5919,1,1,1,604668,942,106792,1164,0.008725777168476046,0.5527065527065527
5785,0.592,6,0,6,604668,942,106798,1158,0.008725777168476046,0.5514285714285714
5786,0.5921,1,3,1,604671,939,106799,1157,0.008697988069213384,0.5520038167938931
5787,0.5922,4,0,4,604671,939,106803,1153,0.008697988069213384,0.5511472275334608
5788,0.5923,3,4,3,604675,935,106806,1150,0.008660935936863167,0.5515587529976019
5789,0.5924,4,2,4,604677,933,106810,1146,0.008642409870688058,0.5512265512265512
5790,0.5925,1,0,1,604677,933,106811,1145,0.008642409870688058,0.5510105871029837
5791,0.5926,1,2,1,604679,931,106812,1144,0.00862388380451295,0.5513253012048193
5792,0.5927,2,0,2,604679,931,106814,1142,0.00862388380451295,0.5508924264351182
5793,0.5928,7,1,7,604680,930,106821,1135,0.008614620771425396,0.549636803874092
5794,0.5929,2,3,2,604683,927,106823,1133,0.008586831672162733,0.55
5795,0.593,4,1,4,604684,926,106827,1129,0.008577568639075179,0.5493917274939173
5796,0.5931,4,3,4,604687,923,106831,1125,0.008549779539812516,0.54931640625
5797,0.5932,4,0,4,604687,923,106835,1121,0.008549779539812516,0.5484344422700587
5798,0.5933,1,2,1,604689,921,106836,1120,0.008531253473637408,0.54875061244488
5799,0.5934,3,3,3,604692,918,106839,1117,0.008503464374374745,0.5488943488943488
5800,0.5935,2,3,2,604695,915,106841,1115,0.008475675275112083,0.5492610837438424
5801,0.5936,3,0,3,604695,915,106844,1112,0.008475675275112083,0.5485939812530833
5802,0.5937,3,2,3,604697,913,106847,1109,0.008457149208936974,0.5484668644906033
5803,0.5938,3,3,3,604700,910,106850,1106,0.008429360109674312,0.5486111111111112
5804,0.5939,4,2,4,604702,908,106854,1102,0.008410834043499203,0.5482587064676617
5805,0.594,2,2,2,604704,906,106856,1100,0.008392307977324095,0.5483549351944168
5806,0.5941,2,6,2,604710,900,106858,1098,0.00833672977879877,0.5495495495495496
5807,0.5942,4,1,4,604711,899,106862,1094,0.008327466745711215,0.5489212242849975
5808,0.5943,1,2,1,604713,897,106863,1093,0.008308940679536107,0.5492462311557789
5809,0.5945,1,5,1,604718,892,106864,1092,0.008262625514098336,0.5504032258064516
5810,0.5946,2,3,2,604721,889,106866,1090,0.008234836414835673,0.5507832238504295
5811,0.5947,3,0,3,604721,889,106869,1087,0.008234836414835673,0.5501012145748988
5812,0.5948,2,2,2,604723,887,106871,1085,0.008216310348660565,0.5502028397565923
5813,0.5949,2,9,2,604732,878,106873,1083,0.008132943050872577,0.5522692503824579
5814,0.595,2,4,2,604736,874,106875,1081,0.00809589091852236,0.5529411764705883
5815,0.5951,1,1,1,604737,873,106876,1080,0.008086627885434806,0.5529953917050692
5816,0.5952,2,2,2,604739,871,106878,1078,0.008068101819259698,0.5531041559774243
5817,0.5953,1,3,1,604742,868,106879,1077,0.008040312719997035,0.5537275064267352
5818,0.5954,3,1,3,604743,867,106882,1074,0.00803104968690948,0.5533230293663061
5819,0.5955,2,1,2,604744,866,106884,1072,0.008021786653821927,0.5531475748194015
5820,0.5956,0,2,0,604746,864,106884,1072,0.008003260587646818,0.5537190082644629
5821,0.5957,1,2,1,604748,862,106885,1071,0.00798473452147171,0.55406104500776
5822,0.5958,5,2,5,604750,860,106890,1066,0.007966208455296603,0.553478712357217
5823,0.5959,2,1,2,604751,859,106892,1064,0.007956945422209049,0.5533021320852834
5824,0.596,3,2,3,604753,857,106895,1061,0.00793841935603394,0.5531803962460897
5825,0.5961,1,2,1,604755,855,106896,1060,0.007919893289858832,0.5535248041775457
5826,0.5962,1,2,1,604757,853,106897,1059,0.007901367223683724,0.5538702928870293
5827,0.5963,2,1,2,604758,852,106899,1057,0.00789210419059617,0.5536930330015715
5828,0.5964,3,0,3,604758,852,106902,1054,0.00789210419059617,0.55299055613851
5829,0.5965,1,3,1,604761,849,106903,1053,0.007864315091333507,0.5536277602523659
5830,0.5966,0,1,0,604762,848,106903,1053,0.007855052058245953,0.5539189900052603
5831,0.5967,1,1,1,604763,847,106904,1052,0.007845789025158399,0.5539757767245919
5832,0.5968,2,3,2,604766,844,106906,1050,0.007817999925895736,0.5543822597676874
5833,0.5969,3,0,3,604766,844,106909,1047,0.007817999925895736,0.5536753040719197
5834,0.597,4,2,4,604768,842,106913,1043,0.007799473859720627,0.553315649867374
5835,0.5971,2,4,2,604772,838,106915,1041,0.00776242172737041,0.55401809473124
5836,0.5972,1,1,1,604773,837,106916,1040,0.007753158694282856,0.554075652637187
5837,0.5973,6,0,6,604773,837,106922,1034,0.007753158694282856,0.55264564404062
5838,0.5974,2,1,2,604774,836,106924,1032,0.007743895661195301,0.5524625267665952
5839,0.5975,5,2,5,604776,834,106929,1027,0.007725369595020193,0.5518538420204191
5840,0.5976,0,1,0,604777,833,106929,1027,0.007716106561932639,0.5521505376344086
5841,0.5977,1,1,1,604778,832,106930,1026,0.0077068435288450855,0.5522066738428417
5842,0.5978,3,1,3,604779,831,106933,1023,0.007697580495757531,0.551779935275081
5843,0.5979,0,2,0,604781,829,106933,1023,0.007679054429582423,0.5523758099352052
5844,0.598,4,3,4,604784,826,106937,1019,0.00765126533031976,0.5523035230352303
5845,0.5981,3,1,3,604785,825,106940,1016,0.007642002297232206,0.5518739815317762
5846,0.5982,1,1,1,604786,824,106941,1015,0.007632739264144652,0.5519303969548668
5847,0.5983,2,1,2,604787,823,106943,1013,0.007623476231057098,0.5517429193899782
5848,0.5984,0,2,0,604789,821,106943,1013,0.007604950164881989,0.5523446019629226
5849,0.5985,3,2,3,604791,819,106946,1010,0.007586424098706881,0.5522143247676325
5850,0.5986,2,2,2,604793,817,106948,1008,0.007567898032531772,0.5523287671232877
5851,0.5987,2,1,2,604794,816,106950,1006,0.007558634999444218,0.5521405049396267
5852,0.5988,4,0,4,604794,816,106954,1002,0.007558634999444218,0.5511551155115512
5853,0.5989,2,3,2,604797,813,106956,1000,0.007530845900181556,0.5515719801434087
5854,0.599,0,1,0,604798,812,106956,1000,0.007521582867094001,0.5518763796909493
5855,0.5991,3,2,3,604800,810,106959,997,0.007503056800918893,0.551743220807969
5856,0.5992,2,2,2,604802,808,106961,995,0.0074845307347437846,0.5518580144204104
5857,0.5993,3,0,3,604802,808,106964,992,0.0074845307347437846,0.5511111111111111
5858,0.5994,2,4,2,604806,804,106966,990,0.007447478602393568,0.5518394648829431
5859,0.5995,2,1,2,604807,803,106968,988,0.0074382155693060135,0.5516471245114462
5860,0.5996,1,2,1,604809,801,106969,987,0.007419689503130905,0.552013422818792
5861,0.5997,2,2,2,604811,799,106971,985,0.007401163436955797,0.5521300448430493
5862,0.5998,3,2,3,604813,797,106974,982,0.007382637370780688,0.5519955030916245
5863,0.5999,2,4,2,604817,793,106976,980,0.0073455852384304715,0.5527354765933447
5864,0.6,1,0,1,604817,793,106977,979,0.0073455852384304715,0.5524830699774267
5865,0.6001,1,2,1,604819,791,106978,978,0.007327059172255363,0.5528547201808932
5866,0.6002,1,1,1,604820,790,106979,977,0.007317796139167809,0.5529145444255801
5867,0.6003,1,0,1,604820,790,106980,976,0.007317796139167809,0.5526613816534541
5868,0.6004,3,1,3,604821,789,106983,973,0.007308533106080255,0.5522133938706016
5869,0.6005,3,4,3,604825,785,106986,970,0.007271480973730038,0.5527065527065527
5870,0.6006,2,1,2,604826,784,106988,968,0.007262217940642484,0.5525114155251142
5871,0.6007,4,0,4,604826,784,106992,964,0.007262217940642484,0.551487414187643
5872,0.6008,1,1,1,604827,783,106993,963,0.0072529549075549295,0.5515463917525774
5873,0.6009,3,0,3,604827,783,106996,960,0.0072529549075549295,0.5507745266781411
5874,0.601,2,2,2,604829,781,106998,958,0.007234428841379821,0.5508913168487637
5875,0.6011,1,2,1,604831,779,106999,957,0.007215902775204713,0.5512672811059908
5876,0.6012,2,2,2,604833,777,107001,955,0.007197376709029604,0.5513856812933026
5877,0.6013,4,2,4,604835,775,107005,951,0.007178850642854497,0.5509849362688297
5878,0.6014,3,0,3,604835,775,107008,948,0.007178850642854497,0.5502031340684852
5879,0.6015,4,1,4,604836,774,107012,944,0.0071695876097669425,0.5494761350407451
5880,0.6016,2,0,2,604836,774,107014,942,0.0071695876097669425,0.548951048951049
5881,0.6017,1,3,1,604839,771,107015,941,0.00714179851050428,0.5496495327102804
5882,0.6018,1,2,1,604841,769,107016,940,0.0071232724443291715,0.5500292568753657
5883,0.6019,2,1,2,604842,768,107018,938,0.007114009411241617,0.5498241500586166
5884,0.602,2,0,2,604842,768,107020,936,0.007114009411241617,0.5492957746478874
5885,0.6021,1,1,1,604843,767,107021,935,0.007104746378154063,0.5493537015276145
5886,0.6022,1,4,1,604847,763,107022,934,0.007067694245803846,0.5503830288744844
5887,0.6023,1,1,1,604848,762,107023,933,0.007058431212716292,0.5504424778761062
5888,0.6024,4,1,4,604849,761,107027,929,0.007049168179628738,0.5497041420118344
5889,0.6025,4,3,4,604852,758,107031,925,0.007021379080366075,0.5496137849079026
5890,0.6026,2,3,2,604855,755,107033,923,0.006993589981103413,0.5500595947556615
5891,0.6027,2,1,2,604856,754,107035,921,0.006984326948015858,0.5498507462686567
5892,0.6028,2,4,2,604860,750,107037,919,0.006947274815665642,0.5506291192330737
5893,0.6029,3,2,3,604862,748,107040,916,0.006928748749490533,0.5504807692307693
5894,0.603,2,0,2,604862,748,107042,914,0.006928748749490533,0.5499398315282792
5895,0.6031,4,4,4,604866,744,107046,910,0.006891696617140316,0.5501813784764208
5896,0.6032,1,3,1,604869,741,107047,909,0.006863907517877654,0.5509090909090909
5897,0.6033,4,2,4,604871,739,107051,905,0.006845381451702545,0.5504866180048662
5898,0.6034,3,0,3,604871,739,107054,902,0.006845381451702545,0.5496648385131018
5899,0.6035,2,0,2,604871,739,107056,900,0.006845381451702545,0.5491153142159854
5900,0.6037,2,6,2,604877,733,107058,898,0.00678980325317722,0.5505824647455548
5901,0.6038,0,1,0,604878,732,107058,898,0.006780540220089666,0.550920245398773
5902,0.6039,3,2,3,604880,730,107061,895,0.0067620141539145575,0.5507692307692308
5903,0.604,4,2,4,604882,728,107065,891,0.006743488087739449,0.5503397158739963
5904,0.6041,3,0,3,604882,728,107068,888,0.006743488087739449,0.5495049504950495
5905,0.6042,3,1,3,604883,727,107071,885,0.006734225054651895,0.5490074441687345
5906,0.6043,2,2,2,604885,725,107073,883,0.0067156989884767865,0.5491293532338308
5907,0.6044,0,1,0,604886,724,107073,883,0.006706435955389232,0.5494710640945862
5908,0.6045,5,0,5,604886,724,107078,878,0.006706435955389232,0.5480649188514357
5909,0.6046,3,2,3,604888,722,107081,875,0.006687909889214124,0.5479023168440826
5910,0.6047,3,2,3,604890,720,107084,872,0.0066693838230390155,0.5477386934673367
5911,0.6048,1,2,1,604892,718,107085,871,0.006650857756863907,0.5481434864694776
5912,0.6049,4,1,4,604893,717,107089,867,0.006641594723776354,0.5473484848484849
5913,0.605,3,2,3,604895,715,107092,864,0.006623068657601245,0.5471817606079797
5914,0.6051,3,3,3,604898,712,107095,861,0.006595279558338583,0.547361729179911
5915,0.6052,0,5,0,604903,707,107095,861,0.006548964392900812,0.5491071428571429
5916,0.6053,2,1,2,604904,706,107097,859,0.0065397013598132575,0.5488817891373802
5917,0.6054,2,3,2,604907,703,107099,857,0.006511912260550595,0.5493589743589744
5918,0.6055,2,2,2,604909,701,107101,855,0.0064933861943754865,0.5494858611825193
5919,0.6057,5,2,5,604911,699,107106,850,0.006474860128200378,0.5487411233053583
5920,0.6058,3,1,3,604912,698,107109,847,0.006465597095112824,0.5482200647249191
5921,0.6059,3,5,3,604917,693,107112,844,0.006419281929675053,0.5491216655823032
5922,0.606,5,2,5,604919,691,107117,839,0.0064007558634999445,0.5483660130718955
5923,0.6061,2,0,2,604919,691,107119,837,0.0064007558634999445,0.5477748691099477
5924,0.6062,3,1,3,604920,690,107122,834,0.00639149283041239,0.547244094488189
5925,0.6063,3,2,3,604922,688,107125,831,0.006372966764237282,0.5470704410796576
5926,0.6064,0,3,0,604925,685,107125,831,0.006345177664974619,0.5481530343007915
5927,0.6065,1,1,1,604926,684,107126,830,0.006335914631887065,0.5482166446499339
5928,0.6066,2,2,2,604928,682,107128,828,0.006317388565711957,0.5483443708609271
5929,0.6067,3,1,3,604929,681,107131,825,0.006308125532624402,0.547808764940239
5930,0.6068,2,0,2,604929,681,107133,823,0.006308125532624402,0.5472074468085106
5931,0.6069,2,0,2,604929,681,107135,821,0.006308125532624402,0.5466045272969374
5932,0.607,2,1,2,604930,680,107137,819,0.006298862499536848,0.5463642428285523
5933,0.6071,3,1,3,604931,679,107140,816,0.006289599466449294,0.545819397993311
5934,0.6072,1,2,1,604933,677,107141,815,0.006271073400274186,0.5462466487935657
5935,0.6073,1,2,1,604935,675,107142,814,0.006252547334099077,0.5466756212222968
5936,0.6074,1,0,1,604935,675,107143,813,0.006252547334099077,0.5463709677419355
5937,0.6075,3,1,3,604936,674,107146,810,0.006243284301011523,0.545822102425876
5938,0.6076,1,1,1,604937,673,107147,809,0.006234021267923969,0.5458839406207827
5939,0.6077,6,2,6,604939,671,107153,803,0.00621549520174886,0.5447761194029851
5940,0.6078,2,2,2,604941,669,107155,801,0.006196969135573752,0.5448979591836735
5941,0.6079,4,2,4,604943,667,107159,797,0.0061784430693986436,0.5443989071038251
5942,0.608,2,1,2,604944,666,107161,795,0.006169180036311089,0.5441478439425051
5943,0.6081,2,1,2,604945,665,107163,793,0.006159917003223535,0.5438957475994513
5944,0.6082,1,0,1,604945,665,107164,792,0.006159917003223535,0.543582704186685
5945,0.6083,0,1,0,604946,664,107164,792,0.006150653970135981,0.5439560439560439
5946,0.6084,1,0,1,604946,664,107165,791,0.006150653970135981,0.5436426116838488
5947,0.6085,2,0,2,604946,664,107167,789,0.006150653970135981,0.5430144528561597
5948,0.6086,4,5,4,604951,659,107171,785,0.006104338804698211,0.5436288088642659
5949,0.6087,2,3,2,604954,656,107173,783,0.006076549705435548,0.5441278665740097
5950,0.6088,2,1,2,604955,655,107175,781,0.006067286672347994,0.5438718662952646
5951,0.6089,0,4,0,604959,651,107175,781,0.006030234539997777,0.5453910614525139
5952,0.609,5,3,5,604962,648,107180,776,0.0060024454407351146,0.5449438202247191
5953,0.6091,4,3,4,604965,645,107184,772,0.005974656341472452,0.5448129851799577
5954,0.6092,0,2,0,604967,643,107184,772,0.0059561302752973435,0.545583038869258
5955,0.6093,2,5,2,604972,638,107186,770,0.0059098151098595725,0.546875
5956,0.6094,1,1,1,604973,637,107187,769,0.005900552076772018,0.5469416785206259
5957,0.6095,3,0,3,604973,637,107190,766,0.005900552076772018,0.5459729151817534
5958,0.6097,1,1,1,604974,636,107191,765,0.005891289043684464,0.5460385438972163
5959,0.6098,0,2,0,604976,634,107191,765,0.005872762977509356,0.546819156540386
5960,0.6099,5,1,5,604977,633,107196,760,0.0058634999444218015,0.5455850681981336
5961,0.61,0,2,0,604979,631,107196,760,0.005844973878246693,0.5463695183321352
5962,0.6101,2,2,2,604981,629,107198,758,0.005826447812071585,0.5465032444124008
5963,0.6102,3,2,3,604983,627,107201,755,0.005807921745896476,0.5463096960926194
5964,0.6103,1,4,1,604987,623,107202,754,0.0057708696135462595,0.5475671750181554
5965,0.6104,1,2,1,604989,621,107203,753,0.005752343547371151,0.5480349344978166
5966,0.6105,0,4,0,604993,617,107203,753,0.005715291415020934,0.5496350364963504
5967,0.6106,1,1,1,604994,616,107204,752,0.00570602838193338,0.5497076023391813
5968,0.6107,1,1,1,604995,615,107205,751,0.005696765348845826,0.5497803806734992
5969,0.6108,4,1,4,604996,614,107209,747,0.005687502315758272,0.5488611315209405
5970,0.6109,0,1,0,604997,613,107209,747,0.005678239282670717,0.549264705882353
5971,0.611,2,1,2,604998,612,107211,745,0.005668976249583163,0.5490051584377302
5972,0.6111,2,3,2,605001,609,107213,743,0.005641187150320501,0.5495562130177515
5973,0.6112,1,1,1,605002,608,107214,742,0.005631924117232946,0.5496296296296296
5974,0.6113,3,0,3,605002,608,107217,739,0.005631924117232946,0.5486265775798069
5975,0.6114,2,0,2,605002,608,107219,737,0.005631924117232946,0.5479553903345725
5976,0.6115,0,2,0,605004,606,107219,737,0.005613398051057838,0.5487714072970961
5977,0.6117,1,3,1,605007,603,107220,736,0.005585608951795175,0.549663928304705
5978,0.6119,1,0,1,605007,603,107221,735,0.005585608951795175,0.5493273542600897
5979,0.612,0,2,0,605009,601,107221,735,0.005567082885620068,0.5501497005988024
5980,0.6122,2,2,2,605011,599,107223,733,0.005548556819444959,0.5503003003003003
5981,0.6124,2,0,2,605011,599,107225,731,0.005548556819444959,0.5496240601503759
5982,0.6125,0,1,0,605012,598,107225,731,0.005539293786357405,0.5500376222723853
5983,0.6126,3,5,3,605017,593,107228,728,0.005492978620919634,0.5510976532929599
5984,0.6127,3,2,3,605019,591,107231,725,0.005474452554744526,0.5509118541033434
5985,0.6129,0,1,0,605020,590,107231,725,0.005465189521656972,0.5513307984790875
5986,0.613,2,4,2,605024,586,107233,723,0.005428137389306755,0.5523300229182582
5987,0.6131,1,0,1,605024,586,107234,722,0.005428137389306755,0.5519877675840978
5988,0.6132,0,1,0,605025,585,107234,722,0.005418874356219201,0.5524100994644223
5989,0.6133,5,2,5,605027,583,107239,717,0.005400348290044092,0.5515384615384615
5990,0.6134,2,2,2,605029,581,107241,715,0.005381822223868984,0.5516975308641975
5991,0.6135,2,2,2,605031,579,107243,713,0.005363296157693875,0.5518575851393189
5992,0.6136,1,1,1,605032,578,107244,712,0.005354033124606321,0.5519379844961241
5993,0.6137,2,0,2,605032,578,107246,710,0.005354033124606321,0.5512422360248447
5994,0.6138,2,3,2,605035,575,107248,708,0.0053262440253436585,0.5518316445830086
5995,0.6139,2,3,2,605038,572,107250,706,0.005298454926080996,0.5524256651017214
5996,0.614,2,5,2,605043,567,107252,704,0.005252139760643225,0.5538945712037766
5997,0.6141,4,2,4,605045,565,107256,700,0.0052336136944681165,0.5533596837944664
5998,0.6142,4,2,4,605047,563,107260,696,0.005215087628293008,0.5528196981731534
5999,0.6143,1,2,1,605049,561,107261,695,0.0051965615621179,0.553343949044586
6000,0.6144,0,1,0,605050,560,107261,695,0.0051872985290303455,0.5537848605577689
6001,0.6145,4,1,4,605051,559,107265,691,0.005178035495942791,0.5528
6002,0.6146,2,1,2,605052,558,107267,689,0.005168772462855237,0.5525260625501203
6003,0.6147,0,2,0,605054,556,107267,689,0.005150246396680129,0.5534136546184739
6004,0.6148,0,2,0,605056,554,107267,689,0.00513172033050502,0.5543041029766693
6005,0.615,1,0,1,605056,554,107268,688,0.00513172033050502,0.5539452495974235
6006,0.6151,1,2,1,605058,552,107269,687,0.005113194264329912,0.5544794188861986
6007,0.6152,1,0,1,605058,552,107270,686,0.005113194264329912,0.5541195476575121
6008,0.6153,1,2,1,605060,550,107271,685,0.0050946681981548034,0.5546558704453441
6009,0.6154,1,1,1,605061,549,107272,684,0.005085405165067249,0.5547445255474452
6010,0.6155,1,3,1,605064,546,107273,683,0.005057616065804587,0.5557363710333605
6011,0.6156,2,1,2,605065,545,107275,681,0.005048353032717033,0.5554649265905384
6012,0.6157,1,2,1,605067,543,107276,680,0.005029826966541925,0.5560098119378577
6013,0.6158,2,5,2,605072,538,107278,678,0.004983511801104154,0.5575657894736842
6014,0.6159,1,0,1,605072,538,107279,677,0.004983511801104154,0.557201646090535
6015,0.616,3,0,3,605072,538,107282,674,0.004983511801104154,0.5561056105610561
6016,0.6161,0,2,0,605074,536,107282,674,0.0049649857349290455,0.5570247933884298
6017,0.6162,0,3,0,605077,533,107282,674,0.004937196635666383,0.5584092792046396
6018,0.6163,3,2,3,605079,531,107285,671,0.0049186705694912744,0.5582362728785357
6019,0.6164,2,3,2,605082,528,107287,669,0.004890881470228612,0.5588972431077694
6020,0.6165,3,2,3,605084,526,107290,666,0.004872355404053503,0.5587248322147651
6021,0.6166,1,6,1,605090,520,107291,665,0.004816777205528178,0.5611814345991561
6022,0.6167,1,1,1,605091,519,107292,664,0.004807514172440624,0.5612848689771767
6023,0.6168,0,1,0,605092,518,107292,664,0.00479825113935307,0.5617597292724196
6024,0.6169,2,0,2,605092,518,107294,662,0.00479825113935307,0.5610169491525424
6025,0.617,4,0,4,605092,518,107298,658,0.00479825113935307,0.5595238095238095
6026,0.6171,1,2,1,605094,516,107299,657,0.004779725073177961,0.5601023017902813
6027,0.6172,0,3,0,605097,513,107299,657,0.004751935973915299,0.5615384615384615
6028,0.6173,2,2,2,605099,511,107301,655,0.00473340990774019,0.5617495711835334
6029,0.6174,3,1,3,605100,510,107304,652,0.004724146874652636,0.5611015490533563
6030,0.6175,0,1,0,605101,509,107304,652,0.004714883841565082,0.5615848406546081
6031,0.6176,1,0,1,605101,509,107305,651,0.004714883841565082,0.5612068965517242
6032,0.6177,1,1,1,605102,508,107306,650,0.004705620808477528,0.5613126079447323
6033,0.6178,2,1,2,605103,507,107308,648,0.0046963577753899735,0.561038961038961
6034,0.618,0,2,0,605105,505,107308,648,0.004677831709214865,0.562012142237641
6035,0.6181,1,3,1,605108,502,107309,647,0.0046500426099522025,0.5630983463881636
6036,0.6182,4,0,4,605108,502,107313,643,0.0046500426099522025,0.5615720524017467
6037,0.6183,2,0,2,605108,502,107315,641,0.0046500426099522025,0.5608048993875766
6038,0.6184,3,1,3,605109,501,107318,638,0.004640779576864648,0.5601404741000878
6039,0.6185,2,1,2,605110,500,107320,636,0.004631516543777094,0.5598591549295775
6040,0.6186,1,1,1,605111,499,107321,635,0.00462225351068954,0.5599647266313933
6041,0.6187,1,1,1,605112,498,107322,634,0.004612990477601986,0.5600706713780919
6042,0.6188,0,2,0,605114,496,107322,634,0.004594464411426877,0.5610619469026549
6043,0.619,1,2,1,605116,494,107323,633,0.004575938345251769,0.5616681455190772
6044,0.6191,1,2,1,605118,492,107324,632,0.0045574122790766605,0.5622775800711743
6045,0.6192,0,4,0,605122,488,107324,632,0.0045203601467264445,0.5642857142857143
6046,0.6193,0,2,0,605124,486,107324,632,0.004501834080551336,0.5652951699463328
6047,0.6194,1,0,1,605124,486,107325,631,0.004501834080551336,0.5649059982094897
6048,0.6195,1,0,1,605124,486,107326,630,0.004501834080551336,0.5645161290322581
6049,0.6196,2,0,2,605124,486,107328,628,0.004501834080551336,0.5637342908438061
6050,0.6197,2,0,2,605124,486,107330,626,0.004501834080551336,0.5629496402877698
6051,0.6198,4,3,4,605127,483,107334,622,0.0044740449812886735,0.56289592760181
6052,0.6199,1,3,1,605130,480,107335,621,0.004446255882026011,0.5640326975476839
6053,0.62,1,4,1,605134,476,107336,620,0.004409203749675794,0.5656934306569343
6054,0.6201,1,1,1,605135,475,107337,619,0.00439994071658824,0.5658135283363802
6055,0.6202,1,1,1,605136,474,107338,618,0.004390677683500686,0.5659340659340659
6056,0.6203,0,1,0,605137,473,107338,618,0.0043814146504131315,0.5664527956003667
6057,0.6204,2,2,2,605139,471,107340,616,0.004362888584238023,0.5666973321067157
6058,0.6205,0,2,0,605141,469,107340,616,0.004344362518062915,0.567741935483871
6059,0.6206,1,1,1,605142,468,107341,615,0.0043350994849753605,0.5678670360110804
6060,0.6207,0,2,0,605144,466,107341,615,0.004316573418800252,0.5689176688251619
6061,0.6208,1,2,1,605146,464,107342,614,0.004298047352625144,0.5695732838589982
6062,0.6209,3,0,3,605146,464,107345,611,0.004298047352625144,0.5683720930232559
6063,0.6211,2,2,2,605148,462,107347,609,0.004279521286450035,0.5686274509803921
6064,0.6212,1,2,1,605150,460,107348,608,0.004260995220274927,0.5692883895131086
6065,0.6213,3,2,3,605152,458,107351,605,0.004242469154099818,0.5691439322671684
6066,0.6214,1,4,1,605156,454,107352,604,0.004205417021749602,0.5708884688090737
6067,0.6215,1,1,1,605157,453,107353,603,0.004196153988662047,0.5710227272727273
6068,0.6216,0,1,0,605158,452,107353,603,0.004186890955574493,0.571563981042654
6069,0.6217,1,0,1,605158,452,107354,602,0.004186890955574493,0.571157495256167
6070,0.6219,3,1,3,605159,451,107357,599,0.004177627922486939,0.5704761904761905
6071,0.622,0,3,0,605162,448,107357,599,0.004149838823224276,0.5721107927411653
6072,0.6221,0,1,0,605163,447,107357,599,0.004140575790136722,0.5726577437858509
6073,0.6222,1,3,1,605166,444,107358,598,0.00411278669087406,0.5738963531669866
6074,0.6223,3,3,3,605169,441,107361,595,0.004084997591611397,0.5743243243243243
6075,0.6224,1,4,1,605173,437,107362,594,0.00404794545926118,0.5761396702230844
6076,0.6225,1,3,1,605176,434,107363,593,0.0040201563599985175,0.5774099318403116
6077,0.6226,4,0,4,605176,434,107367,589,0.0040201563599985175,0.5757575757575758
6078,0.6227,2,2,2,605178,432,107369,587,0.004001630293823409,0.5760549558390579
6079,0.6228,1,0,1,605178,432,107370,586,0.004001630293823409,0.5756385068762279
6080,0.6229,5,0,5,605178,432,107375,581,0.004001630293823409,0.5735439289239882
6081,0.623,0,4,0,605182,428,107375,581,0.003964578161473193,0.5758176412289395
6082,0.6232,2,0,2,605182,428,107377,579,0.003964578161473193,0.5749751737835154
6083,0.6233,1,1,1,605183,427,107378,578,0.003955315128385639,0.5751243781094527
6084,0.6234,1,2,1,605185,425,107379,577,0.0039367890622105306,0.5758483033932136
6085,0.6235,1,1,1,605186,424,107380,576,0.003927526029122976,0.576
6086,0.6236,1,2,1,605188,422,107381,575,0.003908999962947868,0.5767301905717152
6087,0.6237,0,2,0,605190,420,107381,575,0.003890473896772759,0.5778894472361809
6088,0.6238,0,1,0,605191,419,107381,575,0.003881210863685205,0.5784708249496981
6089,0.6239,1,1,1,605192,418,107382,574,0.0038719478305976507,0.5786290322580645
6090,0.624,1,1,1,605193,417,107383,573,0.0038626847975100965,0.5787878787878787
6091,0.6241,3,1,3,605194,416,107386,570,0.0038534217644225427,0.5780933062880325
6092,0.6242,1,0,1,605194,416,107387,569,0.0038534217644225427,0.5776649746192893
6093,0.6243,1,1,1,605195,415,107388,568,0.0038441587313349885,0.5778229908443541
6094,0.6244,4,0,4,605195,415,107392,564,0.0038441587313349885,0.5760980592441267
6095,0.6245,1,1,1,605196,414,107393,563,0.0038348956982474343,0.5762538382804504
6096,0.6246,1,1,1,605197,413,107394,562,0.00382563266515988,0.5764102564102564
6097,0.6247,1,2,1,605199,411,107395,561,0.0038071065989847717,0.5771604938271605
6098,0.6248,0,1,0,605200,410,107395,561,0.0037978435658972175,0.5777548918640577
6099,0.6249,2,0,2,605200,410,107397,559,0.0037978435658972175,0.5768833849329206
6100,0.625,0,1,0,605201,409,107397,559,0.0037885805328096633,0.5774793388429752
6101,0.6251,0,1,0,605202,408,107397,559,0.003779317499722109,0.578076525336091
6102,0.6252,1,0,1,605202,408,107398,558,0.003779317499722109,0.577639751552795
6103,0.6253,1,0,1,605202,408,107399,557,0.003779317499722109,0.5772020725388601
6104,0.6254,1,0,1,605202,408,107400,556,0.003779317499722109,0.5767634854771784
6105,0.6256,2,0,2,605202,408,107402,554,0.003779317499722109,0.5758835758835759
6106,0.6257,1,0,1,605202,408,107403,553,0.003779317499722109,0.5754422476586889
6107,0.6258,2,1,2,605203,407,107405,551,0.003770054466634555,0.5751565762004175
6108,0.6259,0,2,0,605205,405,107405,551,0.0037515284004594465,0.5763598326359832
6109,0.626,2,0,2,605205,405,107407,549,0.0037515284004594465,0.5754716981132075
6110,0.6261,1,1,1,605206,404,107408,548,0.0037422653673718923,0.5756302521008403
6111,0.6262,1,0,1,605206,404,107409,547,0.0037422653673718923,0.5751840168243953
6112,0.6263,1,1,1,605207,403,107410,546,0.003733002334284338,0.5753424657534246
6113,0.6264,2,3,2,605210,400,107412,544,0.0037052132350216755,0.576271186440678
6114,0.6265,0,1,0,605211,399,107412,544,0.0036959502019341213,0.5768822905620361
6115,0.6267,0,2,0,605213,397,107412,544,0.003677424135759013,0.5781083953241233
6116,0.6268,2,0,2,605213,397,107414,542,0.003677424135759013,0.577209797657082
6117,0.6269,2,2,2,605215,395,107416,540,0.0036588980695839044,0.5775401069518716
6118,0.627,1,2,1,605217,393,107417,539,0.003640372003408796,0.5783261802575107
6119,0.6271,1,2,1,605219,391,107418,538,0.0036218459372336876,0.5791173304628633
6120,0.6272,3,0,3,605219,391,107421,535,0.0036218459372336876,0.5777537796976242
6121,0.6273,3,1,3,605220,390,107424,532,0.0036125829041461334,0.5770065075921909
6122,0.6274,1,2,1,605222,388,107425,531,0.003594056837971025,0.5778019586507073
6123,0.6276,1,1,1,605223,387,107426,530,0.0035847938048834713,0.5779716466739367
6124,0.6277,1,0,1,605223,387,107427,529,0.0035847938048834713,0.5775109170305677
6125,0.6278,0,1,0,605224,386,107427,529,0.003575530771795917,0.5781420765027322
6126,0.6279,2,1,2,605225,385,107429,527,0.003566267738708363,0.5778508771929824
6127,0.628,2,0,2,605225,385,107431,525,0.003566267738708363,0.5769230769230769
6128,0.6281,2,3,2,605228,382,107433,523,0.0035384786394457002,0.5779005524861879
6129,0.6282,0,1,0,605229,381,107433,523,0.003529215606358146,0.5785398230088495
6130,0.6283,0,1,0,605230,380,107433,523,0.003519952573270592,0.5791805094130675
6131,0.6284,2,1,2,605231,379,107435,521,0.0035106895401830376,0.5788888888888889
6132,0.6285,2,0,2,605231,379,107437,519,0.0035106895401830376,0.5779510022271714
6133,0.6286,1,1,1,605232,378,107438,518,0.0035014265070954834,0.578125
6134,0.6287,1,1,1,605233,377,107439,517,0.003492163474007929,0.5782997762863534
6135,0.6288,1,1,1,605234,376,107440,516,0.003482900440920375,0.57847533632287
6136,0.6289,4,0,4,605234,376,107444,512,0.003482900440920375,0.5765765765765766
6137,0.629,2,0,2,605234,376,107446,510,0.003482900440920375,0.5756207674943566
6138,0.6291,2,2,2,605236,374,107448,508,0.0034643743747452666,0.5759637188208617
6139,0.6292,3,0,3,605236,374,107451,505,0.0034643743747452666,0.5745164960182025
6140,0.6293,1,0,1,605236,374,107452,504,0.0034643743747452666,0.5740318906605922
6141,0.6294,2,0,2,605236,374,107454,502,0.0034643743747452666,0.5730593607305936
6142,0.6295,1,0,1,605236,374,107455,501,0.0034643743747452666,0.5725714285714286
6143,0.6296,3,0,3,605236,374,107458,498,0.0034643743747452666,0.5711009174311926
6144,0.6297,2,1,2,605237,373,107460,496,0.0034551113416577124,0.570771001150748
6145,0.6298,0,2,0,605239,371,107460,496,0.003436585275482604,0.5720876585928489
6146,0.6299,1,0,1,605239,371,107461,495,0.003436585275482604,0.5715935334872979
6147,0.63,1,0,1,605239,371,107462,494,0.003436585275482604,0.5710982658959538
6148,0.6301,2,2,2,605241,369,107464,492,0.0034180592093074956,0.5714285714285714
6149,0.6302,1,4,1,605245,365,107465,491,0.0033810070769572788,0.5735981308411215
6150,0.6303,4,0,4,605245,365,107469,487,0.0033810070769572788,0.5715962441314554
6151,0.6304,2,2,2,605247,363,107471,485,0.0033624810107821704,0.5719339622641509
6152,0.6306,1,1,1,605248,362,107472,484,0.003353217977694616,0.5721040189125296
6153,0.6307,0,2,0,605250,360,107472,484,0.0033346919115195077,0.5734597156398105
6154,0.6308,3,1,3,605251,359,107475,481,0.0033254288784319535,0.5726190476190476
6155,0.6309,2,2,2,605253,357,107477,479,0.0033069028122568456,0.5729665071770335
6156,0.631,0,1,0,605254,356,107477,479,0.0032976397791692914,0.5736526946107784
6157,0.6311,0,1,0,605255,355,107477,479,0.003288376746081737,0.5743405275779376
6158,0.6312,1,0,1,605255,355,107478,478,0.003288376746081737,0.5738295318127251
6159,0.6313,0,1,0,605256,354,107478,478,0.003279113712994183,0.5745192307692307
6160,0.6314,2,2,2,605258,352,107480,476,0.0032605876468190746,0.5748792270531401
6161,0.6315,1,3,1,605261,349,107481,475,0.003232798547556412,0.5764563106796117
6162,0.6316,0,1,0,605262,348,107481,475,0.0032235355144688577,0.5771567436208992
6163,0.6317,1,1,1,605263,347,107482,474,0.0032142724813813035,0.5773447015834349
6164,0.6318,2,1,2,605264,346,107484,472,0.0032050094482937493,0.5770171149144254
6165,0.6319,0,1,0,605265,345,107484,472,0.003195746415206195,0.5777233782129743
6166,0.632,3,0,3,605265,345,107487,469,0.003195746415206195,0.5761670761670762
6167,0.6321,0,1,0,605266,344,107487,469,0.003186483382118641,0.5768757687576875
6168,0.6322,5,1,5,605267,343,107492,464,0.0031772203490310867,0.5749690210656754
6169,0.6323,1,0,1,605267,343,107493,463,0.0031772203490310867,0.5744416873449132
6170,0.6324,0,1,0,605268,342,107493,463,0.0031679573159435325,0.5751552795031056
6171,0.6325,1,2,1,605270,340,107494,462,0.003149431249768424,0.5760598503740648
6172,0.6328,0,1,0,605271,339,107494,462,0.00314016821668087,0.5767790262172284
6173,0.6329,3,3,3,605274,336,107497,459,0.0031123791174182073,0.5773584905660377
6174,0.633,1,0,1,605274,336,107498,458,0.0031123791174182073,0.5768261964735516
6175,0.6331,2,0,2,605274,336,107500,456,0.0031123791174182073,0.5757575757575758
6176,0.6332,0,1,0,605275,335,107500,456,0.003103116084330653,0.5764854614412137
6177,0.6333,2,3,2,605278,332,107502,454,0.0030753269850679905,0.5776081424936387
6178,0.6334,0,1,0,605279,331,107502,454,0.0030660639519804363,0.578343949044586
6179,0.6335,1,1,1,605280,330,107503,453,0.0030568009188928825,0.578544061302682
6180,0.6336,1,1,1,605281,329,107504,452,0.0030475378858053283,0.5787451984635084
6181,0.6338,1,4,1,605285,325,107505,451,0.0030104857534551115,0.5811855670103093
6182,0.6339,0,1,0,605286,324,107505,451,0.0030012227203675573,0.5819354838709677
6183,0.634,0,1,0,605287,323,107505,451,0.002991959687280003,0.582687338501292
6184,0.6341,0,1,0,605288,322,107505,451,0.002982696654192449,0.5834411384217335
6185,0.6342,0,2,0,605290,320,107505,451,0.0029641705880173405,0.5849546044098574
6186,0.6343,1,3,1,605293,317,107506,450,0.002936381488754678,0.5867014341590613
6187,0.6344,1,0,1,605293,317,107507,449,0.002936381488754678,0.5861618798955613
6188,0.6345,0,2,0,605295,315,107507,449,0.0029178554225795694,0.587696335078534
6189,0.6346,1,1,1,605296,314,107508,448,0.0029085923894920152,0.5879265091863517
6190,0.6347,1,1,1,605297,313,107509,447,0.002899329356404461,0.5881578947368421
6191,0.6348,3,0,3,605297,313,107512,444,0.002899329356404461,0.5865257595772787
6192,0.6349,2,1,2,605298,312,107514,442,0.002890066323316907,0.5862068965517241
6193,0.635,3,1,3,605299,311,107517,439,0.0028808032902293526,0.5853333333333334
6194,0.6351,0,2,0,605301,309,107517,439,0.0028622772240542442,0.5868983957219251
6195,0.6352,0,1,0,605302,308,107517,439,0.00285301419096669,0.5876840696117804
6196,0.6353,1,1,1,605303,307,107518,438,0.002843751157879136,0.5879194630872483
6197,0.6354,0,1,0,605304,306,107518,438,0.0028344881247915816,0.5887096774193549
6198,0.6356,1,0,1,605304,306,107519,437,0.0028344881247915816,0.5881561238223418
6199,0.6357,1,0,1,605304,306,107520,436,0.0028344881247915816,0.5876010781671159
6200,0.6358,2,1,2,605305,305,107522,434,0.0028252250917040274,0.5872801082543978
6201,0.6359,1,0,1,605305,305,107523,433,0.0028252250917040274,0.5867208672086721
6202,0.636,2,1,2,605306,304,107525,431,0.002815962058616473,0.5863945578231292
6203,0.6361,2,1,2,605307,303,107527,429,0.002806699025528919,0.5860655737704918
6204,0.6362,1,2,1,605309,301,107528,428,0.002788172959353811,0.5871056241426612
6205,0.6363,1,0,1,605309,301,107529,427,0.002788172959353811,0.5865384615384616
6206,0.6364,3,0,3,605309,301,107532,424,0.002788172959353811,0.5848275862068966
6207,0.6365,1,0,1,605309,301,107533,423,0.002788172959353811,0.5842541436464088
6208,0.6366,1,2,1,605311,299,107534,422,0.0027696468931787026,0.5852981969486823
6209,0.637,0,1,0,605312,298,107534,422,0.0027603838600911484,0.5861111111111111
6210,0.6371,1,0,1,605312,298,107535,421,0.0027603838600911484,0.5855354659248957
6211,0.6372,2,1,2,605313,297,107537,419,0.002751120827003594,0.585195530726257
6212,0.6373,2,1,2,605314,296,107539,417,0.00274185779391604,0.5848527349228612
6213,0.6374,0,2,0,605316,294,107539,417,0.0027233317277409316,0.5864978902953587
6214,0.6375,1,2,1,605318,292,107540,416,0.002704805661565823,0.5875706214689266
6215,0.6376,1,0,1,605318,292,107541,415,0.002704805661565823,0.5869872701555869
6216,0.6377,1,0,1,605318,292,107542,414,0.002704805661565823,0.5864022662889519
6217,0.6378,3,3,3,605321,289,107545,411,0.0026770165623031606,0.5871428571428572
6218,0.638,1,0,1,605321,289,107546,410,0.0026770165623031606,0.586552217453505
6219,0.6381,0,1,0,605322,288,107546,410,0.0026677535292156064,0.5873925501432665
6220,0.6382,1,1,1,605323,287,107547,409,0.002658490496128052,0.5876436781609196
6221,0.6383,2,1,2,605324,286,107549,407,0.002649227463040498,0.5873015873015873
6222,0.6384,1,0,1,605324,286,107550,406,0.002649227463040498,0.5867052023121387
6223,0.6387,0,3,0,605327,283,107550,406,0.0026214383637778354,0.5892597968069666
6224,0.6388,3,1,3,605328,282,107553,403,0.002612175330690281,0.5883211678832116
6225,0.6389,1,3,1,605331,279,107554,402,0.0025843862314276185,0.5903083700440529
6226,0.639,0,1,0,605332,278,107554,402,0.0025751231983400643,0.5911764705882353
6227,0.6391,4,1,4,605333,277,107558,398,0.00256586016525251,0.5896296296296296
6228,0.6392,1,2,1,605335,275,107559,397,0.0025473340990774017,0.5907738095238095
6229,0.6393,0,1,0,605336,274,107559,397,0.0025380710659898475,0.5916542473919523
6230,0.6394,1,2,1,605338,272,107560,396,0.0025195449998147395,0.592814371257485
6231,0.6396,2,0,2,605338,272,107562,394,0.0025195449998147395,0.5915915915915916
6232,0.64,1,1,1,605339,271,107563,393,0.0025102819667271853,0.5918674698795181
6233,0.6401,2,0,2,605339,271,107565,391,0.0025102819667271853,0.5906344410876133
6234,0.6402,1,2,1,605341,269,107566,390,0.002491755900552077,0.5918057663125948
6235,0.6403,0,1,0,605342,268,107566,390,0.0024824928674645227,0.5927051671732523
6236,0.6404,2,0,2,605342,268,107568,388,0.0024824928674645227,0.5914634146341463
6237,0.6405,2,0,2,605342,268,107570,386,0.0024824928674645227,0.5902140672782875
6238,0.6407,6,0,6,605342,268,107576,380,0.0024824928674645227,0.5864197530864198
6239,0.6408,1,0,1,605342,268,107577,379,0.0024824928674645227,0.5857805255023184
6240,0.6409,1,2,1,605344,266,107578,378,0.0024639668012894143,0.5869565217391305
6241,0.641,0,1,0,605345,265,107578,378,0.00245470376820186,0.5878693623639192
6242,0.6412,1,0,1,605345,265,107579,377,0.00245470376820186,0.5872274143302181
6243,0.6413,3,2,3,605347,263,107582,374,0.0024361777020267517,0.5871271585557299
6244,0.6414,1,1,1,605348,262,107583,373,0.0024269146689391975,0.5874015748031496
6245,0.6416,0,1,0,605349,261,107583,373,0.0024176516358516433,0.5883280757097792
6246,0.6417,1,0,1,605349,261,107584,372,0.0024176516358516433,0.5876777251184834
6247,0.6418,2,1,2,605350,260,107586,370,0.002408388602764089,0.5873015873015873
6248,0.6419,2,2,2,605352,258,107588,368,0.0023898625365889807,0.5878594249201278
6249,0.6421,1,0,1,605352,258,107589,367,0.0023898625365889807,0.5872
6250,0.6422,1,2,1,605354,256,107590,366,0.0023713364704138723,0.5884244372990354
6251,0.6423,1,0,1,605354,256,107591,365,0.0023713364704138723,0.5877616747181964
6252,0.6425,1,0,1,605354,256,107592,364,0.0023713364704138723,0.5870967741935483
6253,0.6426,1,2,1,605356,254,107593,363,0.002352810404238764,0.5883306320907618
6254,0.6428,2,0,2,605356,254,107595,361,0.002352810404238764,0.5869918699186992
6255,0.6429,1,1,1,605357,253,107596,360,0.0023435473711512097,0.5872756933115824
6256,0.643,1,1,1,605358,252,107597,359,0.0023342843380636555,0.5875613747954174
6257,0.6431,0,1,0,605359,251,107597,359,0.0023250213049761013,0.5885245901639344
6258,0.6433,0,2,0,605361,249,107597,359,0.002306495238800993,0.5904605263157895
6259,0.6434,1,2,1,605363,247,107598,358,0.0022879691726258844,0.5917355371900826
6260,0.6435,1,0,1,605363,247,107599,357,0.0022879691726258844,0.5910596026490066
6261,0.6436,3,0,3,605363,247,107602,354,0.0022879691726258844,0.589018302828619
6262,0.6441,1,0,1,605363,247,107603,353,0.0022879691726258844,0.5883333333333334
6263,0.6442,1,0,1,605363,247,107604,352,0.0022879691726258844,0.5876460767946577
6264,0.6443,1,0,1,605363,247,107605,351,0.0022879691726258844,0.5869565217391305
6265,0.6444,1,1,1,605364,246,107606,350,0.0022787061395383302,0.587248322147651
6266,0.6445,3,0,3,605364,246,107609,347,0.0022787061395383302,0.5851602023608768
6267,0.6446,1,2,1,605366,244,107610,346,0.0022601800733632223,0.5864406779661017
6268,0.6447,1,0,1,605366,244,107611,345,0.0022601800733632223,0.5857385398981324
6269,0.6448,0,1,0,605367,243,107611,345,0.002250917040275668,0.5867346938775511
6270,0.6449,0,1,0,605368,242,107611,345,0.002241654007188114,0.5877342419080068
6271,0.645,0,1,0,605369,241,107611,345,0.0022323909741005597,0.5887372013651877
6272,0.6451,3,0,3,605369,241,107614,342,0.0022323909741005597,0.5866209262435678
6273,0.6452,0,1,0,605370,240,107614,342,0.0022231279410130055,0.5876288659793815
6274,0.6454,1,0,1,605370,240,107615,341,0.0022231279410130055,0.5869191049913941
6275,0.6456,0,1,0,605371,239,107615,341,0.0022138649079254513,0.5879310344827586
6276,0.6457,1,0,1,605371,239,107616,340,0.0022138649079254513,0.5872193436960277
6277,0.6458,1,0,1,605371,239,107617,339,0.0022138649079254513,0.5865051903114187
6278,0.6461,3,1,3,605372,238,107620,336,0.002204601874837897,0.5853658536585366
6279,0.6462,1,0,1,605372,238,107621,335,0.002204601874837897,0.5846422338568935
6280,0.6463,1,0,1,605372,238,107622,334,0.002204601874837897,0.583916083916084
6281,0.6464,2,0,2,605372,238,107624,332,0.002204601874837897,0.5824561403508772
6282,0.6465,0,2,0,605374,236,107624,332,0.0021860758086627886,0.5845070422535211
6283,0.6466,0,2,0,605376,234,107624,332,0.0021675497424876802,0.5865724381625441
6284,0.6467,3,0,3,605376,234,107627,329,0.0021675497424876802,0.5843694493783304
6285,0.6468,3,1,3,605377,233,107630,326,0.002158286709400126,0.5831842576028623
6286,0.6469,1,1,1,605378,232,107631,325,0.002149023676312572,0.5834829443447038
6287,0.647,0,1,0,605379,231,107631,325,0.0021397606432250176,0.5845323741007195
6288,0.6471,2,0,2,605379,231,107633,323,0.0021397606432250176,0.5830324909747292
6289,0.6472,0,1,0,605380,230,107633,323,0.0021304976101374634,0.5840867992766727
6290,0.6473,0,1,0,605381,229,107633,323,0.002121234577049909,0.5851449275362319
6291,0.6475,3,0,3,605381,229,107636,320,0.002121234577049909,0.5828779599271403
6292,0.6476,0,1,0,605382,228,107636,320,0.002111971543962355,0.583941605839416
6293,0.6477,1,1,1,605383,227,107637,319,0.002102708510874801,0.5842490842490843
6294,0.6478,1,0,1,605383,227,107638,318,0.002102708510874801,0.5834862385321101
6295,0.6479,4,0,4,605383,227,107642,314,0.002102708510874801,0.5804066543438078
6296,0.648,1,2,1,605385,225,107643,313,0.0020841824446996924,0.5817843866171004
6297,0.6481,2,0,2,605385,225,107645,311,0.0020841824446996924,0.5802238805970149
6298,0.6482,0,3,0,605388,222,107645,311,0.00205639334543703,0.5834896810506567
6299,0.6483,1,0,1,605388,222,107646,310,0.00205639334543703,0.5827067669172933
6300,0.6484,2,0,2,605388,222,107648,308,0.00205639334543703,0.5811320754716981
6301,0.6485,2,0,2,605388,222,107650,306,0.00205639334543703,0.5795454545454546
6302,0.6486,4,1,4,605389,221,107654,302,0.0020471303123494756,0.5774378585086042
6303,0.6487,1,0,1,605389,221,107655,301,0.0020471303123494756,0.5766283524904214
6304,0.6488,1,0,1,605389,221,107656,300,0.0020471303123494756,0.5758157389635317
6305,0.649,5,0,5,605389,221,107661,295,0.0020471303123494756,0.5717054263565892
6306,0.6491,3,0,3,605389,221,107664,292,0.0020471303123494756,0.5692007797270955
6307,0.6492,1,2,1,605391,219,107665,291,0.002028604246174367,0.5705882352941176
6308,0.6493,1,0,1,605391,219,107666,290,0.002028604246174367,0.5697445972495089
6309,0.6494,0,1,0,605392,218,107666,290,0.002019341213086813,0.5708661417322834
6310,0.6495,0,1,0,605393,217,107666,290,0.0020100781799992588,0.571992110453649
6311,0.6496,1,0,1,605393,217,107667,289,0.0020100781799992588,0.5711462450592886
6312,0.6497,0,1,0,605394,216,107667,289,0.0020008151469117046,0.5722772277227722
6313,0.6498,0,2,0,605396,214,107667,289,0.0019822890807365966,0.5745526838966203
6314,0.6499,1,0,1,605396,214,107668,288,0.0019822890807365966,0.5737051792828686
6315,0.65,1,0,1,605396,214,107669,287,0.0019822890807365966,0.5728542914171657
6316,0.6501,0,4,0,605400,210,107669,287,0.0019452369483863796,0.5774647887323944
6317,0.6503,1,1,1,605401,209,107670,286,0.0019359739152988254,0.5777777777777777
6318,0.6504,1,1,1,605402,208,107671,285,0.0019267108822112714,0.5780933062880325
6319,0.6505,1,1,1,605403,207,107672,284,0.0019174478491237172,0.5784114052953157
6320,0.6506,1,0,1,605403,207,107673,283,0.0019174478491237172,0.5775510204081633
6321,0.6507,1,1,1,605404,206,107674,282,0.001908184816036163,0.5778688524590164
6322,0.6508,1,0,1,605404,206,107675,281,0.001908184816036163,0.5770020533880903
6323,0.6509,1,0,1,605404,206,107676,280,0.001908184816036163,0.5761316872427984
6324,0.651,0,1,0,605405,205,107676,280,0.0018989217829486088,0.5773195876288659
6325,0.6511,1,1,1,605406,204,107677,279,0.0018896587498610545,0.577639751552795
6326,0.6512,0,1,0,605407,203,107677,279,0.0018803957167735003,0.578838174273859
6327,0.6513,1,0,1,605407,203,107678,278,0.0018803957167735003,0.577962577962578
6328,0.6514,1,0,1,605407,203,107679,277,0.0018803957167735003,0.5770833333333333
6329,0.6516,1,0,1,605407,203,107680,276,0.0018803957167735003,0.5762004175365344
6330,0.6518,1,1,1,605408,202,107681,275,0.0018711326836859461,0.5765199161425576
6331,0.6519,2,0,2,605408,202,107683,273,0.0018711326836859461,0.5747368421052632
6332,0.652,1,0,1,605408,202,107684,272,0.0018711326836859461,0.5738396624472574
6333,0.6522,1,1,1,605409,201,107685,271,0.001861869650598392,0.5741525423728814
6334,0.6523,0,1,0,605410,200,107685,271,0.0018526066175108377,0.5753715498938429
6335,0.6524,1,2,1,605412,198,107686,270,0.0018340805513357293,0.5769230769230769
6336,0.6525,1,0,1,605412,198,107687,269,0.0018340805513357293,0.576017130620985
6337,0.6526,1,0,1,605412,198,107688,268,0.0018340805513357293,0.575107296137339
6338,0.6527,1,0,1,605412,198,107689,267,0.0018340805513357293,0.5741935483870968
6339,0.6529,1,1,1,605413,197,107690,266,0.0018248175182481751,0.5745140388768899
6340,0.653,1,0,1,605413,197,107691,265,0.0018248175182481751,0.5735930735930735
6341,0.6531,0,2,0,605415,195,107691,265,0.0018062914520730667,0.5760869565217391
6342,0.6532,0,2,0,605417,193,107691,265,0.0017877653858979585,0.5786026200873362
6343,0.6533,1,0,1,605417,193,107692,264,0.0017877653858979585,0.5776805251641138
6344,0.6534,1,1,1,605418,192,107693,263,0.0017785023528104043,0.578021978021978
6345,0.6535,1,2,1,605420,190,107694,262,0.001759976286635296,0.5796460176991151
6346,0.6536,1,0,1,605420,190,107695,261,0.001759976286635296,0.5787139689578714
6347,0.654,1,0,1,605420,190,107696,260,0.001759976286635296,0.5777777777777777
6348,0.6541,2,2,2,605422,188,107698,258,0.0017414502204601875,0.57847533632287
6349,0.6543,0,1,0,605423,187,107698,258,0.0017321871873726333,0.5797752808988764
6350,0.6546,1,0,1,605423,187,107699,257,0.0017321871873726333,0.5788288288288288
6351,0.6547,1,1,1,605424,186,107700,256,0.001722924154285079,0.579185520361991
6352,0.6548,2,0,2,605424,186,107702,254,0.001722924154285079,0.5772727272727273
6353,0.6549,0,1,0,605425,185,107702,254,0.001713661121197525,0.5785876993166287
6354,0.655,1,0,1,605425,185,107703,253,0.001713661121197525,0.5776255707762558
6355,0.6553,1,1,1,605426,184,107704,252,0.0017043980881099707,0.5779816513761468
6356,0.6556,0,1,0,605427,183,107704,252,0.0016951350550224165,0.5793103448275863
6357,0.6558,0,2,0,605429,181,107704,252,0.001676608988847308,0.581986143187067
6358,0.6559,1,1,1,605430,180,107705,251,0.0016673459557597539,0.5823665893271461
6359,0.656,0,1,0,605431,179,107705,251,0.0016580829226721999,0.5837209302325581
6360,0.6561,2,0,2,605431,179,107707,249,0.0016580829226721999,0.5817757009345794
6361,0.6562,0,1,0,605432,178,107707,249,0.0016488198895846457,0.5831381733021077
6362,0.6564,2,1,2,605433,177,107709,247,0.0016395568564970915,0.5825471698113207
6363,0.6566,1,0,1,605433,177,107710,246,0.0016395568564970915,0.5815602836879432
6364,0.6567,1,0,1,605433,177,107711,245,0.0016395568564970915,0.580568720379147
6365,0.6568,1,0,1,605433,177,107712,244,0.0016395568564970915,0.5795724465558195
6366,0.6569,0,1,0,605434,176,107712,244,0.0016302938234095373,0.580952380952381
6367,0.6571,0,2,0,605436,174,107712,244,0.0016117677572344289,0.583732057416268
6368,0.6574,2,0,2,605436,174,107714,242,0.0016117677572344289,0.5817307692307693
6369,0.6575,1,1,1,605437,173,107715,241,0.0016025047241468747,0.5821256038647343
6370,0.6576,2,0,2,605437,173,107717,239,0.0016025047241468747,0.5800970873786407
6371,0.658,0,1,0,605438,172,107717,239,0.0015932416910593205,0.5815085158150851
6372,0.6581,1,0,1,605438,172,107718,238,0.0015932416910593205,0.5804878048780487
6373,0.6582,1,2,1,605440,170,107719,237,0.001574715624884212,0.5823095823095823
6374,0.6583,1,0,1,605440,170,107720,236,0.001574715624884212,0.5812807881773399
6375,0.6584,0,1,0,605441,169,107720,236,0.0015654525917966578,0.582716049382716
6376,0.6585,2,0,2,605441,169,107722,234,0.0015654525917966578,0.5806451612903226
6377,0.6586,0,1,0,605442,168,107722,234,0.0015561895587091036,0.582089552238806
6378,0.6587,1,0,1,605442,168,107723,233,0.0015561895587091036,0.5810473815461347
6379,0.6588,2,0,2,605442,168,107725,231,0.0015561895587091036,0.5789473684210527
6380,0.659,1,2,1,605444,166,107726,230,0.0015376634925339952,0.5808080808080808
6381,0.6591,2,0,2,605444,166,107728,228,0.0015376634925339952,0.5786802030456852
6382,0.6592,1,0,1,605444,166,107729,227,0.0015376634925339952,0.5776081424936387
6383,0.6593,1,0,1,605444,166,107730,226,0.0015376634925339952,0.576530612244898
6384,0.6594,0,1,0,605445,165,107730,226,0.0015284004594464412,0.578005115089514
6385,0.6595,1,0,1,605445,165,107731,225,0.0015284004594464412,0.5769230769230769
6386,0.6597,1,1,1,605446,164,107732,224,0.001519137426358887,0.5773195876288659
6387,0.6599,1,1,1,605447,163,107733,223,0.0015098743932713328,0.5777202072538861
6388,0.6601,1,0,1,605447,163,107734,222,0.0015098743932713328,0.5766233766233766
6389,0.6604,1,0,1,605447,163,107735,221,0.0015098743932713328,0.5755208333333334
6390,0.6606,0,2,0,605449,161,107735,221,0.0014913483270962244,0.5785340314136126
6391,0.6607,1,0,1,605449,161,107736,220,0.0014913483270962244,0.5774278215223098
6392,0.6608,1,0,1,605449,161,107737,219,0.0014913483270962244,0.5763157894736842
6393,0.6609,2,2,2,605451,159,107739,217,0.001472822260921116,0.5771276595744681
6394,0.661,1,1,1,605452,158,107740,216,0.0014635592278335618,0.5775401069518716
6395,0.6611,1,0,1,605452,158,107741,215,0.0014635592278335618,0.5764075067024129
6396,0.6612,1,0,1,605452,158,107742,214,0.0014635592278335618,0.5752688172043011
6397,0.6614,0,1,0,605453,157,107742,214,0.0014542961947460076,0.5768194070080862
6398,0.6618,1,0,1,605453,157,107743,213,0.0014542961947460076,0.5756756756756757
6399,0.6619,0,1,0,605454,156,107743,213,0.0014450331616584534,0.5772357723577236
6400,0.6621,1,0,1,605454,156,107744,212,0.0014450331616584534,0.5760869565217391
6401,0.6622,1,2,1,605456,154,107745,211,0.001426507095483345,0.5780821917808219
6402,0.6623,0,1,0,605457,153,107745,211,0.0014172440623957908,0.5796703296703297
6403,0.6624,1,1,1,605458,152,107746,210,0.0014079810293082366,0.580110497237569
6404,0.6625,1,1,1,605459,151,107747,209,0.0013987179962206824,0.5805555555555556
6405,0.6627,1,1,1,605460,150,107748,208,0.0013894549631331284,0.5810055865921788
6406,0.6629,2,0,2,605460,150,107750,206,0.0013894549631331284,0.5786516853932584
6407,0.6631,0,1,0,605461,149,107750,206,0.0013801919300455742,0.5802816901408451
6408,0.6632,1,1,1,605462,148,107751,205,0.00137092889695802,0.5807365439093485
6409,0.6634,0,2,0,605464,146,107751,205,0.0013524028307829116,0.584045584045584
6410,0.6635,1,0,1,605464,146,107752,204,0.0013524028307829116,0.5828571428571429
6411,0.6637,2,1,2,605465,145,107754,202,0.0013431397976953574,0.5821325648414986
6412,0.6638,0,1,0,605466,144,107754,202,0.0013338767646078032,0.5838150289017341
6413,0.6639,1,0,1,605466,144,107755,201,0.0013338767646078032,0.5826086956521739
6414,0.664,0,1,0,605467,143,107755,201,0.001324613731520249,0.5843023255813954
6415,0.6641,0,1,0,605468,142,107755,201,0.0013153506984326948,0.5860058309037901
6416,0.6644,1,0,1,605468,142,107756,200,0.0013153506984326948,0.5847953216374269
6417,0.6646,0,1,0,605469,141,107756,200,0.0013060876653451406,0.5865102639296188
6418,0.6647,0,1,0,605470,140,107756,200,0.0012968246322575864,0.5882352941176471
6419,0.6648,1,0,1,605470,140,107757,199,0.0012968246322575864,0.5870206489675516
6420,0.665,1,0,1,605470,140,107758,198,0.0012968246322575864,0.5857988165680473
6421,0.6651,1,0,1,605470,140,107759,197,0.0012968246322575864,0.5845697329376854
6422,0.6652,0,1,0,605471,139,107759,197,0.0012875615991700322,0.5863095238095238
6423,0.6653,0,1,0,605472,138,107759,197,0.001278298566082478,0.5880597014925373
6424,0.6654,1,0,1,605472,138,107760,196,0.001278298566082478,0.5868263473053892
6425,0.6655,0,1,0,605473,137,107760,196,0.0012690355329949238,0.5885885885885885
6426,0.6656,2,1,2,605474,136,107762,194,0.0012597724999073698,0.5878787878787879
6427,0.666,1,0,1,605474,136,107763,193,0.0012597724999073698,0.5866261398176292
6428,0.6661,1,0,1,605474,136,107764,192,0.0012597724999073698,0.5853658536585366
6429,0.6662,1,0,1,605474,136,107765,191,0.0012597724999073698,0.5840978593272171
6430,0.6663,0,1,0,605475,135,107765,191,0.0012505094668198156,0.5858895705521472
6431,0.6664,2,0,2,605475,135,107767,189,0.0012505094668198156,0.5833333333333334
6432,0.6666,1,1,1,605476,134,107768,188,0.0012412464337322614,0.5838509316770186
6433,0.6668,1,0,1,605476,134,107769,187,0.0012412464337322614,0.5825545171339563
6434,0.6669,0,1,0,605477,133,107769,187,0.0012319834006447072,0.584375
6435,0.667,1,0,1,605477,133,107770,186,0.0012319834006447072,0.5830721003134797
6436,0.6671,0,1,0,605478,132,107770,186,0.001222720367557153,0.5849056603773585
6437,0.6672,1,0,1,605478,132,107771,185,0.001222720367557153,0.583596214511041
6438,0.6673,1,1,1,605479,131,107772,184,0.0012134573344695988,0.5841269841269842
6439,0.6674,1,0,1,605479,131,107773,183,0.0012134573344695988,0.5828025477707006
6440,0.6677,1,1,1,605480,130,107774,182,0.0012041943013820445,0.5833333333333334
6441,0.6679,1,0,1,605480,130,107775,181,0.0012041943013820445,0.5819935691318328
6442,0.6681,1,0,1,605480,130,107776,180,0.0012041943013820445,0.5806451612903226
6443,0.6682,1,1,1,605481,129,107777,179,0.0011949312682944903,0.5811688311688312
6444,0.6683,1,1,1,605482,128,107778,178,0.0011856682352069361,0.5816993464052288
6445,0.6684,2,1,2,605483,127,107780,176,0.001176405202119382,0.5808580858085809
6446,0.6691,1,0,1,605483,127,107781,175,0.001176405202119382,0.5794701986754967
6447,0.6692,1,0,1,605483,127,107782,174,0.001176405202119382,0.5780730897009967
6448,0.6693,1,0,1,605483,127,107783,173,0.001176405202119382,0.5766666666666667
6449,0.6701,0,1,0,605484,126,107783,173,0.0011671421690318277,0.5785953177257525
6450,0.6702,1,0,1,605484,126,107784,172,0.0011671421690318277,0.5771812080536913
6451,0.6703,1,0,1,605484,126,107785,171,0.0011671421690318277,0.5757575757575758
6452,0.6704,1,0,1,605484,126,107786,170,0.0011671421690318277,0.5743243243243243
6453,0.6708,2,2,2,605486,124,107788,168,0.0011486161028567193,0.5753424657534246
6454,0.6709,1,1,1,605487,123,107789,167,0.0011393530697691651,0.5758620689655173
6455,0.671,1,0,1,605487,123,107790,166,0.0011393530697691651,0.5743944636678201
6456,0.6715,1,0,1,605487,123,107791,165,0.0011393530697691651,0.5729166666666666
6457,0.6716,1,0,1,605487,123,107792,164,0.0011393530697691651,0.5714285714285714
6458,0.6719,1,0,1,605487,123,107793,163,0.0011393530697691651,0.5699300699300699
6459,0.672,1,1,1,605488,122,107794,162,0.0011300900366816111,0.5704225352112676
6460,0.6721,1,0,1,605488,122,107795,161,0.0011300900366816111,0.568904593639576
6461,0.6723,0,1,0,605489,121,107795,161,0.001120827003594057,0.5709219858156028
6462,0.6726,0,2,0,605491,119,107795,161,0.0011023009374189485,0.575
6463,0.6727,1,0,1,605491,119,107796,160,0.0011023009374189485,0.5734767025089605
6464,0.6728,1,0,1,605491,119,107797,159,0.0011023009374189485,0.5719424460431655
6465,0.6729,1,1,1,605492,118,107798,158,0.0010930379043313943,0.572463768115942
6466,0.673,0,2,0,605494,116,107798,158,0.001074511838156286,0.5766423357664233
6467,0.6737,2,0,2,605494,116,107800,156,0.001074511838156286,0.5735294117647058
6468,0.6738,0,1,0,605495,115,107800,156,0.0010652488050687317,0.5756457564575646
6469,0.6739,0,1,0,605496,114,107800,156,0.0010559857719811775,0.5777777777777777
6470,0.674,1,1,1,605497,113,107801,155,0.0010467227388936233,0.5783582089552238
6471,0.6742,1,0,1,605497,113,107802,154,0.0010467227388936233,0.5767790262172284
6472,0.6746,2,0,2,605497,113,107804,152,0.0010467227388936233,0.5735849056603773
6473,0.6748,0,2,0,605499,111,107804,152,0.001028196672718515,0.5779467680608364
6474,0.6751,1,0,1,605499,111,107805,151,0.001028196672718515,0.5763358778625954
6475,0.6752,2,1,2,605500,110,107807,149,0.0010189336396309607,0.5752895752895753
6476,0.6756,0,1,0,605501,109,107807,149,0.0010096706065434065,0.5775193798449613
6477,0.6758,0,1,0,605502,108,107807,149,0.0010004075734558523,0.5797665369649806
6478,0.6759,1,2,1,605504,106,107808,148,0.000981881507280744,0.5826771653543307
6479,0.6761,0,2,0,605506,104,107808,148,0.0009633554411056357,0.5873015873015873
6480,0.6764,1,0,1,605506,104,107809,147,0.0009633554411056357,0.5856573705179283
6481,0.6765,1,0,1,605506,104,107810,146,0.0009633554411056357,0.584
6482,0.6767,1,0,1,605506,104,107811,145,0.0009633554411056357,0.5823293172690763
6483,0.6768,0,1,0,605507,103,107811,145,0.0009540924080180815,0.5846774193548387
6484,0.677,2,0,2,605507,103,107813,143,0.0009540924080180815,0.5813008130081301
6485,0.6771,0,1,0,605508,102,107813,143,0.0009448293749305273,0.5836734693877551
6486,0.6773,1,2,1,605510,100,107814,142,0.0009263033087554189,0.5867768595041323
6487,0.6774,0,1,0,605511,99,107814,142,0.0009170402756678647,0.5892116182572614
6488,0.6775,0,2,0,605513,97,107814,142,0.0008985142094927563,0.5941422594142259
6489,0.6776,1,1,1,605514,96,107815,141,0.0008892511764052022,0.5949367088607594
6490,0.6777,0,2,0,605516,94,107815,141,0.0008707251102300938,0.6
6491,0.6778,0,1,0,605517,93,107815,141,0.0008614620771425395,0.6025641025641025
6492,0.6779,0,1,0,605518,92,107815,141,0.0008521990440549853,0.6051502145922747
6493,0.678,0,1,0,605519,91,107815,141,0.0008429360109674311,0.6077586206896551
6494,0.6781,0,1,0,605520,90,107815,141,0.0008336729778798769,0.6103896103896104
6495,0.6782,0,1,0,605521,89,107815,141,0.0008244099447923228,0.6130434782608696
6496,0.6783,1,0,1,605521,89,107816,140,0.0008244099447923228,0.611353711790393
6497,0.6784,1,0,1,605521,89,107817,139,0.0008244099447923228,0.6096491228070176
6498,0.6787,2,0,2,605521,89,107819,137,0.0008244099447923228,0.6061946902654868
6499,0.6789,0,1,0,605522,88,107819,137,0.0008151469117047686,0.6088888888888889
6500,0.6791,1,0,1,605522,88,107820,136,0.0008151469117047686,0.6071428571428571
6501,0.6792,1,0,1,605522,88,107821,135,0.0008151469117047686,0.6053811659192825
6502,0.6793,2,1,2,605523,87,107823,133,0.0008058838786172144,0.6045454545454545
6503,0.6794,1,0,1,605523,87,107824,132,0.0008058838786172144,0.6027397260273972
6504,0.6795,1,0,1,605523,87,107825,131,0.0008058838786172144,0.6009174311926605
6505,0.6797,0,1,0,605524,86,107825,131,0.0007966208455296602,0.6036866359447005
6506,0.6798,0,1,0,605525,85,107825,131,0.000787357812442106,0.6064814814814815
6507,0.6799,2,0,2,605525,85,107827,129,0.000787357812442106,0.602803738317757
6508,0.6804,0,1,0,605526,84,107827,129,0.0007780947793545518,0.6056338028169014
6509,0.6808,1,2,1,605528,82,107828,128,0.0007595687131794435,0.6095238095238096
6510,0.681,1,0,1,605528,82,107829,127,0.0007595687131794435,0.6076555023923444
6511,0.6815,1,0,1,605528,82,107830,126,0.0007595687131794435,0.6057692307692307
6512,0.6817,1,0,1,605528,82,107831,125,0.0007595687131794435,0.6038647342995169
6513,0.682,1,0,1,605528,82,107832,124,0.0007595687131794435,0.6019417475728155
6514,0.6822,1,0,1,605528,82,107833,123,0.0007595687131794435,0.6
6515,0.6823,1,0,1,605528,82,107834,122,0.0007595687131794435,0.5980392156862745
6516,0.6826,1,0,1,605528,82,107835,121,0.0007595687131794435,0.5960591133004927
6517,0.6828,2,0,2,605528,82,107837,119,0.0007595687131794435,0.5920398009950248
6518,0.6833,0,1,0,605529,81,107837,119,0.0007503056800918893,0.595
6519,0.6835,1,0,1,605529,81,107838,118,0.0007503056800918893,0.592964824120603
6520,0.6842,1,0,1,605529,81,107839,117,0.0007503056800918893,0.5909090909090909
6521,0.6845,1,1,1,605530,80,107840,116,0.0007410426470043351,0.5918367346938775
6522,0.6846,0,1,0,605531,79,107840,116,0.0007317796139167809,0.5948717948717949
6523,0.6849,0,1,0,605532,78,107840,116,0.0007225165808292267,0.5979381443298969
6524,0.6852,2,0,2,605532,78,107842,114,0.0007225165808292267,0.59375
6525,0.6854,0,2,0,605534,76,107842,114,0.0007039905146541183,0.6
6526,0.6856,0,1,0,605535,75,107842,114,0.0006947274815665642,0.6031746031746031
6527,0.6859,1,0,1,605535,75,107843,113,0.0006947274815665642,0.601063829787234
6528,0.6862,1,0,1,605535,75,107844,112,0.0006947274815665642,0.5989304812834224
6529,0.6863,0,1,0,605536,74,107844,112,0.00068546444847901,0.6021505376344086
6530,0.6865,2,1,2,605537,73,107846,110,0.0006762014153914558,0.6010928961748634
6531,0.6868,1,0,1,605537,73,107847,109,0.0006762014153914558,0.5989010989010989
6532,0.6875,1,0,1,605537,73,107848,108,0.0006762014153914558,0.5966850828729282
6533,0.6876,1,1,1,605538,72,107849,107,0.0006669383823039016,0.5977653631284916
6534,0.6878,2,1,2,605539,71,107851,105,0.0006576753492163474,0.5965909090909091
6535,0.6879,0,1,0,605540,70,107851,105,0.0006484123161287932,0.6
6536,0.688,2,1,2,605541,69,107853,103,0.000639149283041239,0.5988372093023255
6537,0.6883,1,0,1,605541,69,107854,102,0.000639149283041239,0.5964912280701754
6538,0.6885,0,1,0,605542,68,107854,102,0.0006298862499536849,0.6
6539,0.689,1,0,1,605542,68,107855,101,0.0006298862499536849,0.5976331360946746
6540,0.6893,1,1,1,605543,67,107856,100,0.0006206232168661307,0.5988023952095808
6541,0.6896,1,0,1,605543,67,107857,99,0.0006206232168661307,0.5963855421686747
6542,0.6898,1,0,1,605543,67,107858,98,0.0006206232168661307,0.593939393939394
6543,0.6901,1,0,1,605543,67,107859,97,0.0006206232168661307,0.5914634146341463
6544,0.6903,2,0,2,605543,67,107861,95,0.0006206232168661307,0.5864197530864198
6545,0.6906,2,0,2,605543,67,107863,93,0.0006206232168661307,0.58125
6546,0.6907,0,1,0,605544,66,107863,93,0.0006113601837785765,0.5849056603773585
6547,0.6909,1,0,1,605544,66,107864,92,0.0006113601837785765,0.5822784810126582
6548,0.6911,1,0,1,605544,66,107865,91,0.0006113601837785765,0.5796178343949044
6549,0.6914,1,0,1,605544,66,107866,90,0.0006113601837785765,0.5769230769230769
6550,0.6921,1,0,1,605544,66,107867,89,0.0006113601837785765,0.5741935483870968
6551,0.6922,1,1,1,605545,65,107868,88,0.0006020971506910223,0.5751633986928104
6552,0.6923,1,0,1,605545,65,107869,87,0.0006020971506910223,0.5723684210526315
6553,0.6925,1,1,1,605546,64,107870,86,0.0005928341176034681,0.5733333333333334
6554,0.6927,1,0,1,605546,64,107871,85,0.0005928341176034681,0.5704697986577181
6555,0.6929,1,0,1,605546,64,107872,84,0.0005928341176034681,0.5675675675675675
6556,0.6932,0,2,0,605548,62,107872,84,0.0005743080514283597,0.5753424657534246
6557,0.6933,0,1,0,605549,61,107872,84,0.0005650450183408056,0.5793103448275863
6558,0.6936,0,1,0,605550,60,107872,84,0.0005557819852532514,0.5833333333333334
6559,0.6938,0,1,0,605551,59,107872,84,0.0005465189521656972,0.5874125874125874
6560,0.6939,1,0,1,605551,59,107873,83,0.0005465189521656972,0.5845070422535211
6561,0.6941,1,0,1,605551,59,107874,82,0.0005465189521656972,0.5815602836879432
6562,0.6942,1,0,1,605551,59,107875,81,0.0005465189521656972,0.5785714285714286
6563,0.6944,1,0,1,605551,59,107876,80,0.0005465189521656972,0.5755395683453237
6564,0.6953,0,1,0,605552,58,107876,80,0.000537255919078143,0.5797101449275363
6565,0.6954,1,0,1,605552,58,107877,79,0.000537255919078143,0.5766423357664233
6566,0.6955,1,1,1,605553,57,107878,78,0.0005279928859905888,0.5777777777777777
6567,0.6956,1,0,1,605553,57,107879,77,0.0005279928859905888,0.5746268656716418
6568,0.6957,1,0,1,605553,57,107880,76,0.0005279928859905888,0.5714285714285714
6569,0.6959,0,1,0,605554,56,107880,76,0.0005187298529030345,0.5757575757575758
6570,0.696,1,0,1,605554,56,107881,75,0.0005187298529030345,0.5725190839694656
6571,0.6961,1,1,1,605555,55,107882,74,0.0005094668198154803,0.5736434108527132
6572,0.6963,0,2,0,605557,53,107882,74,0.000490940753640372,0.5826771653543307
6573,0.6964,0,1,0,605558,52,107882,74,0.00048167772055281784,0.5873015873015873
6574,0.6966,1,0,1,605558,52,107883,73,0.00048167772055281784,0.584
6575,0.6972,1,1,1,605559,51,107884,72,0.00047241468746526364,0.5853658536585366
6576,0.6974,1,1,1,605560,50,107885,71,0.00046315165437770943,0.5867768595041323
6577,0.6977,1,1,1,605561,49,107886,70,0.00045388862129015523,0.5882352941176471
6578,0.6978,1,1,1,605562,48,107887,69,0.0004446255882026011,0.5897435897435898
6579,0.6981,1,0,1,605562,48,107888,68,0.0004446255882026011,0.5862068965517241
6580,0.6984,1,0,1,605562,48,107889,67,0.0004446255882026011,0.5826086956521739
6581,0.6992,1,0,1,605562,48,107890,66,0.0004446255882026011,0.5789473684210527
6582,0.6994,1,0,1,605562,48,107891,65,0.0004446255882026011,0.5752212389380531
6583,0.6996,1,0,1,605562,48,107892,64,0.0004446255882026011,0.5714285714285714
6584,0.7,1,0,1,605562,48,107893,63,0.0004446255882026011,0.5675675675675675
6585,0.7001,0,1,0,605563,47,107893,63,0.0004353625551150469,0.5727272727272728
6586,0.7004,1,0,1,605563,47,107894,62,0.0004353625551150469,0.5688073394495413
6587,0.7006,1,0,1,605563,47,107895,61,0.0004353625551150469,0.5648148148148148
6588,0.7007,0,1,0,605564,46,107895,61,0.00042609952202749267,0.5700934579439252
6589,0.7011,0,1,0,605565,45,107895,61,0.00041683648893993847,0.5754716981132075
6590,0.7012,1,0,1,605565,45,107896,60,0.00041683648893993847,0.5714285714285714
6591,0.7013,0,1,0,605566,44,107896,60,0.0004075734558523843,0.5769230769230769
6592,0.7016,0,1,0,605567,43,107896,60,0.0003983104227648301,0.5825242718446602
6593,0.7019,1,0,1,605567,43,107897,59,0.0003983104227648301,0.5784313725490197
6594,0.7021,2,0,2,605567,43,107899,57,0.0003983104227648301,0.57
6595,0.7023,0,1,0,605568,42,107899,57,0.0003890473896772759,0.5757575757575758
6596,0.7024,0,1,0,605569,41,107899,57,0.00037978435658972176,0.5816326530612245
6597,0.7029,1,0,1,605569,41,107900,56,0.00037978435658972176,0.5773195876288659
6598,0.7034,1,0,1,605569,41,107901,55,0.00037978435658972176,0.5729166666666666
6599,0.7035,0,1,0,605570,40,107901,55,0.00037052132350216756,0.5789473684210527
6600,0.7036,1,0,1,605570,40,107902,54,0.00037052132350216756,0.574468085106383
6601,0.7039,0,1,0,605571,39,107902,54,0.00036125829041461335,0.5806451612903226
6602,0.7041,1,0,1,605571,39,107903,53,0.00036125829041461335,0.5760869565217391
6603,0.7042,0,1,0,605572,38,107903,53,0.00035199525732705915,0.5824175824175825
6604,0.7047,0,1,0,605573,37,107903,53,0.000342732224239505,0.5888888888888889
6605,0.7057,0,1,0,605574,36,107903,53,0.0003334691911519508,0.5955056179775281
6606,0.7059,1,1,1,605575,35,107904,52,0.0003242061580643966,0.5977011494252874
6607,0.706,0,1,0,605576,34,107904,52,0.00031494312497684244,0.6046511627906976
6608,0.7063,1,0,1,605576,34,107905,51,0.00031494312497684244,0.6
6609,0.7064,1,0,1,605576,34,107906,50,0.00031494312497684244,0.5952380952380952
6610,0.7069,0,2,0,605578,32,107906,50,0.00029641705880173404,0.6097560975609756
6611,0.707,1,0,1,605578,32,107907,49,0.00029641705880173404,0.6049382716049383
6612,0.7076,0,1,0,605579,31,107907,49,0.00028715402571417983,0.6125
6613,0.7077,1,0,1,605579,31,107908,48,0.00028715402571417983,0.6075949367088608
6614,0.7078,1,0,1,605579,31,107909,47,0.00028715402571417983,0.6025641025641025
6615,0.7082,1,1,1,605580,30,107910,46,0.0002778909926266257,0.6052631578947368
6616,0.7085,1,0,1,605580,30,107911,45,0.0002778909926266257,0.6
6617,0.7087,1,0,1,605580,30,107912,44,0.0002778909926266257,0.5945945945945946
6618,0.7089,1,1,1,605581,29,107913,43,0.0002686279595390715,0.5972222222222222
6619,0.7096,0,1,0,605582,28,107913,43,0.0002593649264515173,0.6056338028169014
6620,0.7114,0,1,0,605583,27,107913,43,0.00025010189336396307,0.6142857142857143
6621,0.7119,1,0,1,605583,27,107914,42,0.00025010189336396307,0.6086956521739131
6622,0.7125,1,0,1,605583,27,107915,41,0.00025010189336396307,0.6029411764705882
6623,0.7129,0,1,0,605584,26,107915,41,0.00024083886027640892,0.6119402985074627
6624,0.7131,1,0,1,605584,26,107916,40,0.00024083886027640892,0.6060606060606061
6625,0.7144,1,0,1,605584,26,107917,39,0.00024083886027640892,0.6
6626,0.7147,1,0,1,605584,26,107918,38,0.00024083886027640892,0.59375
6627,0.7152,0,1,0,605585,25,107918,38,0.00023157582718885472,0.6031746031746031
6628,0.7153,0,1,0,605586,24,107918,38,0.00022231279410130054,0.6129032258064516
6629,0.7159,1,0,1,605586,24,107919,37,0.00022231279410130054,0.6065573770491803
6630,0.716,1,0,1,605586,24,107920,36,0.00022231279410130054,0.6
6631,0.7168,1,0,1,605586,24,107921,35,0.00022231279410130054,0.5932203389830508
6632,0.7176,1,0,1,605586,24,107922,34,0.00022231279410130054,0.5862068965517241
6633,0.7187,0,1,0,605587,23,107922,34,0.00021304976101374634,0.5964912280701754
6634,0.7189,1,0,1,605587,23,107923,33,0.00021304976101374634,0.5892857142857143
6635,0.7198,1,0,1,605587,23,107924,32,0.00021304976101374634,0.5818181818181818
6636,0.7199,1,0,1,605587,23,107925,31,0.00021304976101374634,0.5740740740740741
6637,0.7202,0,2,0,605589,21,107925,31,0.00019452369483863796,0.5961538461538461
6638,0.7205,1,0,1,605589,21,107926,30,0.00019452369483863796,0.5882352941176471
6639,0.7212,0,1,0,605590,20,107926,30,0.00018526066175108378,0.6
6640,0.7214,0,1,0,605591,19,107926,30,0.00017599762866352957,0.6122448979591837
6641,0.7216,1,0,1,605591,19,107927,29,0.00017599762866352957,0.6041666666666666
6642,0.722,0,2,0,605593,17,107927,29,0.00015747156248842122,0.6304347826086957
6643,0.7223,1,1,1,605594,16,107928,28,0.00014820852940086702,0.6363636363636364
6644,0.7224,2,0,2,605594,16,107930,26,0.00014820852940086702,0.6190476190476191
6645,0.7229,1,0,1,605594,16,107931,25,0.00014820852940086702,0.6097560975609756
6646,0.7232,0,1,0,605595,15,107931,25,0.00013894549631331284,0.625
6647,0.7241,1,0,1,605595,15,107932,24,0.00013894549631331284,0.6153846153846154
6648,0.7245,0,2,0,605597,13,107932,24,0.00012041943013820446,0.6486486486486487
6649,0.7262,1,0,1,605597,13,107933,23,0.00012041943013820446,0.6388888888888888
6650,0.7268,0,1,0,605598,12,107933,23,0.00011115639705065027,0.6571428571428571
6651,0.7273,1,0,1,605598,12,107934,22,0.00011115639705065027,0.6470588235294118
6652,0.728,1,1,1,605599,11,107935,21,0.00010189336396309608,0.65625
6653,0.7286,0,1,0,605600,10,107935,21,9.263033087554189e-05,0.6774193548387096
6654,0.7287,1,0,1,605600,10,107936,20,9.263033087554189e-05,0.6666666666666666
6655,0.7298,0,1,0,605601,9,107936,20,8.33672977879877e-05,0.6896551724137931
6656,0.7304,1,0,1,605601,9,107937,19,8.33672977879877e-05,0.6785714285714286
6657,0.7306,0,1,0,605602,8,107937,19,7.410426470043351e-05,0.7037037037037037
6658,0.7308,0,1,0,605603,7,107937,19,6.484123161287932e-05,0.7307692307692307
6659,0.7312,1,0,1,605603,7,107938,18,6.484123161287932e-05,0.72
6660,0.7316,0,1,0,605604,6,107938,18,5.5578198525325135e-05,0.75
6661,0.7322,2,0,2,605604,6,107940,16,5.5578198525325135e-05,0.7272727272727273
6662,0.7329,1,0,1,605604,6,107941,15,5.5578198525325135e-05,0.7142857142857143
6663,0.7339,1,0,1,605604,6,107942,14,5.5578198525325135e-05,0.7
6664,0.7355,1,0,1,605604,6,107943,13,5.5578198525325135e-05,0.6842105263157895
6665,0.7357,0,1,0,605605,5,107943,13,4.6315165437770945e-05,0.7222222222222222
6666,0.7373,1,0,1,605605,5,107944,12,4.6315165437770945e-05,0.7058823529411765
6667,0.7384,1,0,1,605605,5,107945,11,4.6315165437770945e-05,0.6875
6668,0.7394,0,1,0,605606,4,107945,11,3.7052132350216754e-05,0.7333333333333333
6669,0.7407,0,1,0,605607,3,107945,11,2.7789099262662567e-05,0.7857142857142857
6670,0.7423,1,0,1,605607,3,107946,10,2.7789099262662567e-05,0.7692307692307693
6671,0.7429,1,0,1,605607,3,107947,9,2.7789099262662567e-05,0.75
6672,0.7439,1,0,1,605607,3,107948,8,2.7789099262662567e-05,0.7272727272727273
6673,0.744,1,0,1,605607,3,107949,7,2.7789099262662567e-05,0.7
6674,0.7488,0,1,0,605608,2,107949,7,1.8526066175108377e-05,0.7777777777777778
6675,0.7492,0,1,0,605609,1,107949,7,9.263033087554189e-06,0.875
6676,0.752,1,0,1,605609,1,107950,6,9.263033087554189e-06,0.8571428571428571
6677,0.7557,1,0,1,605609,1,107951,5,9.263033087554189e-06,0.8333333333333334
6678,0.7561,1,0,1,605609,1,107952,4,9.263033087554189e-06,0.8
6679,0.7658,1,0,1,605609,1,107953,3,9.263033087554189e-06,0.75
6680,0.7679,1,0,1,605609,1,107954,2,9.263033087554189e-06,0.6666666666666666
6681,0.7683,0,1,0,605610,0,107954,2,0.0,1.0
6682,0.7688,1,0,1,605610,0,107955,1,0.0,1.0
6683,0.8255,1,0,1,605610,0,107956,0,0.0,
