,y_proba,y_test,Neg,Pos,TN,FP,FN,TP,FP/P,Prec
0,0.1715,0,1,0,1,605609,0,107956,5.609776205120605,0.1512910526721462
1,0.1733,0,1,0,2,605608,0,107956,5.609766942087517,0.15129126469384666
2,0.1743,0,2,0,4,605606,0,107956,5.609748416021342,0.15129168873903037
3,0.1772,0,4,0,8,605602,0,107956,5.609711363888992,0.15129253683652905
4,0.1774,0,2,0,10,605600,0,107956,5.609692837822816,0.15129296088884403
5,0.1775,0,2,0,12,605598,0,107956,5.609674311756642,0.15129338494353617
6,0.1776,0,3,0,15,605595,0,107956,5.609646522657379,0.15129402103003148
7,0.1786,0,4,0,19,605591,0,107956,5.609609470525029,0.15129486915367873
8,0.1787,0,1,0,20,605590,0,107956,5.609600207491941,0.1512950811860763
9,0.1794,0,2,0,22,605588,0,107956,5.609581681425766,0.15129550525265437
10,0.1798,0,3,0,25,605585,0,107956,5.609553892326503,0.15129614135697877
11,0.1808,0,1,0,26,605584,0,107956,5.609544629293416,0.15129635339294223
12,0.1812,0,1,0,27,605583,0,107956,5.609535366260328,0.1512965654295
13,0.1814,0,2,0,29,605581,0,107956,5.6095168401941535,0.15129698950439852
14,0.1816,0,3,0,32,605578,0,107956,5.609489051094891,0.15129762562120375
15,0.1819,0,3,0,35,605575,0,107956,5.6094612619956274,0.15129826174335803
16,0.1821,0,1,0,36,605574,0,107956,5.60945199896254,0.15129847378526481
17,0.1826,0,2,0,38,605572,0,107956,5.609433472896365,0.1512988978708614
18,0.1832,0,4,0,42,605568,0,107956,5.609396420764015,0.15129974604918686
19,0.1836,0,2,0,44,605566,0,107956,5.60937789469784,0.15130017014191574
20,0.1838,0,2,0,46,605564,0,107956,5.609359368631665,0.15130059423702208
21,0.1841,0,7,0,53,605557,0,107956,5.609294527400052,0.15130207858861716
22,0.1842,0,1,0,54,605556,0,107956,5.609285264366965,0.15130229064122258
23,0.1843,0,2,0,56,605554,0,107956,5.609266738300789,0.15130271474821658
24,0.1851,0,4,0,60,605550,0,107956,5.609229686168439,0.15130356296933734
25,0.1854,0,1,0,61,605549,0,107956,5.609220423135351,0.15130377502610354
26,0.1858,0,6,0,67,605543,0,107956,5.609164844936826,0.15130504737918343
27,0.1859,0,1,0,68,605542,0,107956,5.609155581903739,0.15130525944011056
28,0.186,0,3,0,71,605539,0,107956,5.609127792804476,0.1513058956264585
29,0.1861,0,3,0,74,605536,0,107956,5.609100003705214,0.15130653181815634
30,0.1862,0,2,0,76,605534,0,107956,5.609081477639038,0.1513069559489271
31,0.1863,0,1,0,77,605533,0,107956,5.60907221460595,0.15130716801520416
32,0.1865,0,6,0,83,605527,0,107956,5.609016636407425,0.15130844042535002
33,0.187,0,3,0,86,605524,0,107956,5.608988847308162,0.15130907663844817
34,0.1871,0,2,0,88,605522,0,107956,5.608970321241988,0.15130950078348596
35,0.1872,0,1,0,89,605521,0,107956,5.6089610582089,0.15130971285689657
36,0.1875,0,1,0,90,605520,0,107956,5.6089517951758125,0.15130992493090167
37,0.1876,0,4,0,94,605516,0,107956,5.608914743043462,0.15131077323286687
38,0.1879,0,4,0,98,605512,0,107956,5.608877690911112,0.15131162154434397
39,0.1882,0,2,0,100,605510,0,107956,5.608859164844937,0.1513120457036495
40,0.1885,0,2,0,102,605508,0,107956,5.608840638778762,0.1513124698653331
41,0.1889,0,2,0,104,605506,0,107956,5.608822112712587,0.15131289402939468
42,0.1892,0,1,0,105,605505,0,107956,5.608812849679499,0.15131310611231727
43,0.1895,0,4,0,109,605501,0,107956,5.608775797547149,0.15131395444995283
44,0.1896,0,3,0,112,605498,0,107956,5.608748008447886,0.15131459070942205
45,0.19,0,1,0,113,605497,0,107956,5.608738745414799,0.15131480279710086
46,0.1902,0,2,0,115,605495,0,107956,5.608720219348624,0.1513152269742421
47,0.1903,0,2,0,117,605493,0,107956,5.608701693282448,0.15131565115376153
48,0.1905,0,2,0,119,605491,0,107956,5.608683167216273,0.15131607533565913
49,0.1906,0,3,0,122,605488,0,107956,5.60865537811701,0.15131671161296473
50,0.1907,0,3,0,125,605485,0,107956,5.608627589017748,0.15131734789562137
51,0.1908,3,10,3,135,605475,3,107953,5.608534958686873,0.15131590013287957
52,0.1909,0,3,0,138,605472,3,107953,5.60850716958761,0.1513165364263938
53,0.1913,0,1,0,139,605471,3,107953,5.608497906554522,0.15131674852542107
54,0.1916,0,3,0,142,605468,3,107953,5.608470117455259,0.15131738482607043
55,0.1917,0,1,0,143,605467,3,107953,5.608460854422172,0.1513175969274761
56,0.1918,0,2,0,145,605465,3,107953,5.608442328355997,0.15131802113207124
57,0.192,0,2,0,147,605463,3,107953,5.608423802289821,0.15131844533904482
58,0.1921,0,10,0,157,605453,3,107953,5.608331171958946,0.15132056640959005
59,0.1922,0,5,0,162,605448,3,107953,5.608284856793508,0.15132162696716153
60,0.1923,0,3,0,165,605445,3,107953,5.608257067694246,0.15132226330884022
61,0.1924,0,3,0,168,605442,3,107953,5.608229278594983,0.15132289965587087
62,0.1925,0,10,0,178,605432,3,107953,5.608136648264107,0.15132502085129348
63,0.1927,1,0,1,178,605432,4,107952,5.608136648264107,0.15132383120451257
64,0.1928,0,8,0,186,605424,4,107952,5.608062543999407,0.15132552819270623
65,0.1929,1,1,1,187,605423,5,107951,5.6080532809663195,0.1513245506564579
66,0.193,0,3,0,190,605420,5,107951,5.608025491867057,0.1513251870345164
67,0.1931,0,6,0,196,605414,5,107951,5.607969913668532,0.15132645980669082
68,0.1932,0,3,0,199,605411,5,107951,5.607942124569269,0.1513270962008069
69,0.1933,0,8,0,207,605403,5,107951,5.6078680203045685,0.15132879327795176
70,0.1934,0,2,0,209,605401,5,107951,5.607849494238393,0.1513292175531855
71,0.1935,0,5,0,214,605396,5,107951,5.607803179072955,0.15133027825167836
72,0.1938,0,1,0,215,605395,5,107951,5.607793916039868,0.15133049039316124
73,0.1939,0,1,0,216,605394,5,107951,5.607784653006781,0.15133070253523892
74,0.194,0,4,0,220,605390,5,107951,5.60774760087443,0.15133155110949742
75,0.1942,0,11,0,231,605379,5,107951,5.607645707510467,0.15133388473777915
76,0.1944,0,4,0,235,605375,5,107951,5.607608655378117,0.151334733347726
77,0.1945,0,1,0,236,605374,5,107951,5.60759939234503,0.1513349455016998
78,0.1947,0,2,0,238,605372,5,107951,5.607580866278854,0.15133536981143184
79,0.1948,0,1,0,239,605371,5,107951,5.607571603245767,0.15133558196719013
80,0.195,0,8,0,247,605363,5,107951,5.607497498981067,0.15133727923467086
81,0.1951,0,6,0,253,605357,5,107951,5.6074419207825414,0.1513385522102654
82,0.1952,0,1,0,254,605356,5,107951,5.607432657749453,0.15133876437494656
83,0.1953,1,6,1,260,605350,6,107950,5.607377079550928,0.1513388476097014
84,0.1954,0,8,0,268,605342,6,107950,5.607302975286228,0.15134054496615693
85,0.1957,0,2,0,270,605340,6,107950,5.607284449220052,0.15134096931121985
86,0.1959,0,1,0,271,605339,6,107950,5.607275186186965,0.15134118148464368
87,0.196,0,2,0,273,605337,6,107950,5.60725666012079,0.15134160583327608
88,0.1962,0,1,0,274,605336,6,107950,5.607247397087702,0.15134181800848467
89,0.1963,0,4,0,278,605332,6,107950,5.6072103449553525,0.1513426667152683
90,0.1964,1,2,1,280,605330,7,107949,5.607191818889177,0.15134190127565791
91,0.1965,1,2,1,282,605328,8,107948,5.607173292823002,0.15134113582960873
92,0.1966,0,2,0,284,605326,8,107948,5.6071547667568264,0.15134156018584724
93,0.1967,0,4,0,288,605322,8,107948,5.607117714624477,0.15134240890546358
94,0.1969,0,6,0,294,605316,8,107948,5.607062136425951,0.1513436820027367
95,0.197,0,5,0,299,605311,8,107948,5.6070158212605135,0.1513447429334926
96,0.1972,0,3,0,302,605308,8,107948,5.606988032161251,0.15134537949908589
97,0.1974,1,6,1,308,605302,9,107947,5.606932453962726,0.15134546280471475
98,0.1976,0,9,0,317,605293,9,107947,5.606849086664938,0.1513473725534182
99,0.1977,2,1,2,318,605292,11,107945,5.60683982363185,0.15134520503002508
100,0.1978,0,2,0,320,605290,11,107945,5.606821297565675,0.15134562942087812
101,0.198,0,6,0,326,605284,11,107945,5.606765719367149,0.15134690260771785
102,0.1981,0,1,0,327,605283,11,107945,5.606756456334062,0.1513471148076071
103,0.1982,0,1,0,328,605282,11,107945,5.606747193300975,0.1513473270080914
104,0.1983,0,4,0,332,605278,11,107945,5.606710141168624,0.151348175815979
105,0.199,0,6,0,338,605272,11,107945,5.606654562970099,0.1513494490456621
106,0.1991,0,2,0,340,605270,11,107945,5.606636036903923,0.151349873460317
107,0.1992,3,10,3,350,605260,14,107942,5.606543406573048,0.15134842583167182
108,0.1994,0,4,0,354,605256,14,107942,5.606506354440698,0.15134927467547582
109,0.1995,0,10,0,364,605246,14,107942,5.606413724109823,0.1513513968266432
110,0.1996,1,14,1,378,605232,15,107941,5.606284041646597,0.15135317798065828
111,0.1997,0,9,0,387,605223,15,107941,5.606200674348809,0.1513550880302427
112,0.1998,0,3,0,390,605220,15,107941,5.6061728852495465,0.15135572472415065
113,0.2,0,4,0,394,605216,15,107941,5.606135833117196,0.1513565736576939
114,0.2001,0,3,0,397,605213,15,107941,5.606108044017933,0.15135721036410088
115,0.2003,1,11,1,408,605202,16,107940,5.60600615065397,0.15135835499802283
116,0.2004,0,8,0,416,605194,16,107940,5.6059320463892695,0.15136005294937557
117,0.2005,0,4,0,420,605190,16,107940,5.60589499425692,0.15136090193933785
118,0.2006,0,3,0,423,605187,16,107940,5.605867205157657,0.15136153868805977
119,0.2007,0,1,0,424,605186,16,107940,5.605857942124569,0.15136175093882429
120,0.2009,0,1,0,425,605185,16,107940,5.605848679091482,0.15136196319018405
121,0.201,0,9,0,434,605176,16,107940,5.605765311793694,0.15136387347920954
122,0.2011,0,2,0,436,605174,16,107940,5.6057467857275185,0.15136429799443007
123,0.2012,1,1,1,437,605173,17,107939,5.605737522694431,0.1513633202077654
124,0.2013,0,2,0,439,605171,17,107939,5.605718996628256,0.1513637447238154
125,0.2014,0,13,0,452,605158,17,107939,5.605598577198117,0.15136650413618344
126,0.2015,0,14,0,466,605144,17,107939,5.605468894734892,0.1513694759235601
127,0.2016,0,9,0,475,605135,17,107939,5.605385527437104,0.15137138641992276
128,0.2017,0,5,0,480,605130,17,107939,5.605339212271666,0.1513724478276296
129,0.2018,0,8,0,488,605122,17,107939,5.605265108006966,0.1513741461109218
130,0.2019,0,1,0,489,605121,17,107939,5.605255844973878,0.1513743583990127
131,0.2021,0,6,0,495,605115,17,107939,5.605200266775353,0.15137563214006233
132,0.2022,1,0,1,495,605115,18,107938,5.605200266775353,0.15137444201202435
133,0.2023,0,8,0,503,605107,18,107938,5.605126162510652,0.15137614035579802
134,0.2024,0,2,0,505,605105,18,107938,5.605107636444477,0.151376564947696
135,0.2027,0,4,0,509,605101,18,107938,5.605070584312127,0.1513774141386376
136,0.2028,0,6,0,515,605095,18,107938,5.605015006113602,0.1513786879429143
137,0.203,0,4,0,519,605091,18,107938,5.604977953981251,0.15137953715767521
138,0.2031,0,1,0,520,605090,18,107938,5.604968690948164,0.1513797494628542
139,0.2032,1,1,1,521,605089,19,107937,5.604959427915077,0.15137877160159657
140,0.2033,0,6,0,527,605083,19,107937,5.6049038497165515,0.1513800454405206
141,0.2034,0,6,0,533,605077,19,107937,5.6048482715180254,0.1513813193008833
142,0.2035,0,8,0,541,605069,19,107937,5.604774167253326,0.15138301781471686
143,0.2036,0,4,0,545,605065,19,107937,5.604737115120975,0.15138386708592683
144,0.2039,0,5,0,550,605060,19,107937,5.604690799955537,0.1513849286883395
145,0.204,0,2,0,552,605058,19,107937,5.604672273889363,0.15138535333347358
146,0.2041,0,2,0,554,605056,19,107937,5.604653747823187,0.15138577798098998
147,0.2042,0,5,0,559,605051,19,107937,5.604607432657749,0.15138683961020383
148,0.2043,0,4,0,563,605047,19,107937,5.6045703805253995,0.15138768892429563
149,0.2044,0,5,0,568,605042,19,107937,5.6045240653599615,0.15138875058031162
150,0.2045,3,61,3,629,604981,22,107934,5.6039590203416205,0.15139813301726013
151,0.2046,1,3,1,632,604978,23,107933,5.603931231242358,0.15139757978204854
152,0.2047,1,6,1,638,604972,24,107932,5.603875653043833,0.15139766364054627
153,0.2048,0,7,0,645,604965,24,107932,5.603810811812219,0.15139915022787304
154,0.2049,0,9,0,654,604956,24,107932,5.603727444514432,0.15140106159733366
155,0.205,0,2,0,656,604954,24,107932,5.603708918448257,0.15140148635265666
156,0.2051,0,2,0,658,604952,24,107932,5.603690392382082,0.15140191111036297
157,0.2052,0,2,0,660,604950,24,107932,5.603671866315906,0.15140233587045263
158,0.2053,1,6,1,666,604944,25,107931,5.603616288117381,0.15140241977906366
159,0.2054,2,13,2,679,604931,27,107929,5.603495868687243,0.1514027999887776
160,0.2055,0,66,0,745,604865,27,107929,5.602884508503465,0.15141681888455852
161,0.2056,0,1,0,746,604864,27,107929,5.6028752454703765,0.1514170313120359
162,0.2057,0,1,0,747,604863,27,107929,5.602865982437289,0.15141724374010931
163,0.2058,5,73,5,820,604790,32,107924,5.602189781021898,0.15142679952968513
164,0.2059,0,5,0,825,604785,32,107924,5.60214346585646,0.15142786186227478
165,0.206,1,5,1,830,604780,33,107923,5.602097150691022,0.15142773357204894
166,0.2061,0,4,0,834,604776,33,107923,5.602060098558672,0.15142858345528756
167,0.2062,0,12,0,846,604764,33,107923,5.601948942161622,0.15143113316224374
168,0.2063,2,12,2,858,604752,35,107921,5.6018377857645705,0.15143130159273607
169,0.2064,0,1,0,859,604751,35,107921,5.601828522731483,0.15143151407660185
170,0.2065,3,57,3,916,604694,38,107918,5.601300529845493,0.1514400543353185
171,0.2066,3,64,3,980,604630,41,107915,5.600707695727889,0.15145008385435305
172,0.2067,1,79,1,1059,604551,42,107914,5.599975916113972,0.1514656860336999
173,0.2068,0,5,0,1064,604546,42,107914,5.599929600948535,0.15146674901047077
174,0.2069,0,4,0,1068,604542,42,107914,5.599892548816184,0.15146759940262977
175,0.207,0,6,0,1074,604536,42,107914,5.599836970617659,0.15146887500877254
176,0.2071,1,12,1,1086,604524,43,107913,5.5997258142206086,0.15147023526290745
177,0.2072,0,2,0,1088,604522,43,107913,5.599707288154433,0.15147066048130706
178,0.2073,0,10,0,1098,604512,43,107913,5.599614657823558,0.15147278660911676
179,0.2074,0,8,0,1106,604504,43,107913,5.599540553558858,0.15147448755433968
180,0.2075,0,8,0,1114,604496,43,107913,5.599466449294157,0.15147618853776412
181,0.2076,0,1,0,1115,604495,43,107913,5.599457186261069,0.1514764011633783
182,0.2077,0,15,0,1130,604480,43,107913,5.599318240764756,0.1514795906192228
183,0.2078,0,5,0,1135,604475,43,107913,5.599271925599318,0.15148065380101855
184,0.2079,1,79,1,1214,604396,44,107912,5.598540145985401,0.15149626285258624
185,0.208,0,9,0,1223,604387,44,107912,5.598456778687614,0.1514981770295901
186,0.2081,0,1,0,1224,604386,44,107912,5.5984475156545255,0.15149838971890978
187,0.2082,1,4,1,1228,604382,45,107911,5.598410463522176,0.15149804925781946
188,0.2083,0,6,0,1234,604376,45,107911,5.59835488532365,0.15149932541236888
189,0.2084,0,5,0,1239,604371,45,107911,5.5983085701582125,0.1515003888909168
190,0.2085,0,9,0,1248,604362,45,107911,5.598225202860425,0.15150230318992858
191,0.2086,4,66,4,1314,604296,49,107907,5.597613842676646,0.15151157745755073
192,0.2087,0,7,0,1321,604289,49,107907,5.597549001445033,0.15151306662772607
193,0.2088,1,1,1,1322,604288,50,107906,5.597539738411945,0.1515120879984948
194,0.2089,0,3,0,1325,604285,50,107906,5.597511949312683,0.15151272622091547
195,0.209,4,51,4,1376,604234,54,107902,5.5970395346252175,0.1515188110136266
196,0.2091,0,5,0,1381,604229,54,107902,5.59699321945978,0.15151987485448604
197,0.2092,0,12,0,1393,604217,54,107902,5.596882063062729,0.15152242813350017
198,0.2093,0,5,0,1398,604212,54,107902,5.596835747897291,0.15152349202515328
199,0.2094,1,6,1,1404,604206,55,107901,5.596780169698766,0.15152357721522186
200,0.2095,2,69,2,1473,604137,57,107899,5.596141020415725,0.15153587739945734
201,0.2096,0,1,0,1474,604136,57,107899,5.596131757382637,0.1515360902202841
202,0.2097,0,7,0,1481,604129,57,107899,5.596066916151025,0.15153757998280967
203,0.2098,0,13,0,1494,604116,57,107899,5.595946496720886,0.15154034676235753
204,0.2099,0,18,0,1512,604098,57,107899,5.595779762125311,0.15154417785468197
205,0.21,0,3,0,1515,604095,57,107899,5.595751973026047,0.15154481638890216
206,0.2101,0,4,0,1519,604091,57,107899,5.595714920893697,0.15154566777623282
207,0.2102,0,9,0,1528,604082,57,107899,5.59563155359591,0.15154758343270397
208,0.2103,3,24,3,1552,604058,60,107896,5.595409240801808,0.15154911693733022
209,0.2104,1,4,1,1556,604054,61,107895,5.595372188669458,0.15154877666799166
210,0.2105,0,6,0,1562,604048,61,107895,5.595316610470933,0.15155005386667192
211,0.2106,1,26,1,1588,604022,62,107894,5.595075771610656,0.1515543968670461
212,0.2107,9,95,9,1683,603927,71,107885,5.594195783467338,0.1515638960849213
213,0.2108,1,9,1,1692,603918,72,107884,5.59411241616955,0.15156462049839703
214,0.2109,0,9,0,1701,603909,72,107884,5.5940290488717626,0.15156653690047528
215,0.211,0,2,0,1703,603907,72,107884,5.594010522805587,0.15156696277418513
216,0.2111,1,8,1,1711,603899,73,107883,5.593936418540887,0.15156747431095477
217,0.2112,0,3,0,1714,603896,73,107883,5.593908629441624,0.15156811313624033
218,0.2113,7,115,7,1829,603781,80,107876,5.592843380636555,0.15158426039510606
219,0.2114,0,1,0,1830,603780,80,107876,5.592834117603468,0.15158447339725936
220,0.2115,0,8,0,1838,603772,80,107876,5.592760013338768,0.15158617743603578
221,0.2116,1,2,1,1840,603770,81,107875,5.592741487272592,0.15158541126544836
222,0.2117,0,2,0,1842,603768,81,107875,5.592722961206418,0.1515858372807714
223,0.2118,0,30,0,1872,603738,81,107875,5.592445070213791,0.15159222779797446
224,0.2119,0,3,0,1875,603735,81,107875,5.592417281114528,0.15159286687932996
225,0.212,0,3,0,1878,603732,81,107875,5.592389492015266,0.15159350596607396
226,0.2121,0,9,0,1887,603723,81,107875,5.592306124717478,0.1515954232586376
227,0.2122,0,3,0,1890,603720,81,107875,5.592278335618214,0.15159606236693624
228,0.2123,0,3,0,1893,603717,81,107875,5.592250546518952,0.15159670148062374
229,0.2124,1,14,1,1907,603703,82,107874,5.592120864055726,0.15159849180060625
230,0.2125,2,8,2,1915,603695,84,107872,5.592046759791026,0.15159781159047567
231,0.2127,0,4,0,1919,603691,84,107872,5.592009707658676,0.15159866378662185
232,0.2128,0,21,0,1940,603670,84,107872,5.5918151839638375,0.15160313797358413
233,0.2129,0,51,0,1991,603619,84,107872,5.5913427692763715,0.15161400495579003
234,0.213,0,12,0,2003,603607,84,107872,5.591231612879321,0.15161656211919114
235,0.2131,1,3,1,2006,603604,85,107871,5.5912038237800585,0.1516160089953969
236,0.2132,0,9,0,2015,603595,85,107871,5.591120456482271,0.15161792692834233
237,0.2133,0,65,0,2080,603530,85,107871,5.59051835933158,0.1516317801071407
238,0.2134,4,56,4,2136,603474,89,107867,5.589999629478677,0.1516389467217551
239,0.2135,4,84,4,2220,603390,93,107863,5.589221534699322,0.15165208442003056
240,0.2136,1,22,1,2242,603368,94,107862,5.589017747971396,0.15165558258228704
241,0.2138,4,55,4,2297,603313,98,107858,5.58850828115158,0.15166253967048712
242,0.2139,0,16,0,2313,603297,98,107858,5.588360072622179,0.15166595186703322
243,0.214,0,15,0,2328,603282,98,107858,5.588221127125866,0.15166915094074304
244,0.2141,0,1,0,2329,603281,98,107858,5.588211864092779,0.1516693642171221
245,0.2142,4,97,4,2426,603184,102,107854,5.587313349883286,0.15168528264312175
246,0.2143,0,17,0,2443,603167,102,107854,5.5871558783207975,0.15168890932897902
247,0.2144,1,12,1,2455,603155,103,107853,5.587044721923747,0.15169027634006932
248,0.2145,1,59,1,2514,603096,104,107852,5.586498202971581,0.15170167157091657
249,0.2146,0,17,0,2531,603079,104,107852,5.586340731409092,0.15170529910778965
250,0.2147,1,22,1,2553,603057,105,107851,5.586136944681167,0.15170880057616457
251,0.2148,0,16,0,2569,603041,105,107851,5.585988736151766,0.15171221507627036
252,0.2149,1,9,1,2578,603032,106,107850,5.585905368853978,0.15171294251366613
253,0.215,1,5,1,2583,603027,107,107849,5.58585905368854,0.15171281629988914
254,0.2151,1,72,1,2655,602955,108,107848,5.585192115306236,0.15172699046008528
255,0.2152,3,57,3,2712,602898,111,107845,5.584664122420246,0.15173557812036137
256,0.2153,0,13,0,2725,602885,111,107845,5.584543702990107,0.15173835352384168
257,0.2154,1,6,1,2731,602879,112,107844,5.584488124791582,0.15173844099599984
258,0.2155,0,7,0,2738,602872,112,107844,5.5844232835599685,0.15173993550166312
259,0.2156,1,11,1,2749,602861,113,107843,5.584321390196005,0.1517410905243252
260,0.2157,1,30,1,2779,602831,114,107842,5.584043499203379,0.15174630244852413
261,0.2158,1,6,1,2785,602825,115,107841,5.583987921004854,0.15174639000599438
262,0.2159,1,10,1,2795,602815,116,107840,5.583895290673978,0.15174733168696483
263,0.216,1,14,1,2809,602801,117,107839,5.5837656082107525,0.1517491275469999
264,0.2161,1,13,1,2822,602788,118,107838,5.583645188780614,0.15175070993743545
265,0.2162,2,45,2,2867,602743,120,107836,5.583228352291674,0.15175793261551496
266,0.2163,2,45,2,2912,602698,122,107834,5.582811515802734,0.15176515624912038
267,0.2164,0,1,0,2913,602697,122,107834,5.582802252769647,0.15176536984311734
268,0.2165,1,11,1,2924,602686,123,107833,5.582700359405684,0.15176652559607837
269,0.2166,1,11,1,2935,602675,124,107832,5.582598466041721,0.15176768138807922
270,0.2167,1,24,1,2959,602651,125,107831,5.582376153247619,0.1517716141999375
271,0.2168,1,14,1,2973,602637,126,107830,5.582246470784393,0.15177341100994135
272,0.2169,0,26,0,2999,602611,126,107830,5.582005631924117,0.15177896545948222
273,0.217,1,39,1,3038,602572,127,107829,5.5816443736337025,0.15178610390469607
274,0.2171,0,5,0,3043,602567,127,107829,5.5815980584682645,0.15178717222506882
275,0.2172,1,21,1,3064,602546,128,107828,5.581403534773426,0.15179046530419188
276,0.2173,0,43,0,3107,602503,128,107828,5.581005224350662,0.15179965396413783
277,0.2174,1,9,1,3116,602494,129,107827,5.580921857052873,0.15180038320702893
278,0.2175,0,6,0,3122,602488,129,107827,5.580866278854348,0.15180166545828258
279,0.2176,0,20,0,3142,602468,129,107827,5.580681018192597,0.15180593978558204
280,0.2177,0,31,0,3173,602437,129,107827,5.580393864166883,0.1518125654686145
281,0.2178,5,42,5,3215,602395,134,107822,5.580004816777206,0.1518155718604314
282,0.2179,0,23,0,3238,602372,134,107822,5.579791767016192,0.1518204884862446
283,0.218,3,72,3,3310,602300,137,107819,5.579124828633888,0.15183229853024635
284,0.2181,0,1,0,3311,602299,137,107819,5.579115565600801,0.15183251234301906
285,0.2182,0,11,0,3322,602288,137,107819,5.5790136722368375,0.15183486432326396
286,0.2183,0,1,0,3323,602287,137,107819,5.579004409203749,0.1518350781432631
287,0.2184,0,18,0,3341,602269,137,107819,5.578837674608174,0.15183892700623022
288,0.2185,1,14,1,3355,602255,138,107818,5.578707992144948,0.1518407262351899
289,0.2186,0,3,0,3358,602252,138,107818,5.5786802030456855,0.15184136775247511
290,0.2187,0,29,0,3387,602223,138,107818,5.578411575086146,0.1518475693657127
291,0.2188,2,28,2,3415,602195,140,107816,5.578152210159694,0.1518511685030232
292,0.2189,2,43,2,3458,602152,142,107814,5.57775389973693,0.1518579762974565
293,0.219,0,5,0,3463,602147,142,107814,5.577707584571492,0.15185904577857093
294,0.2191,0,33,0,3496,602114,142,107814,5.577401904479602,0.15186610473174744
295,0.2192,0,17,0,3513,602097,142,107814,5.577244432917114,0.15186974141829046
296,0.2193,0,24,0,3537,602073,142,107814,5.577022120123013,0.15187487586052428
297,0.2194,1,9,1,3546,602064,143,107813,5.576938752825225,0.15187560661917487
298,0.2195,5,86,5,3632,601978,148,107808,5.5761421319796955,0.15188803385809244
299,0.2196,3,59,3,3691,601919,151,107805,5.57559561302753,0.15189707548286377
300,0.2197,1,6,1,3697,601913,152,107804,5.575540034829005,0.15189716464449915
301,0.2199,0,17,0,3714,601896,152,107804,5.575382563266516,0.1519008031562632
302,0.22,0,13,0,3727,601883,152,107804,5.575262143836378,0.15190358566522988
303,0.2201,3,15,3,3742,601868,155,107801,5.575123198340065,0.15190321121536943
304,0.2202,4,74,4,3816,601794,159,107797,5.574437733891585,0.15191427174245445
305,0.2203,2,21,2,3837,601773,161,107795,5.574243210196747,0.15191637728871651
306,0.2204,7,85,7,3922,601688,168,107788,5.5734558523843045,0.15192621032987727
307,0.2205,0,33,0,3955,601655,168,107788,5.573150172292415,0.1519332772329842
308,0.2206,1,46,1,4001,601609,169,107787,5.572724072770388,0.15194193370134593
309,0.2207,5,55,5,4056,601554,174,107782,5.572214605950572,0.15194773703858255
310,0.2208,0,15,0,4071,601539,174,107782,5.572075660454259,0.1519509502749813
311,0.2209,1,6,1,4077,601533,175,107781,5.572020082255734,0.15195104001894788
312,0.221,2,56,2,4133,601477,177,107779,5.571501352402831,0.1519606460854755
313,0.2211,0,23,0,4156,601454,177,107779,5.571288302641817,0.15196557407791234
314,0.2212,1,55,1,4211,601399,178,107778,5.570778835822002,0.15197616391958566
315,0.2213,2,48,2,4259,601351,180,107776,5.570334210233799,0.1519840592728806
316,0.2214,0,24,0,4283,601327,180,107776,5.5701118974396975,0.1519892032610213
317,0.2215,0,20,0,4303,601307,180,107776,5.5699266367779465,0.15199349018380076
318,0.2216,1,130,1,4433,601177,181,107775,5.568722442476565,0.1520201649759081
319,0.2217,1,78,1,4511,601099,182,107774,5.567999925895736,0.15203569609789058
320,0.2218,0,6,0,4517,601093,182,107774,5.56794434769721,0.15203698296013216
321,0.2219,0,14,0,4531,601079,182,107774,5.567814665233985,0.15203998572341515
322,0.222,2,18,2,4549,601061,184,107772,5.567647930638408,0.15204145405194172
323,0.2221,3,115,3,4664,600946,187,107769,5.5665826818333395,0.15206253571604947
324,0.2222,7,59,7,4723,600887,194,107762,5.566036162881174,0.15206682010417005
325,0.2223,3,58,3,4781,600829,197,107759,5.5654989069620955,0.1520756772623866
326,0.2224,1,12,1,4793,600817,198,107758,5.565387750565045,0.1520770560632255
327,0.2225,2,93,2,4886,600724,200,107756,5.564526288487903,0.1520946251129178
328,0.2226,6,71,6,4957,600653,206,107750,5.563868613138686,0.15210268731216553
329,0.2227,0,21,0,4978,600632,206,107750,5.563674089443848,0.15210719639968265
330,0.2228,4,46,4,5024,600586,210,107746,5.56324798992182,0.15211228632900956
331,0.2229,2,27,2,5051,600559,212,107744,5.562997888028456,0.1521156906013387
332,0.223,1,64,1,5115,600495,213,107743,5.562405053910853,0.15212823937715853
333,0.2231,13,210,13,5325,600285,226,107730,5.560459816962466,0.1521577932670918
334,0.2232,0,15,0,5340,600270,226,107730,5.5603208714661525,0.15216101694915254
335,0.2233,3,47,3,5387,600223,229,107727,5.559885508911038,0.15216752595522282
336,0.2234,1,43,1,5430,600180,230,107726,5.559487198488273,0.1521755713329171
337,0.2235,4,174,4,5604,600006,234,107722,5.5578754307310385,0.15220819297809327
338,0.2236,10,154,10,5758,599852,244,107712,5.556448923635555,0.152229338971457
339,0.2237,1,77,1,5835,599775,245,107711,5.555735670087814,0.15224470872921866
340,0.2238,1,9,1,5844,599766,246,107710,5.555652302790025,0.15224544719538188
341,0.2239,5,78,5,5922,599688,251,107705,5.554929786209196,0.15225624228681936
342,0.224,1,53,1,5975,599635,252,107704,5.5544388454555556,0.15226645215377635
343,0.2241,0,6,0,5981,599629,252,107704,5.55438326725703,0.15226774376425248
344,0.2242,1,21,1,6002,599608,253,107703,5.554188743562192,0.15227106605156712
345,0.2243,3,31,3,6033,599577,256,107700,5.553901589536478,0.15227414435928216
346,0.2244,6,122,6,6155,599455,262,107694,5.552771499499796,0.15229322250331967
347,0.2245,6,73,6,6228,599382,268,107688,5.552095298084405,0.1523017523017523
348,0.2246,11,162,11,6390,599220,279,107677,5.550594686724221,0.1523234643802421
349,0.2247,1,45,1,6435,599175,280,107676,5.550177850235281,0.15233196246450809
350,0.2248,7,161,7,6596,599014,287,107669,5.548686501908185,0.15235827096449187
351,0.2249,1,23,1,6619,598991,288,107668,5.548473452147171,0.15236203034278203
352,0.225,3,39,3,6658,598952,291,107665,5.548112193856756,0.1523668408770239
353,0.2251,2,12,2,6670,598940,293,107663,5.548001037459706,0.15236702929367693
354,0.2252,0,7,0,6677,598933,293,107663,5.547936196228093,0.15236853874066653
355,0.2253,2,40,2,6717,598893,295,107661,5.5475656749045905,0.1523747654107117
356,0.2254,2,88,2,6805,598805,297,107659,5.546750527992886,0.1523913461974
357,0.2255,0,20,0,6825,598785,297,107659,5.546565267331135,0.1523956605194467
358,0.2256,4,131,4,6956,598654,301,107655,5.545351809996665,0.15241912534032556
359,0.2257,4,79,4,7035,598575,305,107651,5.544620030382749,0.15243137465910345
360,0.2258,0,14,0,7049,598561,305,107651,5.544490347919523,0.15243439647018175
361,0.2259,1,36,1,7085,598525,306,107650,5.544156878728371,0.15244096718235564
362,0.226,1,77,1,7162,598448,307,107649,5.543443625180629,0.15245639055257282
363,0.2261,0,21,0,7183,598427,307,107649,5.543249101485791,0.15246092488627286
364,0.2262,2,46,2,7229,598381,309,107647,5.542823001963763,0.15246845734163517
365,0.2263,1,37,1,7266,598344,310,107646,5.5424802697395235,0.15247524752475247
366,0.2264,1,29,1,7295,598315,311,107645,5.542211641779985,0.15248031049917843
367,0.2265,3,61,3,7356,598254,314,107642,5.541646596761644,0.1524898851955529
368,0.2266,1,85,1,7441,598169,315,107641,5.540859238949202,0.15250704863915218
369,0.2267,2,107,2,7548,598062,317,107639,5.539868094408833,0.15252777025964254
370,0.2268,7,105,7,7653,597957,324,107632,5.53889547593464,0.1525420606046863
371,0.2269,2,29,2,7682,597928,326,107630,5.538626847975101,0.15254592818733542
372,0.227,4,119,4,7801,597809,330,107626,5.537524547037682,0.15256685591160066
373,0.2271,0,27,0,7828,597782,330,107626,5.537274445144318,0.1525726955180548
374,0.2272,3,83,3,7911,597699,333,107623,5.5365056133980515,0.15258704534949993
375,0.2273,3,52,3,7963,597647,336,107620,5.536023935677498,0.15259469108862317
376,0.2274,4,34,4,7997,597613,340,107616,5.535708992552522,0.15259724146341117
377,0.2275,8,185,8,8182,597428,348,107608,5.533995331431324,0.15262766723968704
378,0.2276,1,69,1,8251,597359,349,107607,5.533356182148283,0.15264140398260342
379,0.2277,0,6,0,8257,597353,349,107607,5.533300603949757,0.1526427031320926
380,0.2278,7,116,7,8373,597237,356,107600,5.532226092111601,0.15265940919673626
381,0.2279,6,105,6,8478,597132,362,107594,5.531253473637408,0.1526749403314196
382,0.228,4,77,4,8555,597055,366,107590,5.530540220089666,0.15268681392758054
383,0.2281,3,70,3,8625,596985,369,107587,5.529891807773537,0.15269837575152007
384,0.2282,7,190,7,8815,596795,376,107580,5.528131831486902,0.15273114463176574
385,0.2283,0,91,0,8906,596704,376,107580,5.527288895475935,0.15275087890680464
386,0.2284,6,141,6,9047,596563,382,107574,5.52598280781059,0.15277424705703577
387,0.2285,2,46,2,9093,596517,384,107572,5.525556708288562,0.15278182161630136
388,0.2286,3,74,3,9167,596443,387,107569,5.524871243840083,0.15279427055220648
389,0.2287,0,97,0,9264,596346,387,107569,5.52397272963059,0.1528153257140422
390,0.2288,6,128,6,9392,596218,393,107563,5.522787061395383,0.15283589639390663
391,0.2289,7,88,7,9480,596130,400,107556,5.521971914483679,0.15284658214032965
392,0.229,3,93,3,9573,596037,403,107553,5.521110452406536,0.1528631731548203
393,0.2291,2,41,2,9614,595996,405,107551,5.520730668049946,0.15286967324144657
394,0.2292,2,66,2,9680,595930,407,107549,5.5201193078661674,0.15288160698471454
395,0.2293,3,97,3,9777,595833,410,107546,5.519220793656675,0.15289907716892315
396,0.2294,6,75,6,9852,595758,416,107540,5.5185260661751085,0.15290815557558815
397,0.2295,9,115,9,9967,595643,425,107531,5.51746081737004,0.15292232079115553
398,0.2296,0,25,0,9992,595618,425,107531,5.517229241542851,0.15292775784364337
399,0.2297,3,113,3,10105,595505,428,107528,5.516182518803957,0.15294872360187928
400,0.2298,0,12,0,10117,595493,428,107528,5.516071362406906,0.15295133431291527
401,0.2299,2,30,2,10147,595463,430,107526,5.51579347141428,0.15295545165002583
402,0.23,0,28,0,10175,595435,430,107526,5.515534106487828,0.15296154409704094
403,0.2301,1,31,1,10206,595404,431,107525,5.515246952462114,0.15296708486916885
404,0.2302,3,67,3,10273,595337,434,107522,5.514626329245248,0.1529780510742553
405,0.2303,3,98,3,10371,595239,437,107519,5.5137185520026675,0.15299576810224857
406,0.2304,12,127,12,10498,595112,449,107507,5.512542146800548,0.15300895648993268
407,0.2305,3,89,3,10587,595023,452,107504,5.511717736855756,0.15302472360492905
408,0.2306,6,193,6,10780,594830,458,107498,5.509929971469858,0.15305953913271292
409,0.2307,6,55,6,10835,594775,464,107492,5.509420504650042,0.15306429036249747
410,0.2308,12,133,12,10968,594642,476,107480,5.508188521249398,0.1530788096655567
411,0.2309,5,176,5,11144,594466,481,107475,5.506558227425988,0.15311115891506552
412,0.231,7,215,7,11359,594251,488,107468,5.504566675312164,0.1531496225697181
413,0.2311,6,78,6,11437,594173,494,107462,5.503844158731335,0.15315940624398725
414,0.2312,5,121,5,11558,594052,499,107457,5.502723331727741,0.1531797881424187
415,0.2313,1,63,1,11621,593989,500,107456,5.502139760643225,0.15319233867231216
416,0.2314,1,43,1,11664,593946,501,107455,5.50174145022046,0.15320052295334624
417,0.2315,3,85,3,11749,593861,504,107452,5.500954092408018,0.15321546869942523
418,0.2316,4,100,4,11849,593761,508,107448,5.500027789099263,0.1532324884592183
419,0.2317,3,30,3,11879,593731,511,107445,5.499749898106636,0.15323542163451118
420,0.2318,3,46,3,11925,593685,514,107442,5.499323798584609,0.15324185204677612
421,0.2319,10,124,10,12049,593561,524,107432,5.498175182481752,0.15325687988325132
422,0.232,4,86,4,12135,593475,528,107428,5.497378561636222,0.15327085202945342
423,0.2321,0,4,0,12139,593471,528,107428,5.497341509503872,0.15327172673951597
424,0.2322,5,66,5,12205,593405,533,107423,5.4967301493200935,0.15328012008652622
425,0.2323,3,88,3,12293,593317,536,107420,5.495915002408388,0.15329574433774726
426,0.2324,4,119,4,12412,593198,540,107416,5.49481270147097,0.15331694770586943
427,0.2325,2,98,2,12510,593100,542,107414,5.4939049242283895,0.1533359790096986
428,0.2326,7,93,7,12603,593007,549,107407,5.493043462151247,0.15334787711267908
429,0.2327,2,42,2,12645,592965,551,107405,5.49265441476157,0.1533546553964333
430,0.2328,5,131,5,12776,592834,556,107400,5.4914409574271,0.1533772995884233
431,0.2329,5,35,5,12811,592799,561,107395,5.491116751269035,0.15337892069912054
432,0.233,1,7,1,12818,592792,562,107394,5.491051910037423,0.15337924494348645
433,0.2331,6,64,6,12882,592728,568,107388,5.490459075919819,0.1533860103182901
434,0.2332,0,35,0,12917,592693,568,107388,5.4901348697617545,0.15339367873146106
435,0.2333,4,50,4,12967,592643,572,107384,5.489671718107377,0.1533997974363846
436,0.2334,0,27,0,12994,592616,572,107384,5.489421616214013,0.15340571428571428
437,0.2335,3,79,3,13073,592537,575,107381,5.488689836600097,0.15341940055835113
438,0.2336,8,164,8,13237,592373,583,107373,5.4871706991737375,0.15344567886061514
439,0.2337,0,40,0,13277,592333,583,107373,5.4868001778502355,0.15345445086936513
440,0.2338,5,73,5,13350,592260,588,107368,5.486123976434844,0.15346441251636583
441,0.2339,1,22,1,13372,592238,589,107367,5.485920189706918,0.1534680283874472
442,0.234,4,69,4,13441,592169,593,107363,5.485281040423876,0.15347832550905463
443,0.2341,18,163,18,13604,592006,611,107345,5.483771166030605,0.1534923092981922
444,0.2342,3,64,3,13668,591942,614,107342,5.483178331913002,0.1535027256450884
445,0.2343,1,31,1,13699,591911,615,107341,5.4828911778872875,0.15350832031942704
446,0.2344,5,70,5,13769,591841,620,107336,5.482242765571159,0.1535176357345851
447,0.2345,4,195,4,13964,591646,624,107332,5.480436474119085,0.15355561977630197
448,0.2346,1,41,1,14005,591605,625,107331,5.480056689762496,0.15356341639291723
449,0.2347,3,95,3,14100,591510,628,107328,5.479176701619179,0.15358065817829025
450,0.2348,6,48,6,14148,591462,634,107322,5.478732076030975,0.15358394010166232
451,0.2349,2,72,2,14220,591390,636,107320,5.478065137648672,0.15359734367620329
452,0.235,2,62,2,14282,591328,638,107318,5.477490829597244,0.15360855139798982
453,0.2351,5,43,5,14325,591285,643,107313,5.477092519174478,0.1536119485025723
454,0.2352,3,66,3,14391,591219,646,107310,5.4764811589907,0.1536228273987193
455,0.2353,8,93,8,14484,591126,654,107302,5.475619696913557,0.1536335885731958
456,0.2354,12,74,12,14558,591052,666,107290,5.4749342324650785,0.15363532481219805
457,0.2355,2,51,2,14609,591001,668,107288,5.474461817777613,0.15364412155998447
458,0.2356,1,9,1,14618,590992,669,107287,5.474378450479825,0.15364488979333477
459,0.2357,7,192,7,14810,590800,676,107280,5.472599948127015,0.15367866147146458
460,0.2358,6,112,6,14922,590688,682,107274,5.471562488421209,0.15369604648963697
461,0.2359,5,104,5,15026,590584,687,107269,5.470599132980103,0.15371288795777907
462,0.236,8,118,8,15144,590466,695,107261,5.469506095075771,0.15372918061075463
463,0.2361,11,204,11,15348,590262,706,107250,5.467616436325911,0.15376079551319546
464,0.2362,11,171,11,15519,590091,717,107239,5.466032457667938,0.15378515193667275
465,0.2363,7,168,7,15687,589923,724,107232,5.464476268109229,0.15381371431030402
466,0.2364,4,103,4,15790,589820,728,107228,5.463522175701212,0.15383158692084334
467,0.2365,6,180,6,15970,589640,734,107222,5.461854829745452,0.15386403620802971
468,0.2366,3,74,3,16044,589566,737,107219,5.461169365296973,0.15387673385621103
469,0.2367,4,48,4,16092,589518,741,107215,5.460724739708771,0.15388247721867632
470,0.2368,3,82,3,16174,589436,744,107212,5.4599651709955905,0.15389694652105512
471,0.2369,11,167,11,16341,589269,755,107201,5.45841824446997,0.15392048473013914
472,0.237,2,24,2,16365,589245,757,107199,5.458195931675868,0.15392335923634923
473,0.2371,11,123,11,16488,589122,768,107188,5.457056578606099,0.15393718315118265
474,0.2372,1,47,1,16535,589075,769,107187,5.4566212160509835,0.15394635927280248
475,0.2373,14,89,14,16624,588986,783,107173,5.455796806106191,0.1539490260127356
476,0.2374,5,91,5,16715,588895,788,107168,5.454953870095224,0.15396307518141317
477,0.2375,10,169,10,16884,588726,798,107158,5.453388417503428,0.15398830839622696
478,0.2376,4,87,4,16971,588639,802,107154,5.45258253362481,0.15400269907860528
479,0.2377,0,21,0,16992,588618,802,107154,5.4523880099299715,0.15400734723443887
480,0.2378,2,58,2,17050,588560,804,107152,5.451850754010893,0.1540177544731153
481,0.2379,3,95,3,17145,588465,807,107149,5.4509707658675755,0.1540351401783173
482,0.238,13,198,13,17343,588267,820,107136,5.4491366853162395,0.15406318350654225
483,0.2381,1,62,1,17405,588205,821,107135,5.448562377264811,0.1540757039721575
484,0.2382,1,56,1,17461,588149,822,107134,5.448043647411908,0.15408689699014647
485,0.2383,3,38,3,17499,588111,825,107131,5.447691652154582,0.15409166880021632
486,0.2384,10,215,10,17714,587896,835,107121,5.445700100040757,0.1541271652348072
487,0.2385,3,71,3,17785,587825,838,107118,5.445042424691541,0.15413926034221512
488,0.2386,6,83,6,17868,587742,844,107112,5.444273592945274,0.1541503682788039
489,0.2387,14,192,14,18060,587550,858,107098,5.442495090592463,0.15417592795199872
490,0.2388,6,149,6,18209,587401,864,107092,5.441114898662418,0.15420169821726065
491,0.2389,3,73,3,18282,587328,867,107089,5.440438697247027,0.15421425454733972
492,0.239,6,69,6,18351,587259,873,107083,5.439799547963985,0.15422227086939866
493,0.2391,0,21,0,18372,587238,873,107083,5.439605024269147,0.15422693538003315
494,0.2392,3,126,3,18498,587112,876,107080,5.438437882100115,0.1542512734229147
495,0.2393,8,163,8,18661,586949,884,107072,5.436928007706843,0.15427775240230482
496,0.2394,2,54,2,18715,586895,886,107070,5.4364278039201155,0.15428731996570433
497,0.2395,3,40,3,18755,586855,889,107067,5.436057282596614,0.1542925573767657
498,0.2396,5,84,5,18839,586771,894,107062,5.435279187817259,0.15430514259194936
499,0.2397,5,72,5,18911,586699,899,107057,5.434612249434955,0.15431506177964588
500,0.2398,13,105,13,19016,586594,912,107044,5.433639630960762,0.15432257171608246
501,0.2399,15,114,15,19130,586480,927,107029,5.432583645188781,0.15432964820932388
502,0.24,5,107,5,19237,586373,932,107024,5.431592500648413,0.15434736521790546
503,0.2401,3,80,3,19317,586293,935,107021,5.430851458001408,0.1543615158499612
504,0.2402,5,117,5,19434,586176,940,107016,5.429767683130164,0.15438147006889866
505,0.2403,9,203,9,19637,585973,949,107007,5.427887287413391,0.15441571185315595
506,0.2404,3,106,3,19743,585867,952,107004,5.42690540590611,0.15443567417311446
507,0.2405,15,148,15,19891,585719,967,106989,5.425534477009152,0.15445036003626347
508,0.2406,2,72,2,19963,585647,969,106987,5.424867538626848,0.15446397375814644
509,0.2407,4,124,4,20087,585523,973,106983,5.4237189225239915,0.15448674812925808
510,0.2408,14,177,14,20264,585346,987,106969,5.422079365667495,0.15450914684789438
511,0.2409,7,161,7,20425,585185,994,106962,5.420588017340398,0.15453653631381772
512,0.241,6,95,6,20520,585090,1000,106956,5.41970802919708,0.15455042005878222
513,0.2411,7,73,7,20593,585017,1007,106949,5.419031827781689,0.15455817193330307
514,0.2412,7,111,7,20704,584906,1014,106942,5.41800363110897,0.15457441518946358
515,0.2413,4,35,4,20739,584871,1018,106938,5.417679424950906,0.15457734721577776
516,0.2414,8,221,8,20960,584650,1026,106930,5.415632294638557,0.15461696405332717
517,0.2415,15,203,15,21163,584447,1041,106915,5.413751898921783,0.15464402151116202
518,0.2416,0,18,0,21181,584429,1041,106915,5.413585164326207,0.15464804786039946
519,0.2417,7,86,7,21267,584343,1048,106908,5.412788543480677,0.15465872743764567
520,0.2418,4,91,4,21358,584252,1052,106904,5.41194560746971,0.15467419801029
521,0.2419,3,159,3,21517,584093,1055,106901,5.410472785208789,0.15470611901116363
522,0.242,6,74,6,21591,584019,1061,106895,5.4097873207603095,0.1547153480751584
523,0.2421,7,78,7,21669,583941,1068,106888,5.40906480417948,0.15472425158758535
524,0.2422,12,157,12,21826,583784,1080,106876,5.407610507984734,0.15474473691831003
525,0.2423,9,146,9,21972,583638,1089,106867,5.4062581051539516,0.15476643905547388
526,0.2424,6,93,6,22065,583545,1095,106861,5.405396643076809,0.15477994107814821
527,0.2425,3,26,3,22091,583519,1098,106858,5.405155804216533,0.1547820973178423
528,0.2426,3,136,3,22227,583383,1101,106855,5.403896031716625,0.15480892098087906
529,0.2427,9,147,9,22374,583236,1110,106846,5.4025343658527545,0.15483087517135644
530,0.2428,9,85,9,22459,583151,1119,106837,5.401747008040313,0.15483892473492292
531,0.2429,12,125,12,22584,583026,1131,106825,5.400589128904368,0.15485227969518056
532,0.243,7,150,7,22734,582876,1138,106818,5.399199673941236,0.15487738040348328
533,0.2431,7,156,7,22890,582720,1145,106811,5.397754640779577,0.1549038404364706
534,0.2432,4,105,4,22995,582615,1149,106807,5.396782022305383,0.15492252930715875
535,0.2433,11,166,11,23161,582449,1160,106796,5.39524435881285,0.15494635434424625
536,0.2434,7,130,7,23291,582319,1167,106789,5.394040164511468,0.15496700081844936
537,0.2435,8,207,8,23498,582112,1175,106781,5.392122716662344,0.1550037523969615
538,0.2436,11,240,11,23738,581872,1186,106770,5.389899588721331,0.15504427554520345
539,0.2437,13,238,13,23976,581634,1199,106757,5.387694986846493,0.15508192291880632
540,0.2438,3,41,3,24017,581593,1202,106754,5.387315202489903,0.15508747768204117
541,0.2439,15,178,15,24195,581415,1217,106739,5.385666382600319,0.15510917614371203
542,0.244,2,70,2,24265,581345,1219,106737,5.38501797028419,0.1551224999346008
543,0.2441,2,73,2,24338,581272,1221,106735,5.384341768868798,0.15513650297162673
544,0.2442,9,155,9,24493,581117,1230,106726,5.3829059987402275,0.15516040724409494
545,0.2443,6,114,6,24607,581003,1236,106720,5.381850012968246,0.15517875656332564
546,0.2444,4,171,4,24778,580832,1240,106716,5.380266034310274,0.15521243607719024
547,0.2445,3,66,3,24844,580766,1243,106713,5.379654674126496,0.15522365046786885
548,0.2446,8,198,8,25042,580568,1251,106705,5.37782059357516,0.15525853627306763
549,0.2447,8,112,8,25154,580456,1259,106697,5.376783133869354,0.1552740073899117
550,0.2448,4,89,4,25243,580367,1263,106693,5.375958723924562,0.1552892032719122
551,0.2449,11,220,11,25463,580147,1274,106682,5.3739208566453,0.1553254157876269
552,0.245,8,145,8,25608,580002,1282,106674,5.372577716847605,0.1553483739055974
553,0.2451,3,109,3,25717,579893,1285,106671,5.3715680462410615,0.15536934648481424
554,0.2452,2,34,2,25751,579859,1287,106669,5.371253103116084,0.15537458049780928
555,0.2453,7,127,7,25878,579732,1294,106662,5.370076697913965,0.1553947149887674
556,0.2454,5,150,5,26028,579582,1299,106657,5.368687242950831,0.1554225277199343
557,0.2455,9,117,9,26145,579465,1308,106648,5.367603468079588,0.15543795264045426
558,0.2456,13,220,13,26365,579245,1321,106635,5.365565600800326,0.15547180264769347
559,0.2457,11,134,11,26499,579111,1332,106624,5.364324354366594,0.15548863628077902
560,0.2458,8,255,8,26754,578856,1340,106616,5.3619622809292675,0.1555366229401055
561,0.2459,7,190,7,26944,578666,1347,106609,5.360202304642632,0.155571121082777
562,0.246,6,83,6,27027,578583,1353,106603,5.359433472896365,0.1555825717396444
563,0.2461,15,213,15,27240,578370,1368,106588,5.357460446848716,0.155612460910012
564,0.2462,7,184,7,27424,578186,1375,106581,5.355756048760606,0.15564564297052866
565,0.2463,26,433,26,27857,577753,1401,106555,5.3517451554336954,0.15571204779134543
566,0.2464,2,139,2,27996,577614,1403,106553,5.350457593834525,0.15574121522961498
567,0.2465,1,96,1,28092,577518,1404,106552,5.34956834265812,0.15576183723887907
568,0.2466,3,68,3,28160,577450,1407,106549,5.348938456408166,0.15577361955207536
569,0.2467,4,156,4,28316,577294,1411,106545,5.347493423246508,0.15580421707448683
570,0.2468,14,317,14,28633,576977,1425,106531,5.344557041757753,0.15585918526191353
571,0.2469,14,122,14,28755,576855,1439,106517,5.343426951721072,0.15586971664042426
572,0.247,9,209,9,28964,576646,1448,106508,5.341490977805773,0.1559062817461363
573,0.2471,20,248,20,29212,576398,1468,106488,5.339193745600059,0.15593818001833396
574,0.2472,22,466,22,29678,575932,1490,106466,5.334877172181259,0.1560174560886755
575,0.2473,10,225,10,29903,575707,1500,106456,5.332792989736559,0.15605654367064764
576,0.2474,3,46,3,29949,575661,1503,106453,5.332366890214532,0.15606335597861942
577,0.2475,0,18,0,29967,575643,1503,106453,5.332200155618956,0.15606747437310878
578,0.2476,11,127,11,30094,575516,1514,106442,5.331023750416836,0.1560829259279897
579,0.2477,7,82,7,30176,575434,1521,106435,5.330264181703657,0.1560930325326419
580,0.2478,3,60,3,30236,575374,1524,106432,5.329708399718403,0.15610305570792865
581,0.2479,14,219,14,30455,575155,1538,106418,5.327679795472229,0.15613587979570787
582,0.248,4,42,4,30497,575113,1542,106414,5.327290748082552,0.15614054909049824
583,0.2481,10,227,10,30724,574886,1552,106404,5.325188039571677,0.1561801875853161
584,0.2482,4,108,4,30832,574778,1556,106400,5.324187631998221,0.15619999471503776
585,0.2483,13,136,13,30968,574642,1569,106387,5.322927859498314,0.15621508041507778
586,0.2484,21,342,21,31310,574300,1590,106366,5.319759902182371,0.15626753797016452
587,0.2485,7,143,7,31453,574157,1597,106359,5.318435288450851,0.15629169630104214
588,0.2486,8,131,8,31584,574026,1605,106351,5.317221831116381,0.15631186827303098
589,0.2487,8,163,8,31747,573863,1613,106343,5.315711956723109,0.1563394030631897
590,0.2488,4,109,4,31856,573754,1617,106339,5.314702286116566,0.15635949789220005
591,0.2489,10,250,10,32106,573504,1627,106329,5.312386527844677,0.15640458759724815
592,0.249,7,137,7,32243,573367,1634,106322,5.311117492311682,0.15642742489579792
593,0.2491,6,142,6,32385,573225,1640,106316,5.3098021416132495,0.1564526643719805
594,0.2492,8,79,8,32464,573146,1648,106308,5.309070361999333,0.15646092303526066
595,0.2493,5,136,5,32600,573010,1653,106303,5.307810589499426,0.15648603810025719
596,0.2494,4,47,4,32647,572963,1657,106299,5.307375226944311,0.15649189856049653
597,0.2495,8,217,8,32864,572746,1665,106291,5.305365148764311,0.1565319710118889
598,0.2496,5,200,5,33064,572546,1670,106286,5.303512542146801,0.1565718763994626
599,0.2497,7,213,7,33277,572333,1677,106279,5.301539516099152,0.1566123204423146
600,0.2498,16,152,16,33429,572181,1693,106263,5.300131535069843,0.15662751826237686
601,0.2499,6,70,6,33499,572111,1699,106257,5.299483122753714,0.15663622104816266
602,0.25,16,274,16,33773,571837,1715,106241,5.296945051687724,0.15667961502953937
603,0.2501,11,199,11,33972,571638,1726,106230,5.295101708103301,0.1567119262157234
604,0.2502,3,88,3,34060,571550,1729,106227,5.294286561191597,0.15672854050816123
605,0.2503,12,251,12,34311,571299,1741,106215,5.29196153988662,0.15677166818693045
606,0.2504,3,100,3,34411,571199,1744,106212,5.291035236577865,0.15679107661375444
607,0.2505,6,170,6,34581,571029,1750,106206,5.289460520952981,0.1568229639637644
608,0.2506,8,144,8,34725,570885,1758,106198,5.288126644188373,0.15684635413974357
609,0.2507,14,249,14,34974,570636,1772,106184,5.285820148949572,0.15688661682574392
610,0.2508,10,133,10,35107,570503,1782,106174,5.284588165548928,0.15690499307646041
611,0.2509,2,87,2,35194,570416,1784,106172,5.28378228167031,0.15692267672497887
612,0.251,3,61,3,35255,570355,1787,106169,5.28321723665197,0.15693308737014502
613,0.2511,8,126,8,35381,570229,1795,106161,5.282050094482938,0.15695234997560578
614,0.2512,17,264,17,35645,569965,1812,106144,5.279604653747823,0.15699243760991202
615,0.2513,14,309,14,35954,569656,1826,106130,5.276742376523769,0.15704675740545085
616,0.2514,7,85,7,36039,569571,1833,106123,5.275955018711326,0.15705778059299033
617,0.2515,5,77,5,36116,569494,1838,106118,5.275241765163585,0.15706944222423522
618,0.2516,12,186,12,36302,569308,1850,106106,5.2735188410093,0.15709772080531348
619,0.2517,5,70,5,36372,569238,1855,106101,5.272870428693171,0.15710776365647475
620,0.2518,17,249,17,36621,568989,1872,106084,5.27056393345437,0.1571444865962644
621,0.2519,4,152,4,36773,568837,1876,106080,5.269155952425062,0.15717488224477974
622,0.252,12,260,12,37033,568577,1888,106068,5.266747563822298,0.15722046409593193
623,0.2521,11,169,11,37202,568408,1899,106057,5.2651821112305015,0.15724611358632398
624,0.2522,9,228,9,37430,568180,1908,106048,5.263070139686539,0.15728803906097047
625,0.2523,6,177,6,37607,568003,1914,106042,5.261430582830042,0.15732184052993495
626,0.2524,6,129,6,37736,567874,1920,106036,5.260235651561747,0.15734445252333398
627,0.2525,12,147,12,37883,567727,1932,106024,5.258873985697877,0.15736377385710745
628,0.2526,5,100,5,37983,567627,1937,106019,5.257947682389122,0.15738087957176322
629,0.2527,9,137,9,38120,567490,1946,106010,5.256678646856127,0.1574016332590943
630,0.2528,12,141,12,38261,567349,1958,105998,5.255372559190781,0.15741957712739493
631,0.2529,8,126,8,38387,567223,1966,105990,5.254205417021749,0.15743902746976068
632,0.253,3,26,3,38413,567197,1969,105987,5.253964578161473,0.1574413533298474
633,0.2531,4,73,4,38486,567124,1973,105983,5.253288376746082,0.157453421224263
634,0.2532,3,69,3,38555,567055,1976,105980,5.25264922746304,0.15746580787031877
635,0.2533,11,207,11,38762,566848,1987,105969,5.250731779613917,0.1575004793279599
636,0.2534,32,556,32,39318,566292,2019,105937,5.245581533217237,0.1575906424745139
637,0.2535,4,113,4,39431,566179,2023,105933,5.244534810478343,0.15761212416978124
638,0.2536,5,97,5,39528,566082,2028,105928,5.24363629626885,0.15762860671716195
639,0.2537,2,85,2,39613,565997,2030,105926,5.242848938456408,0.1576460397992032
640,0.2538,11,158,11,39771,565839,2041,105915,5.241385379228575,0.15766932537804018
641,0.2539,2,68,2,39839,565771,2043,105913,5.240755492978621,0.1576827794022189
642,0.254,2,125,2,39964,565646,2045,105911,5.239597613842677,0.15770962107460723
643,0.2541,4,117,4,40081,565529,2049,105907,5.238513838971433,0.15773208466629732
644,0.2542,5,90,5,40171,565439,2054,105902,5.237680165993553,0.15774695720952542
645,0.2543,18,337,18,40508,565102,2072,105884,5.234558523843047,0.15780359053691134
646,0.2544,10,134,10,40642,564968,2082,105874,5.233317277409315,0.15782255732348302
647,0.2545,19,268,19,40910,564700,2101,105855,5.230834784541851,0.15786177121936307
648,0.2546,8,152,8,41062,564548,2109,105847,5.229426803512542,0.15788751407752147
649,0.2547,14,225,14,41287,564323,2123,105833,5.227342621067843,0.1579229313771719
650,0.2548,10,202,10,41489,564121,2133,105823,5.225471488384157,0.15795797857731392
651,0.2549,8,105,8,41594,564016,2141,105815,5.224498869909963,0.15797268266174602
652,0.255,3,118,3,41712,563898,2144,105812,5.223405832005632,0.1579967448597154
653,0.2551,13,238,13,41950,563660,2157,105799,5.221201230130794,0.15803656385230463
654,0.2552,8,111,8,42061,563549,2165,105791,5.220173033458075,0.15805270863836018
655,0.2553,10,128,10,42189,563421,2175,105781,5.218987365222868,0.15807035842690248
656,0.2554,13,205,13,42394,563216,2188,105768,5.21708844343992,0.15810243593269793
657,0.2555,9,177,9,42571,563039,2197,105759,5.215448886583423,0.15813294896216795
658,0.2556,10,188,10,42759,562851,2207,105749,5.213707436362963,0.15816482201615314
659,0.2557,12,214,12,42973,562637,2219,105737,5.211725147282226,0.15820034890645057
660,0.2558,12,138,12,43111,562499,2231,105725,5.210446848716144,0.15821790297864188
661,0.2559,17,215,17,43326,562284,2248,105708,5.208455296602319,0.15824740416052888
662,0.256,2,67,2,43393,562217,2250,105706,5.207834673385453,0.15826075760229846
663,0.2561,3,112,3,43505,562105,2253,105703,5.206797213679647,0.1582835186161292
664,0.2562,5,144,5,43649,561961,2258,105698,5.20546333691504,0.15831135355024048
665,0.2563,9,157,9,43806,561804,2267,105689,5.204009040720293,0.15833724098979315
666,0.2564,11,140,11,43946,561664,2278,105678,5.2027122160880355,0.15835658477961825
667,0.2565,7,190,7,44136,561474,2285,105671,5.200952239801401,0.15839285312788073
668,0.2566,2,68,2,44204,561406,2287,105669,5.200322353551447,0.15840647603342953
669,0.2567,6,192,6,44396,561214,2293,105663,5.198543851198637,0.1584445107568562
670,0.2568,8,163,8,44559,561051,2301,105655,5.197033976805365,0.15847315008414503
671,0.2569,10,179,10,44738,560872,2311,105645,5.195375893882693,0.15850308394234505
672,0.257,5,133,5,44871,560739,2316,105640,5.194143910482048,0.1585284050067604
673,0.2571,12,204,12,45075,560535,2328,105628,5.192254251732187,0.1585617934349401
674,0.2572,9,184,9,45259,560351,2337,105619,5.190549853644077,0.15859423097136507
675,0.2573,1,66,1,45325,560285,2338,105618,5.189938493460299,0.1586086862500995
676,0.2574,9,108,9,45433,560177,2347,105609,5.188938085886843,0.15862304103721014
677,0.2575,11,161,11,45594,560016,2358,105598,5.187446737559746,0.15864750440946254
678,0.2576,5,113,5,45707,559903,2363,105593,5.186400014820853,0.15866812122086385
679,0.2577,6,201,6,45908,559702,2369,105587,5.184538145170254,0.15870847105543606
680,0.2578,7,61,7,45969,559641,2376,105580,5.183973100151913,0.15871417168129087
681,0.2579,5,89,5,46058,559552,2381,105575,5.183148690207122,0.158729084821395
682,0.258,5,72,5,46130,559480,2386,105570,5.182481751824818,0.15873994436508534
683,0.2581,9,59,9,46189,559421,2395,105561,5.181935232872652,0.15874264265799676
684,0.2582,11,212,11,46401,559209,2406,105550,5.17997146985809,0.1587793471017316
685,0.2583,4,82,4,46483,559127,2410,105546,5.179211901144911,0.15879387307743809
686,0.2584,15,234,15,46717,558893,2425,105531,5.177044351402423,0.1588308068341902
687,0.2585,18,152,18,46869,558741,2443,105513,5.175636370373115,0.15884435773062713
688,0.2586,25,363,25,47232,558378,2468,105488,5.172273889362333,0.1588995369547469
689,0.2587,4,115,4,47347,558263,2472,105484,5.171208640557264,0.15892199889415695
690,0.2588,10,245,10,47592,558018,2482,105474,5.168939197450813,0.15896800564287136
691,0.2589,16,172,16,47764,557846,2498,105458,5.167345955759754,0.15898894021444165
692,0.259,6,163,6,47927,557683,2504,105452,5.165836081366483,0.15902041062528746
693,0.2591,5,98,5,48025,557585,2509,105447,5.164928304123903,0.15903757284716274
694,0.2592,7,98,7,48123,557487,2516,105440,5.164020526881322,0.15905220333460546
695,0.2593,6,113,6,48236,557374,2522,105434,5.162973804142428,0.15907170704034954
696,0.2594,4,102,4,48338,557272,2526,105430,5.162028974767498,0.15909111486007285
697,0.2595,11,231,11,48569,557041,2537,105419,5.159889214124273,0.15913262687558494
698,0.2596,8,164,8,48733,556877,2545,105411,5.158370076697914,0.15916187519628922
699,0.2597,18,258,18,48991,556619,2563,105393,5.155980214161325,0.15920104167296062
700,0.2598,4,150,4,49141,556469,2567,105389,5.154590759198192,0.15923204070963862
701,0.2599,11,279,11,49420,556190,2578,105378,5.152006372966764,0.15928521331140563
702,0.26,2,135,2,49555,556055,2580,105376,5.150755863499945,0.1593151817801101
703,0.2601,7,109,7,49664,555946,2587,105369,5.149746192893401,0.15933254198075048
704,0.2602,4,104,4,49768,555842,2591,105365,5.148782837452296,0.15935251744158788
705,0.2603,18,211,18,49979,555631,2609,105347,5.146828337470821,0.15938049375319602
706,0.2604,4,139,4,50118,555492,2613,105343,5.145540775871652,0.15940892961177905
707,0.2605,13,244,13,50362,555248,2626,105330,5.143280595798288,0.15945126843461332
708,0.2606,3,86,3,50448,555162,2629,105327,5.142483974952759,0.15946821218824234
709,0.2607,18,336,18,50784,554826,2647,105309,5.139371595835341,0.1595264604967166
710,0.2608,6,189,6,50973,554637,2653,105303,5.137620882581793,0.15956450586416948
711,0.2609,13,222,13,51195,554415,2666,105290,5.135564489236356,0.15960164012702646
712,0.261,2,191,2,51386,554224,2668,105288,5.133795249916632,0.15964531350453062
713,0.2611,23,273,23,51659,553951,2691,105265,5.131266441883731,0.15968210723040702
714,0.2612,7,144,7,51803,553807,2698,105258,5.129932565119122,0.15970807128280215
715,0.2613,15,85,15,51888,553722,2713,105243,5.1291452073066806,0.15970954451298627
716,0.2614,5,166,5,52054,553556,2718,105238,5.127607543814147,0.15974340992783784
717,0.2615,8,138,8,52192,553418,2726,105230,5.126329245248064,0.15976667354945281
718,0.2616,9,214,9,52406,553204,2735,105221,5.124346956167328,0.15980711546493526
719,0.2617,18,241,18,52647,552963,2753,105203,5.122114565193227,0.15984265367703587
720,0.2618,18,206,18,52853,552757,2771,105185,5.120206380377191,0.1598697149596773
721,0.2619,15,187,15,53040,552570,2786,105170,5.118474193189818,0.15989600754097363
722,0.262,15,262,15,53302,552308,2801,105155,5.116047278520879,0.15994055939269586
723,0.2621,18,212,18,53514,552096,2819,105137,5.114083515506318,0.1599691433631604
724,0.2622,7,81,7,53595,552015,2826,105130,5.113333209826226,0.159979913108979
725,0.2623,9,93,9,53688,551922,2835,105121,5.112471747749083,0.15999105081402587
726,0.2624,6,136,6,53824,551786,2841,105115,5.111211975249176,0.16001650172552637
727,0.2625,1,28,1,53852,551758,2842,105114,5.110952610322724,0.16002204386851623
728,0.2626,9,139,9,53991,551619,2851,105105,5.109665048723554,0.16004440221462898
729,0.2627,10,177,10,54168,551442,2861,105095,5.108025491867057,0.16007475587819117
730,0.2628,6,115,6,54283,551327,2867,105089,5.106960243061988,0.1600951226051772
731,0.2629,13,167,13,54450,551160,2880,105076,5.105413316536366,0.16011922540061807
732,0.263,16,197,16,54647,550963,2896,105060,5.103588499018119,0.16014682412049577
733,0.2631,19,169,19,54816,550794,2915,105041,5.102023046426321,0.16016376070200583
734,0.2632,9,175,9,54991,550619,2924,105032,5.100402015636,0.16019498178146604
735,0.2633,18,354,18,55345,550265,2942,105014,5.097122901923005,0.1602584547955909
736,0.2634,7,179,7,55524,550086,2949,105007,5.095464819000333,0.1602932713370468
737,0.2635,10,225,10,55749,549861,2959,104997,5.093380636555634,0.16033552312104304
738,0.2636,17,257,17,56006,549604,2976,104980,5.091000037052132,0.160376666707405
739,0.2637,13,211,13,56217,549393,2989,104967,5.089045537070659,0.16041169998166147
740,0.2638,4,95,4,56312,549298,2993,104963,5.088165548927341,0.16042985903179313
741,0.2639,8,195,8,56507,549103,3001,104955,5.086359257475268,0.16046742032052203
742,0.264,19,278,19,56785,548825,3020,104936,5.083784134276928,0.16051125717196346
743,0.2641,13,179,13,56964,548646,3033,104923,5.082126051354256,0.16053852003384494
744,0.2642,9,171,9,57135,548475,3042,104914,5.080542072696284,0.16056897192943254
745,0.2643,4,53,4,57188,548422,3046,104910,5.080051131942644,0.16057685832011903
746,0.2644,5,133,5,57321,548289,3051,104905,5.0788191485419985,0.16060312862641113
747,0.2645,1,72,1,57393,548217,3052,104904,5.078152210159694,0.1606195482919704
748,0.2646,16,176,16,57569,548041,3068,104888,5.076521916336286,0.16064227504062464
749,0.2647,8,100,8,57669,547941,3076,104880,5.07559561302753,0.16065659652492797
750,0.2648,13,219,13,57888,547722,3089,104867,5.073567008781356,0.1606937904255205
751,0.2649,17,253,17,58141,547469,3106,104850,5.071223461410204,0.16073424198896552
752,0.265,14,303,14,58444,547166,3120,104836,5.068416762384675,0.1607909178192705
753,0.2651,21,240,21,58684,546926,3141,104815,5.066193634443662,0.1608230876989479
754,0.2652,7,97,7,58781,546829,3148,104808,5.065295120234169,0.1608380125744855
755,0.2653,9,208,9,58989,546621,3157,104799,5.063368409351958,0.16087777470756195
756,0.2654,3,208,3,59197,546413,3160,104796,5.061441698469747,0.16092529433714828
757,0.2655,11,147,11,59344,546266,3171,104785,5.060080032605876,0.16094745265731872
758,0.2656,12,254,12,59598,546012,3183,104773,5.057727222201637,0.1609947985893959
759,0.2657,17,166,17,59764,545846,3200,104756,5.056189558709104,0.1610139532310076
760,0.2658,15,270,15,60034,545576,3215,104741,5.0536885397754645,0.16106145156900403
761,0.2659,20,293,20,60327,545283,3235,104721,5.050974471080811,0.1611082393339118
762,0.266,17,238,17,60565,545045,3252,104704,5.048769869205973,0.16114530380192968
763,0.2661,9,144,9,60709,544901,3261,104695,5.047435992441365,0.16116940375248617
764,0.2662,14,146,14,60855,544755,3275,104681,5.046083589610582,0.1611875535079669
765,0.2663,14,213,14,61068,544542,3289,104667,5.044110563562933,0.16122234904322028
766,0.2664,11,111,11,61179,544431,3300,104656,5.043082366890214,0.161235704920912
767,0.2665,6,100,6,61279,544331,3306,104650,5.0421560635814595,0.16125279476594848
768,0.2666,5,98,5,61377,544233,3311,104645,5.041248286338879,0.1612706857067122
769,0.2667,9,206,9,61583,544027,3320,104636,5.039340101522843,0.16131026434373472
770,0.2668,15,352,15,61935,543675,3335,104621,5.0360795138760235,0.1613784444142799
771,0.2669,18,165,18,62100,543510,3353,104603,5.034551113416577,0.1613962380017065
772,0.267,4,112,4,62212,543398,3357,104599,5.033513653710771,0.16141895718653018
773,0.2671,9,173,9,62385,543225,3366,104590,5.031911148986624,0.16145041408426788
774,0.2672,18,382,18,62767,542843,3384,104572,5.028372670347179,0.16152236200891237
775,0.2673,13,192,13,62959,542651,3397,104559,5.026594167994368,0.161553437060614
776,0.2674,10,154,10,63113,542497,3407,104549,5.025167660898885,0.16157892947332955
777,0.2675,8,81,8,63194,542416,3415,104541,5.024417355218793,0.16158879183624258
778,0.2676,7,188,7,63382,542228,3422,104534,5.022675904998333,0.1616266880243428
779,0.2677,9,201,9,63583,542027,3431,104525,5.020814035347734,0.1616652643561539
780,0.2678,9,96,9,63679,541931,3440,104516,5.019924784171329,0.16167760079325916
781,0.2679,8,135,8,63814,541796,3448,104508,5.01867427470451,0.16170099519730652
782,0.268,10,162,10,63976,541634,3458,104498,5.017173663344326,0.16172856320380355
783,0.2681,5,105,5,64081,541529,3463,104493,5.016201044870132,0.1617483615109083
784,0.2682,6,106,6,64187,541423,3469,104487,5.015219163362851,0.16176711925810097
785,0.2683,18,242,18,64429,541181,3487,104469,5.012977509355664,0.16180438317974136
786,0.2684,21,262,21,64691,540919,3508,104448,5.010550594686724,0.16184279642436009
787,0.2685,24,227,24,64918,540692,3532,104424,5.0084478861758495,0.16186856317313475
788,0.2686,17,196,17,65114,540496,3549,104407,5.006632331690689,0.1618956649294545
789,0.2687,20,248,20,65362,540248,3569,104387,5.004335099484975,0.1619319459849372
790,0.2688,11,212,11,65574,540036,3580,104376,5.002371336470413,0.16197091301837954
791,0.2689,23,243,23,65817,539793,3603,104353,5.0001204194301385,0.1620020926932714
792,0.269,13,210,13,66027,539583,3616,104340,4.998175182481752,0.162038007649983
793,0.2691,7,96,7,66123,539487,3623,104333,4.997285931305346,0.1620530583082228
794,0.2692,1,68,1,66191,539419,3624,104332,4.996656045055393,0.16206887445611734
795,0.2693,12,210,12,66401,539209,3636,104320,4.994710808107007,0.16210613663098322
796,0.2694,0,56,0,66457,539153,3636,104320,4.994192078254104,0.16212024436145728
797,0.2695,5,118,5,66575,539035,3641,104315,4.993099040349772,0.16214346778580865
798,0.2696,10,156,10,66731,538879,3651,104305,4.991654007188114,0.16216976790467424
799,0.2697,4,144,4,66875,538735,3655,104301,4.990320130423506,0.16220087211291437
800,0.2698,8,179,8,67054,538556,3663,104293,4.988662047500834,0.16223561053995572
801,0.2699,8,104,8,67158,538452,3671,104285,4.987698692059728,0.16225143410135093
802,0.27,6,143,6,67301,538309,3677,104279,4.986374078328208,0.1622797188867517
803,0.2701,8,117,8,67418,538192,3685,104271,4.985290303456964,0.16229884055579855
804,0.2702,21,237,21,67655,537955,3706,104250,4.983094964615214,0.1623313427955248
805,0.2703,3,88,3,67743,537867,3709,104247,4.982279817703509,0.16234967622571692
806,0.2704,4,94,4,67837,537773,3713,104243,4.981409092593279,0.1623682275831132
807,0.2705,16,204,16,68041,537569,3729,104227,4.979519433843418,0.16239895543132085
808,0.2706,15,313,15,68354,537256,3744,104212,4.976620104487013,0.16245861056202335
809,0.2707,19,259,19,68613,536997,3763,104193,4.974220978917336,0.16249941514995556
810,0.2708,7,84,7,68697,536913,3770,104186,4.973442884137982,0.1625115621768245
811,0.2709,9,64,9,68761,536849,3779,104177,4.972850050020378,0.16251602899102377
812,0.271,12,134,12,68895,536715,3791,104165,4.971608803586647,0.16253432779927598
813,0.2711,12,216,12,69111,536499,3803,104153,4.969607988439734,0.1625734408071777
814,0.2712,11,140,11,69251,536359,3814,104142,4.968311163807477,0.16259459391944744
815,0.2713,15,245,15,69496,536114,3829,104127,4.966041720701027,0.1626371944314719
816,0.2714,11,207,11,69703,535907,3840,104116,4.964124272851903,0.16267540385267404
817,0.2715,15,191,15,69894,535716,3855,104101,4.96235503353218,0.1627043357710095
818,0.2716,9,189,9,70083,535527,3864,104092,4.960604320278632,0.16274063153220902
819,0.2717,13,181,13,70264,535346,3877,104079,4.9589277112897845,0.16276967588067404
820,0.2718,8,102,8,70366,535244,3885,104071,4.957982881914854,0.16278516850066085
821,0.2719,10,91,10,70457,535153,3895,104061,4.9571399459038865,0.1627952454107701
822,0.272,9,166,9,70623,534987,3904,104052,4.955602282411353,0.16282574302976813
823,0.2721,31,310,31,70933,534677,3935,104021,4.952730742154211,0.16286413923325266
824,0.2722,19,244,19,71177,534433,3954,104002,4.950470562080848,0.16290147000086147
825,0.2723,28,367,28,71544,534066,3982,103974,4.9470710289377156,0.16295843520782397
826,0.2724,11,150,11,71694,533916,3993,103963,4.945681573974582,0.16298232109851554
827,0.2725,12,102,12,71796,533814,4005,103951,4.944736744599652,0.16299263835425273
828,0.2726,3,71,3,71867,533743,4008,103948,4.944079069250435,0.16300684814432068
829,0.2727,7,181,7,72048,533562,4015,103941,4.942402460261588,0.16304393861675945
830,0.2728,14,155,14,72203,533407,4029,103927,4.940966690133017,0.1630652059987385
831,0.2729,6,110,6,72313,533297,4035,103921,4.939947756493386,0.16308547467271797
832,0.273,6,169,6,72482,533128,4041,103915,4.93838230390159,0.1631208568338401
833,0.2731,8,79,8,72561,533049,4049,103907,4.9376505242876725,0.1631305773083227
834,0.2732,15,131,15,72692,532918,4064,103892,4.936437066953203,0.16314442298330742
835,0.2733,10,138,10,72830,532780,4074,103882,4.9351587683871205,0.16316664101202835
836,0.2734,5,75,5,72905,532705,4079,103877,4.934464040905554,0.1631792919058346
837,0.2735,9,82,9,72987,532623,4088,103868,4.933704472192375,0.16318848184813298
838,0.2736,7,110,7,73097,532513,4095,103861,4.932685538552744,0.1632074849066744
839,0.2737,25,292,25,73389,532221,4120,103836,4.9299807328911776,0.1632495200901806
840,0.2738,10,139,10,73528,532082,4130,103826,4.928693171292008,0.1632720456418224
841,0.2739,8,113,8,73641,531969,4138,103818,4.927646448553114,0.16329053598138998
842,0.274,18,140,18,73781,531829,4156,103800,4.926349623920856,0.16330280714064335
843,0.2741,6,59,6,73840,531770,4162,103794,4.925803104968691,0.16331006790818864
844,0.2742,16,224,16,74064,531546,4178,103778,4.923728185557079,0.16334657592031782
845,0.2743,13,208,13,74272,531338,4191,103765,4.921801474674868,0.1633829473329523
846,0.2744,5,100,5,74372,531238,4196,103760,4.920875171366112,0.16340208945539986
847,0.2745,26,298,26,74670,530940,4222,103734,4.918114787506021,0.16344454003157527
848,0.2746,6,90,6,74760,530850,4228,103728,4.917281114528141,0.16345981108705313
849,0.2747,2,76,2,74836,530774,4230,103726,4.916577124013487,0.16347675334909378
850,0.2748,21,198,21,75034,530576,4251,103705,4.914743043462151,0.16350008907723865
851,0.2749,16,259,16,75293,530317,4267,103689,4.912343917892475,0.16354577086021269
852,0.275,19,208,19,75501,530109,4286,103670,4.910417207010264,0.16357436898351002
853,0.2751,4,82,4,75583,530027,4290,103666,4.909657638297084,0.16359025584944129
854,0.2752,14,203,14,75786,529824,4304,103652,4.907777242580311,0.1636241941289015
855,0.2753,6,157,6,75943,529667,4310,103646,4.906322946385565,0.16365683319306568
856,0.2754,17,198,17,76141,529469,4327,103629,4.904488865834229,0.16368555894979925
857,0.2755,5,122,5,76263,529347,4332,103624,4.903358775797547,0.16371050174494567
858,0.2756,14,222,14,76485,529125,4346,103610,4.90130238245211,0.163749436968083
859,0.2757,11,150,11,76635,528975,4357,103599,4.899912927488977,0.16377372449705488
860,0.2758,12,103,12,76738,528872,4369,103587,4.8989588350809585,0.16378452990628642
861,0.2759,18,193,18,76931,528679,4387,103569,4.8971710696950606,0.1638107198441118
862,0.276,14,229,14,77160,528450,4401,103555,4.895049835118011,0.1638515518073433
863,0.2761,9,120,9,77280,528330,4410,103546,4.893938271147505,0.16387075945280402
864,0.2762,10,77,10,77357,528253,4420,103536,4.893225017599763,0.1638774970757642
865,0.2763,12,192,12,77549,528061,4432,103524,4.891446515246953,0.163911429182137
866,0.2764,5,81,5,77630,527980,4437,103519,4.890696209566861,0.16392583361177135
867,0.2765,4,109,4,77739,527871,4441,103515,4.8896865389603175,0.16394883636951088
868,0.2766,12,217,12,77956,527654,4453,103503,4.887676460780318,0.16398930852386964
869,0.2767,11,166,11,78122,527488,4464,103492,4.886138797287784,0.16401787695331072
870,0.2768,12,230,12,78352,527258,4476,103480,4.884008299677647,0.16406178159552778
871,0.2769,4,95,4,78447,527163,4480,103476,4.883128311534329,0.1640811938367275
872,0.277,4,81,4,78528,527082,4484,103472,4.882378005854237,0.1640969686973677
873,0.2771,6,99,6,78627,526983,4490,103466,4.881460965578569,0.16411478168733712
874,0.2772,9,112,9,78739,526871,4499,103457,4.880423505872763,0.16413200746278128
875,0.2773,17,263,17,79002,526608,4516,103440,4.877987328170736,0.16417796739296053
876,0.2774,10,93,10,79095,526515,4526,103430,4.877125866093594,0.16418893712943194
877,0.2775,10,181,10,79276,526334,4536,103420,4.875449257104746,0.16422285527364652
878,0.2776,19,398,19,79674,525936,4555,103401,4.8717625699359,0.16430147917570395
879,0.2777,5,136,5,79810,525800,4560,103396,4.870502797435992,0.16433035175048794
880,0.2778,9,119,9,79929,525681,4569,103387,4.8694004964985735,0.1643494820909663
881,0.2779,6,54,6,79983,525627,4575,103381,4.868900292711846,0.16435562027827946
882,0.278,6,143,6,80126,525484,4581,103375,4.867575678980326,0.16438502112556233
883,0.2781,6,86,6,80212,525398,4587,103369,4.866779058134796,0.16439953114587758
884,0.2782,4,79,4,80291,525319,4591,103365,4.866047278520879,0.16441487297274943
885,0.2783,13,190,13,80481,525129,4604,103352,4.864287302234244,0.16444729434939162
886,0.2784,2,56,2,80537,525073,4606,103350,4.863768572381341,0.1644592893640112
887,0.2785,5,89,5,80626,524984,4611,103345,4.862944162436548,0.16447593537780367
888,0.2786,7,86,7,80712,524898,4618,103338,4.8621475415910185,0.16448914102343706
889,0.2787,13,95,13,80807,524803,4631,103325,4.861267553447701,0.16449672678180244
890,0.2788,6,57,6,80864,524746,4637,103319,4.8607395605617105,0.1645036739827884
891,0.2789,21,230,21,81094,524516,4658,103298,4.858609062951573,0.16453599314446635
892,0.279,4,107,4,81201,524409,4662,103294,4.857617918411204,0.16455871646304066
893,0.2791,9,255,9,81456,524154,4671,103285,4.855255844973878,0.1646136118411511
894,0.2792,27,185,27,81641,523969,4698,103258,4.853542183852681,0.1646262039102271
895,0.2793,1,97,1,81738,523872,4699,103257,4.852643669643188,0.1646503350985204
896,0.2794,2,97,2,81835,523775,4701,103255,4.8517451554336954,0.16467314163596639
897,0.2795,10,203,10,82038,523572,4711,103245,4.8498647597169215,0.16471314594211708
898,0.2796,11,134,11,82172,523438,4722,103234,4.848623513283189,0.16473370439400517
899,0.2797,16,160,16,82332,523278,4738,103218,4.847141427989181,0.16475444376340792
900,0.2798,12,259,12,82591,523019,4750,103206,4.844742302419505,0.16480657910495428
901,0.2799,7,163,7,82754,522856,4757,103199,4.843232428026233,0.16484014982709186
902,0.28,4,83,4,82837,522773,4761,103195,4.842463596279966,0.16485666998952023
903,0.2801,5,68,5,82905,522705,4766,103190,4.841833710030012,0.16486790915409133
904,0.2802,11,129,11,83034,522576,4777,103179,4.8406387787617176,0.16488721624277872
905,0.2803,16,145,16,83179,522431,4793,103163,4.839295638964022,0.16490407516696132
906,0.2804,13,146,13,83325,522285,4806,103150,4.837943236133239,0.16492521205241154
907,0.2805,6,195,6,83520,522090,4812,103144,4.836136944681167,0.1649686357427779
908,0.2806,10,164,10,83684,521926,4822,103134,4.834617807254808,0.16499856013822672
909,0.2807,2,34,2,83718,521892,4824,103132,4.834302864129831,0.16500486381322957
910,0.2808,3,67,3,83785,521825,4827,103129,4.833682240912965,0.16501854536493887
911,0.2809,9,229,9,84014,521596,4836,103120,4.831561006335915,0.16506700644772984
912,0.281,10,194,10,84208,521402,4846,103110,4.8297639779169295,0.16510491391678622
913,0.2811,8,110,8,84318,521292,4854,103102,4.828745044277298,0.16512330355512705
914,0.2812,9,181,9,84499,521111,4863,103093,4.827068435288451,0.1651591466892234
915,0.2813,12,126,12,84625,520985,4875,103081,4.825901293119419,0.16517643967144502
916,0.2814,11,193,11,84818,520792,4886,103070,4.824113527733521,0.1652128195017488
917,0.2815,17,249,17,85067,520543,4903,103053,4.82180703249472,0.1652560311483717
918,0.2816,8,128,8,85195,520415,4911,103045,4.820621364259513,0.16527924806723768
919,0.2817,8,109,8,85304,520306,4919,103037,4.81961169365297,0.16529743656381798
920,0.2818,7,99,7,85403,520207,4926,103030,4.818694653377302,0.1653143186299915
921,0.2819,10,152,10,85555,520055,4936,103020,4.8172866723479935,0.165341251053244
922,0.282,3,70,3,85625,519985,4939,103017,4.816638260031865,0.16535580945165504
923,0.2821,6,74,6,85699,519911,4945,103011,4.815952795583386,0.16536741357665968
924,0.2822,18,195,18,85894,519716,4963,102993,4.814146504131313,0.16539507217657043
925,0.2823,7,117,7,86011,519599,4970,102986,4.813062729260069,0.1654167704008288
926,0.2824,8,151,8,86162,519448,4978,102978,4.811664011263848,0.165446173521029
927,0.2825,3,84,3,86246,519364,4981,102975,4.8108859164844935,0.16546448157676122
928,0.2826,8,83,8,86329,519281,4989,102967,4.810117084738227,0.16547582314446974
929,0.2827,7,176,7,86505,519105,4996,102960,4.8084867909148175,0.16551325022304744
930,0.2828,26,328,26,86833,518777,5022,102934,4.805448516062099,0.16556567279652443
931,0.2829,7,100,7,86933,518677,5029,102927,4.804522212753344,0.16558291130687705
932,0.283,5,120,5,87053,518557,5034,102922,4.803410648782838,0.16560817018756868
933,0.2831,3,44,3,87097,518513,5037,102919,4.803003075326985,0.16561586786647614
934,0.2832,1,54,1,87151,518459,5038,102918,4.802502871540257,0.16562891771018237
935,0.2833,6,78,6,87229,518381,5044,102912,4.801780354959428,0.16564165377688145
936,0.2834,22,199,22,87428,518182,5066,102890,4.799937011375005,0.165665172475977
937,0.2835,8,173,8,87601,518009,5074,102882,4.798334506650858,0.1657005819056807
938,0.2836,6,104,6,87705,517905,5080,102876,4.797371151209752,0.16572027816572996
939,0.2837,9,108,9,87813,517797,5089,102867,4.796370743636296,0.16573701713004138
940,0.2838,2,57,2,87870,517740,5091,102865,4.795842750750306,0.16574955084151755
941,0.2839,1,70,1,87940,517670,5092,102864,4.795194338434177,0.16576690398914484
942,0.284,11,112,11,88052,517558,5103,102853,4.794156878728371,0.16578203803607608
943,0.2841,0,65,0,88117,517493,5103,102853,4.79355478157768,0.1657994087170708
944,0.2842,3,56,3,88173,517437,5106,102850,4.793036051724777,0.16581034263171726
945,0.2843,14,134,14,88307,517303,5120,102836,4.791794805291045,0.16582733870954738
946,0.2844,10,131,10,88438,517172,5130,102826,4.790581347956575,0.16584892209329707
947,0.2845,11,116,11,88554,517056,5141,102815,4.789506836118418,0.16586515581467756
948,0.2846,5,138,5,88692,516918,5146,102810,4.788228537552336,0.1658953605452715
949,0.2847,5,158,5,88850,516760,5151,102805,4.786764978324503,0.1659309354143633
950,0.2848,9,99,9,88949,516661,5160,102796,4.785847938048835,0.16594533599588027
951,0.2849,6,134,6,89083,516527,5166,102790,4.784606691615102,0.16597316075612328
952,0.285,14,224,14,89307,516303,5180,102776,4.78253177220349,0.1660143535800762
953,0.2851,9,138,9,89445,516165,5189,102767,4.781253473637408,0.1660392417906975
954,0.2852,8,89,8,89534,516076,5197,102759,4.780429063692615,0.16605234028456697
955,0.2853,5,74,5,89608,516002,5202,102754,4.779743599244137,0.16606546037533373
956,0.2854,3,127,3,89735,515875,5205,102751,4.778567194042017,0.1660955084332052
957,0.2855,9,94,9,89829,515781,5214,102742,4.777696468931787,0.16610861681780628
958,0.2856,11,163,11,89992,515618,5225,102731,4.776186594538515,0.16613756956023218
959,0.2857,12,105,12,90097,515513,5237,102719,4.775213976064323,0.16614960079711177
960,0.2858,13,244,13,90341,515269,5250,102706,4.77295379599096,0.16619766171770703
961,0.2859,13,258,13,90599,515011,5263,102693,4.77056393345437,0.1662495305194721
962,0.286,8,63,8,90662,514948,5271,102685,4.7699803623698545,0.16625568905806523
963,0.2861,17,186,17,90848,514762,5288,102668,4.768257438215569,0.16628281748538296
964,0.2862,2,63,2,90911,514699,5290,102666,4.7676738671310535,0.1662970851927142
965,0.2863,4,58,4,90969,514641,5294,102662,4.767136611211975,0.16630730775648264
966,0.2864,5,61,5,91030,514580,5299,102657,4.766571566193634,0.16631699007026474
967,0.2865,10,103,10,91133,514477,5309,102647,4.765617473785617,0.16633123975084424
968,0.2866,5,77,5,91210,514400,5314,102642,4.764904220237875,0.16634524068053713
969,0.2867,11,91,11,91301,514309,5325,102631,4.764061284226908,0.1663549129574999
970,0.2868,6,144,6,91445,514165,5331,102625,4.762727407462299,0.1663856417905608
971,0.2869,5,41,5,91486,514124,5336,102620,4.762347623105709,0.16638994461235132
972,0.287,9,20,9,91506,514104,5345,102611,4.762162362443958,0.16638317537274105
973,0.2871,4,83,4,91589,514021,5349,102607,4.761393530697692,0.16640016346970946
974,0.2872,6,74,6,91663,513947,5355,102601,4.7607080662492125,0.16641202307038544
975,0.2873,5,61,5,91724,513886,5360,102596,4.7601430212308715,0.16642172845273664
976,0.2874,10,121,10,91845,513765,5370,102586,4.759022194227278,0.16644087541027758
977,0.2875,6,81,6,91926,513684,5376,102580,4.758271888547186,0.166454636324692
978,0.2876,2,63,2,91989,513621,5378,102578,4.75768831746267,0.16646894915441277
979,0.2877,9,104,9,92093,513517,5387,102569,4.756724962021564,0.16648487386501234
980,0.2878,5,70,5,92163,513447,5392,102564,4.756076549705435,0.16649702683880646
981,0.2879,4,98,4,92261,513349,5396,102560,4.755168772462855,0.16651810575913
982,0.288,8,68,8,92329,513281,5404,102552,4.754538886212901,0.16652566523716658
983,0.2881,15,204,15,92533,513077,5419,102537,4.75264922746304,0.16656053955887942
984,0.2882,16,178,16,92711,512899,5435,102521,4.751000407573456,0.16658704624484091
985,0.2883,10,103,10,92814,512796,5445,102511,4.750046315165438,0.16660138760001106
986,0.2884,11,217,11,93031,512579,5456,102500,4.748036236985438,0.166645260202348
987,0.2885,4,106,4,93137,512473,5460,102496,4.7470543554781575,0.16666856378126377
988,0.2886,7,161,7,93298,512312,5467,102489,4.745563007151062,0.16670272169368625
989,0.2887,8,191,8,93489,512121,5475,102481,4.743793767831339,0.16674368127666359
990,0.2888,10,90,10,93579,512031,5485,102471,4.7429600948534585,0.1667545427028716
991,0.2889,1,58,1,93637,511973,5486,102470,4.742422838934381,0.1667689273048924
992,0.289,13,177,13,93814,511796,5499,102457,4.740783282077883,0.16679934815133177
993,0.2891,11,128,11,93942,511668,5510,102446,4.739597613842677,0.16681918992239225
994,0.2892,6,92,6,94034,511576,5516,102440,4.738745414798622,0.16683604336043362
995,0.2893,5,65,5,94099,511511,5521,102435,4.738143317647931,0.1668469213904806
996,0.2894,7,124,7,94223,511387,5528,102428,4.736994701545074,0.16687112566489903
997,0.2895,8,157,8,94380,511230,5536,102420,4.735540405350328,0.16690295771205085
998,0.2896,9,117,9,94497,511113,5545,102411,4.734456630479084,0.1669225653764156
999,0.2897,7,65,7,94562,511048,5552,102404,4.733854533328393,0.1669307460078376
1000,0.2898,10,95,10,94657,510953,5562,102394,4.732974545185075,0.1669430192044634
1001,0.2899,2,89,2,94746,510864,5564,102392,4.732150135240283,0.16696453031034347
1002,0.29,12,150,12,94896,510714,5576,102380,4.73076068027715,0.16698907508473415
1003,0.2901,5,69,5,94965,510645,5581,102375,4.730121530994109,0.16700107663697758
1004,0.2902,5,83,5,95048,510562,5586,102370,4.729352699247841,0.1670168958383638
1005,0.2903,8,99,8,95147,510463,5594,102362,4.728435658972174,0.1670330028964223
1006,0.2904,9,75,9,95222,510388,5603,102353,4.727740931490607,0.1670412131716337
1007,0.2905,7,81,7,95303,510307,5610,102346,4.726990625810515,0.1670537808514771
1008,0.2906,5,76,5,95379,510231,5615,102341,4.726286635295861,0.16706770795922765
1009,0.2907,9,71,9,95450,510160,5624,102332,4.725628959946645,0.16707483526315445
1010,0.2908,12,113,12,95563,510047,5636,102320,4.724582237207751,0.16708934348193158
1011,0.2909,2,68,2,95631,509979,5638,102318,4.723952350957798,0.16710517934923738
1012,0.291,8,78,8,95709,509901,5646,102310,4.723229834376968,0.16711558596627632
1013,0.2911,7,82,7,95791,509819,5653,102303,4.722470265663789,0.16712844825051215
1014,0.2912,7,90,7,95881,509729,5660,102296,4.721636592685909,0.1671434990400719
1015,0.2913,10,141,10,96022,509588,5670,102286,4.720330505020564,0.16716840395244772
1016,0.2914,7,51,7,96073,509537,5677,102279,4.719858090333099,0.16717281012592022
1017,0.2915,5,78,5,96151,509459,5682,102274,4.719135573752269,0.16718731865045697
1018,0.2916,6,82,6,96233,509377,5688,102268,4.71837600503909,0.16720156299814434
1019,0.2917,7,86,7,96319,509291,5695,102261,4.71757938419356,0.16721554340432213
1020,0.2918,15,171,15,96490,509120,5710,102246,4.715995405535589,0.16724188129532883
1021,0.2919,3,61,3,96551,509059,5713,102243,4.715430360517248,0.16725448305420235
1022,0.292,7,150,7,96701,508909,5720,102236,4.714040905554115,0.16728599595840593
1023,0.2921,13,121,13,96822,508788,5733,102223,4.71292007855052,0.1673014070123124
1024,0.2922,8,79,8,96901,508709,5741,102215,4.712188298936604,0.16731213702522735
1025,0.2923,6,94,6,96995,508615,5747,102209,4.711317573826373,0.1673297054470682
1026,0.2924,11,136,11,97131,508479,5758,102198,4.7100578013264665,0.16735197166423493
1027,0.2925,4,94,4,97225,508385,5762,102194,4.709187076216236,0.16737228106436677
1028,0.2926,15,122,15,97347,508263,5777,102179,4.708056986179555,0.16738527165562003
1029,0.2927,5,100,5,97447,508163,5782,102174,4.707130682870799,0.1674058757702712
1030,0.2928,8,71,8,97518,508092,5790,102166,4.706473007521583,0.16741443782793508
1031,0.2929,9,136,9,97654,507956,5799,102157,4.7052132350216755,0.167439474326887
1032,0.293,4,51,4,97705,507905,5803,102153,4.7047408203342105,0.16744801313973426
1033,0.2931,12,266,12,97971,507639,5815,102141,4.702276853532921,0.16750467381678638
1034,0.2932,4,71,4,98042,507568,5819,102137,4.701619178183704,0.16751871806857416
1035,0.2933,7,58,7,98100,507510,5826,102130,4.701081922264627,0.1675250967784266
1036,0.2934,6,64,6,98164,507446,5832,102124,4.700489088147023,0.167534491526814
1037,0.2935,14,143,14,98307,507303,5846,102110,4.699164474415503,0.16755467966715512
1038,0.2936,6,90,6,98397,507213,5852,102104,4.698330801437622,0.1675712313951523
1039,0.2937,3,54,3,98451,507159,5855,102101,4.697830597650895,0.16758198470275415
1040,0.2938,11,150,11,98601,507009,5866,102090,4.696441142687761,0.16760822132362718
1041,0.2939,4,126,4,98727,506883,5870,102086,4.6952740005187295,0.16763743310414816
1042,0.294,3,101,3,98828,506782,5873,102083,4.694338434176887,0.16766113998998136
1043,0.2941,8,120,8,98948,506662,5881,102075,4.69322687020638,0.16768325237335663
1044,0.2942,6,51,6,98999,506611,5887,102069,4.692754455518915,0.16768909771965565
1045,0.2943,0,26,0,99025,506585,5887,102069,4.692513616658639,0.16769626092985507
1046,0.2944,4,53,4,99078,506532,5891,102065,4.692022675904998,0.1677053945385863
1047,0.2945,7,95,7,99173,506437,5898,102058,4.691142687761681,0.1677220026458722
1048,0.2946,5,45,5,99218,506392,5903,102053,4.690725851272741,0.16772756781631865
1049,0.2947,8,91,8,99309,506301,5911,102045,4.689882915261773,0.16774171277529565
1050,0.2948,4,117,4,99426,506184,5915,102041,4.68879914039053,0.16776850672037485
1051,0.2949,10,94,10,99520,506090,5925,102031,4.687928415280299,0.16778075415912294
1052,0.295,5,81,5,99601,506009,5930,102026,4.687178109600207,0.16779626172835446
1053,0.2951,8,86,8,99687,505923,5938,102018,4.6863814887546775,0.16780904725952026
1054,0.2952,2,27,2,99714,505896,5940,102016,4.686131386861314,0.16781376251825922
1055,0.2953,2,50,2,99764,505846,5942,102014,4.685668235206936,0.1678248280854144
1056,0.2954,10,48,10,99812,505798,5952,102004,4.685223609618734,0.16782439017969666
1057,0.2955,4,33,4,99845,505765,5956,102000,4.684917929526844,0.16782802563490823
1058,0.2956,6,51,6,99896,505714,5962,101994,4.684445514839379,0.16783389390957498
1059,0.2957,3,40,3,99936,505674,5965,101991,4.6840749935158765,0.16784083335390387
1060,0.2958,4,97,4,100033,505577,5969,101987,4.683176479306384,0.1678621511478626
1061,0.2959,9,142,9,100175,505435,5978,101978,4.6818611286079514,0.16788906394825268
1062,0.296,5,81,5,100256,505354,5983,101973,4.6811108229278595,0.16790460493276274
1063,0.2961,10,113,10,100369,505241,5993,101963,4.680064100188966,0.16792214807544087
1064,0.2962,5,55,5,100424,505186,5998,101958,4.6795546333691505,0.1679305074249272
1065,0.2963,13,104,13,100528,505082,6011,101945,4.678591277928045,0.16794145894663665
1066,0.2964,13,139,13,100667,504943,6024,101932,4.677303716328875,0.1679621009268795
1067,0.2965,11,168,11,100835,504775,6035,101921,4.675747526770166,0.16799352558777378
1068,0.2966,7,56,7,100891,504719,6042,101914,4.675228796917263,0.16799943293556402
1069,0.2967,0,61,0,100952,504658,6042,101914,4.674663751898922,0.1680163278225833
1070,0.2968,4,41,4,100993,504617,6046,101910,4.674283967542332,0.16802219851713115
1071,0.2969,10,86,10,101079,504531,6056,101900,4.6734873466968025,0.168032307055543
1072,0.297,6,52,6,101131,504479,6062,101894,4.673005668976249,0.16803848456313195
1073,0.2971,5,87,5,101218,504392,6067,101889,4.672199785097632,0.16805573653141034
1074,0.2972,1,46,1,101264,504346,6068,101888,4.671773685575605,0.16806711599811294
1075,0.2973,1,61,1,101325,504285,6069,101887,4.671208640557264,0.16808265640775225
1076,0.2974,10,129,10,101454,504156,6079,101877,4.67001370928897,0.16810470716941156
1077,0.2975,5,84,5,101538,504072,6084,101872,4.669235614509615,0.16812114650858825
1078,0.2976,6,65,6,101603,504007,6090,101866,4.668633517358924,0.16813094493400432
1079,0.2977,4,118,4,101721,503889,6094,101862,4.667540479454592,0.16815820361831843
1080,0.2978,7,100,7,101821,503789,6101,101855,4.6666141761458375,0.16817635442603246
1081,0.2979,12,90,12,101911,503699,6113,101843,4.665780503167957,0.16818486578965622
1082,0.298,7,113,7,102024,503586,6120,101836,4.664733780429064,0.1682066393358682
1083,0.2981,7,94,7,102118,503492,6127,101829,4.663863055318833,0.1682231411102539
1084,0.2982,2,49,2,102167,503443,6129,101827,4.6634091666975435,0.1682340112676987
1085,0.2983,4,67,4,102234,503376,6133,101823,4.662788543480677,0.16824713854451182
1086,0.2984,8,32,8,102266,503344,6141,101815,4.662492126421876,0.16824503973335933
1087,0.2985,4,20,4,102286,503324,6145,101811,4.662306865760124,0.16824510233253737
1088,0.2986,3,71,3,102357,503253,6148,101808,4.661649190410908,0.16826072081988427
1089,0.2987,11,81,11,102438,503172,6159,101797,4.660898884730816,0.16826812613538875
1090,0.2988,9,97,9,102535,503075,6168,101788,4.660000370521323,0.16828273509869177
1091,0.2989,9,167,9,102702,502908,6177,101779,4.658453443995702,0.16831683168316833
1092,0.299,2,76,2,102778,502832,6179,101777,4.657749453481048,0.16833523814564455
1093,0.2991,14,202,14,102980,502630,6193,101763,4.6558783207973615,0.16837223462217465
1094,0.2992,8,56,8,103036,502574,6201,101755,4.6553595909444585,0.1683768278537022
1095,0.2993,5,60,5,103096,502514,6206,101750,4.654803808959206,0.16838666543100367
1096,0.2994,6,60,6,103156,502454,6212,101744,4.654248026973953,0.16839512874918486
1097,0.2995,15,119,15,103275,502335,6227,101729,4.653145726036533,0.16840765216930656
1098,0.2996,6,37,6,103312,502298,6233,101723,4.652802993812294,0.16840970760950363
1099,0.2997,3,77,3,103389,502221,6236,101720,4.652089740264552,0.16842704833750316
1100,0.2998,1,37,1,103426,502184,6237,101719,4.651747008040313,0.16843599054815095
1101,0.2999,11,116,11,103542,502068,6248,101708,4.650672496202157,0.16845320118719526
1102,0.3,5,71,5,103613,501997,6253,101703,4.65001482085294,0.16846612555905252
1103,0.3001,8,126,8,103739,501871,6261,101695,4.648847678683908,0.16849027281192114
1104,0.3002,17,117,17,103856,501754,6278,101678,4.647763903812664,0.1684995161012343
1105,0.3003,5,28,5,103884,501726,6283,101673,4.647504538886213,0.16850044497919286
1106,0.3004,6,114,6,103998,501612,6289,101667,4.646448553114232,0.16852401625118726
1107,0.3005,2,69,2,104067,501543,6291,101665,4.645809403831191,0.16854053659765786
1108,0.3006,6,48,6,104115,501495,6297,101659,4.645364778242988,0.16854567821816652
1109,0.3007,6,54,6,104169,501441,6303,101653,4.6448645744562596,0.1685524976206031
1110,0.3008,2,24,2,104193,501417,6305,101651,4.644642261662159,0.168556448029078
1111,0.3009,3,44,3,104237,501373,6308,101648,4.644234688206306,0.1685646105193683
1112,0.301,11,100,11,104337,501273,6319,101637,4.6433083848975505,0.16857739961188237
1113,0.3011,11,69,11,104406,501204,6330,101626,4.64266923561451,0.16858152381268351
1114,0.3012,0,42,0,104448,501162,6330,101626,4.642280188224833,0.16859326993901672
1115,0.3013,1,15,1,104463,501147,6331,101625,4.642141242728519,0.16859608608229978
1116,0.3014,5,109,5,104572,501038,6336,101620,4.641131572121975,0.16861968147772036
1117,0.3015,1,54,1,104626,500984,6337,101619,4.640631368335248,0.16863341204740104
1118,0.3016,3,62,3,104688,500922,6340,101616,4.640057060283819,0.16864662477719247
1119,0.3017,9,91,9,104779,500831,6349,101607,4.6392141242728515,0.16865967950228902
1120,0.3018,18,178,18,104957,500653,6367,101589,4.637565304383267,0.1686846815731882
1121,0.3019,7,95,7,105052,500558,6374,101582,4.63668531623995,0.16870163084996845
1122,0.302,5,84,5,105136,500474,6379,101577,4.635907221460595,0.16871826473172538
1123,0.3021,5,53,5,105189,500421,6384,101572,4.635416280706955,0.1687262144244202
1124,0.3022,3,36,3,105225,500385,6387,101569,4.635082811515803,0.16873216225824564
1125,0.3023,7,90,7,105315,500295,6394,101562,4.634249138537923,0.16874772578868402
1126,0.3024,5,74,5,105389,500221,6399,101557,4.6335636740894435,0.16876156988125188
1127,0.3025,9,126,9,105515,500095,6408,101548,4.632396531920412,0.16878447850303252
1128,0.3026,7,95,7,105610,500000,6415,101541,4.631516543777094,0.16880146157950995
1129,0.3027,6,97,6,105707,499903,6421,101535,4.630618029567602,0.16882039378955105
1130,0.3028,5,53,5,105760,499850,6426,101530,4.630127088813961,0.16882836143536534
1131,0.3029,3,75,3,105835,499775,6429,101527,4.629432361332395,0.16884527242550332
1132,0.303,6,75,6,105910,499700,6435,101521,4.628737633850828,0.168858040554139
1133,0.3031,0,60,0,105970,499640,6435,101521,4.628181851865575,0.16887489374726572
1134,0.3032,20,119,20,106089,499521,6455,101501,4.627079550928156,0.16888067325322534
1135,0.3033,8,120,8,106209,499401,6463,101493,4.625967986957649,0.16890333403229188
1136,0.3034,13,143,13,106352,499258,6476,101480,4.624643373226129,0.16892555490080535
1137,0.3035,3,73,3,106425,499185,6479,101477,4.623967171810738,0.16894193406608043
1138,0.3036,7,79,7,106504,499106,6486,101470,4.623235392196821,0.16895447037510655
1139,0.3037,8,40,8,106544,499066,6494,101462,4.622864870873319,0.16895465323848347
1140,0.3038,5,27,5,106571,499039,6499,101457,4.622614768979955,0.16895533026031814
1141,0.3039,4,43,4,106614,498996,6503,101453,4.62221645855719,0.16896189351635194
1142,0.304,8,93,8,106707,498903,6511,101445,4.621354996480047,0.16897699334386057
1143,0.3041,8,60,8,106767,498843,6519,101437,4.620799214494794,0.16898280802292265
1144,0.3042,4,56,4,106823,498787,6523,101433,4.620280484641891,0.1689930358868415
1145,0.3043,1,57,1,106880,498730,6524,101432,4.619752491755901,0.16900770125399475
1146,0.3044,4,83,4,106963,498647,6528,101428,4.618983660009634,0.16902553847435736
1147,0.3045,5,57,5,107020,498590,6533,101423,4.6184556671236425,0.1690346709154635
1148,0.3046,0,21,0,107041,498569,6533,101423,4.618261143428804,0.16904058720782944
1149,0.3047,3,76,3,107117,498493,6536,101420,4.61755715291415,0.1690578467211079
1150,0.3048,0,25,0,107142,498468,6536,101420,4.6173255770869615,0.16906489211319448
1151,0.3049,7,75,7,107217,498393,6543,101413,4.616630849605395,0.16907633468154704
1152,0.305,6,85,6,107302,498308,6549,101407,4.615843491792953,0.16909198535971254
1153,0.3051,1,74,1,107376,498234,6550,101406,4.6151580273444734,0.16911146688012807
1154,0.3052,7,107,7,107483,498127,6557,101399,4.614166882804105,0.16913194757191516
1155,0.3053,5,29,5,107512,498098,6562,101394,4.613898254844567,0.1691331994421944
1156,0.3054,8,98,8,107610,498000,6570,101386,4.612990477601986,0.16914976325773376
1157,0.3055,0,16,0,107626,497984,6570,101386,4.612842269072585,0.1691542786592589
1158,0.3056,11,84,11,107710,497900,6581,101375,4.612064174293231,0.16916273830878978
1159,0.3057,0,39,0,107749,497861,6581,101375,4.611702916002816,0.16917374790566655
1160,0.3058,4,66,4,107815,497795,6585,101371,4.611091555819037,0.16918683636921988
1161,0.3059,5,64,5,107879,497731,6590,101366,4.6104987217014335,0.16919797628764624
1162,0.306,12,107,12,107986,497624,6602,101354,4.609507577161065,0.16921155701878868
1163,0.3061,1,8,1,107994,497616,6603,101353,4.609433472896365,0.16921243002559397
1164,0.3062,8,86,8,108080,497530,6611,101345,4.608636852050836,0.1692256313921937
1165,0.3063,3,69,3,108149,497461,6614,101342,4.607997702767794,0.16924096906662126
1166,0.3064,2,68,2,108217,497393,6616,101340,4.607367816517841,0.16925741524185237
1167,0.3065,3,32,3,108249,497361,6619,101337,4.607071399459039,0.16926229918924066
1168,0.3066,6,64,6,108313,497297,6625,101331,4.606478565341435,0.16927206879731654
1169,0.3067,5,36,5,108349,497261,6630,101326,4.606145096150284,0.16927531002176793
1170,0.3068,7,103,7,108452,497158,6637,101319,4.605191003742266,0.16929472644729873
1171,0.3069,4,72,4,108524,497086,6641,101315,4.6045240653599615,0.1693095432661376
1172,0.307,12,96,12,108620,496990,6653,101303,4.603634814183557,0.16932004887237523
1173,0.3071,3,39,3,108659,496951,6656,101300,4.603273555893142,0.1693269213089489
1174,0.3072,1,57,1,108716,496894,6657,101299,4.602745563007151,0.16934166732141634
1175,0.3073,3,99,3,108815,496795,6660,101296,4.601828522731483,0.16936553133218857
1176,0.3074,5,61,5,108876,496734,6665,101291,4.601263477713142,0.16937586221311818
1177,0.3075,9,90,9,108966,496644,6674,101282,4.6004298047352625,0.16938885413914095
1178,0.3076,13,159,13,109125,496485,6687,101269,4.598956982474341,0.16941584665263637
1179,0.3077,16,123,16,109248,496362,6703,101253,4.597817629404572,0.16942847820084836
1180,0.3078,2,42,2,109290,496320,6705,101251,4.597428582014895,0.16943760657729373
1181,0.3079,0,41,0,109331,496279,6705,101251,4.597048797658306,0.16944923267451006
1182,0.308,6,87,6,109418,496192,6711,101245,4.596242913779688,0.16946556708071311
1183,0.3081,4,53,4,109471,496139,6715,101241,4.595751973026047,0.16947504101242092
1184,0.3082,5,59,5,109530,496080,6720,101236,4.595205454073882,0.16948482880083574
1185,0.3083,2,43,2,109573,496037,6722,101234,4.594807143651117,0.16949424967895646
1186,0.3084,4,65,4,109638,495972,6726,101230,4.594205046500426,0.16950713493926678
1187,0.3085,1,32,1,109670,495940,6727,101229,4.593908629441624,0.16951482746090302
1188,0.3086,1,90,1,109760,495850,6728,101228,4.593074956463744,0.16953898820589605
1189,0.3087,4,26,4,109786,495824,6732,101224,4.592834117603468,0.16954080743926786
1190,0.3088,4,77,4,109863,495747,6736,101220,4.592120864055726,0.16955711119710135
1191,0.3089,5,49,5,109912,495698,6741,101215,4.591666975434436,0.16956407382650404
1192,0.309,2,75,2,109987,495623,6743,101213,4.59097224795287,0.1695825989048918
1193,0.3091,1,30,1,110017,495593,6744,101212,4.590694356960243,0.1695897319895108
1194,0.3092,1,30,1,110047,495563,6745,101211,4.590416465967617,0.16959686581519973
1195,0.3093,8,130,8,110177,495433,6753,101203,4.589212271666234,0.1696226845178635
1196,0.3094,2,37,2,110214,495396,6755,101201,4.588869539441995,0.1696304205351351
1197,0.3095,10,102,10,110316,495294,6765,101191,4.587924710067064,0.16964550659278943
1198,0.3096,2,31,2,110347,495263,6767,101189,4.58763755604135,0.16965153943653472
1199,0.3097,1,55,1,110402,495208,6768,101188,4.587128089221535,0.16966579252711286
1200,0.3098,4,62,4,110464,495146,6772,101184,4.586553781170107,0.16967786292824444
1201,0.3099,7,88,7,110552,495058,6779,101177,4.5857386342584014,0.16969315789915052
1202,0.31,5,71,5,110623,494987,6784,101172,4.585080958909185,0.16970640382850885
1203,0.3101,6,44,6,110667,494943,6790,101166,4.584673385453333,0.1697105730663352
1204,0.3102,6,75,6,110742,494868,6796,101160,4.583978657971766,0.1697235700336226
1205,0.3103,4,75,4,110817,494793,6800,101156,4.583283930490199,0.16973935689127762
1206,0.3104,2,30,2,110847,494763,6802,101154,4.583006039497573,0.1697451155110527
1207,0.3105,5,59,5,110906,494704,6807,101149,4.582459520545408,0.16975495633990262
1208,0.3106,5,105,5,111011,494599,6812,101144,4.581486902071214,0.16977790758766784
1209,0.3107,2,66,2,111077,494533,6814,101142,4.580875541887436,0.16979393125445924
1210,0.3108,8,71,8,111148,494462,6822,101134,4.580217866538219,0.16980302083962956
1211,0.3109,6,52,6,111200,494410,6828,101128,4.579736188817667,0.16980948318998956
1212,0.311,0,59,0,111259,494351,6828,101128,4.5791896698655,0.16982630789666806
1213,0.3111,3,39,3,111298,494312,6831,101125,4.578828411575087,0.169833248521674
1214,0.3112,1,34,1,111332,494278,6832,101124,4.578513468450109,0.16984155243012283
1215,0.3113,2,40,2,111372,494238,6834,101122,4.578142947126607,0.16985017468422467
1216,0.3114,1,21,1,111393,494217,6835,101121,4.577948423431769,0.16985477157513884
1217,0.3115,4,61,4,111454,494156,6839,101117,4.577383378413428,0.16986659902263332
1218,0.3116,4,52,4,111506,494104,6843,101113,4.576901700692875,0.1698758604004926
1219,0.3117,1,50,1,111556,494054,6844,101112,4.576438549038497,0.1698887369238162
1220,0.3118,6,78,6,111634,493976,6850,101106,4.575716032457668,0.16990263526707244
1221,0.3119,2,42,2,111676,493934,6852,101104,4.57532698506799,0.1699118375633153
1222,0.312,4,62,4,111738,493872,6856,101100,4.574752677016562,0.16992396280833383
1223,0.3121,3,44,3,111782,493828,6859,101097,4.57434510356071,0.16993234441316132
1224,0.3122,1,36,1,111818,493792,6860,101096,4.574011634369558,0.16994123263538682
1225,0.3123,10,41,10,111859,493751,6870,101086,4.573631850012968,0.1699389916901605
1226,0.3124,6,70,6,111929,493681,6876,101080,4.5729834376968395,0.1699506188199966
1227,0.3125,1,41,1,111970,493640,6877,101079,4.572603653340249,0.16996093953615068
1228,0.3126,1,35,1,112005,493605,6878,101078,4.5722794471821855,0.16996954680056434
1229,0.3127,5,40,5,112045,493565,6883,101073,4.571908925858684,0.16997400098883692
1230,0.3128,3,87,3,112132,493478,6886,101070,4.571103041980066,0.1699946850380457
1231,0.3129,6,47,6,112179,493431,6892,101064,4.570667679424951,0.16999974768500997
1232,0.313,2,44,2,112223,493387,6894,101062,4.570260105969099,0.17000953824466017
1233,0.3131,3,40,3,112263,493347,6897,101059,4.569889584645597,0.17001678987089633
1234,0.3132,2,44,2,112307,493303,6899,101057,4.569482011189744,0.1700265832155596
1235,0.3133,8,58,8,112365,493245,6907,101049,4.568944755270666,0.17003200436147764
1236,0.3134,10,96,10,112461,493149,6917,101039,4.568055504094261,0.1700455074824803
1237,0.3135,1,31,1,112492,493118,6918,101038,4.567768350068547,0.17005298271834332
1238,0.3136,7,67,7,112559,493051,6925,101031,4.5671477268516805,0.17006238196073942
1239,0.3137,2,61,2,112620,492990,6927,101029,4.5665826818333395,0.17007705140744656
1240,0.3138,7,126,7,112746,492864,6934,101022,4.565415539664308,0.17010335316878997
1241,0.3139,5,45,5,112791,492819,6939,101017,4.564998703175368,0.17010925575411392
1242,0.314,4,143,4,112934,492676,6943,101013,4.563674089443848,0.1701446380175479
1243,0.3141,3,27,3,112961,492649,6946,101010,4.563423987550483,0.17014818271095022
1244,0.3142,3,83,3,113044,492566,6949,101007,4.562655155804216,0.17016778054257858
1245,0.3143,0,29,0,113073,492537,6949,101007,4.562386527844677,0.17017609477983098
1246,0.3144,4,38,4,113111,492499,6953,101003,4.562034532587351,0.17018139787229022
1247,0.3145,1,37,1,113148,492462,6954,101002,4.561691800363111,0.17019060970842376
1248,0.3146,7,45,7,113193,492417,6961,100995,4.561274963874171,0.17019372712381953
1249,0.3147,6,87,6,113280,492330,6967,100989,4.560469079995554,0.17021029159693182
1250,0.3148,3,34,3,113314,492296,6970,100986,4.560154136870577,0.1702158501353488
1251,0.3149,1,41,1,113355,492255,6971,100985,4.559774352513987,0.17022621535971952
1252,0.315,2,52,2,113407,492203,6973,100983,4.559292674793435,0.17023834008220018
1253,0.3151,3,50,3,113457,492153,6976,100980,4.558829523139057,0.17024849401399011
1254,0.3152,6,59,6,113516,492094,6982,100974,4.558283004186891,0.17025703629263422
1255,0.3153,7,75,7,113591,492019,6989,100967,4.557588276705324,0.17026877531678658
1256,0.3154,2,31,2,113622,491988,6991,100965,4.55730112267961,0.1702748784473643
1257,0.3155,1,22,1,113644,491966,6992,100964,4.557097335951684,0.17027979694061693
1258,0.3156,5,65,5,113709,491901,6997,100959,4.556495238800993,0.17029146847485072
1259,0.3157,5,60,5,113769,491841,7002,100954,4.555939456815739,0.17030170632343392
1260,0.3158,2,83,2,113852,491758,7004,100952,4.555170625069473,0.17032275480420442
1261,0.3159,8,72,8,113924,491686,7012,100944,4.554503686687169,0.1703322477768591
1262,0.316,5,40,5,113964,491646,7017,100939,4.554133165363667,0.17033674493954454
1263,0.3161,5,57,5,114021,491589,7022,100934,4.553605172477676,0.17034613002364465
1264,0.3162,8,71,8,114092,491518,7030,100926,4.55294749712846,0.17035534160190668
1265,0.3163,3,31,3,114123,491487,7033,100923,4.552660343102746,0.17036005469185192
1266,0.3164,5,60,5,114183,491427,7038,100918,4.552104561117492,0.17037030784424617
1267,0.3165,9,82,9,114265,491345,7047,100909,4.551344992404313,0.1703812891090647
1268,0.3166,3,68,3,114333,491277,7050,100906,4.550715106154359,0.1703966510352374
1269,0.3167,5,62,5,114395,491215,7055,100901,4.550140798102931,0.17040748772200043
1270,0.3168,1,84,1,114479,491131,7056,100900,4.549362703323577,0.1704302646314129
1271,0.3169,4,43,4,114522,491088,7060,100896,4.548964392900811,0.17043703883888753
1272,0.317,11,66,11,114588,491022,7071,100885,4.548353032717033,0.17044062665249776
1273,0.3171,7,114,7,114702,490908,7078,100878,4.547297046945052,0.17046364733197472
1274,0.3172,11,99,11,114801,490809,7089,100867,4.546380006669384,0.17047674740905497
1275,0.3173,2,37,2,114838,490772,7091,100865,4.546037274445144,0.1704846045801733
1276,0.3174,4,57,4,114895,490715,7095,100861,4.545509281559154,0.17049542239712226
1277,0.3175,6,29,6,114924,490686,7101,100855,4.545240653599615,0.17049536718503028
1278,0.3176,4,38,4,114962,490648,7105,100851,4.544888658342288,0.170500710905682
1279,0.3177,1,15,1,114977,490633,7106,100850,4.544749712845975,0.17050363239518296
1280,0.3178,0,45,0,115022,490588,7106,100850,4.544332876357035,0.17051660529083354
1281,0.3179,8,43,8,115065,490545,7114,100842,4.543934565934269,0.17051778277168758
1282,0.318,2,83,2,115148,490462,7116,100840,4.543165734188003,0.17053891243391703
1283,0.3181,6,96,6,115244,490366,7122,100834,4.542276483011597,0.17055818673883627
1284,0.3182,1,49,1,115293,490317,7123,100833,4.541822594390307,0.1705709210860188
1285,0.3183,1,38,1,115331,490279,7124,100832,4.54147059913298,0.17058048319182015
1286,0.3184,0,16,0,115347,490263,7124,100832,4.541322390603579,0.17058510053375514
1287,0.3185,2,14,2,115361,490249,7126,100830,4.541192708140353,0.17058633448320784
1288,0.3186,2,15,2,115376,490234,7128,100828,4.54105376264404,0.1705878571114367
1289,0.3187,5,38,5,115414,490196,7133,100823,4.540701767386713,0.17059180838517882
1290,0.3188,5,77,5,115491,490119,7138,100818,4.5399885138389715,0.17060701902233233
1291,0.3189,3,22,3,115513,490097,7141,100815,4.539784727111045,0.17060916007798116
1292,0.319,2,24,2,115537,490073,7143,100813,4.5395624143169435,0.17061328242672869
1293,0.3191,2,50,2,115587,490023,7145,100811,4.539099262662567,0.1706249132582079
1294,0.3192,1,15,1,115602,490008,7146,100810,4.538960317166253,0.17062784139955114
1295,0.3193,3,38,3,115640,489970,7149,100807,4.538608321908926,0.17063460493553406
1296,0.3194,7,65,7,115705,489905,7156,100800,4.5380062247582345,0.17064355304255086
1297,0.3195,5,44,5,115749,489861,7161,100795,4.537598651302383,0.1706492442301441
1298,0.3196,4,39,4,115788,489822,7165,100791,4.537237393011968,0.1706548958455029
1299,0.3197,5,57,5,115845,489765,7170,100786,4.536709400125977,0.17066434567039934
1300,0.3198,3,52,3,115897,489713,7173,100783,4.536227722405425,0.17067516122039778
1301,0.3199,5,40,5,115937,489673,7178,100778,4.535857201081923,0.17067970077110547
1302,0.32,13,86,13,116023,489587,7191,100765,4.535060580236393,0.17068630240941
1303,0.3201,6,27,6,116050,489560,7197,100759,4.5348104783430285,0.17068568011532748
1304,0.3202,6,35,6,116085,489525,7203,100753,4.534486272184965,0.17068737103534268
1305,0.3203,8,74,8,116159,489451,7211,100745,4.533800807736485,0.1706975309897051
1306,0.3204,5,47,5,116206,489404,7216,100740,4.53336544518137,0.17070409933846653
1307,0.3205,7,54,7,116260,489350,7223,100733,4.532865241394642,0.1707098831859247
1308,0.3206,14,117,14,116377,489233,7237,100719,4.531781466523398,0.1707240589064873
1309,0.3207,5,32,5,116409,489201,7242,100714,4.531485049464597,0.17072629107583295
1310,0.3208,3,53,3,116462,489148,7245,100711,4.530994108710956,0.17073741351746774
1311,0.3209,3,44,3,116506,489104,7248,100708,4.530586535255104,0.17074593260225293
1312,0.321,3,51,3,116557,489053,7251,100705,4.530114120567639,0.17075647977645067
1313,0.3211,4,39,4,116596,489014,7255,100701,4.529752862277224,0.17076214781716592
1314,0.3212,2,37,2,116633,488977,7257,100699,4.529410130052985,0.17077004999355577
1315,0.3213,6,55,6,116688,488922,7263,100693,4.528900663233169,0.17077754127693495
1316,0.3214,0,26,0,116714,488896,7263,100693,4.528659824372893,0.1707850723130859
1317,0.3215,6,49,6,116763,488847,7269,100687,4.528205935751602,0.1707908280099197
1318,0.3216,3,73,3,116836,488774,7272,100684,4.527529734336211,0.1708077589921589
1319,0.3217,8,58,8,116894,488716,7280,100676,4.5269924784171325,0.17081331270190298
1320,0.3218,8,58,8,116952,488658,7288,100668,4.526455222498055,0.170818867655593
1321,0.3219,6,37,6,116989,488621,7294,100662,4.526112490273816,0.1708211504489354
1322,0.322,6,78,6,117067,488543,7300,100656,4.525389973692986,0.17083532049443398
1323,0.3221,3,41,3,117108,488502,7303,100653,4.525010189336396,0.17084298698984138
1324,0.3222,11,99,11,117207,488403,7314,100642,4.524093149060729,0.17085621641810048
1325,0.3223,1,24,1,117231,488379,7315,100641,4.523870836266627,0.17086177039828868
1326,0.3224,9,24,9,117255,488355,7324,100632,4.523648523472525,0.17085606303704495
1327,0.3225,4,71,4,117326,488284,7328,100628,4.522990848123309,0.17087102996712583
1328,0.3226,3,43,3,117369,488241,7331,100625,4.522592537700545,0.17087928323251808
1329,0.3227,4,21,4,117390,488220,7335,100621,4.522398014005706,0.1708797451264433
1330,0.3228,1,67,1,117457,488153,7336,100620,4.52177739078884,0.1708977823371656
1331,0.3229,2,26,2,117483,488127,7338,100618,4.5215365519285635,0.17090251297250933
1332,0.323,2,25,2,117508,488102,7340,100616,4.521304976101375,0.17090695375374967
1333,0.3231,5,30,5,117538,488072,7345,100611,4.521027085108748,0.17090862144821575
1334,0.3232,4,46,4,117584,488026,7349,100607,4.520600985586721,0.17091634346018658
1335,0.3233,5,74,5,117658,487952,7354,100602,4.519915521138241,0.17093078969814154
1336,0.3234,1,38,1,117696,487914,7355,100601,4.519563525880915,0.17094041783132122
1337,0.3235,1,17,1,117713,487897,7356,100600,4.519406054318426,0.1709439470379628
1338,0.3236,2,14,2,117727,487883,7358,100598,4.5192763718552005,0.1709451961915508
1339,0.3237,4,17,4,117744,487866,7362,100594,4.519118900292712,0.1709444992013051
1340,0.3238,6,49,6,117793,487817,7368,100588,4.5186650116714215,0.1709502808439765
1341,0.3239,1,24,1,117817,487793,7369,100587,4.518442698877321,0.17095584486216392
1342,0.324,5,31,5,117848,487762,7374,100582,4.518155544851607,0.1709578069972669
1343,0.3241,13,116,13,117964,487646,7387,100569,4.51708103301345,0.17097319857535084
1344,0.3242,5,46,5,118010,487600,7392,100564,4.516654933491423,0.17097952271815345
1345,0.3243,2,95,2,118105,487505,7394,100562,4.515774945348105,0.17100432433719287
1346,0.3244,0,31,0,118136,487474,7394,100562,4.515487791322391,0.1710133393193614
1347,0.3245,12,66,12,118202,487408,7406,100550,4.514876431138612,0.17101561676174148
1348,0.3246,1,42,1,118244,487366,7407,100549,4.514487383748935,0.17102642388780692
1349,0.3247,5,51,5,118295,487315,7412,100544,4.51401496906147,0.1710342105845109
1350,0.3248,8,109,8,118404,487206,7420,100536,4.513005298454926,0.17105464642649326
1351,0.3249,11,93,11,118497,487113,7431,100525,4.512143836377784,0.17106620062010966
1352,0.325,3,34,3,118531,487079,7434,100522,4.511828893252806,0.17107186679396394
1353,0.3251,7,26,7,118557,487053,7441,100515,4.51158805439253,0.17106956131035045
1354,0.3252,4,47,4,118604,487006,7445,100511,4.511152691837415,0.17107760286085338
1355,0.3253,12,125,12,118729,486881,7457,100499,4.509994812701471,0.17109707514726413
1356,0.3254,4,73,4,118802,486808,7461,100495,4.50931861128608,0.17111269651270297
1357,0.3255,3,24,3,118826,486784,7464,100492,4.509096298491978,0.17111545508415124
1358,0.3256,1,49,1,118875,486735,7465,100491,4.508642409870688,0.17112832197484443
1359,0.3257,8,35,8,118910,486700,7473,100483,4.508318203712624,0.17112722950085407
1360,0.3258,10,95,10,119005,486605,7483,100473,4.507438215569306,0.1711408024146706
1361,0.3259,12,45,12,119050,486560,7495,100461,4.507021379080366,0.17113697806381714
1362,0.326,8,62,8,119112,486498,7503,100453,4.506447071028938,0.17114375816720645
1363,0.3261,6,72,6,119184,486426,7509,100447,4.505780132646634,0.171156280830776
1364,0.3262,2,36,2,119220,486390,7511,100445,4.505446663455482,0.1711639557967742
1365,0.3263,5,48,5,119268,486342,7516,100440,4.505002037867279,0.17117089481272432
1366,0.3264,0,39,0,119307,486303,7516,100440,4.504640779576865,0.17118227230661465
1367,0.3265,0,40,0,119347,486263,7516,100440,4.504270258253363,0.17119394310238742
1368,0.3266,3,62,3,119409,486201,7519,100437,4.5036959502019345,0.171207797653749
1369,0.3267,13,98,13,119507,486103,7532,100424,4.502788172959354,0.17121803429339144
1370,0.3268,6,72,6,119579,486031,7538,100418,4.50212123457705,0.17123057588980456
1371,0.3269,4,46,4,119625,485985,7542,100414,4.501695135055022,0.17123835477209204
1372,0.327,14,118,14,119743,485867,7556,100400,4.500602097150691,0.1712530297628896
1373,0.3271,3,56,3,119799,485811,7559,100397,4.500083367297788,0.17126514820677985
1374,0.3272,11,91,11,119890,485720,7570,100386,4.499240431286821,0.17127618553640467
1375,0.3273,9,62,9,119952,485658,7579,100377,4.498666123235393,0.1712815787452968
1376,0.3274,6,52,6,120004,485606,7585,100371,4.498184445514839,0.17128829288521563
1377,0.3275,1,23,1,120027,485583,7586,100370,4.497971395753826,0.17129360204658053
1378,0.3276,12,145,12,120172,485438,7598,100358,4.49662825595613,0.17131902573592173
1379,0.3277,5,54,5,120226,485384,7603,100353,4.496128052169403,0.17132774607033532
1380,0.3278,4,38,4,120264,485346,7607,100349,4.495776056912075,0.1713332024347143
1381,0.3279,4,39,4,120303,485307,7611,100345,4.495414798621661,0.1713389521422278
1382,0.328,7,77,7,120380,485230,7618,100338,4.494701545073919,0.17135157658888464
1383,0.3281,4,90,4,120470,485140,7622,100334,4.493867872096039,0.17137225564243672
1384,0.3282,8,89,8,120559,485051,7630,100326,4.493043462151247,0.17138698650613193
1385,0.3283,1,58,1,120617,484993,7631,100325,4.492506206232169,0.1714025538254419
1386,0.3284,1,30,1,120647,484963,7632,100324,4.492228315239542,0.17140992367846886
1387,0.3285,4,65,4,120712,484898,7636,100320,4.491626218088851,0.17142329866818862
1388,0.3286,6,41,6,120753,484857,7642,100314,4.491246433732261,0.17142681370061058
1389,0.3287,2,41,2,120794,484816,7644,100312,4.490866649375672,0.17143599349202227
1390,0.3288,6,56,6,120850,484760,7650,100306,4.490347919522769,0.17144390547391233
1391,0.3289,4,24,4,120874,484736,7654,100302,4.490125606728667,0.17144527364034473
1392,0.329,14,115,14,120989,484621,7668,100288,4.489060357923599,0.17145915005582066
1393,0.3291,3,17,3,121006,484604,7671,100285,4.48890288636111,0.17145988384120747
1394,0.3292,12,82,12,121088,484522,7683,100273,4.488143317647931,0.17146692430680838
1395,0.3293,7,48,7,121136,484474,7690,100266,4.487698692059728,0.17147108116427814
1396,0.3294,4,68,4,121204,484406,7694,100262,4.487068805809774,0.17148535579166296
1397,0.3295,6,61,6,121265,484345,7700,100256,4.486503760791433,0.17149474598914474
1398,0.3296,3,84,3,121349,484261,7703,100253,4.485725666012079,0.17151513907280236
1399,0.3297,4,55,4,121404,484206,7707,100249,4.485216199192264,0.17152560932834862
1400,0.3298,3,32,3,121436,484174,7710,100246,4.484919782133462,0.17153074843434515
1401,0.3299,7,76,7,121512,484098,7717,100239,4.484215791618808,0.17154313350001796
1402,0.33,9,80,9,121592,484018,7726,100230,4.483474748971803,0.17155386068929632
1403,0.3301,4,62,4,121654,483956,7730,100226,4.482900440920375,0.17156639540417198
1404,0.3302,6,60,6,121714,483896,7736,100220,4.482344658935122,0.17157550897424484
1405,0.3303,3,44,3,121758,483852,7739,100217,4.481937085479269,0.17158417926649078
1406,0.3304,5,24,5,121782,483828,7744,100212,4.481714772685168,0.17158413807273473
1407,0.3305,10,90,10,121872,483738,7754,100202,4.480881099707288,0.17159639689009146
1408,0.3306,4,24,4,121896,483714,7758,100198,4.480658786913187,0.17159777500719287
1409,0.3307,6,39,6,121935,483675,7764,100192,4.480297528622772,0.17160072413751762
1410,0.3308,1,34,1,121969,483641,7765,100191,4.479982585497796,0.1716092985653407
1411,0.3309,0,44,0,122013,483597,7765,100191,4.479575012041943,0.1716222327283192
1412,0.331,4,64,4,122077,483533,7769,100187,4.4789821779243395,0.1716353731241006
1413,0.3311,2,58,2,122135,483475,7771,100185,4.478444922005261,0.17164959051502587
1414,0.3312,8,81,8,122216,483394,7779,100177,4.477694616325169,0.17166205997213707
1415,0.3313,7,70,7,122286,483324,7786,100170,4.47704620400904,0.1716727164289607
1416,0.3314,9,56,9,122342,483268,7795,100161,4.476527474156137,0.17167641649626605
1417,0.3315,3,59,3,122401,483209,7798,100158,4.475980955203972,0.1716895196334383
1418,0.3316,7,60,7,122461,483149,7805,100151,4.475425173218719,0.1716972398422767
1419,0.3317,20,108,20,122569,483041,7825,100131,4.474424765645263,0.1717006303457642
1420,0.3318,6,35,6,122604,483006,7831,100125,4.474100559487199,0.17170241335137387
1421,0.3319,4,91,4,122695,482915,7835,100121,4.473257623476231,0.17172352993640186
1422,0.332,3,54,3,122749,482861,7838,100118,4.472757419689503,0.17173517399426053
1423,0.3321,3,36,3,122785,482825,7841,100115,4.472423950498351,0.1717415171372697
1424,0.3322,8,93,8,122878,482732,7849,100107,4.471562488421209,0.17175755225714134
1425,0.3323,11,61,11,122939,482671,7860,100096,4.470997443402868,0.17175989718017665
1426,0.3324,1,46,1,122985,482625,7861,100095,4.470571343880841,0.1717720345963756
1427,0.3325,2,26,2,123011,482599,7863,100093,4.470330505020564,0.17177685638381857
1428,0.3326,1,43,1,123054,482556,7864,100092,4.469932194597799,0.17178811220496767
1429,0.3327,4,77,4,123131,482479,7868,100088,4.469218941050057,0.17180513142694318
1430,0.3328,3,36,3,123167,482443,7871,100085,4.468885471858905,0.1718114837398374
1431,0.3329,5,69,5,123236,482374,7876,100080,4.468246322575864,0.17182472778966235
1432,0.333,5,32,5,123268,482342,7881,100075,4.467949905517062,0.17182705861951145
1433,0.3331,7,54,7,123322,482288,7888,100068,4.4674497017303345,0.1718330368365742
1434,0.3332,11,85,11,123407,482203,7899,100057,4.466662343917893,0.1718424758698863
1435,0.3333,7,50,7,123457,482153,7906,100050,4.466199192263515,0.17184727663718669
1436,0.3334,1,29,1,123486,482124,7907,100049,4.465930564303975,0.17185441440946247
1437,0.3335,5,59,5,123545,482065,7912,100044,4.46538404535181,0.17186471949411536
1438,0.3336,1,28,1,123573,482037,7913,100043,4.465124680425358,0.17187156404617923
1439,0.3337,6,51,6,123624,481986,7919,100037,4.464652265737893,0.17187808729208295
1440,0.3338,0,31,0,123655,481955,7919,100037,4.464365111712179,0.17188724243632214
1441,0.3339,7,38,7,123693,481917,7926,100030,4.4640131164548515,0.17188850531062108
1442,0.334,1,5,1,123698,481912,7927,100029,4.4639668012894145,0.17188855914946705
1443,0.3341,5,70,5,123768,481842,7932,100024,4.463318388973286,0.17190212179436504
1444,0.3342,6,62,6,123830,481780,7938,100018,4.4627440809218575,0.17191190069405532
1445,0.3343,4,50,4,123880,481730,7942,100014,4.46228092926748,0.17192098242525922
1446,0.3344,3,36,3,123916,481694,7945,100011,4.461947460076328,0.17192735149259505
1447,0.3345,3,36,3,123952,481658,7948,100008,4.4616139908851755,0.17193372141400734
1448,0.3346,1,52,1,124004,481606,7949,100007,4.461132313164622,0.1719476696703822
1449,0.3347,5,73,5,124077,481533,7954,100002,4.460456111749231,0.1719621346952462
1450,0.3348,10,75,10,124152,481458,7964,99992,4.459761384267664,0.17197007481296758
1451,0.3349,4,48,4,124200,481410,7968,99988,4.459316758679462,0.17197857577769446
1452,0.335,5,66,5,124266,481344,7973,99983,4.458705398495684,0.17199097925952175
1453,0.3351,10,73,10,124339,481271,7983,99973,4.458029197080292,0.17199833460646474
1454,0.3352,6,24,6,124363,481247,7989,99967,4.457806884286191,0.171996889269701
1455,0.3353,9,76,9,124439,481171,7998,99958,4.457102893771537,0.1720065596451046
1456,0.3354,4,31,4,124470,481140,8002,99954,4.456815739745823,0.17201003624198494
1457,0.3355,5,82,5,124552,481058,8007,99949,4.4560561710326425,0.17202718728001556
1458,0.3356,9,82,9,124634,480976,8016,99940,4.455296602319463,0.17203864241990235
1459,0.3357,10,64,10,124698,480912,8026,99930,4.45470376820186,0.1720433439730598
1460,0.3358,5,95,5,124793,480817,8031,99925,4.453823780058542,0.17206435904411943
1461,0.3359,3,74,3,124867,480743,8034,99922,4.4531383156100635,0.1720820094202337
1462,0.336,0,45,0,124912,480698,8034,99922,4.452721479121124,0.17209534635389756
1463,0.3361,3,67,3,124979,480631,8037,99919,4.452100855904257,0.1721109292911894
1464,0.3362,3,57,3,125036,480574,8040,99916,4.451572863018266,0.17212355079329533
1465,0.3363,3,39,3,125075,480535,8043,99913,4.4512116047278525,0.1721308368708308
1466,0.3364,8,81,8,125156,480454,8051,99905,4.4504612990477606,0.17214344914096275
1467,0.3365,4,42,4,125198,480412,8055,99901,4.450072251658083,0.17215020170149556
1468,0.3366,1,38,1,125236,480374,8056,99900,4.449720256400756,0.17216004852879846
1469,0.3367,7,64,7,125300,480310,8063,99893,4.449127422283152,0.17216905117691567
1470,0.3368,4,57,4,125357,480253,8067,99889,4.448599429397162,0.17218025931582268
1471,0.3369,8,104,8,125461,480149,8075,99881,4.4476360739560565,0.1721997138079065
1472,0.337,7,71,7,125532,480078,8082,99874,4.44697839860684,0.1722108036527161
1473,0.3371,4,36,4,125568,480042,8086,99870,4.446644929415688,0.1722157844638497
1474,0.3372,7,26,7,125594,480016,8093,99863,4.446404090555411,0.17221351350885272
1475,0.3373,8,97,8,125691,479919,8101,99855,4.445505576345918,0.17223090376595018
1476,0.3374,4,35,4,125726,479884,8105,99851,4.445181370187854,0.17223559039906164
1477,0.3375,10,76,10,125802,479808,8115,99841,4.4444773796732004,0.17224389242455349
1478,0.3376,7,105,7,125907,479703,8122,99834,4.443504761199007,0.17226510127912453
1479,0.3377,5,28,5,125935,479675,8127,99829,4.443245396272555,0.17226628289019574
1480,0.3378,9,90,9,126025,479585,8136,99820,4.442411723294676,0.17228018398184344
1481,0.3379,6,47,6,126072,479538,8142,99814,4.44197636073956,0.17228558803628882
1482,0.338,7,59,7,126131,479479,8149,99807,4.441429841787395,0.1722931332709577
1483,0.3381,4,37,4,126168,479442,8153,99803,4.441087109563155,0.1722984229471122
1484,0.3382,1,21,1,126189,479421,8154,99802,4.440892585868316,0.17230324072075867
1485,0.3383,5,68,5,126257,479353,8159,99797,4.440262699618363,0.17231632564965899
1486,0.3384,2,53,2,126310,479300,8161,99795,4.4397717588647225,0.17232923786252688
1487,0.3385,3,45,3,126355,479255,8164,99792,4.439354922375783,0.17233834213803026
1488,0.3386,7,92,7,126447,479163,8171,99785,4.438502723331728,0.1723557210664861
1489,0.3387,2,27,2,126474,479136,8173,99783,4.438252621438364,0.1723609002295658
1490,0.3388,3,58,3,126532,479078,8176,99780,4.437715365519286,0.1723738809863559
1491,0.3389,5,25,5,126557,479053,8181,99775,4.437483789692097,0.17237417678481345
1492,0.339,12,98,12,126655,478955,8193,99763,4.436576012449517,0.17238620537118252
1493,0.3391,3,44,3,126699,478911,8196,99760,4.436168438993664,0.17239502238750518
1494,0.3392,22,189,22,126888,478722,8218,99738,4.434417725740117,0.17241987345711027
1495,0.3393,2,43,2,126931,478679,8220,99736,4.434019415317351,0.17242982979348737
1496,0.3394,6,70,6,127001,478609,8226,99730,4.4333710030012226,0.17244211440003182
1497,0.3395,6,53,6,127054,478556,8232,99724,4.432880062247582,0.17244933250328562
1498,0.3396,5,83,5,127137,478473,8237,99719,4.432111230501316,0.1724669313999502
1499,0.3397,6,34,6,127171,478439,8243,99713,4.431796287376338,0.1724684857961228
1500,0.3398,5,71,5,127242,478368,8248,99708,4.431138612027122,0.1724825109501173
1501,0.3399,4,42,4,127284,478326,8252,99704,4.430749564637445,0.17248931716346902
1502,0.34,8,63,8,127347,478263,8260,99696,4.430165993552929,0.17249666498834693
1503,0.3401,3,55,3,127402,478208,8263,99693,4.429656526733114,0.17250878610696296
1504,0.3402,9,94,9,127496,478114,8272,99684,4.428785801622883,0.17252396166134185
1505,0.3403,7,67,7,127563,478047,8279,99677,4.428165178406017,0.17253394354397603
1506,0.3404,2,51,2,127614,477996,8281,99675,4.427692763718552,0.17254631096246825
1507,0.3405,1,52,1,127666,477944,8282,99674,4.427211085998,0.17256041189852117
1508,0.3406,7,61,7,127727,477883,8289,99667,4.426646040979659,0.17256860877846075
1509,0.3407,5,70,5,127797,477813,8294,99662,4.42599762866353,0.17258236287285164
1510,0.3408,4,58,4,127855,477755,8298,99658,4.4254603727444515,0.17259396653695017
1511,0.3409,4,53,4,127908,477702,8302,99654,4.424969431990811,0.1726040778999439
1512,0.341,3,68,3,127976,477634,8305,99651,4.424339545740858,0.17262010965121213
1513,0.3411,4,31,4,128007,477603,8309,99647,4.4240523917151435,0.17262364660025986
1514,0.3412,5,24,5,128031,477579,8314,99642,4.423830078921042,0.17262365714345113
1515,0.3413,6,79,6,128110,477500,8320,99636,4.423098299307125,0.1726386848160572
1516,0.3414,4,53,4,128163,477447,8324,99632,4.422607358553485,0.17264880544951383
1517,0.3415,5,31,5,128194,477416,8329,99627,4.422320204527771,0.17265091163050242
1518,0.3416,2,36,2,128230,477380,8331,99625,4.421986735336619,0.17265881578149236
1519,0.3417,3,51,3,128281,477329,8334,99622,4.421514320649154,0.17266977611616932
1520,0.3418,8,87,8,128368,477242,8342,99614,4.4207084367705365,0.17268434409974065
1521,0.3419,5,73,5,128441,477169,8347,99609,4.420032235355145,0.17269902804892004
1522,0.342,9,86,9,128527,477083,8356,99600,4.419235614509615,0.17271187116665482
1523,0.3421,7,47,7,128574,477036,8363,99593,4.4188002519545,0.17271590572100953
1524,0.3422,2,31,2,128605,477005,8365,99591,4.418513097928786,0.1727223220417762
1525,0.3423,3,26,3,128631,476979,8368,99588,4.41827225906851,0.17272580636769014
1526,0.3424,2,30,2,128661,476949,8370,99586,4.417994368075883,0.1727319243411068
1527,0.3425,6,44,6,128705,476905,8376,99580,4.41758679462003,0.17273649791408277
1528,0.3426,16,87,16,128792,476818,8392,99564,4.416780910741413,0.172739606719155
1529,0.3427,6,47,6,128839,476771,8398,99558,4.416345548186298,0.17274508136845448
1530,0.3428,9,70,9,128909,476701,8407,99549,4.415697135870169,0.1727531453362256
1531,0.3429,7,65,7,128974,476636,8414,99542,4.415095038719478,0.17276258378487203
1532,0.343,10,114,10,129088,476522,8424,99532,4.414039052947497,0.17278241275991488
1533,0.3431,8,117,8,129205,476405,8432,99524,4.412955278076253,0.17280602296463626
1534,0.3432,9,125,9,129330,476280,8441,99515,4.411797398940309,0.17283060811573564
1535,0.3433,5,64,5,129394,476216,8446,99510,4.411204564822706,0.17284263694882634
1536,0.3434,1,56,1,129450,476160,8447,99509,4.410685834969803,0.17285801389340055
1537,0.3435,23,169,23,129619,475991,8470,99486,4.409120382378006,0.1728757187515748
1538,0.3436,7,104,7,129723,475887,8477,99479,4.4081570269369,0.17289690388378876
1539,0.3437,12,60,12,129783,475827,8489,99467,4.407601244951647,0.1728976836191582
1540,0.3438,7,85,7,129868,475742,8496,99460,4.406813887139205,0.17291316789580008
1541,0.3439,16,113,16,129981,475629,8512,99444,4.405767164400311,0.17292413311005733
1542,0.344,10,89,10,130070,475540,8522,99434,4.404942754455519,0.17293651539026111
1543,0.3441,1,37,1,130107,475503,8523,99433,4.404600022231279,0.1729462061864277
1544,0.3442,12,76,12,130183,475427,8535,99421,4.403896031716625,0.1729518063905589
1545,0.3443,6,49,6,130232,475378,8541,99415,4.403442143095335,0.1729579170240417
1546,0.3444,4,70,4,130302,475308,8545,99411,4.402793730779206,0.1729732269161103
1547,0.3445,13,74,13,130376,475234,8558,99398,4.402108266330727,0.17297679210346795
1548,0.3446,2,27,2,130403,475207,8560,99396,4.401858164437363,0.17298204151388002
1549,0.3447,2,15,2,130418,475192,8562,99394,4.40171921894105,0.17298367868343467
1550,0.3448,5,62,5,130480,475130,8567,99389,4.401144910889622,0.17299514898549917
1551,0.3449,5,56,5,130536,475074,8572,99384,4.400626181036719,0.17300481497341844
1552,0.345,7,99,7,130635,474975,8579,99377,4.3997091407610505,0.17302455636961306
1553,0.3451,9,116,9,130751,474859,8588,99368,4.398634628922895,0.17304654779381673
1554,0.3452,2,55,2,130806,474804,8590,99366,4.398125162103079,0.1730602434818956
1555,0.3453,9,75,9,130881,474729,8599,99357,4.397430434621512,0.173069888483607
1556,0.3454,6,65,6,130946,474664,8605,99351,4.396828337470821,0.17308084283511754
1557,0.3455,4,64,4,131010,474600,8609,99347,4.396235503353218,0.17309437979465003
1558,0.3456,8,90,8,131100,474510,8617,99339,4.395401830375338,0.1731099993203787
1559,0.3457,4,52,4,131152,474458,8621,99335,4.394920152654786,0.17311992303844767
1560,0.3458,8,44,8,131196,474414,8629,99327,4.394512579198933,0.17312166988240338
1561,0.3459,6,27,6,131223,474387,8635,99321,4.394262477305569,0.1731211696542492
1562,0.346,8,41,8,131264,474346,8643,99313,4.39388269294898,0.17312201150857914
1563,0.3461,1,50,1,131314,474296,8644,99312,4.393419541294602,0.1731356605905078
1564,0.3462,8,90,8,131404,474206,8652,99304,4.392585868316722,0.17315129640285262
1565,0.3463,1,20,1,131424,474186,8653,99303,4.39240060765497,0.1731558931383165
1566,0.3464,7,68,7,131492,474118,8660,99296,4.391770721405017,0.17316633357399713
1567,0.3465,7,41,7,131533,474077,8667,99289,4.391390937048427,0.17316862178782838
1568,0.3466,3,76,3,131609,474001,8670,99286,4.390686946533773,0.17318725176046204
1569,0.3467,4,96,4,131705,473905,8674,99282,4.389797695357368,0.17321048802572284
1570,0.3468,3,59,3,131764,473846,8677,99279,4.389251176405202,0.17322399127589969
1571,0.3469,5,64,5,131828,473782,8682,99274,4.388658342287599,0.17323612352021442
1572,0.347,13,118,13,131946,473664,8695,99261,4.387565304383267,0.1732530435920932
1573,0.3471,7,95,7,132041,473569,8702,99254,4.38668531623995,0.1732716737980144
1574,0.3472,15,122,15,132163,473447,8717,99239,4.385555226203268,0.17328693210590096
1575,0.3473,5,60,5,132223,473387,8722,99234,4.384999444218015,0.17329787066838276
1576,0.3474,4,34,4,132257,473353,8726,99230,4.384684501093038,0.17330238585497648
1577,0.3475,15,135,15,132392,473218,8741,99215,4.383433991626218,0.1733215939682024
1578,0.3476,8,83,8,132475,473135,8749,99207,4.382665159879951,0.1733351737248009
1579,0.3477,12,85,12,132560,473050,8761,99195,4.381877802067509,0.17334358535242772
1580,0.3478,14,88,14,132648,472962,8775,99181,4.381062655155804,0.173350019138572
1581,0.3479,9,89,9,132737,472873,8784,99172,4.380238245211012,0.1733639836026886
1582,0.348,8,55,8,132792,472818,8792,99164,4.379728778391196,0.1733690920343647
1583,0.3481,7,36,7,132828,472782,8799,99157,4.379395309200045,0.17336988734812628
1584,0.3482,3,13,3,132841,472769,8802,99154,4.379274889769906,0.17336949204700633
1585,0.3483,4,41,4,132882,472728,8806,99150,4.378895105413316,0.17337613966615256
1586,0.3484,5,57,5,132939,472671,8811,99145,4.378367112527326,0.17338619416035927
1587,0.3485,4,35,4,132974,472636,8815,99141,4.378042906369261,0.1733910248226144
1588,0.3486,8,36,8,133010,472600,8823,99133,4.37770943717811,0.1733903762770384
1589,0.3487,5,67,5,133077,472533,8828,99128,4.377088813961244,0.17340346813933433
1590,0.3488,10,87,10,133164,472446,8838,99118,4.376282930082627,0.17341540055006963
1591,0.3489,6,87,6,133251,472359,8844,99112,4.375477046204009,0.17343312259064764
1592,0.349,13,97,13,133348,472262,8857,99099,4.3745785319945165,0.17344375972458742
1593,0.3491,0,34,0,133382,472228,8857,99099,4.37426358886954,0.17345408146298005
1594,0.3492,9,115,9,133497,472113,8866,99090,4.37319834006447,0.17347597964296407
1595,0.3493,3,65,3,133562,472048,8869,99087,4.3725962429137795,0.17349138119709
1596,0.3494,11,118,11,133680,471930,8880,99076,4.371503205009448,0.17351131161493924
1597,0.3495,19,147,19,133827,471783,8899,99057,4.370141539145578,0.17352848433886903
1598,0.3496,5,83,5,133910,471700,8904,99052,4.369372707399311,0.1735464790311729
1599,0.3497,13,83,13,133993,471617,8917,99039,4.368603875653044,0.17355289351202827
1600,0.3498,3,45,3,134038,471572,8920,99036,4.368187039164104,0.1735622353699913
1601,0.3499,8,81,8,134119,471491,8928,99028,4.367436733484012,0.1735752884654148
1602,0.35,7,92,7,134211,471399,8935,99021,4.366584534439957,0.17359314189544547
1603,0.3501,7,107,7,134318,471292,8942,99014,4.365593389899589,0.1736155677829095
1604,0.3502,8,80,8,134398,471212,8950,99006,4.364852347252584,0.17362833162053812
1605,0.3503,13,63,13,134461,471149,8963,98993,4.3642687761680685,0.17362867496167622
1606,0.3504,8,84,8,134545,471065,8971,98985,4.363490681388714,0.17364266292430489
1607,0.3505,12,77,12,134622,470988,8983,98973,4.362777427840972,0.1736487233337018
1608,0.3506,16,101,16,134723,470887,8999,98957,4.361841861499129,0.17365629891689655
1609,0.3507,4,64,4,134787,470823,9003,98953,4.361249027381525,0.1736700036505574
1610,0.3508,7,59,7,134846,470764,9010,98946,4.36070250842936,0.17367783609204684
1611,0.3509,4,37,4,134883,470727,9014,98942,4.3603597762051205,0.173683314345699
1612,0.351,9,76,9,134959,470651,9023,98933,4.3596557856904665,0.17369343239978652
1613,0.3511,8,108,8,135067,470543,9031,98925,4.35865537811701,0.17371476535994998
1614,0.3512,8,139,8,135206,470404,9039,98917,4.357367816517841,0.1737455670878116
1615,0.3513,8,58,8,135264,470346,9047,98909,4.3568305605987625,0.17375165786861776
1616,0.3514,6,81,6,135345,470265,9053,98903,4.356080254918671,0.1737676749219914
1617,0.3515,10,114,10,135459,470151,9063,98893,4.355024269146689,0.17378796718707165
1618,0.3516,7,53,7,135512,470098,9070,98886,4.354533328393049,0.17379399069218116
1619,0.3517,8,67,8,135579,470031,9078,98878,4.353912705176183,0.17380284017303294
1620,0.3518,11,84,11,135663,469947,9089,98867,4.353134610396828,0.17381252922748033
1621,0.3519,10,52,10,135715,469895,9099,98857,4.352652932676276,0.17381389428081132
1622,0.352,6,101,6,135816,469794,9105,98851,4.351717366334433,0.17383604885297504
1623,0.3521,5,57,5,135873,469737,9110,98846,4.351189373448442,0.17384621066757183
1624,0.3522,4,47,4,135920,469690,9114,98842,4.3507540108933265,0.17385476982825945
1625,0.3523,13,122,13,136042,469568,9127,98829,4.349623920856645,0.17387319074520097
1626,0.3524,3,24,3,136066,469544,9130,98826,4.349401608062544,0.17387617221176346
1627,0.3525,8,108,8,136174,469436,9138,98818,4.348401200489088,0.17389758805041408
1628,0.3526,5,58,5,136232,469378,9143,98813,4.34786394457001,0.17390806964559452
1629,0.3527,2,45,2,136277,469333,9145,98811,4.34744710808107,0.1739189360443831
1630,0.3528,2,31,2,136308,469302,9147,98809,4.347159954055356,0.17392551807657305
1631,0.3529,9,42,9,136350,469260,9156,98800,4.346770906665679,0.1739252895820864
1632,0.353,12,85,12,136435,469175,9168,98788,4.345983548853236,0.1739338654102468
1633,0.3531,2,57,2,136492,469118,9170,98786,4.345455555967246,0.17394841381641968
1634,0.3532,4,83,4,136575,469035,9174,98782,4.344686724220979,0.17396802138717227
1635,0.3533,10,76,10,136651,468959,9184,98772,4.343982733706325,0.17397676012055005
1636,0.3534,6,56,6,136707,468903,9190,98766,4.343464003853422,0.1739851920749592
1637,0.3535,3,43,3,136750,468860,9193,98763,4.343065693430657,0.17399400658535683
1638,0.3536,11,79,11,136829,468781,9204,98752,4.3423339138167405,0.17400221661119264
1639,0.3537,11,112,11,136941,468669,9215,98741,4.3412964541109345,0.17402054951446044
1640,0.3538,14,119,14,137060,468550,9229,98727,4.340194153173515,0.174036669916108
1641,0.3539,7,64,7,137124,468486,9236,98720,4.3396013190559115,0.17404611375761186
1642,0.354,9,75,9,137199,468411,9245,98711,4.338906591574345,0.1740560232189899
1643,0.3541,9,45,9,137244,468366,9254,98702,4.338489755085405,0.174056726882843
1644,0.3542,9,110,9,137354,468256,9263,98693,4.337470821445774,0.17407738614937146
1645,0.3543,10,108,10,137462,468148,9273,98683,4.336470413872318,0.17409598275323684
1646,0.3544,15,104,15,137566,468044,9288,98668,4.3355070584312125,0.17410607151427887
1647,0.3545,6,61,6,137627,467983,9294,98662,4.3349420134128716,0.17411606914382022
1648,0.3546,10,81,10,137708,467902,9304,98652,4.33419170773278,0.17412638512833728
1649,0.3547,17,123,17,137831,467779,9321,98635,4.33305235466301,0.17413941039592948
1650,0.3548,9,103,9,137934,467676,9330,98626,4.332098262254993,0.17415795812128512
1651,0.3549,11,91,11,138025,467585,9341,98615,4.331255326244025,0.17416990462734017
1652,0.355,12,92,12,138117,467493,9353,98603,4.33040312719997,0.174180704332834
1653,0.3551,16,86,16,138203,467407,9369,98587,4.329606506354441,0.17418382527023255
1654,0.3552,16,87,16,138290,467320,9385,98571,4.328800622475823,0.17418725514277483
1655,0.3553,9,77,9,138367,467243,9394,98562,4.328087368928082,0.17419782433877395
1656,0.3554,14,140,14,138507,467103,9408,98548,4.326790544295824,0.1742204999195617
1657,0.3555,7,88,7,138595,467015,9415,98541,4.325975397384119,0.17423738763270127
1658,0.3556,15,147,15,138742,466868,9430,98526,4.324613731520249,0.17426078097751302
1659,0.3557,5,76,5,138818,466792,9435,98521,4.323909741005595,0.17427690500660695
1660,0.3558,9,106,9,138924,466686,9444,98512,4.322927859498314,0.17429644124713817
1661,0.3559,7,116,7,139040,466570,9451,98505,4.3218533476601575,0.17432199265584214
1662,0.356,8,41,8,139081,466529,9459,98497,4.321473563303568,0.174322951510196
1663,0.3561,5,57,5,139138,466472,9464,98492,4.320945570417577,0.174333231851941
1664,0.3562,4,75,4,139213,466397,9468,98488,4.320250842936011,0.17435053152411553
1665,0.3563,3,70,3,139283,466327,9471,98485,4.319602430619883,0.174367754226185
1666,0.3564,9,109,9,139392,466218,9480,98476,4.318592760013339,0.17438825275281833
1667,0.3565,7,60,7,139452,466158,9487,98469,4.318036978028085,0.1743965485178711
1668,0.3566,5,104,5,139556,466054,9492,98464,4.31707362258698,0.17442136477490533
1669,0.3567,10,62,10,139618,465992,9502,98454,4.316499314535552,0.17442589725146426
1670,0.3568,8,53,8,139671,465939,9510,98446,4.316008373781911,0.17443057487353492
1671,0.3569,8,70,8,139741,465869,9518,98438,4.3153599614657825,0.1744405084466434
1672,0.357,18,160,18,139901,465709,9536,98420,4.313877876171774,0.17446364218113233
1673,0.3571,13,50,13,139951,465659,9549,98407,4.313414724517396,0.17446008091251733
1674,0.3572,10,62,10,140013,465597,9559,98397,4.312840416465968,0.17446462196406345
1675,0.3573,1,42,1,140055,465555,9560,98396,4.312451369076291,0.17447615129683253
1676,0.3574,4,61,4,140116,465494,9564,98392,4.31188632405795,0.17448916979673196
1677,0.3575,11,96,11,140212,465398,9575,98381,4.310997072881545,0.17450277502354647
1678,0.3576,15,120,15,140332,465278,9590,98366,4.309885508911038,0.1745179581437929
1679,0.3577,11,168,11,140500,465110,9601,98355,4.308329319352329,0.1745538764608272
1680,0.3578,13,116,13,140616,464994,9614,98342,4.307254807514172,0.17457077126262124
1681,0.3579,6,63,6,140679,464931,9620,98336,4.306671236429657,0.17458150397591196
1682,0.358,12,52,12,140731,464879,9632,98324,4.306189558709104,0.17458003597281974
1683,0.3581,10,65,10,140796,464814,9642,98314,4.305587461558413,0.17458552940006536
1684,0.3582,7,69,7,140865,464745,9649,98307,4.304948312275371,0.17459666247522432
1685,0.3583,8,57,8,140922,464688,9657,98299,4.304420319389381,0.1746026107174766
1686,0.3584,12,85,12,141007,464603,9669,98287,4.303632961576938,0.17461138055392705
1687,0.3585,4,55,4,141062,464548,9673,98283,4.3031234947571235,0.174622577647642
1688,0.3586,15,113,15,141175,464435,9688,98268,4.302076772018229,0.17463564260364703
1689,0.3587,17,129,17,141304,464306,9705,98251,4.300881840749935,0.17465074650213222
1690,0.3588,5,83,5,141387,464223,9710,98246,4.3001130090036686,0.17466918176823967
1691,0.3589,12,90,12,141477,464133,9722,98234,4.299279336025788,0.1746795242252835
1692,0.359,9,81,9,141558,464052,9731,98225,4.298529030345696,0.17469147768804344
1693,0.3591,10,89,10,141647,463963,9741,98215,4.297704620400904,0.17470445303800575
1694,0.3592,12,106,12,141753,463857,9753,98203,4.2967227388936235,0.1747197808063196
1695,0.3593,14,128,14,141881,463729,9767,98189,4.295537070658416,0.1747390188604031
1696,0.3594,12,127,12,142008,463602,9779,98177,4.294360665456297,0.17476089351862564
1697,0.3595,22,151,22,142159,463451,9801,98155,4.292961947460077,0.17477555439222514
1698,0.3596,7,134,7,142293,463317,9808,98148,4.291720701026344,0.17480697817317198
1699,0.3597,5,97,5,142390,463220,9813,98143,4.290822186816851,0.17482983381519623
1700,0.3598,13,118,13,142508,463102,9826,98130,4.28972914891252,0.17484747840465262
1701,0.3599,9,90,9,142598,463012,9835,98121,4.28889547593464,0.17486228755036684
1702,0.36,6,65,6,142663,462947,9841,98115,4.2882933787839494,0.17487372162078343
1703,0.3601,7,66,7,142729,462881,9848,98108,4.2876820186001705,0.17488399950801176
1704,0.3602,10,103,10,142832,462778,9858,98098,4.286727926192152,0.17490140423195144
1705,0.3603,9,76,9,142908,462702,9867,98089,4.286023935677498,0.1749118655613232
1706,0.3604,12,78,12,142986,462624,9879,98077,4.285301419096669,0.17491853947112632
1707,0.3605,14,135,14,143121,462489,9893,98063,4.284050909629849,0.1749400590846166
1708,0.3606,13,63,13,143184,462426,9906,98050,4.283467338545333,0.17494058621600211
1709,0.3607,8,89,8,143273,462337,9914,98042,4.2826429286005405,0.17495659187799686
1710,0.3608,14,112,14,143385,462225,9928,98028,4.2816054688947345,0.17497095062409304
1711,0.3609,14,102,14,143487,462123,9942,98014,4.280660639519804,0.17498219185663508
1712,0.361,10,66,10,143553,462057,9952,98004,4.280049279336025,0.17498808165539112
1713,0.3611,6,52,6,143605,462005,9958,97998,4.279567601615473,0.1749954910955834
1714,0.3612,10,75,10,143680,461930,9968,97988,4.278872874133906,0.17500419704313847
1715,0.3613,13,108,13,143788,461822,9981,97975,4.27787246656045,0.1750188014583858
1716,0.3614,12,146,12,143934,461676,9993,97963,4.276520063729667,0.17504677122216286
1717,0.3615,25,155,25,144089,461521,10018,97938,4.275084293601097,0.17505840463733713
1718,0.3616,4,73,4,144162,461448,10022,97934,4.2744080921857055,0.1750753510123672
1719,0.3617,15,109,15,144271,461339,10037,97919,4.273398421579162,0.17508734787879654
1720,0.3618,10,72,10,144343,461267,10047,97909,4.272731483196858,0.17509513999170206
1721,0.3619,17,132,17,144475,461135,10064,97892,4.271508762829301,0.17511139891275376
1722,0.362,2,72,2,144547,461063,10066,97890,4.270841824446997,0.17513100385900066
1723,0.3621,2,62,2,144609,461001,10068,97888,4.270267516395569,0.1751474800899642
1724,0.3622,17,173,17,144782,460828,10085,97871,4.2686650116714215,0.17517661567319792
1725,0.3623,4,48,4,144830,460780,10089,97867,4.268220386083219,0.1751857613125999
1726,0.3624,7,89,7,144919,460691,10096,97860,4.267395976138427,0.1752033386387277
1727,0.3625,4,74,4,144993,460617,10100,97856,4.266710511689948,0.17522064629803052
1728,0.3626,23,97,23,145090,460520,10123,97833,4.265811997480455,0.17521711175546653
1729,0.3627,8,56,8,145146,460464,10131,97825,4.265293267627552,0.17522286844268828
1730,0.3628,11,126,11,145272,460338,10142,97814,4.26412612545852,0.17524616950221444
1731,0.3629,9,104,9,145376,460234,10151,97805,4.263162770017415,0.17526552803657092
1732,0.363,15,182,15,145558,460052,10166,97790,4.26147689799548,0.1753005331258672
1733,0.3631,8,90,8,145648,459962,10174,97782,4.2606432250176,0.17531699130784015
1734,0.3632,9,111,9,145759,459851,10183,97773,4.259615028344881,0.17533857940117356
1735,0.3633,4,32,4,145791,459819,10187,97769,4.25931861128608,0.17534272617057756
1736,0.3634,13,144,13,145935,459675,10200,97756,4.257984734521472,0.17536879003858774
1737,0.3635,3,60,3,145995,459615,10203,97753,4.257428952536219,0.1753832297512595
1738,0.3636,17,215,17,146210,459400,10220,97736,4.2554374004223945,0.1754257488297292
1739,0.3637,8,99,8,146309,459301,10228,97728,4.254520360146726,0.17544508454676508
1740,0.3638,16,95,16,146404,459206,10244,97712,4.253640372003408,0.17545132317504553
1741,0.3639,6,95,6,146499,459111,10250,97706,4.252760383860092,0.17547237243115782
1742,0.364,16,134,16,146633,458977,10266,97690,4.251519137426359,0.17549091287969287
1743,0.3641,14,131,14,146764,458846,10280,97676,4.2503056800918895,0.17551148022899365
1744,0.3642,17,159,17,146923,458687,10297,97659,4.248832857830968,0.17553644674357324
1745,0.3643,8,91,8,147014,458596,10305,97651,4.24798992182,0.17555330635491068
1746,0.3644,8,110,8,147124,458486,10313,97643,4.24697098818037,0.17557617027704003
1747,0.3645,7,56,7,147180,458430,10320,97636,4.246452258327467,0.17558347390417683
1748,0.3646,8,146,8,147326,458284,10328,97628,4.245099855496684,0.1756177236684943
1749,0.3647,28,153,28,147479,458131,10356,97600,4.243682611434288,0.17562453777097192
1750,0.3648,14,113,14,147592,458018,10370,97586,4.2426358886953945,0.17563948423697454
1751,0.3649,4,44,4,147636,457974,10374,97582,4.242228315239542,0.17564745948203242
1752,0.365,12,40,12,147676,457934,10386,97570,4.24185779391604,0.17564229960540337
1753,0.3651,4,90,4,147766,457844,10390,97566,4.24102412093816,0.1756648241839362
1754,0.3652,10,92,10,147858,457752,10400,97556,4.240171921894105,0.1756790825992062
1755,0.3653,10,99,10,147957,457653,10410,97546,4.239254881618437,0.1756955614113138
1756,0.3654,14,108,14,148065,457545,10424,97532,4.2382544740449815,0.17570895569443518
1757,0.3655,19,155,19,148220,457390,10443,97513,4.23681870391641,0.17572981223745412
1758,0.3656,16,93,16,148313,457297,10459,97497,4.235957241839268,0.1757354982209613
1759,0.3657,12,95,12,148408,457202,10471,97485,4.23507725369595,0.17574776405432252
1760,0.3658,6,83,6,148491,457119,10477,97479,4.234308421949684,0.17576514881048977
1761,0.3659,13,142,13,148633,456977,10490,97466,4.232993071251251,0.175790838733648
1762,0.366,15,115,15,148748,456862,10505,97451,4.231927822446182,0.17580500547524594
1763,0.3661,4,69,4,148817,456793,10509,97447,4.2312886731631405,0.17582094399538106
1764,0.3662,14,143,14,148960,456650,10523,97433,4.22996405943162,0.17584549607188815
1765,0.3663,6,54,6,149014,456596,10529,97427,4.229463855644893,0.17585371004452885
1766,0.3664,10,99,10,149113,456497,10539,97417,4.228546815369224,0.1758702614485281
1767,0.3665,17,164,17,149277,456333,10556,97400,4.227027677942866,0.17589704785519375
1768,0.3666,15,92,15,149369,456241,10571,97385,4.226175478898811,0.1759039495977429
1769,0.3667,2,99,2,149468,456142,10573,97383,4.225258438623142,0.17593243304277134
1770,0.3668,7,97,7,149565,456045,10580,97376,4.22435992441365,0.17595284602499725
1771,0.3669,5,71,5,149636,455974,10585,97371,4.223702249064433,0.17596797657880708
1772,0.367,12,118,12,149754,455856,10597,97359,4.222609211160102,0.1759876359100892
1773,0.3671,9,96,9,149850,455760,10606,97350,4.221719959983697,0.1760047730107935
1774,0.3672,12,94,12,149944,455666,10618,97338,4.220849234873467,0.17601681000499092
1775,0.3673,18,149,18,150093,455517,10636,97320,4.219469042943421,0.17603742151845841
1776,0.3674,13,178,13,150271,455339,10649,97307,4.217820223053836,0.17607473862110645
1777,0.3675,19,210,19,150481,455129,10668,97288,4.21587498610545,0.17611333467290108
1778,0.3676,21,201,21,150682,454928,10689,97267,4.2140131164548515,0.17614610780611922
1779,0.3677,4,98,4,150780,454830,10693,97263,4.213105339212271,0.17617140590444003
1780,0.3678,17,191,17,150971,454639,10710,97246,4.211336099892549,0.17620699964666553
1781,0.3679,7,89,7,151060,454550,10717,97239,4.210511689947756,0.17622497005195828
1782,0.368,16,178,16,151238,454372,10733,97223,4.208862870058172,0.17625794287475413
1783,0.3681,10,152,10,151390,454220,10743,97213,4.207454889028863,0.17629158936806466
1784,0.3682,13,123,13,151513,454097,10756,97200,4.206315535959094,0.17631149815798017
1785,0.3683,17,100,17,151613,453997,10773,97183,4.205389232650339,0.176318081207591
1786,0.3684,15,126,15,151739,453871,10788,97168,4.2042220904813075,0.17633597621946903
1787,0.3685,5,64,5,151803,453807,10793,97163,4.203629256363704,0.17634898451821332
1788,0.3686,5,67,5,151870,453740,10798,97158,4.203008633146838,0.17636295648196218
1789,0.3687,12,83,12,151953,453657,10810,97146,4.20223980140057,0.17637158839004144
1790,0.3688,8,49,8,152002,453608,10818,97138,4.201785912779281,0.17637531638904322
1791,0.3689,8,114,8,152116,453494,10826,97130,4.200729927007299,0.17639986633346894
1792,0.369,13,115,13,152231,453379,10839,97117,4.199664678202231,0.17641726733709237
1793,0.3691,4,92,4,152323,453287,10843,97113,4.198812479158176,0.1764407703488372
1794,0.3692,7,83,7,152406,453204,10850,97106,4.198043647411908,0.1764569061074667
1795,0.3693,5,92,5,152498,453112,10855,97101,4.197191448367853,0.17647892725180975
1796,0.3694,10,110,10,152608,453002,10865,97091,4.1961725147282225,0.17649924649104787
1797,0.3695,11,117,11,152725,452885,10876,97080,4.1950887398569785,0.17652032402061948
1798,0.3696,8,111,8,152836,452774,10884,97072,4.194060543184261,0.1765439777683206
1799,0.3697,9,75,9,152911,452699,10893,97063,4.193365815702694,0.176554581800852
1800,0.3698,11,99,11,153010,452600,10904,97052,4.192448775427025,0.17656990241098003
1801,0.3699,11,140,11,153150,452460,10915,97041,4.191151950794768,0.17659840473447727
1802,0.37,8,144,8,153294,452316,10923,97033,4.1898180740301605,0.17663270525658553
1803,0.3701,10,134,10,153428,452182,10933,97023,4.188576827596428,0.176660809715862
1804,0.3702,8,62,8,153490,452120,10941,97015,4.188002519545,0.17666876086936728
1805,0.3703,7,85,7,153575,452035,10948,97008,4.187215161732558,0.17668561478791278
1806,0.3704,13,135,13,153710,451900,10961,96995,4.185964652265738,0.1767095710472859
1807,0.3705,7,70,7,153780,451830,10968,96988,4.185316239949609,0.17672160898512804
1808,0.3706,12,127,12,153907,451703,10980,96976,4.18413983474749,0.17674450817326706
1809,0.3707,9,86,9,153993,451617,10989,96967,4.18334321390196,0.17675870969623614
1810,0.3708,6,51,6,154044,451566,10995,96961,4.182870799214495,0.17676613913262246
1811,0.3709,12,160,12,154204,451406,11007,96949,4.181388713920486,0.1767997009236717
1812,0.371,9,96,9,154300,451310,11016,96940,4.180499462744081,0.1768171454628363
1813,0.3711,20,125,20,154425,451185,11036,96920,4.179341583608137,0.1768274326999389
1814,0.3712,14,72,14,154497,451113,11050,96906,4.178674645225833,0.17682963546884323
1815,0.3713,7,108,7,154605,451005,11057,96899,4.1776742376523766,0.1768539744188763
1816,0.3714,8,98,8,154703,450907,11065,96891,4.176766460409796,0.17687359209051512
1817,0.3715,14,104,14,154807,450803,11079,96877,4.175803104968691,0.17688613789073912
1818,0.3716,12,154,12,154961,450649,11091,96865,4.1743765978732075,0.1769178505024529
1819,0.3717,24,132,24,155093,450517,11115,96841,4.1731538775056505,0.17692442606118847
1820,0.3718,9,79,9,155172,450438,11124,96832,4.172422097891734,0.1769364299157637
1821,0.3719,11,94,11,155266,450344,11135,96821,4.1715513727815035,0.17695028008004898
1822,0.372,21,192,21,155458,450152,11156,96800,4.169772870428694,0.17698079538972342
1823,0.3721,16,148,16,155606,450004,11172,96784,4.1684019415317355,0.1770046160486331
1824,0.3722,10,127,10,155733,449877,11182,96774,4.167225536329616,0.1770306831964087
1825,0.3723,8,103,8,155836,449774,11190,96766,4.166271443921597,0.17705199985362463
1826,0.3724,20,149,20,155985,449625,11210,96746,4.164891251991552,0.17707015928737066
1827,0.3725,12,98,12,156083,449527,11222,96734,4.163983474748972,0.17708384819710724
1828,0.3726,6,57,6,156140,449470,11228,96728,4.163455481862981,0.17709328851442152
1829,0.3727,11,90,11,156230,449380,11239,96717,4.162621808885102,0.17710589876890004
1830,0.3728,25,168,25,156398,449212,11264,96692,4.161065619326393,0.1771227175474076
1831,0.3729,7,81,7,156479,449131,11271,96685,4.160315313646301,0.17713844958740674
1832,0.373,13,105,13,156584,449026,11284,96672,4.159342695172107,0.17715293074191218
1833,0.3731,12,93,12,156677,448933,11296,96660,4.158481233094965,0.177165029609984
1834,0.3732,13,93,13,156770,448840,11309,96647,4.157619771017822,0.177175624716996
1835,0.3733,6,138,6,156908,448702,11315,96641,4.156341472451739,0.17721140639927532
1836,0.3734,10,89,10,156997,448613,11325,96631,4.155517062506947,0.17722524227685219
1837,0.3735,24,154,24,157151,448459,11349,96607,4.1540905554114635,0.1772390866427185
1838,0.3736,14,196,14,157347,448263,11363,96593,4.152275000926303,0.17728170378962516
1839,0.3737,17,161,17,157508,448102,11380,96576,4.150783652599207,0.17730842809880332
1840,0.3738,24,186,24,157694,447916,11404,96552,4.149060728444922,0.17733273580816503
1841,0.3739,5,94,5,157788,447822,11409,96547,4.148190003334692,0.1773558009364971
1842,0.374,8,58,8,157846,447764,11417,96539,4.147652747415614,0.1773626086940546
1843,0.3741,12,140,12,157986,447624,11429,96527,4.146355922783356,0.17739009943931006
1844,0.3742,15,117,15,158103,447507,11444,96512,4.145272147912112,0.17740556855551
1845,0.3743,31,287,31,158390,447220,11475,96481,4.142613657415985,0.177452312944063
1846,0.3744,15,161,15,158551,447059,11490,96466,4.141122309088888,0.17748217653281817
1847,0.3745,16,131,16,158682,446928,11506,96450,4.139908851754418,0.17750074533749985
1848,0.3746,14,107,14,158789,446821,11520,96436,4.13891770721405,0.177514509707192
1849,0.3747,19,143,19,158932,446678,11539,96417,4.13759309348253,0.1775324759020061
1850,0.3748,12,105,12,159037,446573,11551,96405,4.136620475008336,0.17754862996290827
1851,0.3749,9,119,9,159156,446454,11560,96396,4.135518174070918,0.17757391544625586
1852,0.375,13,93,13,159249,446361,11573,96383,4.134656711993776,0.17758464395737217
1853,0.3751,7,93,7,159342,446268,11580,96376,4.133795249916632,0.17760446996557597
1854,0.3752,20,160,20,159502,446108,11600,96356,4.132313164622624,0.17762653374233128
1855,0.3753,13,139,13,159641,445969,11613,96343,4.131025603023454,0.17765234772603225
1856,0.3754,16,118,16,159759,445851,11629,96327,4.129932565119122,0.17766674413200093
1857,0.3755,4,85,4,159844,445766,11633,96323,4.1291452073066806,0.17768853453953135
1858,0.3756,14,109,14,159953,445657,11647,96309,4.128135536700137,0.17770302934132398
1859,0.3757,9,100,9,160053,445557,11656,96300,4.1272092333913815,0.1777221665494771
1860,0.3758,5,48,5,160101,445509,11661,96295,4.126764607803179,0.17773032314268628
1861,0.3759,21,110,21,160211,445399,11682,96274,4.125745674163548,0.1777345372577182
1862,0.376,22,120,22,160331,445279,11704,96252,4.124634110193042,0.1777405171633757
1863,0.3761,14,73,14,160404,445206,11718,96238,4.12395790877765,0.1777432199821219
1864,0.3762,23,146,23,160550,445060,11741,96215,4.122605505946868,0.1777562237310055
1865,0.3763,20,195,20,160745,444865,11761,96195,4.120799214494794,0.1777898939119506
1866,0.3764,15,184,15,160929,444681,11776,96180,4.119094816406684,0.17782757492220738
1867,0.3765,14,116,14,161045,444565,11790,96166,4.118020304568528,0.17784443651279472
1868,0.3766,22,144,22,161189,444421,11812,96144,4.11668642780392,0.17785835190957608
1869,0.3767,9,55,9,161244,444366,11821,96135,4.116176960984105,0.17786276066094234
1870,0.3768,8,90,8,161334,444276,11829,96127,4.115343288006224,0.17788021161984666
1871,0.3769,11,113,11,161447,444163,11840,96116,4.114296565267331,0.17790067724268388
1872,0.377,17,205,17,161652,443958,11857,96099,4.112397643484383,0.1779423283097895
1873,0.3771,14,163,14,161815,443795,11871,96085,4.110887769091111,0.17797473512632436
1874,0.3772,7,122,7,161937,443673,11878,96078,4.10975767905443,0.1780043019836925
1875,0.3773,13,103,13,162040,443570,11891,96065,4.108803586646411,0.17801847545099928
1876,0.3774,14,120,14,162160,443450,11905,96051,4.107692022675905,0.17803674135914485
1877,0.3775,21,149,21,162309,443301,11926,96030,4.1063118307458595,0.17805392235936743
1878,0.3776,17,138,17,162447,443163,11943,96013,4.105033532179777,0.17807357894268291
1879,0.3777,22,158,22,162605,443005,11965,95991,4.103569972951943,0.17809223074011682
1880,0.3778,17,123,17,162728,442882,11982,95974,4.102430619882174,0.17810695250679218
1881,0.3779,14,127,14,162855,442755,11996,95960,4.101254214680055,0.17812758137419601
1882,0.378,15,136,15,162991,442619,12011,95945,4.099994442180147,0.17814967209096783
1883,0.3781,23,229,23,163220,442390,12034,95922,4.097873207603097,0.17819034314672533
1884,0.3782,31,160,31,163380,442230,12065,95891,4.096391122309089,0.17819598194458125
1885,0.3783,38,218,38,163598,442012,12103,95853,4.094371781096002,0.17821014566852278
1886,0.3784,16,221,16,163819,441791,12119,95837,4.092324650783652,0.17825894484662258
1887,0.3785,6,99,6,163918,441692,12125,95831,4.091407610507985,0.1782826037211431
1888,0.3786,15,101,15,164019,441591,12140,95816,4.090472044166142,0.17829317444692755
1889,0.3787,8,63,8,164082,441528,12148,95808,4.089888473081626,0.1783018446558578
1890,0.3788,12,79,12,164161,441449,12160,95796,4.089156693467709,0.1783097097227522
1891,0.3789,14,113,14,164274,441336,12174,95782,4.088109970728816,0.17832580550270147
1892,0.379,11,99,11,164373,441237,12185,95771,4.087192930453147,0.17834184965587105
1893,0.3791,13,129,13,164502,441108,12198,95758,4.085997999184853,0.17836480611549252
1894,0.3792,15,114,15,164616,440994,12213,95743,4.0849420134128716,0.178379727874173
1895,0.3793,7,130,7,164746,440864,12220,95736,4.08373781911149,0.17841222512113306
1896,0.3794,11,110,11,164856,440754,12231,95725,4.082718885471859,0.17843196099008535
1897,0.3795,19,136,19,164992,440618,12250,95706,4.0814591129719515,0.17844810226654037
1898,0.3796,6,78,6,165070,440540,12256,95700,4.080736596391122,0.17846486647769655
1899,0.3797,11,184,11,165254,440356,12267,95689,4.079032198303012,0.17850926694587207
1900,0.3798,6,137,6,165391,440219,12273,95683,4.077763162770017,0.1785457042518968
1901,0.3799,10,132,10,165523,440087,12283,95673,4.07654044240246,0.17857436165447216
1902,0.38,15,110,15,165633,439977,12298,95658,4.075521508762829,0.17858803102859222
1903,0.3801,17,105,17,165738,439872,12315,95641,4.074548890288636,0.1785969715020924
1904,0.3802,17,172,17,165910,439700,12332,95624,4.072955648597577,0.1786282699822911
1905,0.3803,21,205,21,166115,439495,12353,95603,4.0710567268146285,0.17866446893840007
1906,0.3804,10,140,10,166255,439355,12363,95593,4.069759902182371,0.17869587324375452
1907,0.3805,13,120,13,166375,439235,12376,95580,4.068648338211864,0.1787160045997214
1908,0.3806,15,115,15,166490,439120,12391,95565,4.067583089406796,0.17873140260153175
1909,0.3807,9,146,9,166636,438974,12400,95556,4.066230686576012,0.17876639290591734
1910,0.3808,10,90,10,166726,438884,12410,95546,4.065397013598132,0.1787811312987669
1911,0.3809,15,92,15,166818,438792,12425,95531,4.064544814554077,0.1787888599218076
1912,0.381,12,132,12,166950,438660,12437,95519,4.06332209418652,0.1788145921123818
1913,0.3811,14,139,14,167089,438521,12451,95505,4.062034532587351,0.1788396070603304
1914,0.3812,9,98,9,167187,438423,12460,95496,4.0611267553447705,0.17885859090985712
1915,0.3813,5,112,5,167299,438311,12465,95491,4.060089295638964,0.17888842679495393
1916,0.3814,4,73,4,167372,438238,12469,95487,4.059413094223572,0.17890674036254625
1917,0.3815,8,135,8,167507,438103,12477,95479,4.058162584756753,0.17893969436750115
1918,0.3816,12,118,12,167625,437985,12489,95467,4.057069546852421,0.17896080622061591
1919,0.3817,17,137,17,167762,437848,12506,95450,4.055800511319426,0.17898060746524458
1920,0.3818,9,78,9,167840,437770,12515,95441,4.055077994738597,0.17899293150366366
1921,0.3819,9,113,9,167953,437657,12524,95432,4.054031271999704,0.17901701216869978
1922,0.382,8,71,8,168024,437586,12532,95424,4.053373596650487,0.1790285360499803
1923,0.3821,14,155,14,168179,437431,12546,95410,4.051937826521916,0.1790590438798816
1924,0.3822,12,157,12,168336,437274,12558,95398,4.0504835303271705,0.17909332572389763
1925,0.3823,25,207,25,168543,437067,12583,95373,4.048566082478047,0.17912440838404328
1926,0.3824,15,111,15,168654,436956,12598,95358,4.047537885805328,0.17913862870411074
1927,0.3825,12,111,12,168765,436845,12610,95346,4.04650968913261,0.17915748293375874
1928,0.3826,12,115,12,168880,436730,12622,95334,4.0454444403275405,0.17917769290912372
1929,0.3827,7,99,7,168979,436631,12629,95327,4.044527400051873,0.17920023761274387
1930,0.3828,8,101,8,169080,436530,12637,95319,4.04359183371003,0.17922192201169881
1931,0.3829,15,167,15,169247,436363,12652,95304,4.042044907184408,0.17925506002817554
1932,0.383,9,99,9,169346,436264,12661,95295,4.041127866908741,0.17927454901525514
1933,0.3831,16,168,16,169514,436096,12677,95279,4.039571677350032,0.17930651611385556
1934,0.3832,14,106,14,169620,435990,12691,95265,4.038589795842751,0.17932066521726855
1935,0.3833,12,132,12,169752,435858,12703,95253,4.037367075475194,0.17934669023989336
1936,0.3834,8,96,8,169848,435762,12711,95245,4.036477824298788,0.17936675034415742
1937,0.3835,5,107,5,169955,435655,12716,95240,4.03548667975842,0.17939517230337448
1938,0.3836,10,106,10,170061,435549,12726,95230,4.034504798251139,0.17941553829371545
1939,0.3837,17,166,17,170227,435383,12743,95213,4.032967134758605,0.17944537840466193
1940,0.3838,10,160,10,170387,435223,12753,95203,4.031485049464597,0.17948403735865134
1941,0.3839,10,163,10,170550,435060,12763,95193,4.029975175071326,0.179523736782253
1942,0.384,18,203,18,170753,434857,12781,95175,4.028094779354552,0.17956463006007184
1943,0.3841,11,158,11,170911,434699,12792,95164,4.026631220126719,0.17960114218203574
1944,0.3842,13,149,13,171060,434550,12805,95151,4.0252510281966725,0.1796315279752162
1945,0.3843,21,183,21,171243,434367,12826,95130,4.02355589314165,0.1796610745669947
1946,0.3844,22,202,22,171445,434165,12848,95108,4.021684760457965,0.1796955446433126
1947,0.3845,9,118,9,171563,434047,12857,95099,4.020591722553633,0.17972166472013396
1948,0.3846,5,101,5,171664,433946,12862,95094,4.01965615621179,0.1797482231967337
1949,0.3847,13,102,13,171766,433844,12875,95081,4.0187113268368595,0.17976272628444487
1950,0.3848,25,263,25,172029,433581,12900,95056,4.016275149134833,0.17981336909826592
1951,0.3849,7,132,7,172161,433449,12907,95049,4.015052428767276,0.17984741664112258
1952,0.385,20,140,20,172301,433309,12927,95029,4.013755604135018,0.17986402643762137
1953,0.3851,6,77,6,172378,433232,12933,95023,4.013042350587276,0.17988092871813802
1954,0.3852,7,81,7,172459,433151,12940,95016,4.012292044907184,0.1798976460096901
1955,0.3853,18,180,18,172639,432971,12958,94998,4.010624698951425,0.17993101867723293
1956,0.3854,11,99,11,172738,432872,12969,94987,4.009707658675757,0.17994767542089837
1957,0.3855,17,93,17,172831,432779,12986,94970,4.008846196598614,0.17995297006720998
1958,0.3856,15,185,15,173016,432594,13001,94955,4.0071325354774165,0.1799927589664657
1959,0.3857,26,126,26,173142,432468,13027,94929,4.005965393308385,0.17999533558211367
1960,0.3858,10,87,10,173229,432381,13037,94919,4.005159509429768,0.18000948226815855
1961,0.3859,16,190,16,173419,432191,13053,94903,4.003399533143132,0.1800494788405863
1962,0.386,7,123,7,173542,432068,13060,94896,4.002260180073363,0.18008061271737727
1963,0.3861,13,156,13,173698,431912,13073,94883,4.000815146911704,0.18011370647025882
1964,0.3862,21,139,21,173837,431773,13094,94862,3.999527585312535,0.18012855203319186
1965,0.3863,14,123,14,173960,431650,13108,94848,3.9983882322427657,0.18014883247419744
1966,0.3864,16,145,16,174105,431505,13124,94832,3.9970450924450702,0.18017353900637803
1967,0.3865,11,81,11,174186,431424,13135,94821,3.9962947867649783,0.18018413476612605
1968,0.3866,2,62,2,174248,431362,13137,94819,3.99572047871355,0.1802022497961728
1969,0.3867,9,74,9,174322,431288,13146,94810,3.995035014265071,0.1802135723762493
1970,0.3868,15,162,15,174484,431126,13161,94795,3.993534402904887,0.1802457023012962
1971,0.3869,11,130,11,174614,430996,13172,94784,3.992330208603505,0.18027311803415877
1972,0.387,20,184,20,174798,430812,13192,94764,3.9906258105153953,0.18030503675966938
1973,0.3871,19,165,19,174963,430647,13211,94745,3.989097410055949,0.18033201875932636
1974,0.3872,10,195,10,175158,430452,13221,94735,3.9872911186038755,0.18038336820979955
1975,0.3873,12,204,12,175362,430248,13233,94723,3.9854014598540144,0.18043472877549427
1976,0.3874,23,170,23,175532,430078,13256,94700,3.9838267442291304,0.18045726002233325
1977,0.3875,12,120,12,175652,429958,13268,94688,3.982715180258624,0.18047979018233246
1978,0.3876,11,92,11,175744,429866,13279,94677,3.9818629812145687,0.18049425881195633
1979,0.3877,11,98,11,175842,429768,13290,94666,3.9809552039719884,0.18051079830827138
1980,0.3878,5,104,5,175946,429664,13295,94661,3.979991848530883,0.18053878796547942
1981,0.3879,12,131,12,176077,429533,13307,94649,3.978778391196413,0.18056514721985875
1982,0.388,22,131,22,176208,429402,13329,94627,3.977564933861944,0.1805758841590828
1983,0.3881,30,270,30,176478,429132,13359,94597,3.9750639149283042,0.18062203926076273
1984,0.3882,23,207,23,176685,428925,13382,94574,3.9731464670791805,0.1806574606637262
1985,0.3883,24,161,24,176846,428764,13406,94550,3.9716551187520843,0.1806754644439094
1986,0.3884,10,123,10,176969,428641,13416,94540,3.970515765682315,0.18070228085500048
1987,0.3885,23,247,23,177216,428394,13439,94517,3.968227796509689,0.1807516001767031
1988,0.3886,25,182,25,177398,428212,13464,94492,3.9665419244877542,0.1807753527809238
1989,0.3887,9,94,9,177492,428118,13473,94483,3.965671199377524,0.18079376044056555
1990,0.3888,4,106,4,177598,428012,13477,94479,3.9646893178702434,0.1808241673062311
1991,0.3889,5,77,5,177675,427935,13482,94474,3.9639760643225017,0.1808429793514277
1992,0.389,12,101,12,177776,427834,13494,94462,3.963040497980659,0.18085912968891205
1993,0.3891,27,240,27,178016,427594,13521,94435,3.9608173700396456,0.18089991169072983
1994,0.3892,13,101,13,178117,427493,13534,94422,3.9598818036978027,0.1809145167316517
1995,0.3893,20,148,20,178265,427345,13554,94402,3.9585108748008446,0.1809344375722333
1996,0.3894,13,130,13,178395,427215,13567,94389,3.9573066804994625,0.18095911841166862
1997,0.3895,17,135,17,178530,427080,13584,94372,3.956056171032643,0.18097926558916258
1998,0.3896,14,91,14,178621,426989,13598,94358,3.9552132350216755,0.18098886154518967
1999,0.3897,8,65,8,178686,426924,13606,94350,3.9546111378709843,0.1809988604841216
2000,0.3898,8,69,8,178755,426855,13614,94342,3.953971988587943,0.18101025140206103
2001,0.3899,16,144,16,178899,426711,13630,94326,3.9526381118233354,0.1810351280235377
2002,0.39,25,152,25,179051,426559,13655,94301,3.9512301307940274,0.18104865030910416
2003,0.3901,18,176,18,179227,426383,13673,94283,3.949599836970618,0.18108153787648895
2004,0.3902,17,154,17,179381,426229,13690,94266,3.9481733298751345,0.18110836799585012
2005,0.3903,13,135,13,179516,426094,13703,94253,3.9469228204083144,0.18113489652097542
2006,0.3904,12,116,12,179632,425978,13715,94241,3.945848308570158,0.1811563975940902
2007,0.3905,18,137,18,179769,425841,13733,94223,3.944579273037163,0.18117577836573961
2008,0.3906,25,161,25,179930,425680,13758,94198,3.943087924710067,0.18119251055055224
2009,0.3907,22,246,22,180176,425434,13780,94176,3.9408092185705286,0.18124362502646216
2010,0.3908,16,100,16,180276,425334,13796,94160,3.9398829152617734,0.18125329647695643
2011,0.3909,22,155,22,180431,425179,13818,94138,3.9384471451332024,0.18127271011732718
2012,0.391,26,135,26,180566,425044,13844,94112,3.937196635666383,0.18127884489440554
2013,0.3911,15,158,15,180724,424886,13859,94097,3.935733076438549,0.18131037047456275
2014,0.3912,20,128,20,180852,424758,13879,94077,3.934547408203342,0.18132354216658475
2015,0.3913,19,121,19,180973,424637,13898,94058,3.933426581199748,0.18133585247592515
2016,0.3914,9,103,9,181076,424534,13907,94049,3.93247248879173,0.18135766116513655
2017,0.3915,9,100,9,181176,424434,13916,94040,3.9315461854829747,0.18137842977661367
2018,0.3916,13,186,13,181362,424248,13929,94027,3.9298232613286896,0.1814229897255318
2019,0.3917,9,90,9,181452,424158,13938,94018,3.9289895883508095,0.18144028283826344
2020,0.3918,28,131,28,181583,424027,13966,93990,3.92777613101634,0.1814419217902115
2021,0.3919,14,90,14,181673,423937,13980,93976,3.92694245803846,0.18145132483641074
2022,0.392,9,118,9,181791,423819,13989,93967,3.9258494201341287,0.18147844862549392
2023,0.3921,32,213,32,182004,423606,14021,93935,3.92387639408648,0.18150252830210553
2024,0.3922,30,252,30,182256,423354,14051,93905,3.921542109748416,0.18154348208537696
2025,0.3923,18,188,18,182444,423166,14069,93887,3.9198006595279558,0.1815809984663081
2026,0.3924,12,100,12,182544,423066,14081,93875,3.9188743562192005,0.18159712617107174
2027,0.3925,9,61,9,182605,423005,14090,93866,3.9183093112008596,0.18160430745776027
2028,0.3926,18,149,18,182754,422856,14108,93848,3.916929119270814,0.18162816622282776
2029,0.3927,11,193,11,182947,422663,14119,93837,3.9151413538849162,0.1816786060019361
2030,0.3928,23,139,23,183086,422524,14142,93814,3.913853792285746,0.18169106283093633
2031,0.3929,22,141,22,183227,422383,14164,93792,3.9125477046204007,0.18170581682568895
2032,0.393,17,154,17,183381,422229,14181,93775,3.9111211975249174,0.18173308734040822
2033,0.3931,11,92,11,183473,422137,14192,93764,3.9102689984808627,0.18174804855970428
2034,0.3932,13,107,13,183580,422030,14205,93751,3.909277853940494,0.18176512899854783
2035,0.3933,18,124,18,183704,421906,14223,93733,3.9081292378376378,0.18178027651128018
2036,0.3934,22,195,22,183899,421711,14245,93711,3.9063229463855644,0.18181412512465514
2037,0.3935,17,131,17,184030,421580,14262,93694,3.9051094890510947,0.18183335468119874
2038,0.3936,19,155,19,184185,421425,14281,93675,3.903673718922524,0.18185789167152008
2039,0.3937,15,94,15,184279,421331,14296,93660,3.902802993812294,0.18186725593262795
2040,0.3938,12,140,12,184419,421191,14308,93648,3.901506169180036,0.1818976417870441
2041,0.3939,11,108,11,184527,421083,14319,93637,3.9005057616065804,0.18191832452595585
2042,0.394,12,132,12,184659,420951,14331,93625,3.8992830412390234,0.18194591275146918
2043,0.3941,13,93,13,184752,420858,14344,93612,3.8984215791618806,0.1819581316694851
2044,0.3942,8,94,8,184846,420764,14352,93604,3.8975508540516506,0.18197866119198705
2045,0.3943,13,81,13,184927,420683,14365,93591,3.8968005483715586,0.18198664525136407
2046,0.3944,14,132,14,185059,420551,14379,93577,3.8955778280040017,0.18201109451342856
2047,0.3945,8,96,8,185155,420455,14387,93569,3.8946885768275963,0.18203235646584595
2048,0.3946,28,185,28,185340,420270,14415,93541,3.892974915706399,0.18205332310908096
2049,0.3947,33,217,33,185557,420053,14448,93508,3.8909648375263997,0.1820776889210824
2050,0.3948,24,220,24,185777,419833,14472,93484,3.888926970247138,0.18211748295887337
2051,0.3949,16,168,16,185945,419665,14488,93468,3.887370780688429,0.18215160591893328
2052,0.395,16,97,16,186042,419568,14504,93452,3.8864722664789357,0.182160539550115
2053,0.3951,25,145,25,186187,419423,14529,93427,3.8851291266812407,0.18217217509993175
2054,0.3952,22,231,22,186418,419192,14551,93405,3.8829893660380157,0.1822191702253427
2055,0.3953,27,152,27,186570,419040,14578,93378,3.8815813850087073,0.18223013243094505
2056,0.3954,22,228,22,186798,418812,14600,93356,3.879469413464745,0.18227612814545227
2057,0.3955,26,164,26,186962,418648,14626,93330,3.877950276038386,0.1822929891518776
2058,0.3956,26,185,26,187147,418463,14652,93304,3.8762366149171883,0.18231734363489635
2059,0.3957,13,141,13,187288,418322,14665,93291,3.8749305272518435,0.18234681292304925
2060,0.3958,26,191,26,187479,418131,14691,93265,3.8731612879321204,0.18237334668241442
2061,0.3959,12,112,12,187591,418019,14703,93253,3.8721238282263144,0.18239410724624075
2062,0.396,10,56,10,187647,417963,14713,93243,3.8716050983734114,0.18239809391908546
2063,0.3961,20,134,20,187781,417829,14733,93223,3.870363851939679,0.18241392265366344
2064,0.3962,6,131,6,187912,417698,14739,93217,3.8691503946052097,0.18245109264750498
2065,0.3963,16,166,16,188078,417532,14755,93201,3.8676127311126756,0.18248478167653157
2066,0.3964,31,248,31,188326,417284,14786,93170,3.8653154989069622,0.18252379254545953
2067,0.3965,17,158,17,188484,417126,14803,93153,3.8638519396791287,0.18255307390662756
2068,0.3966,18,134,18,188618,416992,14821,93135,3.8626106932453963,0.18257218300540845
2069,0.3967,19,116,19,188734,416876,14840,93116,3.86153618140724,0.18258325620794053
2070,0.3968,15,115,15,188849,416761,14855,93101,3.8604709326021713,0.18260038990942648
2071,0.3969,12,106,12,188955,416655,14867,93089,3.8594890510948905,0.18261911861640354
2072,0.397,19,87,19,189042,416568,14886,93070,3.8586831672162734,0.18261982034306704
2073,0.3971,15,160,15,189202,416408,14901,93055,3.8572010819222644,0.1826531072914029
2074,0.3972,26,167,26,189369,416241,14927,93029,3.855654155396643,0.18267127456948182
2075,0.3973,10,119,10,189488,416122,14937,93019,3.854551854459224,0.18269791668712596
2076,0.3974,14,165,14,189653,415957,14951,93005,3.8530234539997776,0.18273466388453363
2077,0.3975,23,179,23,189832,415778,14974,92982,3.8513653710771054,0.18276200959194905
2078,0.3976,28,159,28,189991,415619,15002,92954,3.8498925488161846,0.18277415434952307
2079,0.3977,20,99,20,190090,415520,15022,92934,3.8489755085405166,0.18277759640006766
2080,0.3978,17,98,17,190188,415422,15039,92917,3.8480677312979363,0.18278550337471647
2081,0.3979,23,159,23,190347,415263,15062,92894,3.846594909037015,0.18280570768482968
2082,0.398,24,185,24,190532,415078,15086,92870,3.8448812479158176,0.18283367588808302
2083,0.3981,19,142,19,190674,414936,15105,92851,3.8435658972173847,0.18285422824924624
2084,0.3982,19,153,19,190827,414783,15124,92832,3.842148653154989,0.18287875653792737
2085,0.3983,21,178,21,191005,414605,15145,92811,3.8404998332654046,0.18290909234237784
2086,0.3984,24,174,24,191179,414431,15169,92787,3.83888806550817,0.18293317666171152
2087,0.3985,9,101,9,191280,414330,15178,92778,3.837952499166327,0.18295511015405003
2088,0.3986,16,143,16,191423,414187,15194,92762,3.836627885434807,0.18298093102067467
2089,0.3987,8,98,8,191521,414089,15202,92754,3.8357201081922265,0.18300341525876848
2090,0.3988,10,118,10,191639,413971,15212,92744,3.8346270702878953,0.18302990833111316
2091,0.3989,25,123,25,191762,413848,15237,92719,3.833487717218126,0.18303403103636834
2092,0.399,21,179,21,191941,413669,15258,92698,3.831829634295454,0.1830648521724362
2093,0.3991,23,190,23,192131,413479,15281,92675,3.8300696580088185,0.18309644890685445
2094,0.3992,34,258,34,192389,413221,15315,92641,3.8276797954722293,0.18313492612609764
2095,0.3993,18,156,18,192545,413065,15333,92623,3.826234762310571,0.18316234516144342
2096,0.3994,34,220,34,192765,412845,15367,92589,3.824196895031309,0.18318712235425397
2097,0.3995,25,159,25,192924,412686,15392,92564,3.822724072770388,0.18320435428005938
2098,0.3996,12,152,12,193076,412534,15404,92552,3.8213160917410796,0.183240081887045
2099,0.3997,9,69,9,193145,412465,15413,92543,3.8206769424580385,0.18325056236732884
2100,0.3998,15,79,15,193224,412386,15428,92528,3.819945162844122,0.18325497015333303
2101,0.3999,18,126,18,193350,412260,15446,92510,3.8187780206750896,0.18327158904055313
2102,0.4,18,106,18,193456,412154,15464,92492,3.8177961391678092,0.18328095338118205
2103,0.4001,21,130,21,193586,412024,15485,92471,3.816591944866427,0.1832941852743833
2104,0.4002,14,166,14,193752,411858,15499,92457,3.815054281373893,0.18333184616757384
2105,0.4003,24,150,24,193902,411708,15523,92433,3.81366482641076,0.18334751587353537
2106,0.4004,17,117,17,194019,411591,15540,92416,3.812581051539516,0.18336253266323682
2107,0.4005,10,101,10,194120,411490,15550,92406,3.811645485197673,0.18338307904805753
2108,0.4006,11,108,11,194228,411382,15561,92395,3.8106450776242173,0.18340456193911195
2109,0.4007,11,100,11,194328,411282,15572,92384,3.8097187743154617,0.18342314152632896
2110,0.4008,22,156,22,194484,411126,15594,92362,3.8082737411538035,0.18344429261471973
2111,0.4009,22,151,22,194635,410975,15616,92340,3.8068750231575827,0.18346363609270536
2112,0.401,16,121,16,194756,410854,15632,92324,3.8057541961539885,0.1834817897443847
2113,0.4011,17,109,17,194865,410745,15649,92307,3.8047445255474455,0.18349395291142864
2114,0.4012,15,145,15,195010,410600,15664,92292,3.80340138574975,0.18352250582630067
2115,0.4013,21,132,21,195142,410468,15685,92271,3.802178665382193,0.18353658657872177
2116,0.4014,35,191,35,195333,410277,15720,92236,3.80040942606247,0.18354948031195212
2117,0.4015,22,174,22,195507,410103,15742,92214,3.7987976583052356,0.18357730277892248
2118,0.4016,17,121,17,195628,409982,15759,92197,3.7976768313016414,0.18359389779341628
2119,0.4017,24,180,24,195808,409802,15783,92173,3.7960094853458815,0.18362069824194432
2120,0.4018,10,137,10,195945,409665,15793,92163,3.794740449812887,0.18365455893254262
2121,0.4019,31,297,31,196242,409368,15824,92132,3.791989328985883,0.18371286141575274
2122,0.402,10,94,10,196336,409274,15834,92122,3.791118603875653,0.18373102298382915
2123,0.4021,13,121,13,196457,409153,15847,92109,3.789997776872059,0.18375420438812437
2124,0.4022,22,156,22,196613,408997,15869,92087,3.7885527437104005,0.18377557455436613
2125,0.4023,9,121,9,196734,408876,15878,92078,3.7874319167068067,0.1838052994885758
2126,0.4024,9,106,9,196840,408770,15887,92069,3.786450035199526,0.18382953404187774
2127,0.4025,9,94,9,196934,408676,15896,92060,3.785579310089296,0.1838493737218814
2128,0.4026,10,87,10,197021,408589,15906,92050,3.7847734262106782,0.18386502050379616
2129,0.4027,28,201,28,197222,408388,15934,92022,3.78291155656008,0.18389320756979277
2130,0.4028,20,104,20,197326,408284,15954,92002,3.7819482011189742,0.18389880988074822
2131,0.4029,14,138,14,197464,408146,15968,91988,3.780669902552892,0.18392670764235186
2132,0.403,22,220,22,197684,407926,15990,91966,3.77863203527363,0.1839717378953854
2133,0.4031,14,164,14,197848,407762,16004,91952,3.777112897847271,0.18400925329288353
2134,0.4032,17,186,17,198034,407576,16021,91935,3.775389973692986,0.18405000090088106
2135,0.4033,23,182,23,198216,407394,16044,91912,3.773704101671051,0.18407950234926077
2136,0.4034,30,205,30,198421,407189,16074,91882,3.7718051798881027,0.18410606907634386
2137,0.4035,18,185,18,198606,407004,16092,91864,3.770091518766905,0.18414490406279818
2138,0.4036,19,182,19,198788,406822,16111,91845,3.76840564674497,0.1841810266169608
2139,0.4037,8,137,8,198925,406685,16119,91837,3.767136611211975,0.1842185500339002
2140,0.4038,19,173,19,199098,406512,16138,91818,3.7655341064878285,0.18425139967491422
2141,0.4039,18,145,18,199243,406367,16156,91800,3.764190966690133,0.18427555418162986
2142,0.404,8,60,8,199303,406307,16164,91792,3.7636351847048797,0.1842846502402133
2143,0.4041,19,176,19,199479,406131,16183,91773,3.76200489088147,0.1843186638388123
2144,0.4042,15,102,15,199581,406029,16198,91758,3.7610600615065395,0.18433185278040606
2145,0.4043,15,141,15,199722,405888,16213,91743,3.7597539738411947,0.18435949528867776
2146,0.4044,34,245,34,199967,405643,16247,91709,3.757484530734744,0.1843945535556306
2147,0.4045,24,140,24,200107,405503,16271,91685,3.756187706102486,0.18440710556167889
2148,0.4046,24,189,24,200296,405314,16295,91661,3.7544369928489383,0.18443784898636753
2149,0.4047,8,117,8,200413,405197,16303,91653,3.7533532179776947,0.18446814934084735
2150,0.4048,19,127,19,200540,405070,16322,91634,3.7521768127755752,0.18448411931452133
2151,0.4049,21,139,21,200679,404931,16343,91613,3.7508892511764054,0.18450127279757686
2152,0.405,6,106,6,200785,404825,16349,91607,3.7499073696691245,0.18453081187352952
2153,0.4051,20,170,20,200955,404655,16369,91587,3.74833265404424,0.1845611616912716
2154,0.4052,17,142,17,201097,404513,16386,91570,3.7470173033458076,0.18458604709292598
2155,0.4053,24,216,24,201313,404297,16410,91546,3.7450164881988957,0.18462698878475647
2156,0.4054,15,164,15,201477,404133,16425,91531,3.743497350772537,0.18466340101358986
2157,0.4055,17,136,17,201613,403997,16442,91514,3.7422375782726296,0.1846861119127527
2158,0.4056,20,186,20,201799,403811,16462,91494,3.7405146541183445,0.18472254469468308
2159,0.4057,24,149,24,201948,403662,16486,91470,3.739134462188299,0.18473861515717022
2160,0.4058,12,170,12,202118,403492,16498,91458,3.7375597465634147,0.18478230124254974
2161,0.4059,14,143,14,202261,403349,16512,91444,3.7362351328318946,0.18481263882067855
2162,0.406,11,68,11,202329,403281,16523,91433,3.7356052465819407,0.1848199161535756
2163,0.4061,9,83,9,202412,403198,16532,91424,3.734836414835674,0.1848360970599771
2164,0.4062,22,193,22,202605,403005,16554,91402,3.733048649449776,0.18487197794529608
2165,0.4063,18,171,18,202776,402834,16572,91384,3.731464670791804,0.18490625594373333
2166,0.4064,24,165,24,202941,402669,16596,91360,3.7299362703323578,0.18492841513352454
2167,0.4065,18,157,18,203098,402512,16614,91342,3.7284819741376114,0.18495749756000762
2168,0.4066,12,98,12,203196,402414,16626,91330,3.727574196895031,0.1849743996889076
2169,0.4067,15,160,15,203356,402254,16641,91315,3.7260921116010226,0.18500959339018455
2170,0.4068,10,73,10,203429,402181,16651,91305,3.7254159101856312,0.18502044637537843
2171,0.4069,10,99,10,203528,402082,16661,91295,3.7244988699099633,0.18504105379861646
2172,0.407,13,97,13,203625,401985,16674,91282,3.7236003557004707,0.18505596360591728
2173,0.4071,13,113,13,203738,401872,16687,91269,3.722553632961577,0.1850768847043746
2174,0.4072,13,140,13,203878,401732,16700,91256,3.7212568083293194,0.18510795394614069
2175,0.4073,15,162,15,204040,401570,16715,91241,3.7197561969691355,0.1851440004383019
2176,0.4074,26,231,26,204271,401339,16741,91215,3.7176164363259105,0.18518781697032202
2177,0.4075,12,138,12,204409,401201,16753,91203,3.716338137759828,0.18521986011486502
2178,0.4076,36,187,36,204596,401014,16789,91167,3.7146059505724556,0.1852306366966624
2179,0.4077,11,91,11,204687,400923,16800,91156,3.713763014561488,0.18524667787082968
2180,0.4078,12,164,12,204851,400759,16812,91144,3.712243877135129,0.1852885629890446
2181,0.4079,21,117,21,204968,400642,16833,91123,3.7111601022638854,0.18529785568310067
2182,0.408,19,123,19,205091,400519,16852,91104,3.710020749194116,0.18531272946953256
2183,0.4081,19,210,19,205301,400309,16871,91085,3.70807551224573,0.1853604236111959
2184,0.4082,29,237,29,205538,400072,16900,91056,3.7058801734039792,0.18540176898893976
2185,0.4083,38,218,38,205756,399854,16938,91018,3.703860832190893,0.18542104662722664
2186,0.4084,12,168,12,205924,399686,16950,91006,3.7023046426321833,0.18546460916420077
2187,0.4085,24,164,24,206088,399522,16974,90982,3.7007855052058245,0.18548676463392755
2188,0.4086,9,94,9,206182,399428,16983,90973,3.6999147800955945,0.18550737049883667
2189,0.4087,24,154,24,206336,399274,17007,90949,3.698488273000111,0.18552577092466083
2190,0.4088,12,116,12,206452,399158,17019,90937,3.697413761161955,0.1855497403564615
2191,0.4089,21,165,21,206617,398993,17040,90916,3.6958853607025084,0.18557732150256476
2192,0.409,22,147,22,206764,398846,17062,90894,3.694523694838638,0.18559643892677746
2193,0.4091,16,142,16,206906,398704,17078,90878,3.6932083441402055,0.18562365446442067
2194,0.4092,20,151,20,207057,398553,17098,90858,3.691809626143985,0.1856476458436774
2195,0.4093,18,142,18,207199,398411,17116,90840,3.690494275445552,0.18567156735499774
2196,0.4094,17,170,17,207369,398241,17133,90823,3.688919559820668,0.18570780102399687
2197,0.4095,5,90,5,207459,398151,17138,90818,3.6880858868427877,0.18573365591683727
2198,0.4096,16,135,16,207594,398016,17154,90802,3.686835377375968,0.18575829858965914
2199,0.4097,13,144,13,207738,397872,17167,90789,3.6855015006113603,0.18579137684406982
2200,0.4098,30,235,30,207973,397637,17197,90759,3.683324687835785,0.185830760284687
2201,0.4099,15,146,15,208119,397491,17212,90744,3.681972285005002,0.18586131678392578
2202,0.41,13,141,13,208260,397350,17225,90731,3.680666197339657,0.18589332508333659
2203,0.4101,13,110,13,208370,397240,17238,90718,3.679647263700026,0.18591354173924804
2204,0.4102,19,115,19,208485,397125,17257,90699,3.6785820148949573,0.1859256617140608
2205,0.4103,11,144,11,208629,396981,17268,90688,3.6772481381303495,0.18596219977074613
2206,0.4104,26,172,26,208801,396809,17294,90662,3.67565489643929,0.1859843970205407
2207,0.4105,14,143,14,208944,396666,17308,90648,3.67433028270777,0.18601558748568683
2208,0.4106,16,167,16,209111,396499,17324,90632,3.672783356182148,0.18605262239520787
2209,0.4107,16,107,16,209218,396392,17340,90616,3.67179221164178,0.18606675865694197
2210,0.4108,21,130,21,209348,396262,17361,90595,3.670588017340398,0.18608133394405338
2211,0.4109,9,96,9,209444,396166,17370,90586,3.6696987661639926,0.18610298468213793
2212,0.411,14,115,14,209559,396051,17384,90572,3.668633517358924,0.18612354944176498
2213,0.4111,15,137,15,209696,395914,17399,90557,3.667364481825929,0.1861508702471473
2214,0.4112,28,234,28,209930,395680,17427,90529,3.6651969320834414,0.18619359164474536
2215,0.4113,17,98,17,210028,395582,17444,90512,3.664289154840861,0.1862026686196497
2216,0.4114,12,120,12,210148,395462,17456,90500,3.6631775908703545,0.1862285528498113
2217,0.4115,13,153,13,210301,395309,17469,90487,3.661760346807959,0.1862654282867706
2218,0.4116,15,129,15,210430,395180,17484,90472,3.6605654155396645,0.18628977127655194
2219,0.4117,20,146,20,210576,395034,17504,90452,3.6592130127088813,0.18631227265049868
2220,0.4118,9,98,9,210674,394936,17513,90443,3.658305235466301,0.18633480228852092
2221,0.4119,20,158,20,210832,394778,17533,90423,3.6568416762384675,0.1863619407214742
2222,0.412,27,206,27,211038,394572,17560,90396,3.6549334914224314,0.18639580343445342
2223,0.4121,19,140,19,211178,394432,17579,90377,3.653636666790174,0.18641774389501845
2224,0.4122,22,158,22,211336,394274,17601,90355,3.6521731075623403,0.18644158727604002
2225,0.4123,14,142,14,211478,394132,17615,90341,3.6508577568639073,0.18647272397016965
2226,0.4124,23,162,23,211640,393970,17638,90318,3.649357145503724,0.18649646491343994
2227,0.4125,12,150,12,211790,393820,17650,90306,3.6479676905405904,0.1865340841020726
2228,0.4126,26,187,26,211977,393633,17676,90280,3.646235503353218,0.18656246060758855
2229,0.4127,24,164,24,212141,393469,17700,90256,3.644716365926859,0.1865853532482299
2230,0.4128,21,145,21,212286,393324,17721,90235,3.643373226129164,0.18660597776072826
2231,0.4129,12,139,12,212425,393185,17733,90223,3.6420856645299935,0.1866394432860027
2232,0.413,27,187,27,212612,392998,17760,90196,3.640353477342621,0.18666622516008063
2233,0.4131,16,130,16,212742,392868,17776,90180,3.639149283041239,0.18668952153823223
2234,0.4132,12,110,12,212852,392758,17788,90168,3.638130349401608,0.1867118357677988
2235,0.4133,7,99,7,212951,392659,17795,90161,3.63721330912594,0.18673832898388634
2236,0.4134,23,198,23,213149,392461,17818,90138,3.6353792285746045,0.1867761847828114
2237,0.4135,15,127,15,213276,392334,17833,90123,3.634202823372485,0.18680006715624398
2238,0.4136,27,114,27,213390,392220,17860,90096,3.633146837600504,0.18679869629039883
2239,0.4137,22,174,22,213564,392046,17882,90074,3.6315350698432693,0.18682900522691445
2240,0.4138,15,96,15,213660,391950,17897,90059,3.6306458186668644,0.18684090960957161
2241,0.4139,22,186,22,213846,391764,17919,90037,3.6289228945125793,0.18687590934846546
2242,0.414,11,111,11,213957,391653,17930,90026,3.6278946978398605,0.18690040462631752
2243,0.4141,20,129,20,214086,391524,17950,90006,3.626699766571566,0.1869167030091583
2244,0.4142,23,214,23,214300,391310,17973,89983,3.6247174774908295,0.18696095725472842
2245,0.4143,19,218,19,214518,391092,17992,89964,3.6226981362777426,0.18701357014567951
2246,0.4144,23,188,23,214706,390904,18015,89941,3.6209566860572826,0.1870478012665204
2247,0.4145,19,180,19,214886,390724,18034,89922,3.6192893401015227,0.1870857138101638
2248,0.4146,29,181,29,215067,390543,18063,89893,3.6176127311126756,0.1871071276923461
2249,0.4147,17,171,17,215238,390372,18080,89876,3.616028752454704,0.1871449750962003
2250,0.4148,30,243,30,215481,390129,18110,89846,3.613777835414428,0.18718891608937965
2251,0.4149,23,157,23,215638,389972,18133,89823,3.612323539219682,0.1872112047853771
2252,0.415,33,200,33,215838,389772,18166,89790,3.6104709326021713,0.18723335043226944
2253,0.4151,23,113,23,215951,389659,18189,89767,3.6094242098632776,0.18723848936019324
2254,0.4152,17,129,17,216080,389530,18206,89750,3.608229278594983,0.18726005675179436
2255,0.4153,17,74,17,216154,389456,18223,89733,3.607543814146504,0.1872601416142691
2256,0.4154,23,142,23,216296,389314,18246,89710,3.6062284634480712,0.18727662914593005
2257,0.4155,19,192,19,216488,389122,18265,89691,3.604449961095261,0.18731947545283859
2258,0.4156,17,112,17,216600,389010,18282,89674,3.603412501389455,0.18733444192828672
2259,0.4157,28,159,28,216759,388851,18310,89646,3.6019396791285336,0.18734913698518485
2260,0.4158,18,126,18,216885,388725,18328,89628,3.600772536959502,0.18736790612790136
2261,0.4159,15,115,15,217000,388610,18343,89613,3.599707288154433,0.1873874740445357
2262,0.416,10,111,10,217111,388499,18353,89603,3.598679091481715,0.18741398279028323
2263,0.4161,33,250,33,217361,388249,18386,89570,3.596363333209826,0.18745591950089888
2264,0.4162,11,124,11,217485,388125,18397,89559,3.5952147171069697,0.18748586931946642
2265,0.4163,37,268,37,217753,387857,18434,89522,3.592732224239505,0.1875281484941734
2266,0.4164,17,107,17,217860,387750,18451,89505,3.5917410796991365,0.18754125153219978
2267,0.4165,17,131,17,217991,387619,18468,89488,3.590527622364667,0.1875637959619121
2268,0.4166,14,167,14,218158,387452,18482,89474,3.5889806958390453,0.18760562435262493
2269,0.4167,17,127,17,218285,387325,18499,89457,3.5878042906369263,0.18762663019996562
2270,0.4168,27,206,27,218491,387119,18526,89430,3.58589610582089,0.18766170949891828
2271,0.4169,21,152,21,218643,386967,18547,89409,3.584488124791582,0.18768577762103883
2272,0.417,10,76,10,218719,386891,18557,89399,3.5837841342769274,0.18769867097776566
2273,0.4171,20,127,20,218846,386764,18577,89379,3.5826077290748084,0.18771461514713017
2274,0.4172,18,155,18,219001,386609,18595,89361,3.5811719589462374,0.18774502594701348
2275,0.4173,14,117,14,219118,386492,18609,89347,3.5800881840749934,0.1877672910375148
2276,0.4174,27,156,27,219274,386336,18636,89320,3.578643150913335,0.18778276737810518
2277,0.4175,22,207,22,219481,386129,18658,89298,3.5767257030642114,0.18782694293761187
2278,0.4176,28,131,28,219612,385998,18686,89270,3.5755122457297417,0.18783086595352516
2279,0.4177,18,143,18,219755,385855,18704,89252,3.5741876319982215,0.18785663019067284
2280,0.4178,35,221,35,219976,385634,18739,89217,3.572140501685872,0.1878841994646742
2281,0.4179,25,242,25,220218,385392,18764,89192,3.569898847678684,0.18793722502233534
2282,0.418,22,163,22,220381,385229,18786,89170,3.5683889732854124,0.18796413989068272
2283,0.4181,18,174,18,220555,385055,18804,89152,3.566777205528178,0.18800228592154902
2284,0.4182,22,106,22,220661,384949,18826,89130,3.5657953240208973,0.18800664024350372
2285,0.4183,20,140,20,220801,384809,18846,89110,3.5644984993886397,0.18802791194275814
2286,0.4184,17,75,17,220876,384734,18863,89093,3.5638037719070734,0.1880285420628204
2287,0.4185,15,136,15,221012,384598,18878,89078,3.5625439994071657,0.18805681520701914
2288,0.4186,10,137,10,221149,384461,18888,89068,3.5612749638741708,0.18809407660354488
2289,0.4187,28,182,28,221331,384279,18916,89040,3.559589091852236,0.18811837259860686
2290,0.4188,18,168,18,221499,384111,18934,89022,3.558032902293527,0.18815428219971975
2291,0.4189,30,196,30,221695,383915,18964,88992,3.5562173478083663,0.1881807628138302
2292,0.419,18,98,18,221793,383817,18982,88974,3.555309570565786,0.1881888614630989
2293,0.4191,20,161,20,221954,383656,19002,88954,3.55381822223869,0.1882186157719896
2294,0.4192,17,122,17,222076,383534,19019,88937,3.5526881322020083,0.18823800825870793
2295,0.4193,20,233,20,222309,383301,19039,88917,3.550529845492608,0.18829650712171073
2296,0.4194,15,159,15,222468,383142,19054,88902,3.549057023231687,0.1883341383430358
2297,0.4195,26,199,26,222667,382943,19080,88876,3.5472136796472635,0.18836884483244634
2298,0.4196,19,149,19,222816,382794,19099,88857,3.545833487717218,0.188395656958217
2299,0.4197,39,248,39,223064,382546,19138,88818,3.543536255511505,0.18842762705679686
2300,0.4198,36,233,36,223297,382313,19174,88782,3.5413779688021045,0.18845880342606056
2301,0.4199,17,143,17,223440,382170,19191,88765,3.5400533550705844,0.18848673383800313
2302,0.42,19,162,19,223602,382008,19210,88746,3.5385527437104005,0.18851884423711748
2303,0.4201,25,138,25,223740,381870,19235,88721,3.537274445144318,0.1885310173802729
2304,0.4202,27,134,27,223874,381736,19262,88694,3.536033198710586,0.18853814595157622
2305,0.4203,6,118,6,223992,381618,19268,88688,3.5349401608062543,0.1885750979149745
2306,0.4204,17,153,17,224145,381465,19285,88671,3.5335229167438587,0.18860712644851702
2307,0.4205,28,166,28,224311,381299,19313,88643,3.5319852532513245,0.18862540483719267
2308,0.4206,18,147,18,224458,381152,19331,88625,3.530623587387454,0.18865333977610654
2309,0.4207,16,118,16,224576,381034,19347,88609,3.529530549483123,0.18867309850247954
2310,0.4208,29,188,29,224764,380846,19376,88580,3.5277890992626624,0.1886985382147559
2311,0.4209,28,227,28,224991,380619,19404,88552,3.5256863907517877,0.18874141837411093
2312,0.421,15,120,15,225111,380499,19419,88537,3.524574826781281,0.1887637622698471
2313,0.4211,17,164,17,225275,380335,19436,88520,3.5230556893549223,0.18880037538258096
2314,0.4212,16,113,16,225388,380222,19452,88504,3.5220089666160286,0.18881820082521558
2315,0.4213,8,87,8,225475,380135,19460,88496,3.5212030827374114,0.18883940669738025
2316,0.4214,20,130,20,225605,380005,19480,88476,3.5199988884360294,0.1888571788396968
2317,0.4215,22,135,22,225740,379870,19502,88454,3.51874837896921,0.18887351491702326
2318,0.4216,23,131,23,225871,379739,19525,88431,3.51753492163474,0.18888651558194672
2319,0.4217,15,132,15,226003,379607,19540,88416,3.516312201267183,0.1889137926982221
2320,0.4218,21,85,21,226088,379522,19561,88395,3.515524843454741,0.18891170870047466
2321,0.4219,10,110,10,226198,379412,19571,88385,3.5145059098151097,0.18893879182636913
2322,0.422,24,105,24,226303,379307,19595,88361,3.5135332913409165,0.18893958962340807
2323,0.4221,16,77,16,226380,379230,19611,88345,3.512820037793175,0.18894295032882424
2324,0.4222,23,147,23,226527,379083,19634,88322,3.5114583719293044,0.18896246296038768
2325,0.4223,11,162,11,226689,378921,19645,88311,3.5099577605691206,0.18900888637764537
2326,0.4224,20,122,20,226811,378799,19665,88291,3.508827670532439,0.18902352865614763
2327,0.4225,43,245,43,227056,378554,19708,88248,3.5065582274259883,0.1890480332132253
2328,0.4226,33,223,33,227279,378331,19741,88215,3.504492571047464,0.1890810338101709
2329,0.4227,12,117,12,227396,378214,19753,88203,3.50340879617622,0.18910760113803743
2330,0.4228,15,119,15,227515,378095,19768,88188,3.502306495238801,0.18912977740985626
2331,0.4229,17,149,17,227664,377946,19785,88171,3.500926303308755,0.18916066137901
2332,0.423,18,178,18,227842,377768,19803,88153,3.4992774834191707,0.18920160284683454
2333,0.4231,38,304,38,228146,377464,19841,88115,3.4964615213605543,0.1892589657179555
2334,0.4232,10,119,10,228265,377345,19851,88105,3.4953592204231354,0.18928993447201634
2335,0.4233,13,121,13,228386,377224,19864,88092,3.494238393419541,0.18931650749168308
2336,0.4234,14,121,14,228507,377103,19878,88078,3.4931175664159473,0.18934135315070907
2337,0.4235,23,132,23,228639,376971,19901,88055,3.4918948460483903,0.1893550038062388
2338,0.4236,14,141,14,228780,376830,19915,88041,3.490588758383045,0.1893880237743374
2339,0.4237,18,116,18,228896,376714,19933,88023,3.4895142465448887,0.1894038994097737
2340,0.4238,24,168,24,229064,376546,19957,87999,3.4879580569861797,0.18943051803377497
2341,0.4239,17,127,17,229191,376419,19974,87982,3.48678165178406,0.18945264975742945
2342,0.424,13,113,13,229304,376306,19987,87969,3.4857349290451665,0.18947606483226537
2343,0.4241,20,194,20,229498,376112,20007,87949,3.4839379006261812,0.18952034323073907
2344,0.4242,24,147,24,229645,375965,20031,87925,3.4825762347623104,0.1895384681713337
2345,0.4243,41,311,41,229956,375654,20072,87884,3.479695431472081,0.1895939491476427
2346,0.4244,25,162,25,230118,375492,20097,87859,3.4781948201118973,0.1896165110251192
2347,0.4245,34,226,34,230344,375266,20131,87825,3.4761013746341103,0.1896495505203081
2348,0.4246,24,139,24,230483,375127,20155,87801,3.47481381303494,0.18966448346179104
2349,0.4247,26,197,26,230680,374930,20181,87775,3.472988995516692,0.18969970067321512
2350,0.4248,33,245,33,230925,374685,20214,87742,3.470719552410241,0.18974238095958929
2351,0.4249,42,303,42,231228,374382,20256,87700,3.4679128533847123,0.18979315359611498
2352,0.425,13,108,13,231336,374274,20269,87687,3.4669124458112566,0.18981472461961074
2353,0.4251,22,241,22,231577,374033,20291,87665,3.4646800548371557,0.18987519980593376
2354,0.4252,19,147,19,231724,373886,20310,87646,3.4633183889732853,0.18990232529922085
2355,0.4253,33,251,33,231975,373635,20343,87613,3.4609933676683093,0.18994770709032885
2356,0.4254,21,165,21,232140,373470,20364,87592,3.459464967208863,0.18997878810225088
2357,0.4255,14,148,14,232288,373322,20378,87578,3.4580940383119048,0.19001518767628553
2358,0.4256,19,189,19,232477,373133,20397,87559,3.456343325058357,0.19005973622289946
2359,0.4257,29,231,29,232708,372902,20426,87530,3.454203564415132,0.19010407617194286
2360,0.4258,26,188,26,232896,372714,20452,87504,3.452462114194672,0.19013597903602206
2361,0.4259,10,114,10,233010,372600,20462,87494,3.4514061284226907,0.19016548792203333
2362,0.426,23,186,23,233196,372414,20485,87471,3.4496832042684056,0.19020189830066211
2363,0.4261,25,206,25,233402,372208,20510,87446,3.4477750194523695,0.190243095893868
2364,0.4262,13,149,13,233551,372059,20523,87433,3.4463948275223237,0.19028187650709916
2365,0.4263,18,123,18,233674,371936,20541,87415,3.4452554744525545,0.1903010987240694
2366,0.4264,6,51,6,233725,371885,20547,87409,3.4447830597650895,0.1903116522314683
2367,0.4265,10,118,10,233843,371767,20557,87399,3.4436900218607582,0.19034292608773298
2368,0.4266,14,119,14,233962,371648,20571,87385,3.4425877209233393,0.19036757705872998
2369,0.4267,17,97,17,234059,371551,20588,87368,3.4416892067138463,0.1903778226658735
2370,0.4268,18,175,18,234234,371376,20606,87350,3.4400681759235243,0.19041868130430803
2371,0.4269,36,221,36,234455,371155,20642,87314,3.438021045611175,0.19044690044474108
2372,0.427,29,157,29,234612,370998,20671,87285,3.436566749416429,0.1904609160715104
2373,0.4271,27,161,27,234773,370837,20698,87258,3.4350754010893327,0.19048014058219365
2374,0.4272,31,244,31,235017,370593,20729,87227,3.4328152210159693,0.19052684461141933
2375,0.4273,19,194,19,235211,370399,20748,87208,3.431018192596984,0.19057400782767747
2376,0.4274,18,187,18,235398,370212,20766,87190,3.4292860054096113,0.19062006724937802
2377,0.4275,28,163,28,235561,370049,20794,87162,3.42777613101634,0.1906384579548611
2378,0.4276,14,149,14,235710,369900,20808,87148,3.4263959390862944,0.19067581523166058
2379,0.4277,27,194,27,235904,369706,20835,87121,3.4245989106673087,0.1907089554689193
2380,0.4278,20,192,20,236096,369514,20855,87101,3.4228204083144984,0.1907536984111341
2381,0.4279,13,183,13,236279,369331,20868,87088,3.421125273259476,0.19080713116675685
2382,0.428,55,328,55,236607,369003,20923,87033,3.4180869984067583,0.19084677525458515
2383,0.4281,36,199,36,236806,368804,20959,86997,3.416243654822335,0.19086618941160727
2384,0.4282,19,99,19,236905,368705,20978,86978,3.415326614546667,0.19087391893048458
2385,0.4283,15,98,15,237003,368607,20993,86963,3.414418837304087,0.19088833768685384
2386,0.4284,19,160,19,237163,368447,21012,86944,3.4129367520100784,0.1909216475512252
2387,0.4285,11,146,11,237309,368301,21023,86933,3.411584349179295,0.19096332874961008
2388,0.4286,25,203,25,237512,368098,21048,86908,3.4097039534625218,0.1910040746715428
2389,0.4287,27,253,27,237765,367845,21075,86881,3.4073604060913705,0.19106231005044796
2390,0.4288,25,160,25,237925,367685,21100,86856,3.405878320797362,0.1910850726337118
2391,0.4289,28,150,28,238075,367535,21128,86828,3.404488865834229,0.19109830686037377
2392,0.429,17,155,17,238230,367380,21145,86811,3.403053095705658,0.19113324570500076
2393,0.4291,43,319,43,238549,367061,21188,86768,3.400098188150728,0.19119095518356033
2394,0.4292,27,179,27,238728,366882,21215,86741,3.398440105228056,0.19121825833346193
2395,0.4293,21,145,21,238873,366737,21236,86720,3.3970969654303604,0.19124194796860564
2396,0.4294,11,100,11,238973,366637,21247,86709,3.3961706621216052,0.19126450878578394
2397,0.4295,15,136,15,239109,366501,21262,86694,3.3949108896216975,0.19129513785456592
2398,0.4296,23,237,23,239346,366264,21285,86671,3.3927155507799474,0.19135416781657413
2399,0.4297,28,179,28,239525,366085,21313,86643,3.391057467857275,0.19137981304447704
2400,0.4298,19,160,19,239685,365925,21332,86624,3.3895753825632666,0.191413526491054
2401,0.4299,14,176,14,239861,365749,21346,86610,3.387945088739857,0.19146297520332303
2402,0.43,24,148,24,240009,365601,21370,86586,3.386574159842899,0.19148272727875856
2403,0.4301,12,110,12,240119,365491,21382,86574,3.385555226203268,0.19150785838319712
2404,0.4302,12,77,12,240196,365414,21394,86562,3.384841972655526,0.191519018708958
2405,0.4303,29,170,29,240366,365244,21423,86533,3.383267257030642,0.19153918858197738
2406,0.4304,29,164,29,240530,365080,21452,86504,3.3817481196042833,0.19155683106575963
2407,0.4305,19,191,19,240721,364889,21471,86485,3.3799788802845603,0.19160385844111535
2408,0.4306,22,179,22,240900,364710,21493,86463,3.378320797361888,0.1916404572082106
2409,0.4307,31,239,31,241139,364471,21524,86432,3.3761069324539625,0.19168646028081426
2410,0.4308,20,259,20,241398,364212,21544,86412,3.373707806884286,0.19176075841499787
2411,0.4309,7,116,7,241514,364096,21551,86405,3.3726332950461297,0.19179757647596787
2412,0.431,15,102,15,241616,363994,21566,86390,3.371688465671199,0.1918140964155032
2413,0.4311,41,330,41,241946,363664,21607,86349,3.3686316647523067,0.1918811234342119
2414,0.4312,22,127,22,242073,363537,21629,86327,3.367455259550187,0.1918957729447122
2415,0.4313,26,142,26,242215,363395,21655,86301,3.3661399088517543,0.1919096456272682
2416,0.4314,16,123,16,242338,363272,21671,86285,3.365000555781985,0.1919333922061051
2417,0.4315,26,168,26,242506,363104,21697,86259,3.363444366223276,0.1919583944383494
2418,0.4316,21,152,21,242658,362952,21718,86238,3.362036385193968,0.19198557403325986
2419,0.4317,31,194,31,242852,362758,21749,86207,3.3602393567749824,0.19201274041406347
2420,0.4318,41,312,41,243164,362446,21790,86166,3.3573492904516655,0.19207243676049682
2421,0.4319,20,128,20,243292,362318,21810,86146,3.3561636222164584,0.1920912269435228
2422,0.432,11,121,11,243413,362197,21821,86135,3.3550427952128645,0.19212324795017977
2423,0.4321,14,97,14,243510,362100,21835,86121,3.354144281003372,0.192139591853126
2424,0.4322,14,73,14,243583,362027,21849,86107,3.35346807958798,0.1921456528627598
2425,0.4323,17,123,17,243706,361904,21866,86090,3.3523287265182113,0.19216775224668187
2426,0.4324,30,139,30,243845,361765,21896,86060,3.351041164919041,0.19217328197398537
2427,0.4325,17,128,17,243973,361637,21913,86043,3.3498554966838343,0.19219755182273052
2428,0.4326,23,152,23,244125,361485,21936,86020,3.348447515654526,0.19222131596295014
2429,0.4327,15,113,15,244238,361372,21951,86005,3.347400792915632,0.19224278405014117
2430,0.4328,25,190,25,244428,361182,21976,85980,3.345640816628997,0.19227930817019334
2431,0.4329,28,144,28,244572,361038,22004,85952,3.344306939864389,0.19229065527193
2432,0.433,17,108,17,244680,360930,22021,85935,3.343306532290933,0.19230640126212614
2433,0.4331,19,146,19,244826,360784,22040,85916,3.3419541294601505,0.1923349003805686
2434,0.4332,11,165,11,244991,360619,22051,85905,3.340425729000704,0.1923860755524899
2435,0.4333,21,103,21,245094,360516,22072,85884,3.3394716365926858,0.19239247311827956
2436,0.4334,24,221,24,245315,360295,22096,85860,3.3374245062803363,0.19244432988535373
2437,0.4335,29,167,29,245482,360128,22125,85831,3.335877579754715,0.19246388120881067
2438,0.4336,36,286,36,245768,359842,22161,85795,3.3332283522916746,0.1925221649010293
2439,0.4337,24,212,24,245980,359630,22185,85771,3.331264589277113,0.1925702905920732
2440,0.4338,23,175,23,246155,359455,22208,85748,3.329643558486791,0.19260427265764157
2441,0.4339,16,153,16,246308,359302,22224,85732,3.3282263144243953,0.1926414611018484
2442,0.434,22,205,22,246513,359097,22246,85710,3.3263273926414465,0.19269031287727037
2443,0.4341,18,136,18,246649,358961,22264,85692,3.3250676201415392,0.19271656775058305
2444,0.4342,15,119,15,246768,358842,22279,85677,3.3239653192041203,0.19274091771105398
2445,0.4343,23,157,23,246925,358685,22302,85654,3.3225110230093744,0.19276723402627274
2446,0.4344,25,145,25,247070,358540,22327,85629,3.321167883211679,0.19278472833538585
2447,0.4345,48,241,48,247311,358299,22375,85581,3.3189354922375784,0.19280210867802108
2448,0.4346,12,122,12,247433,358177,22387,85569,3.3178054022008965,0.19283328751132406
2449,0.4347,16,121,16,247554,358056,22403,85553,3.3166845751973026,0.19285677251814098
2450,0.4348,9,89,9,247643,357967,22412,85544,3.31586016525251,0.19287909431784103
2451,0.4349,17,145,17,247788,357822,22429,85527,3.314517025454815,0.19291122794908752
2452,0.435,27,161,27,247949,357661,22456,85500,3.313025677127719,0.19293213978666895
2453,0.4351,38,267,38,248216,357394,22494,85462,3.310552447293342,0.1929792076882779
2454,0.4352,26,168,26,248384,357226,22520,85436,3.308996257734633,0.19300504673995056
2455,0.4353,21,112,21,248496,357114,22541,85415,3.3079587980288268,0.19301559897769413
2456,0.4354,31,301,31,248797,356813,22572,85384,3.3051706250694726,0.19309040993041562
2457,0.4355,37,235,37,249032,356578,22609,85347,3.3029938122938973,0.19312553035017255
2458,0.4356,25,133,25,249165,356445,22634,85322,3.3017618288932526,0.19313801166678363
2459,0.4357,21,212,21,249377,356233,22655,85301,3.2997980658786914,0.1931923702364937
2460,0.4358,19,84,19,249461,356149,22674,85282,3.299019971099337,0.19319440637381607
2461,0.4359,31,324,31,249785,355825,22705,85251,3.296018748378969,0.1932796162112652
2462,0.436,36,245,36,250030,355580,22741,85215,3.2937493052725184,0.19332115836159666
2463,0.4361,33,208,33,250238,355372,22774,85182,3.291822594390307,0.19335200679144895
2464,0.4362,19,146,19,250384,355226,22793,85163,3.2904701915595242,0.19338130607258583
2465,0.4363,34,229,34,250613,354997,22827,85129,3.288348956982474,0.19341961165666197
2466,0.4364,22,187,22,250800,354810,22849,85107,3.286616769795102,0.1934614938727078
2467,0.4365,29,129,29,250929,354681,22878,85078,3.285421838526807,0.19346505699712796
2468,0.4366,21,154,21,251083,354527,22899,85057,3.2839953314313237,0.1934943037053214
2469,0.4367,7,86,7,251169,354441,22906,85050,3.2831987105857943,0.1935193212147689
2470,0.4368,21,111,21,251280,354330,22927,85029,3.282170513913076,0.19352966480713948
2471,0.4369,5,86,5,251366,354244,22932,85024,3.281373893067546,0.19355837438647933
2472,0.437,19,151,19,251517,354093,22951,85005,3.2799751750713253,0.19359004140305808
2473,0.4371,24,140,24,251657,353953,22975,84981,3.2786783504390677,0.19360769500653857
2474,0.4372,48,242,48,251899,353711,23023,84933,3.2764366964318796,0.19362626640282324
2475,0.4373,17,213,17,252112,353498,23040,84916,3.2744636703842307,0.1936890701483073
2476,0.4374,15,134,15,252246,353364,23055,84901,3.2732224239504983,0.19372069410060122
2477,0.4375,18,146,18,252392,353218,23073,84883,3.2718700211197156,0.19375212565139088
2478,0.4376,25,107,25,252499,353111,23098,84858,3.270878876579347,0.19375343917035223
2479,0.4377,29,189,29,252688,352922,23127,84829,3.2691281633257994,0.1937836806769145
2480,0.4378,31,119,31,252807,352803,23158,84798,3.2680258623883804,0.19377926467261272
2481,0.4379,32,165,32,252972,352638,23190,84766,3.266497461928934,0.1937933809475908
2482,0.438,39,233,39,253205,352405,23229,84727,3.264339175219534,0.19382474858852702
2483,0.4381,45,230,45,253435,352175,23274,84682,3.2622086776093964,0.19384375207447746
2484,0.4382,27,125,27,253560,352050,23301,84655,3.2610507984734523,0.19384939490044767
2485,0.4383,12,127,12,253687,351923,23313,84643,3.2598743932713328,0.19388362813411947
2486,0.4384,29,200,29,253887,351723,23342,84614,3.258021786653822,0.19391892046743686
2487,0.4385,13,112,13,253999,351611,23355,84601,3.256984326948016,0.193944687445554
2488,0.4386,27,177,27,254176,351434,23382,84574,3.2553447700915186,0.1939735050733014
2489,0.4387,10,64,10,254240,351370,23392,84564,3.2547519359739154,0.19398349291406497
2490,0.4388,39,176,39,254416,351194,23431,84525,3.253121642150506,0.19398970437369037
2491,0.4389,37,181,37,254597,351013,23468,84488,3.2514450331616587,0.19400185074201895
2492,0.439,31,243,31,254840,350770,23499,84457,3.249194116121383,0.19405275867535793
2493,0.4391,41,263,41,255103,350507,23540,84416,3.246757938419356,0.19409412700638964
2494,0.4392,23,144,23,255247,350363,23563,84393,3.2454240616547483,0.194115779885729
2495,0.4393,42,333,42,255580,350030,23605,84351,3.2423394716365928,0.19418667022728894
2496,0.4394,19,159,19,255739,349871,23624,84332,3.2408666493756715,0.19422251803879753
2497,0.4395,14,109,14,255848,349762,23638,84318,3.239856978769128,0.1942453004054552
2498,0.4396,25,174,25,256022,349588,23663,84293,3.2382452110118938,0.19427677174156047
2499,0.4397,16,121,16,256143,349467,23679,84277,3.2371243840082995,0.1943012468183998
2500,0.4398,35,250,35,256393,349217,23714,84242,3.2348086257364113,0.19434825439084205
2501,0.4399,23,96,23,256489,349121,23737,84219,3.233919374560006,0.19434854848386948
2502,0.44,35,292,35,256781,348829,23772,84184,3.23121456889844,0.19441448640110112
2503,0.4401,26,163,26,256944,348666,23798,84158,3.229704694505169,0.19443931020460972
2504,0.4402,38,274,38,257218,348392,23836,84120,3.227166623439179,0.19449171352471145
2505,0.4403,28,173,28,257391,348219,23864,84092,3.225564118715032,0.19451737290978022
2506,0.4404,37,175,37,257566,348044,23901,84055,3.22394308792471,0.1945271801138165
2507,0.4405,32,266,32,257832,347778,23933,84023,3.2214791211234206,0.19458732147447552
2508,0.4406,31,210,31,258042,347568,23964,83992,3.2195338841750343,0.19462415423116136
2509,0.4407,31,215,31,258257,347353,23995,83961,3.21754233206121,0.1946632847531033
2510,0.4408,25,163,25,258420,347190,24020,83936,3.216032457667939,0.1946901833802647
2511,0.4409,22,214,22,258634,346976,24042,83914,3.2140501685872023,0.1947457587783425
2512,0.441,40,212,40,258846,346764,24082,83874,3.2120864055726406,0.1947668343248854
2513,0.4411,22,222,22,259068,346542,24104,83852,3.210030012227204,0.19482613605208252
2514,0.4412,24,154,24,259222,346388,24128,83828,3.2086035051317205,0.19485095858824406
2515,0.4413,18,86,18,259308,346302,24146,83810,3.2078068842861907,0.19485622349527565
2516,0.4414,8,132,8,259440,346170,24154,83802,3.2065841639186337,0.19490106332505372
2517,0.4415,29,106,29,259546,346064,24183,83773,3.205602282411353,0.19489480896246716
2518,0.4416,19,126,19,259672,345938,24202,83754,3.204435140242321,0.1949163586941344
2519,0.4417,21,127,21,259799,345811,24223,83733,3.2032587350402015,0.19493462835006425
2520,0.4418,47,231,47,260030,345580,24270,83686,3.2011189743969766,0.1949513821267
2521,0.4419,33,245,33,260275,345335,24303,83653,3.198849531290526,0.19500079256296213
2522,0.442,21,126,21,260401,345209,24324,83632,3.197682389121494,0.19501866659204695
2523,0.4421,41,259,41,260660,344950,24365,83591,3.1952832635518176,0.19505951589229503
2524,0.4422,28,199,28,260859,344751,24393,83563,3.193439919967394,0.19509752191149485
2525,0.4423,29,194,29,261053,344557,24422,83534,3.1916428915484087,0.1951314089761289
2526,0.4424,21,182,21,261235,344375,24443,83513,3.189957019526474,0.19517490558276931
2527,0.4425,26,172,26,261407,344203,24469,83487,3.1883637778354146,0.19520447052771867
2528,0.4426,33,213,33,261620,343990,24502,83454,3.186390751787765,0.19523961033492107
2529,0.4427,20,106,20,261726,343884,24522,83434,3.185408870280485,0.19525037559850042
2530,0.4428,14,136,14,261862,343748,24536,83420,3.184149097780577,0.19528616375758484
2531,0.4429,19,83,19,261945,343665,24555,83401,3.1833802660343102,0.19528831609165798
2532,0.443,33,222,33,262167,343443,24588,83368,3.181323872688873,0.19532767431017475
2533,0.4431,15,57,15,262224,343386,24603,83353,3.180795879802883,0.1953254799772226
2534,0.4432,38,242,38,262466,343144,24641,83315,3.1785542257956947,0.19536461887309214
2535,0.4433,43,244,43,262710,342900,24684,83272,3.176294045722331,0.1953952864101818
2536,0.4434,21,126,21,262836,342774,24705,83251,3.1751269035532994,0.19541341470570975
2537,0.4435,32,237,32,263073,342537,24737,83219,3.1729315647115492,0.1954617198583226
2538,0.4436,33,223,33,263296,342314,24770,83186,3.1708659083330244,0.1955017626321974
2539,0.4437,17,133,17,263429,342181,24787,83169,3.1696339249323797,0.1955307393910897
2540,0.4438,27,200,27,263629,341981,24814,83142,3.167781318314869,0.1955716345622326
2541,0.4439,21,168,21,263797,341813,24835,83121,3.16622512875616,0.19560920048760513
2542,0.444,33,209,33,264006,341604,24868,83088,3.164289154840861,0.19564296007459522
2543,0.4441,29,195,29,264201,341409,24897,83059,3.162482863388788,0.19567788384518975
2544,0.4442,19,114,19,264315,341295,24916,83040,3.161426877616807,0.1956944395348015
2545,0.4443,10,105,10,264420,341190,24926,83030,3.1604542591426137,0.19572391683560417
2546,0.4444,20,112,20,264532,341078,24946,83010,3.1594167994368076,0.19573767708588782
2547,0.4445,38,286,38,264818,340792,24984,82972,3.156767571973767,0.1957976609622337
2548,0.4446,30,138,30,264956,340654,25014,82942,3.1554892734076847,0.19580449296027347
2549,0.4447,26,232,26,265188,340422,25040,82916,3.153340249731372,0.19586240781597683
2550,0.4448,23,158,23,265346,340264,25063,82893,3.1518766905035385,0.19589183210959527
2551,0.4449,31,170,31,265516,340094,25094,82862,3.1503019748786545,0.19591163146994015
2552,0.445,26,196,26,265712,339898,25120,82836,3.1484864203934935,0.19595301064026077
2553,0.4451,41,304,41,266016,339594,25161,82795,3.145670458334877,0.19601599473471137
2554,0.4452,33,187,33,266203,339407,25194,82762,3.1439382711475043,0.1960399745125767
2555,0.4453,33,254,33,266457,339153,25227,82729,3.141585460743266,0.1960951166439905
2556,0.4454,37,223,37,266680,338930,25264,82692,3.139519804364741,0.19612828552589762
2557,0.4455,28,211,28,266891,338719,25292,82664,3.1375653043832674,0.1961730776989105
2558,0.4456,30,251,30,267142,338468,25322,82634,3.135240283078291,0.1962327417110344
2559,0.4457,21,171,21,267313,338297,25343,82613,3.1336563044203194,0.1962723622627165
2560,0.4458,31,199,31,267512,338098,25374,82582,3.131812960835896,0.1963059807930018
2561,0.4459,13,105,13,267617,337993,25387,82569,3.130840342361703,0.19633014870577942
2562,0.446,29,180,29,267797,337813,25416,82540,3.129172996405943,0.196358774648926
2563,0.4461,47,279,47,268076,337534,25463,82493,3.1265886101745157,0.19639927909396301
2564,0.4462,31,242,31,268318,337292,25494,82462,3.1243469561673276,0.19645316066076798
2565,0.4463,18,107,18,268425,337185,25512,82444,3.123355811626959,0.1964687855224496
2566,0.4464,24,226,24,268651,336959,25536,82420,3.121262366149172,0.19652867692469103
2567,0.4465,35,255,35,268906,336704,25571,82385,3.1189002927118454,0.19658115579268365
2568,0.4466,35,185,35,269091,336519,25606,82350,3.117186631590648,0.19660084656539395
2569,0.4467,26,220,26,269311,336299,25632,82324,3.115148764311386,0.1966542688767698
2570,0.4468,29,169,29,269480,336130,25661,82295,3.1135833117195895,0.1966780187608293
2571,0.4469,36,216,36,269696,335914,25697,82259,3.111582496572678,0.19671045237258264
2572,0.447,23,132,23,269828,335782,25720,82236,3.1103597762051205,0.19672837054863665
2573,0.4471,22,85,22,269913,335697,25742,82214,3.1095724183926783,0.19672609718337158
2574,0.4472,24,191,24,270104,335506,25766,82190,3.1078031790729557,0.19676989963992952
2575,0.4473,27,207,27,270311,335299,25793,82163,3.105885731223832,0.19681551853821425
2576,0.4474,18,192,18,270503,335107,25811,82145,3.1041072288710216,0.19687143500810061
2577,0.4475,14,90,14,270593,335017,25825,82131,3.1032735558931415,0.19688695618821137
2578,0.4476,24,199,24,270792,334818,25849,82107,3.1014302123087183,0.19693470048569886
2579,0.4477,34,170,34,270962,334648,25883,82073,3.0998554966838343,0.1969495177828811
2580,0.4478,9,88,9,271050,334560,25892,82064,3.0990403497721295,0.19697377011405967
2581,0.4479,31,183,31,271233,334377,25923,82033,3.097345214717107,0.19700055234024158
2582,0.448,21,90,21,271323,334287,25944,82012,3.0965115417392273,0.1970026351252345
2583,0.4481,20,181,20,271504,334106,25964,81992,3.0948349327503797,0.19704973347624838
2584,0.4482,20,114,20,271618,333992,25984,81972,3.0937789469783987,0.19706513063630507
2585,0.4483,25,158,25,271776,333834,26009,81947,3.092315387750565,0.1970917381987152
2586,0.4484,29,233,29,272009,333601,26038,81918,3.090157101041165,0.19714621954712058
2587,0.4485,40,225,40,272234,333376,26078,81878,3.088072918596465,0.19717570450856584
2588,0.4486,16,116,16,272350,333260,26094,81862,3.0869984067583087,0.19719985931846543
2589,0.4487,27,221,27,272571,333039,26121,81835,3.0849512764459597,0.1972526598437116
2590,0.4488,22,189,22,272760,332850,26143,81813,3.0832005631924115,0.19729997612519082
2591,0.4489,17,100,17,272860,332750,26160,81796,3.0822742598836563,0.19731465265615877
2592,0.449,25,222,25,273082,332528,26185,81771,3.080217866538219,0.19737194634792746
2593,0.4491,25,193,25,273275,332335,26210,81746,3.078430101152321,0.1974154815120713
2594,0.4492,28,192,28,273467,332143,26238,81718,3.076651598799511,0.19745276795832417
2595,0.4493,44,280,44,273747,331863,26282,81674,3.074057949534996,0.1975010700372639
2596,0.4494,49,376,49,274123,331487,26331,81625,3.0705750490940753,0.19758564263444295
2597,0.4495,13,101,13,274224,331386,26344,81612,3.0696394827522324,0.19760870512690135
2598,0.4496,31,212,31,274436,331174,26375,81581,3.0676757197376707,0.19764993761432326
2599,0.4497,27,156,27,274592,331018,26402,81554,3.0662306865760125,0.1976721638889697
2600,0.4498,35,215,35,274807,330803,26437,81519,3.064239134462188,0.19770713180475455
2601,0.4499,35,193,35,275000,330610,26472,81484,3.0624513690762902,0.19773158551204337
2602,0.45,19,164,19,275164,330446,26491,81465,3.0609322316499314,0.19777330539849627
2603,0.4501,26,242,26,275406,330204,26517,81439,3.0586905776427433,0.1978389040989401
2604,0.4502,36,258,36,275664,329946,26553,81403,3.0563007151061545,0.19789278690357823
2605,0.4503,19,184,19,275848,329762,26572,81384,3.0545963170180443,0.19794428256629032
2606,0.4504,23,141,23,275989,329621,26595,81361,3.053290229352699,0.19796730757064787
2607,0.4505,32,265,32,276254,329356,26627,81329,3.0508355255844974,0.19803255536481731
2608,0.4506,36,248,36,276502,329108,26663,81293,3.048538293378784,0.19808187601882063
2609,0.4507,39,268,39,276770,328840,26702,81254,3.0460558005113194,0.19813506171755743
2610,0.4508,34,189,34,276959,328651,26736,81220,3.0443050872577717,0.19815990884936968
2611,0.4509,45,188,45,277147,328463,26781,81175,3.0425636370373117,0.1981627681025686
2612,0.451,33,159,33,277306,328304,26814,81142,3.0410908147763904,0.19817509512853954
2613,0.4511,26,168,26,277474,328136,26840,81116,3.0395346252176814,0.19820550663161085
2614,0.4512,18,163,18,277637,327973,26858,81098,3.03802475082441,0.19824920368346816
2615,0.4513,32,234,32,277871,327739,26890,81066,3.0358572010819223,0.19829992294614793
2616,0.4514,24,143,24,278014,327596,26914,81042,3.034532587350402,0.19832223141264396
2617,0.4515,22,181,22,278195,327415,26936,81020,3.0328559783615545,0.1983669372115514
2618,0.4516,23,156,23,278351,327259,26959,80997,3.0314109451998963,0.19839757407117103
2619,0.4517,43,361,43,278712,326898,27002,80954,3.0280669902552892,0.19848866745780333
2620,0.4518,15,76,15,278788,326822,27017,80939,3.0273629997406353,0.19849617790813737
2621,0.4519,20,102,20,278890,326720,27037,80919,3.0264181703657047,0.1985065217017999
2622,0.452,17,107,17,278997,326613,27054,80902,3.025427025825336,0.19852520766106768
2623,0.4521,23,93,23,279090,326520,27077,80879,3.024565563748194,0.19852527865802322
2624,0.4522,30,218,30,279308,326302,27107,80849,3.022546222535107,0.19857251977767462
2625,0.4523,21,167,21,279475,326135,27128,80828,3.020999296009485,0.19861265029007552
2626,0.4524,15,98,15,279573,326037,27143,80813,3.020091518766905,0.19863094506574905
2627,0.4525,18,201,18,279774,325836,27161,80795,3.0182296491163068,0.19869365591900273
2628,0.4526,21,222,21,279996,325614,27182,80774,3.0161732557708696,0.1987607901808124
2629,0.4527,16,106,16,280102,325508,27198,80758,3.0151913742635887,0.19878109415998385
2630,0.4528,31,221,31,280323,325287,27229,80727,3.0131442439512393,0.1988281192274158
2631,0.4529,23,157,23,280480,325130,27252,80704,3.0116899477564933,0.19885963226343775
2632,0.453,35,247,35,280727,324883,27287,80669,3.0094019785838677,0.19891160689627965
2633,0.4531,30,302,30,281029,324581,27317,80639,3.0066045425914263,0.19900054291495978
2634,0.4532,16,114,16,281143,324467,27333,80623,3.005548556819445,0.19902490804512576
2635,0.4533,24,238,24,281381,324229,27357,80599,3.003343954944607,0.1990944302271582
2636,0.4534,26,165,26,281546,324064,27383,80573,3.0018155544851606,0.19912415325340985
2637,0.4535,18,103,18,281649,323961,27401,80555,3.0008614620771423,0.1991392182262259
2638,0.4536,34,259,34,281908,323702,27435,80521,2.998462336507466,0.1991994517877508
2639,0.4537,23,128,23,282036,323574,27458,80498,2.997276668272259,0.1992169712328496
2640,0.4538,33,236,33,282272,323338,27491,80465,2.995090592463596,0.19926795987152152
2641,0.4539,10,135,10,282407,323203,27501,80455,2.9938400829967766,0.19931476646071675
2642,0.454,11,56,11,282463,323147,27512,80444,2.9933213531438736,0.19932059931960822
2643,0.4541,18,134,18,282597,323013,27530,80426,2.9920801067101412,0.19935107909745958
2644,0.4542,25,151,25,282748,322862,27555,80401,2.9906813887139205,0.19937608954949995
2645,0.4543,22,247,22,282995,322615,27577,80379,2.9883934195412944,0.19945458245035907
2646,0.4544,29,184,29,283179,322431,27606,80350,2.9866890214531847,0.19948805926793964
2647,0.4545,19,80,19,283259,322351,27625,80331,2.9859479788061805,0.19948992008582456
2648,0.4546,18,130,18,283389,322221,27643,80313,2.9847437845047984,0.1995185499858397
2649,0.4547,17,124,17,283513,322097,27660,80296,2.9835951684019415,0.19954621477013765
2650,0.4548,38,216,38,283729,321881,27698,80258,2.98159435325503,0.19957775793941895
2651,0.4549,22,180,22,283909,321701,27720,80236,2.97992700729927,0.19962332405327202
2652,0.455,30,232,30,284141,321469,27750,80206,2.9777779836229574,0.19967884483724405
2653,0.4551,21,160,21,284301,321309,27771,80185,2.976295898328949,0.19971655865342944
2654,0.4552,42,228,42,284529,321081,27813,80143,2.9741839267849866,0.19974627639423365
2655,0.4553,20,129,20,284658,320952,27833,80123,2.972988995516692,0.1997706164682416
2656,0.4554,38,244,38,284902,320708,27871,80085,2.9707288154433287,0.1998163640582545
2657,0.4555,54,245,54,285147,320463,27925,80031,2.968459372336878,0.19983070907429326
2658,0.4556,42,310,42,285457,320153,27967,79989,2.965587832079736,0.19990153495509094
2659,0.4557,41,243,41,285700,319910,28008,79948,2.9633369150394606,0.1999409790475619
2660,0.4558,37,248,37,285948,319662,28045,79911,2.9610396828337473,0.19999099038223303
2661,0.4559,28,179,28,286127,319483,28073,79883,2.959381599911075,0.20002453889414723
2662,0.456,35,270,35,286397,319213,28108,79848,2.9568805809774354,0.20008971059562322
2663,0.4561,24,169,24,286566,319044,28132,79824,2.9553151283856387,0.20012635759198533
2664,0.4562,19,182,19,286748,318862,28151,79805,2.953629256363704,0.20017959851204137
2665,0.4563,28,172,28,286920,318690,28179,79777,2.9520360146726445,0.20020980407411404
2666,0.4564,24,120,24,287040,318570,28203,79753,2.950924450702138,0.20022193044338388
2667,0.4565,35,196,35,287236,318374,28238,79718,2.9491088962169774,0.20025019342262593
2668,0.4566,17,118,17,287354,318256,28255,79701,2.9480158583126457,0.2002754066394108
2669,0.4567,14,81,14,287435,318175,28269,79687,2.947265552632554,0.20028803957150973
2670,0.4568,63,375,63,287810,317800,28332,79624,2.9437919152247214,0.20035025564636258
2671,0.4569,34,189,34,287999,317611,28366,79590,2.9420412019711732,0.20037713903036497
2672,0.457,56,266,56,288265,317345,28422,79534,2.939577235169884,0.20039861015574018
2673,0.4571,27,128,27,288393,317217,28449,79507,2.938391566934677,0.2004088484689608
2674,0.4572,49,299,49,288692,316918,28498,79458,2.9356219200414984,0.20046117827517307
2675,0.4573,18,101,18,288793,316817,28516,79440,2.9346863536996555,0.20047595373709487
2676,0.4574,29,172,29,288965,316645,28545,79411,2.933093112008596,0.20050447411477165
2677,0.4575,22,164,22,289129,316481,28567,79389,2.9315739745822373,0.20054310758582364
2678,0.4576,48,288,48,289417,316193,28615,79341,2.9289062210530217,0.20059211091840398
2679,0.4577,29,227,29,289644,315966,28644,79312,2.926803512542147,0.20064865740061424
2680,0.4578,29,177,29,289821,315789,28673,79283,2.9251639556856497,0.2006798760732221
2681,0.4579,15,125,15,289946,315664,28688,79268,2.9240060765497056,0.20071303414258657
2682,0.458,15,136,15,290082,315528,28703,79253,2.922746304049798,0.2007518092309407
2683,0.4581,15,144,15,290226,315384,28718,79238,2.9214124272851905,0.20079468453355362
2684,0.4582,29,203,29,290429,315181,28747,79209,2.9195320315684166,0.2008392707725855
2685,0.4583,9,106,9,290535,315075,28756,79200,2.918550150061136,0.20087502377782004
2686,0.4584,37,156,37,290691,314919,28793,79163,2.9171051168994775,0.20087951238574714
2687,0.4585,20,172,20,290863,314747,28813,79143,2.915511875208418,0.20092665464977533
2688,0.4586,17,117,17,290980,314630,28830,79126,2.9144281003371746,0.20095185851136238
2689,0.4587,23,168,23,291148,314462,28853,79103,2.912871910778465,0.20099094177581847
2690,0.4588,27,168,27,291316,314294,28880,79076,2.911315721219756,0.20102193863283932
2691,0.4589,24,158,24,291474,314136,28904,79052,2.9098521619919224,0.2010539487471642
2692,0.459,18,103,18,291577,314033,28922,79034,2.9088980695839046,0.20107004658238925
2693,0.4591,12,101,12,291678,313932,28934,79022,2.9079625032420617,0.20109732945840988
2694,0.4592,17,95,17,291773,313837,28951,79005,2.907082515098744,0.2011113882935124
2695,0.4593,28,198,28,291971,313639,28979,78977,2.905248434547408,0.20115583674633739
2696,0.4594,30,161,30,292132,313478,29009,78947,2.903757086220312,0.20117729502452697
2697,0.4595,31,153,31,292285,313325,29040,78916,2.9023398421579163,0.2011926341203495
2698,0.4596,17,138,17,292423,313187,29057,78899,2.9010615435918337,0.20122881204633677
2699,0.4597,33,204,33,292627,312983,29090,78866,2.8991718848419725,0.20126630411204316
2700,0.4598,16,131,16,292758,312852,29106,78850,2.897958427507503,0.201300989017161
2701,0.4599,24,153,24,292911,312699,29130,78826,2.896541183445107,0.20133069408083776
2702,0.46,42,235,42,293146,312464,29172,78784,2.894364370669532,0.20136588557641188
2703,0.4601,24,188,24,293334,312276,29196,78760,2.892622920449072,0.201413680581839
2704,0.4602,35,214,35,293548,312062,29231,78725,2.8906406313683353,0.20145245363842706
2705,0.4603,44,297,44,293845,311765,29275,78681,2.887889510541332,0.20151570255553905
2706,0.4604,7,52,7,293897,311713,29282,78674,2.8874078328207786,0.20152822711821858
2707,0.4605,20,137,20,294034,311576,29302,78654,2.886138797287784,0.2015580555057274
2708,0.4606,21,117,21,294151,311459,29323,78633,2.88505502241654,0.2015755257734073
2709,0.4607,37,213,37,294364,311246,29360,78596,2.883081996368891,0.2016098829782322
2710,0.4608,23,200,23,294564,311046,29383,78573,2.8812293897513803,0.2016662431760258
2711,0.4609,23,186,23,294750,310860,29406,78550,2.879506465597095,0.20171541562877174
2712,0.461,34,275,34,295025,310585,29440,78516,2.8769591314980176,0.20178822465118312
2713,0.4611,45,255,45,295280,310330,29485,78471,2.8745970580606914,0.20182818459829063
2714,0.4612,28,212,28,295492,310118,29513,78443,2.8726332950461297,0.2018807857710887
2715,0.4613,21,219,21,295711,309899,29534,78422,2.8706046907999556,0.20195147828729323
2716,0.4614,51,346,51,296057,309553,29585,78371,2.8673996813516616,0.20202668563945514
2717,0.4615,32,215,32,296272,309338,29617,78339,2.8654081292378377,0.20207285962283034
2718,0.4616,12,110,12,296382,309228,29629,78327,2.8643891955982066,0.20210550760537213
2719,0.4617,21,148,21,296530,309080,29650,78306,2.8630182667012485,0.20213946812739747
2720,0.4618,36,188,36,296718,308892,29686,78270,2.8612768164807885,0.2021634354611248
2721,0.4619,28,204,28,296922,308688,29714,78242,2.8593871577309273,0.2022122864600832
2722,0.462,26,163,26,297085,308525,29740,78216,2.8578772833376562,0.20224387897843776
2723,0.4621,13,103,13,297188,308422,29753,78203,2.856923190929638,0.2022709343679276
2724,0.4622,15,158,15,297346,308264,29768,78188,2.8554596317018044,0.20232266879198452
2725,0.4623,28,180,28,297526,308084,29796,78160,2.8537922857460445,0.20235913049782003
2726,0.4624,17,134,17,297660,307950,29813,78143,2.8525510393123126,0.20239424180184568
2727,0.4625,32,170,32,297830,307780,29845,78111,2.850976323687428,0.20241726290584647
2728,0.4626,34,177,34,298007,307603,29879,78077,2.8493367668309313,0.2024398465048745
2729,0.4627,49,244,49,298251,307359,29928,78028,2.847076586757568,0.20246661148404071
2730,0.4628,25,173,25,298424,307186,29953,78003,2.8454740820334212,0.2025057828754196
2731,0.4629,29,190,29,298614,306996,29982,77974,2.843714105746786,0.20254565290801882
2732,0.463,31,179,31,298793,306817,30013,77943,2.8420560228241136,0.2025756315625325
2733,0.4631,31,279,31,299072,306538,30044,77912,2.8394716365926858,0.20265834308752764
2734,0.4632,30,188,30,299260,306350,30074,77882,2.8377301863722257,0.20269524662183264
2735,0.4633,21,122,21,299382,306228,30095,77861,2.836600096335544,0.20271603716846875
2736,0.4634,5,81,5,299463,306147,30100,77856,2.8358497906554523,0.20274841602799978
2737,0.4635,25,235,25,299698,305912,30125,77831,2.833672977879877,0.20282063777059126
2738,0.4636,35,123,35,299821,305789,30160,77796,2.832533624810108,0.20281293585515597
2739,0.4637,21,145,21,299966,305644,30181,77775,2.8311904850124123,0.20284597268262658
2740,0.4638,34,192,34,300158,305452,30215,77741,2.829411982659602,0.20287687927493456
2741,0.4639,35,217,35,300375,305235,30250,77706,2.827401904479603,0.20291898752027074
2742,0.464,14,147,14,300522,305088,30264,77692,2.8260402386157324,0.20296776216103243
2743,0.4641,32,234,32,300756,304854,30296,77660,2.823872688873245,0.20302524874906538
2744,0.4642,51,332,51,301088,304522,30347,77609,2.8207973618881765,0.20309527361035876
2745,0.4643,6,77,6,301165,304445,30353,77603,2.820084108340435,0.20312369126392496
2746,0.4644,29,187,29,301352,304258,30382,77574,2.8183519211530625,0.20316264744704476
2747,0.4645,47,309,47,301661,303949,30429,77527,2.8154896439290082,0.20322903668907089
2748,0.4646,20,150,20,301811,303799,30449,77507,2.8141001889658748,0.2032671922288136
2749,0.4647,15,142,15,301953,303657,30464,77492,2.8127848382674423,0.20331156581809215
2750,0.4648,27,146,27,302099,303511,30491,77465,2.8114324354366595,0.20333301835286213
2751,0.4649,23,188,23,302287,303323,30514,77442,2.809690985216199,0.20338529013958742
2752,0.465,18,157,18,302444,303166,30532,77424,2.808236689021453,0.2034315142279093
2753,0.4651,28,169,28,302613,302997,30560,77396,2.8066712364296564,0.20346326036493836
2754,0.4652,15,137,15,302750,302860,30575,77381,2.8054022008966615,0.2035051454209304
2755,0.4653,30,153,30,302903,302707,30605,77351,2.803984956834266,0.20352419893805682
2756,0.4654,45,243,45,303146,302464,30650,77306,2.80173403979399,0.20356004950364695
2757,0.4655,13,112,13,303258,302352,30663,77293,2.800696580088184,0.20359283014395027
2758,0.4656,40,233,40,303491,302119,30703,77253,2.798538293378784,0.20363390023512543
2759,0.4657,27,149,27,303640,301970,30730,77226,2.7971581014487383,0.20365721157396174
2760,0.4658,28,228,28,303868,301742,30758,77198,2.795046129904776,0.2037209056842772
2761,0.4659,25,114,25,303982,301628,30783,77173,2.793990144132795,0.20372966280448046
2762,0.466,25,181,25,304163,301447,30808,77148,2.7923135351439474,0.2037744819662172
2763,0.4661,25,207,25,304370,301240,30833,77123,2.7903960872948237,0.2038333557985321
2764,0.4662,29,216,29,304586,301024,30862,77094,2.788395272147912,0.20388873314679545
2765,0.4663,27,190,27,304776,300834,30889,77067,2.786635295861277,0.20393436376193766
2766,0.4664,21,165,21,304941,300669,30910,77046,2.7851068954018303,0.20397919065962433
2767,0.4665,54,345,54,305286,300324,30964,76992,2.7819111489866244,0.2040517762300035
2768,0.4666,41,252,41,305538,300072,31005,76951,2.7795768646485604,0.20410160653328843
2769,0.4667,38,171,38,305709,299901,31043,76913,2.7779928859905887,0.20411396604160142
2770,0.4668,39,187,39,305896,299714,31082,76874,2.776260698803216,0.20413289855226402
2771,0.4669,40,258,40,306154,299456,31122,76834,2.773870836266627,0.2041882590555157
2772,0.467,43,288,43,306442,299168,31165,76791,2.7712030827374114,0.20425365531879805
2773,0.4671,36,121,36,306563,299047,31201,76755,2.7700822557338176,0.20424319189360354
2774,0.4672,18,139,18,306702,298908,31219,76737,2.7687946941346473,0.2042806373038374
2775,0.4673,50,303,50,307005,298605,31269,76687,2.7659879951091186,0.20433955426707737
2776,0.4674,34,236,34,307241,298369,31303,76653,2.7638019193004557,0.20439600876748565
2777,0.4675,36,214,36,307455,298155,31339,76617,2.761819630219719,0.20443629726873938
2778,0.4676,17,140,17,307595,298015,31356,76600,2.7605228055874615,0.20447659597186446
2779,0.4677,19,150,19,307745,297865,31375,76581,2.7591333506243285,0.20451814146766156
2780,0.4678,34,287,34,308032,297578,31409,76547,2.7564748601282005,0.2046027397260274
2781,0.4679,25,134,25,308166,297444,31434,76522,2.755233613694468,0.2046228801548804
2782,0.468,11,90,11,308256,297354,31445,76511,2.7543999407165884,0.20464873684351303
2783,0.4681,15,104,15,308360,297250,31460,76496,2.7534365852754825,0.2046737623947815
2784,0.4682,17,122,17,308482,297128,31477,76479,2.752306495238801,0.204704408643307
2785,0.4683,29,132,29,308614,296996,31506,76450,2.751083774871244,0.2047150056500806
2786,0.4684,13,130,13,308744,296866,31519,76437,2.749879580569862,0.2047586009220392
2787,0.4685,44,261,44,309005,296605,31563,76393,2.74746192893401,0.20480806867597146
2788,0.4686,22,93,22,309098,296512,31585,76371,2.7466004668568678,0.20481223332788032
2789,0.4687,24,118,24,309216,296394,31609,76347,2.745507428952536,0.20482587104718827
2790,0.4688,34,213,34,309429,296181,31643,76313,2.743534402904887,0.2048704140200916
2791,0.4689,24,206,24,309635,295975,31667,76289,2.741626218088851,0.20493252100659748
2792,0.469,36,134,36,309769,295841,31703,76253,2.7403849716551187,0.20492939956032616
2793,0.4691,8,46,8,309815,295795,31711,76245,2.739958872133091,0.20493764111385873
2794,0.4692,15,117,15,309932,295678,31726,76230,2.7388750972618476,0.2049700463555503
2795,0.4693,18,150,18,310082,295528,31744,76212,2.737485642298714,0.20501425727659117
2796,0.4694,32,184,32,310266,295344,31776,76180,2.7357812442106044,0.20504731861198738
2797,0.4695,43,331,43,310597,295013,31819,76137,2.732715180258624,0.20513808433248013
2798,0.4696,38,231,38,310828,294782,31857,76099,2.730575419615399,0.20518441225082978
2799,0.4697,52,254,52,311082,294528,31909,76047,2.72822260921116,0.2052135195304594
2800,0.4698,31,147,31,311229,294381,31940,76016,2.7268609433472895,0.205228444074871
2801,0.4699,25,145,25,311374,294236,31965,75991,2.7255178035495944,0.205255154270218
2802,0.47,13,148,13,311522,294088,31978,75978,2.7241468746526363,0.20530932320180725
2803,0.4701,20,78,20,311600,294010,31998,75958,2.723424358071807,0.20530964840202395
2804,0.4702,27,165,27,311765,293845,32025,75931,2.7218959576123605,0.20534323482324435
2805,0.4703,27,142,27,311907,293703,32052,75904,2.720580606913928,0.20536407589683095
2806,0.4704,29,183,29,312090,293520,32081,75875,2.7188854718589055,0.20540342993272784
2807,0.4705,32,177,32,312267,293343,32113,75843,2.717245915002408,0.20543303375534283
2808,0.4706,33,179,33,312446,293164,32146,75810,2.715587832079736,0.2054616314428659
2809,0.4707,25,121,25,312567,293043,32171,75785,2.714467005076142,0.205475180843103
2810,0.4708,32,187,32,312754,292856,32203,75753,2.7127348178887694,0.2055104460281762
2811,0.4709,29,194,29,312948,292662,32232,75724,2.710937789469784,0.20555612862595213
2812,0.471,30,220,30,313168,292442,32262,75694,2.708899922190522,0.20561422952387162
2813,0.4711,25,125,25,313293,292317,32287,75669,2.7077420430545778,0.20563010549314376
2814,0.4712,27,182,27,313475,292135,32314,75642,2.706056171032643,0.20567354674163962
2815,0.4713,27,187,27,313662,291948,32341,75615,2.70432398384527,0.20571983578325348
2816,0.4714,19,83,19,313745,291865,32360,75596,2.7035551520990033,0.2057252334261323
2817,0.4715,41,214,41,313959,291651,32401,75555,2.7015728630182667,0.20575644188820444
2818,0.4716,43,237,43,314196,291414,32444,75512,2.6993775241765166,0.20579626409684787
2819,0.4717,19,158,19,314354,291256,32463,75493,2.697913964948683,0.20584377871514306
2820,0.4718,27,144,27,314498,291112,32490,75466,2.696580088184075,0.20586614581344215
2821,0.4719,23,184,23,314682,290928,32513,75443,2.694875690095965,0.20591968250762205
2822,0.472,16,184,16,314866,290744,32529,75427,2.693171292007855,0.20598845894404527
2823,0.4721,34,182,34,315048,290562,32563,75393,2.6914854199859204,0.20601713325408863
2824,0.4722,33,146,33,315194,290416,32596,75360,2.690133017155137,0.2060277328200866
2825,0.4723,39,202,39,315396,290214,32635,75321,2.6882618844714514,0.20605687553859411
2826,0.4724,34,252,34,315648,289962,32669,75287,2.685927600133388,0.20612513655068188
2827,0.4725,35,219,35,315867,289743,32704,75252,2.6838989958872133,0.20617268729708627
2828,0.4726,42,237,42,316104,289506,32746,75210,2.681703657045463,0.2062152469318593
2829,0.4727,20,132,20,316236,289374,32766,75190,2.6804809366779057,0.2062463655215545
2830,0.4728,33,285,33,316521,289089,32799,75157,2.677840972247953,0.20633582798438418
2831,0.4729,39,244,39,316765,288845,32838,75118,2.6755807921745896,0.20638911098106127
2832,0.473,25,159,25,316924,288686,32863,75093,2.6741079699136687,0.20642477988009203
2833,0.4731,23,158,23,317082,288528,32886,75070,2.672644410685835,0.20646428198174907
2834,0.4732,34,221,34,317303,288307,32920,75036,2.6705972803734856,0.20651560646551606
2835,0.4733,31,160,31,317463,288147,32951,75005,2.6691151950794767,0.20653885976120193
2836,0.4734,40,213,40,317676,287934,32991,74965,2.6671421690318278,0.20657262764570858
2837,0.4735,24,131,24,317807,287803,33015,74941,2.665928711697358,0.20659473347594998
2838,0.4736,31,149,31,317956,287654,33046,74910,2.6645485197673127,0.2066117981928708
2839,0.4737,22,127,22,318083,287527,33068,74888,2.663372114565193,0.20663603879530373
2840,0.4738,36,229,36,318312,287298,33104,74852,2.661250879988143,0.20668783653182382
2841,0.4739,30,181,30,318493,287117,33134,74822,2.659574270999296,0.20672544268509335
2842,0.474,13,75,13,318568,287042,33147,74809,2.6588795435177293,0.2067397906873271
2843,0.4741,21,133,21,318701,286909,33168,74788,2.6576475601170846,0.20676975479475915
2844,0.4742,27,152,27,318853,286757,33195,74761,2.6562395790877766,0.20679744853644907
2845,0.4743,29,177,29,319030,286580,33224,74732,2.6546000222312793,0.20683508989460633
2846,0.4744,35,217,35,319247,286363,33259,74697,2.65258994405128,0.20688251260178364
2847,0.4745,23,150,23,319397,286213,33282,74674,2.651200489088147,0.20691795492771975
2848,0.4746,30,169,30,319566,286044,33312,74644,2.6496350364963503,0.2069489420219137
2849,0.4747,10,74,10,319640,285970,33322,74634,2.6489495720478713,0.2069694179765061
2850,0.4748,35,188,35,319828,285782,33357,74599,2.6472081218274113,0.20700036905386243
2851,0.4749,20,156,20,319984,285626,33377,74579,2.6457630886657526,0.20704598770144778
2852,0.475,32,158,32,320142,285468,33409,74547,2.644299529437919,0.20706637223449023
2853,0.4751,39,221,39,320363,285247,33448,74508,2.6422523991255695,0.20710761490458784
2854,0.4752,30,202,30,320565,285045,33478,74478,2.6403812664418838,0.20715781744144324
2855,0.4753,31,264,31,320829,284781,33509,74447,2.6379358257067693,0.2072416404066498
2856,0.4754,18,116,18,320945,284665,33527,74429,2.636861313868613,0.20726884882509872
2857,0.4755,22,129,22,321074,284536,33549,74407,2.6356663826003186,0.2072947515343662
2858,0.4756,26,115,26,321189,284421,33575,74381,2.63460113379525,0.20730374970039186
2859,0.4757,17,93,17,321282,284328,33592,74364,2.633739671718107,0.2073199290756415
2860,0.4758,38,209,38,321491,284119,33630,74326,2.6318036978028085,0.20735677719036394
2861,0.4759,28,118,28,321609,284001,33658,74298,2.6307106598984773,0.2073631240946807
2862,0.476,24,255,24,321864,283746,33682,74274,2.6283485864611507,0.20745768392827216
2863,0.4761,30,177,30,322041,283569,33712,74244,2.626709029604654,0.20749385852386582
2864,0.4762,25,189,25,322230,283380,33737,74219,2.624958316351106,0.2075481195417213
2865,0.4763,37,192,37,322422,283188,33774,74182,2.623179813998296,0.20757758065870108
2866,0.4764,20,86,20,322508,283102,33794,74162,2.622383193152766,0.2075831877827041
2867,0.4765,24,174,24,322682,282928,33818,74138,2.6207714253955317,0.20763108220889134
2868,0.4766,42,192,42,322874,282736,33860,74096,2.618992923042721,0.20764953815801274
2869,0.4767,36,249,36,323123,282487,33896,74060,2.61668642780392,0.20771455095681635
2870,0.4768,10,116,10,323239,282371,33906,74050,2.615611915965764,0.20775992435911464
2871,0.4769,29,159,29,323398,282212,33935,74021,2.6141390937048428,0.20778816111926746
2872,0.477,31,196,31,323594,282016,33966,73990,2.612323539219682,0.20783357583860945
2873,0.4771,38,201,38,323795,281815,34004,73952,2.6104616695690837,0.20786638445949174
2874,0.4772,33,175,33,323970,281640,34037,73919,2.6088406387787617,0.20789517351550657
2875,0.4773,16,114,16,324084,281526,34053,73903,2.6077846530067808,0.2079261962304708
2876,0.4774,29,161,29,324245,281365,34082,73874,2.606293304679684,0.20795577062203194
2877,0.4775,24,111,24,324356,281254,34106,73850,2.6052651080069658,0.20796724339911687
2878,0.4776,23,163,23,324519,281091,34129,73827,2.6037552336136947,0.20801142799181782
2879,0.4777,40,219,40,324738,280872,34169,73787,2.60172662936752,0.20805054996489586
2880,0.4778,30,171,30,324909,280701,34199,73757,2.6001426507095484,0.20808389146245818
2881,0.4779,22,203,22,325112,280498,34221,73735,2.598262254992775,0.20815395516510318
2882,0.478,35,158,35,325270,280340,34256,73700,2.5967986957649414,0.2081685685233307
2883,0.4781,25,170,25,325440,280170,34281,73675,2.595223980140057,0.20821263547598526
2884,0.4782,56,365,56,325805,279805,34337,73619,2.5918429730630996,0.2083022092444203
2885,0.4783,17,169,17,325974,279636,34354,73602,2.5902775204713033,0.20836376607273283
2886,0.4784,37,161,37,326135,279475,34391,73565,2.5887861721442067,0.2083758214366644
2887,0.4785,10,103,10,326238,279372,34401,73555,2.587832079736189,0.2084142046372196
2888,0.4786,24,190,24,326428,279182,34425,73531,2.5860721034495535,0.20847261087626484
2889,0.4787,29,157,29,326585,279025,34454,73502,2.5846178072548076,0.20850034181778984
2890,0.4788,21,128,21,326713,278897,34475,73481,2.5834321390196004,0.20852890929626708
2891,0.4789,12,85,12,326798,278812,34487,73469,2.5826447812071587,0.20855226367587237
2892,0.479,13,135,13,326933,278677,34500,73456,2.5813942717403386,0.20860299943487262
2893,0.4791,37,203,37,327136,278474,34537,73419,2.579513876023565,0.20864012640205973
2894,0.4792,21,119,21,327255,278355,34558,73398,2.5784115750861463,0.20866346555679696
2895,0.4793,19,118,19,327373,278237,34577,73379,2.577318537181815,0.20869073079723335
2896,0.4794,31,176,31,327549,278061,34608,73348,2.5756882433584054,0.20872544527886308
2897,0.4795,32,135,32,327684,277926,34640,73316,2.5744377338915854,0.20873357969718884
2898,0.4796,21,138,21,327822,277788,34661,73295,2.573159435325503,0.2087682969554208
2899,0.4797,20,102,20,327924,277686,34681,73275,2.5722146059505726,0.2087838819697915
2900,0.4798,28,194,28,328118,277492,34709,73247,2.570417577531587,0.20883620013742413
2901,0.4799,30,162,30,328280,277330,34739,73217,2.568916966171403,0.20886500241051842
2902,0.48,33,147,33,328427,277183,34772,73184,2.5675553003075327,0.2088781192292653
2903,0.4801,25,152,25,328579,277031,34797,73159,2.5661473192782243,0.2089123047488506
2904,0.4802,13,120,13,328699,276911,34810,73146,2.565035755307718,0.20895454168892494
2905,0.4803,24,210,24,328909,276701,34834,73122,2.5630905183593318,0.2090257072862562
2906,0.4804,18,117,18,329026,276584,34852,73104,2.5620067434880878,0.20905492896524902
2907,0.4805,25,132,25,329158,276452,34877,73079,2.5607840231205308,0.20907730644778288
2908,0.4806,28,155,28,329313,276297,34905,73051,2.55934825299196,0.20910667872722902
2909,0.4807,31,175,31,329488,276122,34936,73020,2.557727222201638,0.20914126630425442
2910,0.4808,21,151,21,329639,275971,34957,72999,2.556328504205417,0.20918417055907385
2911,0.4809,29,127,29,329766,275844,34986,72970,2.5551520990032976,0.2091945850797273
2912,0.481,39,273,39,330039,275571,35025,72931,2.5526232909703954,0.20926996114799915
2913,0.4811,27,167,27,330206,275404,35052,72904,2.5510763644447736,0.20930900237720637
2914,0.4812,27,183,27,330389,275221,35079,72877,2.5493812293897515,0.20935770961051198
2915,0.4813,36,191,36,330580,275030,35115,72841,2.5476119900700285,0.20939083740811967
2916,0.4814,23,160,23,330740,274870,35138,72818,2.54612990477602,0.20943489565357448
2917,0.4815,15,101,15,330841,274769,35153,72803,2.545194338434177,0.20946163672562806
2918,0.4816,36,163,36,331004,274606,35189,72767,2.5436844640409055,0.20947799627489758
2919,0.4817,27,127,27,331131,274479,35216,72740,2.542508058838786,0.2094931440963772
2920,0.4818,26,188,26,331319,274291,35242,72714,2.540766608618326,0.20954741286148615
2921,0.4819,28,167,28,331486,274124,35270,72686,2.5392196820927047,0.20958449871687668
2922,0.482,34,188,34,331674,273936,35304,72652,2.537478231872244,0.2096206446847554
2923,0.4821,31,187,31,331861,273749,35335,72621,2.5357460446848714,0.20966307705632706
2924,0.4822,39,258,39,332119,273491,35374,72582,2.5333561821482826,0.20973031701404038
2925,0.4823,32,183,32,332302,273308,35406,72550,2.53166104709326,0.2097681707521584
2926,0.4824,22,115,22,332417,273193,35428,72528,2.5305957982881915,0.20978766114872976
2927,0.4825,23,164,23,332581,273029,35451,72505,2.5290766608618327,0.2098346327713047
2928,0.4826,37,255,37,332836,272774,35488,72468,2.5267145874245065,0.2099049362476176
2929,0.4827,43,246,43,333082,272528,35531,72425,2.524435881284968,0.20995613895226306
2930,0.4828,30,164,30,333246,272364,35561,72395,2.522916743858609,0.20998726646730034
2931,0.4829,22,124,22,333370,272240,35583,72373,2.5217681277557524,0.2100123907107393
2932,0.483,40,224,40,333594,272016,35623,72333,2.5196932083441403,0.21005723844123259
2933,0.4831,37,163,37,333757,271853,35660,72296,2.518183333950869,0.2100718002958021
2934,0.4832,32,148,32,333905,271705,35692,72264,2.5168124050539107,0.21008869985376588
2935,0.4833,40,210,40,334115,271495,35732,72224,2.5148671681055244,0.21012513128456675
2936,0.4834,43,215,43,334330,271280,35775,72181,2.5128756159917005,0.2101577762831879
2937,0.4835,39,236,39,334566,271044,35814,72142,2.5106895401830376,0.21021253780748633
2938,0.4836,25,162,25,334728,270882,35839,72117,2.5091889288228537,0.2102542573010417
2939,0.4837,29,231,29,334959,270651,35868,72088,2.5070491681796288,0.2103291425837153
2940,0.4838,47,200,47,335159,270451,35915,72041,2.505196561562118,0.21034359926655222
2941,0.4839,11,93,11,335252,270358,35926,72030,2.5043350994849756,0.21037536362255688
2942,0.484,29,134,29,335386,270224,35955,72001,2.503093853051243,0.21039082474979912
2943,0.4841,18,140,18,335526,270084,35973,71983,2.5017970284189857,0.21043538254201663
2944,0.4842,48,242,48,335768,269842,36021,71935,2.4995553744117975,0.21047349587596592
2945,0.4843,30,189,30,335957,269653,36051,71905,2.49780466115825,0.2105206143612505
2946,0.4844,26,154,26,336111,269499,36077,71879,2.4963781540627665,0.21055545465730072
2947,0.4845,32,136,32,336247,269363,36109,71847,2.495118381562859,0.21056534099235075
2948,0.4846,36,143,36,336390,269220,36145,71811,2.4937937678313387,0.2105703000606983
2949,0.4847,19,121,19,336511,269099,36164,71792,2.492672940827745,0.21060104256199197
2950,0.4848,33,177,33,336688,268922,36197,71759,2.4910333839712475,0.21063399485148865
2951,0.4849,10,141,10,336829,268781,36207,71749,2.4897272963059023,0.21069802954218425
2952,0.485,13,93,13,336922,268688,36220,71736,2.48886583422876,0.2107254482645172
2953,0.4851,40,266,40,337188,268422,36260,71696,2.4864018674274706,0.2107974291275381
2954,0.4852,25,151,25,337339,268271,36285,71671,2.48500314943125,0.21083302445711327
2955,0.4853,49,257,49,337596,268014,36334,71622,2.4826225499277483,0.21087870543758613
2956,0.4854,41,234,41,337830,267780,36375,71581,2.4804550001852608,0.2109287749623557
2957,0.4855,19,102,19,337932,267678,36394,71562,2.47951017081033,0.21094800141492748
2958,0.4856,20,160,20,338092,267518,36414,71542,2.4780280855163213,0.21100100277237066
2959,0.4857,20,117,20,338209,267401,36434,71522,2.4769443106450777,0.21102728348326907
2960,0.4858,23,143,23,338352,267258,36457,71499,2.4756196969135575,0.21106279722633037
2961,0.4859,27,172,27,338524,267086,36484,71472,2.474026455222498,0.21110710720172024
2962,0.486,35,234,35,338758,266852,36519,71437,2.47185890548001,0.21117151311452634
2963,0.4861,22,180,22,338938,266672,36541,71415,2.4701915595242507,0.21123261172420116
2964,0.4862,24,178,24,339116,266494,36565,71391,2.468542739634666,0.2112878642141557
2965,0.4863,27,137,27,339253,266357,36592,71364,2.4672737041016712,0.21131051963010888
2966,0.4864,32,123,32,339376,266234,36624,71332,2.466134351031902,0.2113127506917166
2967,0.4865,24,133,24,339509,266101,36648,71308,2.4649023676312574,0.2113399464744568
2968,0.4866,27,182,27,339691,265919,36675,71281,2.463216495609322,0.2113908659549229
2969,0.4867,44,249,44,339940,265670,36719,71237,2.4609100003705215,0.21144410772112185
2970,0.4868,36,210,36,340150,265460,36755,71201,2.4589647634221348,0.21149167857280765
2971,0.4869,23,149,23,340299,265311,36778,71178,2.4575845714920894,0.21153143193388194
2972,0.487,27,187,27,340486,265124,36805,71151,2.4558523843047166,0.21158575570589547
2973,0.4871,30,238,30,340724,264886,36835,71121,2.453647782429879,0.21166523316478525
2974,0.4872,44,239,44,340963,264647,36879,71077,2.4514339175219533,0.21171259725250505
2975,0.4873,31,223,31,341186,264424,36910,71046,2.449368261143429,0.2117804870778311
2976,0.4874,32,131,32,341317,264293,36942,71014,2.448154803808959,0.21178800323285824
2977,0.4875,51,334,51,341651,263959,36993,70963,2.445060950757716,0.21187918380996174
2978,0.4876,16,89,16,341740,263870,37009,70947,2.444236540812924,0.2118978427021328
2979,0.4877,16,99,16,341839,263771,37025,70931,2.443319500537256,0.21192284479925427
2980,0.4878,25,129,25,341968,263642,37050,70906,2.4421245692689615,0.21194566997859798
2981,0.4879,40,202,40,342170,263440,37090,70866,2.4402534365852753,0.2119794439824592
2982,0.488,25,185,25,342355,263255,37115,70841,2.438539775464078,0.21203785738230926
2983,0.4881,33,190,33,342545,263065,37148,70808,2.4367797991774425,0.2120806414415062
2984,0.4882,23,151,23,342696,262914,37171,70785,2.4353810811812218,0.21212230183488712
2985,0.4883,20,158,20,342854,262756,37191,70765,2.4339175219533886,0.21217554516807038
2986,0.4884,26,164,26,343018,262592,37217,70739,2.4323983845270294,0.2122184855293987
2987,0.4885,16,111,16,343129,262481,37233,70723,2.431370187854311,0.21225135352516777
2988,0.4886,34,208,34,343337,262273,37267,70689,2.4294434769720996,0.21230350610580187
2989,0.4887,22,148,22,343485,262125,37289,70667,2.428072548075142,0.2123458496598476
2990,0.4888,33,228,33,343713,261897,37322,70634,2.4259605765311796,0.21241327876198007
2991,0.4889,23,166,23,343879,261731,37345,70611,2.4244229130386454,0.21246487052494117
2992,0.489,48,268,48,344147,261463,37393,70563,2.4219404201711807,0.21252251329715144
2993,0.4891,37,213,37,344360,261250,37430,70526,2.419967394123532,0.2125711323302469
2994,0.4892,31,177,31,344537,261073,37461,70495,2.418327837267035,0.21261098779134296
2995,0.4893,42,192,42,344729,260881,37503,70453,2.416549334914224,0.21263438101734203
2996,0.4894,20,102,20,344831,260779,37523,70433,2.4156045055392936,0.21265231936040965
2997,0.4895,28,214,28,345045,260565,37551,70405,2.413622216458557,0.212723207541469
2998,0.4896,17,101,17,345146,260464,37568,70388,2.412686650116714,0.21274769383289205
2999,0.4897,23,97,23,345243,260367,37591,70365,2.4117881359072215,0.212755342694387
3000,0.4898,31,152,31,345395,260215,37622,70334,2.410380154877913,0.2127793458761031
3001,0.4899,14,114,14,345509,260101,37636,70320,2.409324169105932,0.21281940312510403
3002,0.49,22,177,22,345686,259924,37658,70298,2.407684612249435,0.21288103154847346
3003,0.4901,10,87,10,345773,259837,37668,70288,2.4068787283708177,0.21291329042029533
3004,0.4902,28,173,28,345946,259664,37696,70260,2.4052762236466707,0.21295813581309636
3005,0.4903,31,116,31,346062,259548,37727,70229,2.4042017118085144,0.21295906021341696
3006,0.4904,21,135,21,346197,259413,37748,70208,2.402951202341695,0.21299613798878106
3007,0.4905,34,134,34,346331,259279,37782,70174,2.4017099559079624,0.21300155105584104
3008,0.4906,28,186,28,346517,259093,37810,70146,2.3999870317536773,0.21305495399998178
3009,0.4907,25,218,25,346735,258875,37835,70121,2.3979676905405904,0.21313632992498388
3010,0.4908,19,140,19,346875,258735,37854,70102,2.396670865908333,0.21318160669267752
3011,0.4909,24,115,24,346990,258620,37878,70078,2.3956056171032643,0.21319874170210953
3012,0.491,16,98,16,347088,258522,37894,70062,2.394697839860684,0.21322401577678768
3013,0.4911,22,138,22,347226,258384,37916,70040,2.3934195412946013,0.21326090663288919
3014,0.4912,50,174,50,347400,258210,37966,69990,2.391807773537367,0.21325411334552102
3015,0.4913,38,162,38,347562,258048,38004,69952,2.390307162177183,0.21326829268292682
3016,0.4914,41,209,41,347771,257839,38045,69911,2.3883711882618845,0.21330587337909993
3017,0.4915,33,183,33,347954,257656,38078,69878,2.386676053206862,0.21334579005538357
3018,0.4916,23,162,23,348116,257494,38101,69855,2.385175441846678,0.21339610018665095
3019,0.4917,19,83,19,348199,257411,38120,69836,2.3844066101004113,0.21340455374686398
3020,0.4918,36,205,36,348404,257206,38156,69800,2.3825076883174625,0.2134517409466493
3021,0.4919,33,214,33,348618,256992,38189,69767,2.380525399236726,0.21351209913116395
3022,0.492,39,254,39,348872,256738,38228,69728,2.3781725888324874,0.21358426298603836
3023,0.4921,20,115,20,348987,256623,38248,69708,2.3771073400274187,0.2136113332781746
3024,0.4922,18,145,18,349132,256478,38266,69690,2.3757642002297232,0.2136628976478379
3025,0.4923,34,200,34,349332,256278,38300,69656,2.3739115936122124,0.21371197849871446
3026,0.4924,23,155,23,349487,256123,38323,69633,2.3724758234836414,0.21375815027198272
3027,0.4925,31,209,31,349696,255914,38354,69602,2.3705398495683427,0.21382051880706324
3028,0.4926,21,116,21,349812,255798,38375,69581,2.3694653377301864,0.21384600727152028
3029,0.4927,15,129,15,349941,255669,38390,69566,2.368270406461892,0.21389456854274602
3030,0.4928,41,234,41,350175,255435,38431,69525,2.366102856719404,0.21394940915805022
3031,0.4929,44,254,44,350429,255181,38475,69481,2.3637500463151655,0.21401026298119274
3032,0.493,44,201,44,350630,254980,38519,69437,2.361888176664567,0.21403625580656993
3033,0.4931,30,193,30,350823,254787,38549,69407,2.360100411278669,0.21409094554495148
3034,0.4932,38,209,38,351032,254578,38587,69369,2.3581644373633703,0.21413688041562354
3035,0.4933,21,148,21,351180,254430,38608,69348,2.3567935084664122,0.2141837925986324
3036,0.4934,42,205,42,351385,254225,38650,69306,2.354894586683464,0.21421749384139388
3037,0.4935,47,338,47,351723,253887,38697,69259,2.3517636814998704,0.21432727002655147
3038,0.4936,28,168,28,351891,253719,38725,69231,2.3502074919411613,0.21437064561077565
3039,0.4937,17,146,17,352037,253573,38742,69214,2.348855089110378,0.21442623153968407
3040,0.4938,37,219,37,352256,253354,38779,69177,2.346826484864204,0.21448170873497432
3041,0.4939,38,158,38,352414,253196,38817,69139,2.3453629256363704,0.21449423736175097
3042,0.494,24,248,24,352662,252948,38841,69115,2.343065693430657,0.21460087001611486
3043,0.4941,16,88,16,352750,252860,38857,69099,2.3422505465189523,0.21462049515621553
3044,0.4942,38,182,38,352932,252678,38895,69061,2.3405646744970174,0.21464914107397612
3045,0.4943,24,146,24,353078,252532,38919,69037,2.3392122716662342,0.21468798298343436
3046,0.4944,52,243,52,353321,252289,38971,68985,2.336961354625959,0.21472325802897216
3047,0.4945,24,140,24,353461,252149,38995,68961,2.3356645299937013,0.2147581825542649
3048,0.4946,38,193,38,353654,251956,39033,68923,2.3338767646078034,0.21479436173760202
3049,0.4947,26,147,26,353801,251809,39059,68897,2.332515098743933,0.2148291581697879
3050,0.4948,51,332,51,354133,251477,39110,68846,2.3294397717588646,0.2149268082529197
3051,0.4949,17,132,17,354265,251345,39127,68829,2.3282170513913076,0.21497373303266348
3052,0.495,34,184,34,354449,251161,39161,68795,2.3265126533031975,0.2150139394166698
3053,0.4951,33,229,33,354678,250932,39194,68762,2.324391418726148,0.21508692687382308
3054,0.4952,37,138,37,354816,250794,39231,68725,2.323113120160065,0.21508893054873107
3055,0.4953,31,176,31,354992,250618,39262,68694,2.3214828263366556,0.21513128225685224
3056,0.4954,36,204,36,355196,250414,39298,68658,2.3195931675867945,0.21518027279109417
3057,0.4955,32,239,32,355435,250175,39330,68626,2.3173793026788694,0.2152628128519045
3058,0.4956,17,115,17,355550,250060,39347,68609,2.3163140538738003,0.21529863275059702
3059,0.4957,40,201,40,355751,249859,39387,68569,2.314452184223202,0.21533596291783386
3060,0.4958,33,199,33,355950,249660,39420,68536,2.3126088406387786,0.21538925693597658
3061,0.4959,34,161,34,356111,249499,39454,68502,2.3111174923116824,0.2154144169357958
3062,0.496,51,243,51,356354,249256,39505,68451,2.308866575271407,0.2154532320660231
3063,0.4961,26,144,26,356498,249112,39531,68425,2.307532698506799,0.2154866991878112
3064,0.4962,20,151,20,356649,248961,39551,68405,2.3061339805105785,0.2155397868706793
3065,0.4963,43,235,43,356884,248726,39594,68362,2.3039571677350033,0.21559314764355636
3066,0.4964,22,116,22,357000,248610,39616,68340,2.302882655896847,0.2156176053005206
3067,0.4965,31,162,31,357162,248448,39647,68309,2.301382044536663,0.21565111426108974
3068,0.4966,52,180,52,357342,248268,39699,68257,2.299714698580903,0.21564489376826476
3069,0.4967,25,177,25,357519,248091,39724,68232,2.2980751417244063,0.2157035688204778
3070,0.4968,30,115,30,357634,247976,39754,68202,2.2970098929193377,0.21570760773994396
3071,0.4969,24,121,24,357755,247855,39778,68178,2.2958890659157434,0.21573063572475026
3072,0.497,20,83,20,357838,247772,39798,68158,2.2951202341694765,0.21573766340645079
3073,0.4971,26,145,26,357983,247627,39824,68132,2.293777094371781,0.21577215534632424
3074,0.4972,19,109,19,358092,247518,39843,68113,2.2927674237652376,0.21579946203002873
3075,0.4973,24,164,24,358256,247354,39867,68089,2.291248286338879,0.21585199227752716
3076,0.4974,31,243,31,358499,247111,39898,68058,2.288997369298603,0.21594128864196668
3077,0.4975,28,162,28,358661,246949,39926,68030,2.2874967579384196,0.21598265281177476
3078,0.4976,19,151,19,358812,246798,39945,68011,2.286098039942199,0.2160389315426179
3079,0.4977,54,268,54,359080,246530,39999,67957,2.283615547074734,0.2160884233688515
3080,0.4978,20,151,20,359231,246379,40019,67937,2.2822168290785134,0.21614235355502107
3081,0.4979,26,173,26,359404,246206,40045,67911,2.2806143243543664,0.21619651276435214
3082,0.498,21,144,21,359548,246062,40066,67890,2.279280447589759,0.21624324737539496
3083,0.4981,25,134,25,359682,245928,40091,67865,2.2780392011560266,0.21627314822191698
3084,0.4982,21,182,21,359864,245746,40112,67844,2.276353329134092,0.21634618450843457
3085,0.4983,43,237,43,360101,245509,40155,67801,2.2741579902923412,0.21640228527656316
3086,0.4984,34,191,34,360292,245318,40189,67767,2.2723887509726186,0.21644920708433812
3087,0.4985,19,162,19,360454,245156,40208,67748,2.2708881396124347,0.21651369110014573
3088,0.4986,23,171,23,360625,244985,40231,67725,2.269304160954463,0.21657446196156183
3089,0.4987,28,158,28,360783,244827,40259,67697,2.2678406017266295,0.21661376406291996
3090,0.4988,27,187,27,360970,244640,40286,67670,2.2661084145392567,0.21667573884922034
3091,0.4989,22,110,22,361080,244530,40308,67648,2.2650894808996256,0.21669688446975763
3092,0.499,20,113,20,361193,244417,40328,67628,2.2640427581607323,0.21672515182105145
3093,0.4991,24,118,24,361311,244299,40352,67604,2.2629497202564006,0.21674687322661212
3094,0.4992,41,227,41,361538,244072,40393,67563,2.260847011745526,0.2168017071253229
3095,0.4993,24,149,24,361687,243923,40417,67539,2.2594668198154806,0.21684507259312533
3096,0.4994,40,255,40,361942,243668,40457,67499,2.257104746378154,0.21692210292222505
3097,0.4995,57,313,57,362255,243355,40514,67442,2.25420541702175,0.21699694655997323
3098,0.4996,42,270,42,362525,243085,40556,67400,2.25170439808811,0.21707973009968276
3099,0.4997,34,94,34,362619,242991,40590,67366,2.2508336729778797,0.21705970865809374
3100,0.4998,33,154,33,362773,242837,40623,67333,2.2494071658823964,0.21708417964342136
3101,0.4999,24,120,24,362893,242717,40647,67309,2.24829560191189,0.21710759742731256
3102,0.5,26,157,26,363050,242560,40673,67283,2.246841305717144,0.21715191242016119
3103,0.5001,38,237,38,363287,242323,40711,67245,2.2446459668753937,0.21722206429605126
3104,0.5002,33,240,33,363527,242083,40744,67212,2.2424228389343805,0.217307101634362
3105,0.5003,43,181,43,363708,241902,40787,67169,2.2407462299455334,0.21732546890520302
3106,0.5004,26,110,26,363818,241792,40813,67143,2.2397272963059023,0.2173369802709308
3107,0.5005,47,247,47,364065,241545,40860,67096,2.2374393271332766,0.2173917269578572
3108,0.5006,22,127,22,364192,241418,40882,67074,2.236262921931157,0.21742541135588606
3109,0.5007,26,151,26,364343,241267,40908,67048,2.2348642039349365,0.2174659033780387
3110,0.5008,13,108,13,364451,241159,40921,67035,2.2338637963614807,0.21750910141015076
3111,0.5009,20,142,20,364593,241017,40941,67015,2.2325484456630478,0.21755856534386037
3112,0.501,26,194,26,364787,240823,40967,66989,2.2307514172440626,0.2176295920886775
3113,0.5011,15,101,15,364888,240722,40982,66974,2.2298158509022192,0.21766288804534345
3114,0.5012,19,148,19,365036,240574,41001,66955,2.2284449220052616,0.21771930452087446
3115,0.5013,10,69,10,365105,240505,41011,66945,2.22780577272222,0.21774272239388517
3116,0.5014,30,165,30,365270,240340,41041,66915,2.2262773722627736,0.21778327447885307
3117,0.5015,24,116,24,365386,240224,41065,66891,2.2252028604246172,0.21780440551584912
3118,0.5016,27,178,27,365564,240046,41092,66864,2.2235540405350327,0.21786191391613177
3119,0.5017,30,160,30,365724,239886,41122,66834,2.222071955241024,0.21789906103286386
3120,0.5018,27,186,27,365910,239700,41149,66807,2.220349031086739,0.2179623956385988
3121,0.5019,43,215,43,366125,239485,41192,66764,2.218357478972915,0.21800560981423614
3122,0.502,18,181,18,366306,239304,41210,66746,2.2166808699840677,0.21808854762293742
3123,0.5021,21,167,21,366473,239137,41231,66725,2.215133943458446,0.21815393870438302
3124,0.5022,37,149,37,366622,238988,41268,66688,2.2137537515284005,0.218165639435219
3125,0.5023,38,198,38,366820,238790,41306,66650,2.2119196709770645,0.21820979570455737
3126,0.5024,22,208,22,367028,238582,41328,66628,2.2099929600948536,0.21830215261623145
3127,0.5025,28,145,28,367173,238437,41356,66600,2.208649820297158,0.21833416929749505
3128,0.5026,22,120,22,367293,238317,41378,66578,2.2075382563266515,0.2183636989783368
3129,0.5027,46,189,46,367482,238128,41424,66532,2.2057875430731038,0.2183811461957592
3130,0.5028,40,161,40,367643,237967,41464,66492,2.2042961947460076,0.21839393810003974
3131,0.5029,29,164,29,367807,237803,41493,66463,2.202777057319649,0.21843715696134303
3132,0.503,28,177,28,367984,237626,41521,66435,2.2011375004631515,0.21849234199716505
3133,0.5031,26,130,26,368114,237496,41547,66409,2.1999333061617694,0.21851894506506966
3134,0.5032,46,209,46,368323,237287,41593,66363,2.1979973322464708,0.21855096328009221
3135,0.5033,42,237,42,368560,237050,41635,66321,2.1958019934047206,0.218613512827528
3136,0.5034,21,132,21,368692,236918,41656,66300,2.194579273037163,0.21865456536221464
3137,0.5035,36,226,36,368918,236692,41692,66264,2.192485827559376,0.2187248313286418
3138,0.5036,30,164,30,369082,236528,41722,66234,2.1909666901330174,0.21876589532371962
3139,0.5037,33,183,33,369265,236345,41755,66201,2.189271555077995,0.2188130069477038
3140,0.5038,32,130,32,369395,236215,41787,66169,2.188067360776613,0.21882440869887296
3141,0.5039,42,232,42,369627,235983,41829,66127,2.1859183371003,0.21888385025321902
3142,0.504,30,135,30,369762,235848,41859,66097,2.18466782763348,0.2189041050522446
3143,0.5041,19,196,19,369958,235652,41878,66078,2.1828522731483195,0.2189971166274484
3144,0.5042,30,178,30,370136,235474,41908,66048,2.181203453258735,0.2190486929643608
3145,0.5043,34,193,34,370329,235281,41942,66014,2.179415687872837,0.21910088119616986
3146,0.5044,26,149,26,370478,235132,41968,65988,2.1780354959427917,0.21914187035069074
3147,0.5045,39,210,39,370688,234922,42007,65949,2.1760902589944053,0.21919360789175427
3148,0.5046,26,178,26,370866,234744,42033,65923,2.1744414391048204,0.2192558544835316
3149,0.5047,40,228,40,371094,234516,42073,65883,2.172329467560858,0.21931830665215263
3150,0.5048,31,173,31,371267,234343,42104,65852,2.1707269628367114,0.21936408001465713
3151,0.5049,47,254,47,371521,234089,42151,65805,2.1683741524324724,0.21942753106097487
3152,0.505,45,190,45,371711,233899,42196,65760,2.166614176145837,0.21944944086444926
3153,0.5051,36,196,36,371907,233703,42232,65724,2.1647986216606765,0.2194992435551904
3154,0.5052,57,279,57,372186,233424,42289,65667,2.162214235429249,0.21955525241481688
3155,0.5053,13,107,13,372293,233317,42302,65654,2.1612230908888805,0.21959989430412982
3156,0.5054,17,136,17,372429,233181,42319,65637,2.1599633183889733,0.21965544244322632
3157,0.5055,27,168,27,372597,233013,42346,65610,2.158407128830264,0.21970846183984488
3158,0.5056,17,148,17,372745,232865,42363,65593,2.157036199933306,0.21977296638052926
3159,0.5057,26,128,26,372873,232737,42389,65567,2.1558505316980994,0.2197992651791461
3160,0.5058,30,176,30,373049,232561,42419,65537,2.1542202378746897,0.21985051895685312
3161,0.5059,20,118,20,373167,232443,42439,65517,2.1531271999703585,0.21988521949254933
3162,0.506,35,241,35,373408,232202,42474,65482,2.1508948089962576,0.2199715134169119
3163,0.5061,30,189,30,373597,232013,42504,65452,2.14914409574271,0.22003260887835543
3164,0.5062,48,230,48,373827,231783,42552,65404,2.1470135981325726,0.22007692126506206
3165,0.5063,22,130,22,373957,231653,42574,65382,2.1458094038311906,0.2201154746073695
3166,0.5064,36,206,36,374163,231447,42610,65346,2.1439012190151545,0.2201736563867746
3167,0.5065,19,122,19,374285,231325,42629,65327,2.1427711289784726,0.22021425778353088
3168,0.5066,26,134,26,374419,231191,42655,65301,2.1415298825447406,0.22024540291137704
3169,0.5067,42,194,42,374613,230997,42697,65259,2.139732854125755,0.22027908295528192
3170,0.5068,19,120,19,374733,230877,42716,65240,2.1386212901552484,0.22031832012346472
3171,0.5069,37,229,37,374962,230648,42753,65203,2.1365000555781983,0.2203913456435841
3172,0.507,25,112,25,375074,230536,42778,65178,2.1354625958723923,0.22040890860764117
3173,0.5071,38,213,38,375287,230323,42816,65140,2.1334895698247434,0.2204675373904685
3174,0.5072,45,220,45,375507,230103,42861,65095,2.1314517025454816,0.2205130116057697
3175,0.5073,24,151,24,375658,229952,42885,65071,2.130052984549261,0.2205624646214024
3176,0.5074,16,130,16,375788,229822,42901,65055,2.1288487902478788,0.22061740997093704
3177,0.5075,25,152,25,375940,229670,42926,65030,2.1274408092185704,0.22066508313539193
3178,0.5076,37,231,37,376171,229439,42963,64993,2.1253010485753454,0.22074027279643518
3179,0.5077,30,137,30,376308,229302,42993,64963,2.1240320130423505,0.22076359743768373
3180,0.5078,13,77,13,376385,229225,43006,64950,2.123318759494609,0.22078694654542363
3181,0.5079,47,250,47,376635,228975,43053,64903,2.1210030012227206,0.2208501487011617
3182,0.508,29,123,29,376758,228852,43082,64874,2.1198636481529514,0.22086570477247502
3183,0.5081,39,156,39,376914,228696,43121,64835,2.1184186149912927,0.22087956638310774
3184,0.5082,51,251,51,377165,228445,43172,64784,2.1160935936863168,0.22093312735097825
3185,0.5083,29,171,29,377336,228274,43201,64755,2.1145096150283447,0.2209849537076535
3186,0.5084,36,165,36,377501,228109,43237,64719,2.1129812145688986,0.22101370087559932
3187,0.5085,15,88,15,377589,228021,43252,64704,2.112166067657194,0.22104022546758903
3188,0.5086,23,147,23,377736,227874,43275,64681,2.1108044017933234,0.22109005144331836
3189,0.5087,36,211,36,377947,227663,43311,64645,2.1088499018118494,0.2211537145750373
3190,0.5088,41,232,41,378179,227431,43352,64604,2.1067008781355367,0.22122005923947471
3191,0.5089,56,249,56,378428,227182,43408,64548,2.1043943828967357,0.22125938367668735
3192,0.509,30,163,30,378591,227019,43438,64518,2.102884508503464,0.22130295640004527
3193,0.5091,33,134,33,378725,226885,43471,64485,2.1016432620697323,0.2213165391083502
3194,0.5092,32,162,32,378887,226723,43503,64453,2.1001426507095484,0.2213540951177295
3195,0.5093,27,147,27,379034,226576,43530,64426,2.098780984845678,0.22139366739747493
3196,0.5094,30,174,30,379208,226402,43560,64396,2.0971692170884433,0.22144581462045818
3197,0.5095,24,127,24,379335,226275,43584,64372,2.0959928118863242,0.22147828809518075
3198,0.5096,15,107,15,379442,226168,43599,64357,2.0950016673459557,0.2215196626796317
3199,0.5097,52,296,52,379738,225872,43651,64305,2.09225980955204,0.2216061231593131
3200,0.5098,49,242,49,379980,225630,43700,64256,2.090018155544852,0.22165954892612957
3201,0.5099,30,164,30,380144,225466,43730,64226,2.0884990181184926,0.22170443091283157
3202,0.51,25,133,25,380277,225333,43755,64201,2.087267034717848,0.22173907036824692
3203,0.5101,37,227,37,380504,225106,43792,64164,2.0851643262069732,0.22181353061153938
3204,0.5102,42,265,42,380769,224841,43834,64122,2.0827096224387716,0.2219038423604406
3205,0.5103,41,239,41,381008,224602,43875,64081,2.080495757530846,0.22197704748807515
3206,0.5104,38,262,38,381270,224340,43913,64043,2.0780688428619065,0.22207619727931258
3207,0.5105,15,92,15,381362,224248,43928,64028,2.077216643817852,0.2221065922934965
3208,0.5106,32,155,32,381517,224093,43960,63996,2.075780873689281,0.22213968599981257
3209,0.5107,25,105,25,381622,223988,43985,63971,2.0748082552150877,0.22215315374758213
3210,0.5108,29,218,29,381840,223770,44014,63942,2.072788914002001,0.22224307640974308
3211,0.5109,40,230,40,382070,223540,44054,63902,2.0706584163918635,0.22231267525274664
3212,0.511,42,168,42,382238,223372,44096,63860,2.069102226833154,0.22232898841354723
3213,0.5111,38,199,38,382437,223173,44134,63822,2.067258883248731,0.22238018083938746
3214,0.5112,42,224,42,382661,222949,44176,63780,2.0651839638371188,0.22244000432464103
3215,0.5113,43,222,43,382883,222727,44219,63737,2.0631275704916816,0.22249567135835568
3216,0.5114,36,160,36,383043,222567,44255,63701,2.061645485197673,0.22252225187586458
3217,0.5115,31,236,31,383279,222331,44286,63670,2.05945940938901,0.22262159922517755
3218,0.5116,51,327,51,383606,222004,44337,63619,2.0564303975693803,0.2227376646838665
3219,0.5117,31,165,31,383771,221839,44368,63588,2.054901997109934,0.22278200730834855
3220,0.5118,27,131,27,383902,221708,44395,63561,2.053688539775464,0.22281075055473956
3221,0.5119,22,104,22,384006,221604,44417,63539,2.0527251843343586,0.22283205268935236
3222,0.512,29,153,29,384159,221451,44446,63510,2.0513079402719625,0.22287260361944267
3223,0.5121,54,217,54,384376,221234,44500,63456,2.0492978620919633,0.22289507885770488
3224,0.5122,26,162,26,384538,221072,44526,63430,2.0477972507317794,0.22295098101243577
3225,0.5123,44,246,44,384784,220826,44570,63386,2.0455185445922415,0.22302365839584534
3226,0.5124,16,87,16,384871,220739,44586,63370,2.044712660713624,0.2230481962908602
3227,0.5125,31,179,31,385050,220560,44617,63339,2.0430545777909517,0.22310399120814092
3228,0.5126,27,137,27,385187,220423,44644,63312,2.041785542257957,0.22313778701957812
3229,0.5127,30,145,30,385332,220278,44674,63282,2.0404424024602617,0.22316969953449006
3230,0.5128,48,207,48,385539,220071,44722,63234,2.038524954611138,0.22320114364377613
3231,0.5129,36,244,36,385783,219827,44758,63198,2.0362647745377744,0.2232947619468245
3232,0.513,58,308,58,386091,219519,44816,63140,2.033411760346808,0.22337870012983843
3233,0.5131,29,135,29,386226,219384,44845,63111,2.0321612508799882,0.22340572399511496
3234,0.5132,41,325,41,386551,219059,44886,63070,2.0291507651265333,0.2235502199348525
3235,0.5133,40,187,40,386738,218872,44926,63030,2.0274185779391605,0.2235883392100801
3236,0.5134,65,315,65,387053,218557,44991,62965,2.024500722516581,0.22365925220764274
3237,0.5135,23,84,23,387137,218473,45014,62942,2.0237226277372264,0.22366256240783186
3238,0.5136,34,141,34,387278,218332,45048,62908,2.022416540071881,0.22368084198549282
3239,0.5137,39,283,39,387561,218049,45087,62869,2.0197951017081035,0.22379840380466898
3240,0.5138,24,164,24,387725,217885,45111,62845,2.0182759642817443,0.22386278630712786
3241,0.5139,37,218,37,387943,217667,45148,62808,2.0162566230686574,0.22393439700508067
3242,0.514,18,160,18,388103,217507,45166,62790,2.014774537774649,0.2240123868610795
3243,0.5141,35,150,35,388253,217357,45201,62755,2.013385082811516,0.22403538584566174
3244,0.5142,22,93,22,388346,217264,45223,62733,2.012523620734373,0.22404882909459745
3245,0.5143,25,116,25,388462,217148,45248,62708,2.011449108896217,0.2240723800811846
3246,0.5144,89,408,89,388870,216740,45337,62619,2.007669791396495,0.22415243468082288
3247,0.5145,49,254,49,389124,216486,45386,62570,2.005316980992256,0.22422022819792442
3248,0.5146,45,276,45,389400,216210,45431,62525,2.002760383860091,0.2243170036055752
3249,0.5147,30,178,30,389578,216032,45461,62495,2.0011115639705066,0.22437681086573294
3250,0.5148,25,153,25,389731,215879,45486,62470,1.9996943199081108,0.22443048115854558
3251,0.5149,41,275,41,390006,215604,45527,62429,1.9971469858090334,0.22453809439886632
3252,0.515,36,202,36,390208,215402,45563,62393,1.9952758531253474,0.22460087474576576
3253,0.5151,27,168,27,390376,215234,45590,62366,1.9937196635666383,0.2246613832853026
3254,0.5152,32,169,32,390545,215065,45622,62334,1.9921542109748416,0.22470881293732134
3255,0.5153,24,115,24,390660,214950,45646,62310,1.991088962169773,0.2247349058645315
3256,0.5154,39,189,39,390849,214761,45685,62271,1.9893382489162252,0.22477908689248896
3257,0.5155,45,221,45,391070,214540,45730,62226,1.9872911186038758,0.22483253000729858
3258,0.5156,39,189,39,391259,214351,45769,62187,1.9855404053503278,0.22487687044818433
3259,0.5157,42,240,42,391499,214111,45811,62145,1.9833172774093148,0.22495439013089308
3260,0.5158,19,112,19,391611,213999,45830,62126,1.9822798177035088,0.2249923042100498
3261,0.5159,37,238,37,391849,213761,45867,62089,1.980075215828671,0.22508247235816567
3262,0.516,30,131,30,391980,213630,45897,62059,1.9788617584942014,0.22510510031230843
3263,0.5161,45,204,45,392184,213426,45942,62014,1.9769720997443403,0.22514522218995062
3264,0.5162,27,148,27,392332,213278,45969,61987,1.9756011708473822,0.2251902711932138
3265,0.5163,35,159,35,392491,213119,46004,61952,1.9741283485864611,0.22522185181280469
3266,0.5164,23,212,23,392703,212907,46027,61929,1.9721645855718997,0.22533074269746323
3267,0.5165,42,169,42,392872,212738,46069,61887,1.970599132980103,0.22535093309057805
3268,0.5166,24,112,24,392984,212626,46093,61863,1.9695616732742969,0.22537515164542113
3269,0.5167,14,98,14,393082,212528,46107,61849,1.9686538960317166,0.2254161245293884
3270,0.5168,44,205,44,393287,212323,46151,61805,1.966754974248768,0.22546036887877197
3271,0.5169,31,188,31,393475,212135,46182,61774,1.9650135240283078,0.2255274561989566
3272,0.517,36,160,36,393635,211975,46218,61738,1.9635314387342993,0.2255574269398969
3273,0.5171,23,129,23,393764,211846,46241,61715,1.9623365074660046,0.22559867817415494
3274,0.5172,17,85,17,393849,211761,46258,61698,1.9615491496535626,0.22562065976983753
3275,0.5173,43,206,43,394055,211555,46301,61655,1.9596409648375264,0.2256688993814282
3276,0.5174,33,127,33,394182,211428,46334,61622,1.958464559635407,0.22568027833730087
3277,0.5175,24,152,24,394334,211276,46358,61598,1.9570565786060987,0.22573788635047679
3278,0.5176,39,191,39,394525,211085,46397,61559,1.9552873392863759,0.22578527310338756
3279,0.5177,18,124,18,394649,210961,46415,61541,1.9541387231835192,0.22583687459174612
3280,0.5178,24,143,24,394792,210818,46439,61517,1.952814109451999,0.22588723447224926
3281,0.5179,21,149,21,394941,210669,46460,61496,1.9514339175219535,0.22595116932743006
3282,0.518,30,149,30,395090,210520,46490,61466,1.9500537255919077,0.22598957299272757
3283,0.5181,37,234,37,395324,210286,46527,61429,1.9478861758494201,0.22607879579706677
3284,0.5182,11,86,11,395410,210200,46538,61418,1.9470895550038905,0.2261190348209618
3285,0.5183,33,167,33,395577,210033,46571,61385,1.9455426284782689,0.22616407165331703
3286,0.5184,25,192,25,395769,209841,46596,61360,1.9437641261254586,0.22625285304995188
3287,0.5185,30,219,30,395988,209622,46626,61330,1.9417355218792842,0.2263500546222209
3288,0.5186,44,171,44,396159,209451,46670,61286,1.9401515432213123,0.22636728633323114
3289,0.5187,27,144,27,396303,209307,46697,61259,1.9388176664567045,0.22641056156353717
3290,0.5188,31,221,31,396524,209086,46728,61228,1.936770536144355,0.22650695117529984
3291,0.5189,21,88,21,396612,208998,46749,61207,1.9359553892326504,0.22652060472604135
3292,0.519,28,154,28,396766,208844,46777,61179,1.934528882137167,0.22656958851653378
3293,0.5191,21,88,21,396854,208756,46798,61158,1.9337137352254623,0.22658328208244108
3294,0.5192,16,125,16,396979,208631,46814,61142,1.932555856089518,0.2266423993505651
3295,0.5193,32,139,32,397118,208492,46846,61110,1.9312682944903479,0.22666745795654336
3296,0.5194,40,135,40,397253,208357,46886,61070,1.930017785023528,0.2266662212770064
3297,0.5195,41,251,41,397504,208106,46927,61029,1.927692763718552,0.2267598045590503
3298,0.5196,41,164,41,397668,207942,46968,60988,1.9261736262921931,0.22678020302680996
3299,0.5197,35,229,35,397897,207713,47003,60953,1.9240523917151433,0.2268727713964551
3300,0.5198,53,241,53,398138,207472,47056,60900,1.9218200007410426,0.22692382215730403
3301,0.5199,25,142,25,398280,207330,47081,60875,1.92050465004261,0.22697190581831062
3302,0.52,33,175,33,398455,207155,47114,60842,1.918883619252288,0.22702492938353788
3303,0.5201,30,167,30,398622,206988,47144,60812,1.9173366927266664,0.22707991038088127
3304,0.5202,36,175,36,398797,206813,47180,60776,1.9157156619363445,0.22712443336609503
3305,0.5203,20,123,20,398920,206690,47200,60756,1.9145763088665753,0.2271710924822207
3306,0.5204,36,129,36,399049,206561,47236,60720,1.9133813775982809,0.22717664181142694
3307,0.5205,52,324,52,399373,206237,47288,60668,1.9103801548779131,0.22730184897248085
3308,0.5206,18,93,18,399466,206144,47306,60650,1.9095186928007706,0.22732895042617152
3309,0.5207,50,217,50,399683,205927,47356,60600,1.9075086146207714,0.22736908455803728
3310,0.5208,29,136,29,399819,205791,47385,60571,1.906248842120864,0.22740105570614427
3311,0.5209,26,139,26,399958,205652,47411,60545,1.904961280521694,0.2274443363373742
3312,0.521,26,108,26,400066,205544,47437,60519,1.9039608729482382,0.22746116521275037
3313,0.5211,22,117,22,400183,205427,47459,60497,1.9028770980769942,0.22749733006422887
3314,0.5212,44,246,44,400429,205181,47503,60453,1.900598391937456,0.22758005375817855
3315,0.5213,35,198,35,400627,204983,47538,60418,1.8987643113861203,0.22764797419753505
3316,0.5214,49,276,49,400903,204707,47587,60369,1.8962077142539553,0.2277422324163636
3317,0.5215,21,98,21,401001,204609,47608,60348,1.895299937011375,0.22776526002332453
3318,0.5216,43,292,43,401293,204317,47651,60305,1.8925951313498093,0.2278911050479552
3319,0.5217,32,175,32,401468,204142,47683,60273,1.8909741005594871,0.2279484900629692
3320,0.5218,52,239,52,401707,203903,47735,60221,1.8887602356515618,0.22800275628114067
3321,0.5219,19,107,19,401814,203796,47754,60202,1.8877690911111935,0.22803960636065423
3322,0.522,35,195,35,402009,203601,47789,60167,1.8859627996591204,0.2281057596069273
3323,0.5221,17,94,17,402103,203507,47806,60150,1.8850920745488904,0.22813731476880947
3324,0.5222,41,203,41,402306,203304,47847,60109,1.8832116788321167,0.22819298971576954
3325,0.5223,38,243,38,402549,203061,47885,60071,1.8809607617918411,0.22829226395877356
3326,0.5224,39,187,39,402736,202874,47924,60032,1.8792285746044686,0.22834016720805156
3327,0.5225,42,204,42,402940,202670,47966,59990,1.8773389158546074,0.22839412167821518
3328,0.5226,52,232,52,403172,202438,48018,59938,1.8751898921782948,0.2284431502881361
3329,0.5227,24,109,24,403281,202329,48042,59914,1.8741802215717513,0.2284674900759982
3330,0.5228,43,229,43,403510,202100,48085,59871,1.8720589869947015,0.22854056365017503
3331,0.5229,64,273,64,403783,201827,48149,59807,1.8695301789617993,0.22859032082986155
3332,0.523,21,77,21,403860,201750,48170,59786,1.8688169254140576,0.22859568090052612
3333,0.5231,37,156,37,404016,201594,48207,59749,1.8673718922523992,0.22862292083583644
3334,0.5232,43,192,43,404208,201402,48250,59706,1.8655933898995887,0.22866400110299187
3335,0.5233,21,163,21,404371,201239,48271,59685,1.8640835155063173,0.22874476859162055
3336,0.5234,28,155,28,404526,201084,48299,59657,1.8626477453777466,0.22879792591115322
3337,0.5235,20,165,20,404691,200919,48319,59637,1.8611193449183001,0.22888361810896699
3338,0.5236,32,113,32,404804,200806,48351,59605,1.8600726221794064,0.22888818060681002
3339,0.5237,21,92,21,404896,200714,48372,59584,1.8592204231353515,0.22890686828173862
3340,0.5238,32,131,32,405027,200583,48404,59552,1.8580069658008818,0.2289272877544352
3341,0.5239,32,194,32,405221,200389,48436,59520,1.8562099373818963,0.22900322805289544
3342,0.524,36,150,36,405371,200239,48472,59484,1.8548204824187633,0.22902861895172935
3343,0.5241,22,176,22,405547,200063,48494,59462,1.8531901885953537,0.2291185820248531
3344,0.5242,32,184,32,405731,199879,48526,59430,1.8514857905072437,0.22918602902328883
3345,0.5243,44,211,44,405942,199668,48570,59386,1.8495312905257697,0.22924177970616166
3346,0.5244,68,171,68,406113,199497,48638,59318,1.847947311867798,0.22919073469466608
3347,0.5245,21,177,21,406290,199320,48659,59297,1.846307755011301,0.2292850044660637
3348,0.5246,48,207,48,406497,199113,48707,59249,1.8443903071621772,0.22932552000681214
3349,0.5247,28,157,28,406654,198956,48735,59221,1.842936010967431,0.22938139338515826
3350,0.5248,31,116,31,406770,198840,48766,59190,1.841861499129275,0.2293919311707941
3351,0.5249,43,184,43,406954,198656,48809,59147,1.8401571010411648,0.22942712070844792
3352,0.525,40,188,40,407142,198468,48849,59107,1.8384156508207048,0.22947491022032418
3353,0.5251,25,130,25,407272,198338,48874,59082,1.8372114565193227,0.22951596612539818
3354,0.5252,37,182,37,407454,198156,48911,59045,1.835525584497388,0.22956753667365212
3355,0.5253,29,170,29,407624,197986,48940,59016,1.8339508688725037,0.22963245422214612
3356,0.5254,32,145,32,407769,197841,48972,58984,1.8326077290748082,0.22966611505889223
3357,0.5255,38,183,38,407952,197658,49010,58946,1.830912594019786,0.22971582672132937
3358,0.5256,40,190,40,408142,197468,49050,58906,1.8291526177331505,0.22976588889669
3359,0.5257,36,205,36,408347,197263,49086,58870,1.827253695950202,0.22984152764384128
3360,0.5258,35,170,35,408517,197093,49121,58835,1.8256789803253177,0.22988887499609265
3361,0.5259,27,122,27,408639,196971,49148,58808,1.8245488902886362,0.22991723323650495
3362,0.526,48,262,48,408901,196709,49196,58760,1.822121975619697,0.23000833760651979
3363,0.5261,34,124,34,409025,196585,49230,58726,1.8209733595168403,0.23001750805879886
3364,0.5262,42,259,42,409284,196326,49272,58684,1.8185742339471636,0.2301243088506333
3365,0.5263,22,160,22,409444,196166,49294,58662,1.817092148653155,0.23020233255372252
3366,0.5264,19,101,19,409545,196065,49313,58643,1.816156582311312,0.2302361920316598
3367,0.5265,38,189,38,409734,195876,49351,58605,1.8144058690577642,0.23029224185695593
3368,0.5266,24,135,24,409869,195741,49375,58581,1.8131553595909444,0.23034185009554817
3369,0.5267,21,103,21,409972,195638,49396,58560,1.8122012671829264,0.23037160009126745
3370,0.5268,39,214,39,410186,195424,49435,58521,1.8102189781021898,0.23044753785268463
3371,0.5269,26,120,26,410306,195304,49461,58495,1.8091074141316832,0.23047766145650692
3372,0.527,45,173,45,410479,195131,49506,58450,1.8075049094075364,0.23049834175273384
3373,0.5271,26,96,26,410575,195035,49532,58424,1.8066156582311312,0.2305067091718976
3374,0.5272,30,162,30,410737,194873,49562,58394,1.8051150468709474,0.23056300268096513
3375,0.5273,15,92,15,410829,194781,49577,58379,1.8042628478268925,0.23060120082161478
3376,0.5274,13,61,13,410890,194720,49590,58366,1.8036978028085517,0.2306172605359443
3377,0.5275,45,197,45,411087,194523,49635,58321,1.8018729852903035,0.23066001170682318
3378,0.5276,34,128,34,411215,194395,49669,58287,1.8006873170550965,0.23067333644660087
3379,0.5277,29,143,29,411358,194252,49698,58258,1.7993627033235762,0.23071561522315948
3380,0.5278,26,115,26,411473,194137,49724,58232,1.7982974545185075,0.230741493606584
3381,0.5279,29,129,29,411602,194008,49753,58203,1.7971025232502131,0.23077106073882583
3382,0.528,28,146,28,411748,193862,49781,58175,1.7957501204194302,0.23081928447013733
3383,0.5281,26,107,26,411855,193755,49807,58149,1.7947589758790619,0.23083793826219512
3384,0.5282,58,294,58,412149,193461,49865,58091,1.792035644151321,0.23093038417504133
3385,0.5283,22,151,22,412300,193310,49887,58069,1.7906369261551003,0.23100179410372385
3386,0.5284,58,230,58,412530,193080,49945,58011,1.7885064285449628,0.2310357599436061
3387,0.5285,16,89,16,412619,192991,49961,57995,1.7876820186001705,0.23106866518451227
3388,0.5286,21,89,21,412708,192902,49982,57974,1.786857608655378,0.23108627369696583
3389,0.5287,27,107,27,412815,192795,50009,57947,1.7858664641150097,0.23110208899984844
3390,0.5288,26,161,26,412976,192634,50035,57921,1.7843751157879135,0.23117080082217478
3391,0.5289,30,138,30,413114,192496,50065,57891,1.783096817221831,0.2312060929680854
3392,0.529,42,182,42,413296,192314,50107,57849,1.7814109451998963,0.23124522811127146
3393,0.5291,49,252,49,413548,192062,50156,57800,1.7790766608618327,0.23132769288647334
3394,0.5292,39,203,39,413751,191859,50195,57761,1.777196265145059,0.23139572149667495
3395,0.5293,49,191,49,413942,191668,50244,57712,1.7754270258253362,0.231421926377416
3396,0.5294,34,164,34,414106,191504,50278,57678,1.7739078883989774,0.23146936777134786
3397,0.5295,15,107,15,414213,191397,50293,57663,1.772916743858609,0.2315225246928451
3398,0.5296,55,231,55,414444,191166,50348,57608,1.7707769832153841,0.2315676075474125
3399,0.5297,50,241,50,414685,190925,50398,57558,1.7685445922412835,0.2316375768161202
3400,0.5298,28,125,28,414810,190800,50426,57530,1.7673867131053391,0.2316675391615995
3401,0.5299,24,134,24,414944,190666,50450,57506,1.766145466671607,0.2317183243879245
3402,0.53,44,208,44,415152,190458,50494,57462,1.7642187557893956,0.23177637947725072
3403,0.5301,40,137,40,415289,190321,50534,57422,1.7629497202564008,0.2317805144847685
3404,0.5302,35,205,35,415494,190116,50569,57387,1.7610507984734523,0.23186385619568248
3405,0.5303,38,184,38,415678,189932,50607,57349,1.759346400385342,0.23191834390834717
3406,0.5304,23,71,23,415749,189861,50630,57326,1.7586887250361258,0.23191349059618832
3407,0.5305,21,103,21,415852,189758,50651,57305,1.7577346326281078,0.23194488855069353
3408,0.5306,25,132,25,415984,189626,50676,57280,1.7565119122605506,0.23199112212744932
3409,0.5307,33,243,33,416227,189383,50709,57247,1.754260995220275,0.23211693630134209
3410,0.5308,25,125,25,416352,189258,50734,57222,1.7531031160843307,0.23215676728334955
3411,0.5309,27,151,27,416503,189107,50761,57195,1.75170439808811,0.23221492314313322
3412,0.531,42,181,42,416684,188926,50803,57153,1.7500277890992626,0.23225468243937922
3413,0.5311,48,173,48,416857,188753,50851,57105,1.7484252843751158,0.23226821986675236
3414,0.5312,23,98,23,416955,188655,50874,57082,1.7475175071325355,0.23228899188970323
3415,0.5313,18,149,18,417104,188506,50892,57064,1.74613731520249,0.2323736612778434
3416,0.5314,37,129,37,417233,188377,50929,57027,1.7449423839341953,0.23238007530439603
3417,0.5315,31,137,31,417370,188240,50960,56996,1.7436733484012006,0.23241285944967296
3418,0.5316,59,277,59,417647,187963,51019,56937,1.741107488235948,0.23249081257656187
3419,0.5317,31,184,31,417831,187779,51050,56906,1.7394030901478381,0.23256840427488404
3420,0.5318,50,209,50,418040,187570,51100,56856,1.7374671162325392,0.23261027877558033
3421,0.5319,20,99,20,418139,187471,51120,56836,1.7365500759568713,0.23264171718370738
3422,0.532,25,85,25,418224,187386,51145,56811,1.7357627181444293,0.23264413567734246
3423,0.5321,27,110,27,418334,187276,51172,56784,1.7347437845047982,0.23266409899205112
3424,0.5322,41,251,41,418585,187025,51213,56743,1.7324187631998222,0.2327746053624758
3425,0.5323,37,206,37,418791,186819,51250,56706,1.730510578383786,0.23285494302433016
3426,0.5324,36,159,36,418950,186660,51286,56670,1.729037756122865,0.23289360128220934
3427,0.5325,41,225,41,419175,186435,51327,56629,1.7269535736781652,0.23297979133067834
3428,0.5326,27,153,27,419328,186282,51354,56602,1.7255363296157693,0.2330412871988274
3429,0.5327,30,98,30,419426,186184,51384,56572,1.724628552373189,0.2330405839608496
3430,0.5328,38,189,38,419615,185995,51422,56534,1.7228778391196413,0.23310202078926645
3431,0.5329,35,182,35,419797,185813,51457,56499,1.7211919670977065,0.23316633101125822
3432,0.533,41,132,41,419929,185681,51498,56458,1.7199692467301493,0.23316359611628032
3433,0.5331,36,172,36,420101,185509,51534,56422,1.71837600503909,0.2332152555894036
3434,0.5332,24,96,24,420197,185413,51558,56398,1.7174867538626848,0.23323173883735646
3435,0.5333,17,71,17,420268,185342,51575,56381,1.7168290785134686,0.23324631913388466
3436,0.5334,23,123,23,420391,185219,51598,56358,1.7156897254436994,0.23329207664636947
3437,0.5335,15,118,15,420509,185101,51613,56343,1.714596687539368,0.23335845993273802
3438,0.5336,35,203,35,420712,184898,51648,56308,1.7127162918225944,0.2334436125137849
3439,0.5337,21,80,21,420792,184818,51669,56287,1.71197524917559,0.2334543041413492
3440,0.5338,33,138,33,420930,184680,51702,56254,1.7106969506095075,0.23348302854723701
3441,0.5339,42,143,42,421073,184537,51744,56212,1.7093723368779874,0.23348798956589642
3442,0.534,41,120,41,421193,184417,51785,56171,1.7082607729074808,0.23347382246828605
3443,0.5341,21,150,21,421343,184267,51806,56150,1.7068713179443478,0.2335525358023767
3444,0.5342,33,220,33,421563,184047,51839,56117,1.7048334506650857,0.2336611648706717
3445,0.5343,21,89,21,421652,183958,51860,56096,1.7040090407202935,0.23368075516342157
3446,0.5344,11,93,11,421745,183865,51871,56085,1.703147578643151,0.23373619504063348
3447,0.5345,30,100,30,421845,183765,51901,56055,1.7022212753343955,0.23373780335251437
3448,0.5346,35,191,35,422036,183574,51936,56020,1.7004520360146727,0.2338121989699241
3449,0.5347,52,202,52,422238,183372,51988,55968,1.6985809033309867,0.23384306843820507
3450,0.5348,54,191,54,422429,183181,52042,55914,1.6968116640112638,0.23385683514920846
3451,0.5349,20,93,20,422522,183088,52062,55894,1.6959502019341213,0.2338837234603443
3452,0.535,21,124,21,422646,182964,52083,55873,1.6948015858312646,0.2339377902083848
3453,0.5351,26,133,26,422779,182831,52109,55847,1.69356960243062,0.23398469905060373
3454,0.5352,28,158,28,422937,182673,52137,55819,1.6921060432027863,0.23404977944752864
3455,0.5353,30,94,30,423031,182579,52167,55789,1.6912353180925561,0.23404567727211706
3456,0.5354,74,351,74,423382,182228,52241,55715,1.6879839934788248,0.234152717247408
3457,0.5355,23,99,23,423481,182129,52264,55692,1.6870669532031568,0.23417612405969196
3458,0.5356,45,244,45,423725,181885,52309,55647,1.6848067731297935,0.2342715928801172
3459,0.5357,28,97,28,423822,181788,52337,55619,1.683908258920301,0.23427700109937785
3460,0.5358,49,217,49,424039,181571,52386,55570,1.6818981807403015,0.23433316044041308
3461,0.5359,43,255,43,424294,181316,52429,55527,1.6795361073029753,0.23444644764675335
3462,0.536,33,156,33,424450,181160,52462,55494,1.6780910741413169,0.23449424053681747
3463,0.5361,24,108,24,424558,181052,52486,55470,1.6770906665678609,0.23452363839304588
3464,0.5362,25,166,25,424724,180886,52511,55445,1.675553003075327,0.23460739386707627
3465,0.5363,40,195,40,424919,180691,52551,55405,1.6737467116232538,0.23467148956356737
3466,0.5364,32,232,32,425151,180459,52583,55373,1.6715976879469414,0.23479850062756538
3467,0.5365,23,126,23,425277,180333,52606,55350,1.6704305457779096,0.23484935273227173
3468,0.5366,27,179,27,425456,180154,52633,55323,1.6687724628552374,0.2349401427740289
3469,0.5367,25,98,25,425554,180056,52658,55298,1.667864685612657,0.23495670351895442
3470,0.5368,36,241,36,425795,179815,52694,55262,1.6656322946385564,0.2350804204579776
3471,0.5369,20,100,20,425895,179715,52714,55242,1.664705991329801,0.23511536153423818
3472,0.537,38,174,38,426069,179541,52752,55204,1.6630942235725665,0.23516581822829027
3473,0.5371,18,118,18,426187,179423,52770,55186,1.6620011856682353,0.23522541760972512
3474,0.5372,17,148,17,426335,179275,52787,55169,1.6606302567712772,0.23531845558001058
3475,0.5373,12,63,12,426398,179212,52799,55157,1.6600466856867613,0.23534255810282076
3476,0.5374,34,143,34,426541,179069,52833,55123,1.6587220719552411,0.23537524766003962
3477,0.5375,34,128,34,426669,178941,52867,55089,1.6575364037200342,0.23539289834636584
3478,0.5376,24,122,24,426791,178819,52891,55065,1.6564063136833524,0.23543722529116998
3479,0.5377,64,190,64,426981,178629,52955,55001,1.654646337396717,0.23541925266446945
3480,0.5378,40,185,40,427166,178444,52995,54961,1.6529326762755197,0.23547481844861937
3481,0.5379,20,101,20,427267,178343,53015,54941,1.6519971099336768,0.23551122237273023
3482,0.538,17,107,17,427374,178236,53032,54924,1.6510059653933085,0.23556356150283067
3483,0.5381,9,48,9,427422,178188,53041,54915,1.6505613398051058,0.23558255363508834
3484,0.5382,24,112,24,427534,178076,53065,54891,1.6495238800992997,0.23561706164392382
3485,0.5383,26,90,26,427624,177986,53091,54865,1.6486902071214198,0.23562278023285277
3486,0.5384,20,123,20,427747,177863,53111,54845,1.6475508540516506,0.23568162675971605
3487,0.5385,49,224,49,427971,177639,53160,54796,1.6454759346400385,0.2357476283692215
3488,0.5386,21,131,21,428102,177508,53181,54775,1.644262477305569,0.2358114885721297
3489,0.5387,27,119,27,428221,177389,53208,54748,1.64316017636815,0.23584348897418334
3490,0.5388,30,177,30,428398,177212,53238,54718,1.641520619511653,0.23592463243219938
3491,0.5389,29,101,29,428499,177111,53267,54689,1.6405850531698098,0.2359318377911993
3492,0.539,57,219,57,428718,176892,53324,54632,1.6385564489236355,0.23596689760024878
3493,0.5391,20,101,20,428819,176791,53344,54612,1.6376208825817926,0.2360038547469134
3494,0.5392,35,184,35,429003,176607,53379,54577,1.6359164844936827,0.2360760260225621
3495,0.5393,26,176,26,429179,176431,53405,54551,1.634286190670273,0.23616991800226858
3496,0.5394,33,231,33,429410,176200,53438,54518,1.632146430027048,0.23629712462833416
3497,0.5395,34,169,34,429579,176031,53472,54484,1.6305809774352513,0.2363577207556992
3498,0.5396,31,144,31,429723,175887,53503,54453,1.6292471006706435,0.2364027090388122
3499,0.5397,38,247,38,429970,175640,53541,54415,1.6269591314980176,0.23653039490556607
3500,0.5398,54,158,54,430128,175482,53595,54361,1.625495572270184,0.23651362016680952
3501,0.5399,12,73,12,430201,175409,53607,54349,1.6248193708547927,0.23654889057181905
3502,0.54,37,184,37,430385,175225,53644,54312,1.6231149727666827,0.23661544761846673
3503,0.5401,29,111,29,430496,175114,53673,54283,1.6220867760939641,0.2366334346133559
3504,0.5402,11,85,11,430581,175029,53684,54272,1.6212994182815221,0.23668453255764257
3505,0.5403,18,110,18,430691,174919,53702,54254,1.6202804846418912,0.23673818469016855
3506,0.5404,47,170,47,430861,174749,53749,54207,1.618705769017007,0.23675728087492792
3507,0.5405,36,166,36,431027,174583,53785,54171,1.6171681055244729,0.23680897383215158
3508,0.5406,15,134,15,431161,174449,53800,54156,1.6159268590907407,0.23689770564948273
3509,0.5407,56,249,56,431410,174200,53856,54100,1.6136203638519397,0.23696890056942618
3510,0.5408,21,81,21,431491,174119,53877,54079,1.6128700581718478,0.23698279564238073
3511,0.5409,29,111,29,431602,174008,53906,54050,1.6118418614991292,0.2370011137517649
3512,0.541,31,159,31,431761,173849,53937,54019,1.6103690392382082,0.2370626854143627
3513,0.5411,15,73,15,431834,173776,53952,54004,1.6096928378228168,0.23708841864957414
3514,0.5412,32,159,32,431993,173617,53984,53972,1.6082200155618955,0.23714678653186225
3515,0.5413,39,138,39,432131,173479,54023,53933,1.6069417169958131,0.2371598684326245
3516,0.5414,44,191,44,432322,173288,54067,53889,1.6051724776760903,0.23721151348948177
3517,0.5415,32,139,32,432461,173149,54099,53857,1.6038849160769202,0.23724923570302106
3518,0.5416,26,111,26,432572,173038,54125,53831,1.6028567194042016,0.23727790046238137
3519,0.5417,40,194,40,432766,172844,54165,53791,1.6010596909852162,0.2373463939815121
3520,0.5418,31,127,31,432893,172717,54196,53760,1.599883285783097,0.23737509769203938
3521,0.5419,23,130,23,433023,172587,54219,53737,1.5986790914817148,0.23743394425690603
3522,0.542,33,125,33,433148,172462,54252,53704,1.5975212123457705,0.23745390553840984
3523,0.5421,30,248,30,433396,172214,54282,53674,1.595223980140057,0.23761333050007083
3524,0.5422,30,154,30,433550,172060,54312,53644,1.5937974730445736,0.2376741218587176
3525,0.5423,46,208,46,433758,171852,54358,53598,1.5918707621623625,0.23773785761809713
3526,0.5424,60,237,60,433995,171615,54418,53538,1.589675423320612,0.2377849728851048
3527,0.5425,20,161,20,434156,171454,54438,53518,1.5881840749935159,0.23788738154081396
3528,0.5426,37,150,37,434306,171304,54475,53481,1.5867946200303829,0.2379206797606602
3529,0.5427,28,140,28,434446,171164,54503,53453,1.585497795398125,0.2379739734748483
3530,0.5428,24,131,24,434577,171033,54527,53429,1.5842843380636555,0.23803138170380733
3531,0.5429,17,87,17,434664,170946,54544,53412,1.5834784541850384,0.23806594817211776
3532,0.543,29,143,29,434807,170803,54573,53383,1.582153840453518,0.2381192402737013
3533,0.5431,19,90,19,434897,170713,54592,53364,1.5813201674756383,0.23815027869884012
3534,0.5432,46,222,46,435119,170491,54638,53318,1.5792637741302011,0.23822991926151316
3535,0.5433,35,148,35,435267,170343,54673,53283,1.5778928452332432,0.23826835877760189
3536,0.5434,46,163,46,435430,170180,54719,53237,1.576382970839972,0.23828535876858073
3537,0.5435,31,155,31,435585,170025,54750,53206,1.574947200711401,0.23834503272394963
3538,0.5436,19,79,19,435664,169946,54769,53187,1.5742154210974841,0.23836456283920351
3539,0.5437,31,114,31,435778,169832,54800,53156,1.573159435325503,0.23838054065689634
3540,0.5438,21,134,21,435912,169698,54821,53135,1.5719181888917708,0.23845211436367145
3541,0.5439,41,173,41,436085,169525,54862,53094,1.5703156841676238,0.23849716331490126
3542,0.544,36,146,36,436231,169379,54898,53058,1.568963281336841,0.23853046031011027
3543,0.5441,33,165,33,436396,169214,54931,53025,1.5674348808773946,0.23859448611629822
3544,0.5442,39,128,39,436524,169086,54970,52986,1.5662492126421876,0.23859829244569328
3545,0.5443,30,116,30,436640,168970,55000,52956,1.5651747008040313,0.23862008056739634
3546,0.5444,30,143,30,436783,168827,55030,52926,1.563850087072511,0.2386709537187772
3547,0.5445,34,177,34,436960,168650,55064,52892,1.5622105302160139,0.23874479782614583
3548,0.5446,19,75,19,437035,168575,55083,52873,1.5615158027344473,0.23876034102814206
3549,0.5447,23,90,23,437125,168485,55106,52850,1.5606821297565674,0.23877832245239117
3550,0.5448,50,232,50,437357,168253,55156,52800,1.558533106080255,0.23885674476256824
3551,0.5449,12,75,12,437432,168178,55168,52788,1.5578383785986885,0.23889648181168144
3552,0.545,41,186,41,437618,167992,55209,52747,1.5561154544444034,0.23895641458917546
3553,0.5451,23,109,23,437727,167883,55232,52724,1.55510578383786,0.2389951361470851
3554,0.5452,9,43,9,437770,167840,55241,52715,1.554707473415095,0.23901067760875971
3555,0.5453,33,166,33,437936,167674,55274,52682,1.553169809922561,0.23907676668663436
3556,0.5454,15,88,15,438024,167586,55289,52667,1.5523546630108562,0.23912046600954356
3557,0.5455,25,80,25,438104,167506,55314,52642,1.551613620363852,0.2391209549939132
3558,0.5456,30,139,30,438243,167367,55344,52612,1.5503260587646819,0.23916828424531433
3559,0.5457,28,128,28,438371,167239,55372,52584,1.549140390529475,0.23921063764938155
3560,0.5458,31,178,31,438549,167061,55403,52553,1.5474915706398904,0.23929713041973644
3561,0.5459,31,118,31,438667,166943,55434,52522,1.546398532735559,0.23931834233249039
3562,0.546,21,79,21,438746,166864,55455,52501,1.5456667531216421,0.23933170742825885
3563,0.5461,35,228,35,438974,166636,55490,52466,1.5435547815776798,0.23945924729121595
3564,0.5462,40,145,40,439119,166491,55530,52426,1.5422116417799845,0.23947888925939967
3565,0.5463,57,206,57,439325,166285,55587,52369,1.5403034569639482,0.2395062518865422
3566,0.5464,27,176,27,439501,166109,55614,52342,1.5386731631405388,0.23960522039267387
3567,0.5465,11,56,11,439557,166053,55625,52331,1.5381544332876358,0.23962836105209173
3568,0.5466,17,80,17,439637,165973,55642,52314,1.5374133906406313,0.23965696537127726
3569,0.5467,54,247,54,439884,165726,55696,52260,1.5351254214680055,0.23974016679970273
3570,0.5468,28,108,28,439992,165618,55724,52232,1.5341250138945497,0.23976130364929998
3571,0.5469,40,200,40,440192,165418,55764,52192,1.5322724072770388,0.23984191902945637
3572,0.547,25,133,25,440325,165285,55789,52167,1.5310404238763942,0.2399012195794934
3573,0.5471,28,97,28,440422,165188,55817,52139,1.5301419096669013,0.2399103654861108
3574,0.5472,28,113,28,440535,165075,55845,52111,1.5290951869280076,0.23993719668855268
3575,0.5473,23,91,23,440626,164984,55868,52088,1.5282522509170402,0.23995724920763617
3576,0.5474,12,43,12,440669,164941,55880,52076,1.5278539404942755,0.23996276789375948
3577,0.5475,15,67,15,440736,164874,55895,52061,1.5272333172774093,0.23998432710258832
3578,0.5476,16,123,16,440859,164751,55911,52045,1.52609396420764,0.24006439233196183
3579,0.5477,14,73,14,440932,164678,55925,52031,1.5254177627922487,0.24009616582606166
3580,0.5478,27,143,27,441075,164535,55952,52004,1.5240931490607283,0.24015997118302015
3581,0.5479,23,117,23,441192,164418,55975,51981,1.5230093741894846,0.24020905826736721
3582,0.548,27,182,27,441374,164236,56002,51954,1.5213235021675497,0.2403163883620889
3583,0.5481,22,172,22,441546,164064,56024,51932,1.5197302604764904,0.24043037834033965
3584,0.5482,11,76,11,441622,163988,56035,51921,1.5190262699618362,0.24047631177949969
3585,0.5483,15,74,15,441696,163914,56050,51906,1.5183408055133574,0.24050597720322492
3586,0.5484,19,125,19,441821,163789,56069,51887,1.517182926377413,0.24057846028301713
3587,0.5485,25,113,25,441934,163676,56094,51862,1.5161362036385193,0.24061650381835223
3588,0.5486,29,186,29,442120,163490,56123,51833,1.5144132794842342,0.24072207799445483
3589,0.5487,28,152,28,442272,163338,56151,51805,1.513005298454926,0.2407933328065519
3590,0.5488,22,118,22,442390,163220,56173,51783,1.5119122605505946,0.2408478021236913
3591,0.5489,44,101,44,442491,163119,56217,51739,1.5109766942087517,0.24080555529698686
3592,0.549,26,110,26,442601,163009,56243,51713,1.5099577605691208,0.24083698922327473
3593,0.5491,59,220,59,442821,162789,56302,51654,1.5079198932898588,0.24087519760495796
3594,0.5492,40,144,40,442965,162645,56342,51614,1.506586016525251,0.2408953649554978
3595,0.5493,21,115,21,443080,162530,56363,51593,1.5055207677201823,0.2409502949239456
3596,0.5494,48,237,48,443317,162293,56411,51545,1.503325428878432,0.24104696078339677
3597,0.5495,15,73,15,443390,162220,56426,51530,1.5026492274630405,0.24107602339181286
3598,0.5496,37,195,37,443585,162025,56463,51493,1.5008429360109674,0.24116467932445976
3599,0.5497,11,79,11,443664,161946,56474,51482,1.5001111563970506,0.24121483591656204
3600,0.5498,30,97,30,443761,161849,56504,51452,1.4992126421875578,0.2412178095742636
3601,0.5499,21,93,21,443854,161756,56525,51431,1.4983511801104155,0.24124829375149517
3602,0.55,18,121,18,443975,161635,56543,51413,1.4972303531068214,0.24132120461116743
3603,0.5501,19,102,19,444077,161533,56562,51394,1.4962855237318908,0.24136910772236495
3604,0.5502,20,132,20,444209,161401,56582,51374,1.4950628033643336,0.24144753847961462
3605,0.5503,41,178,41,444387,161223,56623,51333,1.493413983474749,0.24150341557048496
3606,0.5504,22,141,22,444528,161082,56645,51311,1.4921078958094038,0.24158517465264862
3607,0.5505,59,187,59,444715,160895,56704,51252,1.4903757086220313,0.24158720132738148
3608,0.5506,36,218,36,444933,160677,56740,51216,1.4883563674089444,0.241706899236879
3609,0.5507,15,66,15,444999,160611,56755,51201,1.487745007225166,0.24172851396521444
3610,0.5508,18,106,18,445105,160505,56773,51183,1.486763125717885,0.24178507992895204
3611,0.5509,19,135,19,445240,160370,56792,51164,1.4855126162510652,0.24187128310342546
3612,0.551,44,156,44,445396,160214,56836,51120,1.4840675830894068,0.24189198141330784
3613,0.5511,26,131,26,445527,160083,56862,51094,1.4828541257549372,0.24194869706454775
3614,0.5512,9,94,9,445621,159989,56871,51085,1.481983400644707,0.2420241242407876
3615,0.5513,39,117,39,445738,159872,56910,51046,1.4808996257734632,0.24201822509221593
3616,0.5514,20,90,20,445828,159782,56930,51026,1.4800659527955833,0.24204963758491138
3617,0.5515,44,209,44,446037,159573,56974,50982,1.4781299788802846,0.24213150958181948
3618,0.5516,29,157,29,446194,159416,57003,50953,1.4766756826855385,0.24220773973351586
3619,0.5517,39,141,39,446335,159275,57042,50914,1.4753695950201935,0.24222961239646223
3620,0.5518,21,109,21,446444,159166,57063,50893,1.47435992441365,0.2422795500311817
3621,0.5519,32,142,32,446586,159024,57095,50861,1.4730445737152174,0.2423279414917693
3622,0.552,18,68,18,446654,158956,57113,50843,1.4724146874652637,0.2423414792253538
3623,0.5521,34,167,34,446821,158789,57147,50809,1.470867760939642,0.24241166423343735
3624,0.5522,16,65,16,446886,158724,57163,50793,1.470265663788951,0.24242901530663383
3625,0.5523,22,99,22,446985,158625,57185,50771,1.469348623513283,0.24246403942768724
3626,0.5524,11,82,11,447067,158543,57196,50760,1.4685890548001037,0.24251921854918468
3627,0.5525,52,180,52,447247,158363,57248,50708,1.466921708844344,0.24253961572862806
3628,0.5526,15,102,15,447349,158261,57263,50693,1.4659768794694135,0.24260363524986361
3629,0.5527,26,145,26,447494,158116,57289,50667,1.4646337396717182,0.2426778042273557
3630,0.5528,12,47,12,447541,158069,57301,50655,1.4641983771166032,0.24268890975642476
3631,0.5529,21,123,21,447664,157946,57322,50634,1.463059024046834,0.24275577715984276
3632,0.553,30,123,30,447787,157823,57352,50604,1.4619196709770648,0.24279004159729786
3633,0.5531,47,207,47,447994,157616,57399,50557,1.460002223127941,0.24286050544499047
3634,0.5532,19,87,19,448081,157529,57418,50538,1.459196339249324,0.24289291430164323
3635,0.5533,15,99,15,448180,157430,57433,50523,1.458279298973656,0.24295393670685203
3636,0.5534,14,96,14,448276,157334,57447,50509,1.4573900477972508,0.24301516048170976
3637,0.5535,14,68,14,448344,157266,57461,50495,1.4567601615472971,0.24304368962413542
3638,0.5536,13,86,13,448430,157180,57474,50482,1.4559635407017675,0.24309695562982153
3639,0.5537,22,123,22,448553,157057,57496,50460,1.4548241876319983,0.24316080128375026
3640,0.5538,19,88,19,448641,156969,57515,50441,1.4540090407202935,0.2431946386384456
3641,0.5539,36,126,36,448767,156843,57551,50405,1.4528418985512617,0.2432110321933143
3642,0.554,30,132,30,448899,156711,57581,50375,1.4516191781837045,0.24325642486696347
3643,0.5541,25,139,25,449038,156572,57606,50350,1.4503316165845344,0.24332840393964875
3644,0.5542,18,69,18,449107,156503,57624,50332,1.4496924673014933,0.24334372809244084
3645,0.5543,40,117,40,449224,156386,57664,50292,1.4486086924302493,0.24333504291700134
3646,0.5544,25,118,25,449342,156268,57689,50267,1.447515654525918,0.24338247754617862
3647,0.5545,15,89,15,449431,156179,57704,50252,1.4466912445811257,0.24343243020670344
3648,0.5546,39,162,39,449593,156017,57743,50213,1.4451906332209419,0.243480579935024
3649,0.5547,14,63,14,449656,155954,57757,50199,1.444607062136426,0.2435036113954199
3650,0.5548,21,108,21,449764,155846,57778,50178,1.44360665456297,0.24355414903118083
3651,0.5549,23,114,23,449878,155732,57801,50155,1.442550668790989,0.24360450149839474
3652,0.555,29,130,29,450008,155602,57830,50126,1.441346474489607,0.24365181210141545
3653,0.5551,21,98,21,450106,155504,57851,50105,1.4404386972470267,0.24369069447349095
3654,0.5552,18,96,18,450202,155408,57869,50087,1.4395494460706213,0.2437382904693545
3655,0.5553,13,93,13,450295,155315,57882,50074,1.4386879839934787,0.24380078777344455
3656,0.5554,29,168,29,450463,155147,57911,50045,1.4371317944347697,0.24389352411400056
3657,0.5555,16,72,16,450535,155075,57927,50029,1.4364648560524658,0.24392015757859428
3658,0.5556,20,107,20,450642,154968,57947,50009,1.4354737115120975,0.24397371412402366
3659,0.5557,26,148,26,450790,154820,57973,49983,1.4341027826151396,0.24405404217711654
3660,0.5558,11,93,11,450883,154727,57984,49972,1.433241320537997,0.2441242995813365
3661,0.5559,19,75,19,450958,154652,58003,49953,1.4325465930564305,0.24414359375381833
3662,0.556,36,124,36,451082,154528,58039,49917,1.4313979769535736,0.2441585756560444
3663,0.5561,26,125,26,451207,154403,58065,49891,1.4302400978176295,0.24421177322877813
3664,0.5562,18,113,18,451320,154290,58083,49873,1.4291933750787358,0.24428030544222018
3665,0.5563,20,98,20,451418,154192,58103,49853,1.4282855978361555,0.24432355607831605
3666,0.5564,20,122,20,451540,154070,58123,49833,1.4271555077994738,0.24439561948573588
3667,0.5565,34,160,34,451700,153910,58157,49799,1.4256734225054652,0.2444614621838014
3668,0.5566,14,69,14,451769,153841,58171,49785,1.425034273222424,0.24449235362871147
3669,0.5567,14,116,14,451885,153725,58185,49771,1.4239597613842676,0.24457974603923419
3670,0.5568,15,97,15,451982,153628,58200,49756,1.423061247174775,0.24464067969948472
3671,0.5569,12,68,12,452050,153560,58212,49744,1.4224313609248211,0.24467792074922284
3672,0.557,19,90,19,452140,153470,58231,49725,1.4215976879469414,0.24471566721622087
3673,0.5571,21,58,21,452198,153412,58252,49704,1.4210604320278633,0.2447074578073613
3674,0.5572,34,170,34,452368,153242,58286,49670,1.419485716402979,0.24478591704778427
3675,0.5573,19,69,19,452437,153173,58305,49651,1.4188465671199377,0.24479844594328087
3676,0.5574,21,74,21,452511,153099,58326,49630,1.4181611026714587,0.24480957337134795
3677,0.5575,23,107,23,452618,152992,58349,49607,1.4171699581310904,0.2448531335297805
3678,0.5576,15,79,15,452697,152913,58364,49592,1.4164381785171736,0.24489271869830376
3679,0.5577,28,99,28,452796,152814,58392,49564,1.4155211382415058,0.2449080433643973
3680,0.5578,10,26,10,452822,152788,58402,49554,1.4152802993812295,0.2449021952931176
3681,0.5579,15,67,15,452889,152721,58417,49539,1.4146596761643633,0.24492732126965291
3682,0.558,18,79,18,452968,152642,58435,49521,1.4139278965504465,0.24495580299065606
3683,0.5581,25,127,25,453095,152515,58460,49496,1.412751491348327,0.24501636049522055
3684,0.5582,16,94,16,453189,152421,58476,49480,1.411880766238097,0.245070603909837
3685,0.5583,10,75,10,453264,152346,58486,49470,1.4111860387565305,0.24512427161374717
3686,0.5584,20,114,20,453378,152232,58506,49450,1.4101300529845493,0.2451879691792029
3687,0.5585,12,65,12,453443,152167,58518,49438,1.4095279558338583,0.24522209270603407
3688,0.5586,34,133,34,453576,152034,58552,49404,1.4082959724332136,0.24525660500997826
3689,0.5587,25,93,25,453669,151941,58577,49379,1.407434510356071,0.24527617723028014
3690,0.5588,16,75,16,453744,151866,58593,49363,1.4067397828745045,0.24530758489084575
3691,0.5589,14,59,14,453803,151807,58607,49349,1.4061932639223387,0.24532700988287698
3692,0.559,19,84,19,453887,151723,58626,49330,1.4054151691429841,0.2453581891342084
3693,0.5591,11,55,11,453942,151668,58637,49319,1.4049057023231688,0.24538402981287347
3694,0.5592,15,67,15,454009,151601,58652,49304,1.4042850791063026,0.24540952191334212
3695,0.5593,25,101,25,454110,151500,58677,49279,1.4033495127644595,0.2454390150364331
3696,0.5594,10,58,10,454168,151442,58687,49269,1.4028122568453814,0.24547234581064317
3697,0.5595,24,90,24,454258,151352,58711,49245,1.4019785838675016,0.24549220576578912
3698,0.5596,20,137,20,454395,151215,58731,49225,1.4007095483345067,0.24558471363001397
3699,0.5597,30,119,30,454514,151096,58761,49195,1.3996072473970878,0.24561762635365544
3700,0.5598,27,107,27,454621,150989,58788,49168,1.3986161028567194,0.24564716697392547
3701,0.5599,18,79,18,454700,150910,58806,49150,1.3978843232428027,0.24567629711086675
3702,0.56,15,83,15,454783,150827,58821,49135,1.3971154914965356,0.2457216871205529
3703,0.5601,16,69,16,454852,150758,58837,49119,1.3964763422134945,0.2457461338723315
3704,0.5602,15,86,15,454938,150672,58852,49104,1.3956797213679648,0.24579529072561268
3705,0.5603,19,94,19,455032,150578,58871,49085,1.3948089962577346,0.2458392391179137
3706,0.5604,24,111,24,455143,150467,58895,49061,1.3937807995850162,0.2458852892827072
3707,0.5605,24,94,24,455237,150373,58919,49037,1.392910074474786,0.24591043578556743
3708,0.5606,42,251,42,455488,150122,58961,48995,1.3905850531698098,0.24606136090841063
3709,0.5607,25,97,25,455585,150025,58986,48970,1.3896865389603172,0.24608658509007764
3710,0.5608,28,112,28,455697,149913,59014,48942,1.3886490792545112,0.24611903145508032
3711,0.5609,17,82,17,455779,149831,59031,48925,1.3878895105413316,0.2461560908853066
3712,0.561,26,65,26,455844,149766,59057,48899,1.3872874133906405,0.24613797095613218
3713,0.5611,23,77,23,455921,149689,59080,48876,1.386574159842899,0.2461460982549795
3714,0.5612,23,115,23,456036,149574,59103,48853,1.3855089110378302,0.24620137380497614
3715,0.5613,26,95,26,456131,149479,59129,48827,1.3846289228945126,0.24622048752937378
3716,0.5614,23,122,23,456253,149357,59152,48804,1.383498832857831,0.2462845867753998
3717,0.5615,21,90,21,456343,149267,59173,48783,1.382665159879951,0.24631658672052512
3718,0.5616,18,95,18,456438,149172,59191,48765,1.3817851717366334,0.24636626805498718
3719,0.5617,27,180,27,456618,148992,59218,48738,1.3801178257808737,0.24648763465331514
3720,0.5618,39,126,39,456744,148866,59257,48699,1.378950683611842,0.24649608989446511
3721,0.5619,27,115,27,456859,148751,59284,48672,1.377885434806773,0.24653662440546442
3722,0.562,13,69,13,456928,148682,59297,48659,1.377246285523732,0.24657319056860966
3723,0.5621,23,128,23,457056,148554,59320,48636,1.376060617288525,0.24664536741214058
3724,0.5622,22,99,22,457155,148455,59342,48614,1.375143577012857,0.2466851711836971
3725,0.5623,24,121,24,457276,148334,59366,48590,1.374022750009263,0.2467449371331072
3726,0.5624,18,70,18,457346,148264,59384,48572,1.3733743376931342,0.24676380336930237
3727,0.5625,31,135,31,457481,148129,59415,48541,1.3721238282263144,0.24681446077185132
3728,0.5626,13,64,13,457545,148065,59428,48528,1.371530994108711,0.24684500465428577
3729,0.5627,16,88,16,457633,147977,59444,48512,1.3707158471970062,0.24689422817562307
3730,0.5628,25,92,25,457725,147885,59469,48487,1.3698636481529511,0.24691402032876378
3731,0.5629,19,82,19,457807,147803,59488,48468,1.3691040794397717,0.24694427602651436
3732,0.563,34,116,34,457923,147687,59522,48434,1.3680295676016154,0.24695978503066984
3733,0.5631,17,77,17,458000,147610,59539,48417,1.3673163140538738,0.24699148586674285
3734,0.5632,20,114,20,458114,147496,59559,48397,1.3662603282818926,0.24705834307504607
3735,0.5633,23,84,23,458198,147412,59582,48374,1.365482233502538,0.247075888980826
3736,0.5634,19,87,19,458285,147325,59601,48355,1.364676349623921,0.24711263286999183
3737,0.5635,18,92,18,458377,147233,59619,48337,1.3638241505798658,0.2471595848033952
3738,0.5636,30,148,30,458525,147085,59649,48307,1.362453221682908,0.24723120700949885
3739,0.5637,22,66,22,458591,147019,59671,48285,1.3618418614991292,0.24722995944783516
3740,0.5638,12,52,12,458643,146967,59683,48273,1.3613601837785765,0.24724953902888752
3741,0.5639,45,154,45,458797,146813,59728,48228,1.3599336766830932,0.24727108659204988
3742,0.564,18,82,18,458879,146731,59746,48210,1.3591741079699136,0.2473055950261874
3743,0.5641,19,65,19,458944,146666,59765,48191,1.3585720108192227,0.24731469744479284
3744,0.5642,17,57,17,459001,146609,59782,48174,1.358044017933232,0.2473213781490171
3745,0.5643,12,82,12,459083,146527,59794,48162,1.3572844492200526,0.24737915341904268
3746,0.5644,32,115,32,459198,146412,59826,48130,1.3562192004149838,0.24740158937401693
3747,0.5645,19,51,19,459249,146361,59845,48111,1.3557467857275187,0.24739294088609157
3748,0.5646,28,111,28,459360,146250,59873,48083,1.3547185890548001,0.24742581033586677
3749,0.5647,10,58,10,459418,146192,59883,48073,1.354181333135722,0.2474609425269606
3750,0.5648,19,58,19,459476,146134,59902,48054,1.3536440772166438,0.24746122314458155
3751,0.5649,26,73,26,459549,146061,59928,48028,1.3529678758012524,0.24745348783290141
3752,0.565,31,149,31,459698,145912,59959,47997,1.3515876838712069,0.2475233227957444
3753,0.5651,20,76,20,459774,145836,59979,47977,1.3508836933565527,0.2475427344914944
3754,0.5652,29,73,29,459847,145763,60008,47948,1.3502074919411613,0.2475233724465828
3755,0.5653,29,67,29,459914,145696,60037,47919,1.3495868687242951,0.24749632001652763
3756,0.5654,24,101,24,460015,145595,60061,47895,1.348651302382452,0.24753217220528193
3757,0.5655,27,103,27,460118,145492,60088,47868,1.347697209974434,0.24755895738518824
3758,0.5656,52,151,52,460269,145341,60140,47816,1.3462984919782133,0.24754992053096703
3759,0.5657,23,100,23,460369,145241,60163,47793,1.3453721886694578,0.24758850772402788
3760,0.5658,18,56,18,460425,145185,60181,47775,1.3448534588165548,0.24759017412935325
3761,0.5659,13,68,13,460493,145117,60194,47762,1.3442235725666012,0.24762675044976384
3762,0.566,39,140,39,460633,144977,60233,47723,1.3429267479343436,0.24765438505448883
3763,0.5661,14,56,14,460689,144921,60247,47709,1.3424080180814406,0.24767170222706744
3764,0.5662,21,121,21,460810,144800,60268,47688,1.3412871910778466,0.24774531399359961
3765,0.5663,22,109,22,460919,144691,60290,47666,1.340277520471303,0.2477996641661078
3766,0.5664,29,111,29,461030,144580,60319,47637,1.3392493237985845,0.2478292762866968
3767,0.5665,24,86,24,461116,144494,60343,47613,1.3384527029530549,0.24784625234895136
3768,0.5666,14,48,14,461164,144446,60357,47599,1.3380080773648524,0.24785336770027858
3769,0.5667,21,90,21,461254,144356,60378,47578,1.3371744043869724,0.24788729459084893
3770,0.5668,19,101,19,461355,144255,60397,47559,1.3362388380451296,0.2479433200913385
3771,0.5669,27,148,27,461503,144107,60424,47532,1.3348679091481714,0.24802884590297383
3772,0.567,20,89,20,461592,144018,60444,47512,1.3340434992033792,0.24806557719417324
3773,0.5671,17,77,17,461669,143941,60461,47495,1.3333302456556375,0.24809858124908585
3774,0.5672,21,81,21,461750,143860,60482,47474,1.3325799399755456,0.2481210866861091
3775,0.5673,25,72,25,461822,143788,60507,47449,1.3319130015932417,0.24811621182093424
3776,0.5674,45,185,45,462007,143603,60552,47404,1.3301993404720442,0.24817938609579754
3777,0.5675,32,140,32,462147,143463,60584,47372,1.3289025158397865,0.24823538659051012
3778,0.5676,27,111,27,462258,143352,60611,47345,1.327874319167068,0.2482734390158209
3779,0.5677,30,126,30,462384,143226,60641,47315,1.3267071769980363,0.24831925937199867
3780,0.5678,15,74,15,462458,143152,60656,47300,1.3260217125495573,0.24835654128074267
3781,0.5679,29,76,29,462534,143076,60685,47271,1.325317722034903,0.24834118741036107
3782,0.568,10,94,10,462628,142982,60695,47261,1.324446996924673,0.248424383551563
3783,0.5681,33,153,33,462781,142829,60728,47228,1.3230297528622772,0.24849387289076436
3784,0.5682,19,67,19,462848,142762,60747,47209,1.322409129645411,0.24850635096935847
3785,0.5683,13,64,13,462912,142698,60760,47196,1.3218162955278077,0.24853865840942843
3786,0.5684,13,37,13,462949,142661,60773,47183,1.3214735633035681,0.24853563978845788
3787,0.5685,46,173,46,463122,142488,60819,47137,1.3198710585794213,0.24858009228740935
3788,0.5686,20,112,20,463234,142376,60839,47117,1.3188335988736153,0.24864770730317215
3789,0.5687,17,77,17,463311,142299,60856,47100,1.3181203453258734,0.24868135523418813
3790,0.5688,23,102,23,463413,142197,60879,47077,1.317175515950943,0.2487240719803037
3791,0.5689,13,86,13,463499,142111,60892,47064,1.3163788951054134,0.24878551605656138
3792,0.569,28,82,28,463581,142029,60920,47036,1.3156193263922338,0.24878216486393567
3793,0.5691,20,89,20,463670,141940,60940,47016,1.3147949164474415,0.2488198310717839
3794,0.5692,15,78,15,463748,141862,60955,47001,1.3140723998666124,0.24886293239014523
3795,0.5693,21,84,21,463832,141778,60976,46980,1.3132943050872579,0.24889011326672247
3796,0.5694,11,63,11,463895,141715,60987,46969,1.312710734002742,0.24892942697844014
3797,0.5695,39,107,39,464002,141608,61026,46930,1.3117195894623737,0.2489153380220433
3798,0.5696,13,66,13,464068,141542,61039,46917,1.311108229278595,0.24895070015228776
3799,0.5697,14,37,14,464105,141505,61053,46903,1.3107654970543554,0.24894378158039998
3800,0.5698,15,52,15,464157,141453,61068,46888,1.3102838193338027,0.2489526975008097
3801,0.5699,18,64,18,464221,141389,61086,46870,1.309690985216199,0.24896552090471105
3802,0.57,12,81,12,464302,141308,61098,46858,1.3089406795361074,0.24902479725348894
3803,0.5701,35,97,35,464399,141211,61133,46823,1.3080421653266145,0.24901347628620357
3804,0.5702,23,111,23,464510,141100,61156,46800,1.307013968653896,0.24906865353911656
3805,0.5703,29,96,29,464606,141004,61185,46771,1.3061247174774908,0.2490800159765677
3806,0.5704,34,131,34,464737,140873,61219,46737,1.3049112601430213,0.24911785086082833
3807,0.5705,32,93,32,464830,140780,61251,46705,1.3040497980658787,0.24911326239432488
3808,0.5706,25,111,25,464941,140669,61276,46680,1.3030216013931601,0.24916065738274557
3809,0.5707,36,116,36,465057,140553,61312,46644,1.3019470895550038,0.24917065978621453
3810,0.5708,17,75,17,465132,140478,61329,46627,1.3012523620734373,0.24920231955319205
3811,0.5709,27,108,27,465240,140370,61356,46600,1.3002519544999815,0.24923784564368615
3812,0.571,9,120,9,465360,140250,61365,46591,1.299140390529475,0.24936175678785705
3813,0.5711,18,88,18,465448,140162,61383,46573,1.2983252436177701,0.2494069135405789
3814,0.5712,26,101,26,465549,140061,61409,46547,1.2973896772759272,0.249437323158707
3815,0.5713,20,69,20,465618,139992,61429,46527,1.296750527992886,0.2494491177842472
3816,0.5714,12,79,12,465697,139913,61441,46515,1.2960187483789691,0.24950651189735448
3817,0.5715,28,148,28,465845,139765,61469,46487,1.2946478194820112,0.2495919506904624
3818,0.5716,21,64,21,465909,139701,61490,46466,1.2940549853644077,0.2495931072639082
3819,0.5717,33,129,33,466038,139572,61523,46433,1.2928600540961133,0.249633074379721
3820,0.5718,15,42,15,466080,139530,61538,46418,1.292471006706436,0.2496289285176501
3821,0.5719,30,83,30,466163,139447,61568,46388,1.291702174960169,0.24961928592568677
3822,0.572,29,138,29,466301,139309,61597,46359,1.2904238763940865,0.24968761445160179
3823,0.5721,19,80,19,466381,139229,61616,46340,1.289682833747082,0.24971843357457335
3824,0.5722,20,111,20,466492,139118,61636,46320,1.2886546370743637,0.24978699080015962
3825,0.5723,33,124,33,466616,138994,61669,46287,1.287506020971507,0.2498205428511288
3826,0.5724,27,98,27,466714,138896,61696,46260,1.2865982437289265,0.2498433753159498
3827,0.5725,15,54,15,466768,138842,61711,46245,1.2860980399421986,0.24985547337198183
3828,0.5726,26,94,26,466862,138748,61737,46219,1.2852273148319686,0.24987700508739397
3829,0.5727,16,91,16,466953,138657,61753,46203,1.2843843788210012,0.24993508601103537
3830,0.5728,19,76,19,467029,138581,61772,46184,1.283680388306347,0.24996076096663328
3831,0.5729,28,130,28,467159,138451,61800,46156,1.282476194004965,0.25002302187891035
3832,0.573,25,124,25,467283,138327,61825,46131,1.2813275779021083,0.2500894512571968
3833,0.5731,22,94,22,467377,138233,61847,46109,1.2804568527918783,0.25012748044395744
3834,0.5732,28,108,28,467485,138125,61875,46081,1.2794564452184223,0.2501601467921783
3835,0.5733,18,89,18,467574,138036,61893,46063,1.27863203527363,0.2502077686462175
3836,0.5734,18,73,18,467647,137963,61911,46045,1.2779558338582386,0.25023368549193514
3837,0.5735,16,89,16,467736,137874,61927,46029,1.2771314239134461,0.25028955481966036
3838,0.5736,25,84,25,467820,137790,61952,46004,1.2763533291340916,0.2503019685082212
3839,0.5737,18,82,18,467902,137708,61970,45986,1.2755937604209122,0.250340239746535
3840,0.5738,35,139,35,468041,137569,62005,45951,1.2743061988217421,0.25038687881429816
3841,0.5739,24,98,24,468139,137471,62029,45927,1.2733984215791618,0.25042257821786496
3842,0.574,7,55,7,468194,137416,62036,45920,1.2728889547593465,0.2504690840860497
3843,0.5741,35,115,35,468309,137301,62071,45885,1.2718237059542776,0.25048311552192853
3844,0.5742,15,50,15,468359,137251,62086,45870,1.2713605542999,0.2504901130946205
3845,0.5743,14,79,14,468438,137172,62100,45856,1.2706287746859832,0.25054090084577224
3846,0.5744,20,108,20,468546,137064,62120,45836,1.2696283671125272,0.2506068890103882
3847,0.5745,19,61,19,468607,137003,62139,45817,1.2690633220941865,0.25061262443933924
3848,0.5746,17,81,17,468688,136922,62156,45800,1.2683130164140946,0.25065399897111457
3849,0.5747,18,99,18,468787,136823,62174,45782,1.2673959761384268,0.2507160263957723
3850,0.5748,23,83,23,468870,136740,62197,45759,1.2666271443921597,0.25073562046915326
3851,0.5749,10,64,10,468934,136676,62207,45749,1.2660343102745564,0.25078251336165547
3852,0.575,9,63,9,468997,136613,62216,45740,1.2654507391900405,0.2508321771509106
3853,0.5751,19,100,19,469097,136513,62235,45721,1.264524435881285,0.2508917106577258
3854,0.5752,21,108,21,469205,136405,62256,45700,1.263524028307829,0.2509541198758958
3855,0.5753,11,74,11,469279,136331,62267,45689,1.26283856385935,0.2510108779255027
3856,0.5754,19,65,19,469344,136266,62286,45670,1.2622364667086592,0.25102233752528363
3857,0.5755,13,75,13,469419,136191,62299,45657,1.2615417392270925,0.25107232413884123
3858,0.5756,20,77,20,469496,136114,62319,45637,1.2608284856793508,0.2510962800754879
3859,0.5757,33,106,33,469602,136008,62352,45604,1.2598466041720702,0.25110675506023833
3860,0.5758,13,67,13,469669,135941,62365,45591,1.259225980955204,0.25114580349470067
3861,0.5759,23,53,23,469722,135888,62388,45568,1.2587350402015636,0.25112423948505425
3862,0.576,11,92,11,469814,135796,62399,45557,1.2578828411575087,0.2512062110910765
3863,0.5761,20,71,20,469885,135725,62419,45537,1.2572251658082922,0.25122198806148005
3864,0.5762,25,95,25,469980,135630,62444,45512,1.2563451776649746,0.25125040023848694
3865,0.5763,16,60,16,470040,135570,62460,45496,1.2557893956797215,0.25126749362111056
3866,0.5764,30,137,30,470177,135433,62490,45466,1.2545203601467265,0.2513336171012554
3867,0.5765,21,105,21,470282,135328,62511,45445,1.2535477416725334,0.25139263053663985
3868,0.5766,18,113,18,470395,135215,62529,45427,1.2525010189336396,0.25147529367478216
3869,0.5767,34,137,34,470532,135078,62563,45393,1.2512319834006447,0.2515251757900161
3870,0.5768,27,117,27,470649,134961,62590,45366,1.250148208529401,0.25157630304946016
3871,0.5769,24,77,24,470726,134884,62614,45342,1.2494349549816592,0.2515841221577353
3872,0.577,20,80,20,470806,134804,62634,45322,1.2486939123346548,0.25161275995691906
3873,0.5771,13,86,13,470892,134718,62647,45309,1.247897291489125,0.25167891482944227
3874,0.5772,15,66,15,470958,134652,62662,45294,1.2472859313053466,0.25170884598712945
3875,0.5773,31,94,31,471052,134558,62693,45263,1.2464152061951166,0.25171142413844877
3876,0.5774,16,68,16,471120,134490,62709,45247,1.245785319945163,0.25174004239527753
3877,0.5775,18,120,18,471240,134370,62727,45229,1.2446737559746563,0.25183325074193064
3878,0.5776,23,76,23,471316,134294,62750,45206,1.2439697654600022,0.2518440111420613
3879,0.5777,17,69,17,471385,134225,62767,45189,1.243330616176961,0.2518699767019296
3880,0.5778,14,66,14,471451,134159,62781,45175,1.2427192559931823,0.25190426801387356
3881,0.5779,16,77,16,471528,134082,62797,45159,1.2420060024454407,0.2519457043868311
3882,0.578,24,121,24,471649,133961,62821,45135,1.2408851754418466,0.2520156787421271
3883,0.5781,12,97,12,471746,133864,62833,45123,1.239986661232354,0.25210210797432214
3884,0.5782,23,99,23,471845,133765,62856,45100,1.239069620956686,0.2521454728426467
3885,0.5783,22,82,22,471927,133683,62878,45078,1.2383100522435067,0.25216909728632086
3886,0.5784,29,86,29,472013,133597,62907,45049,1.237513431397977,0.2521690941862678
3887,0.5785,14,84,14,472097,133513,62921,45035,1.2367353366186224,0.25222909245693037
3888,0.5786,19,113,19,472210,133400,62940,45016,1.2356886138797287,0.2523092099363286
3889,0.5787,26,62,26,472272,133338,62966,44990,1.2351143058283005,0.25228791889103225
3890,0.5788,37,120,37,472392,133218,63003,44953,1.234002741857794,0.25230256326787187
3891,0.5789,18,108,18,472500,133110,63021,44935,1.2330023342843381,0.2523800162880171
3892,0.579,22,71,22,472571,133039,63043,44913,1.2323446589351217,0.2523882844812084
3893,0.5791,18,103,18,472674,132936,63061,44895,1.2313905665271037,0.2524587951482025
3894,0.5792,10,64,10,472738,132872,63071,44885,1.2307977324095,0.2525076368300545
3895,0.5793,32,143,32,472881,132729,63103,44853,1.22947311867798,0.25257627462242793
3896,0.5794,20,60,20,472941,132669,63123,44833,1.2289173366927266,0.25257743574720287
3897,0.5795,18,93,18,473034,132576,63141,44815,1.228055874615584,0.2526340118720792
3898,0.5796,22,82,22,473116,132494,63163,44793,1.2272963059024047,0.2526581193206496
3899,0.5797,13,65,13,473181,132429,63176,44780,1.2266942087517136,0.2526959691663516
3900,0.5798,26,97,26,473278,132332,63202,44754,1.2257956945422208,0.25272466485210576
3901,0.5799,19,55,19,473333,132277,63221,44735,1.2252862277224055,0.2527229792330464
3902,0.58,21,77,21,473410,132200,63242,44714,1.2245729741746638,0.2527442712278282
3903,0.5801,19,80,19,473490,132120,63261,44695,1.2238319315276593,0.25277832763057434
3904,0.5802,27,112,27,473602,132008,63288,44668,1.2227944718218533,0.2528243790894066
3905,0.5803,23,107,23,473709,131901,63311,44645,1.221803327281485,0.25288026916497686
3906,0.5804,18,71,18,473780,131830,63329,44627,1.2211456519322688,0.25290580708047855
3907,0.5805,33,103,33,473883,131727,63362,44594,1.2201915595242505,0.25291371986320405
3908,0.5806,20,82,20,473965,131645,63382,44574,1.2194319908110711,0.2529466175611029
3909,0.5807,16,92,16,474057,131553,63398,44558,1.2185797917670163,0.2530108851803692
3910,0.5808,23,109,23,474166,131444,63421,44535,1.2175701211604728,0.253069968575796
3911,0.5809,24,85,24,474251,131359,63445,44511,1.2167827633480306,0.2530903508273156
3912,0.581,19,67,19,474318,131292,63464,44492,1.2161621401311646,0.25310608474036317
3913,0.5811,34,109,34,474427,131183,63498,44458,1.2151524695246212,0.2531185770976025
3914,0.5812,20,73,20,474500,131110,63518,44438,1.2144762681092296,0.2531387426800647
3915,0.5813,30,118,30,474618,130992,63548,44408,1.2133832302048984,0.25318129988597493
3916,0.5814,7,63,7,474681,130929,63555,44401,1.2127996591203825,0.25324245708093307
3917,0.5815,13,76,13,474757,130853,63568,44388,1.2120956686057283,0.2532968882852757
3918,0.5816,13,51,13,474808,130802,63581,44375,1.211623253918263,0.25331521832204
3919,0.5817,17,93,17,474901,130709,63598,44358,1.2107617918411204,0.25337727841340746
3920,0.5818,18,82,18,474983,130627,63616,44340,1.210002223127941,0.2534192161950539
3921,0.5819,16,115,16,475098,130512,63632,44324,1.2089369743228722,0.2535175821913107
3922,0.582,25,115,25,475213,130397,63657,44299,1.2078717255178035,0.25357764344919176
3923,0.5821,38,111,38,475324,130286,63695,44261,1.206843528845085,0.2535764006256195
3924,0.5822,22,48,22,475372,130238,63717,44239,1.2063989032568825,0.25355204410896565
3925,0.5823,34,156,34,475528,130082,63751,44205,1.204953870095224,0.25363337483575943
3926,0.5824,38,117,38,475645,129965,63789,44167,1.20387009522398,0.2536409160866469
3927,0.5825,13,75,13,475720,129890,63802,44154,1.2031753677424135,0.25369446806554663
3928,0.5826,23,92,23,475812,129798,63825,44131,1.2023231686983586,0.25372997027522726
3929,0.5827,35,126,35,475938,129672,63860,44096,1.2011560265293268,0.2537636388748216
3930,0.5828,15,107,15,476045,129565,63875,44081,1.2001648819889585,0.2538555451896387
3931,0.5829,13,56,13,476101,129509,63888,44068,1.1996461521360555,0.25388156264942935
3932,0.583,22,62,22,476163,129447,63910,44046,1.199071844084627,0.2538776780619391
3933,0.5831,27,114,27,476277,129333,63937,44019,1.198015858312646,0.2539284230928977
3934,0.5832,42,129,42,476406,129204,63979,43977,1.1968209270443515,0.2539366327714934
3935,0.5833,24,121,24,476527,129083,64003,43953,1.1957001000407574,0.25401072609168035
3936,0.5834,25,123,25,476650,128960,64028,43928,1.1945607469709882,0.2540835685530517
3937,0.5835,23,132,23,476782,128828,64051,43905,1.193338026603431,0.2541784140841646
3938,0.5836,7,70,7,476852,128758,64058,43898,1.1926896142873022,0.2542512278750811
3939,0.5837,52,218,52,477070,128540,64110,43846,1.1906702730742154,0.2543478008654995
3940,0.5838,27,124,27,477194,128416,64137,43819,1.1895216569713587,0.25441402734635815
3941,0.5839,12,67,12,477261,128349,64149,43807,1.1889010337544925,0.2544610701921513
3942,0.584,22,85,22,477346,128264,64171,43785,1.1881136759420505,0.2544914530162919
3943,0.5841,23,80,23,477426,128184,64194,43762,1.187372633295046,0.2545101369034464
3944,0.5842,13,45,13,477471,128139,64207,43749,1.1869557968061062,0.2545203853672159
3945,0.5843,18,48,18,477519,128091,64225,43731,1.1865111712179035,0.25451339176589727
3946,0.5844,27,99,27,477618,127992,64252,43704,1.1855941309422358,0.2545429130556332
3947,0.5845,25,115,25,477733,127877,64277,43679,1.184528882137167,0.2546049103499732
3948,0.5846,9,39,9,477772,127838,64286,43670,1.1841676238467524,0.2546236910231593
3949,0.5847,40,160,40,477932,127678,64326,43630,1.1826855385527437,0.25468746351600624
3950,0.5848,27,120,27,478052,127558,64353,43603,1.1815739745822371,0.2547484532107197
3951,0.5849,37,132,37,478184,127426,64390,43566,1.1803512542146801,0.25478384953682043
3952,0.585,28,128,28,478312,127298,64418,43538,1.1791655859794732,0.25485260717881475
3953,0.5851,15,86,15,478398,127212,64433,43523,1.1783689651339435,0.25491551234369053
3954,0.5852,13,73,13,478471,127139,64446,43510,1.177692763718552,0.25496779940110986
3955,0.5853,14,33,14,478504,127106,64460,43496,1.1773870836266627,0.2549559794140749
3956,0.5854,15,71,15,478575,127035,64475,43481,1.1767294082774464,0.25499659855966594
3957,0.5855,29,80,29,478655,126955,64504,43452,1.175988365630442,0.25498952507819517
3958,0.5856,18,86,18,478741,126869,64522,43434,1.1751917447849123,0.2550395471600618
3959,0.5857,20,52,20,478793,126817,64542,43414,1.1747100670643595,0.25502992991875745
3960,0.5858,13,74,13,478867,126743,64555,43401,1.1740246026158805,0.25508392890727855
3961,0.5859,6,38,6,478905,126705,64561,43395,1.1736726073585535,0.2551146384479718
3962,0.586,9,46,9,478951,126659,64570,43386,1.173246507836526,0.25514422652827196
3963,0.5861,25,73,25,479024,126586,64595,43361,1.1725703064211346,0.25514425085467823
3964,0.5862,18,89,18,479113,126497,64613,43343,1.1717458964763423,0.25519901083372587
3965,0.5863,10,77,10,479190,126420,64623,43333,1.1710326429286004,0.2552708935924549
3966,0.5864,33,126,33,479316,126294,64656,43300,1.1698655007595686,0.2553156361663738
3967,0.5865,26,116,26,479432,126178,64682,43274,1.1687909889214125,0.25537615371904726
3968,0.5866,22,86,22,479518,126092,64704,43252,1.1679943680758829,0.2554091080876795
3969,0.5867,24,102,24,479620,125990,64728,43228,1.1670495387009523,0.2554574572445012
3970,0.5868,16,55,16,479675,125935,64744,43212,1.1665400718811367,0.25547009406019616
3971,0.5869,21,122,21,479797,125813,64765,43191,1.1654099818444552,0.2555619985325791
3972,0.587,31,112,31,479909,125701,64796,43160,1.1643725221386492,0.25559483835817626
3973,0.5871,19,106,19,480015,125595,64815,43141,1.1633906406313683,0.25567158164232884
3974,0.5872,44,136,44,480151,125459,64859,43097,1.162130868131461,0.25568357103870526
3975,0.5873,21,99,21,480250,125360,64880,43076,1.161213827855793,0.25574105298154787
3976,0.5874,17,88,17,480338,125272,64897,43059,1.1603986809440883,0.2557995853407869
3977,0.5875,15,88,15,480426,125184,64912,43044,1.1595835340323835,0.25586703759183965
3978,0.5876,24,84,24,480510,125100,64936,43020,1.158805439253029,0.2558886509635974
3979,0.5877,38,109,38,480619,124991,64974,42982,1.1577957686464857,0.2558863626892417
3980,0.5878,27,90,27,480709,124901,65001,42955,1.1569620956686058,0.25590386998379566
3981,0.5879,22,85,22,480794,124816,65023,42933,1.1561747378561635,0.2559359519281784
3982,0.588,35,144,35,480938,124672,65058,42898,1.154840861091556,0.25600047741242465
3983,0.5881,9,70,9,481008,124602,65067,42889,1.154192448775427,0.25606749019350294
3984,0.5882,19,73,19,481081,124529,65086,42870,1.1535162473600356,0.2560947198011936
3985,0.5883,14,54,14,481135,124475,65100,42856,1.1530160435733077,0.25611512511130635
3986,0.5884,23,85,23,481220,124390,65123,42833,1.1522286857608655,0.2561429946837457
3987,0.5885,34,92,34,481312,124298,65157,42799,1.1513764867168106,0.256132665457788
3988,0.5886,21,83,21,481395,124215,65178,42778,1.1506076549705435,0.2561664261376225
3989,0.5887,29,142,29,481537,124073,65207,42749,1.1492923042721108,0.25625517018139093
3990,0.5888,14,71,14,481608,124002,65221,42735,1.1486346289228946,0.256301840623257
3991,0.5889,16,75,16,481683,123927,65237,42719,1.1479399014413278,0.2563457868775728
3992,0.589,32,108,32,481791,123819,65269,42687,1.146939493867872,0.25636913985081616
3993,0.5891,21,85,21,481876,123734,65290,42666,1.14615213605543,0.25640625
3994,0.5892,15,54,15,481930,123680,65305,42651,1.145651932268702,0.2564224347836543
3995,0.5893,26,90,26,482020,123590,65331,42625,1.1448182592908223,0.25644496585747373
3996,0.5894,28,116,28,482136,123474,65359,42597,1.143743747452666,0.25649872644832633
3997,0.5895,32,103,32,482239,123371,65391,42565,1.142789655044648,0.25651455983029603
3998,0.5896,16,121,16,482360,123250,65407,42549,1.1416688280410539,0.2566300158625806
3999,0.5897,14,64,14,482424,123186,65421,42535,1.1410759939234503,0.25666632472649814
4000,0.5898,13,63,13,482487,123123,65434,42522,1.1404924228389344,0.25670560536086207
4001,0.5899,18,46,18,482533,123077,65452,42504,1.1400663233169068,0.2566961185160133
4002,0.59,21,58,21,482591,123019,65473,42483,1.1395290673978287,0.2566917620330872
4003,0.5901,21,84,21,482675,122935,65494,42462,1.1387509726184741,0.2567277520148491
4004,0.5902,13,51,13,482726,122884,65507,42449,1.1382785579310088,0.25674850150907563
4005,0.5903,29,93,29,482819,122791,65536,42420,1.1374170958538663,0.25676256423603755
4006,0.5904,22,90,22,482909,122701,65558,42398,1.1365834228759866,0.25680349366137895
4007,0.5905,33,101,33,483010,122600,65591,42365,1.1356478565341435,0.2568120510411299
4008,0.5906,16,81,16,483091,122519,65607,42349,1.1348975508540518,0.25686609893975787
4009,0.5907,28,95,28,483186,122424,65635,42321,1.134017562710734,0.25688791769097696
4010,0.5908,21,103,21,483289,122321,65656,42300,1.1330634703027158,0.256953851574222
4011,0.5909,13,61,13,483350,122260,65669,42287,1.132498425284375,0.25699040395753187
4012,0.591,21,81,21,483431,122179,65690,42266,1.1317481196042831,0.2570221046550518
4013,0.5911,18,70,18,483501,122109,65708,42248,1.1310997072881543,0.2570502016950906
4014,0.5912,31,150,31,483651,121959,65739,42217,1.1297102523250213,0.2571447714647695
4015,0.5913,45,135,45,483786,121824,65784,42172,1.1284597428582015,0.25715261347837753
4016,0.5914,22,131,22,483917,121693,65806,42150,1.127246285523732,0.2572584730504202
4017,0.5915,26,77,26,483994,121616,65832,42124,1.1265330319759903,0.257261512153414
4018,0.5916,32,82,32,484076,121534,65864,42092,1.1257734632628107,0.2572451810836909
4019,0.5917,20,74,20,484150,121460,65884,42072,1.1250879988143319,0.2572707482327618
4020,0.5918,20,94,20,484244,121366,65904,42052,1.1242172737041016,0.25732783414311766
4021,0.5919,21,59,21,484303,121307,65925,42031,1.123670754751936,0.2573253009097699
4022,0.592,27,121,27,484424,121186,65952,42004,1.122549927748342,0.25739322262393527
4023,0.5921,23,85,23,484509,121101,65975,41981,1.1217625699358997,0.2574226462761065
4024,0.5922,38,142,38,484651,120959,66013,41943,1.120447219237467,0.25747381861487273
4025,0.5923,22,89,22,484740,120870,66035,41921,1.1196228092926748,0.2575142360449902
4026,0.5924,27,94,27,484834,120776,66062,41894,1.1187520841824448,0.2575398045122026
4027,0.5925,21,76,21,484910,120700,66083,41873,1.1180480936677906,0.25756429419399285
4028,0.5926,42,188,42,485098,120512,66125,41831,1.1163066434473303,0.2576704877943613
4029,0.5927,26,80,26,485178,120432,66151,41805,1.115565600800326,0.25767858133471405
4030,0.5928,19,120,19,485298,120312,66170,41786,1.1144540368298195,0.2577823292082567
4031,0.5929,45,137,45,485435,120175,66215,41741,1.1131850012968247,0.2577941648756145
4032,0.593,38,123,38,485558,120052,66253,41703,1.1120456482270555,0.2578158325863188
4033,0.5931,33,119,33,485677,119933,66286,41670,1.1109433472896366,0.25785412399522284
4034,0.5932,19,74,19,485751,119859,66305,41651,1.1102578828411576,0.257884960683549
4035,0.5933,23,100,23,485851,119759,66328,41628,1.1093315795324021,0.2579389913685737
4036,0.5934,23,93,23,485944,119666,66351,41605,1.1084701174552596,0.25798190623236666
4037,0.5935,27,49,27,485993,119617,66378,41578,1.1080162288339694,0.2579360401997581
4038,0.5936,31,127,31,486120,119490,66409,41547,1.10683982363185,0.2579966094748412
4039,0.5937,15,74,15,486194,119416,66424,41532,1.106154359183371,0.25804607699381166
4040,0.5938,30,94,30,486288,119322,66454,41502,1.105283634073141,0.2580584987315326
4041,0.5939,34,159,34,486447,119163,66488,41468,1.1038108118122198,0.25815689375027234
4042,0.594,25,163,25,486610,119000,66513,41443,1.1023009374189485,0.25830357198506637
4043,0.5941,13,71,13,486681,118929,66526,41430,1.101643262069732,0.2583578096645651
4044,0.5942,25,118,25,486799,118811,66551,41405,1.1005502241654008,0.2584323663054876
4045,0.5943,38,119,38,486918,118692,66589,41367,1.0994479232279817,0.25844844713511894
4046,0.5944,24,87,24,487005,118605,66613,41343,1.0986420393493646,0.2584777552704629
4047,0.5945,15,56,15,487061,118549,66628,41328,1.0981233094964615,0.25849872089168546
4048,0.5946,10,90,10,487151,118459,66638,41318,1.0972896365185816,0.25859792085218775
4049,0.5947,18,64,18,487215,118395,66656,41300,1.0966968024009782,0.25861799054447543
4050,0.5948,29,129,29,487344,118266,66685,41271,1.0955018711326836,0.2586923409616578
4051,0.5949,40,138,40,487482,118128,66725,41231,1.0942235725666012,0.25873028821717003
4052,0.595,39,111,39,487593,118017,66764,41192,1.0931953758938826,0.2587290919483195
4053,0.5951,21,90,21,487683,117927,66785,41171,1.0923617029160029,0.25877760876943773
4054,0.5952,30,115,30,487798,117812,66815,41141,1.091296454110934,0.25882493567280895
4055,0.5953,10,51,10,487849,117761,66825,41131,1.0908240394234687,0.2588613649522946
4056,0.5954,19,66,19,487915,117695,66844,41112,1.0902126792396902,0.25888027605836017
4057,0.5955,39,115,39,488030,117580,66883,41073,1.0891474304346216,0.25888574436033357
4058,0.5956,32,73,32,488103,117507,66915,41041,1.08847122901923,0.2588553624139062
4059,0.5957,46,172,46,488275,117335,66961,40995,1.0868779873281706,0.2589212404471673
4060,0.5958,26,101,26,488376,117234,66987,40969,1.0859424209863278,0.25896474782399825
4061,0.5959,20,102,20,488478,117132,67007,40949,1.0849975916113972,0.2590380880687749
4062,0.596,32,188,32,488666,116944,67039,40917,1.083256141390937,0.25919638162687425
4063,0.5961,22,81,22,488747,116863,67061,40895,1.0825058357108452,0.25922615651821146
4064,0.5962,41,109,41,488856,116754,67102,40854,1.0814961651043018,0.259212730318258
4065,0.5963,15,35,15,488891,116719,67117,40839,1.0811719589462374,0.2591997867451986
4066,0.5964,20,61,20,488952,116658,67137,40819,1.0806069139278967,0.25920610628853735
4067,0.5965,53,128,53,489080,116530,67190,40766,1.0794212456926897,0.2591674295595565
4068,0.5966,21,111,21,489191,116419,67211,40745,1.0783930490199711,0.25925148252780533
4069,0.5967,19,83,19,489274,116336,67230,40726,1.077624217273704,0.259298875603265
4070,0.5968,13,44,13,489318,116292,67243,40713,1.0772166438178516,0.2593102130505398
4071,0.5969,34,111,34,489429,116181,67277,40679,1.0761884471451333,0.2593331633303583
4072,0.597,36,72,36,489501,116109,67313,40643,1.0755215087628294,0.2592821782178218
4073,0.5971,32,132,32,489633,115977,67345,40611,1.0742987883952722,0.2593493754310675
4074,0.5972,22,60,22,489693,115917,67367,40589,1.0737430064100189,0.2593446896604603
4075,0.5973,29,108,29,489801,115809,67396,40560,1.072742598836563,0.25938645127870613
4076,0.5974,28,86,28,489887,115723,67424,40532,1.0719459779910334,0.259396499312022
4077,0.5975,48,168,48,490055,115555,67472,40484,1.0703897884323244,0.2594479585231897
4078,0.5976,41,117,41,490172,115438,67513,40443,1.0693060135610803,0.25944791218942653
4079,0.5977,38,167,38,490339,115271,67551,40405,1.067759087035459,0.25954546622472313
4080,0.5978,27,139,27,490478,115132,67578,40378,1.0664715254362889,0.25964889717703044
4081,0.5979,41,121,41,490599,115011,67619,40337,1.0653506984326948,0.2596557406596802
4082,0.598,37,134,37,490733,114877,67656,40300,1.0641094519989625,0.25970343543179725
4083,0.5981,27,125,27,490858,114752,67683,40273,1.0629515728630183,0.2597839058216417
4084,0.5982,15,106,15,490964,114646,67698,40258,1.0619696913557375,0.2598899963848577
4085,0.5983,29,108,29,491072,114538,67727,40229,1.0609692837822817,0.2599326729858432
4086,0.5984,34,130,34,491202,114408,67761,40195,1.0597650894808996,0.25998848663997465
4087,0.5985,34,140,34,491342,114268,67795,40161,1.058468264848642,0.2600612579243536
4088,0.5986,31,94,31,491436,114174,67826,40130,1.0575975397384119,0.26007102861883036
4089,0.5987,33,100,33,491536,114074,67859,40097,1.0566712364296564,0.2600813382542761
4090,0.5988,27,78,27,491614,113996,67886,40070,1.0559487198488273,0.26008334090584556
4091,0.5989,16,98,16,491712,113898,67902,40054,1.055040942606247,0.260172001662856
4092,0.599,24,93,24,491805,113805,67926,40030,1.0541794805291045,0.2602138655052491
4093,0.5991,43,116,43,491921,113689,67969,39987,1.0531049686909482,0.26020328483302535
4094,0.5992,51,134,51,492055,113555,68020,39936,1.0518637222572158,0.2601846362327433
4095,0.5993,38,125,38,492180,113430,68058,39898,1.0507058431212717,0.26021339872691224
4096,0.5994,25,127,25,492307,113303,68083,39873,1.0495294379191522,0.2603084034052332
4097,0.5995,42,119,42,492426,113184,68125,39831,1.0484271369817333,0.2603078129595138
4098,0.5996,52,204,52,492630,112980,68177,39779,1.0465374782318722,0.2604036423385856
4099,0.5997,49,115,49,492745,112865,68226,39730,1.0454722294268035,0.2603623971951899
4100,0.5998,33,118,33,492863,112747,68259,39697,1.044379191522472,0.2604038204193015
4101,0.5999,45,166,45,493029,112581,68304,39652,1.0428415280299381,0.2604691492646141
4102,0.6,36,136,36,493165,112445,68340,39616,1.0415817555300309,0.26052702533851546
4103,0.6001,31,132,31,493297,112313,68371,39585,1.0403590351624736,0.26060250957879627
4104,0.6002,33,119,33,493416,112194,68404,39552,1.0392567342250547,0.26064607963307107
4105,0.6003,45,165,45,493581,112029,68449,39507,1.0377283337656082,0.26071032625910673
4106,0.6004,42,125,42,493706,111904,68491,39465,1.036570454629664,0.26072049098560474
4107,0.6005,39,143,39,493849,111761,68530,39426,1.0352458408981438,0.2607763895043886
4108,0.6006,70,227,70,494076,111534,68600,39356,1.0331431323872688,0.26082576711511696
4109,0.6007,20,81,20,494157,111453,68620,39336,1.032392826707177,0.2608678351869168
4110,0.6008,36,127,36,494284,111326,68656,39300,1.0312164215050577,0.26091113088045886
4111,0.6009,18,69,18,494353,111257,68674,39282,1.0305772722220163,0.2609423471658507
4112,0.601,44,180,44,494533,111077,68718,39238,1.0289099262662567,0.2610384858463892
4113,0.6011,24,85,24,494618,110992,68742,39214,1.0281225684538144,0.26106813309721316
4114,0.6012,45,127,45,494745,110865,68787,39169,1.0269461632516952,0.2610674913686231
4115,0.6013,14,97,14,494842,110768,68801,39155,1.0260476490422024,0.261167399264956
4116,0.6014,20,71,20,494913,110697,68821,39135,1.0253899736929861,0.26119253563991673
4117,0.6015,30,121,30,495034,110576,68851,39105,1.024269146689392,0.26125560358362115
4118,0.6016,37,93,37,495127,110483,68888,39068,1.0234076846122495,0.26123529765765524
4119,0.6017,32,129,32,495256,110354,68920,39036,1.022212753343955,0.26130263069817256
4120,0.6018,30,62,30,495318,110292,68950,39006,1.0216384452925267,0.2612627094803681
4121,0.6019,21,88,21,495406,110204,68971,38985,1.0208232983808219,0.2613128313749673
4122,0.602,18,145,18,495551,110059,68989,38967,1.0194801585831264,0.2614778629232483
4123,0.6021,28,111,28,495662,109948,69017,38939,1.018451961910408,0.2615339149825035
4124,0.6022,53,204,53,495866,109744,69070,38886,1.0165623031605469,0.26162954988898607
4125,0.6023,53,163,53,496029,109581,69123,38833,1.0150524287672755,0.2616532133087175
4126,0.6024,45,202,45,496231,109379,69168,38788,1.0131812960835895,0.2617856877712311
4127,0.6025,13,57,13,496288,109322,69181,38775,1.012653303197599,0.26182164392256424
4128,0.6026,30,115,30,496403,109207,69211,38745,1.0115880543925302,0.2618754731264194
4129,0.6027,40,150,40,496553,109057,69251,38705,1.0101985994293972,0.26194150052110826
4130,0.6028,28,67,28,496620,108990,69279,38677,1.009577976212531,0.26192040198554856
4131,0.6029,35,88,35,496708,108902,69314,38642,1.0087628293008262,0.26190153445751774
4132,0.603,33,101,33,496809,108801,69347,38609,1.0078272629589833,0.2619157452004613
4133,0.6031,22,81,22,496890,108720,69369,38587,1.0070769572788913,0.2619495339664782
4134,0.6032,18,78,18,496968,108642,69387,38569,1.0063544406980622,0.2619980843822812
4135,0.6033,48,144,48,497112,108498,69435,38521,1.0050205639334544,0.26201375332440024
4136,0.6034,32,95,32,497207,108403,69467,38489,1.0041405757901367,0.26202243825395527
4137,0.6035,32,99,32,497306,108304,69499,38457,1.003223535514469,0.2620382799245031
4138,0.6036,39,99,39,497405,108205,69538,38418,1.002306495238801,0.26201891926914606
4139,0.6037,39,134,39,497539,108071,69577,38379,1.0010652488050686,0.2620621372482076
4140,0.6038,58,172,58,497711,107899,69635,38321,0.9994720071140094,0.2620776911503214
4141,0.6039,32,85,32,497796,107814,69667,38289,0.9986846493015673,0.26206854068704954
4142,0.604,39,209,39,498005,107605,69706,38250,0.9967486753862684,0.2622467519111446
4143,0.6041,22,70,22,498075,107535,69728,38228,0.9961002630701397,0.2622613420415332
4144,0.6042,10,52,10,498127,107483,69738,38218,0.9956185853495869,0.26230430813789885
4145,0.6043,42,134,42,498261,107349,69780,38176,0.9943773389158546,0.2623329324858272
4146,0.6044,17,82,17,498343,107267,69797,38159,0.9936177702026752,0.262394619944164
4147,0.6045,19,67,19,498410,107200,69816,38140,0.992997146985809,0.26241915508462915
4148,0.6046,37,89,37,498499,107111,69853,38103,0.9921727370410167,0.2623920558623824
4149,0.6047,37,157,37,498656,106954,69890,38066,0.9907184408462707,0.26248793269893805
4150,0.6048,28,68,28,498724,106886,69918,38038,0.9900885545963171,0.2624686042339433
4151,0.6049,26,145,26,498869,106741,69944,38012,0.9887454147986217,0.2625990480335468
4152,0.605,20,70,20,498939,106671,69964,37992,0.9880970024824929,0.2626241678936563
4153,0.6051,51,169,51,499108,106502,70015,37941,0.9865315498906962,0.26267108824934404
4154,0.6052,29,83,29,499191,106419,70044,37912,0.9857627181444292,0.2626739924202008
4155,0.6053,22,69,22,499260,106350,70066,37890,0.985123568861388,0.2626871880199667
4156,0.6054,24,87,24,499347,106263,70090,37866,0.9843176849827707,0.26272297733280603
4157,0.6055,27,78,27,499425,106185,70117,37839,0.9835951684019415,0.26272704549241793
4158,0.6056,21,70,21,499495,106115,70138,37818,0.9829467560858127,0.26274725045680974
4159,0.6057,36,124,36,499619,105991,70174,37782,0.9817981399829561,0.2627892580665354
4160,0.6058,13,45,13,499664,105946,70187,37769,0.9813813034940161,0.26280485683470756
4161,0.6059,54,157,54,499821,105789,70241,37715,0.9799270072992701,0.2628149737986398
4162,0.606,40,109,40,499930,105680,70281,37675,0.9789173366927266,0.262809110250776
4163,0.6061,35,170,35,500100,105510,70316,37640,0.9773426210678424,0.26294097100943065
4164,0.6062,41,92,41,500192,105418,70357,37599,0.9764904220237874,0.2628988162246446
4165,0.6063,39,120,39,500312,105298,70396,37560,0.975378858053281,0.26291842248946506
4166,0.6064,23,72,23,500384,105226,70419,37537,0.974711919670977,0.26293227236749017
4167,0.6065,46,182,46,500566,105044,70465,37491,0.9730260476490422,0.2630301329498018
4168,0.6066,38,132,38,500698,104912,70503,37453,0.971803327281485,0.2630773013029888
4169,0.6067,31,127,31,500825,104785,70534,37422,0.9706269220793656,0.2631516029450027
4170,0.6068,32,99,32,500924,104686,70566,37390,0.9697098818036978,0.26316900813649036
4171,0.6069,32,125,32,501049,104561,70598,37358,0.9685520026677535,0.2632346620255216
4172,0.607,29,109,29,501158,104452,70627,37329,0.9675423320612101,0.26328633596885337
4173,0.6071,36,129,36,501287,104323,70663,37293,0.9663474007929156,0.26333888826121343
4174,0.6072,35,97,35,501384,104226,70698,37258,0.9654488865834229,0.2633371971388991
4175,0.6073,18,85,18,501469,104141,70716,37240,0.9646615287709808,0.26340173007688444
4176,0.6074,18,80,18,501549,104061,70734,37222,0.9639204861239764,0.2634570330471465
4177,0.6075,27,144,27,501693,103917,70761,37195,0.9625866093593687,0.2635849537955666
4178,0.6076,31,133,31,501826,103784,70792,37164,0.9613546259587239,0.2636717087152709
4179,0.6077,27,138,27,501964,103646,70819,37137,0.9600763273926415,0.2637889517910543
4180,0.6078,46,149,46,502113,103497,70865,37091,0.9586961354625959,0.26382763820525224
4181,0.6079,23,130,23,502243,103367,70888,37068,0.9574919411612138,0.26395129419304303
4182,0.608,38,138,38,502381,103229,70926,37030,0.9562136425951313,0.2640115785796277
4183,0.6081,29,104,29,502485,103125,70955,37001,0.9552502871540257,0.26405520745614663
4184,0.6082,32,114,32,502599,103011,70987,36969,0.9541943013820445,0.2641020145735105
4185,0.6083,31,111,31,502710,102900,71018,36938,0.9531661047093261,0.2641485147098786
4186,0.6084,77,219,77,502929,102681,71095,36861,0.9511375004631517,0.2641570279915724
4187,0.6085,29,108,29,503037,102573,71124,36832,0.9501370928896958,0.2642086008392812
4188,0.6086,40,134,40,503171,102439,71164,36792,0.9488958464559636,0.26425149571575296
4189,0.6087,18,98,18,503269,102341,71182,36774,0.9479880692133832,0.2643424504906013
4190,0.6088,23,100,23,503369,102241,71205,36751,0.9470617659046278,0.2644109013468401
4191,0.6089,53,182,53,503551,102059,71258,36698,0.9453758938826929,0.26447674711906427
4192,0.609,23,75,23,503626,101984,71281,36675,0.9446811664011264,0.26449779675318585
4193,0.6091,49,115,49,503741,101869,71330,36626,0.9436159175960577,0.26445720062096106
4194,0.6092,27,107,27,503848,101762,71357,36599,0.9426247730556894,0.26451818070120914
4195,0.6093,40,111,40,503959,101651,71397,36559,0.9415965763829708,0.2645177628246871
4196,0.6094,34,124,34,504083,101527,71431,36525,0.9404479602801141,0.26457421841045403
4197,0.6095,27,115,27,504198,101412,71458,36498,0.9393827114750454,0.26465085925603654
4198,0.6096,33,106,33,504304,101306,71491,36465,0.9384008299677646,0.26467834304752086
4199,0.6097,28,133,28,504437,101173,71519,36437,0.93716884656712,0.2647845360075576
4200,0.6098,30,92,30,504529,101081,71549,36407,0.936316647523065,0.2648012917490981
4201,0.6099,26,83,26,504612,100998,71575,36381,0.9355478157767979,0.2648221343873518
4202,0.61,39,135,39,504747,100863,71614,36342,0.9342973063099781,0.2648737290915054
4203,0.6101,20,131,20,504878,100732,71634,36322,0.9330838489755086,0.26501962730018824
4204,0.6102,28,113,28,504991,100619,71662,36294,0.9320371262366149,0.2650880486148138
4205,0.6103,45,143,45,505134,100476,71707,36249,0.9307125125050947,0.2651234229292375
4206,0.6104,44,140,44,505274,100336,71751,36205,0.9294156878728371,0.2651584505752851
4207,0.6105,27,118,27,505392,100218,71778,36178,0.9283226499685057,0.2652423824745594
4208,0.6106,27,121,27,505513,100097,71805,36151,0.9272018229649116,0.26533233515354354
4209,0.6107,17,114,17,505627,99983,71822,36134,0.9261458371929304,0.26546280038496295
4210,0.6108,31,76,31,505703,99907,71853,36103,0.9254418466782763,0.2654437173737225
4211,0.6109,31,116,31,505819,99791,71884,36072,0.92436733484012,0.26550274909283617
4212,0.611,17,58,17,505877,99733,71901,36055,0.9238300789210419,0.2655241994874363
4213,0.6111,24,110,24,505987,99623,71925,36031,0.922811145281411,0.2656095655122591
4214,0.6112,38,100,38,506087,99523,71963,35993,0.9218848419726555,0.26559963399155817
4215,0.6113,35,93,35,506180,99430,71998,35958,0.921023379895513,0.26559222383076786
4216,0.6114,21,82,21,506262,99348,72019,35937,0.9202638111823336,0.2656392061204125
4217,0.6115,33,107,33,506369,99241,72052,35904,0.9192726666419653,0.2656702060749565
4218,0.6116,29,95,29,506464,99146,72081,35875,0.9183926784986476,0.26569940972145073
4219,0.6117,20,51,20,506515,99095,72101,35855,0.9179202638111823,0.26569099666543167
4220,0.6118,35,105,35,506620,98990,72136,35820,0.9169476453369891,0.2657072917439359
4221,0.6119,27,94,27,506714,98896,72163,35793,0.916076920226759,0.2657455323003363
4222,0.612,45,160,45,506874,98736,72208,35748,0.9145948349327504,0.2658160078522352
4223,0.6121,20,85,20,506959,98651,72228,35728,0.9138074771203083,0.2658748762827525
4224,0.6122,41,124,41,507083,98527,72269,35687,0.9126588610174515,0.26589625523417826
4225,0.6123,27,94,27,507177,98433,72296,35660,0.9117881359072214,0.2659348362703497
4226,0.6124,28,102,28,507279,98331,72324,35632,0.910843306532291,0.2659838910744011
4227,0.6125,47,147,47,507426,98184,72371,35585,0.9094816406684205,0.266018285252936
4228,0.6126,53,195,53,507621,97989,72424,35532,0.9076753492163474,0.2661154425146606
4229,0.6127,29,117,29,507738,97872,72453,35503,0.9065915743451035,0.2661893158388004
4230,0.6128,57,149,57,507887,97723,72510,35446,0.9052113824150579,0.2661730582943478
4231,0.6129,34,115,34,508002,97608,72544,35412,0.9041461336099893,0.2662156066756879
4232,0.613,28,109,28,508111,97499,72572,35384,0.9031364630034459,0.2662793585334467
4233,0.6131,45,156,45,508267,97343,72617,35339,0.9016914298417874,0.266343588429478
4234,0.6132,46,169,46,508436,97174,72663,35293,0.9001259772499908,0.26642861995817824
4235,0.6133,49,132,49,508568,97042,72712,35244,0.8989032568824336,0.26642275070680194
4236,0.6134,21,97,21,508665,96945,72733,35223,0.8980047426729408,0.2665017250771745
4237,0.6135,28,86,28,508751,96859,72761,35195,0.8972081218274112,0.2665197570690778
4238,0.6136,42,99,42,508850,96760,72803,35153,0.8962910815517433,0.2664862447219
4239,0.6137,62,227,62,509077,96533,72865,35091,0.8941883730408685,0.26660031605178386
4240,0.6138,18,69,18,509146,96464,72883,35073,0.8935492237578273,0.2666398047697606
4241,0.6139,37,127,37,509273,96337,72920,35036,0.8923728185557079,0.26669102479200446
4242,0.614,29,107,29,509380,96230,72949,35007,0.8913816740153396,0.2667464205978497
4243,0.6141,35,142,35,509522,96088,72984,34972,0.8900663233169069,0.2668396154433084
4244,0.6142,35,142,35,509664,95946,73019,34937,0.8887509726184742,0.2669330623533996
4245,0.6143,24,94,24,509758,95852,73043,34913,0.8878802475082441,0.26699040263067336
4246,0.6144,55,225,55,509983,95627,73098,34858,0.8857960650635444,0.26714181706709583
4247,0.6145,35,99,35,510082,95528,73133,34823,0.8848790247878765,0.26714793135457343
4248,0.6146,45,166,45,510248,95362,73178,34778,0.8833413612953426,0.26723528507760874
4249,0.6147,17,99,17,510347,95263,73195,34761,0.8824243210196747,0.267342952070387
4250,0.6148,35,134,35,510481,95129,73230,34726,0.8811830745859425,0.26742135458780947
4251,0.6149,32,138,32,510619,94991,73262,34694,0.87990477601986,0.2675251571114624
4252,0.615,30,68,30,510687,94923,73292,34664,0.8792748897699063,0.26749596795974906
4253,0.6151,41,137,41,510824,94786,73333,34623,0.8780058542369114,0.26754707941487843
4254,0.6152,23,93,23,510917,94693,73356,34600,0.8771443921597688,0.26760922865120307
4255,0.6153,39,96,39,511013,94597,73395,34561,0.8762551409833635,0.2675869864816736
4256,0.6154,34,97,34,511110,94500,73429,34527,0.8753566267738708,0.26759515450254595
4257,0.6155,39,138,39,511248,94362,73468,34488,0.8740783282077884,0.26766006984866125
4258,0.6156,36,123,36,511371,94239,73504,34452,0.8729389751380192,0.26771102874326874
4259,0.6157,38,121,38,511492,94118,73542,34414,0.8718181481344252,0.26774655338748327
4260,0.6158,45,115,45,511607,94003,73587,34369,0.8707528993293564,0.2677297229925529
4261,0.6159,43,104,43,511711,93899,73630,34326,0.8697895438882508,0.26770130629752387
4262,0.616,39,133,39,511844,93766,73669,34287,0.868557560487606,0.2677563196488954
4263,0.6161,31,101,31,511945,93665,73700,34256,0.8676219941457631,0.26779027681146955
4264,0.6162,47,151,47,512096,93514,73747,34209,0.8662232761495424,0.26783742943714134
4265,0.6163,34,96,34,512192,93418,73781,34175,0.8653340249731372,0.2678438472329987
4266,0.6164,39,170,39,512362,93248,73820,34136,0.863759309348253,0.2679771399861835
4267,0.6165,43,131,43,512493,93117,73863,34093,0.8625458520137834,0.2680056599323953
4268,0.6166,47,189,47,512682,92928,73910,34046,0.8607951387602356,0.26813363365728415
4269,0.6167,36,138,36,512820,92790,73946,34010,0.8595168401941532,0.26821766561514193
4270,0.6168,52,193,52,513013,92597,73998,33958,0.8577290748082552,0.26832602425822766
4271,0.6169,51,214,51,513227,92383,74049,33907,0.8557467857275186,0.2684852324016153
4272,0.617,61,137,61,513364,92246,74110,33846,0.8544777501945237,0.26842305618120105
4273,0.6171,36,136,36,513500,92110,74146,33810,0.8532179776946163,0.2685038119440915
4274,0.6172,31,91,31,513591,92019,74177,33779,0.8523750416836489,0.26851778247666896
4275,0.6173,35,118,35,513709,91901,74212,33744,0.8512820037793175,0.2685661984161726
4276,0.6174,34,91,34,513800,91810,74246,33710,0.8504390677683501,0.2685627788400255
4277,0.6175,25,75,25,513875,91735,74271,33685,0.8497443402867835,0.2685775793334396
4278,0.6176,12,60,12,513935,91675,74283,33673,0.8491885583015303,0.2686361170501324
4279,0.6177,35,142,35,514077,91533,74318,33638,0.8478732076030976,0.26873636864768996
4280,0.6178,32,116,32,514193,91417,74350,33606,0.8467986957649413,0.2687985410684434
4281,0.6179,38,130,38,514323,91287,74388,33568,0.8455945014635592,0.2688558728124625
4282,0.618,62,187,62,514510,91100,74450,33506,0.8438623142761866,0.2688955588013418
4283,0.6181,26,148,26,514658,90952,74476,33480,0.8424913853792286,0.2690626205477691
4284,0.6182,53,136,53,514794,90816,74529,33427,0.8412316128793212,0.2690453385703822
4285,0.6183,40,157,40,514951,90659,74569,33387,0.8397773166845752,0.26915015397513825
4286,0.6184,26,84,26,515035,90575,74595,33361,0.8389992219052207,0.26917925380841723
4287,0.6185,40,114,40,515149,90461,74635,33321,0.8379432361332395,0.2691909970755037
4288,0.6186,30,116,30,515265,90345,74665,33291,0.8368687242950832,0.2692662331359798
4289,0.6187,53,192,53,515457,90153,74718,33238,0.8350902219422728,0.2693713479913446
4290,0.6188,77,275,77,515732,89878,74795,33161,0.8325428878431954,0.2695161696697795
4291,0.6189,26,102,26,515834,89776,74821,33135,0.8315980584682648,0.26958530969563343
4292,0.619,44,121,44,515955,89655,74865,33091,0.8304772314646708,0.26958923305036414
4293,0.6191,64,181,64,516136,89474,74929,33027,0.8288006224758235,0.26960596240030693
4294,0.6192,62,179,62,516315,89295,74991,32965,0.8271425395531513,0.26963029609029937
4295,0.6193,76,179,76,516494,89116,75067,32889,0.8254844566304791,0.26957091922462195
4296,0.6194,51,168,51,516662,88948,75118,32838,0.82392826707177,0.2696369040776444
4297,0.6195,38,98,38,516760,88850,75156,32800,0.8230204898291896,0.26962597616111794
4298,0.6196,40,155,40,516915,88695,75196,32760,0.8215847197006187,0.26972952945535383
4299,0.6197,64,204,64,517119,88491,75260,32696,0.8196950609507577,0.2697979156180118
4300,0.6198,45,118,45,517237,88373,75305,32651,0.8186020230464264,0.2697894632469593
4301,0.6199,57,136,57,517373,88237,75362,32594,0.817342250546519,0.26974865721544966
4302,0.62,42,116,42,517489,88121,75404,32552,0.8162677387083627,0.2697537974526199
4303,0.6201,29,81,29,517570,88040,75433,32523,0.8155174330282707,0.2697593789139288
4304,0.6202,13,73,13,517643,87967,75446,32510,0.8148412316128794,0.2698440366210978
4305,0.6203,40,132,40,517775,87835,75486,32470,0.8136185112453221,0.26989734425003115
4306,0.6204,30,132,30,517907,87703,75516,32440,0.812395790877765,0.2700115695462907
4307,0.6205,46,173,46,518080,87530,75562,32394,0.8107932861536181,0.27012107668189855
4308,0.6206,57,163,57,518243,87367,75619,32337,0.8092834117603468,0.2701413486600281
4309,0.6207,31,112,31,518355,87255,75650,32306,0.8082459520545408,0.270205167236808
4310,0.6208,41,133,41,518488,87122,75691,32265,0.8070139686538961,0.27025555546248753
4311,0.6209,55,149,55,518637,86973,75746,32210,0.8056337767238505,0.27025666412156096
4312,0.621,57,227,57,518864,86746,75803,32153,0.8035310682129757,0.2704227958182996
4313,0.6211,45,140,45,519004,86606,75848,32108,0.802234243580718,0.2704651515406776
4314,0.6212,58,166,58,519170,86440,75906,32050,0.8006965800881841,0.2704869609249726
4315,0.6213,25,128,25,519298,86312,75931,32025,0.7995109118529772,0.2706254172405925
4316,0.6214,29,122,29,519420,86190,75960,31996,0.7983808218162955,0.2707258050868969
4317,0.6215,43,134,43,519554,86056,76003,31953,0.7971395753825633,0.2707674838359786
4318,0.6216,38,77,38,519631,85979,76041,31915,0.7964263218348216,0.2707092812187219
4319,0.6217,36,127,36,519758,85852,76077,31879,0.7952499166327022,0.27077829968317607
4320,0.6218,20,89,20,519847,85763,76097,31859,0.7944255066879099,0.27085919300811073
4321,0.6219,44,178,44,520025,85585,76141,31815,0.7927766867983252,0.27099659284497446
4322,0.622,46,163,46,520188,85422,76187,31769,0.7912668124050539,0.27108737019054363
4323,0.6221,40,162,40,520350,85260,76227,31729,0.7897662010448702,0.2712135328962552
4324,0.6222,23,95,23,520445,85165,76250,31706,0.7888862129015525,0.2712905682333513
4325,0.6223,38,121,38,520566,85044,76288,31668,0.7877653858979584,0.2713345671396257
4326,0.6224,59,189,59,520755,84855,76347,31609,0.7860146726444107,0.271405756285204
4327,0.6225,52,193,52,520948,84662,76399,31557,0.7842269072585127,0.27153047264216695
4328,0.6226,39,149,39,521097,84513,76438,31518,0.7828467153284672,0.27163430462548804
4329,0.6227,32,103,32,521200,84410,76470,31486,0.781892622920449,0.2716746048181128
4330,0.6228,38,107,38,521307,84303,76508,31448,0.7809014783800807,0.2716866376964346
4331,0.6229,52,184,52,521491,84119,76560,31396,0.7791970802919708,0.2717915422239536
4332,0.623,35,115,35,521606,84004,76595,31361,0.7781318314869021,0.2718415463962207
4333,0.6231,44,150,44,521756,83854,76639,31317,0.776742376523769,0.2719174097646109
4334,0.6232,33,96,33,521852,83758,76672,31284,0.7758531253473637,0.2719354670468177
4335,0.6233,39,135,39,521987,83623,76711,31245,0.7746026158805439,0.272007869902845
4336,0.6234,57,172,57,522159,83451,76768,31188,0.7730093741894846,0.27205401303221416
4337,0.6235,55,192,55,522351,83259,76823,31133,0.7712308718366742,0.27216064060423806
4338,0.6236,46,187,46,522538,83072,76869,31087,0.7694986846493016,0.2723131772352596
4339,0.6237,35,134,35,522672,82938,76904,31052,0.7682574382155694,0.27240986051408017
4340,0.6238,34,134,34,522806,82804,76938,31018,0.767016191781837,0.27251322239988757
4341,0.6239,33,111,33,522917,82693,76971,30985,0.7659879951091185,0.2725681310367881
4342,0.624,69,161,69,523078,82532,77040,30916,0.7644966467820223,0.2725125167477611
4343,0.6241,35,133,35,523211,82399,77075,30881,0.7632646633813776,0.272607697740113
4344,0.6242,33,115,33,523326,82284,77108,30848,0.7621994145763089,0.27267263020188803
4345,0.6243,13,75,13,523401,82209,77121,30835,0.7615046870947423,0.2727698949081773
4346,0.6244,40,119,40,523520,82090,77161,30795,0.7604023861573234,0.27279975195995926
4347,0.6245,38,137,38,523657,81953,77199,30757,0.7591333506243284,0.2728861680418774
4348,0.6246,42,155,42,523812,81798,77241,30715,0.7576975804957575,0.2729906766329224
4349,0.6247,38,134,38,523946,81664,77279,30677,0.7564563340620253,0.27307038392038524
4350,0.6248,40,180,40,524126,81484,77319,30637,0.7547889881062655,0.2732494358773111
4351,0.6249,56,154,56,524280,81330,77375,30581,0.7533624810107822,0.27326178838541343
4352,0.625,55,172,55,524452,81158,77430,30526,0.7517692393197228,0.27332473765266285
4353,0.6251,45,115,45,524567,81043,77475,30481,0.7507039905146541,0.2733133675262724
4354,0.6252,33,113,33,524680,80930,77508,30448,0.7496572677757605,0.27337535240352673
4355,0.6253,42,120,42,524800,80810,77550,30406,0.748545703805254,0.27339591425694143
4356,0.6254,46,153,46,524953,80657,77596,30360,0.7471284597428582,0.2734716304710089
4357,0.6255,47,152,47,525105,80505,77643,30313,0.74572047871355,0.273538594813117
4358,0.6256,35,139,35,525244,80366,77678,30278,0.74443291711438,0.2736524348360508
4359,0.6257,15,60,15,525304,80306,77693,30263,0.7438771351291267,0.27370239398022955
4360,0.6258,63,162,63,525466,80144,77756,30200,0.7423765237689429,0.273689552671645
4361,0.6259,30,102,30,525568,80042,77786,30170,0.7414316943940124,0.2737451457191594
4362,0.626,56,141,56,525709,79901,77842,30114,0.7401256067286672,0.27372631004862974
4363,0.6261,26,80,26,525789,79821,77868,30088,0.7393845640816629,0.2737537417317963
4364,0.6262,51,116,51,525905,79705,77919,30037,0.7383100522435067,0.2737056004082302
4365,0.6263,32,114,32,526019,79591,77951,30005,0.7372540664715255,0.27377824008175483
4366,0.6264,30,112,30,526131,79479,77981,29975,0.7362166067657193,0.27385933816945934
4367,0.6265,26,91,26,526222,79388,78007,29949,0.7353736707547519,0.27391459432762927
4368,0.6266,24,81,24,526303,79307,78031,29925,0.7346233650746601,0.2739581807528929
4369,0.6267,37,144,37,526447,79163,78068,29888,0.7332894883100523,0.2740735985914847
4370,0.6268,37,102,37,526549,79061,78105,29851,0.7323446589351217,0.2740836638754224
4371,0.6269,57,179,57,526728,78882,78162,29794,0.7306865760124495,0.2741543671095734
4372,0.627,34,132,34,526860,78750,78196,29760,0.7294638556448924,0.27426043682609896
4373,0.6271,49,140,49,527000,78610,78245,29711,0.7281670310126348,0.27428661109110886
4374,0.6272,30,102,30,527102,78508,78275,29681,0.7272222016377042,0.27434397212285905
4375,0.6273,23,92,23,527194,78416,78298,29658,0.7263700025936493,0.274423080481892
4376,0.6274,35,94,35,527288,78322,78333,29623,0.7254992774834191,0.2744267914215573
4377,0.6275,45,182,45,527470,78140,78378,29578,0.7238134054614843,0.27458734844687055
4378,0.6276,46,158,46,527628,77982,78424,29532,0.7223498462336507,0.2746805067247056
4379,0.6277,54,172,54,527800,77810,78478,29478,0.7207566045425914,0.2747557974796809
4380,0.6278,44,116,44,527916,77694,78522,29434,0.7196820927044352,0.2747554327533418
4381,0.6279,47,139,47,528055,77555,78569,29387,0.7183945311052651,0.2747938134689832
4382,0.628,33,81,33,528136,77474,78602,29354,0.7176442254251733,0.27477814805107276
4383,0.6281,24,83,24,528219,77391,78626,29330,0.7168753936789062,0.274828759100833
4384,0.6282,43,115,43,528334,77276,78669,29287,0.7158101448738375,0.27483272805758097
4385,0.6283,30,107,30,528441,77169,78699,29257,0.7148190003334692,0.274904628568207
4386,0.6284,42,98,42,528539,77071,78741,29215,0.7139112230908888,0.2748715729258792
4387,0.6285,31,103,31,528642,76968,78772,29184,0.7129571306828708,0.2749265204612254
4388,0.6286,31,118,31,528760,76850,78803,29153,0.7118640927785395,0.2750205182872183
4389,0.6287,57,145,57,528905,76705,78860,29096,0.7105209529808441,0.27500685248721657
4390,0.6288,68,209,68,529114,76496,78928,29028,0.7085849790655452,0.27508434100299456
4391,0.6289,39,141,39,529255,76355,78967,28989,0.7072788914002001,0.27518415856622114
4392,0.629,18,70,18,529325,76285,78985,28971,0.7066304790840713,0.27524321653872463
4393,0.6291,32,81,32,529406,76204,79017,28939,0.7058801734039793,0.2752346803876625
4394,0.6292,37,124,37,529530,76080,79054,28902,0.7047315573011227,0.27530433788649483
4395,0.6293,31,114,31,529644,75966,79085,28871,0.7036755715291415,0.2753894140427521
4396,0.6294,46,133,46,529777,75833,79131,28825,0.7024435881284968,0.27542089472376696
4397,0.6295,56,137,56,529914,75696,79187,28769,0.7011745525955019,0.2753936725218973
4398,0.6296,50,134,50,530048,75562,79237,28719,0.6999333061617696,0.27540012082737986
4399,0.6297,15,63,15,530111,75499,79252,28704,0.6993497350772537,0.27546231874322236
4400,0.6298,47,128,47,530239,75371,79299,28657,0.6981640668420468,0.27547391087015033
4401,0.6299,43,135,43,530374,75236,79342,28614,0.696913557375227,0.2755320173326914
4402,0.63,37,136,37,530510,75100,79379,28577,0.6956537848753196,0.2756349045593526
4403,0.6301,33,89,33,530599,75011,79412,28544,0.6948293749305272,0.2756409637390759
4404,0.6302,47,137,47,530736,74874,79459,28497,0.6935603393975324,0.2756769306672084
4405,0.6303,34,115,34,530851,74759,79493,28463,0.6924950905924636,0.27574548061459764
4406,0.6304,42,114,42,530965,74645,79535,28421,0.6914391048204824,0.27575534123765355
4407,0.6305,51,148,51,531113,74497,79586,28370,0.6900681759235244,0.2757930142805759
4408,0.6306,16,110,16,531223,74387,79602,28354,0.6890492422838934,0.275975511236994
4409,0.6307,42,75,42,531298,74312,79644,28312,0.6883545148023269,0.2758808855628313
4410,0.6308,31,96,31,531394,74216,79675,28281,0.6874652636259216,0.2759202708371952
4411,0.6309,34,130,34,531524,74086,79709,28247,0.6862610693245397,0.2760302150821338
4412,0.631,40,88,40,531612,73998,79749,28207,0.6854459224128349,0.27598454087373414
4413,0.6311,47,123,47,531735,73875,79796,28160,0.6843065693430657,0.27598373107267116
4414,0.6312,56,174,56,531909,73701,79852,28104,0.6826948015858313,0.27605716811551495
4415,0.6313,28,69,28,531978,73632,79880,28076,0.68205565230279,0.2760451488575137
4416,0.6314,42,107,42,532085,73525,79922,28034,0.6810645077624218,0.27603658956862515
4417,0.6315,35,114,35,532199,73411,79957,27999,0.6800085219904406,0.2760970318509023
4418,0.6316,32,98,32,532297,73313,79989,27967,0.6791007447478602,0.27613546603475514
4419,0.6317,54,182,54,532479,73131,80043,27913,0.6774148727259254,0.27624599184513676
4420,0.6318,58,148,58,532627,72983,80101,27855,0.6760439438289674,0.2762351494476289
4421,0.6319,45,155,45,532782,72828,80146,27810,0.6746081737003965,0.27633697013056696
4422,0.632,44,107,44,532889,72721,80190,27766,0.6736170291600282,0.27631434911978664
4423,0.6321,26,81,26,532970,72640,80216,27740,0.6728667234799363,0.2763498704921299
4424,0.6322,63,170,63,533140,72470,80279,27677,0.671292007855052,0.2763637452944172
4425,0.6323,26,82,26,533222,72388,80305,27651,0.6705324391418727,0.27640220314077507
4426,0.6324,24,94,24,533316,72294,80329,27627,0.6696617140316425,0.2764884258564266
4427,0.6325,29,96,29,533412,72198,80358,27598,0.6687724628552373,0.2765441500661349
4428,0.6326,18,61,18,533473,72137,80376,27580,0.6682074178368965,0.2765827291234193
4429,0.6327,42,108,42,533581,72029,80418,27538,0.6672070102634406,0.276577580925407
4430,0.6328,37,126,37,533707,71903,80455,27501,0.6660398680944088,0.27665888696631924
4431,0.6329,62,184,62,533891,71719,80517,27439,0.6643354700062989,0.2767199822505496
4432,0.633,45,127,45,534018,71592,80562,27394,0.6631590648041795,0.27674620653425736
4433,0.6331,37,118,37,534136,71474,80599,27357,0.6620660268998481,0.27680586050935435
4434,0.6332,62,146,62,534282,71328,80661,27295,0.6607136240690652,0.2767609989556189
4435,0.6333,31,101,31,534383,71227,80692,27264,0.6597780577272222,0.2768171711120813
4436,0.6334,49,147,49,534530,71080,80741,27215,0.6584163918633518,0.27687064448852944
4437,0.6335,29,124,29,534654,70956,80770,27186,0.657267775760495,0.27700678608546797
4438,0.6336,41,121,41,534775,70835,80811,27145,0.6561469487569009,0.2770463359869361
4439,0.6337,42,131,42,534906,70704,80853,27103,0.6549334914224314,0.2771069555348799
4440,0.6338,62,136,62,535042,70568,80915,27041,0.653673718922524,0.2770338800725343
4441,0.6339,76,238,76,535280,70330,80991,26965,0.6514691170476861,0.27714682152217485
4442,0.634,16,57,16,535337,70273,81007,26949,0.6509411241616955,0.27719034786365226
4443,0.6341,44,135,44,535472,70138,81051,26905,0.6496906146948757,0.27724823016600886
4444,0.6342,37,106,37,535578,70032,81088,26868,0.6487087331875949,0.27727554179566566
4445,0.6343,23,71,23,535649,69961,81111,26845,0.6480510578383786,0.2773071917029936
4446,0.6344,26,77,26,535726,69884,81137,26819,0.6473378042906369,0.2773336918192817
4447,0.6345,27,90,27,535816,69794,81164,26792,0.6465041313127571,0.2773900979438014
4448,0.6346,37,93,37,535909,69701,81201,26755,0.6456426692356145,0.27738035995687155
4449,0.6347,26,69,26,535978,69632,81227,26729,0.6450035199525733,0.2773840039019935
4450,0.6348,46,147,46,536125,69485,81273,26683,0.6436418540887028,0.27746235754097
4451,0.6349,48,174,48,536299,69311,81321,26635,0.6420300863314684,0.2776040689554541
4452,0.635,23,81,23,536380,69230,81344,26612,0.6412797806513765,0.27766532417937856
4453,0.6351,24,75,24,536455,69155,81368,26588,0.64058505316981,0.27770176409763636
4454,0.6352,36,125,36,536580,69030,81404,26552,0.6394271740338656,0.2777928898746626
4455,0.6353,18,64,18,536644,68966,81422,26534,0.6388343399162622,0.2778429319371728
4456,0.6354,39,124,39,536768,68842,81461,26495,0.6376857238134055,0.27790889161605675
4457,0.6355,69,197,69,536965,68645,81530,26426,0.6358609062951572,0.2779606820165981
4458,0.6356,49,119,49,537084,68526,81579,26377,0.6347586053577383,0.2779364192912764
4459,0.6357,53,157,53,537241,68369,81632,26324,0.6333043091629923,0.2779930934704783
4460,0.6358,45,189,45,537430,68180,81677,26279,0.6315535959094446,0.27820535893879883
4461,0.6359,53,146,53,537576,68034,81730,26226,0.6302011930786616,0.27823042647994906
4462,0.636,37,143,37,537719,67891,81767,26189,0.6288765793471415,0.27836947278911567
4463,0.6361,19,57,19,537776,67834,81786,26170,0.6283485864611509,0.27839240883366667
4464,0.6362,39,134,39,537910,67700,81825,26131,0.6271073400274185,0.27849005126237597
4465,0.6363,46,105,46,538015,67595,81871,26085,0.6261347215532254,0.27844790777113576
4466,0.6364,42,96,42,538111,67499,81913,26043,0.6252454703768202,0.27840969831733337
4467,0.6365,62,189,62,538300,67310,81975,25981,0.6234947571232724,0.2784941741432721
4468,0.6366,69,153,69,538453,67157,82044,25912,0.6220775130608767,0.27841708839678087
4469,0.6367,43,136,43,538589,67021,82087,25869,0.6208177405609693,0.2784906879104317
4470,0.6368,33,99,33,538688,66922,82120,25836,0.6199007002853014,0.27853123180749906
4471,0.6369,30,113,30,538801,66809,82150,25806,0.6188539775464078,0.2786373697565189
4472,0.637,44,145,44,538946,66664,82194,25762,0.6175108377487124,0.2787310929824941
4473,0.6371,31,81,31,539027,66583,82225,25731,0.6167605320686206,0.27873345321403037
4474,0.6372,51,138,51,539165,66445,82276,25680,0.6154822335025381,0.2787516960651289
4475,0.6373,45,79,45,539244,66366,82321,25635,0.6147504538886213,0.27863827567091665
4476,0.6374,46,135,46,539379,66231,82367,25589,0.6134999444218014,0.27868656066216513
4477,0.6375,43,178,43,539557,66053,82410,25546,0.6118511245322168,0.27888950752737474
4478,0.6376,55,119,55,539676,65934,82465,25491,0.6107488235947979,0.27881870385561935
4479,0.6377,71,271,71,539947,65663,82536,25420,0.6082385416280707,0.2790861082748702
4480,0.6378,32,113,32,540060,65550,82568,25388,0.6071918188891771,0.2791792210077195
4481,0.6379,28,70,28,540130,65480,82596,25360,0.6065434065730483,0.27917217084984586
4482,0.638,34,106,34,540236,65374,82630,25326,0.6055615250657675,0.2792282249173098
4483,0.6381,25,111,25,540347,65263,82655,25301,0.6045333283930491,0.2793714941919527
4484,0.6382,25,94,25,540441,65169,82680,25276,0.603662603282819,0.2794626568632871
4485,0.6383,54,107,54,540548,65062,82734,25222,0.6026714587424506,0.27936289929555624
4486,0.6384,38,118,38,540666,64944,82772,25184,0.6015784208381192,0.2794248180365702
4487,0.6385,57,199,57,540865,64745,82829,25127,0.5997350772536959,0.2795865230550116
4488,0.6386,16,69,16,540934,64676,82845,25111,0.5990959279706547,0.27967300388697697
4489,0.6387,32,107,32,541041,64569,82877,25079,0.5981047834302864,0.27974968766732106
4490,0.6388,28,102,28,541143,64467,82905,25051,0.5971599540553559,0.2798431600348533
4491,0.6389,52,159,52,541302,64308,82957,24999,0.5956871317944348,0.2799220665793275
4492,0.639,53,141,53,541443,64167,83010,24946,0.5943810441290897,0.27993670957099415
4493,0.6391,47,126,47,541569,64041,83057,24899,0.5932139019600579,0.27995277715313693
4494,0.6392,25,129,25,541698,63912,83082,24874,0.5920189706917633,0.2801567814745568
4495,0.6393,41,155,41,541853,63757,83123,24833,0.5905832005631924,0.28031380516988375
4496,0.6394,44,159,44,542012,63598,83167,24789,0.5891103783022713,0.28045979612386435
4497,0.6395,53,146,53,542158,63452,83220,24736,0.5877579754714883,0.2804916768721368
4498,0.6396,28,108,28,542266,63344,83248,24708,0.5867575678980326,0.28060691409621585
4499,0.6397,45,121,45,542387,63223,83293,24663,0.5856367408944385,0.28062490043920535
4500,0.6398,35,133,35,542520,63090,83328,24628,0.5844047574937937,0.2807633552976584
4501,0.6399,48,146,48,542666,62944,83376,24580,0.5830523546630109,0.28083725606690735
4502,0.64,35,129,35,542795,62815,83411,24545,0.5818574233947164,0.28096382783882784
4503,0.6401,30,117,30,542912,62698,83441,24515,0.5807736485234726,0.2810934149725385
4504,0.6402,34,158,34,543070,62540,83475,24481,0.579310089295639,0.28132289907033936
4505,0.6403,37,114,37,543184,62426,83512,24444,0.5782541035236578,0.2813859790491539
4506,0.6404,27,68,27,543252,62358,83539,24417,0.577624217273704,0.2813828867761452
4507,0.6405,50,145,50,543397,62213,83589,24367,0.5762810774760088,0.28143913143913146
4508,0.6406,42,121,42,543518,62092,83631,24325,0.5751602504724147,0.28148396727495745
4509,0.6407,28,79,28,543597,62013,83659,24297,0.5744284708584979,0.2815085158150852
4510,0.6408,44,145,44,543742,61868,83703,24253,0.5730853310608025,0.28161540158614046
4511,0.6409,21,62,21,543804,61806,83724,24232,0.5725110230093742,0.28164299495571726
4512,0.641,26,87,26,543891,61719,83750,24206,0.5717051391307569,0.28171079429735235
4513,0.6411,32,94,32,543985,61625,83782,24174,0.5708344140205269,0.2817515355656826
4514,0.6412,28,66,28,544051,61559,83810,24146,0.5702230538367483,0.28173385450090427
4515,0.6413,64,145,64,544196,61414,83874,24082,0.5688799140390529,0.2816739964442781
4516,0.6414,21,66,21,544262,61348,83895,24061,0.5682685538552744,0.2817150417403318
4517,0.6415,33,97,33,544359,61251,83928,24028,0.5673700396457816,0.2817575252993117
4518,0.6416,29,140,29,544499,61111,83957,23999,0.566073215013524,0.28197626600869463
4519,0.6417,38,104,38,544603,61007,83995,23961,0.5651098595724184,0.2820002824592788
4520,0.6418,44,107,44,544710,60900,84039,23917,0.5641187150320501,0.28198356461558416
4521,0.6419,37,109,37,544819,60791,84076,23880,0.5631090444255067,0.2820328093444036
4522,0.642,44,152,44,544971,60639,84120,23836,0.5617010633961984,0.282166321396863
4523,0.6421,36,98,36,545069,60541,84156,23800,0.5607932861536181,0.2821877853001506
4524,0.6422,16,78,16,545147,60463,84172,23784,0.5600707695727889,0.28231272330171997
4525,0.6423,42,123,42,545270,60340,84214,23742,0.5589314165030197,0.2823672129587783
4526,0.6424,44,99,44,545369,60241,84258,23698,0.5580143762273518,0.28232406866891435
4527,0.6425,35,131,35,545500,60110,84293,23663,0.5568009188928823,0.28246571090924283
4528,0.6426,44,145,44,545645,59965,84337,23619,0.5554577790951869,0.2825780053598775
4529,0.6427,43,113,43,545758,59852,84380,23576,0.5544110563562933,0.282590976650525
4530,0.6428,21,58,21,545816,59794,84401,23555,0.5538738004372151,0.28260686990845724
4531,0.6429,33,101,33,545917,59693,84434,23522,0.5529382340953722,0.282665384846482
4532,0.643,16,71,16,545988,59622,84450,23506,0.5522805587461559,0.28276874218073333
4533,0.6431,26,102,26,546090,59520,84476,23480,0.5513357293712253,0.28289156626506023
4534,0.6432,41,92,41,546182,59428,84517,23439,0.5504835303271703,0.2828508332629394
4535,0.6433,51,152,51,546334,59276,84568,23388,0.5490755492978621,0.2829284815639214
4536,0.6434,52,136,52,546470,59140,84620,23336,0.5478157767979547,0.2829429167272904
4537,0.6435,42,137,42,546607,59003,84662,23294,0.5465467412649598,0.2830479847382043
4538,0.6436,54,137,54,546744,58866,84716,23240,0.5452777057319649,0.28304874187026524
4539,0.6437,45,140,45,546884,58726,84761,23195,0.5439808810997073,0.283138633561602
4540,0.6438,25,55,25,546939,58671,84786,23170,0.5434714142798918,0.28310993267433193
4541,0.6439,30,84,30,547023,58587,84816,23140,0.5426933195005372,0.2831377635298004
4542,0.644,33,106,33,547129,58481,84849,23107,0.5417114379932565,0.2832156689709271
4543,0.6441,26,80,26,547209,58401,84875,23081,0.5409703953462521,0.28326501558626443
4544,0.6442,53,110,53,547319,58291,84928,23028,0.5399514617066212,0.28318105239857844
4545,0.6443,57,157,57,547476,58134,84985,22971,0.5384971655118752,0.28322544849269465
4546,0.6444,20,105,20,547581,58029,85005,22951,0.537524547037682,0.2834156581872067
4547,0.6445,30,85,30,547666,57944,85035,22921,0.5367371892252399,0.2834477215111606
4548,0.6446,29,98,29,547764,57846,85064,22892,0.5358294119826597,0.2835343952042409
4549,0.6447,30,78,30,547842,57768,85094,22862,0.5351068954018304,0.28354210591591217
4550,0.6448,29,128,29,547970,57640,85123,22833,0.5339212271666235,0.28373491730145517
4551,0.6449,18,48,18,548018,57592,85141,22815,0.5334766015784208,0.2837439526409392
4552,0.645,33,108,33,548126,57484,85174,22782,0.5324761940049649,0.28383126105698553
4553,0.6451,18,103,18,548229,57381,85192,22764,0.5315221015969469,0.28403518622496726
4554,0.6452,28,91,28,548320,57290,85220,22736,0.5306791655859795,0.28410766500887213
4555,0.6453,38,148,38,548468,57142,85258,22698,0.5293082366890215,0.2842935871743487
4556,0.6454,29,116,29,548584,57026,85287,22669,0.5282337248508652,0.2844469540121714
4557,0.6455,42,128,42,548712,56898,85329,22627,0.5270480566156582,0.2845268783401446
4558,0.6456,44,102,44,548814,56796,85373,22583,0.5261032272407277,0.28449589941924186
4559,0.6457,38,107,38,548921,56689,85411,22545,0.5251120827003594,0.28453694121210593
4560,0.6458,38,83,38,549004,56606,85449,22507,0.5243432509540924,0.28449180286425746
4561,0.6459,34,65,34,549069,56541,85483,22473,0.5237411538034014,0.2844179512491457
4562,0.646,50,141,50,549210,56400,85533,22423,0.5224350661380562,0.2844728061606384
4563,0.6461,56,204,56,549414,56196,85589,22367,0.5205454073881952,0.2847014497918868
4564,0.6462,36,122,36,549536,56074,85625,22331,0.5194153173515136,0.28481601938651874
4565,0.6463,34,97,34,549633,55977,85659,22297,0.5185168031420209,0.2848583182154994
4566,0.6464,25,98,25,549731,55879,85684,22272,0.5176090258994405,0.28498675640746757
4567,0.6465,26,58,26,549789,55821,85710,22246,0.5170717699803624,0.28496035456723073
4568,0.6466,37,119,37,549908,55702,85747,22209,0.5159694690429434,0.2850560254649536
4569,0.6467,11,38,11,549946,55664,85758,22198,0.5156174737856164,0.28509414091597957
4570,0.6468,47,110,47,550056,55554,85805,22151,0.5145985401459854,0.285065311112541
4571,0.6469,28,78,28,550134,55476,85833,22123,0.5138760235651562,0.2850938800757742
4572,0.647,24,73,24,550207,55403,85857,22099,0.5131998221497647,0.2851410286186163
4573,0.6471,40,114,40,550321,55289,85897,22059,0.5121438363777835,0.2851916015928014
4574,0.6472,35,133,35,550454,55156,85932,22024,0.5109118529771388,0.285358901269759
4575,0.6473,39,120,39,550574,55036,85971,21985,0.5098002890066323,0.28544163280144375
4576,0.6474,28,79,28,550653,54957,85999,21957,0.5090685093927155,0.2854746860129495
4577,0.6475,50,97,50,550750,54860,86049,21907,0.5081699951832228,0.28537001576198107
4578,0.6476,35,118,35,550868,54742,86084,21872,0.5070769572788913,0.2854830709791944
4579,0.6477,22,82,22,550950,54660,86106,21850,0.506317388565712,0.285583583845249
4580,0.6478,44,125,44,551075,54535,86150,21806,0.5051595094297677,0.28563943359400584
4581,0.6479,62,139,62,551214,54396,86212,21744,0.5038719478305976,0.2855791962174941
4582,0.648,22,89,22,551303,54307,86234,21722,0.5030475378858054,0.28570676978521353
4583,0.6481,36,87,36,551390,54220,86270,21686,0.5022416540071881,0.2856954654441019
4584,0.6482,87,255,87,551645,53965,86357,21599,0.4998795805698618,0.28583717113969614
4585,0.6483,32,96,32,551741,53869,86389,21567,0.4989903293934566,0.2858979797444191
4586,0.6484,31,82,31,551823,53787,86420,21536,0.49823076068027716,0.28591532466842795
4587,0.6485,44,90,44,551913,53697,86464,21492,0.49739708770239727,0.28583968399632925
4588,0.6486,39,106,39,552019,53591,86503,21453,0.49641520619511653,0.28587228825755556
4589,0.6487,31,101,31,552120,53490,86534,21422,0.49547963985327353,0.28596219564288766
4590,0.6488,38,111,38,552231,53379,86572,21384,0.49445144318055506,0.28602383531960995
4591,0.6489,25,57,25,552288,53322,86597,21359,0.49392345029456447,0.28600313332708455
4592,0.649,29,63,29,552351,53259,86626,21330,0.4933398792100485,0.285967099706391
4593,0.6491,27,66,27,552417,53193,86653,21303,0.49272851902626996,0.285961662371134
4594,0.6492,24,87,24,552504,53106,86677,21279,0.4919226351476527,0.2860657390602944
4595,0.6493,26,88,26,552592,53018,86703,21253,0.49110748823594796,0.2861547575769816
4596,0.6494,30,74,30,552666,52944,86733,21223,0.49042202378746896,0.28615152291450374
4597,0.6495,32,124,32,552790,52820,86765,21191,0.48927340768461225,0.2863223034413803
4598,0.6496,18,57,18,552847,52763,86783,21173,0.48874541479862166,0.2863692923609608
4599,0.6497,30,98,30,552945,52665,86813,21143,0.48783763755604137,0.2864594623889009
4600,0.6498,39,85,39,553030,52580,86852,21104,0.48705027974359927,0.28641224689213396
4601,0.6499,44,181,44,553211,52399,86896,21060,0.48537367075475196,0.2866905348561783
4602,0.65,41,158,41,553369,52241,86937,21019,0.4839101115269184,0.2869096369096369
4603,0.6501,73,153,73,553522,52088,87010,20946,0.4824928674645226,0.286797929731358
4604,0.6502,36,102,36,553624,51986,87046,20910,0.48154803808959207,0.2868470149253731
4605,0.6503,30,82,30,553706,51904,87076,20880,0.4807884693764126,0.2868762365355023
4606,0.6504,19,70,19,553776,51834,87095,20861,0.48014005706028384,0.28696609120297134
4607,0.6505,59,155,59,553931,51679,87154,20802,0.4787042869317129,0.2869993515542004
4608,0.6506,28,59,28,553990,51620,87182,20774,0.47815776797954723,0.2869574826643092
4609,0.6507,13,41,13,554031,51579,87195,20761,0.4777779836229575,0.28699198230577827
4610,0.6508,28,97,28,554128,51482,87223,20733,0.47687946941346476,0.2871010177940871
4611,0.6509,28,84,28,554212,51398,87251,20705,0.4761013746341102,0.2871586480451576
4612,0.651,25,102,25,554314,51296,87276,20680,0.47515654525917966,0.2873179948871846
4613,0.6511,49,164,49,554478,51132,87325,20631,0.47363740783282077,0.28748798127168596
4614,0.6512,30,98,30,554576,51034,87355,20601,0.4727296305902405,0.2875828854610177
4615,0.6513,9,46,9,554622,50988,87364,20592,0.472303531068213,0.28767812238055324
4616,0.6514,45,119,45,554741,50869,87409,20547,0.471201230130794,0.28770863672006275
4617,0.6515,30,78,30,554819,50791,87439,20517,0.4704787135499648,0.2877236775677343
4618,0.6516,58,149,58,554968,50642,87497,20459,0.4690985216199192,0.2877456013276888
4619,0.6517,46,89,46,555057,50553,87543,20413,0.4682741116751269,0.2876447876447876
4620,0.6518,65,182,65,555239,50371,87608,20348,0.466588239653192,0.28773031292863305
4621,0.6519,38,79,38,555318,50292,87646,20310,0.4658564600392753,0.2876689045636101
4622,0.652,43,94,43,555412,50198,87689,20267,0.46498573492904516,0.2876179663662811
4623,0.6521,23,95,23,555507,50103,87712,20244,0.4641057467857275,0.2877734658194379
4624,0.6522,31,90,31,555597,50013,87743,20213,0.46327207380784763,0.2878278700196508
4625,0.6523,17,79,17,555676,49934,87760,20196,0.46254029419393083,0.28797946670469127
4626,0.6524,47,122,47,555798,49812,87807,20149,0.46141020415724926,0.28800331613327423
4627,0.6525,33,80,33,555878,49732,87840,20116,0.4606691615102449,0.28799679303630743
4628,0.6526,27,89,27,555967,49643,87867,20089,0.45984475156545257,0.2880886823839844
4629,0.6527,37,108,37,556075,49535,87904,20052,0.45884434399199675,0.28815727075459496
4630,0.6528,40,102,40,556177,49433,87944,20012,0.45789951461706624,0.2881704946360429
4631,0.6529,33,86,33,556263,49347,87977,19979,0.45710289377153657,0.28818913538932
4632,0.653,17,95,17,556358,49252,87994,19962,0.4562229056282189,0.2884098592770249
4633,0.6531,39,109,39,556467,49143,88033,19923,0.4552132350216755,0.288463209104335
4634,0.6532,33,82,33,556549,49061,88066,19890,0.45445366630849604,0.2884657220344883
4635,0.6533,19,84,19,556633,48977,88085,19871,0.4536755715291415,0.2886213107134557
4636,0.6534,26,88,26,556721,48889,88111,19845,0.45286042461743675,0.2887217388774115
4637,0.6535,41,107,41,556828,48782,88152,19804,0.45186928007706845,0.28874697460123055
4638,0.6536,26,60,26,556888,48722,88178,19778,0.4513134980918152,0.28872992700729927
4639,0.6537,25,108,25,556996,48614,88203,19753,0.4503130905183593,0.2889259438032969
4640,0.6538,35,123,35,557119,48491,88238,19718,0.4491737374485902,0.2890820859417379
4641,0.6539,21,71,21,557190,48420,88259,19697,0.44851606209937384,0.2891642321300116
4642,0.654,31,59,31,557249,48361,88290,19666,0.4479695431472081,0.28909109618239814
4643,0.6541,47,154,47,557403,48207,88337,19619,0.4465430360517248,0.28925485801904877
4644,0.6542,42,118,42,557521,48089,88379,19577,0.4454499981473934,0.2893181213608016
4645,0.6543,46,111,46,557632,47978,88425,19531,0.44442180147467486,0.289309573538343
4646,0.6544,22,65,22,557697,47913,88447,19509,0.4438197043239838,0.28935658983714513
4647,0.6545,29,117,29,557814,47796,88476,19480,0.44273592945274,0.28955348118199653
4648,0.6546,29,98,29,557912,47698,88505,19451,0.4418281522101597,0.28966924302670183
4649,0.6547,39,126,39,558038,47572,88544,19412,0.44066101004112784,0.2898005493849277
4650,0.6548,37,97,37,558135,47475,88581,19375,0.4397624958316351,0.2898279730740464
4651,0.6549,44,96,44,558231,47379,88625,19331,0.4388732446552299,0.28977664518063256
4652,0.655,26,83,26,558314,47296,88651,19305,0.4381044129089629,0.28986051260491585
4653,0.6551,23,53,23,558367,47243,88674,19282,0.43761347215532254,0.2898459225854942
4654,0.6552,36,82,36,558449,47161,88710,19246,0.4368539034421431,0.28981884439893385
4655,0.6553,39,104,39,558553,47057,88749,19207,0.43589054800103744,0.28985572860074854
4656,0.6554,39,87,39,558640,46970,88788,19168,0.43508466412242025,0.28981825879222234
4657,0.6555,30,81,30,558721,46889,88818,19138,0.43433435844232837,0.28985112151089704
4658,0.6556,44,98,44,558819,46791,88862,19094,0.43342658119974803,0.2898079987857631
4659,0.6557,35,99,35,558918,46692,88897,19059,0.43250954092408017,0.28986631382032213
4660,0.6558,23,84,23,559002,46608,88920,19036,0.43173144614472564,0.28998842239961004
4661,0.6559,27,148,27,559150,46460,88947,19009,0.4303605172477676,0.290351158563595
4662,0.656,29,109,29,559259,46351,88976,18980,0.4293508466412242,0.2905205798166261
4663,0.6561,31,79,31,559338,46272,89007,18949,0.4286190670273074,0.29053525704910993
4664,0.6562,29,87,29,559425,46185,89036,18920,0.4278131831486902,0.29060748022425315
4665,0.6563,34,95,34,559520,46090,89070,18886,0.4269331950053726,0.29066116720019697
4666,0.6564,17,76,17,559596,46014,89087,18869,0.42622920449071844,0.2908157760892684
4667,0.6565,24,75,24,559671,45939,89111,18845,0.42553447700915187,0.2908897258582366
4668,0.6566,15,64,15,559735,45875,89126,18830,0.4249416428915484,0.29101305926899
4669,0.6567,37,90,37,559825,45785,89163,18793,0.42410796991366856,0.2910124190900926
4670,0.6568,58,136,58,559961,45649,89221,18735,0.4228481974137612,0.290988444333996
4671,0.6569,40,118,40,560079,45531,89261,18695,0.42175515950942977,0.2910814934761623
4672,0.657,31,86,31,560165,45445,89292,18664,0.4209585386639001,0.29112917063126864
4673,0.6571,40,162,40,560327,45283,89332,18624,0.41945792730371634,0.2914234747367268
4674,0.6572,32,89,32,560416,45194,89364,18592,0.418633517358924,0.29147461825478943
4675,0.6573,22,71,22,560487,45123,89386,18570,0.41797584200970767,0.2915548019405586
4676,0.6574,23,46,23,560533,45077,89409,18547,0.4175497424876802,0.29150949327297876
4677,0.6575,48,98,48,560631,44979,89457,18499,0.41664196524509983,0.29142380037178234
4678,0.6576,43,101,43,560732,44878,89500,18456,0.4157063989032569,0.291407458868854
4679,0.6577,37,90,37,560822,44788,89537,18419,0.414872725925377,0.2914075972597972
4680,0.6578,33,110,33,560932,44678,89570,18386,0.41385379228574604,0.2915450970442725
4681,0.6579,27,80,27,561012,44598,89597,18359,0.4131127496387417,0.2916117349937259
4682,0.658,39,79,39,561091,44519,89636,18320,0.41238097002482493,0.2915386941230764
4683,0.6581,20,73,20,561164,44446,89656,18300,0.41170476860943345,0.2916520575016734
4684,0.6582,36,91,36,561255,44355,89692,18264,0.41086183259846604,0.2916686628659033
4685,0.6583,23,64,23,561319,44291,89715,18241,0.41026899848086257,0.29170664619714703
4686,0.6584,16,61,16,561380,44230,89731,18225,0.40970395346252175,0.2918101032743575
4687,0.6585,50,109,50,561489,44121,89781,18175,0.40869428285597836,0.29175227944009247
4688,0.6586,45,102,45,561591,44019,89826,18130,0.40774945348104785,0.2917182899161692
4689,0.6587,32,112,32,561703,43907,89858,18098,0.40671199377524175,0.2918796871220063
4690,0.6588,34,73,34,561776,43834,89892,18064,0.4060357923598503,0.2918349542796213
4691,0.6589,26,63,26,561839,43771,89918,18038,0.40545222127533437,0.2918345224805449
4692,0.659,14,51,14,561890,43720,89932,18024,0.40497980658786914,0.29191500388701735
4693,0.6591,26,75,26,561965,43645,89958,17998,0.40428507910630257,0.29197151339162597
4694,0.6592,22,90,22,562055,43555,89980,17976,0.4034514061284227,0.2921454226324942
4695,0.6593,21,79,21,562134,43476,90001,17955,0.40271962651450594,0.2922791424525077
4696,0.6594,36,95,36,562229,43381,90037,17919,0.40183963837118825,0.2923164763458401
4697,0.6595,46,78,46,562307,43303,90083,17873,0.401117121790359,0.29215705505426964
4698,0.6596,28,77,28,562384,43226,90111,17845,0.40040386824261737,0.29220088094185453
4699,0.6597,50,97,50,562481,43129,90161,17795,0.3995053540331246,0.292085220930996
4700,0.6598,29,80,29,562561,43049,90190,17766,0.3987643113861203,0.2921318753596974
4701,0.6599,16,53,16,562614,42996,90206,17750,0.3982733706324799,0.2922003094853982
4702,0.66,19,75,19,562689,42921,90225,17731,0.39757864315091335,0.29233990635098595
4703,0.6601,32,98,32,562787,42823,90257,17699,0.396670865908333,0.2924391130498001
4704,0.6602,22,68,22,562855,42755,90279,17677,0.39604097965837937,0.2925105904156738
4705,0.6603,37,105,37,562960,42650,90316,17640,0.39506836118418615,0.29258583513020403
4706,0.6604,12,55,12,563015,42595,90328,17628,0.3945588943643707,0.29271208674426713
4707,0.6605,23,74,23,563089,42521,90351,17605,0.39387342991589164,0.29280178292252934
4708,0.6606,22,58,22,563147,42463,90373,17583,0.39333617399681353,0.2928255004496553
4709,0.6607,42,80,42,563227,42383,90415,17541,0.39259513134980917,0.2927207796542287
4710,0.6608,21,46,21,563273,42337,90436,17520,0.3921690318277817,0.29269759593698313
4711,0.6609,35,83,35,563356,42254,90471,17485,0.3914002000815147,0.29268986759068616
4712,0.661,47,69,47,563425,42185,90518,17438,0.39076105079847345,0.292471026281804
4713,0.6611,49,111,49,563536,42074,90567,17389,0.3897328541257549,0.2924339505238552
4714,0.6612,32,88,32,563624,41986,90599,17357,0.38891770721405017,0.29248605564262004
4715,0.6613,36,73,36,563697,41913,90635,17321,0.38824150579865874,0.29241651754060166
4716,0.6614,47,104,47,563801,41809,90682,17274,0.3872781503575531,0.2923683631501447
4717,0.6615,27,64,27,563865,41745,90709,17247,0.3866853162399496,0.2923616761594793
4718,0.6616,34,97,34,563962,41648,90743,17213,0.38578680203045684,0.29243471908394353
4719,0.6617,41,92,41,564054,41556,90784,17172,0.38493460298640186,0.2923988557417246
4720,0.6618,32,68,32,564122,41488,90816,17140,0.38430471673644817,0.292351777307771
4721,0.6619,40,92,40,564214,41396,90856,17100,0.3834525176923932,0.2923276805251641
4722,0.662,24,84,24,564298,41312,90880,17076,0.38267442291303866,0.2924573542508735
4723,0.6621,42,79,42,564377,41233,90922,17034,0.38194264329912186,0.29234386530969503
4724,0.6622,20,29,20,564406,41204,90942,17014,0.3816740153395828,0.292246384279776
4725,0.6623,52,154,52,564560,41050,90994,16962,0.3802475082440995,0.2923877818382404
4726,0.6624,38,93,38,564653,40957,91032,16924,0.3793860461669569,0.292393013251326
4727,0.6625,21,65,21,564718,40892,91053,16903,0.3787839490162659,0.2924647460853015
4728,0.6626,19,81,19,564799,40811,91072,16884,0.378033643336174,0.29264234335731
4729,0.6627,26,64,26,564863,40747,91098,16858,0.37744080921857054,0.29264820762086624
4730,0.6628,26,73,26,564936,40674,91124,16832,0.37676460780317905,0.2926998921851633
4731,0.6629,33,67,33,565003,40607,91157,16799,0.37614398458631293,0.292634916210849
4732,0.663,26,44,26,565047,40563,91183,16773,0.3757364111304606,0.2925387191293428
4733,0.6631,15,69,15,565116,40494,91198,16758,0.3750972618474193,0.29270593167050935
4734,0.6632,24,48,24,565164,40446,91222,16734,0.37465263625921674,0.29265477439664217
4735,0.6633,39,85,39,565249,40361,91261,16695,0.3738652784467746,0.29260726303982054
4736,0.6634,34,72,34,565321,40289,91295,16661,0.3731983400644707,0.2925548726953468
4737,0.6635,15,37,15,565358,40252,91310,16646,0.3728556078402312,0.29255861365953106
4738,0.6636,35,91,35,565449,40161,91345,16611,0.3720126718292638,0.2925914183047981
4739,0.6637,35,102,35,565551,40059,91380,16576,0.3710678424543333,0.2926812042023484
4740,0.6638,33,91,33,565642,39968,91413,16543,0.3702249064433658,0.2927394666525101
4741,0.6639,47,127,47,565769,39841,91460,16496,0.36904850124124644,0.2928093437705238
4742,0.664,9,23,9,565792,39818,91469,16487,0.36883545148023267,0.2928159133291892
4743,0.6641,17,37,17,565829,39781,91486,16470,0.3684927192559932,0.2927947947592043
4744,0.6642,22,54,22,565883,39727,91508,16448,0.36799251546926526,0.29279928793947485
4745,0.6643,24,65,24,565948,39662,91532,16424,0.3673904183185742,0.2928360018542952
4746,0.6644,24,72,24,566020,39590,91556,16400,0.36672347993627036,0.29290944811573494
4747,0.6645,15,50,15,566070,39540,91571,16385,0.36626032828189264,0.2929816718819848
4748,0.6646,23,47,23,566117,39493,91594,16362,0.3658249657267776,0.292937069197028
4749,0.6647,22,51,22,566168,39442,91616,16340,0.3653525510393123,0.29292603348750496
4750,0.6648,15,61,15,566229,39381,91631,16325,0.3647875060209715,0.293056403259972
4751,0.6649,9,52,9,566281,39329,91640,16316,0.3643058283004187,0.2932159223649924
4752,0.665,33,79,33,566360,39250,91673,16283,0.3635740486865019,0.2932130444960654
4753,0.6651,15,53,15,566413,39197,91688,16268,0.3630831079328615,0.2933020823943027
4754,0.6652,25,78,25,566491,39119,91713,16243,0.3623605913520323,0.293396192334092
4755,0.6653,19,51,19,566542,39068,91732,16224,0.361888176664567,0.29342400347247344
4756,0.6654,24,61,24,566603,39007,91756,16200,0.36132313164622626,0.2934410491423189
4757,0.6655,50,118,50,566721,38889,91806,16150,0.36023009374189485,0.293428296298988
4758,0.6656,23,100,23,566821,38789,91829,16127,0.3593037904331394,0.2936666909461723
4759,0.6657,23,55,23,566876,38734,91852,16104,0.358794323613324,0.2936649768408768
4760,0.6658,27,61,27,566937,38673,91879,16077,0.35822927859498316,0.29364383561643836
4761,0.6659,38,106,38,567043,38567,91917,16039,0.3572473970877024,0.2937223015785811
4762,0.666,45,113,45,567156,38454,91962,15994,0.35620067434880875,0.2937481633852483
4763,0.6661,47,106,47,567262,38348,92009,15947,0.355218792841528,0.2937102863983792
4764,0.6662,46,148,46,567410,38200,92055,15901,0.35384786394457,0.29391323635422634
4765,0.6663,26,108,26,567518,38092,92081,15875,0.35284745637111414,0.2941612466877907
4766,0.6664,25,69,25,567587,38023,92106,15850,0.35220830708807294,0.2942104579288326
4767,0.6665,14,40,14,567627,37983,92120,15836,0.35183778576457075,0.2942455266727364
4768,0.6666,35,93,35,567720,37890,92155,15801,0.3509763236874282,0.29429513326255796
4769,0.6667,24,62,24,567782,37828,92179,15777,0.3504020156359999,0.29431955974256135
4770,0.6668,13,36,13,567818,37792,92192,15764,0.3500685464448479,0.29434610501157665
4771,0.6669,24,101,24,567919,37691,92216,15740,0.3491329801030049,0.2945855402294548
4772,0.667,18,39,18,567958,37652,92234,15722,0.3487717218125903,0.29456289579195866
4773,0.6671,21,71,21,568029,37581,92255,15701,0.34811404646337396,0.29467737697533875
4774,0.6672,38,107,38,568136,37474,92293,15663,0.34712290192300566,0.29476635865780904
4775,0.6673,11,25,11,568161,37449,92304,15652,0.3468913260958168,0.2947590440857988
4776,0.6674,21,57,21,568218,37392,92325,15631,0.3463633332098262,0.29479659770288363
4777,0.6675,13,43,13,568261,37349,92338,15618,0.34596502278706137,0.29486283912624844
4778,0.6676,25,53,25,568314,37296,92363,15593,0.345474082033421,0.2948250108718259
4779,0.6677,28,75,28,568389,37221,92391,15565,0.34477935455185443,0.2948698518546584
4780,0.6678,40,109,40,568498,37112,92431,15525,0.34376968394531104,0.29494462070406746
4781,0.6679,30,72,30,568570,37040,92461,15495,0.3431027455630071,0.2949462263253069
4782,0.668,30,84,30,568654,36956,92491,15465,0.3423246507836526,0.2950153564411209
4783,0.6681,27,101,27,568755,36855,92518,15438,0.34138908444180965,0.29522115770753254
4784,0.6682,14,56,14,568811,36799,92532,15424,0.3408703545889066,0.29534879267755587
4785,0.6683,9,42,9,568853,36757,92541,15415,0.3404813071992293,0.2954650003833474
4786,0.6684,18,45,18,568898,36712,92559,15397,0.3400644707102894,0.2954767890383619
4787,0.6685,19,64,19,568962,36648,92578,15378,0.3394716365926859,0.2955829777418983
4788,0.6686,14,39,14,569001,36609,92592,15364,0.3391103783022713,0.2956150308814192
4789,0.6687,29,64,29,569065,36545,92621,15335,0.33851754418466784,0.29558596761757905
4790,0.6688,19,82,19,569147,36463,92640,15316,0.3377579754714884,0.2957955928078951
4791,0.6689,26,80,26,569227,36383,92666,15290,0.33701693282448403,0.2958992123546146
4792,0.669,46,101,46,569328,36282,92712,15244,0.3360813664826411,0.2958506385125956
4793,0.6691,29,75,29,569403,36207,92741,15215,0.3353866390010745,0.2958850297538019
4794,0.6692,24,81,24,569484,36126,92765,15191,0.33463633332098264,0.29602276048872694
4795,0.6693,16,42,16,569526,36084,92781,15175,0.33424728593130537,0.29604557248483193
4796,0.6694,33,111,33,569637,35973,92814,15142,0.33321908925858684,0.29623398219700675
4797,0.6695,34,84,34,569721,35889,92848,15108,0.33244099447923225,0.2962527207482793
4798,0.6696,26,67,26,569788,35822,92874,15082,0.33182037126236613,0.2962831997485463
4799,0.6697,21,57,21,569845,35765,92895,15061,0.33129237837637554,0.29632471569669067
4800,0.6698,31,88,31,569933,35677,92926,15030,0.3304772314646708,0.2964087798528803
4801,0.6699,27,44,27,569977,35633,92953,15003,0.33006965800881843,0.29629117623824947
4802,0.67,33,70,33,570047,35563,92986,14970,0.3294212456926896,0.2962420596441929
4803,0.6701,17,55,17,570102,35508,93003,14953,0.32891177887287415,0.2963278571570123
4804,0.6702,30,80,30,570182,35428,93033,14923,0.3281707362258698,0.2963794164961967
4805,0.6703,32,75,32,570257,35353,93065,14891,0.3274760087443032,0.29637369636175465
4806,0.6704,28,58,28,570315,35295,93093,14863,0.3269387528252251,0.2963236173691136
4807,0.6705,32,92,32,570407,35203,93125,14831,0.32608655378117013,0.2964184354638846
4808,0.6706,32,69,32,570476,35134,93157,14799,0.32544740449812887,0.29637714537480225
4809,0.6707,18,78,18,570554,35056,93175,14781,0.32472488791729964,0.29658687320665367
4810,0.6708,22,58,22,570612,34998,93197,14759,0.3241876319982215,0.2966215808830918
4811,0.6709,23,36,23,570648,34962,93220,14736,0.3238541628070695,0.2965109259929977
4812,0.671,32,68,32,570716,34894,93252,14704,0.3232242765571159,0.2964635670793177
4813,0.6711,28,71,28,570787,34823,93280,14676,0.32256660120789954,0.2964908381987515
4814,0.6712,29,88,29,570875,34735,93309,14647,0.3217514542961947,0.29660605078773644
4815,0.6713,24,92,24,570967,34643,93333,14623,0.32089925525213975,0.29681727763569193
4816,0.6714,21,73,21,571040,34570,93354,14602,0.3202230538367483,0.29695761815667454
4817,0.6715,18,52,18,571092,34518,93372,14584,0.31974137611619546,0.29701437823306587
4818,0.6716,21,37,21,571129,34481,93393,14563,0.319398643891956,0.2969374439279015
4819,0.6717,20,26,20,571155,34455,93413,14543,0.31915780503167956,0.296808032980938
4820,0.6718,37,74,37,571229,34381,93450,14506,0.31847234058320056,0.29672510074252867
4821,0.6719,25,66,25,571295,34315,93475,14481,0.317860980399422,0.29676612837117794
4822,0.672,19,72,19,571367,34243,93494,14462,0.3171940420171181,0.29693049994867055
4823,0.6721,15,80,15,571447,34163,93509,14447,0.31645299937011373,0.29720222176506894
4824,0.6722,29,61,29,571508,34102,93538,14418,0.31588795435177297,0.2971558120362737
4825,0.6723,22,68,22,571576,34034,93560,14396,0.3152580681018193,0.2972537683254181
4826,0.6724,23,52,23,571628,33982,93583,14373,0.3147763903812664,0.2972391686485369
4827,0.6725,26,59,26,571687,33923,93609,14347,0.31422987142910075,0.2972239486223327
4828,0.6726,15,39,15,571726,33884,93624,14332,0.31386861313868614,0.2972457275593164
4829,0.6727,3,41,3,571767,33843,93627,14329,0.3134888287820964,0.29745495308477954
4830,0.6728,14,67,14,571834,33776,93641,14315,0.31286820556523026,0.29766484373375474
4831,0.6729,26,50,26,571884,33726,93667,14289,0.31240505391085255,0.29759450171821306
4832,0.673,20,55,20,571939,33671,93687,14269,0.3118955870910371,0.29764288694201085
4833,0.6731,12,37,12,571976,33634,93699,14257,0.31155285486679757,0.2976968532709695
4834,0.6732,18,61,18,572037,33573,93717,14239,0.31098780984845675,0.29781226470342176
4835,0.6733,21,56,21,572093,33517,93738,14218,0.31046907999555373,0.2978527286058448
4836,0.6734,16,36,16,572129,33481,93754,14202,0.3101356108044018,0.2978419981964222
4837,0.6735,25,56,25,572185,33425,93779,14177,0.30961688095149875,0.29782362085626657
4838,0.6736,25,89,25,572274,33336,93804,14152,0.3087924710067064,0.2980121293800539
4839,0.6737,39,53,39,572327,33283,93843,14113,0.30830153025306606,0.29776774411342727
4840,0.6738,24,59,24,572386,33224,93867,14089,0.3077550113009004,0.29778285037938834
4841,0.6739,30,79,30,572465,33145,93897,14059,0.3070232316869836,0.2978349292432845
4842,0.674,30,100,30,572565,33045,93927,14029,0.30609692837822816,0.29802013850533204
4843,0.6741,39,100,39,572665,32945,93966,13990,0.30517062506947273,0.2980718014275061
4844,0.6742,32,111,32,572776,32834,93998,13958,0.30414242839675426,0.2982988545050436
4845,0.6743,19,44,19,572820,32790,94017,13939,0.30373485494090185,0.2982944210233474
4846,0.6744,21,71,21,572891,32719,94038,13918,0.3030771795916855,0.2984325749941034
4847,0.6745,29,62,29,572953,32657,94067,13889,0.3025028715402571,0.29839298758217675
4848,0.6746,33,38,33,572991,32619,94100,13856,0.3021508762829301,0.29813878429263047
4849,0.6747,35,105,35,573096,32514,94135,13821,0.3011782578087369,0.29828423438005824
4850,0.6748,19,48,19,573144,32466,94154,13802,0.3007336322205343,0.29830552433647445
4851,0.6749,17,43,17,573187,32423,94171,13785,0.30033532179776945,0.2983249653739612
4852,0.675,25,66,25,573253,32357,94196,13760,0.2997239616139909,0.2983715332740638
4853,0.6751,16,39,16,573292,32318,94212,13744,0.2993627033235763,0.2983804437497286
4854,0.6752,19,47,19,573339,32271,94231,13725,0.2989273407684612,0.2983955126532742
4855,0.6753,27,69,27,573408,32202,94258,13698,0.29828819148541996,0.2984313725490196
4856,0.6754,49,125,49,573533,32077,94307,13649,0.29713031234947573,0.2984953855574509
4857,0.6755,17,72,17,573605,32005,94324,13632,0.2964633739671718,0.2987049981374762
4858,0.6756,21,63,21,573668,31942,94345,13611,0.2958798028826559,0.2987948104405857
4859,0.6757,27,68,27,573736,31874,94372,13584,0.2952499166327022,0.2988252892780149
4860,0.6758,21,55,21,573791,31819,94393,13563,0.2947404498128867,0.298862985324578
4861,0.6759,23,79,23,573870,31740,94416,13540,0.2940086701989699,0.29902826855123676
4862,0.676,17,48,17,573918,31692,94433,13523,0.29356404461076735,0.29908216299900475
4863,0.6761,17,51,17,573969,31641,94450,13506,0.29309162992330207,0.29915609010565486
4864,0.6762,24,92,24,574061,31549,94474,13482,0.2922394308792471,0.2993937509715529
4865,0.6763,39,81,39,574142,31468,94513,13443,0.2914891251991552,0.29932533232392955
4866,0.6764,11,33,11,574175,31435,94524,13432,0.2911834451072659,0.2993737045044242
4867,0.6765,18,50,18,574225,31385,94542,13414,0.2907202934528882,0.29942632648050177
4868,0.6766,24,56,24,574281,31329,94566,13390,0.29020156359998517,0.2994253002079653
4869,0.6767,32,72,32,574353,31257,94598,13358,0.28953462521768125,0.2994060293623221
4870,0.6768,27,86,27,574439,31171,94625,13331,0.28873800437215164,0.29955957035638847
4871,0.6769,28,82,28,574521,31089,94653,13303,0.2879784356589722,0.29967111191205625
4872,0.677,26,66,26,574587,31023,94679,13277,0.2873670754751936,0.29970654627539506
4873,0.6771,27,59,27,574646,30964,94706,13250,0.2868205565230279,0.2996788347582214
4874,0.6772,17,38,17,574684,30926,94723,13233,0.28646856126570086,0.29966711202699337
4875,0.6773,24,61,24,574745,30865,94747,13209,0.28590351624736005,0.29970050369832557
4876,0.6774,33,63,33,574808,30802,94780,13176,0.28531994516284415,0.29960434762835964
4877,0.6775,22,49,22,574857,30753,94802,13154,0.28486605654155395,0.29958776504885326
4878,0.6776,18,67,18,574924,30686,94820,13136,0.2842454333246878,0.29975811236365296
4879,0.6777,27,78,27,575002,30608,94847,13109,0.2835229167438586,0.2998604661802045
4880,0.6778,29,63,29,575065,30545,94876,13080,0.2829393456593427,0.29982808022922636
4881,0.6779,17,46,17,575111,30499,94893,13063,0.2825132461373152,0.2998714475919379
4882,0.678,27,62,27,575173,30437,94920,13036,0.2819389380858868,0.29986428357831296
4883,0.6781,20,59,20,575232,30378,94940,13016,0.28139241913372115,0.29994930174678525
4884,0.6782,29,74,29,575306,30304,94969,12987,0.28070695468524215,0.29999307015314963
4885,0.6783,22,80,22,575386,30224,94991,12965,0.2799659120382378,0.3001921785639862
4886,0.6784,20,55,20,575441,30169,95011,12945,0.27945644521842233,0.30025049867792364
4887,0.6785,38,88,38,575529,30081,95049,12907,0.2786412983067176,0.3002465804410533
4888,0.6786,12,58,12,575587,30023,95061,12895,0.2781040423876394,0.3004566848408593
4889,0.6787,31,72,31,575659,29951,95092,12864,0.2774371040053355,0.30045544785705947
4890,0.6788,13,40,13,575699,29911,95105,12851,0.2770665826818333,0.3005238295683083
4891,0.6789,26,63,26,575762,29848,95131,12825,0.2764830115973174,0.30054132589693716
4892,0.679,19,52,19,575814,29796,95150,12806,0.2760013338767646,0.3005962161400873
4893,0.6791,19,55,19,575869,29741,95169,12787,0.2754918670569491,0.30067249811888636
4894,0.6792,17,61,17,575930,29680,95186,12770,0.2749268220386083,0.30082449941107187
4895,0.6793,13,64,13,575994,29616,95199,12757,0.27433398792100483,0.30106435701980033
4896,0.6794,24,57,24,576051,29559,95223,12733,0.27380599503501424,0.30107348907594816
4897,0.6795,33,80,33,576131,29479,95256,12700,0.27306495238800993,0.30109770264823726
4898,0.6796,26,59,26,576190,29420,95282,12674,0.27251843343584425,0.30108804105098114
4899,0.6797,16,45,16,576235,29375,95298,12658,0.2721015969469043,0.3011443389717603
4900,0.6798,13,37,13,576272,29338,95311,12645,0.2717588647226648,0.30119334016149396
4901,0.6799,13,43,13,576315,29295,95324,12632,0.27136055429989997,0.30128556777255705
4902,0.68,29,80,29,576395,29215,95353,12603,0.2706195116528956,0.3013773972930317
4903,0.6801,25,51,25,576446,29164,95378,12578,0.2701470969654304,0.3013272004216377
4904,0.6802,20,81,20,576527,29083,95398,12558,0.26939679128533844,0.301577771907495
4905,0.6803,35,80,35,576607,29003,95433,12523,0.26865574863833414,0.3015701006598276
4906,0.6804,29,65,29,576672,28938,95462,12494,0.2680536514876431,0.30155435412241743
4907,0.6805,33,79,33,576751,28859,95495,12461,0.26732187187372636,0.3015730880929332
4908,0.6806,19,42,19,576793,28817,95514,12442,0.26693282448404904,0.3015584478538016
4909,0.6807,37,80,37,576873,28737,95551,12405,0.2661917818370447,0.3015166982645472
4910,0.6808,14,61,14,576934,28676,95565,12391,0.2656267368187039,0.3017264470255923
4911,0.6809,29,47,29,576981,28629,95594,12362,0.26519137426358885,0.3015783952574955
4912,0.681,13,49,13,577030,28580,95607,12349,0.2647374856422987,0.30171760854162083
4913,0.6811,17,41,17,577071,28539,95624,12332,0.264357701285709,0.3017298328888454
4914,0.6812,23,73,23,577144,28466,95647,12309,0.2636814998703175,0.30187614960147147
4915,0.6813,30,75,30,577219,28391,95677,12279,0.26298677238875096,0.30191787558396854
4916,0.6814,18,47,18,577266,28344,95695,12261,0.26255140983363595,0.301957886959734
4917,0.6815,21,58,21,577324,28286,95716,12240,0.2620141539145578,0.302028327493461
4918,0.6816,19,29,19,577353,28257,95735,12221,0.2617455259550187,0.301917090765354
4919,0.6817,14,34,14,577387,28223,95749,12207,0.2614305828300419,0.3019292604501608
4920,0.6818,17,34,17,577421,28189,95766,12190,0.261115639705065,0.3018895960771688
4921,0.6819,38,73,38,577494,28116,95804,12152,0.2604394382896736,0.30177808681831725
4922,0.682,14,43,14,577537,28073,95818,12138,0.26004112786690875,0.30185770062918105
4923,0.6821,17,54,17,577591,28019,95835,12121,0.2595409240801808,0.3019681116093672
4924,0.6822,8,37,8,577628,27982,95843,12113,0.2591981918559413,0.3021074947000873
4925,0.6823,20,70,20,577698,27912,95863,12093,0.2585497795398125,0.3022872140982377
4926,0.6824,8,12,8,577710,27900,95871,12085,0.2584386231427619,0.30223833937726646
4927,0.6825,22,36,22,577746,27864,95893,12063,0.25810515395160993,0.30212638064467656
4928,0.6826,6,17,6,577763,27847,95899,12057,0.25794768238912147,0.3021501603849238
4929,0.6827,23,33,23,577796,27814,95922,12034,0.2576420022972322,0.3019975908452118
4930,0.6828,25,57,25,577853,27757,95947,12009,0.25711400941124163,0.3019916511592818
4931,0.6829,13,40,13,577893,27717,95960,11996,0.25674348808773945,0.30206733311510087
4932,0.683,17,22,17,577915,27695,95977,11979,0.25653970135981324,0.30193577657911985
4933,0.6831,16,41,16,577956,27654,95993,11963,0.25615991700322355,0.3019663275866421
4934,0.6832,22,61,22,578017,27593,96015,11941,0.25559487198488273,0.3020438103910558
4935,0.6833,18,52,18,578069,27541,96033,11923,0.25511319426432993,0.30212345428745185
4936,0.6834,28,76,28,578145,27465,96061,11895,0.2544092037496758,0.3022103658536585
4937,0.6835,36,70,36,578215,27395,96097,11859,0.253760791433547,0.30210933917562544
4938,0.6836,15,61,15,578276,27334,96112,11844,0.2531957464152062,0.30231252233396294
4939,0.6837,11,24,11,578300,27310,96123,11833,0.2529734336211049,0.30230181641672843
4940,0.6838,19,31,19,578331,27279,96142,11814,0.2526862795953907,0.30220244033458676
4941,0.6839,29,74,29,578405,27205,96171,11785,0.2520008151469117,0.30225698897153114
4942,0.684,23,51,23,578456,27154,96194,11762,0.25152840045944647,0.3022407236098263
4943,0.6841,32,75,32,578531,27079,96226,11730,0.2508336729778799,0.30224947821381637
4944,0.6842,11,35,11,578566,27044,96237,11719,0.2505094668198155,0.3023243814978201
4945,0.6843,11,31,11,578597,27013,96248,11708,0.2502223127941013,0.30236822396115803
4946,0.6844,20,37,20,578634,26976,96268,11688,0.2498795805698618,0.3022967101179392
4947,0.6845,20,36,20,578670,26940,96288,11668,0.24954611137870986,0.3022171570658931
4948,0.6846,16,42,16,578712,26898,96304,11652,0.24915706398903256,0.3022568093385214
4949,0.6847,27,63,27,578775,26835,96331,11625,0.24857349290451666,0.30226209048361935
4950,0.6848,40,69,40,578844,26766,96371,11585,0.24793434362147543,0.30207817266824855
4951,0.6849,19,27,19,578871,26739,96390,11566,0.24768424172811146,0.30194491580733585
4952,0.685,32,67,32,578938,26672,96422,11534,0.2470636185112453,0.30188975553577974
4953,0.6851,15,32,15,578970,26640,96437,11519,0.2467672014524436,0.3018684976021384
4954,0.6852,11,34,11,579004,26606,96448,11508,0.24645225832746676,0.3019362963740358
4955,0.6853,35,67,35,579071,26539,96483,11473,0.2458316351106006,0.3018257392402399
4956,0.6854,12,47,12,579118,26492,96495,11461,0.24539627255548557,0.3019787632071246
4957,0.6855,22,44,22,579162,26448,96517,11439,0.2449886990996332,0.301924142845831
4958,0.6856,20,56,20,579218,26392,96537,11419,0.24446996924673015,0.3020020628917511
4959,0.6857,15,47,15,579265,26345,96552,11404,0.2440346066916151,0.3021007178998119
4960,0.6858,25,49,25,579314,26296,96577,11379,0.24358071807032494,0.30203052422030524
4961,0.6859,38,83,38,579397,26213,96615,11341,0.24281188632405795,0.30199179847686
4962,0.686,14,22,14,579419,26191,96629,11327,0.24260809959613175,0.3019084172930327
4963,0.6861,19,37,19,579456,26154,96648,11308,0.24226536737189225,0.3018525439111633
4964,0.6862,21,81,21,579537,26073,96669,11287,0.24151506169180037,0.30211456102783724
4965,0.6863,7,29,7,579566,26044,96676,11280,0.2412464337322613,0.3022184117457936
4966,0.6864,10,62,10,579628,25982,96686,11270,0.24067212568083293,0.3025340921292817
4967,0.6865,11,52,11,579680,25930,96697,11259,0.2401904479602801,0.3027508134125682
4968,0.6866,23,54,23,579734,25876,96720,11236,0.2396902441735522,0.3027592153481354
4969,0.6867,15,52,15,579786,25824,96735,11221,0.23920856645299937,0.3029018760966392
4970,0.6868,18,44,18,579830,25780,96753,11203,0.238800992997147,0.3029229646053592
4971,0.6869,24,73,24,579903,25707,96777,11179,0.23812479158175553,0.3030689150355148
4972,0.687,12,19,12,579922,25688,96789,11167,0.237948793953092,0.3029982363315697
4973,0.6871,19,36,19,579958,25652,96808,11148,0.23761532476194006,0.30293478260869566
4974,0.6872,24,52,24,580010,25600,96832,11124,0.23713364704138723,0.30290817993682606
4975,0.6873,11,35,11,580045,25565,96843,11113,0.23680944088332284,0.30298816729374556
4976,0.6874,38,68,38,580113,25497,96881,11075,0.23617955463336915,0.3028272995734442
4977,0.6875,11,37,11,580150,25460,96892,11064,0.23583682240912965,0.30292410469828057
4978,0.6876,12,36,12,580186,25424,96904,11052,0.2355033532179777,0.3029937493146178
4979,0.6877,6,18,6,580204,25406,96910,11046,0.2353366186224017,0.3030286404038187
4980,0.6878,21,40,21,580244,25366,96931,11025,0.23496609729889956,0.3029595229589734
4981,0.6879,8,29,8,580273,25337,96939,11017,0.23469746933936048,0.3030478076690323
4982,0.688,21,49,21,580322,25288,96960,10996,0.23424358071807033,0.303053687575791
4983,0.6881,26,40,26,580362,25248,96986,10970,0.23387305939456815,0.3028880667071622
4984,0.6882,20,64,20,580426,25184,97006,10950,0.23328022527696468,0.3030386893230752
4985,0.6883,9,47,9,580473,25137,97015,10941,0.23284486272184965,0.3032596041909197
4986,0.6884,18,37,18,580510,25100,97033,10923,0.23250213049761015,0.30322294089887014
4987,0.6885,21,40,21,580550,25060,97054,10902,0.23213160917410797,0.30315332851343085
4988,0.6886,28,81,28,580631,24979,97082,10874,0.2313813034940161,0.3032940060803838
4989,0.6887,29,59,29,580690,24920,97111,10845,0.23083478454185039,0.30322941423179084
4990,0.6888,20,58,20,580748,24862,97131,10825,0.23029752862277225,0.3033317454535265
4991,0.6889,26,55,26,580803,24807,97157,10799,0.22978806180295677,0.3032915800707746
4992,0.689,16,54,16,580857,24753,97173,10783,0.22928785801622883,0.3034387663214768
4993,0.6891,29,96,29,580953,24657,97202,10754,0.22839860683982363,0.3036909434921352
4994,0.6892,8,59,8,581012,24598,97210,10746,0.22785208788765793,0.30404028972385694
4995,0.6893,22,43,22,581055,24555,97232,10724,0.2274537774648931,0.3039768700926897
4996,0.6894,27,90,27,581145,24465,97259,10697,0.22662010448701322,0.3042204652750128
4997,0.6895,17,20,17,581165,24445,97276,10680,0.22643484382526213,0.30405693950177937
4998,0.6896,21,52,21,581217,24393,97297,10659,0.22595316610470934,0.30409106470386854
4999,0.6897,19,45,19,581262,24348,97316,10640,0.2255363296157694,0.30410426431919513
5000,0.6898,39,85,39,581347,24263,97355,10601,0.22474897180332729,0.30406723267553926
5001,0.6899,27,81,27,581428,24182,97382,10574,0.22399866612323538,0.3042352399585683
5002,0.69,5,16,5,581444,24166,97387,10569,0.2238504575938345,0.3042752267165683
5003,0.6901,25,68,25,581512,24098,97412,10544,0.22322057134388085,0.30437041741238957
5004,0.6902,19,52,19,581564,24046,97431,10525,0.22273889362332802,0.30444592288334155
5005,0.6903,20,51,20,581615,23995,97451,10505,0.22226647893586277,0.3044927536231884
5006,0.6904,23,69,23,581684,23926,97474,10482,0.22162732965282153,0.304638456172983
5007,0.6905,11,44,11,581728,23882,97485,10471,0.22121975619696913,0.3048059849212587
5008,0.6906,11,44,11,581772,23838,97496,10460,0.22081218274111675,0.30497405096507085
5009,0.6907,18,43,18,581815,23795,97514,10442,0.2204138723183519,0.30499167567251806
5010,0.6908,20,74,20,581889,23721,97534,10422,0.2197284078698729,0.3052455847465073
5011,0.6909,24,56,24,581945,23665,97558,10398,0.2192096780169699,0.30525790447112705
5012,0.691,28,87,28,582032,23578,97586,10370,0.21840379413835267,0.3054671851066337
5013,0.6911,11,32,11,582064,23546,97597,10359,0.21810737707955094,0.30553015779383574
5014,0.6912,10,35,10,582099,23511,97607,10349,0.21778317092148652,0.30564087418783226
5015,0.6913,37,81,37,582180,23430,97644,10312,0.21703286524139465,0.3056131823839725
5016,0.6914,14,37,14,582217,23393,97658,10298,0.21669013301715515,0.30566026535276486
5017,0.6915,24,69,24,582286,23324,97682,10274,0.2160509837341139,0.3057920114292517
5018,0.6916,19,40,19,582326,23284,97701,10255,0.21568046241061173,0.30576343957780494
5019,0.6917,17,87,17,582413,23197,97718,10238,0.21487457853199451,0.30620607148198
5020,0.6918,24,66,24,582479,23131,97742,10214,0.21426321834821593,0.30631279052331684
5021,0.6919,13,43,13,582522,23088,97755,10201,0.2138649079254511,0.30643756195740335
5022,0.692,10,36,10,582558,23052,97765,10191,0.21353143873429917,0.3065607797130223
5023,0.6921,16,33,16,582591,23019,97781,10175,0.21322575864240986,0.30653130083750074
5024,0.6922,21,70,21,582661,22949,97802,10154,0.21257734632628109,0.30673957043168293
5025,0.6923,16,44,16,582705,22905,97818,10138,0.21216977287042868,0.30681233544169717
5026,0.6924,29,48,29,582753,22857,97847,10109,0.21172514728222608,0.306649275010617
5027,0.6925,34,76,34,582829,22781,97881,10075,0.21102115676757197,0.3066411005600195
5028,0.6926,20,58,20,582887,22723,97901,10055,0.21048390084849383,0.3067606321313076
5029,0.6927,37,100,37,582987,22623,97938,10018,0.2095575975397384,0.30691461658650165
5030,0.6928,15,20,15,583007,22603,97953,10003,0.20937233687798734,0.306784027479605
5031,0.6929,15,38,15,583045,22565,97968,9988,0.20902034162066027,0.3068227198722084
5032,0.693,8,15,8,583060,22550,97976,9980,0.20888139612434695,0.3067937288656625
5033,0.6931,9,43,9,583103,22507,97985,9971,0.20848308570158214,0.3070078206786132
5034,0.6932,15,51,15,583154,22456,98000,9956,0.20801067101411685,0.30717018388251266
5035,0.6933,15,43,15,583197,22413,98015,9941,0.20761236059135202,0.30725721703653336
5036,0.6934,20,53,20,583250,22360,98035,9921,0.20712141983771165,0.30733248660202594
5037,0.6935,26,57,26,583307,22303,98061,9895,0.20659342695172106,0.3073172246723399
5038,0.6936,41,100,41,583407,22203,98102,9854,0.20566712364296566,0.30738996163084503
5039,0.6937,13,28,13,583435,22175,98115,9841,0.20540775871651412,0.3073775612193903
5040,0.6938,22,69,22,583504,22106,98137,9819,0.2047686094334729,0.30756460454189505
5041,0.6939,21,48,21,583552,22058,98158,9798,0.20432398384527029,0.3075715720743345
5042,0.694,19,45,19,583597,22013,98177,9779,0.20390714735633036,0.30759310518369404
5043,0.6941,30,66,30,583663,21947,98207,9749,0.20329578717255178,0.30757824331145883
5044,0.6942,17,24,17,583687,21923,98224,9732,0.20307347437845047,0.3074395830042647
5045,0.6943,8,31,8,583718,21892,98232,9724,0.2027863203527363,0.30756578947368424
5046,0.6944,24,49,24,583767,21843,98256,9700,0.20233243173144613,0.30751672320324636
5047,0.6945,17,46,17,583813,21797,98273,9683,0.20190633220941864,0.3075921219822109
5048,0.6946,27,72,27,583885,21725,98300,9656,0.20123939382711475,0.3077021127433798
5049,0.6947,13,35,13,583920,21690,98313,9643,0.20091518766905037,0.30775859317652315
5050,0.6948,34,67,34,583987,21623,98347,9609,0.20029456445218422,0.3076652151639344
5051,0.6949,25,60,25,584047,21563,98372,9584,0.19973878246693097,0.30770218640639546
5052,0.695,14,57,14,584104,21506,98386,9570,0.19921078958094038,0.3079546917235165
5053,0.6951,21,50,21,584154,21456,98407,9549,0.19874763792656266,0.3079825834542816
5054,0.6952,17,36,17,584190,21420,98424,9532,0.19841416873541073,0.307960713362626
5055,0.6953,33,95,33,584285,21325,98457,9499,0.19753418059209307,0.3081689592525305
5056,0.6954,10,28,10,584313,21297,98467,9489,0.19727481566564156,0.30822451763788733
5057,0.6955,16,52,16,584365,21245,98483,9473,0.19679313794508874,0.30838596262777523
5058,0.6956,12,54,12,584419,21191,98495,9461,0.19629293415836083,0.30865848884248986
5059,0.6957,15,46,15,584465,21145,98510,9446,0.1958668346363333,0.3087836291719787
5060,0.6958,9,44,9,584509,21101,98519,9437,0.19545926118048093,0.3090248215338267
5061,0.6959,4,26,4,584535,21075,98523,9433,0.19521842232020453,0.30919758751802806
5062,0.696,16,38,16,584573,21037,98539,9417,0.19486642706287746,0.3092204636500952
5063,0.6961,12,50,12,584623,20987,98551,9405,0.19440327540849975,0.3094564359041853
5064,0.6962,13,27,13,584650,20960,98564,9392,0.1941531735151358,0.3094359515023722
5065,0.6963,11,27,11,584677,20933,98575,9381,0.19390307162177184,0.30946097512700405
5066,0.6964,7,14,7,584691,20919,98582,9374,0.19377338915854608,0.30944442610504075
5067,0.6965,14,31,14,584722,20888,98596,9360,0.1934862351328319,0.30944194657498014
5068,0.6966,10,31,10,584753,20857,98606,9350,0.19319908110711773,0.3095309034329791
5069,0.6967,14,46,14,584799,20811,98620,9336,0.1927729815850902,0.30968255547815704
5070,0.6968,17,29,17,584828,20782,98637,9319,0.19250435362555116,0.30959104348692734
5071,0.6969,14,33,14,584861,20749,98651,9305,0.19219867353366185,0.3096093698010248
5072,0.697,9,33,9,584894,20716,98660,9296,0.19189299344177257,0.3097427695588431
5073,0.6971,18,57,18,584951,20659,98678,9278,0.19136500055578198,0.30991749340281255
5074,0.6972,13,26,13,584977,20633,98691,9265,0.19112416169550558,0.3098869489597966
5075,0.6973,18,21,18,584998,20612,98709,9247,0.19092963800066695,0.309688871027161
5076,0.6974,15,46,15,585044,20566,98724,9232,0.19050353847863943,0.30981945096986374
5077,0.6975,17,53,17,585097,20513,98741,9215,0.19001259772499907,0.309977125941873
5078,0.6976,21,43,21,585140,20470,98762,9194,0.18961428730223423,0.3099379719525351
5079,0.6977,20,31,20,585171,20439,98782,9174,0.18932713327652007,0.3097963732144666
5080,0.6978,12,24,12,585195,20415,98794,9162,0.18910482048241875,0.3097677249213916
5081,0.6979,16,39,16,585234,20376,98810,9146,0.18874356219200414,0.3098028588848994
5082,0.698,14,31,14,585265,20345,98824,9132,0.18845640816628997,0.3098008616887743
5083,0.6981,10,29,10,585294,20316,98834,9122,0.1881877802067509,0.3098715945376724
5084,0.6982,19,36,19,585330,20280,98853,9103,0.18785431101559893,0.3098049892795154
5085,0.6983,20,65,20,585395,20215,98873,9083,0.18725221386490792,0.3100211618540515
5086,0.6984,12,26,12,585421,20189,98885,9071,0.18701137500463152,0.31001367053998635
5087,0.6985,14,47,14,585468,20142,98899,9057,0.18657601244951647,0.31018185554299804
5088,0.6986,13,41,13,585509,20101,98912,9044,0.18619622809292674,0.31031051638359924
5089,0.6987,18,46,18,585555,20055,98930,9026,0.18577012857089925,0.310374471304288
5090,0.6988,11,23,11,585578,20032,98941,9015,0.1855570788098855,0.3103590732261507
5091,0.6989,7,19,7,585597,20013,98948,9008,0.18538108118122198,0.3103959201957203
5092,0.699,20,46,20,585643,19967,98968,8988,0.1849549816591945,0.3104127093766189
5093,0.6991,14,54,14,585697,19913,98982,8974,0.18445477787246656,0.31065877384290513
5094,0.6992,11,35,11,585732,19878,98993,8963,0.18413057171440217,0.31077285808397764
5095,0.6993,18,44,18,585776,19834,99011,8945,0.1837229982585498,0.3108169151117134
5096,0.6994,11,30,11,585806,19804,99022,8934,0.18344510726592314,0.31087758368710416
5097,0.6995,13,57,13,585863,19747,99035,8921,0.18291711437993258,0.311183200781359
5098,0.6996,11,33,11,585896,19714,99046,8910,0.18261143428804327,0.3112772498602571
5099,0.6997,19,27,19,585923,19687,99065,8891,0.1823613323946793,0.3111134439079012
5100,0.6998,24,48,24,585971,19639,99089,8867,0.1819167068064767,0.31105732126569846
5101,0.6999,15,20,15,585991,19619,99104,8852,0.18173144614472564,0.31091285869832463
5102,0.7,18,40,18,586031,19579,99122,8834,0.18136092482122346,0.3109140182310914
5103,0.7001,20,50,20,586081,19529,99142,8814,0.18089777316684574,0.3109762551600042
5104,0.7002,11,42,11,586123,19487,99153,8803,0.18050872577716848,0.3111700247437257
5105,0.7003,19,38,19,586161,19449,99172,8784,0.1801567305198414,0.31112527892891295
5106,0.7004,4,24,4,586185,19425,99176,8780,0.17993441772574012,0.3112923240560184
5107,0.7005,5,20,5,586205,19405,99181,8775,0.17974915706398903,0.31139105748757984
5108,0.7006,9,36,9,586241,19369,99190,8766,0.17941568787283707,0.3115692198329483
5109,0.7007,4,35,4,586276,19334,99194,8762,0.17909148171477268,0.31185933940774485
5110,0.7008,7,42,7,586318,19292,99201,8755,0.17870243432509542,0.31215459763967623
5111,0.7009,16,37,16,586355,19255,99217,8739,0.17835970210085592,0.3121740372937058
5112,0.701,19,62,19,586417,19193,99236,8720,0.17778539404942753,0.31239924049725937
5113,0.7011,17,27,17,586444,19166,99253,8703,0.1775352921560636,0.31228246438695323
5114,0.7012,14,27,14,586471,19139,99267,8689,0.17728519026269962,0.31223947103636623
5115,0.7013,16,39,16,586510,19100,99283,8673,0.176923931972285,0.31228171245454217
5116,0.7014,20,31,20,586541,19069,99303,8653,0.17663677794657082,0.3121347666113556
5117,0.7015,9,37,9,586578,19032,99312,8644,0.17629404572233132,0.31232837115190054
5118,0.7016,16,40,16,586618,18992,99328,8628,0.17592352439882916,0.3123823316437364
5119,0.7017,6,16,6,586634,18976,99334,8622,0.1757753158694283,0.31241394303935066
5120,0.7018,10,20,10,586654,18956,99344,8612,0.1755900552076772,0.3123911781775972
5121,0.7019,15,75,15,586729,18881,99359,8597,0.17489532772611063,0.3128684765994614
5122,0.702,16,15,16,586744,18866,99375,8581,0.17475638222979734,0.31263890406966155
5123,0.7021,10,35,10,586779,18831,99385,8571,0.17443217607173292,0.31278738778191373
5124,0.7022,18,55,18,586834,18776,99403,8553,0.17392270925191744,0.3129642504299462
5125,0.7023,8,18,8,586852,18758,99411,8545,0.17375597465634146,0.3129692707761052
5126,0.7024,16,33,16,586885,18725,99427,8529,0.17345029456445218,0.3129448888236589
5127,0.7025,4,22,4,586907,18703,99431,8525,0.17324650783652598,0.31309681210518586
5128,0.7026,17,40,17,586947,18663,99448,8508,0.17287598651302383,0.3131279673180965
5129,0.7027,17,56,17,587003,18607,99465,8491,0.17235725666012078,0.3133441582404605
5130,0.7028,12,21,12,587024,18586,99477,8479,0.17216273296528214,0.3132828376131535
5131,0.7029,14,32,14,587056,18554,99491,8465,0.1718663159064804,0.31329804952070767
5132,0.703,6,13,6,587069,18541,99497,8459,0.17174589647634222,0.3132962962962963
5133,0.7031,21,54,21,587123,18487,99518,8438,0.1712456926896143,0.31338904363974
5134,0.7032,19,39,19,587162,18448,99537,8419,0.17088443439919968,0.3133583950571333
5135,0.7033,19,56,19,587218,18392,99556,8400,0.17036570454629663,0.3135264257987459
5136,0.7034,18,68,18,587286,18324,99574,8382,0.16973581829634296,0.3138620534711301
5137,0.7035,33,78,33,587364,18246,99607,8349,0.16901330171551374,0.31393119007332204
5138,0.7036,15,33,15,587397,18213,99622,8334,0.16870762162362443,0.3139337778280032
5139,0.7037,17,41,17,587438,18172,99639,8317,0.1683278372670347,0.3139793876703537
5140,0.7038,7,37,7,587475,18135,99646,8310,0.1679851050427952,0.3142370958593307
5141,0.7039,20,42,20,587517,18093,99666,8290,0.16759605765311794,0.31421748853428344
5142,0.704,18,49,18,587566,18044,99684,8272,0.16714216903182777,0.31433348533211736
5143,0.7041,10,33,10,587599,18011,99694,8262,0.1668364889399385,0.31446732386861037
5144,0.7042,24,58,24,587657,17953,99718,8238,0.16629923302086036,0.3145355274712688
5145,0.7043,22,66,22,587723,17887,99740,8216,0.16568787283708178,0.3147530935141555
5146,0.7044,7,24,7,587747,17863,99747,8209,0.16546556004298046,0.3148588524087143
5147,0.7045,6,30,6,587777,17833,99753,8203,0.16518766905035384,0.3150637578737133
5148,0.7046,6,16,6,587793,17817,99759,8197,0.16503946052095297,0.31509956177442916
5149,0.7047,12,25,12,587818,17792,99771,8185,0.16480788469376412,0.3150864226046118
5150,0.7048,13,25,13,587843,17767,99784,8172,0.16457630886657526,0.3150468406646363
5151,0.7049,9,30,9,587873,17737,99793,8163,0.16429841787394864,0.3151737451737452
5152,0.705,10,32,10,587905,17705,99803,8153,0.1640020008151469,0.3152989403666177
5153,0.7051,13,20,13,587925,17685,99816,8140,0.16381674015339584,0.31519845111326233
5154,0.7052,9,44,9,587969,17641,99825,8131,0.16340916669754343,0.3154974390811734
5155,0.7053,13,38,13,588007,17603,99838,8118,0.1630571714402164,0.3156175887407177
5156,0.7054,17,23,17,588030,17580,99855,8101,0.16284412167920265,0.3154472177874693
5157,0.7055,18,31,18,588061,17549,99873,8083,0.16255696765348845,0.3153480024968789
5158,0.7056,12,27,12,588088,17522,99885,8071,0.16230686576012449,0.3153596686593991
5159,0.7057,7,36,7,588124,17486,99892,8064,0.16197339656897256,0.3156164383561644
5160,0.7058,10,37,10,588161,17449,99902,8054,0.16163066434473303,0.3158059836097714
5161,0.7059,11,33,11,588194,17416,99913,8043,0.16132498425284375,0.31591971405004127
5162,0.706,10,12,10,588206,17404,99923,8033,0.1612138278557931,0.3157998191610646
5163,0.7061,16,41,16,588247,17363,99939,8017,0.16083404349920338,0.31587864460204884
5164,0.7062,16,28,16,588275,17335,99955,8001,0.16057467857275187,0.3157957057151879
5165,0.7063,12,53,12,588328,17282,99967,7989,0.16008373781911148,0.3161331170115943
5166,0.7064,18,51,18,588379,17231,99985,7971,0.15961132313164622,0.31628442187128003
5167,0.7065,15,38,15,588417,17193,100000,7956,0.15925932787431918,0.31635452701896694
5168,0.7066,15,24,15,588441,17169,100015,7941,0.15903701508021786,0.3162485065710872
5169,0.7067,11,29,11,588470,17140,100026,7930,0.15876838712067878,0.31631431990426806
5170,0.7068,24,59,24,588529,17081,100050,7906,0.1582218681685131,0.31640453035578503
5171,0.7069,7,38,7,588567,17043,100057,7899,0.15786987291118604,0.31669473177772434
5172,0.707,15,36,15,588603,17007,100072,7884,0.15753640372003408,0.3167409907195372
5173,0.7071,18,62,18,588665,16945,100090,7866,0.15696209566860572,0.31703679819434927
5174,0.7072,13,48,13,588713,16897,100103,7853,0.15651747008040312,0.3172929292929293
5175,0.7073,18,61,18,588774,16836,100121,7835,0.15595242506206233,0.3175793441692676
5176,0.7074,13,26,13,588800,16810,100134,7822,0.1557115862017859,0.31755440077947383
5177,0.7075,11,26,11,588826,16784,100145,7811,0.1554707473415095,0.3175848749745883
5178,0.7076,14,33,14,588859,16751,100159,7797,0.1551650672496202,0.31762261691380156
5179,0.7077,33,50,33,588909,16701,100192,7764,0.15470191559524252,0.3173513182096873
5180,0.7078,7,28,7,588937,16673,100199,7757,0.15444255066879098,0.31751944330740894
5181,0.7079,19,41,19,588978,16632,100218,7738,0.15406276631220125,0.31752154288059087
5182,0.708,9,41,9,589019,16591,100227,7729,0.15368298195561156,0.31780427631578945
5183,0.7081,17,39,17,589058,16552,100244,7712,0.15332172366519692,0.3178371249587867
5184,0.7082,5,20,5,589078,16532,100249,7707,0.15313646300344586,0.3179586616609596
5185,0.7083,15,25,15,589103,16507,100264,7692,0.152904887176257,0.31786437456093225
5186,0.7084,10,31,10,589134,16476,100274,7682,0.1526177331505428,0.31798989982614456
5187,0.7085,11,47,11,589181,16429,100285,7671,0.15218237059542777,0.318298755186722
5188,0.7086,20,53,20,589234,16376,100305,7651,0.1516914298417874,0.3184334290589753
5189,0.7087,12,35,12,589269,16341,100317,7639,0.151367223683723,0.318557130942452
5190,0.7088,29,68,29,589337,16273,100346,7610,0.15073733743376933,0.3186366871833522
5191,0.7089,21,57,21,589394,16216,100367,7589,0.15020934454777873,0.31879857172862847
5192,0.709,29,40,29,589434,16176,100396,7560,0.14983882322427655,0.3185035389282103
5193,0.7091,6,29,6,589463,16147,100402,7554,0.1495701952647375,0.31872072908316107
5194,0.7092,15,38,15,589501,16109,100417,7539,0.14921820000741043,0.31880074424898514
5195,0.7093,27,61,27,589562,16048,100444,7512,0.1486531549890696,0.31884550084889646
5196,0.7094,6,45,6,589607,16003,100450,7506,0.1482363185001297,0.3192819771151474
5197,0.7095,8,35,8,589642,15968,100458,7498,0.14791211234206528,0.3195261229012188
5198,0.7096,10,40,10,589682,15928,100468,7488,0.14754159101856312,0.31978134608814485
5199,0.7097,9,34,9,589716,15894,100477,7479,0.14722664789358628,0.31998459761263
5200,0.7098,21,43,21,589759,15851,100498,7458,0.14682833747082144,0.31996224634261444
5201,0.7099,13,29,13,589788,15822,100511,7445,0.1465597095112824,0.31998108909614476
5202,0.71,6,20,6,589808,15802,100517,7439,0.1463744488495313,0.32008089152790326
5203,0.7101,4,18,4,589826,15784,100521,7435,0.14620771425395532,0.3202118954304664
5204,0.7102,19,49,19,589875,15735,100540,7416,0.14575382563266515,0.32033173513023194
5205,0.7103,21,45,21,589920,15690,100561,7395,0.14533698914372523,0.3203378817413905
5206,0.7104,10,25,10,589945,15665,100571,7385,0.14510541331653637,0.32039045553145334
5207,0.7105,16,35,16,589980,15630,100587,7369,0.14478120715847198,0.32040523501021784
5208,0.7106,5,10,5,589990,15620,100592,7364,0.14468857682759642,0.3203967977723634
5209,0.7107,11,28,11,590018,15592,100603,7353,0.1444292119011449,0.3204619742863369
5210,0.7108,15,34,15,590052,15558,100618,7338,0.14411426877616806,0.32049266247379454
5211,0.7109,25,51,25,590103,15507,100643,7313,0.1436418540887028,0.32046450482033306
5212,0.711,15,41,15,590144,15466,100658,7298,0.14326206973211308,0.32059392022491656
5213,0.7111,20,44,20,590188,15422,100678,7278,0.1428544962762607,0.3206167400881057
5214,0.7112,18,37,18,590225,15385,100696,7260,0.1425117640520212,0.32060057407816295
5215,0.7113,8,21,8,590246,15364,100704,7252,0.14231724035718255,0.3206579412805094
5216,0.7114,15,34,15,590280,15330,100719,7237,0.14200229723220573,0.3206895023707183
5217,0.7115,27,44,27,590324,15286,100746,7210,0.14159472377635332,0.3205014224751067
5218,0.7116,14,34,14,590358,15252,100760,7196,0.14127978065137647,0.3205630791161796
5219,0.7117,4,7,4,590365,15245,100764,7192,0.1412149394197636,0.3205419619378705
5220,0.7118,14,27,14,590392,15218,100778,7178,0.14096483752639966,0.32050366136810143
5221,0.7119,22,42,22,590434,15176,100800,7156,0.14057579013672236,0.3204370410173742
5222,0.712,21,63,21,590497,15113,100821,7135,0.13999221905220646,0.320702984537936
5223,0.7121,18,27,18,590524,15086,100839,7117,0.1397421171588425,0.32054226906273925
5224,0.7122,22,36,22,590560,15050,100861,7095,0.13940864796769054,0.32038834951456313
5225,0.7123,13,28,13,590588,15022,100874,7082,0.13914928304123902,0.3203944987332609
5226,0.7124,19,29,19,590617,14993,100893,7063,0.13888065508169994,0.32023032281465363
5227,0.7125,16,38,16,590655,14955,100909,7047,0.1385286598243729,0.3202890646304881
5228,0.7126,20,59,20,590714,14896,100929,7027,0.1379821408722072,0.3205309492314008
5229,0.7127,22,60,22,590774,14836,100951,7005,0.13742635888695395,0.3207270729362209
5230,0.7128,13,25,13,590799,14811,100964,6992,0.1371947830597651,0.32068981332844104
5231,0.7129,22,51,22,590850,14760,100986,6970,0.1367223683722998,0.32075471698113206
5232,0.713,10,25,10,590875,14735,100996,6960,0.13649079254511098,0.32081124683106704
5233,0.7131,5,16,5,590891,14719,101001,6955,0.13634258401571012,0.3208913906062563
5234,0.7132,12,16,12,590907,14703,101013,6943,0.13619437548630925,0.3207521020049894
5235,0.7133,15,30,15,590937,14673,101028,6928,0.1359164844936826,0.32072589231980003
5236,0.7134,9,12,9,590949,14661,101037,6919,0.13580532809663196,0.3206209453197405
5237,0.7135,5,29,5,590978,14632,101042,6914,0.1355367001370929,0.3208948296667595
5238,0.7136,7,11,7,590989,14621,101049,6907,0.1354348067731298,0.3208379784466741
5239,0.7137,4,23,4,591012,14598,101053,6903,0.13522175701211606,0.3210548346588531
5240,0.7138,3,9,3,591021,14589,101056,6900,0.13513838971432807,0.32109451347200896
5241,0.7139,15,34,15,591055,14555,101071,6885,0.13482344658935122,0.32112873134328357
5242,0.714,13,24,13,591079,14531,101084,6872,0.1346011337952499,0.3210764846049619
5243,0.7141,10,16,10,591095,14515,101094,6862,0.13445292526584904,0.32099920475277166
5244,0.7142,10,23,10,591118,14492,101104,6852,0.1342398755048353,0.3210269865067466
5245,0.7143,7,26,7,591144,14466,101111,6845,0.1339990366445589,0.3211956266716719
5246,0.7144,24,31,24,591175,14435,101135,6821,0.1337118826188447,0.32089762890477985
5247,0.7145,4,20,4,591195,14415,101139,6817,0.13352662195709364,0.3210719668425019
5248,0.7146,19,42,19,591237,14373,101158,6798,0.13313757456741634,0.32109961740116194
5249,0.7147,20,31,20,591268,14342,101178,6778,0.13285042054170218,0.3209280303030303
5250,0.7148,14,17,14,591285,14325,101192,6764,0.13269294897921374,0.3207359286831998
5251,0.7149,8,9,8,591294,14316,101200,6756,0.13260958168142575,0.3206150341685649
5252,0.715,5,10,5,591304,14306,101205,6751,0.13251695135055022,0.320605974260341
5253,0.7151,15,30,15,591334,14276,101220,6736,0.1322390603579236,0.3205787169236627
5254,0.7152,7,24,7,591358,14252,101227,6729,0.13201674756382228,0.3207187455316715
5255,0.7153,5,16,5,591374,14236,101232,6724,0.13186853903442144,0.32080152671755724
5256,0.7154,7,14,7,591388,14222,101239,6717,0.13173885657119566,0.3207889584029801
5257,0.7155,17,28,17,591416,14194,101256,6700,0.13147949164474415,0.32066621996745476
5258,0.7156,5,13,5,591429,14181,101261,6695,0.13135907221460594,0.3207031998467139
5259,0.7157,2,10,2,591439,14171,101263,6693,0.1312664418837304,0.3207917944785276
5260,0.7158,11,26,11,591465,14145,101274,6682,0.131025603023454,0.3208335333941518
5261,0.7159,11,30,11,591495,14115,101285,6671,0.13074771203082738,0.32093716924853266
5262,0.716,14,33,14,591528,14082,101299,6657,0.13044203193893808,0.3209894401851584
5263,0.7161,10,24,10,591552,14058,101309,6647,0.1302197191448368,0.3210335667713113
5264,0.7162,15,32,15,591584,14026,101324,6632,0.12992330208603506,0.32103785458418044
5265,0.7163,22,22,22,591606,14004,101346,6610,0.12971951535810886,0.3206558649461531
5266,0.7164,25,34,25,591640,13970,101371,6585,0.129404572233132,0.3203600097299927
5267,0.7165,8,21,8,591661,13949,101379,6577,0.12921004853829338,0.3204228783006918
5268,0.7166,12,35,12,591696,13914,101391,6565,0.128885842380229,0.32057229356902195
5269,0.7167,16,53,16,591749,13861,101407,6549,0.12839490162658862,0.3208721215090642
5270,0.7168,28,76,28,591825,13785,101435,6521,0.12769091111193448,0.3211366098690042
5271,0.7169,9,20,9,591845,13765,101444,6512,0.12750565045018342,0.32115204418799626
5272,0.717,14,40,14,591885,13725,101458,6498,0.12713512912668123,0.3213173119715176
5273,0.7171,3,19,3,591904,13706,101461,6495,0.1269591314980177,0.3215187366962032
5274,0.7172,7,29,7,591933,13677,101468,6488,0.12669050353847863,0.321745598809819
5275,0.7173,10,34,10,591967,13643,101478,6478,0.1263755604135018,0.3219521892550072
5276,0.7174,18,35,18,592002,13608,101496,6460,0.1260513542554374,0.3219055212278254
5277,0.7175,15,28,15,592030,13580,101511,6445,0.1257919893289859,0.3218476903870162
5278,0.7176,16,30,16,592060,13550,101527,6429,0.12551409833635926,0.32178787727113467
5279,0.7177,11,25,11,592085,13525,101538,6418,0.1252825225091704,0.3218171789600361
5280,0.7178,17,45,17,592130,13480,101555,6401,0.12486568602023046,0.32196569589054874
5281,0.7179,21,40,21,592170,13440,101576,6380,0.12449516469672829,0.3218970736629667
5282,0.718,7,30,7,592200,13410,101583,6373,0.12421727370410167,0.322145276247283
5283,0.7181,12,22,12,592222,13388,101595,6361,0.12401348697617548,0.3220922578358398
5284,0.7182,33,62,33,592284,13326,101628,6328,0.12343917892474712,0.32197008242596925
5285,0.7183,9,19,9,592303,13307,101637,6319,0.12326318129608359,0.3219708549882809
5286,0.7184,15,28,15,592331,13279,101652,6304,0.12300381636963208,0.3219118623295716
5287,0.7185,4,28,4,592359,13251,101656,6300,0.12274445144318055,0.322234156820623
5288,0.7186,12,19,12,592378,13232,101668,6288,0.12256845381451703,0.3221311475409836
5289,0.7187,6,19,6,592397,13213,101674,6282,0.1223924561858535,0.32223647088997176
5290,0.7188,10,24,10,592421,13189,101684,6272,0.1221701433917522,0.32228559683469504
5291,0.7189,18,22,18,592443,13167,101702,6254,0.121966356663826,0.32202255290664744
5292,0.719,17,21,17,592464,13146,101719,6237,0.12177183296898736,0.3217768147345612
5293,0.7191,10,20,10,592484,13126,101729,6227,0.12158657230723628,0.32175890042887406
5294,0.7192,9,17,9,592501,13109,101738,6218,0.12142910074474786,0.321726082682258
5295,0.7193,10,34,10,592535,13075,101748,6208,0.12111415761977101,0.32194160659648396
5296,0.7194,3,13,3,592548,13062,101751,6205,0.12099373818963281,0.32205325167384646
5297,0.7195,17,41,17,592589,13021,101768,6188,0.12061395383304309,0.3221406632307772
5298,0.7196,14,23,14,592612,12998,101782,6174,0.12040090407202934,0.3220321301898602
5299,0.7197,8,37,8,592649,12961,101790,6166,0.12005817184778984,0.3223715167041355
5300,0.7198,15,21,15,592670,12940,101805,6151,0.1198636481529512,0.3221937038395055
5301,0.7199,16,30,16,592700,12910,101821,6135,0.11958575716032457,0.3221317931215542
5302,0.72,19,25,19,592725,12885,101840,6116,0.11935418133313572,0.32187779590547866
5303,0.7201,9,24,9,592749,12861,101849,6107,0.11913186853903442,0.3219633066216786
5304,0.7202,13,39,13,592788,12822,101862,6094,0.1187706102486198,0.32216113343201525
5305,0.7203,17,45,17,592833,12777,101879,6077,0.11835377375967987,0.32231887132703935
5306,0.7204,18,43,18,592876,12734,101897,6059,0.11795546333691503,0.3224072793061246
5307,0.7205,24,56,24,592932,12678,101921,6035,0.117436733484012,0.3225030727301876
5308,0.7206,6,22,6,592954,12656,101927,6029,0.11723294675608581,0.32266523949692266
5309,0.7207,7,25,7,592979,12631,101934,6022,0.11700137092889695,0.3228435104272771
5310,0.7208,5,9,5,592988,12622,101939,6017,0.11691800363110898,0.3228177477332475
5311,0.7209,9,24,9,593012,12598,101948,6008,0.11669569083700768,0.3229065892722778
5312,0.721,16,27,16,593039,12571,101964,5992,0.11644558894364371,0.3227926520497764
5313,0.7211,14,39,14,593078,12532,101978,5978,0.1160843306532291,0.3229605618584549
5314,0.7212,13,25,13,593103,12507,101991,5965,0.11585275482604024,0.32292117799913383
5315,0.7213,10,25,10,593128,12482,102001,5955,0.11562117899885138,0.3229918099473884
5316,0.7214,9,34,9,593162,12448,102010,5946,0.11530623587387454,0.3232575839947809
5317,0.7215,9,14,9,593176,12434,102019,5937,0.11517655341064878,0.3231723912688476
5318,0.7216,7,28,7,593204,12406,102026,5930,0.11491718848419727,0.32340750436300175
5319,0.7217,12,19,12,593223,12387,102038,5918,0.11474119085553373,0.32329964490576346
5320,0.7218,9,24,9,593247,12363,102047,5909,0.11451887806143243,0.32339098073555167
5321,0.7219,5,15,5,593262,12348,102052,5904,0.11437993256511912,0.3234714003944773
5322,0.722,8,15,8,593277,12333,102060,5896,0.11424098706880581,0.3234406714575676
5323,0.7221,10,7,10,593284,12326,102070,5886,0.11417614583719293,0.32319349879200526
5324,0.7222,8,17,8,593301,12309,102078,5878,0.11401867427470451,0.32319788860174853
5325,0.7223,19,21,19,593322,12288,102097,5859,0.11382415057986588,0.3228632831873037
5326,0.7224,9,25,9,593347,12263,102106,5850,0.11359257475267702,0.3229724507259979
5327,0.7225,16,31,16,593378,12232,102122,5834,0.11330542072696284,0.3229270452784236
5328,0.7226,9,11,9,593389,12221,102131,5825,0.11320352736299974,0.3227862130111936
5329,0.7227,5,14,5,593403,12207,102136,5820,0.11307384489977398,0.32284905974371775
5330,0.7228,2,11,2,593414,12196,102138,5818,0.11297195153581088,0.32297102253802595
5331,0.7229,13,23,13,593437,12173,102151,5805,0.11275890177479714,0.32289464901546333
5332,0.723,11,25,11,593462,12148,102162,5794,0.11252732594760828,0.32292943930442536
5333,0.7231,3,15,3,593477,12133,102165,5791,0.11238838045129497,0.3230863646507476
5334,0.7232,6,15,6,593492,12118,102171,5785,0.11224943495498166,0.32313020164218287
5335,0.7233,24,43,24,593535,12075,102195,5761,0.11185112453221682,0.32299843014128726
5336,0.7234,18,51,18,593586,12024,102213,5743,0.11137870984475157,0.32323971407665897
5337,0.7235,20,37,20,593623,11987,102233,5723,0.11103597762051207,0.32315076228119705
5338,0.7236,8,27,8,593650,11960,102241,5715,0.1107858757271481,0.32333804809052336
5339,0.7237,6,16,6,593666,11944,102247,5709,0.11063766719774723,0.32340112162238716
5340,0.7238,15,23,15,593689,11921,102262,5694,0.11042461743673349,0.32324723247232473
5341,0.7239,2,16,2,593705,11905,102264,5692,0.11027640890733262,0.3234642268568506
5342,0.724,10,25,10,593730,11880,102274,5682,0.11004483308014376,0.3235394601981551
5343,0.7241,7,22,7,593752,11858,102281,5675,0.10984104635221757,0.32367535504477274
5344,0.7242,22,35,22,593787,11823,102303,5653,0.10951684019415317,0.3234721904325933
5345,0.7243,9,24,9,593811,11799,102312,5644,0.10929452740005187,0.3235681935446884
5346,0.7244,12,17,12,593828,11782,102324,5632,0.10913705583756345,0.3234179395888366
5347,0.7245,11,24,11,593852,11758,102335,5621,0.10891474304346214,0.3234363312043271
5348,0.7246,21,34,21,593886,11724,102356,5600,0.10859979991848531,0.3232509812976218
5349,0.7247,14,47,14,593933,11677,102370,5586,0.10816443736337027,0.32358222788623064
5350,0.7248,12,29,12,593962,11648,102382,5574,0.10789580940383119,0.3236557891069562
5351,0.7249,11,16,11,593978,11632,102393,5563,0.10774760087443032,0.3235242803140448
5352,0.725,21,37,21,594015,11595,102414,5542,0.10740486865019082,0.32339382622395985
5353,0.7251,13,15,13,594030,11580,102427,5529,0.10726592315387751,0.32316324741364194
5354,0.7252,4,12,4,594042,11568,102431,5525,0.10715476675682685,0.3232317322880711
5355,0.7253,13,40,13,594082,11528,102444,5512,0.10678424543332468,0.32347417840375586
5356,0.7254,14,35,14,594117,11493,102458,5498,0.1064600392752603,0.32358307339179565
5357,0.7255,6,28,6,594145,11465,102464,5492,0.10620067434880877,0.3238780444654125
5358,0.7256,12,32,12,594177,11433,102476,5480,0.10590425729000703,0.324011115709809
5359,0.7257,4,13,4,594190,11420,102480,5476,0.10578383785986883,0.3241003787878788
5360,0.7258,21,31,21,594221,11389,102501,5455,0.10549668383415466,0.3238541914034671
5361,0.7259,14,28,14,594249,11361,102515,5441,0.10523731890770315,0.3238304963694798
5362,0.726,30,62,30,594311,11299,102545,5411,0.10466301085627477,0.32381807301017357
5363,0.7261,7,13,7,594324,11286,102552,5404,0.10454259142613657,0.3237866986219293
5364,0.7262,11,27,11,594351,11259,102563,5393,0.1042924895327726,0.32386500120105693
5365,0.7263,5,5,5,594356,11254,102568,5388,0.10424617436733484,0.32375916356207185
5366,0.7264,7,11,7,594367,11243,102575,5381,0.10414428100337174,0.3236886429258903
5367,0.7265,8,27,8,594394,11216,102583,5373,0.10389417911000778,0.3238893242510097
5368,0.7266,10,17,10,594411,11199,102593,5363,0.10373670754751936,0.32381354908827437
5369,0.7267,18,18,18,594429,11181,102611,5345,0.10356997295194338,0.32342974706523053
5370,0.7268,4,13,4,594442,11168,102615,5341,0.10344955352180518,0.32352050396753285
5371,0.7269,13,26,13,594468,11142,102628,5328,0.10320871466152877,0.32349726775956283
5372,0.727,17,18,17,594486,11124,102645,5311,0.10304198006595279,0.3231518101612412
5373,0.7271,14,26,14,594512,11098,102659,5297,0.10280114120567639,0.32308630680085393
5374,0.7272,4,8,4,594520,11090,102663,5293,0.10272703694097596,0.32307880119636206
5375,0.7273,8,36,8,594556,11054,102671,5285,0.102393567749824,0.32345920802986716
5376,0.7274,3,6,3,594562,11048,102674,5282,0.10233798955129868,0.3234537660747091
5377,0.7275,3,13,3,594575,11035,102677,5279,0.10221757012116048,0.3235871031016305
5378,0.7276,7,13,7,594588,11022,102684,5272,0.10209715069102226,0.3235546827052903
5379,0.7277,6,20,6,594608,11002,102690,5266,0.10191189002927119,0.32370297516597
5380,0.7278,6,17,6,594625,10985,102696,5260,0.10175441846678276,0.32379193598030165
5381,0.7279,2,13,2,594638,10972,102698,5258,0.10163399903664457,0.3239679605668515
5382,0.728,4,7,4,594645,10965,102702,5254,0.10156915780503167,0.32394105678525187
5383,0.7281,7,22,7,594667,10943,102709,5247,0.10136537107710548,0.3240889437924645
5384,0.7282,4,3,4,594670,10940,102713,5243,0.10133758197784283,0.3239819563739727
5385,0.7283,9,23,9,594693,10917,102722,5234,0.10112453221682907,0.3240666212618414
5386,0.7284,11,35,11,594728,10882,102733,5223,0.10080032605876468,0.32430922073890095
5387,0.7285,21,39,21,594767,10843,102754,5202,0.10043906776835007,0.32421315051417887
5388,0.7286,2,17,2,594784,10826,102756,5200,0.10028159620586165,0.32447273181080744
5389,0.7287,8,17,8,594801,10809,102764,5192,0.10012412464337322,0.3244797200174989
5390,0.7288,5,9,5,594810,10800,102769,5187,0.10004075734558524,0.3244511165321824
5391,0.7289,7,15,7,594825,10785,102776,5180,0.09990181184927192,0.32445975571562796
5392,0.729,4,19,4,594844,10766,102780,5176,0.0997258142206084,0.3246769539580981
5393,0.7291,8,20,8,594864,10746,102788,5168,0.09954055355885731,0.3247455071006661
5394,0.7292,10,33,10,594897,10713,102798,5158,0.09923487346696802,0.32499527439984877
5395,0.7293,7,5,7,594902,10708,102805,5151,0.09918855830153026,0.32479979822182986
5396,0.7294,10,13,10,594915,10695,102815,5141,0.09906813887139204,0.324640060621369
5397,0.7295,11,30,11,594945,10665,102826,5130,0.09879024787876542,0.3247863247863248
5398,0.7296,6,20,6,594965,10645,102832,5124,0.09860498721701434,0.3249413406049845
5399,0.7297,6,16,6,594981,10629,102838,5118,0.09845677868761347,0.32501428843589253
5400,0.7298,4,10,4,594991,10619,102842,5114,0.09836414835673793,0.3250492595182101
5401,0.7299,8,39,8,595030,10580,102850,5106,0.09800289006632332,0.3255131964809384
5402,0.73,5,19,5,595049,10561,102855,5101,0.09782689243765978,0.3256927595453965
5403,0.7301,7,15,7,595064,10546,102862,5094,0.09768794694134647,0.32570332480818415
5404,0.7302,9,14,9,595078,10532,102871,5085,0.09755826447812072,0.32560671063584556
5405,0.7303,7,17,7,595095,10515,102878,5078,0.09740079291563229,0.32565894952863467
5406,0.7304,14,27,14,595122,10488,102892,5064,0.09715069102226834,0.3256172839506173
5407,0.7305,9,25,9,595147,10463,102901,5055,0.09691911519507948,0.3257507410748808
5408,0.7306,8,11,8,595158,10452,102909,5047,0.09681722183111638,0.3256339118652816
5409,0.7307,11,28,11,595186,10424,102920,5036,0.09655785690466487,0.3257438551099612
5410,0.7308,4,8,4,595194,10416,102924,5032,0.09648375263996443,0.32573795960642155
5411,0.7309,7,24,7,595218,10392,102931,5025,0.09626143984586313,0.32593889861840825
5412,0.731,7,6,7,595224,10386,102938,5018,0.0962058616473378,0.3257595429758504
5413,0.7311,3,14,3,595238,10372,102941,5015,0.09607617918411204,0.32592448170533567
5414,0.7312,9,23,9,595261,10349,102950,5006,0.0958631294230983,0.32601758384890916
5415,0.7313,2,10,2,595271,10339,102952,5004,0.09577049909222275,0.32614221469073845
5416,0.7314,4,19,4,595290,10320,102956,5000,0.09559450146355923,0.3263707571801567
5417,0.7315,2,3,2,595293,10317,102958,4998,0.09556671236429656,0.32634671890303624
5418,0.7316,13,34,13,595327,10283,102971,4985,0.09525176923931972,0.3264998690070736
5419,0.7317,9,19,9,595346,10264,102980,4976,0.0950757716106562,0.32650918635170606
5420,0.7318,11,29,11,595375,10235,102991,4965,0.09480714365111712,0.32664473684210527
5421,0.7319,9,22,9,595397,10213,103000,4956,0.09460335692319093,0.32671896631287495
5422,0.732,6,23,6,595420,10190,103006,4950,0.09439030716217718,0.32694848084544254
5423,0.7321,3,16,3,595436,10174,103009,4947,0.09424209863277631,0.32716090205674225
5424,0.7322,4,12,4,595448,10162,103013,4943,0.09413094223572567,0.32724263488910954
5425,0.7323,1,0,1,595448,10162,103014,4942,0.09413094223572567,0.327198093220339
5426,0.7324,11,40,11,595488,10122,103025,4931,0.0937604209122235,0.327575898491995
5427,0.7325,6,14,6,595502,10108,103031,4925,0.09363073844899773,0.3276125856449145
5428,0.7326,8,13,8,595515,10095,103039,4917,0.09351031901885953,0.32753796962430054
5429,0.7327,9,16,9,595531,10079,103048,4908,0.09336211048945867,0.3274838193100687
5430,0.7328,3,3,3,595534,10076,103051,4905,0.09333432139019601,0.32741472531873705
5431,0.7329,14,32,14,595566,10044,103065,4891,0.09303790433139428,0.32748577167726817
5432,0.733,6,12,6,595578,10032,103071,4885,0.09292674793434362,0.3274787155594288
5433,0.7331,8,14,8,595592,10018,103079,4877,0.09279706547111786,0.3274253105068815
5434,0.7332,7,16,7,595608,10002,103086,4870,0.092648856941717,0.3274610005379236
5435,0.7333,9,15,9,595623,9987,103095,4861,0.09250991144540369,0.3273841594827586
5436,0.7334,3,16,3,595639,9971,103098,4858,0.09236170291600282,0.3276013217344393
5437,0.7335,7,26,7,595665,9945,103105,4851,0.0921208640557264,0.3278588807785888
5438,0.7336,6,15,6,595680,9930,103111,4845,0.0919819185594131,0.32791878172588834
5439,0.7337,16,30,16,595710,9900,103127,4829,0.09170402756678647,0.3278566094100075
5440,0.7338,13,28,13,595738,9872,103140,4816,0.09144466264033495,0.32788671023965144
5441,0.7339,5,25,5,595763,9847,103145,4811,0.09121308681314609,0.3282166734888798
5442,0.734,8,35,8,595798,9812,103153,4803,0.0908888806550817,0.3286349640780021
5443,0.7341,10,15,10,595813,9797,103163,4793,0.09074993515876839,0.3285126799177519
5444,0.7342,17,23,17,595836,9774,103180,4776,0.09053688539775465,0.32824742268041235
5445,0.7343,6,16,6,595852,9758,103186,4770,0.09038867686835378,0.3283314977973568
5446,0.7344,9,25,9,595877,9733,103195,4761,0.09015710104116492,0.32848075065544363
5447,0.7345,13,27,13,595904,9706,103208,4748,0.08990699914780095,0.3284903832849038
5448,0.7346,1,12,1,595916,9694,103209,4747,0.08979584275075031,0.32871684786372135
5449,0.7347,8,18,8,595934,9676,103217,4739,0.08962910815517433,0.32875476933749564
5450,0.7348,8,17,8,595951,9659,103225,4731,0.08947163659268591,0.32876997915218903
5451,0.7349,4,8,4,595959,9651,103229,4727,0.08939753232798547,0.3287661705383224
5452,0.735,17,15,17,595974,9636,103246,4710,0.08925858683167216,0.32831451275616896
5453,0.7351,6,16,6,595990,9620,103252,4704,0.0891103783022713,0.32839988829935773
5454,0.7352,9,16,9,596006,9604,103261,4695,0.08896216977287043,0.3283446394852787
5455,0.7353,12,9,12,596015,9595,103273,4683,0.08887880247508244,0.32798711304104217
5456,0.7354,11,20,11,596035,9575,103284,4672,0.08869354181333136,0.3279286867410683
5457,0.7355,5,6,5,596041,9569,103289,4667,0.08863796361480603,0.32783085136274237
5458,0.7356,10,18,10,596059,9551,103299,4657,0.08847122901923006,0.3277730855855856
5459,0.7357,12,26,12,596085,9525,103311,4645,0.08823039015895365,0.32780522230063514
5460,0.7358,6,21,6,596106,9504,103317,4639,0.08803586646411501,0.32800678781022413
5461,0.7359,5,9,5,596115,9495,103322,4634,0.08795249916632703,0.3279779177578031
5462,0.736,5,8,5,596123,9487,103327,4629,0.08787839490162659,0.3279257580051006
5463,0.7361,5,12,5,596135,9475,103332,4624,0.08776723850457593,0.3279665224484006
5464,0.7362,16,26,16,596161,9449,103348,4608,0.08752639964429954,0.3278082094330227
5465,0.7363,9,16,9,596177,9433,103357,4599,0.08737819111489867,0.3277508551881414
5466,0.7364,4,4,4,596181,9429,103361,4595,0.08734113898254844,0.32765259555048487
5467,0.7365,7,21,7,596202,9408,103368,4588,0.08714661528770981,0.3278079451271792
5468,0.7366,3,22,3,596224,9386,103371,4585,0.08694282855978362,0.3281798010163911
5469,0.7367,6,24,6,596248,9362,103377,4579,0.08672051576568232,0.32845563445950793
5470,0.7368,6,12,6,596260,9350,103383,4573,0.08660935936863166,0.32844932844932845
5471,0.7369,9,13,9,596273,9337,103392,4564,0.08648893993849346,0.3283217034745702
5472,0.737,8,6,8,596279,9331,103400,4556,0.08643336173996813,0.32807661842010516
5473,0.7371,5,28,5,596307,9303,103405,4551,0.08617399681351662,0.3284971849285405
5474,0.7372,15,22,15,596329,9281,103420,4536,0.08597021008559043,0.32829123543460953
5475,0.7373,24,57,24,596386,9224,103444,4512,0.08544221719959984,0.32847990681421085
5476,0.7374,13,24,13,596410,9200,103457,4499,0.08521990440549854,0.3284181327104168
5477,0.7375,14,28,14,596438,9172,103471,4485,0.08496053947904703,0.3284030167679578
5478,0.7376,16,44,16,596482,9128,103487,4469,0.08455296602319463,0.3286754431124513
5479,0.7377,6,15,6,596497,9113,103493,4463,0.08441402052688132,0.32874189746611665
5480,0.7378,14,25,14,596522,9088,103507,4449,0.08418244469969247,0.32865479796114355
5481,0.7379,5,14,5,596536,9074,103512,4444,0.08405276223646671,0.32874685604379345
5482,0.738,10,9,10,596545,9065,103522,4434,0.08396939493867872,0.32846877546484926
5483,0.7381,15,23,15,596568,9042,103537,4419,0.08375634517766498,0.3282817026966793
5484,0.7382,9,20,9,596588,9022,103546,4410,0.08357108451591388,0.32832042882668255
5485,0.7383,16,25,16,596613,8997,103562,4394,0.08333950868872504,0.3281308341423344
5486,0.7384,5,15,5,596628,8982,103567,4389,0.08320056319241172,0.3282477002468028
5487,0.7385,3,4,3,596632,8978,103570,4386,0.0831635110600615,0.3281951511523496
5488,0.7386,12,18,12,596650,8960,103582,4374,0.08299677646448553,0.328033598320084
5489,0.7387,13,33,13,596683,8927,103595,4361,0.08269109637259624,0.32819084888621314
5490,0.7388,14,31,14,596714,8896,103609,4347,0.08240394234688206,0.3282488862040323
5491,0.7389,20,41,20,596755,8855,103629,4327,0.08202415799029233,0.32825064481869215
5492,0.739,12,17,12,596772,8838,103641,4315,0.08186668642780393,0.3280620390785372
5493,0.7391,10,25,10,596797,8813,103651,4305,0.08163511060061507,0.3281750266808965
5494,0.7392,10,32,10,596829,8781,103661,4295,0.08133869354181333,0.32846436219027225
5495,0.7393,7,27,7,596856,8754,103668,4288,0.08108859164844937,0.32878392884526914
5496,0.7394,8,13,8,596869,8741,103676,4280,0.08096817221831117,0.3286997926426542
5497,0.7395,5,19,5,596888,8722,103681,4275,0.08079217458964763,0.3289220589366777
5498,0.7396,2,9,2,596897,8713,103683,4273,0.08070880729185964,0.3290466656399199
5499,0.7397,8,23,8,596920,8690,103691,4265,0.0804957575308459,0.32921651871864144
5500,0.7398,0,3,0,596923,8687,103691,4265,0.08046796843158324,0.32929277331686224
5501,0.7399,3,16,3,596939,8671,103694,4262,0.08031975990218237,0.32954457589113123
5502,0.74,10,30,10,596969,8641,103704,4252,0.08004186890955574,0.32979135965252465
5503,0.7401,8,18,8,596987,8623,103712,4244,0.07987513431397977,0.32983601461102047
5504,0.7402,10,26,10,597013,8597,103722,4234,0.07963429545370336,0.32998207466292573
5505,0.7403,6,14,6,597027,8583,103728,4228,0.0795046129904776,0.33002888143002107
5506,0.7404,7,18,7,597045,8565,103735,4221,0.07933787839490163,0.3301267010793055
5507,0.7405,16,8,16,597053,8557,103751,4205,0.07926377413020119,0.32949380974768844
5508,0.7406,6,19,6,597072,8538,103757,4199,0.07908777650153766,0.32966946690743504
5509,0.7407,6,15,6,597087,8523,103763,4193,0.07894883100522435,0.32974205725070777
5510,0.7408,7,11,7,597098,8512,103770,4186,0.07884693764126126,0.3296582138919515
5511,0.7409,25,38,25,597136,8474,103795,4161,0.0784949423839342,0.3293233082706767
5512,0.741,11,29,11,597165,8445,103806,4150,0.07822631442439512,0.3294958316792378
5513,0.7411,21,30,21,597195,8415,103827,4129,0.0779484234317685,0.3291613520408163
5514,0.7412,0,5,0,597200,8410,103827,4129,0.07790210826633073,0.3292926070659542
5515,0.7413,10,10,10,597210,8400,103837,4119,0.07780947793545519,0.3290198897675533
5516,0.7414,7,12,7,597222,8388,103844,4112,0.07769832153840453,0.32896
5517,0.7415,9,12,9,597234,8376,103853,4103,0.07758716514135389,0.32879237118358845
5518,0.7416,4,20,4,597254,8356,103857,4099,0.0774019044796028,0.3291047771979125
5519,0.7417,4,12,4,597266,8344,103861,4095,0.07729074808255215,0.32920652785593696
5520,0.7418,9,15,9,597281,8329,103870,4086,0.07715180258623884,0.32911800241643174
5521,0.7419,4,13,4,597294,8316,103874,4082,0.07703138315610063,0.3292466526859171
5522,0.742,0,11,0,597305,8305,103874,4082,0.07692948979213754,0.3295390328570275
5523,0.7421,6,11,6,597316,8294,103880,4076,0.07682759642817444,0.32950687146321744
5524,0.7422,6,10,6,597326,8284,103886,4070,0.07673496609729889,0.32944795208029787
5525,0.7423,27,35,27,597361,8249,103913,4043,0.0764107599392345,0.3289131142206313
5526,0.7424,14,22,14,597383,8227,103927,4029,0.07620697321130832,0.3287369451697128
5527,0.7425,1,10,1,597393,8217,103928,4028,0.07611434288043277,0.32895059207839933
5528,0.7426,9,16,9,597409,8201,103937,4019,0.0759661343510319,0.32888707037643206
5529,0.7427,4,12,4,597421,8189,103941,4015,0.07585497795398125,0.32899049491969845
5530,0.7428,7,14,7,597435,8175,103948,4008,0.07572529549075549,0.3289830091110564
5531,0.7429,2,16,2,597451,8159,103950,4006,0.07557708696135462,0.3293053842992191
5532,0.743,13,19,13,597470,8140,103963,3993,0.0754010893326911,0.329102447869447
5533,0.7431,2,13,2,597483,8127,103965,3991,0.07528066990255289,0.32934477636573695
5534,0.7432,2,7,2,597490,8120,103967,3989,0.07521582867094001,0.3294243950780411
5535,0.7433,10,27,10,597517,8093,103977,3979,0.07496572677757606,0.3296056991385023
5536,0.7434,11,15,11,597532,8078,103988,3968,0.07482678128126273,0.3294039515191765
5537,0.7435,10,14,10,597546,8064,103998,3958,0.07469709881803697,0.32922974546664446
5538,0.7436,6,11,6,597557,8053,104004,3952,0.07459520545407389,0.3291961682632237
5539,0.7437,12,19,12,597576,8034,104016,3940,0.07441920782541035,0.3290462669116419
5540,0.7438,10,7,10,597583,8027,104026,3930,0.07435436659379747,0.32867776198042986
5541,0.7439,5,10,5,597593,8017,104031,3925,0.07426173626292193,0.32867191425221903
5542,0.744,3,3,3,597596,8014,104034,3922,0.07423394716365928,0.3285857908847185
5543,0.7441,6,23,6,597619,7991,104040,3916,0.07402089740264552,0.32888217015201143
5544,0.7442,6,8,6,597627,7983,104046,3910,0.07394679313794508,0.3287648196418061
5545,0.7443,5,11,5,597638,7972,104051,3905,0.073844899773982,0.32878673065588954
5546,0.7444,7,11,7,597649,7961,104058,3898,0.0737430064100189,0.3286955055232313
5547,0.7445,3,6,3,597655,7955,104061,3895,0.07368742821149357,0.32869198312236286
5548,0.7446,10,18,10,597673,7937,104071,3885,0.07352069361591759,0.32862459820673323
5549,0.7447,8,12,8,597685,7925,104079,3877,0.07340953721886695,0.3285036434502627
5550,0.7448,6,22,6,597707,7903,104085,3871,0.07320575049094076,0.32877526753864444
5551,0.7449,2,13,2,597720,7890,104087,3869,0.07308533106080255,0.32902457691980613
5552,0.745,11,16,11,597736,7874,104098,3858,0.07293712253140168,0.3288441868394136
5553,0.7451,3,10,3,597746,7864,104101,3855,0.07284449220052613,0.3289529823363768
5554,0.7452,4,9,4,597755,7855,104105,3851,0.07276112490273816,0.32897659320006833
5555,0.7453,6,15,6,597770,7840,104111,3845,0.07262217940642483,0.3290543431750107
5556,0.7454,14,40,14,597810,7800,104125,3831,0.07225165808292268,0.32937838534949704
5557,0.7455,4,5,4,597815,7795,104129,3827,0.0722053429174849,0.32928927895370846
5558,0.7456,13,26,13,597841,7769,104142,3814,0.07196450405720849,0.32927566260899593
5559,0.7457,3,7,3,597848,7762,104145,3811,0.07189966282559561,0.3293009591290072
5560,0.7458,15,16,15,597864,7746,104160,3796,0.07175145429619474,0.32888580835210535
5561,0.7459,4,9,4,597873,7737,104164,3792,0.07166808699840675,0.3289097059588863
5562,0.746,4,10,4,597883,7727,104168,3788,0.07157545666753122,0.3289622231871472
5563,0.7461,2,10,2,597893,7717,104170,3786,0.07148282633665567,0.3291315309049813
5564,0.7462,7,16,7,597909,7701,104177,3779,0.07133461780725481,0.32918118466898955
5565,0.7463,5,22,5,597931,7679,104182,3774,0.07113083107932862,0.3295206496114555
5566,0.7464,5,14,5,597945,7665,104187,3769,0.07100114861610286,0.3296309253104775
5567,0.7465,13,16,13,597961,7649,104200,3756,0.070852940086702,0.32932924156071897
5568,0.7466,1,7,1,597968,7642,104201,3755,0.0707880988550891,0.32947266824602967
5569,0.7467,11,28,11,597996,7614,104212,3744,0.0705287339286376,0.329635499207607
5570,0.7468,11,15,11,598011,7599,104223,3733,0.07038978843232428,0.3294211083656901
5571,0.7469,0,7,0,598018,7592,104223,3733,0.0703249472007114,0.32962472406181015
5572,0.747,1,11,1,598029,7581,104224,3732,0.0702230538367483,0.32988597189074514
5573,0.7471,5,10,5,598039,7571,104229,3727,0.07013042350587276,0.329881394937157
5574,0.7472,9,18,9,598057,7553,104238,3718,0.06996368891029679,0.32987312572087657
5575,0.7473,12,34,12,598091,7519,104250,3706,0.06964874578531995,0.3301559020044543
5576,0.7474,4,12,4,598103,7507,104254,3702,0.06953758938826929,0.3302703184940673
5577,0.7475,17,49,17,598152,7458,104271,3685,0.06908370076697914,0.33070088845014806
5578,0.7476,10,16,10,598168,7442,104281,3675,0.06893549223757828,0.33057479535846
5579,0.7477,13,36,13,598204,7406,104294,3662,0.06860202304642632,0.3308637513552584
5580,0.7478,14,35,14,598239,7371,104308,3648,0.06827781688836193,0.33106452491151644
5581,0.7479,1,12,1,598251,7359,104309,3647,0.06816666049131127,0.3313647101580956
5582,0.748,6,15,6,598266,7344,104315,3641,0.06802771499499796,0.33145197997269005
5583,0.7481,5,8,5,598274,7336,104320,3636,0.06795361073029753,0.33138899015676265
5584,0.7482,11,22,11,598296,7314,104331,3625,0.06774982400237134,0.33138312460005487
5585,0.7483,8,28,8,598324,7286,104339,3617,0.06749045907591981,0.3317435568192241
5586,0.7484,2,3,2,598327,7283,104341,3615,0.06746266997665716,0.33171224077812445
5587,0.7485,12,22,12,598349,7261,104353,3603,0.06725888324873096,0.3316458026509573
5588,0.7486,11,14,11,598363,7247,104364,3592,0.0671292007855052,0.3313958852292647
5589,0.7487,2,5,2,598368,7242,104366,3590,0.06708288562006744,0.3314254062038405
5590,0.7488,2,7,2,598375,7235,104368,3588,0.06701804438845456,0.3315162154670609
5591,0.7489,11,34,11,598409,7201,104379,3577,0.06670310126347771,0.3318797550565968
5592,0.749,7,17,7,598426,7184,104386,3570,0.06654562970098929,0.331969499721034
5593,0.7491,4,14,4,598440,7170,104390,3566,0.06641594723776353,0.33215350223546947
5594,0.7492,11,13,11,598453,7157,104401,3555,0.06629552780762533,0.3318707991038088
5595,0.7493,11,12,11,598465,7145,104412,3544,0.06618437141057468,0.3315558050332117
5596,0.7494,17,43,17,598508,7102,104429,3527,0.06578606098780986,0.33182801768745884
5597,0.7495,11,42,11,598550,7060,104440,3516,0.06539701359813258,0.3324508320726172
5598,0.7496,18,26,18,598576,7034,104458,3498,0.06515617473785616,0.3321306494492974
5599,0.7497,0,4,0,598580,7030,104458,3498,0.06511912260550595,0.33225683890577506
5600,0.7498,13,28,13,598608,7002,104471,3485,0.06485975767905443,0.33231620101077525
5601,0.7499,3,18,3,598626,6984,104474,3482,0.06469302308347845,0.33269635008599274
5602,0.75,7,6,7,598632,6978,104481,3475,0.06463744488495313,0.33244044771835835
5603,0.7501,8,25,8,598657,6953,104489,3467,0.06440586905776427,0.33272552783109405
5604,0.7502,4,16,4,598673,6937,104493,3463,0.0642576605283634,0.33298076923076925
5605,0.7503,6,23,6,598696,6914,104499,3457,0.06404461076734966,0.3333333333333333
5606,0.7504,8,31,8,598727,6883,104507,3449,0.06375745674163548,0.333817266744096
5607,0.7505,13,39,13,598766,6844,104520,3436,0.06339619845122087,0.33424124513618675
5608,0.7506,3,14,3,598780,6830,104523,3433,0.06326651598799511,0.33450258209100653
5609,0.7507,2,7,2,598787,6823,104525,3431,0.06320167475638223,0.33460113126584745
5610,0.7508,1,13,1,598800,6810,104526,3430,0.06308125532624402,0.3349609375
5611,0.7509,1,7,1,598807,6803,104527,3429,0.06301641409463114,0.33512509773260357
5612,0.751,11,22,11,598829,6781,104538,3418,0.06281262736670495,0.3351308951858025
5613,0.7511,16,31,16,598860,6750,104554,3402,0.06252547334099078,0.3351063829787234
5614,0.7512,11,17,11,598877,6733,104565,3391,0.06236800177850235,0.33494666139865664
5615,0.7513,6,7,6,598884,6726,104571,3385,0.062303160546889474,0.3347838987241618
5616,0.7514,5,11,5,598895,6715,104576,3380,0.06220126718292638,0.33481921743437343
5617,0.7515,1,4,1,598899,6711,104577,3379,0.06216421505057616,0.33488602576808724
5618,0.7516,2,4,2,598903,6707,104579,3377,0.062127162918225946,0.3348869496231654
5619,0.7517,5,5,5,598908,6702,104584,3372,0.062080847752788174,0.334723049434187
5620,0.7518,2,9,2,598917,6693,104586,3370,0.061997480455000184,0.3348901917917122
5621,0.7519,15,43,15,598960,6650,104601,3355,0.061599170032235355,0.3353323338330835
5622,0.752,6,14,6,598974,6636,104607,3349,0.0614694875690096,0.3354031046569855
5623,0.7521,7,26,7,599000,6610,104614,3342,0.06122864870873319,0.3358118971061093
5624,0.7522,4,11,4,599011,6599,104618,3338,0.06112675534477009,0.3359162725168562
5625,0.7523,14,25,14,599036,6574,104632,3324,0.060895179517581235,0.3358254192766215
5626,0.7524,15,46,15,599082,6528,104647,3309,0.060469079995553746,0.33638304361085697
5627,0.7525,22,29,22,599111,6499,104669,3287,0.06020045203601467,0.33588800326997753
5628,0.7526,16,27,16,599138,6472,104685,3271,0.05995035014265071,0.3357282151288104
5629,0.7527,3,15,3,599153,6457,104688,3268,0.0598114046463374,0.33604113110539846
5630,0.7528,11,29,11,599182,6428,104699,3257,0.059542776686798325,0.3362932369643779
5631,0.7529,5,23,5,599205,6405,104704,3252,0.05932972692578458,0.3367505436470954
5632,0.753,14,31,14,599236,6374,104718,3238,0.0590425729000704,0.3368705784436122
5633,0.7531,9,9,9,599245,6365,104727,3229,0.05895920560228241,0.33656451949134875
5634,0.7532,0,7,0,599252,6358,104727,3229,0.058894364370669534,0.33681026389902996
5635,0.7533,3,6,3,599258,6352,104730,3226,0.058838786172144206,0.33681353100856126
5636,0.7534,12,19,12,599277,6333,104742,3214,0.05866278854348068,0.3366502566251178
5637,0.7535,10,21,10,599298,6312,104752,3204,0.05846826484864204,0.33669609079445145
5638,0.7536,5,21,5,599319,6291,104757,3199,0.058273741153803404,0.33709167544783986
5639,0.7537,11,23,11,599342,6268,104768,3188,0.05806069139278965,0.3371404399323181
5640,0.7538,10,19,10,599361,6249,104778,3178,0.057884693764126124,0.3371167921926382
5641,0.7539,12,19,12,599380,6230,104790,3166,0.057708696135462596,0.3369518944231588
5642,0.754,10,17,10,599397,6213,104800,3156,0.05755122457297417,0.33685558757604867
5643,0.7541,8,19,8,599416,6194,104808,3148,0.057375226944310645,0.33697281096125026
5644,0.7542,4,9,4,599425,6185,104812,3144,0.057291859646522655,0.3370136134633937
5645,0.7543,1,5,1,599430,6180,104813,3143,0.05724554448108489,0.3371232435911187
5646,0.7544,9,12,9,599442,6168,104822,3134,0.05713438808403424,0.33691679208772307
5647,0.7545,3,8,3,599450,6160,104825,3131,0.057060283819333805,0.33699278872026694
5648,0.7546,7,19,7,599469,6141,104832,3124,0.05688428619067027,0.33718294657312464
5649,0.7547,5,4,5,599473,6137,104837,3119,0.056847234058320054,0.3369706136560069
5650,0.7548,2,5,2,599478,6132,104839,3117,0.05680091889288229,0.3370094064223159
5651,0.7549,7,13,7,599491,6119,104846,3110,0.05668049946274408,0.33698125474049195
5652,0.755,7,15,7,599506,6104,104853,3103,0.05654155396643077,0.33702617573585314
5653,0.7551,3,8,3,599514,6096,104856,3100,0.056467449701730336,0.33710308829926056
5654,0.7552,9,31,9,599545,6065,104865,3091,0.05618029567601616,0.3375928352992573
5655,0.7553,8,16,8,599561,6049,104873,3083,0.05603208714661529,0.33760402978537013
5656,0.7554,7,5,7,599566,6044,104880,3076,0.05598577198117752,0.33728070175438596
5657,0.7555,2,13,2,599579,6031,104882,3074,0.05586535255103931,0.3376166941241076
5658,0.7556,2,11,2,599590,6020,104884,3072,0.05576345918707622,0.33787945446546414
5659,0.7557,21,30,21,599620,5990,104905,3051,0.05548556819444959,0.33746267005862185
5660,0.7558,6,15,6,599635,5975,104911,3045,0.055346622698136276,0.3375831485587583
5661,0.7559,14,23,14,599658,5952,104925,3031,0.05513357293712253,0.337415117444061
5662,0.756,3,9,3,599667,5943,104928,3028,0.05505020563933454,0.33753204770928547
5663,0.7561,6,12,6,599679,5931,104934,3022,0.05493904924228389,0.33754048922149
5664,0.7562,2,12,2,599691,5919,104936,3020,0.05482789284523324,0.3378453965767983
5665,0.7563,3,4,3,599695,5915,104939,3017,0.054790840712883024,0.3377742946708464
5666,0.7564,4,11,4,599706,5904,104943,3013,0.05468894734891993,0.33789391050801837
5667,0.7565,5,6,5,599712,5898,104948,3008,0.05463336915039461,0.3377498315742196
5668,0.7566,2,4,2,599716,5894,104950,3006,0.05459631701804439,0.33775280898876403
5669,0.7567,4,15,4,599731,5879,104954,3002,0.05445737152173107,0.3380249971850017
5670,0.7568,12,18,12,599749,5861,104966,2990,0.0542906369261551,0.33781493616540503
5671,0.7569,13,16,13,599765,5845,104979,2977,0.05414242839675423,0.33745182498299703
5672,0.757,19,24,19,599789,5821,104998,2958,0.05392011560265293,0.3369404260166306
5673,0.7571,14,16,14,599805,5805,105012,2944,0.053771907073252065,0.3364955994970854
5674,0.7572,1,4,1,599809,5801,105013,2943,0.05373485494090185,0.3365736505032022
5675,0.7573,10,9,10,599818,5792,105023,2933,0.05365148764311386,0.3361604584527221
5676,0.7574,8,21,8,599839,5771,105031,2925,0.053456963948275225,0.3363615455381785
5677,0.7575,14,18,14,599857,5753,105045,2911,0.053290229352699246,0.33598799630655585
5678,0.7576,11,20,11,599877,5733,105056,2900,0.05310496869094816,0.3359203058033129
5679,0.7577,6,8,6,599885,5725,105062,2894,0.05303086442624773,0.33576981088293306
5680,0.7578,6,8,6,599893,5717,105068,2888,0.052956760161547295,0.33561882626380013
5681,0.7579,9,25,9,599918,5692,105077,2879,0.052725184334358445,0.3359001283397503
5682,0.758,8,6,8,599924,5686,105085,2871,0.052669606135833116,0.33551478321841766
5683,0.7581,3,7,3,599931,5679,105088,2868,0.05260476490422024,0.33555633555633557
5684,0.7582,6,19,6,599950,5660,105094,2862,0.05242876727555671,0.33583665806148794
5685,0.7583,1,4,1,599954,5656,105095,2861,0.052391715143206494,0.33591640248913934
5686,0.7584,7,8,7,599962,5648,105102,2854,0.05231761087850606,0.3356857210068219
5687,0.7585,8,20,8,599982,5628,105110,2846,0.052132350216754976,0.3358508378569743
5688,0.7586,3,12,3,599994,5616,105113,2843,0.052021193819704326,0.3360917366118927
5689,0.7587,6,20,6,600014,5596,105119,2837,0.05183593315795324,0.3364164591485829
5690,0.7588,3,6,3,600020,5590,105122,2834,0.05178035495942791,0.33641975308641975
5691,0.7589,10,13,10,600033,5577,105132,2824,0.05165993552928971,0.3361504582787763
5692,0.759,3,11,3,600044,5566,105135,2821,0.05155804216532661,0.3363538810063193
5693,0.7591,7,13,7,600057,5553,105142,2814,0.05143762273518841,0.3363212621011115
5694,0.7592,6,17,6,600074,5536,105148,2808,0.05128015117269999,0.336529242569511
5695,0.7593,3,3,3,600077,5533,105151,2805,0.05125236207343733,0.33641160949868076
5696,0.7594,19,38,19,600115,5495,105170,2786,0.050900366816110265,0.3364327979712595
5697,0.7595,5,13,5,600128,5482,105175,2781,0.050779947385972066,0.3365605712211061
5698,0.7596,6,20,6,600148,5462,105181,2775,0.05059468672422098,0.336894500424912
5699,0.7597,14,23,14,600171,5439,105195,2761,0.05038163696320723,0.33670731707317075
5700,0.7598,6,6,6,600177,5433,105201,2755,0.05032605876468191,0.33646800195407917
5701,0.7599,5,23,5,600200,5410,105206,2750,0.05011300900366816,0.33700980392156865
5702,0.76,14,26,14,600226,5384,105220,2736,0.04987217014339175,0.3369458128078818
5703,0.7601,11,17,11,600243,5367,105231,2725,0.049714698580903334,0.3367523479980227
5704,0.7602,9,20,9,600263,5347,105240,2716,0.04952943791915225,0.3368473272975319
5705,0.7603,7,8,7,600271,5339,105247,2709,0.049455333654451816,0.3366053677932406
5706,0.7604,7,10,7,600281,5329,105254,2702,0.04936270332357627,0.3364462707010335
5707,0.7605,9,14,9,600295,5315,105263,2693,0.049233020860350515,0.3362887112887113
5708,0.7606,7,9,7,600304,5306,105270,2686,0.049149653562562526,0.3360860860860861
5709,0.7607,4,10,4,600314,5296,105274,2682,0.04905702323168698,0.33617447981950366
5710,0.7608,6,23,6,600337,5273,105280,2676,0.048843973470673235,0.33664611900868036
5711,0.7609,9,13,9,600350,5260,105289,2667,0.048723554040535036,0.3364450611832976
5712,0.761,7,29,7,600379,5231,105296,2660,0.04845492608099596,0.3370928906349005
5713,0.7611,11,15,11,600394,5216,105307,2649,0.04831598058468265,0.336808645899555
5714,0.7612,9,15,9,600409,5201,105316,2640,0.04817703508836933,0.33669174850146666
5715,0.7613,24,39,24,600448,5162,105340,2616,0.04781577679795472,0.3363332476214965
5716,0.7614,4,12,4,600460,5150,105344,2612,0.04770462040090407,0.33651120845143007
5717,0.7615,4,10,4,600470,5140,105348,2608,0.04761199007002853,0.3366029943211151
5718,0.7616,5,12,5,600482,5128,105353,2603,0.04750083367297788,0.33669641702237746
5719,0.7617,7,10,7,600492,5118,105360,2596,0.047408203342102335,0.3365309826289863
5720,0.7618,4,16,4,600508,5102,105364,2592,0.04725999481270147,0.33688588510527684
5721,0.7619,1,15,1,600523,5087,105365,2591,0.04712104931638816,0.3374576712685595
5722,0.762,6,20,6,600543,5067,105371,2585,0.04693578865463707,0.33782017773131207
5723,0.7621,7,11,7,600554,5056,105378,2578,0.04683389529067398,0.3376997642127325
5724,0.7622,11,22,11,600576,5034,105389,2567,0.04663010856274779,0.33771872122089197
5725,0.7623,8,30,8,600606,5004,105397,2559,0.04635221757012116,0.33835779452598175
5726,0.7624,1,6,1,600612,4998,105398,2558,0.04629663937159584,0.3385389094759132
5727,0.7625,15,11,15,600623,4987,105413,2543,0.046194746007632737,0.33771580345285523
5728,0.7626,6,18,6,600641,4969,105419,2537,0.046028011412056764,0.3379962696509459
5729,0.7627,1,9,1,600650,4960,105420,2536,0.045944644114268775,0.3383137673425827
5730,0.7628,11,22,11,600672,4938,105431,2525,0.045740857386342586,0.33833578989682433
5731,0.7629,5,15,5,600687,4923,105436,2520,0.045601911890029274,0.3385731559854897
5732,0.763,1,8,1,600695,4915,105437,2519,0.04552780762532884,0.338848533763788
5733,0.7631,21,25,21,600720,4890,105458,2498,0.045296231798139984,0.3381158635625338
5734,0.7632,5,10,5,600730,4880,105463,2493,0.04520360146726444,0.3381255933812559
5735,0.7633,9,20,9,600750,4860,105472,2484,0.045018340805513354,0.3382352941176471
5736,0.7634,7,16,7,600766,4844,105479,2477,0.04487013227611249,0.3383417565906297
5737,0.7635,2,8,2,600774,4836,105481,2475,0.044796028011412053,0.3385309807139926
5738,0.7636,7,12,7,600786,4824,105488,2468,0.0446848716143614,0.33845309928688977
5739,0.7637,7,22,7,600808,4802,105495,2461,0.044481084886435214,0.338840699435495
5740,0.7638,3,14,3,600822,4788,105498,2458,0.04435140242320946,0.3392216395252553
5741,0.7639,1,3,1,600825,4785,105499,2457,0.04432361332394679,0.3392709196354598
5742,0.764,3,5,3,600830,4780,105502,2454,0.044277298158509025,0.33923140724357204
5743,0.7641,10,34,10,600864,4746,105512,2444,0.04396235503353218,0.3399165507649513
5744,0.7642,7,7,7,600871,4739,105519,2437,0.0438975138019193,0.3396042363433668
5745,0.7643,16,30,16,600901,4709,105535,2421,0.04361962280929267,0.33955119214586255
5746,0.7644,14,26,14,600927,4683,105549,2407,0.043378783949016265,0.3394922425952045
5747,0.7645,5,5,5,600932,4678,105554,2402,0.04333246878357849,0.33926553672316384
5748,0.7646,6,24,6,600956,4654,105560,2396,0.04311015598947719,0.3398581560283688
5749,0.7647,7,21,7,600977,4633,105567,2389,0.04291563229463856,0.3402164625462831
5750,0.7648,10,3,10,600980,4630,105577,2379,0.04288784319537589,0.33942074475674133
5751,0.7649,6,19,6,600999,4611,105583,2373,0.04271184556671236,0.3397766323024055
5752,0.765,5,14,5,601013,4597,105588,2368,0.04258216310348661,0.3399856424982053
5753,0.7651,15,24,15,601037,4573,105603,2353,0.04235985030938531,0.33973433439214556
5754,0.7652,4,6,4,601043,4567,105607,2349,0.04230427211085998,0.3396471949103528
5755,0.7653,8,27,8,601070,4540,105615,2341,0.042054170217496016,0.3402121784624328
5756,0.7654,14,32,14,601102,4508,105629,2327,0.04175775315869428,0.34045354791514265
5757,0.7655,6,9,6,601111,4499,105635,2321,0.04167438586090629,0.3403225806451613
5758,0.7656,3,6,3,601117,4493,105638,2318,0.04161880766238097,0.3403318161797093
5759,0.7657,6,11,6,601128,4482,105644,2312,0.041516914298417876,0.34030026493965265
5760,0.7658,15,41,15,601169,4441,105659,2297,0.04113712994182815,0.3409023449094687
5761,0.7659,4,9,4,601178,4432,105663,2293,0.04105376264404016,0.34096654275092936
5762,0.766,17,47,17,601225,4385,105680,2276,0.040618400088925116,0.34169043687134065
5763,0.7661,2,8,2,601233,4377,105682,2274,0.04054429582422468,0.34190347316193054
5764,0.7662,4,11,4,601244,4366,105686,2270,0.04044240246026159,0.3420735382760699
5765,0.7663,3,13,3,601257,4353,105689,2267,0.04032198303012338,0.34244712990936554
5766,0.7664,4,6,4,601263,4347,105693,2263,0.04026640483159806,0.3423600605143722
5767,0.7665,13,29,13,601292,4318,105706,2250,0.039997776872058986,0.3425700365408039
5768,0.7666,7,12,7,601304,4306,105713,2243,0.039886620475008336,0.34249503741029164
5769,0.7667,12,29,12,601333,4277,105725,2231,0.03961799251546926,0.34280885064535954
5770,0.7668,18,40,18,601373,4237,105743,2213,0.0392474711919671,0.34310077519379845
5771,0.7669,3,6,3,601379,4231,105746,2210,0.03919189299344177,0.3431144232262071
5772,0.767,2,12,2,601391,4219,105748,2208,0.03908073659639112,0.3435506457133966
5773,0.7671,10,33,10,601424,4186,105758,2198,0.03877505650450183,0.3442982456140351
5774,0.7672,8,15,8,601439,4171,105766,2190,0.03863611100818852,0.3442854897028769
5775,0.7673,10,25,10,601464,4146,105776,2180,0.03840453518099966,0.3446095478975656
5776,0.7674,5,12,5,601476,4134,105781,2175,0.03829337878394902,0.34474560152163575
5777,0.7675,5,14,5,601490,4120,105786,2170,0.03816369632072326,0.3449920508744038
5778,0.7676,4,9,4,601499,4111,105790,2166,0.03808032902293527,0.3450693006213159
5779,0.7677,2,9,2,601508,4102,105792,2164,0.037996961725147285,0.34535588892435365
5780,0.7678,17,29,17,601537,4073,105809,2147,0.03772833376560821,0.3451768488745981
5781,0.7679,8,7,8,601544,4066,105817,2139,0.037663492533995334,0.34472199838839646
5782,0.768,7,9,7,601553,4057,105824,2132,0.037580125236207344,0.3444821457424463
5783,0.7681,18,23,18,601576,4034,105842,2114,0.0373670754751936,0.3438516590761223
5784,0.7682,7,13,7,601589,4021,105849,2107,0.03724665604505539,0.34383159268929503
5785,0.7683,3,14,3,601603,4007,105852,2104,0.03711697358182964,0.3442971690394371
5786,0.7684,7,22,7,601625,3985,105859,2097,0.03691318685390344,0.34478789871752713
5787,0.7685,7,19,7,601644,3966,105866,2090,0.036737189225239913,0.345112285336856
5788,0.7686,9,27,9,601671,3939,105875,2081,0.03648708733187595,0.34568106312292357
5789,0.7687,18,22,18,601693,3917,105893,2063,0.036283300603949756,0.3449832775919732
5790,0.7688,6,16,6,601709,3901,105899,2057,0.03613509207454889,0.34525008392077877
5791,0.7689,16,18,16,601727,3883,105915,2041,0.035968357478972916,0.34453072248480754
5792,0.769,4,5,4,601732,3878,105919,2037,0.035922042313535144,0.34437869822485206
5793,0.7691,2,4,2,601736,3874,105921,2035,0.03588499018118493,0.3443899136909799
5794,0.7692,5,17,5,601753,3857,105926,2030,0.035727518618696504,0.3448275862068966
5795,0.7693,7,9,7,601762,3848,105933,2023,0.03564415132090852,0.3445750298075285
5796,0.7694,5,19,5,601781,3829,105938,2018,0.035468153692244986,0.34513425688387206
5797,0.7695,8,23,8,601804,3806,105946,2010,0.03525510393123124,0.34559834938101786
5798,0.7696,1,8,1,601812,3798,105947,2009,0.03518099966653081,0.3459617702772516
5799,0.7697,5,14,5,601826,3784,105952,2004,0.03505131720330505,0.34623358673116794
5800,0.7698,12,18,12,601844,3766,105964,1992,0.03488458260772907,0.3459534560611323
5801,0.7699,4,7,4,601851,3759,105968,1988,0.034819741376116195,0.3459196102314251
5802,0.77,4,14,4,601865,3745,105972,1984,0.03469005891289044,0.3463082562401815
5803,0.7701,15,26,15,601891,3719,105987,1969,0.03444922005261403,0.3461673699015471
5804,0.7702,7,13,7,601904,3706,105994,1962,0.03432880062247582,0.34615384615384615
5805,0.7703,6,11,6,601915,3695,106000,1956,0.034226907258512726,0.3461334277119094
5806,0.7704,14,23,14,601938,3672,106014,1942,0.03401385749749898,0.3459209120057
5807,0.7705,3,12,3,601950,3660,106017,1939,0.03390270110044833,0.34631184140025006
5808,0.7706,1,7,1,601957,3653,106018,1938,0.03383785986883545,0.34662851010552675
5809,0.7707,4,5,4,601962,3648,106022,1934,0.03379154470339768,0.34647079899677535
5810,0.7708,5,9,5,601971,3639,106027,1929,0.03370817740560969,0.3464439655172414
5811,0.7709,0,8,0,601979,3631,106027,1929,0.03363407314090926,0.3469424460431655
5812,0.771,4,16,4,601995,3615,106031,1925,0.03348586461150839,0.34747292418772563
5813,0.7711,4,1,4,601996,3614,106035,1921,0.03347660157842084,0.34706413730803976
5814,0.7712,9,17,9,602013,3597,106044,1912,0.03331913001593242,0.34706843347249955
5815,0.7713,4,11,4,602024,3586,106048,1908,0.03321723665196932,0.34728795049144523
5816,0.7714,4,12,4,602036,3574,106052,1904,0.03310608025491867,0.34757210660825116
5817,0.7715,2,10,2,602046,3564,106054,1902,0.03301344992404313,0.34796926454445665
5818,0.7716,10,20,10,602066,3544,106064,1892,0.03282818926229204,0.34805003679175867
5819,0.7717,3,4,3,602070,3540,106067,1889,0.032791137129941826,0.34794621477251797
5820,0.7718,3,8,3,602078,3532,106070,1886,0.03271703286524139,0.34809892949427834
5821,0.7719,16,22,16,602100,3510,106086,1870,0.0325132461373152,0.3475836431226766
5822,0.772,5,10,5,602110,3500,106091,1865,0.03242061580643966,0.34762348555452005
5823,0.7721,6,23,6,602133,3477,106097,1859,0.03220756604542591,0.3483883058470765
5824,0.7722,11,11,11,602144,3466,106108,1848,0.03210567268146282,0.3477606322920587
5825,0.7723,9,30,9,602174,3436,106117,1839,0.031827781688836196,0.3486255924170616
5826,0.7724,4,12,4,602186,3424,106121,1835,0.031716625291785545,0.348925651264499
5827,0.7725,7,13,7,602199,3411,106128,1828,0.03159620586164734,0.34892154991410573
5828,0.7726,6,13,6,602212,3398,106134,1822,0.03147578643150913,0.34904214559386976
5829,0.7727,3,3,3,602215,3395,106137,1819,0.03144799733224647,0.3488684311469122
5830,0.7728,1,7,1,602222,3388,106138,1818,0.031383156100633594,0.349212447176335
5831,0.7729,9,17,9,602239,3371,106147,1809,0.03122568453814517,0.34922779922779923
5832,0.773,6,14,6,602253,3357,106153,1803,0.031096002074919412,0.3494186046511628
5833,0.7731,4,13,4,602266,3344,106157,1799,0.030975582644781206,0.3497958390044721
5834,0.7732,4,8,4,602274,3336,106161,1795,0.030901478380080772,0.3498343402845449
5835,0.7733,18,23,18,602297,3313,106179,1777,0.030688428619067027,0.34911591355599214
5836,0.7734,3,7,3,602304,3306,106182,1774,0.03062358738745415,0.34921259842519686
5837,0.7735,3,13,3,602317,3293,106185,1771,0.030503167957315943,0.34972353870458134
5838,0.7736,2,8,2,602325,3285,106187,1769,0.03042906369261551,0.35001978630787495
5839,0.7737,4,17,4,602342,3268,106191,1765,0.03027159213012709,0.3506854758593284
5840,0.7738,11,34,11,602376,3234,106202,1754,0.029956649005150247,0.3516439454691259
5841,0.7739,2,3,2,602379,3231,106204,1752,0.029928859905887582,0.35159542444310654
5842,0.774,4,7,4,602386,3224,106208,1748,0.029864018674274705,0.3515687851971038
5843,0.7741,4,14,4,602400,3210,106212,1744,0.029734336211048946,0.35203875656035527
5844,0.7742,5,6,5,602406,3204,106217,1739,0.02967875801252362,0.35181064131094475
5845,0.7743,6,8,6,602414,3196,106223,1733,0.029604653747823187,0.3515926151349158
5846,0.7744,3,20,3,602434,3176,106226,1730,0.029419393086072103,0.35262943334692215
5847,0.7745,16,16,16,602450,3160,106242,1714,0.029271184556671236,0.3516618793598687
5848,0.7746,2,17,2,602467,3143,106244,1712,0.029113712994182816,0.35262615859938207
5849,0.7747,2,10,2,602477,3133,106246,1710,0.029021082663307274,0.35308692958909765
5850,0.7748,13,16,13,602493,3117,106259,1697,0.028872874133906407,0.35251350228500206
5851,0.7749,18,39,18,602532,3078,106277,1679,0.028511615843491794,0.35295354214841285
5852,0.775,10,25,10,602557,3053,106287,1669,0.028280040016302938,0.3534519271495129
5853,0.7751,4,15,4,602572,3038,106291,1665,0.028141094519989626,0.3540293429725707
5854,0.7752,12,32,12,602604,3006,106303,1653,0.02784467746118789,0.3547971667739858
5855,0.7753,6,19,6,602623,2987,106309,1647,0.02766867983252436,0.3554164868364264
5856,0.7754,3,10,3,602633,2977,106312,1644,0.02757604950164882,0.3557671499675395
5857,0.7755,10,26,10,602659,2951,106322,1634,0.027335210641372412,0.35637949836423116
5858,0.7756,2,0,2,602659,2951,106324,1632,0.027335210641372412,0.35609862535457126
5859,0.7757,8,11,8,602670,2940,106332,1624,0.027233317277409314,0.3558282208588957
5860,0.7758,4,18,4,602688,2922,106336,1620,0.02706658268183334,0.35667107001321
5861,0.7759,2,3,2,602691,2919,106338,1618,0.027038793582570678,0.3566233193740357
5862,0.776,8,22,8,602713,2897,106346,1610,0.026835006854644485,0.3572220989571777
5863,0.7761,5,10,5,602723,2887,106351,1605,0.026742376523768943,0.35730186999109526
5864,0.7762,10,14,10,602737,2873,106361,1595,0.026612694060543184,0.35698299015219337
5865,0.7763,14,19,14,602756,2854,106375,1581,0.026436696431879656,0.3564825253664036
5866,0.7764,13,16,13,602772,2838,106388,1568,0.02628848790247879,0.35587834770767135
5867,0.7765,9,7,9,602779,2831,106397,1559,0.026223646670865908,0.355125284738041
5868,0.7766,4,12,4,602791,2819,106401,1555,0.026112490273815257,0.3555098308184728
5869,0.7767,5,14,5,602805,2805,106406,1550,0.0259828078105895,0.3559127439724455
5870,0.7768,5,10,5,602815,2795,106411,1545,0.025890177479713956,0.35599078341013823
5871,0.7769,5,7,5,602822,2788,106416,1540,0.02582533624810108,0.355822550831793
5872,0.777,7,5,7,602827,2783,106423,1533,0.025779021082663306,0.3551899907321594
5873,0.7771,15,18,15,602845,2765,106438,1518,0.02561228648708733,0.3544244688302592
5874,0.7772,8,22,8,602867,2743,106446,1510,0.02540849975916114,0.3550434987067952
5875,0.7773,1,1,1,602868,2742,106447,1509,0.025399236726073585,0.3549752999294284
5876,0.7774,5,5,5,602873,2737,106452,1504,0.025352921560635816,0.35463334119311485
5877,0.7775,7,11,7,602884,2726,106459,1497,0.025251028196672718,0.3544873312810798
5878,0.7776,14,31,14,602915,2695,106473,1483,0.02496387417095854,0.3549545236955481
5879,0.7777,3,7,3,602922,2688,106476,1480,0.02489903293934566,0.3550863723608445
5880,0.7778,10,13,10,602935,2675,106486,1470,0.024778613509207455,0.3546441495778046
5881,0.7779,5,5,5,602940,2670,106491,1465,0.024732298343769683,0.3542926239419589
5882,0.778,16,31,16,602971,2639,106507,1449,0.024445144318055504,0.3544520547945205
5883,0.7781,1,2,1,602973,2637,106508,1448,0.024426618251880396,0.35446756425948595
5884,0.7782,2,2,2,602975,2635,106510,1446,0.024408092185705287,0.3543249203626562
5885,0.7783,1,1,1,602976,2634,106511,1445,0.024398829152617735,0.35425349350330965
5886,0.7784,7,14,7,602990,2620,106518,1438,0.024269146689391976,0.354361754558896
5887,0.7785,14,16,14,603006,2604,106532,1424,0.02412093815999111,0.3535253227408143
5888,0.7786,6,28,6,603034,2576,106538,1418,0.02386157323353959,0.3550325488232349
5889,0.7787,4,4,4,603038,2572,106542,1414,0.023824521101189374,0.35474159558454593
5890,0.7788,4,9,4,603047,2563,106546,1410,0.023741153803401385,0.3548955449282658
5891,0.7789,6,13,6,603060,2550,106552,1404,0.02362073437326318,0.3550834597875569
5892,0.779,2,5,2,603065,2545,106554,1402,0.02357441920782541,0.3552064859386876
5893,0.7791,10,41,10,603106,2504,106564,1392,0.02319463485123569,0.35728952772073924
5894,0.7792,14,26,14,603132,2478,106578,1378,0.02295379599095928,0.3573651452282158
5895,0.7793,21,42,21,603174,2436,106599,1357,0.022564748601282002,0.3577643026627999
5896,0.7794,6,19,6,603193,2417,106605,1351,0.022388750972618474,0.3585456475583864
5897,0.7795,8,13,8,603206,2404,106613,1343,0.02226833154248027,0.3584200693888444
5898,0.7796,4,18,4,603224,2386,106617,1339,0.022101596946904296,0.35946308724832216
5899,0.7797,6,9,6,603233,2377,106623,1333,0.022018229649116306,0.3592991913746631
5900,0.7798,27,47,27,603280,2330,106650,1306,0.02158286709400126,0.35918591859185917
5901,0.7799,10,9,10,603289,2321,106660,1296,0.02149949979621327,0.35830799004700026
5902,0.78,8,14,8,603303,2307,106668,1288,0.021369817332987512,0.35827538247566065
5903,0.7801,3,17,3,603320,2290,106671,1285,0.021212345770499092,0.3594405594405594
5904,0.7802,10,15,10,603335,2275,106681,1275,0.02107340027418578,0.3591549295774648
5905,0.7803,2,8,2,603343,2267,106683,1273,0.020999296009485347,0.3596045197740113
5906,0.7804,5,5,5,603348,2262,106688,1268,0.020952980844047574,0.3592067988668555
5907,0.7805,15,20,15,603368,2242,106703,1253,0.02076772018229649,0.3585121602288984
5908,0.7806,15,34,15,603402,2208,106718,1238,0.020452777057319647,0.359257109692397
5909,0.7807,10,30,10,603432,2178,106728,1228,0.020174886064693025,0.360540223135643
5910,0.7808,9,15,9,603447,2163,106737,1219,0.02003594056837971,0.3604376108811354
5911,0.7809,1,4,1,603451,2159,106738,1218,0.019998888436029493,0.3606751554634291
5912,0.781,3,4,3,603455,2155,106741,1215,0.019961836303679276,0.36053412462908013
5913,0.7811,4,22,4,603477,2133,106745,1211,0.019758049575753084,0.3621411483253589
5914,0.7812,2,4,2,603481,2129,106747,1209,0.019720997443402867,0.3621929298981426
5915,0.7813,8,9,8,603490,2120,106755,1201,0.01963763014561488,0.3616380608250527
5916,0.7814,1,3,1,603493,2117,106756,1200,0.019609841046352217,0.36177268616219477
5917,0.7815,5,12,5,603505,2105,106761,1195,0.019498684649301566,0.3621212121212121
5918,0.7816,6,18,6,603523,2087,106767,1189,0.01933195005372559,0.36294261294261293
5919,0.7817,6,21,6,603544,2066,106773,1183,0.019137426358886954,0.3641120344721453
5920,0.7818,7,10,7,603554,2056,106780,1176,0.019044796028011412,0.36386138613861385
5921,0.7819,9,12,9,603566,2044,106789,1167,0.01893363963096076,0.36343818125194643
5922,0.782,2,9,2,603575,2035,106791,1165,0.018850272333172775,0.3640625
5923,0.7821,6,7,6,603582,2028,106797,1159,0.018785431101559894,0.36366488860997803
5924,0.7822,2,5,2,603587,2023,106799,1157,0.018739115936122125,0.36383647798742136
5925,0.7823,7,13,7,603600,2010,106806,1150,0.01861869650598392,0.3639240506329114
5926,0.7824,12,9,12,603609,2001,106818,1138,0.018535329208195932,0.3625358394393119
5927,0.7825,9,19,9,603628,1982,106827,1129,0.0183593315795324,0.3629058180649309
5928,0.7826,4,11,4,603639,1971,106831,1125,0.018257438215569306,0.3633720930232558
5929,0.7827,3,3,3,603642,1968,106834,1122,0.018229649116306642,0.36310679611650487
5930,0.7828,9,10,9,603652,1958,106843,1113,0.0181370187854311,0.3624226636274829
5931,0.7829,7,5,7,603657,1953,106850,1106,0.01809070361999333,0.36155606407322655
5932,0.783,5,3,5,603660,1950,106855,1101,0.01806291452073067,0.3608652900688299
5933,0.7831,3,11,3,603671,1939,106858,1098,0.017961021156767572,0.36154099440237075
5934,0.7832,3,12,3,603683,1927,106861,1095,0.01784986475971692,0.3623428193249504
5935,0.7833,9,9,9,603692,1918,106870,1086,0.017766497461928935,0.3615179760319574
5936,0.7834,15,26,15,603718,1892,106885,1071,0.017525658601652526,0.3614579817752278
5937,0.7835,3,14,3,603732,1878,106888,1068,0.017395976138426767,0.3625254582484725
5938,0.7836,9,14,9,603746,1864,106897,1059,0.017266293675201008,0.3622990078686281
5939,0.7837,8,9,8,603755,1855,106905,1051,0.01718292637741302,0.3616655196145905
5940,0.7838,5,10,5,603765,1845,106910,1046,0.017090296046537477,0.361812521618817
5941,0.7839,0,1,0,603766,1844,106910,1046,0.017081033013449924,0.3619377162629758
5942,0.784,11,18,11,603784,1826,106921,1035,0.01691429841787395,0.36176162181055577
5943,0.7841,0,1,0,603785,1825,106921,1035,0.016905035384786396,0.3618881118881119
5944,0.7842,5,11,5,603796,1814,106926,1030,0.016803142020823298,0.3621659634317862
5945,0.7843,2,3,2,603799,1811,106928,1028,0.016775352921560637,0.3620993307502642
5946,0.7844,2,4,2,603803,1807,106930,1026,0.01673830078921042,0.36216025414754677
5947,0.7845,1,12,1,603815,1795,106931,1025,0.01662714439215977,0.36347517730496454
5948,0.7846,1,10,1,603825,1785,106932,1024,0.016534514061284228,0.3645425418298327
5949,0.7847,0,5,0,603830,1780,106932,1024,0.016488198895846455,0.3651925820256776
5950,0.7848,3,5,3,603835,1775,106935,1021,0.016441883730408686,0.36516452074391986
5951,0.7849,10,17,10,603852,1758,106945,1011,0.016284412167920263,0.36511375947995667
5952,0.785,2,3,2,603855,1755,106947,1009,0.0162566230686576,0.3650506512301013
5953,0.7851,5,1,5,603856,1754,106952,1004,0.016247360035570046,0.3640319071791153
5954,0.7852,1,2,1,603858,1752,106953,1003,0.016228833969394937,0.36406533575317607
5955,0.7853,5,7,5,603865,1745,106958,998,0.01616399273778206,0.36383521691578563
5956,0.7854,9,17,9,603882,1728,106967,989,0.016006521175293636,0.3640044166359956
5957,0.7855,6,15,6,603897,1713,106973,983,0.015867575678980325,0.3646142433234421
5958,0.7856,9,25,9,603922,1688,106982,974,0.015635999851791472,0.36589030803906836
5959,0.7857,3,2,3,603924,1686,106985,971,0.015617473785616362,0.3654497553631916
5960,0.7858,4,5,4,603929,1681,106989,967,0.01557115862017859,0.3651812688821752
5961,0.7859,7,15,7,603944,1666,106996,960,0.015432213123865278,0.3655750190403656
5962,0.786,2,6,2,603950,1660,106998,958,0.015376634925339954,0.36592818945760125
5963,0.7861,2,1,2,603951,1659,107000,956,0.0153673718922524,0.3655831739961759
5964,0.7862,11,29,11,603980,1630,107011,945,0.015098743932713328,0.36699029126213595
5965,0.7863,1,2,1,603982,1628,107012,944,0.01508021786653822,0.36702954898911355
5966,0.7864,3,7,3,603989,1621,107015,941,0.01501537663492534,0.3672911787665886
5967,0.7865,2,5,2,603994,1616,107017,939,0.014969061469487569,0.3675146771037182
5968,0.7866,1,1,1,603995,1615,107018,938,0.014959798436400015,0.36741088915001957
5969,0.7867,22,28,22,604023,1587,107040,916,0.014700433509948497,0.36596084698361964
5970,0.7868,4,4,4,604027,1583,107044,912,0.01466338137759828,0.3655310621242485
5971,0.787,7,7,7,604034,1576,107051,905,0.014598540145985401,0.36477226924627165
5972,0.7871,7,6,7,604040,1570,107058,898,0.014542961947460076,0.36385737439222043
5973,0.7872,8,19,8,604059,1551,107066,890,0.014366964318796546,0.3646046702171241
5974,0.7873,4,16,4,604075,1535,107070,886,0.01421875578939568,0.3659644774886411
5975,0.7874,11,17,11,604092,1518,107081,875,0.014061284226907259,0.3656498119515253
5976,0.7875,9,17,9,604109,1501,107090,866,0.013903812664418837,0.36586396282213773
5977,0.7876,2,10,2,604119,1491,107092,864,0.013811182333543295,0.3668789808917197
5978,0.7877,3,2,3,604121,1489,107095,861,0.013792656267368187,0.36638297872340425
5979,0.7878,3,11,3,604132,1478,107098,858,0.01369076290340509,0.3672945205479452
5980,0.7879,6,4,6,604136,1474,107104,852,0.013653710771054874,0.3662940670679278
5981,0.788,4,20,4,604156,1454,107108,848,0.01346845010930379,0.368375325803649
5982,0.7881,4,10,4,604166,1444,107112,844,0.013375819778428248,0.3688811188811189
5983,0.7882,0,4,0,604170,1440,107112,844,0.013338767646078031,0.36952714535901926
5984,0.7883,3,8,3,604178,1432,107115,841,0.013264663381377599,0.3699956005279367
5985,0.7884,4,15,4,604193,1417,107119,837,0.013125717885064286,0.3713398402839397
5986,0.7885,11,24,11,604217,1393,107130,826,0.012903405090962985,0.3722397476340694
5987,0.7886,3,4,3,604221,1389,107133,823,0.012866352958612768,0.3720614828209765
5988,0.7887,5,8,5,604229,1381,107138,818,0.012792248693912335,0.37198726693951795
5989,0.7888,3,9,3,604238,1372,107141,815,0.012708881396124347,0.37265660722450844
5990,0.7889,9,17,9,604255,1355,107150,806,0.012551409833635925,0.37297547431744565
5991,0.789,1,3,1,604258,1352,107151,805,0.012523620734373263,0.3732035234121465
5992,0.7891,9,16,9,604274,1336,107160,796,0.012375412204972396,0.37335834896810505
5993,0.7892,1,5,1,604279,1331,107161,795,0.012329097039534625,0.37394167450611476
5994,0.7893,0,3,0,604282,1328,107161,795,0.012301307940271962,0.37447008949599625
5995,0.7894,5,7,5,604289,1321,107166,790,0.012236466708659082,0.37423022264329703
5996,0.7895,7,10,7,604299,1311,107173,783,0.012143836377783542,0.37392550143266473
5997,0.7896,2,1,2,604300,1310,107175,781,0.012134573344695988,0.37350549976088
5998,0.7897,6,14,6,604314,1296,107181,775,0.012004890881470229,0.374215354901014
5999,0.7898,12,11,12,604325,1285,107193,763,0.011902997517507133,0.37255859375
6000,0.7899,1,5,1,604330,1280,107194,762,0.011856682352069362,0.3731635651322233
6001,0.79,5,14,5,604344,1266,107199,757,0.011726999888843603,0.3741967375185368
6002,0.7901,10,20,10,604364,1246,107209,747,0.011541739227092519,0.3748118414450577
6003,0.7902,5,21,5,604385,1225,107214,742,0.01134721553225388,0.37722419928825623
6004,0.7903,3,7,3,604392,1218,107217,739,0.011282374300641001,0.3776188042922841
6005,0.7904,2,9,2,604401,1209,107219,737,0.011199007002853013,0.37872559095580677
6006,0.7905,5,14,5,604415,1195,107224,732,0.011069324539627256,0.37986507524649715
6007,0.7906,10,15,10,604430,1180,107234,722,0.010930379043313943,0.37960042060988436
6008,0.7907,8,5,8,604435,1175,107242,714,0.010884063877876172,0.37797776601376387
6009,0.7908,3,4,3,604439,1171,107245,711,0.010847011745525955,0.37778958554729014
6010,0.7909,5,6,5,604445,1165,107250,706,0.01079143354700063,0.37733832175307325
6011,0.791,4,3,4,604448,1162,107254,702,0.010763644447737968,0.37660944206008584
6012,0.7911,6,13,6,604461,1149,107260,696,0.010643225017599763,0.3772357723577236
6013,0.7912,8,13,8,604474,1136,107268,688,0.010522805587461558,0.37719298245614036
6014,0.7913,4,7,4,604481,1129,107272,684,0.010457964355848679,0.3772752344180916
6015,0.7914,8,11,8,604492,1118,107280,676,0.010356070991885583,0.37681159420289856
6016,0.7915,10,8,10,604500,1110,107290,666,0.010281966727185149,0.375
6017,0.7916,4,2,4,604502,1108,107294,662,0.01026344066101004,0.37401129943502825
6018,0.7917,9,8,9,604510,1100,107303,653,0.010189336396309607,0.3725042783799201
6019,0.7918,11,20,11,604530,1080,107314,642,0.010004075734558525,0.37282229965156793
6020,0.7919,13,12,13,604542,1068,107327,629,0.009892919337507874,0.37065409546258105
6021,0.792,2,7,2,604549,1061,107329,627,0.009828078105894995,0.37144549763033174
6022,0.7921,1,6,1,604555,1055,107330,626,0.00977249990736967,0.3723973825104105
6023,0.7922,4,3,4,604558,1052,107334,622,0.009744710808107007,0.3715651135005974
6024,0.7923,1,5,1,604563,1047,107335,621,0.009698395642669236,0.3723021582733813
6025,0.7924,1,5,1,604568,1042,107336,620,0.009652080477231465,0.3730445246690734
6026,0.7925,1,3,1,604571,1039,107337,619,0.009624291377968802,0.3733413751507841
6027,0.7926,6,7,6,604578,1032,107343,613,0.009559450146355923,0.37264437689969604
6028,0.7927,13,24,13,604602,1008,107356,600,0.009337137352254622,0.373134328358209
6029,0.7928,8,13,8,604615,995,107364,592,0.009216717922116417,0.37303087586641465
6030,0.7929,1,0,1,604615,995,107365,591,0.009216717922116417,0.37263556116015134
6031,0.793,5,7,5,604622,988,107370,586,0.009151876690503538,0.37229987293519695
6032,0.7931,1,7,1,604629,981,107371,585,0.009087035458890658,0.3735632183908046
6033,0.7932,3,2,3,604631,979,107374,582,0.00906850939271555,0.37283792440743113
6034,0.7933,9,12,9,604643,967,107383,573,0.008957352995664901,0.37207792207792206
6035,0.7934,2,0,2,604643,967,107385,571,0.008957352995664901,0.3712613784135241
6036,0.7935,11,10,11,604653,957,107396,560,0.00886472266478936,0.3691496374423204
6037,0.7936,11,36,11,604689,921,107407,549,0.008531253473637408,0.373469387755102
6038,0.7937,14,22,14,604711,899,107421,535,0.008327466745711215,0.37308228730822873
6039,0.7938,0,3,0,604714,896,107421,535,0.008299677646448553,0.37386443046820406
6040,0.7939,2,6,2,604720,890,107423,533,0.008244099447923228,0.37456078706957135
6041,0.794,5,13,5,604733,877,107428,528,0.008123680017785023,0.3758007117437722
6042,0.7941,3,6,3,604739,871,107431,525,0.008068101819259698,0.37607449856733527
6043,0.7942,3,7,3,604746,864,107434,522,0.008003260587646818,0.37662337662337664
6044,0.7943,10,19,10,604765,845,107444,512,0.00782726295898329,0.37730287398673545
6045,0.7944,6,12,6,604777,833,107450,506,0.007716106561932639,0.37789395070948467
6046,0.7945,3,8,3,604785,825,107453,503,0.007642002297232206,0.37876506024096385
6047,0.7946,2,3,2,604788,822,107455,501,0.007614213197969543,0.3786848072562358
6048,0.7947,6,14,6,604802,808,107461,495,0.0074845307347437846,0.37989255564082886
6049,0.7948,2,8,2,604810,800,107463,493,0.007410426470043351,0.38128383604021654
6050,0.7949,2,3,2,604813,797,107465,491,0.007382637370780688,0.3812111801242236
6051,0.795,0,4,0,604817,793,107465,491,0.0073455852384304715,0.382398753894081
6052,0.7951,2,1,2,604818,792,107467,489,0.007336322205342917,0.38173302107728335
6053,0.7952,0,4,0,604822,788,107467,489,0.0072992700729927005,0.38292873923257637
6054,0.7953,1,7,1,604829,781,107468,488,0.007234428841379821,0.38455476753349094
6055,0.7954,6,9,6,604838,772,107474,482,0.007151061543591834,0.3843700159489633
6056,0.7955,7,10,7,604848,762,107481,475,0.007058431212716292,0.3839935327405012
6057,0.7956,8,16,8,604864,746,107489,467,0.006910222683315425,0.38499587798845836
6058,0.7957,1,1,1,604865,745,107490,466,0.006900959650227871,0.38480594549958713
6059,0.7958,1,2,1,604867,743,107491,465,0.006882433584052762,0.3849337748344371
6060,0.796,1,13,1,604880,730,107492,464,0.0067620141539145575,0.38860971524288107
6061,0.7961,9,22,9,604902,708,107501,455,0.006558227425988366,0.39122957867583835
6062,0.7962,10,3,10,604905,705,107511,445,0.006530438326725703,0.3869565217391304
6063,0.7963,6,11,6,604916,694,107517,439,0.006428544962762607,0.38746690203000883
6064,0.7965,2,3,2,604919,691,107519,437,0.0064007558634999445,0.3874113475177305
6065,0.7966,1,5,1,604924,686,107520,436,0.006354440698062173,0.38859180035650626
6066,0.7967,5,4,5,604928,682,107525,431,0.006317388565711957,0.38724168912848156
6067,0.7968,4,4,4,604932,678,107529,427,0.00628033643336174,0.38642533936651585
6068,0.7969,3,7,3,604939,671,107532,424,0.00621549520174886,0.3872146118721461
6069,0.797,0,1,0,604940,670,107532,424,0.006206232168661306,0.3875685557586837
6070,0.7971,7,0,7,604940,670,107539,417,0.006206232168661306,0.38362465501379944
6071,0.7972,0,13,0,604953,657,107539,417,0.006085812738523102,0.388268156424581
6072,0.7973,5,8,5,604961,649,107544,412,0.006011708473822669,0.3883129123468426
6073,0.7974,17,11,17,604972,638,107561,395,0.0059098151098595725,0.3823814133591481
6074,0.7975,5,12,5,604984,626,107566,390,0.005798658712808922,0.3838582677165354
6075,0.7976,3,3,3,604987,623,107569,387,0.0057708696135462595,0.3831683168316832
6076,0.7977,4,5,4,604992,618,107573,383,0.0057245544481084884,0.3826173826173826
6077,0.7978,5,6,5,604998,612,107578,378,0.005668976249583163,0.38181818181818183
6078,0.7979,7,7,7,605005,605,107585,371,0.005604135017970284,0.3801229508196721
6079,0.798,15,17,15,605022,588,107600,356,0.005446663455481863,0.3771186440677966
6080,0.7981,4,5,4,605027,583,107604,352,0.005400348290044092,0.3764705882352941
6081,0.7982,2,4,2,605031,579,107606,350,0.005363296157693875,0.3767491926803014
6082,0.7983,10,4,10,605035,575,107616,340,0.0053262440253436585,0.37158469945355194
6083,0.7984,1,0,1,605035,575,107617,339,0.0053262440253436585,0.37089715536105033
6084,0.7985,1,2,1,605037,573,107618,338,0.00530771795916855,0.37102085620197583
6085,0.7986,3,11,3,605048,562,107621,335,0.005205824595205454,0.3734671125975474
6086,0.7987,5,8,5,605056,554,107626,330,0.00513172033050502,0.3733031674208145
6087,0.7988,2,10,2,605066,544,107628,328,0.005039089999629479,0.3761467889908257
6088,0.799,1,7,1,605073,537,107629,327,0.0049742487680166,0.3784722222222222
6089,0.7991,1,2,1,605075,535,107630,326,0.004955722701841491,0.3786295005807201
6090,0.7992,3,8,3,605083,527,107633,323,0.004881618437141058,0.38
6091,0.7994,3,12,3,605095,515,107636,320,0.004770462040090407,0.38323353293413176
6092,0.7995,0,2,0,605097,513,107636,320,0.004751935973915299,0.38415366146458585
6093,0.7996,1,2,1,605099,511,107637,319,0.00473340990774019,0.38433734939759034
6094,0.7997,1,7,1,605106,504,107638,318,0.004668568676127311,0.38686131386861317
6095,0.7998,0,1,0,605107,503,107638,318,0.004659305643039757,0.3873325213154689
6096,0.7999,2,1,2,605108,502,107640,316,0.0046500426099522025,0.3863080684596577
6097,0.8,8,11,8,605119,491,107648,308,0.004548149245989106,0.3854818523153942
6098,0.8001,18,23,18,605142,468,107666,290,0.0043350994849753605,0.38258575197889183
6099,0.8002,8,22,8,605164,446,107674,282,0.004131312757049168,0.3873626373626374
6100,0.8003,5,10,5,605174,436,107679,277,0.004038682426173626,0.3884992987377279
6101,0.8004,2,3,2,605177,433,107681,275,0.004010893326910963,0.3884180790960452
6102,0.8005,0,3,0,605180,430,107681,275,0.003983104227648302,0.3900709219858156
6103,0.8006,0,2,0,605182,428,107681,275,0.003964578161473193,0.3911806543385491
6104,0.8007,1,3,1,605185,425,107682,274,0.0039367890622105306,0.39198855507868385
6105,0.8008,3,4,3,605189,421,107685,271,0.0038997369298603133,0.3916184971098266
6106,0.8009,15,22,15,605211,399,107700,256,0.0036959502019341213,0.39083969465648855
6107,0.801,6,8,6,605219,391,107706,250,0.0036218459372336876,0.39001560062402496
6108,0.8011,5,6,5,605225,385,107711,245,0.003566267738708363,0.3888888888888889
6109,0.8012,5,1,5,605226,384,107716,240,0.0035570047056208086,0.38461538461538464
6110,0.8013,7,7,7,605233,377,107723,233,0.003492163474007929,0.3819672131147541
6111,0.8014,9,14,9,605247,363,107732,224,0.0033624810107821704,0.38160136286201024
6112,0.8015,0,1,0,605248,362,107732,224,0.003353217977694616,0.3822525597269625
6113,0.8016,5,8,5,605256,354,107737,219,0.003279113712994183,0.38219895287958117
6114,0.8017,1,2,1,605258,352,107738,218,0.0032605876468190746,0.3824561403508772
6115,0.8018,2,2,2,605260,350,107740,216,0.003242061580643966,0.38162544169611307
6116,0.802,1,2,1,605262,348,107741,215,0.0032235355144688577,0.38188277087033745
6117,0.8021,0,1,0,605263,347,107741,215,0.0032142724813813035,0.38256227758007116
6118,0.8022,0,1,0,605264,346,107741,215,0.0032050094482937493,0.38324420677361853
6119,0.8024,4,3,4,605267,343,107745,211,0.0031772203490310867,0.38086642599277976
6120,0.8025,4,6,4,605273,337,107749,207,0.0031216421505057615,0.3805147058823529
6121,0.8026,1,0,1,605273,337,107750,206,0.0031216421505057615,0.37937384898710863
6122,0.8027,0,8,0,605281,329,107750,206,0.0030475378858053283,0.3850467289719626
6123,0.8028,1,5,1,605286,324,107751,205,0.0030012227203675573,0.387523629489603
6124,0.8029,1,8,1,605294,316,107752,204,0.0029271184556671236,0.3923076923076923
6125,0.803,3,2,3,605296,314,107755,201,0.0029085923894920152,0.39029126213592236
6126,0.8031,1,0,1,605296,314,107756,200,0.0029085923894920152,0.38910505836575876
6127,0.8032,3,3,3,605299,311,107759,197,0.0028808032902293526,0.38779527559055116
6128,0.8033,1,1,1,605300,310,107760,196,0.0028715402571417984,0.38735177865612647
6129,0.8034,5,4,5,605304,306,107765,191,0.0028344881247915816,0.3843058350100604
6130,0.8036,3,1,3,605305,305,107768,188,0.0028252250917040274,0.3813387423935091
6131,0.8037,3,1,3,605306,304,107771,185,0.002815962058616473,0.3783231083844581
6132,0.8038,1,0,1,605306,304,107772,184,0.002815962058616473,0.3770491803278688
6133,0.8039,0,2,0,605308,302,107772,184,0.002797435992441365,0.3786008230452675
6134,0.804,2,5,2,605313,297,107774,182,0.002751120827003594,0.37995824634655534
6135,0.8041,6,10,6,605323,287,107780,176,0.002658490496128052,0.3801295896328294
6136,0.8043,1,7,1,605330,280,107781,175,0.0025936492645151727,0.38461538461538464
6137,0.8044,1,2,1,605332,278,107782,174,0.0025751231983400643,0.38495575221238937
6138,0.8045,0,1,0,605333,277,107782,174,0.00256586016525251,0.3858093126385809
6139,0.8046,3,3,3,605336,274,107785,171,0.0025380710659898475,0.3842696629213483
6140,0.8047,5,5,5,605341,269,107790,166,0.002491755900552077,0.3816091954022989
6141,0.8049,1,2,1,605343,267,107791,165,0.0024732298343769685,0.3819444444444444
6142,0.805,5,4,5,605347,263,107796,160,0.0024361777020267517,0.37825059101654845
6143,0.8051,3,4,3,605351,259,107799,157,0.002399125569676535,0.37740384615384615
6144,0.8053,4,1,4,605352,258,107803,153,0.0023898625365889807,0.3722627737226277
6145,0.8054,5,7,5,605359,251,107808,148,0.0023250213049761013,0.37092731829573933
6146,0.8055,2,2,2,605361,249,107810,146,0.002306495238800993,0.369620253164557
6147,0.8056,2,3,2,605364,246,107812,144,0.0022787061395383302,0.36923076923076925
6148,0.8057,1,3,1,605367,243,107813,143,0.002250917040275668,0.3704663212435233
6149,0.8058,2,6,2,605373,237,107815,141,0.002195338841750343,0.373015873015873
6150,0.8059,2,9,2,605382,228,107817,139,0.002111971543962355,0.3787465940054496
6151,0.806,0,3,0,605385,225,107817,139,0.0020841824446996924,0.38186813186813184
6152,0.8061,2,1,2,605386,224,107819,137,0.002074919411612138,0.37950138504155123
6153,0.8062,4,3,4,605389,221,107823,133,0.0020471303123494756,0.3757062146892655
6154,0.8063,2,0,2,605389,221,107825,131,0.0020471303123494756,0.3721590909090909
6155,0.8064,2,1,2,605390,220,107827,129,0.0020378672792619214,0.36962750716332377
6156,0.8065,1,10,1,605400,210,107828,128,0.0019452369483863796,0.378698224852071
6157,0.8066,3,3,3,605403,207,107831,125,0.0019174478491237172,0.37650602409638556
6158,0.8069,1,1,1,605404,206,107832,124,0.001908184816036163,0.37575757575757573
6159,0.807,2,1,2,605405,205,107834,122,0.0018989217829486088,0.3730886850152905
6160,0.8071,3,3,3,605408,202,107837,119,0.0018711326836859461,0.3707165109034268
6161,0.8072,1,0,1,605408,202,107838,118,0.0018711326836859461,0.36875
6162,0.8073,3,7,3,605415,195,107841,115,0.0018062914520730667,0.3709677419354839
6163,0.8074,1,4,1,605419,191,107842,114,0.0017692393197228501,0.3737704918032787
6164,0.8075,3,5,3,605424,186,107845,111,0.001722924154285079,0.37373737373737376
6165,0.8076,6,9,6,605433,177,107851,105,0.0016395568564970915,0.3723404255319149
6166,0.8077,2,2,2,605435,175,107853,103,0.001621030790321983,0.37050359712230213
6167,0.8079,3,9,3,605444,166,107856,100,0.0015376634925339952,0.37593984962406013
6168,0.808,2,1,2,605445,165,107858,98,0.0015284004594464412,0.3726235741444867
6169,0.8083,0,1,0,605446,164,107858,98,0.001519137426358887,0.37404580152671757
6170,0.8084,1,1,1,605447,163,107859,97,0.0015098743932713328,0.3730769230769231
6171,0.8085,0,1,0,605448,162,107859,97,0.0015006113601837786,0.3745173745173745
6172,0.8086,2,2,2,605450,160,107861,95,0.0014820852940086702,0.37254901960784315
6173,0.8088,2,2,2,605452,158,107863,93,0.0014635592278335618,0.3705179282868526
6174,0.8089,1,2,1,605454,156,107864,92,0.0014450331616584534,0.3709677419354839
6175,0.809,3,8,3,605462,148,107867,89,0.00137092889695802,0.3755274261603376
6176,0.8095,1,1,1,605463,147,107868,88,0.0013616658638704658,0.37446808510638296
6177,0.8096,0,2,0,605465,145,107868,88,0.0013431397976953574,0.3776824034334764
6178,0.8097,0,2,0,605467,143,107868,88,0.001324613731520249,0.38095238095238093
6179,0.8099,1,4,1,605471,139,107869,87,0.0012875615991700322,0.38495575221238937
6180,0.81,4,9,4,605480,130,107873,83,0.0012041943013820445,0.38967136150234744
6181,0.8102,0,1,0,605481,129,107873,83,0.0011949312682944903,0.3915094339622642
6182,0.8103,1,3,1,605484,126,107874,82,0.0011671421690318277,0.3942307692307692
6183,0.8104,3,0,3,605484,126,107877,79,0.0011671421690318277,0.3853658536585366
6184,0.8105,4,5,4,605489,121,107881,75,0.001120827003594057,0.3826530612244898
6185,0.8106,9,16,9,605505,105,107890,66,0.0009726184741931898,0.38596491228070173
6186,0.8108,2,1,2,605506,104,107892,64,0.0009633554411056357,0.38095238095238093
6187,0.8109,6,11,6,605517,93,107898,58,0.0008614620771425395,0.3841059602649007
6188,0.811,2,3,2,605520,90,107900,56,0.0008336729778798769,0.3835616438356164
6189,0.8112,1,4,1,605524,86,107901,55,0.0007966208455296602,0.3900709219858156
6190,0.8114,0,1,0,605525,85,107901,55,0.000787357812442106,0.39285714285714285
6191,0.8117,3,4,3,605529,81,107904,52,0.0007503056800918893,0.39097744360902253
6192,0.8118,0,2,0,605531,79,107904,52,0.0007317796139167809,0.3969465648854962
6193,0.8121,2,5,2,605536,74,107906,50,0.00068546444847901,0.4032258064516129
6194,0.8122,0,2,0,605538,72,107906,50,0.0006669383823039016,0.4098360655737705
6195,0.8123,2,1,2,605539,71,107908,48,0.0006576753492163474,0.40336134453781514
6196,0.8124,2,8,2,605547,63,107910,46,0.0005835710845159139,0.42201834862385323
6197,0.8126,1,3,1,605550,60,107911,45,0.0005557819852532514,0.42857142857142855
6198,0.8128,0,1,0,605551,59,107911,45,0.0005465189521656972,0.4326923076923077
6199,0.8131,1,5,1,605556,54,107912,44,0.0005002037867279261,0.4489795918367347
6200,0.8132,3,0,3,605556,54,107915,41,0.0005002037867279261,0.43157894736842106
6201,0.8133,1,3,1,605559,51,107916,40,0.00047241468746526364,0.43956043956043955
6202,0.8136,0,3,0,605562,48,107916,40,0.0004446255882026011,0.45454545454545453
6203,0.8137,0,2,0,605564,46,107916,40,0.00042609952202749267,0.46511627906976744
6204,0.814,1,3,1,605567,43,107917,39,0.0003983104227648301,0.47560975609756095
6205,0.8141,0,1,0,605568,42,107917,39,0.0003890473896772759,0.48148148148148145
6206,0.8144,3,2,3,605570,40,107920,36,0.00037052132350216756,0.47368421052631576
6207,0.8147,1,2,1,605572,38,107921,35,0.00035199525732705915,0.4794520547945205
6208,0.8148,2,1,2,605573,37,107923,33,0.000342732224239505,0.4714285714285714
6209,0.815,1,0,1,605573,37,107924,32,0.000342732224239505,0.463768115942029
6210,0.8151,1,0,1,605573,37,107925,31,0.000342732224239505,0.45588235294117646
6211,0.8153,1,1,1,605574,36,107926,30,0.0003334691911519508,0.45454545454545453
6212,0.8154,0,2,0,605576,34,107926,30,0.00031494312497684244,0.46875
6213,0.8155,0,1,0,605577,33,107926,30,0.00030568009188928824,0.47619047619047616
6214,0.8162,1,1,1,605578,32,107927,29,0.00029641705880173404,0.47540983606557374
6215,0.8165,1,0,1,605578,32,107928,28,0.00029641705880173404,0.4666666666666667
6216,0.8166,3,2,3,605580,30,107931,25,0.0002778909926266257,0.45454545454545453
6217,0.8167,1,0,1,605580,30,107932,24,0.0002778909926266257,0.4444444444444444
6218,0.8169,7,7,7,605587,23,107939,17,0.00021304976101374634,0.425
6219,0.8172,0,1,0,605588,22,107939,17,0.00020378672792619216,0.4358974358974359
6220,0.8176,2,6,2,605594,16,107941,15,0.00014820852940086702,0.4838709677419355
6221,0.8177,0,1,0,605595,15,107941,15,0.00013894549631331284,0.5
6222,0.818,2,1,2,605596,14,107943,13,0.00012968246322575864,0.48148148148148145
6223,0.8181,0,2,0,605598,12,107943,13,0.00011115639705065027,0.52
6224,0.8184,0,1,0,605599,11,107943,13,0.00010189336396309608,0.5416666666666666
6225,0.8186,1,0,1,605599,11,107944,12,0.00010189336396309608,0.5217391304347826
6226,0.8193,1,0,1,605599,11,107945,11,0.00010189336396309608,0.5
6227,0.8197,1,0,1,605599,11,107946,10,0.00010189336396309608,0.47619047619047616
6228,0.8202,0,1,0,605600,10,107946,10,9.263033087554189e-05,0.5
6229,0.8206,1,0,1,605600,10,107947,9,9.263033087554189e-05,0.47368421052631576
6230,0.821,1,0,1,605600,10,107948,8,9.263033087554189e-05,0.4444444444444444
6231,0.8217,0,2,0,605602,8,107948,8,7.410426470043351e-05,0.5
6232,0.8219,1,0,1,605602,8,107949,7,7.410426470043351e-05,0.4666666666666667
6233,0.8223,0,1,0,605603,7,107949,7,6.484123161287932e-05,0.5
6234,0.8233,0,1,0,605604,6,107949,7,5.5578198525325135e-05,0.5384615384615384
6235,0.8235,0,1,0,605605,5,107949,7,4.6315165437770945e-05,0.5833333333333334
6236,0.8257,1,0,1,605605,5,107950,6,4.6315165437770945e-05,0.5454545454545454
6237,0.8258,0,1,0,605606,4,107950,6,3.7052132350216754e-05,0.6
6238,0.827,1,0,1,605606,4,107951,5,3.7052132350216754e-05,0.5555555555555556
6239,0.8311,1,0,1,605606,4,107952,4,3.7052132350216754e-05,0.5
6240,0.8319,0,1,0,605607,3,107952,4,2.7789099262662567e-05,0.5714285714285714
6241,0.8327,1,0,1,605607,3,107953,3,2.7789099262662567e-05,0.5
6242,0.8328,0,1,0,605608,2,107953,3,1.8526066175108377e-05,0.6
6243,0.833,0,1,0,605609,1,107953,3,9.263033087554189e-06,0.75
6244,0.8336,0,1,0,605610,0,107953,3,0.0,1.0
6245,0.8348,1,0,1,605610,0,107954,2,0.0,1.0
6246,0.8367,1,0,1,605610,0,107955,1,0.0,1.0
6247,0.8369,1,0,1,605610,0,107956,0,0.0,
