,y_proba,y_test,Neg,Pos,TN,FP,FN,TP,FP/P,Prec
0,0.0036,0,1,0,1,605609,0,107956,5.609776205120605,0.1512910526721462
1,0.0039,0,1,0,2,605608,0,107956,5.609766942087517,0.15129126469384666
2,0.0041,0,1,0,3,605607,0,107956,5.60975767905443,0.1512914767161414
3,0.0042,0,1,0,4,605606,0,107956,5.609748416021342,0.15129168873903037
4,0.0044,0,1,0,5,605605,0,107956,5.609739152988254,0.15129190076251364
5,0.0046,0,1,0,6,605604,0,107956,5.609729889955167,0.1512921127865912
6,0.0047,0,1,0,7,605603,0,107956,5.609720626922079,0.15129232481126298
7,0.0048,0,1,0,8,605602,0,107956,5.609711363888992,0.15129253683652905
8,0.0049,0,1,0,9,605601,0,107956,5.6097021008559045,0.15129274886238941
9,0.005,0,1,0,10,605600,0,107956,5.609692837822816,0.15129296088884403
10,0.0051,0,2,0,12,605598,0,107956,5.609674311756642,0.15129338494353617
11,0.0052,0,3,0,15,605595,0,107956,5.609646522657379,0.15129402103003148
12,0.0053,0,2,0,17,605593,0,107956,5.609627996591204,0.1512944450906665
13,0.0054,0,5,0,22,605588,0,107956,5.609581681425766,0.15129550525265437
14,0.0055,0,4,0,26,605584,0,107956,5.609544629293416,0.15129635339294223
15,0.0056,0,5,0,31,605579,0,107956,5.609498314127978,0.15129741358167434
16,0.0057,0,4,0,35,605575,0,107956,5.6094612619956274,0.15129826174335803
17,0.0058,0,9,0,44,605566,0,107956,5.60937789469784,0.15130017014191574
18,0.0059,0,2,0,46,605564,0,107956,5.609359368631665,0.15130059423702208
19,0.006,1,6,1,52,605558,1,107955,5.609303790433139,0.15130067707245698
20,0.0061,0,6,0,58,605552,1,107955,5.609248212234614,0.15130194938521976
21,0.0062,0,9,0,67,605543,1,107955,5.609164844936826,0.15130385789448603
22,0.0063,1,6,1,73,605537,2,107954,5.609109266738301,0.15130394076449458
23,0.0064,0,7,0,80,605530,2,107954,5.609044425506688,0.15130542520925486
24,0.0065,0,9,0,89,605521,2,107954,5.6089610582089,0.1513073338238901
25,0.0066,0,6,0,95,605515,2,107954,5.608905480010375,0.15130860626039813
26,0.0067,0,8,0,103,605507,2,107954,5.608831375745674,0.15131030287570027
27,0.0068,0,10,0,113,605497,2,107954,5.608738745414799,0.15131242369833386
28,0.0069,0,12,0,125,605485,2,107954,5.608627589017748,0.15131496876397282
29,0.007,0,13,0,138,605472,2,107954,5.60850716958761,0.15131772601503168
30,0.0071,0,14,0,152,605458,2,107954,5.608377487124384,0.15132069547470467
31,0.0072,1,12,1,164,605446,3,107953,5.608266330727333,0.15132205119435266
32,0.0073,0,20,0,184,605426,3,107953,5.608081070065582,0.15132629359709215
33,0.0074,0,16,0,200,605410,3,107953,5.607932861536181,0.15132968769055866
34,0.0075,1,15,1,215,605395,4,107952,5.607793916039868,0.15133168009397951
35,0.0076,0,19,0,234,605376,4,107952,5.607617918411204,0.15133571092120315
36,0.0077,0,16,0,250,605360,4,107952,5.607469709881804,0.15133910546857476
37,0.0078,0,17,0,267,605343,4,107952,5.607312238319316,0.15134271234201838
38,0.0079,0,20,0,287,605323,4,107952,5.607126977657564,0.15134695594265887
39,0.008,0,25,0,312,605298,4,107952,5.606895401830375,0.15135226077812827
40,0.0081,0,15,0,327,605283,4,107952,5.606756456334062,0.151355443857915
41,0.0082,0,13,0,340,605270,4,107952,5.606636036903923,0.1513582026353646
42,0.0083,0,26,0,366,605244,4,107952,5.606395198043647,0.15136372049198257
43,0.0084,0,28,0,394,605216,4,107952,5.606135833117196,0.15136966324905213
44,0.0085,1,28,1,422,605188,5,107951,5.605876468190744,0.15137441648823022
45,0.0086,0,26,0,448,605162,5,107951,5.605635629330468,0.15137993557823234
46,0.0087,1,31,1,479,605131,6,107950,5.605348475304754,0.15138532649166084
47,0.0088,0,37,0,516,605094,6,107950,5.605005743080515,0.15139318190742787
48,0.0089,0,37,0,553,605057,6,107950,5.6046630108562745,0.1514010381384755
49,0.009,1,35,1,588,605022,7,107949,5.6043388046982106,0.15140728024000977
50,0.0091,0,27,0,615,604995,7,107949,5.604088702804846,0.15141301420588432
51,0.0092,2,34,2,649,604961,9,107947,5.60377375967987,0.15141785475825773
52,0.0093,0,29,0,678,604932,9,107947,5.603505131720331,0.15142401445406584
53,0.0094,0,35,0,713,604897,9,107947,5.603180925562266,0.15143144923714025
54,0.0095,0,41,0,754,604856,9,107947,5.602801141205676,0.15144015948305492
55,0.0096,0,34,0,788,604822,9,107947,5.602486198080699,0.15144738337385605
56,0.0097,0,37,0,825,604785,9,107947,5.60214346585646,0.15145524544990263
57,0.0098,1,53,1,878,604732,10,107946,5.6016525251028195,0.15146531813806516
58,0.0099,0,57,0,935,604675,10,107946,5.601124532216829,0.15147743330606311
59,0.01,1,51,1,986,604624,11,107945,5.600652117529364,0.15148708405782457
60,0.0101,0,58,0,1044,604566,11,107945,5.600114861610286,0.15149941544762116
61,0.0102,3,44,3,1088,604522,14,107942,5.599707288154433,0.15150519885917044
62,0.0103,0,49,0,1137,604473,14,107942,5.5992533995331435,0.15151561940722752
63,0.0104,0,57,0,1194,604416,14,107942,5.598725406647152,0.15152774307300543
64,0.0105,0,53,0,1247,604363,14,107942,5.598234465893512,0.1515390176960712
65,0.0106,0,45,0,1292,604318,14,107942,5.597817629404572,0.15154859180636285
66,0.0107,1,57,1,1349,604261,15,107941,5.597289636518582,0.1515595294593388
67,0.0108,0,62,0,1411,604199,15,107941,5.596715328467154,0.15157272446429074
68,0.0109,0,60,0,1471,604139,15,107941,5.5961595464819,0.15158549601168408
69,0.011,0,63,0,1534,604076,15,107941,5.595575975397384,0.1515989084530285
70,0.0111,2,57,2,1591,604019,17,107939,5.595047982511393,0.15160866230873168
71,0.0112,0,71,0,1662,603948,17,107939,5.594390307162177,0.1516237829880304
72,0.0113,0,59,0,1721,603889,17,107939,5.593843788210012,0.15163635035429907
73,0.0114,0,77,0,1798,603812,17,107939,5.5931305346622695,0.1516527549662733
74,0.0115,0,57,0,1855,603755,17,107939,5.592602541776279,0.1516649009265218
75,0.0116,0,61,0,1916,603694,17,107939,5.592037496757938,0.15167790139018286
76,0.0117,1,97,1,2013,603597,18,107938,5.591138982548446,0.151697386635935
77,0.0118,1,65,1,2078,603532,19,107937,5.590536885397754,0.15171005342467486
78,0.0119,1,78,1,2156,603454,20,107936,5.589814368816925,0.15172549515736797
79,0.012,1,78,1,2234,603376,21,107935,5.589091852236097,0.15174094032005692
80,0.0121,0,79,0,2313,603297,21,107935,5.588360072622179,0.15175779492486277
81,0.0122,1,85,1,2398,603212,22,107934,5.587572714809737,0.15177474105176714
82,0.0123,1,82,1,2480,603130,23,107933,5.586813146096558,0.15179105086328498
83,0.0124,1,91,1,2571,603039,24,107932,5.58597021008559,0.15180928617341635
84,0.0125,2,69,2,2640,602970,26,107930,5.585331060802549,0.15182163454775638
85,0.0126,0,96,0,2736,602874,26,107930,5.584441809626144,0.15184213932392052
86,0.0127,1,100,1,2836,602774,27,107929,5.583515506317388,0.15186231097941053
87,0.0128,0,89,0,2925,602685,27,107929,5.582691096372597,0.15188133079280736
88,0.0129,2,93,2,3018,602592,29,107927,5.581829634295453,0.15189882325455054
89,0.013,0,101,0,3119,602491,29,107927,5.5808940679536105,0.15192041868308517
90,0.0131,0,83,0,3202,602408,29,107927,5.580125236207344,0.15193817001837162
91,0.0132,0,110,0,3312,602298,29,107927,5.579106302567713,0.1519617022774473
92,0.0133,3,98,3,3410,602200,32,107924,5.578198525325132,0.1519790909756606
93,0.0134,0,98,0,3508,602102,32,107924,5.577290748082552,0.1520000676031582
94,0.0135,3,118,3,3626,601984,35,107921,5.576197710178221,0.15202174938900276
95,0.0136,0,103,0,3729,601881,35,107921,5.5752436177702025,0.152043809400368
96,0.0137,0,114,0,3843,601767,35,107921,5.574187631998221,0.1520682328008928
97,0.0138,2,108,2,3951,601659,37,107919,5.573187224424766,0.15208898810278784
98,0.0139,1,117,1,4068,601542,38,107918,5.572103449553522,0.152112874580667
99,0.014,2,122,2,4190,601420,40,107916,5.57097335951684,0.1521366461028342
100,0.0141,0,112,0,4302,601308,40,107916,5.569935899811034,0.15216067138167913
101,0.0142,0,119,0,4421,601189,40,107916,5.568833598873615,0.15218620655615178
102,0.0143,2,139,2,4560,601050,42,107914,5.567546037274445,0.152213652597311
103,0.0144,6,123,6,4683,600927,48,107908,5.566406684204676,0.15223288917731206
104,0.0145,1,114,1,4797,600813,49,107907,5.565350698432694,0.1522561801557738
105,0.0146,2,128,2,4925,600685,51,107905,5.564165030197488,0.15228129101455
106,0.0147,1,132,1,5057,600553,52,107904,5.562942309829931,0.1523084675569583
107,0.0148,1,132,1,5189,600421,53,107903,5.561719589462373,0.15233565430509202
108,0.0149,2,138,2,5327,600283,55,107901,5.560441290896291,0.15236294522327531
109,0.015,0,121,0,5448,600162,55,107901,5.559320463892697,0.15238898233631754
110,0.0151,1,137,1,5585,600025,56,107900,5.558051428359702,0.15241727584136738
111,0.0152,1,137,1,5722,599888,57,107899,5.556782392826707,0.15244558037940792
112,0.0153,1,141,1,5863,599747,58,107898,5.555476305161362,0.15247475782348494
113,0.0154,2,152,2,6015,599595,60,107896,5.554068324132054,0.15250512020647614
114,0.0155,1,157,1,6172,599438,61,107895,5.552614027937308,0.15253777216671638
115,0.0156,4,144,4,6316,599294,65,107891,5.5512801511727,0.15256403911282054
116,0.0157,3,164,3,6480,599130,68,107888,5.549761013746341,0.1525958320721679
117,0.0158,4,151,4,6631,598979,72,107884,5.54836229575012,0.15262363428273937
118,0.0159,6,149,6,6780,598830,78,107878,5.546982103820075,0.15264861866570067
119,0.016,3,144,3,6924,598686,81,107875,5.545648227055467,0.1526761312894428
120,0.0161,1,166,1,7090,598520,82,107874,5.544110563562933,0.1527108101144687
121,0.0162,2,135,2,7225,598385,84,107872,5.5428600540961135,0.1527376011848378
122,0.0163,1,152,1,7377,598233,85,107871,5.541452073066805,0.15276928044594
123,0.0164,1,180,1,7557,598053,86,107870,5.539784727111045,0.1528070341949476
124,0.0165,2,186,2,7743,597867,88,107868,5.5380618029567605,0.1528449063742056
125,0.0166,2,177,2,7920,597690,90,107866,5.536422246100263,0.15288084857899303
126,0.0167,0,168,0,8088,597522,90,107866,5.534866056541554,0.1529172597208912
127,0.0168,1,163,1,8251,597359,91,107865,5.533356182148283,0.1529514026748948
128,0.0169,2,182,2,8433,597177,93,107863,5.531670310126348,0.15298848292295472
129,0.017,0,174,0,8607,597003,93,107863,5.5300585423691135,0.1530262489607954
130,0.0171,2,204,2,8811,596799,95,107861,5.528168883619252,0.1530681463400789
131,0.0172,0,189,0,9000,596610,95,107861,5.526418170365704,0.1531092124445151
132,0.0173,3,169,3,9169,596441,98,107858,5.524852717773908,0.1531423443736254
133,0.0174,3,207,3,9376,596234,101,107855,5.522935269924784,0.1531837594395027
134,0.0175,5,199,5,9575,596035,106,107850,5.521091926340361,0.1532210517343032
135,0.0176,2,201,2,9776,595834,108,107848,5.5192300566897625,0.15326241114594377
136,0.0177,0,207,0,9983,595627,108,107848,5.517312608840639,0.1533075091510004
137,0.0178,3,187,3,10170,595440,111,107845,5.515580421653266,0.15334466112600156
138,0.0179,2,202,2,10372,595238,113,107843,5.51370928896958,0.15338630968551276
139,0.018,3,175,3,10547,595063,116,107840,5.512088258179258,0.1534208845317206
140,0.0181,4,184,4,10731,594879,120,107836,5.5103838600911486,0.1534562375927652
141,0.0182,4,196,4,10927,594683,124,107832,5.508568305605988,0.15349423143989807
142,0.0183,4,186,4,11113,594497,128,107828,5.506845381451702,0.1535300608692557
143,0.0184,3,181,3,11294,594316,131,107825,5.505168772462855,0.15356602163952823
144,0.0185,1,191,1,11485,594125,132,107824,5.503399533143132,0.153606601049364
145,0.0186,3,217,3,11702,593908,135,107821,5.5013894549631335,0.1536504833062336
146,0.0187,3,200,3,11902,593708,138,107818,5.499536848345622,0.15369066862810501
147,0.0188,1,198,1,12100,593510,139,107817,5.497702767794286,0.15373285215028082
148,0.0189,3,210,3,12310,593300,142,107814,5.4957575308459,0.1537752776296009
149,0.019,3,200,3,12510,593100,145,107811,5.4939049242283895,0.15381553435457568
150,0.0191,2,225,2,12735,592875,147,107809,5.491820741783689,0.15386251148877383
151,0.0192,6,192,6,12927,592683,153,107803,5.490042239430879,0.15389743692236532
152,0.0193,3,196,3,13123,592487,156,107800,5.488226684945719,0.15393688587679052
153,0.0194,1,178,1,13301,592309,157,107799,5.486577865056134,0.15397481531420867
154,0.0195,3,199,3,13500,592110,160,107796,5.484734521471711,0.15401496772423726
155,0.0196,4,208,4,13708,591902,164,107792,5.4828078105895,0.15405591587179537
156,0.0197,3,209,3,13917,591693,167,107789,5.480871836674201,0.15409831846995348
157,0.0198,3,204,3,14121,591489,170,107786,5.4789821779243395,0.15413964463194021
158,0.0199,1,225,1,14346,591264,171,107785,5.47689799547964,0.15418804690372206
159,0.02,3,213,3,14559,591051,174,107782,5.474924969431991,0.15423141151033223
160,0.0201,4,196,4,14755,590855,178,107778,5.47310941494683,0.1542698383843878
161,0.0202,3,228,3,14983,590627,181,107775,5.470997443402868,0.15431656839470678
162,0.0203,7,217,7,15200,590410,188,107768,5.468987365222868,0.15435605246799528
163,0.0204,4,225,4,15425,590185,192,107764,5.466903182778169,0.1544009662597124
164,0.0205,9,227,9,15652,589958,201,107755,5.464800474267294,0.15444029278514232
165,0.0206,3,238,3,15890,589720,204,107752,5.462595872392456,0.1544893558451092
166,0.0207,5,246,5,16136,589474,209,107747,5.460317166252918,0.1545378007833958
167,0.0208,5,246,5,16382,589228,214,107742,5.45803846011338,0.1545862806146606
168,0.0209,4,213,4,16595,589015,218,107738,5.456065434065731,0.15462868477064326
169,0.021,6,279,6,16874,588736,224,107732,5.453481047834303,0.15468334510702575
170,0.0211,6,226,6,17100,588510,230,107726,5.451387602356515,0.1547262709770825
171,0.0212,8,246,8,17346,588264,238,107718,5.449108896216977,0.15477124408389872
172,0.0213,2,233,2,17579,588031,240,107716,5.446950609507577,0.15482064601069068
173,0.0214,9,220,9,17799,587811,249,107707,5.444912742228316,0.15485868086807242
174,0.0215,1,226,1,18025,587585,250,107706,5.442819296750528,0.1549078011940324
175,0.0216,5,239,5,18264,587346,255,107701,5.440605431842602,0.15495498865544344
176,0.0217,7,278,7,18542,587068,262,107694,5.4380303086442625,0.1550084777233067
177,0.0218,9,269,9,18811,586799,271,107685,5.435538552743711,0.15505756792093123
178,0.0219,6,251,6,19062,586548,277,107679,5.433213531438734,0.15510632689307677
179,0.022,3,270,3,19332,586278,280,107676,5.430712512505095,0.1551630223328924
180,0.0221,1,284,1,19616,585994,281,107675,5.428081811108229,0.15522533081339948
181,0.0222,4,250,4,19866,585744,285,107671,5.425766052836341,0.15527642176762832
182,0.0223,3,226,3,20092,585518,288,107668,5.4236726073585535,0.15532339083593724
183,0.0224,3,259,3,20351,585259,291,107665,5.421273481788877,0.15537779034930238
184,0.0225,4,262,4,20613,584997,295,107661,5.418846567119938,0.15543168490077355
185,0.0226,5,249,5,20862,584748,300,107656,5.416540071881137,0.1554814819094055
186,0.0227,3,230,3,21092,584518,303,107653,5.414409574271,0.1555294862107774
187,0.0228,3,242,3,21334,584276,306,107650,5.412167920263811,0.15558022100629257
188,0.0229,5,262,5,21596,584014,311,107645,5.409741005594872,0.15563305039043807
189,0.023,4,254,4,21850,583760,315,107641,5.4073881951906335,0.1556853403451832
190,0.0231,7,296,7,22146,583464,322,107634,5.404646337396717,0.15574346908832032
191,0.0232,5,242,5,22388,583222,327,107629,5.402404683389529,0.15579191460966257
192,0.0233,2,265,2,22653,582957,329,107627,5.3999499796213275,0.15584925222710055
193,0.0234,4,267,4,22920,582690,333,107623,5.39747674978695,0.15590464035879376
194,0.0235,1,281,1,23201,582409,334,107622,5.394873837489348,0.1559669058346654
195,0.0236,7,267,7,23468,582142,341,107615,5.39240060765497,0.15601871383690197
196,0.0237,10,278,10,23746,581864,351,107605,5.3898254844566305,0.15606938092938188
197,0.0238,7,302,7,24048,581562,358,107598,5.387028048464189,0.15612920076615008
198,0.0239,3,272,3,24320,581290,361,107595,5.3845085034643745,0.1561871720243582
199,0.024,6,269,6,24589,581021,367,107589,5.3820167475638225,0.1562408329823848
200,0.0241,6,288,6,24877,580733,373,107583,5.379348994034607,0.15629885110908362
201,0.0242,5,276,5,25153,580457,378,107578,5.376792396902442,0.15635541796565583
202,0.0243,8,278,8,25431,580179,386,107570,5.374217273704102,0.15640880611967448
203,0.0244,4,296,4,25727,579883,390,107566,5.371475415910186,0.15647124368498608
204,0.0245,7,318,7,26045,579565,397,107559,5.368529771388343,0.15653506499554665
205,0.0246,2,288,2,26333,579277,399,107557,5.365862017859127,0.15659824644673967
206,0.0247,4,297,4,26630,578980,403,107553,5.363110897032124,0.15666107820017391
207,0.0248,6,289,6,26919,578691,409,107547,5.360433880469821,0.15671968034413716
208,0.0249,7,288,7,27207,578403,416,107540,5.357766126940605,0.15677687504646887
209,0.025,5,291,5,27498,578112,421,107535,5.355070584312127,0.15683726465659442
210,0.0251,8,287,8,27785,577825,429,107527,5.352412093815999,0.15689310018793262
211,0.0252,4,294,4,28079,577531,433,107523,5.349688762088258,0.1569555100765779
212,0.0253,8,263,8,28342,577268,441,107515,5.347252584386231,0.15700594202835058
213,0.0254,8,321,8,28663,576947,449,107507,5.344279150765127,0.157069722727897
214,0.0255,4,310,4,28973,576637,453,107503,5.341407610507985,0.15713596632268248
215,0.0256,4,292,4,29265,576345,457,107499,5.338702804846419,0.15719813290750523
216,0.0257,10,279,10,29544,576066,467,107489,5.3361184186149915,0.15724996525517332
217,0.0258,5,295,5,29839,575771,472,107484,5.3333858238541625,0.1573116918280876
218,0.0259,7,300,7,30139,575471,479,107477,5.330606913927896,0.1573721571774132
219,0.026,5,296,5,30435,575175,484,107472,5.32786505613398,0.15743422295857157
220,0.0261,7,293,7,30728,574882,491,107465,5.3251509874393275,0.15749318162166756
221,0.0262,5,288,5,31016,574594,496,107460,5.322483233910112,0.15755350749354158
222,0.0263,6,302,6,31318,574292,502,107454,5.31968579791767,0.15761588626849296
223,0.0264,9,306,9,31624,573986,511,107445,5.316851309792878,0.15767553868256654
224,0.0265,8,305,8,31929,573681,519,107437,5.314026084701174,0.15773625128098215
225,0.0266,1,352,1,32281,573329,520,107436,5.310765497054356,0.15781657400130736
226,0.0267,4,311,4,32592,573018,524,107432,5.307884693764126,0.1578837533984863
227,0.0268,6,330,6,32922,572688,530,107426,5.304827892845233,0.1579529314203207
228,0.0269,9,302,9,33224,572386,539,107417,5.302030456852792,0.15801195346298855
229,0.027,4,329,4,33553,572057,543,107413,5.298982918966987,0.1580835062622338
230,0.0271,4,315,4,33868,571742,547,107409,5.296065063544407,0.1581518690247088
231,0.0272,5,316,5,34184,571426,552,107404,5.2931379450887395,0.1582192890709014
232,0.0273,6,314,6,34498,571112,558,107398,5.290229352699248,0.15828506580595716
233,0.0274,10,329,10,34827,570783,568,107388,5.287181814813443,0.15834944283963778
234,0.0275,8,318,8,35145,570465,576,107380,5.2842361702916,0.15841379666442917
235,0.0276,2,352,2,35497,570113,578,107378,5.280975582644781,0.15849361836541
236,0.0277,6,302,6,35799,569811,584,107372,5.27817814665234,0.15855684504779358
237,0.0278,8,332,8,36131,569479,592,107364,5.275102819667272,0.15862467366878286
238,0.0279,6,333,6,36464,569146,598,107358,5.272018229649117,0.15869529226730367
239,0.028,10,313,10,36777,568833,608,107348,5.269118900292712,0.15875630933137724
240,0.0281,8,319,8,37096,568514,616,107340,5.266163992737782,0.15882128388675662
241,0.0282,7,309,7,37405,568205,623,107333,5.263301715513728,0.1588852144512966
242,0.0283,7,327,7,37732,567878,630,107326,5.260272703694097,0.1589534422189442
243,0.0284,6,312,6,38044,567566,636,107320,5.257382637370781,0.1590194492106815
244,0.0285,11,321,11,38365,567245,647,107309,5.254409203749676,0.15908140786356614
245,0.0286,14,327,14,38692,566918,661,107295,5.251380191930045,0.15914110229259892
246,0.0287,9,309,9,39001,566609,670,107286,5.2485179147059915,0.15920284317289785
247,0.0288,4,323,4,39324,566286,674,107282,5.245525955018711,0.1592741935483871
248,0.0289,8,306,8,39630,565980,682,107274,5.24269146689392,0.15933659510377957
249,0.029,5,327,5,39957,565653,687,107269,5.239662455074289,0.15940777683000407
250,0.0291,6,327,6,40284,565326,693,107263,5.236633443254659,0.15947777914893047
251,0.0292,6,337,6,40621,564989,699,107257,5.233511801104154,0.15955022417388873
252,0.0293,4,367,4,40988,564622,703,107253,5.2301122679610215,0.15963237209302325
253,0.0294,9,332,9,41320,564290,712,107244,5.227036940975953,0.1597000300803831
254,0.0295,14,358,14,41678,563932,726,107230,5.223720775130609,0.15976768648999795
255,0.0296,7,353,7,42031,563579,733,107223,5.220450924450702,0.15984299390878381
256,0.0297,8,338,8,42369,563241,741,107215,5.217320019267109,0.15991355137399024
257,0.0298,6,343,6,42712,562898,747,107209,5.214142798918077,0.15998788253219262
258,0.0299,7,383,7,43095,562515,754,107202,5.210595057245545,0.16007059698350198
259,0.03,7,343,7,43438,562172,761,107195,5.207417836896513,0.16014383738666532
260,0.0301,10,332,10,43770,561840,771,107185,5.204342509911445,0.1602107544561115
261,0.0302,7,357,7,44127,561483,778,107178,5.201035607099189,0.16028749994391778
262,0.0303,12,341,12,44468,561142,790,107166,5.197876912816333,0.1603542079400516
263,0.0304,7,355,7,44823,560787,797,107159,5.194588536070251,0.16043063361409454
264,0.0305,8,346,8,45169,560441,805,107151,5.191383526621957,0.16050372083548034
265,0.0306,10,351,10,45520,560090,815,107141,5.188132202008226,0.16057557277764373
266,0.0307,10,355,10,45875,559735,825,107131,5.184843825262144,0.1606484661086335
267,0.0308,13,373,13,46248,559362,838,107118,5.181388713920486,0.16072200216060498
268,0.0309,12,351,12,46599,559011,850,107106,5.178137389306754,0.16079157265165128
269,0.031,8,331,8,46930,558680,858,107098,5.175071325354774,0.16086142828390243
270,0.0311,12,356,12,47286,558324,870,107086,5.171773685575605,0.16093235749387597
271,0.0312,6,360,6,47646,557964,876,107080,5.168438993664085,0.16101190297183343
272,0.0313,11,377,11,48023,557587,887,107069,5.164946830190077,0.16108934546592524
273,0.0314,4,346,4,48369,557241,891,107065,5.161741820741784,0.1611681965841043
274,0.0315,8,353,8,48722,556888,899,107057,5.158471970061877,0.16124377772255233
275,0.0316,5,364,5,49086,556524,904,107052,5.155100226018007,0.16132590690440884
276,0.0317,12,350,12,49436,556174,916,107040,5.151858164437363,0.16139586920662108
277,0.0318,15,341,15,49777,555833,931,107025,5.148699470154507,0.16145992052596483
278,0.0319,4,357,4,50134,555476,935,107021,5.145392567342251,0.16154186358579736
279,0.032,9,379,9,50513,555097,944,107012,5.141881877802067,0.16162293519647067
280,0.0321,17,349,17,50862,554748,961,106995,5.138649079254511,0.16168663665501562
281,0.0322,5,331,5,51193,554417,966,106990,5.13558301530253,0.1617612151065834
282,0.0323,20,357,20,51550,554060,986,106970,5.132276112490274,0.1618232152852367
283,0.0324,12,359,12,51909,553701,998,106958,5.1289506836118415,0.1618959251293027
284,0.0325,5,354,5,52263,553347,1003,106953,5.125671569898848,0.16197637437528395
285,0.0326,12,346,12,52609,553001,1015,106941,5.122466560450554,0.16204605859302787
286,0.0327,9,354,9,52963,552647,1024,106932,5.11918744673756,0.16212159574516471
287,0.0328,11,352,11,53315,552295,1035,106921,5.115926859090741,0.16219418218004417
288,0.0329,10,371,10,53686,551924,1045,106911,5.112490273815258,0.16227279971464784
289,0.033,11,386,11,54072,551538,1056,106900,5.108914743043462,0.16235393461495234
290,0.0331,10,328,10,54400,551210,1066,106890,5.105876468190744,0.16242212429721928
291,0.0332,16,378,16,54778,550832,1082,106874,5.102375041683649,0.16249509659331068
292,0.0333,13,362,13,55140,550470,1095,106861,5.099021823705955,0.1625680212860796
293,0.0334,11,382,11,55522,550088,1106,106850,5.0954833450665085,0.16264852999826468
294,0.0335,12,360,12,55882,549728,1118,106838,5.092148653154989,0.16272240719135625
295,0.0336,13,379,13,56261,549349,1131,106825,5.088637963614806,0.16279980614897877
296,0.0337,8,363,8,56624,548986,1139,106817,5.085275482604024,0.16287970625324982
297,0.0338,7,347,7,56971,548639,1146,106810,5.082061210122642,0.16295699589136606
298,0.0339,8,364,8,57335,548275,1154,106802,5.078689466078773,0.1630373223300467
299,0.034,13,331,13,57666,547944,1167,106789,5.0756234021267925,0.16310312753443007
300,0.0341,12,348,12,58014,547596,1179,106777,5.072399866612323,0.16317451973110136
301,0.0342,15,377,15,58391,547219,1194,106762,5.068907703138316,0.1632493910373543
302,0.0343,10,389,10,58780,546830,1204,106752,5.065304383267257,0.16333375154150512
303,0.0344,14,398,14,59178,546432,1218,106738,5.06161769609841,0.16341534363182633
304,0.0345,12,364,12,59542,546068,1230,106726,5.05824595205454,0.1634910860087562
305,0.0346,10,354,10,59896,545714,1240,106716,5.054966838341547,0.16356697270205234
306,0.0347,13,381,13,60277,545333,1253,106703,5.051437622735189,0.16364587231379862
307,0.0348,13,397,13,60674,544936,1266,106690,5.04776019859943,0.16372888742929226
308,0.0349,10,371,10,61045,544565,1276,106680,5.044323613323947,0.16380931907346696
309,0.035,11,372,11,61417,544193,1287,106669,5.040877765015376,0.16388881206768868
310,0.0351,8,391,8,61808,543802,1295,106661,5.0372559190781425,0.16397704404401173
311,0.0352,13,390,13,62198,543412,1308,106648,5.033643336173997,0.16405870227363628
312,0.0353,11,328,11,62526,543084,1319,106637,5.030605061321279,0.16412737159488458
313,0.0354,12,377,12,62903,542707,1331,106625,5.027112897847271,0.1642072160312444
314,0.0355,14,368,14,63271,542339,1345,106611,5.0237041016710515,0.16428230218044534
315,0.0356,17,371,17,63642,541968,1362,106594,5.020267516395569,0.16435437167148245
316,0.0357,11,377,11,64019,541591,1373,106583,5.01677535292156,0.16443578421843516
317,0.0358,17,375,17,64394,541216,1390,106566,5.013301715513728,0.16450904779694403
318,0.0359,10,358,10,64752,540858,1400,106556,5.009985549668383,0.16458711118387925
319,0.036,7,382,7,65134,540476,1407,106549,5.006447071028938,0.1646752443877748
320,0.0361,10,373,10,65507,540103,1417,106539,5.00299195968728,0.16475731548522984
321,0.0362,11,367,11,65874,539736,1428,106528,4.999592426544147,0.16483666117871335
322,0.0363,15,381,15,66255,539355,1443,106513,4.996063210937789,0.16491450265379304
323,0.0364,14,328,14,66583,539027,1457,106499,4.993024936085072,0.16498018670045822
324,0.0365,12,382,12,66965,538645,1469,106487,4.989486457445626,0.1650623438304099
325,0.0366,10,401,10,67366,538244,1479,106477,4.985771981177517,0.16515205802199712
326,0.0367,11,372,11,67738,537872,1490,106466,4.9823261328689465,0.16523315402785493
327,0.0368,11,425,11,68163,537447,1501,106455,4.978389343806736,0.16532795363269565
328,0.0369,15,362,15,68525,537085,1516,106440,4.975036125829042,0.1654014995532419
329,0.037,11,345,11,68870,536740,1527,106429,4.971840379413835,0.16547594800122517
330,0.0371,19,388,19,69258,536352,1546,106410,4.968246322575864,0.16555116823956612
331,0.0372,7,357,7,69615,535995,1553,106403,4.964939419763607,0.16563407731655452
332,0.0373,10,394,10,70009,535601,1563,106393,4.961289784727111,0.1657227326112082
333,0.0374,12,420,12,70429,535181,1575,106381,4.957399310830338,0.16581561875547493
334,0.0375,12,386,12,70815,534795,1587,106369,4.953823780058542,0.16589983218022222
335,0.0376,11,397,11,71212,534398,1598,106358,4.950146355922783,0.16598830131906686
336,0.0377,6,374,6,71586,534024,1604,106352,4.946681981548038,0.16607742951016277
337,0.0378,13,387,13,71973,533637,1617,106339,4.943097187743154,0.16616091853444503
338,0.0379,8,435,8,72408,533202,1625,106331,4.9390677683500686,0.16626350790342329
339,0.038,12,377,12,72785,532825,1637,106319,4.93557560487606,0.16634592517492144
340,0.0381,22,364,22,73149,532461,1659,106297,4.932203860832191,0.1664120057987532
341,0.0382,16,399,16,73548,532062,1675,106281,4.928507910630257,0.16649512879439424
342,0.0383,9,398,9,73946,531664,1684,106272,4.92482122346141,0.16658724386145318
343,0.0384,14,416,14,74362,531248,1698,106258,4.920967801696988,0.16667764695547962
344,0.0385,13,372,13,74734,530876,1711,106245,4.917521953388418,0.1667579627731624
345,0.0386,13,379,13,75113,530497,1724,106232,4.914011263848234,0.1668402098852102
346,0.0387,17,356,17,75469,530141,1741,106215,4.910713624069065,0.16691128864974952
347,0.0388,11,341,11,75810,529800,1752,106204,4.907554929786209,0.1669863711548984
348,0.0389,10,438,10,76248,529362,1762,106194,4.903497721293861,0.16708834469346526
349,0.039,9,406,9,76654,528956,1771,106185,4.899736929860313,0.1671833498388547
350,0.0391,12,413,12,77067,528543,1783,106173,4.895911297195154,0.1672763881799104
351,0.0392,7,406,7,77473,528137,1790,106166,4.892150505761607,0.1673742675030703
352,0.0393,9,382,9,77855,527755,1799,106157,4.888612027122161,0.16746330720983355
353,0.0394,11,393,11,78248,527362,1810,106146,4.884971655118752,0.1675527380869697
354,0.0395,18,401,18,78649,526961,1828,106128,4.8812571788506425,0.16763519821067813
355,0.0396,14,373,14,79022,526588,1842,106114,4.877802067508985,0.1677156070314303
356,0.0397,20,378,20,79400,526210,1862,106094,4.87430064100189,0.16778954426984488
357,0.0398,18,385,18,79785,525825,1880,106076,4.870734373263181,0.1678680679410224
358,0.0399,11,353,11,80138,525472,1891,106065,4.8674645225832744,0.16794740450678267
359,0.04,15,381,15,80519,525091,1906,106050,4.8639353069769165,0.16802901411887358
360,0.0401,7,427,7,80946,524664,1913,106043,4.8599799918485305,0.16813353902842365
361,0.0402,11,401,11,81347,524263,1924,106032,4.8562655155804215,0.16822598941765363
362,0.0403,17,431,17,81778,523832,1941,106015,4.852273148319686,0.16831865516546082
363,0.0404,13,374,13,82152,523458,1954,106002,4.84880877394494,0.16840148698884758
364,0.0405,15,376,15,82528,523082,1969,105987,4.84532587350402,0.16848231275106546
365,0.0406,16,430,16,82958,522652,1985,105971,4.8413427692763715,0.16857639634566346
366,0.0407,16,367,16,83325,522285,2001,105955,4.837943236133239,0.1686536992232268
367,0.0408,12,392,12,83717,521893,2013,105943,4.834312127162918,0.1687431112583541
368,0.0409,10,360,10,84077,521533,2023,105933,4.830977435251398,0.16882667746140828
369,0.041,9,441,9,84518,521092,2032,105924,4.8268924376597875,0.1689334881406535
370,0.0411,16,375,16,84893,520717,2048,105908,4.823418800251955,0.1690133652503491
371,0.0412,15,404,15,85297,520313,2063,105893,4.819676534884582,0.16910249981635436
372,0.0413,15,388,15,85685,519925,2078,105878,4.816082478046612,0.1691874279925152
373,0.0414,16,379,16,86064,519546,2094,105862,4.812571788506428,0.16926870139173147
374,0.0415,4,401,4,86465,519145,2098,105858,4.808857312238319,0.16937198701446232
375,0.0416,14,412,14,86877,518733,2112,105844,4.805040942606247,0.1694650939756027
376,0.0417,14,399,14,87276,518334,2126,105830,4.801344992404313,0.16955479649579278
377,0.0418,13,371,13,87647,517963,2139,105817,4.79790840712883,0.1696383340280227
378,0.0419,16,386,16,88033,517577,2155,105801,4.794332876357035,0.16972206269711154
379,0.042,10,384,10,88417,517193,2165,105791,4.790775871651413,0.16981334994157155
380,0.0421,9,391,9,88808,516802,2174,105782,4.78715402571418,0.16990799635069323
381,0.0422,26,399,26,89207,516403,2200,105756,4.783458075512246,0.16998227141293465
382,0.0423,13,395,13,89602,516008,2213,105743,4.779799177442662,0.17007290699974748
383,0.0424,17,381,17,89983,515627,2230,105726,4.776269961836304,0.17015448545351838
384,0.0425,16,409,16,90392,515218,2246,105710,4.772481381303494,0.1702451814058957
385,0.0426,15,363,15,90755,514855,2261,105695,4.769118900292712,0.17032471194907742
386,0.0427,15,416,15,91171,514439,2276,105680,4.765265478528289,0.1704189034685278
387,0.0428,12,430,12,91601,514009,2288,105668,4.761282374300641,0.17052109405383772
388,0.0429,18,366,18,91967,513643,2306,105650,4.757892104190597,0.170597762286995
389,0.043,12,364,12,92331,513279,2318,105638,4.754520360146726,0.17068201390493395
390,0.0431,18,396,18,92727,512883,2336,105620,4.750852199044055,0.17076715876883378
391,0.0432,8,380,8,93107,512503,2344,105612,4.747332246470784,0.17086140928468002
392,0.0433,19,364,19,93471,512139,2363,105593,4.743960502426915,0.17093658738741072
393,0.0434,10,391,10,93862,511748,2373,105583,4.740338656489681,0.17103142398486387
394,0.0435,10,429,10,94291,511319,2383,105573,4.73636481529512,0.17113692510196274
395,0.0436,15,418,15,94709,510901,2398,105558,4.732492867464523,0.1712327989371556
396,0.0437,12,383,12,95092,510518,2410,105546,4.72894512579199,0.17132310928734676
397,0.0438,17,394,17,95486,510124,2427,105529,4.725295490755493,0.17140986887093868
398,0.0439,15,410,15,95896,509714,2442,105514,4.7214976471895955,0.17150389774197533
399,0.044,16,414,16,96310,509300,2458,105498,4.717662751491348,0.1715978256272792
400,0.0441,18,419,18,96729,508881,2476,105480,4.7137815406276635,0.17169058582820199
401,0.0442,15,419,15,97148,508462,2491,105465,4.709900329763978,0.17178752522694066
402,0.0443,7,409,7,97557,508053,2498,105458,4.706111749231169,0.17189259850271632
403,0.0444,13,407,13,97964,507646,2511,105445,4.702341694764534,0.1719891500609208
404,0.0445,17,368,17,98332,507278,2528,105428,4.698932898588314,0.1720694754090869
405,0.0446,20,423,20,98755,506855,2548,105408,4.695014635592278,0.1721613097639413
406,0.0447,22,399,22,99154,506456,2570,105386,4.691318685390344,0.172243814579581
407,0.0448,15,418,15,99572,506038,2585,105371,4.687446737559746,0.17234126419467166
408,0.0449,14,389,14,99961,505649,2599,105357,4.683843417688688,0.17243202194413804
409,0.045,16,394,16,100355,505255,2615,105341,4.680193782652192,0.17252160184475496
410,0.0451,15,405,15,100760,504850,2630,105326,4.676442254251732,0.17261576987623242
411,0.0452,20,371,20,101131,504479,2650,105306,4.673005668976249,0.1726936543207852
412,0.0453,19,377,19,101508,504102,2669,105287,4.669513505502242,0.1727746972787497
413,0.0454,13,425,13,101933,503677,2682,105274,4.6655767164400315,0.1728776206952612
414,0.0455,15,410,15,102343,503267,2697,105259,4.661778872874134,0.17297371024409802
415,0.0456,18,393,18,102736,502874,2715,105241,4.6581385008707255,0.17306101641959168
416,0.0457,13,395,13,103131,502479,2728,105228,4.654479602801141,0.17315581357463383
417,0.0458,17,399,17,103530,502080,2745,105211,4.650783652599207,0.17324643375251733
418,0.0459,16,386,16,103916,501694,2761,105195,4.647208121827411,0.17333482729131686
419,0.046,23,405,23,104321,501289,2784,105172,4.643456593426952,0.1734192305853138
420,0.0461,7,418,7,104739,500871,2791,105165,4.639584645596354,0.17352929528938876
421,0.0462,27,366,27,105105,500505,2818,105138,4.636194375486309,0.17359731723143831
422,0.0463,23,391,23,105496,500114,2841,105115,4.632572529549075,0.17367806235325803
423,0.0464,13,369,13,105865,499745,2854,105102,4.629154470339768,0.17376625824382033
424,0.0465,19,388,19,106253,499357,2873,105083,4.625560413501797,0.17385182979286612
425,0.0466,24,360,24,106613,498997,2897,105059,4.622225721590278,0.1739226164461573
426,0.0467,17,393,17,107006,498604,2914,105042,4.618585349586868,0.17401258353405805
427,0.0468,11,441,11,107447,498163,2925,105031,4.614500351995257,0.1741247426201189
428,0.0469,18,411,18,107858,497752,2943,105013,4.610693245396273,0.1742188083249691
429,0.047,18,400,18,108258,497352,2961,104995,4.606988032161251,0.17430982473557602
430,0.0471,16,404,16,108662,496948,2977,104979,4.603245766793879,0.17440486969350105
431,0.0472,11,393,11,109055,496555,2988,104968,4.59960539479047,0.17450371806231849
432,0.0473,22,397,22,109452,496158,3010,104946,4.595927970654711,0.17458875668769464
433,0.0474,24,393,24,109845,495765,3034,104922,4.5922875986513025,0.17467000284674047
434,0.0475,16,438,16,110283,495327,3050,104906,4.588230390158953,0.17477546219551407
435,0.0476,21,414,21,110697,494913,3071,104885,4.584395494460706,0.17486720529244845
436,0.0477,20,436,20,111133,494477,3091,104865,4.580356812034532,0.1749668803454455
437,0.0478,18,361,18,111494,494116,3109,104847,4.577012857089925,0.1750475404991627
438,0.0479,20,425,20,111919,493691,3129,104827,4.573076068027715,0.1751442730210286
439,0.048,23,435,23,112354,493256,3152,104804,4.569046648634629,0.17523994248068755
440,0.0481,5,394,5,112748,492862,3157,104799,4.565397013598132,0.17534856716432895
441,0.0482,17,399,17,113147,492463,3174,104782,4.561701063396199,0.17544223894716574
442,0.0483,17,419,17,113566,492044,3191,104765,4.557819852532513,0.17554192379806605
443,0.0484,17,431,17,113997,491613,3208,104748,4.5538274852717775,0.17564528867581883
444,0.0485,11,425,11,114422,491188,3219,104737,4.549890696209567,0.17575533833955614
445,0.0486,20,372,20,114794,490816,3239,104717,4.546444847900997,0.17583744309719193
446,0.0487,15,426,15,115220,490390,3254,104702,4.542498795805699,0.17594254333783685
447,0.0488,14,392,14,115612,489998,3268,104688,4.538867686835378,0.17603911980440098
448,0.0489,19,427,19,116039,489571,3287,104669,4.534912371706992,0.1761392703284868
449,0.049,20,400,20,116439,489171,3307,104649,4.53120715847197,0.1762301707588158
450,0.0491,16,389,16,116828,488782,3323,104633,4.527603838600911,0.17632348356546432
451,0.0492,12,411,12,117239,488371,3335,104621,4.523796732001927,0.17642902433759647
452,0.0493,13,434,13,117673,487937,3348,104608,4.519776575641928,0.1765401783830764
453,0.0494,17,424,17,118097,487513,3365,104591,4.515849049612806,0.17664295461608095
454,0.0495,21,384,21,118481,487129,3386,104570,4.512292044907184,0.17672837033694497
455,0.0496,17,390,17,118871,486739,3403,104553,4.508679462003038,0.17682126597349532
456,0.0497,18,356,18,119227,486383,3421,104535,4.505381822223869,0.17690271746672126
457,0.0498,12,420,12,119647,485963,3433,104523,4.501491348327097,0.1770118173843241
458,0.0499,21,429,21,120076,485534,3454,104502,4.497517507132535,0.17711122711156607
459,0.05,16,412,16,120488,485122,3470,104486,4.493701137500463,0.17721265654468732
460,0.0501,19,423,19,120911,484699,3489,104467,4.489782874504428,0.17731335481001959
461,0.0502,27,409,27,121320,484290,3516,104440,4.485994293971618,0.17739880760280605
462,0.0503,19,396,19,121716,483894,3535,104421,4.4823261328689465,0.17749164988144106
463,0.0504,18,420,18,122136,483474,3553,104403,4.478435658972174,0.17759327206201297
464,0.0505,25,394,25,122530,483080,3578,104378,4.474786023935677,0.17767738289375581
465,0.0506,22,384,22,122914,482696,3600,104356,4.471229019230057,0.1777627876235836
466,0.0507,11,442,11,123356,482254,3611,104345,4.467134758605358,0.17788131244683336
467,0.0508,21,401,21,123757,481853,3632,104324,4.463420282337249,0.1779735472391445
468,0.0509,19,410,19,124167,481443,3651,104305,4.459622438771351,0.17807145735025984
469,0.051,18,401,18,124568,481042,3669,104287,4.455907962503242,0.17816817550471614
470,0.0511,22,402,22,124970,480640,3691,104265,4.452184223202045,0.1782597173900035
471,0.0512,23,410,23,125380,480230,3714,104242,4.4483863796361485,0.17835242749011074
472,0.0513,13,438,13,125818,479792,3727,104229,4.444329171143799,0.1784678975584782
473,0.0514,15,376,15,126194,479416,3742,104214,4.440846270702879,0.17856176001919025
474,0.0515,16,379,16,126573,479037,3758,104198,4.437335581162696,0.17865525902937923
475,0.0516,16,399,16,126972,478638,3774,104182,4.433639630960762,0.1787550187021722
476,0.0517,21,390,21,127362,478248,3795,104161,4.4300270480566155,0.17884510713261642
477,0.0518,23,409,23,127771,477839,3818,104138,4.426238467523806,0.1789383429242049
478,0.0519,15,401,15,128172,477438,3833,104123,4.422523991255697,0.1790405477671302
479,0.052,13,380,13,128552,477058,3846,104110,4.419004038682426,0.17913925061255953
480,0.0521,18,428,18,128980,476630,3864,104092,4.415039460520953,0.17924583535667668
481,0.0522,18,423,18,129403,476207,3882,104074,4.411121197524918,0.17935103854856527
482,0.0523,22,388,22,129791,475819,3904,104052,4.4075271406869465,0.17943990991099745
483,0.0524,17,383,17,130174,475436,3921,104035,4.403979399014413,0.1795344374438065
484,0.0525,13,400,13,130574,475036,3934,104022,4.4002741857793914,0.17964003605856407
485,0.0526,13,402,13,130976,474634,3947,104009,4.396550446478195,0.17974640667907502
486,0.0527,21,403,21,131379,474231,3968,103988,4.39281744414391,0.17984189381531912
487,0.0528,23,372,23,131751,473859,3991,103965,4.389371595835341,0.17992502907459712
488,0.0529,15,382,15,132133,473477,4006,103950,4.385833117195895,0.18002275612328486
489,0.053,21,410,21,132543,473067,4027,103929,4.382035273629997,0.18012083272674334
490,0.0531,28,411,28,132954,472656,4055,103901,4.378228167031013,0.18020941554781228
491,0.0532,23,399,23,133353,472257,4078,103878,4.374532216829079,0.1803014918378505
492,0.0533,15,421,15,133774,471836,4093,103863,4.370632479899218,0.18041198612469364
493,0.0534,27,431,27,134205,471405,4120,103836,4.366640112638482,0.18050869113988746
494,0.0535,13,402,13,134607,471003,4133,103823,4.362916373337286,0.18061639522220638
495,0.0536,23,393,23,135000,470610,4156,103800,4.3592760013338765,0.18070716039066173
496,0.0537,21,421,21,135421,470189,4177,103779,4.355376264404017,0.18080973155297855
497,0.0538,27,418,27,135839,469771,4204,103752,4.351504316573418,0.18090294547908278
498,0.0539,27,406,27,136245,469365,4231,103725,4.3477435251398715,0.18099251426477517
499,0.054,15,428,15,136673,468937,4246,103710,4.343778946978398,0.18110633601503195
500,0.0541,15,409,15,137082,468528,4261,103695,4.339990366445589,0.18121431679607425
501,0.0542,19,407,19,137489,468121,4280,103676,4.336220311978955,0.18131609644681593
502,0.0543,19,413,19,137902,467708,4299,103657,4.332394679313794,0.18141993296754264
503,0.0544,25,407,25,138309,467301,4324,103632,4.32862462484716,0.1815134175113367
504,0.0545,25,395,25,138704,466906,4349,103607,4.324965726777576,0.1816032237652779
505,0.0546,20,388,20,139092,466518,4369,103587,4.321371669939605,0.18169810824321836
506,0.0547,20,422,20,139514,466096,4389,103567,4.317462669976657,0.1818039788436321
507,0.0548,24,394,24,139908,465702,4413,103543,4.313813034940161,0.1818953174819278
508,0.0549,21,387,21,140295,465315,4434,103522,4.3102282411352775,0.1819888649999912
509,0.055,30,397,30,140692,464918,4464,103492,4.306550816999518,0.1820727995636952
510,0.0551,11,390,11,141082,464528,4475,103481,4.302938234095373,0.1821819724687461
511,0.0552,22,410,22,141492,464118,4497,103459,4.299140390529475,0.18228187541073723
512,0.0553,15,397,15,141889,463721,4512,103444,4.295462966393716,0.18238784128075605
513,0.0554,19,365,19,142254,463356,4531,103425,4.292081959316759,0.1824778882848931
514,0.0555,23,440,23,142694,462916,4554,103402,4.2880062247582345,0.18258646202310364
515,0.0556,18,377,18,143071,462539,4572,103384,4.284514061284227,0.18268209632759227
516,0.0557,18,381,18,143452,462158,4590,103366,4.280984845677869,0.18277915702958672
517,0.0558,20,440,20,143892,461718,4610,103346,4.276909111119345,0.18289255730324352
518,0.0559,28,406,28,144298,461312,4638,103318,4.273148319685798,0.1829835467474275
519,0.056,17,397,17,144695,460915,4655,103301,4.269470895550039,0.1830876827314362
520,0.0561,15,422,15,145117,460493,4670,103286,4.265561895587091,0.18320299266201828
521,0.0562,23,382,23,145499,460111,4693,103263,4.262023416947645,0.1832938687266363
522,0.0563,19,374,19,145873,459737,4712,103244,4.2585590425729,0.18338807171112348
523,0.0564,26,408,26,146281,459329,4738,103218,4.254779725073178,0.1834833356146242
524,0.0565,23,389,23,146670,458940,4761,103195,4.251176405202119,0.18357689878765776
525,0.0566,25,425,25,147095,458515,4786,103170,4.247239616139908,0.18367946446851882
526,0.0567,10,392,10,147487,458123,4796,103160,4.243608507169587,0.183793202359594
527,0.0568,18,413,18,147900,457710,4814,103142,4.239782874504428,0.18390234856967613
528,0.0569,20,392,20,148292,457318,4834,103122,4.236151765534107,0.18400185568481908
529,0.057,40,385,40,148677,456933,4874,103082,4.232585497795398,0.18407006955170843
530,0.0571,24,384,24,149061,456549,4898,103058,4.2290284930897775,0.1841613846860386
531,0.0572,20,388,20,149449,456161,4918,103038,4.225434436251806,0.18425998615877354
532,0.0573,26,406,26,149855,455755,4944,103012,4.221673644818259,0.18435591221385658
533,0.0574,22,401,22,150256,455354,4966,102990,4.21795916855015,0.18445617755362287
534,0.0575,26,402,26,150658,454952,4992,102964,4.214235429248953,0.18455107937395593
535,0.0576,25,384,25,151042,454568,5017,102939,4.210678424543333,0.18464162781812604
536,0.0577,26,397,26,151439,454171,5043,102913,4.2070010004075735,0.1847351566370601
537,0.0578,24,376,24,151815,453795,5067,102889,4.2035180999666535,0.18482478389894447
538,0.0579,30,416,30,152231,453379,5097,102859,4.199664678202231,0.18491904544457588
539,0.058,24,400,24,152631,452979,5121,102835,4.195959464967209,0.18501693012410628
540,0.0581,21,430,21,153061,452549,5142,102814,4.19197636073956,0.18512936583819953
541,0.0582,19,401,19,153462,452148,5161,102795,4.188261884471451,0.1852352403760386
542,0.0583,28,422,28,153884,451726,5189,102767,4.184352884508503,0.18533507185843645
543,0.0584,18,393,18,154277,451333,5207,102749,4.180712512505095,0.1854400612183756
544,0.0585,27,393,27,154670,450940,5234,102722,4.177072140501686,0.18553196715685744
545,0.0586,21,401,21,155071,450539,5255,102701,4.173357664233577,0.18563552888439014
546,0.0587,26,412,26,155483,450127,5281,102675,4.169541294601505,0.1857355798278588
547,0.0588,21,401,21,155884,449726,5302,102654,4.165826818333395,0.1858394583438937
548,0.0589,22,374,22,156258,449352,5324,102632,4.16236244395865,0.18593292559204613
549,0.059,26,390,26,156648,448962,5350,102606,4.1587498610545035,0.18602602036376295
550,0.0591,20,406,20,157054,448556,5370,102586,4.154989069620957,0.18613351912937137
551,0.0592,15,361,15,157415,448195,5385,102571,4.15164511467635,0.18623335500012708
552,0.0593,14,374,14,157789,447821,5399,102557,4.148180740301604,0.1863392068723677
553,0.0594,22,405,22,158194,447416,5421,102535,4.144429211901145,0.18644388318231989
554,0.0595,25,423,25,158617,446993,5446,102510,4.140510948905109,0.18655039189958927
555,0.0596,33,386,33,159003,446607,5479,102477,4.136935418133314,0.18663264637104704
556,0.0597,17,377,17,159380,446230,5496,102460,4.133443254659306,0.18673567952760212
557,0.0598,22,401,22,159781,445829,5518,102438,4.129728778391196,0.18683962375995636
558,0.0599,26,339,26,160120,445490,5544,102412,4.126588610174515,0.18691663837693603
559,0.06,23,381,23,160501,445109,5567,102389,4.123059394568157,0.18701255529700564
560,0.0601,15,368,15,160869,444741,5582,102374,4.119650598391938,0.1871160542116374
561,0.0602,29,403,29,161272,444338,5611,102345,4.1159175960576535,0.18721086991913047
562,0.0603,22,378,22,161650,443960,5633,102323,4.112416169550557,0.1873076775224563
563,0.0604,28,377,28,162027,443583,5661,102295,4.10892400607655,0.18739535207500577
564,0.0605,24,390,24,162417,443193,5685,102271,4.105311423172403,0.18749358344455364
565,0.0606,19,393,19,162810,442800,5704,102252,4.101671051168995,0.187600449131459
566,0.0607,33,408,33,163218,442392,5737,102219,4.097891733669273,0.18769176531505974
567,0.0608,26,395,26,163613,441997,5763,102193,4.094232835599689,0.18778919127510613
568,0.0609,15,371,15,163984,441626,5778,102178,4.090796250324206,0.18789490331075168
569,0.061,23,414,23,164398,441212,5801,102155,4.086961354625958,0.1880036881150309
570,0.0611,26,445,26,164843,440767,5827,102129,4.082839304901997,0.18811890306799092
571,0.0612,20,354,20,165197,440413,5847,102109,4.079560191189003,0.188211722289603
572,0.0613,24,423,24,165620,439990,5871,102085,4.075641928192968,0.18832264907992435
573,0.0614,24,402,24,166022,439588,5895,102061,4.071918188891771,0.18842645329355356
574,0.0615,28,381,28,166403,439207,5923,102033,4.068388973285413,0.18851710886113368
575,0.0616,20,388,20,166791,438819,5943,102013,4.0647949164474415,0.18862234483166676
576,0.0617,31,398,31,167189,438421,5974,101982,4.061108229278595,0.18871471846011217
577,0.0618,31,423,31,167612,437998,6005,101951,4.05718996628256,0.18881598076855408
578,0.0619,27,374,27,167986,437624,6032,101924,4.053725591907814,0.1889062696924092
579,0.062,11,401,11,168387,437223,6043,101913,4.050011115639705,0.18903022613960113
580,0.0621,18,409,18,168796,436814,6061,101895,4.046222535106895,0.18914664503470333
581,0.0622,24,365,24,169161,436449,6085,101871,4.042841528029938,0.18923874275523853
582,0.0623,25,412,25,169573,436037,6110,101846,4.039025158397866,0.18934601019180752
583,0.0624,20,390,20,169963,435647,6130,101826,4.035412575493719,0.18945323765100758
584,0.0625,25,396,25,170359,435251,6155,101801,4.031744414391048,0.18955520135852766
585,0.0626,29,447,29,170806,434804,6184,101772,4.027603838600911,0.18966931059160305
586,0.0627,31,364,31,171170,434440,6215,101741,4.024232094557042,0.1897512220686671
587,0.0628,27,428,27,171598,434012,6242,101714,4.020267516395569,0.18986198168466717
588,0.0629,24,379,24,171977,433633,6266,101690,4.016756826855386,0.1899600801758938
589,0.063,20,368,20,172345,433265,6286,101670,4.013348030679166,0.19006047463710543
590,0.0631,30,379,30,172724,432886,6316,101640,4.009837341138983,0.1901497775599316
591,0.0632,23,371,23,173095,432515,6339,101617,4.0064007558635,0.19024698014722952
592,0.0633,29,408,29,173503,432107,6368,101588,4.002621438363778,0.19034841997770263
593,0.0634,29,357,29,173860,431750,6397,101559,3.999314535551521,0.1904318134514887
594,0.0635,28,380,28,174240,431370,6425,101531,3.99579458297825,0.1905250693843697
595,0.0636,29,388,29,174628,430982,6454,101502,3.9922005261402793,0.19061981205069073
596,0.0637,15,413,15,175041,430569,6469,101487,3.9883748934751195,0.19074495917722947
597,0.0638,18,342,18,175383,430227,6487,101469,3.9852069361591758,0.1908402545815654
598,0.0639,20,402,20,175785,429825,6507,101449,3.981483196857979,0.19095419689275214
599,0.064,14,392,14,176177,429433,6521,101435,3.977852087887658,0.19107386393604436
600,0.0641,27,383,27,176560,429050,6548,101408,3.9743043462151246,0.19117064876012804
601,0.0642,20,393,20,176953,428657,6568,101388,3.970663974211716,0.19128187229386184
602,0.0643,19,413,19,177366,428244,6587,101369,3.966838341546556,0.19140202374186435
603,0.0644,30,362,30,177728,427882,6617,101339,3.9634851235688613,0.19148711029985582
604,0.0645,23,430,23,178158,427452,6640,101316,3.959502019341213,0.1916076615831518
605,0.0646,31,350,31,178508,427102,6671,101285,3.9562599577605693,0.1916871535446557
606,0.0647,30,412,30,178920,426690,6701,101255,3.9524435881284967,0.19179081154286906
607,0.0648,24,364,24,179284,426326,6725,101231,3.949071844084627,0.19188637436333894
608,0.0649,31,368,31,179652,425958,6756,101200,3.945663047908407,0.19197280511725137
609,0.065,26,354,26,180006,425604,6782,101174,3.942383934195413,0.19206193121200962
610,0.0651,22,383,22,180389,425221,6804,101152,3.9388361925228796,0.19216791134803646
611,0.0652,25,384,25,180773,424837,6829,101127,3.935279187817259,0.19226981314310485
612,0.0653,20,362,20,181135,424475,6849,101107,3.9319259698395643,0.19237150435136668
613,0.0654,30,426,30,181561,424049,6879,101077,3.927979917744266,0.1924814235059776
614,0.0655,16,364,16,181925,423685,6895,101061,3.9246081737003964,0.19259031988809824
615,0.0656,28,369,28,182294,423316,6923,101033,3.921190114491089,0.1926827361165941
616,0.0657,27,388,27,182682,422928,6950,101006,3.917596057653118,0.19278382391675286
617,0.0658,25,410,25,183092,422518,6975,100981,3.9137982140872207,0.1928962615019322
618,0.0659,25,393,25,183485,422125,7000,100956,3.910157842083812,0.1930026133619841
619,0.066,30,368,30,183853,421757,7030,100926,3.906749045907592,0.19309218015508445
620,0.0661,29,345,29,184198,421412,7059,100897,3.9035532994923856,0.1931749213588125
621,0.0662,21,383,21,184581,421029,7080,100876,3.9000055578198527,0.19328421839223614
622,0.0663,27,411,27,184992,420618,7107,100849,3.896198451220868,0.19339478816492703
623,0.0664,21,376,21,185368,420242,7128,100828,3.8927155507799474,0.1935018327671906
624,0.0665,21,376,21,185744,419866,7149,100807,3.889232650339027,0.19360904060706047
625,0.0666,17,425,17,186169,419441,7166,100790,3.8852958612768167,0.19374085742679695
626,0.0667,22,364,22,186533,419077,7188,100768,3.8819241172329466,0.19384239532937703
627,0.0668,16,393,16,186926,418684,7204,100752,3.878283745229538,0.1939642227338883
628,0.0669,31,382,31,187308,418302,7235,100721,3.874745266590092,0.19405883746963043
629,0.067,22,395,22,187703,417907,7257,100699,3.8710863685205084,0.1941724546187279
630,0.0671,22,376,22,188079,417531,7279,100677,3.867603468079588,0.19427913115968878
631,0.0672,26,434,26,188513,417097,7305,100651,3.8635833117195895,0.19440152352109522
632,0.0673,28,378,28,188891,416719,7333,100623,3.860081885212494,0.19449996327381114
633,0.0674,25,399,25,189290,416320,7358,100598,3.85638593501056,0.19461113754986284
634,0.0675,24,399,24,189689,415921,7382,100574,3.8526899848086256,0.1947240534758323
635,0.0676,22,375,22,190064,415546,7404,100552,3.8492163474007928,0.1948312142267554
636,0.0677,36,383,36,190447,415163,7440,100516,3.84566860572826,0.19491970780272225
637,0.0678,31,406,31,190853,414757,7471,100485,3.8419078142947125,0.19502486210363285
638,0.0679,30,389,30,191242,414368,7501,100455,3.838304494423654,0.19512531491405785
639,0.068,31,368,31,191610,414000,7532,100424,3.834895698247434,0.19521639736870752
640,0.0681,23,368,23,191978,413632,7555,100401,3.831486902071214,0.19532014481560522
641,0.0682,20,390,20,192368,413242,7575,100381,3.827874319167068,0.19543712022241994
642,0.0683,30,357,30,192725,412885,7605,100351,3.824567416354811,0.1955260348065997
643,0.0684,28,416,28,193141,412469,7633,100323,3.8207139945903887,0.19564072762445592
644,0.0685,29,372,29,193513,412097,7662,100294,3.8172681462818185,0.1957372397251318
645,0.0686,27,410,27,193923,411687,7689,100267,3.8134703027159214,0.19585158041542794
646,0.0687,23,371,23,194294,411316,7712,100244,3.810033717440439,0.19595746344514817
647,0.0688,28,368,28,194662,410948,7740,100216,3.806624921264219,0.19605449523049354
648,0.0689,19,399,19,195061,410549,7759,100197,3.8029289710622844,0.1961777478433507
649,0.069,25,381,25,195442,410168,7784,100172,3.7993997554559265,0.19628482972136224
650,0.0691,29,374,29,195816,409794,7813,100143,3.7959353810811813,0.19638308261608786
651,0.0692,34,375,34,196191,409419,7847,100109,3.7924617436733485,0.1964739916157699
652,0.0693,30,389,30,196580,409030,7877,100079,3.78885842380229,0.19657676450426137
653,0.0694,28,387,28,196967,408643,7905,100051,3.7852736299974064,0.19668209178799043
654,0.0695,25,364,25,197331,408279,7930,100026,3.7819018859535367,0.19678342727299555
655,0.0696,23,396,23,197727,407883,7953,100003,3.7782337248508653,0.19690048554203107
656,0.0697,31,354,31,198081,407529,7984,99972,3.774954611137871,0.19698877440635584
657,0.0698,27,366,27,198447,407163,8011,99945,3.771564341027826,0.19708819423081475
658,0.0699,29,366,29,198813,406797,8040,99916,3.768174070917781,0.1971845995662239
659,0.07,20,342,20,199155,406455,8060,99896,3.765006113601838,0.1972860723095244
660,0.0701,29,359,29,199514,406096,8089,99867,3.7616806847234057,0.1973800455764552
661,0.0702,27,416,27,199930,405680,8116,99840,3.7578272629589833,0.19749960436777972
662,0.0703,27,335,27,200265,405345,8143,99813,3.754724146874653,0.1975876854370316
663,0.0704,30,402,30,200667,404943,8173,99783,3.7510004075734558,0.19769736451064537
664,0.0705,29,402,29,201069,404541,8202,99754,3.747276668272259,0.19780882221715465
665,0.0706,30,375,30,201444,404166,8232,99724,3.7438030308644263,0.19790827363114966
666,0.0707,24,353,24,201797,403813,8256,99700,3.7405331801845194,0.19800879023977533
667,0.0708,25,421,25,202218,403392,8281,99675,3.7366334432546595,0.19813464210532594
668,0.0709,28,380,28,202598,403012,8309,99647,3.7331134906813888,0.1982397609512612
669,0.071,27,373,27,202971,402639,8336,99620,3.729658379339731,0.19834388233958974
670,0.0711,30,371,30,203342,402268,8366,99590,3.7262217940642484,0.19844258734542441
671,0.0712,29,360,29,203702,401908,8395,99561,3.722887102152729,0.19853869331902868
672,0.0713,24,436,24,204138,401472,8419,99537,3.718848419726555,0.19867307772914258
673,0.0714,27,364,27,204502,401108,8446,99510,3.7154766756826856,0.19877431494672584
674,0.0715,36,357,36,204859,400751,8482,99474,3.712169772870429,0.19885851366884902
675,0.0716,26,341,26,205200,400410,8508,99448,3.7090110785875727,0.19895250251071303
676,0.0717,24,380,24,205580,400030,8532,99424,3.705491126014302,0.19906537939429858
677,0.0718,33,406,33,205986,399624,8565,99391,3.701730334580755,0.19917437351582618
678,0.0719,31,383,31,206369,399241,8596,99360,3.6981825929082217,0.19927757866510495
679,0.072,38,382,38,206751,398859,8634,99322,3.694644114268776,0.199369305533531
680,0.0721,38,350,38,207101,398509,8672,99284,3.691402052688132,0.19944836508347846
681,0.0722,31,359,31,207460,398150,8703,99253,3.6880766238097,0.19954242334686362
682,0.0723,24,371,24,207831,397779,8727,99229,3.6846400385342175,0.19965272188777644
683,0.0724,37,340,37,208171,397439,8764,99192,3.681490607284449,0.19972977925260404
684,0.0725,29,379,29,208550,397060,8793,99163,3.677979917744266,0.19983555780364876
685,0.0726,24,388,24,208938,396672,8817,99139,3.674385860906295,0.1999532079764265
686,0.0727,28,359,28,209297,396313,8845,99111,3.671060432027863,0.20005288399431598
687,0.0728,25,372,25,209669,395941,8870,99086,3.667614583719293,0.20016281940177
688,0.0729,23,353,23,210022,395588,8893,99063,3.6643447330393863,0.20026847211468288
689,0.073,25,388,25,210410,395200,8918,99038,3.6607506762014155,0.20038523949999798
690,0.0731,21,380,21,210790,394820,8939,99017,3.6572307236281447,0.20050542992930867
691,0.0732,24,384,24,211174,394436,8963,98993,3.653673718922524,0.2006225819722797
692,0.0733,26,362,26,211536,394074,8989,98967,3.6503205009448294,0.20072772852561957
693,0.0734,29,382,29,211918,393692,9018,98938,3.6467820223053837,0.20083632746686153
694,0.0735,26,383,26,212301,393309,9044,98912,3.6432342806328504,0.20095038610705354
695,0.0736,27,385,27,212686,392924,9071,98885,3.639668012894142,0.20106382762413863
696,0.0737,25,370,25,213056,392554,9096,98860,3.636240690651747,0.20117456971107864
697,0.0738,26,367,26,213423,392187,9122,98834,3.6328411575086146,0.20128263353298534
698,0.0739,22,353,22,213776,391834,9144,98812,3.629571306828708,0.2013916347020051
699,0.074,19,392,19,214168,391442,9163,98793,3.625940197858387,0.20152171917549747
700,0.0741,32,373,32,214541,391069,9195,98761,3.622485086516729,0.20162301206541045
701,0.0742,28,352,28,214893,390717,9223,98733,3.61922449886991,0.2017223414036163
702,0.0743,19,366,19,215259,390351,9242,98714,3.6158342287598653,0.20184229090202735
703,0.0744,23,337,23,215596,390014,9265,98691,3.6127125866093595,0.2019439129945468
704,0.0745,36,365,36,215961,389649,9301,98655,3.609331579532402,0.20203602673744225
705,0.0746,33,369,33,216330,389280,9334,98622,3.6059135203230945,0.2021348549503794
706,0.0747,27,368,27,216698,388912,9361,98595,3.6025047241468746,0.20224324984051512
707,0.0748,31,346,31,217044,388566,9392,98564,3.599299714698581,0.2023361320386755
708,0.0749,28,374,28,217418,388192,9420,98536,3.5958353403238354,0.20244571916963888
709,0.075,22,363,22,217781,387829,9442,98514,3.5924728593130535,0.20256074416615433
710,0.0751,29,365,29,218146,387464,9471,98485,3.589091852236096,0.20266530026813515
711,0.0752,31,355,31,218501,387109,9502,98454,3.5858034754900143,0.20276256634051606
712,0.0753,27,352,27,218853,386757,9529,98427,3.5825428878431955,0.20286530470914127
713,0.0754,26,327,26,219180,386430,9555,98401,3.579513876023565,0.20295938172270336
714,0.0755,36,357,36,219537,386073,9591,98365,3.5762069732113084,0.20304971946874523
715,0.0756,26,365,26,219902,385708,9617,98339,3.572825966134351,0.2031600237167052
716,0.0757,17,381,17,220283,385327,9634,98322,3.5692967505279927,0.2032920568428757
717,0.0758,29,361,29,220644,384966,9663,98293,3.5659527955833856,0.20339610850496317
718,0.0759,27,368,27,221012,384598,9690,98266,3.5625439994071657,0.20350657742138573
719,0.076,31,372,31,221384,384226,9721,98235,3.5590981510985955,0.20361231270506838
720,0.0761,27,358,27,221742,383868,9748,98208,3.5557819852532515,0.2037189156896423
721,0.0762,24,346,24,222088,383522,9772,98184,3.5525769758049575,0.20382556995345708
722,0.0763,29,380,29,222468,383142,9801,98155,3.549057023231687,0.2039385244454048
723,0.0764,32,378,32,222846,382764,9833,98123,3.5455555967245913,0.2040458569268872
724,0.0765,33,376,33,223222,382388,9866,98090,3.5420726962836713,0.20415086642884794
725,0.0766,28,375,28,223597,382013,9894,98062,3.5385990588758385,0.20426391709628705
726,0.0767,33,349,33,223946,381664,9927,98029,3.535366260328282,0.2043577871680429
727,0.0768,22,355,22,224301,381309,9949,98007,3.5320778835822,0.20447262348847106
728,0.0769,33,335,33,224636,380974,9982,97974,3.5289747674978695,0.20456082915055496
729,0.077,20,330,20,224966,380644,10002,97954,3.5259179665789766,0.20466863630855123
730,0.0771,38,388,38,225354,380256,10040,97916,3.5223239097410057,0.20477150481416728
731,0.0772,40,391,40,225745,379865,10080,97876,3.518702063803772,0.20487251460519404
732,0.0773,39,336,39,226081,379529,10119,97837,3.5155896846863537,0.20495175609490413
733,0.0774,20,357,20,226438,379172,10139,97817,3.512282781874097,0.20507181507330358
734,0.0775,28,360,28,226798,378812,10167,97789,3.5089480899625776,0.20518001430966365
735,0.0776,33,350,33,227148,378462,10200,97756,3.5057060283819332,0.2052757350625134
736,0.0777,21,367,21,227515,378095,10221,97735,3.502306495238801,0.20539898703318413
737,0.0778,22,357,22,227872,377738,10243,97713,3.4989995924265442,0.20551644648975395
738,0.0779,29,371,29,228243,377367,10272,97684,3.4955630071510617,0.2056284483139705
739,0.078,33,350,33,228593,377017,10305,97651,3.4923209455704174,0.2057248434695408
740,0.0781,25,363,25,228956,376654,10330,97626,3.4889584645596354,0.20584043181243147
741,0.0782,26,355,26,229311,376299,10356,97600,3.4856700878135536,0.20595105708178324
742,0.0783,39,358,39,229669,375941,10395,97561,3.482353921968209,0.2060413683574726
743,0.0784,21,366,21,230035,375575,10416,97540,3.4789636518581646,0.20616552001099098
744,0.0785,27,373,27,230408,375202,10443,97513,3.4755085405165067,0.20628285542028496
745,0.0786,24,361,24,230769,374841,10467,97489,3.4721645855718997,0.20640018631041857
746,0.0787,31,367,31,231136,374474,10498,97458,3.4687650524287674,0.20650856479323293
747,0.0788,26,341,26,231477,374133,10524,97432,3.4656063581459113,0.20661414651214574
748,0.0789,38,354,38,231831,373779,10562,97394,3.462327244432917,0.20670539271138202
749,0.079,35,344,35,232175,373435,10597,97359,3.4591407610507985,0.2067974528137572
750,0.0791,30,347,30,232522,373088,10627,97329,3.455926488569417,0.20689941052300406
751,0.0792,28,366,28,232888,372722,10655,97301,3.452536218459372,0.20701327381851525
752,0.0793,29,378,29,233266,372344,10684,97272,3.449034791952277,0.20713093250655856
753,0.0794,20,330,20,233596,372014,10704,97252,3.445977991033384,0.2072428004585885
754,0.0795,27,369,27,233965,371645,10731,97225,3.4425599318240763,0.20736024910956127
755,0.0796,26,360,26,234325,371285,10757,97199,3.439225239912557,0.20747560215503624
756,0.0797,33,355,33,234680,370930,10790,97166,3.435936863166475,0.20757707820617993
757,0.0798,25,324,25,235004,370606,10815,97141,3.4329356404461078,0.2076785099637197
758,0.0799,26,362,26,235366,370244,10841,97115,3.429582422468413,0.20779529226996807
759,0.08,35,341,35,235707,369903,10876,97080,3.426423728185557,0.20788765329787165
760,0.0801,26,355,26,236062,369548,10902,97054,3.4231353514394756,0.20800168023283228
761,0.0802,33,360,33,236422,369188,10935,97021,3.4198006595279558,0.20810623561535707
762,0.0803,30,355,30,236777,368833,10965,96991,3.416512282781874,0.20821383183348216
763,0.0804,26,310,26,237087,368523,10991,96965,3.4136407425247324,0.20830827003059155
764,0.0805,25,326,25,237413,368197,11016,96940,3.4106209937381897,0.20841171525808525
765,0.0806,23,342,23,237755,367855,11039,96917,3.407453036422246,0.20852590087182532
766,0.0807,21,348,21,238103,367507,11060,96896,3.4042295009077774,0.20864636964016167
767,0.0808,22,398,22,238501,367109,11082,96874,3.4005428137389306,0.2087878219676152
768,0.0809,27,356,27,238857,366753,11109,96847,3.3972451739597616,0.20890207075064712
769,0.081,18,319,18,239176,366434,11127,96829,3.394290266404832,0.2090151814412116
770,0.0811,41,348,41,239524,366086,11168,96788,3.391066730890363,0.20910226109049115
771,0.0812,30,321,30,239845,365765,11198,96758,3.3880932972692577,0.20919608322180736
772,0.0813,32,340,32,240185,365425,11230,96726,3.3849438660194893,0.20929523034679143
773,0.0814,27,393,27,240578,365032,11257,96699,3.3813034940160804,0.20942713398060775
774,0.0815,29,369,29,240947,364663,11286,96670,3.3778854348067733,0.2095449490931713
775,0.0816,39,369,39,241316,364294,11325,96631,3.3744673755974657,0.20964582090361772
776,0.0817,28,318,28,241634,363976,11353,96603,3.3715217310756236,0.20974251974145586
777,0.0818,31,352,31,241986,363624,11384,96572,3.3682611434288043,0.20984971620787665
778,0.0819,33,340,33,242326,363284,11417,96539,3.365111712179036,0.20994817571108884
779,0.082,22,356,22,242682,362928,11439,96517,3.3618140723998664,0.21007302288630847
780,0.0821,37,375,37,243057,362553,11476,96480,3.3583404349920336,0.2101809673814301
781,0.0822,32,339,32,243396,362214,11508,96448,3.355200266775353,0.21028120925648952
782,0.0823,21,378,21,243774,361836,11529,96427,3.3516988402682575,0.2104184714890794
783,0.0824,34,342,34,244116,361494,11563,96393,3.3485308829523137,0.21051700528733072
784,0.0825,32,359,32,244475,361135,11595,96361,3.345205454073882,0.2106269781593719
785,0.0826,22,347,22,244822,360788,11617,96339,3.3419911815925007,0.21074887285152705
786,0.0827,29,323,29,245145,360465,11646,96310,3.3389992219052207,0.21084779158228886
787,0.0828,29,362,29,245507,360103,11675,96281,3.335646003927526,0.2109648892160987
788,0.0829,39,333,39,245840,359770,11714,96242,3.3325614139093704,0.21105146355797655
789,0.083,30,347,30,246187,359423,11744,96212,3.329347141427989,0.21116024888342644
790,0.0831,27,341,27,246528,359082,11771,96185,3.326188447145133,0.21127162741863567
791,0.0832,28,331,28,246859,358751,11799,96157,3.323122383193153,0.21137680585964636
792,0.0833,41,345,41,247204,358406,11840,96116,3.3199266367779465,0.2114661116513612
793,0.0834,30,370,30,247574,358036,11870,96086,3.3164993145355517,0.21158631380994536
794,0.0835,34,330,34,247904,357706,11904,96052,3.3134425136166588,0.21168111636599243
795,0.0836,35,362,35,248266,357344,11939,96017,3.310089295638964,0.21178928050714552
796,0.0837,31,356,31,248622,356988,11970,95986,3.3067916558597945,0.21190178685752384
797,0.0838,29,346,29,248968,356642,11999,95957,3.303586646411501,0.21201328328166877
798,0.0839,25,323,25,249291,356319,12024,95932,3.300594686724221,0.21212114511631816
799,0.084,37,338,37,249629,355981,12061,95895,3.297463781540628,0.21221529800210678
800,0.0841,39,323,39,249952,355658,12100,95856,3.2944718218533477,0.21229906492378975
801,0.0842,36,357,36,250309,355301,12136,95820,3.291164919041091,0.2124042108436539
802,0.0843,30,304,30,250613,354997,12166,95790,3.288348956982474,0.21249503645846043
803,0.0844,42,319,42,250932,354678,12208,95748,3.2853940494275444,0.2125720984135019
804,0.0845,30,364,30,251296,354314,12238,95718,3.282022305383675,0.21269154193479575
805,0.0846,28,354,28,251650,353960,12266,95690,3.2787431916706806,0.21280996330479263
806,0.0847,31,350,31,252000,353610,12297,95659,3.2755011300900367,0.21292143459708993
807,0.0848,38,361,38,252361,353249,12335,95621,3.2721571751454297,0.2130260431750841
808,0.0849,40,348,40,252709,352901,12375,95581,3.2689336396309607,0.2131211509046071
809,0.085,21,330,21,253039,352571,12396,95560,3.265876838712068,0.21324121741187288
810,0.0851,22,331,22,253370,352240,12418,95538,3.2628107747600876,0.21336019188079808
811,0.0852,30,325,30,253695,351915,12448,95508,3.259800289006632,0.21346242817199831
812,0.0853,28,337,28,254032,351578,12476,95480,3.2566786468561264,0.2135740776364588
813,0.0854,33,316,33,254348,351262,12509,95447,3.2537515284004592,0.21366706289777013
814,0.0855,26,314,26,254662,350948,12535,95421,3.2508429360109674,0.21377156567772404
815,0.0856,22,337,22,254999,350611,12557,95399,3.2477212938604616,0.21389430730252684
816,0.0857,26,354,26,255353,350257,12583,95373,3.2444421801474674,0.21401835603527591
817,0.0858,32,309,32,255662,349948,12615,95341,3.241579902923413,0.21411038673760188
818,0.0859,44,318,44,255980,349630,12659,95297,3.238634258401571,0.2141856978785284
819,0.086,35,333,35,256313,349297,12694,95262,3.2355496683834155,0.21428426822986374
820,0.0861,26,323,26,256636,348974,12720,95236,3.2325577086961355,0.2143940928839963
821,0.0862,35,358,35,256994,348616,12755,95201,3.229241542850791,0.21450507754322165
822,0.0863,28,329,28,257323,348287,12783,95173,3.2261940049649858,0.2146146213863708
823,0.0864,32,352,32,257675,347935,12815,95141,3.2229334173181665,0.2147283987397196
824,0.0865,29,320,29,257995,347615,12844,95112,3.2199692467301495,0.21483216519435228
825,0.0866,27,350,27,258345,347265,12871,95085,3.216727185149505,0.21495422177009155
826,0.0867,25,370,25,258715,346895,12896,95060,3.2132998629071103,0.21508977158307974
827,0.0868,42,320,42,259035,346575,12938,95018,3.210335692319093,0.21517098323569442
828,0.0869,41,327,41,259362,346248,12979,94977,3.2073066804994625,0.21525752167261603
829,0.087,32,317,32,259679,345931,13011,94945,3.204370299010708,0.21535533800887324
830,0.0871,37,325,37,260004,345606,13048,94908,3.201359813257253,0.21544831719309715
831,0.0872,27,339,27,260343,345267,13075,94881,3.198219645040572,0.2155661277570272
832,0.0873,36,309,36,260652,344958,13111,94845,3.1953573678165177,0.21565337207795307
833,0.0874,28,330,28,260982,344628,13139,94817,3.1923005668976248,0.21576534037251532
834,0.0875,41,322,41,261304,344306,13180,94776,3.1893178702434324,0.21585034230508196
835,0.0876,35,342,35,261646,343964,13215,94741,3.186149912927489,0.2159560524726183
836,0.0877,32,332,32,261978,343632,13247,94709,3.1830745859424208,0.2160623806579809
837,0.0878,22,330,22,262308,343302,13269,94687,3.1800177850235283,0.21618579462041285
838,0.0879,32,318,32,262626,342984,13301,94655,3.1770721405016857,0.21628556869931612
839,0.088,33,340,33,262966,342644,13334,94622,3.1739227092519173,0.21639459733891955
840,0.0881,34,322,34,263288,342322,13368,94588,3.170940012597725,0.21649309926529492
841,0.0882,30,356,30,263644,341966,13398,94558,3.167642372818556,0.2166158103563607
842,0.0883,36,322,36,263966,341644,13434,94522,3.164659676164363,0.2167110687215418
843,0.0884,35,325,35,264291,341319,13469,94487,3.161649190410908,0.21680977315594555
844,0.0885,25,351,25,264642,340968,13494,94462,3.1583978657971765,0.21693957696989183
845,0.0886,45,306,45,264948,340662,13539,94417,3.1555633776723853,0.21701116348984897
846,0.0887,27,332,27,265280,340330,13566,94390,3.152488050687317,0.21712826647037173
847,0.0888,41,335,41,265615,339995,13607,94349,3.1493849346029865,0.21722183338551931
848,0.0889,28,332,28,265947,339663,13635,94321,3.1463096076179182,0.2173375055301578
849,0.089,25,298,25,266245,339365,13660,94296,3.143549223757827,0.2174417344423409
850,0.0891,33,302,33,266547,339063,13693,94263,3.140751787765386,0.21753368133922266
851,0.0892,28,285,28,266832,338778,13721,94235,3.138111823335433,0.2176262606434449
852,0.0893,42,350,42,267182,338428,13763,94193,3.134869761754789,0.21772637019469698
853,0.0894,30,338,30,267520,338090,13793,94163,3.1317388565711957,0.2178423284511617
854,0.0895,36,334,36,267854,337756,13829,94127,3.1286450035199524,0.21794560100768032
855,0.0896,30,330,30,268184,337426,13859,94097,3.1255882026010595,0.2180579018963068
856,0.0897,26,334,26,268518,337092,13885,94071,3.1224943495498168,0.2181796675503232
857,0.0898,33,389,33,268907,336703,13918,94038,3.118891029678758,0.21831680754792324
858,0.0899,35,309,35,269216,336394,13953,94003,3.116028752454704,0.21840997962346392
859,0.09,22,339,22,269555,336055,13975,93981,3.1128885842380227,0.21854216856263198
860,0.0901,44,322,44,269877,335733,14019,93937,3.1099058875838304,0.21862592221937766
861,0.0902,30,314,30,270191,335419,14049,93907,3.1069972951943385,0.21873122056432642
862,0.0903,24,319,24,270510,335100,14073,93883,3.1040423876394088,0.218850164225622
863,0.0904,38,334,38,270844,334766,14111,93845,3.1009485345881656,0.2189514501494362
864,0.0905,35,324,35,271168,334442,14146,93810,3.097947311867798,0.21905326770219405
865,0.0906,32,343,32,271511,334099,14178,93778,3.094770091518767,0.21917046253946812
866,0.0907,25,329,25,271840,333770,14203,93753,3.0917225536329616,0.21929346491299884
867,0.0908,21,339,21,272179,333431,14224,93732,3.088582385416281,0.21942911722223132
868,0.0909,32,328,32,272507,333103,14256,93700,3.085544110563563,0.21953922535689768
869,0.091,35,309,35,272816,332794,14291,93665,3.0826818333395085,0.21963424385462613
870,0.0911,28,323,28,273139,332471,14319,93637,3.079689873652229,0.219749453190271
871,0.0912,45,309,45,273448,332162,14364,93592,3.0768275964281746,0.21982647256396887
872,0.0913,25,336,25,273784,331826,14389,93567,3.073715217310756,0.21995425406623992
873,0.0914,38,334,38,274118,331492,14427,93529,3.0706213642595133,0.22005736187153105
874,0.0915,24,366,24,274484,331126,14451,93505,3.0672310941494683,0.22020295268126916
875,0.0916,32,341,32,274825,330785,14483,93473,3.064072399866612,0.2203211253529692
876,0.0917,41,314,41,275139,330471,14524,93432,3.0611638074771204,0.22040891430350812
877,0.0918,39,304,39,275443,330167,14563,93393,3.058347845418504,0.2204953253376145
878,0.0919,35,323,35,275766,329844,14598,93358,3.055355885731224,0.22059914650686907
879,0.092,42,340,42,276106,329504,14640,93316,3.0522064544814556,0.2206991154628447
880,0.0921,32,307,32,276413,329197,14672,93284,3.049362703323576,0.2208004620326121
881,0.0922,37,318,37,276731,328879,14709,93247,3.046417058801734,0.22089849950014925
882,0.0923,34,343,34,277074,328536,14743,93213,3.043239838452703,0.22101534324918376
883,0.0924,31,323,31,277397,328213,14774,93182,3.040247878765423,0.22112744574567805
884,0.0925,25,320,25,277717,327893,14799,93157,3.0372837081774056,0.2212492578078613
885,0.0926,30,289,30,278006,327604,14829,93127,3.0346066916151027,0.2213457054507512
886,0.0927,26,321,26,278327,327283,14855,93101,3.0316332579939975,0.2214665639034787
887,0.0928,34,303,34,278630,326980,14889,93067,3.0288265589684684,0.22156330124962206
888,0.0929,34,291,34,278921,326689,14923,93033,3.02613101633999,0.22165385660032116
889,0.093,26,336,26,279257,326353,14949,93007,3.023018637222572,0.22178319343761924
890,0.0931,35,304,35,279561,326049,14984,92972,3.0202026751639557,0.22187909436519887
891,0.0932,28,350,28,279911,325699,15012,92944,3.016960613583312,0.22201255007249612
892,0.0933,22,333,22,280244,325366,15034,92922,3.0138760235651563,0.2221483762383812
893,0.0934,35,316,35,280560,325050,15069,92887,3.010948905109489,0.22225120053979427
894,0.0935,32,280,32,280840,324770,15101,92855,3.008355255844974,0.22234061658186172
895,0.0936,42,327,42,281167,324443,15143,92813,3.0053262440253437,0.22243658569319555
896,0.0937,27,296,27,281463,324147,15170,92786,3.0025843862314274,0.22254414977946096
897,0.0938,33,316,33,281779,323831,15203,92753,2.9996572677757607,0.22265137403260807
898,0.0939,29,334,29,282113,323497,15232,92724,2.9965634147245175,0.22277588108240573
899,0.094,45,317,45,282430,323180,15277,92679,2.9936270332357626,0.22286159491558438
900,0.0941,30,332,30,282762,322848,15307,92649,2.9905517062506948,0.22298355944808265
901,0.0942,33,328,33,283090,322520,15340,92616,2.9875134313979768,0.22309797271255685
902,0.0943,38,311,38,283401,322209,15378,92578,2.9846326281077475,0.22319407310258035
903,0.0944,41,289,41,283690,321920,15419,92537,2.9819556115454446,0.22327286063451698
904,0.0945,32,350,32,284040,321570,15451,92505,2.9787135499648003,0.2234015576888245
905,0.0946,23,317,23,284357,321253,15474,92482,2.975777168476046,0.22352955394153262
906,0.0947,38,295,38,284652,320958,15512,92444,2.9730445737152174,0.22361768931935502
907,0.0948,25,312,25,284964,320646,15537,92419,2.9701545073919005,0.2237396051468897
908,0.0949,34,318,34,285282,320328,15571,92385,2.9672088628700584,0.22384804937087033
909,0.095,39,321,39,285603,320007,15610,92346,2.9642354292489532,0.22394889815279628
910,0.0951,31,303,31,285906,319704,15641,92315,2.9614287302234246,0.22405520133780238
911,0.0952,30,317,30,286223,319387,15671,92285,2.9584923487346697,0.22417118482675527
912,0.0953,33,320,33,286543,319067,15704,92252,2.9555281781466523,0.2242833421261843
913,0.0954,24,294,24,286837,318773,15728,92228,2.9528048464189114,0.2243984807822852
914,0.0955,27,302,27,287139,318471,15755,92201,2.95000741042647,0.2245125063310866
915,0.0956,32,311,32,287450,318160,15787,92169,2.9471266071362408,0.2246221934106534
916,0.0957,35,308,35,287758,317852,15822,92134,2.944273592945274,0.22472474669866777
917,0.0958,29,316,29,288074,317536,15851,92105,2.941346474489607,0.22484321637726692
918,0.0959,29,327,29,288401,317209,15880,92076,2.9383174626699766,0.22496793188120748
919,0.096,40,284,40,288685,316925,15920,92036,2.9356867612731112,0.22504835424404773
920,0.0961,28,309,28,288994,316616,15948,92008,2.932824484049057,0.22516543325893731
921,0.0962,28,297,28,289291,316319,15976,91980,2.9300733632220535,0.2252760844381201
922,0.0963,38,278,38,289569,316041,16014,91942,2.9274982400237133,0.2253574291085658
923,0.0964,32,336,32,289905,315705,16046,91910,2.924385860906295,0.22548237920586828
924,0.0965,36,303,36,290208,315402,16082,91874,2.921579161880766,0.22558166943301347
925,0.0966,36,317,36,290525,315085,16118,91838,2.9186427803920116,0.2256888895442135
926,0.0967,34,307,34,290832,314778,16152,91804,2.9157990292341323,0.2257945506687458
927,0.0968,31,296,31,291128,314482,16183,91773,2.9130571714402165,0.22589998892321325
928,0.0969,31,289,31,291417,314193,16214,91742,2.910380154877913,0.22600169977952136
929,0.097,26,298,26,291715,313895,16240,91716,2.907619771017822,0.22611812796004052
930,0.0971,38,317,38,292032,313578,16278,91678,2.9046833895290676,0.22622243717551374
931,0.0972,37,283,37,292315,313295,16315,91641,2.9020619511652894,0.22630983661615664
932,0.0973,37,299,37,292614,312996,16352,91604,2.899292304272111,0.22640632723677706
933,0.0974,32,299,32,292913,312697,16384,91572,2.896522657378932,0.22651254486492906
934,0.0975,24,297,24,293210,312400,16408,91548,2.8937715365519288,0.22663313099705903
935,0.0976,35,276,35,293486,312124,16443,91513,2.8912149394197635,0.22672103895331697
936,0.0977,36,298,36,293784,311826,16479,91477,2.8884545555596723,0.2268195376677089
937,0.0978,32,288,32,294072,311538,16511,91445,2.8857868020304567,0.2269202422930992
938,0.0979,28,302,28,294374,311236,16539,91417,2.8829893660380157,0.22703667922503992
939,0.098,32,301,32,294675,310935,16571,91385,2.8802011930786615,0.2271450586597733
940,0.0981,37,281,37,294956,310654,16608,91348,2.877598280781059,0.2272327003348242
941,0.0982,35,320,35,295276,310334,16643,91313,2.8746341101930417,0.22734640119308747
942,0.0983,28,276,28,295552,310058,16671,91285,2.8720775130608764,0.22744884051796094
943,0.0984,42,312,42,295864,309746,16713,91243,2.8691874467375595,0.227544895246503
944,0.0985,24,321,24,296185,309425,16737,91219,2.866214013116455,0.22768093369674824
945,0.0986,35,301,35,296486,309124,16772,91184,2.863425840157101,0.2277846058534928
946,0.0987,35,282,35,296768,308842,16807,91149,2.8608136648264106,0.22787762724661306
947,0.0988,40,289,40,297057,308553,16847,91109,2.8581366482641077,0.22796513053530232
948,0.0989,36,291,36,297348,308262,16883,91073,2.8554411056356295,0.22806165249727672
949,0.099,36,328,36,297676,307934,16919,91037,2.8524028307829115,0.2281794917425076
950,0.0991,24,281,24,297957,307653,16943,91013,2.8497999184853087,0.2282938600231773
951,0.0992,42,281,42,298238,307372,16985,90971,2.847197006187706,0.2283735373785908
952,0.0993,32,320,32,298558,307052,17017,90939,2.844232835599689,0.228495116723745
953,0.0994,33,282,33,298840,306770,17050,90906,2.8416206602689984,0.22859312606242269
954,0.0995,33,295,33,299135,306475,17083,90873,2.83888806550817,0.2286987728640889
955,0.0996,29,279,29,299414,306196,17112,90844,2.8363036792767424,0.22880314326012494
956,0.0997,35,294,35,299708,305902,17147,90809,2.8335803475490016,0.22890466863787493
957,0.0998,39,306,39,300014,305596,17186,90770,2.83074585942421,0.22900551510472644
958,0.0999,40,302,40,300316,305294,17226,90730,2.8279484234317684,0.2291022766296992
959,0.1,40,320,40,300636,304974,17266,90690,2.824984252843751,0.22920963241538275
960,0.1001,30,265,30,300901,304709,17296,90660,2.8225295490755493,0.22930477604465702
961,0.1002,25,292,25,301193,304417,17321,90635,2.8198247434139834,0.22942549335277382
962,0.1003,32,281,32,301474,304136,17353,90603,2.8172218311163806,0.22952634525597926
963,0.1004,36,297,36,301771,303839,17389,90567,2.814470710289377,0.22962885960152735
964,0.1005,41,282,41,302053,303557,17430,90526,2.8118585349586867,0.22971302999621906
965,0.1006,30,287,30,302340,303270,17460,90496,2.8092000444625587,0.22982177232163264
966,0.1007,28,319,28,302659,302951,17488,90468,2.806245136907629,0.22995330677979456
967,0.1008,33,293,33,302952,302658,17521,90435,2.8035310682129757,0.2300600621227038
968,0.1009,40,301,40,303253,302357,17561,90395,2.800742895253622,0.23015796227644927
969,0.101,32,306,32,303559,302051,17593,90363,2.7979084071288303,0.23027465890615523
970,0.1011,45,279,45,303838,301772,17638,90318,2.795324020897403,0.23035017470478716
971,0.1012,39,307,39,304145,301465,17677,90279,2.7924802697395235,0.23045407204705112
972,0.1013,27,303,27,304448,301162,17704,90252,2.789673570713995,0.2305793865319074
973,0.1014,34,289,34,304737,300873,17738,90218,2.7869965541516915,0.23068288454605193
974,0.1015,44,310,44,305047,300563,17782,90174,2.7841250138945495,0.23077927096742823
975,0.1016,36,295,36,305342,300268,17818,90138,2.781392419133721,0.23088272208931215
976,0.1017,35,292,35,305634,299976,17853,90103,2.7786876134721554,0.23098654375139394
977,0.1018,33,261,33,305895,299715,17886,90070,2.7762699618363036,0.23107610605846812
978,0.1019,40,304,40,306199,299411,17926,90030,2.7734539997776873,0.2311775082746809
979,0.102,37,287,37,306486,299124,17963,89993,2.7707955092815593,0.2312749121729454
980,0.1021,27,232,27,306718,298892,17990,89966,2.7686464856052466,0.23135951941325625
981,0.1022,31,280,31,306998,298612,18021,89935,2.7660528363407315,0.231464919301912
982,0.1023,38,294,38,307292,298318,18059,89897,2.7633295046129907,0.23156498332109784
983,0.1024,35,279,35,307571,298039,18094,89862,2.760745118381563,0.23166220246918673
984,0.1025,36,268,36,307839,297771,18130,89826,2.7582626255140985,0.23175101974473486
985,0.1026,42,268,42,308107,297503,18172,89784,2.755780132646634,0.2318280758197409
986,0.1027,25,309,25,308416,297194,18197,89759,2.7529178554225795,0.23196357180329394
987,0.1028,34,285,34,308701,296909,18231,89725,2.7502778909926264,0.2320670194550919
988,0.1029,32,294,32,308995,296615,18263,89693,2.7475545592648856,0.23218002215848493
989,0.103,25,315,25,309310,296300,18288,89668,2.744636703842306,0.2323197778054139
990,0.1031,36,280,36,309590,296020,18324,89632,2.742043054577791,0.23241679026687273
991,0.1032,35,291,35,309881,295729,18359,89597,2.7393475119493127,0.2325225912603873
992,0.1033,29,292,29,310173,295437,18388,89568,2.7366427062877468,0.23264113453072038
993,0.1034,32,293,32,310466,295144,18420,89536,2.7339286375930936,0.23275449724446293
994,0.1035,28,259,28,310725,294885,18448,89508,2.731529512023417,0.2328554370136813
995,0.1036,22,275,22,311000,294610,18470,89486,2.7289821779243395,0.23297821377988837
996,0.1037,30,300,30,311300,294310,18500,89456,2.7262032679980734,0.23310037887671134
997,0.1038,28,314,28,311614,293996,18528,89428,2.723294675608581,0.2332352695710232
998,0.1039,41,289,41,311903,293707,18569,89387,2.7206176590462783,0.23332915681268826
999,0.104,33,259,33,312162,293448,18602,89354,2.7182185334766014,0.23342093301497902
1000,0.1041,46,308,46,312470,293140,18648,89308,2.7153655192856347,0.23351671338325733
1001,0.1042,40,260,40,312730,292880,18688,89268,2.7129571306828706,0.2335953609596282
1002,0.1043,32,260,32,312990,292620,18720,89236,2.710548742080107,0.2336901868767284
1003,0.1044,43,286,43,313276,292334,18763,89193,2.707899514617066,0.23377899860298224
1004,0.1045,25,313,25,313589,292021,18788,89168,2.7050001852606615,0.23392070600148482
1005,0.1046,34,275,34,313864,291746,18822,89134,2.7024528511615844,0.23402121403066584
1006,0.1047,35,263,35,314127,291483,18857,89099,2.7000166734595576,0.23411249086924762
1007,0.1048,30,296,30,314423,291187,18887,89069,2.6972748156656414,0.2342343053101069
1008,0.1049,43,260,43,314683,290927,18930,89026,2.6948664270628773,0.2343079275594613
1009,0.105,31,297,31,314980,290630,18961,88995,2.692115306235874,0.23442871254527495
1010,0.1051,42,298,42,315278,290332,19003,88953,2.6893549223757827,0.23452812528837155
1011,0.1052,50,278,50,315556,290054,19053,88903,2.6867797991774425,0.23459917615982817
1012,0.1053,37,295,37,315851,289759,19090,88866,2.6840472044166144,0.23470716408055464
1013,0.1054,26,281,26,316132,289478,19116,88840,2.6814442921190116,0.23482890055455993
1014,0.1055,39,302,39,316434,289176,19155,88801,2.67864685612657,0.23493757556676728
1015,0.1056,26,265,26,316699,288911,19181,88775,2.676192152358368,0.2350497503216958
1016,0.1057,32,292,32,316991,288619,19213,88743,2.6734873466968025,0.23516676294910457
1017,0.1058,37,280,37,317271,288339,19250,88706,2.6708936974322874,0.23526634751820075
1018,0.1059,38,284,38,317555,288055,19288,88668,2.668262996035422,0.2353665690706434
1019,0.106,25,268,25,317823,287787,19313,88643,2.6657805031679573,0.23548335679940494
1020,0.1061,30,290,30,318113,287497,19343,88613,2.6630942235725668,0.2356039456541969
1021,0.1062,43,291,43,318404,287206,19386,88570,2.6603986809440885,0.23569892702035256
1022,0.1063,25,282,25,318686,286924,19411,88545,2.657786505613398,0.23582506145647178
1023,0.1064,33,286,33,318972,286638,19444,88512,2.6551372781503577,0.23593762495002
1024,0.1065,36,301,36,319273,286337,19480,88476,2.6523491051910035,0.23605371211777607
1025,0.1066,27,274,27,319547,286063,19507,88449,2.649811034125014,0.2361713376340411
1026,0.1067,30,273,30,319820,285790,19537,88419,2.6472822260921114,0.23628239833889617
1027,0.1068,37,269,37,320089,285521,19574,88382,2.6447904701915594,0.23637681430745408
1028,0.1069,36,255,36,320344,285266,19610,88346,2.6424283967542332,0.23646456751924455
1029,0.107,38,299,38,320643,284967,19648,88308,2.6396587498610544,0.23657625075346594
1030,0.1071,40,265,40,320908,284702,19688,88268,2.6372040460928527,0.2366624661500925
1031,0.1072,33,250,33,321158,284452,19721,88235,2.634888287820964,0.23675362972145528
1032,0.1073,40,304,40,321462,284148,19761,88195,2.6320723257623477,0.2368649336767443
1033,0.1074,31,278,31,321740,283870,19792,88164,2.6294972025640075,0.23697834068929183
1034,0.1075,36,286,36,322026,283584,19828,88128,2.6268479751009672,0.23708677685950413
1035,0.1076,29,291,29,322317,283293,19857,88099,2.624152432472489,0.23721297173875583
1036,0.1077,31,265,31,322582,283028,19888,88068,2.621697728704287,0.23731864531010843
1037,0.1078,32,289,32,322871,282739,19920,88036,2.619020712141984,0.23743779920436922
1038,0.1079,39,256,39,323127,282483,19959,87997,2.61664937567157,0.23752159360829195
1039,0.108,32,272,32,323399,282211,19991,87965,2.614129830671755,0.23763020833333334
1040,0.1081,25,279,25,323678,281932,20016,87940,2.6115454444403277,0.2377579270666609
1041,0.1082,33,275,33,323953,281657,20049,87907,2.60899811034125,0.2378667835611694
1042,0.1083,37,274,37,324227,281383,20086,87870,2.60646003927526,0.23796692240821335
1043,0.1084,42,276,42,324503,281107,20128,87828,2.6039034421430953,0.2380581945329123
1044,0.1085,32,264,32,324767,280843,20160,87796,2.601458001407981,0.23816253841834423
1045,0.1086,33,265,33,325032,280578,20193,87763,2.599003297639779,0.23826562886021377
1046,0.1087,26,265,26,325297,280313,20219,87737,2.596548593871577,0.23838337182448036
1047,0.1088,40,291,40,325588,280022,20259,87697,2.593853051243099,0.23848917243873718
1048,0.1089,36,254,36,325842,279768,20295,87661,2.5915002408388603,0.2385794262292851
1049,0.109,33,276,33,326118,279492,20328,87628,2.5889436437066955,0.23869034648071474
1050,0.1091,36,257,36,326375,279235,20364,87592,2.586563044203194,0.23878285949507533
1051,0.1092,39,280,39,326655,278955,20403,87553,2.583969394938679,0.23888428083425192
1052,0.1093,37,290,37,326945,278665,20440,87516,2.581283115343288,0.23899656180959689
1053,0.1094,42,285,42,327230,278380,20482,87474,2.578643150913335,0.23909537684431495
1054,0.1095,37,283,37,327513,278097,20519,87437,2.576021712549557,0.23920346670897918
1055,0.1096,28,270,28,327783,277827,20547,87409,2.5735206936159174,0.2393219726423463
1056,0.1097,24,281,24,328064,277546,20571,87385,2.570917781318315,0.23945622597148503
1057,0.1098,43,299,43,328363,277247,20614,87342,2.5681481344251362,0.2395629050794182
1058,0.1099,28,243,28,328606,277004,20642,87314,2.5658972173848604,0.23966424936456612
1059,0.11,41,255,41,328861,276749,20683,87273,2.5635351439475342,0.23974649883798232
1060,0.1101,32,289,32,329150,276460,20715,87241,2.560858127385231,0.23987011308739872
1061,0.1102,39,292,39,329442,276168,20754,87202,2.5581533217236654,0.23998128629220905
1062,0.1103,32,270,32,329712,275898,20786,87170,2.5556523027900258,0.240092764991682
1063,0.1104,44,275,44,329987,275623,20830,87126,2.553104968690948,0.24018260560332352
1064,0.1105,40,243,40,330230,275380,20870,87086,2.5508540516506724,0.24025977608934354
1065,0.1106,31,264,31,330494,275116,20901,87055,2.5484086109155584,0.24036988052604985
1066,0.1107,41,291,41,330785,274825,20942,87014,2.54571306828708,0.24047711827636048
1067,0.1108,28,231,28,331016,274594,20970,86986,2.5435733076438547,0.2405719342884009
1068,0.1109,40,278,40,331294,274316,21010,86946,2.540998184445515,0.24067297418494057
1069,0.111,42,247,42,331541,274069,21052,86904,2.538710215272889,0.2407493081199979
1070,0.1111,40,268,40,331809,273801,21092,86864,2.5362277224054246,0.24084399650645336
1071,0.1112,33,280,33,332089,273521,21125,86831,2.533634073140909,0.24096161530947519
1072,0.1113,31,262,31,332351,273259,21156,86800,2.53120715847197,0.2410716021540914
1073,0.1114,38,261,38,332612,272998,21194,86762,2.5287895068361186,0.24116633311096286
1074,0.1115,34,253,34,332865,272745,21228,86728,2.5264459594649673,0.24126429523218712
1075,0.1116,29,293,29,333158,272452,21257,86699,2.5237318907703137,0.24139985688470866
1076,0.1117,41,281,41,333439,272171,21298,86658,2.521128978472711,0.24150221972025673
1077,0.1118,30,285,30,333724,271886,21328,86628,2.5184890140427583,0.24163073129640683
1078,0.1119,37,270,37,333994,271616,21365,86591,2.5159879951091186,0.24173452780096424
1079,0.112,32,268,32,334262,271348,21397,86559,2.513505502241654,0.24184774256999722
1080,0.1121,30,282,30,334544,271066,21427,86529,2.510893326910964,0.24197485982745845
1081,0.1122,33,267,33,334811,270799,21460,86496,2.508420097076587,0.2420856715039393
1082,0.1123,28,269,28,335080,270530,21488,86468,2.5059283411760345,0.24220863982431273
1083,0.1124,35,265,35,335345,270265,21523,86433,2.503473637407833,0.24231422660065377
1084,0.1125,35,268,35,335613,269997,21558,86398,2.500991144540368,0.24242203173445195
1085,0.1126,37,287,37,335900,269710,21595,86361,2.49833265404424,0.24253870716795245
1086,0.1127,38,272,38,336172,269438,21633,86323,2.4958131090444255,0.24264323520565773
1087,0.1128,38,269,38,336441,269169,21671,86285,2.4933213531438736,0.24274589679677258
1088,0.1129,39,290,39,336731,268879,21710,86246,2.4906350735484826,0.24286096444913763
1089,0.113,29,279,29,337010,268600,21739,86217,2.488050687317055,0.24299004839114247
1090,0.1131,32,251,32,337261,268349,21771,86185,2.485725666012079,0.24309375123401422
1091,0.1132,36,265,36,337526,268084,21807,86149,2.483270962243877,0.24319868561088323
1092,0.1133,36,253,36,337779,267831,21843,86113,2.480927414872726,0.2432955495784644
1093,0.1134,44,262,44,338041,267569,21887,86069,2.4785005002037868,0.2433816501620301
1094,0.1135,40,242,40,338283,267327,21927,86029,2.4762588461965986,0.24346268352596248
1095,0.1136,30,246,30,338529,267081,21957,85999,2.4739801400570602,0.2435680299082361
1096,0.1137,30,254,30,338783,266827,21987,85969,2.4716273296528217,0.24367906665608455
1097,0.1138,26,260,26,339043,266567,22013,85943,2.4692189410500576,0.24380301268049134
1098,0.1139,40,240,40,339283,266327,22053,85903,2.4669958131090444,0.2438832580984016
1099,0.114,31,255,31,339538,266072,22084,85872,2.464633739671718,0.24399336258041052
1100,0.1141,28,262,28,339800,265810,22112,85844,2.462206825002779,0.24411495390355292
1101,0.1142,40,255,40,340055,265555,22152,85804,2.4598447515654525,0.24420606843712556
1102,0.1143,31,259,31,340314,265296,22183,85773,2.457445625995776,0.2443194927492886
1103,0.1144,39,230,39,340544,265066,22222,85734,2.4553151283856387,0.24439566704675028
1104,0.1145,32,244,32,340788,264822,22254,85702,2.453054948312275,0.24449681048943867
1105,0.1146,38,239,38,341027,264583,22292,85664,2.45084108340435,0.2445816809280308
1106,0.1147,30,266,30,341293,264317,22322,85634,2.4483771166030603,0.2447028298247469
1107,0.1148,38,234,38,341527,264083,22360,85596,2.446209566860573,0.2447845023578768
1108,0.1149,37,246,37,341773,263837,22397,85559,2.4439308607210344,0.24487687323266438
1109,0.115,40,251,40,342024,263586,22437,85519,2.4416058394160585,0.24496641411609688
1110,0.1151,24,253,24,342277,263333,22461,85495,2.439262292044907,0.2450921370990861
1111,0.1152,33,281,33,342558,263052,22494,85462,2.4366593797473044,0.24521826956736315
1112,0.1153,37,261,37,342819,262791,22531,85425,2.434241728111453,0.24532186918464402
1113,0.1154,43,254,43,343073,262537,22574,85382,2.431888917707214,0.24540769546934776
1114,0.1155,21,266,21,343339,262271,22595,85361,2.4294249509059247,0.2455498918396465
1115,0.1156,43,244,43,343583,262027,22638,85318,2.427164770832561,0.24562898559069513
1116,0.1157,40,270,40,343853,261757,22678,85278,2.4246637518989216,0.24573313930871526
1117,0.1158,41,258,41,344111,261499,22719,85237,2.422273889362333,0.2458267961792257
1118,0.1159,35,244,35,344355,261255,22754,85202,2.4200137092889697,0.24592373656759714
1119,0.116,36,258,36,344613,260997,22790,85166,2.4176238467523805,0.2460286050213339
1120,0.1161,29,254,29,344867,260743,22819,85137,2.415271036348142,0.24614606221811033
1121,0.1162,35,249,35,345116,260494,22854,85102,2.412964541109341,0.24624706304471117
1122,0.1163,26,237,26,345353,260257,22880,85076,2.4107692022675904,0.24635931115763626
1123,0.1164,32,268,32,345621,259989,22912,85044,2.408286709400126,0.24648077140447436
1124,0.1165,40,256,40,345877,259733,22952,85004,2.4059153729297122,0.24657637561387377
1125,0.1166,38,242,38,346119,259491,22990,84966,2.403673718922524,0.24666649247946767
1126,0.1167,35,224,35,346343,259267,23025,84931,2.401598799510912,0.24675041691119645
1127,0.1168,31,255,31,346598,259012,23056,84900,2.3992367260735854,0.24686547721510155
1128,0.1169,33,237,33,346835,258775,23089,84867,2.3970413872318352,0.24696340959486907
1129,0.117,36,231,36,347066,258544,23125,84831,2.3949016265886103,0.24705060065526027
1130,0.1171,41,246,41,347312,258298,23166,84790,2.392622920449072,0.24713776057454648
1131,0.1172,44,251,44,347563,258047,23210,84746,2.390297899144096,0.24722208446496866
1132,0.1173,34,254,34,347817,257793,23244,84712,2.387945088739857,0.2473306959022496
1133,0.1174,33,238,33,348055,257555,23277,84679,2.385740486865019,0.2474301209114232
1134,0.1175,32,269,32,348324,257286,23309,84647,2.383248730964467,0.2475543454419433
1135,0.1176,31,257,31,348581,257029,23340,84616,2.3808681314609657,0.24767229141360184
1136,0.1177,40,220,40,348801,256809,23380,84576,2.378830264181704,0.24774374972538338
1137,0.1178,29,255,29,349056,256554,23409,84547,2.376468190744377,0.2478650018616187
1138,0.1179,31,242,31,349298,256312,23440,84516,2.374226536737189,0.2479725844120788
1139,0.118,40,241,40,349539,256071,23480,84476,2.3719941457630886,0.2480597391843123
1140,0.1181,36,234,36,349773,255837,23516,84440,2.369826596020601,0.24815077128339558
1141,0.1182,33,234,33,350007,255603,23549,84407,2.3676590462781135,0.24824858092409047
1142,0.1183,34,227,34,350234,255376,23583,84373,2.3655563377672384,0.248339215126461
1143,0.1184,31,254,31,350488,255122,23614,84342,2.363203527363,0.24845639007376336
1144,0.1185,32,234,32,350722,254888,23646,84310,2.361035977620512,0.24855689007600282
1145,0.1186,40,244,40,350966,254644,23686,84270,2.358775797547149,0.24864714942433774
1146,0.1187,27,252,27,351218,254392,23713,84243,2.3564415132090852,0.24877227693534337
1147,0.1188,28,239,28,351457,254153,23741,84215,2.3542276483011597,0.24888582844713447
1148,0.1189,35,227,35,351684,253926,23776,84180,2.352124939790285,0.24897517346630937
1149,0.119,36,253,36,351937,253673,23812,84144,2.3497813924191338,0.24908160335329482
1150,0.1191,26,248,26,352185,253425,23838,84118,2.3474841602134204,0.24920676773033362
1151,0.1192,38,217,38,352402,253208,23876,84080,2.3454740820334212,0.24928251227437678
1152,0.1193,43,243,43,352645,252965,23919,84037,2.3432231649931454,0.24936647260253647
1153,0.1194,34,254,34,352899,252711,23953,84003,2.3408703545889065,0.249478786150858
1154,0.1195,34,256,34,353155,252455,23987,83969,2.3384990181184926,0.24959277578294056
1155,0.1196,33,253,33,353408,252202,24020,83936,2.3361554707473413,0.249706965591513
1156,0.1197,42,252,42,353660,251950,24062,83894,2.3338211864092777,0.24980050261430903
1157,0.1198,31,265,31,353925,251685,24093,83863,2.331366482641076,0.2499284752107001
1158,0.1199,49,288,49,354213,251397,24142,83814,2.3286987291118604,0.2500335609511621
1159,0.12,37,260,37,354473,251137,24179,83777,2.326290340509096,0.25014481329535343
1160,0.1201,30,259,30,354732,250878,24209,83747,2.3238912149394197,0.25027119910347406
1161,0.1202,33,237,33,354969,250641,24242,83714,2.3216958760976696,0.25037460184534405
1162,0.1203,31,245,31,355214,250396,24273,83683,2.3194264329912184,0.25048865687457156
1163,0.1204,41,238,41,355452,250158,24314,83642,2.3172218311163806,0.25057519472738166
1164,0.1205,33,249,33,355701,249909,24347,83609,2.3149153358775796,0.25068811878219466
1165,0.1206,38,235,38,355936,249674,24385,83571,2.3127385231020043,0.2507794565559873
1166,0.1207,49,231,49,356167,249443,24434,83522,2.3105987624587794,0.25084318171579595
1167,0.1208,39,241,39,356408,249202,24473,83483,2.308366371484679,0.2509370726062191
1168,0.1209,36,220,36,356628,248982,24509,83447,2.306328504205417,0.25102202274771457
1169,0.121,27,255,27,356883,248727,24536,83420,2.3039664307680905,0.2511538565755524
1170,0.1211,29,273,29,357156,248454,24565,83391,2.3014376227351883,0.2512950323193057
1171,0.1212,26,251,26,357407,248203,24591,83365,2.2991126014302123,0.25142655503546785
1172,0.1213,38,232,38,357639,247971,24629,83327,2.2969635777538997,0.2515167613447712
1173,0.1214,36,260,36,357899,247711,24665,83291,2.2945551891511355,0.25163292064700515
1174,0.1215,44,253,44,358152,247458,24709,83247,2.2922116417799843,0.2517258583934322
1175,0.1216,38,270,38,358422,247188,24747,83209,2.2897106228463446,0.2518455070717954
1176,0.1217,41,223,41,358645,246965,24788,83168,2.2876449664678202,0.25192270993811583
1177,0.1218,29,230,29,358875,246735,24817,83139,2.285514468857683,0.25203259426326413
1178,0.1219,33,247,33,359122,246488,24850,83106,2.283226499685057,0.25214658033823434
1179,0.122,44,243,44,359365,246245,24894,83062,2.280975582644781,0.2522327190129575
1180,0.1221,31,238,31,359603,246007,24925,83031,2.278770980769943,0.252344713984403
1181,0.1222,39,240,39,359843,245767,24964,82992,2.2765478528289305,0.25244023737753185
1182,0.1223,40,230,40,360073,245537,25004,82952,2.2744173552187927,0.25252595977338665
1183,0.1224,36,222,36,360295,245315,25040,82916,2.272360961873356,0.2526147743509906
1184,0.1225,30,226,30,360521,245089,25070,82886,2.2702675163955686,0.2527204817440354
1185,0.1226,31,226,31,360747,244863,25101,82855,2.268174070917781,0.2528240743566115
1186,0.1227,27,248,27,360995,244615,25128,82828,2.265876838712068,0.25295394923696646
1187,0.1228,36,233,36,361228,244382,25164,82792,2.263718552002668,0.2530518928765733
1188,0.1229,27,235,27,361463,244147,25191,82765,2.2615417392270927,0.25317210747846514
1189,0.123,42,242,42,361705,243905,25233,82723,2.2593000852199046,0.2532636516159056
1190,0.1231,42,220,42,361925,243685,25275,82681,2.2572622179406423,0.25333827665872055
1191,0.1232,37,253,37,362178,243432,25312,82644,2.2549186705694915,0.25345011592389505
1192,0.1233,32,230,32,362408,243202,25344,82612,2.2527881729593537,0.25355570969939906
1193,0.1234,32,223,32,362631,242979,25376,82580,2.2507225165808293,0.2536560193390445
1194,0.1235,34,219,34,362850,242760,25410,82546,2.2486939123346548,0.25374877807356766
1195,0.1236,36,245,36,363095,242515,25446,82510,2.246424469228204,0.253857395584955
1196,0.1237,27,248,27,363343,242267,25473,82483,2.2441272370224907,0.2539892224788299
1197,0.1238,37,260,37,363603,242007,25510,82446,2.2417188484197266,0.2541076827768583
1198,0.1239,37,245,37,363848,241762,25547,82409,2.239449405313276,0.25421459661721746
1199,0.124,26,244,26,364092,241518,25573,82383,2.2371892252399124,0.25434623542378687
1200,0.1241,35,233,35,364325,241285,25608,82348,2.2350309385305125,0.25444871196695024
1201,0.1242,21,233,21,364558,241052,25629,82327,2.232872651821112,0.2545836309717081
1202,0.1243,34,217,34,364775,240835,25663,82293,2.230862573641113,0.25467616548240946
1203,0.1244,34,220,34,364995,240615,25697,82259,2.228824706361851,0.2547712110606614
1204,0.1245,32,236,32,365231,240379,25729,82227,2.2266386305531882,0.2548836661438411
1205,0.1246,39,208,39,365439,240171,25768,82188,2.2247119196709773,0.25495798162917743
1206,0.1247,35,247,35,365686,239924,25803,82153,2.222423950498351,0.25507254476414026
1207,0.1248,38,219,38,365905,239705,25841,82115,2.2203953462521766,0.2551581629482319
1208,0.1249,31,256,31,366161,239449,25872,82084,2.2180240097817627,0.25528950372123543
1209,0.125,42,237,42,366398,239212,25914,82042,2.2158286709400126,0.2553804777528062
1210,0.1251,27,219,27,366617,238993,25941,82015,2.2138000666938384,0.25549207496386384
1211,0.1252,31,238,31,366855,238755,25972,81984,2.211595464819,0.2556097013459542
1212,0.1253,43,227,43,367082,238528,26015,81941,2.2094927563081255,0.2556908780568479
1213,0.1254,35,210,35,367292,238318,26050,81906,2.207547519359739,0.2557772059558309
1214,0.1255,30,217,30,367509,238101,26080,81876,2.20553744117974,0.25588089143907217
1215,0.1256,39,261,39,367770,237840,26119,81837,2.203119789543888,0.255999024014865
1216,0.1257,32,222,32,367992,237618,26151,81805,2.2010633961984514,0.25610240965741354
1217,0.1258,38,220,38,368212,237398,26189,81767,2.199025528919189,0.2561903717512885
1218,0.1259,35,265,35,368477,237133,26224,81732,2.1965708251509874,0.25632164081978265
1219,0.126,25,225,25,368702,236908,26249,81707,2.1944866427062877,0.2564442979771825
1220,0.1261,29,223,29,368925,236685,26278,81678,2.1924209863277633,0.2565561952865126
1221,0.1262,33,213,33,369138,236472,26311,81645,2.190447960280114,0.25665085487415007
1222,0.1263,27,223,27,369361,236249,26338,81618,2.1883823039015895,0.25676776765125037
1223,0.1264,34,232,34,369593,236017,26372,81584,2.186233280225277,0.2568757655045167
1224,0.1265,31,237,31,369830,235780,26403,81553,2.1840379413835267,0.25699501785190954
1225,0.1266,35,221,35,370051,235559,26438,81518,2.181990811071177,0.25709212588740277
1226,0.1267,30,209,30,370260,235350,26468,81488,2.180054837155878,0.2571913722470158
1227,0.1268,33,208,33,370468,235142,26501,81455,2.178128126273667,0.2572829180314406
1228,0.1269,26,215,26,370683,234927,26527,81429,2.176136574159843,0.257396730265903
1229,0.127,33,242,33,370925,234685,26560,81396,2.1738949201526547,0.25751626956381435
1230,0.1271,24,227,24,371152,234458,26584,81372,2.17179221164178,0.2576449355666023
1231,0.1272,36,222,36,371374,234236,26620,81336,2.169735818296343,0.2577414979782744
1232,0.1273,30,232,30,371606,234004,26650,81306,2.1675867946200302,0.25786051822016426
1233,0.1274,25,220,25,371826,233784,26675,81281,2.1655489273407684,0.25798168631869617
1234,0.1275,36,221,36,372047,233563,26711,81245,2.163501797028419,0.2580779395695154
1235,0.1276,36,225,36,372272,233338,26747,81209,2.161417614583719,0.2581776332312818
1236,0.1277,33,237,33,372509,233101,26780,81176,2.159222275741969,0.2582944345275028
1237,0.1278,37,236,37,372745,232865,26817,81139,2.157036199933306,0.2584011668641164
1238,0.1279,28,250,28,372995,232615,26845,81111,2.1547204416614174,0.2585408923710499
1239,0.128,31,231,31,373226,232384,26876,81080,2.1525806810181924,0.2586580915192813
1240,0.1281,47,214,47,373440,232170,26923,81033,2.150598391937456,0.25872357544467967
1241,0.1282,27,211,27,373651,231959,26950,81006,2.1486438919559823,0.2588340549262697
1242,0.1283,35,209,35,373860,231750,26985,80971,2.146707918040683,0.258924088884341
1243,0.1284,35,193,35,374053,231557,27020,80936,2.144920152654785,0.25900100162243633
1244,0.1285,33,215,33,374268,231342,27053,80903,2.1429286005409613,0.25910102643757305
1245,0.1286,32,197,32,374465,231145,27085,80871,2.141103783022713,0.25918863135223835
1246,0.1287,25,213,25,374678,230932,27110,80846,2.1391307569750637,0.25930630127847376
1247,0.1288,32,236,32,374914,230696,27142,80814,2.1369446811664012,0.25942666367050815
1248,0.1289,33,219,33,375133,230477,27175,80781,2.1349160769202267,0.2595306787295427
1249,0.129,33,185,33,375318,230292,27208,80748,2.1332024157990293,0.25960648148148147
1250,0.1291,36,220,36,375538,230072,27244,80712,2.1311645485197674,0.259704489291598
1251,0.1292,30,238,30,375776,229834,27274,80682,2.1289599466449296,0.2598320215383426
1252,0.1293,37,210,37,375986,229624,27311,80645,2.127014709696543,0.25991961813780945
1253,0.1294,31,200,31,376186,229424,27342,80614,2.1251621030790324,0.260013288693644
1254,0.1295,30,219,30,376405,229205,27372,80584,2.123133498832858,0.26012544021898776
1255,0.1296,34,237,34,376642,228968,27406,80550,2.1209381599911077,0.26024334610588074
1256,0.1297,30,223,30,376865,228745,27436,80520,2.118872503612583,0.2603592388404766
1257,0.1298,38,223,38,377088,228522,27474,80482,2.1168068472340584,0.26045617532459125
1258,0.1299,29,251,29,377339,228271,27503,80453,2.114481825929082,0.26059846335237946
1259,0.13,32,231,32,377570,228040,27535,80421,2.112342065285857,0.2607169139696753
1260,0.1301,37,214,37,377784,227826,27572,80384,2.1103597762051205,0.26080918854028096
1261,0.1302,32,238,32,378022,227588,27604,80352,2.1081551743302827,0.2609339481717218
1262,0.1303,39,244,39,378266,227344,27643,80313,2.1058949942569196,0.2610472051667929
1263,0.1304,26,215,26,378481,227129,27669,80287,2.1039034421430953,0.2611672782158378
1264,0.1305,36,208,36,378689,226921,27705,80251,2.101976731260884,0.26125753649421174
1265,0.1306,29,231,29,378920,226690,27734,80222,2.099836970617659,0.26138437076425813
1266,0.1307,40,264,40,379184,226426,27774,80182,2.097391529882545,0.2615130720659604
1267,0.1308,35,241,35,379425,226185,27809,80147,2.095159138908444,0.2616344358408524
1268,0.1309,35,210,35,379635,225975,27844,80112,2.0932139019600577,0.2617295082770585
1269,0.131,28,214,28,379849,225761,27872,80084,2.091231612879321,0.2618450522323399
1270,0.1311,40,210,40,380059,225551,27912,80044,2.089286375930935,0.26192836924687907
1271,0.1312,35,222,35,380281,225329,27947,80009,2.0872299825854976,0.26203420471739514
1272,0.1313,36,212,36,380493,225117,27983,79973,2.0852662195709364,0.262129207774755
1273,0.1314,34,194,34,380687,224923,28017,79939,2.0834691911519507,0.26221372293037504
1274,0.1315,36,220,36,380907,224703,28053,79903,2.081431323872689,0.26231590973257257
1275,0.1316,37,187,37,381094,224516,28090,79866,2.079699136685316,0.26238739478681394
1276,0.1317,33,222,33,381316,224294,28123,79833,2.0776427433398794,0.26249889026623746
1277,0.1318,43,218,43,381534,224076,28166,79790,2.0756234021267925,0.2625828490189755
1278,0.1319,43,209,43,381743,223867,28209,79747,2.0736874282114934,0.26265916591461524
1279,0.132,41,201,41,381944,223666,28250,79706,2.0718255585608953,0.26273354165842594
1280,0.1321,40,204,40,382148,223462,28290,79666,2.069935899811034,0.26281306906653296
1281,0.1322,37,231,37,382379,223231,28327,79629,2.0677961391678092,0.26292346298619823
1282,0.1323,35,236,35,382615,222995,28362,79594,2.0656100633591463,0.2630432699139757
1283,0.1324,34,228,34,382843,222767,28396,79560,2.063498091815184,0.2631587651781019
1284,0.1325,30,223,30,383066,222544,28426,79530,2.0614324354366595,0.2632798585776995
1285,0.1326,52,212,52,383278,222332,28478,79478,2.059468672422098,0.2633378615685365
1286,0.1327,26,245,26,383523,222087,28504,79452,2.057199229315647,0.26348830499537373
1287,0.1328,30,205,30,383728,221882,28534,79422,2.0553003075326983,0.2635942436874386
1288,0.1329,33,247,33,383975,221635,28567,79389,2.0530123383600727,0.26372980227490167
1289,0.133,34,226,34,384201,221409,28601,79355,2.0509188928822852,0.2638447420568951
1290,0.1331,44,215,44,384416,221194,28645,79311,2.0489273407684614,0.2639257250295336
1291,0.1332,28,172,28,384588,221022,28673,79283,2.047334099077402,0.2640082582707581
1292,0.1333,33,245,33,384833,220777,28706,79250,2.0450646559709513,0.26414289380622413
1293,0.1334,34,229,34,385062,220548,28740,79216,2.0429434213939013,0.26426121882547604
1294,0.1335,28,248,28,385310,220300,28768,79188,2.040646189188188,0.26441126188695374
1295,0.1336,36,215,36,385525,220085,28804,79152,2.0386546370743637,0.26451274407910785
1296,0.1337,44,192,44,385717,219893,28848,79108,2.0368761347215534,0.26457436597202016
1297,0.1338,35,234,35,385951,219659,28883,79073,2.0347085849790654,0.26469544608545453
1298,0.1339,39,214,39,386165,219445,28922,79034,2.0327262958983288,0.264789147645228
1299,0.134,29,196,29,386361,219249,28951,79005,2.030910741413168,0.26489166951658655
1300,0.1341,28,223,28,386584,219026,28979,78977,2.028845085034644,0.26502082193803417
1301,0.1342,37,204,37,386788,218822,29016,78940,2.0269554262847826,0.2651110618547699
1302,0.1343,39,219,39,387007,218603,29055,78901,2.0249268220386085,0.26520987953103153
1303,0.1344,35,200,35,387207,218403,29090,78866,2.0230742154210977,0.2653017973619853
1304,0.1345,35,202,35,387409,218201,29125,78831,2.0212030827374114,0.26539564760699186
1305,0.1346,42,199,42,387608,218002,29167,78789,2.0193597391529883,0.26546964025189446
1306,0.1347,41,235,41,387843,217767,29208,78748,2.017182926377413,0.26557846989191103
1307,0.1348,29,210,29,388053,217557,29237,78719,2.0152376894290267,0.26569482509551906
1308,0.1349,27,215,27,388268,217342,29264,78692,2.0132461373152024,0.2658208178790274
1309,0.135,41,227,41,388495,217115,29305,78651,2.0111434288043277,0.2659230607980633
1310,0.1351,53,201,53,388696,216914,29358,78598,2.009281559153729,0.2659722786215111
1311,0.1352,25,223,25,388919,216691,29383,78573,2.007215902775205,0.26611100574401214
1312,0.1353,40,249,40,389168,216442,29423,78533,2.004909407536404,0.26623612170522926
1313,0.1354,31,203,31,389371,216239,29454,78502,2.0030290118196303,0.26634231409949755
1314,0.1355,29,216,29,389587,216023,29483,78473,2.0010281966727184,0.26646541888514613
1315,0.1356,35,211,35,389798,215812,29518,78438,1.9990736966912446,0.26656924384027186
1316,0.1357,27,219,27,390017,215593,29545,78411,1.9970450924450702,0.26670045305506046
1317,0.1358,29,208,29,390225,215385,29574,78382,1.995118381562859,0.2668168991071155
1318,0.1359,32,213,32,390438,215172,29606,78350,1.9931453555152099,0.26693058782646617
1319,0.136,30,235,30,390673,214937,29636,78320,1.9909685427396346,0.26706949876729286
1320,0.1361,40,215,40,390888,214722,29676,78280,1.9889769906258106,0.2671654118401922
1321,0.1362,38,218,38,391106,214504,29714,78242,1.9869576494127237,0.2672692368128002
1322,0.1363,35,206,35,391312,214298,29749,78207,1.9850494645966876,0.26736978855062304
1323,0.1364,29,199,29,391511,214099,29778,78178,1.9832061210122642,0.26747913794106276
1324,0.1365,39,205,39,391716,213894,29817,78139,1.9813071992293156,0.2675690760975643
1325,0.1366,34,222,34,391938,213672,29851,78105,1.9792508058838787,0.2676873091436268
1326,0.1367,26,227,26,392165,213445,29877,78079,1.9771480973730038,0.26783043591608235
1327,0.1368,31,216,31,392381,213229,29908,78048,1.975147282226092,0.26795112556089223
1328,0.1369,27,189,27,392570,213040,29935,78021,1.9733965689725443,0.26805721137493516
1329,0.137,36,211,36,392781,212829,29971,77985,1.9714420689910703,0.2681610926571623
1330,0.1371,38,203,38,392984,212626,30009,77947,1.9695616732742969,0.26825272823008334
1331,0.1372,32,194,32,393178,212432,30041,77915,1.9677646448553114,0.2683513175614007
1332,0.1373,38,212,38,393390,212220,30079,77877,1.96580088184075,0.2684515868830081
1333,0.1374,28,221,28,393611,211999,30107,77849,1.9637537515284005,0.2685856034887251
1334,0.1375,39,204,39,393815,211795,30146,77810,1.9618640927785393,0.2686763004782376
1335,0.1376,40,195,40,394010,211600,30186,77770,1.9600578013264662,0.26875626360714655
1336,0.1377,28,208,28,394218,211392,30214,77742,1.958131090444255,0.2688787897652991
1337,0.1378,33,220,33,394438,211172,30247,77709,1.9560932231649932,0.2690000380779629
1338,0.1379,40,214,40,394652,210958,30287,77669,1.9541109340842566,0.269098178618078
1339,0.138,27,220,27,394872,210738,30314,77642,1.9520730668049946,0.26923503710382135
1340,0.1381,33,202,33,395074,210536,30347,77609,1.9502019341213086,0.26934008919120583
1341,0.1382,26,202,26,395276,210334,30373,77583,1.9483308014376228,0.2694630744276996
1342,0.1383,38,192,38,395468,210142,30411,77545,1.9465522990848123,0.269546416765443
1343,0.1384,35,217,35,395685,209925,30446,77510,1.944542220904813,0.2696609668272827
1344,0.1385,34,246,34,395931,209679,30480,77476,1.9422635147652747,0.26980550573731954
1345,0.1386,32,188,32,396119,209491,30512,77444,1.9405220645448145,0.2699008486242529
1346,0.1387,35,224,35,396343,209267,30547,77409,1.9384471451332024,0.27002260391522137
1347,0.1388,27,191,27,396534,209076,30574,77382,1.9366779058134795,0.2701338416102884
1348,0.1389,39,198,39,396732,208878,30613,77343,1.9348438252621438,0.2702212625907952
1349,0.139,37,210,37,396942,208668,30650,77306,1.9328985883137575,0.270325274325638
1350,0.1391,38,191,38,397133,208477,30688,77268,1.9311293489940347,0.2704089310399132
1351,0.1392,33,205,33,397338,208272,30721,77235,1.929230427211086,0.27051876136136765
1352,0.1393,39,200,39,397538,208072,30760,77196,1.9273778205935752,0.27060869077499056
1353,0.1394,36,184,36,397722,207888,30796,77160,1.9256734225054652,0.2706912519996632
1354,0.1395,33,194,33,397916,207694,30829,77127,1.9238763940864796,0.27079112846314
1355,0.1396,34,184,34,398100,207510,30863,77093,1.9221719959983696,0.27087908419798806
1356,0.1397,41,186,41,398286,207324,30904,77052,1.9204490718440845,0.2709511351168875
1357,0.1398,36,210,36,398496,207114,30940,77016,1.9185038348956982,0.27105902227853446
1358,0.1399,31,201,31,398697,206913,30971,76985,1.9166419652450999,0.2711713361841225
1359,0.14,24,200,24,398897,206713,30995,76961,1.914789358627589,0.27130085943724136
1360,0.1401,38,201,38,399098,206512,31033,76923,1.9129274889769907,0.2713955580644592
1361,0.1402,41,186,41,399284,206326,31074,76882,1.9112045648227056,0.2714683201039519
1362,0.1403,37,211,37,399495,206115,31111,76845,1.9092500648412316,0.2715754877014419
1363,0.1404,41,202,41,399697,205913,31152,76804,1.9073789321575456,0.2716638900384483
1364,0.1405,34,193,34,399890,205720,31186,76770,1.9055911667716476,0.27176183227724876
1365,0.1406,34,180,34,400070,205540,31220,76736,1.903923820815888,0.27184741175303606
1366,0.1407,35,208,35,400278,205332,31255,76701,1.9019971099336768,0.27195753688398167
1367,0.1408,39,206,39,400484,205126,31294,76662,1.9000889251176405,0.27205558788876744
1368,0.1409,30,198,30,400682,204928,31324,76632,1.8982548445663048,0.2721693422361131
1369,0.141,28,222,28,400904,204706,31352,76604,1.8961984512208678,0.2723116846183925
1370,0.1411,27,198,27,401102,204508,31379,76577,1.8943643706695321,0.27243360549300033
1371,0.1412,35,218,35,401320,204290,31414,76542,1.8923450294564452,0.2725544097538742
1372,0.1413,39,203,39,401523,204087,31453,76503,1.8904646337396718,0.27265048647492784
1373,0.1414,26,184,26,401707,203903,31479,76477,1.8887602356515618,0.2727619659034168
1374,0.1415,33,184,33,401891,203719,31512,76444,1.8870558375634519,0.2728554448660244
1375,0.1416,34,216,34,402107,203503,31546,76410,1.88505502241654,0.2729776752062248
1376,0.1417,40,171,40,402278,203332,31586,76370,1.8834710437585682,0.2730405932027658
1377,0.1418,40,217,40,402495,203115,31626,76330,1.881460965578569,0.27314856232890194
1378,0.1419,32,183,32,402678,202932,31658,76298,1.8797658305235467,0.27324427890985925
1379,0.142,36,213,36,402891,202719,31694,76262,1.8777928044758976,0.27335911764600457
1380,0.1421,44,169,44,403060,202550,31738,76218,1.8762273518841008,0.27341014750617
1381,0.1422,26,209,26,403269,202341,31764,76192,1.8742913779688022,0.27354747911378546
1382,0.1423,31,193,31,403462,202148,31795,76161,1.8725036125829042,0.27365625976881813
1383,0.1424,31,212,31,403674,201936,31826,76130,1.8705398495683427,0.2737839218027375
1384,0.1425,31,212,31,403886,201724,31857,76099,1.8685760865537813,0.27391180715779473
1385,0.1426,33,202,33,404088,201522,31890,76066,1.8667049538700953,0.2740248137527559
1386,0.1427,30,216,30,404304,201306,31920,76036,1.8647041387231835,0.27415970174008986
1387,0.1428,42,196,42,404500,201110,31962,75994,1.862888584238023,0.27424360528898895
1388,0.1429,41,232,41,404732,200878,32003,75953,1.8607395605617103,0.2743659489002315
1389,0.143,41,189,41,404921,200689,32044,75912,1.8589888473081626,0.27444586245169034
1390,0.1431,27,237,27,405158,200452,32071,75885,1.8567935084664122,0.2746103489579752
1391,0.1432,32,189,32,405347,200263,32103,75853,1.8550427952128645,0.27471425053238496
1392,0.1433,24,197,24,405544,200066,32127,75829,1.8532179776946163,0.27484731510175975
1393,0.1434,31,193,31,405737,199873,32158,75798,1.8514302123087183,0.2749581929183701
1394,0.1435,31,212,31,405949,199661,32189,75767,1.8494664492941568,0.275088226324121
1395,0.1436,34,208,34,406157,199453,32223,75733,1.8475397384119456,0.2752065875444245
1396,0.1437,29,175,29,406332,199278,32252,75704,1.8459187076216237,0.2753052927100683
1397,0.1438,42,209,42,406541,199069,32294,75662,1.8439827337063248,0.2754039405818783
1398,0.1439,30,201,30,406742,198868,32324,75632,1.8421208640557265,0.2755264116575592
1399,0.144,40,168,40,406910,198700,32364,75592,1.8405646744970172,0.27558951774021845
1400,0.1441,32,202,32,407112,198498,32396,75560,1.8386935418133314,0.2757080617971378
1401,0.1442,35,189,35,407301,198309,32431,75525,1.8369428285597835,0.27580578014417495
1402,0.1443,34,180,34,407481,198129,32465,75491,1.8352754826040238,0.2758972297346685
1403,0.1444,33,195,33,407676,197934,32498,75458,1.8334691911519507,0.27600661321472464
1404,0.1445,34,187,34,407863,197747,32532,75424,1.8317370039645782,0.2761054431107255
1405,0.1446,29,193,29,408056,197554,32561,75395,1.8299492385786802,0.276223763413678
1406,0.1447,32,169,32,408225,197385,32593,75363,1.8283837859868834,0.27631000043996656
1407,0.1448,27,172,27,408397,197213,32620,75336,1.8267905442958243,0.27641268175630807
1408,0.1449,42,165,42,408562,197048,32662,75294,1.8252621438363779,0.27646855791614955
1409,0.145,33,179,33,408741,196869,32695,75261,1.8236040609137056,0.2765626722522324
1410,0.1451,21,223,21,408964,196646,32716,75240,1.821538404535181,0.2767336310071133
1411,0.1452,34,180,34,409144,196466,32750,75206,1.8198710585794213,0.27682646721045967
1412,0.1453,42,192,42,409336,196274,32792,75164,1.8180925562266108,0.2769103810078176
1413,0.1454,37,181,37,409517,196093,32829,75127,1.8164159472377635,0.27699653417889536
1414,0.1455,32,182,32,409699,195911,32861,75095,1.8147300752158286,0.2770971860401615
1415,0.1456,28,186,28,409885,195725,32889,75067,1.8130071510615435,0.27721276847174214
1416,0.1457,37,192,37,410077,195533,32926,75030,1.8112286487087332,0.27731064484057316
1417,0.1458,36,194,36,410271,195339,32962,74994,1.8094316202897476,0.27741341234699424
1418,0.1459,35,147,35,410418,195192,32997,74959,1.8080699544258771,0.27747074784102227
1419,0.146,41,188,41,410606,195004,33038,74918,1.8063285042054171,0.2775542564148161
1420,0.1461,41,193,41,410799,194811,33079,74877,1.8045407388195192,0.27764305419595975
1421,0.1462,23,193,23,410992,194618,33102,74854,1.8027529734336212,0.27778025175157345
1422,0.1463,36,188,36,411180,194430,33138,74818,1.801011523213161,0.2778776444021868
1423,0.1464,34,189,34,411369,194241,33172,74784,1.7992608099596132,0.2779816002230276
1424,0.1465,34,197,34,411566,194044,33206,74750,1.797435992441365,0.27809400507451804
1425,0.1466,28,180,28,411746,193864,33234,74722,1.7957686464856053,0.27820511865845576
1426,0.1467,37,202,37,411948,193662,33271,74685,1.7938975138019193,0.2783150174960033
1427,0.1468,39,185,39,412133,193477,33310,74646,1.7921838526807217,0.27840207665884686
1428,0.1469,42,181,42,412314,193296,33352,74604,1.7905072436918745,0.2784770436730123
1429,0.147,41,177,41,412491,193119,33393,74563,1.7888676868353774,0.27855066833033226
1430,0.1471,23,177,23,412668,192942,33416,74540,1.7872281299788804,0.2786729574326497
1431,0.1472,44,192,44,412860,192750,33460,74496,1.7854496276260698,0.2787544060528502
1432,0.1473,34,172,34,413032,192578,33494,74462,1.7838563859350105,0.2788421210305572
1433,0.1474,38,189,38,413221,192389,33532,74424,1.7821056726814628,0.2789369333578199
1434,0.1475,30,183,30,413404,192206,33562,74394,1.7804105376264403,0.27904726181545386
1435,0.1476,34,206,34,413610,192000,33596,74360,1.7785023528104043,0.2791710467037093
1436,0.1477,36,187,36,413797,191813,33632,74324,1.7767701656230317,0.2792696994405137
1437,0.1478,28,180,28,413977,191633,33660,74296,1.7751028196672718,0.2793828427888647
1438,0.1479,33,177,33,414154,191456,33693,74263,1.7734632628107747,0.27947945009577785
1439,0.148,30,188,30,414342,191268,33723,74233,1.7717218125903145,0.27959593372529673
1440,0.1481,27,189,27,414531,191079,33750,74206,1.7699710993367668,0.2797218086209171
1441,0.1482,27,183,27,414714,190896,33777,74179,1.7682759642817445,0.2798415542770914
1442,0.1483,38,184,38,414898,190712,33815,74141,1.7665715661936345,0.27993264188059036
1443,0.1484,34,187,34,415085,190525,33849,74107,1.7648393790062618,0.2800379394782188
1444,0.1485,33,191,33,415276,190334,33882,74074,1.763070139686539,0.28015037366494205
1445,0.1486,35,175,35,415451,190159,33917,74039,1.761449108896217,0.2802405771429004
1446,0.1487,32,188,32,415639,189971,33949,74007,1.7597076586757567,0.2803529081968952
1447,0.1488,29,181,29,415820,189790,33978,73978,1.7580310496869094,0.2804661672378757
1448,0.1489,39,189,39,416009,189601,34017,73939,1.7562803364333617,0.280560825681111
1449,0.149,26,183,26,416192,189418,34043,73913,1.7545852013783394,0.28068476556121386
1450,0.1491,32,204,32,416396,189214,34075,73881,1.7526955426284783,0.2808149147646287
1451,0.1492,40,156,40,416552,189058,34115,73841,1.7512505094668198,0.28087212199361733
1452,0.1493,33,164,33,416716,188894,34148,73808,1.749731372040461,0.2809571301322411
1453,0.1494,30,189,30,416905,188705,34178,73778,1.747980658786913,0.2810772507171893
1454,0.1495,27,155,27,417060,188550,34205,73751,1.7465448886583423,0.28116934361668466
1455,0.1496,30,162,30,417222,188388,34235,73721,1.7450442772981585,0.28126084949391283
1456,0.1497,36,183,36,417405,188205,34271,73685,1.7433491422431362,0.2813585856657375
1457,0.1498,33,182,33,417587,188023,34304,73652,1.7416632702212012,0.2814636476545333
1458,0.1499,32,194,32,417781,187829,34336,73620,1.7398662418022157,0.28158455377530606
1459,0.15,29,156,29,417937,187673,34365,73591,1.7384212086405573,0.28167294384224384
1460,0.1501,23,171,23,418108,187502,34388,73568,1.7368372299825856,0.2817941548243766
1461,0.1502,35,174,35,418282,187328,34423,73533,1.7352254622253511,0.28188575524896403
1462,0.1503,33,178,33,418460,187150,34456,73500,1.7335766423357664,0.2819873393439478
1463,0.1504,30,190,30,418650,186960,34486,73470,1.7318166660491312,0.28211035594977535
1464,0.1505,24,193,24,418843,186767,34510,73446,1.7300289006632332,0.2822533847271274
1465,0.1506,35,179,35,419022,186588,34545,73411,1.728370817740561,0.28235108596571523
1466,0.1507,36,195,36,419217,186393,34581,73375,1.7265645262884879,0.2824635828893474
1467,0.1508,33,181,33,419398,186212,34614,73342,1.7248879172996405,0.2825693304668778
1468,0.1509,28,175,28,419573,186037,34642,73314,1.7232668865093186,0.28268254219185585
1469,0.151,36,194,36,419767,185843,34678,73278,1.7214698580903331,0.28279452456574344
1470,0.1511,34,177,34,419944,185666,34712,73244,1.719830301233836,0.2828936696149241
1471,0.1512,29,170,29,420114,185496,34741,73215,1.7182555856089519,0.28299917668750074
1472,0.1513,32,197,32,420311,185299,34773,73183,1.7164307680907036,0.2831260977553563
1473,0.1514,35,183,35,420494,185116,34808,73148,1.714735633035681,0.2832295635473779
1474,0.1515,25,175,25,420669,184941,34833,73123,1.7131146022453592,0.2833521917043834
1475,0.1516,39,172,39,420841,184769,34872,73084,1.7115213605542998,0.2834328086157617
1476,0.1517,33,182,33,421023,184587,34905,73051,1.709835488532365,0.283541247797297
1477,0.1518,32,197,32,421220,184390,34937,73019,1.708010671014117,0.28366918017629533
1478,0.1519,27,197,27,421417,184193,34964,72992,1.7061858534958687,0.28381126426502323
1479,0.152,39,183,39,421600,184010,35003,72953,1.7044907184408462,0.28390468666695207
1480,0.1521,24,182,24,421782,183828,35027,72929,1.7028048464189114,0.2840389940683214
1481,0.1522,31,177,31,421959,183651,35058,72898,1.7011652895624143,0.2841484472751794
1482,0.1523,26,180,26,422139,183471,35084,72872,1.6994979436066546,0.28427536542835186
1483,0.1524,41,174,41,422313,183297,35125,72831,1.6978861758494201,0.2843539167916042
1484,0.1525,29,162,29,422475,183135,35154,72802,1.6963855644892363,0.28445281455983307
1485,0.1526,39,170,39,422645,182965,35193,72763,1.694810848864352,0.284532784833886
1486,0.1527,31,174,31,422819,182791,35224,72732,1.6931990811071178,0.28463973888847577
1487,0.1528,24,150,24,422969,182641,35248,72708,1.6918096261439846,0.28473970918233477
1488,0.1529,28,189,28,423158,182452,35276,72680,1.6900589128904369,0.2848721446153364
1489,0.153,32,168,32,423326,182284,35308,72648,1.6885027233317278,0.2849701096763058
1490,0.1531,38,176,38,423502,182108,35346,72610,1.6868724295083182,0.28506034124011653
1491,0.1532,34,159,34,423661,181949,35380,72576,1.6853996072473971,0.28514291326981633
1492,0.1533,38,166,38,423827,181783,35418,72538,1.6838619437548632,0.28522221916396995
1493,0.1534,29,182,29,424009,181601,35447,72509,1.6821760717329282,0.28534492936130024
1494,0.1535,30,205,30,424214,181396,35477,72479,1.6802771499499796,0.2854908911866076
1495,0.1536,32,145,32,424359,181251,35509,72447,1.6789340101522843,0.2855639382257645
1496,0.1537,30,155,30,424514,181096,35539,72417,1.6774982400237133,0.28565399013068365
1497,0.1538,36,178,36,424692,180918,35575,72381,1.6758494201341287,0.28575320076273497
1498,0.1539,38,174,38,424866,180744,35613,72343,1.6742376523768943,0.2858424178247006
1499,0.154,34,170,34,425036,180574,35647,72309,1.67266293675201,0.2859385565656845
1500,0.1541,33,190,33,425226,180384,35680,72276,1.6709029604653747,0.2860603182142009
1501,0.1542,32,175,32,425401,180209,35712,72244,1.6692819296750527,0.2861681184220429
1502,0.1543,25,187,25,425588,180022,35737,72219,1.6675497424876802,0.28630952144972466
1503,0.1544,34,143,34,425731,179879,35771,72185,1.66622512875616,0.28637568236638317
1504,0.1545,37,159,37,425890,179720,35808,72148,1.6647523064952388,0.2864516333952705
1505,0.1546,44,173,44,426063,179547,35852,72104,1.663149801771092,0.28652379684563145
1506,0.1547,33,156,33,426219,179391,35885,72071,1.6617047686094335,0.28660791690195736
1507,0.1548,24,168,24,426387,179223,35909,72047,1.6601485790507244,0.2867314044653162
1508,0.1549,46,175,46,426562,179048,35955,72001,1.6585275482604025,0.2868005847464041
1509,0.155,26,180,26,426742,178868,35981,71975,1.6568602023046426,0.2869324637322947
1510,0.1551,25,173,25,426915,178695,36006,71950,1.6552576975804958,0.2870593867821022
1511,0.1552,33,169,33,427084,178526,36039,71917,1.653692244988699,0.28715915397914893
1512,0.1553,39,163,39,427247,178363,36078,71878,1.6521823705954277,0.2872351053584345
1513,0.1554,37,171,37,427418,178192,36115,71841,1.650598391937456,0.2873260729583695
1514,0.1555,28,195,28,427613,177997,36143,71813,1.648792100485383,0.28747047756294786
1515,0.1556,35,164,35,427777,177833,36178,71778,1.6472729630590242,0.28755944249251836
1516,0.1557,25,179,25,427956,177654,36203,71753,1.645614880136352,0.28769441114323174
1517,0.1558,34,192,34,428148,177462,36237,71719,1.6438363777835414,0.28781889469903404
1518,0.1559,33,144,33,428292,177318,36270,71686,1.6425025010189336,0.28789095757497873
1519,0.156,41,174,41,428466,177144,36311,71645,1.6408907332616993,0.28797495066100187
1520,0.1561,26,191,26,428657,176953,36337,71619,1.6391214939419763,0.28812175144424956
1521,0.1562,35,164,35,428821,176789,36372,71584,1.6376023565156175,0.28821168162400906
1522,0.1563,25,182,25,429003,176607,36397,71559,1.6359164844936827,0.2883513454703706
1523,0.1564,34,157,34,429160,176450,36431,71525,1.6344621882989365,0.28843633430789395
1524,0.1565,38,163,38,429323,176287,36469,71487,1.6329523139056652,0.2885169549670264
1525,0.1566,37,154,37,429477,176133,36506,71450,1.6315258068101819,0.2885900889802612
1526,0.1567,38,180,38,429657,175953,36544,71412,1.6298584608544222,0.28869080104299316
1527,0.1568,33,167,33,429824,175786,36577,71379,1.6283115343288006,0.28879088867760405
1528,0.1569,38,158,38,429982,175628,36615,71341,1.626847975100967,0.28886621397827256
1529,0.157,28,176,28,430158,175452,36643,71313,1.6252176812775576,0.28899155066561305
1530,0.1571,38,159,38,430317,175293,36681,71275,1.6237448590166363,0.2890683300347166
1531,0.1572,25,154,25,430471,175139,36706,71250,1.622318351921153,0.28917687072068965
1532,0.1573,37,170,37,430641,174969,36743,71213,1.6207436362962688,0.28926972727494293
1533,0.1574,30,166,30,430807,174803,36773,71183,1.619205972803735,0.28937825729919586
1534,0.1575,34,181,34,430988,174622,36807,71149,1.6175293638148875,0.28949306468216346
1535,0.1576,27,170,27,431158,174452,36834,71122,1.6159546481900033,0.2896153501592188
1536,0.1577,31,172,31,431330,174280,36865,71091,1.614361406498944,0.2897286150360067
1537,0.1578,36,166,36,431496,174114,36901,71055,1.61282374300641,0.2898204911713961
1538,0.1579,38,183,38,431679,173931,36939,71017,1.6111286079513876,0.28992684161536325
1539,0.158,32,183,32,431862,173748,36971,70985,1.6094334728963653,0.2900507900446609
1540,0.1581,31,178,31,432040,173570,37002,70954,1.6077846530067805,0.2901719258641279
1541,0.1582,25,169,25,432209,173401,37027,70929,1.6062192004149838,0.2903000040928253
1542,0.1583,27,195,27,432404,173206,37054,70902,1.6044129089629109,0.29045340586953317
1543,0.1584,31,176,31,432580,173030,37085,70871,1.6027826151395013,0.29057281437960486
1544,0.1585,30,156,30,432736,172874,37115,70841,1.6013375819778428,0.290671481033174
1545,0.1586,36,156,36,432892,172718,37151,70805,1.5998925488161844,0.290752824168559
1546,0.1587,37,179,37,433071,172539,37188,70768,1.5982344658935121,0.2908588737685311
1547,0.1588,31,165,31,433236,172374,37219,70737,1.5967060654340657,0.2909658551032245
1548,0.1589,35,145,35,433381,172229,37254,70702,1.5953629256363704,0.2910373727519337
1549,0.159,41,167,41,433548,172062,37295,70661,1.5938159991107488,0.2911178586289721
1550,0.1591,45,165,45,433713,171897,37340,70616,1.5922875986513023,0.29118439011516906
1551,0.1592,27,141,27,433854,171756,37367,70589,1.5909815109859573,0.2912748354618416
1552,0.1593,41,136,41,433990,171620,37408,70548,1.5897217384860498,0.2913184235737174
1553,0.1594,30,163,30,434153,171457,37438,70518,1.5882118640927785,0.2914268002892861
1554,0.1595,33,147,33,434300,171310,37471,70485,1.586850198228908,0.2915072685539403
1555,0.1596,31,153,31,434453,171157,37502,70454,1.5854329541665122,0.29160096187673573
1556,0.1597,32,181,32,434634,170976,37534,70422,1.583756345177665,0.29172569781025526
1557,0.1598,33,161,33,434795,170815,37567,70389,1.5822649968505687,0.29182351868128226
1558,0.1599,40,180,40,434975,170635,37607,70349,1.580597650894809,0.29192394515818476
1559,0.16,37,157,37,435132,170478,37644,70312,1.579143354700063,0.2920054819552307
1560,0.1601,30,161,30,435293,170317,37674,70282,1.5776520063729669,0.29211260229676766
1561,0.1602,34,165,34,435458,170152,37708,70248,1.5761236059135204,0.29221297836938437
1562,0.1603,40,148,40,435606,170004,37748,70208,1.5747526770165623,0.29227515694469886
1563,0.1604,30,159,30,435765,169845,37778,70178,1.5732798547556412,0.2923803135532845
1564,0.1605,32,165,32,435930,169680,37810,70146,1.5717514542961948,0.2924870531135073
1565,0.1606,26,169,26,436099,169511,37836,70120,1.570186001704398,0.2926165646347927
1566,0.1607,37,134,37,436233,169377,37873,70083,1.568944755270666,0.29267100977198696
1567,0.1608,26,164,26,436397,169213,37899,70057,1.567425617844307,0.29279475070004596
1568,0.1609,35,152,35,436549,169061,37934,70022,1.5660176368149987,0.2928773689471857
1569,0.161,30,138,30,436687,168923,37964,69992,1.5647393382489163,0.29295774647887324
1570,0.1611,39,158,39,436845,168765,38003,69953,1.5632757790210827,0.293036134686115
1571,0.1612,34,145,34,436990,168620,38037,69919,1.5619326392233872,0.29311349506789247
1572,0.1613,32,162,32,437152,168458,38069,69887,1.5604320278632036,0.2932178145125763
1573,0.1614,23,187,23,437339,168271,38092,69864,1.5586998406758308,0.2933798055724694
1574,0.1615,33,162,33,437501,168109,38125,69831,1.5571992293156471,0.29348154997058085
1575,0.1616,42,150,42,437651,167959,38167,69789,1.5558097743525139,0.293541901509161
1576,0.1617,28,152,28,437803,167807,38195,69761,1.5544017933232057,0.29364645070043105
1577,0.1618,47,163,47,437966,167644,38242,69714,1.5528919189299344,0.2937082381887276
1578,0.1619,32,149,32,438115,167495,38274,69682,1.5515117269998888,0.2937974592814649
1579,0.162,33,154,33,438269,167341,38307,69649,1.5500852199044055,0.2938900375543272
1580,0.1621,40,147,40,438416,167194,38347,69609,1.548723554040535,0.2939532016063986
1581,0.1622,41,153,41,438569,167041,38388,69568,1.5473063099781392,0.29402093749603775
1582,0.1623,49,164,49,438733,166877,38437,69519,1.5457871725517804,0.294078580009814
1583,0.1624,38,170,38,438903,166707,38475,69481,1.5442124569268962,0.29417667281995696
1584,0.1625,28,155,28,439058,166552,38503,69453,1.5427766867983252,0.29428613800555076
1585,0.1626,36,159,36,439217,166393,38539,69417,1.5413038645374042,0.29437682880284977
1586,0.1627,36,143,36,439360,166250,38575,69381,1.5399792508058838,0.2944476745419745
1587,0.1628,36,163,36,439523,166087,38611,69345,1.5384693764126125,0.29454364742261036
1588,0.1629,36,141,36,439664,165946,38647,69309,1.5371632887472675,0.2946122292831183
1589,0.163,41,160,41,439824,165786,38688,69268,1.5356812034532588,0.2946897308703532
1590,0.1631,38,144,38,439968,165642,38726,69230,1.534347326688651,0.29475629278926396
1591,0.1632,38,143,38,440111,165499,38764,69192,1.5330227129571308,0.2948217017269516
1592,0.1633,34,163,34,440274,165336,38798,69158,1.5315128385638594,0.29492439038951956
1593,0.1634,34,144,34,440418,165192,38832,69124,1.5301789617992516,0.2950033288379795
1594,0.1635,28,148,28,440566,165044,38860,69096,1.5288080329022935,0.2951054924404203
1595,0.1636,22,177,22,440743,164867,38882,69074,1.5271684760457964,0.29526248071094846
1596,0.1637,35,156,35,440899,164711,38917,69039,1.525723442884138,0.2953540106951872
1597,0.1638,30,167,30,441066,164544,38947,69009,1.5241765163585164,0.29547468882865985
1598,0.1639,29,135,29,441201,164409,38976,68980,1.5229260068916965,0.29555805972003824
1599,0.164,24,161,24,441362,164248,39000,68956,1.5214346585646004,0.29568961081285056
1600,0.1641,26,153,26,441515,164095,39026,68930,1.5200174145022045,0.29580517111897864
1601,0.1642,32,149,32,441664,163946,39058,68898,1.518637222572159,0.2958976825685867
1602,0.1643,34,159,34,441823,163787,39092,68864,1.517164400311238,0.29599700839454807
1603,0.1644,35,185,35,442008,163602,39127,68829,1.5154507391900405,0.2961265924080695
1604,0.1645,37,181,37,442189,163421,39164,68792,1.5137741302011931,0.29624525758678455
1605,0.1646,34,158,34,442347,163263,39198,68758,1.5123105709733595,0.29634386542597435
1606,0.1647,21,150,21,442497,163113,39219,68737,1.5109211160102265,0.2964718568039681
1607,0.1648,38,149,38,442646,162964,39257,68699,1.509540924080181,0.29654713959501516
1608,0.1649,39,138,39,442784,162826,39296,68660,1.5082626255140983,0.2966054102623917
1609,0.165,41,154,41,442938,162672,39337,68619,1.506836118418615,0.2966782105659105
1610,0.1651,28,139,28,443077,162533,39365,68591,1.5055485568194449,0.29677143005486234
1611,0.1652,34,144,34,443221,162389,39399,68557,1.504214680054837,0.296852943978246
1612,0.1653,29,149,29,443370,162240,39428,68528,1.5028344881247915,0.2969562504333356
1613,0.1654,26,150,26,443520,162090,39454,68502,1.5014450331616584,0.2970701498751041
1614,0.1655,38,159,38,443679,161931,39492,68464,1.4999722109007374,0.29715922654571497
1615,0.1656,39,156,39,443835,161775,39531,68425,1.498527177739079,0.29724152910512597
1616,0.1657,40,163,40,443998,161612,39571,68385,1.4970173033458076,0.2973299651734588
1617,0.1658,25,178,25,444176,161434,39596,68360,1.4953684834562229,0.2974838333463885
1618,0.1659,38,165,38,444341,161269,39634,68322,1.4938400829967764,0.29758135118536877
1619,0.166,36,152,36,444493,161117,39670,68286,1.4924321019674682,0.2976682955323165
1620,0.1661,36,152,36,444645,160965,39706,68250,1.49102412093816,0.2977553825011452
1621,0.1662,36,151,36,444796,160814,39742,68214,1.4896254029419393,0.2978413119793213
1622,0.1663,28,151,28,444947,160663,39770,68186,1.4882266849457186,0.2979519246315256
1623,0.1664,35,140,35,445087,160523,39805,68151,1.486929860313461,0.298026885435161
1624,0.1665,34,153,34,445240,160370,39839,68117,1.4855126162510652,0.2981219938114641
1625,0.1666,33,142,33,445382,160228,39872,68084,1.4841972655526325,0.2982059637688777
1626,0.1667,19,149,19,445531,160079,39891,68065,1.482817073622587,0.2983422750543516
1627,0.1668,27,158,27,445689,159921,39918,68038,1.4813535143947534,0.29846595221070454
1628,0.1669,34,139,34,445828,159782,39952,68004,1.4800659527955833,0.2985433696539735
1629,0.167,37,166,37,445994,159616,39989,67967,1.4785282893030494,0.2986470869968319
1630,0.1671,38,162,38,446156,159454,40027,67929,1.4770276779428657,0.2987426500661879
1631,0.1672,34,149,34,446305,159305,40061,67895,1.4756474860128201,0.29883362676056335
1632,0.1673,19,140,19,446445,159165,40080,67876,1.4743506613805624,0.2989592188195084
1633,0.1674,35,158,35,446603,159007,40115,67841,1.472887102152729,0.29905928198617576
1634,0.1675,33,166,33,446769,158841,40148,67808,1.4713494386601949,0.29917625932609454
1635,0.1676,36,135,36,446904,158706,40184,67772,1.470098929193375,0.2992431935993783
1636,0.1677,25,158,25,447062,158548,40209,67747,1.4686353699655414,0.29937471000243043
1637,0.1678,34,154,34,447216,158394,40243,67713,1.4672088628700581,0.29947325823614485
1638,0.1679,38,158,38,447374,158236,40281,67675,1.4657453036422246,0.29956487289242223
1639,0.168,30,141,30,447515,158095,40311,67645,1.4644392159768795,0.29965889961903075
1640,0.1681,32,148,32,447663,157947,40343,67613,1.4630682870799214,0.29975616244014897
1641,0.1682,27,151,27,447814,157796,40370,67586,1.4616695690837007,0.2998731043295383
1642,0.1683,39,131,39,447945,157665,40409,67547,1.4604561117492312,0.299926291671847
1643,0.1684,43,162,43,448107,157503,40452,67504,1.4589555003890473,0.30000844418173656
1644,0.1685,30,162,30,448269,157341,40482,67474,1.4574548890288637,0.3001312190022908
1645,0.1686,33,149,33,448418,157192,40515,67441,1.456074697098818,0.3002274821597895
1646,0.1687,38,145,38,448563,157047,40553,67403,1.4547315573011226,0.30030296279795055
1647,0.1688,37,156,37,448719,156891,40590,67366,1.4532865241394641,0.3003964201786343
1648,0.1689,43,135,43,448854,156756,40633,67323,1.4520360146726443,0.3004431472828779
1649,0.169,38,167,38,449021,156589,40671,67285,1.450489088147023,0.30054852282980604
1650,0.1691,43,146,43,449167,156443,40714,67242,1.44913668531624,0.3006102331403536
1651,0.1692,26,152,26,449319,156291,40740,67216,1.4477287042869318,0.3007333103661183
1652,0.1693,29,136,29,449455,156155,40769,67187,1.4464689317870243,0.3008256396020453
1653,0.1694,30,131,30,449586,156024,40799,67157,1.4452554744525548,0.3009082314354717
1654,0.1695,31,156,31,449742,155868,40830,67126,1.4438104412908963,0.3010215521493852
1655,0.1696,31,169,31,449911,155699,40861,67095,1.4422449886990996,0.3011526342720181
1656,0.1697,30,170,30,450081,155529,40891,67065,1.4406702730742154,0.3012884444324645
1657,0.1698,28,155,28,450236,155374,40919,67037,1.4392345029456446,0.3014104518211779
1658,0.1699,33,170,33,450406,155204,40952,67004,1.4376597873207604,0.30153729838709675
1659,0.17,33,143,33,450549,155061,40985,66971,1.43633517358924,0.30162769330546946
1660,0.1701,34,184,34,450733,154877,41019,66937,1.43463077550113,0.30177085305706586
1661,0.1702,31,143,31,450876,154734,41050,66906,1.43330616176961,0.3018678938819708
1662,0.1703,33,161,33,451037,154573,41083,66873,1.4318148134425137,0.3019833277638792
1663,0.1704,30,133,30,451170,154440,41113,66843,1.4305828300418688,0.30207019969902793
1664,0.1705,23,153,23,451323,154287,41136,66820,1.4291655859794732,0.3022066239422542
1665,0.1706,26,158,26,451481,154129,41162,66794,1.4277020267516396,0.30234063451971954
1666,0.1707,27,141,27,451622,153988,41189,66767,1.4263959390862944,0.3024484156644244
1667,0.1708,26,155,26,451777,153833,41215,66741,1.4249601689577236,0.3025787264138112
1668,0.1709,29,141,29,451918,153692,41244,66712,1.4236540812923784,0.30268053211375473
1669,0.171,35,134,35,452052,153558,41279,66677,1.4224128348586462,0.3027538765409676
1670,0.1711,35,143,35,452195,153415,41314,66642,1.4210882211271259,0.30283971880012905
1671,0.1712,30,142,30,452337,153273,41344,66612,1.4197728704286932,0.30294017327239237
1672,0.1713,29,164,29,452501,153109,41373,66583,1.4182537330023344,0.3030743040256359
1673,0.1714,27,161,27,452662,152948,41400,66556,1.416762384675238,0.3032108754282382
1674,0.1715,29,133,29,452795,152815,41429,66527,1.4155304012745933,0.30330260506423756
1675,0.1716,38,131,38,452926,152684,41467,66489,1.4143169439401237,0.30336309673180545
1676,0.1717,28,131,28,453057,152553,41495,66461,1.4131034866056542,0.30345548686385343
1677,0.1718,34,131,34,453188,152422,41529,66427,1.4118900292711845,0.3035289171986164
1678,0.1719,21,158,21,453346,152264,41550,66406,1.410426470043351,0.30368134632094024
1679,0.172,36,148,36,453494,152116,41586,66370,1.409055541146393,0.3037723240848384
1680,0.1721,34,169,34,453663,151947,41620,66336,1.4074900885545962,0.3038990668077679
1681,0.1722,30,159,30,453822,151788,41650,66306,1.4060172662936752,0.3040248700101791
1682,0.1723,33,141,33,453963,151647,41683,66273,1.4047111786283302,0.3041161894273128
1683,0.1724,27,133,27,454096,151514,41710,66246,1.4034791952276853,0.30421565025716385
1684,0.1725,29,121,29,454217,151393,41739,66217,1.4023583682240912,0.30429208216534165
1685,0.1726,25,139,25,454356,151254,41764,66192,1.4010708066249213,0.3044066112965978
1686,0.1727,36,130,36,454486,151124,41800,66156,1.3998666123235393,0.30447349042709865
1687,0.1728,38,157,38,454643,150967,41838,66118,1.3984123161287931,0.3045719418660893
1688,0.1729,35,137,35,454780,150830,41873,66083,1.3971432805957984,0.30465209554060846
1689,0.173,31,122,31,454902,150708,41904,66052,1.3960131905591167,0.3047241188411146
1690,0.1731,23,145,23,455047,150563,41927,66029,1.3946700507614214,0.30485428824702665
1691,0.1732,22,137,22,455184,150426,41949,66007,1.3934010152284264,0.3049765978385921
1692,0.1733,35,130,35,455314,150296,41984,65972,1.3921968209270443,0.3050474411378475
1693,0.1734,32,120,32,455434,150176,42016,65940,1.391085256956538,0.30511392030206
1694,0.1735,27,142,27,455576,150034,42043,65913,1.3897699062581053,0.3052276716046067
1695,0.1736,28,149,28,455725,149885,42071,65885,1.3883897143280597,0.3053482875283867
1696,0.1737,29,157,29,455882,149728,42100,65856,1.3869354181333136,0.30547721537776457
1697,0.1738,35,121,35,456003,149607,42135,65821,1.3858145911297195,0.30553595632879665
1698,0.1739,37,150,37,456153,149457,42172,65784,1.3844251361665865,0.3056295036726274
1699,0.174,21,136,21,456289,149321,42193,65763,1.383165363666679,0.30575496085250414
1700,0.1741,31,138,31,456427,149183,42224,65732,1.3818870651005966,0.30585115045483097
1701,0.1742,29,141,29,456568,149042,42253,65703,1.3805809774352513,0.3059582295280449
1702,0.1743,36,127,36,456695,148915,42289,65667,1.379404572233132,0.3060228723751293
1703,0.1744,35,145,35,456840,148770,42324,65632,1.3780614324354366,0.3061165474202666
1704,0.1745,35,147,35,456987,148623,42359,65597,1.3766997665715661,0.3062132387265428
1705,0.1746,31,125,31,457112,148498,42390,65566,1.375541887435622,0.30629157635099785
1706,0.1747,25,147,25,457259,148351,42415,65541,1.3741802215717513,0.30642099751276347
1707,0.1748,29,143,29,457402,148208,42444,65512,1.3728556078402312,0.30653191091147297
1708,0.1749,36,134,36,457536,148074,42480,65476,1.3716143614064988,0.3066073519082182
1709,0.175,31,139,31,457675,147935,42511,65445,1.370326799807329,0.3067063454869247
1710,0.1751,23,148,23,457823,147787,42534,65422,1.3689558709103709,0.30684445778555314
1711,0.1752,34,143,34,457966,147644,42568,65388,1.3676312571788507,0.3069398024709903
1712,0.1753,25,142,25,458108,147502,42593,65363,1.366315906480418,0.30706316209804335
1713,0.1754,28,142,28,458250,147360,42621,65335,1.3650005557819853,0.3071769435106608
1714,0.1755,37,142,37,458392,147218,42658,65298,1.3636852050835526,0.30726157089348566
1715,0.1756,29,141,29,458533,147077,42687,65269,1.3623791174182074,0.30737098885780756
1716,0.1757,42,124,42,458657,146953,42729,65227,1.3612305013153507,0.30741351682533696
1717,0.1758,33,131,33,458788,146822,42762,65194,1.3600170439808812,0.30749566070485246
1718,0.1759,32,149,32,458937,146673,42794,65162,1.3586368520508356,0.3076073358982227
1719,0.176,36,133,36,459070,146540,42830,65126,1.3574048686501907,0.3076828588436499
1720,0.1761,30,107,30,459177,146433,42860,65096,1.3564137241098224,0.30774030983931283
1721,0.1762,26,141,26,459318,146292,42886,65070,1.3551076364444774,0.30786044795185513
1722,0.1763,30,160,30,459478,146132,42916,65040,1.3536255511504687,0.30799537817513684
1723,0.1764,27,147,27,459625,145985,42943,65013,1.3522638852865982,0.3081214039943507
1724,0.1765,31,124,31,459749,145861,42974,64982,1.3511152691837416,0.30820088881300306
1725,0.1766,32,120,32,459869,145741,43006,64950,1.350003705213235,0.3082713547327603
1726,0.1767,33,129,33,459998,145612,43039,64917,1.3488087739449406,0.3083518185143139
1727,0.1768,27,139,27,460137,145473,43066,64890,1.3475212123457705,0.3084667931147588
1728,0.1769,35,151,35,460288,145322,43101,64855,1.3461224943495498,0.3085732501653368
1729,0.177,31,131,31,460419,145191,43132,64824,1.3449090370150802,0.30866366688093705
1730,0.1771,38,151,38,460570,145040,43170,64786,1.3435103190188595,0.3087605921096528
1731,0.1772,30,146,30,460716,144894,43200,64756,1.3421579161880766,0.30887669926067257
1732,0.1773,16,126,16,460842,144768,43216,64740,1.3409907740190448,0.3090096798212956
1733,0.1774,45,137,45,460979,144631,43261,64695,1.3397217384860498,0.3090633748316024
1734,0.1775,41,133,41,461112,144498,43302,64654,1.3384897550854051,0.309124464504284
1735,0.1776,34,116,34,461228,144382,43336,64620,1.3374152432472488,0.3091836441756538
1736,0.1777,31,130,31,461358,144252,43367,64589,1.3362110489458667,0.30927356218367086
1737,0.1778,32,135,32,461493,144117,43399,64557,1.334960539479047,0.30936772190114725
1738,0.1779,32,120,32,461613,143997,43431,64525,1.3338489755085405,0.3094397713430717
1739,0.178,35,127,35,461740,143870,43466,64490,1.332672570306421,0.30951238241505086
1740,0.1781,35,137,35,461877,143733,43501,64455,1.331403534773426,0.30959997694391606
1741,0.1782,26,120,26,461997,143613,43527,64429,1.3302919708029197,0.30969227367550783
1742,0.1783,29,152,29,462149,143461,43556,64400,1.3288839897736116,0.3098224294119628
1743,0.1784,25,137,25,462286,143324,43581,64375,1.3276149542406166,0.3099437166283901
1744,0.1785,33,135,33,462421,143189,43614,64342,1.3263644447737968,0.31003560913791195
1745,0.1786,28,145,28,462566,143044,43642,64314,1.3250213049761013,0.31015924150502994
1746,0.1787,32,118,32,462684,142926,43674,64282,1.32392826707177,0.31022933477471915
1747,0.1788,27,134,27,462818,142792,43701,64255,1.3226870206380377,0.31034016431051886
1748,0.1789,26,135,26,462953,142657,43727,64229,1.3214365111712179,0.3104559999226627
1749,0.179,29,125,29,463078,142532,43756,64200,1.3202786320352737,0.3105469883714181
1750,0.1791,30,114,30,463192,142418,43786,64170,1.3192226462632926,0.31061823532828625
1751,0.1792,21,124,21,463316,142294,43807,64149,1.3180740301604357,0.31073468221252354
1752,0.1793,30,136,30,463452,142158,43837,64119,1.3168142576605284,0.31083930830873047
1753,0.1794,26,121,26,463573,142037,43863,64093,1.3156934306569343,0.3109348469412507
1754,0.1795,34,132,34,463705,141905,43897,64059,1.3144707102893771,0.3110203724922802
1755,0.1796,28,125,28,463830,141780,43925,64031,1.3133128311534328,0.31111553804218434
1756,0.1797,27,144,27,463974,141636,43952,64004,1.3119789543888252,0.31124294884263765
1757,0.1798,24,140,24,464114,141496,43976,63980,1.3106821297565674,0.3113745644260157
1758,0.1799,31,125,31,464239,141371,44007,63949,1.3095242506206233,0.3114601597506332
1759,0.18,42,131,42,464370,141240,44049,63907,1.3083107932861535,0.31151808215572246
1760,0.1801,30,117,30,464487,141123,44079,63877,1.3072270184149097,0.3115951219512195
1761,0.1802,29,137,29,464624,140986,44108,63848,1.3059579828819148,0.31170606442289855
1762,0.1803,26,133,26,464757,140853,44134,63822,1.30472599948127,0.3118211799193844
1763,0.1804,27,145,27,464902,140708,44161,63795,1.3033828596835748,0.31195141391568826
1764,0.1805,31,118,31,465020,140590,44192,63764,1.3022898217792434,0.3120271685408654
1765,0.1806,38,144,38,465164,140446,44230,63726,1.3009559450146355,0.3121191936210646
1766,0.1807,33,128,33,465292,140318,44263,63693,1.2997702767794286,0.3122037537191622
1767,0.1808,31,131,31,465423,140187,44294,63662,1.298556819444959,0.31229979053122653
1768,0.1809,36,137,36,465560,140050,44330,63626,1.297287783911964,0.31238830299102494
1769,0.181,39,122,39,465682,139928,44369,63587,1.2961576938752826,0.31244380021128665
1770,0.1811,25,131,25,465813,139797,44394,63562,1.294944236540813,0.3125605456360427
1771,0.1812,28,145,28,465958,139652,44422,63534,1.2936010967431175,0.3126888663589027
1772,0.1813,36,142,36,466100,139510,44458,63498,1.2922857460446848,0.31278570302648173
1773,0.1814,34,102,34,466202,139408,44492,63464,1.2913409166697543,0.31282779289404156
1774,0.1815,44,132,44,466334,139276,44536,63420,1.2901181963021973,0.31288234597624026
1775,0.1816,28,143,28,466477,139133,44564,63392,1.2887935825706769,0.31300827058387853
1776,0.1817,22,146,22,466623,138987,44586,63370,1.2874411797398941,0.3131594162791502
1777,0.1818,33,127,33,466750,138860,44619,63337,1.2862647745377747,0.3132440145007097
1778,0.1819,40,119,40,466869,138741,44659,63297,1.2851624736003557,0.3132925489264396
1779,0.182,25,143,25,467012,138598,44684,63272,1.2838378598688354,0.3134294347847625
1780,0.1821,29,143,29,467155,138455,44713,63243,1.2825132461373152,0.3135529355769517
1781,0.1822,28,159,28,467314,138296,44741,63215,1.2810404238763942,0.3137049590344944
1782,0.1823,37,128,37,467442,138168,44778,63178,1.2798547556411872,0.3137782722279062
1783,0.1824,22,136,22,467578,138032,44800,63156,1.2785949831412797,0.31391534286339146
1784,0.1825,35,124,35,467702,137908,44835,63121,1.277446367038423,0.3139895238995369
1785,0.1826,26,125,26,467827,137783,44861,63095,1.2762884879024787,0.3140961180417965
1786,0.1827,24,132,24,467959,137651,44885,63071,1.2750657675349217,0.31422066340510757
1787,0.1828,30,137,30,468096,137514,44915,63041,1.2737967320019268,0.3143327266834534
1788,0.1829,29,116,29,468212,137398,44944,63012,1.2727222201637705,0.3144154483309216
1789,0.183,38,139,38,468351,137259,44982,62974,1.2714346585646004,0.314503603302153
1790,0.1831,24,117,24,468468,137142,45006,62950,1.2703508836933566,0.31460528157047757
1791,0.1832,32,126,32,468594,137016,45038,62918,1.2691837415243248,0.3146938489701602
1792,0.1833,30,135,30,468729,136881,45068,62888,1.267933232057505,0.31480359815587006
1793,0.1834,37,127,37,468856,136754,45105,62851,1.2667568268553855,0.31487688184163726
1794,0.1835,31,120,31,468976,136634,45136,62820,1.265645262884879,0.3149598403641943
1795,0.1836,25,129,25,469105,136505,45161,62795,1.2644503316165845,0.3150777722027095
1796,0.1837,32,135,32,469240,136370,45193,62763,1.2631998221497647,0.3151813109831118
1797,0.1838,29,132,29,469372,136238,45222,62734,1.2619771017822075,0.315290593651368
1798,0.1839,28,105,28,469477,136133,45250,62706,1.2610044833080143,0.31536066868169726
1799,0.184,25,145,25,469622,135988,45275,62681,1.259661343510319,0.31550468366982265
1800,0.1841,18,116,18,469738,135872,45293,62663,1.2585868316721627,0.3156269675372101
1801,0.1842,26,122,26,469860,135750,45319,62637,1.2574567416354812,0.3157313735274993
1802,0.1843,28,143,28,470003,135607,45347,62609,1.2561321279039608,0.31586249344149814
1803,0.1844,25,131,25,470134,135476,45372,62584,1.2549186705694912,0.3159850550338281
1804,0.1845,28,138,28,470272,135338,45400,62556,1.2536403720034088,0.3161086238087057
1805,0.1846,29,132,29,470404,135206,45429,62527,1.2524176516358516,0.31621934629019943
1806,0.1847,30,135,30,470539,135071,45459,62497,1.2511671421690318,0.3163315921606738
1807,0.1848,21,156,21,470695,134915,45480,62476,1.2497221090073733,0.31650885805330536
1808,0.1849,24,143,24,470838,134772,45504,62452,1.2483974952758532,0.31665517381251773
1809,0.185,31,132,31,470970,134640,45535,62421,1.247174774908296,0.31675978504118013
1810,0.1851,39,134,39,471104,134506,45574,62382,1.2459335284745636,0.3168400308805006
1811,0.1852,28,135,28,471239,134371,45602,62354,1.2446830190077438,0.316960223662473
1812,0.1853,30,136,30,471375,134235,45632,62324,1.2434232465078365,0.3170752801957682
1813,0.1854,29,126,29,471501,134109,45661,62295,1.2422561043388047,0.31717785788476816
1814,0.1855,34,146,34,471647,133963,45695,62261,1.2409037015080218,0.31729553979125896
1815,0.1856,36,120,36,471767,133843,45731,62225,1.2397921375375154,0.31736438378521736
1816,0.1857,27,121,27,471888,133722,45758,62198,1.2386713105339213,0.31746631278072684
1817,0.1858,27,115,27,472003,133607,45785,62171,1.2376060617288525,0.31755866338403704
1818,0.1859,32,124,32,472127,133483,45817,62139,1.2364574456259958,0.31764832176340085
1819,0.186,31,145,31,472272,133338,45848,62108,1.2351143058283005,0.3177757539166829
1820,0.1861,34,99,34,472371,133239,45882,62074,1.2341972655526325,0.31781806638575005
1821,0.1862,31,123,31,472494,133116,45913,62043,1.2330579124828633,0.3179100118365025
1822,0.1863,27,128,27,472622,132988,45940,62016,1.2318722442476564,0.31802424565649934
1823,0.1864,38,120,38,472742,132868,45978,61978,1.23076068027715,0.3180871046878047
1824,0.1865,30,132,30,472874,132736,46008,61948,1.2295379599095928,0.3181976947258121
1825,0.1866,31,115,31,472989,132621,46039,61917,1.2284727111045242,0.31827714893748266
1826,0.1867,28,128,28,473117,132493,46067,61889,1.2272870428693172,0.31838853391774957
1827,0.1868,26,125,26,473242,132368,46093,61863,1.2261291637333729,0.31850219583897527
1828,0.1869,24,129,24,473371,132239,46117,61839,1.2249342324650783,0.31862962314121124
1829,0.187,18,117,18,473488,132122,46135,61821,1.2238504575938345,0.3187586043322007
1830,0.1871,33,131,33,473619,131991,46168,61788,1.222637000259365,0.3188580805969687
1831,0.1872,32,134,32,473753,131857,46200,61756,1.2213957538256326,0.3189661851218668
1832,0.1873,31,112,31,473865,131745,46231,61725,1.2203582941198265,0.3190417118933168
1833,0.1874,38,143,38,474008,131602,46269,61687,1.2190336803883064,0.3191438726466586
1834,0.1875,34,119,34,474127,131483,46303,61653,1.2179313794508875,0.31922065280424156
1835,0.1876,38,116,38,474243,131367,46341,61615,1.2168568676127312,0.3192784819309573
1836,0.1877,31,132,31,474375,131235,46372,61584,1.215634147245174,0.3193876122166384
1837,0.1878,41,114,41,474489,131121,46413,61543,1.2145781614731928,0.3194317568409251
1838,0.1879,28,106,28,474595,131015,46441,61515,1.2135962799659121,0.3195086480029086
1839,0.188,32,131,32,474726,130884,46473,61483,1.2123828226314424,0.3196130313411344
1840,0.1881,35,119,35,474845,130765,46508,61448,1.2112805216940234,0.3196870138856373
1841,0.1882,24,120,24,474965,130645,46532,61424,1.210168957723517,0.3198017379171027
1842,0.1883,34,124,34,475089,130521,46566,61390,1.2090203416206602,0.3198878646872769
1843,0.1884,33,122,33,475211,130399,46599,61357,1.2078902515839787,0.31997434239345834
1844,0.1885,35,116,35,475327,130283,46634,61322,1.2068157397458223,0.3200438401920618
1845,0.1886,29,125,29,475452,130158,46663,61293,1.205657860609878,0.32014980334393656
1846,0.1887,24,119,24,475571,130039,46687,61269,1.204555559672459,0.3202636586028812
1847,0.1888,26,119,26,475690,129920,46713,61243,1.2034532587350402,0.320370573803508
1848,0.1889,37,106,37,475796,129814,46750,61206,1.2024713772277595,0.320416710292116
1849,0.189,26,120,26,475916,129694,46776,61180,1.201359813257253,0.32052558232132194
1850,0.1891,37,112,37,476028,129582,46813,61143,1.200322353551447,0.3205819897758553
1851,0.1892,41,140,41,476168,129442,46854,61102,1.1990255289191893,0.3206713410026031
1852,0.1893,32,136,32,476304,129306,46886,61070,1.1977657564192818,0.32078623355885194
1853,0.1894,34,119,34,476423,129187,46920,61036,1.196663455481863,0.32086551047980527
1854,0.1895,35,121,35,476544,129066,46955,61001,1.1955426284782689,0.3209447194936522
1855,0.1896,31,126,31,476670,128940,46986,60970,1.194375486309237,0.32104681164762255
1856,0.1897,35,110,35,476780,128830,47021,60935,1.1933565526696062,0.32110768582193766
1857,0.1898,43,123,43,476903,128707,47064,60892,1.192217199599837,0.3211620314453135
1858,0.1899,25,113,25,477016,128594,47089,60867,1.1911704768609432,0.3212640068404579
1859,0.19,30,121,30,477137,128473,47119,60837,1.1900496498573494,0.3213617875442396
1860,0.1901,36,83,36,477220,128390,47155,60801,1.1892808181110823,0.3213736382808907
1861,0.1902,39,147,39,477367,128243,47194,60762,1.187919152247212,0.3214835586360149
1862,0.1903,30,128,30,477495,128115,47224,60732,1.186733484012005,0.3215936710670543
1863,0.1904,25,103,25,477598,128012,47249,60707,1.1857793916039867,0.32167932216681944
1864,0.1905,26,106,26,477704,127906,47275,60681,1.184797510096706,0.32176661169645837
1865,0.1906,28,101,28,477805,127805,47303,60653,1.1838619437548632,0.32183828757601163
1866,0.1907,25,128,25,477933,127677,47328,60628,1.1826762755196563,0.32196702158731844
1867,0.1908,28,132,28,478065,127545,47356,60600,1.181453555152099,0.3220920035079327
1868,0.1909,39,114,39,478179,127431,47395,60561,1.1803975693801179,0.32214668709306776
1869,0.191,32,98,32,478277,127333,47427,60529,1.1794897921375376,0.3221992739351226
1870,0.1911,31,111,31,478388,127222,47458,60498,1.178461595464819,0.3222778606435116
1871,0.1912,29,122,29,478510,127100,47487,60469,1.1773315054281375,0.32238269650102097
1872,0.1913,27,105,27,478615,126995,47514,60442,1.1763588869539443,0.32246568180241897
1873,0.1914,29,127,29,478742,126868,47543,60413,1.1751824817518248,0.32257943945194656
1874,0.1915,29,119,29,478861,126749,47572,60384,1.174080180814406,0.3226795915204694
1875,0.1916,32,136,32,478997,126613,47604,60352,1.1728204083144984,0.32279838472441363
1876,0.1917,30,106,30,479103,126507,47634,60322,1.1718385268072178,0.32287278741522996
1877,0.1918,27,142,27,479245,126365,47661,60295,1.170523176108785,0.32302046501660775
1878,0.1919,32,117,32,479362,126248,47693,60263,1.1694394012375413,0.32310694811566076
1879,0.192,33,120,33,479482,126128,47726,60230,1.1683278372670347,0.32319514053595766
1880,0.1921,27,97,27,479579,126031,47753,60203,1.1674293230575419,0.3232653543391647
1881,0.1922,37,119,37,479698,125912,47790,60166,1.166327022120123,0.32333752512387276
1882,0.1923,33,133,33,479831,125779,47823,60133,1.1650950387194783,0.32344872843065536
1883,0.1924,35,118,35,479949,125661,47858,60098,1.1640020008151468,0.3235267201050824
1884,0.1925,32,109,32,480058,125552,47890,60066,1.1629923302086036,0.32360008188860995
1885,0.1926,23,119,23,480177,125433,47913,60043,1.1618900292711845,0.323723824106623
1886,0.1927,29,107,29,480284,125326,47942,60014,1.1608988847308161,0.3238048991043488
1887,0.1928,27,121,27,480405,125205,47969,59987,1.1597780577272223,0.3239178798220225
1888,0.1929,37,104,37,480509,125101,48006,59950,1.1588147022861166,0.3239647448541213
1889,0.193,26,118,26,480627,124983,48032,59924,1.1577216643817851,0.3240764276095551
1890,0.1931,30,117,30,480744,124866,48062,59894,1.1566378895105414,0.32417189867936785
1891,0.1932,27,116,27,480860,124750,48089,59867,1.155563377672385,0.3242767459118066
1892,0.1933,34,110,34,480970,124640,48123,59833,1.1545444440327541,0.3243455681861302
1893,0.1934,34,117,34,481087,124523,48157,59799,1.1534606691615104,0.3244268182853919
1894,0.1935,29,116,29,481203,124407,48186,59770,1.152386157323354,0.324524777795273
1895,0.1936,38,96,38,481299,124311,48224,59732,1.1514969061469487,0.3245545877865499
1896,0.1937,35,104,35,481403,124207,48259,59697,1.1505335507058432,0.32460957891073605
1897,0.1938,36,135,36,481538,124072,48295,59661,1.1492830412390234,0.32471575601552255
1898,0.1939,31,130,31,481668,123942,48326,59630,1.1480788469376413,0.32483167367572396
1899,0.194,33,127,33,481795,123815,48359,59597,1.1469024417355218,0.32493511874904585
1900,0.1941,34,124,34,481919,123691,48393,59563,1.1457538256326651,0.32502974014209784
1901,0.1942,30,123,30,482042,123568,48423,59533,1.144614472562896,0.32513749242221507
1902,0.1943,33,134,33,482176,123434,48456,59500,1.1433732261291638,0.32525391671313153
1903,0.1944,34,110,34,482286,123324,48490,59466,1.1423542924895327,0.325324142458559
1904,0.1945,35,130,35,482416,123194,48525,59431,1.1411500981881508,0.32542642026009583
1905,0.1946,28,131,28,482547,123063,48553,59403,1.139936640853681,0.32555654204070894
1906,0.1947,25,125,25,482672,122938,48578,59378,1.138778761717737,0.32568726825950545
1907,0.1948,31,114,31,482786,122824,48609,59347,1.1377227759457558,0.325776331029637
1908,0.1949,23,135,23,482921,122689,48632,59324,1.136472266478936,0.32593276304439794
1909,0.195,30,95,30,483016,122594,48662,59294,1.1355922783356183,0.3259918191414497
1910,0.1951,28,101,28,483117,122493,48690,59266,1.1346567119937752,0.32606913550360644
1911,0.1952,27,111,27,483228,122382,48717,59239,1.1336285153210568,0.3261682294448329
1912,0.1953,22,101,22,483329,122281,48739,59217,1.1326929489792137,0.32626805805022646
1913,0.1954,33,127,33,483456,122154,48772,59184,1.1315165437770944,0.32637395361148797
1914,0.1955,34,114,34,483570,122040,48806,59150,1.1304605580051132,0.32645289475136596
1915,0.1956,21,102,21,483672,121938,48827,59129,1.1295157286301827,0.32655867717474746
1916,0.1957,39,100,39,483772,121838,48866,59090,1.1285894253214273,0.32659400424478247
1917,0.1958,35,111,35,483883,121727,48901,59055,1.1275612286487087,0.32666415904238255
1918,0.1959,30,103,30,483986,121624,48931,59025,1.1266071362406906,0.3267385925191947
1919,0.196,31,119,31,484105,121505,48962,58994,1.1255048353032717,0.3268383758358772
1920,0.1961,41,111,41,484216,121394,49003,58953,1.1244766386305531,0.3268865021320011
1921,0.1962,32,113,32,484329,121281,49035,58921,1.1234299158916596,0.32697195369640736
1922,0.1963,28,119,28,484448,121162,49063,58893,1.1223276149542407,0.3270833911860265
1923,0.1964,30,95,30,484543,121067,49093,58863,1.121447626810923,0.32714388929027954
1924,0.1965,29,114,29,484657,120953,49122,58834,1.1203916410389418,0.3272427928604404
1925,0.1966,23,107,23,484764,120846,49145,58811,1.1194004964985735,0.3273515643698826
1926,0.1967,30,107,30,484871,120739,49175,58781,1.1184093519582052,0.32743426916221036
1927,0.1968,34,124,34,484995,120615,49209,58747,1.1172607358553486,0.327533145259308
1928,0.1969,25,103,25,485098,120512,49234,58722,1.1163066434473303,0.3276275706618164
1929,0.197,33,108,33,485206,120404,49267,58689,1.1153062358738746,0.3277012501884496
1930,0.1971,29,96,29,485302,120308,49296,58660,1.1144169846974694,0.3277680926199097
1931,0.1972,35,126,35,485428,120182,49331,58625,1.1132498425284376,0.327867477224046
1932,0.1973,28,114,28,485542,120068,49359,58597,1.1121938567564564,0.32797134301625946
1933,0.1974,26,124,26,485666,119944,49385,58571,1.1110452406535996,0.3281012800044814
1934,0.1975,30,122,30,485788,119822,49415,58541,1.109915150616918,0.3282126898515948
1935,0.1976,21,121,21,485909,119701,49436,58520,1.108794323613324,0.3283563665336857
1936,0.1977,29,101,29,486010,119600,49465,58491,1.1078587572714809,0.3284332167262804
1937,0.1978,20,126,20,486136,119474,49485,58471,1.106691615102449,0.32859029475399704
1938,0.1979,38,108,38,486244,119366,49523,58433,1.1056912075289933,0.3286463928368551
1939,0.198,23,111,23,486355,119255,49546,58410,1.1046630108562747,0.3287648101764557
1940,0.1981,33,112,33,486467,119143,49579,58377,1.1036255511504687,0.3288474538080216
1941,0.1982,35,122,35,486589,119021,49614,58342,1.1024954611137872,0.32894121096282763
1942,0.1983,25,96,25,486685,118925,49639,58317,1.1016062099373818,0.329024723259724
1943,0.1984,29,128,29,486813,118797,49668,58288,1.100420541702175,0.32915266679843014
1944,0.1985,20,95,20,486908,118702,49688,58268,1.0995405535588574,0.32925354579872296
1945,0.1986,27,115,27,487023,118587,49715,58241,1.0984753047537885,0.32936525889565
1946,0.1987,27,111,27,487134,118476,49742,58214,1.0974471080810702,0.3294696926820986
1947,0.1988,29,114,29,487248,118362,49771,58185,1.096391122309089,0.32957229519618003
1948,0.1989,28,107,28,487355,118255,49799,58157,1.0953999777687207,0.3296657823730812
1949,0.199,27,126,27,487481,118129,49826,58130,1.0942328355996889,0.32979876204903014
1950,0.1991,28,115,28,487596,118014,49854,58102,1.09316758679462,0.32990756092575346
1951,0.1992,37,113,37,487709,117901,49891,58065,1.0921208640557265,0.3299785185774525
1952,0.1993,28,118,28,487827,117783,49919,58037,1.091027826151395,0.3300932772153339
1953,0.1994,27,84,27,487911,117699,49946,58010,1.0902497313720405,0.33014814266770626
1954,0.1995,31,118,31,488029,117581,49977,57979,1.089156693467709,0.3302517657780816
1955,0.1996,26,104,26,488133,117477,50003,57953,1.0881933380266033,0.3303482870660662
1956,0.1997,30,117,30,488250,117360,50033,57923,1.0871095631553596,0.3304541798120753
1957,0.1998,38,134,38,488384,117226,50071,57885,1.0858683167216274,0.3305617579706586
1958,0.1999,22,98,22,488482,117128,50093,57863,1.084960539479047,0.3306627197970181
1959,0.2,31,120,31,488602,117008,50124,57832,1.0838489755085405,0.33077099061999543
1960,0.2001,33,100,33,488702,116908,50157,57799,1.082922672199785,0.3308339104901349
1961,0.2002,29,102,29,488804,116806,50186,57770,1.0819778428248545,0.33091604802492897
1962,0.2003,17,124,17,488928,116682,50203,57753,1.0808292267219979,0.33108607790867656
1963,0.2004,23,111,23,489039,116571,50226,57730,1.0798010300492793,0.33120865628998114
1964,0.2005,21,117,21,489156,116454,50247,57709,1.0787172551780355,0.3313505164702032
1965,0.2006,25,91,25,489247,116363,50272,57684,1.077874319167068,0.3314277178003643
1966,0.2007,30,94,30,489341,116269,50302,57654,1.0770035940568379,0.3314915221103592
1967,0.2008,35,110,35,489451,116159,50337,57619,1.075984660417207,0.33156671155151973
1968,0.2009,25,117,25,489568,116042,50362,57594,1.0749008855459632,0.33169388836416414
1969,0.201,21,107,21,489675,115935,50383,57573,1.0739097410055949,0.3318175530811259
1970,0.2011,30,103,30,489778,115832,50413,57543,1.0729556485975769,0.3318990627253064
1971,0.2012,34,84,34,489862,115748,50447,57509,1.0721775538182223,0.3319288686748587
1972,0.2013,30,71,30,489933,115677,50477,57479,1.0715198784690059,0.33194922497632195
1973,0.2014,34,112,34,490045,115565,50511,57445,1.0704824187631998,0.33203283047222704
1974,0.2015,28,118,28,490163,115447,50539,57417,1.0693893808588684,0.3321512865605331
1975,0.2016,15,90,15,490253,115357,50554,57402,1.0685557078809886,0.3322663363413773
1976,0.2017,25,111,25,490364,115246,50579,57377,1.06752751120827,0.33238328612062124
1977,0.2018,28,117,28,490481,115129,50607,57349,1.0664437363370263,0.33250037685965744
1978,0.2019,20,103,20,490584,115026,50627,57329,1.065489643929008,0.33262162397377504
1979,0.202,29,100,29,490684,114926,50656,57300,1.0645633406202526,0.33270237943167696
1980,0.2021,20,100,20,490784,114826,50676,57280,1.0636370373114972,0.33281814695594575
1981,0.2022,29,106,29,490890,114720,50705,57251,1.0626551558042165,0.33291078146896863
1982,0.2023,34,109,34,490999,114611,50739,57217,1.061645485197673,0.3329899667108969
1983,0.2024,29,110,29,491109,114501,50768,57188,1.0606265515580422,0.3330906464595868
1984,0.2025,29,121,29,491230,114380,50797,57159,1.0595057245544481,0.33321285538565576
1985,0.2026,33,104,33,491334,114276,50830,57126,1.0585423691133424,0.333286659432212
1986,0.2027,27,104,27,491438,114172,50857,57099,1.057579013672237,0.3333839354006224
1987,0.2028,27,112,27,491550,114060,50884,57072,1.0565415539664307,0.33349694972302085
1988,0.2029,22,116,22,491666,113944,50906,57050,1.0554670421282746,0.3336374375709089
1989,0.203,26,108,26,491774,113836,50932,57024,1.0544666345548186,0.33374692730890787
1990,0.2031,25,119,25,491893,113717,50957,56999,1.0533643336173997,0.3338820028585487
1991,0.2032,33,109,33,492002,113608,50990,56966,1.0523546630108562,0.33396648961740943
1992,0.2033,41,93,41,492095,113515,51031,56925,1.0514932009337137,0.33398850035203004
1993,0.2034,29,110,29,492205,113405,51060,56896,1.0504742672940828,0.3340908156734253
1994,0.2035,27,97,27,492302,113308,51087,56869,1.04957575308459,0.334175593646615
1995,0.2036,32,104,32,492406,113204,51119,56837,1.0486123976434845,0.3342546797537065
1996,0.2037,29,99,29,492505,113105,51148,56808,1.0476953573678165,0.33433580714836414
1997,0.2038,25,79,25,492584,113026,51173,56783,1.0469635777538997,0.334393347820198
1998,0.2039,32,104,32,492688,112922,51205,56751,1.046000222312794,0.33447277999445996
1999,0.204,35,118,35,492806,112804,51240,56716,1.0449071844084628,0.33456819254365266
2000,0.2041,21,114,21,492920,112690,51261,56695,1.0438511986364816,0.33471086577914216
2001,0.2042,30,87,30,493007,112603,51291,56665,1.0430453147578642,0.33476498806626176
2002,0.2043,36,97,36,493104,112506,51327,56629,1.0421468005483716,0.33481538416058176
2003,0.2044,26,107,26,493211,112399,51353,56603,1.0411556560080033,0.33492503047301214
2004,0.2045,38,106,38,493317,112293,51391,56565,1.0401737745007225,0.3349856092101055
2005,0.2046,23,107,23,493424,112186,51414,56542,1.0391826299603542,0.3351073917784837
2006,0.2047,23,118,23,493542,112068,51437,56519,1.038089592056023,0.33525123526725076
2007,0.2048,30,113,30,493655,111955,51467,56489,1.0370428693171292,0.33535774500724275
2008,0.2049,37,96,37,493751,111859,51504,56452,1.036153618140724,0.33540291484216717
2009,0.205,26,104,26,493855,111755,51530,56426,1.0351902626996183,0.3355075781449748
2010,0.2051,21,90,21,493945,111665,51551,56405,1.0343565897217384,0.3356042125304933
2011,0.2052,30,108,30,494053,111557,51581,56375,1.0333561821482826,0.33570135531048284
2012,0.2053,31,87,31,494140,111470,51612,56344,1.0325502982696655,0.33575267856078755
2013,0.2054,31,112,31,494252,111358,51643,56313,1.0315128385638594,0.33585414293467564
2014,0.2055,17,85,17,494337,111273,51660,56296,1.0307254807514172,0.335957128108421
2015,0.2056,24,101,24,494438,111172,51684,56272,1.0297899144095743,0.33606459473017847
2016,0.2057,20,110,20,494548,111062,51704,56252,1.0287709807699432,0.33620617521546314
2017,0.2058,33,81,33,494629,110981,51737,56219,1.0280206750898515,0.336238038277512
2018,0.2059,24,99,24,494728,110882,51761,56195,1.0271036348141835,0.3363419261777504
2019,0.206,35,94,35,494822,110788,51796,56160,1.0262329097039535,0.33639217001701127
2020,0.2061,26,114,26,494936,110674,51822,56134,1.0251769239319724,0.3365186321998945
2021,0.2062,21,101,21,495037,110573,51843,56113,1.0242413575901292,0.3366389498818137
2022,0.2063,33,102,33,495139,110471,51876,56080,1.0232965282151987,0.33671367929342966
2023,0.2064,24,105,24,495244,110366,51900,56056,1.0223239097410055,0.3368304671257406
2024,0.2065,31,116,31,495360,110250,51931,56025,1.0212493979028494,0.33694181326116374
2025,0.2066,28,100,28,495460,110150,51959,55997,1.020323094594094,0.3370328684839329
2026,0.2067,22,99,22,495559,110051,51981,55975,1.019406054318426,0.3371459891824172
2027,0.2068,28,105,28,495664,109946,52009,55947,1.0184334358442328,0.33724750290850125
2028,0.2069,31,100,31,495764,109846,52040,55916,1.0175071325354774,0.3373270110157937
2029,0.207,30,100,30,495864,109746,52070,55886,1.016580829226722,0.33741064528593506
2030,0.2071,33,96,33,495960,109650,52103,55853,1.0156915780503168,0.3374742451798457
2031,0.2072,26,112,26,496072,109538,52129,55827,1.0146541183445108,0.3375986454207359
2032,0.2073,33,102,33,496174,109436,52162,55794,1.0137092889695802,0.3376747564001695
2033,0.2074,27,106,27,496280,109330,52189,55767,1.0127274074622994,0.3377832425786053
2034,0.2075,19,100,19,496380,109230,52208,55748,1.011801104153544,0.337911721562875
2035,0.2076,28,98,28,496478,109132,52236,55720,1.0108933269109637,0.3380001455851309
2036,0.2077,28,84,28,496562,109048,52264,55692,1.0101152321316091,0.3380599732912468
2037,0.2078,24,96,24,496658,108952,52288,55668,1.009225980955204,0.3381606123192808
2038,0.2079,21,97,21,496755,108855,52309,55647,1.0083274667457112,0.3382755224860488
2039,0.208,27,103,27,496858,108752,52336,55620,1.0073733743376931,0.3383787993088847
2040,0.2081,27,108,27,496966,108644,52363,55593,1.0063729667642374,0.33849254431096526
2041,0.2082,30,113,30,497079,108531,52393,55563,1.0053262440253437,0.3386047021828952
2042,0.2083,21,87,21,497166,108444,52414,55542,1.0045203601467265,0.3386996450916542
2043,0.2084,27,97,27,497263,108347,52441,55515,1.0036218459372337,0.338791177942415
2044,0.2085,32,126,32,497389,108221,52473,55483,1.002454703768202,0.33892268973268824
2045,0.2086,23,108,23,497497,108113,52496,55460,1.001454296194746,0.3390535112763109
2046,0.2087,32,104,32,497601,108009,52528,55428,1.0004909407536404,0.33913985205308467
2047,0.2088,31,108,31,497709,107901,52559,55397,0.9994905331801845,0.3392386924518365
2048,0.2089,34,94,34,497803,107807,52593,55363,0.9986198080699544,0.3392964392964393
2049,0.209,18,93,18,497896,107714,52611,55345,0.9977583459928119,0.33941702083295006
2050,0.2091,25,105,25,498001,107609,52636,55320,0.9967857275186187,0.33953439841894323
2051,0.2092,38,98,38,498099,107511,52674,55282,0.9958779502760384,0.33958462587457694
2052,0.2093,25,96,25,498195,107415,52699,55257,0.9949886990996332,0.3396835349660667
2053,0.2094,28,85,28,498280,107330,52727,55229,0.9942013412871911,0.3397474147847858
2054,0.2095,31,121,31,498401,107209,52758,55198,0.993080514283597,0.33987451279809366
2055,0.2096,23,101,23,498502,107108,52781,55175,0.992144947941754,0.3399924822686295
2056,0.2097,36,107,36,498609,107001,52817,55139,0.9911538034013857,0.3400703096089799
2057,0.2098,36,97,36,498706,106904,52853,55103,0.990255289191893,0.34012727845093116
2058,0.2099,41,98,41,498804,106806,52894,55062,0.9893475119493127,0.3401660612350804
2059,0.21,33,99,33,498903,106707,52927,55029,0.9884304716736448,0.3402396497996735
2060,0.2101,16,100,16,499003,106607,52943,55013,0.9875041683648894,0.34038485335973273
2061,0.2102,20,93,20,499096,106514,52963,54993,0.9866427062877469,0.3404991734104404
2062,0.2103,30,101,30,499197,106413,52993,54963,0.9857071399459039,0.3405896787626413
2063,0.2104,33,93,33,499290,106320,53026,54930,0.9848456778687613,0.3406511627906977
2064,0.2105,35,96,35,499386,106224,53061,54895,0.9839564266923562,0.3407109031212954
2065,0.2106,29,100,29,499486,106124,53090,54866,0.9830301233836007,0.34080377663208894
2066,0.2107,29,93,29,499579,106031,53119,54837,0.9821686613064582,0.3408819653380411
2067,0.2108,22,106,22,499685,105925,53141,54815,0.9811867797991775,0.341016548463357
2068,0.2109,29,101,29,499786,105824,53170,54786,0.9802512134573345,0.3411120104601208
2069,0.211,26,92,26,499878,105732,53196,54760,0.9793990144132795,0.3412008075168856
2070,0.2111,30,90,30,499968,105642,53226,54730,0.9785653414353996,0.34126904946000547
2071,0.2112,28,100,28,500068,105542,53254,54702,0.9776390381266442,0.3413669154539328
2072,0.2113,31,107,31,500175,105435,53285,54671,0.9766478935862759,0.3414675277628571
2073,0.2114,25,96,25,500271,105339,53310,54646,0.9757586424098706,0.34156952214270087
2074,0.2115,41,107,41,500378,105232,53351,54605,0.9747674978695023,0.3416292848339246
2075,0.2116,28,99,28,500477,105133,53379,54577,0.9738504575938345,0.34172562770020665
2076,0.2117,32,87,32,500564,105046,53411,54545,0.9730445737152174,0.34177992493311027
2077,0.2118,34,110,34,500674,104936,53445,54511,0.9720256400755863,0.3418753567015999
2078,0.2119,35,107,35,500781,104829,53480,54476,0.971034495535218,0.3419603904459998
2079,0.212,26,101,26,500882,104728,53506,54450,0.970098929193375,0.3420698840292
2080,0.2121,28,97,28,500979,104631,53534,54422,0.9692004149838823,0.3421626753346369
2081,0.2122,32,95,32,501074,104536,53566,54390,0.9683204268405646,0.34223475076450677
2082,0.2123,34,99,34,501173,104437,53600,54356,0.9674033865648968,0.3423072805476312
2083,0.2124,21,88,21,501261,104349,53621,54335,0.9665882396531921,0.34241007284918457
2084,0.2125,28,95,28,501356,104254,53649,54307,0.9657082515098744,0.34249910129224714
2085,0.2126,25,95,25,501451,104159,53674,54282,0.9648282633665567,0.3426007157238341
2086,0.2127,22,101,22,501552,104058,53696,54260,0.9638926970247138,0.34272792733612095
2087,0.2128,21,98,21,501650,103960,53717,54239,0.9629849197821334,0.34285298895694666
2088,0.2129,36,94,36,501744,103866,53753,54203,0.9621141946719034,0.3429072114076764
2089,0.213,24,93,24,501837,103773,53777,54179,0.9612527325947609,0.3430092686385737
2090,0.2131,35,109,35,501946,103664,53812,54144,0.9602430619882174,0.3431004765284396
2091,0.2132,26,93,26,502039,103571,53838,54118,0.9593815999110749,0.34319451578740434
2092,0.2133,27,107,27,502146,103464,53865,54091,0.9583904553707066,0.34331503284567294
2093,0.2134,30,99,30,502245,103365,53895,54061,0.9574734150950387,0.3434057906571977
2094,0.2135,31,112,31,502357,103253,53926,54030,0.9564359553892327,0.34352091452986017
2095,0.2136,22,82,22,502439,103171,53948,54008,0.9556763866760533,0.3436082428314215
2096,0.2137,26,98,26,502537,103073,53974,53982,0.9547686094334729,0.3437139855464646
2097,0.2138,29,94,29,502631,102979,54003,53953,0.9538978843232429,0.3437985879234318
2098,0.2139,27,92,27,502723,102887,54030,53926,0.9530456852791879,0.3438873052616811
2099,0.214,29,109,29,502832,102778,54059,53897,0.9520360146726444,0.3440051061113771
2100,0.2141,31,86,31,502918,102692,54090,53866,0.9512393938271148,0.3440641806870297
2101,0.2142,30,96,30,503014,102596,54120,53836,0.9503501426507095,0.3441495346220722
2102,0.2143,22,102,22,503116,102494,54142,53814,0.949405313275779,0.3442818025948768
2103,0.2144,18,113,18,503229,102381,54160,53796,0.9483585905368854,0.3444553295299564
2104,0.2145,29,87,29,503316,102294,54189,53767,0.9475527066582682,0.3445255380908747
2105,0.2146,24,77,24,503393,102217,54213,53743,0.9468394531105265,0.34459476788920235
2106,0.2147,30,88,30,503481,102129,54243,53713,0.9460243061988217,0.3446631845073857
2107,0.2148,26,95,26,503576,102034,54269,53687,0.9451443180555041,0.3447640331104989
2108,0.2149,28,93,28,503669,101941,54297,53659,0.9442828559783616,0.3448521850899743
2109,0.215,26,91,26,503760,101850,54323,53633,0.9434399199673941,0.3449444633818488
2110,0.2151,30,95,30,503855,101755,54353,53603,0.9425599318240765,0.3450289009899716
2111,0.2152,31,93,31,503948,101662,54384,53572,0.9416984697469339,0.3451048095133798
2112,0.2153,20,102,20,504050,101560,54404,53552,0.9407536403720034,0.34524730517303626
2113,0.2154,26,87,26,504137,101473,54430,53526,0.9399477564933862,0.3453312602016787
2114,0.2155,30,91,30,504228,101382,54460,53496,0.9391048204824187,0.34540735288420565
2115,0.2156,26,92,26,504320,101290,54486,53470,0.9382526214383637,0.34550271387955545
2116,0.2157,21,86,21,504406,101204,54507,53449,0.9374560005928341,0.345605969492994
2117,0.2158,21,99,21,504505,101105,54528,53428,0.9365389603171662,0.3457384506869083
2118,0.2159,25,93,25,504598,101012,54553,53403,0.9356774982400237,0.34584075381277724
2119,0.216,31,82,31,504680,100930,54584,53372,0.9349179295268443,0.34589311868932354
2120,0.2161,17,94,17,504774,100836,54601,53355,0.9340472044166142,0.3460318695643715
2121,0.2162,20,114,20,504888,100722,54621,53335,0.932991218644633,0.34620302874909936
2122,0.2163,23,87,23,504975,100635,54644,53312,0.9321853347660158,0.34630099969470013
2123,0.2164,30,77,30,505052,100558,54674,53282,0.9314720812182741,0.346346853874155
2124,0.2165,35,84,35,505136,100474,54709,53247,0.9306939864389195,0.34638728605720753
2125,0.2166,27,94,27,505230,100380,54736,53220,0.9298232613286894,0.346484375
2126,0.2167,25,100,25,505330,100280,54761,53195,0.928896958019934,0.34660368138133246
2127,0.2168,27,85,27,505415,100195,54788,53168,0.9281096002074919,0.3466807508981958
2128,0.2169,35,93,35,505508,100102,54823,53133,0.9272481381303495,0.3467419323261657
2129,0.217,29,99,29,505607,100003,54852,53104,0.9263310978546815,0.34684240433161123
2130,0.2171,21,84,21,505691,99919,54873,53083,0.925553003075327,0.34694317721336976
2131,0.2172,25,81,25,505772,99838,54898,53058,0.9248026973952351,0.3470201967350356
2132,0.2173,23,97,23,505869,99741,54921,53035,0.9239041831857423,0.3471422212913023
2133,0.2174,31,77,31,505946,99664,54952,53004,0.9231909296380006,0.3471847407446223
2134,0.2175,24,90,24,506036,99574,54976,52980,0.9223572566601208,0.3472868623569359
2135,0.2176,22,88,22,506124,99486,54998,52958,0.921542109748416,0.3473931410878749
2136,0.2177,29,113,29,506237,99373,55027,52929,0.9204953870095224,0.3475266247324395
2137,0.2178,28,98,28,506335,99275,55055,52901,0.9195876097669421,0.34763037535485225
2138,0.2179,25,85,25,506420,99190,55080,52876,0.9188002519545,0.3477174384806597
2139,0.218,31,83,31,506503,99107,55111,52845,0.918031420208233,0.3477742971464673
2140,0.2181,35,86,35,506589,99021,55146,52810,0.9172347993627034,0.34782093248414353
2141,0.2182,25,102,25,506691,98919,55171,52785,0.9162899699877728,0.3479473184622686
2142,0.2183,19,92,19,506783,98827,55190,52766,0.9154377709437178,0.34807675816165656
2143,0.2184,29,88,29,506871,98739,55219,52737,0.914622624032013,0.34815416303572844
2144,0.2185,27,93,27,506964,98646,55246,52710,0.9137611619548704,0.3482518036946008
2145,0.2186,31,83,31,507047,98563,55277,52679,0.9129923302086035,0.3483093320638447
2146,0.2187,30,98,30,507145,98465,55307,52649,0.9120845529660232,0.348405839300131
2147,0.2188,29,78,29,507223,98387,55336,52620,0.911362036385194,0.3484606673862801
2148,0.2189,23,80,23,507303,98307,55359,52597,0.9106209937381896,0.3485460955309336
2149,0.219,37,84,37,507387,98223,55396,52560,0.9098428989588351,0.3485804102584509
2150,0.2191,19,97,19,507484,98126,55415,52541,0.9089443847493424,0.34872267981708005
2151,0.2192,25,101,25,507585,98025,55440,52516,0.9080088184074994,0.3488484864588385
2152,0.2193,22,97,22,507682,97928,55462,52494,0.9071103041980066,0.3489782079748973
2153,0.2194,25,77,25,507759,97851,55487,52469,0.9063970506502649,0.34904869611495476
2154,0.2195,32,88,32,507847,97763,55519,52437,0.9055819037385602,0.3491145139813582
2155,0.2196,18,84,18,507931,97679,55537,52419,0.9048038089592056,0.34923183520100204
2156,0.2197,31,90,31,508021,97589,55568,52388,0.9039701359813257,0.3493068937237043
2157,0.2198,23,85,23,508106,97504,55591,52365,0.9031827781688836,0.34940514716185467
2158,0.2199,27,104,27,508210,97400,55618,52338,0.902219422727778,0.349530513296558
2159,0.22,19,94,19,508304,97306,55637,52319,0.9013486976175479,0.34966750208855474
2160,0.2201,30,86,30,508390,97220,55667,52289,0.9005520767720182,0.34973814285427635
2161,0.2202,23,93,23,508483,97127,55690,52266,0.8996906146948757,0.34985574960004817
2162,0.2203,27,80,27,508563,97047,55717,52239,0.8989495720478714,0.3499256460753185
2163,0.2204,28,123,28,508686,96924,55745,52211,0.8978102189781022,0.35009219834378247
2164,0.2205,22,88,22,508774,96836,55767,52189,0.8969950720663974,0.35020298607616174
2165,0.2206,22,94,22,508868,96742,55789,52167,0.8961243469561673,0.3503280527033289
2166,0.2207,31,77,31,508945,96665,55820,52136,0.8954110934084256,0.3503739894221141
2167,0.2208,28,82,28,509027,96583,55848,52108,0.8946515246952462,0.3504448823398861
2168,0.2209,30,89,30,509116,96494,55878,52078,0.8938271147504538,0.3505236518321083
2169,0.221,19,87,19,509203,96407,55897,52059,0.8930212308718367,0.3506459391375803
2170,0.2211,22,88,22,509291,96319,55919,52037,0.8922060839601319,0.35075763703523954
2171,0.2212,23,87,23,509378,96232,55942,52014,0.8914002000815147,0.3508627551502233
2172,0.2213,33,59,33,509437,96173,55975,51981,0.890853681129349,0.350857891113301
2173,0.2214,18,80,18,509517,96093,55993,51963,0.8901126384823447,0.35096855243961744
2174,0.2215,30,91,30,509608,96002,56023,51933,0.8892697024713773,0.3510528272552134
2175,0.2216,24,96,24,509704,95906,56047,51909,0.888380451294972,0.3511754558062443
2176,0.2217,28,86,28,509790,95820,56075,51881,0.8875838304494423,0.3512569312326931
2177,0.2218,18,80,18,509870,95740,56093,51863,0.8868427878024381,0.3513681971233647
2178,0.2219,26,79,26,509949,95661,56119,51837,0.8861110081885213,0.3514420534515722
2179,0.222,21,85,21,510034,95576,56140,51816,0.8853236503760792,0.35155232305688233
2180,0.2221,17,85,17,510119,95491,56157,51799,0.8845362925636371,0.351680358476475
2181,0.2222,38,72,38,510191,95419,56195,51761,0.8838693541813332,0.35168501155048243
2182,0.2223,27,105,27,510296,95314,56222,51734,0.88289673570714,0.3518170937380991
2183,0.2224,23,87,23,510383,95227,56245,51711,0.8820908518285228,0.3519239407096871
2184,0.2225,30,65,30,510448,95162,56275,51681,0.8814887546778317,0.35194731788372613
2185,0.2226,27,86,27,510534,95076,56302,51654,0.880692133832302,0.3520343488039256
2186,0.2227,23,83,23,510617,94993,56325,51631,0.8799233020860351,0.35213198384984723
2187,0.2228,29,82,29,510699,94911,56354,51602,0.8791637333728556,0.35220082859541474
2188,0.2229,28,81,28,510780,94830,56382,51574,0.8784134276927638,0.35227179585257234
2189,0.223,30,92,30,510872,94738,56412,51544,0.8775612286487088,0.3523605091535527
2190,0.2231,18,90,18,510962,94648,56430,51526,0.8767275556708288,0.35249770821076254
2191,0.2232,32,99,32,511061,94549,56462,51494,0.875810515395161,0.35259478372808006
2192,0.2233,27,88,27,511149,94461,56489,51467,0.8749953684834563,0.3526876267748479
2193,0.2234,22,81,22,511230,94380,56511,51445,0.8742450628033643,0.3527858734784845
2194,0.2235,27,90,27,511320,94290,56538,51418,0.8734113898254845,0.35288384989156396
2195,0.2236,30,84,30,511404,94206,56568,51388,0.8726332950461299,0.35295410525159004
2196,0.2237,25,88,25,511492,94118,56593,51363,0.8718181481344252,0.3530564128649102
2197,0.2238,25,82,25,511574,94036,56618,51338,0.8710585794212456,0.3531443036581507
2198,0.2239,25,100,25,511674,93936,56643,51313,0.8701322761124902,0.35327609828639095
2199,0.224,24,89,24,511763,93847,56667,51289,0.869307866167698,0.3533857898798368
2200,0.2241,27,81,27,511844,93766,56694,51262,0.868557560487606,0.35346277960118044
2201,0.2242,25,75,25,511919,93691,56719,51237,0.8678628330060395,0.3535341686906602
2202,0.2243,27,67,27,511986,93624,56746,51210,0.8672422097891733,0.3535771987240565
2203,0.2244,42,84,42,512070,93540,56788,51168,0.8664641150098188,0.3535948254415789
2204,0.2245,30,84,30,512154,93456,56818,51138,0.8656860202304643,0.3536661272251961
2205,0.2246,29,88,29,512242,93368,56847,51109,0.8648708733187594,0.35375180824629526
2206,0.2247,30,79,30,512321,93289,56877,51079,0.8641390937048428,0.353811093871218
2207,0.2248,22,84,22,512405,93205,56899,51057,0.8633609989254881,0.3539185648334281
2208,0.2249,22,82,22,512487,93123,56921,51035,0.8626014302123087,0.3540212822042481
2209,0.225,19,92,19,512579,93031,56940,51016,0.8617492311682537,0.3541621831763244
2210,0.2251,24,90,24,512669,92941,56964,50992,0.8609155581903739,0.35427594783684074
2211,0.2252,27,81,27,512750,92860,56991,50965,0.860165252510282,0.3543542499565444
2212,0.2253,23,72,23,512822,92788,57014,50942,0.8594983141279781,0.3544284422180477
2213,0.2254,26,81,26,512903,92707,57040,50916,0.8587480084478861,0.3545114640412747
2214,0.2255,26,107,26,513010,92600,57066,50890,0.8577568639075179,0.35465886124468604
2215,0.2256,25,92,25,513102,92508,57091,50865,0.8569046648634628,0.35477391140591324
2216,0.2257,25,78,25,513180,92430,57116,50840,0.8561821482826336,0.35485447058002373
2217,0.2258,26,94,26,513274,92336,57142,50814,0.8553114231724036,0.3549703108627314
2218,0.2259,21,97,21,513371,92239,57163,50793,0.8544129089629108,0.3551163376027742
2219,0.226,18,72,18,513443,92167,57181,50775,0.8537459705806069,0.35521400288228794
2220,0.2261,31,83,31,513526,92084,57212,50744,0.8529771388343399,0.35528047721735234
2221,0.2262,30,96,30,513622,91988,57242,50714,0.8520878876579348,0.3553839469664055
2222,0.2263,27,76,27,513698,91912,57269,50687,0.8513838971432806,0.3554513005000035
2223,0.2264,16,80,16,513778,91832,57285,50671,0.8506428544962763,0.35557847904956386
2224,0.2265,25,86,25,513864,91746,57310,50646,0.8498462336507466,0.3556800943873251
2225,0.2266,23,88,23,513952,91658,57333,50623,0.8490310867390418,0.3557959249653854
2226,0.2267,47,70,47,514022,91588,57380,50576,0.848382674422913,0.3557581384879435
2227,0.2268,30,79,30,514101,91509,57410,50546,0.8476508948089962,0.35581992890077785
2228,0.2269,22,74,22,514175,91435,57432,50524,0.8469654303605173,0.35590557837121983
2229,0.227,28,89,28,514264,91346,57460,50496,0.8461410204157249,0.3560017484243031
2230,0.2271,32,62,32,514326,91284,57492,50464,0.8455667123642966,0.3560120777718204
2231,0.2272,23,81,23,514407,91203,57515,50441,0.8448164066842047,0.3561110954223264
2232,0.2273,36,87,36,514494,91116,57551,50405,0.8440105228055874,0.3561662226807329
2233,0.2274,24,89,24,514583,91027,57575,50381,0.8431861128607951,0.356281115637022
2234,0.2275,27,85,27,514668,90942,57602,50354,0.842398755048353,0.35637243800249124
2235,0.2276,22,84,22,514752,90858,57624,50332,0.8416206602689985,0.35648417026701607
2236,0.2277,34,87,34,514839,90771,57658,50298,0.8408147763903813,0.3565489228675329
2237,0.2278,24,68,24,514907,90703,57682,50274,0.8401848901404276,0.3566113621370862
2238,0.2279,31,77,31,514984,90626,57713,50243,0.8394716365926859,0.3566647026670169
2239,0.228,24,77,24,515061,90549,57737,50219,0.8387583830449442,0.35675011366219594
2240,0.2281,30,109,30,515170,90440,57767,50189,0.8377487124384009,0.3568894040347297
2241,0.2282,28,98,28,515268,90342,57795,50161,0.8368409351958205,0.3570101706013395
2242,0.2283,32,78,32,515346,90264,57827,50129,0.8361184186149913,0.3570619617787212
2243,0.2284,24,84,24,515430,90180,57851,50105,0.8353403238356367,0.357165769683145
2244,0.2285,22,88,22,515518,90092,57873,50083,0.834525176923932,0.35728910290708044
2245,0.2286,18,80,18,515598,90012,57891,50065,0.8337841342769277,0.35741056704526797
2246,0.2287,27,100,27,515698,89912,57918,50038,0.8328578309681722,0.35754197927831366
2247,0.2288,29,87,29,515785,89825,57947,50009,0.832051947089555,0.3576311912696483
2248,0.2289,23,69,23,515854,89756,57970,49986,0.8314127978065138,0.35770205092241414
2249,0.229,22,62,22,515916,89694,57992,49964,0.8308384897550855,0.3577596700511249
2250,0.2291,29,82,29,515998,89612,58021,49935,0.830078921041906,0.35783642787017994
2251,0.2292,34,80,34,516078,89532,58055,49901,0.8293378783949016,0.3578851491397302
2252,0.2293,20,73,20,516151,89459,58075,49881,0.8286616769795102,0.3579804794028994
2253,0.2294,24,82,24,516233,89377,58099,49857,0.8279021082663307,0.35808064122268984
2254,0.2295,30,87,30,516320,89290,58129,49827,0.8270962243877135,0.3581661479186584
2255,0.2296,24,77,24,516397,89213,58153,49803,0.8263829708399718,0.3582537261897911
2256,0.2297,22,89,22,516486,89124,58175,49781,0.8255585608951795,0.3583816277311832
2257,0.2298,24,86,24,516572,89038,58199,49757,0.8247619400496499,0.35849274109297885
2258,0.2299,32,89,32,516661,88949,58231,49725,0.8239375301048575,0.35857478691030764
2259,0.23,24,64,24,516725,88885,58255,49701,0.823344695987254,0.358629298774768
2260,0.2301,26,77,26,516802,88808,58281,49675,0.8226314424395124,0.35870828910407776
2261,0.2302,31,83,31,516885,88725,58312,49644,0.8218626106932454,0.35877978448930037
2262,0.2303,21,83,21,516968,88642,58333,49623,0.8210937789469784,0.35889776877734786
2263,0.2304,25,94,25,517062,88548,58358,49598,0.8202230538367483,0.3590259580443878
2264,0.2305,19,65,19,517127,88483,58377,49579,0.8196209566860573,0.35910677811418057
2265,0.2306,24,74,24,517201,88409,58401,49555,0.8189354922375782,0.35918790409092227
2266,0.2307,19,91,19,517292,88318,58420,49536,0.8180925562266108,0.3593366895411087
2267,0.2308,11,75,11,517367,88243,58431,49525,0.8173978287450443,0.3594811567272516
2268,0.2309,27,73,27,517440,88170,58458,49498,0.8167216273296528,0.3595461545166633
2269,0.231,28,91,28,517531,88079,58486,49470,0.8158786913186854,0.3596536506990236
2270,0.2311,26,72,26,517603,88007,58512,49444,0.8152117529363815,0.35972091872740103
2271,0.2312,20,72,20,517675,87935,58532,49424,0.8145448145540776,0.3598162479342453
2272,0.2313,20,76,20,517751,87859,58552,49404,0.8138408240394235,0.359922193162032
2273,0.2314,24,79,24,517830,87780,58576,49380,0.8131090444255067,0.3600174978127734
2274,0.2315,19,77,19,517907,87703,58595,49361,0.812395790877765,0.360131033677698
2275,0.2316,29,78,29,517985,87625,58624,49332,0.8116732742969358,0.36020064691837583
2276,0.2317,34,69,34,518054,87556,58658,49298,0.8110341250138946,0.36022330366668126
2277,0.2318,22,84,22,518138,87472,58680,49276,0.81025603023454,0.36034165033492266
2278,0.2319,33,91,33,518229,87381,58713,49243,0.8094130942235725,0.3604271577468088
2279,0.232,14,70,14,518299,87311,58727,49229,0.8087646819074438,0.36054636004101365
2280,0.2321,26,87,26,518386,87224,58753,49203,0.8079587980288265,0.3606544159147383
2281,0.2322,25,84,25,518470,87140,58778,49178,0.807180703249472,0.36075940081280533
2282,0.2323,25,75,25,518545,87065,58803,49153,0.8064859757679055,0.3608407112129087
2283,0.2324,16,84,16,518629,86981,58819,49137,0.8057078809885508,0.3609882601860151
2284,0.2325,16,68,16,518697,86913,58835,49121,0.8050779947385972,0.3610935501418763
2285,0.2326,22,82,22,518779,86831,58857,49099,0.8043184260254178,0.3612079746928566
2286,0.2327,26,72,26,518851,86759,58883,49073,0.8036514876431139,0.36127716591083103
2287,0.2328,25,63,25,518914,86696,58908,49048,0.803067916558598,0.36132720414898634
2288,0.2329,28,75,28,518989,86621,58936,49020,0.8023731890770314,0.36139515338282674
2289,0.233,31,83,31,519072,86538,58967,48989,0.8016043573307644,0.36147040811056097
2290,0.2331,25,70,25,519142,86468,58992,48964,0.8009559450146356,0.3615393703113001
2291,0.2332,28,72,28,519214,86396,59020,48936,0.8002890066323317,0.36159962167114945
2292,0.2333,31,81,31,519295,86315,59051,48905,0.7995387009522398,0.3616698713208105
2293,0.2334,23,92,23,519387,86223,59074,48882,0.7986865019081848,0.36180748306872434
2294,0.2335,20,74,20,519461,86149,59094,48862,0.7980010374597059,0.36191125167578936
2295,0.2336,24,93,24,519554,86056,59118,48838,0.7971395753825633,0.36204723708986314
2296,0.2337,20,84,20,519638,85972,59138,48818,0.7963614806032087,0.3621782031307961
2297,0.2338,27,80,27,519718,85892,59165,48791,0.7956204379562044,0.3622654678021725
2298,0.2339,21,69,21,519787,85823,59186,48770,0.7949812886731631,0.36235168247977234
2299,0.234,26,84,26,519871,85739,59212,48744,0.7942031938938086,0.3624547340556055
2300,0.2341,19,87,19,519958,85652,59231,48725,0.7933973100151914,0.36259925433667967
2301,0.2342,31,73,31,520031,85579,59262,48694,0.7927211085997999,0.3626492295547132
2302,0.2343,18,68,18,520099,85511,59280,48676,0.7920912223498462,0.3627475090731591
2303,0.2344,22,86,22,520185,85425,59302,48654,0.7912946015043165,0.36287561810574365
2304,0.2345,29,82,29,520267,85343,59331,48625,0.7905350327911371,0.36295981129822047
2305,0.2346,33,80,33,520347,85263,59364,48592,0.7897939901441328,0.3630196854805573
2306,0.2347,25,72,25,520419,85191,59389,48567,0.7891270517618288,0.3630960391154174
2307,0.2348,29,81,29,520500,85110,59418,48538,0.788376746081737,0.3631779001556327
2308,0.2349,18,81,18,520581,85029,59436,48520,0.7876264404016451,0.36331234228635184
2309,0.235,21,71,21,520652,84958,59457,48499,0.7869687650524287,0.3634054414530523
2310,0.2351,40,64,40,520716,84894,59497,48459,0.7863759309348253,0.36338890013722974
2311,0.2352,32,73,32,520789,84821,59529,48427,0.7856997295194339,0.3634350984630163
2312,0.2353,18,77,18,520866,84744,59547,48409,0.7849864759716921,0.36355921383671413
2313,0.2354,13,78,13,520944,84666,59560,48396,0.7842639593908629,0.36371015015556657
2314,0.2355,31,66,31,521010,84600,59591,48365,0.7836525992070844,0.3637423382093032
2315,0.2356,33,82,33,521092,84518,59624,48332,0.7828930304939049,0.3638088069251035
2316,0.2357,23,84,23,521176,84434,59647,48309,0.7821149357145504,0.3639287947387056
2317,0.2358,21,84,21,521260,84350,59668,48288,0.7813368409351958,0.3640585654186583
2318,0.2359,22,83,22,521343,84267,59690,48266,0.7805680091889288,0.36418099643107754
2319,0.236,22,75,22,521418,84192,59712,48244,0.7798732817073623,0.3642816152707723
2320,0.2361,29,79,29,521497,84113,59741,48215,0.7791415020934455,0.36435977268605285
2321,0.2362,29,75,29,521572,84038,59770,48186,0.7784467746118789,0.36442703291384315
2322,0.2363,27,85,27,521657,83953,59797,48159,0.7776594167994368,0.36453160954341773
2323,0.2364,15,72,15,521729,83881,59812,48144,0.7769924784171329,0.3646582086725999
2324,0.2365,19,80,19,521809,83801,59831,48125,0.7762514357701286,0.36478783560480876
2325,0.2366,24,92,24,521901,83709,59855,48101,0.7753992367260736,0.3649267885592899
2326,0.2367,26,65,26,521966,83644,59881,48075,0.7747971395753825,0.3649815136768424
2327,0.2368,21,100,21,522066,83544,59902,48054,0.7738708362666271,0.36515752519035244
2328,0.2369,26,74,26,522140,83470,59928,48028,0.7731853718181482,0.36523749410637424
2329,0.237,23,73,23,522213,83397,59951,48005,0.7725091704027567,0.36532929483569504
2330,0.2371,17,87,17,522300,83310,59968,47988,0.7717032865241394,0.36548919252387696
2331,0.2372,16,83,16,522383,83227,59984,47972,0.7709344547778725,0.36564303081578364
2332,0.2373,27,80,27,522463,83147,60011,47945,0.7701934121308681,0.36573551399017484
2333,0.2374,21,83,21,522546,83064,60032,47924,0.7694245803846012,0.3658655754725624
2334,0.2375,19,81,19,522627,82983,60051,47905,0.7686742747045092,0.36599993887904164
2335,0.2376,28,82,28,522709,82901,60079,47877,0.7679147059913298,0.3660936854822677
2336,0.2377,31,78,31,522787,82823,60110,47846,0.7671921894105006,0.3661618287428541
2337,0.2378,24,69,24,522856,82754,60134,47822,0.7665530401274593,0.36623881877220926
2338,0.2379,20,85,20,522941,82669,60154,47802,0.7657656823150172,0.36638026841213756
2339,0.238,23,81,23,523022,82588,60177,47779,0.7650153766349254,0.3664961224849847
2340,0.2381,19,60,19,523082,82528,60196,47760,0.7644595946496721,0.36657251627164433
2341,0.2382,21,68,21,523150,82460,60217,47739,0.7638297083997184,0.36666180231799017
2342,0.2383,21,78,21,523228,82382,60238,47718,0.7631071918188892,0.3667794004611837
2343,0.2384,26,72,26,523300,82310,60264,47692,0.7624402534365853,0.36685589452469963
2344,0.2385,25,79,25,523379,82231,60289,47667,0.7617084738226685,0.3669571509953964
2345,0.2386,33,61,33,523440,82170,60322,47634,0.7611434288043277,0.366968660441897
2346,0.2387,27,76,27,523516,82094,60349,47607,0.7604394382896735,0.36705191170461293
2347,0.2388,18,71,18,523587,82023,60367,47589,0.7597817629404572,0.3671650773076567
2348,0.2389,20,76,20,523663,81947,60387,47569,0.7590777724258031,0.3672828067574663
2349,0.239,28,76,28,523739,81871,60415,47541,0.758373781911149,0.3673616047970822
2350,0.2391,16,60,16,523799,81811,60431,47525,0.7578179999258957,0.36745376383992084
2351,0.2392,29,75,29,523874,81736,60460,47496,0.7571232724443292,0.3675250711897982
2352,0.2393,28,69,28,523943,81667,60488,47468,0.7564841231612879,0.3675843109923723
2353,0.2394,21,83,21,524026,81584,60509,47447,0.7557152914150209,0.3677178352488937
2354,0.2395,30,65,30,524091,81519,60539,47417,0.7551131942643299,0.3677560960476515
2355,0.2396,20,62,20,524153,81457,60559,47397,0.7545388862129015,0.3678349139335993
2356,0.2397,22,59,22,524212,81398,60581,47375,0.7539923672607358,0.3678954439206977
2357,0.2398,28,60,28,524272,81338,60609,47347,0.7534365852754826,0.3679294401056844
2358,0.2399,17,62,17,524334,81276,60626,47330,0.7528622772240543,0.36802326485545
2359,0.24,34,56,34,524390,81220,60660,47296,0.7523435473711512,0.3680164337514395
2360,0.2401,19,72,19,524462,81148,60679,47277,0.7516766089888474,0.3681292583219778
2361,0.2402,25,85,25,524547,81063,60704,47252,0.7508892511764051,0.3682500097416514
2362,0.2403,27,81,27,524628,80982,60731,47225,0.7501389454963133,0.3683496220955174
2363,0.2404,25,78,25,524706,80904,60756,47200,0.7494164289154841,0.3684506338599888
2364,0.2405,25,67,25,524773,80837,60781,47175,0.7487958056986179,0.3685201387369934
2365,0.2406,14,73,14,524846,80764,60795,47161,0.7481196042832265,0.36866132499511434
2366,0.2407,22,74,22,524920,80690,60817,47139,0.7474341398347475,0.3687660859429394
2367,0.2408,26,82,26,525002,80608,60843,47113,0.7466745711215681,0.3688743432951512
2368,0.2409,23,64,23,525066,80544,60866,47090,0.7460817370039646,0.36894557876427914
2369,0.241,18,71,18,525137,80473,60884,47072,0.7454240616547483,0.36906189972166686
2370,0.2411,17,75,17,525212,80398,60901,47055,0.7447293341731817,0.3691949189112849
2371,0.2412,28,63,28,525275,80335,60929,47027,0.7441457630886658,0.3692388624550494
2372,0.2413,27,61,27,525336,80274,60956,47000,0.743580718070325,0.36928202146549965
2373,0.2414,30,70,30,525406,80204,60986,46970,0.7429323057541961,0.36933649959897463
2374,0.2415,31,76,31,525482,80128,61017,46939,0.742228315239542,0.3694035430127413
2375,0.2416,27,61,27,525543,80067,61044,46912,0.7416632702212013,0.3694469164192504
2376,0.2417,17,69,17,525612,79998,61061,46895,0.74102412093816,0.36956333288676285
2377,0.2418,30,65,30,525677,79933,61091,46865,0.740422023787469,0.3696036215082257
2378,0.2419,26,57,26,525734,79876,61117,46839,0.7398940309014784,0.36964053190230045
2379,0.242,25,85,25,525819,79791,61142,46814,0.7391066730890363,0.36976422732119585
2380,0.2421,18,67,18,525886,79724,61160,46796,0.7384860498721701,0.36987037622510277
2381,0.2422,23,57,23,525943,79667,61183,46773,0.7379580569861796,0.36992249288199935
2382,0.2423,25,68,25,526011,79599,61208,46748,0.7373281707362259,0.36999691326268136
2383,0.2424,23,80,23,526091,79519,61231,46725,0.7365871280892216,0.3701165996007731
2384,0.2425,15,66,15,526157,79453,61246,46710,0.735975767905443,0.370235330485166
2385,0.2426,14,83,14,526240,79370,61260,46696,0.735206936159176,0.37040915076229913
2386,0.2427,19,74,19,526314,79296,61279,46677,0.7345214717106969,0.3705317806196566
2387,0.2428,25,70,25,526384,79226,61304,46652,0.7338730593945682,0.3706128155833426
2388,0.2429,20,73,20,526457,79153,61324,46632,0.7331968579791767,0.3707278292324204
2389,0.243,23,60,23,526517,79093,61347,46609,0.7326410759939235,0.37078964535170483
2390,0.2431,18,83,18,526600,79010,61365,46591,0.7318722442476564,0.37094449884953146
2391,0.2432,20,72,20,526672,78938,61385,46571,0.7312053058653526,0.3710570556693146
2392,0.2433,30,74,30,526746,78864,61415,46541,0.7305198414168735,0.3711255532076074
2393,0.2434,21,74,21,526820,78790,61436,46520,0.7298343769683945,0.3712393264703535
2394,0.2435,20,58,20,526878,78732,61456,46500,0.7292971210493164,0.37131084706784206
2395,0.2436,16,58,16,526936,78674,61472,46484,0.7287598651302383,0.37140254718036403
2396,0.2437,28,68,28,527004,78606,61500,46456,0.7281299788802845,0.3714637539780269
2397,0.2438,31,62,31,527066,78544,61531,46425,0.7275556708288562,0.371492130048252
2398,0.2439,28,79,28,527145,78465,61559,46397,0.7268238912149394,0.37158623119924394
2399,0.244,30,74,30,527219,78391,61589,46367,0.7261384267664605,0.371655525096587
2400,0.2441,26,56,26,527275,78335,61615,46341,0.7256196969135573,0.3716914241714524
2401,0.2442,24,55,24,527330,78280,61639,46317,0.7251102300937419,0.37173447193752657
2402,0.2443,22,67,22,527397,78213,61661,46295,0.7244896068768758,0.371823497285315
2403,0.2444,21,55,21,527452,78158,61682,46274,0.7239801400570602,0.37188183104024686
2404,0.2445,22,66,22,527518,78092,61704,46252,0.7233687798732817,0.3719680885285981
2405,0.2446,26,68,26,527586,78024,61730,46226,0.722738893623328,0.37204024144869213
2406,0.2447,27,71,27,527657,77953,61757,46199,0.7220812182741116,0.3721164379148141
2407,0.2448,22,73,22,527730,77880,61779,46177,0.7214050168587203,0.37222405829578337
2408,0.2449,20,84,20,527814,77796,61799,46157,0.7206269220793656,0.37237501310980775
2409,0.245,22,66,22,527880,77730,61821,46135,0.7200155618955871,0.37246195454728936
2410,0.2451,20,86,20,527966,77644,61841,46115,0.7192189410500575,0.37261936505627874
2411,0.2452,22,51,22,528017,77593,61863,46093,0.7187465263625922,0.372661416813544
2412,0.2453,16,81,16,528098,77512,61879,46077,0.7179962206825002,0.3728244423047359
2413,0.2454,25,63,25,528161,77449,61904,46052,0.7174126495979843,0.3728876689257577
2414,0.2455,20,74,20,528235,77375,61924,46032,0.7167271851495054,0.3730096347857091
2415,0.2456,15,69,15,528304,77306,61939,46017,0.7160880358664641,0.37314207406566496
2416,0.2457,18,62,18,528366,77244,61957,45999,0.7155137278150357,0.37323823665441447
2417,0.2458,28,89,28,528455,77155,61985,45971,0.7146893178702435,0.37336549550866593
2418,0.2459,23,66,23,528521,77089,62008,45948,0.7140779576864649,0.3734486374017572
2419,0.246,17,59,17,528580,77030,62025,45931,0.7135314387342991,0.37354120412163205
2420,0.2461,30,70,30,528650,76960,62055,45901,0.7128830264181704,0.37360106136202703
2421,0.2462,29,69,29,528719,76891,62084,45872,0.7122438771351292,0.3736630743790882
2422,0.2463,26,66,26,528785,76825,62110,45846,0.7116325169513505,0.3737313627507724
2423,0.2464,34,67,34,528852,76758,62144,45812,0.7110118937344844,0.37376193195724894
2424,0.2465,21,61,21,528913,76697,62165,45791,0.7104468487161436,0.37384070276271963
2425,0.2466,22,61,22,528974,76636,62187,45769,0.7098818036978028,0.37391446427842
2426,0.2467,24,89,24,529063,76547,62211,45745,0.7090573937530105,0.3740637163510287
2427,0.2468,39,63,39,529126,76484,62250,45706,0.7084738226684946,0.3740567967918815
2428,0.2469,26,55,26,529181,76429,62276,45680,0.7079643558486791,0.3740919997706967
2429,0.247,24,81,24,529262,76348,62300,45656,0.7072140501685872,0.37421723877905644
2430,0.2471,28,66,28,529328,76282,62328,45628,0.7066026899848086,0.3742761053235994
2431,0.2472,22,57,22,529385,76225,62350,45606,0.706074697098818,0.37433822261985866
2432,0.2473,26,82,26,529467,76143,62376,45580,0.7053151283856386,0.3744567583776279
2433,0.2474,29,80,29,529547,76063,62405,45551,0.7045740857386342,0.3745539164898778
2434,0.2475,16,62,16,529609,76001,62421,45535,0.7039997776872059,0.3746626513954713
2435,0.2476,17,73,17,529682,75928,62438,45518,0.7033235762718144,0.3748003227772014
2436,0.2477,20,51,20,529733,75877,62458,45498,0.7028511615843491,0.37485478887744594
2437,0.2478,21,60,21,529793,75817,62479,45477,0.7022953795990959,0.3749319834451828
2438,0.2479,19,91,19,529884,75726,62498,45458,0.7014524435881285,0.3751155268022181
2439,0.248,25,60,25,529944,75666,62523,45433,0.7008966616028752,0.3751723796232834
2440,0.2481,30,67,30,530011,75599,62553,45403,0.7002760383860092,0.37522520288920846
2441,0.2482,25,81,25,530092,75518,62578,45378,0.6995257327059172,0.3753474060349391
2442,0.2483,26,68,26,530160,75450,62604,45352,0.6988958464559636,0.37542424794291485
2443,0.2484,29,62,29,530222,75388,62633,45323,0.6983215384045351,0.37546702454623027
2444,0.2485,22,62,22,530284,75326,62655,45301,0.6977472303531068,0.3755461049350477
2445,0.2486,17,67,17,530351,75259,62672,45284,0.6971266071362406,0.37566677451199987
2446,0.2487,23,63,23,530414,75196,62695,45261,0.6965430360517247,0.3757440414421744
2447,0.2488,26,68,26,530482,75128,62721,45235,0.6959131498017711,0.37582147337636984
2448,0.2489,21,72,21,530554,75056,62742,45214,0.6952462114194672,0.37593747401679556
2449,0.249,29,68,29,530622,74988,62771,45185,0.6946163251695135,0.3759996005758365
2450,0.2491,32,66,32,530688,74922,62803,45153,0.6940049649857349,0.37603997501561526
2451,0.2492,21,66,21,530754,74856,62824,45132,0.6933936048019563,0.3761376137613761
2452,0.2493,13,64,13,530818,74792,62837,45119,0.6928007706843529,0.3762707341278115
2453,0.2494,16,66,16,530884,74726,62853,45103,0.6921894105005743,0.37639469577481244
2454,0.2495,14,70,14,530954,74656,62867,45089,0.6915409981844455,0.3765418180299804
2455,0.2496,27,66,27,531020,74590,62894,45062,0.690929638000667,0.37660883228027947
2456,0.2497,28,59,28,531079,74531,62922,45034,0.6903831190485012,0.37664868481579056
2457,0.2498,20,81,20,531160,74450,62942,45014,0.6896328133684093,0.37679970535056584
2458,0.2499,19,53,19,531213,74397,62961,44995,0.689141872614769,0.37686779683730903
2459,0.25,23,59,23,531272,74338,62984,44972,0.6885953536626033,0.3769340373816109
2460,0.2501,19,62,19,531334,74276,63003,44953,0.6880210456111749,0.37703075594024943
2461,0.2502,24,68,24,531402,74208,63027,44929,0.6873911593612212,0.3771204579601635
2462,0.2503,32,60,32,531462,74148,63059,44897,0.686835377375968,0.37714309714813726
2463,0.2504,31,58,31,531520,74090,63090,44866,0.6862981214568898,0.37716466592689735
2464,0.2505,26,86,26,531606,74004,63116,44840,0.6855015006113602,0.3773013362054458
2465,0.2506,22,63,22,531669,73941,63138,44818,0.6849179295268443,0.377386134945562
2466,0.2507,24,72,24,531741,73869,63162,44794,0.6842509911445404,0.3774891920817778
2467,0.2508,29,47,29,531788,73822,63191,44765,0.6838156285894254,0.37748657104067057
2468,0.2509,14,60,14,531848,73762,63205,44751,0.683259846604172,0.37760414469298725
2469,0.251,37,71,37,531919,73691,63242,44714,0.6826021712549557,0.3776360795574511
2470,0.2511,25,69,25,531988,73622,63267,44689,0.6819630219719145,0.3777248100345699
2471,0.2512,26,50,26,532038,73572,63293,44663,0.6814998703175368,0.3777477058400643
2472,0.2513,24,62,24,532100,73510,63317,44639,0.6809255622661085,0.377819532962615
2473,0.2514,26,85,26,532185,73425,63343,44613,0.6801382044536664,0.37795455700706554
2474,0.2515,26,74,26,532259,73351,63369,44587,0.6794527400051873,0.3780545710458037
2475,0.2516,25,58,25,532317,73293,63394,44562,0.6789154840861091,0.37810869288532517
2476,0.2517,22,58,22,532375,73235,63416,44540,0.678378228167031,0.3781787306304394
2477,0.2518,24,78,24,532453,73157,63440,44516,0.6776557115862017,0.3783025842801662
2478,0.2519,20,71,20,532524,73086,63460,44496,0.6769980362369854,0.37842526917385316
2479,0.252,22,66,22,532590,73020,63482,44474,0.6763866760532069,0.3785214564147957
2480,0.2521,21,60,21,532650,72960,63503,44453,0.6758308940679536,0.3786037321250628
2481,0.2522,23,67,23,532717,72893,63526,44430,0.6752102708510875,0.37869812398250985
2482,0.2523,20,69,20,532786,72824,63546,44410,0.6745711215680462,0.37881501953358243
2483,0.2524,23,61,23,532847,72763,63569,44387,0.6740060765497055,0.3788903115663679
2484,0.2525,26,66,26,532913,72697,63595,44361,0.6733947163659268,0.378965982675255
2485,0.2526,18,56,18,532969,72641,63613,44343,0.6728759865130238,0.3790518361485331
2486,0.2527,26,72,26,533041,72569,63639,44317,0.6722090481307199,0.3791472032578752
2487,0.2528,29,66,29,533107,72503,63668,44288,0.6715976879469413,0.3792073019325119
2488,0.2529,30,74,30,533181,72429,63698,44258,0.6709122234984624,0.3792881812027047
2489,0.253,29,76,29,533257,72353,63727,44229,0.6702082329838083,0.3793810365236486
2490,0.2531,33,54,33,533311,72299,63760,44196,0.6697080291970803,0.3793810893171381
2491,0.2532,18,69,18,533380,72230,63778,44178,0.6690688799140391,0.379509999312762
2492,0.2533,25,63,25,533443,72167,63803,44153,0.6684853088295232,0.3795821870701513
2493,0.2534,16,57,16,533500,72110,63819,44137,0.6679573159435326,0.37968291654838404
2494,0.2535,20,59,20,533559,72051,63839,44117,0.6674107969913669,0.3797689553061084
2495,0.2536,21,69,21,533628,71982,63860,44096,0.6667716477083256,0.3798824928065611
2496,0.2537,20,68,20,533696,71914,63880,44076,0.6661417614583719,0.3799982757134236
2497,0.2538,21,70,21,533766,71844,63901,44055,0.6654933491422431,0.3801154453446535
2498,0.2539,17,74,17,533840,71770,63918,44038,0.6648078846937642,0.3802673390439348
2499,0.254,21,59,21,533899,71711,63939,44017,0.6642613657415984,0.3803487487902668
2500,0.2541,34,73,34,533972,71638,63973,43983,0.663585164326207,0.3804066735281653
2501,0.2542,22,57,22,534029,71581,63995,43961,0.6630571714402164,0.3804763635734192
2502,0.2543,25,50,25,534079,71531,64020,43936,0.6625940197858387,0.3805069846796054
2503,0.2544,28,54,28,534133,71477,64048,43908,0.6620938159991108,0.38053473155089484
2504,0.2545,21,58,21,534191,71419,64069,43887,0.6615565600800326,0.3806133245451234
2505,0.2546,24,68,24,534259,71351,64093,43863,0.660926673830079,0.3807089416216779
2506,0.2547,31,64,31,534323,71287,64124,43832,0.6603338397124755,0.38075382864687846
2507,0.2548,24,62,24,534385,71225,64148,43808,0.6597595316610471,0.3808298488259891
2508,0.2549,21,66,21,534451,71159,64169,43787,0.6591481714772686,0.38093539575104834
2509,0.255,23,82,23,534533,71077,64192,43764,0.6583886027640891,0.3810834109769159
2510,0.2551,26,60,26,534593,71017,64218,43738,0.6578328207788359,0.38114243388087665
2511,0.2552,21,65,21,534658,70952,64239,43717,0.6572307236281448,0.3812451490812687
2512,0.2553,26,78,26,534736,70874,64265,43691,0.6565082070473156,0.38136429101383496
2513,0.2554,23,59,23,534795,70815,64288,43668,0.6559616880951499,0.3814365451639108
2514,0.2555,27,81,27,534876,70734,64315,43641,0.6552113824150579,0.3815606557377049
2515,0.2556,23,65,23,534941,70669,64338,43618,0.654609285264367,0.38165320640142797
2516,0.2557,23,51,23,534992,70618,64361,43595,0.6541368705769017,0.38169910605622825
2517,0.2558,26,53,26,535045,70565,64387,43569,0.6536459298232613,0.38173550388140254
2518,0.2559,24,63,24,535108,70502,64411,43545,0.6530623587387454,0.3818162687313125
2519,0.256,31,67,31,535175,70435,64442,43514,0.6524417355218792,0.38187259212454694
2520,0.2561,25,74,25,535249,70361,64467,43489,0.6517562710734003,0.3819850680720246
2521,0.2562,26,51,26,535300,70310,64493,43463,0.651283856385935,0.3820150650857409
2522,0.2563,31,69,31,535369,70241,64524,43432,0.6506447071028938,0.38207841791806324
2523,0.2564,27,73,27,535442,70168,64551,43405,0.6499685056875023,0.38217710195204846
2524,0.2565,24,44,24,535486,70124,64575,43381,0.6495609322316499,0.3821946169772257
2525,0.2566,24,74,24,535560,70050,64599,43357,0.648875467783171,0.38231326108617636
2526,0.2567,21,66,21,535626,69984,64620,43336,0.6482641075993923,0.38242146134839394
2527,0.2568,22,65,22,535691,69919,64642,43314,0.6476620104487013,0.38252099652928034
2528,0.2569,29,69,29,535760,69850,64671,43285,0.6470228611656601,0.3825960136120564
2529,0.257,17,56,17,535816,69794,64688,43268,0.6465041313127571,0.38269268189135164
2530,0.2571,22,69,22,535885,69725,64710,43246,0.6458649820297158,0.38280620690265643
2531,0.2572,18,49,18,535934,69676,64728,43228,0.6454110934084256,0.3828739460072274
2532,0.2573,30,74,30,536008,69602,64758,43198,0.6447256289599467,0.38296099290780145
2533,0.2574,35,59,35,536067,69543,64793,43163,0.6441791100077809,0.38296985076215995
2534,0.2575,17,79,17,536146,69464,64810,43146,0.6434473303938641,0.3831453689725602
2535,0.2576,16,65,16,536211,69399,64826,43130,0.6428452332431731,0.38327897697482427
2536,0.2577,13,66,13,536277,69333,64839,43117,0.6422338730593946,0.38343263672743444
2537,0.2578,26,70,26,536347,69263,64865,43091,0.6415854607432657,0.38352884632500844
2538,0.2579,23,51,23,536398,69212,64888,43068,0.6411130460558006,0.38357677235482723
2539,0.258,21,64,21,536462,69148,64909,43047,0.6405202119381971,0.3836801996523909
2540,0.2581,17,56,17,536518,69092,64926,43030,0.6400014820852941,0.3837783842600025
2541,0.2582,12,60,12,536578,69032,64938,43018,0.6394457001000408,0.38391789379741187
2542,0.2583,23,67,23,536645,68965,64961,42995,0.6388250768831746,0.3840210789567703
2543,0.2584,22,59,22,536704,68906,64983,42973,0.638278557931009,0.3841024678447251
2544,0.2585,19,56,19,536760,68850,65002,42954,0.6377598280781059,0.38419018997531396
2545,0.2586,22,76,22,536836,68774,65024,42932,0.6370558375634517,0.3843302955973717
2546,0.2587,17,60,17,536896,68714,65041,42915,0.6365000555781986,0.3844431106612081
2547,0.2588,26,76,26,536972,68638,65067,42889,0.6357960650635444,0.38456158598366313
2548,0.2589,18,50,18,537022,68588,65085,42871,0.6353329134091666,0.38463470872697586
2549,0.259,18,57,18,537079,68531,65103,42853,0.6348049205231762,0.3847320979673921
2550,0.2591,21,60,21,537139,68471,65124,42832,0.6342491385379229,0.38482340997098013
2551,0.2592,23,62,23,537201,68409,65147,42809,0.6336748304864945,0.38491071589131254
2552,0.2593,16,64,16,537265,68345,65163,42793,0.6330819963688911,0.38504381939570625
2553,0.2594,25,65,25,537330,68280,65188,42768,0.6324798992182,0.38513075426842447
2554,0.2595,21,53,21,537383,68227,65209,42747,0.6319889584645596,0.3851983347450754
2555,0.2596,20,51,20,537434,68176,65229,42727,0.6315165437770943,0.385264600596918
2556,0.2597,26,61,26,537495,68115,65255,42701,0.6309514987587536,0.3853324429685244
2557,0.2598,25,55,25,537550,68060,65280,42676,0.6304420319389381,0.38538505996243316
2558,0.2599,27,54,27,537604,68006,65307,42649,0.6299418281522101,0.3854231620803398
2559,0.26,23,72,23,537676,67934,65330,42626,0.6292748897699063,0.3855463096960926
2560,0.2601,22,72,22,537748,67862,65352,42604,0.6286079513876024,0.3856752303876306
2561,0.2602,25,69,25,537817,67793,65377,42579,0.6279688021045611,0.3857771898669953
2562,0.2603,32,64,32,537881,67729,65409,42547,0.6273759679869576,0.3858228444992564
2563,0.2604,24,54,24,537935,67675,65433,42523,0.6268757642002297,0.38587814660883135
2564,0.2605,21,74,21,538009,67601,65454,42502,0.6261902997517507,0.386020362751242
2565,0.2606,32,62,32,538071,67539,65486,42470,0.6256159917003223,0.3860593224190748
2566,0.2607,25,60,25,538131,67479,65511,42445,0.6250602097150691,0.3861304173792802
2567,0.2608,23,62,23,538193,67417,65534,42422,0.6244859016636407,0.38621983084332523
2568,0.2609,17,77,17,538270,67340,65551,42405,0.623772648115899,0.3863957355688186
2569,0.261,18,55,18,538325,67285,65569,42387,0.6232631812960836,0.38648880297614707
2570,0.2611,22,67,22,538392,67218,65591,42365,0.6226425580792174,0.3866019364317458
2571,0.2612,19,51,19,538443,67167,65610,42346,0.6221701433917523,0.38667555450037894
2572,0.2613,28,77,28,538520,67090,65638,42318,0.6214568898440105,0.3867907282831237
2573,0.2614,19,59,19,538579,67031,65657,42299,0.6209103708918449,0.38689289307600844
2574,0.2615,18,63,18,538642,66968,65675,42281,0.620326799807329,0.38701498411884777
2575,0.2616,14,63,14,538705,66905,65689,42267,0.619743228722813,0.3871597112812809
2576,0.2617,24,60,24,538765,66845,65713,42243,0.6191874467375598,0.3872378263420358
2577,0.2618,24,63,24,538828,66782,65737,42219,0.6186038756530439,0.3873267217731947
2578,0.2619,27,55,27,538883,66727,65764,42192,0.6180944088332283,0.3873704312378924
2579,0.262,32,56,32,538939,66671,65796,42160,0.6175756789803253,0.38738962244213504
2580,0.2621,27,56,27,538995,66615,65823,42133,0.6170569491274223,0.3874370103358223
2581,0.2622,22,63,22,539058,66552,65845,42111,0.6164733780429064,0.3875376162999365
2582,0.2623,27,63,27,539121,66489,65872,42084,0.6158898069583905,0.38761017932635183
2583,0.2624,22,71,22,539192,66418,65894,42062,0.6152321316091741,0.3877396755162242
2584,0.2625,24,58,24,539250,66360,65918,42038,0.614694875690096,0.3878115832395432
2585,0.2626,23,51,23,539301,66309,65941,42015,0.6142224610026307,0.38786418522211147
2586,0.2627,18,58,18,539359,66251,65959,41997,0.6136852050835525,0.3879702165397975
2587,0.2628,16,42,16,539401,66209,65975,41981,0.6132961576938752,0.3880303170348461
2588,0.2629,15,47,15,539448,66162,65990,41966,0.6128607951387602,0.38811408700799055
2589,0.263,23,59,23,539507,66103,66013,41943,0.6123142761865945,0.38819576846898546
2590,0.2631,17,55,17,539562,66048,66030,41926,0.6118048093667791,0.3882971826550836
2591,0.2632,19,54,19,539616,65994,66049,41907,0.6113046055800512,0.38838379625768066
2592,0.2633,24,69,24,539685,65925,66073,41883,0.6106654562970099,0.3884962154942119
2593,0.2634,17,69,17,539754,65856,66090,41866,0.6100263070139686,0.38864855832606154
2594,0.2635,22,53,22,539807,65803,66112,41844,0.6095353662603283,0.38871496651091064
2595,0.2636,31,68,31,539875,65735,66143,41813,0.6089054800103746,0.3887845427158106
2596,0.2637,24,47,24,539922,65688,66167,41789,0.6084701174552596,0.3888180727039274
2597,0.2638,25,53,25,539975,65635,66192,41764,0.6079791767016192,0.38886768033221913
2598,0.2639,20,61,20,540036,65574,66212,41744,0.6074141316832784,0.3889748224901694
2599,0.264,19,59,19,540095,65515,66231,41725,0.6068676127311127,0.3890805669526296
2600,0.2641,20,55,20,540150,65460,66251,41705,0.6063581459112972,0.38916623897727803
2601,0.2642,19,49,19,540199,65411,66270,41686,0.6059042572900071,0.3892359263097939
2602,0.2643,22,76,22,540275,65335,66292,41664,0.6052002667753529,0.3893868166992215
2603,0.2644,29,53,29,540328,65282,66321,41635,0.6047093260217126,0.3894142185059439
2604,0.2645,22,58,22,540386,65224,66343,41613,0.6041720701026344,0.3894998923593886
2605,0.2646,15,62,15,540448,65162,66358,41598,0.6035977620512061,0.38964031472461597
2606,0.2647,15,71,15,540519,65091,66373,41583,0.6029400867019897,0.38981382529951064
2607,0.2648,31,50,31,540569,65041,66404,41552,0.602476935047612,0.3898192188980515
2608,0.2649,17,49,17,540618,64992,66421,41535,0.6020230464263219,0.3899011518206652
2609,0.265,24,64,24,540682,64928,66445,41511,0.6014302123087184,0.3899980270389613
2610,0.2651,22,78,22,540760,64850,66467,41489,0.6007076957278892,0.3901578912722519
2611,0.2652,18,57,18,540817,64793,66485,41471,0.6001797028418986,0.3902638711134533
2612,0.2653,21,57,21,540874,64736,66506,41450,0.599651709955908,0.39035277720226774
2613,0.2654,17,59,17,540933,64677,66523,41433,0.5991051910037423,0.39047215154085385
2614,0.2655,22,74,22,541007,64603,66545,41411,0.5984197265552632,0.3906182202350633
2615,0.2656,15,51,15,541058,64552,66560,41396,0.597947311867798,0.39071997583720314
2616,0.2657,25,57,25,541115,64495,66585,41371,0.5974193189818074,0.3907864659097349
2617,0.2658,31,67,31,541182,64428,66616,41340,0.5967986957649413,0.39085545722713866
2618,0.2659,20,59,20,541241,64369,66636,41320,0.5962521768127755,0.3909583778822773
2619,0.266,20,49,20,541290,64320,66656,41300,0.5957982881914854,0.39102442719181973
2620,0.2661,21,55,21,541345,64265,66677,41279,0.5952888213716699,0.39110702645342227
2621,0.2662,18,55,18,541400,64210,66695,41261,0.5947793545518545,0.3912070616567587
2622,0.2663,14,70,14,541470,64140,66709,41247,0.5941309422357257,0.39138603433061003
2623,0.2664,25,52,25,541522,64088,66734,41222,0.5936492645151729,0.39143481150887854
2624,0.2665,27,54,27,541576,64034,66761,41195,0.593149060728445,0.3914795351091429
2625,0.2666,20,70,20,541646,63964,66781,41175,0.5925006484123161,0.3916244210045749
2626,0.2667,18,58,18,541704,63906,66799,41157,0.591963392493238,0.39173638673938493
2627,0.2668,23,72,23,541776,63834,66822,41134,0.5912964541109341,0.3918718085511775
2628,0.2669,22,49,22,541825,63785,66844,41112,0.590842565489644,0.3919273191797668
2629,0.267,23,68,23,541893,63717,66867,41089,0.5902126792396902,0.39204816518138275
2630,0.2671,30,63,30,541956,63654,66897,41059,0.5896291081551743,0.3921098621947609
2631,0.2672,23,61,23,542017,63593,66920,41036,0.5890640631368336,0.392204838046813
2632,0.2673,24,69,24,542086,63524,66944,41012,0.5884249138537923,0.3923241754036887
2633,0.2674,21,60,21,542146,63464,66965,40991,0.5878691318685391,0.39242736106457327
2634,0.2675,20,73,20,542219,63391,66985,40971,0.5871929304531476,0.3925854238132654
2635,0.2676,23,49,23,542268,63342,67008,40948,0.5867390418318574,0.39263591907181894
2636,0.2677,23,85,23,542353,63257,67031,40925,0.5859516840194153,0.3928221765756081
2637,0.2678,30,53,30,542406,63204,67061,40895,0.5854607432657749,0.3928471935369216
2638,0.2679,25,53,25,542459,63151,67086,40870,0.5849698025121346,0.3929014333644168
2639,0.268,22,60,22,542519,63091,67108,40848,0.5844140205268813,0.3929997402322516
2640,0.2681,24,54,24,542573,63037,67132,40824,0.5839138167401534,0.39306380643359873
2641,0.2682,17,55,17,542628,62982,67149,40807,0.583404349920338,0.39317268689360146
2642,0.2683,18,58,18,542686,62924,67167,40789,0.5828670940012598,0.3932872446077155
2643,0.2684,22,58,22,542744,62866,67189,40767,0.5823298380821816,0.393378557023342
2644,0.2685,21,56,21,542800,62810,67210,40746,0.5818111082292786,0.3934682683765306
2645,0.2686,24,62,24,542862,62748,67234,40722,0.5812368001778503,0.3935633516961438
2646,0.2687,24,53,24,542915,62695,67258,40698,0.5807458594242099,0.3936243265985125
2647,0.2688,17,54,17,542969,62641,67275,40681,0.580245655637482,0.39373028009523625
2648,0.2689,18,51,18,543020,62590,67293,40663,0.5797732409500167,0.393819065789856
2649,0.269,16,59,16,543079,62531,67309,40647,0.579226721997851,0.3939502607144934
2650,0.2691,23,56,23,543135,62475,67332,40624,0.578707992144948,0.39402904004888506
2651,0.2692,19,57,19,543192,62418,67351,40605,0.5781799992589574,0.3941352901779214
2652,0.2693,24,61,24,543253,62357,67375,40581,0.5776149542406166,0.3942275933085935
2653,0.2694,25,48,25,543301,62309,67400,40556,0.5771703286524139,0.39426432703057407
2654,0.2695,13,63,13,543364,62246,67413,40543,0.576586757567898,0.3944293650098746
2655,0.2696,17,79,17,543443,62167,67430,40526,0.5758549779539812,0.39463254554838206
2656,0.2697,25,51,25,543494,62116,67455,40501,0.5753825632665159,0.3946811931746202
2657,0.2698,21,43,21,543537,62073,67476,40480,0.5749842528437512,0.3947227287353856
2658,0.2699,14,46,14,543583,62027,67490,40466,0.5745581533217237,0.3948172070287727
2659,0.27,26,59,26,543642,61968,67516,40440,0.5740116343695579,0.39489102413873917
2660,0.2701,17,55,17,543697,61913,67533,40423,0.5735021675497425,0.39500273608505315
2661,0.2702,27,49,27,543746,61864,67560,40396,0.5730482789284523,0.39503227068257385
2662,0.2703,17,54,17,543800,61810,67577,40379,0.5725480751417245,0.39514037714431105
2663,0.2704,22,50,22,543850,61760,67599,40357,0.5720849234873467,0.3952035410362623
2664,0.2705,15,61,15,543911,61699,67614,40342,0.5715198784690059,0.39535088836840093
2665,0.2706,21,67,21,543978,61632,67635,40321,0.5708992552521398,0.3954861553853246
2666,0.2707,22,52,22,544030,61580,67657,40299,0.570417577531587,0.39555747504392463
2667,0.2708,21,50,21,544080,61530,67678,40278,0.5699544258772092,0.3956270627062706
2668,0.2709,25,58,25,544138,61472,67703,40253,0.5694171699581311,0.39570410420250673
2669,0.271,22,56,22,544194,61416,67725,40231,0.568898440105228,0.395791317008864
2670,0.2711,16,52,16,544246,61364,67741,40215,0.5684167623846752,0.3958987586016795
2671,0.2712,14,43,14,544289,61321,67755,40201,0.5680184519619104,0.39598313666003426
2672,0.2713,23,63,23,544352,61258,67778,40178,0.5674348808773945,0.39609211719705034
2673,0.2714,32,49,32,544401,61209,67810,40146,0.5669809922561043,0.39609294065413647
2674,0.2715,16,61,16,544462,61148,67826,40130,0.5664159472377636,0.3962361026086613
2675,0.2716,30,55,30,544517,61093,67856,40100,0.565906480417948,0.3962724694395857
2676,0.2717,15,73,15,544590,61020,67871,40085,0.5652302790025566,0.39646901735819196
2677,0.2718,25,52,25,544642,60968,67896,40060,0.5647486012820038,0.3965237359939819
2678,0.2719,20,58,20,544700,60910,67916,40040,0.5642113453629256,0.3966319960376424
2679,0.272,21,48,21,544748,60862,67937,40019,0.563766719774723,0.3966951160277951
2680,0.2721,14,59,14,544807,60803,67951,40005,0.5632202008225573,0.39684350448377115
2681,0.2722,20,42,20,544849,60761,67971,39985,0.56283115343288,0.39688920651936554
2682,0.2723,21,41,21,544890,60720,67992,39964,0.5624513690762903,0.3969250327758134
2683,0.2724,26,60,26,544950,60660,68018,39938,0.561895587091037,0.39700590468995406
2684,0.2725,22,50,22,545000,60610,68040,39916,0.5614324354366593,0.3970714044127887
2685,0.2726,19,56,19,545056,60554,68059,39897,0.5609137055837563,0.3971787239549631
2686,0.2727,18,45,18,545101,60509,68077,39879,0.5604968690948164,0.39724867514045503
2687,0.2728,20,68,20,545169,60441,68097,39859,0.5598669828448627,0.39739780658025925
2688,0.2729,23,43,23,545212,60398,68120,39836,0.5594686724220979,0.39743001376778336
2689,0.273,14,43,14,545255,60355,68134,39822,0.559070361999333,0.397516395979117
2690,0.2731,20,54,20,545309,60301,68154,39802,0.5585701582126051,0.3976104612249383
2691,0.2732,21,59,21,545368,60242,68175,39781,0.5580236392604394,0.39771852473930996
2692,0.2733,22,54,22,545422,60188,68197,39759,0.5575234354737115,0.3978008344422544
2693,0.2734,27,44,27,545466,60144,68224,39732,0.5571158620178591,0.39781328847771236
2694,0.2735,15,44,15,545510,60100,68239,39717,0.5567082885620067,0.3978981536211267
2695,0.2736,16,53,16,545563,60047,68255,39701,0.5562173478083664,0.3980129927417091
2696,0.2737,31,51,31,545614,59996,68286,39670,0.5557449331209011,0.3980294182569783
2697,0.2738,16,53,16,545667,59943,68302,39654,0.5552539923672607,0.39814452242537424
2698,0.2739,21,56,21,545723,59887,68323,39633,0.5547352625143577,0.3982415594855305
2699,0.274,25,64,25,545787,59823,68348,39608,0.5541424283967542,0.3983465921091008
2700,0.2741,23,44,23,545831,59779,68371,39585,0.5537348549409018,0.3983837204621392
2701,0.2742,23,63,23,545894,59716,68394,39562,0.5531512838563859,0.39849714941880376
2702,0.2743,17,53,17,545947,59663,68411,39545,0.5526603431027456,0.3986069671800661
2703,0.2744,14,55,14,546002,59608,68425,39531,0.5521508762829301,0.39874317876920284
2704,0.2745,20,65,20,546067,59543,68445,39511,0.5515487791322391,0.398883437317019
2705,0.2746,25,58,25,546125,59485,68470,39486,0.5510115232131609,0.3989653534873852
2706,0.2747,25,60,25,546185,59425,68495,39461,0.5504557412279076,0.39905547802520075
2707,0.2748,31,59,31,546244,59366,68526,39430,0.549909222275742,0.39910522693226447
2708,0.2749,28,45,28,546289,59321,68554,39402,0.549492385786802,0.39911672052105385
2709,0.275,18,51,18,546340,59270,68572,39384,0.5490199710993368,0.39921341253269
2710,0.2751,25,48,25,546388,59222,68597,39359,0.5485753455111342,0.39925543461721835
2711,0.2752,23,43,23,546431,59179,68620,39336,0.5481770350883693,0.39928944830736435
2712,0.2753,19,45,19,546476,59134,68639,39317,0.5477601985994294,0.399356024824532
2713,0.2754,22,53,22,546529,59081,68661,39295,0.5472692578457891,0.39943685451736194
2714,0.2755,19,52,19,546581,59029,68680,39276,0.5467875801252362,0.3995320685621281
2715,0.2756,30,57,30,546638,58972,68710,39246,0.5462595872392456,0.3995805249546926
2716,0.2757,22,40,22,546678,58932,68732,39224,0.5458890659157435,0.3996087860141
2717,0.2758,26,50,26,546728,58882,68758,39198,0.5454259142613658,0.39965334420880916
2718,0.2759,25,56,25,546784,58826,68783,39173,0.5449071844084628,0.39972856865886386
2719,0.276,18,47,18,546831,58779,68801,39155,0.5444718218533476,0.3998100761737497
2720,0.2761,23,56,23,546887,58723,68824,39132,0.5439530920004446,0.3998978079811967
2721,0.2762,36,47,36,546934,58676,68860,39096,0.5435177294453296,0.3998690831730966
2722,0.2763,17,53,17,546987,58623,68877,39079,0.5430267886916892,0.39998157663097994
2723,0.2764,20,59,20,547046,58564,68897,39059,0.5424802697395235,0.4001003861794864
2724,0.2765,14,45,14,547091,58519,68911,39045,0.5420634332505836,0.4001988438358411
2725,0.2766,28,49,28,547140,58470,68939,39017,0.5416095446292934,0.40022772267071505
2726,0.2767,27,49,27,547189,58421,68966,38990,0.5411556560080033,0.400262803995442
2727,0.2768,28,44,28,547233,58377,68994,38962,0.5407480825521509,0.40027121708667646
2728,0.2769,23,66,23,547299,58311,69017,38939,0.5401367223683723,0.40040102827763496
2729,0.277,27,52,27,547351,58259,69044,38912,0.5396550446478194,0.40044869354025375
2730,0.2771,13,44,13,547395,58215,69057,38899,0.5392474711919671,0.4005498692258583
2731,0.2772,21,61,21,547456,58154,69078,38878,0.5386824261736263,0.4006719432764449
2732,0.2773,18,47,18,547503,58107,69096,38860,0.5382470636185113,0.40075489599554487
2733,0.2774,28,46,28,547549,58061,69124,38832,0.5378209640964837,0.40077198559235444
2734,0.2775,23,46,23,547595,58015,69147,38809,0.5373948645744563,0.4008200446170371
2735,0.2776,16,52,16,547647,57963,69163,38793,0.5369131868539034,0.40093637603869525
2736,0.2777,17,58,17,547705,57905,69180,38776,0.5363759309348253,0.4010715652506697
2737,0.2778,17,58,17,547763,57847,69197,38759,0.5358386750157471,0.401206964370743
2738,0.2779,17,58,17,547821,57789,69214,38742,0.5353014190966691,0.401342573888181
2739,0.278,21,50,21,547871,57739,69235,38721,0.5348382674422913,0.40142027783537215
2740,0.2781,24,35,24,547906,57704,69259,38697,0.534514061284227,0.401416997748986
2741,0.2782,26,65,26,547971,57639,69285,38671,0.5339119641335359,0.40152632125428306
2742,0.2783,19,52,19,548023,57587,69304,38652,0.5334302864129831,0.4016251207930257
2743,0.2784,18,48,18,548071,57539,69322,38634,0.5329856608247805,0.4017135786551319
2744,0.2785,25,58,25,548129,57481,69347,38609,0.5324484049057023,0.40180039546258717
2745,0.2786,19,54,19,548183,57427,69366,38590,0.5319482011189745,0.40190799545913747
2746,0.2787,17,49,17,548232,57378,69383,38573,0.5314943124976842,0.4020072745463831
2747,0.2788,17,34,17,548266,57344,69400,38556,0.5311793693727074,0.40204379562043796
2748,0.2789,14,65,14,548331,57279,69414,38542,0.5305772722220163,0.40222915644796026
2749,0.279,27,51,27,548382,57228,69441,38515,0.5301048575345512,0.4022748399360789
2750,0.2791,16,52,16,548434,57176,69457,38499,0.5296231798139983,0.40239351972824666
2751,0.2792,18,54,18,548488,57122,69475,38481,0.5291229760272703,0.40250828948882356
2752,0.2793,21,32,21,548520,57090,69496,38460,0.5288265589684686,0.4025117739403454
2753,0.2794,19,47,19,548567,57043,69515,38441,0.5283911964133536,0.40259101001214864
2754,0.2795,24,60,24,548627,56983,69539,38417,0.5278354144281003,0.4026939203354298
2755,0.2796,31,54,31,548681,56929,69570,38386,0.5273352106413725,0.4027277973036773
2756,0.2797,13,43,13,548724,56886,69583,38373,0.5269369002186076,0.4028280792366076
2757,0.2798,21,50,21,548774,56836,69604,38352,0.5264737485642299,0.40290792957095434
2758,0.2799,19,42,19,548816,56794,69623,38333,0.5260847011745526,0.4029665604928149
2759,0.28,24,45,24,548861,56749,69647,38309,0.5256678646856127,0.4030065854530918
2760,0.2801,19,60,19,548921,56689,69666,38290,0.5251120827003594,0.40314174712304823
2761,0.2802,16,65,16,548986,56624,69682,38274,0.5245099855496684,0.4033172458850555
2762,0.2803,16,45,16,549031,56579,69698,38258,0.5240931490607285,0.40340795259234263
2763,0.2804,25,57,25,549088,56522,69723,38233,0.5235651561747379,0.4034932193551791
2764,0.2805,23,52,23,549140,56470,69746,38210,0.523083478454185,0.40356991972961553
2765,0.2806,28,53,28,549193,56417,69774,38182,0.5225925377005447,0.40361948857810337
2766,0.2807,26,50,26,549243,56367,69800,38156,0.522129386046167,0.40366894829829775
2767,0.2808,15,40,15,549283,56327,69815,38141,0.5217588647226648,0.4037451835542194
2768,0.2809,12,54,12,549337,56273,69827,38129,0.5212586609359369,0.4039003410944683
2769,0.281,12,42,12,549379,56231,69839,38117,0.5208696135462596,0.4040043244159919
2770,0.2811,20,57,20,549436,56174,69859,38097,0.520341620660269,0.4041221584580624
2771,0.2812,18,41,18,549477,56133,69877,38079,0.5199618363036793,0.4041841803591899
2772,0.2813,20,43,20,549520,56090,69897,38059,0.5195635258809145,0.40424221181318976
2773,0.2814,19,44,19,549564,56046,69916,38040,0.5191559524250621,0.4043109495567885
2774,0.2815,22,43,22,549607,56003,69938,38018,0.5187576420022972,0.4043564735537805
2775,0.2816,19,46,19,549653,55957,69957,37999,0.5183315424802697,0.40443399037847505
2776,0.2817,22,38,22,549691,55919,69979,37977,0.5179795472229427,0.4044581238817415
2777,0.2818,21,35,21,549726,55884,70000,37956,0.5176553410648783,0.4044757033248082
2778,0.2819,18,38,18,549764,55846,70018,37938,0.5173033458075512,0.4045252921607097
2779,0.282,21,60,21,549824,55786,70039,37917,0.516747563822298,0.4046508649669701
2780,0.2821,22,43,22,549867,55743,70061,37895,0.5163492533995332,0.4046968111236891
2781,0.2822,21,41,21,549908,55702,70082,37874,0.5159694690429434,0.4047405317602804
2782,0.2823,18,50,18,549958,55652,70100,37856,0.5155063173885657,0.4048423664285409
2783,0.2824,19,58,19,550016,55594,70119,37837,0.5149690614694876,0.4049726536160375
2784,0.2825,24,51,24,550067,55543,70143,37813,0.5144966467820223,0.405040918634046
2785,0.2826,23,47,23,550114,55496,70166,37790,0.5140612842269072,0.40509829985206786
2786,0.2827,23,57,23,550171,55439,70189,37767,0.5135332913409166,0.4051992361006802
2787,0.2828,29,46,29,550217,55393,70218,37738,0.5131071918188892,0.40521416069837113
2788,0.2829,18,49,18,550266,55344,70236,37720,0.512653303197599,0.4053124731367661
2789,0.283,26,54,26,550320,55290,70262,37694,0.5121530994108711,0.4053815710229717
2790,0.2831,14,46,14,550366,55244,70276,37680,0.5117269998888436,0.40549266066893375
2791,0.2832,15,35,15,550401,55209,70291,37665,0.5114027937307792,0.40554945409910204
2792,0.2833,32,56,32,550457,55153,70323,37633,0.5108840638778762,0.4055892052680361
2793,0.2834,18,46,18,550503,55107,70341,37615,0.5104579643558487,0.4056750285800565
2794,0.2835,18,52,18,550555,55055,70359,37597,0.5099762866352958,0.40578724690238743
2795,0.2836,22,37,22,550592,55018,70381,37575,0.5096335544110564,0.40580821444385645
2796,0.2837,27,61,27,550653,54957,70408,37548,0.5090685093927155,0.4059023836549376
2797,0.2838,16,43,16,550696,54914,70424,37532,0.5086701989699507,0.40598836077277545
2798,0.2839,24,52,24,550748,54862,70448,37508,0.508188521249398,0.4060625744289271
2799,0.284,19,50,19,550798,54812,70467,37489,0.5077253695950202,0.40616027995362997
2800,0.2841,17,48,17,550846,54764,70484,37472,0.5072807440068176,0.4062621969729823
2801,0.2842,12,57,12,550903,54707,70496,37460,0.506752751120827,0.4064361430880901
2802,0.2843,19,39,19,550942,54668,70515,37441,0.5063914928304124,0.40648579400492896
2803,0.2844,16,44,16,550986,54624,70531,37425,0.50598391937456,0.4065769318515139
2804,0.2845,15,59,15,551045,54565,70546,37410,0.5054374004223943,0.406740962217994
2805,0.2846,21,39,21,551084,54526,70567,37389,0.5050761421319797,0.4067780014143502
2806,0.2847,20,37,20,551121,54489,70587,37369,0.5047334099077402,0.40681268915064556
2807,0.2848,25,48,25,551169,54441,70612,37344,0.5042887843195376,0.4068638666448766
2808,0.2849,15,54,15,551223,54387,70627,37329,0.5037885805328096,0.4070064110951197
2809,0.285,22,40,22,551263,54347,70649,37307,0.5034180592093075,0.4070417003076789
2810,0.2851,22,46,22,551309,54301,70671,37285,0.50299195968728,0.4071037058065643
2811,0.2852,28,55,28,551364,54246,70699,37257,0.5024824928674645,0.40716697813186453
2812,0.2853,25,52,25,551416,54194,70724,37232,0.5020008151469117,0.4072364535252554
2813,0.2854,24,48,24,551464,54146,70748,37208,0.5015561895587091,0.407294699739475
2814,0.2855,17,44,17,551508,54102,70765,37191,0.5011486161028568,0.40738063159278365
2815,0.2856,15,48,15,551556,54054,70780,37176,0.5007039905146541,0.40749753370601777
2816,0.2857,15,41,15,551597,54013,70795,37161,0.5003242061580644,0.40758330225722245
2817,0.2858,20,34,20,551631,53979,70815,37141,0.5000092630330876,0.40760535557506583
2818,0.2859,14,52,14,551683,53927,70829,37127,0.4995275853125347,0.40774705120038657
2819,0.286,10,44,10,551727,53883,70839,37117,0.49912001185668237,0.40787912087912087
2820,0.2861,12,42,12,551769,53841,70851,37105,0.4987309644670051,0.40798935632133354
2821,0.2862,15,37,15,551806,53804,70866,37090,0.49838823224276557,0.40805773758443903
2822,0.2863,16,40,16,551846,53764,70882,37074,0.4980177109192634,0.40813316013122264
2823,0.2864,16,57,16,551903,53707,70898,37058,0.4974897180332728,0.4082851319341156
2824,0.2865,21,45,21,551948,53662,70919,37037,0.4970728815443329,0.4083506984641507
2825,0.2866,23,56,23,552004,53606,70942,37014,0.49655415169142986,0.4084528801589053
2826,0.2867,15,49,15,552053,53557,70957,36999,0.4961002630701397,0.4085759088298953
2827,0.2868,23,44,23,552097,53513,70980,36976,0.4956926896142873,0.40862425267159547
2828,0.2869,25,48,25,552145,53465,71005,36951,0.4952480640260847,0.408677667669439
2829,0.287,17,31,17,552176,53434,71022,36934,0.4949609100003705,0.40870662181303113
2830,0.2871,21,56,21,552232,53378,71043,36913,0.4944421801474675,0.40882258475374067
2831,0.2872,24,45,24,552277,53333,71067,36889,0.49402534365852757,0.4088692336680632
2832,0.2873,14,49,14,552326,53284,71081,36875,0.49357145503723737,0.40899965616300094
2833,0.2874,20,47,20,552373,53237,71101,36855,0.49313609248212237,0.40908182746525773
2834,0.2875,14,45,14,552418,53192,71115,36841,0.4927192559931824,0.4091944064953961
2835,0.2876,18,56,18,552474,53136,71133,36823,0.49220052614027937,0.4093309174179348
2836,0.2877,24,52,24,552526,53084,71157,36799,0.4917188484197266,0.4094100107918071
2837,0.2878,24,64,24,552590,53020,71181,36775,0.4911260143021231,0.4095439612450582
2838,0.2879,16,52,16,552642,52968,71197,36759,0.49064433658157025,0.40967601725233205
2839,0.288,15,50,15,552692,52918,71212,36744,0.49018118492719254,0.40980571479556555
2840,0.2881,22,68,22,552760,52850,71234,36722,0.4895512986772389,0.40997186620819004
2841,0.2882,20,39,20,552799,52811,71254,36702,0.4891900403868243,0.41001865650799324
2842,0.2883,14,42,14,552841,52769,71268,36688,0.48880099299714697,0.4101188280402875
2843,0.2884,9,39,9,552880,52730,71277,36679,0.48843973470673235,0.41023834289612904
2844,0.2885,14,57,14,552937,52673,71291,36665,0.48791174182074176,0.4104076652712172
2845,0.2886,14,40,14,552977,52633,71305,36651,0.48754122049723964,0.41049908158236637
2846,0.2887,23,37,23,553014,52596,71328,36628,0.4871984882730001,0.410517349592038
2847,0.2888,14,40,14,553054,52556,71342,36614,0.4868279669494979,0.4106089491981608
2848,0.2889,22,53,22,553107,52503,71364,36592,0.48633702619585756,0.4107076715865088
2849,0.289,19,42,19,553149,52461,71383,36573,0.4859479788061803,0.41077565873711164
2850,0.2891,18,40,18,553189,52421,71401,36555,0.4855774574826781,0.41084112569681713
2851,0.2892,26,55,26,553244,52366,71427,36529,0.48506799066286266,0.41092299904381574
2852,0.2893,14,39,14,553283,52327,71441,36515,0.48470673237244805,0.4110105580693816
2853,0.2894,22,38,22,553321,52289,71463,36493,0.48435473711512095,0.4110405262327949
2854,0.2895,32,45,32,553366,52244,71495,36461,0.48393790062618103,0.41103658192886533
2855,0.2896,14,43,14,553409,52201,71509,36447,0.4835395902034162,0.4111429473874199
2856,0.2897,17,45,17,553454,52156,71526,36430,0.48312275371447627,0.4112387961980448
2857,0.2898,12,41,12,553495,52115,71538,36418,0.4827429693578865,0.41134944032168796
2858,0.2899,12,43,12,553538,52072,71550,36406,0.48234465893512174,0.41146951784624425
2859,0.29,17,44,17,553582,52028,71567,36389,0.48193708547926933,0.4115611251229967
2860,0.2901,17,52,17,553634,51976,71584,36372,0.48145540775871654,0.4116901344682392
2861,0.2902,19,51,19,553685,51925,71603,36353,0.48098299307125125,0.41180135481093816
2862,0.2903,19,46,19,553731,51879,71622,36334,0.48055689354922376,0.4118894040560915
2863,0.2904,22,44,22,553775,51835,71644,36312,0.48014932009337136,0.4119482228550036
2864,0.2905,15,37,15,553812,51798,71659,36297,0.4798065878691319,0.4120211135705772
2865,0.2906,22,38,22,553850,51760,71681,36275,0.4794545926118048,0.4120520247628784
2866,0.2907,16,61,16,553911,51699,71697,36259,0.478889547593464,0.41223083744514427
2867,0.2908,21,42,21,553953,51657,71718,36238,0.4785005002037867,0.41228738836111267
2868,0.2909,21,34,21,553987,51623,71739,36217,0.4781855570788099,0.41230646630236795
2869,0.291,17,45,17,554032,51578,71756,36200,0.47776872058986997,0.41240401923033104
2870,0.2911,20,42,20,554074,51536,71776,36180,0.47737967320019264,0.41246750877833005
2871,0.2912,20,44,20,554118,51492,71796,36160,0.4769720997443403,0.41254050107242274
2872,0.2913,16,35,16,554153,51457,71812,36144,0.4766478935862759,0.41259802970285725
2873,0.2914,18,40,18,554193,51417,71830,36126,0.4762773722627737,0.41266577567595353
2874,0.2915,14,49,14,554242,51368,71844,36112,0.4758234836414836,0.4128029263831733
2875,0.2916,16,57,16,554299,51311,71860,36096,0.475295490755493,0.41296463669957784
2876,0.2917,13,50,13,554349,51261,71873,36083,0.4748323391011153,0.413113665506503
2877,0.2918,17,36,17,554385,51225,71890,36066,0.4744988699099633,0.4131697425851462
2878,0.2919,16,34,16,554419,51191,71906,36050,0.4741839267849865,0.4132231404958678
2879,0.292,20,47,20,554466,51144,71926,36030,0.47374856422987144,0.41331130841764746
2880,0.2921,20,51,20,554517,51093,71946,36010,0.47327614954240615,0.4134185963744073
2881,0.2922,20,44,20,554561,51049,71966,35990,0.4728685760865538,0.41349280207722977
2882,0.2923,16,39,16,554600,51010,71982,35974,0.4725073177961392,0.4135703117814771
2883,0.2924,24,52,24,554652,50958,72006,35950,0.47202564007558634,0.4136558199475307
2884,0.2925,18,49,18,554701,50909,72024,35932,0.4715717514542962,0.4137676903766654
2885,0.2926,22,49,22,554750,50860,72046,35910,0.47111786283300605,0.4138527140716838
2886,0.2927,11,43,11,554793,50817,72057,35899,0.4707195524102412,0.4139835785783477
2887,0.2928,13,45,13,554838,50772,72070,35886,0.4703027159213013,0.4141106418334141
2888,0.2929,16,42,16,554880,50730,72086,35870,0.469913668531624,0.41420323325635106
2889,0.293,12,54,12,554934,50676,72098,35858,0.4694134647448961,0.41438047472669703
2890,0.2931,18,46,18,554980,50630,72116,35840,0.4689873652228686,0.41447901006129295
2891,0.2932,16,46,16,555026,50584,72132,35824,0.46856126570084106,0.4145912415517082
2892,0.2933,11,44,11,555070,50540,72143,35813,0.4681536922449887,0.4147279191226709
2893,0.2934,19,40,19,555110,50500,72162,35794,0.4677831709214865,0.41479129487565763
2894,0.2935,19,51,19,555161,50449,72181,35775,0.46731075623402124,0.41490768231582853
2895,0.2936,17,38,17,555199,50411,72198,35758,0.4669587609766942,0.41497522310807833
2896,0.2937,24,38,24,555237,50373,72222,35734,0.46660676571936716,0.41499529654964173
2897,0.2938,13,43,13,555280,50330,72235,35721,0.4662084552966023,0.415114292686895
2898,0.2939,16,33,16,555313,50297,72251,35705,0.465902775204713,0.4151647636101486
2899,0.294,14,46,14,555359,50251,72265,35691,0.4654766756826855,0.41529170836145307
2900,0.2941,17,45,17,555404,50206,72282,35674,0.4650598391937456,0.4153935724266418
2901,0.2942,18,37,18,555441,50169,72300,35656,0.4647171069695061,0.4154500436935625
2902,0.2943,21,46,21,555487,50123,72321,35635,0.4642910074474786,0.41552974649595376
2903,0.2944,14,45,14,555532,50078,72335,35621,0.46387417095853867,0.41565245802168055
2904,0.2945,16,35,16,555567,50043,72351,35605,0.4635499648004743,0.41571315150382965
2905,0.2946,20,47,20,555614,49996,72371,35585,0.4631146022453592,0.4158049099683341
2906,0.2947,23,41,23,555655,49955,72394,35562,0.4627348178887695,0.41584714150402846
2907,0.2948,11,36,11,555691,49919,72405,35551,0.46240134869761756,0.4159471159471159
2908,0.2949,24,48,24,555739,49871,72429,35527,0.46195672310941494,0.41601676854258884
2909,0.295,24,48,24,555787,49823,72453,35503,0.46151209752121236,0.4160865386869184
2910,0.2951,19,52,19,555839,49771,72472,35484,0.4610304198006595,0.4162101929505601
2911,0.2952,19,42,19,555881,49729,72491,35465,0.46064137241098224,0.41628518440265744
2912,0.2953,17,40,17,555921,49689,72508,35448,0.46027085108748006,0.4163642129743825
2913,0.2954,13,35,13,555956,49654,72521,35435,0.45994664492941567,0.41644630915864567
2914,0.2955,18,36,18,555992,49618,72539,35417,0.4596131757382637,0.4164990886105721
2915,0.2956,18,47,18,556039,49571,72557,35399,0.4591778131831487,0.41660586089207957
2916,0.2957,20,51,20,556090,49520,72577,35379,0.4587053984956834,0.4167186892660691
2917,0.2958,13,34,13,556124,49486,72590,35366,0.4583904553707066,0.41679630415311364
2918,0.2959,14,57,14,556181,49429,72604,35352,0.457862462484716,0.41698021962468007
2919,0.296,25,47,25,556228,49382,72629,35327,0.45742709992960096,0.4170395117401929
2920,0.2961,16,36,16,556264,49346,72645,35311,0.457093630738449,0.4171066775340492
2921,0.2962,23,49,23,556313,49297,72668,35288,0.45663974211715885,0.4171898090678016
2922,0.2963,26,39,26,556352,49258,72694,35262,0.45627848382674424,0.41720302886890676
2923,0.2964,13,46,13,556398,49212,72707,35249,0.45585238430471675,0.4173405477084098
2924,0.2965,14,42,14,556440,49170,72721,35235,0.4554633369150395,0.41745157277412476
2925,0.2966,16,36,16,556476,49134,72737,35219,0.4551298677238875,0.41751923464488516
2926,0.2967,31,42,31,556518,49092,72768,35188,0.45474082033421026,0.41751305173232084
2927,0.2968,17,48,17,556566,49044,72785,35171,0.45429619474600763,0.4176334382235944
2928,0.2969,16,32,16,556598,49012,72801,35155,0.4539997776872059,0.4176815141326173
2929,0.297,21,52,21,556650,48960,72822,35134,0.4535180999666531,0.41779437296358835
2930,0.2971,22,49,22,556699,48911,72844,35112,0.4530642113453629,0.4178855789486212
2931,0.2972,21,52,21,556751,48859,72865,35091,0.4525825336248101,0.4179988088147707
2932,0.2973,20,51,20,556802,48808,72885,35071,0.4521101189373448,0.41811418829504404
2933,0.2974,23,56,23,556858,48752,72908,35048,0.4515913890844418,0.4182338902147971
2934,0.2975,12,29,12,556887,48723,72920,35036,0.4513227611249027,0.4182953473656562
2935,0.2976,16,44,16,556931,48679,72936,35020,0.45091518766905037,0.4184040430590569
2936,0.2977,15,42,15,556973,48637,72951,35005,0.4505261402793731,0.4185098395542909
2937,0.2978,16,40,16,557013,48597,72967,34989,0.4501556189558709,0.4185988084128921
2938,0.2979,16,42,16,557055,48555,72983,34973,0.44976657156619365,0.4186979216550139
2939,0.298,19,49,19,557104,48506,73002,34954,0.44931268294490345,0.41881140666187394
2940,0.2981,16,40,16,557144,48466,73018,34938,0.4489421616214013,0.41890077214522087
2941,0.2982,24,46,24,557190,48420,73042,34914,0.44851606209937384,0.4189646482828137
2942,0.2983,22,54,22,557244,48366,73064,34892,0.4480158583126459,0.4190828508972111
2943,0.2984,24,38,24,557282,48328,73088,34868,0.44766386305531886,0.4191066878215299
2944,0.2985,20,46,20,557328,48282,73108,34848,0.44723776353329137,0.41919884518224465
2945,0.2986,21,49,21,557377,48233,73129,34827,0.44678387491200117,0.4192993017096075
2946,0.2987,18,28,18,557405,48205,73147,34809,0.44652450998554966,0.4193148143686607
2947,0.2988,21,45,21,557450,48160,73168,34788,0.44610767349660974,0.4193952837922554
2948,0.2989,14,50,14,557500,48110,73182,34774,0.445644521842232,0.419550214757975
2949,0.299,18,50,18,557550,48060,73200,34756,0.4451813701878543,0.4196773570324575
2950,0.2991,18,40,18,557590,48020,73218,34738,0.4448108488643521,0.4197539814881945
2951,0.2992,17,32,17,557622,47988,73235,34721,0.4445144318055504,0.4197971200232139
2952,0.2993,20,45,20,557667,47943,73255,34701,0.44409759531661047,0.4198852911282126
2953,0.2994,20,50,20,557717,47893,73275,34681,0.44363444366223276,0.4199990311720396
2954,0.2995,17,32,17,557749,47861,73292,34664,0.443338026603431,0.42004241139048776
2955,0.2996,10,41,10,557790,47820,73302,34654,0.4429582422468413,0.4201809054974901
2956,0.2997,11,40,11,557830,47780,73313,34643,0.44258772092333915,0.42030743845771207
2957,0.2998,25,35,25,557865,47745,73338,34618,0.44226351476527476,0.42031009069606495
2958,0.2999,25,44,25,557909,47701,73363,34593,0.44185594130942235,0.4203587138795052
2959,0.3,13,42,13,557951,47659,73376,34580,0.4414668939197451,0.4204817665584455
2960,0.3001,14,43,14,557994,47616,73390,34566,0.44106858349698025,0.4206030517631598
2961,0.3002,12,57,12,558051,47559,73402,34554,0.44054059061098966,0.42081034671732853
2962,0.3003,19,36,19,558087,47523,73421,34535,0.4402071214198377,0.42086085451753635
2963,0.3004,21,47,21,558134,47476,73442,34514,0.43977175886472264,0.42095377485059154
2964,0.3005,20,41,20,558175,47435,73462,34494,0.43939197450813294,0.4210230809603437
2965,0.3006,14,37,14,558212,47398,73476,34480,0.4390492422838934,0.42111434084857957
2966,0.3007,17,50,17,558262,47348,73493,34463,0.4385860906295157,0.4212514209580619
2967,0.3008,15,30,15,558292,47318,73508,34448,0.4383081996368891,0.4212998067656483
2968,0.3009,19,41,19,558333,47277,73527,34429,0.43792841528029935,0.42137664308618705
2969,0.301,16,37,16,558370,47240,73543,34413,0.4375856830560599,0.4214542025400169
2970,0.3011,20,36,20,558406,47204,73563,34393,0.4372522138649079,0.42149833939973286
2971,0.3012,20,40,20,558446,47164,73583,34373,0.43688169254140574,0.42156321669916724
2972,0.3013,18,43,18,558489,47121,73601,34355,0.4364833821186409,0.42165791153223037
2973,0.3014,12,36,12,558525,47085,73613,34343,0.436149912927489,0.4217591000638601
2974,0.3015,19,29,19,558554,47056,73632,34324,0.4358812849679499,0.42177439174244286
2975,0.3016,17,41,17,558595,47015,73649,34307,0.43550150061136017,0.4218661616782666
2976,0.3017,18,42,18,558637,46973,73667,34289,0.4351124532216829,0.421956141862125
2977,0.3018,19,30,19,558667,46943,73686,34270,0.4348345622290563,0.421976777116964
2978,0.3019,19,33,19,558700,46910,73705,34251,0.434528882137167,0.42201303581769567
2979,0.302,16,46,16,558746,46864,73721,34235,0.4341027826151395,0.42213837408599364
2980,0.3021,12,33,12,558779,46831,73733,34223,0.4337971025232502,0.42222468971303084
2981,0.3022,17,35,17,558814,46796,73750,34206,0.4334728963651858,0.4222858694847041
2982,0.3023,18,41,18,558855,46755,73768,34188,0.43309311200859607,0.42237129832104076
2983,0.3024,11,42,11,558897,46713,73779,34177,0.4327040646189188,0.4225120534058598
2984,0.3025,24,47,24,558944,46666,73803,34153,0.43226870206380374,0.42258627302985685
2985,0.3026,11,38,11,558982,46628,73814,34142,0.4319167068064767,0.42270645041475796
2986,0.3027,17,50,17,559032,46578,73831,34125,0.431453555152099,0.42284673432214415
2987,0.3028,18,39,18,559071,46539,73849,34107,0.4310922968616844,0.42292240160702327
2988,0.3029,20,42,20,559113,46497,73869,34087,0.4307032494720071,0.4229996028988385
2989,0.303,18,45,18,559158,46452,73887,34069,0.4302864129830672,0.423107015561158
2990,0.3031,15,32,15,559190,46420,73902,34054,0.42998999592426546,0.42316773119268336
2991,0.3032,17,46,17,559236,46374,73919,34037,0.42956389640223797,0.42328785862630736
2992,0.3033,16,40,16,559276,46334,73935,34021,0.4291933750787358,0.4233837346773692
2993,0.3034,24,43,24,559319,46291,73959,33997,0.42879506465597095,0.42343812275807097
2994,0.3035,16,41,16,559360,46250,73975,33981,0.42841528029938125,0.42353952960825614
2995,0.3036,24,37,24,559397,46213,73999,33957,0.4280725480751417,0.42356242983659725
2996,0.3037,12,30,12,559427,46183,74011,33945,0.4277946570825151,0.42363468450479236
2997,0.3038,24,35,24,559462,46148,74035,33921,0.4274704509244507,0.4236471043724787
2998,0.3039,17,40,17,559502,46108,74052,33904,0.42709992960094856,0.42373643953406986
2999,0.304,19,39,19,559541,46069,74071,33885,0.42673867131053395,0.4238061885584211
3000,0.3041,22,40,22,559581,46029,74093,33863,0.42636814998703176,0.4238597106093226
3001,0.3042,14,36,14,559617,45993,74107,33849,0.4260346807958798,0.423949800856692
3002,0.3043,16,49,16,559666,45944,74123,33833,0.42558079217458966,0.4240946638755531
3003,0.3044,21,31,21,559697,45913,74144,33812,0.42529363814887544,0.42410787080589524
3004,0.3045,25,38,25,559735,45875,74169,33787,0.4249416428915484,0.4241294469132083
3005,0.3046,19,37,19,559772,45838,74188,33768,0.4245989106673089,0.4241891314725021
3006,0.3047,21,34,21,559806,45804,74209,33747,0.42428396754233205,0.42421842591545045
3007,0.3048,13,43,13,559849,45761,74222,33734,0.4238856571195672,0.42435373293917855
3008,0.3049,21,35,21,559884,45726,74243,33713,0.42356145096150283,0.4243885245282544
3009,0.305,25,37,25,559921,45689,74268,33688,0.42321871873726336,0.424405054360835
3010,0.3051,20,37,20,559958,45652,74288,33668,0.4228759865130238,0.42445789208270296
3011,0.3052,21,41,21,559999,45611,74309,33647,0.4224962021564341,0.4245249690882939
3012,0.3053,18,37,18,560036,45574,74327,33629,0.4221534699321946,0.42459250280923705
3013,0.3054,24,34,24,560070,45540,74351,33605,0.42183852680721773,0.4246004169562196
3014,0.3055,18,38,18,560108,45502,74369,33587,0.4214865315498907,0.4246734691297146
3015,0.3056,18,40,18,560148,45462,74387,33569,0.4211160102263885,0.4247573736888057
3016,0.3057,16,37,16,560185,45425,74403,33553,0.42077327800214903,0.4248398288130872
3017,0.3058,18,33,18,560218,45392,74421,33535,0.4204675979102597,0.4248862873287975
3018,0.3059,15,41,15,560259,45351,74436,33520,0.42008781355367003,0.42499778118700154
3019,0.306,20,30,20,560289,45321,74456,33500,0.4198099225610434,0.42501363849735474
3020,0.3061,18,35,18,560324,45286,74474,33482,0.419485716402979,0.4250710948608572
3021,0.3062,19,47,19,560371,45239,74493,33463,0.41905035384786393,0.4251861452059668
3022,0.3063,20,28,20,560399,45211,74513,33443,0.4187909889214124,0.4251913443690086
3023,0.3064,18,41,18,560440,45170,74531,33425,0.4184112045648227,0.4252815064571538
3024,0.3065,21,41,21,560481,45129,74552,33404,0.418031420208233,0.42534985292806843
3025,0.3066,18,30,18,560511,45099,74570,33386,0.4177535292156064,0.42538064598330894
3026,0.3067,20,39,20,560550,45060,74590,33366,0.41739227092519177,0.4254456430265473
3027,0.3068,15,35,15,560585,45025,74605,33351,0.4170680647671273,0.4255256711238134
3028,0.3069,24,38,24,560623,44987,74629,33327,0.4167160695098003,0.42555609469571215
3029,0.307,22,25,22,560648,44962,74651,33305,0.4164844936826114,0.4255305556620287
3030,0.3071,14,30,14,560678,44932,74665,33291,0.41620660268998483,0.42559093872646153
3031,0.3072,16,36,16,560714,44896,74681,33275,0.41587313349883287,0.4256693658773714
3032,0.3073,22,48,22,560762,44848,74703,33253,0.41542850791063024,0.42576919629710247
3033,0.3074,21,49,21,560811,44799,74724,33232,0.4149746192893401,0.42588202124796554
3034,0.3075,28,43,28,560854,44756,74752,33204,0.41457630886657526,0.425910723447922
3035,0.3076,13,33,13,560887,44723,74765,33191,0.41427062877468596,0.4259953281823549
3036,0.3077,16,45,16,560932,44678,74781,33175,0.41385379228574604,0.4261235918975505
3037,0.3078,17,41,17,560973,44637,74798,33158,0.41347400792915634,0.4262227649591876
3038,0.3079,16,31,16,561004,44606,74814,33142,0.4131868539034421,0.4262746308586716
3039,0.308,21,42,21,561046,44564,74835,33121,0.41279780651376485,0.4263500032181245
3040,0.3081,18,39,18,561085,44525,74853,33103,0.41243654822335024,0.42643118462410473
3041,0.3082,17,30,17,561115,44495,74870,33086,0.41215865723072365,0.4264703986800892
3042,0.3083,10,48,10,561163,44447,74880,33076,0.411714031642521,0.42666047495581955
3043,0.3084,20,50,20,561213,44397,74900,33056,0.4112508799881433,0.4267878584431849
3044,0.3085,21,42,21,561255,44355,74921,33035,0.41086183259846604,0.42686393590903216
3045,0.3086,16,43,16,561298,44312,74937,33019,0.4104635221757012,0.4269827106852362
3046,0.3087,17,34,17,561332,44278,74954,33002,0.4101485790507244,0.42704451345755695
3047,0.3088,20,30,20,561362,44248,74974,32982,0.40987068805809773,0.4270620225301049
3048,0.3089,22,51,22,561413,44197,74996,32960,0.4093982733706325,0.4271809427530879
3049,0.309,24,34,24,561447,44163,75020,32936,0.40908333024565563,0.4271910141506375
3050,0.3091,13,32,13,561479,44131,75033,32923,0.4087869131868539,0.4272717834246113
3051,0.3092,22,42,22,561521,44089,75055,32901,0.40839786579717663,0.42734121314456425
3052,0.3093,20,42,20,561563,44047,75075,32881,0.40800881840749936,0.42742564475873546
3053,0.3094,11,46,11,561609,44001,75086,32870,0.4075827188854719,0.42759948485124427
3054,0.3095,16,33,16,561642,43968,75102,32854,0.40727703879358257,0.42766395043086614
3055,0.3096,14,30,14,561672,43938,75116,32840,0.4069991478009559,0.42772669254213447
3056,0.3097,14,43,14,561715,43895,75130,32826,0.40660083737819114,0.42786199345681103
3057,0.3098,13,28,13,561743,43867,75143,32813,0.40634147245173957,0.42792123109024516
3058,0.3099,28,35,28,561778,43832,75171,32785,0.4060172662936752,0.42790764451753527
3059,0.31,17,51,17,561829,43781,75188,32768,0.40554485160620996,0.428065683418464
3060,0.3101,19,48,19,561877,43733,75207,32749,0.4051002260180073,0.4281922543866531
3061,0.3102,17,30,17,561907,43703,75224,32732,0.40482233502538073,0.42823313926865963
3062,0.3103,22,36,22,561943,43667,75246,32710,0.4044888658342288,0.4282702907943491
3063,0.3104,24,29,24,561972,43638,75270,32686,0.4042202378746897,0.42825323620355327
3064,0.3105,15,37,15,562009,43601,75285,32671,0.40387750565045016,0.4283485420599958
3065,0.3106,20,34,20,562043,43567,75305,32651,0.40356256252547335,0.4283896192500459
3066,0.3107,27,26,27,562069,43541,75332,32624,0.4033217236651969,0.42833322392174883
3067,0.3108,16,38,16,562107,43503,75348,32608,0.4029697284078699,0.42842690281299683
3068,0.3109,13,31,13,562138,43472,75361,32595,0.4026825743821557,0.42850381900166956
3069,0.311,27,33,27,562171,43439,75388,32568,0.4023768942902664,0.42848684989540436
3070,0.3111,13,39,13,562210,43400,75401,32555,0.4020156359998518,0.42860904482917517
3071,0.3112,12,41,12,562251,43359,75413,32543,0.40163585164326204,0.4287502305604595
3072,0.3113,16,33,16,562284,43326,75429,32527,0.4013301715513728,0.428816263035081
3073,0.3114,16,42,16,562326,43284,75445,32511,0.40094112416169553,0.4289333069463685
3074,0.3115,25,41,25,562367,43243,75470,32486,0.4005613398051058,0.42897701012822037
3075,0.3116,17,35,17,562402,43208,75487,32469,0.4002371336470414,0.42904713453228854
3076,0.3117,20,35,20,562437,43173,75507,32449,0.399912927488977,0.4290947078892386
3077,0.3118,19,40,19,562477,43133,75526,32430,0.3995424061654748,0.42917830154970027
3078,0.3119,20,43,20,562520,43090,75546,32410,0.39914409574271,0.42927152317880796
3079,0.312,26,42,26,562562,43048,75572,32384,0.3987550483530327,0.4293138190688302
3080,0.3121,17,31,17,562593,43017,75589,32367,0.39846789432731855,0.4293616682585164
3081,0.3122,18,35,18,562628,42982,75607,32349,0.39814368816925416,0.4294248051930812
3082,0.3123,11,28,11,562656,42954,75618,32338,0.3978843232428026,0.42950114221962493
3083,0.3124,15,44,15,562700,42910,75633,32323,0.39747674978695025,0.42963858944877914
3084,0.3125,23,30,23,562730,42880,75656,32300,0.3971988587943236,0.42963554136738497
3085,0.3126,24,32,24,562762,42848,75680,32276,0.39690244173552186,0.4296363345934721
3086,0.3127,16,33,16,562795,42815,75696,32260,0.3965967616436326,0.4297036297036297
3087,0.3128,15,36,15,562831,42779,75711,32245,0.39626329245248065,0.42979579867775647
3088,0.3129,10,35,10,562866,42744,75721,32235,0.39593908629441626,0.42992037770575764
3089,0.313,15,43,15,562909,42701,75736,32220,0.39554077587165143,0.4300529891485698
3090,0.3131,16,37,16,562946,42664,75752,32204,0.3951980436474119,0.43014371961318587
3091,0.3132,21,35,21,562981,42629,75773,32183,0.3948738374893475,0.4301849970592953
3092,0.3133,14,36,14,563017,42593,75787,32169,0.39454036829819555,0.43028543912682915
3093,0.3134,17,36,17,563053,42557,75804,32152,0.3942068991070436,0.4303631423255565
3094,0.3135,17,39,17,563092,42518,75821,32135,0.393845640816629,0.4304582535196174
3095,0.3136,18,42,18,563134,42476,75839,32117,0.3934565934269517,0.43056318957542933
3096,0.3137,19,37,19,563171,42439,75858,32098,0.3931138612027122,0.4306317667735487
3097,0.3138,15,30,15,563201,42409,75873,32083,0.3928359702100856,0.4306905439510283
3098,0.3139,12,37,12,563238,42372,75885,32071,0.39249323798584607,0.4308128366669801
3099,0.314,21,47,21,563285,42325,75906,32050,0.39205787543073106,0.43092436974789916
3100,0.3141,17,43,17,563328,42282,75923,32033,0.3916595650079662,0.4310435309156967
3101,0.3142,20,42,20,563370,42240,75943,32013,0.39127051761828896,0.4311340955920973
3102,0.3143,15,42,15,563412,42198,75958,31998,0.39088147022861164,0.4312631408701278
3103,0.3144,10,28,10,563440,42170,75968,31988,0.3906221053021601,0.43134928126432753
3104,0.3145,17,29,17,563469,42141,75985,31971,0.39035347734262105,0.43138762953367876
3105,0.3146,20,30,20,563499,42111,76005,31951,0.39007558634999445,0.4314088196376009
3106,0.3147,15,43,15,563542,42068,76020,31936,0.3896772759272296,0.43154424085184584
3107,0.3148,17,27,17,563569,42041,76037,31919,0.3894271740338657,0.43157111952406707
3108,0.3149,21,33,21,563602,42008,76058,31898,0.38912149394197637,0.43160230563147783
3109,0.315,20,42,20,563644,41966,76078,31878,0.3887324465522991,0.43169384107036457
3110,0.3151,21,31,21,563675,41935,76099,31857,0.3884452925265849,0.4317134648742411
3111,0.3152,20,34,20,563709,41901,76119,31837,0.38813034940160807,0.43175838780547343
3112,0.3153,14,29,14,563738,41872,76133,31823,0.387861721442069,0.4318203405929846
3113,0.3154,12,36,12,563774,41836,76145,31811,0.387528252250917,0.43193884340163213
3114,0.3155,19,38,19,563812,41798,76164,31792,0.38717625699359,0.43201521945916566
3115,0.3156,18,38,18,563850,41760,76182,31774,0.38682426173626294,0.4320994369951315
3116,0.3157,20,32,20,563882,41728,76202,31754,0.3865278446774612,0.43213303938379466
3117,0.3158,17,38,17,563920,41690,76219,31737,0.3861758494201341,0.4322252032631049
3118,0.3159,12,26,12,563946,41664,76231,31725,0.38593501055985774,0.4322854923762417
3119,0.316,24,32,24,563978,41632,76255,31701,0.385638593501056,0.43228832858331173
3120,0.3161,17,38,17,564016,41594,76272,31684,0.3852865982437289,0.43238079641911625
3121,0.3162,14,33,14,564049,41561,76286,31670,0.38498091815183966,0.43246712457838893
3122,0.3163,12,39,12,564088,41522,76298,31658,0.38461965986142505,0.4326045367586772
3123,0.3164,12,30,12,564118,41492,76310,31646,0.3843417688687984,0.43268888949656814
3124,0.3165,16,43,16,564161,41449,76326,31630,0.38394345844603356,0.432819277767895
3125,0.3166,18,25,18,564186,41424,76344,31612,0.3837118826188447,0.43282764664001316
3126,0.3167,19,36,19,564222,41388,76363,31593,0.38337841342769274,0.43289349282690015
3127,0.3168,24,24,24,564246,41364,76387,31569,0.38315610063359146,0.43284932746493354
3128,0.3169,16,35,16,564281,41329,76403,31553,0.38283189447552707,0.4329326857111495
3129,0.317,15,56,15,564337,41273,76418,31538,0.38231316462262405,0.4331488374009422
3130,0.3171,11,39,11,564376,41234,76429,31527,0.38195190633220943,0.43329530930031196
3131,0.3172,15,29,15,564405,41205,76444,31512,0.38168327837267035,0.4333512108585338
3132,0.3173,19,45,19,564450,41160,76463,31493,0.38126644188373043,0.43347143270064553
3133,0.3174,13,34,13,564484,41126,76476,31480,0.38095149875875356,0.43357298294906754
3134,0.3175,15,34,15,564518,41092,76491,31465,0.38063655563377674,0.43365905426078805
3135,0.3176,16,35,16,564553,41057,76507,31449,0.38031234947571235,0.43374341433812375
3136,0.3177,18,33,18,564586,41024,76525,31431,0.38000666938382305,0.43380028983507
3137,0.3178,19,30,19,564616,40994,76544,31412,0.3797287783911964,0.4338314504322846
3138,0.3179,15,30,15,564646,40964,76559,31397,0.3794508873985698,0.4338939483976175
3139,0.318,19,39,19,564685,40925,76578,31378,0.3790896291081552,0.43397922631149466
3140,0.3181,14,32,14,564717,40893,76592,31364,0.37879321204935346,0.43406175180259354
3141,0.3182,15,37,15,564754,40856,76607,31349,0.37845047982511393,0.4341666089605983
3142,0.3183,18,33,18,564787,40823,76625,31331,0.3781447997332246,0.4342240208443052
3143,0.3184,17,38,17,564825,40785,76642,31314,0.3777928044758976,0.43431947738526194
3144,0.3185,11,33,11,564858,40752,76653,31303,0.3774871243840083,0.43443203108736383
3145,0.3186,24,38,24,564896,40714,76677,31279,0.37713512912668123,0.43447279596627447
3146,0.3187,15,33,15,564929,40681,76692,31264,0.37682944903479193,0.43455417332684687
3147,0.3188,15,42,15,564971,40639,76707,31249,0.37644040164511466,0.43469007344758515
3148,0.3189,18,32,18,565003,40607,76725,31231,0.37614398458631293,0.43474205852056014
3149,0.319,13,35,13,565038,40572,76738,31218,0.37581977842824854,0.4348516506477225
3150,0.3191,18,34,18,565072,40538,76756,31200,0.3755048353032717,0.4349159441300287
3151,0.3192,17,36,17,565108,40502,76773,31183,0.37517136611211976,0.4350003487479947
3152,0.3193,19,32,19,565140,40470,76792,31164,0.37487494905331803,0.43504481112320964
3153,0.3194,16,32,16,565172,40438,76808,31148,0.3745785319945163,0.4351130109239237
3154,0.3195,21,37,21,565209,40401,76829,31127,0.37423579977027677,0.43517224024158374
3155,0.3196,14,31,14,565240,40370,76843,31113,0.3739486457445626,0.435250339241498
3156,0.3197,16,38,16,565278,40332,76859,31097,0.37359665048723556,0.4353553878676728
3157,0.3198,18,25,18,565303,40307,76877,31079,0.3733650746600467,0.4353654778247836
3158,0.3199,20,33,20,565336,40274,76897,31059,0.3730593945681574,0.43540857667559196
3159,0.32,19,34,19,565370,40240,76916,31040,0.3727444514431806,0.43546576879910215
3160,0.3201,25,29,25,565399,40211,76941,31015,0.3724758234836415,0.43544492179821975
3161,0.3202,18,35,18,565434,40176,76959,30997,0.3721516173255771,0.4355162772399646
3162,0.3203,21,38,21,565472,40138,76980,30976,0.37179962206825,0.43558230446888097
3163,0.3204,22,31,22,565503,40107,77002,30954,0.37151246804253585,0.4355975851733018
3164,0.3205,15,43,15,565546,40064,77017,30939,0.371114157619771,0.4357421517400673
3165,0.3206,19,32,19,565578,40032,77036,30920,0.3708177405609693,0.43578757469838764
3166,0.3207,23,39,23,565617,39993,77059,30897,0.37045648227055467,0.4358442657638595
3167,0.3208,15,40,15,565657,39953,77074,30882,0.3700859609470525,0.4359709183313334
3168,0.3209,14,29,14,565686,39924,77088,30868,0.36981733298751346,0.4360379703921347
3169,0.321,14,30,14,565716,39894,77102,30854,0.3695394419948868,0.4361112681630576
3170,0.3211,7,36,7,565752,39858,77109,30847,0.36920597280373485,0.43627749098366453
3171,0.3212,17,25,17,565777,39833,77126,30830,0.368974396976546,0.43629622291722686
3172,0.3213,24,36,24,565813,39797,77150,30806,0.36864092778539403,0.43632706825489004
3173,0.3214,16,50,16,565863,39747,77166,30790,0.3681777761310163,0.4365084990855863
3174,0.3215,22,27,22,565890,39720,77188,30768,0.3679276742376524,0.43649982975825674
3175,0.3216,16,50,16,565940,39670,77204,30752,0.36746452258327467,0.4366817187810627
3176,0.3217,14,32,14,565972,39638,77218,30738,0.36716810552447293,0.43676821643742186
3177,0.3218,15,31,15,566003,39607,77233,30723,0.36688095149875877,0.4368406085596474
3178,0.3219,11,34,11,566037,39573,77244,30712,0.3665660083737819,0.43696379028242155
3179,0.322,18,35,18,566072,39538,77262,30694,0.3662418022157175,0.43703724797812965
3180,0.3221,19,32,19,566104,39506,77281,30675,0.36594538515691577,0.4370841110841966
3181,0.3222,18,47,18,566151,39459,77299,30657,0.3655100226018007,0.4372325860003423
3182,0.3223,13,28,13,566179,39431,77312,30644,0.3652506576753492,0.43730288976097037
3183,0.3224,24,32,24,566211,39399,77336,30620,0.36495424061654747,0.43730987303446206
3184,0.3225,19,34,19,566245,39365,77355,30601,0.36463929749157065,0.43736957951004773
3185,0.3226,15,39,15,566284,39326,77370,30586,0.36427803920115603,0.4374928481519625
3186,0.3227,23,33,23,566317,39293,77393,30563,0.36397235910926673,0.43751431516262024
3187,0.3228,13,35,13,566352,39258,77406,30550,0.36364815295120234,0.43762892505157003
3188,0.3229,20,34,20,566386,39224,77426,30530,0.3633332098262255,0.4376809932046908
3189,0.323,17,30,17,566416,39194,77443,30513,0.3630553188335989,0.43773222201500567
3190,0.3231,19,42,19,566458,39152,77462,30494,0.3626662714439216,0.4378428050426442
3191,0.3232,16,29,16,566487,39123,77478,30478,0.3623976434843825,0.43789600724127525
3192,0.3233,16,32,16,566519,39091,77494,30462,0.3621012264255808,0.43796816815953304
3193,0.3234,17,32,17,566551,39059,77511,30445,0.36180480936677906,0.4380323434622468
3194,0.3235,22,31,22,566582,39028,77533,30423,0.3615176553410649,0.4380498480943399
3195,0.3236,13,43,13,566625,38985,77546,30410,0.36111934491830006,0.43821600979897685
3196,0.3237,22,35,22,566660,38950,77568,30388,0.36079513876023567,0.43825896333900605
3197,0.3238,15,35,15,566695,38915,77583,30373,0.3604709326021713,0.43835873455721047
3198,0.3239,10,31,10,566726,38884,77593,30363,0.36018377857645706,0.43847386890406803
3199,0.324,20,34,20,566760,38850,77613,30343,0.35986883545148024,0.4385270186290521
3200,0.3241,18,26,18,566786,38824,77631,30325,0.3596279965912038,0.4385457490346932
3201,0.3242,15,45,15,566831,38779,77646,30310,0.3592111601022639,0.4387094906569787
3202,0.3243,21,46,21,566877,38733,77667,30289,0.3587850605802364,0.43883109733128567
3203,0.3244,21,36,21,566913,38697,77688,30268,0.35845159138908445,0.43888929166968754
3204,0.3245,14,26,14,566939,38671,77702,30254,0.358210752528808,0.43894087776568735
3205,0.3246,17,30,17,566969,38641,77719,30237,0.3579328615361814,0.4389935828566451
3206,0.3247,16,33,16,567002,38608,77735,30221,0.3576271814442921,0.4390736462828168
3207,0.3248,16,34,16,567036,38574,77751,30205,0.3573122383193153,0.4391602087846581
3208,0.3249,20,48,20,567084,38526,77771,30185,0.35686761273111267,0.43930375049118775
3209,0.325,15,24,15,567108,38502,77786,30170,0.3566452999370114,0.43933480894687793
3210,0.3251,13,35,13,567143,38467,77799,30157,0.356321093778947,0.43945266961995805
3211,0.3252,17,21,17,567164,38446,77816,30140,0.35612657008410836,0.43944828390633656
3212,0.3253,15,41,15,567205,38405,77831,30125,0.3557467857275186,0.4395885013862542
3213,0.3254,20,39,20,567244,38366,77851,30105,0.355385527437104,0.4396751909567554
3214,0.3255,10,38,10,567282,38328,77861,30095,0.35503353217977696,0.4398374815486021
3215,0.3256,17,44,17,567326,38284,77878,30078,0.35462595872392455,0.4399812761475674
3216,0.3257,13,31,13,567357,38253,77891,30065,0.3543388046982104,0.44007435814865775
3217,0.3258,17,26,17,567383,38227,77908,30048,0.35409796583793396,0.44010252654705234
3218,0.3259,19,28,19,567411,38199,77927,30029,0.35383860091148245,0.4401272204959841
3219,0.326,12,34,12,567445,38165,77939,30017,0.35352365778650563,0.44024815933824174
3220,0.3261,13,25,13,567470,38140,77952,30004,0.3532920819593168,0.4403028880018784
3221,0.3262,18,38,18,567508,38102,77970,29986,0.3529400867019897,0.4404006579720362
3222,0.3263,11,37,11,567545,38065,77981,29975,0.3525973544777502,0.44054967666078776
3223,0.3264,14,29,14,567574,38036,77995,29961,0.3523287265182111,0.44062238039913526
3224,0.3265,25,40,25,567614,37996,78020,29936,0.35195820519470894,0.4406759700877348
3225,0.3266,18,39,18,567653,37957,78038,29918,0.3515969469042943,0.44078084714548804
3226,0.3267,21,36,21,567689,37921,78059,29897,0.35126347771314237,0.4408416644548645
3227,0.3268,14,26,14,567715,37895,78073,29883,0.351022638852866,0.44089527575319426
3228,0.3269,22,32,22,567747,37863,78095,29861,0.35072622179406426,0.4409219774378359
3229,0.327,10,34,10,567781,37829,78105,29851,0.3504112786690874,0.44106087470449173
3230,0.3271,16,36,16,567817,37793,78121,29835,0.35007780947793543,0.44116342343408055
3231,0.3272,17,30,17,567847,37763,78138,29818,0.34979991848530884,0.44121868572527784
3232,0.3273,17,34,17,567881,37729,78155,29801,0.34948497536033196,0.44130016289056717
3233,0.3274,15,26,15,567907,37703,78170,29786,0.3492441365000556,0.44134599712545747
3234,0.3275,21,36,21,567943,37667,78191,29765,0.34891066730890363,0.4414076402894768
3235,0.3276,18,32,18,567975,37635,78209,29747,0.3486142502501019,0.4414680478466059
3236,0.3277,19,40,19,568015,37595,78228,29728,0.3482437289265997,0.44157271660502356
3237,0.3278,21,30,21,568045,37565,78249,29707,0.3479658379339731,0.441595314543941
3238,0.3279,24,28,24,568073,37537,78273,29683,0.3477064730075216,0.4415798869384112
3239,0.328,18,44,18,568117,37493,78291,29665,0.3472988995516692,0.44171952708538076
3240,0.3281,13,36,13,568153,37457,78304,29652,0.34696543036051725,0.44184833628872433
3241,0.3282,11,18,11,568171,37439,78315,29641,0.34679869576494127,0.4418753726893262
3242,0.3283,17,28,17,568199,37411,78332,29624,0.34653933083848976,0.44191840083538453
3243,0.3284,18,36,18,568235,37375,78350,29606,0.3462058616473378,0.4420059419835476
3244,0.3285,16,24,16,568259,37351,78366,29590,0.3459835488532365,0.4420310422610956
3245,0.3286,16,28,16,568287,37323,78382,29574,0.345724183926785,0.4420826046011032
3246,0.3287,15,37,15,568324,37286,78397,29559,0.34538145170254547,0.4422021093574688
3247,0.3288,16,28,16,568352,37258,78413,29543,0.34512208677609396,0.4422538584751725
3248,0.3289,16,32,16,568384,37226,78429,29527,0.3448256697172922,0.44233217982712386
3249,0.329,13,29,13,568413,37197,78442,29514,0.34455704175775315,0.4424157934973243
3250,0.3291,13,33,13,568446,37164,78455,29501,0.3442513616658639,0.4425260631515788
3251,0.3292,20,36,20,568482,37128,78475,29481,0.34391789247471194,0.44259784713777417
3252,0.3293,15,36,15,568518,37092,78490,29466,0.34358442328356,0.442711619940503
3253,0.3294,17,30,17,568548,37062,78507,29449,0.34330653229093333,0.4427688653004766
3254,0.3295,12,40,12,568588,37022,78519,29437,0.34293601096743115,0.4429347417204592
3255,0.3296,17,38,17,568626,36984,78536,29420,0.3425840157101041,0.44304559966267093
3256,0.3297,20,28,20,568654,36956,78556,29400,0.3423246507836526,0.44306468141539573
3257,0.3298,10,22,10,568676,36934,78566,29390,0.3421208640557264,0.4431276762559556
3258,0.3299,16,29,16,568705,36905,78582,29374,0.3418522360961873,0.4431871331794384
3259,0.33,19,32,19,568737,36873,78601,29355,0.3415558190373856,0.44324152926254756
3260,0.3301,12,32,12,568769,36841,78613,29343,0.34125940197858384,0.44335488939925055
3261,0.3302,16,22,16,568791,36819,78629,29327,0.3410556152506577,0.44336770175067275
3262,0.3303,18,33,18,568824,36786,78647,29309,0.3407499351587684,0.44343747635978514
3263,0.3304,18,28,18,568852,36758,78665,29291,0.3404905702323169,0.4434737846144529
3264,0.3305,14,38,14,568890,36720,78679,29277,0.34013857497498984,0.4436110732306014
3265,0.3306,11,22,11,568912,36698,78690,29266,0.33993478824706364,0.44366624219271117
3266,0.3307,16,27,16,568939,36671,78706,29250,0.33968468635369964,0.44371292911211907
3267,0.3308,18,36,18,568975,36635,78724,29232,0.3393512171625477,0.44380342204745926
3268,0.3309,20,29,20,569004,36606,78744,29212,0.33908258920300866,0.4438299553313683
3269,0.331,20,27,20,569031,36579,78764,29192,0.33883248730964466,0.4438430311231394
3270,0.3311,20,28,20,569059,36551,78784,29172,0.33857312238319315,0.44386287905299515
3271,0.3312,18,30,18,569089,36521,78802,29154,0.33829523139056655,0.4439132089836315
3272,0.3313,11,27,11,569116,36494,78813,29143,0.33804512949720256,0.4440026204732087
3273,0.3314,22,31,22,569147,36463,78835,29121,0.3377579754714884,0.4440259819468163
3274,0.3315,12,28,12,569175,36435,78847,29109,0.3374986105450369,0.444113877700476
3275,0.3316,15,34,15,569209,36401,78862,29094,0.33718366742006,0.4442171158103672
3276,0.3317,18,32,18,569241,36369,78880,29076,0.3368872503612583,0.4442814577125831
3277,0.3318,16,38,16,569279,36331,78896,29060,0.33653525510393123,0.4444036641127984
3278,0.3319,8,32,8,569311,36299,78904,29052,0.3362388380451295,0.44455325855763494
3279,0.332,12,32,12,569343,36267,78916,29040,0.33594242098632776,0.44466902475997977
3280,0.3321,20,31,20,569374,36236,78936,29020,0.3356552669606136,0.4447100649748682
3281,0.3322,21,35,21,569409,36201,78957,28999,0.3353310608025492,0.44476993865030673
3282,0.3323,14,28,14,569437,36173,78971,28985,0.3350716958760977,0.4448417692378526
3283,0.3324,11,19,11,569456,36154,78982,28974,0.33489569824743415,0.44487777914261145
3284,0.3325,16,33,16,569489,36121,78998,28958,0.33459001815554484,0.44496688639960663
3285,0.3326,16,38,16,569527,36083,79014,28942,0.3342380228982178,0.4450903498654364
3286,0.3327,13,28,13,569555,36055,79027,28929,0.3339786579717663,0.4451711190446879
3287,0.3328,19,38,19,569593,36017,79046,28910,0.3336266627144392,0.44526930244736396
3288,0.3329,14,38,14,569631,35979,79060,28896,0.33327466745711215,0.44541040462427745
3289,0.333,14,28,14,569659,35951,79074,28882,0.33301530253066064,0.4454830101954252
3290,0.3331,16,28,16,569687,35923,79090,28866,0.33275593760420913,0.4455385945145009
3291,0.3332,15,38,15,569725,35885,79105,28851,0.3324039423468821,0.4456716510133465
3292,0.3333,18,27,18,569752,35858,79123,28833,0.3321538404535181,0.445703420877711
3293,0.3334,12,33,12,569785,35825,79135,28821,0.3318481603616288,0.445828048139096
3294,0.3335,13,29,13,569814,35796,79148,28808,0.33157953240208976,0.4459166615070274
3295,0.3336,20,26,20,569840,35770,79168,28788,0.33133869354181333,0.44592459493788533
3296,0.3337,13,18,13,569858,35752,79181,28775,0.33117195894623735,0.445937359554915
3297,0.3338,18,28,18,569886,35724,79199,28757,0.33091259401978584,0.445976334113925
3298,0.3339,14,34,14,569920,35690,79213,28743,0.33059765089480897,0.4460912886253938
3299,0.334,20,23,20,569943,35667,79233,28723,0.33038460113379525,0.4460785836309986
3300,0.3341,19,26,19,569969,35641,79252,28704,0.3301437622735188,0.4460952676975678
3301,0.3342,15,30,15,569999,35611,79267,28689,0.32986587128089223,0.4461741835147745
3302,0.3343,23,28,23,570027,35583,79290,28666,0.3296065063544407,0.44617036841040325
3303,0.3344,12,27,12,570054,35556,79302,28654,0.3293564044610767,0.4462544774957172
3304,0.3345,13,18,13,570072,35538,79315,28641,0.32918966986550074,0.4462674706679755
3305,0.3346,21,39,21,570111,35499,79336,28620,0.32882841157508613,0.4463575539231741
3306,0.3347,18,26,18,570137,35473,79354,28602,0.32858757271480976,0.44638314475224344
3307,0.3348,17,28,17,570165,35445,79371,28585,0.3283282077883582,0.4464313602998594
3308,0.3349,19,25,19,570190,35420,79390,28566,0.32809663196116934,0.4464414090582315
3309,0.335,21,35,21,570225,35385,79411,28545,0.32777242580310495,0.4465039887376818
3310,0.3351,16,28,16,570253,35357,79427,28529,0.32751306087665344,0.44656106189149425
3311,0.3352,20,24,20,570277,35333,79447,28509,0.32729074808255215,0.44655555903637106
3312,0.3353,17,33,17,570310,35300,79464,28492,0.32698506799066285,0.4466390770002508
3313,0.3354,20,32,20,570342,35268,79484,28472,0.3266886509318611,0.44668967681204896
3314,0.3355,14,33,14,570375,35235,79498,28458,0.32638297083997186,0.44679949130987706
3315,0.3356,19,31,19,570406,35204,79517,28439,0.32609581681425764,0.44685197115157993
3316,0.3357,11,31,11,570437,35173,79528,28428,0.3258086627885435,0.4469741041807519
3317,0.3358,13,41,13,570478,35132,79541,28415,0.3254288784319538,0.44714935402143297
3318,0.3359,15,23,15,570501,35109,79556,28400,0.32521582867094,0.4471807145443953
3319,0.336,17,25,17,570526,35084,79573,28383,0.32498425284375115,0.4472087856681425
3320,0.3361,21,36,21,570562,35048,79594,28362,0.3246507836525992,0.44727960889449614
3321,0.3362,20,24,20,570586,35024,79614,28342,0.3244284708584979,0.4472745636461194
3322,0.3363,21,23,21,570609,35001,79635,28321,0.32421542109748414,0.4472537190865734
3323,0.3364,15,30,15,570639,34971,79650,28306,0.32393753010485754,0.44733473457970513
3324,0.3365,13,29,13,570668,34942,79663,28293,0.32366890214531846,0.44742626709891675
3325,0.3366,6,23,6,570691,34919,79669,28287,0.32345585238430474,0.44753662626965796
3326,0.3367,24,16,24,570707,34903,79693,28263,0.32330764385490385,0.4474400785232562
3327,0.3368,12,31,12,570738,34872,79705,28251,0.3230204898291897,0.447554774012642
3328,0.3369,21,29,21,570767,34843,79726,28230,0.3227518618696506,0.4475766175701172
3329,0.337,8,24,8,570791,34819,79734,28222,0.3225295490755493,0.4476769086784791
3330,0.3371,15,21,15,570812,34798,79749,28207,0.3223350253807107,0.44769462741052296
3331,0.3372,13,29,13,570841,34769,79762,28194,0.3220663974211716,0.4477867954195321
3332,0.3373,12,37,12,570878,34732,79774,28182,0.3217236651969321,0.4479448135550116
3333,0.3374,17,20,17,570898,34712,79791,28165,0.321538404535181,0.4479380377562543
3334,0.3375,12,24,12,570922,34688,79803,28153,0.3213160917410797,0.448003691857227
3335,0.3376,15,25,15,570947,34663,79818,28138,0.32108451591389087,0.4480501902835942
3336,0.3377,17,33,17,570980,34630,79835,28121,0.32077883582200156,0.4481362846807222
3337,0.3378,18,34,18,571014,34596,79853,28103,0.3204638926970247,0.4482208647665832
3338,0.3379,14,28,14,571042,34568,79867,28089,0.3202045277705732,0.44829787573615076
3339,0.338,19,24,19,571066,34544,79886,28070,0.3199822149764719,0.4483022966109816
3340,0.3381,13,33,13,571099,34511,79899,28057,0.3196765348845826,0.44842411456335507
3341,0.3382,14,29,14,571128,34482,79913,28043,0.31940790692504356,0.4485085965613754
3342,0.3383,19,23,19,571151,34459,79932,28024,0.3191948571640298,0.44850599363026744
3343,0.3384,13,23,13,571174,34436,79945,28011,0.31898180740301607,0.44855637580668406
3344,0.3385,21,31,21,571205,34405,79966,27990,0.31869465337730185,0.44859363731068197
3345,0.3386,9,26,9,571231,34379,79975,27981,0.3184538145170255,0.4487010904425914
3346,0.3387,17,37,17,571268,34342,79992,27964,0.31811108229278595,0.44881712836644944
3347,0.3388,22,22,22,571290,34320,80014,27942,0.31790729556485975,0.4487809578876361
3348,0.3389,16,35,16,571325,34285,80030,27926,0.31758308940679536,0.4488916751056887
3349,0.339,22,27,22,571352,34258,80052,27904,0.3173329875134314,0.4488916058041891
3350,0.3391,16,22,16,571374,34236,80068,27888,0.3171292007855052,0.4489086343442148
3351,0.3392,16,27,16,571401,34209,80084,27872,0.3168790988921412,0.44896184017654356
3352,0.3393,17,26,17,571427,34183,80101,27855,0.31663826003186485,0.4489990006125278
3353,0.3394,12,19,12,571446,34164,80113,27843,0.3164622624032013,0.44902994823165127
3354,0.3395,15,34,15,571480,34130,80128,27828,0.3161473192782245,0.4491429678169082
3355,0.3396,17,31,17,571511,34099,80145,27811,0.31586016525251026,0.44921660474882896
3356,0.3397,13,28,13,571539,34071,80158,27798,0.31560080032605875,0.44930417495029823
3357,0.3398,11,34,11,571573,34037,80169,27787,0.31528585720108193,0.44945328674948243
3358,0.3399,16,31,16,571604,34006,80185,27771,0.31499870317536777,0.4495362351684284
3359,0.34,20,27,20,571631,33979,80205,27751,0.31474860128200377,0.4495545115826988
3360,0.3401,14,35,14,571666,33944,80219,27737,0.3144243951239394,0.44968466788800443
3361,0.3402,17,34,17,571700,33910,80236,27720,0.31410945199896256,0.449780950835632
3362,0.3403,19,28,19,571728,33882,80255,27701,0.313850087072511,0.44981569589009957
3363,0.3404,17,19,17,571747,33863,80272,27684,0.3136740894438475,0.4498025898906527
3364,0.3405,19,23,19,571770,33840,80291,27665,0.31346103968283373,0.449800829200878
3365,0.3406,9,35,9,571805,33805,80300,27656,0.31313683352476934,0.44997640780332243
3366,0.3407,12,33,12,571838,33772,80312,27644,0.31283115343288004,0.4501107203334636
3367,0.3408,19,25,19,571863,33747,80331,27625,0.3125995776056912,0.4501238349736036
3368,0.3409,16,23,16,571886,33724,80347,27609,0.31238652784467746,0.45014918559339995
3369,0.341,13,19,13,571905,33705,80360,27596,0.3122105302160139,0.4501721015970376
3370,0.3411,11,32,11,571937,33673,80371,27585,0.3119141131572122,0.45030853113062785
3371,0.3412,22,31,22,571968,33642,80393,27563,0.311626959131498,0.4503390245894943
3372,0.3413,23,19,23,571987,33623,80416,27540,0.31145096150283447,0.4502722234030378
3373,0.3414,12,26,12,572013,33597,80428,27528,0.3112101226425581,0.4503558282208589
3374,0.3415,16,22,16,572035,33575,80444,27512,0.3110063359146319,0.4503740566732693
3375,0.3416,22,37,22,572072,33538,80466,27490,0.31066360369039236,0.45044897424133185
3376,0.3417,8,25,8,572097,33513,80474,27482,0.3104320278632035,0.4505615214361833
3377,0.3418,12,24,12,572121,33489,80486,27470,0.3102097150691022,0.4506307518167949
3378,0.3419,13,31,13,572152,33458,80499,27457,0.30992256104338806,0.45074283838135104
3379,0.342,17,35,17,572187,33423,80516,27440,0.30959835488532367,0.4508486272447957
3380,0.3421,12,29,12,572216,33394,80528,27428,0.3093297269257846,0.4509552464568742
3381,0.3422,16,27,16,572243,33367,80544,27412,0.3090796250324206,0.4510110399973675
3382,0.3423,7,17,7,572260,33350,80551,27405,0.3089221534699322,0.4510739856801909
3383,0.3424,15,30,15,572290,33320,80566,27390,0.3086442624773056,0.45116125844177235
3384,0.3425,10,27,10,572317,33293,80576,27380,0.3083941605839416,0.4512715705503272
3385,0.3426,13,24,13,572341,33269,80589,27367,0.3081718477898403,0.45133254172438814
3386,0.3427,13,31,13,572372,33238,80602,27354,0.30788469376412614,0.4514457354106153
3387,0.3428,15,22,15,572394,33216,80617,27339,0.30768090703619994,0.45147386673272233
3388,0.3429,11,30,11,572424,33186,80628,27328,0.3074030160435733,0.4515979773275606
3389,0.343,18,20,18,572444,33166,80646,27310,0.3072177553818222,0.4515840994774787
3390,0.3431,20,33,20,572477,33133,80666,27290,0.3069120752899329,0.4516492064280158
3391,0.3432,11,26,11,572503,33107,80677,27279,0.30667123642965655,0.4517437816712483
3392,0.3433,12,31,12,572534,33076,80689,27267,0.3063840824039423,0.45186682796678984
3393,0.3434,15,32,15,572566,33044,80704,27252,0.3060876653451406,0.45197027995223565
3394,0.3435,12,28,12,572594,33016,80716,27240,0.3058283004186891,0.4520711630377058
3395,0.3436,21,29,21,572623,32987,80737,27219,0.30555967245915,0.4520977975617048
3396,0.3437,14,20,14,572643,32967,80751,27205,0.30537441179739894,0.4521205876487403
3397,0.3438,12,34,12,572677,32933,80763,27193,0.3050594686724221,0.45226690616372284
3398,0.3439,21,19,21,572696,32914,80784,27172,0.30488347104375857,0.4522184868355357
3399,0.344,14,40,14,572736,32874,80798,27158,0.3045129497202564,0.4523920575692964
3400,0.3441,16,36,16,572772,32838,80814,27142,0.30417948052910443,0.45251750583527844
3401,0.3442,15,26,15,572798,32812,80829,27127,0.30393864166882806,0.45257678639950616
3402,0.3443,11,34,11,572832,32778,80840,27116,0.3036236985438512,0.45273316191939095
3403,0.3444,13,30,13,572862,32748,80853,27103,0.3033458075512246,0.45284122236888275
3404,0.3445,9,31,9,572893,32717,80862,27094,0.30305865352551037,0.45299359649562787
3405,0.3446,19,27,19,572920,32690,80881,27075,0.3028085516321464,0.45302434535263114
3406,0.3447,12,16,12,572936,32674,80893,27063,0.3026603431027456,0.45303580695381424
3407,0.3448,8,25,8,572961,32649,80901,27055,0.30242876727555673,0.45315221760686053
3408,0.3449,11,27,11,572988,32622,80912,27044,0.30217866538219273,0.45325646096604433
3409,0.345,12,26,12,573014,32596,80924,27032,0.30193782652191636,0.453344066545918
3410,0.3451,8,25,8,573039,32571,80932,27024,0.3017062506947275,0.45346086081047066
3411,0.3452,16,34,16,573073,32537,80948,27008,0.30139130756975063,0.4535729280376186
3412,0.3453,9,29,9,573102,32508,80957,26999,0.30112267961021155,0.4537113280790495
3413,0.3454,15,34,15,573136,32474,80972,26984,0.30080773648523473,0.4538329577180531
3414,0.3455,25,31,25,573167,32443,80997,26959,0.30052058245952057,0.45383993804922396
3415,0.3456,14,35,14,573202,32408,81011,26945,0.3001963763014561,0.45397873738479944
3416,0.3457,13,30,13,573232,32378,81024,26932,0.29991848530882953,0.4540886865621312
3417,0.3458,21,24,21,573256,32354,81045,26911,0.29969617251472824,0.4540791360836919
3418,0.3459,11,28,11,573284,32326,81056,26900,0.29943680758827673,0.45419241549319556
3419,0.346,19,25,19,573309,32301,81075,26881,0.2992052317610879,0.45420905004900136
3420,0.3461,17,23,17,573332,32278,81092,26864,0.2989921820000741,0.4542288052483852
3421,0.3462,27,28,27,573360,32250,81119,26837,0.2987328170736226,0.4541946621084164
3422,0.3463,11,25,11,573385,32225,81130,26826,0.29850124124643374,0.45428527882677683
3423,0.3464,9,24,9,573409,32201,81139,26817,0.29827892845233245,0.4543867972482971
3424,0.3465,15,23,15,573432,32178,81154,26802,0.2980658786913187,0.45442522889114956
3425,0.3466,12,28,12,573460,32150,81166,26790,0.29780651376486716,0.4545300305395317
3426,0.3467,17,21,17,573481,32129,81183,26773,0.29761199007002853,0.454534650775865
3427,0.3468,12,27,12,573508,32102,81195,26761,0.2973618881766646,0.4546319419669402
3428,0.3469,16,22,16,573530,32080,81211,26745,0.2971581014487384,0.4546536336591585
3429,0.347,13,16,13,573546,32064,81224,26732,0.2970098929193375,0.45465677937274646
3430,0.3471,14,24,14,573570,32040,81238,26718,0.2967875801252362,0.45471254978045544
3431,0.3472,15,24,15,573594,32016,81253,26703,0.2965652673311349,0.45475910693301996
3432,0.3473,21,35,21,573629,31981,81274,26682,0.29624106117307053,0.4548352453846547
3433,0.3474,14,28,14,573657,31953,81288,26668,0.295981696246619,0.45492229747018986
3434,0.3475,9,22,9,573679,31931,81297,26659,0.2957779095186928,0.45500938726745177
3435,0.3476,15,31,15,573710,31900,81312,26644,0.2954907554929786,0.4551106859797759
3436,0.3477,15,24,15,573734,31876,81327,26629,0.2952684426988773,0.45515767883086916
3437,0.3478,24,42,24,573776,31834,81351,26605,0.29487939530920004,0.4552610414278136
3438,0.3479,13,24,13,573800,31810,81364,26592,0.29465708251509876,0.45532687236738467
3439,0.348,8,36,8,573836,31774,81372,26584,0.2943236133239468,0.4555330888652798
3440,0.3481,15,24,15,573860,31750,81387,26569,0.2941013005298455,0.45558051406917127
3441,0.3482,16,21,16,573881,31729,81403,26553,0.2939067768350069,0.4555952094986445
3442,0.3483,16,25,16,573906,31704,81419,26537,0.293675201007818,0.4556412149516664
3443,0.3484,8,36,8,573942,31668,81427,26529,0.29334173181666606,0.4558482395999794
3444,0.3485,14,22,14,573964,31646,81441,26515,0.29313794508873986,0.45588968552810305
3445,0.3486,16,22,16,573986,31624,81457,26499,0.29293415836081366,0.45591246150405174
3446,0.3487,11,23,11,574009,31601,81468,26488,0.29272110859979994,0.4559899464614643
3447,0.3488,14,37,14,574046,31564,81482,26474,0.2923783763755604,0.4561494193459458
3448,0.3489,20,24,20,574070,31540,81502,26454,0.2921560635814591,0.45615063627271785
3449,0.349,15,23,15,574093,31517,81517,26439,0.29194301382044535,0.456190903443992
3450,0.3491,13,20,13,574113,31497,81530,26426,0.2917577531586943,0.4562263694905305
3451,0.3492,15,25,15,574138,31472,81545,26411,0.29152617733150543,0.45628250090700206
3452,0.3493,15,32,15,574170,31440,81560,26396,0.2912297602727037,0.45639394148972956
3453,0.3494,15,34,15,574204,31406,81575,26381,0.2909148171477269,0.4565213629363006
3454,0.3495,11,30,11,574234,31376,81586,26370,0.29063692615510023,0.4566550064073702
3455,0.3496,13,32,13,574266,31344,81599,26357,0.2903405090962985,0.45678584426613056
3456,0.3497,18,29,18,574295,31315,81617,26339,0.2900718811367594,0.4568460124189128
3457,0.3498,17,28,17,574323,31287,81634,26322,0.2898125162103079,0.45690777482684997
3458,0.3499,9,24,9,574347,31263,81643,26313,0.2895902034162066,0.45701333889120466
3459,0.35,13,23,13,574370,31240,81656,26300,0.28937715365519284,0.4570733402850191
3460,0.3501,14,30,14,574400,31210,81670,26286,0.28909926266256625,0.4571796298872965
3461,0.3502,8,32,8,574432,31178,81678,26278,0.2888028456037645,0.45735867446393763
3462,0.3503,15,24,15,574456,31154,81693,26263,0.28858053280966317,0.45740808471358657
3463,0.3504,13,15,13,574471,31139,81706,26250,0.2884415873133499,0.45740472912927566
3464,0.3505,14,28,14,574499,31111,81720,26236,0.2881822223868984,0.4574955969797897
3465,0.3506,20,31,20,574530,31080,81740,26216,0.28789506836118417,0.45755375593409664
3466,0.3507,16,31,16,574561,31049,81756,26200,0.28760791433547,0.457649915282363
3467,0.3508,9,14,9,574575,31035,81765,26191,0.28747823187224425,0.457676580575263
3468,0.3509,14,26,14,574601,31009,81779,26177,0.2872373930119678,0.45775189731752525
3469,0.351,14,37,14,574638,30972,81793,26163,0.28689466078772835,0.45791546337621425
3470,0.3511,14,30,14,574668,30942,81807,26149,0.2866167697951017,0.4580231560140828
3471,0.3512,13,34,13,574702,30908,81820,26136,0.2863018266701249,0.4581726386648903
3472,0.3513,13,26,13,574728,30882,81833,26123,0.28606098780984845,0.4582580475396895
3473,0.3514,19,20,19,574748,30862,81852,26104,0.2858757271480974,0.45823824737562757
3474,0.3515,11,29,11,574777,30833,81863,26093,0.2856070991885583,0.45836700277553316
3475,0.3516,15,34,15,574811,30799,81878,26078,0.28529215606358144,0.4584981627019709
3476,0.3517,12,30,12,574841,30769,81890,26066,0.28501426507095484,0.4586258467493622
3477,0.3518,12,34,12,574875,30735,81902,26054,0.28469932194597797,0.45878603250629524
3478,0.3519,13,35,13,574910,30700,81915,26041,0.2843751157879136,0.4589450309300153
3479,0.352,14,29,14,574939,30671,81929,26027,0.2841064878283745,0.4590461744682352
3480,0.3521,10,31,10,574970,30640,81939,26017,0.28381933380266033,0.4592018638473622
3481,0.3522,17,26,17,574996,30614,81956,26000,0.2835784949423839,0.45925036210124703
3482,0.3523,14,36,14,575032,30578,81970,25986,0.283245025751232,0.459408811258044
3483,0.3524,13,22,13,575054,30556,81983,25973,0.2830412390233058,0.45946328433193584
3484,0.3525,19,24,19,575078,30532,82002,25954,0.2828189262292045,0.4594766844881918
3485,0.3526,18,23,18,575101,30509,82020,25936,0.28260587646819074,0.4594915404375941
3486,0.3527,20,20,20,575121,30489,82040,25916,0.2824206158064397,0.45946281358035634
3487,0.3528,14,22,14,575143,30467,82054,25902,0.2822168290785135,0.45950788553992444
3488,0.3529,15,28,15,575171,30439,82069,25887,0.28195746415206197,0.45959237297162947
3489,0.353,13,17,13,575188,30422,82082,25874,0.28179999258957356,0.4596063663492966
3490,0.3531,16,30,16,575218,30392,82098,25858,0.2815221015969469,0.45969777777777776
3491,0.3532,16,26,16,575244,30366,82114,25842,0.2812812627366705,0.45975661827497866
3492,0.3533,22,38,22,575282,30328,82136,25820,0.28092926747934344,0.4598560946071098
3493,0.3534,11,24,11,575306,30304,82147,25809,0.28070695468524215,0.45994689287687346
3494,0.3535,16,23,16,575329,30281,82163,25793,0.2804939049242284,0.45998145307985877
3495,0.3536,18,27,18,575356,30254,82181,25775,0.28024380303086444,0.4600296275143229
3496,0.3537,12,36,12,575392,30218,82193,25763,0.2799103338397125,0.46020971401011057
3497,0.3538,15,27,15,575419,30191,82208,25748,0.27966023194634854,0.4602870984465221
3498,0.3539,10,21,10,575440,30170,82218,25738,0.27946570825150985,0.46036345424626174
3499,0.354,18,29,18,575469,30141,82236,25720,0.2791970802919708,0.46042856375646696
3500,0.3541,15,27,15,575496,30114,82251,25705,0.2789469783986068,0.4605062792239202
3501,0.3542,17,22,17,575518,30092,82268,25688,0.2787431916706806,0.46052348512011476
3502,0.3543,19,13,19,575531,30079,82287,25669,0.27862277224054244,0.4604470115519839
3503,0.3544,14,31,14,575562,30048,82301,25655,0.2783356182148283,0.4605676534477497
3504,0.3545,16,19,16,575581,30029,82317,25639,0.2781596205861647,0.4605698067112165
3505,0.3546,12,27,12,575608,30002,82329,25627,0.2779095186928008,0.4606769850257959
3506,0.3547,11,23,11,575631,29979,82340,25616,0.277696468931787,0.4607608597895494
3507,0.3548,11,25,11,575656,29954,82351,25605,0.27746489310459815,0.4608614265915513
3508,0.3549,23,24,23,575680,29930,82374,25582,0.27724258031049687,0.46083729644040927
3509,0.355,12,18,12,575698,29912,82386,25570,0.2770758457149209,0.4608701921343859
3510,0.3551,21,22,21,575720,29890,82407,25549,0.2768720589869947,0.46084886091018956
3511,0.3552,16,31,16,575751,29859,82423,25533,0.2765849049612805,0.46095103986135183
3512,0.3553,18,22,18,575773,29837,82441,25515,0.2763811182333543,0.4609589536060124
3513,0.3554,12,29,12,575802,29808,82453,25503,0.27611249027381524,0.4610836904051635
3514,0.3555,10,30,10,575832,29778,82463,25493,0.27583459928118864,0.461236453112844
3515,0.3556,15,21,15,575853,29757,82478,25478,0.27564007558635,0.46126550194622973
3516,0.3557,11,31,11,575884,29726,82489,25467,0.2753529215606358,0.4614172087040023
3517,0.3558,18,15,18,575899,29711,82507,25449,0.2752139760643225,0.46136693255982597
3518,0.3559,19,25,19,575924,29686,82526,25430,0.27498240023713366,0.4613905218085492
3519,0.356,15,27,15,575951,29659,82541,25415,0.27473229834376967,0.46147002215201366
3520,0.3561,19,12,19,575963,29647,82560,25396,0.27462114194671905,0.46138473557037224
3521,0.3562,11,33,11,575996,29614,82571,25385,0.27431546185482975,0.4615538464335715
3522,0.3563,7,21,7,576017,29593,82578,25378,0.2741209381599911,0.4616616033908788
3523,0.3564,10,30,10,576047,29563,82588,25368,0.27384304716736446,0.46181573246436436
3524,0.3565,17,21,17,576068,29542,82605,25351,0.27364852347252583,0.4618257337001075
3525,0.3566,14,20,14,576088,29522,82619,25337,0.27346326281077477,0.46185676005760223
3526,0.3567,18,27,18,576115,29495,82637,25319,0.2732131609174108,0.4619075418688656
3527,0.3568,11,29,11,576144,29466,82648,25308,0.27294453295787174,0.46204403549129147
3528,0.3569,22,19,22,576163,29447,82670,25286,0.2727685353292082,0.4619881972484607
3529,0.357,14,21,14,576184,29426,82684,25272,0.27257401163436956,0.4620278620790523
3530,0.3571,21,12,21,576196,29414,82705,25251,0.2724628552373189,0.4619226195920607
3531,0.3572,14,22,14,576218,29392,82719,25237,0.27225906850939274,0.46197074813743616
3532,0.3573,17,26,17,576244,29366,82736,25220,0.2720182296491163,0.4620232293994797
3533,0.3574,21,26,21,576270,29340,82757,25199,0.2717773907888399,0.4620363409670144
3534,0.3575,11,19,11,576289,29321,82768,25188,0.27160139316017634,0.46208882936762735
3535,0.3576,8,22,8,576311,29299,82776,25180,0.2713976064322502,0.46219644266598137
3536,0.3577,10,28,10,576339,29271,82786,25170,0.2711382415057987,0.46233537223783544
3537,0.3578,23,24,23,576363,29247,82809,25147,0.27091592871169734,0.462312019708056
3538,0.3579,12,29,12,576392,29218,82821,25135,0.27064730075215826,0.462439975714312
3539,0.358,18,21,18,576413,29197,82839,25117,0.2704527770573196,0.4624406230437825
3540,0.3581,14,23,14,576436,29174,82853,25103,0.2702397272963059,0.46249792729885586
3541,0.3582,12,29,12,576465,29145,82865,25091,0.26997109933676683,0.462626299874622
3542,0.3583,17,27,17,576492,29118,82882,25074,0.2697209974434029,0.46268821966341894
3543,0.3584,14,23,14,576515,29095,82896,25060,0.2695079476823891,0.4627458221770843
3544,0.3585,10,23,10,576538,29072,82906,25050,0.2692948979213754,0.46284320608994495
3545,0.3586,13,18,13,576556,29054,82919,25037,0.2691281633257994,0.4628681296333956
3546,0.3587,11,23,11,576579,29031,82930,25026,0.26891511356478565,0.46295576891059437
3547,0.3588,19,22,19,576601,29009,82949,25007,0.26871132683685944,0.4629554206161137
3548,0.3589,22,31,22,576632,28978,82971,24985,0.2684241728111453,0.4630024275892741
3549,0.359,14,29,14,576661,28949,82985,24971,0.2681555448516062,0.4631120178041543
3550,0.3591,15,25,15,576686,28924,83000,24956,0.26792396902441734,0.463177431328879
3551,0.3592,8,23,8,576709,28901,83008,24948,0.2677109192634036,0.46329551152296233
3552,0.3593,12,25,12,576734,28876,83020,24936,0.26747934343621477,0.46339106518992046
3553,0.3594,9,22,9,576756,28854,83029,24927,0.26727555670828856,0.46349082389691526
3554,0.3595,20,32,20,576788,28822,83049,24907,0.26697913964948683,0.46356716112341567
3555,0.3596,18,27,18,576815,28795,83067,24889,0.2667290377561229,0.4636204455703748
3556,0.3597,12,22,12,576837,28773,83079,24877,0.2665252510281967,0.463690587138863
3557,0.3598,17,19,17,576856,28754,83096,24860,0.26634925339953314,0.46368485843249896
3558,0.3599,14,28,14,576884,28726,83110,24846,0.2660898884730816,0.463787052938102
3559,0.36,6,21,6,576905,28705,83116,24840,0.265895364778243,0.46390886170510787
3560,0.3601,10,28,10,576933,28677,83126,24830,0.2656359998517915,0.4640514325228475
3561,0.3602,9,26,9,576959,28651,83135,24821,0.26539516099151506,0.46418686415320165
3562,0.3603,18,25,18,576984,28626,83153,24803,0.2651635851643262,0.4642235490089652
3563,0.3604,12,22,12,577006,28604,83165,24791,0.2649597984364,0.4642944095889128
3564,0.3605,14,23,14,577029,28581,83179,24777,0.2647467486753863,0.4643539862813449
3565,0.3606,14,21,14,577050,28560,83193,24763,0.26455222498054765,0.4643962267689365
3566,0.3607,19,22,19,577072,28538,83212,24744,0.26434843825262144,0.4643969820952667
3567,0.3608,17,28,17,577100,28510,83229,24727,0.26408907332616993,0.46447019929748107
3568,0.3609,22,23,22,577123,28487,83251,24705,0.26387602356515616,0.4644495412844037
3569,0.361,12,27,12,577150,28460,83263,24693,0.2636259216717922,0.4645645589148308
3570,0.3611,15,24,15,577174,28436,83278,24678,0.26340360887769093,0.46462326316978575
3571,0.3612,9,21,9,577195,28415,83287,24669,0.2632090851828523,0.4647162986964057
3572,0.3613,13,31,13,577226,28384,83300,24656,0.2629219311571381,0.46485671191553546
3573,0.3614,17,15,17,577241,28369,83317,24639,0.26278298566082475,0.4648166314518563
3574,0.3615,12,24,12,577265,28345,83329,24627,0.26256067286672347,0.4649059880691686
3575,0.3616,9,19,9,577284,28326,83338,24618,0.26238467523806,0.4649818676337262
3576,0.3617,18,21,18,577305,28305,83356,24600,0.26219015154322134,0.464984406010774
3577,0.3618,13,24,13,577329,28281,83369,24587,0.26196783874912,0.46506393281380043
3578,0.3619,14,25,14,577354,28256,83383,24573,0.26173626292193114,0.46514225141494253
3579,0.362,16,15,16,577369,28241,83399,24557,0.26159731742561787,0.4651123148604114
3580,0.3621,10,31,10,577400,28210,83409,24547,0.26131016339990365,0.46528422768542566
3581,0.3622,17,27,17,577427,28183,83426,24530,0.2610600615065397,0.46535010339005556
3582,0.3623,17,25,17,577452,28158,83443,24513,0.26082848567935085,0.4653984165859771
3583,0.3624,16,28,16,577480,28130,83459,24497,0.26056912075289934,0.4654834970642446
3584,0.3625,17,29,17,577509,28101,83476,24480,0.26030049279336026,0.4655674102812803
3585,0.3626,17,32,17,577541,28069,83493,24463,0.2600040757345585,0.46567806289499736
3586,0.3627,15,26,15,577567,28043,83508,24448,0.2597632368742821,0.4657560343677964
3587,0.3628,14,13,14,577580,28030,83522,24434,0.2596428174441439,0.4657288807563281
3588,0.3629,11,32,11,577612,27998,83533,24423,0.2593464003853422,0.4659010701817974
3589,0.363,20,27,20,577639,27971,83553,24403,0.25909629849197824,0.4659372971321648
3590,0.3631,16,23,16,577662,27948,83569,24387,0.25888324873096447,0.46597879048437946
3591,0.3632,10,20,10,577682,27928,83579,24377,0.2586979880692134,0.46605487047127425
3592,0.3633,15,24,15,577706,27904,83594,24362,0.25847567527511206,0.4661156392300922
3593,0.3634,8,25,8,577731,27879,83602,24354,0.2582440994479232,0.46625696398828326
3594,0.3635,15,28,15,577759,27851,83617,24339,0.2579847345214717,0.4663537076068212
3595,0.3636,12,29,12,577788,27822,83629,24327,0.2577161065619326,0.4664902490939424
3596,0.3637,14,17,14,577805,27805,83643,24313,0.2575586349994442,0.46649909820023794
3597,0.3638,13,30,13,577835,27775,83656,24300,0.2572807440068176,0.4666346615458473
3598,0.3639,11,28,11,577863,27747,83667,24289,0.2570213790803661,0.46677300330540394
3599,0.364,11,26,11,577889,27721,83678,24278,0.25678054022008967,0.46689359410757897
3600,0.3641,11,23,11,577912,27698,83689,24267,0.2565674904590759,0.4669873953622631
3601,0.3642,13,20,13,577932,27678,83702,24254,0.25638222979732483,0.46703381344835554
3602,0.3643,13,31,13,577963,27647,83715,24241,0.25609507577161067,0.46717930928152945
3603,0.3644,13,18,13,577981,27629,83728,24228,0.2559283411760347,0.46720789864434886
3604,0.3645,17,24,17,578005,27605,83745,24211,0.2557060283819334,0.46724949822448664
3605,0.3646,12,21,12,578026,27584,83757,24199,0.2555115046870947,0.467315528262171
3606,0.3647,15,20,15,578046,27564,83772,24184,0.25532624402534365,0.4673417330138363
3607,0.3648,15,26,15,578072,27538,83787,24169,0.2550854051650672,0.4674222058908852
3608,0.3649,17,18,17,578090,27520,83804,24152,0.2549186705694913,0.4674098157609537
3609,0.365,15,26,15,578116,27494,83819,24137,0.2546778317092149,0.4674904611570568
3610,0.3651,10,29,10,578145,27465,83829,24127,0.2544092037496758,0.46765002325942007
3611,0.3652,16,16,16,578161,27449,83845,24111,0.2542609952202749,0.4676299456943367
3612,0.3653,15,22,15,578183,27427,83860,24096,0.25405720849234875,0.4676746307474332
3613,0.3654,17,21,17,578204,27406,83877,24079,0.2538626847975101,0.4676896183354375
3614,0.3655,13,21,13,578225,27385,83890,24066,0.2536681611026715,0.46774601076752637
3615,0.3656,13,20,13,578245,27365,83903,24053,0.25348290044092037,0.467793379750282
3616,0.3657,13,20,13,578265,27345,83916,24040,0.2532976397791693,0.46784080957477864
3617,0.3658,15,24,15,578289,27321,83931,24025,0.253075326985068,0.467904023682468
3618,0.3659,15,18,15,578307,27303,83946,24010,0.25290859238949204,0.46791261473700624
3619,0.366,8,20,8,578327,27283,83954,24002,0.2527233317277409,0.468012089304865
3620,0.3661,10,23,10,578350,27260,83964,23992,0.2525102819667272,0.4681183173339577
3621,0.3662,13,25,13,578375,27235,83977,23979,0.25227870613953834,0.46821181708126686
3622,0.3663,13,25,13,578400,27210,83990,23966,0.2520471303123495,0.4683054556823511
3623,0.3664,13,16,13,578416,27194,84003,23953,0.2518989217829486,0.46831681232525857
3624,0.3665,11,22,11,578438,27172,84014,23942,0.2516951350550224,0.46840395977618654
3625,0.3666,11,21,11,578459,27151,84025,23931,0.25150061136018376,0.4684820484710857
3626,0.3667,17,14,17,578473,27137,84042,23914,0.251370928896958,0.46843352725705667
3627,0.3668,11,27,11,578500,27110,84053,23903,0.25112082700359406,0.4685668359045733
3628,0.3669,13,29,13,578529,27081,84066,23890,0.250852199044055,0.46869788703380355
3629,0.367,8,17,8,578546,27064,84074,23882,0.25069472748156657,0.46877085541553803
3630,0.3671,15,20,15,578566,27044,84089,23867,0.2505094668198155,0.46879849148514074
3631,0.3672,15,18,15,578584,27026,84104,23852,0.25034273222423953,0.4688077361531507
3632,0.3673,14,21,14,578605,27005,84118,23838,0.25014820852940084,0.4688551029640265
3633,0.3674,15,25,15,578630,26980,84133,23823,0.249916632702212,0.4689290002558904
3634,0.3675,14,21,14,578651,26959,84147,23809,0.24972210900737338,0.46897652064292467
3635,0.3676,14,25,14,578676,26934,84161,23795,0.24949053318018452,0.46906108931774726
3636,0.3677,14,26,14,578702,26908,84175,23781,0.24924969431990812,0.46915504350056225
3637,0.3678,14,28,14,578730,26880,84189,23767,0.24899032939345658,0.4692676762690781
3638,0.3679,12,24,12,578754,26856,84201,23755,0.2487680165993553,0.4693643674300053
3639,0.368,11,27,11,578781,26829,84212,23744,0.24851791470599133,0.4694995353251735
3640,0.3681,12,19,12,578800,26810,84224,23732,0.2483419170773278,0.46955007716354713
3641,0.3682,20,24,20,578824,26786,84244,23712,0.2481196042832265,0.4695631510158818
3642,0.3683,8,26,8,578850,26760,84252,23704,0.2478787654229501,0.469720989220038
3643,0.3684,23,23,23,578873,26737,84275,23681,0.24766571566193635,0.46969336348129637
3644,0.3685,15,31,15,578904,26706,84290,23666,0.24737856163622216,0.46982450567775746
3645,0.3686,15,32,15,578936,26674,84305,23651,0.24708214457742042,0.4699652260307998
3646,0.3687,13,20,13,578956,26654,84318,23638,0.24689688391566936,0.4700151117473952
3647,0.3688,14,17,14,578973,26637,84332,23624,0.24673941235318092,0.47002646186904357
3648,0.3689,12,17,12,578990,26620,84344,23612,0.2465819407906925,0.4700589265806657
3649,0.369,8,24,8,579014,26596,84352,23604,0.2463596279965912,0.470199203187251
3650,0.3691,15,26,15,579040,26570,84367,23589,0.2461187891363148,0.47028449530493033
3651,0.3692,9,19,9,579059,26551,84376,23580,0.24594279150765128,0.470367636791606
3652,0.3693,11,23,11,579082,26528,84387,23569,0.24572974174663753,0.47046729345070565
3653,0.3694,22,22,22,579104,26506,84409,23547,0.24552595501871133,0.47044133218788087
3654,0.3695,18,27,18,579131,26479,84427,23529,0.24527585312534736,0.4705047192449208
3655,0.3696,14,31,14,579162,26448,84441,23515,0.2449886990996332,0.47064827972699796
3656,0.3697,12,22,12,579184,26426,84453,23503,0.244784912371707,0.47072843437681505
3657,0.3698,15,24,15,579208,26402,84468,23488,0.2445625995776057,0.47079575065143314
3658,0.3699,19,17,19,579225,26385,84487,23469,0.24440512801511727,0.4707546034420508
3659,0.37,17,26,17,579251,26359,84504,23452,0.24416428915484087,0.47081969846017946
3660,0.3701,9,23,9,579274,26336,84513,23443,0.24395123939382712,0.47094156170272605
3661,0.3702,13,30,13,579304,26306,84526,23430,0.2436733484012005,0.47108734116133183
3662,0.3703,16,11,16,579315,26295,84542,23414,0.2435714550372374,0.47102134422338005
3663,0.3704,9,17,9,579332,26278,84551,23405,0.24341398347474896,0.47108668961214095
3664,0.3705,10,27,10,579359,26251,84561,23395,0.24316388158138502,0.47123635338194414
3665,0.3706,15,19,15,579378,26232,84576,23380,0.24298788395272147,0.47125695396275097
3666,0.3707,10,25,10,579403,26207,84586,23370,0.24275630812553262,0.4713879419892289
3667,0.3708,16,14,16,579417,26193,84602,23354,0.24262662566230686,0.4713504349405615
3668,0.3709,12,32,12,579449,26161,84614,23342,0.24233020860350513,0.47152697816293965
3669,0.371,9,26,9,579475,26135,84623,23333,0.24208936974322873,0.47167866095253497
3670,0.3711,19,28,19,579503,26107,84642,23314,0.24183000481677722,0.4717427814087129
3671,0.3712,16,25,16,579528,26082,84658,23298,0.24159842898958836,0.4718104495747266
3672,0.3713,12,18,12,579546,26064,84670,23286,0.24143169439401238,0.47185410334346506
3673,0.3714,10,16,10,579562,26048,84680,23276,0.2412834858646115,0.471900089206066
3674,0.3715,19,15,19,579577,26033,84699,23257,0.2411445403682982,0.4718401298437817
3675,0.3716,15,30,15,579607,26003,84714,23242,0.24086664937567157,0.4719666971266118
3676,0.3717,10,30,10,579637,25973,84724,23232,0.24058875838304494,0.47214713951834164
3677,0.3718,16,22,16,579659,25951,84740,23216,0.24038497165511874,0.47218662924319155
3678,0.3719,9,18,9,579677,25933,84749,23207,0.2402182370595428,0.47226292226292227
3679,0.372,8,17,8,579694,25916,84757,23199,0.24006076549705435,0.4723404255319149
3680,0.3721,15,15,15,579709,25901,84772,23184,0.23992182000074105,0.4723235204237547
3681,0.3722,9,28,9,579737,25873,84781,23175,0.23966245507428952,0.4724963301255913
3682,0.3723,13,29,13,579766,25844,84794,23162,0.23939382711475046,0.47263600375464226
3683,0.3724,24,22,24,579788,25822,84818,23138,0.23919004038682426,0.47258986928104574
3684,0.3725,10,13,10,579801,25809,84828,23128,0.23906962095668605,0.4726076383922186
3685,0.3726,13,30,13,579831,25779,84841,23115,0.23879172996405942,0.4727573935452203
3686,0.3727,12,30,12,579861,25749,84853,23103,0.2385138389714328,0.47291820191599115
3687,0.3728,13,22,13,579883,25727,84866,23090,0.23831005224350663,0.4729909662617531
3688,0.3729,14,24,14,579907,25703,84880,23076,0.2380877394494053,0.4730724287090756
3689,0.373,13,21,13,579928,25682,84893,23063,0.23789321575456668,0.4731357062262796
3690,0.3731,20,7,20,579935,25675,84913,23043,0.2378283745229538,0.4729873968553717
3691,0.3732,12,19,12,579954,25656,84925,23031,0.23765237689429028,0.4730420851562019
3692,0.3733,10,17,10,579971,25639,84935,23021,0.23749490533180184,0.4730990546650226
3693,0.3734,12,18,12,579989,25621,84947,23009,0.23732817073622586,0.47314414970183016
3694,0.3735,15,29,15,580018,25592,84962,22994,0.2370595427766868,0.4732639031819866
3695,0.3736,8,29,8,580047,25563,84970,22986,0.23679091481714773,0.4734598034974974
3696,0.3737,9,20,9,580067,25543,84979,22977,0.23660565415539664,0.47355729596042867
3697,0.3738,15,19,15,580086,25524,84994,22962,0.23642965652673312,0.4735800024749412
3698,0.3739,14,20,14,580106,25504,85008,22948,0.23624439586498203,0.4736233798398415
3699,0.374,18,28,18,580134,25476,85026,22930,0.23598503093853052,0.473701607238772
3700,0.3741,11,19,11,580153,25457,85037,22919,0.235809033309867,0.47376798412435916
3701,0.3742,16,17,16,580170,25440,85053,22903,0.23565156174737856,0.47376042032972715
3702,0.3743,11,19,11,580189,25421,85064,22892,0.23547556411871504,0.473826920290605
3703,0.3744,9,20,9,580209,25401,85073,22883,0.23529030345696395,0.4739251097672107
3704,0.3745,12,22,12,580231,25379,85085,22871,0.23508651672903777,0.4740103626943005
3705,0.3746,6,27,6,580258,25352,85091,22865,0.2348364148356738,0.47421034075118734
3706,0.3747,12,20,12,580278,25332,85103,22853,0.2346511541739227,0.47427622704161043
3707,0.3748,18,21,18,580299,25311,85121,22835,0.23445663047908408,0.4742865450920118
3708,0.3749,14,18,14,580317,25293,85135,22821,0.2342898958835081,0.4743110113480484
3709,0.375,18,17,18,580334,25276,85153,22803,0.23413242432101966,0.47428191102144385
3710,0.3751,19,13,19,580347,25263,85172,22784,0.23401200489088148,0.47420234353861845
3711,0.3752,11,24,11,580371,25239,85183,22773,0.23378969209678016,0.4743189202699325
3712,0.3753,19,21,19,580392,25218,85202,22754,0.23359516840194153,0.47431835237221714
3713,0.3754,11,14,11,580406,25204,85213,22743,0.23346548593871577,0.4743362462719253
3714,0.3755,14,25,14,580431,25179,85227,22729,0.23323391011152692,0.4744301578024547
3715,0.3756,17,17,17,580448,25162,85244,22712,0.2330764385490385,0.4744119981618415
3716,0.3757,21,25,21,580473,25137,85265,22691,0.23284486272184965,0.47442920464999583
3717,0.3758,19,24,19,580497,25113,85284,22672,0.23262254992774833,0.4744585120853824
3718,0.3759,16,16,16,580513,25097,85300,22656,0.23247434139834747,0.4744413963520617
3719,0.376,14,20,14,580533,25077,85314,22642,0.2322890807365964,0.4744860537731302
3720,0.3761,13,27,13,580560,25050,85327,22629,0.23203897884323244,0.4746114641666142
3721,0.3762,12,20,12,580580,25030,85339,22617,0.23185371818148134,0.47467836380044914
3722,0.3763,24,19,24,580599,25011,85363,22593,0.23167772055281782,0.47460297453995465
3723,0.3764,17,35,17,580634,24976,85380,22576,0.2313535143947534,0.474764468371467
3724,0.3765,17,17,17,580651,24959,85397,22559,0.231196042832265,0.4747464118860221
3725,0.3766,12,27,12,580678,24932,85409,22547,0.23094594093890103,0.4748836327639588
3726,0.3767,10,20,10,580698,24912,85419,22537,0.23076068027714994,0.47497312904381545
3727,0.3768,14,17,14,580715,24895,85433,22523,0.23060320871466153,0.474988401029145
3728,0.3769,7,20,7,580735,24875,85440,22516,0.23041794805291044,0.47511130805427193
3729,0.377,8,26,8,580761,24849,85448,22508,0.23017710919263404,0.47528348501805434
3730,0.3771,13,18,13,580779,24831,85461,22495,0.23001037459705806,0.4753201200185944
3731,0.3772,11,18,11,580797,24813,85472,22484,0.22984364000148208,0.4753789880964966
3732,0.3773,10,24,10,580821,24789,85482,22474,0.2296213272073808,0.4755093836616381
3733,0.3774,16,25,16,580846,24764,85498,22458,0.22938975138019194,0.47558341451018593
3734,0.3775,10,18,10,580864,24746,85508,22448,0.22922301678461596,0.47565368479043946
3735,0.3776,13,18,13,580882,24728,85521,22435,0.22905628218903998,0.4756906897355978
3736,0.3777,16,18,16,580900,24710,85537,22419,0.228889547593464,0.47569437076958987
3737,0.3778,17,22,17,580922,24688,85554,22402,0.22868576086553782,0.47572733064344874
3738,0.3779,13,21,13,580943,24667,85567,22389,0.22849123717069916,0.47579479768786126
3739,0.378,22,30,22,580973,24637,85589,22367,0.22821334617807254,0.4758531188834993
3740,0.3781,17,20,17,580993,24617,85606,22350,0.22802808551632148,0.47586603359805824
3741,0.3782,15,21,15,581014,24596,85621,22335,0.22783356182148282,0.47591144446101724
3742,0.3783,15,23,15,581037,24573,85636,22320,0.22762051206046907,0.47597722474569765
3743,0.3784,16,21,16,581058,24552,85652,22304,0.22742598836563044,0.47601161003926923
3744,0.3785,10,17,10,581075,24535,85662,22294,0.22726851680314203,0.4760725191654744
3745,0.3786,14,23,14,581098,24512,85676,22280,0.22705546704212828,0.47614976919131474
3746,0.3787,10,24,10,581122,24488,85686,22270,0.22683315424802697,0.4762821335386458
3747,0.3788,12,17,12,581139,24471,85698,22258,0.22667568268553856,0.4763209142074515
3748,0.3789,14,18,14,581157,24453,85712,22244,0.22650894808996258,0.47634751697111166
3749,0.379,14,17,14,581174,24436,85726,22230,0.22635147652747414,0.4763639480564008
3750,0.3791,9,23,9,581197,24413,85735,22221,0.2261384267664604,0.47649783419822445
3751,0.3792,7,20,7,581217,24393,85742,22214,0.22595316610470934,0.4766236831377261
3752,0.3793,15,21,15,581238,24372,85757,22199,0.22575864240987067,0.47667003070580405
3753,0.3794,10,25,10,581263,24347,85767,22189,0.22552706658268185,0.47681364964758466
3754,0.3795,14,29,14,581292,24318,85781,22175,0.22525843862314276,0.47695351988471385
3755,0.3796,5,25,5,581317,24293,85786,22170,0.2250268627959539,0.4771538643651938
3756,0.3797,6,17,6,581334,24276,85792,22164,0.2248693912334655,0.4772609819121447
3757,0.3798,15,29,15,581363,24247,85807,22149,0.22460076327392642,0.4773902922665747
3758,0.3799,18,25,18,581388,24222,85825,22131,0.22436918744673756,0.4774448255776325
3759,0.38,10,22,10,581410,24200,85835,22121,0.22416540071881136,0.47755877463785323
3760,0.3801,15,20,15,581430,24180,85850,22106,0.2239801400570603,0.4775958173097697
3761,0.3802,14,21,14,581451,24159,85864,22092,0.22378561636222163,0.4776545371991957
3762,0.3803,18,21,18,581472,24138,85882,22074,0.223591092667383,0.4776681381459361
3763,0.3804,11,20,11,581492,24118,85893,22063,0.2234058320056319,0.4777505900695091
3764,0.3805,13,24,13,581516,24094,85906,22050,0.22318351921153062,0.47785194174757284
3765,0.3806,18,16,18,581532,24078,85924,22032,0.22303531068212976,0.47781392322706573
3766,0.3807,10,17,10,581549,24061,85934,22022,0.22287783911964135,0.47787687433543824
3767,0.3808,13,20,13,581569,24041,85947,22009,0.22269257845789026,0.4779370249728556
3768,0.3809,15,18,15,581587,24023,85962,21994,0.22252584386231428,0.47795379968272594
3769,0.381,17,19,17,581606,24004,85979,21977,0.22234984623365076,0.47795828711859245
3770,0.3811,13,15,13,581621,23989,85992,21964,0.22221090073733743,0.4779666180662851
3771,0.3812,11,15,11,581636,23974,86003,21953,0.22207195524102413,0.4779976919894615
3772,0.3813,6,20,6,581656,23954,86009,21947,0.22188669457927304,0.4781377312041132
3773,0.3814,11,20,11,581676,23934,86020,21936,0.22170143391752195,0.47822105951602356
3774,0.3815,13,26,13,581702,23908,86033,21923,0.22146059505724555,0.4783443520761057
3775,0.3816,15,19,15,581721,23889,86048,21908,0.221284597428582,0.47837194576063935
3776,0.3817,13,24,13,581745,23865,86061,21895,0.22106228463448072,0.47847465034965037
3777,0.3818,15,23,15,581768,23842,86076,21880,0.22084923487346697,0.47854424565854514
3778,0.3819,8,20,8,581788,23822,86084,21872,0.22066397421171588,0.478662406442859
3779,0.382,12,23,12,581811,23799,86096,21860,0.22045092445070213,0.4787665082459099
3780,0.3821,14,26,14,581837,23773,86110,21846,0.22021008559042574,0.4788794142791381
3781,0.3822,12,16,12,581853,23757,86122,21834,0.22006187706102487,0.4789103112456406
3782,0.3823,13,17,13,581870,23740,86135,21821,0.21990440549853643,0.47894032176642304
3783,0.3824,13,19,13,581889,23721,86148,21808,0.2197284078698729,0.4789914120670342
3784,0.3825,14,14,14,581903,23707,86162,21794,0.21959872540664716,0.4789784839893629
3785,0.3826,12,29,12,581932,23678,86174,21782,0.21933009744710807,0.47914650241970963
3786,0.3827,11,22,11,581954,23656,86185,21771,0.2191263107191819,0.47925242697074427
3787,0.3828,11,20,11,581974,23636,86196,21760,0.2189410500574308,0.4793373865538814
3788,0.3829,7,25,7,581999,23611,86203,21753,0.21870947423024195,0.47952120624283573
3789,0.383,14,18,14,582017,23593,86217,21739,0.21854273963466597,0.4795508691432101
3790,0.3831,17,23,17,582040,23570,86234,21722,0.21832968987365223,0.4795990461891725
3791,0.3832,8,23,8,582063,23547,86242,21714,0.21811664011263848,0.4797507788161994
3792,0.3833,17,13,17,582076,23534,86259,21697,0.21799622068250027,0.47969313081735976
3793,0.3834,15,21,15,582097,23513,86274,21682,0.21780169698766164,0.4797433344396504
3794,0.3835,13,20,13,582117,23493,86287,21669,0.21761643632591054,0.47980603161950314
3795,0.3836,10,22,10,582139,23471,86297,21659,0.21741264959798437,0.47992466208730333
3796,0.3837,9,22,9,582161,23449,86306,21650,0.21720886287005817,0.4800549901328189
3797,0.3838,11,15,11,582176,23434,86317,21639,0.21706991737374487,0.48008785747565064
3798,0.3839,15,23,15,582199,23411,86332,21624,0.21685686761273112,0.4801598756522705
3799,0.384,11,24,11,582223,23387,86343,21613,0.2166345548186298,0.4802888888888889
3800,0.3841,9,20,9,582243,23367,86352,21604,0.21644929415687872,0.48039847901981275
3801,0.3842,12,22,12,582265,23345,86364,21592,0.21624550742895254,0.48049491510336695
3802,0.3843,10,18,10,582283,23327,86374,21582,0.21607877283337656,0.48057182301988466
3803,0.3844,13,10,13,582293,23317,86387,21569,0.215986142502501,0.48052844985073295
3804,0.3845,17,22,17,582315,23295,86404,21552,0.21578235577457483,0.4805672620242157
3805,0.3846,14,17,14,582332,23278,86418,21538,0.2156248842120864,0.4805872902534809
3806,0.3847,8,23,8,582355,23255,86426,21530,0.21541183445107265,0.48074131963827177
3807,0.3848,10,23,10,582378,23232,86436,21520,0.2151987846900589,0.48087236324633537
3808,0.3849,14,20,14,582398,23212,86450,21506,0.21501352402830784,0.48092490719620734
3809,0.385,11,25,11,582423,23187,86461,21495,0.21478194820111898,0.48106620115482746
3810,0.3851,17,24,17,582447,23163,86478,21478,0.21455963540701767,0.4811272148921395
3811,0.3852,11,11,11,582458,23152,86489,21467,0.21445774204305457,0.48111790941078914
3812,0.3853,13,32,13,582490,23120,86502,21454,0.21416132498425283,0.4813119755911518
3813,0.3854,10,24,10,582514,23096,86512,21444,0.21393901219015155,0.4814548720251459
3814,0.3855,15,25,15,582539,23071,86527,21429,0.2137074363629627,0.4815505617977528
3815,0.3856,15,27,15,582566,23044,86542,21414,0.21345733446959872,0.4816680912321742
3816,0.3857,13,21,13,582587,23023,86555,21401,0.2132628107747601,0.48174410228705206
3817,0.3858,17,13,17,582600,23010,86572,21384,0.21314239134462187,0.4816867144208677
3818,0.3859,11,18,11,582618,22992,86583,21373,0.2129756567490459,0.48175363462188664
3819,0.386,14,28,14,582646,22964,86597,21359,0.21271629182259438,0.4818942761094691
3820,0.3861,12,17,12,582663,22947,86609,21347,0.21255882026010597,0.4819388630514291
3821,0.3862,10,14,10,582677,22933,86619,21337,0.21242913779688022,0.4819742489270386
3822,0.3863,20,22,20,582699,22911,86639,21317,0.21222535106895402,0.4819797413403274
3823,0.3864,14,22,14,582721,22889,86653,21303,0.2120215643410278,0.4820555756698045
3824,0.3865,11,14,11,582735,22875,86664,21292,0.21189188187780206,0.4820793805329771
3825,0.3866,9,19,9,582754,22856,86673,21283,0.21171588424913854,0.48218129092186046
3826,0.3867,16,31,16,582785,22825,86689,21267,0.21142873022342437,0.4823323958994829
3827,0.3868,15,17,15,582802,22808,86704,21252,0.21127125866093593,0.48234226055379026
3828,0.3869,14,19,14,582821,22789,86718,21238,0.2110952610322724,0.4823858087082926
3829,0.387,19,17,19,582838,22772,86737,21219,0.21093778946978398,0.48234866222636447
3830,0.3871,13,23,13,582861,22749,86750,21206,0.21072473970877023,0.4824479581390058
3831,0.3872,5,15,5,582876,22734,86755,21201,0.21058579421245693,0.4825537726186412
3832,0.3873,12,16,12,582892,22718,86767,21189,0.21043758568305607,0.4825881977816749
3833,0.3874,16,20,16,582912,22698,86783,21173,0.21025232502130498,0.4826194980738985
3834,0.3875,12,12,12,582924,22686,86795,21161,0.21014116862425433,0.48260998471959315
3835,0.3876,13,22,13,582946,22664,86808,21148,0.20993738189632813,0.4826988039806446
3836,0.3877,12,18,12,582964,22646,86820,21136,0.20977064730075215,0.4827554702845918
3837,0.3878,17,18,17,582982,22628,86837,21119,0.20960391270517617,0.4827531030699248
3838,0.3879,17,19,17,583001,22609,86854,21102,0.20942791507651265,0.4827617762119375
3839,0.388,8,17,8,583018,22592,86862,21094,0.20927044351402424,0.48285491919608114
3840,0.3881,13,19,13,583037,22573,86875,21081,0.2090944458853607,0.48291107344115086
3841,0.3882,13,21,13,583058,22552,86888,21068,0.20889992219052206,0.48298945437872537
3842,0.3883,12,24,12,583082,22528,86900,21056,0.20867760939642077,0.4831130690161527
3843,0.3884,10,25,10,583107,22503,86910,21046,0.20844603356923191,0.4832717169165767
3844,0.3885,12,20,12,583127,22483,86922,21034,0.20826077290748082,0.48335133396144037
3845,0.3886,19,25,19,583152,22458,86941,21015,0.20802919708029197,0.4834034918225105
3846,0.3887,10,23,10,583175,22435,86951,21005,0.20781614731927822,0.4835405156537753
3847,0.3888,10,15,10,583190,22420,86961,20995,0.20767720182296492,0.48358862144420134
3848,0.3889,13,16,13,583206,22404,86974,20982,0.20752899329356406,0.4836122251417508
3849,0.389,17,23,17,583229,22381,86991,20965,0.2073159435325503,0.48366631292391454
3850,0.3891,14,17,14,583246,22364,87005,20951,0.20715847197006187,0.4836892531455616
3851,0.3892,15,10,15,583256,22354,87020,20936,0.20706584163918634,0.48362208362208364
3852,0.3893,7,25,7,583281,22329,87027,20929,0.2068342658119975,0.4838180220999584
3853,0.3894,14,14,14,583295,22315,87041,20915,0.20670458334877173,0.48380754105944945
3854,0.3895,14,18,14,583313,22297,87055,20901,0.20653784875319575,0.48384184452983936
3855,0.3896,12,26,12,583339,22271,87067,20889,0.20629700989291933,0.4839898053753475
3856,0.3897,14,24,14,583363,22247,87081,20875,0.20607469709881804,0.4840916469551505
3857,0.3898,11,20,11,583383,22227,87092,20864,0.20588943643706695,0.4841846325218723
3858,0.3899,14,23,14,583406,22204,87106,20850,0.2056763866760532,0.48427556092349144
3859,0.39,9,23,9,583429,22181,87115,20841,0.20546333691503946,0.484426572451304
3860,0.3901,13,11,13,583440,22170,87128,20828,0.20536144355107636,0.48439462300572117
3861,0.3902,7,18,7,583458,22152,87135,20821,0.20519470895550038,0.48451353175249573
3862,0.3903,14,18,14,583476,22134,87149,20807,0.20502797435992443,0.4845485666379451
3863,0.3904,12,22,12,583498,22112,87161,20795,0.20482418763199822,0.48465285384669166
3864,0.3905,20,13,20,583511,22099,87181,20775,0.20470376820186,0.48455940663339087
3865,0.3906,9,22,9,583533,22077,87190,20766,0.20449998147393383,0.4846999509838247
3866,0.3907,13,21,13,583554,22056,87203,20753,0.20430545777909517,0.48478123759022634
3867,0.3908,16,10,16,583564,22046,87219,20737,0.20421282744821964,0.48470186756421946
3868,0.3909,14,20,14,583584,22026,87233,20723,0.20402756678646855,0.4847598774240333
3869,0.391,10,15,10,583599,22011,87243,20713,0.20388862129015525,0.4848094747682801
3870,0.3911,6,15,6,583614,21996,87249,20707,0.20374967579384193,0.48490738355619045
3871,0.3912,12,19,12,583633,21977,87261,20695,0.2035736781651784,0.4849784401949756
3872,0.3913,13,16,13,583649,21961,87274,20682,0.20342546963577754,0.485003400323617
3873,0.3914,13,26,13,583675,21935,87287,20669,0.20318463077550114,0.4851422401652427
3874,0.3915,16,11,16,583686,21924,87303,20653,0.20308273741153804,0.48507410104046783
3875,0.3916,10,23,10,583709,21901,87313,20643,0.2028696876505243,0.4852153065062053
3876,0.3917,15,19,15,583728,21882,87328,20628,0.20269369002186075,0.48525052928722656
3877,0.3918,10,24,10,583752,21858,87338,20618,0.20247137722775946,0.48540352198888786
3878,0.3919,13,18,13,583770,21840,87351,20605,0.20230464263218348,0.48545176110260335
3879,0.392,11,17,11,583787,21823,87362,20594,0.20214717106969507,0.4855128839851946
3880,0.3921,17,25,17,583812,21798,87379,20577,0.2019155952425062,0.4855929203539823
3881,0.3922,13,11,13,583823,21787,87392,20564,0.2018137018785431,0.4855611437746452
3882,0.3923,14,18,14,583841,21769,87406,20550,0.20164696728296713,0.4855974857628961
3883,0.3924,10,13,10,583854,21756,87416,20540,0.20152654785282892,0.4856251182144884
3884,0.3925,9,20,9,583874,21736,87425,20531,0.20134128719107786,0.48574538055693567
3885,0.3926,11,20,11,583894,21716,87436,20520,0.20115602652932676,0.48584146225968367
3886,0.3927,14,21,14,583915,21695,87450,20506,0.20096150283448813,0.4859126560981967
3887,0.3928,11,20,11,583935,21675,87461,20495,0.20077624217273704,0.486009011145364
3888,0.3929,12,29,12,583964,21646,87473,20483,0.20050761421319796,0.48619715635310595
3889,0.393,11,21,11,583985,21625,87484,20472,0.20031309051835933,0.48630543744209803
3890,0.3931,10,13,10,583998,21612,87494,20462,0.2001926710882211,0.48633360270000475
3891,0.3932,12,19,12,584017,21593,87506,20450,0.2000166734595576,0.48640677401707777
3892,0.3933,6,12,6,584029,21581,87512,20444,0.19990551706250695,0.48647233789411065
3893,0.3934,14,19,14,584048,21562,87526,20430,0.19972951943384343,0.4865212421413603
3894,0.3935,21,24,21,584072,21538,87547,20409,0.1995072066397421,0.4865425417789115
3895,0.3936,13,12,13,584084,21526,87560,20396,0.19939605024269147,0.4865225895711082
3896,0.3937,16,20,16,584104,21506,87576,20380,0.19921078958094038,0.4865587547151793
3897,0.3938,6,11,6,584115,21495,87582,20374,0.19910889621697728,0.4866130072368578
3898,0.3939,15,16,15,584131,21479,87597,20359,0.1989606876875764,0.4866150389597973
3899,0.394,13,13,13,584144,21466,87610,20346,0.19884026825743822,0.4866067157753755
3900,0.3941,4,12,4,584156,21454,87614,20342,0.19872911186038755,0.4866972916068523
3901,0.3942,8,19,8,584175,21435,87622,20334,0.19855311423172403,0.48682036917331034
3902,0.3943,14,13,14,584188,21422,87636,20320,0.19843269480158582,0.48679986584255663
3903,0.3944,14,22,14,584210,21400,87650,20306,0.19822890807365964,0.48688438114419985
3904,0.3945,8,14,8,584224,21386,87658,20298,0.1980992256104339,0.48694942903752036
3905,0.3946,27,17,27,584241,21369,87685,20271,0.19794175404794545,0.4868155619596542
3906,0.3947,10,24,10,584265,21345,87695,20261,0.19771944125384416,0.4869730327356631
3907,0.3948,12,14,12,584279,21331,87707,20249,0.1975897587906184,0.48698893698893697
3908,0.3949,11,16,11,584295,21315,87718,20238,0.19744155026121754,0.48704064688470144
3909,0.395,12,23,12,584318,21292,87730,20226,0.1972285005002038,0.48716219471072786
3910,0.3951,12,14,12,584332,21278,87742,20214,0.19709881803697804,0.4871782512291526
3911,0.3952,12,19,12,584351,21259,87754,20202,0.1969228204083145,0.48725308120884686
3912,0.3953,10,25,10,584376,21234,87764,20192,0.19669124458112563,0.48742335731183317
3913,0.3954,13,17,13,584393,21217,87777,20179,0.19653377301863723,0.48746255676876993
3914,0.3955,8,21,8,584414,21196,87785,20171,0.1963392493237986,0.487610897575362
3915,0.3956,13,11,13,584425,21185,87798,20158,0.1962373559598355,0.48757951769344265
3916,0.3957,10,8,10,584433,21177,87808,20148,0.19616325169513504,0.48754990925589836
3917,0.3958,10,16,10,584449,21161,87818,20138,0.19601504316573418,0.4876147122206349
3918,0.3959,10,14,10,584463,21147,87828,20128,0.19588536070250842,0.4876559660811629
3919,0.396,10,16,10,584479,21131,87838,20118,0.19573715217310755,0.4877209144464108
3920,0.3961,15,21,15,584500,21110,87853,20103,0.19554262847826892,0.4877829810981972
3921,0.3962,15,20,15,584520,21090,87868,20088,0.19535736781651783,0.48783330904852107
3922,0.3963,13,27,13,584547,21063,87881,20075,0.1951072659231539,0.48799163790169675
3923,0.3964,13,14,13,584561,21049,87894,20062,0.1949775834599281,0.4879959135024689
3924,0.3965,12,28,12,584589,21021,87906,20050,0.1947182185334766,0.4881790070852913
3925,0.3966,11,16,11,584605,21005,87917,20039,0.19457001000407573,0.4882321411168502
3926,0.3967,8,18,8,584623,20987,87925,20031,0.19440327540849975,0.48834657955044125
3927,0.3968,12,17,12,584640,20970,87937,20019,0.19424580384601134,0.488399326648613
3928,0.3969,15,17,15,584657,20953,87952,20004,0.19408833228352293,0.48841467880948314
3929,0.397,12,15,12,584672,20938,87964,19992,0.1939493867872096,0.48844368433911556
3930,0.3971,12,22,12,584694,20916,87976,19980,0.1937456000592834,0.488556338028169
3931,0.3972,18,16,18,584710,20900,87994,19962,0.19359739152988253,0.48852234349762613
3932,0.3973,13,16,13,584726,20884,88007,19949,0.19344918300048167,0.48855092694634245
3933,0.3974,10,15,10,584741,20869,88017,19939,0.19331023750416837,0.48860517545579296
3934,0.3975,18,16,18,584757,20853,88035,19921,0.1931620289747675,0.48857114828076714
3935,0.3976,15,12,15,584769,20841,88050,19906,0.19305087257771686,0.4885267627064569
3936,0.3977,7,22,7,584791,20819,88057,19899,0.19284708584979066,0.48870278500908687
3937,0.3978,16,25,16,584816,20794,88073,19883,0.1926155100226018,0.4888020257147774
3938,0.3979,19,17,19,584833,20777,88092,19864,0.1924580384601134,0.48876750079968506
3939,0.398,10,14,10,584847,20763,88102,19854,0.19232835599688763,0.4888101041435852
3940,0.3981,13,20,13,584867,20743,88115,19841,0.19214309533513654,0.48888724620540114
3941,0.3982,9,21,9,584888,20722,88124,19832,0.1919485716402979,0.4890269763771761
3942,0.3983,10,22,10,584910,20700,88134,19822,0.1917447849123717,0.4891663787572183
3943,0.3984,13,18,13,584928,20682,88147,19809,0.19157805031679573,0.48921982662813956
3944,0.3985,16,19,16,584947,20663,88163,19793,0.1914020526881322,0.4892475776151869
3945,0.3986,12,19,12,584966,20644,88175,19781,0.19122605505946869,0.48932591218305505
3946,0.3987,18,23,18,584989,20621,88193,19763,0.1910130052984549,0.4893769809825674
3947,0.3988,10,20,10,585009,20601,88203,19753,0.19082774463670385,0.48949298706447936
3948,0.3989,10,20,10,585029,20581,88213,19743,0.19064248397495276,0.48960916575736535
3949,0.399,9,26,9,585055,20555,88222,19734,0.19040164511467636,0.4898111146963191
3950,0.3991,14,17,14,585072,20538,88236,19720,0.19024417355218792,0.4898405285905907
3951,0.3992,12,18,12,585090,20520,88248,19708,0.19007743895661194,0.48990752709555535
3952,0.3993,11,19,11,585109,20501,88259,19697,0.18990144132794842,0.4899995024628091
3953,0.3994,6,24,6,585133,20477,88265,19691,0.18967912853384714,0.49021609241187014
3954,0.3995,12,18,12,585151,20459,88277,19679,0.18951239393827116,0.4902835218496188
3955,0.3996,17,20,17,585171,20439,88294,19662,0.18932713327652007,0.49031196229520463
3956,0.3997,12,21,12,585192,20418,88306,19650,0.18913260958168143,0.49041629230308476
3957,0.3998,4,15,4,585207,20403,88310,19646,0.1889936640853681,0.49054907738020925
3958,0.3999,9,16,9,585223,20387,88319,19637,0.18884545555596724,0.4906306216270238
3959,0.4,17,18,17,585241,20369,88336,19620,0.18867872096039126,0.49063492460426616
3960,0.4001,10,20,10,585261,20349,88346,19610,0.1884934602986402,0.49075302184739356
3961,0.4002,13,11,13,585272,20338,88359,19597,0.1883915669346771,0.4907224239389007
3962,0.4003,9,17,9,585289,20321,88368,19588,0.18823409537218866,0.49081660778270564
3963,0.4004,14,18,14,585307,20303,88382,19574,0.1880673607766127,0.49085939263234446
3964,0.4005,11,13,11,585320,20290,88393,19563,0.1879469413464745,0.49087898025242765
3965,0.4006,9,12,9,585332,20278,88402,19554,0.18783578494942385,0.4909118296846756
3966,0.4007,12,20,12,585352,20258,88414,19542,0.18765052428767276,0.49100502512562816
3967,0.4008,8,11,8,585363,20247,88422,19534,0.18754863092370966,0.49103843543400116
3968,0.4009,12,12,12,585375,20235,88434,19522,0.18743747452665901,0.49103302563070655
3969,0.401,8,27,8,585402,20208,88442,19514,0.18718737263329505,0.4912642867932128
3970,0.4011,11,17,11,585419,20191,88453,19503,0.18702990107080664,0.4913337028266237
3971,0.4012,19,18,19,585437,20173,88472,19484,0.18686316647523066,0.49131300905262626
3972,0.4013,11,17,11,585454,20156,88483,19473,0.18670569491274222,0.4913825733679881
3973,0.4014,18,14,18,585468,20142,88501,19455,0.18657601244951647,0.49132510038639293
3974,0.4015,8,23,8,585491,20119,88509,19447,0.18636296268850272,0.4915078602840823
3975,0.4016,10,30,10,585521,20089,88519,19437,0.1860850716958761,0.4917522643323382
3976,0.4017,18,20,18,585541,20069,88537,19419,0.185899811034125,0.49176965153970825
3977,0.4018,9,19,9,585560,20050,88546,19410,0.18572381340546149,0.49189052204764316
3978,0.4019,15,15,15,585575,20035,88561,19395,0.18558486790914816,0.4918843520162313
3979,0.402,12,12,12,585587,20023,88573,19383,0.18547371151209752,0.4918794092270213
3980,0.4021,12,13,12,585600,20010,88585,19371,0.1853532920819593,0.49188695055991466
3981,0.4022,12,16,12,585616,19994,88597,19359,0.18520508355255844,0.4919320001016441
3982,0.4023,10,21,10,585637,19973,88607,19349,0.1850105598577198,0.4920655104013021
3983,0.4024,7,12,7,585649,19961,88614,19342,0.18489940346066916,0.492125283057273
3984,0.4025,21,16,21,585665,19945,88635,19321,0.1847511949312683,0.4920541944684969
3985,0.4026,15,17,15,585682,19928,88650,19306,0.18459372336877988,0.4920732018147525
3986,0.4027,15,24,15,585706,19904,88665,19291,0.18437141057467857,0.49218012501594594
3987,0.4028,11,18,11,585724,19886,88676,19280,0.1842046759791026,0.4922636981054997
3988,0.4029,18,13,18,585737,19873,88694,19262,0.1840842565489644,0.4921936885141178
3989,0.403,15,21,15,585758,19852,88709,19247,0.18388973285412574,0.49226322923859944
3990,0.4031,13,12,13,585770,19840,88722,19234,0.1837785764570751,0.49224548292982545
3991,0.4032,10,15,10,585785,19825,88732,19224,0.1836396309607618,0.49230454044917926
3992,0.4033,16,17,16,585802,19808,88748,19208,0.18348215939827336,0.4923108468320689
3993,0.4034,10,12,10,585814,19796,88758,19198,0.18337100300122272,0.49233215366466637
3994,0.4035,9,14,9,585828,19782,88767,19189,0.18324132053799697,0.492391778501963
3995,0.4036,13,21,13,585849,19761,88780,19176,0.18304679684315833,0.49248786501271286
3996,0.4037,11,23,11,585872,19738,88791,19165,0.1828337470821446,0.49263552939362004
3997,0.4038,8,19,8,585891,19719,88799,19157,0.18265774945348104,0.49277189011215144
3998,0.4039,20,21,20,585912,19698,88819,19137,0.1824632257586424,0.4927771340285825
3999,0.404,14,22,14,585934,19676,88833,19123,0.18225943903071623,0.4928735276682389
4000,0.4041,16,9,16,585943,19667,88849,19107,0.18217607173292824,0.4927786661164698
4001,0.4042,9,13,9,585956,19654,88858,19098,0.18205565230279003,0.49282617671345996
4002,0.4043,13,13,13,585969,19641,88871,19085,0.18193523287265181,0.49282136032639573
4003,0.4044,12,20,12,585989,19621,88883,19073,0.18174997221090075,0.49291879878017264
4004,0.4045,19,13,19,586002,19608,88902,19054,0.18162955278076254,0.492835342196472
4005,0.4046,7,15,7,586017,19593,88909,19047,0.1814906072844492,0.49293478260869567
4006,0.4047,10,18,10,586035,19575,88919,19037,0.18132387268887323,0.49303325391070135
4007,0.4048,7,21,7,586056,19554,88926,19030,0.1811293489940346,0.49320962056811113
4008,0.4049,11,18,11,586074,19536,88937,19019,0.18096261439845862,0.4932952924393723
4009,0.405,13,23,13,586097,19513,88950,19006,0.18074956463744488,0.4934188322645967
4010,0.4051,14,15,14,586112,19498,88964,18992,0.18061061914113158,0.4934268641205508
4011,0.4052,9,22,9,586134,19476,88973,18983,0.18040683241320538,0.49359057697808056
4012,0.4053,11,15,11,586149,19461,88984,18972,0.18026788691689208,0.4936382796034658
4013,0.4054,4,16,4,586165,19445,88988,18968,0.1801196783874912,0.4937911644495353
4014,0.4055,17,21,17,586186,19424,89005,18951,0.17992515469265255,0.4938371335504886
4015,0.4056,15,11,15,586197,19413,89020,18936,0.17982326132868948,0.49378080262849094
4016,0.4057,14,22,14,586219,19391,89034,18922,0.17961947460076327,0.49387936209641636
4017,0.4058,9,11,9,586230,19380,89043,18913,0.17951758123680017,0.49390227979004
4018,0.4059,11,22,11,586252,19358,89054,18902,0.179313794508874,0.49404077365394666
4019,0.406,14,15,14,586267,19343,89068,18888,0.17917484901256067,0.49404933169417486
4020,0.4061,11,22,11,586289,19321,89079,18877,0.17897106228463447,0.49418817739148646
4021,0.4062,14,16,14,586305,19305,89093,18863,0.1788228537552336,0.4942098092643052
4022,0.4063,15,20,15,586325,19285,89108,18848,0.17863759309348254,0.4942700548081714
4023,0.4064,15,18,15,586343,19267,89123,18833,0.17847085849790656,0.49430446194225724
4024,0.4065,15,14,15,586357,19253,89138,18818,0.1783411760346808,0.4942869900974495
4025,0.4066,9,29,9,586386,19224,89147,18809,0.17807254807514172,0.4945442116057108
4026,0.4067,9,21,9,586407,19203,89156,18800,0.1778780243803031,0.49469778701681444
4027,0.4068,13,12,13,586419,19191,89169,18787,0.17776686798325245,0.49468113118121015
4028,0.4069,7,24,7,586443,19167,89176,18780,0.17754455518915113,0.49490078267056686
4029,0.407,12,20,12,586463,19147,89188,18768,0.17735929452740004,0.4950019781089279
4030,0.4071,10,20,10,586483,19127,89198,18758,0.17717403386564898,0.49512999868021645
4031,0.4072,19,19,19,586502,19108,89217,18739,0.17699803623698543,0.4951251089914656
4032,0.4073,3,21,3,586523,19087,89220,18736,0.1768035125421468,0.49535996615815775
4033,0.4074,15,15,15,586538,19072,89235,18721,0.1766645670458335,0.4953562829095335
4034,0.4075,6,21,6,586559,19051,89241,18715,0.17647004335099484,0.4955515543081078
4035,0.4076,11,24,11,586583,19027,89252,18704,0.17624773055689355,0.4957196999814476
4036,0.4077,10,14,10,586597,19013,89262,18694,0.1761180480936678,0.4957700161773676
4037,0.4078,12,20,12,586617,18993,89274,18682,0.1759327874319167,0.49587259455872595
4038,0.4079,10,14,10,586631,18979,89284,18672,0.17580310496869095,0.495923083052243
4039,0.408,11,20,11,586651,18959,89295,18661,0.17561784430693986,0.4960393407761829
4040,0.4081,10,14,10,586665,18945,89305,18651,0.1754881618437141,0.49609000957548677
4041,0.4082,12,23,12,586688,18922,89317,18639,0.17527511208270036,0.4962327946540294
4042,0.4083,6,17,6,586705,18905,89323,18633,0.17511764052021195,0.4963770046353029
4043,0.4084,14,18,14,586723,18887,89337,18619,0.17495090592463597,0.4964272383085373
4044,0.4085,11,20,11,586743,18867,89348,18608,0.17476564526288488,0.49654436290860576
4045,0.4086,8,22,8,586765,18845,89356,18600,0.17456185853495867,0.4967285351849379
4046,0.4087,8,19,8,586784,18826,89364,18592,0.17438586090629515,0.49687316264899245
4047,0.4088,14,11,14,586795,18815,89378,18578,0.17428396754233205,0.4968309576658733
4048,0.4089,13,13,13,586808,18802,89391,18565,0.17416354811219387,0.49682875264270615
4049,0.409,11,13,11,586821,18789,89402,18554,0.17404312868205565,0.49685349329191547
4050,0.4091,8,16,8,586837,18773,89410,18546,0.17389492015265479,0.49695865376885767
4051,0.4092,13,19,13,586856,18754,89423,18533,0.17371892252399126,0.49703650065706545
4052,0.4093,12,15,12,586871,18739,89435,18521,0.17357997702767794,0.4970746108427268
4053,0.4094,6,20,6,586891,18719,89441,18515,0.17339471636592685,0.49726056829779236
4054,0.4095,12,13,12,586904,18706,89453,18503,0.17327429693578866,0.49727216533634333
4055,0.4096,12,14,12,586918,18692,89465,18491,0.1731446144725629,0.4972971519242665
4056,0.4097,15,21,15,586939,18671,89480,18476,0.17295009077772425,0.497375292755808
4057,0.4098,13,25,13,586964,18646,89493,18463,0.1727185149505354,0.4975342908728341
4058,0.4099,11,21,11,586985,18625,89504,18452,0.17252399125569676,0.4976670172883459
4059,0.41,14,16,14,587001,18609,89518,18438,0.1723757827262959,0.49769212081949954
4060,0.4101,7,19,7,587020,18590,89525,18431,0.17219978509763237,0.49785257016288054
4061,0.4102,14,18,14,587038,18572,89539,18417,0.1720330505020564,0.49790478250290626
4062,0.4103,18,21,18,587059,18551,89557,18399,0.17183852680721776,0.4979431664411367
4063,0.4104,10,8,10,587067,18543,89567,18389,0.1717644225425173,0.4979150871872631
4064,0.4105,13,22,13,587089,18521,89580,18376,0.17156063581459113,0.49803507060194596
4065,0.4106,13,17,13,587106,18504,89593,18363,0.1714031642521027,0.4980877207258524
4066,0.4107,11,19,11,587125,18485,89604,18352,0.17122716662343918,0.49819474984390694
4067,0.4108,13,14,13,587139,18471,89617,18339,0.17109748416021342,0.4982070089649552
4068,0.4109,16,11,16,587150,18460,89633,18323,0.17099559079625032,0.4981377266672104
4069,0.411,11,15,11,587165,18445,89644,18312,0.17085664529993702,0.4981908207960388
4070,0.4111,21,12,21,587177,18433,89665,18291,0.17074548890288635,0.49806665940529354
4071,0.4112,13,9,13,587186,18424,89678,18278,0.17066212160509836,0.4980110075745191
4072,0.4113,11,12,11,587198,18412,89689,18267,0.17055096520804772,0.4980233921317375
4073,0.4114,12,19,12,587217,18393,89701,18255,0.1703749675793842,0.49811722331368696
4074,0.4115,12,21,12,587238,18372,89713,18243,0.17018044388454556,0.49823842687423187
4075,0.4116,14,18,14,587256,18354,89727,18229,0.17001370928896958,0.4982915561873001
4076,0.4117,17,15,17,587271,18339,89744,18212,0.16987476379265626,0.4982627014308774
4077,0.4118,16,18,16,587289,18321,89760,18196,0.16970802919708028,0.498288468384588
4078,0.4119,17,21,17,587310,18300,89777,18179,0.16951350550224165,0.49834151155459305
4079,0.412,13,18,13,587328,18282,89790,18166,0.16934677090666567,0.4984086918349429
4080,0.4121,12,15,12,587343,18267,89802,18154,0.16920782541035237,0.49844869718019824
4081,0.4122,11,19,11,587362,18248,89813,18143,0.16903182778168885,0.4985573356049573
4082,0.4123,10,9,10,587371,18239,89823,18133,0.16894846048390086,0.498542835147916
4083,0.4124,15,12,15,587383,18227,89838,18118,0.1688373040868502,0.49850048149676707
4084,0.4125,13,11,13,587394,18216,89851,18105,0.1687354107228871,0.49847195837119024
4085,0.4126,9,9,9,587403,18207,89860,18096,0.16865204342509912,0.4984712007272126
4086,0.4127,11,16,11,587419,18191,89871,18085,0.16850383489569826,0.4985389789392436
4087,0.4128,14,25,14,587444,18166,89885,18071,0.1682722590685094,0.4986891850870657
4088,0.4129,12,16,12,587460,18150,89897,18059,0.16812405053910853,0.49874340633544145
4089,0.413,10,21,10,587481,18129,89907,18049,0.1679295268442699,0.4988943556857759
4090,0.4131,11,10,11,587491,18119,89918,18038,0.16783689651339434,0.49887988494620683
4091,0.4132,17,14,17,587505,18105,89935,18021,0.16770721405016858,0.49883740242484637
4092,0.4133,9,10,9,587515,18095,89944,18012,0.16761458371929305,0.49885063838036947
4093,0.4134,11,12,11,587527,18083,89955,18001,0.16750342732224238,0.49886376233233565
4094,0.4135,9,12,9,587539,18071,89964,17992,0.16739227092519174,0.49890469456229375
4095,0.4136,9,20,9,587559,18051,89973,17983,0.16720701026344065,0.49905644668923793
4096,0.4137,8,16,8,587575,18035,89981,17975,0.16705880173403978,0.4991668980838656
4097,0.4138,11,18,11,587593,18017,89992,17964,0.16689206713846383,0.4992635001806509
4098,0.4139,14,11,14,587604,18006,90006,17950,0.16679017377450073,0.49922127044165093
4099,0.414,10,18,10,587622,17988,90016,17940,0.16662343917892475,0.49933199732798933
4100,0.4141,7,20,7,587642,17968,90023,17933,0.16643817851717366,0.49951254839698056
4101,0.4142,8,9,8,587651,17959,90031,17925,0.16635481121938567,0.4995262512540408
4102,0.4143,16,13,16,587664,17946,90047,17909,0.16623439178924748,0.4994840329103333
4103,0.4144,8,9,8,587673,17937,90055,17901,0.1661510244914595,0.49949773982923157
4104,0.4145,13,13,13,587686,17924,90068,17888,0.16603060506132128,0.4994973751815034
4105,0.4146,9,17,9,587703,17907,90077,17879,0.16587313349883287,0.49960878555859833
4106,0.4147,11,17,11,587720,17890,90088,17868,0.16571566193634443,0.4996923765311259
4107,0.4148,11,13,11,587733,17877,90099,17857,0.16559524250620622,0.49972015447472995
4108,0.4149,7,15,7,587748,17862,90106,17850,0.16545629700989292,0.4998319892473118
4109,0.415,12,10,12,587758,17852,90118,17838,0.1653636666790174,0.4998038666293079
4110,0.4151,11,22,11,587780,17830,90129,17827,0.1651598799510912,0.49995793252376813
4111,0.4152,15,25,15,587805,17805,90144,17812,0.16492830412390233,0.5000982676811635
4112,0.4153,10,7,10,587812,17798,90154,17802,0.16486346289228945,0.5000561797752809
4113,0.4154,10,14,10,587826,17784,90164,17792,0.1647337804290637,0.500112435349674
4114,0.4155,9,16,9,587842,17768,90173,17783,0.16458557189966283,0.5002109645298304
4115,0.4156,7,13,7,587855,17755,90180,17776,0.16446515246952462,0.5002955165911458
4116,0.4157,13,9,13,587864,17746,90193,17763,0.16438178517173663,0.500239375932862
4117,0.4158,6,18,6,587882,17728,90199,17757,0.16421505057616065,0.5004086233619839
4118,0.4159,12,14,12,587896,17714,90211,17745,0.1640853681129349,0.5004371245664007
4119,0.416,9,18,9,587914,17696,90220,17736,0.1639186335173589,0.5005644615037255
4120,0.4161,10,14,10,587928,17682,90230,17726,0.16378895105413316,0.5006213285133303
4121,0.4162,5,12,5,587940,17670,90235,17721,0.16367779465708251,0.5007205221666525
4122,0.4163,15,19,15,587959,17651,90250,17706,0.163501797028419,0.500777780920327
4123,0.4164,8,15,8,587974,17636,90258,17698,0.16336285153210567,0.5008773419369446
4124,0.4165,16,16,16,587990,17620,90274,17682,0.1632146430027048,0.5008781372160217
4125,0.4166,12,22,12,588012,17598,90286,17670,0.16301085627477863,0.5010207553589656
4126,0.4167,14,20,14,588032,17578,90300,17656,0.16282559561302754,0.5011068853947891
4127,0.4168,9,14,9,588046,17564,90309,17647,0.16269591314980178,0.501178608957428
4128,0.4169,5,12,5,588058,17552,90314,17642,0.1625847567527511,0.5012786270386997
4129,0.417,10,16,10,588074,17536,90324,17632,0.16243654822335024,0.5013648771610555
4130,0.4171,8,12,8,588086,17524,90332,17624,0.1623253918262996,0.5014225560487083
4131,0.4172,14,16,14,588102,17508,90346,17610,0.16217718329689873,0.5014522467110883
4132,0.4173,9,23,9,588125,17485,90355,17601,0.16196413353588499,0.5016530810009691
4133,0.4174,6,16,6,588141,17469,90361,17595,0.16181592500648412,0.5017967145790554
4134,0.4175,7,12,7,588153,17457,90368,17588,0.16170476860943347,0.5018690255385932
4135,0.4176,14,14,14,588167,17443,90382,17574,0.16157508614620772,0.5018705200331268
4136,0.4177,6,15,6,588182,17428,90388,17568,0.1614361406498944,0.502000228597554
4137,0.4178,11,19,11,588201,17409,90399,17557,0.16126014302123087,0.5021163415889721
4138,0.4179,6,12,6,588213,17397,90405,17551,0.16114898662418023,0.5022032734348174
4139,0.418,9,16,9,588229,17381,90414,17542,0.16100077809477936,0.5023050711565444
4140,0.4181,15,14,15,588243,17367,90429,17527,0.1608710956315536,0.5022926577635124
4141,0.4182,13,18,13,588261,17349,90442,17514,0.16070436103597763,0.502366405644953
4142,0.4183,10,19,10,588280,17330,90452,17504,0.16052836340731408,0.5024975598553137
4143,0.4184,6,17,6,588297,17313,90458,17498,0.16037089184482567,0.5026572060555572
4144,0.4185,9,15,9,588312,17298,90467,17489,0.16023194634851234,0.502745278408601
4145,0.4186,13,12,13,588324,17286,90480,17476,0.1601207899514617,0.5027328692250158
4146,0.4187,20,13,20,588337,17273,90500,17456,0.16000037052132352,0.5026346857093495
4147,0.4188,8,14,8,588351,17259,90508,17448,0.15987068805809773,0.5027227936727461
4148,0.4189,14,20,14,588371,17239,90522,17434,0.15968542739634667,0.5028119862717388
4149,0.419,7,11,7,588382,17228,90529,17427,0.15958353403238357,0.5028711585629779
4150,0.4191,12,17,12,588399,17211,90541,17415,0.15942606246989513,0.5029457632992549
4151,0.4192,9,14,9,588413,17197,90550,17406,0.15929638000666937,0.5030199693668179
4152,0.4193,13,16,13,588429,17181,90563,17393,0.1591481714772685,0.5030658876612484
4153,0.4194,15,11,15,588440,17170,90578,17378,0.15904627811330543,0.5030103045038786
4154,0.4195,5,15,5,588455,17155,90583,17373,0.1589073326169921,0.5031568582020389
4155,0.4196,18,17,18,588472,17138,90601,17355,0.1587498610545037,0.5031455657669672
4156,0.4197,5,22,5,588494,17116,90606,17350,0.1585460743265775,0.5033946497998028
4157,0.4198,12,12,12,588506,17104,90618,17338,0.15843491792952685,0.5033970152720516
4158,0.4199,11,21,11,588527,17083,90629,17327,0.15824039423468822,0.5035454809648358
4159,0.42,10,16,10,588543,17067,90639,17317,0.15809218570528735,0.5036354118194509
4160,0.4201,7,10,7,588553,17057,90646,17310,0.1579995553744118,0.5036808566357261
4161,0.4202,11,6,11,588559,17051,90657,17299,0.15794397717588649,0.5036098981077147
4162,0.4203,15,17,15,588576,17034,90672,17284,0.15778650561339805,0.5036424034034618
4163,0.4204,16,16,16,588592,17018,90688,17268,0.15763829708399718,0.5036458029516421
4164,0.4205,5,18,5,588610,17000,90693,17263,0.1574715624884212,0.5038379593147126
4165,0.4206,11,12,11,588622,16988,90704,17252,0.15736040609137056,0.5038551401869159
4166,0.4207,6,19,6,588641,16969,90710,17246,0.15718440846270704,0.5040479321934824
4167,0.4208,7,13,7,588654,16956,90717,17239,0.15706398903256882,0.5041380318760053
4168,0.4209,18,10,18,588664,16946,90735,17221,0.1569713587016933,0.5040243509819416
4169,0.421,13,14,13,588678,16932,90748,17208,0.15684167623846754,0.5040421792618629
4170,0.4211,8,13,8,588691,16919,90756,17200,0.15672125680832932,0.5041179401506491
4171,0.4212,10,17,10,588708,16902,90766,17190,0.1565637852458409,0.5042238648363252
4172,0.4213,11,14,11,588722,16888,90777,17179,0.15643410278261513,0.5042709953914345
4173,0.4214,14,13,14,588735,16875,90791,17165,0.15631368335247695,0.5042596944770857
4174,0.4215,6,15,6,588750,16860,90797,17159,0.15617473785616362,0.5043946030159616
4175,0.4216,10,19,10,588769,16841,90807,17149,0.1559987402275001,0.5045307443365695
4176,0.4217,18,13,18,588782,16828,90825,17131,0.15587832079736189,0.5044612621101917
4177,0.4218,8,16,8,588798,16812,90833,17123,0.15573011226796102,0.5045822896714307
4178,0.4219,7,11,7,588809,16801,90840,17116,0.15562821890399792,0.5046436890055135
4179,0.422,7,12,7,588821,16789,90847,17109,0.15551706250694727,0.5047200424803823
4180,0.4221,13,8,13,588829,16781,90860,17096,0.15544295824224685,0.5046491720046049
4181,0.4222,9,23,9,588852,16758,90869,17087,0.1552299084812331,0.504860392967942
4182,0.4223,14,10,14,588862,16748,90883,17073,0.15513727815035755,0.5048047071346206
4183,0.4224,12,13,12,588875,16735,90895,17061,0.15501685872021934,0.5048230559829565
4184,0.4225,12,19,12,588894,16716,90907,17049,0.15484086109155581,0.5049311417147935
4185,0.4226,6,8,6,588902,16708,90913,17043,0.1547667568268554,0.5049628159165654
4186,0.4227,13,11,13,588913,16697,90926,17030,0.1546648634628923,0.5049366976013283
4187,0.4228,10,17,10,588930,16680,90936,17020,0.15450739190040386,0.5050445103857567
4188,0.4229,8,23,8,588953,16657,90944,17012,0.1542943421393901,0.5052719118476937
4189,0.423,10,17,10,588970,16640,90954,17002,0.1541368705769017,0.5053801795374829
4190,0.4231,11,17,11,588987,16623,90965,16991,0.1539793990144133,0.5054739096804902
4191,0.4232,15,14,15,589001,16609,90980,16976,0.1538497165511875,0.5054637486973351
4192,0.4233,18,13,18,589014,16596,90998,16958,0.15372929712104932,0.505394289801514
4193,0.4234,15,5,15,589019,16591,91013,16943,0.15368298195561156,0.5052484046042822
4194,0.4235,4,19,4,589038,16572,91017,16939,0.153506984326948,0.5054758139118498
4195,0.4236,7,14,7,589052,16558,91024,16932,0.15337730186372225,0.5055837563451777
4196,0.4237,10,16,10,589068,16542,91034,16922,0.1532290933343214,0.5056777432464739
4197,0.4238,6,17,6,589085,16525,91040,16916,0.15307162177183298,0.5058461170419545
4198,0.4239,13,12,13,589097,16513,91053,16903,0.1529604653747823,0.5058355278908307
4199,0.424,7,17,7,589114,16496,91060,16896,0.1528029938122939,0.5059894585529469
4200,0.4241,15,11,15,589125,16485,91075,16881,0.1527011004483308,0.5059341844991908
4201,0.4242,12,14,12,589139,16471,91087,16869,0.15257141798510504,0.5059688062387523
4202,0.4243,13,21,13,589160,16450,91100,16856,0.1523768942902664,0.5060949978982766
4203,0.4244,14,17,14,589177,16433,91114,16842,0.15221942272777797,0.5061457550713749
4204,0.4245,11,13,11,589190,16420,91125,16831,0.15209900329763978,0.5061802652551803
4205,0.4246,5,13,5,589203,16407,91130,16826,0.15197858386750157,0.5063039749646435
4206,0.4247,16,8,16,589211,16399,91146,16810,0.15190447960280115,0.5061880815441597
4207,0.4248,8,11,8,589222,16388,91154,16802,0.15180258623883805,0.5062368183187708
4208,0.4249,15,12,15,589234,16376,91169,16787,0.1516914298417874,0.506196664957935
4209,0.425,13,14,13,589248,16362,91182,16774,0.15156174737856162,0.5062168034765814
4210,0.4251,14,13,14,589261,16349,91196,16760,0.15144132794842344,0.5062067715726841
4211,0.4252,9,15,9,589276,16334,91205,16751,0.1513023824521101,0.5063019495239535
4212,0.4253,7,20,7,589296,16314,91212,16744,0.15111712179035902,0.5065037207332567
4213,0.4254,9,15,9,589311,16299,91221,16735,0.15097817629404572,0.5065992613670763
4214,0.4255,15,16,15,589327,16283,91236,16720,0.15082996776464486,0.5066206102475532
4215,0.4256,7,7,7,589334,16276,91243,16713,0.15076512653303198,0.5066234199278548
4216,0.4257,11,14,11,589348,16262,91254,16702,0.15063544406980622,0.5066739473364883
4217,0.4258,8,11,8,589359,16251,91262,16694,0.15053355070584312,0.5067233267567157
4218,0.4259,15,16,15,589375,16235,91277,16679,0.15038534217644225,0.5067448502157137
4219,0.426,10,18,10,589393,16217,91287,16669,0.15021860758086628,0.5068722252630299
4220,0.4261,4,12,4,589405,16205,91291,16665,0.15010745118381563,0.5069972619409796
4221,0.4262,10,18,10,589423,16187,91301,16655,0.14994071658823965,0.5071250228366116
4222,0.4263,11,16,11,589439,16171,91312,16644,0.14979250805883879,0.5072070699375286
4223,0.4264,20,8,20,589447,16163,91332,16624,0.14971840379413837,0.5070302253942112
4224,0.4265,10,15,10,589462,16148,91342,16614,0.14957945829782504,0.5071118979305292
4225,0.4266,7,15,7,589477,16133,91349,16607,0.14944051280151172,0.5072388515577275
4226,0.4267,9,8,9,589485,16125,91358,16598,0.1493664085368113,0.507227332457293
4227,0.4268,7,11,7,589496,16114,91365,16591,0.1492645151728482,0.507292462926158
4228,0.4269,8,15,8,589511,16099,91373,16583,0.1491255696765349,0.5074046875956184
4229,0.427,14,11,14,589522,16088,91387,16569,0.1490236763125718,0.507364424166335
4230,0.4271,7,14,7,589536,16074,91394,16562,0.14889399384934604,0.5074764064223557
4231,0.4272,14,15,14,589551,16059,91408,16548,0.14875504835303272,0.5074983899162756
4232,0.4273,17,18,17,589569,16041,91425,16531,0.14858831375745674,0.5075217978631954
4233,0.4274,10,8,10,589577,16033,91435,16521,0.14851420949275632,0.5074952386803465
4234,0.4275,10,13,10,589590,16020,91445,16511,0.1483937900626181,0.5075466478128554
4235,0.4276,9,17,9,589607,16003,91454,16502,0.1482363185001297,0.5076757421935086
4236,0.4277,9,13,9,589620,15990,91463,16493,0.14811589906999148,0.5077425114675369
4237,0.4278,8,15,8,589635,15975,91471,16485,0.14797695357367815,0.5078558225508318
4238,0.4279,6,16,6,589651,15959,91477,16479,0.1478287450442773,0.5080152907084284
4239,0.428,9,8,9,589659,15951,91486,16470,0.14775464077957687,0.5080040714351809
4240,0.4281,10,16,10,589675,15935,91496,16460,0.147606432250176,0.5081031023306066
4241,0.4282,8,17,8,589692,15918,91504,16452,0.14744896068768756,0.5082483781278962
4242,0.4283,14,17,14,589709,15901,91518,16438,0.14729148912519915,0.5083026686044714
4243,0.4284,10,17,10,589726,15884,91528,16428,0.14713401756271074,0.5084179252290171
4244,0.4285,12,15,12,589741,15869,91540,16416,0.14699507206639742,0.5084714263589902
4245,0.4286,9,14,9,589755,15855,91549,16407,0.14686538960317166,0.508554956295332
4246,0.4287,14,16,14,589771,15839,91563,16393,0.1467171810737708,0.5085939439066766
4247,0.4288,12,13,12,589784,15826,91575,16381,0.14659676164363258,0.5086161393485888
4248,0.4289,8,8,8,589792,15818,91583,16373,0.14652265737893216,0.5086204218570408
4249,0.429,8,18,8,589810,15800,91591,16365,0.14635592278335618,0.5087828384890409
4250,0.4291,6,11,6,589821,15789,91597,16359,0.14625402941939308,0.5088652482269503
4251,0.4292,8,13,8,589834,15776,91605,16351,0.14613360998925487,0.5089488592149906
4252,0.4293,12,12,12,589846,15764,91617,16339,0.14602245359220423,0.5089555493256082
4253,0.4294,8,8,8,589854,15756,91625,16331,0.1459483493275038,0.5089600149593293
4254,0.4295,12,10,12,589864,15746,91637,16319,0.14585571899662825,0.5089349758303446
4255,0.4296,6,16,6,589880,15730,91643,16313,0.14570751046722738,0.5090971507037418
4256,0.4297,17,13,17,589893,15717,91660,16296,0.1455870910370892,0.5090432011995127
4257,0.4298,17,13,17,589906,15704,91677,16279,0.14546667160695098,0.5089891504861958
4258,0.4299,10,9,10,589915,15695,91687,16269,0.145383304309163,0.5089788512076086
4259,0.43,13,13,13,589928,15682,91700,16256,0.14526288487902478,0.5089861606863297
4260,0.4301,11,6,11,589934,15676,91711,16245,0.14520730668049947,0.5089126280504996
4261,0.4302,6,9,6,589943,15667,91717,16239,0.14512393938271148,0.5089638312543096
4262,0.4303,12,16,12,589959,15651,91729,16227,0.1449757308533106,0.5090344438170525
4263,0.4304,10,15,10,589974,15636,91739,16217,0.1448367853569973,0.509120020092299
4264,0.4305,9,17,9,589991,15619,91748,16208,0.14467931379450888,0.5092531498413296
4265,0.4306,15,18,15,590009,15601,91763,16193,0.1445125791989329,0.5093099326917029
4266,0.4307,9,15,9,590024,15586,91772,16184,0.14437363370261957,0.50941139439723
4267,0.4308,15,8,15,590032,15578,91787,16169,0.14429952943791916,0.5093079661070338
4268,0.4309,10,16,10,590048,15562,91797,16159,0.1441513209085183,0.5094101699189811
4269,0.431,11,16,11,590064,15546,91808,16148,0.14400311237911742,0.509497065690667
4270,0.4311,4,13,4,590077,15533,91812,16144,0.1438826929489792,0.509644221359346
4271,0.4312,13,11,13,590088,15522,91825,16131,0.1437807995850161,0.5096199412377974
4272,0.4313,10,16,10,590104,15506,91835,16121,0.14363259105561524,0.5097227052834603
4273,0.4314,12,10,12,590114,15496,91847,16109,0.1435399607247397,0.5096978326214207
4274,0.4315,17,12,17,590126,15484,91864,16092,0.14342880432768906,0.5096275652394223
4275,0.4316,14,16,14,590142,15468,91878,16078,0.1432805957982882,0.5096684207189501
4276,0.4317,6,13,6,590155,15455,91884,16072,0.14316017636814998,0.5097852634250007
4277,0.4318,15,6,15,590161,15449,91899,16057,0.14310459816962467,0.5096489557544595
4278,0.4319,6,14,6,590175,15435,91905,16051,0.1429749157063989,0.5097821253890618
4279,0.432,7,6,7,590181,15429,91912,16044,0.14291933750787358,0.5097702792870079
4280,0.4321,11,14,11,590195,15415,91923,16033,0.14278965504464783,0.5098257440854744
4281,0.4322,14,11,14,590206,15404,91937,16019,0.14268776168068473,0.5097858256690959
4282,0.4323,10,14,10,590220,15390,91947,16009,0.14255807921745897,0.5098570018153444
4283,0.4324,8,11,8,590231,15379,91955,16001,0.14245618585349587,0.5099107711918419
4284,0.4325,13,8,13,590239,15371,91968,15988,0.14238208158879542,0.5098376861507063
4285,0.4326,13,14,13,590253,15357,91981,15975,0.14225239912556967,0.5098621217924167
4286,0.4327,10,12,10,590265,15345,91991,15965,0.14214124272851902,0.5099009900990099
4287,0.4328,8,12,8,590277,15333,91999,15957,0.14203008633146838,0.5099712368168744
4288,0.4329,14,13,14,590290,15320,92013,15943,0.14190966690133017,0.5099638550363049
4289,0.433,10,15,10,590305,15305,92023,15933,0.14177072140501687,0.5100518599142071
4290,0.4331,8,13,8,590318,15292,92031,15925,0.14165030197487866,0.5101387064740366
4291,0.4332,6,8,6,590326,15284,92037,15919,0.1415761977101782,0.5101753036566997
4292,0.4333,14,11,14,590337,15273,92051,15905,0.14147430434621514,0.5101353518506639
4293,0.4334,18,14,18,590351,15259,92069,15887,0.14134462188298938,0.5100815514030694
4294,0.4335,7,11,7,590362,15248,92076,15880,0.14124272851902628,0.5101516319712156
4295,0.4336,7,14,7,590376,15234,92083,15873,0.14111304605580052,0.5102710000964413
4296,0.4337,8,12,8,590388,15222,92091,15865,0.14100188965874985,0.5103419435777012
4297,0.4338,8,12,8,590400,15210,92099,15857,0.1408907332616992,0.5104129784015193
4298,0.4339,11,17,11,590417,15193,92110,15846,0.1407332616992108,0.5105190244531074
4299,0.434,9,17,9,590434,15176,92119,15837,0.14057579013672236,0.5106568213329894
4300,0.4341,10,15,10,590449,15161,92129,15827,0.14043684464040906,0.5107460952626823
4301,0.4342,10,10,10,590459,15151,92139,15817,0.1403442143095335,0.5107530353913717
4302,0.4343,11,11,11,590470,15140,92150,15806,0.14024232094557043,0.510760679894009
4303,0.4344,8,10,8,590480,15130,92158,15798,0.14014969061469487,0.5107992757371961
4304,0.4345,12,20,12,590500,15110,92170,15786,0.13996442995294378,0.5109399274987053
4305,0.4346,9,15,9,590515,15095,92179,15777,0.13982548445663048,0.5110456076703809
4306,0.4347,5,10,5,590525,15085,92184,15772,0.13973285412575492,0.5111319959814629
4307,0.4348,10,13,10,590538,15072,92194,15762,0.13961243469561674,0.5111889472660051
4308,0.4349,9,8,9,590546,15064,92203,15753,0.1395383304309163,0.511178894765876
4309,0.435,8,20,8,590566,15044,92211,15745,0.13935306976916523,0.5113839358212349
4310,0.4351,5,15,5,590581,15029,92216,15740,0.1392141242728519,0.5115538366537749
4311,0.4352,6,11,6,590592,15018,92222,15734,0.1391122309088888,0.5116415192507804
4312,0.4353,9,11,9,590603,15007,92231,15725,0.1390103375449257,0.5116816347780815
4313,0.4354,13,11,13,590614,14996,92244,15712,0.13890844418096263,0.511658199817637
4314,0.4355,7,12,7,590626,14984,92251,15705,0.13879728778391195,0.5117468799895728
4315,0.4356,14,14,14,590640,14970,92265,15691,0.1386676053206862,0.5117576073839731
4316,0.4357,5,10,5,590650,14960,92270,15686,0.13857497498981067,0.5118449389806173
4317,0.4358,6,17,6,590667,14943,92276,15680,0.13841750342732223,0.51203343891846
4318,0.4359,13,13,13,590680,14930,92289,15667,0.13829708399718404,0.5120436644115436
4319,0.436,13,16,13,590696,14914,92302,15654,0.13814887546778318,0.5121041612143418
4320,0.4361,6,14,6,590710,14900,92308,15648,0.13801919300455742,0.5122430273667671
4321,0.4362,11,17,11,590727,14883,92319,15637,0.13786172144206899,0.5123525557011795
4322,0.4363,12,13,12,590740,14870,92331,15625,0.1377413020119308,0.5123790785374651
4323,0.4364,11,11,11,590751,14859,92342,15614,0.1376394086479677,0.5123880156203853
4324,0.4365,12,12,12,590763,14847,92354,15602,0.13752825225091703,0.5123977798942494
4325,0.4366,6,13,6,590776,14834,92360,15596,0.13740783282077884,0.5125205389418337
4326,0.4367,12,29,12,590805,14805,92372,15584,0.13713920486123976,0.5128171377801178
4327,0.4368,13,17,13,590822,14788,92385,15571,0.13698173329875135,0.5128956816759446
4328,0.4369,11,9,11,590831,14779,92396,15560,0.13689836600096336,0.5128712218596526
4329,0.437,5,12,5,590843,14767,92401,15555,0.13678720960391272,0.5129938658399842
4330,0.4371,11,12,11,590855,14755,92412,15544,0.13667605320686205,0.5130202316908149
4331,0.4372,11,12,11,590867,14743,92423,15533,0.1365648968098114,0.5130466376007399
4332,0.4373,4,17,4,590884,14726,92427,15529,0.136407425247323,0.5132705337960668
4333,0.4374,11,10,11,590894,14716,92438,15518,0.13631479491644743,0.5132632136005821
4334,0.4375,9,12,9,590906,14704,92447,15509,0.1362036385193968,0.5133220798993811
4335,0.4376,11,12,11,590918,14692,92458,15498,0.13609248212234615,0.5133487909903942
4336,0.4377,4,13,4,590931,14679,92462,15494,0.13597206269220793,0.5135054518940775
4337,0.4378,5,15,5,590946,14664,92467,15489,0.13583311719589464,0.5136802308228037
4338,0.4379,10,10,10,590956,14654,92477,15479,0.13574048686501908,0.5136893107224637
4339,0.438,17,12,17,590968,14642,92494,15462,0.13562933046796843,0.5136194525644433
4340,0.4381,11,11,11,590979,14631,92505,15451,0.13552743710400533,0.5136294129379696
4341,0.4382,5,14,5,590993,14617,92510,15446,0.13539775464077958,0.5137877124704786
4342,0.4383,14,17,14,591010,14600,92524,15432,0.13524028307829117,0.5138518913159297
4343,0.4384,11,7,11,591017,14593,92535,15421,0.13517544184667826,0.5137935630039315
4344,0.4385,9,10,9,591027,14583,92544,15412,0.13508281151580273,0.5138189698283048
4345,0.4386,10,10,10,591037,14573,92554,15402,0.1349901811849272,0.5138281901584654
4346,0.4387,14,10,14,591047,14563,92568,15388,0.13489755085405164,0.5137724950752897
4347,0.4388,9,9,9,591056,14554,92577,15379,0.13481418355626365,0.513780777068787
4348,0.4389,7,13,7,591069,14541,92584,15372,0.13469376412612546,0.51389028181727
4349,0.439,10,13,10,591082,14528,92594,15362,0.13457334469598725,0.5139511542321846
4350,0.4391,11,14,11,591096,14514,92605,15351,0.1344436622327615,0.51401305876444
4351,0.4392,12,14,12,591110,14500,92617,15339,0.13431397976953574,0.5140587821307685
4352,0.4393,7,11,7,591121,14489,92624,15332,0.13421208640557264,0.5141343348646926
4353,0.4394,8,17,8,591138,14472,92632,15324,0.13405461484308423,0.5142972211035038
4354,0.4395,10,16,10,591154,14456,92642,15314,0.13390640631368336,0.514410480349345
4355,0.4396,7,12,7,591166,14444,92649,15307,0.1337952499166327,0.5145037141608686
4356,0.4397,17,7,17,591173,14437,92666,15290,0.1337304086850198,0.5143472264271538
4357,0.4398,12,14,12,591187,14423,92678,15278,0.13360072622179406,0.5143934547658328
4358,0.4399,6,14,6,591201,14409,92684,15272,0.1334710437585683,0.5145379198814056
4359,0.44,18,9,18,591210,14400,92702,15254,0.1333876764607803,0.5143994064881635
4360,0.4401,11,11,11,591221,14389,92713,15243,0.1332857830968172,0.5144100971922246
4361,0.4402,8,9,8,591230,14380,92721,15235,0.13320241579902922,0.5144352524058754
4362,0.4403,5,13,5,591243,14367,92726,15230,0.13308199636889104,0.51457918032233
4363,0.4404,14,17,14,591260,14350,92740,15216,0.1329245248064026,0.5146452005682203
4364,0.4405,12,17,12,591277,14333,92752,15204,0.1327670532439142,0.5147442191150083
4365,0.4406,10,15,10,591292,14318,92762,15194,0.13262810774760087,0.5148414204391434
4366,0.4407,14,19,14,591311,14299,92776,15180,0.13245211011893734,0.514942840666237
4367,0.4408,14,11,14,591322,14288,92790,15166,0.13235021675497424,0.5149045969987098
4368,0.4409,12,10,12,591332,14278,92802,15154,0.1322575864240987,0.5148817613481924
4369,0.441,7,16,7,591348,14262,92809,15147,0.13210937789469784,0.5150464143629501
4370,0.4411,10,13,10,591361,14249,92819,15137,0.13198895846455963,0.5151092356904649
4371,0.4412,9,10,9,591371,14239,92828,15128,0.1318963281336841,0.5151360370483876
4372,0.4413,9,16,9,591387,14223,92837,15119,0.13174811960428323,0.5152682162088474
4373,0.4414,12,12,12,591399,14211,92849,15107,0.1316369632072326,0.5152807149191623
4374,0.4415,9,13,9,591412,14198,92858,15098,0.13151654377709437,0.5153604587657018
4375,0.4416,9,14,9,591426,14184,92867,15089,0.13138686131386862,0.5154579305161753
4376,0.4417,8,17,8,591443,14167,92875,15081,0.13122938975138018,0.515625
4377,0.4418,10,11,10,591454,14156,92885,15071,0.1311274963874171,0.5156533342457317
4378,0.4419,14,6,14,591460,14150,92899,15057,0.13107191818889177,0.5155270996678878
4379,0.442,8,18,8,591478,14132,92907,15049,0.1309051835933158,0.5157122785374044
4380,0.4421,11,6,11,591484,14126,92918,15038,0.13084960539479046,0.5156357152653956
4381,0.4422,16,10,16,591494,14116,92934,15022,0.13075697506391493,0.5155467087651864
4382,0.4423,6,11,6,591505,14105,92940,15016,0.13065508169995182,0.5156416331856736
4383,0.4424,6,10,6,591515,14095,92946,15010,0.1305624513690763,0.5157189486342553
4384,0.4425,11,8,11,591523,14087,92957,14999,0.13048834710437585,0.5156776456026955
4385,0.4426,7,14,7,591537,14073,92964,14992,0.1303586646411501,0.5158093927404094
4386,0.4427,9,12,9,591549,14061,92973,14983,0.13024750824409945,0.515872469356838
4387,0.4428,9,15,9,591564,14046,92982,14974,0.13010856274778612,0.5159889731219849
4388,0.4429,5,12,5,591576,14034,92987,14969,0.12999740635073548,0.5161190221701203
4389,0.443,14,8,14,591584,14026,93001,14955,0.12992330208603506,0.5160277423139298
4390,0.4431,19,7,19,591591,14019,93020,14936,0.12985846085442218,0.5158349162493524
4391,0.4432,9,14,9,591605,14005,93029,14927,0.12972877839119643,0.5159339140052537
4392,0.4433,7,15,7,591620,13990,93036,14920,0.1295898328948831,0.5160843998616396
4393,0.4434,9,11,9,591631,13979,93045,14911,0.12948793953092,0.5161301488404292
4394,0.4435,11,8,11,591639,13971,93056,14900,0.12941383526621958,0.5160888088393197
4395,0.4436,10,15,10,591654,13956,93066,14890,0.12927488976990625,0.5161894196769049
4396,0.4437,11,11,11,591665,13945,93077,14879,0.12917299640594315,0.5162017762975298
4397,0.4438,10,15,10,591680,13930,93087,14869,0.12903405090962985,0.5163026493975486
4398,0.4439,7,19,7,591699,13911,93094,14862,0.1288580532809663,0.516525909707017
4399,0.444,12,13,12,591712,13898,93106,14850,0.12873763385082812,0.5165576735772923
4400,0.4441,12,20,12,591732,13878,93118,14838,0.12855237318907703,0.5167154199749269
4401,0.4442,10,8,10,591740,13870,93128,14828,0.1284782689243766,0.5166910586103561
4402,0.4443,13,5,13,591745,13865,93141,14815,0.12843195375893882,0.5165620641562064
4403,0.4444,12,11,12,591756,13854,93153,14803,0.12833006039497574,0.5165579090623582
4404,0.4445,13,7,13,591763,13847,93166,14790,0.12826521916336286,0.5164647134825575
4405,0.4446,14,18,14,591781,13829,93180,14776,0.12809848456778689,0.5165530501660549
4406,0.4447,5,16,5,591797,13813,93185,14771,0.12795027603838602,0.5167576266442765
4407,0.4448,8,17,8,591814,13796,93193,14763,0.12779280447589758,0.5169298644910536
4408,0.4449,13,13,13,591827,13783,93206,14750,0.1276723850457594,0.5169452914169558
4409,0.445,8,15,8,591842,13768,93214,14742,0.12753343954944607,0.5170817257102771
4410,0.4451,5,17,5,591859,13751,93219,14737,0.12737596798695766,0.5173055321538893
4411,0.4452,4,13,4,591872,13738,93223,14733,0.12725554855681945,0.5174739208317235
4412,0.4453,7,12,7,591884,13726,93230,14726,0.1271443921597688,0.517573457050471
4413,0.4454,10,12,10,591896,13714,93240,14716,0.12703323576271813,0.5176222300386916
4414,0.4455,13,14,13,591910,13700,93253,14703,0.12690355329949238,0.5176565855719466
4415,0.4456,8,15,8,591925,13685,93261,14695,0.12676460780317908,0.5177942212825933
4416,0.4457,10,3,10,591928,13682,93271,14685,0.1267368187039164,0.5176789931963197
4417,0.4458,11,15,11,591943,13667,93282,14674,0.1265978732076031,0.5177657810239582
4418,0.4459,14,5,14,591948,13662,93296,14660,0.12655155804216534,0.5176188122307747
4419,0.446,13,12,13,591960,13650,93309,14647,0.12644040164511466,0.5176167084849984
4420,0.4461,6,11,6,591971,13639,93315,14641,0.1263385082811516,0.5177157001414427
4421,0.4462,5,13,5,591984,13626,93320,14636,0.12621808885101338,0.5178685160285896
4422,0.4463,15,12,15,591996,13614,93335,14621,0.12610693245396273,0.5178324774216398
4423,0.4464,2,10,2,592006,13604,93337,14619,0.12601430212308717,0.5179817879034829
4424,0.4465,9,12,9,592018,13592,93346,14610,0.12590314572603653,0.5180483653641585
4425,0.4466,9,10,9,592028,13582,93355,14601,0.125810515395161,0.518078274136891
4426,0.4467,15,12,15,592040,13570,93370,14586,0.12569935899811033,0.5180423355590282
4427,0.4468,8,16,8,592056,13554,93378,14578,0.12555115046870946,0.5181999146878999
4428,0.4469,11,13,11,592069,13541,93389,14567,0.12543073103857127,0.5182510317347374
4429,0.447,12,12,12,592081,13529,93401,14555,0.12531957464152063,0.5182666286853724
4430,0.4471,6,13,6,592094,13516,93407,14549,0.12519915521138242,0.5184037056832353
4431,0.4472,9,10,9,592104,13506,93416,14540,0.1251065248805069,0.5184340012836055
4432,0.4473,12,7,12,592111,13499,93428,14528,0.12504168364889398,0.5183572983194776
4433,0.4474,9,12,9,592123,13487,93437,14519,0.12493052725184334,0.5184246232950082
4434,0.4475,11,10,11,592133,13477,93448,14508,0.1248378969209678,0.5184205824548865
4435,0.4476,10,12,10,592145,13465,93458,14498,0.12472674052391715,0.5184708364624683
4436,0.4477,9,9,9,592154,13456,93467,14489,0.12464337322612916,0.5184827339416711
4437,0.4478,13,13,13,592167,13443,93480,14476,0.12452295379599096,0.5184999462731473
4438,0.4479,10,10,10,592177,13433,93490,14466,0.12443032346511541,0.5185132083587225
4439,0.448,10,16,10,592193,13417,93500,14456,0.12428211493571455,0.5186381085638432
4440,0.4481,9,7,9,592200,13410,93509,14447,0.12421727370410167,0.5186129159636717
4441,0.4482,11,12,11,592212,13398,93520,14436,0.12410611730705103,0.518646259969821
4442,0.4483,12,11,12,592223,13387,93532,14424,0.12400422394308792,0.5186437021322499
4443,0.4484,8,8,8,592231,13379,93540,14416,0.12393011967838749,0.5186544342507645
4444,0.4485,7,13,7,592244,13366,93547,14409,0.12380970024824929,0.5187758775877588
4445,0.4486,7,9,7,592253,13357,93554,14402,0.1237263329504613,0.5188227241615332
4446,0.4487,8,10,8,592263,13347,93562,14394,0.12363370261958576,0.5188709851843841
4447,0.4488,10,5,10,592268,13342,93572,14384,0.12358738745414799,0.5187910264733463
4448,0.4489,9,15,9,592283,13327,93581,14375,0.12344844195783468,0.5189156017616057
4449,0.449,8,12,8,592295,13315,93589,14367,0.12333728556078402,0.519001517231414
4450,0.4491,10,10,10,592305,13305,93599,14357,0.12324465522990848,0.5190152555852795
4451,0.4492,7,9,7,592314,13296,93606,14350,0.1231612879321205,0.5190624321782537
4452,0.4493,7,12,7,592326,13284,93613,14343,0.12305013153506984,0.5191660332283635
4453,0.4494,4,5,4,592331,13279,93617,14339,0.12300381636963208,0.5191903830834963
4454,0.4495,8,10,8,592341,13269,93625,14331,0.12291118603875653,0.5192391304347826
4455,0.4496,12,11,12,592352,13258,93637,14319,0.12280929267479343,0.5192370453638901
4456,0.4497,8,13,8,592365,13245,93645,14311,0.12268887324465523,0.519342429960807
4457,0.4498,7,6,7,592371,13239,93652,14304,0.12263329504612991,0.5193334059470646
4458,0.4499,8,6,8,592377,13233,93660,14296,0.12257771684760457,0.5193069127102329
4459,0.45,8,16,8,592393,13217,93668,14288,0.1224295083182037,0.519469187420469
4460,0.4501,12,8,12,592401,13209,93680,14276,0.12235540405350327,0.5194105875932327
4461,0.4502,5,10,5,592411,13199,93685,14271,0.12226277372262774,0.5195121951219512
4462,0.4503,9,18,9,592429,13181,93694,14262,0.12209603912705176,0.5196953685821522
4463,0.4504,9,17,9,592446,13164,93703,14253,0.12193856756456334,0.5198599409125725
4464,0.4505,10,12,10,592458,13152,93713,14243,0.1218274111675127,0.5199123927724038
4465,0.4506,9,9,9,592467,13143,93722,14234,0.1217440438697247,0.5199254848960807
4466,0.4507,9,13,9,592480,13130,93731,14225,0.12162362443958649,0.5200146225552915
4467,0.4508,4,8,4,592488,13122,93735,14221,0.12154952017488606,0.5200965512196906
4468,0.4509,4,15,4,592503,13107,93739,14217,0.12141057467857275,0.5203118137900746
4469,0.451,12,15,12,592518,13092,93751,14205,0.12127162918225944,0.5203868556984284
4470,0.4511,10,11,10,592529,13081,93761,14195,0.12116973581829635,0.5204208828273941
4471,0.4512,11,6,11,592535,13075,93772,14184,0.12111415761977101,0.520341905425731
4472,0.4513,8,12,8,592547,13063,93780,14176,0.12100300122272037,0.5204302654282462
4473,0.4514,11,12,11,592559,13051,93791,14165,0.12089184482566971,0.5204659024103468
4474,0.4515,16,9,16,592568,13042,93807,14149,0.12080847752788174,0.5203560001471075
4475,0.4516,8,13,8,592581,13029,93815,14141,0.12068805809774352,0.5204637467795362
4476,0.4517,10,10,10,592591,13019,93825,14131,0.12059542776686798,0.5204788213627992
4477,0.4518,10,9,10,592600,13010,93835,14121,0.12051206046908,0.5204747336994582
4478,0.4519,14,14,14,592614,12996,93849,14107,0.12038237800585423,0.5204958860642733
4479,0.452,12,13,12,592627,12983,93861,14095,0.12026195857571603,0.5205332742447744
4480,0.4521,14,11,14,592638,12972,93875,14081,0.12016006521175293,0.5204968025727276
4481,0.4522,8,16,8,592654,12956,93883,14073,0.12001185668235206,0.5206629916016131
4482,0.4523,8,10,8,592664,12946,93891,14065,0.11991922635147653,0.5207137832734812
4483,0.4524,6,7,6,592671,12939,93897,14059,0.11985438511986365,0.520742277205719
4484,0.4525,11,10,11,592681,12929,93908,14048,0.11976175478898811,0.5207398895355303
4485,0.4526,5,12,5,592693,12917,93913,14043,0.11965059839193745,0.5208827893175074
4486,0.4527,7,17,7,592710,12900,93920,14036,0.11949312682944903,0.5210870210870211
4487,0.4528,12,16,12,592726,12884,93932,14024,0.11934491830004816,0.5211832912145087
4488,0.4529,11,6,11,592732,12878,93943,14013,0.11928934010152284,0.5211037149975828
4489,0.453,8,9,8,592741,12869,93951,14005,0.11920597280373485,0.5211356701644713
4490,0.4531,8,14,8,592755,12855,93959,13997,0.1190762903405091,0.5212647102636675
4491,0.4532,10,12,10,592767,12843,93969,13987,0.11896513394345845,0.5213194185613119
4492,0.4533,5,13,5,592780,12830,93974,13982,0.11884471451332024,0.5214829180963747
4493,0.4534,4,14,4,592794,12816,93978,13978,0.11871503205009448,0.5216839590953198
4494,0.4535,14,7,14,592801,12809,93992,13964,0.1186501908184816,0.5215702386732902
4495,0.4536,13,15,13,592816,12794,94005,13951,0.1185112453221683,0.5216302112544401
4496,0.4537,11,8,11,592824,12786,94016,13940,0.11843714105746786,0.5215894634438375
4497,0.4538,8,19,8,592843,12767,94024,13932,0.11826114342880432,0.5218172965279598
4498,0.4539,10,12,10,592855,12755,94034,13922,0.11814998703175368,0.5218727742999588
4499,0.454,10,11,10,592866,12744,94044,13912,0.11804809366779058,0.5219087635054022
4500,0.4541,7,10,7,592876,12734,94051,13905,0.11795546333691503,0.5219790532677653
4501,0.4542,7,8,7,592884,12726,94058,13898,0.1178813590722146,0.5220102163461539
4502,0.4543,8,9,8,592893,12717,94066,13890,0.11779799177442662,0.5220430713721953
4503,0.4544,15,12,15,592905,12705,94081,13875,0.11768683537737597,0.5220090293453724
4504,0.4545,9,8,9,592913,12697,94090,13866,0.11761273111267553,0.5220042916839213
4505,0.4546,9,11,9,592924,12686,94099,13857,0.11751083774871243,0.5220585465094375
4506,0.4547,10,12,10,592936,12674,94109,13847,0.11739968135166179,0.5221145507333811
4507,0.4548,10,10,10,592946,12664,94119,13837,0.11730705102078624,0.5221312403305536
4508,0.4549,8,13,8,592959,12651,94127,13829,0.11718663159064804,0.5222432024169185
4509,0.455,6,13,6,592972,12638,94133,13823,0.11706621216050983,0.5223914440119422
4510,0.4551,10,6,10,592978,12632,94143,13813,0.11701063396198451,0.5223293628285121
4511,0.4552,5,19,5,592997,12613,94148,13808,0.11683463633332099,0.5226145868816472
4512,0.4553,10,12,10,593009,12601,94158,13798,0.11672347993627033,0.5226713133073222
4513,0.4554,6,7,6,593016,12594,94164,13792,0.11665863870465745,0.5227014325778823
4514,0.4555,13,10,13,593026,12584,94177,13779,0.1165660083737819,0.5226643401737283
4515,0.4556,10,4,10,593030,12580,94187,13769,0.1165289562414317,0.5225625260920718
4516,0.4557,9,10,9,593040,12570,94196,13760,0.11643632591055615,0.5225977971895177
4517,0.4558,19,15,19,593055,12555,94215,13741,0.11629738041424284,0.5225509583206571
4518,0.4559,11,14,11,593069,12541,94226,13730,0.11616769795101708,0.5226295154352708
4519,0.456,14,10,14,593079,12531,94240,13716,0.11607506762014154,0.5225740084581095
4520,0.4561,6,10,6,593089,12521,94246,13710,0.115982437289266,0.5226640234836644
4521,0.4562,8,6,8,593095,12515,94254,13702,0.11592685909074067,0.5226379829881375
4522,0.4563,6,13,6,593108,12502,94260,13696,0.11580643966060247,0.5227879990838995
4523,0.4564,6,16,6,593124,12486,94266,13690,0.1156582311312016,0.5229981662591687
4524,0.4565,5,7,5,593131,12479,94271,13685,0.11559338989958873,0.5230469347194618
4525,0.4566,6,12,6,593143,12467,94277,13679,0.11548223350253807,0.5231775414977434
4526,0.4567,12,9,12,593152,12458,94289,13667,0.11539886620475008,0.5231387559808612
4527,0.4568,7,11,7,593163,12447,94296,13660,0.115296972840787,0.52323131727123
4528,0.4569,9,9,9,593172,12438,94305,13651,0.115213605542999,0.5232473456245927
4529,0.457,7,6,7,593178,12432,94312,13644,0.11515802734447367,0.5232397606994937
4530,0.4571,9,9,9,593187,12423,94321,13635,0.11507466004668569,0.5232558139534884
4531,0.4572,7,13,7,593200,12410,94328,13628,0.11495424061654748,0.5233888931561563
4532,0.4573,11,6,11,593206,12404,94339,13617,0.11489866241802216,0.523308097306022
4533,0.4574,6,15,6,593221,12389,94345,13611,0.11475971692170885,0.5235
4534,0.4575,7,12,7,593233,12377,94352,13604,0.11464856052465819,0.5236134097994688
4535,0.4576,8,13,8,593246,12364,94360,13596,0.11452814109451999,0.523728813559322
4536,0.4577,7,7,7,593253,12357,94367,13589,0.11446329986290711,0.5237416172049641
4537,0.4578,9,9,9,593262,12348,94376,13580,0.11437993256511912,0.5237580993520519
4538,0.4579,10,13,10,593275,12335,94386,13570,0.11425951313498092,0.5238370970855047
4539,0.458,14,9,14,593284,12326,94400,13556,0.11417614583719293,0.5237616876593771
4540,0.4581,6,13,6,593297,12313,94406,13550,0.11405572640705472,0.5239144724123265
4541,0.4582,10,6,10,593303,12307,94416,13540,0.1140001482085294,0.5238518977057298
4542,0.4583,10,13,10,593316,12294,94426,13530,0.1138797287783912,0.5239312267657993
4543,0.4584,7,4,7,593320,12290,94433,13523,0.11384267664604097,0.523883314608918
4544,0.4585,13,11,13,593331,12279,94446,13510,0.11374078328207789,0.5238667648997635
4545,0.4586,10,8,10,593339,12271,94456,13500,0.11366667901737745,0.5238446315626092
4546,0.4587,9,2,9,593341,12269,94465,13491,0.11364815295120234,0.5237189440993789
4547,0.4588,6,11,6,593352,12258,94471,13485,0.11354625958723924,0.5238317212446102
4548,0.4589,12,11,12,593363,12247,94483,13473,0.11344436622327615,0.5238335925349922
4549,0.459,7,8,7,593371,12239,94490,13466,0.11337026195857572,0.5238669519548725
4550,0.4591,8,19,8,593390,12220,94498,13458,0.11319426432991218,0.5241062388036452
4551,0.4592,10,16,10,593406,12204,94508,13448,0.11304605580051132,0.5242476220177764
4552,0.4593,8,13,8,593419,12191,94516,13440,0.11292563637037312,0.5243650267254496
4553,0.4594,9,15,9,593434,12176,94525,13431,0.1127866908740598,0.5245050181590971
4554,0.4595,3,13,3,593447,12163,94528,13428,0.11266627144392159,0.5247157203704428
4555,0.4596,7,13,7,593460,12150,94535,13421,0.11254585201378339,0.5248523718274608
4556,0.4597,7,10,7,593470,12140,94542,13414,0.11245322168290785,0.5249276042889567
4557,0.4598,12,13,12,593483,12127,94554,13402,0.11233280225276965,0.5249716009244388
4558,0.4599,5,14,5,593497,12113,94559,13397,0.11220311978954389,0.5251666013328107
4559,0.46,12,6,12,593503,12107,94571,13385,0.11214754159101856,0.525066687588263
4560,0.4601,10,7,10,593510,12100,94581,13375,0.11208270035940568,0.5250245338567223
4561,0.4602,7,8,7,593518,12092,94588,13368,0.11200859609470525,0.5250589159465828
4562,0.4603,9,9,9,593527,12083,94597,13359,0.11192522879691726,0.5250766449178523
4563,0.4604,10,7,10,593534,12076,94607,13349,0.11186038756530438,0.5250344149459194
4564,0.4605,10,10,10,593544,12066,94617,13339,0.11176775723442885,0.5250541232040937
4565,0.4606,11,12,11,593556,12054,94628,13328,0.11165660083737819,0.525096525096525
4566,0.4607,7,9,7,593565,12045,94635,13321,0.1115732335395902,0.5251517779705117
4567,0.4608,3,8,3,593573,12037,94638,13318,0.11149912927488977,0.5252612896864524
4568,0.4609,11,13,11,593586,12024,94649,13307,0.11137870984475157,0.5253247009592988
4569,0.461,6,9,6,593595,12015,94655,13301,0.11129534254696358,0.5253989571812293
4570,0.4611,6,13,6,593608,12002,94661,13295,0.11117492311682538,0.5255563900857809
4571,0.4612,11,12,11,593620,11990,94672,13284,0.11106376671977472,0.52559943024452
4572,0.4613,10,8,10,593628,11982,94682,13274,0.11098966245507429,0.5255780804561292
4573,0.4614,10,13,10,593641,11969,94692,13264,0.11086924302493609,0.525660840962232
4574,0.4615,3,13,3,593654,11956,94695,13261,0.11074882359479787,0.5258754015148511
4575,0.4616,6,13,6,593667,11943,94701,13255,0.11062840416465967,0.526033812207318
4576,0.4617,10,9,10,593676,11934,94711,13245,0.11054503686687168,0.5260335994280948
4577,0.4618,6,23,6,593699,11911,94717,13239,0.11033198710585794,0.5264015904572564
4578,0.4619,8,11,8,593710,11900,94725,13231,0.11023009374189485,0.526481238311249
4579,0.462,9,6,9,593716,11894,94734,13222,0.11017451554336952,0.5264373307851569
4580,0.4621,13,8,13,593724,11886,94747,13209,0.11010041127866908,0.5263598326359833
4581,0.4622,9,11,9,593735,11875,94756,13200,0.109998517914706,0.5264207377866401
4582,0.4623,5,10,5,593745,11865,94761,13195,0.10990588758383045,0.526536312849162
4583,0.4624,7,13,7,593758,11852,94768,13188,0.10978546815369225,0.5266773162939297
4584,0.4625,12,7,12,593765,11845,94780,13176,0.10972062692207936,0.5265976579673075
4585,0.4626,5,12,5,593777,11833,94785,13171,0.10960947052502872,0.5267557190849464
4586,0.4627,8,12,8,593789,11821,94793,13163,0.10949831412797807,0.5268571886007044
4587,0.4628,12,14,12,593803,11807,94805,13151,0.1093686316647523,0.5269252343937816
4588,0.4629,6,9,6,593812,11798,94811,13145,0.10928526436696431,0.527001563564928
4589,0.463,3,8,3,593820,11790,94814,13142,0.10921116010226388,0.5271137493983635
4590,0.4631,11,12,11,593832,11778,94825,13131,0.10910000370521324,0.5271588582440082
4591,0.4632,9,6,9,593838,11772,94834,13122,0.10904442550668791,0.527114967462039
4592,0.4633,6,3,6,593841,11769,94840,13116,0.10901663640742525,0.5270644966847499
4593,0.4634,7,10,7,593851,11759,94847,13109,0.1089240060765497,0.5271433167122407
4594,0.4635,13,11,13,593862,11748,94860,13096,0.10882211271258661,0.5271292867493157
4595,0.4636,4,5,4,593867,11743,94864,13092,0.10877579754714883,0.527159251056976
4596,0.4637,14,8,14,593875,11735,94878,13078,0.1087016932824484,0.527062426953613
4597,0.4638,9,4,9,593879,11731,94887,13069,0.10866464115009819,0.5269758064516129
4598,0.4639,10,11,10,593890,11720,94897,13059,0.10856274778613509,0.5270188466039791
4599,0.464,8,10,8,593900,11710,94905,13051,0.10847011745525956,0.5270788740357821
4600,0.4641,14,15,14,593915,11695,94919,13037,0.10833117195894623,0.527130842633026
4601,0.4642,9,7,9,593922,11688,94928,13028,0.10826633072733335,0.5271079462696229
4602,0.4643,5,4,5,593926,11684,94933,13023,0.10822927859498314,0.5270975836807382
4603,0.4644,12,11,12,593937,11673,94945,13011,0.10812738523102004,0.5271025765678172
4604,0.4645,13,7,13,593944,11666,94958,12998,0.10806254399940717,0.5270029192345118
4605,0.4646,14,7,14,593951,11659,94972,12984,0.10799770276779429,0.5268839021223065
4606,0.4647,7,7,7,593958,11652,94979,12977,0.10793286153618141,0.5268991838889114
4607,0.4648,7,5,7,593963,11647,94986,12970,0.10788654637074363,0.5268716740463907
4608,0.4649,13,10,13,593973,11637,94999,12957,0.1077939160398681,0.5268358136130764
4609,0.465,9,14,9,593987,11623,95008,12948,0.10766423357664233,0.5269626795816206
4610,0.4651,7,8,7,593995,11615,95015,12941,0.1075901293119419,0.526999511321062
4611,0.4652,5,8,5,594003,11607,95020,12936,0.10751602504724146,0.5270749297151938
4612,0.4653,7,12,7,594015,11595,95027,12929,0.10740486865019082,0.5271978470070136
4613,0.4654,5,12,5,594027,11583,95032,12924,0.10729371225314017,0.5273595299302241
4614,0.4655,16,16,16,594043,11567,95048,12908,0.10714550372373931,0.5273953013278856
4615,0.4656,3,12,3,594055,11555,95051,12905,0.10703434732668865,0.527596075224857
4616,0.4657,11,11,11,594066,11544,95062,12894,0.10693245396272555,0.527620918242082
4617,0.4658,9,8,9,594074,11536,95071,12885,0.10685834969802512,0.5276196715941198
4618,0.4659,6,11,6,594085,11525,95077,12879,0.10675645633406203,0.5277413538764137
4619,0.466,11,11,11,594096,11514,95088,12868,0.10665456297009893,0.5277663850381429
4620,0.4661,10,10,10,594106,11504,95098,12858,0.10656193263922338,0.5277891798702898
4621,0.4662,6,9,6,594115,11495,95104,12852,0.1064785653414354,0.5278679098040826
4622,0.4663,11,14,11,594129,11481,95115,12841,0.10634888287820964,0.5279582271194803
4623,0.4664,11,17,11,594146,11464,95126,12830,0.10619141131572123,0.5281139375977608
4624,0.4665,14,13,14,594159,11451,95140,12816,0.10607099188558301,0.5281246136728891
4625,0.4666,11,13,11,594172,11438,95151,12805,0.10595057245544481,0.5281937053994967
4626,0.4667,11,10,11,594182,11428,95162,12794,0.10585794212456927,0.5281975063991413
4627,0.4668,10,7,10,594189,11421,95172,12784,0.10579310089295639,0.5281553398058253
4628,0.4669,6,10,6,594199,11411,95178,12778,0.10570047056208084,0.5282566455827029
4629,0.467,9,12,9,594211,11399,95187,12769,0.1055893141650302,0.5283432638199271
4630,0.4671,6,9,6,594220,11390,95193,12763,0.10550594686724221,0.5284229702314412
4631,0.4672,4,11,4,594231,11379,95197,12759,0.10540405350327911,0.5285856326124783
4632,0.4673,6,8,6,594239,11371,95203,12753,0.10532994923857868,0.5286436743491958
4633,0.4674,8,10,8,594249,11361,95211,12745,0.10523731890770315,0.5287065460881109
4634,0.4675,9,9,9,594258,11352,95220,12736,0.10515395160991516,0.5287279973430754
4635,0.4676,5,5,5,594263,11347,95225,12731,0.10510763644447738,0.5287399285654955
4636,0.4677,12,11,12,594274,11336,95237,12719,0.10500574308051429,0.5287466223238412
4637,0.4678,11,6,11,594280,11330,95248,12708,0.10495016488198895,0.5286629503286463
4638,0.4679,5,15,5,594295,11315,95253,12703,0.10481121938567564,0.5288949954201015
4639,0.468,13,9,13,594304,11306,95266,12690,0.10472785208788765,0.5288381396899483
4640,0.4681,13,6,13,594310,11300,95279,12677,0.10467227388936233,0.5287150185594528
4641,0.4682,7,6,7,594316,11294,95286,12670,0.10461669569083701,0.528709731263562
4642,0.4683,7,5,7,594321,11289,95293,12663,0.10457038052539924,0.528682364729459
4643,0.4684,4,9,4,594330,11280,95297,12659,0.10448701322761125,0.5288023726972723
4644,0.4685,5,8,5,594338,11272,95302,12654,0.10441290896291082,0.5288807155395804
4645,0.4686,15,14,15,594352,11258,95317,12639,0.10428322649968505,0.5288948403565301
4646,0.4687,5,6,5,594358,11252,95322,12634,0.10422764830115973,0.5289290797956963
4647,0.4688,14,5,14,594363,11247,95336,12620,0.10418133313572196,0.5287635647546822
4648,0.4689,8,8,8,594371,11239,95344,12612,0.10410722887102153,0.5287828602574316
4649,0.469,9,8,9,594379,11231,95353,12603,0.1040331246063211,0.5287824116807921
4650,0.4691,9,8,9,594387,11223,95362,12594,0.10395902034162066,0.5287819624637864
4651,0.4692,8,15,8,594402,11208,95370,12586,0.10382007484530735,0.5289568798856855
4652,0.4693,6,11,6,594413,11197,95376,12580,0.10371818148134425,0.529082727005089
4653,0.4694,12,10,12,594423,11187,95388,12568,0.1036255511504687,0.5290675647232161
4654,0.4695,6,5,6,594428,11182,95394,12562,0.10357923598503094,0.5290599730458221
4655,0.4696,13,14,13,594442,11168,95407,12549,0.10344955352180518,0.5291141375384745
4656,0.4697,9,6,9,594448,11162,95416,12540,0.10339397532327986,0.5290692768542739
4657,0.4698,4,15,4,594463,11147,95420,12536,0.10325502982696654,0.5293248321580881
4658,0.4699,10,4,10,594467,11143,95430,12526,0.10321797769461633,0.5292154294647007
4659,0.47,8,10,8,594477,11133,95438,12518,0.10312534736374078,0.5292799458796669
4660,0.4701,8,11,8,594488,11122,95446,12510,0.10302345399977769,0.5293669600541638
4661,0.4702,6,14,6,594502,11108,95452,12504,0.10289377153655192,0.5295612400474335
4662,0.4703,7,3,7,594505,11105,95459,12497,0.10286598243728927,0.5294890263536989
4663,0.4704,10,7,10,594512,11098,95469,12487,0.10280114120567639,0.5294466822132712
4664,0.4705,12,7,12,594519,11091,95481,12475,0.10273629997406351,0.5293643384537045
4665,0.4706,7,5,7,594524,11086,95488,12468,0.10268998480862573,0.529336842999066
4666,0.4707,5,13,5,594537,11073,95493,12463,0.10256956537848753,0.5295292318150918
4667,0.4708,8,12,8,594549,11061,95501,12455,0.10245840898143688,0.5296393944548392
4668,0.4709,3,13,3,594562,11048,95504,12452,0.10233798955129868,0.5298723404255319
4669,0.471,4,13,4,594575,11035,95508,12448,0.10221757012116048,0.5300855938338372
4670,0.4711,6,10,6,594585,11025,95514,12442,0.10212493979028493,0.5301913325094814
4671,0.4712,8,11,8,594596,11014,95522,12434,0.10202304642632183,0.5302797679972705
4672,0.4713,12,8,12,594604,11006,95534,12422,0.1019489421616214,0.5302202492743725
4673,0.4714,12,7,12,594611,10999,95546,12410,0.10188410093000852,0.5301379811183733
4674,0.4715,3,12,3,594623,10987,95549,12407,0.10177294453295788,0.5303496623065743
4675,0.4716,8,9,8,594632,10978,95557,12399,0.10168957723516989,0.5303931214441545
4676,0.4717,9,13,9,594645,10965,95566,12390,0.10156915780503167,0.5305073859987155
4677,0.4718,8,9,8,594654,10956,95574,12382,0.1014857905072437,0.5305510326506128
4678,0.4719,7,7,7,594661,10949,95581,12375,0.1014209492756308,0.530569370605385
4679,0.472,7,7,7,594668,10942,95588,12368,0.10135610804401793,0.5305877305877306
4680,0.4721,5,8,5,594676,10934,95593,12363,0.1012820037793175,0.5306691848735888
4681,0.4722,10,9,10,594685,10925,95603,12353,0.1011986364815295,0.5306727382077499
4682,0.4723,12,9,12,594694,10916,95615,12341,0.10111526918374153,0.5306359375671841
4683,0.4724,8,6,8,594700,10910,95623,12333,0.1010596909852162,0.5306113668631416
4684,0.4725,7,7,7,594707,10903,95630,12326,0.10099484975360332,0.5306298161780533
4685,0.4726,6,10,6,594717,10893,95636,12320,0.10090221942272778,0.5307370869771249
4686,0.4727,13,13,13,594730,10880,95649,12307,0.10078179999258957,0.5307715530254021
4687,0.4728,14,12,14,594742,10868,95663,12293,0.10067064359553893,0.5307629204265791
4688,0.4729,5,12,5,594754,10856,95668,12288,0.10055948719848827,0.5309367438645005
4689,0.473,9,6,9,594760,10850,95677,12279,0.10050390899996295,0.5308919538242034
4690,0.4731,8,6,8,594766,10844,95685,12271,0.10044833080143763,0.5308674021198356
4691,0.4732,8,7,8,594773,10837,95693,12263,0.10038348956982475,0.5308658008658008
4692,0.4733,9,12,9,594785,10825,95702,12254,0.10027233317277409,0.5309588803674335
4693,0.4734,8,12,8,594797,10813,95710,12246,0.10016117677572345,0.5310724662821458
4694,0.4735,8,11,8,594808,10802,95718,12238,0.10005928341176035,0.5311631944444445
4695,0.4736,5,3,5,594811,10799,95723,12233,0.10003149431249768,0.5311306009030914
4696,0.4737,7,7,7,594818,10792,95730,12226,0.0999666530808848,0.5311495351464072
4697,0.4738,7,9,7,594827,10783,95737,12219,0.09988328578309681,0.53121467698461
4698,0.4739,10,9,10,594836,10774,95747,12209,0.09979991848530884,0.531218726885089
4699,0.474,6,12,6,594848,10762,95753,12203,0.09968876208825818,0.5313738297409101
4700,0.4741,9,9,9,594857,10753,95762,12194,0.09960539479047019,0.5313984398832091
4701,0.4742,11,10,11,594867,10743,95773,12183,0.09951276445959464,0.5314053912588328
4702,0.4743,6,7,6,594874,10736,95779,12177,0.09944792322798177,0.5314450312049928
4703,0.4744,14,6,14,594880,10730,95793,12163,0.09939234502945644,0.5312977766129384
4704,0.4745,8,12,8,594892,10718,95801,12155,0.0992811886324058,0.5314125825208761
4705,0.4746,9,10,9,594902,10708,95810,12146,0.09918855830153026,0.5314605758291765
4706,0.4747,8,7,8,594909,10701,95818,12138,0.09912371706991738,0.531459345855773
4707,0.4748,11,12,11,594921,10689,95829,12127,0.09901256067286672,0.5315129733520336
4708,0.4749,9,2,9,594923,10687,95838,12118,0.09899403460669161,0.5313746985310239
4709,0.475,5,8,5,594931,10679,95843,12113,0.09891993034199119,0.5314584064584065
4710,0.4751,10,17,10,594948,10662,95853,12103,0.09876245877950277,0.5316494618932572
4711,0.4752,8,14,8,594962,10648,95861,12095,0.098632776316277,0.5318119861056149
4712,0.4753,10,7,10,594969,10641,95871,12085,0.09856793508466412,0.53176977910763
4713,0.4754,8,11,8,594980,10630,95879,12077,0.09846604172070103,0.5318624212797816
4714,0.4755,11,8,11,594988,10622,95890,12066,0.0983919374560006,0.5318229901269393
4715,0.4756,8,9,8,594997,10613,95898,12058,0.09830857015821261,0.5318689074147589
4716,0.4757,7,6,7,595003,10607,95905,12051,0.09825299195968729,0.5318651249006974
4717,0.4758,5,9,5,595012,10598,95910,12046,0.0981696246618993,0.5319731496202085
4718,0.4759,11,11,11,595023,10587,95921,12035,0.0980677312979362,0.5320042436566175
4719,0.476,9,15,9,595038,10572,95930,12026,0.09792878580162288,0.5321709885830604
4720,0.4761,9,10,9,595048,10562,95939,12017,0.09783615547074734,0.5322202046149077
4721,0.4762,9,12,9,595060,10550,95948,12008,0.0977249990736967,0.5323166947424417
4722,0.4763,11,9,11,595069,10541,95959,11997,0.0976416317759087,0.5323010027509095
4723,0.4764,10,11,10,595080,10530,95969,11987,0.0975397384119456,0.5323533330372607
4724,0.4765,7,7,7,595087,10523,95976,11980,0.09747489718033273,0.532373461316269
4725,0.4766,9,11,9,595098,10512,95985,11971,0.09737300381636964,0.5324467375350265
4726,0.4767,3,13,3,595111,10499,95988,11968,0.09725258438623142,0.5326923932879334
4727,0.4768,10,9,10,595120,10490,95998,11958,0.09716921708844344,0.5326977904490378
4728,0.4769,8,10,8,595130,10480,96006,11950,0.0970765867575679,0.5327686134641105
4729,0.477,10,7,10,595137,10473,96016,11940,0.09701174552595501,0.5327265426315085
4730,0.4771,8,15,8,595152,10458,96024,11932,0.0968728000296417,0.5329164805716838
4731,0.4772,4,13,4,595165,10445,96028,11928,0.0967523805995035,0.5331426272739462
4732,0.4773,8,13,8,595178,10432,96036,11920,0.0966319611693653,0.5332856120257695
4733,0.4774,7,10,7,595188,10422,96043,11913,0.09653933083848976,0.5333781061114842
4734,0.4775,6,9,6,595197,10413,96049,11907,0.09645596354070177,0.5334677419354839
4735,0.4776,7,11,7,595208,10402,96056,11900,0.09635407017673867,0.5335844318895167
4736,0.4777,10,12,10,595220,10390,96066,11890,0.09624291377968802,0.5336624775583483
4737,0.4778,4,6,4,595226,10384,96070,11886,0.0961873355811627,0.5337224966322407
4738,0.4779,8,8,8,595234,10376,96078,11878,0.09611323131646227,0.5337467421587131
4739,0.478,8,15,8,595249,10361,96086,11870,0.09597428582014896,0.5339390940578471
4740,0.4781,13,9,13,595258,10352,96099,11857,0.09589091852236097,0.5338826601828087
4741,0.4782,12,10,12,595268,10342,96111,11845,0.09579828819148542,0.5338711858295399
4742,0.4783,9,8,9,595276,10334,96120,11836,0.09572418392678499,0.5338746053225079
4743,0.4784,7,10,7,595286,10324,96127,11829,0.09563155359590944,0.5339683112896673
4744,0.4785,8,10,8,595296,10314,96135,11821,0.09553892326503391,0.5340411113620962
4745,0.4786,9,7,9,595303,10307,96144,11812,0.09547408203342102,0.5340205253402053
4746,0.4787,5,9,5,595312,10298,96149,11807,0.09539071473563304,0.5341325491970143
4747,0.4788,3,6,3,595318,10292,96152,11804,0.0953351365371077,0.5342143374366402
4748,0.4789,8,10,8,595328,10282,96160,11796,0.09524250620623217,0.5342875260440257
4749,0.479,11,7,11,595335,10275,96171,11785,0.09517766497461928,0.5342248413417952
4750,0.4791,7,8,7,595343,10267,96178,11778,0.09510356070991885,0.5342708097074167
4751,0.4792,9,9,9,595352,10258,96187,11769,0.09502019341213087,0.5342988150905706
4752,0.4793,10,7,10,595359,10251,96197,11759,0.09495535218051798,0.5342571558382554
4753,0.4794,4,8,4,595367,10243,96201,11755,0.09488124791581755,0.5343667606146013
4754,0.4795,8,8,8,595375,10235,96209,11747,0.09480714365111712,0.5343917750887089
4755,0.4796,7,12,7,595387,10223,96216,11740,0.09469598725406647,0.5345353549150844
4756,0.4797,6,9,6,595396,10214,96222,11734,0.09461261995627848,0.5346273008930199
4757,0.4798,10,13,10,595409,10201,96232,11724,0.09449220052614028,0.5347320410490308
4758,0.4799,8,11,8,595420,10190,96240,11716,0.09439030716217718,0.534830640007304
4759,0.48,14,10,14,595430,10180,96254,11702,0.09429767683130164,0.5347774426469244
4760,0.4801,9,15,9,595445,10165,96263,11693,0.09415873133498832,0.5349528776649282
4761,0.4802,4,13,4,595458,10152,96267,11689,0.09403831190485012,0.5351861178517467
4762,0.4803,5,8,5,595466,10144,96272,11684,0.09396420764014969,0.5352757925600147
4763,0.4804,12,8,12,595474,10136,96284,11672,0.09389010337544926,0.5352164343360235
4764,0.4805,10,10,10,595484,10126,96294,11662,0.09379747304457371,0.5352487607857537
4765,0.4806,9,12,9,595496,10114,96303,11653,0.09368631664752307,0.5353516791473332
4766,0.4807,9,4,9,595500,10110,96312,11644,0.09364926451517284,0.5352578836076124
4767,0.4808,3,10,3,595510,10100,96315,11641,0.09355663418429731,0.5354399521641139
4768,0.4809,10,10,10,595520,10090,96325,11631,0.09346400385342177,0.5354725841351687
4769,0.481,7,12,7,595532,10078,96332,11624,0.09335284745637111,0.5356188369735508
4770,0.4811,6,9,6,595541,10069,96338,11618,0.09326948015858312,0.5357126389081016
4771,0.4812,7,9,7,595550,10060,96345,11611,0.09318611286079514,0.5357851506621752
4772,0.4813,5,7,5,595557,10053,96350,11606,0.09312127162918225,0.5358511473290549
4773,0.4814,4,9,4,595566,10044,96354,11602,0.09303790433139428,0.5359881733345653
4774,0.4815,11,6,11,595572,10038,96365,11591,0.09298232613286894,0.5359008738268066
4775,0.4816,6,9,6,595581,10029,96371,11585,0.09289895883508095,0.5359951883038772
4776,0.4817,3,5,3,595586,10024,96374,11582,0.09285264366964319,0.5360547995927057
4777,0.4818,7,5,7,595591,10019,96381,11575,0.09280632850420542,0.5360285264425303
4778,0.4819,8,8,8,595599,10011,96389,11567,0.09273222423950499,0.5360552414496246
4779,0.482,8,10,8,595609,10001,96397,11559,0.09263959390862944,0.5361317254174397
4780,0.4821,9,10,9,595619,9991,96406,11550,0.0925469635777539,0.5361868065549418
4781,0.4822,3,9,3,595628,9982,96409,11547,0.0924635962799659,0.5363463235635654
4782,0.4823,9,6,9,595634,9976,96418,11538,0.09240801808144058,0.5363019429208887
4783,0.4824,5,8,5,595642,9968,96423,11533,0.09233391381674015,0.5363936561090182
4784,0.4825,8,11,8,595653,9957,96431,11525,0.09223202045277706,0.5364956707941533
4785,0.4826,7,7,7,595660,9950,96438,11518,0.09216717922116417,0.5365194708403205
4786,0.4827,4,5,4,595665,9945,96442,11514,0.0921208640557264,0.5365580875157276
4787,0.4828,8,11,8,595676,9934,96450,11506,0.0920189706917633,0.536660447761194
4788,0.4829,10,12,10,595688,9922,96460,11496,0.09190781429471266,0.5367447940984219
4789,0.483,6,9,6,595697,9913,96466,11490,0.09182444699692467,0.5368406298182498
4790,0.4831,5,14,5,595711,9899,96471,11485,0.09169476453369892,0.5370838009726898
4791,0.4832,14,9,14,595720,9890,96485,11471,0.09161139723591093,0.5370066944431441
4792,0.4833,9,10,9,595730,9880,96494,11462,0.09151876690503538,0.5370630681285727
4793,0.4834,3,6,3,595736,9874,96497,11459,0.09146318870651006,0.5371490179534055
4794,0.4835,6,13,6,595749,9861,96503,11453,0.09134276927637186,0.5373463451252698
4795,0.4836,7,9,7,595758,9852,96510,11446,0.09125940197858387,0.5374213541177575
4796,0.4837,8,8,8,595766,9844,96518,11438,0.09118529771388344,0.5374494878300912
4797,0.4838,4,14,4,595780,9830,96522,11434,0.09105561525065768,0.5377163280662152
4798,0.4839,14,17,14,595797,9813,96536,11420,0.09089814368816926,0.5378420383365516
4799,0.484,6,16,6,595813,9797,96542,11414,0.09074993515876839,0.5381170147564943
4800,0.4841,7,11,7,595824,9786,96549,11407,0.09064804179480529,0.538243759731987
4801,0.4842,7,9,7,595833,9777,96556,11400,0.0905646744970173,0.5383198753364499
4802,0.4843,6,15,6,595848,9762,96562,11394,0.09042572900070399,0.5385706182643222
4803,0.4844,4,6,4,595854,9756,96566,11390,0.09037015080217867,0.5386361486806015
4804,0.4845,7,9,7,595863,9747,96573,11383,0.09028678350439068,0.5387127307146238
4805,0.4846,7,6,7,595869,9741,96580,11376,0.09023120530586536,0.5387128853530331
4806,0.4847,6,4,6,595873,9737,96586,11370,0.09019415317351513,0.5386838489600606
4807,0.4848,9,6,9,595879,9731,96595,11361,0.09013857497498981,0.5386402427460648
4808,0.4849,9,8,9,595887,9723,96604,11352,0.09006447071028938,0.5386476868327402
4809,0.485,7,7,7,595894,9716,96611,11345,0.0899996294786765,0.5386733773325103
4810,0.4851,8,13,8,595907,9703,96619,11337,0.0898792100485383,0.5388307984790874
4811,0.4852,7,8,7,595915,9695,96626,11330,0.08980510578383787,0.5388822829964328
4812,0.4853,3,12,3,595927,9683,96629,11327,0.08969394938678721,0.5391242265587816
4813,0.4854,7,13,7,595940,9670,96636,11320,0.08957352995664901,0.5393044306812768
4814,0.4855,7,4,7,595944,9666,96643,11313,0.08953647782429879,0.5392535392535392
4815,0.4856,7,12,7,595956,9654,96650,11306,0.08942532142724814,0.5394083969465648
4816,0.4857,7,6,7,595962,9648,96657,11299,0.0893697432287228,0.5394089845801308
4817,0.4858,12,15,12,595977,9633,96669,11287,0.0892307977324095,0.5395315487571701
4818,0.4859,8,13,8,595990,9620,96677,11279,0.0891103783022713,0.5396908943011627
4819,0.486,6,6,6,595996,9614,96683,11273,0.08905480010374597,0.5397136975152008
4820,0.4861,7,10,7,596006,9604,96690,11266,0.08896216977287043,0.5398179204599904
4821,0.4862,8,15,8,596021,9589,96698,11258,0.08882322427655712,0.5400297404902384
4822,0.4863,6,6,6,596027,9583,96704,11252,0.0887676460780318,0.5400527957763379
4823,0.4864,10,10,10,596037,9573,96714,11242,0.08867501574715625,0.5400912803266875
4824,0.4865,9,6,9,596043,9567,96723,11233,0.08861943754863093,0.5400480769230769
4825,0.4866,7,7,7,596050,9560,96730,11226,0.08855459631701805,0.5400750505147696
4826,0.4867,2,8,2,596058,9552,96732,11224,0.08848049205231762,0.5402387370042356
4827,0.4868,10,14,10,596072,9538,96742,11214,0.08835080958909185,0.5403816499614496
4828,0.4869,8,8,8,596080,9530,96750,11206,0.08827670532439141,0.5404128086419753
4829,0.487,4,10,4,596090,9520,96754,11202,0.08818407499351588,0.5405848856288004
4830,0.4871,11,10,11,596100,9510,96765,11191,0.08809144466264034,0.5406019032896962
4831,0.4872,10,10,10,596110,9500,96775,11181,0.08799881433176479,0.5406411682220396
4832,0.4873,4,8,4,596118,9492,96779,11177,0.08792471006706436,0.5407615269243795
4833,0.4874,7,12,7,596130,9480,96786,11170,0.08781355367001371,0.5409200968523002
4834,0.4875,7,5,7,596135,9475,96793,11163,0.08776723850457593,0.5408954356042253
4835,0.4876,13,8,13,596143,9467,96806,11150,0.0876931342398755,0.5408158315952855
4836,0.4877,9,11,9,596154,9456,96815,11141,0.08759124087591241,0.540904015147837
4837,0.4878,9,7,9,596161,9449,96824,11132,0.08752639964429954,0.5408872260823089
4838,0.4879,11,5,11,596166,9444,96835,11121,0.08748008447886176,0.5407731582786287
4839,0.488,6,9,6,596175,9435,96841,11115,0.08739671718107377,0.5408759124087591
4840,0.4881,5,5,5,596180,9430,96846,11110,0.087350402015636,0.5408958130477117
4841,0.4882,8,8,8,596188,9422,96854,11102,0.08727629775093557,0.5409276944065484
4842,0.4883,15,9,15,596197,9413,96869,11087,0.08719293045314758,0.540829268292683
4843,0.4884,9,12,9,596209,9401,96878,11078,0.08708177405609693,0.5409443820499048
4844,0.4885,12,7,12,596216,9394,96890,11066,0.08701693282448406,0.5408602150537635
4845,0.4886,7,5,7,596221,9389,96897,11059,0.08697061765904628,0.540835289514867
4846,0.4887,7,12,7,596233,9377,96904,11052,0.08685946126199563,0.5409956434480395
4847,0.4888,7,11,7,596244,9366,96911,11045,0.08675756789803253,0.5411297829601686
4848,0.4889,6,8,6,596252,9358,96917,11039,0.0866834636333321,0.5412070402510173
4849,0.489,8,11,8,596263,9347,96925,11031,0.086581570269369,0.5413190695848464
4850,0.4891,4,8,4,596271,9339,96929,11027,0.08650746600466856,0.5414416183835805
4851,0.4892,9,1,9,596272,9338,96938,11018,0.08649820297158102,0.5412654745529574
4852,0.4893,6,4,6,596276,9334,96944,11012,0.0864611508392308,0.5412366067040204
4853,0.4894,7,8,7,596284,9326,96951,11005,0.08638704657453036,0.541291623628941
4854,0.4895,7,8,7,596292,9318,96958,10998,0.08631294230982993,0.541346721795629
4855,0.4896,12,6,12,596298,9312,96970,10986,0.08625736411130461,0.5412355897132722
4856,0.4897,7,3,7,596301,9309,96977,10979,0.08622957501204194,0.541157334384858
4857,0.4898,8,15,8,596316,9294,96985,10971,0.08609062951572863,0.5413767579570689
4858,0.4899,7,8,7,596324,9286,96992,10964,0.0860165252510282,0.5414320987654321
4859,0.49,8,6,8,596330,9280,97000,10956,0.08596094705250287,0.5414113461158332
4860,0.4901,10,11,10,596341,9269,97010,10946,0.08585905368853977,0.5414790996784566
4861,0.4902,5,9,5,596350,9260,97015,10941,0.08577568639075178,0.5416068511459828
4862,0.4903,6,6,6,596356,9254,97021,10935,0.08572010819222646,0.5416315815543118
4863,0.4904,3,9,3,596365,9245,97024,10932,0.08563674089443847,0.5418050255241116
4864,0.4905,6,13,6,596378,9232,97030,10926,0.08551632146430027,0.5420180573469591
4865,0.4906,3,3,3,596381,9229,97033,10923,0.0854885323650376,0.5420305676855895
4866,0.4907,15,4,15,596385,9225,97048,10908,0.0854514802326874,0.5417970496200268
4867,0.4908,8,7,8,596392,9218,97056,10900,0.08538663900107452,0.5418033601749677
4868,0.4909,10,10,10,596402,9208,97066,10890,0.08529400867019897,0.5418449596974824
4869,0.491,8,9,8,596411,9199,97074,10882,0.08521064137241098,0.5419052836014143
4870,0.4911,10,12,10,596423,9187,97084,10872,0.08509948497536034,0.5420010967645446
4871,0.4912,5,7,5,596430,9180,97089,10867,0.08503464374374746,0.5420761211153788
4872,0.4913,7,10,7,596440,9170,97096,10860,0.08494201341287191,0.5421867199201198
4873,0.4914,5,14,5,596454,9156,97101,10855,0.08481233094964616,0.5424516515916246
4874,0.4915,10,9,10,596463,9147,97111,10845,0.08472896365185817,0.5424669867947179
4875,0.4916,7,8,7,596471,9139,97118,10838,0.08465485938715774,0.5425239024878611
4876,0.4917,9,5,9,596476,9134,97127,10829,0.08460854422171996,0.5424535390472374
4877,0.4918,11,10,11,596486,9124,97138,10818,0.08451591389084442,0.5424731721993782
4878,0.4919,6,8,6,596494,9116,97144,10812,0.08444180962614399,0.5425531914893617
4879,0.492,10,9,10,596503,9107,97154,10802,0.084358442328356,0.5425686875282536
4880,0.4921,8,5,8,596508,9102,97162,10794,0.08431212716291822,0.5425211097708083
4881,0.4922,7,11,7,596519,9091,97169,10787,0.08421023379895513,0.5426602273870611
4882,0.4923,5,9,5,596528,9082,97174,10782,0.08412686650116714,0.542790978654853
4883,0.4924,11,9,11,596537,9073,97185,10771,0.08404349920337915,0.5427837129610965
4884,0.4925,11,11,11,596548,9062,97196,10760,0.08394160583941605,0.5428311976591665
4885,0.4926,4,4,4,596552,9058,97200,10756,0.08390455370706584,0.5428484909659836
4886,0.4927,7,11,7,596563,9047,97207,10749,0.08380266034310274,0.5429884825217216
4887,0.4928,14,8,14,596571,9039,97221,10735,0.08372855607840231,0.5428845959340548
4888,0.4929,2,3,2,596574,9036,97223,10733,0.08370076697913965,0.5429207344832819
4889,0.493,6,10,6,596584,9026,97229,10727,0.08360813664826411,0.5430567508732851
4890,0.4931,6,9,6,596593,9017,97235,10721,0.08352476935047612,0.5431654676258992
4891,0.4932,6,4,6,596597,9013,97241,10715,0.08348771721812591,0.5431366585563666
4892,0.4933,6,8,6,596605,9005,97247,10709,0.08341361295342548,0.5432180176524297
4893,0.4934,10,4,10,596609,9001,97257,10699,0.08337656082107525,0.5430964467005076
4894,0.4935,5,6,5,596615,8995,97262,10694,0.08332098262254993,0.5431459190410889
4895,0.4936,7,3,7,596618,8992,97269,10687,0.08329319352328726,0.5430662127140606
4896,0.4937,6,4,6,596622,8988,97275,10681,0.08325614139093705,0.5430372667649601
4897,0.4938,5,8,5,596630,8980,97280,10676,0.08318203712623662,0.5431420431420432
4898,0.4939,6,6,6,596636,8974,97286,10670,0.08312645892771128,0.543168397475056
4899,0.494,6,6,6,596642,8968,97292,10664,0.08307088072918596,0.5431947840260799
4900,0.4941,6,12,6,596654,8956,97298,10658,0.08295972433213532,0.5433873763638217
4901,0.4942,5,9,5,596663,8947,97303,10653,0.08287635703434733,0.5435204081632653
4902,0.4943,6,7,6,596670,8940,97309,10647,0.08281151580273445,0.5435748200336958
4903,0.4944,11,5,11,596675,8935,97320,10636,0.08276520063729667,0.5434571559961167
4904,0.4945,6,9,6,596684,8926,97326,10630,0.0826818333395087,0.5435671916547351
4905,0.4946,3,5,3,596689,8921,97329,10627,0.08263551817407092,0.5436361776140781
4906,0.4947,9,6,9,596695,8915,97338,10618,0.0825799399755456,0.5435928940766908
4907,0.4948,13,15,13,596710,8900,97351,10605,0.08244099447923228,0.5437067418610613
4908,0.4949,7,8,7,596718,8892,97358,10598,0.08236689021453185,0.5437660338635197
4909,0.495,4,8,4,596726,8884,97362,10594,0.08229278594983142,0.5438956771742479
4910,0.4951,12,9,12,596735,8875,97374,10582,0.08220941865204343,0.5438659608367169
4911,0.4952,7,14,7,596749,8861,97381,10575,0.08207973618881767,0.5440934348631405
4912,0.4953,5,15,5,596764,8846,97386,10570,0.08194079069250436,0.5443963741244334
4913,0.4954,4,8,4,596772,8838,97390,10566,0.08186668642780393,0.5445269016697588
4914,0.4955,3,11,3,596783,8827,97393,10563,0.08176479306384082,0.5447653429602888
4915,0.4956,10,12,10,596795,8815,97403,10553,0.08165363666679018,0.5448678232135481
4916,0.4957,6,9,6,596804,8806,97409,10547,0.08157026936900219,0.5449801064434454
4917,0.4958,7,8,7,596812,8798,97416,10540,0.08149616510430176,0.5450408522080877
4918,0.4959,17,13,17,596825,8785,97433,10523,0.08137574567416354,0.5450072508804641
4919,0.496,10,9,10,596834,8776,97443,10513,0.08129237837637555,0.545025662294572
4920,0.4961,10,11,10,596845,8765,97453,10503,0.08119048501241247,0.5451006850736974
4921,0.4962,14,16,14,596861,8749,97467,10489,0.0810422764830116,0.5452229961534463
4922,0.4963,5,6,5,596867,8743,97472,10484,0.08098669828448628,0.5452748738752795
4923,0.4964,8,7,8,596874,8736,97480,10476,0.08092185705287339,0.5452841973766396
4924,0.4965,9,13,9,596887,8723,97489,10467,0.08080143762273519,0.5454403335070349
4925,0.4966,7,5,7,596892,8718,97496,10460,0.08075512245729742,0.5454166232140994
4926,0.4967,11,4,11,596896,8714,97507,10449,0.0807180703249472,0.5452695298230966
4927,0.4968,3,7,3,596903,8707,97510,10446,0.08065322909333432,0.5453975878452462
4928,0.4969,10,9,10,596912,8698,97520,10436,0.08056986179554633,0.5454165360091983
4929,0.497,7,10,7,596922,8688,97527,10429,0.0804772314646708,0.5455353873515719
4930,0.4971,7,6,7,596928,8682,97534,10422,0.08042165326614546,0.5455402010050251
4931,0.4972,10,7,10,596935,8675,97544,10412,0.08035681203453258,0.5455021742547284
4932,0.4973,1,4,1,596939,8671,97545,10411,0.08031975990218237,0.5455927051671733
4933,0.4974,10,7,10,596946,8664,97555,10401,0.0802549186705695,0.5455546813532651
4934,0.4975,6,2,6,596948,8662,97561,10395,0.08023639260439439,0.5454688565881304
4935,0.4976,4,6,4,596954,8656,97565,10391,0.08018081440586906,0.5455452302199821
4936,0.4977,7,11,7,596965,8645,97572,10384,0.08007892104190596,0.5456934153134689
4937,0.4978,4,13,4,596978,8632,97576,10380,0.07995850161176776,0.54597096570587
4938,0.4979,6,9,6,596987,8623,97582,10374,0.07987513431397977,0.5460862241406538
4939,0.498,4,7,4,596994,8616,97586,10370,0.0798102930823669,0.54619193089645
4940,0.4981,10,1,10,596995,8615,97596,10360,0.07980103004927934,0.5459815546772069
4941,0.4982,5,9,5,597004,8606,97601,10355,0.07971766275149135,0.5461209851801065
4942,0.4983,6,10,6,597014,8596,97607,10349,0.0796250324206158,0.5462655054103985
4943,0.4984,10,6,10,597020,8590,97617,10339,0.07956945422209048,0.5461989539859475
4944,0.4985,6,7,6,597027,8583,97623,10333,0.0795046129904776,0.5462571368153943
4945,0.4986,4,5,4,597032,8578,97627,10329,0.07945829782503983,0.5463056011001216
4946,0.4987,4,4,4,597036,8574,97631,10325,0.07942124569268962,0.5463252023916609
4947,0.4988,10,9,10,597045,8565,97641,10315,0.07933787839490163,0.5463453389830508
4948,0.4989,6,6,6,597051,8559,97647,10309,0.0792823001963763,0.546374814500742
4949,0.499,7,6,7,597057,8553,97654,10302,0.07922672199785098,0.5463802704852824
4950,0.4991,9,13,9,597070,8540,97663,10293,0.07910630256771277,0.5465406467371103
4951,0.4992,9,7,9,597077,8533,97672,10284,0.07904146133609989,0.5465270765796886
4952,0.4993,6,5,6,597082,8528,97678,10278,0.07899514617066213,0.5465277039242795
4953,0.4994,7,6,7,597088,8522,97685,10271,0.07893956797213679,0.5465332836694514
4954,0.4995,9,8,9,597096,8514,97694,10262,0.07886546370743636,0.5465487856838517
4955,0.4996,3,12,3,597108,8502,97697,10259,0.07875430731038571,0.5468258621608656
4956,0.4997,6,8,6,597116,8494,97703,10253,0.07868020304568528,0.5469141729343362
4957,0.4998,4,3,4,597119,8491,97707,10249,0.07865241394642261,0.5469050160085379
4958,0.4999,9,10,9,597129,8481,97716,10240,0.07855978361554708,0.5469793280273489
4959,0.5,4,9,4,597138,8472,97720,10236,0.07847641631775909,0.5471456061577935
4960,0.5001,6,10,6,597148,8462,97726,10230,0.07838378598688354,0.5472929595548898
4961,0.5002,10,7,10,597155,8455,97736,10220,0.07831894475527067,0.5472556894243641
4962,0.5003,10,6,10,597161,8449,97746,10210,0.07826336655674535,0.5471890240634546
4963,0.5004,8,5,8,597166,8444,97754,10202,0.07821705139130757,0.5471414780650006
4964,0.5005,8,8,8,597174,8436,97762,10194,0.07814294712660713,0.547181964573269
4965,0.5006,10,6,10,597180,8430,97772,10184,0.07808736892808181,0.5471150746749758
4966,0.5007,10,7,10,597187,8423,97782,10174,0.07802252769646893,0.5470774856159596
4967,0.5008,11,6,11,597193,8417,97793,10163,0.07796694949794361,0.5469860064585575
4968,0.5009,7,11,7,597204,8406,97800,10156,0.07786505613398051,0.5471393168839565
4969,0.501,8,9,8,597213,8397,97808,10148,0.07778168883619252,0.5472094904286869
4970,0.5011,5,5,5,597218,8392,97813,10143,0.07773537367075475,0.5472349608848125
4971,0.5012,8,11,8,597229,8381,97821,10135,0.07763348030679165,0.5473644415640527
4972,0.5013,5,4,5,597233,8377,97826,10130,0.07759642817444144,0.5473604582050036
4973,0.5014,10,4,10,597237,8373,97836,10120,0.07755937604209122,0.5472340885740551
4974,0.5015,6,11,6,597248,8362,97842,10114,0.07745748267812813,0.547412859926391
4975,0.5016,7,10,7,597258,8352,97849,10107,0.07736485234725259,0.5475377864456362
4976,0.5017,6,7,6,597265,8345,97855,10101,0.07730001111563971,0.5475983953160577
4977,0.5018,7,12,7,597277,8333,97862,10094,0.07718885471858905,0.5477831442991263
4978,0.5019,7,13,7,597290,8320,97869,10087,0.07706843528845085,0.5479980442223067
4979,0.502,2,8,2,597298,8312,97871,10085,0.07699433102375042,0.5481872044355058
4980,0.5021,7,5,7,597303,8307,97878,10078,0.07694801585831265,0.5481642643459342
4981,0.5022,3,8,3,597311,8299,97881,10075,0.07687391159361222,0.5483291607706542
4982,0.5023,8,8,8,597319,8291,97889,10067,0.07679980732891178,0.5483712822747576
4983,0.5024,6,8,6,597327,8283,97895,10061,0.07672570306421135,0.5484627126035762
4984,0.5025,11,5,11,597332,8278,97906,10050,0.07667938789877357,0.5483413356612833
4985,0.5026,5,10,5,597342,8268,97911,10045,0.07658675756789804,0.5485174466226178
4986,0.5027,8,7,8,597349,8261,97919,10037,0.07652191633628515,0.5485298939774839
4987,0.5028,11,6,11,597355,8255,97930,10026,0.07646633813775983,0.5484382692412888
4988,0.5029,10,8,10,597363,8247,97940,10016,0.07639223387305939,0.5484312544488857
4989,0.503,8,4,8,597367,8243,97948,10008,0.07635518174070918,0.5483535148758972
4990,0.5031,7,7,7,597374,8236,97955,10001,0.0762903405090963,0.5483906344245216
4991,0.5032,4,9,4,597383,8227,97959,9997,0.07620697321130832,0.548562335381914
4992,0.5033,9,6,9,597389,8221,97968,9988,0.07615139501278298,0.5485199626558296
4993,0.5034,13,9,13,597398,8212,97981,9975,0.076068027714995,0.5484686864243691
4994,0.5035,8,9,8,597407,8203,97989,9967,0.07598466041720701,0.5485415520088057
4995,0.5036,5,4,5,597411,8199,97994,9962,0.07594760828485679,0.5485380760971312
4996,0.5037,3,4,3,597415,8195,97997,9959,0.07591055615250658,0.5485843340310675
4997,0.5038,3,7,3,597422,8188,98000,9956,0.0758457149208937,0.548721340388007
4998,0.5039,4,4,4,597426,8184,98004,9952,0.07580866278854348,0.5487428319364799
4999,0.504,5,7,5,597433,8177,98009,9947,0.0757438215569306,0.5488302802913264
5000,0.5041,7,4,7,597437,8173,98016,9940,0.07570676942458038,0.5487771214045161
5001,0.5042,5,8,5,597445,8165,98021,9935,0.07563266515987994,0.5488950276243094
5002,0.5043,8,9,8,597454,8156,98029,9927,0.07554929786209197,0.5489686445833103
5003,0.5044,7,7,7,597461,8149,98036,9920,0.07548445663047909,0.5490065858652942
5004,0.5045,12,8,12,597469,8141,98048,9908,0.07541035236577866,0.5489500803368608
5005,0.5046,11,3,11,597472,8138,98059,9897,0.07538256326651599,0.5487662877737732
5006,0.5047,8,6,8,597478,8132,98067,9889,0.07532698506799067,0.5487486820931136
5007,0.5048,8,5,8,597483,8127,98075,9881,0.07528066990255289,0.5487005775211017
5008,0.5049,7,4,7,597487,8123,98082,9874,0.07524361777020268,0.5486469967216758
5009,0.505,2,5,2,597492,8118,98084,9872,0.0751973026047649,0.5487493051695387
5010,0.5051,11,7,11,597499,8111,98095,9861,0.07513246137315202,0.5486868462052081
5011,0.5052,6,6,6,597505,8105,98101,9855,0.0750768831746267,0.5487193763919822
5012,0.5053,6,10,6,597515,8095,98107,9849,0.07498425284375115,0.5488742755238519
5013,0.5054,7,13,7,597528,8082,98114,9842,0.07486383341361295,0.5490961838875251
5014,0.5055,6,9,6,597537,8073,98120,9836,0.07478046611582496,0.5492210620358479
5015,0.5056,4,10,4,597547,8063,98124,9832,0.07468783578494942,0.549427214305672
5016,0.5057,5,15,5,597562,8048,98129,9827,0.07454889028863611,0.5497622377622378
5017,0.5058,4,4,4,597566,8044,98133,9823,0.0745118381562859,0.549784518945542
5018,0.5059,10,6,10,597572,8038,98143,9813,0.07445625995776058,0.5497171026833231
5019,0.506,7,4,7,597576,8034,98150,9806,0.07441920782541035,0.5496636771300448
5020,0.5061,3,6,3,597582,8028,98153,9803,0.07436362962688503,0.5497728674779878
5021,0.5062,6,4,6,597586,8024,98159,9797,0.0743265774945348,0.5497446832388755
5022,0.5063,12,8,12,597594,8016,98171,9785,0.07425247322983437,0.5496882197629347
5023,0.5064,4,4,4,597598,8012,98175,9781,0.07421542109748416,0.5497105603327151
5024,0.5065,9,8,9,597606,8004,98184,9772,0.07414131683278373,0.5497299729972998
5025,0.5066,9,8,9,597614,7996,98193,9763,0.0740672125680833,0.5497494228278619
5026,0.5067,3,12,3,597626,7984,98196,9760,0.07395605617103264,0.5500450856627592
5027,0.5068,7,6,7,597632,7978,98203,9753,0.07390047797250732,0.5500535784783712
5028,0.5069,7,5,7,597637,7973,98210,9746,0.07385416280706955,0.550031040126418
5029,0.507,2,9,2,597646,7964,98212,9744,0.07377079550928156,0.550259769595663
5030,0.5071,8,6,8,597652,7958,98220,9736,0.07371521731075624,0.5502430202328473
5031,0.5072,7,8,7,597660,7950,98227,9729,0.0736411130460558,0.5503139317834719
5032,0.5073,10,7,10,597667,7943,98237,9719,0.07357627181444291,0.550277431774431
5033,0.5074,5,7,5,597674,7936,98242,9714,0.07351143058283004,0.5503682719546742
5034,0.5075,7,8,7,597682,7928,98249,9707,0.0734373263181296,0.5504394669690955
5035,0.5076,10,3,10,597685,7925,98259,9697,0.07340953721886695,0.5502780615140166
5036,0.5077,4,8,4,597693,7917,98263,9693,0.07333543295416652,0.5504258943781942
5037,0.5078,6,6,6,597699,7911,98269,9687,0.0732798547556412,0.5504602795772247
5038,0.5079,7,9,7,597708,7902,98276,9680,0.0731964874578532,0.550563075873052
5039,0.508,8,5,8,597713,7897,98284,9672,0.07315017229241542,0.5505151118447265
5040,0.5081,3,9,3,597722,7888,98287,9669,0.07306680499462744,0.550720510337757
5041,0.5082,11,9,11,597731,7879,98298,9658,0.07298343769683946,0.550721332040828
5042,0.5083,9,3,9,597734,7876,98307,9649,0.07295564859757679,0.5505848787446505
5043,0.5084,11,6,11,597740,7870,98318,9638,0.07290007039905147,0.5504912040210189
5044,0.5085,8,2,8,597742,7868,98326,9630,0.07288154433287636,0.5503486112698595
5045,0.5086,8,7,8,597749,7861,98334,9622,0.07281670310126348,0.5503632099754047
5046,0.5087,5,4,5,597753,7857,98339,9617,0.07277965096891326,0.5503605356529702
5047,0.5088,5,10,5,597763,7847,98344,9612,0.07268702063803772,0.5505469958187754
5048,0.5089,5,6,5,597769,7841,98349,9607,0.07263144243951239,0.5506075194864741
5049,0.509,3,6,3,597775,7835,98352,9604,0.07257586424098707,0.5507196513561557
5050,0.5091,5,6,5,597781,7829,98357,9599,0.07252028604246175,0.5507803534542116
5051,0.5092,11,8,11,597789,7821,98368,9588,0.07244618177776131,0.5507496122695158
5052,0.5093,4,9,4,597798,7812,98372,9584,0.07236281447997332,0.550931248562888
5053,0.5094,8,5,8,597803,7807,98380,9576,0.07231649931453556,0.5508830466547776
5054,0.5095,5,10,5,597813,7797,98385,9571,0.07222386898366001,0.551070935052971
5055,0.5096,8,12,8,597825,7785,98393,9563,0.07211271258660935,0.5512451002997464
5056,0.5097,3,3,3,597828,7782,98396,9560,0.0720849234873467,0.5512628301233998
5057,0.5098,7,9,7,597837,7773,98403,9553,0.07200155618955871,0.5513678864134827
5058,0.5099,12,14,12,597851,7759,98415,9541,0.07187187372633295,0.5515028901734104
5059,0.51,5,5,5,597856,7754,98420,9536,0.07182555856089518,0.5515326778484673
5060,0.5101,8,8,8,597864,7746,98428,9528,0.07175145429619474,0.5515804098645363
5061,0.5102,7,10,7,597874,7736,98435,9521,0.07165882396531921,0.5517181433621139
5062,0.5103,8,5,8,597879,7731,98443,9513,0.07161250879988143,0.5516701461377871
5063,0.5104,11,5,11,597884,7726,98454,9502,0.07156619363444366,0.5515439981425586
5064,0.5105,8,7,8,597891,7719,98462,9494,0.07150135240283079,0.5515598675419741
5065,0.5106,8,8,8,597899,7711,98470,9486,0.07142724813813035,0.5516078385764959
5066,0.5107,6,5,6,597904,7706,98476,9480,0.07138093297269257,0.5516117770278134
5067,0.5108,4,6,4,597910,7700,98480,9476,0.07132535477416725,0.5517000465766185
5068,0.5109,4,3,4,597913,7697,98484,9472,0.07129756567490458,0.5516920030287146
5069,0.511,7,3,7,597916,7694,98491,9465,0.07126977657564193,0.5516055714202459
5070,0.5111,9,3,9,597919,7691,98500,9456,0.07124198747637926,0.5514667288738555
5071,0.5112,4,4,4,597923,7687,98504,9452,0.07120493534402905,0.5514907520858859
5072,0.5113,6,9,6,597932,7678,98510,9446,0.07112156804624106,0.5516234524643775
5073,0.5114,5,3,5,597935,7675,98515,9441,0.0710937789469784,0.5515891563449404
5074,0.5115,5,11,5,597946,7664,98520,9436,0.07099188558301531,0.551812865497076
5075,0.5116,7,7,7,597953,7657,98527,9429,0.07092704435140243,0.551855320145148
5076,0.5117,9,9,9,597962,7648,98536,9420,0.07084367705361444,0.5519100070307007
5077,0.5118,3,7,3,597969,7641,98539,9417,0.07077883582200156,0.55205768554344
5078,0.5119,6,10,6,597979,7631,98545,9411,0.07068620549112602,0.5522239173805892
5079,0.512,4,9,4,597988,7622,98549,9407,0.07060283819333803,0.5524105936931117
5080,0.5121,5,11,5,597999,7611,98554,9402,0.07050094482937493,0.5526362193616646
5081,0.5122,8,9,8,598008,7602,98562,9394,0.07041757753158694,0.5527182866556837
5082,0.5123,1,7,1,598015,7595,98563,9393,0.07035273629997406,0.5529197080291971
5083,0.5124,3,11,3,598026,7584,98566,9390,0.07025084293601097,0.5531990102509721
5084,0.5125,7,8,7,598034,7576,98573,9383,0.07017673867131054,0.5532755469072469
5085,0.5126,9,2,9,598036,7574,98582,9374,0.07015821260513543,0.5531036110455511
5086,0.5127,6,9,6,598045,7565,98588,9368,0.07007484530734744,0.5532392369928542
5087,0.5128,9,9,9,598054,7556,98597,9359,0.06999147800955945,0.5532958912208099
5088,0.5129,5,9,5,598063,7547,98602,9354,0.06990811071177146,0.5534583752440684
5089,0.513,9,6,9,598069,7541,98611,9345,0.06985253251324613,0.553417031860713
5090,0.5131,9,9,9,598078,7532,98620,9336,0.06976916521545815,0.5534740336732275
5091,0.5132,3,9,3,598087,7523,98623,9333,0.06968579791767016,0.5536900806834362
5092,0.5133,4,8,4,598095,7515,98627,9329,0.06961169365296972,0.5538470672049395
5093,0.5134,6,2,6,598097,7513,98633,9323,0.06959316758679462,0.5537538607745308
5094,0.5135,5,3,5,598100,7510,98638,9318,0.06956537848753196,0.5537199904920371
5095,0.5136,4,7,4,598107,7503,98642,9314,0.06950053725591908,0.5538443241957542
5096,0.5137,7,7,7,598114,7496,98649,9307,0.0694356960243062,0.5538891864547998
5097,0.5138,2,8,2,598122,7488,98651,9305,0.06936159175960577,0.5540999225867921
5098,0.5139,5,5,5,598127,7483,98656,9300,0.06931527659416799,0.5541321575403683
5099,0.514,7,8,7,598135,7475,98663,9293,0.06924117232946755,0.5542104007633588
5100,0.5141,3,5,3,598140,7470,98666,9290,0.06919485716402979,0.5542959427207638
5101,0.5142,11,9,11,598149,7461,98677,9279,0.0691114898662418,0.5543010752688172
5102,0.5143,7,12,7,598161,7449,98684,9272,0.06900033346919116,0.5545122899348125
5103,0.5144,9,10,9,598171,7439,98693,9263,0.06890770313831561,0.5546042390132918
5104,0.5145,9,5,9,598176,7434,98702,9254,0.06886138797287784,0.5545302013422819
5105,0.5146,6,8,6,598184,7426,98708,9248,0.06878728370817741,0.5546359601775219
5106,0.5147,3,9,3,598193,7417,98711,9245,0.06870391641038942,0.5548553595006602
5107,0.5148,8,8,8,598201,7409,98719,9237,0.06862981214568899,0.5549080860266731
5108,0.5149,9,15,9,598216,7394,98728,9228,0.06849086664937568,0.5551678498375646
5109,0.515,3,10,3,598226,7384,98731,9225,0.06839823631850013,0.5554217592871334
5110,0.5151,11,6,11,598232,7378,98742,9214,0.06834265811997481,0.555327868852459
5111,0.5152,5,12,5,598244,7366,98747,9209,0.06823150172292415,0.5555957767722474
5112,0.5153,7,6,7,598250,7360,98754,9202,0.06817592352439883,0.5556092259388963
5113,0.5154,8,3,8,598253,7357,98762,9194,0.06814813442513616,0.555495136245544
5114,0.5155,3,3,3,598256,7354,98765,9191,0.06812034532587351,0.5555152614082804
5115,0.5156,7,5,7,598261,7349,98772,9184,0.06807403016043573,0.5554950704651304
5116,0.5157,4,4,4,598265,7345,98776,9180,0.06803697802808552,0.5555219364599092
5117,0.5158,3,2,3,598267,7343,98779,9177,0.0680184519619104,0.5555084745762712
5118,0.5159,8,8,8,598275,7335,98787,9169,0.06794434769720997,0.5555622879301988
5119,0.516,4,4,4,598279,7331,98791,9165,0.06790729556485976,0.5555892337536372
5120,0.5161,7,7,7,598286,7324,98798,9158,0.06784245433324688,0.5556364518869069
5121,0.5162,1,9,1,598295,7315,98799,9157,0.0677590870354589,0.5559130645944633
5122,0.5163,6,13,6,598308,7302,98805,9151,0.06763866760532068,0.556190360420592
5123,0.5164,9,5,9,598313,7297,98814,9142,0.06759235243988292,0.5561165521017094
5124,0.5165,5,10,5,598323,7287,98819,9137,0.06749972210900737,0.5563200194836824
5125,0.5166,6,7,6,598330,7280,98825,9131,0.06743488087739449,0.5563951008469928
5126,0.5167,6,7,6,598337,7273,98831,9125,0.06737003964578162,0.5564703012562507
5127,0.5168,8,5,8,598342,7268,98839,9117,0.06732372448034385,0.5564235581324382
5128,0.5169,5,6,5,598348,7262,98844,9112,0.06726814628181851,0.5564919995114206
5129,0.517,4,4,4,598352,7258,98848,9108,0.0672310941494683,0.5565196138335574
5130,0.5171,6,8,6,598360,7250,98854,9102,0.06715698988476787,0.5566291585127201
5131,0.5172,8,7,8,598367,7243,98862,9094,0.06709214865315499,0.5566505478362
5132,0.5173,4,9,4,598376,7234,98866,9090,0.067008781355367,0.5568488115657927
5133,0.5174,8,6,8,598382,7228,98874,9082,0.06695320315684168,0.5568362967504599
5134,0.5175,3,3,3,598385,7225,98877,9079,0.06692541405757901,0.5568572129538764
5135,0.5176,6,7,6,598392,7218,98883,9073,0.06686057282596614,0.5569332760419864
5136,0.5177,6,9,6,598401,7209,98889,9067,0.06677720552817815,0.5570779061194396
5137,0.5178,8,7,8,598408,7202,98897,9059,0.06671236429656527,0.557099809359818
5138,0.5179,6,9,6,598417,7193,98903,9053,0.06662899699877728,0.557244860273298
5139,0.518,10,4,10,598421,7189,98913,9043,0.06659194486642707,0.5571094135041893
5140,0.5181,5,7,5,598428,7182,98918,9038,0.06652710363481418,0.557213316892725
5141,0.5182,11,7,11,598435,7175,98929,9027,0.0664622624032013,0.5571534378471794
5142,0.5183,11,7,11,598442,7168,98940,9016,0.06639742117158842,0.5570934256055363
5143,0.5184,6,8,6,598450,7160,98946,9010,0.06632331690688799,0.557204700061843
5144,0.5185,13,4,13,598454,7156,98959,8997,0.06628626477453778,0.5569863183309602
5145,0.5186,6,8,6,598462,7148,98965,8991,0.06621216050983735,0.5570977136129872
5146,0.5187,7,8,7,598470,7140,98972,8984,0.06613805624513691,0.5571818407343091
5147,0.5188,9,7,9,598477,7133,98981,8975,0.06607321501352403,0.5571765582319345
5148,0.5189,6,8,6,598485,7125,98987,8969,0.0659991107488236,0.557288430470983
5149,0.519,10,10,10,598495,7115,98997,8959,0.06590648041794805,0.5573597113350752
5150,0.5191,14,6,14,598501,7109,99011,8945,0.06585090221942273,0.5571820107138408
5151,0.5192,6,7,6,598508,7102,99017,8939,0.06578606098780986,0.5572595224736613
5152,0.5193,3,8,3,598516,7094,99020,8936,0.06571195672310942,0.5574547723019339
5153,0.5194,4,11,4,598527,7083,99024,8932,0.06561006335914632,0.557727130814861
5154,0.5195,6,9,6,598536,7074,99030,8926,0.06552669606135833,0.557875
5155,0.5196,8,5,8,598541,7069,99038,8918,0.06548038089592056,0.557828235441296
5156,0.5197,11,8,11,598549,7061,99049,8907,0.06540627663122013,0.5578031062124249
5157,0.5198,10,6,10,598555,7055,99059,8897,0.0653506984326948,0.5577357071213641
5158,0.5199,5,5,5,598560,7050,99064,8892,0.06530438326725703,0.5577719232216786
5159,0.52,11,3,11,598563,7047,99075,8881,0.06527659416799436,0.5575715720743345
5160,0.5201,4,5,4,598568,7042,99079,8877,0.0652302790025566,0.5576355298699667
5161,0.5202,8,3,8,598571,7039,99087,8869,0.06520248990329393,0.5575182298214735
5162,0.5203,4,10,4,598581,7029,99091,8865,0.0651098595724184,0.557757644394111
5163,0.5204,6,4,6,598585,7025,99097,8859,0.06507280744006817,0.5577310501133216
5164,0.5205,5,7,5,598592,7018,99102,8854,0.0650079662084553,0.5578377016129032
5165,0.5206,3,5,3,598597,7013,99105,8851,0.06496165104301753,0.5579299041855774
5166,0.5207,3,5,3,598602,7008,99108,8848,0.06491533587757975,0.5580221997981837
5167,0.5208,3,5,3,598607,7003,99111,8845,0.06486902071214198,0.5581145885916204
5168,0.5209,6,5,6,598612,6998,99117,8839,0.06482270554670422,0.5581233819536529
5169,0.521,5,7,5,598619,6991,99122,8834,0.06475786431509134,0.5582306477093207
5170,0.5211,4,5,4,598624,6986,99126,8830,0.06471154914965356,0.558295397066262
5171,0.5212,4,4,4,598628,6982,99130,8826,0.06467449701730335,0.5583248987854251
5172,0.5213,3,7,3,598635,6975,99133,8823,0.06460965578569047,0.5584884162552222
5173,0.5214,2,4,2,598639,6971,99135,8821,0.06457260365334025,0.5585739614994935
5174,0.5215,7,3,7,598642,6968,99142,8814,0.06454481455407758,0.5584843492586491
5175,0.5216,10,9,10,598651,6959,99152,8804,0.0644614472562896,0.5585231237708558
5176,0.5217,10,13,10,598664,6946,99162,8794,0.06434102782615139,0.5587039390088946
5177,0.5218,9,5,9,598669,6941,99171,8785,0.06429471266071363,0.5586290220017804
5178,0.5219,9,7,9,598676,6934,99180,8776,0.06422987142910075,0.5586250795671547
5179,0.522,6,2,6,598678,6932,99186,8770,0.06421134536292564,0.5585275761049547
5180,0.5221,6,12,6,598690,6920,99192,8764,0.06410018896587498,0.5587860239734762
5181,0.5222,7,8,7,598698,6912,99199,8757,0.06402608470117455,0.5588742102240092
5182,0.5223,8,6,8,598704,6906,99207,8749,0.06397050650264922,0.5588629830725008
5183,0.5224,7,5,7,598709,6901,99214,8742,0.06392419133721146,0.5588442114683884
5184,0.5225,7,7,7,598716,6894,99221,8735,0.06385935010559858,0.5588969223878687
5185,0.5226,7,7,7,598723,6887,99228,8728,0.0637945088739857,0.5589497278258085
5186,0.5227,9,5,9,598728,6882,99237,8719,0.06374819370854792,0.5588744311262098
5187,0.5228,14,7,14,598735,6875,99251,8705,0.06368335247693505,0.5587291399229781
5188,0.5229,3,4,3,598739,6871,99254,8702,0.06364630034458484,0.5587876452835036
5189,0.523,11,4,11,598743,6867,99265,8691,0.06360924821223461,0.5586193598148862
5190,0.5231,7,6,7,598749,6861,99272,8684,0.06355367001370929,0.5586362174332583
5191,0.5232,5,7,5,598756,6854,99277,8679,0.06348882878209641,0.5587458958346746
5192,0.5233,6,5,6,598761,6849,99283,8673,0.06344251361665863,0.558755315036722
5193,0.5234,6,7,6,598768,6842,99289,8667,0.06337767238504576,0.5588368044361338
5194,0.5235,11,12,11,598780,6830,99300,8656,0.06326651598799511,0.5589564768177709
5195,0.5236,6,3,6,598783,6827,99306,8650,0.06323872688873244,0.558893842475932
5196,0.5237,7,12,7,598795,6815,99313,8643,0.0631275704916818,0.5591279596325527
5197,0.5238,9,9,9,598804,6806,99322,8634,0.06304420319389381,0.5591968911917099
5198,0.5239,5,2,5,598806,6804,99327,8629,0.0630256771277187,0.5591265470096546
5199,0.524,7,7,7,598813,6797,99334,8622,0.06296083589610582,0.5591802321810753
5200,0.5241,6,6,6,598819,6791,99340,8616,0.0629052576975805,0.5592263256961122
5201,0.5242,5,7,5,598826,6784,99345,8611,0.06284041646596762,0.5593374472231244
5202,0.5243,7,7,7,598833,6777,99352,8604,0.06277557523435473,0.5593914569923932
5203,0.5244,9,4,9,598837,6773,99361,8595,0.06273852310200452,0.5592790213430505
5204,0.5245,6,6,6,598843,6767,99367,8589,0.0626829449034792,0.5593253451419641
5205,0.5246,10,3,10,598846,6764,99377,8579,0.06265515580421653,0.5591474939711921
5206,0.5247,6,8,6,598854,6756,99383,8573,0.0625810515395161,0.5592667492987149
5207,0.5248,2,3,2,598857,6753,99385,8571,0.06255326244025344,0.5593187157400157
5208,0.5249,10,6,10,598863,6747,99395,8561,0.062497684241728114,0.5592500653253201
5209,0.525,7,5,7,598868,6742,99402,8554,0.06245136907629034,0.5592311715481172
5210,0.5251,6,5,6,598873,6737,99408,8548,0.06240505391085257,0.5592410860320576
5211,0.5252,5,7,5,598880,6730,99413,8543,0.06234021267923969,0.5593531067897597
5212,0.5253,5,3,5,598883,6727,99418,8538,0.06231242357997703,0.5593187029151654
5213,0.5254,5,7,5,598890,6720,99423,8533,0.062247582348364146,0.5594309316200092
5214,0.5255,8,3,8,598893,6717,99431,8525,0.062219793249101485,0.5593098018632725
5215,0.5256,7,5,7,598898,6712,99438,8518,0.06217347808366371,0.5592908732764281
5216,0.5257,5,6,5,598904,6706,99443,8513,0.06211789988513839,0.5593665812471253
5217,0.5258,8,2,8,598906,6704,99451,8505,0.06209937381896328,0.5592083634689986
5218,0.5259,7,6,7,598912,6698,99458,8498,0.06204379562043796,0.5592261121347724
5219,0.526,6,9,6,598921,6689,99464,8492,0.06196042832264997,0.5593834398260984
5220,0.5261,5,4,5,598925,6685,99469,8487,0.06192337619029975,0.5593857105193778
5221,0.5262,4,7,4,598932,6678,99473,8483,0.06185853495868687,0.5595277356374909
5222,0.5263,11,6,11,598938,6672,99484,8472,0.061802956760161544,0.5594294770206022
5223,0.5264,4,4,4,598942,6668,99488,8468,0.06176590462781133,0.5594608879492601
5224,0.5265,7,12,7,598954,6656,99495,8461,0.061654748230760684,0.5597009988754382
5225,0.5266,10,8,10,598962,6648,99505,8451,0.06158064396606025,0.5597059407907808
5226,0.5267,5,4,5,598966,6644,99510,8446,0.06154359183371003,0.5597084161696487
5227,0.5268,7,3,7,598969,6641,99517,8439,0.061515802734447365,0.5596153846153846
5228,0.5269,8,8,8,598977,6633,99525,8431,0.06144169846974693,0.5596787041954329
5229,0.527,4,3,4,598980,6630,99529,8427,0.06141390937048427,0.5596732416816099
5230,0.5271,1,8,1,598988,6622,99530,8426,0.06133980510578384,0.5599415204678363
5231,0.5272,6,8,6,598996,6614,99536,8420,0.061265700841083404,0.5600638552614075
5232,0.5273,8,4,8,599000,6610,99544,8412,0.06122864870873319,0.5599786979097324
5233,0.5274,6,11,6,599011,6599,99550,8406,0.06112675534477009,0.560213262245918
5234,0.5275,8,7,8,599018,6592,99558,8398,0.061061914113157215,0.5602401601067378
5235,0.5276,8,8,8,599026,6584,99566,8390,0.06098780984845678,0.5603045278482703
5236,0.5277,6,3,6,599029,6581,99572,8384,0.06096002074919411,0.5602405613097227
5237,0.5278,6,7,6,599036,6574,99578,8378,0.060895179517581235,0.560326377742108
5238,0.5279,1,5,1,599041,6569,99579,8377,0.06084886435214346,0.5604844105446273
5239,0.528,5,9,5,599050,6560,99584,8372,0.06076549705435548,0.5606750602732387
5240,0.5281,4,6,4,599056,6554,99588,8368,0.06070991885583015,0.5607827368985391
5241,0.5282,5,13,5,599069,6541,99593,8363,0.06058949942569195,0.5611245303274289
5242,0.5283,6,6,6,599075,6535,99599,8357,0.06053392122716662,0.561173784582326
5243,0.5284,5,6,5,599081,6529,99604,8352,0.0604783430286413,0.5612526039916672
5244,0.5285,7,1,7,599082,6528,99611,8345,0.060469079995553746,0.5610838432058092
5245,0.5286,8,6,8,599088,6522,99619,8337,0.06041350179702842,0.5610740965071673
5246,0.5287,5,4,5,599092,6518,99624,8332,0.0603764496646782,0.5610774410774411
5247,0.5288,4,8,4,599100,6510,99628,8328,0.060302345399977766,0.5612616255560049
5248,0.5289,4,7,4,599107,6503,99632,8324,0.06023750416836489,0.5614082417211843
5249,0.529,4,14,4,599121,6489,99636,8320,0.06010782170513913,0.5618205145519617
5250,0.5291,4,8,4,599129,6481,99640,8316,0.0600337174404387,0.5620058119889166
5251,0.5292,6,7,6,599136,6474,99646,8310,0.059968876208825815,0.5620941558441559
5252,0.5293,2,12,2,599148,6462,99648,8308,0.059857719811775165,0.5624915368991198
5253,0.5294,9,9,9,599157,6453,99657,8299,0.05977435251398718,0.5625677874186551
5254,0.5295,11,9,11,599166,6444,99668,8288,0.05969098521619919,0.5625848493076296
5255,0.5296,4,7,4,599173,6437,99672,8284,0.059626143984586315,0.5627335099517696
5256,0.5297,5,7,5,599180,6430,99677,8279,0.05956130275297344,0.5628526752328507
5257,0.5298,5,11,5,599191,6419,99682,8274,0.059459409389010336,0.5631252977608385
5258,0.5299,8,1,8,599192,6418,99690,8266,0.05945014635592279,0.5629256333424135
5259,0.53,6,7,6,599199,6411,99696,8260,0.0593853051243099,0.5630154727012474
5260,0.5301,5,8,5,599207,6403,99701,8255,0.05931120085960947,0.5631736935461864
5261,0.5302,5,10,5,599217,6393,99706,8250,0.05921857052873393,0.5634091374718295
5262,0.5303,6,8,6,599225,6385,99712,8244,0.059144466264033496,0.5635381775924534
5263,0.5304,6,6,6,599231,6379,99718,8238,0.05908888806550817,0.5635903400150509
5264,0.5305,6,10,6,599241,6369,99724,8232,0.05899625773463263,0.5637970002054654
5265,0.5306,7,3,7,599244,6366,99731,8225,0.05896846863536997,0.5637036529367419
5266,0.5307,5,5,5,599249,6361,99736,8220,0.058922153469932195,0.5637473424319319
5267,0.5308,2,6,2,599255,6355,99738,8218,0.05886657527140687,0.5639195773004873
5268,0.5309,4,6,4,599261,6349,99742,8214,0.058810997072881545,0.5640321362356657
5269,0.531,7,6,7,599267,6343,99749,8207,0.058755418874356216,0.5640549828178694
5270,0.5311,2,7,2,599274,6336,99751,8205,0.05869057764274334,0.5642665566329689
5271,0.5312,9,4,9,599278,6332,99760,8196,0.05865352551039312,0.5641519823788547
5272,0.5313,6,4,6,599282,6328,99766,8190,0.058616473378042905,0.5641272902603665
5273,0.5314,6,3,6,599285,6325,99772,8184,0.058588684278780244,0.5640636846095527
5274,0.5315,7,6,7,599291,6319,99779,8177,0.058533106080254915,0.5640866445916115
5275,0.5316,6,6,6,599297,6313,99785,8171,0.058477527881729593,0.5641397404032036
5276,0.5317,6,5,6,599302,6308,99791,8165,0.05843121271629182,0.5641539418227044
5277,0.5318,5,7,5,599309,6301,99796,8160,0.05836637148467894,0.5642763294377983
5278,0.5319,11,4,11,599313,6297,99807,8149,0.058329319352328726,0.5641007891457843
5279,0.532,7,2,7,599315,6295,99814,8142,0.05831079328615362,0.5639675832929278
5280,0.5321,4,6,4,599321,6289,99818,8138,0.05825521508762829,0.5640812365703195
5281,0.5322,8,3,8,599324,6286,99826,8130,0.05822742598836563,0.5639567147613762
5282,0.5323,5,10,5,599334,6276,99831,8125,0.058134795657490086,0.5641969307686966
5283,0.5324,11,4,11,599338,6272,99842,8114,0.05809774352513987,0.5640205755595719
5284,0.5325,10,3,10,599341,6269,99852,8104,0.05806995442587721,0.5638349683434217
5285,0.5326,5,5,5,599346,6264,99857,8099,0.058023639260439436,0.5638794123790295
5286,0.5327,5,10,5,599356,6254,99862,8094,0.0579310089295639,0.5641204349038194
5287,0.5328,5,6,5,599362,6248,99867,8089,0.05787543073103857,0.5642045058240915
5288,0.5329,5,10,5,599372,6238,99872,8084,0.05778280040016303,0.5644463063817903
5289,0.533,3,6,3,599378,6232,99875,8081,0.0577272222016377,0.5645916299867254
5290,0.5331,9,4,9,599382,6228,99884,8072,0.057690170069287484,0.5644755244755245
5291,0.5332,6,7,6,599389,6221,99890,8066,0.05762532883767461,0.5645691887730104
5292,0.5333,8,4,8,599393,6217,99898,8058,0.05758827670532439,0.5644833625218915
5293,0.5334,4,5,4,599398,6212,99902,8054,0.05754196153988662,0.564559091546334
5294,0.5335,7,6,7,599404,6206,99909,8047,0.057486383341361295,0.5645828948291588
5295,0.5336,5,5,5,599409,6201,99914,8042,0.05744006817592352,0.5646282384329144
5296,0.5337,7,7,7,599416,6194,99921,8035,0.057375226944310645,0.5646918265514091
5297,0.5338,3,4,3,599420,6190,99924,8032,0.05733817481196043,0.5647588243566306
5298,0.5339,7,8,7,599428,6182,99931,8025,0.057264070547259995,0.5648623917787007
5299,0.534,5,6,5,599434,6176,99936,8020,0.05720849234873467,0.5649478726401803
5300,0.5341,5,4,5,599438,6172,99941,8015,0.057171440216384456,0.5649538309720167
5301,0.5342,9,2,9,599440,6170,99950,8006,0.057152914150209344,0.5647573363431151
5302,0.5343,10,8,10,599448,6162,99960,7996,0.05707880988550891,0.5647690351744596
5303,0.5344,6,7,6,599455,6155,99966,7990,0.05701396865389603,0.5648639095086603
5304,0.5345,6,5,6,599460,6150,99972,7984,0.05696765348845826,0.5648790151407952
5305,0.5346,3,7,3,599467,6143,99975,7981,0.05690281225684538,0.5650665533843104
5306,0.5347,4,6,4,599473,6137,99979,7977,0.056847234058320054,0.5651835057389826
5307,0.5348,4,4,4,599477,6133,99983,7973,0.05681018192596984,0.5652204735573515
5308,0.5349,5,6,5,599483,6127,99988,7968,0.056754603727444515,0.5653068463994324
5309,0.535,7,6,7,599489,6121,99995,7961,0.056699025528919186,0.5653316290299674
5310,0.5351,5,6,5,599495,6115,100000,7956,0.056643447330393865,0.5654182360884088
5311,0.5352,6,4,6,599499,6111,100006,7950,0.05660639519804365,0.5653936419884787
5312,0.5353,5,0,5,599499,6111,100011,7945,0.05660639519804365,0.5652390438247012
5313,0.5354,5,4,5,599503,6107,100016,7940,0.05656934306569343,0.5652452480956788
5314,0.5355,5,9,5,599512,6098,100021,7935,0.05648597576790544,0.5654528611130906
5315,0.5356,5,7,5,599519,6091,100026,7930,0.056421134536292564,0.5655802011268811
5316,0.5357,4,7,4,599526,6084,100030,7926,0.056356293304679686,0.5657387580299786
5317,0.5358,4,7,4,599533,6077,100034,7922,0.05629145207306681,0.5658975641117223
5318,0.5359,7,5,7,599538,6072,100041,7915,0.056245136907629036,0.565882605276328
5319,0.536,2,5,2,599543,6067,100043,7913,0.05619882174219126,0.5660228898426324
5320,0.5361,10,4,10,599547,6063,100053,7903,0.056161769609841046,0.565874266074753
5321,0.5362,6,7,6,599554,6056,100059,7897,0.05609692837822817,0.5659714756683151
5322,0.5363,3,5,3,599559,6051,100062,7894,0.056050613212790396,0.5660810326281821
5323,0.5364,7,3,7,599562,6048,100069,7887,0.056022824113527735,0.5659849300322928
5324,0.5365,5,4,5,599566,6044,100074,7882,0.05598577198117752,0.5659916702570731
5325,0.5366,3,10,3,599576,6034,100077,7879,0.05589314165030197,0.566304894702796
5326,0.5367,3,8,3,599584,6026,100080,7876,0.05581903738560154,0.5665371888936843
5327,0.5368,3,5,3,599589,6021,100083,7873,0.05577272222016377,0.5666474737296675
5328,0.5369,3,7,3,599596,6014,100086,7870,0.05570788098855089,0.5668395275136848
5329,0.537,4,9,4,599605,6005,100090,7866,0.055624513690762906,0.5670824021339486
5330,0.5371,8,4,8,599609,6001,100098,7858,0.05558746155841269,0.5669961757702576
5331,0.5372,4,7,4,599616,5994,100102,7854,0.055522620326799804,0.567157712305026
5332,0.5373,7,3,7,599619,5991,100109,7847,0.05549483122753714,0.5670617141205376
5333,0.5374,6,4,6,599623,5987,100115,7841,0.055457779095186926,0.5670378941278565
5334,0.5375,8,6,8,599629,5981,100123,7833,0.055402200896661605,0.5670334443318372
5335,0.5376,2,4,2,599633,5977,100125,7831,0.05536514876431139,0.5671349942062572
5336,0.5377,4,6,4,599639,5971,100129,7827,0.05530957056578606,0.567256124075953
5337,0.5378,5,7,5,599646,5964,100134,7822,0.05524472933417318,0.5673872044102712
5338,0.5379,4,4,4,599650,5960,100138,7818,0.055207677201822965,0.5674263318333576
5339,0.538,4,6,4,599656,5954,100142,7814,0.05515209900329764,0.5675479372457873
5340,0.5381,6,8,6,599664,5946,100148,7808,0.05507799473859721,0.5676893994474335
5341,0.5382,5,5,5,599669,5941,100153,7803,0.05503167957315944,0.5677386495925495
5342,0.5383,6,1,6,599670,5940,100159,7797,0.05502241654007188,0.5675911771129067
5343,0.5384,11,8,11,599678,5932,100170,7786,0.05494831227537145,0.5675754483160811
5344,0.5385,6,5,6,599683,5927,100176,7780,0.054901997109933674,0.5675932005544613
5345,0.5386,3,4,3,599687,5923,100179,7777,0.05486494497758346,0.5676642335766423
5346,0.5387,5,8,5,599695,5915,100184,7772,0.054790840712883024,0.5678380945422664
5347,0.5388,8,6,8,599701,5909,100192,7764,0.0547352625143577,0.5678344181964455
5348,0.5389,3,3,3,599704,5906,100195,7761,0.05470747341509504,0.5678641984341846
5349,0.539,6,3,6,599707,5903,100201,7755,0.05467968431583237,0.5677990921071899
5350,0.5391,9,5,9,599712,5898,100210,7746,0.05463336915039461,0.5677220756376429
5351,0.5392,5,9,5,599721,5889,100215,7741,0.05455000185260662,0.567938371239912
5352,0.5393,7,6,7,599727,5883,100222,7734,0.05449442365408129,0.5679665124476757
5353,0.5394,2,4,2,599731,5879,100224,7732,0.05445737152173107,0.5680699434281096
5354,0.5395,10,7,10,599738,5872,100234,7722,0.054392530290118195,0.5680447256142416
5355,0.5396,7,3,7,599741,5869,100241,7715,0.054364741190855534,0.5679475853945819
5356,0.5397,6,6,6,599747,5863,100247,7709,0.054309162992330205,0.5680076628352491
5357,0.5398,8,6,8,599753,5857,100255,7701,0.05425358479380488,0.5680041304027142
5358,0.5399,8,6,8,599759,5851,100263,7693,0.05419800659527956,0.5680005906674542
5359,0.54,4,4,4,599763,5847,100267,7689,0.054160954462929345,0.568040780141844
5360,0.5401,4,3,4,599766,5844,100271,7685,0.05413316536366668,0.5680390272747431
5361,0.5402,8,8,8,599774,5836,100279,7677,0.05405906109896624,0.5681195885443647
5362,0.5403,2,4,2,599778,5832,100281,7675,0.05402200896661603,0.5682238839120456
5363,0.5404,4,8,4,599786,5824,100285,7671,0.05394790470191559,0.5684327528714339
5364,0.5405,9,5,9,599791,5819,100294,7662,0.05390158953647783,0.5683554632445664
5365,0.5406,7,9,7,599800,5810,100301,7655,0.05381822223868984,0.5685109543260305
5366,0.5407,8,8,8,599808,5802,100309,7647,0.053744117973989404,0.5685924604059781
5367,0.5408,6,5,6,599813,5797,100315,7641,0.05369780280855163,0.5686114005060277
5368,0.5409,5,3,5,599816,5794,100320,7636,0.05367001370928897,0.5685778108711839
5369,0.541,3,8,3,599824,5786,100323,7633,0.05359590944458854,0.5688203293837096
5370,0.5411,3,4,3,599828,5782,100326,7630,0.05355885731223832,0.5688935281837161
5371,0.5412,7,11,7,599839,5771,100333,7623,0.053456963948275225,0.5691354337763177
5372,0.5413,3,6,3,599845,5765,100336,7620,0.0534013857497499,0.5692939858050056
5373,0.5414,4,5,4,599850,5760,100340,7616,0.053355070584312124,0.569377990430622
5374,0.5415,10,4,10,599854,5756,100350,7606,0.05331801845196191,0.5692261637479419
5375,0.5416,8,7,8,599861,5749,100358,7598,0.05325317722034903,0.5692665018356184
5376,0.5417,7,5,7,599866,5744,100365,7591,0.05320686205491126,0.5692538432695913
5377,0.5418,4,8,4,599874,5736,100369,7587,0.05313275779021083,0.5694663364107183
5378,0.5419,7,8,7,599882,5728,100376,7580,0.053058653525510396,0.5695822061917644
5379,0.542,3,5,3,599887,5723,100379,7577,0.053012338360072624,0.5696992481203007
5380,0.5421,7,7,7,599894,5716,100386,7570,0.052947497128459746,0.5697726930603643
5381,0.5422,5,10,5,599904,5706,100391,7565,0.0528548667975842,0.5700399367040916
5382,0.5423,6,7,6,599911,5699,100397,7559,0.05279002556597132,0.5701463267461155
5383,0.5424,4,2,4,599913,5697,100401,7555,0.05277149949979621,0.5701026260187142
5384,0.5425,5,5,5,599918,5692,100406,7550,0.052725184334358445,0.5701555656245281
5385,0.5426,7,8,7,599926,5684,100413,7543,0.05265108006965801,0.5702729265895516
5386,0.5427,7,6,7,599932,5678,100420,7536,0.05259550187113268,0.5703042227940064
5387,0.5428,4,5,4,599937,5673,100424,7532,0.05254918670569491,0.5703900037864446
5388,0.5429,6,4,6,599941,5669,100430,7526,0.05251213457334469,0.5703675634710117
5389,0.543,4,5,4,599946,5664,100434,7522,0.05246581940790693,0.5704535112998634
5390,0.5431,4,2,4,599948,5662,100438,7518,0.052447293341731815,0.5704097116843703
5391,0.5432,9,4,9,599952,5658,100447,7509,0.0524102412093816,0.570289359763044
5392,0.5433,5,2,5,599954,5656,100452,7504,0.052391715143206494,0.5702127659574469
5393,0.5434,8,3,8,599957,5653,100460,7496,0.052363926043943826,0.5700813750095064
5394,0.5435,4,4,4,599961,5649,100464,7492,0.05232687391159361,0.5701240392664181
5395,0.5436,9,6,9,599967,5643,100473,7483,0.05227129571306829,0.57008989791254
5396,0.5437,3,3,3,599970,5640,100476,7480,0.052243506613805626,0.5701219512195121
5397,0.5438,8,8,8,599978,5632,100484,7472,0.05216940234910519,0.5702075702075702
5398,0.5439,4,8,4,599986,5624,100488,7468,0.05209529808440476,0.5704246868316529
5399,0.544,4,6,4,599992,5618,100492,7464,0.05203971988587943,0.5705549610151353
5400,0.5441,5,5,5,599997,5613,100497,7459,0.051993404720441665,0.570608935128519
5401,0.5442,7,8,7,600005,5605,100504,7452,0.05191930045574123,0.5707283449490694
5402,0.5443,6,8,6,600013,5597,100510,7446,0.0518451961910408,0.570880932300851
5403,0.5444,7,2,7,600015,5595,100517,7439,0.051826670124865686,0.5707380696639558
5404,0.5445,7,3,7,600018,5592,100524,7432,0.051798881025603025,0.5706388206388207
5405,0.5446,5,7,5,600025,5585,100529,7427,0.05173403979399015,0.5707808177067323
5406,0.5447,5,1,5,600026,5584,100534,7422,0.05172477676090259,0.5706596955251423
5407,0.5448,5,4,5,600030,5580,100539,7417,0.051687724628552374,0.5706701546510733
5408,0.5449,7,7,7,600037,5573,100546,7410,0.051622883396939497,0.5707463606254333
5409,0.545,7,6,7,600043,5567,100553,7403,0.05156730519841417,0.5707787201233616
5410,0.5451,6,1,6,600044,5566,100559,7397,0.05155804216532661,0.5706240839311888
5411,0.5452,4,5,4,600049,5561,100563,7393,0.051511726999888846,0.5707117492666358
5412,0.5453,7,4,7,600053,5557,100570,7386,0.05147467486753863,0.5706559530248011
5413,0.5454,3,8,3,600061,5549,100573,7383,0.051400570602838196,0.5709093721002165
5414,0.5455,3,3,3,600064,5546,100576,7380,0.05137278150357553,0.5709422868636856
5415,0.5456,8,4,8,600068,5542,100584,7372,0.05133572937122531,0.5708533374632182
5416,0.5457,14,5,14,600073,5537,100598,7358,0.051289414205787545,0.5706087630864676
5417,0.5458,6,3,6,600076,5534,100604,7352,0.05126162510652488,0.5705416731336334
5418,0.5459,7,7,7,600083,5527,100611,7345,0.051196783874912,0.5706183965195774
5419,0.546,2,6,2,600089,5521,100613,7343,0.05114120567638668,0.5708177860696517
5420,0.5461,9,4,9,600093,5517,100622,7334,0.05110415354403646,0.5706948875573885
5421,0.5462,5,4,5,600097,5513,100627,7329,0.051067101411686244,0.5707054975860458
5422,0.5463,6,5,6,600102,5508,100633,7323,0.05102078624624847,0.5707271451952303
5423,0.5464,12,7,12,600109,5501,100645,7311,0.050955945014635594,0.570636902903528
5424,0.5465,5,5,5,600114,5496,100650,7306,0.05090962984919782,0.5706920793625996
5425,0.5466,5,3,5,600117,5493,100655,7301,0.05088184074993516,0.5706581209942161
5426,0.5467,9,6,9,600123,5487,100664,7292,0.05082626255140983,0.5706236794741373
5427,0.5468,8,2,8,600125,5485,100672,7284,0.05080773648523473,0.5704440441694729
5428,0.5469,5,10,5,600135,5475,100677,7279,0.05071510615435918,0.5707229104594637
5429,0.547,7,9,7,600144,5466,100684,7272,0.0506317388565712,0.5708902496467263
5430,0.5471,8,4,8,600148,5462,100692,7264,0.05059468672422098,0.5707999371365708
5431,0.5472,2,8,2,600156,5454,100694,7262,0.05052058245952055,0.5710915382195659
5432,0.5473,7,5,7,600161,5449,100701,7255,0.050474267294082775,0.5710799748110831
5433,0.5474,1,5,1,600166,5444,100702,7254,0.050427952128645,0.5712710663096551
5434,0.5475,4,4,4,600170,5440,100706,7250,0.050390899996294786,0.5713159968479118
5435,0.5476,7,6,7,600176,5434,100713,7243,0.050335321797769464,0.5713496884120849
5436,0.5477,10,3,10,600179,5431,100723,7233,0.050307532698506796,0.5711465571699305
5437,0.5478,3,5,3,600184,5426,100726,7230,0.05026121753306903,0.5712705436156763
5438,0.5479,5,4,5,600188,5422,100731,7225,0.05022416540071881,0.5712817268917529
5439,0.548,4,5,4,600193,5417,100735,7221,0.05017785023528104,0.5713720525399588
5440,0.5481,6,1,6,600194,5416,100741,7215,0.050168587202193485,0.5712136806270287
5441,0.5482,3,1,3,600195,5415,100744,7212,0.05015932416910593,0.5711570444286054
5442,0.5483,1,2,1,600197,5413,100745,7211,0.050140798102930824,0.5712135614702155
5443,0.5484,7,4,7,600201,5409,100752,7204,0.05010374597058061,0.5711567430428922
5444,0.5485,3,1,3,600202,5408,100755,7201,0.05009448293749305,0.571100007930843
5445,0.5486,3,5,3,600207,5403,100758,7198,0.05004816777205528,0.5712245059915879
5446,0.5487,6,5,6,600212,5398,100764,7192,0.05000185260661751,0.5712470214455917
5447,0.5488,3,2,3,600214,5396,100767,7189,0.0499833265404424,0.5712355979340484
5448,0.5489,1,7,1,600221,5389,100768,7188,0.04991848530882952,0.5715194402480719
5449,0.549,5,10,5,600231,5379,100773,7183,0.049825854977953984,0.5718038528896673
5450,0.5491,3,7,3,600238,5372,100776,7180,0.0497610137463411,0.5720203951561504
5451,0.5492,8,3,8,600241,5369,100784,7172,0.04973322464707844,0.5718842197591899
5452,0.5493,8,3,8,600244,5366,100792,7164,0.04970543554781578,0.5717478052673584
5453,0.5494,4,10,4,600254,5356,100796,7160,0.04961280521694023,0.572067753275807
5454,0.5495,5,6,5,600260,5350,100801,7155,0.04955722701841491,0.5721711315473811
5455,0.5496,7,6,7,600266,5344,100808,7148,0.04950164881988958,0.5722062119756645
5456,0.5497,3,5,3,600271,5339,100811,7145,0.049455333654451816,0.5723325857097085
5457,0.5498,6,8,6,600279,5331,100817,7139,0.04938122938975138,0.5724939855653569
5458,0.5499,8,8,8,600287,5323,100825,7131,0.04930712512505095,0.5725871206038221
5459,0.55,5,6,5,600293,5317,100830,7126,0.04925154692652562,0.5726914731174154
5460,0.5501,5,5,5,600298,5312,100835,7121,0.04920523176108785,0.572749939676667
5461,0.5502,4,5,4,600303,5307,100839,7117,0.04915891659565008,0.5728428847392144
5462,0.5503,13,5,13,600308,5302,100852,7104,0.04911260143021231,0.572626148637756
5463,0.5504,5,5,5,600313,5297,100857,7099,0.049066286264774536,0.5726847370119393
5464,0.5505,3,5,3,600318,5292,100860,7096,0.049019971099336763,0.5728123990958992
5465,0.5506,3,5,3,600323,5287,100863,7093,0.048973655933899,0.572940226171244
5466,0.5507,4,6,4,600329,5281,100867,7089,0.04891807773537367,0.5730800323362975
5467,0.5508,13,3,13,600332,5278,100880,7076,0.04889028863611101,0.5727699530516432
5468,0.5509,2,4,2,600336,5274,100882,7074,0.04885323650376079,0.5728862973760933
5469,0.551,7,4,7,600340,5270,100889,7067,0.048816184371410574,0.5728296992785928
5470,0.5511,2,7,2,600347,5263,100891,7065,0.0487513431397977,0.5730856586632057
5471,0.5512,5,1,5,600348,5262,100896,7060,0.04874208010671014,0.5729589352377861
5472,0.5513,6,4,6,600352,5258,100902,7054,0.048705027974359924,0.5729369720597791
5473,0.5514,2,7,2,600359,5251,100904,7052,0.048640186742747046,0.5731935300333252
5474,0.5515,3,6,3,600365,5245,100907,7049,0.04858460854422172,0.5733691231495038
5475,0.5516,6,10,6,600375,5235,100913,7043,0.04849197821334618,0.5736276266492915
5476,0.5517,12,9,12,600384,5226,100925,7031,0.04840861091555819,0.573631394305295
5477,0.5518,8,4,8,600388,5222,100933,7023,0.04837155878320797,0.5735402204981626
5478,0.5519,10,8,10,600396,5214,100943,7013,0.04829745451850754,0.573566696654944
5479,0.552,8,6,8,600402,5208,100951,7005,0.04824187631998222,0.573569147629575
5480,0.5521,3,8,3,600410,5200,100954,7002,0.048167772055281784,0.5738403540403213
5481,0.5522,5,5,5,600415,5195,100959,6997,0.04812145688984401,0.5739009186351706
5482,0.5523,4,3,4,600418,5192,100963,6993,0.04809366779058135,0.5739023389413213
5483,0.5524,4,8,4,600426,5184,100967,6989,0.048019563525880916,0.5741394890331061
5484,0.5525,2,3,2,600429,5181,100969,6987,0.04799177442661825,0.5742110453648915
5485,0.5526,4,8,4,600437,5173,100973,6983,0.047917670161917815,0.5744488318525831
5486,0.5527,5,8,5,600445,5165,100978,6978,0.04784356589721739,0.5746520629169068
5487,0.5528,7,4,7,600449,5161,100985,6971,0.04780651376486717,0.5745961094625783
5488,0.5529,5,5,5,600454,5156,100990,6966,0.0477601985994294,0.5746576472529286
5489,0.553,3,8,3,600462,5148,100993,6963,0.047686094334728965,0.5749318801089919
5490,0.5531,4,5,4,600467,5143,100997,6959,0.04763977916929119,0.5750289208395306
5491,0.5532,7,4,7,600471,5139,101004,6952,0.047602727036940976,0.5749731205028533
5492,0.5533,4,4,4,600475,5135,101008,6948,0.04756567490459076,0.575022759248531
5493,0.5534,6,3,6,600478,5132,101014,6942,0.0475378858053281,0.5749544475732979
5494,0.5535,6,8,6,600486,5124,101020,6936,0.047463781540627664,0.5751243781094527
5495,0.5536,4,7,4,600493,5117,101024,6932,0.047398940309014786,0.5753174537306001
5496,0.5537,4,4,4,600497,5113,101028,6928,0.04736188817666457,0.5753674943941534
5497,0.5538,4,1,4,600498,5112,101032,6924,0.047352625143577014,0.5752741774675972
5498,0.5539,1,2,1,600500,5110,101033,6923,0.0473340990774019,0.5753344968004653
5499,0.554,7,6,7,600506,5104,101040,6916,0.04727852087887658,0.5753743760399335
5500,0.5541,2,7,2,600513,5097,101042,6914,0.0472136796472637,0.5756389975855466
5501,0.5542,2,6,2,600519,5091,101044,6912,0.047158101448738374,0.5758560359910022
5502,0.5543,2,7,2,600526,5084,101046,6910,0.047093260217125496,0.5761213940303485
5503,0.5544,3,1,3,600527,5083,101049,6907,0.04708399718403794,0.5760633861551293
5504,0.5545,2,2,2,600529,5081,101051,6905,0.047065471117862835,0.5760887702319373
5505,0.5546,4,12,4,600541,5069,101055,6901,0.046954314720812185,0.5765246449456976
5506,0.5547,5,4,5,600545,5065,101060,6896,0.04691726258846197,0.5765404230415517
5507,0.5548,4,4,4,600549,5061,101064,6892,0.04688021045611175,0.5765916506316406
5508,0.5549,11,4,11,600553,5057,101075,6881,0.046843158323761534,0.5763947059809014
5509,0.555,7,8,7,600561,5049,101082,6874,0.0467690540590611,0.5765327518242053
5510,0.5551,5,4,5,600565,5045,101087,6869,0.046732001926710884,0.5765485982877288
5511,0.5552,5,5,5,600570,5040,101092,6864,0.04668568676127311,0.5766129032258065
5512,0.5553,5,5,5,600575,5035,101097,6859,0.04663937159583534,0.5766773162939297
5513,0.5554,6,8,6,600583,5027,101103,6853,0.046565267331134905,0.5768518518518518
5514,0.5555,2,4,2,600587,5023,101105,6851,0.04652821519878469,0.5769749031497389
5515,0.5556,10,4,10,600591,5019,101115,6841,0.04649116306643447,0.5768128161888701
5516,0.5557,6,3,6,600594,5016,101121,6835,0.04646337396717181,0.5767445785165809
5517,0.5558,4,4,4,600598,5012,101125,6831,0.04642632183482159,0.5767964198260576
5518,0.5559,5,4,5,600602,5008,101130,6826,0.04638926970247138,0.5768125739394964
5519,0.556,3,9,3,600611,4999,101133,6823,0.04630590240468339,0.57714430722382
5520,0.5561,10,3,10,600614,4996,101143,6813,0.046278113305420726,0.5769328478279279
5521,0.5562,0,6,0,600620,4990,101143,6813,0.046222535106895404,0.5772261289502669
5522,0.5563,6,8,6,600628,4982,101149,6807,0.04614843084219497,0.5774026634998728
5523,0.5564,7,8,7,600636,4974,101156,6800,0.04607432657749454,0.5775437404450484
5524,0.5565,9,7,9,600643,4967,101165,6791,0.04600948534588165,0.5775642116006123
5525,0.5566,2,7,2,600650,4960,101167,6789,0.045944644114268775,0.5778364116094987
5526,0.5567,6,6,6,600656,4954,101173,6783,0.04588906591574345,0.5779159921615404
5527,0.5568,9,5,9,600661,4949,101182,6774,0.04584275075030568,0.577838437260087
5528,0.5569,8,4,8,600665,4945,101190,6766,0.04580569861795546,0.5777474169584151
5529,0.557,4,5,4,600670,4940,101194,6762,0.04575938345251769,0.5778499401811656
5530,0.5571,2,12,2,600682,4928,101196,6760,0.04564822705546704,0.5783709787816564
5531,0.5572,6,6,6,600688,4922,101202,6754,0.04559264885694172,0.57845152449469
5532,0.5573,7,6,7,600694,4916,101209,6747,0.04553707065841639,0.5784960987739004
5533,0.5574,2,10,2,600704,4906,101211,6745,0.04544444032754085,0.578920264354991
5534,0.5575,4,6,4,600710,4900,101215,6741,0.04538886212901552,0.5790739627179795
5535,0.5576,9,5,9,600715,4895,101224,6732,0.04534254696357776,0.5789971617786187
5536,0.5577,9,7,9,600722,4888,101233,6723,0.04527770573196487,0.5790198949272242
5537,0.5578,11,4,11,600726,4884,101244,6712,0.045240653599614655,0.5788202828561573
5538,0.5579,5,5,5,600731,4879,101249,6707,0.04519433843417689,0.5788883134817884
5539,0.558,6,6,6,600737,4873,101255,6701,0.04513876023565156,0.5789701054086747
5540,0.5581,4,1,4,600738,4872,101259,6697,0.045129497202564005,0.5788745786152649
5541,0.5582,7,5,7,600743,4867,101266,6690,0.04508318203712624,0.5788699489486892
5542,0.5583,4,7,4,600750,4860,101270,6686,0.045018340805513354,0.5790750043305041
5543,0.5584,6,7,6,600757,4853,101276,6680,0.04495349957390048,0.5792074915459985
5544,0.5585,7,4,7,600761,4849,101283,6673,0.04491644744155026,0.5791529248394376
5545,0.5586,9,7,9,600768,4842,101292,6664,0.04485160620993738,0.5791760820441508
5546,0.5587,2,3,2,600771,4839,101294,6662,0.04482381711067472,0.5792539779149639
5547,0.5588,9,6,9,600777,4833,101303,6653,0.04476823891214939,0.5792268849033606
5548,0.5589,11,9,11,600786,4824,101314,6642,0.0446848716143614,0.5792778649921507
5549,0.559,6,6,6,600792,4818,101320,6636,0.04462929341583608,0.5793609219486642
5550,0.5591,2,6,2,600798,4812,101322,6634,0.04457371521731076,0.5795911235366067
5551,0.5592,5,5,5,600803,4807,101327,6629,0.04452740005187299,0.5796607205316544
5552,0.5593,3,6,3,600809,4801,101330,6626,0.04447182185334766,0.5798547300253785
5553,0.5594,5,5,5,600814,4796,101335,6621,0.04442550668790989,0.5799246737321538
5554,0.5595,4,6,4,600820,4790,101339,6617,0.044369928489384564,0.5800824055404576
5555,0.5596,7,3,7,600823,4787,101346,6610,0.0443421393901219,0.5799771869790296
5556,0.5597,1,9,1,600832,4778,101347,6609,0.04425877209233391,0.5803987002722403
5557,0.5598,10,2,10,600834,4776,101357,6599,0.04424024602615881,0.5801318681318681
5558,0.5599,6,7,6,600841,4769,101363,6593,0.044175404794545924,0.580267558528428
5559,0.56,4,4,4,600845,4765,101367,6589,0.04413835266219571,0.5803241148493923
5560,0.5601,5,8,5,600853,4757,101372,6584,0.04406424839749527,0.5805484525174147
5561,0.5602,5,5,5,600858,4752,101377,6579,0.04401793323205751,0.5806195393169182
5562,0.5603,4,4,4,600862,4748,101381,6575,0.04398088109970729,0.5806764991609997
5563,0.5604,9,4,9,600866,4744,101390,6566,0.043943828967357074,0.5805481874447391
5564,0.5605,3,4,3,600870,4740,101393,6563,0.04390677683500686,0.5806423073520305
5565,0.5606,8,5,8,600875,4735,101401,6555,0.043860461669569084,0.5806023029229407
5566,0.5607,4,1,4,600876,4734,101405,6551,0.04385119863648153,0.5805050952591936
5567,0.5608,2,4,2,600880,4730,101407,6549,0.04381414650413131,0.5806365812572036
5568,0.5609,5,4,5,600884,4726,101412,6544,0.043777094371781095,0.5806566104702751
5569,0.561,5,4,5,600888,4722,101417,6539,0.04374004223943088,0.5806766716987835
5570,0.5611,3,4,3,600892,4718,101420,6536,0.04370299010708066,0.5807712813221966
5571,0.5612,4,5,4,600897,4713,101424,6532,0.04365667494164289,0.5808803912850156
5572,0.5613,5,5,5,600902,4708,101429,6527,0.04361035977620512,0.580952380952381
5573,0.5614,5,4,5,600906,4704,101434,6522,0.043573307643854906,0.5809727418492785
5574,0.5615,4,5,4,600911,4699,101438,6518,0.04352699247841713,0.5810822858161718
5575,0.5616,4,4,4,600915,4695,101442,6514,0.043489940346066916,0.5811401552324026
5576,0.5617,3,1,3,600916,4694,101445,6511,0.04348067731297936,0.5810798750557786
5577,0.5618,1,5,1,600921,4689,101446,6510,0.043434362147541594,0.5813019019555318
5578,0.5619,6,0,6,600921,4689,101452,6504,0.043434362147541594,0.5810774591262396
5579,0.562,5,6,5,600927,4683,101457,6499,0.043378783949016265,0.5812019316759077
5580,0.5621,3,4,3,600931,4679,101460,6496,0.04334173181666605,0.5812975391498881
5581,0.5622,9,2,9,600933,4677,101469,6487,0.043323205750490944,0.5810641347187389
5582,0.5623,3,6,3,600939,4671,101472,6484,0.043267627551965615,0.5812640071716719
5583,0.5624,12,5,12,600944,4666,101484,6472,0.04322131238652784,0.5810738014006105
5584,0.5625,7,5,7,600949,4661,101491,6465,0.043174997221090076,0.5810713643717419
5585,0.5626,7,5,7,600954,4656,101498,6458,0.043128682055652304,0.5810689220802592
5586,0.5627,5,4,5,600958,4652,101503,6453,0.04309162992330209,0.5810895992796038
5587,0.5628,5,6,5,600964,4646,101508,6448,0.04303605172477676,0.5812150712096629
5588,0.5629,6,6,6,600970,4640,101514,6442,0.042980473526251436,0.5813030138964086
5589,0.563,5,0,5,600970,4640,101519,6437,0.042980473526251436,0.5811140200415275
5590,0.5631,2,3,2,600973,4637,101521,6435,0.042952684426988776,0.581195809248555
5591,0.5632,3,5,3,600978,4632,101524,6432,0.042906369261551,0.5813449023861171
5592,0.5633,5,6,5,600984,4626,101529,6427,0.042850791063025674,0.5814710938206822
5593,0.5634,4,3,4,600987,4623,101533,6423,0.04282300196376301,0.5814774579033134
5594,0.5635,1,5,1,600992,4618,101534,6422,0.04277668679832524,0.5817028985507247
5595,0.5636,9,0,9,600992,4618,101543,6413,0.04277668679832524,0.5813616172604479
5596,0.5637,5,6,5,600998,4612,101548,6408,0.04272110859979992,0.5814882032667876
5597,0.5638,0,8,0,601006,4604,101548,6408,0.042647004335099485,0.5819106429349801
5598,0.5639,7,10,7,601016,4594,101555,6401,0.04255437400422394,0.5821737153251478
5599,0.564,3,2,3,601018,4592,101558,6398,0.042535847938048835,0.5821656050955414
5600,0.5641,2,5,2,601023,4587,101560,6396,0.04248953277261106,0.5823545479377219
5601,0.5642,7,4,7,601027,4583,101567,6389,0.042452480640260845,0.5823004010207802
5602,0.5643,7,8,7,601035,4575,101574,6382,0.04237837637556041,0.5824587021995071
5603,0.5644,7,5,7,601040,4570,101581,6375,0.042332061210122646,0.5824577432617634
5604,0.5645,5,3,5,601043,4567,101586,6370,0.04230427211085998,0.5824266252171528
5605,0.5646,8,1,8,601044,4566,101594,6362,0.04229500907777243,0.5821742313323572
5606,0.5647,8,3,8,601047,4563,101602,6354,0.04226721997850976,0.5820280296784831
5607,0.5648,6,4,6,601051,4559,101608,6348,0.042230167846159544,0.5820115522141743
5608,0.5649,6,7,6,601058,4552,101614,6342,0.042165326614546667,0.5821553148522123
5609,0.565,4,9,4,601067,4543,101618,6338,0.04208195931675868,0.582483227644518
5610,0.5651,3,6,3,601073,4537,101621,6335,0.042026381118233355,0.5826894775570273
5611,0.5652,2,4,2,601077,4533,101623,6333,0.04198932898588314,0.5828271673108779
5612,0.5653,6,2,6,601079,4531,101629,6327,0.041970802919708027,0.5827039970528642
5613,0.5654,5,3,5,601082,4528,101634,6322,0.041943013820445366,0.5826728110599079
5614,0.5655,6,3,6,601085,4525,101640,6316,0.041915224721182705,0.5826030808965963
5615,0.5656,6,4,6,601089,4521,101646,6310,0.04187817258883249,0.5825870187424984
5616,0.5657,7,4,7,601093,4517,101653,6303,0.04184112045648227,0.582532347504621
5617,0.5658,5,6,5,601099,4511,101658,6298,0.04178554225795694,0.5826625959848275
5618,0.5659,5,1,5,601100,4510,101663,6293,0.04177627922486939,0.5825233731370916
5619,0.566,5,8,5,601108,4502,101668,6288,0.04170217496016896,0.5827618164967563
5620,0.5661,5,4,5,601112,4498,101673,6283,0.04166512282781874,0.582784528336889
5621,0.5662,4,4,4,601116,4494,101677,6279,0.041628070695468526,0.5828460038986355
5622,0.5663,4,4,4,601120,4490,101681,6275,0.04159101856311831,0.5829075708313981
5623,0.5664,8,5,8,601125,4485,101689,6267,0.04154470339768054,0.5828683035714286
5624,0.5665,4,7,4,601132,4478,101693,6263,0.04147986216606766,0.5830928218974025
5625,0.5666,5,2,5,601134,4476,101698,6258,0.04146133609989255,0.5830072666294019
5626,0.5667,10,5,10,601139,4471,101708,6248,0.04141502093445478,0.5828901949808751
5627,0.5668,2,6,2,601145,4465,101710,6246,0.04135944273592945,0.5831388292409673
5628,0.5669,4,4,4,601149,4461,101714,6242,0.041322390603579236,0.5832009716901804
5629,0.567,3,3,3,601152,4458,101717,6239,0.041294601504316575,0.5832476395251005
5630,0.5671,4,8,4,601160,4450,101721,6235,0.04122049723961614,0.5835283107159569
5631,0.5672,4,3,4,601163,4447,101725,6231,0.04119270814035348,0.5835362427420865
5632,0.5673,1,3,1,601166,4444,101726,6230,0.04116491904109081,0.5836612329023796
5633,0.5674,7,6,7,601172,4438,101733,6223,0.04110934084256549,0.5837163493105713
5634,0.5675,5,6,5,601178,4432,101738,6218,0.04105376264404016,0.583849765258216
5635,0.5676,7,2,7,601180,4430,101745,6211,0.04103523657786506,0.5836857438210694
5636,0.5677,12,4,12,601184,4426,101757,6199,0.04099818444551484,0.583435294117647
5637,0.5678,3,6,3,601190,4420,101760,6196,0.04094260624698951,0.5836473247927656
5638,0.5679,5,7,5,601197,4413,101765,6191,0.040877765015376634,0.5838362881931347
5639,0.568,6,5,6,601202,4408,101771,6185,0.04083144984993886,0.5838761446238082
5640,0.5681,4,3,4,601205,4405,101775,6181,0.0408036607506762,0.5838843755904024
5641,0.5682,6,3,6,601208,4402,101781,6175,0.04077587165141354,0.583813935898648
5642,0.5683,3,5,3,601213,4397,101784,6172,0.04072955648597577,0.5839719935660895
5643,0.5684,4,3,4,601216,4394,101788,6168,0.040701767386713106,0.5839803067600833
5644,0.5685,9,7,9,601223,4387,101797,6159,0.04063692615510023,0.5840128958846956
5645,0.5686,3,3,3,601226,4384,101800,6156,0.04060913705583756,0.5840607210626186
5646,0.5687,9,3,9,601229,4381,101809,6147,0.0405813479565749,0.5838715805471124
5647,0.5688,4,2,4,601231,4379,101813,6143,0.040562821890399794,0.5838243679908762
5648,0.5689,3,1,3,601232,4378,101816,6140,0.04055355885731224,0.583761171325347
5649,0.569,5,4,5,601236,4374,101821,6135,0.04051650672496202,0.5837853268626891
5650,0.5691,3,3,3,601239,4371,101824,6132,0.04048871762569936,0.5838331905169951
5651,0.5692,7,1,7,601240,4370,101831,6125,0.040479454592611805,0.5836112434492615
5652,0.5693,6,4,6,601244,4366,101837,6119,0.04044240246026159,0.5835956127801621
5653,0.5694,8,3,8,601247,4363,101845,6111,0.04041461336099893,0.5834447202596906
5654,0.5695,1,5,1,601252,4358,101846,6110,0.040368298195561154,0.5836836071837982
5655,0.5696,3,3,3,601255,4355,101849,6107,0.040340509096298494,0.5837316000764672
5656,0.5697,3,4,3,601259,4351,101852,6104,0.04030345696394828,0.5838354854136777
5657,0.5698,3,4,3,601263,4347,101855,6101,0.04026640483159806,0.5839395099540582
5658,0.5699,4,4,4,601267,4343,101859,6097,0.04022935269924784,0.5840038314176246
5659,0.57,3,2,3,601269,4341,101862,6094,0.04021082663307273,0.5839961667465261
5660,0.5701,6,3,6,601272,4338,101868,6088,0.04018303753381007,0.5839248033761749
5661,0.5702,3,2,3,601274,4336,101871,6085,0.040164511467634965,0.583917090490356
5662,0.5703,5,6,5,601280,4330,101876,6080,0.04010893326910964,0.5840537944284342
5663,0.5704,5,1,5,601281,4329,101881,6075,0.04009967023602208,0.5839100346020761
5664,0.5705,4,5,4,601286,4324,101885,6071,0.040053355070584315,0.584030784030784
5665,0.5706,5,3,5,601289,4321,101890,6066,0.04002556597132165,0.5839992298064889
5666,0.5707,2,5,2,601294,4316,101892,6064,0.03997925080588388,0.5842003853564547
5667,0.5708,6,6,6,601300,4310,101898,6058,0.03992367260735855,0.5842978395061729
5668,0.5709,7,4,7,601304,4306,101905,6051,0.039886620475008336,0.5842425412764314
5669,0.571,7,4,7,601308,4302,101912,6044,0.03984956834265812,0.5841871254591147
5670,0.5711,7,5,7,601313,4297,101919,6037,0.039803253177220346,0.5841881168956842
5671,0.5712,4,7,4,601320,4290,101923,6033,0.03973841194560747,0.5844231328102296
5672,0.5713,6,11,6,601331,4279,101929,6027,0.039636518581644374,0.5848049679798176
5673,0.5714,2,2,2,601333,4277,101931,6025,0.03961799251546926,0.5848378955542614
5674,0.5715,3,4,3,601337,4273,101934,6022,0.039580940383119045,0.5849441476444877
5675,0.5716,2,3,2,601340,4270,101936,6020,0.039553151283856385,0.5850340136054422
5676,0.5717,1,2,1,601342,4268,101937,6019,0.03953462521768128,0.5851074171284145
5677,0.5718,3,5,3,601347,4263,101940,6016,0.03948831005224351,0.5852709407529916
5678,0.5719,2,4,2,601351,4259,101942,6014,0.03945125791989329,0.585418086245498
5679,0.572,1,8,1,601359,4251,101943,6013,0.039377153655192856,0.5858339828526891
5680,0.5721,2,4,2,601363,4247,101945,6011,0.03934010152284264,0.5859816728407097
5681,0.5722,3,5,3,601368,4242,101948,6008,0.03929378635740487,0.5861463414634146
5682,0.5723,3,3,3,601371,4239,101951,6005,0.039265997258142206,0.5861967981257321
5683,0.5724,1,2,1,601373,4237,101952,6004,0.0392474711919671,0.5862708719851577
5684,0.5725,5,0,5,601373,4237,101957,5999,0.0392474711919671,0.5860687768659633
5685,0.5726,5,0,5,601373,4237,101962,5994,0.0392474711919671,0.5858664842146418
5686,0.5727,0,5,0,601378,4232,101962,5994,0.03920115602652933,0.5861529434774105
5687,0.5728,5,5,5,601383,4227,101967,5989,0.039154840861091555,0.5862372748629601
5688,0.5729,1,8,1,601391,4219,101968,5988,0.03908073659639112,0.5866562163221318
5689,0.573,2,1,2,601392,4218,101970,5986,0.039071473563303566,0.5866326930615445
5690,0.5731,5,1,5,601393,4217,101975,5981,0.03906221053021602,0.5864875465777604
5691,0.5732,4,6,4,601399,4211,101979,5977,0.03900663233169069,0.5866705928543384
5692,0.5733,4,1,4,601400,4210,101983,5973,0.03899736929860313,0.5865658450358441
5693,0.5734,3,3,3,601403,4207,101986,5970,0.03896958019934047,0.586616881202712
5694,0.5735,7,4,7,601407,4203,101993,5963,0.038932528066990255,0.5865630533149715
5695,0.5736,8,6,8,601413,4197,102001,5955,0.03887694986846493,0.5865839243498818
5696,0.5737,6,4,6,601417,4193,102007,5949,0.038839897736114716,0.5865706961151647
5697,0.5738,3,5,3,601422,4188,102010,5946,0.03879358257067694,0.5867377146240379
5698,0.5739,4,1,4,601423,4187,102014,5942,0.03878431953758939,0.5866324415045908
5699,0.574,4,2,4,601425,4185,102018,5938,0.03876579347141428,0.5865850044453226
5700,0.5741,3,6,3,601431,4179,102021,5935,0.038710215272888954,0.5868103618746292
5701,0.5742,8,6,8,601437,4173,102029,5927,0.03865463707436363,0.5868316831683168
5702,0.5743,3,3,3,601440,4170,102032,5924,0.038626847975100964,0.5868832970081236
5703,0.5744,1,3,1,601443,4167,102033,5923,0.0385990588758383,0.5870168483647176
5704,0.5745,6,6,6,601449,4161,102039,5917,0.03854348067731298,0.5871204604088113
5705,0.5746,4,3,4,601452,4158,102043,5913,0.038515691578050314,0.5871313672922251
5706,0.5747,6,4,6,601456,4154,102049,5907,0.0384786394457001,0.5871185766822383
5707,0.5748,8,3,8,601459,4151,102057,5899,0.038450850346437436,0.5869651741293532
5708,0.5749,6,2,6,601461,4149,102063,5893,0.03843232428026233,0.5868352917745469
5709,0.575,5,6,5,601467,4143,102068,5888,0.038376746081737,0.586980360881268
5710,0.5751,3,7,3,601474,4136,102071,5885,0.038311904850124125,0.5872667398463227
5711,0.5752,7,6,7,601480,4130,102078,5878,0.0382563266515988,0.587330135891287
5712,0.5753,4,2,4,601482,4128,102082,5874,0.03823780058542369,0.5872825434913017
5713,0.5754,2,3,2,601485,4125,102084,5872,0.03821001148616103,0.5873762128638591
5714,0.5755,7,2,7,601487,4123,102091,5865,0.03819148541998592,0.5872046455746897
5715,0.5756,2,4,2,601491,4119,102093,5863,0.0381544332876357,0.5873572430374674
5716,0.5757,1,2,1,601493,4117,102094,5862,0.038135907221460597,0.5874336105822227
5717,0.5758,7,5,7,601498,4112,102101,5855,0.038089592056022824,0.587438547205779
5718,0.5759,2,4,2,601502,4108,102103,5853,0.03805253992367261,0.5875916072683466
5719,0.576,5,3,5,601505,4105,102108,5848,0.038024750824409946,0.5875615392344017
5720,0.5761,3,2,3,601507,4103,102111,5845,0.038006224758234834,0.5875552874949739
5721,0.5762,2,3,2,601510,4100,102113,5843,0.03797843565897217,0.5876496027355929
5722,0.5763,6,2,6,601512,4098,102119,5837,0.03795990959279707,0.5875188726723705
5723,0.5764,4,3,4,601515,4095,102123,5833,0.0379321204935344,0.5875302175664786
5724,0.5765,9,6,9,601521,4089,102132,5824,0.03787654229500908,0.5875113487339857
5725,0.5766,4,7,4,601528,4082,102136,5820,0.0378117010633962,0.5877600484750556
5726,0.5767,5,3,5,601531,4079,102141,5815,0.03778391196413353,0.5877299373357591
5727,0.5768,6,9,6,601540,4070,102147,5809,0.03770054466634555,0.5880149812734082
5728,0.5769,3,1,3,601541,4069,102150,5806,0.037691281633257995,0.5879493670886076
5729,0.577,7,5,7,601546,4064,102157,5799,0.03764496646782022,0.5879549832708101
5730,0.5771,6,6,6,601552,4058,102163,5793,0.0375893882692949,0.5880621256725206
5731,0.5772,6,6,6,601558,4052,102169,5787,0.03753381007076957,0.5881695294237219
5732,0.5773,5,4,5,601562,4048,102174,5782,0.037496757938419355,0.5881993896236012
5733,0.5774,4,4,4,601566,4044,102178,5778,0.03745970580606914,0.5882712278558339
5734,0.5775,4,3,4,601569,4041,102182,5774,0.03743191670680648,0.5882832399388691
5735,0.5776,2,3,2,601572,4038,102184,5772,0.037404127607543816,0.5883792048929664
5736,0.5777,6,4,6,601576,4034,102190,5766,0.0373670754751936,0.5883673469387755
5737,0.5778,4,1,4,601577,4033,102194,5762,0.03735781244210604,0.5882593159775396
5738,0.5779,2,2,2,601579,4031,102196,5760,0.03733928637593093,0.5882953733020121
5739,0.578,3,8,3,601587,4023,102199,5757,0.0372651821112305,0.5886503067484663
5740,0.5781,3,3,3,601590,4020,102202,5754,0.03723739301196784,0.5887047268262738
5741,0.5782,6,3,6,601593,4017,102208,5748,0.037209603912705176,0.5886328725038402
5742,0.5783,3,9,3,601602,4008,102211,5745,0.03712623661491719,0.5890495232236235
5743,0.5784,5,2,5,601604,4006,102216,5740,0.03710771054874208,0.5889595731582188
5744,0.5785,3,3,3,601607,4003,102219,5737,0.03707992144947942,0.5890143737166325
5745,0.5786,6,5,6,601612,3998,102225,5731,0.03703360628404165,0.5890636242162607
5746,0.5787,5,3,5,601615,3995,102230,5726,0.03700581718477899,0.5890340499948565
5747,0.5788,11,2,11,601617,3993,102241,5715,0.036987291118603875,0.5886897404202719
5748,0.5789,4,8,4,601625,3985,102245,5711,0.03691318685390344,0.5890057755775577
5749,0.579,4,5,4,601630,3980,102249,5707,0.03686687168846567,0.5891400846495303
5750,0.5791,8,3,8,601633,3977,102257,5699,0.03683908258920301,0.5889830508474576
5751,0.5792,7,6,7,601639,3971,102264,5692,0.036783504390677686,0.5890510193521681
5752,0.5793,3,3,3,601642,3968,102267,5689,0.03675571529141502,0.5891063477270374
5753,0.5794,6,4,6,601646,3964,102273,5683,0.0367186631590648,0.5890950554576553
5754,0.5795,3,2,3,601648,3962,102276,5680,0.0367001370928897,0.5890894005393073
5755,0.5796,6,4,6,601652,3958,102282,5674,0.03666308496053948,0.589078073089701
5756,0.5797,5,4,5,601656,3954,102287,5669,0.03662603282818926,0.5891094253351346
5757,0.5798,6,7,6,601663,3947,102293,5663,0.036561191596576385,0.5892819979188345
5758,0.5799,5,3,5,601666,3944,102298,5658,0.03653340249731372,0.5892522391168507
5759,0.58,4,6,4,601672,3938,102302,5654,0.036477824298788396,0.5894495412844036
5760,0.5801,8,4,8,601676,3934,102310,5646,0.03644077216643818,0.5893528183716075
5761,0.5802,3,3,3,601679,3931,102313,5643,0.03641298306717552,0.5894088155420931
5762,0.5803,1,7,1,601686,3924,102314,5642,0.03634814183556263,0.5897971984110391
5763,0.5804,7,1,7,601687,3923,102321,5635,0.036338878802475084,0.589558485038711
5764,0.5805,2,0,2,601687,3923,102323,5633,0.036338878802475084,0.5894725826705735
5765,0.5806,3,5,3,601692,3918,102326,5630,0.03629256363703731,0.5896522832006703
5766,0.5807,6,8,6,601700,3910,102332,5624,0.03621845937233688,0.5898888189637088
5767,0.5808,5,6,5,601706,3904,102337,5619,0.036162881173811556,0.5900451538380762
5768,0.5809,3,6,3,601712,3898,102340,5616,0.03610730297528623,0.5902879966365356
5769,0.581,5,1,5,601713,3897,102345,5611,0.03609803994219867,0.5901346234749685
5770,0.5811,5,4,5,601717,3893,102350,5606,0.036060987809848455,0.5901673860406359
5771,0.5812,3,1,3,601718,3892,102353,5603,0.036051724776760906,0.5901000526592943
5772,0.5813,4,1,4,601719,3891,102357,5599,0.03604246174367335,0.5899894625922023
5773,0.5814,8,3,8,601722,3888,102365,5591,0.03601467264441069,0.5898301508597953
5774,0.5815,0,6,0,601728,3882,102365,5591,0.03595909444588536,0.5902037369365565
5775,0.5816,4,2,4,601730,3880,102369,5587,0.035940568379710255,0.5901552762226682
5776,0.5817,3,4,3,601734,3876,102372,5584,0.03590351624736004,0.5902748414376321
5777,0.5818,3,4,3,601738,3872,102375,5581,0.03586646411500982,0.5903945837300328
5778,0.5819,6,5,6,601743,3867,102381,5575,0.03582014894957205,0.590446939207795
5779,0.582,4,3,4,601746,3864,102385,5571,0.03579235985030939,0.5904610492845787
5780,0.5821,4,6,4,601752,3858,102389,5567,0.03573678165178406,0.5906631299734748
5781,0.5822,2,7,2,601759,3851,102391,5565,0.03567194042017118,0.5910152931180969
5782,0.5823,3,2,3,601761,3849,102394,5562,0.03565341435399607,0.5910105196047178
5783,0.5824,6,4,6,601765,3845,102400,5556,0.03561636222164585,0.5910009573449633
5784,0.5825,4,5,4,601770,3840,102404,5552,0.03557004705620809,0.5911413969335605
5785,0.5826,3,8,3,601778,3832,102407,5549,0.035495942791507654,0.5915147638844472
5786,0.5827,6,2,6,601780,3830,102413,5543,0.03547741672533254,0.5913794942921157
5787,0.5828,3,2,3,601782,3828,102416,5540,0.03545889065915744,0.5913748932536294
5788,0.5829,5,5,5,601787,3823,102421,5535,0.035412575493719664,0.5914725368668519
5789,0.583,2,1,2,601788,3822,102423,5533,0.03540331246063211,0.5914484233030465
5790,0.5831,4,5,4,601793,3817,102427,5529,0.035356997295194335,0.5915899850203296
5791,0.5832,4,4,4,601797,3813,102431,5525,0.03531994516284412,0.5916684514885414
5792,0.5833,7,4,7,601801,3809,102438,5518,0.0352828930304939,0.591615739251635
5793,0.5834,4,2,4,601803,3807,102442,5514,0.0352643669643188,0.5915674283875121
5794,0.5835,4,0,4,601803,3807,102446,5510,0.0352643669643188,0.5913920789953848
5795,0.5836,7,0,7,601803,3807,102453,5503,0.0352643669643188,0.5910848549946295
5796,0.5837,4,7,4,601810,3800,102457,5499,0.03519952573270592,0.5913539090224755
5797,0.5838,3,1,3,601811,3799,102460,5496,0.03519026269961836,0.5912856374394836
5798,0.5839,5,3,5,601814,3796,102465,5491,0.0351624736003557,0.591256595240659
5799,0.584,3,6,3,601820,3790,102468,5488,0.035106895401830374,0.5915067902565208
5800,0.5841,4,3,4,601823,3787,102472,5484,0.03507910630256771,0.591521950167188
5801,0.5842,0,7,0,601830,3780,102472,5484,0.035014265070954835,0.5919689119170984
5802,0.5843,6,4,6,601834,3776,102478,5478,0.03497721293860462,0.5919602334125783
5803,0.5844,8,4,8,601838,3772,102486,5470,0.0349401608062544,0.5918632330664358
5804,0.5845,1,12,1,601850,3760,102487,5469,0.03482900440920375,0.5925885794777332
5805,0.5846,0,3,0,601853,3757,102487,5469,0.03480121530994109,0.5927812703230002
5806,0.5847,3,1,3,601854,3756,102490,5466,0.034791952276853534,0.5927130774235524
5807,0.5848,5,4,5,601858,3752,102495,5461,0.03475490014450332,0.592749375881906
5808,0.5849,2,5,2,601863,3747,102497,5459,0.034708584979065545,0.5929828372800348
5809,0.585,6,4,6,601867,3743,102503,5453,0.03467153284671533,0.5929752066115702
5810,0.5851,6,3,6,601870,3740,102509,5447,0.03464374374745267,0.5929030151300752
5811,0.5852,7,4,7,601874,3736,102516,5440,0.03460669161510245,0.5928509154315605
5812,0.5853,2,3,2,601877,3733,102518,5438,0.03457890251583979,0.5929560571366264
5813,0.5854,5,3,5,601880,3730,102523,5433,0.03455111341657712,0.5929280803230383
5814,0.5855,3,5,3,601885,3725,102526,5430,0.034504798251139356,0.5931185144729656
5815,0.5856,4,4,4,601889,3721,102530,5426,0.03446774611878914,0.5931999562698153
5816,0.5857,4,2,4,601891,3719,102534,5422,0.03444922005261403,0.5931517339459578
5817,0.5858,3,4,3,601895,3715,102537,5419,0.03441216792026381,0.5932778629297132
5818,0.5859,3,3,3,601898,3712,102540,5416,0.03438437882100115,0.5933391761612621
5819,0.586,4,4,4,601902,3708,102544,5412,0.03434732668865093,0.593421052631579
5820,0.5861,5,2,5,601904,3706,102549,5407,0.03432880062247582,0.5933282124437617
5821,0.5862,2,6,2,601910,3700,102551,5405,0.0342732224239505,0.5936298736957716
5822,0.5863,7,3,7,601913,3697,102558,5398,0.03424543332468784,0.5935129191863662
5823,0.5864,2,2,2,601915,3695,102560,5396,0.034226907258512726,0.5935540644593554
5824,0.5865,6,3,6,601918,3692,102566,5390,0.034199118159250065,0.5934816119797401
5825,0.5866,4,5,4,601923,3687,102570,5386,0.03415280299381229,0.5936294500165326
5826,0.5867,4,3,4,601926,3684,102574,5382,0.03412501389454963,0.5936465916611515
5827,0.5868,4,4,4,601930,3680,102578,5378,0.034087961762199415,0.5937293000662398
5828,0.5869,5,4,5,601934,3676,102583,5373,0.0340509096298492,0.5937672671013372
5829,0.587,6,4,6,601938,3672,102589,5367,0.03401385749749898,0.5937603717225357
5830,0.5871,4,3,4,601941,3669,102593,5363,0.03398606839823632,0.5937776793622674
5831,0.5872,8,2,8,601943,3667,102601,5355,0.03396754233206121,0.5935491021946353
5832,0.5873,6,1,6,601944,3666,102607,5349,0.03395827929897366,0.5933444259567388
5833,0.5874,4,6,4,601950,3660,102611,5345,0.03390270110044833,0.5935591338145475
5834,0.5875,4,2,4,601952,3658,102615,5341,0.033884175034273226,0.5935103900433382
5835,0.5876,6,7,6,601959,3651,102621,5335,0.03381933380266034,0.5937013131537948
5836,0.5877,2,6,2,601965,3645,102623,5333,0.03376375560413502,0.5940075740699488
5837,0.5878,3,4,3,601969,3641,102626,5330,0.0337267034717848,0.5941366625794225
5838,0.5879,3,6,3,601975,3635,102629,5327,0.033671125273259474,0.5943985717473779
5839,0.588,6,4,6,601979,3631,102635,5321,0.03363407314090926,0.5943923145665773
5840,0.5881,5,5,5,601984,3626,102640,5316,0.03358775797547149,0.5944978751957056
5841,0.5882,4,3,4,601987,3623,102644,5312,0.03355996887620882,0.5945159485170677
5842,0.5883,7,3,7,601990,3620,102651,5305,0.03353217977694616,0.5943977591036415
5843,0.5884,5,3,5,601993,3617,102656,5300,0.0335043906776835,0.5943703039138724
5844,0.5885,0,2,0,601995,3615,102656,5300,0.03348586461150839,0.5945036455412227
5845,0.5886,3,3,3,601998,3612,102659,5297,0.03345807551224573,0.5945672915029745
5846,0.5887,3,1,3,601999,3611,102662,5294,0.03344881247915817,0.5944974733295901
5847,0.5888,1,3,1,602002,3608,102663,5293,0.03342102337989551,0.5946522862599708
5848,0.5889,9,4,9,602006,3604,102672,5284,0.033383971247545295,0.5945094509450946
5849,0.589,1,3,1,602009,3601,102673,5283,0.033356182148282634,0.5946645655110311
5850,0.5891,4,4,4,602013,3597,102677,5279,0.03331913001593242,0.5947498873366381
5851,0.5892,3,4,3,602017,3593,102680,5276,0.0332820778835822,0.5948810463411884
5852,0.5893,4,3,4,602020,3590,102684,5272,0.03325428878431954,0.5948995712028887
5853,0.5894,7,3,7,602023,3587,102691,5265,0.03322649968505687,0.5947808404880253
5854,0.5895,3,3,3,602026,3584,102694,5262,0.03319871058579421,0.594845127741352
5855,0.5896,3,3,3,602029,3581,102697,5259,0.03317092148653155,0.5949095022624434
5856,0.5897,6,9,6,602038,3572,102703,5253,0.03308755418874356,0.5952407932011331
5857,0.5898,2,6,2,602044,3566,102705,5251,0.03303197599021824,0.5955540433253941
5858,0.5899,2,3,2,602047,3563,102707,5249,0.03300418689095557,0.5956650022696324
5859,0.59,4,4,4,602051,3559,102711,5245,0.03296713475860536,0.5957519309404816
5860,0.5901,4,1,4,602052,3558,102715,5241,0.032957871725517805,0.59563586771224
5861,0.5902,7,7,7,602059,3551,102722,5234,0.03289303049390493,0.5957882754695504
5862,0.5903,7,5,7,602064,3546,102729,5227,0.032846715328467155,0.5958053117519663
5863,0.5904,5,4,5,602068,3542,102734,5222,0.03280966319611694,0.5958466453674122
5864,0.5905,1,4,1,602072,3538,102735,5221,0.03277261106376672,0.5960726110286563
5865,0.5906,4,2,4,602074,3536,102739,5217,0.03275408499759161,0.5960242202673369
5866,0.5907,4,3,4,602077,3533,102743,5213,0.03272629589832895,0.5960439057855019
5867,0.5908,3,3,3,602080,3530,102746,5210,0.03269850679906629,0.5961098398169337
5868,0.5909,2,1,2,602081,3529,102748,5208,0.03268924376597873,0.59608561291061
5869,0.591,1,2,1,602083,3527,102749,5207,0.03267071769980363,0.5961758644378292
5870,0.5911,4,6,4,602089,3521,102753,5203,0.0326151395012783,0.5964007336084365
5871,0.5912,3,5,3,602094,3516,102756,5200,0.032568824335840525,0.596603946764571
5872,0.5913,4,2,4,602096,3514,102760,5196,0.03255029826966542,0.5965556831228473
5873,0.5914,2,2,2,602098,3512,102762,5194,0.03253177220349031,0.596600045945325
5874,0.5915,6,2,6,602100,3510,102768,5188,0.0325132461373152,0.596458956081858
5875,0.5916,2,2,2,602102,3508,102770,5186,0.03249472007114009,0.5965033356337704
5876,0.5917,6,3,6,602105,3505,102776,5180,0.03246693097187743,0.5964306275187105
5877,0.5918,5,6,5,602111,3499,102781,5175,0.03241135277335211,0.5966105602951349
5878,0.5919,5,5,5,602116,3494,102786,5170,0.032365037607914336,0.5967220683287165
5879,0.592,2,5,2,602121,3489,102788,5168,0.03231872244247656,0.5969735474182742
5880,0.5921,3,2,3,602123,3487,102791,5165,0.03230019637630146,0.5969717984281091
5881,0.5922,1,2,1,602125,3485,102792,5164,0.03228167031012635,0.5970632443057001
5882,0.5923,5,6,5,602131,3479,102797,5159,0.032226092111601025,0.5972447325769854
5883,0.5924,4,2,4,602133,3477,102801,5155,0.03220756604542591,0.5971964782205746
5884,0.5925,3,8,3,602141,3469,102804,5152,0.03213346178072548,0.5976104860225032
5885,0.5926,3,3,3,602144,3466,102807,5149,0.03210567268146282,0.5976784677887406
5886,0.5927,6,2,6,602146,3464,102813,5143,0.03208714661528771,0.5975368885790635
5887,0.5928,2,4,2,602150,3460,102815,5141,0.03205009448293749,0.5977211952098593
5888,0.5929,4,5,4,602155,3455,102819,5137,0.032003779317499724,0.5978817504655494
5889,0.593,8,5,8,602160,3450,102827,5129,0.03195746415206195,0.5978552278820375
5890,0.5931,6,5,6,602165,3445,102833,5123,0.03191114898662418,0.597922502334267
5891,0.5932,8,2,8,602167,3443,102841,5115,0.031892622920449074,0.5976863753213367
5892,0.5933,1,2,1,602169,3441,102842,5114,0.03187409685427396,0.5977790765634132
5893,0.5934,4,2,4,602171,3439,102846,5110,0.03185557078809886,0.5977307287402035
5894,0.5935,8,4,8,602175,3435,102854,5102,0.03181851865574864,0.5976338292140096
5895,0.5936,2,4,2,602179,3431,102856,5100,0.03178146652339842,0.5978197163286836
5896,0.5937,5,3,5,602182,3428,102861,5095,0.03175367742413576,0.5977942039188079
5897,0.5938,4,1,4,602183,3427,102865,5091,0.031744414391048206,0.597675510683259
5898,0.5939,0,6,0,602189,3421,102865,5091,0.03168883619252288,0.5980968045112782
5899,0.594,1,3,1,602192,3418,102866,5090,0.03166104709326022,0.5982604607428302
5900,0.5941,3,3,3,602195,3415,102869,5087,0.031633257993997556,0.5983298047518231
5901,0.5942,6,1,6,602196,3414,102875,5081,0.03162399496091,0.598116539140671
5902,0.5943,6,2,6,602198,3412,102881,5075,0.031605468894734895,0.5979733710380583
5903,0.5944,5,2,5,602200,3410,102886,5070,0.03158694282855978,0.597877358490566
5904,0.5945,4,5,4,602205,3405,102890,5066,0.03154062766312201,0.5980403730374217
5905,0.5946,2,1,2,602206,3404,102892,5064,0.03153136463003446,0.5980160604629192
5906,0.5947,6,7,6,602213,3397,102898,5058,0.03146652339842158,0.5982259018332348
5907,0.5948,3,2,3,602215,3395,102901,5055,0.03144799733224647,0.598224852071006
5908,0.5949,5,2,5,602217,3393,102906,5050,0.03142947126607136,0.5981286272651901
5909,0.595,3,1,3,602218,3392,102909,5047,0.03142020823298381,0.5980566417822016
5910,0.5951,6,2,6,602220,3390,102915,5041,0.0314016821668087,0.5979124658996561
5911,0.5952,3,1,3,602221,3389,102918,5038,0.03139241913372114,0.5978402753055655
5912,0.5953,2,6,2,602227,3383,102920,5036,0.03133684093519582,0.5981708041335075
5913,0.5954,1,3,1,602230,3380,102921,5035,0.03130905183593316,0.5983363042186571
5914,0.5955,3,5,3,602235,3375,102924,5032,0.03126273667049539,0.5985488283573213
5915,0.5956,3,5,3,602240,3370,102927,5029,0.031216421505057615,0.5987617573520657
5916,0.5957,4,2,4,602242,3368,102931,5025,0.031197895438882507,0.5987132133921125
5917,0.5958,2,4,2,602246,3364,102933,5023,0.03116084330653229,0.5989030642661262
5918,0.5959,1,5,1,602251,3359,102934,5022,0.03111452814109452,0.5992125044744064
5919,0.596,6,8,6,602259,3351,102940,5016,0.031040423876394087,0.5994980279670132
5920,0.5961,5,1,5,602260,3350,102945,5011,0.03103116084330653,0.5993302236574573
5921,0.5962,2,2,2,602262,3348,102947,5009,0.031012634777131422,0.5993777671413186
5922,0.5963,3,4,3,602266,3344,102950,5006,0.030975582644781206,0.5995209580838323
5923,0.5964,5,5,5,602271,3339,102955,5001,0.030929267479343436,0.5996402877697842
5924,0.5965,1,4,1,602275,3335,102956,5000,0.03089221534699322,0.5998800239952009
5925,0.5966,4,2,4,602277,3333,102960,4996,0.03087368928081811,0.5998319125945492
5926,0.5967,4,2,4,602279,3331,102964,4992,0.030855163214643003,0.599783731827466
5927,0.5968,3,2,3,602281,3329,102967,4989,0.030836637148467894,0.5997836018273623
5928,0.5969,2,1,2,602282,3328,102969,4987,0.030827374115380342,0.5997594708358388
5929,0.597,8,4,8,602286,3324,102977,4979,0.030790321983030125,0.5996627724918704
5930,0.5971,1,5,1,602291,3319,102978,4978,0.030744006817592352,0.5999758949017717
5931,0.5972,3,6,3,602297,3313,102981,4975,0.030688428619067027,0.600265444015444
5932,0.5973,7,3,7,602300,3310,102988,4968,0.030660639519804366,0.6001449625513409
5933,0.5974,3,4,3,602304,3306,102991,4965,0.03062358738745415,0.6002901704751542
5934,0.5975,3,5,3,602309,3301,102994,4962,0.030577272222016377,0.6005082899673242
5935,0.5976,1,3,1,602312,3298,102995,4961,0.030549483122753716,0.6006780481898535
5936,0.5977,4,5,4,602317,3293,102999,4957,0.030503167957315943,0.6008484848484849
5937,0.5978,5,3,5,602320,3290,103004,4952,0.030475378858053282,0.600825042465421
5938,0.5979,7,6,7,602326,3284,103011,4945,0.030419800659527957,0.6009235630088711
5939,0.598,5,1,5,602327,3283,103016,4940,0.0304105376264404,0.6007539827313633
5940,0.5981,9,5,9,602332,3278,103025,4931,0.03036422246100263,0.6006821780972104
5941,0.5982,8,1,8,602333,3277,103033,4923,0.030354959427915076,0.6003658536585366
5942,0.5983,0,4,0,602337,3273,103033,4923,0.03031790729556486,0.6006588579795022
5943,0.5984,5,3,5,602340,3270,103038,4918,0.030290118196302198,0.6006350757205667
5944,0.5985,3,4,3,602344,3266,103041,4915,0.03025306606395198,0.6007823004522674
5945,0.5986,2,2,2,602346,3264,103043,4913,0.030234539997776873,0.6008316008316008
5946,0.5987,5,2,5,602348,3262,103048,4908,0.030216013931601764,0.600734394124847
5947,0.5988,4,8,4,602356,3254,103052,4904,0.03014190966690133,0.6011277273841628
5948,0.5989,4,1,4,602357,3253,103056,4900,0.030132646633813775,0.6010057647491721
5949,0.599,1,4,1,602361,3249,103057,4899,0.030095594501463558,0.6012518409425626
5950,0.5991,8,3,8,602364,3246,103065,4891,0.030067805402200897,0.6010814796608086
5951,0.5992,5,4,5,602368,3242,103070,4886,0.03003075326985068,0.6011318897637795
5952,0.5993,0,5,0,602373,3237,103070,4886,0.029984438104412908,0.6015019081620091
5953,0.5994,4,5,4,602378,3232,103074,4882,0.029938122938975138,0.6016761153561745
5954,0.5995,3,4,3,602382,3228,103077,4879,0.02990107080662492,0.6018255828296534
5955,0.5996,4,6,4,602388,3222,103081,4875,0.029845492608099596,0.6020748425342719
5956,0.5997,6,5,6,602393,3217,103087,4869,0.029799177442661823,0.6021518674251793
5957,0.5998,2,3,2,602396,3214,103089,4867,0.029771388343399163,0.6022769459225343
5958,0.5999,3,2,3,602398,3212,103092,4864,0.029752862277224054,0.6022783556215948
5959,0.6,3,5,3,602403,3207,103095,4861,0.029706547111786285,0.6025037183936539
5960,0.6001,4,3,4,602406,3204,103099,4857,0.02967875801252362,0.6025307033866766
5961,0.6002,1,3,1,602409,3201,103100,4856,0.02965096891326096,0.6027057217326548
5962,0.6003,2,3,2,602412,3198,103102,4854,0.029623179813998295,0.6028315946348733
5963,0.6004,5,2,5,602414,3196,103107,4849,0.029604653747823187,0.6027346177750156
5964,0.6005,8,2,8,602416,3194,103115,4841,0.02958612768164808,0.6024891101431238
5965,0.6006,2,5,2,602421,3189,103117,4839,0.02953981251621031,0.6027653213751868
5966,0.6007,4,3,4,602424,3186,103121,4835,0.029512023416947645,0.6027926692432365
5967,0.6008,6,2,6,602426,3184,103127,4829,0.029493497350772536,0.6026457007363035
5968,0.6009,4,2,4,602428,3182,103131,4825,0.029474971284597428,0.6025977269888847
5969,0.601,1,4,1,602432,3178,103132,4824,0.02943791915224721,0.6028492876780804
5970,0.6011,4,3,4,602435,3175,103136,4820,0.02941013005298455,0.6028767979987493
5971,0.6012,6,1,6,602436,3174,103142,4814,0.029400867019896994,0.6026539809714572
5972,0.6013,6,5,6,602441,3169,103148,4808,0.029354551854459225,0.6027328569637709
5973,0.6014,4,3,4,602444,3166,103152,4804,0.02932676275519656,0.6027603513174404
5974,0.6015,1,6,1,602450,3160,103153,4803,0.029271184556671236,0.6031646364435514
5975,0.6016,4,7,4,602457,3153,103157,4799,0.029206343325058358,0.6034959758551308
5976,0.6017,6,2,6,602459,3151,103163,4793,0.02918781725888325,0.6033484390735147
5977,0.6018,6,3,6,602462,3148,103169,4787,0.029160028159620585,0.6032766225582861
5978,0.6019,5,4,5,602466,3144,103174,4782,0.02912297602727037,0.6033308099924299
5979,0.602,3,5,3,602471,3139,103177,4779,0.0290766608618326,0.6035615054306643
5980,0.6021,8,5,8,602476,3134,103185,4771,0.029030345696394826,0.6035420619860847
5981,0.6022,6,1,6,602477,3133,103191,4765,0.029021082663307274,0.6033172955178526
5982,0.6023,8,3,8,602480,3130,103199,4757,0.02899329356404461,0.603144414859896
5983,0.6024,5,3,5,602483,3127,103204,4752,0.02896550446478195,0.6031222236324406
5984,0.6025,3,1,3,602484,3126,103207,4749,0.028956241431694393,0.603047619047619
5985,0.6026,3,0,3,602484,3126,103210,4746,0.028956241431694393,0.6028963414634146
5986,0.6027,3,3,3,602487,3123,103213,4743,0.028928452332431732,0.602974828375286
5987,0.6028,6,2,6,602489,3121,103219,4737,0.028909926266256623,0.6028251463476711
5988,0.6029,1,2,1,602491,3119,103220,4736,0.028891400200081515,0.6029280712921706
5989,0.603,3,3,3,602494,3116,103223,4733,0.02886361110081885,0.6030067524525418
5990,0.6031,4,2,4,602496,3114,103227,4729,0.028845085034643742,0.6029580517659059
5991,0.6032,7,7,7,602503,3107,103234,4722,0.028780243803030865,0.6031421637501596
5992,0.6033,5,3,5,602506,3104,103239,4717,0.0287524547037682,0.6031198056514512
5993,0.6034,3,4,3,602510,3100,103242,4714,0.028715402571417987,0.6032761709751727
5994,0.6035,6,0,6,602510,3100,103248,4708,0.028715402571417987,0.6029713114754098
5995,0.6036,7,2,7,602512,3098,103255,4701,0.02869687650524288,0.602769585844339
5996,0.6037,2,3,2,602515,3095,103257,4699,0.028669087405980214,0.602899666410059
5997,0.6038,6,8,6,602523,3087,103263,4693,0.02859498314127978,0.6032133676092545
5998,0.6039,5,3,5,602526,3084,103268,4688,0.02856719404201712,0.6031909418425115
5999,0.604,1,3,1,602529,3081,103269,4687,0.028539404942754455,0.6033728115345005
6000,0.6041,2,1,2,602530,3080,103271,4685,0.028530141909666903,0.6033483580167418
6001,0.6042,2,3,2,602533,3077,103273,4683,0.02850235281040424,0.6034793814432989
6002,0.6043,8,2,8,602535,3075,103281,4675,0.02848382674422913,0.603225806451613
6003,0.6044,4,1,4,602536,3074,103285,4671,0.028474563711141578,0.603098773402195
6004,0.6045,4,1,4,602537,3073,103289,4667,0.02846530067805402,0.6029715762273902
6005,0.6046,5,2,5,602539,3071,103294,4662,0.028446774611878913,0.6028708133971292
6006,0.6047,2,1,2,602540,3070,103296,4660,0.02843751157879136,0.6028460543337646
6007,0.6048,4,3,4,602543,3067,103300,4656,0.028409722479528696,0.6028745306228149
6008,0.6049,3,4,3,602547,3063,103303,4653,0.02837267034717848,0.6030326594090202
6009,0.605,1,3,1,602550,3060,103304,4652,0.02834488124791582,0.6032157676348547
6010,0.6051,3,2,3,602552,3058,103307,4649,0.02832635518174071,0.6032178538990528
6011,0.6052,3,4,3,602556,3054,103310,4646,0.028289303049390493,0.6033766233766233
6012,0.6053,3,6,3,602562,3048,103313,4643,0.028233724850865168,0.603692627746717
6013,0.6054,5,3,5,602565,3045,103318,4638,0.028205935751602504,0.603670441233893
6014,0.6055,4,5,4,602570,3040,103322,4634,0.028159620586164735,0.6038571800886109
6015,0.6056,5,5,5,602575,3035,103327,4629,0.028113305420726962,0.6039926931106472
6016,0.6057,1,3,1,602578,3032,103328,4628,0.0280855163214643,0.604177545691906
6017,0.6058,3,2,3,602580,3030,103331,4625,0.028066990255289193,0.6041802743305029
6018,0.6059,1,3,1,602583,3027,103332,4624,0.028039201156026528,0.6043654424258267
6019,0.606,3,4,3,602587,3023,103335,4621,0.02800214902367631,0.6045264259549974
6020,0.6061,5,1,5,602588,3022,103340,4616,0.02799288599058876,0.6043466876145588
6021,0.6062,2,6,2,602594,3016,103342,4614,0.027937307792063434,0.6047182175622543
6022,0.6063,2,5,2,602599,3011,103344,4612,0.02789099262662566,0.6050111504656959
6023,0.6064,3,5,3,602604,3006,103347,4609,0.02784467746118789,0.605252790544977
6024,0.6065,3,6,3,602610,3000,103350,4606,0.027789099262662566,0.6055745464107284
6025,0.6066,4,2,4,602612,2998,103354,4602,0.027770573196487458,0.6055263157894737
6026,0.6067,0,4,0,602616,2994,103354,4602,0.02773352106413724,0.6058451816745656
6027,0.6068,5,2,5,602618,2992,103359,4597,0.027714994997962133,0.6057451574647517
6028,0.6069,4,3,4,602621,2989,103363,4593,0.02768720589869947,0.6057768398839356
6029,0.607,2,1,2,602622,2988,103365,4591,0.027677942865611916,0.6057527378282095
6030,0.6071,3,4,3,602626,2984,103368,4588,0.0276408907332617,0.6059165346011621
6031,0.6072,2,4,2,602630,2980,103370,4586,0.027603838600911482,0.606132698916204
6032,0.6073,4,1,4,602631,2979,103374,4582,0.02759457556782393,0.6060044967596879
6033,0.6074,0,1,0,602632,2978,103374,4582,0.027585312534736374,0.6060846560846561
6034,0.6075,4,3,4,602635,2975,103378,4578,0.027557523435473713,0.6061167747914736
6035,0.6076,3,2,3,602637,2973,103381,4575,0.027538997369298605,0.606120826709062
6036,0.6077,2,3,2,602640,2970,103383,4573,0.02751120827003594,0.6062574572451279
6037,0.6078,5,8,5,602648,2962,103388,4568,0.027437104005335507,0.6066401062416998
6038,0.6079,3,0,3,602648,2962,103391,4565,0.027437104005335507,0.6064833266905806
6039,0.608,1,6,1,602654,2956,103392,4564,0.02738152580681018,0.6069148936170212
6040,0.6081,2,5,2,602659,2951,103394,4562,0.027335210641372412,0.6072141621189937
6041,0.6082,6,2,6,602661,2949,103400,4556,0.027316684575197304,0.6070619586942039
6042,0.6083,6,1,6,602662,2948,103406,4550,0.027307421542109748,0.6068284875966925
6043,0.6084,1,2,1,602664,2946,103407,4549,0.02728889547593464,0.6069379586390927
6044,0.6085,5,3,5,602667,2943,103412,4544,0.02726110637667198,0.6069186590089488
6045,0.6086,1,1,1,602668,2942,103413,4543,0.027251843343584423,0.6069472277889112
6046,0.6087,1,4,1,602672,2938,103414,4542,0.027214791211234206,0.6072192513368984
6047,0.6088,3,6,3,602678,2932,103417,4539,0.02715921301270888,0.6075491902021148
6048,0.6089,1,2,1,602680,2930,103418,4538,0.027140686946533772,0.6076593465452598
6049,0.609,5,3,5,602683,2927,103423,4533,0.02711289784727111,0.6076407506702413
6050,0.6091,4,2,4,602685,2925,103427,4529,0.027094371781096003,0.6075932385296485
6051,0.6092,4,2,4,602687,2923,103431,4525,0.027075845714920894,0.6075456498388829
6052,0.6093,6,2,6,602689,2921,103437,4519,0.027057319648745786,0.6073924731182796
6053,0.6094,5,4,5,602693,2917,103442,4514,0.02702026751639557,0.6074552550127843
6054,0.6095,0,6,0,602699,2911,103442,4514,0.026964689317870244,0.6079461279461279
6055,0.6096,3,2,3,602701,2909,103445,4511,0.026946163251695136,0.6079514824797844
6056,0.6097,3,6,3,602707,2903,103448,4508,0.02689058505316981,0.6082849817838348
6057,0.6098,2,2,2,602709,2901,103450,4506,0.026872058986994702,0.608343458890239
6058,0.6099,3,5,3,602714,2896,103453,4503,0.02682574382155693,0.608595756183268
6059,0.61,3,2,3,602716,2894,103456,4500,0.02680721775538182,0.6086015688395997
6060,0.6101,5,2,5,602718,2892,103461,4495,0.026788691689206712,0.608501421416001
6061,0.6102,5,1,5,602719,2891,103466,4490,0.02677942865611916,0.608318656008671
6062,0.6103,2,3,2,602722,2888,103468,4488,0.026751639556856496,0.6084598698481561
6063,0.6104,4,4,4,602726,2884,103472,4484,0.02671458742450628,0.6085776330076005
6064,0.6105,1,4,1,602730,2880,103473,4483,0.026677535292156062,0.6088550862420209
6065,0.6106,4,1,4,602731,2879,103477,4479,0.02666827225906851,0.6087251970644196
6066,0.6107,3,6,3,602737,2873,103480,4476,0.026612694060543184,0.6090624574772078
6067,0.6108,3,2,3,602739,2871,103483,4473,0.026594167994368076,0.6090686274509803
6068,0.6109,4,3,4,602742,2868,103487,4469,0.026566378895105415,0.609104538639771
6069,0.611,2,2,2,602744,2866,103489,4467,0.026547852828930307,0.609164052911496
6070,0.6111,0,5,0,602749,2861,103489,4467,0.026501537663492534,0.6095796943231441
6071,0.6112,4,3,4,602752,2858,103493,4463,0.026473748564229873,0.609616172654009
6072,0.6113,3,2,3,602754,2856,103496,4460,0.026455222498054765,0.6096227446692182
6073,0.6114,4,6,4,602760,2850,103500,4456,0.02639964429952944,0.6099096632904462
6074,0.6115,1,4,1,602764,2846,103501,4455,0.026362592167179223,0.6101903848787837
6075,0.6116,5,4,5,602768,2842,103506,4450,0.026325540034829006,0.6102578167855184
6076,0.6117,6,2,6,602770,2840,103512,4444,0.026307013968653897,0.6101043382756727
6077,0.6118,3,4,3,602774,2836,103515,4441,0.02626996183630368,0.6102789611103476
6078,0.6119,4,4,4,602778,2832,103519,4437,0.026232909703953464,0.6104003301692117
6079,0.612,3,4,3,602782,2828,103522,4434,0.026195857571603247,0.6105755990085376
6080,0.6121,2,2,2,602784,2826,103524,4432,0.02617733150542814,0.6106365389914578
6081,0.6122,5,4,5,602788,2822,103529,4427,0.02614027937307792,0.6107049248172162
6082,0.6123,3,3,3,602791,2819,103532,4424,0.026112490273815257,0.6107966312301533
6083,0.6124,8,2,8,602793,2817,103540,4416,0.02609396420764015,0.6105350476980506
6084,0.6125,7,4,7,602797,2813,103547,4409,0.026056912075289932,0.6104957075602326
6085,0.6126,2,3,2,602800,2810,103549,4407,0.02602912297602727,0.6106415408064293
6086,0.6127,3,5,3,602805,2805,103552,4404,0.0259828078105895,0.61090303786933
6087,0.6128,4,6,4,602811,2799,103556,4400,0.025927229612064173,0.6111959994443673
6088,0.6129,4,5,4,602816,2794,103560,4396,0.025880914446626404,0.6114047287899861
6089,0.613,2,4,2,602820,2790,103562,4394,0.025843862314276187,0.6116369710467706
6090,0.6131,4,2,4,602822,2788,103566,4390,0.02582533624810108,0.6115909724157147
6091,0.6132,2,3,2,602825,2785,103568,4388,0.025797547148838414,0.6117384636832567
6092,0.6133,1,3,1,602828,2782,103569,4387,0.025769758049575753,0.6119402985074627
6093,0.6134,5,0,5,602828,2782,103574,4382,0.025769758049575753,0.6116694584031267
6094,0.6135,8,0,8,602828,2782,103582,4374,0.025769758049575753,0.6112353269983231
6095,0.6136,1,5,1,602833,2777,103583,4373,0.02572344288413798,0.6116083916083916
6096,0.6137,6,2,6,602835,2775,103589,4367,0.025704916817962872,0.6114533744049286
6097,0.6138,6,1,6,602836,2774,103595,4361,0.02569565378487532,0.6112123335669236
6098,0.6139,2,4,2,602840,2770,103597,4359,0.025658601652525103,0.6114462056389396
6099,0.614,6,3,6,602843,2767,103603,4353,0.02563081255326244,0.611376404494382
6100,0.6141,2,4,2,602847,2763,103605,4351,0.025593760420912222,0.6116109080685971
6101,0.6142,0,1,0,602848,2762,103605,4351,0.02558449738782467,0.6116968930127935
6102,0.6143,1,2,1,602850,2760,103606,4350,0.02556597132164956,0.6118143459915611
6103,0.6144,4,4,4,602854,2756,103610,4346,0.025528919189299344,0.6119402985074627
6104,0.6145,4,1,4,602855,2755,103614,4342,0.02551965615621179,0.61180780611526
6105,0.6146,4,3,4,602858,2752,103618,4338,0.025491867056949127,0.6118476727785613
6106,0.6147,3,4,3,602862,2748,103621,4335,0.02545481492459891,0.6120288013553579
6107,0.6148,6,3,6,602865,2745,103627,4329,0.02542702582533625,0.6119592875318066
6108,0.6149,6,0,6,602865,2745,103633,4323,0.02542702582533625,0.6116298811544991
6109,0.615,4,5,4,602870,2740,103637,4319,0.025380710659898477,0.6118430372574019
6110,0.6151,5,3,5,602873,2737,103642,4314,0.025352921560635816,0.6118281094880159
6111,0.6152,2,6,2,602879,2731,103644,4312,0.02529734336211049,0.6122391026551186
6112,0.6153,1,7,1,602886,2724,103645,4311,0.02523250213049761,0.6127931769722814
6113,0.6154,0,2,0,602888,2722,103645,4311,0.0252139760643225,0.6129674392151286
6114,0.6155,2,3,2,602891,2719,103647,4309,0.02518618696505984,0.613118952760387
6115,0.6156,4,5,4,602896,2714,103651,4305,0.025139871799622068,0.6133352329391651
6116,0.6157,2,7,2,602903,2707,103653,4303,0.02507503056800919,0.6138373751783167
6117,0.6158,3,4,3,602907,2703,103656,4300,0.025037978435658973,0.6140225617592461
6118,0.6159,3,1,3,602908,2702,103659,4297,0.025028715402571417,0.6139448492641806
6119,0.616,1,4,1,602912,2698,103660,4296,0.0249916632702212,0.614240777809551
6120,0.6161,5,2,5,602914,2696,103665,4291,0.024973137204046092,0.6141405467296408
6121,0.6162,4,3,4,602917,2693,103669,4287,0.02494534810478343,0.6141833810888252
6122,0.6163,3,2,3,602919,2691,103672,4284,0.024926822038608323,0.6141935483870967
6123,0.6164,8,3,8,602922,2688,103680,4276,0.02489903293934566,0.614014933946008
6124,0.6165,8,4,8,602926,2684,103688,4268,0.02486198080699544,0.6139240506329114
6125,0.6166,3,4,3,602930,2680,103691,4265,0.024824928674645225,0.6141108711303096
6126,0.6167,1,3,1,602933,2677,103692,4264,0.024797139575382564,0.6143207030687221
6127,0.6168,4,3,4,602936,2674,103696,4260,0.0247693504761199,0.6143640034612057
6128,0.6169,4,4,4,602940,2670,103700,4256,0.024732298343769683,0.6144961016459717
6129,0.617,4,1,4,602941,2669,103704,4252,0.02472303531068213,0.6143620864036989
6130,0.6171,1,2,1,602943,2667,103705,4251,0.024704509244507022,0.6144839549002602
6131,0.6172,5,3,5,602946,2664,103710,4246,0.024676720145244357,0.6144717800289435
6132,0.6173,4,2,4,602948,2662,103714,4242,0.02465819407906925,0.6144264194669756
6133,0.6174,1,7,1,602955,2655,103715,4241,0.02459335284745637,0.6149941995359629
6134,0.6175,6,6,6,602961,2649,103721,4235,0.024537774648931046,0.6151946542707728
6135,0.6176,4,2,4,602963,2647,103725,4231,0.024519248582755938,0.6151497528351265
6136,0.6177,6,2,6,602965,2645,103731,4225,0.02450072251658083,0.6149927219796215
6137,0.6178,3,1,3,602966,2644,103734,4222,0.024491459483493273,0.6149140693271191
6138,0.6179,2,2,2,602968,2642,103736,4220,0.024472933417318165,0.6149810550859808
6139,0.618,1,4,1,602972,2638,103737,4219,0.02443588128496795,0.6152836517427447
6140,0.6181,2,2,2,602974,2636,103739,4217,0.024417355218792843,0.6153509411936379
6141,0.6182,1,3,1,602977,2633,103740,4216,0.02438956611953018,0.6155643159585341
6142,0.6183,3,5,3,602982,2628,103743,4213,0.02434325095409241,0.6158456366028359
6143,0.6184,2,3,2,602985,2625,103745,4211,0.024315461854829745,0.6160035108250439
6144,0.6185,5,2,5,602987,2623,103750,4206,0.024296935788654637,0.6159027676087275
6145,0.6186,4,4,4,602991,2619,103754,4202,0.02425988365630442,0.6160387040023457
6146,0.6187,6,3,6,602994,2616,103760,4196,0.02423209455704176,0.6159718144450969
6147,0.6188,1,6,1,603000,2610,103761,4195,0.024176516358516434,0.6164584864070536
6148,0.6189,4,2,4,603002,2608,103765,4191,0.024157990292341325,0.6164141785556699
6149,0.619,6,6,6,603008,2602,103771,4185,0.024102412093816,0.6166200088404302
6150,0.6191,2,1,2,603009,2601,103773,4183,0.024093149060728444,0.6165978773584906
6151,0.6192,3,4,3,603013,2597,103776,4180,0.024056096928378227,0.6167920908956765
6152,0.6193,3,2,3,603015,2595,103779,4177,0.02403757086220312,0.6168044890726521
6153,0.6194,3,1,3,603016,2594,103782,4174,0.024028307829115567,0.616725768321513
6154,0.6195,3,3,3,603019,2591,103785,4171,0.024000518729852902,0.6168293404318249
6155,0.6196,6,1,6,603020,2590,103791,4165,0.02399125569676535,0.616580310880829
6156,0.6197,5,1,5,603021,2589,103796,4160,0.023981992663677794,0.6163876129797007
6157,0.6198,2,4,2,603025,2585,103798,4158,0.023944940531327577,0.6166394779771615
6158,0.6199,2,6,2,603031,2579,103800,4156,0.023889362332802252,0.6170749814402375
6159,0.62,2,2,2,603033,2577,103802,4154,0.023870836266627143,0.617144555043827
6160,0.6201,4,4,4,603037,2573,103806,4150,0.023833784134276927,0.6172839506172839
6161,0.6202,5,1,5,603038,2572,103811,4145,0.023824521101189374,0.6170909632276314
6162,0.6203,5,7,5,603045,2565,103816,4140,0.023759679869576493,0.6174496644295302
6163,0.6204,1,1,1,603046,2564,103817,4139,0.02375041683648894,0.6174847083395495
6164,0.6205,5,2,5,603048,2562,103822,4134,0.023731890770313832,0.6173835125448028
6165,0.6206,2,1,2,603049,2561,103824,4132,0.023722627737226276,0.6173614223815928
6166,0.6207,6,3,6,603052,2558,103830,4126,0.023694838637963615,0.6172950329144224
6167,0.6208,1,1,1,603053,2557,103831,4125,0.02368557560487606,0.6173301406764442
6168,0.6209,4,2,4,603055,2555,103835,4121,0.02366704953870095,0.6172857998801677
6169,0.621,3,3,3,603058,2552,103838,4118,0.02363926043943829,0.6173913043478261
6170,0.6211,1,3,1,603061,2549,103839,4117,0.023611471340175626,0.6176117611761176
6171,0.6212,2,4,2,603065,2545,103841,4115,0.02357441920782541,0.6178678678678678
6172,0.6213,5,0,5,603065,2545,103846,4110,0.02357441920782541,0.6175807663410969
6173,0.6214,4,3,4,603068,2542,103850,4106,0.023546630108562748,0.6176293622141997
6174,0.6215,5,2,5,603070,2540,103855,4101,0.02352810404238764,0.6175274808010842
6175,0.6216,2,2,2,603072,2538,103857,4099,0.02350957797621253,0.6175983124905831
6176,0.6217,5,2,5,603074,2536,103862,4094,0.023491051910037423,0.6174962292609352
6177,0.6218,11,4,11,603078,2532,103873,4083,0.023453999777687206,0.617233560090703
6178,0.6219,2,4,2,603082,2528,103875,4081,0.02341694764533699,0.6174912997427751
6179,0.622,2,6,2,603088,2522,103877,4079,0.023361369446811664,0.6179366762611725
6180,0.6221,6,3,6,603091,2519,103883,4073,0.023333580347549003,0.617870145631068
6181,0.6222,2,2,2,603093,2517,103885,4071,0.023315054281373895,0.6179417122040073
6182,0.6223,4,2,4,603095,2515,103889,4067,0.023296528215198786,0.6178972956548162
6183,0.6224,2,1,2,603096,2514,103891,4065,0.02328726518211123,0.617875056999544
6184,0.6225,0,4,0,603100,2510,103891,4065,0.023250213049761013,0.6182509505703422
6185,0.6226,5,3,5,603103,2507,103896,4060,0.023222423950498353,0.6182427287954926
6186,0.6227,5,0,5,603103,2507,103901,4055,0.023222423950498353,0.6179518439500152
6187,0.6228,1,2,1,603105,2505,103902,4054,0.023203897884323244,0.6180820246988871
6188,0.6229,2,2,2,603107,2503,103904,4052,0.023185371818148136,0.6181540808543097
6189,0.623,2,6,2,603113,2497,103906,4050,0.02312979361962281,0.618603940736215
6190,0.6231,2,4,2,603117,2493,103908,4048,0.023092741487272594,0.6188656168781532
6191,0.6232,6,1,6,603118,2492,103914,4042,0.023083478454185038,0.6186103458830732
6192,0.6233,1,6,1,603124,2486,103915,4041,0.023027900255659713,0.619120576068638
6193,0.6234,1,2,1,603126,2484,103916,4040,0.023009374189484604,0.6192519926425506
6194,0.6235,5,3,5,603129,2481,103921,4035,0.022981585090221943,0.6192449355432781
6195,0.6236,8,6,8,603135,2475,103929,4027,0.022926006891696618,0.6193478929560136
6196,0.6237,8,3,8,603138,2472,103937,4019,0.022898217792433954,0.619164997689108
6197,0.6238,3,4,3,603142,2468,103940,4016,0.022861165660083737,0.6193707587908698
6198,0.6239,2,2,2,603144,2466,103942,4014,0.02284263959390863,0.6194444444444445
6199,0.624,3,3,3,603147,2463,103945,4011,0.022814850494645968,0.6195551436515292
6200,0.6241,4,0,4,603147,2463,103949,4007,0.022814850494645968,0.6193199381761978
6201,0.6242,4,2,4,603149,2461,103953,4003,0.02279632442847086,0.6192759900990099
6202,0.6243,4,4,4,603153,2457,103957,3999,0.022759272296120642,0.6194237918215614
6203,0.6244,3,2,3,603155,2455,103960,3996,0.022740746229945534,0.6194388466904356
6204,0.6245,3,4,3,603159,2451,103963,3993,0.022703694097595317,0.6196461824953445
6205,0.6246,3,3,3,603162,2448,103966,3990,0.022675904998332653,0.6197576887232059
6206,0.6247,2,5,2,603167,2443,103968,3988,0.022629589832894884,0.620121287513606
6207,0.6248,2,3,2,603170,2440,103970,3986,0.02260180073363222,0.6202925614690321
6208,0.6249,4,2,4,603172,2438,103974,3982,0.02258327466745711,0.6202492211838007
6209,0.625,2,4,2,603176,2434,103976,3980,0.022546222535106894,0.6205176177112566
6210,0.6251,2,3,2,603179,2431,103978,3978,0.022518433435844233,0.6206896551724138
6211,0.6252,6,2,6,603181,2429,103984,3972,0.022499907369669125,0.6205280424933605
6212,0.6253,2,4,2,603185,2425,103986,3970,0.022462855237318908,0.6207974980453479
6213,0.6254,2,1,2,603186,2424,103988,3968,0.022453592204231352,0.6207759699624531
6214,0.6255,5,6,5,603192,2418,103993,3963,0.022398014005706027,0.6210625293841091
6215,0.6256,5,3,5,603195,2415,103998,3958,0.022370224906443366,0.6210575866938648
6216,0.6257,4,4,4,603199,2411,104002,3954,0.02233317277409315,0.621209740769835
6217,0.6258,4,6,4,603205,2405,104006,3950,0.022277594575567824,0.6215578284815106
6218,0.6259,6,6,6,603211,2399,104012,3944,0.0222220163770425,0.6217877975721268
6219,0.626,2,6,2,603217,2393,104014,3942,0.022166438178517173,0.6222573007103394
6220,0.6261,3,3,3,603220,2390,104017,3939,0.022138649079254513,0.622373202717649
6221,0.6262,1,1,1,603221,2389,104018,3938,0.022129386046166957,0.6224118855697803
6222,0.6263,3,0,3,603221,2389,104021,3935,0.022129386046166957,0.6222327640733712
6223,0.6264,2,0,2,603221,2389,104023,3933,0.022129386046166957,0.622113255298956
6224,0.6265,3,2,3,603223,2387,104026,3930,0.022110859979991848,0.6221307582713314
6225,0.6266,3,1,3,603224,2386,104029,3927,0.022101596946904296,0.6220497386345636
6226,0.6267,4,1,4,603225,2385,104033,3923,0.02209233391381674,0.6219086873811034
6227,0.6268,6,5,6,603230,2380,104039,3917,0.02204601874837897,0.6220422423376211
6228,0.6269,3,3,3,603233,2377,104042,3914,0.022018229649116306,0.6221586393260213
6229,0.627,2,0,2,603233,2377,104044,3912,0.022018229649116306,0.6220384798855144
6230,0.6271,5,1,5,603234,2376,104049,3907,0.022008966616028754,0.6218367022123189
6231,0.6272,3,4,3,603238,2372,104052,3904,0.021971914483678537,0.6220522625876355
6232,0.6273,4,3,4,603241,2369,104056,3900,0.021944125384415872,0.622108789280587
6233,0.6274,1,2,1,603243,2367,104057,3899,0.021925599318240764,0.6222470475582509
6234,0.6275,5,1,5,603244,2366,104062,3894,0.02191633628515321,0.6220447284345048
6235,0.6276,1,0,1,603244,2366,104063,3893,0.02191633628515321,0.6219843425467327
6236,0.6277,4,3,4,603247,2363,104067,3889,0.021888547185890547,0.622040946896993
6237,0.6278,2,6,2,603253,2357,104069,3887,0.021832968987365222,0.6225176169122357
6238,0.6279,2,3,2,603256,2354,104071,3885,0.02180517988810256,0.6226959448629588
6239,0.628,4,3,4,603259,2351,104075,3881,0.021777390788839897,0.6227535301668806
6240,0.6281,5,3,5,603262,2348,104080,3876,0.021749601689577236,0.6227506426735219
6241,0.6282,4,3,4,603265,2345,104084,3872,0.02172181259031457,0.6228084285024932
6242,0.6283,6,3,6,603268,2342,104090,3866,0.02169402349105191,0.6227448453608248
6243,0.6284,1,3,1,603271,2339,104091,3865,0.021666234391789246,0.6229851708575113
6244,0.6285,4,0,4,603271,2339,104095,3861,0.021666234391789246,0.622741935483871
6245,0.6286,3,4,3,603275,2335,104098,3858,0.02162918225943903,0.622961408041337
6246,0.6287,4,3,4,603278,2332,104102,3854,0.02160139316017637,0.6230197219527966
6247,0.6288,2,3,2,603281,2329,104104,3852,0.021573604060913704,0.623200129428895
6248,0.6289,1,5,1,603286,2324,104105,3851,0.021527288895475935,0.6236437246963563
6249,0.629,1,5,1,603291,2319,104106,3850,0.021480973730038162,0.6240881828497326
6250,0.6291,5,1,5,603292,2318,104111,3845,0.02147171069695061,0.6238844718481259
6251,0.6292,4,3,4,603295,2315,104115,3841,0.021443921597687945,0.6239441195581547
6252,0.6293,2,2,2,603297,2313,104117,3839,0.021425395531512837,0.6240247074122237
6253,0.6294,1,3,1,603300,2310,104118,3838,0.021397606432250176,0.6242680546519194
6254,0.6295,6,4,6,603304,2306,104124,3832,0.02136055429989996,0.6243075920495276
6255,0.6296,4,4,4,603308,2302,104128,3828,0.021323502167549743,0.6244698205546493
6256,0.6297,2,2,2,603310,2300,104130,3826,0.021304976101374634,0.6245510936989879
6257,0.6298,3,4,3,603314,2296,104133,3823,0.021267923969024417,0.6247752900800785
6258,0.6299,3,4,3,603318,2292,104136,3820,0.0212308718366742,0.625
6259,0.63,2,2,2,603320,2290,104138,3818,0.021212345770499092,0.6250818598559267
6260,0.6301,2,1,2,603321,2289,104140,3816,0.02120308273741154,0.625061425061425
6261,0.6302,2,8,2,603329,2281,104142,3814,0.021128978472711106,0.6257588187038556
6262,0.6303,4,1,4,603330,2280,104146,3810,0.02111971543962355,0.625615763546798
6263,0.6304,2,2,2,603332,2278,104148,3808,0.02110118937344844,0.6256983240223464
6264,0.6305,4,4,4,603336,2274,104152,3804,0.021064137241098225,0.6258637709772952
6265,0.6306,3,2,3,603338,2272,104155,3801,0.021045611174923116,0.6258850650419892
6266,0.6307,3,2,3,603340,2270,104158,3798,0.021027085108748008,0.6259063941990771
6267,0.6308,4,4,4,603344,2266,104162,3794,0.02099003297639779,0.6260726072607261
6268,0.6309,5,4,5,603348,2262,104167,3789,0.020952980844047574,0.6261774913237481
6269,0.631,4,3,4,603351,2259,104171,3785,0.020925191744784914,0.6262409000661814
6270,0.6311,1,1,1,603352,2258,104172,3784,0.020915928711697358,0.6262826878517047
6271,0.6312,1,3,1,603355,2255,104173,3783,0.020888139612434697,0.6265319642265651
6272,0.6313,4,0,4,603355,2255,104177,3779,0.020888139612434697,0.6262843884653629
6273,0.6314,2,6,2,603361,2249,104179,3777,0.02083256141390937,0.6267839362761367
6274,0.6315,1,1,1,603362,2248,104180,3776,0.020823298380821816,0.6268260292164675
6275,0.6316,2,4,2,603366,2244,104182,3774,0.0207862462484716,0.6271186440677966
6276,0.6317,4,1,4,603367,2243,104186,3770,0.020776983215384046,0.626974887743223
6277,0.6318,0,4,0,603371,2239,104186,3770,0.02073993108303383,0.6273922449658845
6278,0.6319,0,3,0,603374,2236,104186,3770,0.020712141983771165,0.6277056277056277
6279,0.632,5,3,5,603377,2233,104191,3765,0.020684352884508504,0.6277092364121374
6280,0.6321,3,1,3,603378,2232,104194,3762,0.02067508985142095,0.6276276276276276
6281,0.6322,6,3,6,603381,2229,104200,3756,0.020647300752158287,0.6275689223057644
6282,0.6323,2,2,2,603383,2227,104202,3754,0.02062877468598318,0.6276542384216686
6283,0.6324,2,2,2,603385,2225,104204,3752,0.02061024861980807,0.6277396687301322
6284,0.6325,4,7,4,603392,2218,104208,3748,0.02054540738819519,0.6282266174991619
6285,0.6326,4,1,4,603393,2217,104212,3744,0.020536144355107637,0.6280825364871666
6286,0.6327,1,1,1,603394,2216,104213,3743,0.02052688132202008,0.6281255244168484
6287,0.6328,2,2,2,603396,2214,104215,3741,0.020508355255844973,0.6282115869017633
6288,0.6329,6,1,6,603397,2213,104221,3735,0.02049909222275742,0.6279421654337592
6289,0.633,5,1,5,603398,2212,104226,3730,0.020489829189669864,0.6277347694378997
6290,0.6331,3,4,3,603402,2208,104229,3727,0.020452777057319647,0.6279696714406066
6291,0.6332,4,3,4,603405,2205,104233,3723,0.020424987958056987,0.6280364372469636
6292,0.6333,5,3,5,603408,2202,104238,3718,0.020397198858794322,0.6280405405405406
6293,0.6334,1,2,1,603410,2200,104239,3717,0.020378672792619214,0.6281899611289505
6294,0.6335,2,0,2,603410,2200,104241,3715,0.020378672792619214,0.6280642434488588
6295,0.6336,4,1,4,603411,2199,104245,3711,0.02036940975953166,0.6279187817258883
6296,0.6337,3,3,3,603414,2196,104248,3708,0.020341620660268997,0.6280487804878049
6297,0.6338,1,2,1,603416,2194,104249,3707,0.02032309459409389,0.6281986104050161
6298,0.6339,3,3,3,603419,2191,104252,3704,0.020295305494831228,0.6283290924512298
6299,0.634,3,1,3,603420,2190,104255,3701,0.02028604246174367,0.6282464776778136
6300,0.6341,6,1,6,603421,2189,104261,3695,0.02027677942865612,0.6279741672331747
6301,0.6342,3,1,3,603422,2188,104264,3692,0.020267516395568563,0.6278911564625851
6302,0.6343,2,1,2,603423,2187,104266,3690,0.02025825336248101,0.6278713629402757
6303,0.6344,2,4,2,603427,2183,104268,3688,0.020221201230130794,0.628172372679271
6304,0.6345,1,1,1,603428,2182,104269,3687,0.02021193819704324,0.6282160504344863
6305,0.6346,3,2,3,603430,2180,104272,3684,0.020193412130868133,0.6282401091405184
6306,0.6347,1,5,1,603435,2175,104273,3683,0.02014709696543036,0.6287128712871287
6307,0.6348,6,4,6,603439,2171,104279,3677,0.020110044833080144,0.6287619699042407
6308,0.6349,1,1,1,603440,2170,104280,3676,0.02010078179999259,0.6288060212110845
6309,0.635,2,3,2,603443,2167,104282,3674,0.020072992700729927,0.6290018832391714
6310,0.6351,4,3,4,603446,2164,104286,3670,0.020045203601467266,0.6290709633184779
6311,0.6352,1,5,1,603451,2159,104287,3669,0.019998888436029493,0.6295470144131777
6312,0.6353,2,3,2,603454,2156,104289,3667,0.019971099336766832,0.6297441181521553
6313,0.6354,1,1,1,603455,2155,104290,3666,0.019961836303679276,0.6297886961003264
6314,0.6355,2,4,2,603459,2151,104292,3664,0.01992478417132906,0.6300945829750645
6315,0.6356,4,3,4,603462,2148,104296,3660,0.0198969950720664,0.6301652892561983
6316,0.6357,3,1,3,603463,2147,104299,3657,0.019887732038978843,0.6300827015851137
6317,0.6359,2,1,2,603464,2146,104301,3655,0.01987846900589129,0.6300637821065334
6318,0.636,4,4,4,603468,2142,104305,3651,0.019841416873541073,0.6302433972035215
6319,0.6361,4,1,4,603469,2141,104309,3647,0.019832153840453517,0.6300967519004838
6320,0.6362,1,2,1,603471,2139,104310,3646,0.01981362777427841,0.6302506482281763
6321,0.6363,2,5,2,603476,2134,104312,3644,0.01976731260884064,0.6306680512287989
6322,0.6364,3,2,3,603478,2132,104315,3641,0.01974878654266553,0.630694612852936
6323,0.6365,2,1,2,603479,2131,104317,3639,0.019739523509577975,0.6306759098786828
6324,0.6366,3,4,3,603483,2127,104320,3636,0.01970247137722776,0.6309213951067153
6325,0.6367,1,2,1,603485,2125,104321,3635,0.01968394531105265,0.6310763888888888
6326,0.6368,2,3,2,603488,2122,104323,3633,0.01965615621178999,0.6312771503040834
6327,0.6369,2,3,2,603491,2119,104325,3631,0.019628367112527325,0.6314782608695653
6328,0.637,3,1,3,603492,2118,104328,3628,0.019619104079439773,0.6313957535676993
6329,0.6371,3,1,3,603493,2117,104331,3625,0.019609841046352217,0.6313131313131313
6330,0.6372,5,3,5,603496,2114,104336,3620,0.019582051947089556,0.6313219393093826
6331,0.6373,5,5,5,603501,2109,104341,3615,0.019535736781651783,0.6315513626834381
6332,0.6374,3,2,3,603503,2107,104344,3612,0.019517210715476675,0.631578947368421
6333,0.6375,2,1,2,603504,2106,104346,3610,0.019507947682389122,0.6315605318404479
6334,0.6376,2,0,2,603504,2106,104348,3608,0.019507947682389122,0.6314315715785789
6335,0.6377,4,1,4,603505,2105,104352,3604,0.019498684649301566,0.6312839376423192
6336,0.6378,8,1,8,603506,2104,104360,3596,0.019489421616214014,0.6308771929824561
6337,0.6379,2,4,2,603510,2100,104362,3594,0.019452369483863797,0.631190727081138
6338,0.638,4,2,4,603512,2098,104366,3590,0.01943384341768869,0.6311533052039381
6339,0.6381,3,1,3,603513,2097,104369,3587,0.019424580384601133,0.6310696692470091
6340,0.6382,1,3,1,603516,2094,104370,3586,0.01939679128533847,0.6313380281690141
6341,0.6383,2,3,2,603519,2091,104372,3584,0.019369002186075807,0.6315418502202643
6342,0.6384,3,3,3,603522,2088,104375,3581,0.019341213086813146,0.631681072499559
6343,0.6385,3,1,3,603523,2087,104378,3578,0.01933195005372559,0.6315975286849074
6344,0.6386,3,4,3,603527,2083,104381,3575,0.019294897921375374,0.6318487097914457
6345,0.6387,5,2,5,603529,2081,104386,3570,0.019276371855200265,0.6317465935232702
6346,0.6388,3,4,3,603533,2077,104389,3567,0.01923931972285005,0.6319985825655563
6347,0.6389,4,3,4,603536,2074,104393,3563,0.019211530623587388,0.6320737981195671
6348,0.639,2,3,2,603539,2071,104395,3561,0.019183741524324723,0.6322798295454546
6349,0.6391,3,0,3,603539,2071,104398,3558,0.019183741524324723,0.6320838514833896
6350,0.6392,3,4,3,603543,2067,104401,3555,0.01914668939197451,0.6323372465314835
6351,0.6393,2,2,2,603545,2065,104403,3553,0.0191281633257994,0.632431470274119
6352,0.6394,1,2,1,603547,2063,104404,3552,0.019109637259624293,0.6325912733748887
6353,0.6395,3,5,3,603552,2058,104407,3549,0.01906332209418652,0.6329588014981273
6354,0.6396,3,2,3,603554,2056,104410,3546,0.019044796028011412,0.6329882184933953
6355,0.6397,1,0,1,603554,2056,104411,3545,0.019044796028011412,0.6329226923763613
6356,0.6398,4,1,4,603555,2055,104415,3541,0.01903553299492386,0.6327734095782702
6357,0.6399,3,4,3,603559,2051,104418,3538,0.018998480862573643,0.6330291644301306
6358,0.64,9,5,9,603564,2046,104427,3529,0.01895216569713587,0.6330044843049327
6359,0.6401,3,3,3,603567,2043,104430,3526,0.01892437659787321,0.6331477823666727
6360,0.6402,4,3,4,603570,2040,104434,3522,0.018896587498610545,0.6332254584681769
6361,0.6403,3,4,3,603574,2036,104437,3519,0.018859535366260328,0.6334833483348334
6362,0.6404,3,2,3,603576,2034,104440,3516,0.01884100930008522,0.6335135135135135
6363,0.6405,7,2,7,603578,2032,104447,3509,0.01882248323391011,0.633279191481682
6364,0.6406,1,2,1,603580,2030,104448,3508,0.018803957167735003,0.6334416756951968
6365,0.6407,0,3,0,603583,2027,104448,3508,0.01877616806847234,0.6337850045167118
6366,0.6408,5,3,5,603586,2024,104453,3503,0.018748378969209677,0.6337977202822508
6367,0.6409,5,1,5,603587,2023,104458,3498,0.018739115936122125,0.6335808730302481
6368,0.641,6,2,6,603589,2021,104464,3492,0.018720589869947016,0.6334119354253582
6369,0.6411,4,1,4,603590,2020,104468,3488,0.01871132683685946,0.6332607116920842
6370,0.6412,1,0,1,603590,2020,104469,3487,0.01871132683685946,0.6331941165788996
6371,0.6413,4,5,4,603595,2015,104473,3483,0.01866501167142169,0.6335030920334667
6372,0.6414,5,5,5,603600,2010,104478,3478,0.01861869650598392,0.6337463556851312
6373,0.6415,4,1,4,603601,2009,104482,3474,0.018609433472896366,0.6335947474010578
6374,0.6416,4,2,4,603603,2007,104486,3470,0.018590907406721258,0.6335585174365529
6375,0.6417,3,2,3,603605,2005,104489,3467,0.01857238134054615,0.6335891812865497
6376,0.6418,4,2,4,603607,2003,104493,3463,0.01855385527437104,0.6335528723015001
6377,0.6419,3,3,3,603610,2000,104496,3460,0.018526066175108376,0.6336996336996337
6378,0.642,3,3,3,603613,1997,104499,3457,0.018498277075845716,0.6338467180051338
6379,0.6421,6,1,6,603614,1996,104505,3451,0.01848901404275816,0.6335597576647696
6380,0.6422,3,2,3,603616,1994,104508,3448,0.01847048797658305,0.63359059169423
6381,0.6423,6,0,6,603616,1994,104514,3442,0.01847048797658305,0.6331861662987491
6382,0.6425,6,1,6,603617,1993,104520,3436,0.0184612249434955,0.6328974028366182
6383,0.6426,3,2,3,603619,1991,104523,3433,0.01844269887732039,0.6329277286135693
6384,0.6427,5,3,5,603622,1988,104528,3428,0.018414909778057726,0.6329394387001477
6385,0.6428,3,2,3,603624,1986,104531,3425,0.018396383711882618,0.6329698761781556
6386,0.6429,4,2,4,603626,1984,104535,3421,0.01837785764570751,0.6329324699352451
6387,0.643,5,2,5,603628,1982,104540,3416,0.0183593315795324,0.6328269729529455
6388,0.6431,1,1,1,603629,1981,104541,3415,0.01835006854644485,0.632876204595997
6389,0.6432,1,4,1,603633,1977,104542,3414,0.01831301641409463,0.6332776850306066
6390,0.6433,4,2,4,603635,1975,104546,3410,0.018294490347919523,0.6332404828226555
6391,0.6434,1,1,1,603636,1974,104547,3409,0.018285227314831967,0.6332899869960988
6392,0.6435,5,2,5,603638,1972,104552,3404,0.01826670124865686,0.6331845238095238
6393,0.6436,3,0,3,603638,1972,104555,3401,0.01826670124865686,0.6329797133817234
6394,0.6437,2,1,2,603639,1971,104557,3399,0.018257438215569306,0.6329608938547486
6395,0.6438,1,1,1,603640,1970,104558,3398,0.01824817518248175,0.63301043219076
6396,0.6439,2,3,2,603643,1967,104560,3396,0.01822038608321909,0.6332276710796196
6397,0.644,4,2,4,603645,1965,104564,3392,0.01820186001704398,0.6331902184058241
6398,0.6441,5,2,5,603647,1963,104569,3387,0.018183333950868873,0.6330841121495328
6399,0.6442,0,2,0,603649,1961,104569,3387,0.018164807884693764,0.6333208676140614
6400,0.6443,2,1,2,603650,1960,104571,3385,0.01815554485160621,0.6333021515434986
6401,0.6444,2,2,2,603652,1958,104573,3383,0.0181370187854311,0.6334019846470699
6402,0.6445,0,3,0,603655,1955,104573,3383,0.01810922968616844,0.6337579617834395
6403,0.6446,4,0,4,603655,1955,104577,3379,0.01810922968616844,0.6334833145856767
6404,0.6447,6,2,6,603657,1953,104583,3373,0.01809070361999333,0.6333082989110026
6405,0.6448,2,6,2,603663,1947,104585,3371,0.018035125421468005,0.6338849191425348
6406,0.6449,7,3,7,603666,1944,104592,3364,0.018007336322205345,0.6337603617181613
6407,0.645,4,4,4,603670,1940,104596,3360,0.017970284189855128,0.6339622641509434
6408,0.6451,2,1,2,603671,1939,104598,3358,0.017961021156767572,0.6339437417406079
6409,0.6452,1,0,1,603671,1939,104599,3357,0.017961021156767572,0.6338746223564955
6410,0.6453,4,3,4,603674,1936,104603,3353,0.01793323205750491,0.6339572698052562
6411,0.6454,2,6,2,603680,1930,104605,3351,0.017877653858979586,0.634538913084643
6412,0.6455,1,2,1,603682,1928,104606,3350,0.017859127792804477,0.6347101174687382
6413,0.6456,3,3,3,603685,1925,104609,3347,0.017831338693541813,0.6348634294385432
6414,0.6457,2,2,2,603687,1923,104611,3345,0.017812812627366705,0.6349658314350797
6415,0.6458,2,1,2,603688,1922,104613,3343,0.017803549594279152,0.6349477682811017
6416,0.6459,1,2,1,603690,1920,104614,3342,0.017785023528104044,0.6351197263397947
6417,0.646,4,2,4,603692,1918,104618,3338,0.017766497461928935,0.6350837138508372
6418,0.6461,5,5,5,603697,1913,104623,3333,0.017720182296491162,0.6353412123522684
6419,0.6462,3,5,3,603702,1908,104626,3330,0.017673867131053393,0.6357388316151202
6420,0.6463,1,1,1,603703,1907,104627,3329,0.017664604097965837,0.6357906799083269
6421,0.6464,2,0,2,603703,1907,104629,3327,0.017664604097965837,0.6356515093618648
6422,0.6465,3,3,3,603706,1904,104632,3324,0.017636814998703176,0.6358071920428462
6423,0.6466,1,2,1,603708,1902,104633,3323,0.017618288932528068,0.6359808612440191
6424,0.6467,5,2,5,603710,1900,104638,3318,0.01759976286635296,0.6358758144883097
6425,0.6468,3,3,3,603713,1897,104641,3315,0.017571973767090295,0.6360322333077514
6426,0.6469,4,1,4,603714,1896,104645,3311,0.017562710734002743,0.6358747839446899
6427,0.647,1,0,1,603714,1896,104646,3310,0.017562710734002743,0.6358048405685747
6428,0.6471,1,3,1,603717,1893,104647,3309,0.01753492163474008,0.6361014994232987
6429,0.6472,2,2,2,603719,1891,104649,3307,0.01751639556856497,0.6362062331666025
6430,0.6473,1,0,1,603719,1891,104650,3306,0.01751639556856497,0.6361362324417933
6431,0.6474,7,4,7,603723,1887,104657,3299,0.017479343436214753,0.6361357500964134
6432,0.6475,0,4,0,603727,1883,104657,3299,0.017442291303864536,0.6366267850250868
6433,0.6476,2,2,2,603729,1881,104659,3297,0.017423765237689428,0.6367323290845887
6434,0.6477,4,1,4,603730,1880,104663,3293,0.017414502204601875,0.6365745215542239
6435,0.6478,5,1,5,603731,1879,104668,3288,0.01740523917151432,0.6363460421908264
6436,0.6479,4,1,4,603732,1878,104672,3284,0.017395976138426767,0.6361875242154204
6437,0.648,1,3,1,603735,1875,104673,3283,0.017368187039164103,0.6364870104691741
6438,0.6481,2,0,2,603735,1875,104675,3281,0.017368187039164103,0.6363460046547711
6439,0.6482,3,0,3,603735,1875,104678,3278,0.017368187039164103,0.636134290704444
6440,0.6483,2,3,2,603738,1872,104680,3276,0.017340397939901442,0.6363636363636364
6441,0.6484,4,5,4,603743,1867,104684,3272,0.01729408277446367,0.6366997470324965
6442,0.6485,2,0,2,603743,1867,104686,3270,0.01729408277446367,0.6365583025111933
6443,0.6486,6,2,6,603745,1865,104692,3264,0.01727555670828856,0.6363813608890622
6444,0.6487,4,2,4,603747,1863,104696,3260,0.017257030642113452,0.6363458910794456
6445,0.6488,5,0,5,603747,1863,104701,3255,0.017257030642113452,0.6359906213364596
6446,0.6489,4,1,4,603748,1862,104705,3251,0.0172477676090259,0.6358302366516722
6447,0.649,1,3,1,603751,1859,104706,3250,0.017219978509763235,0.6361323155216285
6448,0.6491,2,1,2,603752,1858,104708,3248,0.017210715476675683,0.6361143752448101
6449,0.6492,2,3,2,603755,1855,104710,3246,0.01718292637741302,0.6363458145461675
6450,0.6493,4,0,4,603755,1855,104714,3242,0.01718292637741302,0.6360604277025701
6451,0.6494,2,1,2,603756,1854,104716,3240,0.017173663344325466,0.6360424028268551
6452,0.6495,3,3,3,603759,1851,104719,3237,0.017145874245062802,0.6362028301886793
6453,0.6496,2,3,2,603762,1848,104721,3235,0.01711808514580014,0.6364351760771199
6454,0.6497,2,2,2,603764,1846,104723,3233,0.017099559079625033,0.6365426265012798
6455,0.6498,3,3,3,603767,1843,104726,3230,0.017071769980362368,0.6367041198501873
6456,0.6499,3,0,3,603767,1843,104729,3227,0.017071769980362368,0.6364891518737673
6457,0.65,1,1,1,603768,1842,104730,3226,0.017062506947274816,0.6365430149960537
6458,0.6501,0,2,0,603770,1840,104730,3226,0.017043980881099707,0.6367943150414528
6459,0.6502,0,4,0,603774,1836,104730,3226,0.01700692874874949,0.6372975108652706
6460,0.6503,0,2,0,603776,1834,104730,3226,0.016988402682574382,0.6375494071146245
6461,0.6504,2,1,2,603777,1833,104732,3224,0.01697913964948683,0.6375321336760925
6462,0.6505,2,3,2,603780,1830,104734,3222,0.016951350550224165,0.6377672209026128
6463,0.6506,2,2,2,603782,1828,104736,3220,0.016932824484049057,0.6378763866877971
6464,0.6507,4,2,4,603784,1826,104740,3216,0.01691429841787395,0.6378421261404205
6465,0.6508,4,3,4,603787,1823,104744,3212,0.016886509318611288,0.6379344587884807
6466,0.6509,3,1,3,603788,1822,104747,3209,0.01687724628552373,0.6378453587755913
6467,0.651,0,4,0,603792,1818,104747,3209,0.016840194153173515,0.6383528943703999
6468,0.6511,1,2,1,603794,1816,104748,3208,0.016821668086998406,0.6385350318471338
6469,0.6512,5,2,5,603796,1814,104753,3203,0.016803142020823298,0.6384293402431732
6470,0.6513,1,0,1,603796,1814,104754,3202,0.016803142020823298,0.6383572567783095
6471,0.6514,3,5,3,603801,1809,104757,3199,0.01675682685538553,0.6387779552715654
6472,0.6515,3,3,3,603804,1806,104760,3196,0.016729037756122864,0.6389444222311076
6473,0.6516,2,2,2,603806,1804,104762,3194,0.016710511689947756,0.6390556222488996
6474,0.6517,1,2,1,603808,1802,104763,3193,0.016691985623772648,0.6392392392392392
6475,0.6518,3,2,3,603810,1800,104766,3190,0.01667345955759754,0.6392785571142284
6476,0.6519,2,5,2,603815,1795,104768,3188,0.01662714439215977,0.6397752358017259
6477,0.652,3,1,3,603816,1794,104771,3185,0.016617881359072214,0.639686684073107
6478,0.6521,0,1,0,603817,1793,104771,3185,0.01660861832598466,0.6398151868220169
6479,0.6522,1,6,1,603823,1787,104772,3184,0.016553040127459336,0.6405149869241601
6480,0.6523,3,1,3,603824,1786,104775,3181,0.01654377709437178,0.6404268169921482
6481,0.6524,2,2,2,603826,1784,104777,3179,0.016525251028196672,0.6405399959701793
6482,0.6525,3,4,3,603830,1780,104780,3176,0.016488198895846455,0.6408393866020985
6483,0.6526,5,2,5,603832,1778,104785,3171,0.016469672829671347,0.6407355021216408
6484,0.6527,6,0,6,603832,1778,104791,3165,0.016469672829671347,0.640299413311754
6485,0.6528,2,1,2,603833,1777,104793,3163,0.016460409796583794,0.6402834008097166
6486,0.6529,2,1,2,603834,1776,104795,3161,0.01645114676349624,0.6402673688474783
6487,0.6531,3,0,3,603834,1776,104798,3158,0.01645114676349624,0.6400486420753952
6488,0.6532,0,1,0,603835,1775,104798,3158,0.016441883730408686,0.6401783904317859
6489,0.6533,3,2,3,603837,1773,104801,3155,0.016423357664233577,0.6402191558441559
6490,0.6534,3,2,3,603839,1771,104804,3152,0.01640483159805847,0.6402600040625634
6491,0.6535,3,3,3,603842,1768,104807,3149,0.016377042498795805,0.6404311572096807
6492,0.6536,5,1,5,603843,1767,104812,3144,0.016367779465708252,0.6401954795357361
6493,0.6537,1,1,1,603844,1766,104813,3143,0.016358516432620696,0.6402525972703198
6494,0.6538,3,3,3,603847,1763,104816,3140,0.016330727333358035,0.6404242300632266
6495,0.6539,4,2,4,603849,1761,104820,3136,0.016312201267182927,0.6403920767817031
6496,0.654,2,4,2,603853,1757,104822,3134,0.01627514913483271,0.6407687589450011
6497,0.6541,4,1,4,603854,1756,104826,3130,0.016265886101745154,0.6406058125255834
6498,0.6542,6,4,6,603858,1752,104832,3124,0.016228833969394937,0.6406890894175554
6499,0.6543,2,1,2,603859,1751,104834,3122,0.016219570936307385,0.6406730966550379
6500,0.6544,5,3,5,603862,1748,104839,3117,0.01619178183704472,0.6406988694758479
6501,0.6545,6,1,6,603863,1747,104845,3111,0.016182518803957168,0.6403869905310827
6502,0.6546,2,0,2,603863,1747,104847,3109,0.016182518803957168,0.6402388797364086
6503,0.6547,4,5,4,603868,1742,104851,3105,0.016136203638519395,0.6406024344955643
6504,0.6548,2,0,2,603868,1742,104853,3103,0.016136203638519395,0.640454076367389
6505,0.6549,4,2,4,603870,1740,104857,3099,0.016117677572344287,0.6404215747055176
6506,0.655,4,1,4,603871,1739,104861,3095,0.016108414539256734,0.6402565163425734
6507,0.6551,1,2,1,603873,1737,104862,3094,0.016089888473081626,0.6404471123990892
6508,0.6552,4,0,4,603873,1737,104866,3090,0.016089888473081626,0.6401491609695463
6509,0.6553,2,1,2,603874,1736,104868,3088,0.01608062543999407,0.6401326699834162
6510,0.6554,2,4,2,603878,1732,104870,3086,0.016043573307643853,0.6405147364051473
6511,0.6555,1,2,1,603880,1730,104871,3085,0.016025047241468745,0.6407061266874351
6512,0.6556,1,4,1,603884,1726,104872,3084,0.015987995109118528,0.6411642411642412
6513,0.6557,2,2,2,603886,1724,104874,3082,0.01596946904294342,0.6412817311693716
6514,0.6558,3,2,3,603888,1722,104877,3079,0.015950942976768315,0.6413247240158301
6515,0.6559,2,1,2,603889,1721,104879,3077,0.01594167994368076,0.6413088786994581
6516,0.656,0,4,0,603893,1717,104879,3077,0.015904627811330542,0.6418439716312057
6517,0.6561,5,2,5,603895,1715,104884,3072,0.015886101745155434,0.6417380405264257
6518,0.6562,3,1,3,603896,1714,104887,3069,0.01587683871206788,0.6416475015680535
6519,0.6563,5,1,5,603897,1713,104892,3064,0.015867575678980325,0.6414067406321959
6520,0.6564,1,3,1,603900,1710,104893,3063,0.015839786579717664,0.6417347580138277
6521,0.6565,2,3,2,603903,1707,104895,3061,0.015811997480455,0.641988255033557
6522,0.6566,2,3,2,603906,1704,104897,3059,0.01578420838119234,0.6422422842746168
6523,0.6567,2,1,2,603907,1703,104899,3057,0.015774945348104783,0.6422268907563026
6524,0.6568,3,1,3,603908,1702,104902,3054,0.01576568231501723,0.6421362489486964
6525,0.6569,1,3,1,603911,1699,104903,3053,0.015737893215754566,0.64246632996633
6526,0.657,2,1,2,603912,1698,104905,3051,0.015728630182667014,0.6424510423247
6527,0.6571,5,1,5,603913,1697,104910,3046,0.015719367149579458,0.6422095720008434
6528,0.6572,2,1,2,603914,1696,104912,3044,0.015710104116491905,0.6421940928270042
6529,0.6573,0,3,0,603917,1693,104912,3044,0.01568231501722924,0.6426008021954823
6530,0.6574,5,3,5,603920,1690,104917,3039,0.01565452591796658,0.6426305772890675
6531,0.6575,2,2,2,603922,1688,104919,3037,0.015635999851791472,0.6427513227513227
6532,0.6576,2,4,2,603926,1684,104921,3035,0.015598947719441253,0.643144734053825
6533,0.6577,2,1,2,603927,1683,104923,3033,0.015589684686353699,0.6431297709923665
6534,0.6578,2,0,2,603927,1683,104925,3031,0.015589684686353699,0.6429783623249894
6535,0.6579,2,1,2,603928,1682,104927,3029,0.015580421653266145,0.6429632774357886
6536,0.658,5,0,5,603928,1682,104932,3024,0.015580421653266145,0.642583935401615
6537,0.6581,6,2,6,603930,1680,104938,3018,0.015561895587091036,0.6424010217113666
6538,0.6582,4,1,4,603931,1679,104942,3014,0.015552632554003482,0.6422331131472405
6539,0.6583,1,2,1,603933,1677,104943,3013,0.015534106487828374,0.6424307036247334
6540,0.6584,1,0,1,603933,1677,104944,3012,0.015534106487828374,0.6423544465770953
6541,0.6585,3,0,3,603933,1677,104947,3009,0.015534106487828374,0.6421254801536491
6542,0.6586,2,1,2,603934,1676,104949,3007,0.01552484345474082,0.642109758701687
6543,0.6587,2,3,2,603937,1673,104951,3005,0.015497054355478157,0.642368533561351
6544,0.6588,2,4,2,603941,1669,104953,3003,0.01546000222312794,0.6427654109589042
6545,0.6589,0,2,0,603943,1667,104953,3003,0.015441476156952832,0.6430406852248394
6546,0.659,1,2,1,603945,1665,104954,3002,0.015422950090777725,0.643239768587958
6547,0.6591,4,2,4,603947,1663,104958,2998,0.015404424024602617,0.6432096116713152
6548,0.6592,1,3,1,603950,1660,104959,2997,0.015376634925339954,0.6435473480781619
6549,0.6593,2,2,2,603952,1658,104961,2995,0.015358108859164846,0.6436707500537288
6550,0.6594,4,5,4,603957,1653,104965,2991,0.015311793693727075,0.6440568475452196
6551,0.6595,0,1,0,603958,1652,104965,2991,0.01530253066063952,0.6441955632134396
6552,0.6596,6,3,6,603961,1649,104971,2985,0.015274741561376858,0.6441519205869659
6553,0.6597,2,2,2,603963,1647,104973,2983,0.01525621549520175,0.6442764578833693
6554,0.6598,4,2,4,603965,1645,104977,2979,0.015237689429026641,0.6442474048442907
6555,0.6599,2,3,2,603968,1642,104979,2977,0.015209900329763978,0.6445117990907123
6556,0.66,6,0,6,603968,1642,104985,2971,0.015209900329763978,0.6440494255365272
6557,0.6601,3,2,3,603970,1640,104988,2968,0.01519137426358887,0.6440972222222222
6558,0.6602,1,1,1,603971,1639,104989,2967,0.015182111230501316,0.644159791576205
6559,0.6603,5,2,5,603973,1637,104994,2962,0.015163585164326207,0.6440530550119591
6560,0.6604,3,3,3,603976,1634,104997,2959,0.015135796065063545,0.6442412366644894
6561,0.6605,4,0,4,603976,1634,105001,2955,0.015135796065063545,0.6439311396818479
6562,0.6606,1,2,1,603978,1632,105002,2954,0.015117269998888436,0.644134321849106
6563,0.6607,6,1,6,603979,1631,105008,2948,0.015108006965800882,0.6438086918541166
6564,0.6608,3,3,3,603982,1628,105011,2945,0.01508021786653822,0.6439973759020337
6565,0.6609,1,2,1,603984,1626,105012,2944,0.015061691800363111,0.6442013129102845
6566,0.661,4,2,4,603986,1624,105016,2940,0.015043165734188003,0.6441717791411042
6567,0.6611,1,2,1,603988,1622,105017,2939,0.015024639668012894,0.644376233282175
6568,0.6612,4,2,4,603990,1620,105021,2935,0.015006113601837786,0.6443468715697036
6569,0.6613,3,2,3,603992,1618,105024,2932,0.014987587535662678,0.6443956043956044
6570,0.6614,3,2,3,603994,1616,105027,2929,0.014969061469487569,0.6444444444444445
6571,0.6615,3,1,3,603995,1615,105030,2926,0.014959798436400015,0.6443514644351465
6572,0.6616,3,2,3,603997,1613,105033,2923,0.014941272370224907,0.6444003527336861
6573,0.6617,4,2,4,603999,1611,105037,2919,0.014922746304049798,0.6443708609271523
6574,0.6618,2,3,2,604002,1608,105039,2917,0.014894957204787136,0.6446408839779005
6575,0.6619,2,1,2,604003,1607,105041,2915,0.014885694171699581,0.6446262715612561
6576,0.662,3,2,3,604005,1605,105044,2912,0.014867168105524473,0.6446756696922736
6577,0.6621,3,1,3,604006,1604,105047,2909,0.014857905072436919,0.6445823177487259
6578,0.6622,1,2,1,604008,1602,105048,2908,0.01483937900626181,0.6447893569844789
6579,0.6623,4,2,4,604010,1600,105052,2904,0.014820852940086702,0.6447602131438721
6580,0.6624,3,5,3,604015,1595,105055,2901,0.01477453777464893,0.6452402135231317
6581,0.6625,1,1,1,604016,1594,105056,2900,0.014765274741561377,0.6453048509123276
6582,0.6626,3,0,3,604016,1594,105059,2897,0.014765274741561377,0.6450679136049877
6583,0.6627,1,3,1,604019,1591,105060,2896,0.014737485642298714,0.6454201025183864
6584,0.6628,2,3,2,604022,1588,105062,2894,0.014709696543036051,0.6456938866577421
6585,0.6629,3,4,3,604026,1584,105065,2891,0.014672644410685835,0.6460335195530726
6586,0.663,3,1,3,604027,1583,105068,2888,0.01466338137759828,0.6459405054797585
6587,0.6631,3,3,3,604030,1580,105071,2885,0.014635592278335618,0.6461366181410975
6588,0.6632,2,4,2,604034,1576,105073,2883,0.014598540145985401,0.6465575241085445
6589,0.6633,3,2,3,604036,1574,105076,2880,0.014580014079810293,0.6466097889537494
6590,0.6634,1,2,1,604038,1572,105077,2879,0.014561488013635184,0.6468209391148056
6591,0.6636,3,3,3,604041,1569,105080,2876,0.014533698914372522,0.6470191226096738
6592,0.6637,3,1,3,604042,1568,105083,2873,0.014524435881284967,0.6469263679351498
6593,0.6638,3,1,3,604043,1567,105086,2870,0.014515172848197413,0.646833446022087
6594,0.6639,3,2,3,604045,1565,105089,2867,0.014496646782022305,0.6468862815884476
6595,0.664,1,1,1,604046,1564,105090,2866,0.01448738374893475,0.6469525959367946
6596,0.6641,2,2,2,604048,1562,105092,2864,0.014468857682759642,0.6470854044283778
6597,0.6642,4,3,4,604051,1559,105096,2860,0.01444106858349698,0.6472052500565739
6598,0.6643,2,2,2,604053,1557,105098,2858,0.014422542517321871,0.6473386183465458
6599,0.6644,5,0,5,604053,1557,105103,2853,0.014422542517321871,0.6469387755102041
6600,0.6645,3,2,3,604055,1555,105106,2850,0.014404016451146763,0.6469920544835415
6601,0.6646,2,0,2,604055,1555,105108,2848,0.014404016451146763,0.6468317056552351
6602,0.6647,3,1,3,604056,1554,105111,2845,0.014394753418059208,0.646737894976131
6603,0.6648,2,1,2,604057,1553,105113,2843,0.014385490384971654,0.6467242948134668
6604,0.6649,3,4,3,604061,1549,105116,2840,0.01434843825262144,0.6470722260195945
6605,0.665,2,2,2,604063,1547,105118,2838,0.01432991218644633,0.647206385404789
6606,0.6652,1,1,1,604064,1546,105119,2837,0.014320649153358777,0.647273556924481
6607,0.6653,2,2,2,604066,1544,105121,2835,0.014302123087183668,0.6474080840374514
6608,0.6654,0,2,0,604068,1542,105121,2835,0.01428359702100856,0.6477039067854695
6609,0.6655,1,2,1,604070,1540,105122,2834,0.014265070954833451,0.6479195244627344
6610,0.6656,4,3,4,604073,1537,105126,2830,0.014237281855570789,0.6480421341882299
6611,0.6657,3,3,3,604076,1534,105129,2827,0.014209492756308126,0.6482458151800046
6612,0.6658,1,1,1,604077,1533,105130,2826,0.014200229723220572,0.6483138334480385
6613,0.666,0,2,0,604079,1531,105130,2826,0.014181703657045464,0.648611429882947
6614,0.6661,2,1,2,604080,1530,105132,2824,0.01417244062395791,0.6485989894350023
6615,0.6662,6,3,6,604083,1527,105138,2818,0.014144651524695247,0.6485615650172613
6616,0.6663,3,2,3,604085,1525,105141,2815,0.014126125458520138,0.6486175115207373
6617,0.6664,6,6,6,604091,1519,105147,2809,0.014070547259994813,0.6490295748613678
6618,0.6665,1,3,1,604094,1516,105148,2808,0.01404275816073215,0.6493987049028677
6619,0.6666,1,1,1,604095,1515,105149,2807,0.014033495127644596,0.6494678389634428
6620,0.6667,4,0,4,604095,1515,105153,2803,0.014033495127644596,0.6491431218156554
6621,0.6668,3,2,3,604097,1513,105156,2800,0.014014969061469488,0.6492000927428704
6622,0.6669,3,4,3,604101,1509,105159,2797,0.013977916929119271,0.6495587552252671
6623,0.667,5,2,5,604103,1507,105164,2792,0.013959390862944163,0.6494533612468015
6624,0.6671,2,1,2,604104,1506,105166,2790,0.013950127829856608,0.6494413407821229
6625,0.6672,6,3,6,604107,1503,105172,2784,0.013922338730593946,0.6494051784464661
6626,0.6673,8,1,8,604108,1502,105180,2776,0.013913075697506392,0.648901355773726
6627,0.6674,4,3,4,604111,1499,105184,2772,0.013885286598243729,0.6490283306017326
6628,0.6675,4,1,4,604112,1498,105188,2768,0.013876023565156175,0.6488513830285982
6629,0.6676,1,1,1,604113,1497,105189,2767,0.01386676053206862,0.648921200750469
6630,0.6677,3,1,3,604114,1496,105192,2764,0.013857497498981066,0.6488262910798122
6631,0.6678,2,2,2,604116,1494,105194,2762,0.013838971432805958,0.6489661654135338
6632,0.6679,1,2,1,604118,1492,105195,2761,0.01382044536663085,0.6491888079003056
6633,0.668,2,1,2,604119,1491,105197,2759,0.013811182333543295,0.6491764705882352
6634,0.6681,1,5,1,604124,1486,105198,2758,0.013764867168105524,0.6498586239396795
6635,0.6682,2,4,2,604128,1482,105200,2756,0.013727815035755308,0.6503067484662577
6636,0.6683,4,5,4,604133,1477,105204,2752,0.013681499870317537,0.650744856940175
6637,0.6684,4,3,4,604136,1474,105208,2748,0.013653710771054874,0.650876361913785
6638,0.6685,3,4,3,604140,1470,105211,2745,0.013616658638704657,0.6512455516014235
6639,0.6686,6,2,6,604142,1468,105217,2739,0.013598132572529549,0.6510577608747325
6640,0.6687,4,4,4,604146,1464,105221,2735,0.013561080440179332,0.6513455584663015
6641,0.6688,4,1,4,604147,1463,105225,2731,0.013551817407091778,0.651168335717692
6642,0.6689,1,1,1,604148,1462,105226,2730,0.013542554374004223,0.6512404580152672
6643,0.669,0,2,0,604150,1460,105226,2730,0.013524028307829115,0.6515513126491647
6644,0.6691,2,4,2,604154,1456,105228,2728,0.013486976175478898,0.6520076481835564
6645,0.6692,2,2,2,604156,1454,105230,2726,0.01346845010930379,0.6521531100478469
6646,0.6693,3,1,3,604157,1453,105233,2723,0.013459187076216236,0.6520593869731801
6647,0.6694,4,1,4,604158,1452,105237,2719,0.013449924043128681,0.6518820426756173
6648,0.6695,1,0,1,604158,1452,105238,2718,0.013449924043128681,0.6517985611510791
6649,0.6696,2,2,2,604160,1450,105240,2716,0.013431397976953573,0.6519443110897744
6650,0.6697,2,1,2,604161,1449,105242,2714,0.013422134943866019,0.6519337016574586
6651,0.6698,2,2,2,604163,1447,105244,2712,0.01340360887769091,0.6520798268814619
6652,0.6699,3,0,3,604163,1447,105247,2709,0.01340360887769091,0.6518286814244466
6653,0.67,2,1,2,604164,1446,105249,2707,0.013394345844603356,0.6518179629183722
6654,0.6701,3,2,3,604166,1444,105252,2704,0.013375819778428248,0.6518804243008679
6655,0.6702,1,2,1,604168,1442,105253,2703,0.01335729371225314,0.6521109770808202
6656,0.6703,0,1,0,604169,1441,105253,2703,0.013348030679165585,0.6522683397683398
6657,0.6705,4,1,4,604170,1440,105257,2699,0.013338767646078031,0.6520898767818314
6658,0.6706,3,0,3,604170,1440,105260,2696,0.013338767646078031,0.6518375241779497
6659,0.6707,3,0,3,604170,1440,105263,2693,0.013338767646078031,0.651584805226228
6660,0.6708,1,2,1,604172,1438,105264,2692,0.013320241579902923,0.6518159806295399
6661,0.6709,2,1,2,604173,1437,105266,2690,0.013310978546815368,0.6518051853646717
6662,0.671,2,1,2,604174,1436,105268,2688,0.013301715513727814,0.6517943743937924
6663,0.6711,2,1,2,604175,1435,105270,2686,0.013292452480640262,0.6517835476826013
6664,0.6712,3,2,3,604177,1433,105273,2683,0.013273926414465153,0.651846452866861
6665,0.6713,0,1,0,604178,1432,105273,2683,0.013264663381377599,0.6520048602673147
6666,0.6714,1,1,1,604179,1431,105274,2682,0.013255400348290045,0.6520787746170679
6667,0.6715,2,2,2,604181,1429,105276,2680,0.013236874282114936,0.6522268191774154
6668,0.6716,4,1,4,604182,1428,105280,2676,0.013227611249027382,0.652046783625731
6669,0.6717,1,1,1,604183,1427,105281,2675,0.013218348215939828,0.6521209166260361
6670,0.6718,4,1,4,604184,1426,105285,2671,0.013209085182852274,0.6519404442274835
6671,0.6719,3,0,3,604184,1426,105288,2668,0.013209085182852274,0.651685393258427
6672,0.672,3,5,3,604189,1421,105291,2665,0.013162770017414503,0.6522271169848263
6673,0.6721,4,1,4,604190,1420,105295,2661,0.013153506984326949,0.6520460671404068
6674,0.6722,2,6,2,604196,1414,105297,2659,0.013097928785801623,0.6528357476061871
6675,0.6723,2,0,2,604196,1414,105299,2657,0.013097928785801623,0.6526651928273152
6676,0.6724,3,1,3,604197,1413,105302,2654,0.01308866575271407,0.6525694615195475
6677,0.6725,0,3,0,604200,1410,105302,2654,0.013060876653451407,0.6530511811023622
6678,0.6726,5,4,5,604204,1406,105307,2649,0.01302382452110119,0.6532675709001233
6679,0.6727,3,2,3,604206,1404,105310,2646,0.013005298454926081,0.6533333333333333
6680,0.6728,2,1,2,604207,1403,105312,2644,0.012996035421838527,0.6533234494687423
6681,0.6729,1,4,1,604211,1399,105313,2643,0.01295898328948831,0.6538842157347847
6682,0.673,1,3,1,604214,1396,105314,2642,0.012931194190225648,0.654284299157999
6683,0.6731,3,2,3,604216,1394,105317,2639,0.01291266812405054,0.6543515993057277
6684,0.6732,2,4,2,604220,1390,105319,2637,0.012875615991700323,0.6548298981872361
6685,0.6733,5,2,5,604222,1388,105324,2632,0.012857089925525214,0.6547263681592039
6686,0.6734,1,1,1,604223,1387,105325,2631,0.01284782689243766,0.6548033847685416
6687,0.6735,2,4,2,604227,1383,105327,2629,0.012810774760087443,0.655284147557328
6688,0.6736,2,1,2,604228,1382,105329,2627,0.012801511726999889,0.655275629832876
6689,0.6737,2,5,2,604233,1377,105331,2625,0.012755196561562118,0.6559220389805097
6690,0.6738,0,1,0,604234,1376,105331,2625,0.012745933528474564,0.6560859785053736
6691,0.6739,2,0,2,604234,1376,105333,2623,0.012745933528474564,0.6559139784946236
6692,0.674,1,4,1,604238,1372,105334,2622,0.012708881396124347,0.656484727090636
6693,0.6741,1,0,1,604238,1372,105335,2621,0.012708881396124347,0.6563986977210118
6694,0.6742,3,5,3,604243,1367,105338,2618,0.012662566230686576,0.6569636135508156
6695,0.6743,0,1,0,604244,1366,105338,2618,0.012653303197599022,0.6571285140562249
6696,0.6744,1,3,1,604247,1363,105339,2617,0.012625514098336359,0.657537688442211
6697,0.6745,1,2,1,604249,1361,105340,2616,0.01260698803216125,0.657782247925572
6698,0.6746,1,1,1,604250,1360,105341,2615,0.012597724999073696,0.6578616352201258
6699,0.6747,1,2,1,604252,1358,105342,2614,0.012579198932898588,0.6581067472306144
6700,0.6748,2,0,2,604252,1358,105344,2612,0.012579198932898588,0.6579345088161209
6701,0.6749,0,1,0,604253,1357,105344,2612,0.012569935899811034,0.6581002771478962
6702,0.675,2,1,2,604254,1356,105346,2610,0.01256067286672348,0.6580937972768532
6703,0.6751,2,0,2,604254,1356,105348,2608,0.01256067286672348,0.6579212916246215
6704,0.6752,4,0,4,604254,1356,105352,2604,0.01256067286672348,0.6575757575757576
6705,0.6754,1,2,1,604256,1354,105353,2603,0.012542146800548371,0.6578215820065706
6706,0.6755,1,1,1,604257,1353,105354,2602,0.012532883767460817,0.6579013906447535
6707,0.6756,0,2,0,604259,1351,105354,2602,0.012514357701285709,0.6582342524664812
6708,0.6757,0,1,0,604260,1350,105354,2602,0.012505094668198154,0.6584008097165992
6709,0.6758,3,0,3,604260,1350,105357,2599,0.012505094668198154,0.6581413015953406
6710,0.6759,0,4,0,604264,1346,105357,2599,0.012468042535847938,0.658808618504436
6711,0.676,2,0,2,604264,1346,105359,2597,0.012468042535847938,0.6586355566827289
6712,0.6761,1,0,1,604264,1346,105360,2596,0.012468042535847938,0.6585489599188229
6713,0.6762,2,2,2,604266,1344,105362,2594,0.01244951646967283,0.6587100050787201
6714,0.6763,3,3,3,604269,1341,105365,2591,0.012421727370410167,0.6589521871820956
6715,0.6764,1,1,1,604270,1340,105366,2590,0.012412464337322612,0.6590330788804071
6716,0.6765,2,3,2,604273,1337,105368,2588,0.01238467523805995,0.6593630573248408
6717,0.6766,6,3,6,604276,1334,105374,2582,0.012356886138797287,0.6593462717058223
6718,0.6767,3,1,3,604277,1333,105377,2579,0.012347623105709733,0.6592535787321063
6719,0.6768,4,3,4,604280,1330,105381,2575,0.01231983400644707,0.6594110115236875
6720,0.6769,5,1,5,604281,1329,105386,2570,0.012310570973359516,0.6591433700948961
6721,0.677,6,0,6,604281,1329,105392,2564,0.012310570973359516,0.6586180323657848
6722,0.6771,4,1,4,604282,1328,105396,2560,0.012301307940271962,0.6584362139917695
6723,0.6772,1,2,1,604284,1326,105397,2559,0.012282781874096853,0.6586872586872586
6724,0.6773,3,0,3,604284,1326,105400,2556,0.012282781874096853,0.6584234930448223
6725,0.6774,3,0,3,604284,1326,105403,2553,0.012282781874096853,0.6581593194122196
6726,0.6776,2,1,2,604285,1325,105405,2551,0.0122735188410093,0.6581527347781218
6727,0.6777,3,2,3,604287,1323,105408,2548,0.012254992774834191,0.6582278481012658
6728,0.6778,0,2,0,604289,1321,105408,2548,0.012236466708659082,0.6585681054536056
6729,0.6779,1,1,1,604290,1320,105409,2547,0.01222720367557153,0.6586501163692785
6730,0.678,2,3,2,604293,1317,105411,2545,0.012199414576308867,0.6589849818746764
6731,0.6782,1,4,1,604297,1313,105412,2544,0.01216236244395865,0.6595799844438683
6732,0.6783,0,3,0,604300,1310,105412,2544,0.012134573344695988,0.6600934094447327
6733,0.6784,4,2,4,604302,1308,105416,2540,0.01211604727852088,0.66008316008316
6734,0.6785,3,1,3,604303,1307,105419,2537,0.012106784245433325,0.6599895941727367
6735,0.6786,3,3,3,604306,1304,105422,2534,0.012078995146170663,0.6602397081813445
6736,0.6787,0,2,0,604308,1302,105422,2534,0.012060469079995554,0.6605839416058394
6737,0.6788,2,1,2,604309,1301,105424,2532,0.012051206046908,0.6605791807983303
6738,0.6789,1,1,1,604310,1300,105425,2531,0.012041943013820446,0.6606630122683372
6739,0.679,3,2,3,604312,1298,105428,2528,0.012023416947645338,0.6607422895974908
6740,0.6791,3,2,3,604314,1296,105431,2525,0.012004890881470229,0.6608217744046061
6741,0.6792,1,3,1,604317,1293,105432,2524,0.011977101782207566,0.6612522923762116
6742,0.6793,4,1,4,604318,1292,105436,2520,0.011967838749120012,0.6610703043022036
6743,0.6794,8,1,8,604319,1291,105444,2512,0.011958575716032458,0.6605311596108335
6744,0.6795,1,0,1,604319,1291,105445,2511,0.011958575716032458,0.6604418726985797
6745,0.6796,0,2,0,604321,1289,105445,2511,0.01194004964985735,0.6607894736842105
6746,0.6797,3,2,3,604323,1287,105448,2508,0.011921523583682241,0.6608695652173913
6747,0.6798,4,1,4,604324,1286,105452,2504,0.011912260550594687,0.6606860158311345
6748,0.6799,0,2,0,604326,1284,105452,2504,0.011893734484419579,0.6610348468848997
6749,0.68,1,3,1,604329,1281,105453,2503,0.011865945385156916,0.6614693446088795
6750,0.6801,6,0,6,604329,1281,105459,2497,0.011865945385156916,0.6609317098994176
6751,0.6802,1,2,1,604331,1279,105460,2496,0.011847419318981808,0.6611920529801325
6752,0.6803,1,5,1,604336,1274,105461,2495,0.011801104153544037,0.6619793048553994
6753,0.6804,4,1,4,604337,1273,105465,2491,0.011791841120456482,0.6617959617428267
6754,0.6805,4,0,4,604337,1273,105469,2487,0.011791841120456482,0.6614361702127659
6755,0.6806,3,1,3,604338,1272,105472,2484,0.011782578087368928,0.6613418530351438
6756,0.6807,0,1,0,604339,1271,105472,2484,0.011773315054281374,0.6615179760319574
6757,0.6808,4,0,4,604339,1271,105476,2480,0.011773315054281374,0.6611570247933884
6758,0.6809,1,3,1,604342,1268,105477,2479,0.011745525955018711,0.6615959434214038
6759,0.681,2,3,2,604345,1265,105479,2477,0.011717736855756049,0.6619454836985569
6760,0.6811,3,1,3,604346,1264,105482,2474,0.011708473822668495,0.6618512573568753
6761,0.6812,1,2,1,604348,1262,105483,2473,0.011689947756493386,0.6621151271753681
6762,0.6813,4,2,4,604350,1260,105487,2469,0.011671421690318278,0.6621078037007241
6763,0.6814,4,2,4,604352,1258,105491,2465,0.01165289562414317,0.6621004566210046
6764,0.6815,6,2,6,604354,1256,105497,2459,0.011634369557968061,0.6619111709286676
6765,0.6816,1,0,1,604354,1256,105498,2458,0.011634369557968061,0.66182014001077
6766,0.6817,2,1,2,604355,1255,105500,2456,0.011625106524880507,0.6618162220425762
6767,0.6818,2,2,2,604357,1253,105502,2454,0.011606580458705398,0.661990828162935
6768,0.6819,1,2,1,604359,1251,105503,2453,0.01158805439253029,0.662257019438445
6769,0.682,4,1,4,604360,1250,105507,2449,0.011578791359442736,0.6620708299540417
6770,0.6822,0,2,0,604362,1248,105507,2449,0.011560265293267627,0.6624289964836354
6771,0.6823,2,1,2,604363,1247,105509,2447,0.011551002260180073,0.6624255549539795
6772,0.6824,2,2,2,604365,1245,105511,2445,0.011532476194004965,0.6626016260162602
6773,0.6825,4,0,4,604365,1245,105515,2441,0.011532476194004965,0.6622354856212697
6774,0.6826,2,0,2,604365,1245,105517,2439,0.011532476194004965,0.6620521172638436
6775,0.6827,3,1,3,604366,1244,105520,2436,0.01152321316091741,0.6619565217391304
6776,0.6828,2,2,2,604368,1242,105522,2434,0.011504687094742302,0.6621327529923831
6777,0.6829,1,2,1,604370,1240,105523,2433,0.011486161028567194,0.662401306833651
6778,0.683,3,2,3,604372,1238,105526,2430,0.011467634962392085,0.6624863685932388
6779,0.6831,1,3,1,604375,1235,105527,2429,0.011439845863129423,0.6629366812227074
6780,0.6832,3,4,3,604379,1231,105530,2426,0.011402793730779206,0.6633852884878315
6781,0.6833,1,3,1,604382,1228,105531,2425,0.011375004631516543,0.6638379414180126
6782,0.6834,3,1,3,604383,1227,105534,2422,0.011365741598428989,0.663743491367498
6783,0.6835,2,1,2,604384,1226,105536,2420,0.011356478565341435,0.6637410861217773
6784,0.6836,0,1,0,604385,1225,105536,2420,0.01134721553225388,0.663923182441701
6785,0.6837,0,1,0,604386,1224,105536,2420,0.011337952499166326,0.6641053787047201
6786,0.6838,0,1,0,604387,1223,105536,2420,0.011328689466078772,0.6642876749931376
6787,0.6839,4,1,4,604388,1222,105540,2416,0.011319426432991218,0.6641011544804838
6788,0.684,1,1,1,604389,1221,105541,2415,0.011310163399903664,0.6641914191419142
6789,0.6841,3,1,3,604390,1220,105544,2412,0.01130090036681611,0.6640969162995595
6790,0.6842,0,4,0,604394,1216,105544,2412,0.011263848234465893,0.6648291069459757
6791,0.6843,1,1,1,604395,1215,105545,2411,0.011254585201378339,0.6649200220628793
6792,0.6844,1,0,1,604395,1215,105546,2410,0.011254585201378339,0.6648275862068965
6793,0.6845,5,0,5,604395,1215,105551,2405,0.011254585201378339,0.664364640883978
6794,0.6846,3,3,3,604398,1212,105554,2402,0.011226796102115676,0.6646375207526287
6795,0.6847,2,2,2,604400,1210,105556,2400,0.011208270035940568,0.6648199445983379
6796,0.6848,1,2,1,604402,1208,105557,2399,0.01118974396976546,0.6650956473523704
6797,0.6849,2,1,2,604403,1207,105559,2397,0.011180480936677905,0.6650943396226415
6798,0.685,4,0,4,604403,1207,105563,2393,0.011180480936677905,0.6647222222222222
6799,0.6851,5,0,5,604403,1207,105568,2388,0.011180480936677905,0.6642559109874826
6800,0.6852,1,2,1,604405,1205,105569,2387,0.011161954870502798,0.6645322939866369
6801,0.6853,2,0,2,604405,1205,105571,2385,0.011161954870502798,0.6643454038997214
6802,0.6854,2,0,2,604405,1205,105573,2383,0.011161954870502798,0.6641583054626533
6803,0.6855,1,0,1,604405,1205,105574,2382,0.011161954870502798,0.664064678003903
6804,0.6856,2,2,2,604407,1203,105576,2380,0.01114342880432769,0.6642478370080938
6805,0.6858,2,1,2,604408,1202,105578,2378,0.011134165771240136,0.6642458100558659
6806,0.6859,1,2,1,604410,1200,105579,2377,0.011115639705065027,0.664523343584009
6807,0.686,2,2,2,604412,1198,105581,2375,0.011097113638889919,0.6647075286873776
6808,0.6861,4,1,4,604413,1197,105585,2371,0.011087850605802365,0.664517937219731
6809,0.6862,3,0,3,604413,1197,105588,2368,0.011087850605802365,0.6642356241234222
6810,0.6863,5,1,5,604414,1196,105593,2363,0.01107858757271481,0.6639505479067154
6811,0.6864,1,3,1,604417,1193,105594,2362,0.011050798473452148,0.6644163150492265
6812,0.6865,0,1,0,604418,1192,105594,2362,0.011041535440364594,0.6646032639279685
6813,0.6866,5,4,5,604422,1188,105599,2357,0.011004483308014377,0.6648801128349788
6814,0.6868,3,1,3,604423,1187,105602,2354,0.010995220274926823,0.6647839593335216
6815,0.6869,4,1,4,604424,1186,105606,2350,0.010985957241839268,0.6645927601809954
6816,0.687,4,1,4,604425,1185,105610,2346,0.010976694208751714,0.6644010195412065
6817,0.6871,3,1,3,604426,1184,105613,2343,0.01096743117566416,0.664303941026368
6818,0.6872,6,1,6,604427,1183,105619,2337,0.010958168142576606,0.6639204545454546
6819,0.6873,1,0,1,604427,1183,105620,2336,0.010958168142576606,0.663824950269963
6820,0.6874,3,1,3,604428,1182,105623,2333,0.010948905109489052,0.6637268847795164
6821,0.6875,0,2,0,604430,1180,105623,2333,0.010930379043313943,0.6641047537717051
6822,0.6876,1,0,1,604430,1180,105624,2332,0.010930379043313943,0.664009111617312
6823,0.6878,6,2,6,604432,1178,105630,2326,0.010911852977138835,0.6638127853881278
6824,0.6879,4,1,4,604433,1177,105634,2322,0.01090258994405128,0.6636181766218919
6825,0.688,2,0,2,604433,1177,105636,2320,0.01090258994405128,0.6634257935373177
6826,0.6881,3,2,3,604435,1175,105639,2317,0.010884063877876172,0.663516609392898
6827,0.6882,0,4,0,604439,1171,105639,2317,0.010847011745525955,0.6642775229357798
6828,0.6883,4,5,4,604444,1166,105643,2313,0.010800696580088184,0.6648462201782122
6829,0.6884,3,1,3,604445,1165,105646,2310,0.01079143354700063,0.6647482014388489
6830,0.6885,1,2,1,604447,1163,105647,2309,0.010772907480825522,0.6650345622119815
6831,0.6886,1,2,1,604449,1161,105648,2308,0.010754381414650413,0.6653214182761603
6832,0.6887,5,0,5,604449,1161,105653,2303,0.010754381414650413,0.664838337182448
6833,0.6888,5,1,5,604450,1160,105658,2298,0.010745118381562859,0.664545980335454
6834,0.6889,2,0,2,604450,1160,105660,2296,0.010745118381562859,0.6643518518518519
6835,0.689,2,5,2,604455,1155,105662,2294,0.010698803216125088,0.6651203247318063
6836,0.6891,2,1,2,604456,1154,105664,2292,0.010689540183037534,0.665118978525827
6837,0.6892,1,2,1,604458,1152,105665,2291,0.010671014116862425,0.6654080743537613
6838,0.6893,5,3,5,604461,1149,105670,2286,0.010643225017599763,0.6655021834061136
6839,0.6894,3,1,3,604462,1148,105673,2283,0.010633961984512209,0.6654036723987176
6840,0.6895,3,5,3,604467,1143,105676,2280,0.010587646819074438,0.6660823838737949
6841,0.6896,3,0,3,604467,1143,105679,2277,0.010587646819074438,0.6657894736842105
6842,0.6897,1,2,1,604469,1141,105680,2276,0.01056912075289933,0.6660813579163009
6843,0.6898,3,0,3,604469,1141,105683,2273,0.01056912075289933,0.6657879320445226
6844,0.6899,1,2,1,604471,1139,105684,2272,0.01055059468672422,0.6660803283494576
6845,0.69,7,1,7,604472,1138,105691,2265,0.010541331653636667,0.6655891860123421
6846,0.6901,5,0,5,604472,1138,105696,2260,0.010541331653636667,0.6650971159505592
6847,0.6902,3,1,3,604473,1137,105699,2257,0.010532068620549112,0.6649970536240424
6848,0.6903,1,2,1,604475,1135,105700,2256,0.010513542554374004,0.6652904747861987
6849,0.6904,1,3,1,604478,1132,105701,2255,0.010485753455111341,0.6657809270741069
6850,0.6905,3,3,3,604481,1129,105704,2252,0.010457964355848679,0.6660751257024549
6851,0.6906,2,1,2,604482,1128,105706,2250,0.010448701322761125,0.6660746003552398
6852,0.6907,0,2,0,604484,1126,105706,2250,0.010430175256586016,0.6664691943127962
6853,0.6908,3,0,3,604484,1126,105709,2247,0.010430175256586016,0.6661725466943373
6854,0.6909,4,1,4,604485,1125,105713,2243,0.010420912223498462,0.6659738717339667
6855,0.691,3,2,3,604487,1123,105716,2240,0.010402386157323354,0.6660719595599167
6856,0.6911,3,1,3,604488,1122,105719,2237,0.0103931231242358,0.6659720154807979
6857,0.6912,2,0,2,604488,1122,105721,2235,0.0103931231242358,0.6657730116175157
6858,0.6913,1,2,1,604490,1120,105722,2234,0.010374597058060691,0.6660703637447823
6859,0.6914,1,0,1,604490,1120,105723,2233,0.010374597058060691,0.6659707724425887
6860,0.6915,4,7,4,604497,1113,105727,2229,0.010309755826447812,0.6669658886894075
6861,0.6916,2,0,2,604497,1113,105729,2227,0.010309755826447812,0.6667664670658683
6862,0.6917,2,1,2,604498,1112,105731,2225,0.010300492793360257,0.6667665567875337
6863,0.6918,2,1,2,604499,1111,105733,2223,0.010291229760272703,0.6667666466706659
6864,0.6919,4,2,4,604501,1109,105737,2219,0.010272703694097595,0.6667668269230769
6865,0.692,1,1,1,604502,1108,105738,2218,0.01026344066101004,0.666867107636801
6866,0.6921,2,0,2,604502,1108,105740,2216,0.01026344066101004,0.6666666666666666
6867,0.6922,3,4,3,604506,1104,105743,2213,0.010226388528659824,0.6671691287307808
6868,0.6923,3,0,3,604506,1104,105746,2210,0.010226388528659824,0.6668678334339168
6869,0.6925,2,0,2,604506,1104,105748,2208,0.010226388528659824,0.6666666666666666
6870,0.6926,3,0,3,604506,1104,105751,2205,0.010226388528659824,0.6663644605621033
6871,0.6927,0,4,0,604510,1100,105751,2205,0.010189336396309607,0.6671709531013615
6872,0.6929,3,0,3,604510,1100,105754,2202,0.010189336396309607,0.6668685645063598
6873,0.693,2,3,2,604513,1097,105756,2200,0.010161547297046944,0.6672732787382469
6874,0.6931,1,1,1,604514,1096,105757,2199,0.01015228426395939,0.6673748103186646
6875,0.6932,1,2,1,604516,1094,105758,2198,0.010133758197784282,0.6676792223572297
6876,0.6933,4,0,4,604516,1094,105762,2194,0.010133758197784282,0.6672749391727494
6877,0.6934,0,2,0,604518,1092,105762,2194,0.010115232131609173,0.667681071211199
6878,0.6935,1,1,1,604519,1091,105763,2193,0.01010596909852162,0.667783191230207
6879,0.6936,2,1,2,604520,1090,105765,2191,0.010096706065434067,0.667784212130448
6880,0.6937,2,0,2,604520,1090,105767,2189,0.010096706065434067,0.6675815797499237
6881,0.6938,1,2,1,604522,1088,105768,2188,0.010078179999258958,0.6678876678876678
6882,0.6939,0,1,0,604523,1087,105768,2188,0.010068916966171404,0.6680916030534351
6883,0.694,0,2,0,604525,1085,105768,2188,0.010050390899996296,0.6684998472349526
6884,0.6941,3,3,3,604528,1082,105771,2185,0.010022601800733633,0.6688093051729416
6885,0.6942,1,0,1,604528,1082,105772,2184,0.010022601800733633,0.6687078995713411
6886,0.6943,2,4,2,604532,1078,105774,2182,0.009985549668383416,0.6693251533742332
6887,0.6944,3,1,3,604533,1077,105777,2179,0.009976286635295862,0.6692260442260443
6888,0.6945,0,3,0,604536,1074,105777,2179,0.0099484975360332,0.6698432216415616
6889,0.6946,4,0,4,604536,1074,105781,2175,0.0099484975360332,0.6694367497691598
6890,0.6947,2,0,2,604536,1074,105783,2173,0.0099484975360332,0.6692331382814906
6891,0.6948,1,1,1,604537,1073,105784,2172,0.009939234502945645,0.6693374422187982
6892,0.6949,4,0,4,604537,1073,105788,2168,0.009939234502945645,0.6689293427954335
6893,0.695,4,3,4,604540,1070,105792,2164,0.009911445403682983,0.6691403834260977
6894,0.6951,1,0,1,604540,1070,105793,2163,0.009911445403682983,0.6690380451592948
6895,0.6952,4,3,4,604543,1067,105797,2159,0.00988365630442032,0.6692498450092994
6896,0.6953,2,1,2,604544,1066,105799,2157,0.009874393271332766,0.6692522494570277
6897,0.6954,0,1,0,604545,1065,105799,2157,0.009865130238245211,0.6694599627560521
6898,0.6955,1,0,1,604545,1065,105800,2156,0.009865130238245211,0.6693573424402359
6899,0.6956,4,0,4,604545,1065,105804,2152,0.009865130238245211,0.6689462231893069
6900,0.6957,2,1,2,604546,1064,105806,2150,0.009855867205157657,0.6689483509645302
6901,0.6958,4,2,4,604548,1062,105810,2146,0.009837341138982549,0.6689526184538653
6902,0.6959,1,1,1,604549,1061,105811,2145,0.009828078105894995,0.6690580162195883
6903,0.696,1,0,1,604549,1061,105812,2144,0.009828078105894995,0.6689547581903276
6904,0.6961,4,2,4,604551,1059,105816,2140,0.009809552039719886,0.6689590497030322
6905,0.6962,1,0,1,604551,1059,105817,2139,0.009809552039719886,0.6688555347091932
6906,0.6963,1,1,1,604552,1058,105818,2138,0.009800289006632332,0.6689612015018773
6907,0.6964,1,2,1,604554,1056,105819,2137,0.009781762940457224,0.66927654243658
6908,0.6965,3,1,3,604555,1055,105822,2134,0.00977249990736967,0.6691752900595798
6909,0.6966,2,1,2,604556,1054,105824,2132,0.009763236874282115,0.6691776522284997
6910,0.6967,5,3,5,604559,1051,105829,2127,0.009735447775019453,0.6692888609188169
6911,0.6968,4,2,4,604561,1049,105833,2123,0.009716921708844344,0.6692938209331651
6912,0.6969,1,0,1,604561,1049,105834,2122,0.009716921708844344,0.6691895301166825
6913,0.697,4,0,4,604561,1049,105838,2118,0.009716921708844344,0.6687717082412378
6914,0.6971,1,0,1,604561,1049,105839,2117,0.009716921708844344,0.6686670878079596
6915,0.6972,4,1,4,604562,1048,105843,2113,0.00970765867575679,0.6684593483074976
6916,0.6973,2,1,2,604563,1047,105845,2111,0.009698395642669236,0.66846105129829
6917,0.6974,4,1,4,604564,1046,105849,2107,0.009689132609581682,0.6682524579765303
6918,0.6975,1,2,1,604566,1044,105850,2106,0.009670606543406573,0.6685714285714286
6919,0.6976,1,1,1,604567,1043,105851,2105,0.009661343510319019,0.6686785260482846
6920,0.6977,1,4,1,604571,1039,105852,2104,0.009624291377968802,0.669424117085587
6921,0.6978,3,1,3,604572,1038,105855,2101,0.009615028344881248,0.6693214399490284
6922,0.6979,4,4,4,604576,1034,105859,2097,0.009577976212531031,0.6697540721814117
6923,0.698,2,1,2,604577,1033,105861,2095,0.009568713179443477,0.6697570332480819
6924,0.6981,3,1,3,604578,1032,105864,2092,0.009559450146355923,0.6696542893725992
6925,0.6982,0,2,0,604580,1030,105864,2092,0.009540924080180814,0.6700832799487508
6926,0.6983,3,1,3,604581,1029,105867,2089,0.00953166104709326,0.6699807568954458
6927,0.6984,0,1,0,604582,1028,105867,2089,0.009522398014005706,0.6701957009945461
6928,0.6985,2,0,2,604582,1028,105869,2087,0.009522398014005706,0.669983948635634
6929,0.6986,3,3,3,604585,1025,105872,2084,0.009494608914743043,0.6703119974268253
6930,0.6987,2,1,2,604586,1024,105874,2082,0.009485345881655489,0.6703155183515775
6931,0.6988,2,2,2,604588,1022,105876,2080,0.00946681981548038,0.670535138620245
6932,0.6989,1,2,1,604590,1020,105877,2079,0.009448293749305272,0.6708615682478218
6933,0.699,1,3,1,604593,1017,105878,2078,0.00942050465004261,0.67140549273021
6934,0.6991,1,4,1,604597,1013,105879,2077,0.009383452517692393,0.672168284789644
6935,0.6992,2,3,2,604600,1010,105881,2075,0.00935566341842973,0.6726094003241491
6936,0.6993,2,1,2,604601,1009,105883,2073,0.009346400385342176,0.672615184944841
6937,0.6994,5,2,5,604603,1007,105888,2068,0.009327874319167068,0.672520325203252
6938,0.6995,3,3,3,604606,1004,105891,2065,0.009300085219904405,0.6728576083414793
6939,0.6996,4,1,4,604607,1003,105895,2061,0.00929082218681685,0.6726501305483029
6940,0.6997,2,1,2,604608,1002,105897,2059,0.009281559153729297,0.67265599477295
6941,0.6998,1,2,1,604610,1000,105898,2058,0.009263033087554188,0.6729888816219751
6942,0.6999,1,1,1,604611,999,105899,2057,0.009253770054466634,0.6731020942408377
6943,0.7,5,2,5,604613,997,105904,2052,0.009235243988291526,0.6730075434568711
6944,0.7001,2,1,2,604614,996,105906,2050,0.009225980955203971,0.6730137885751806
6945,0.7002,1,2,1,604616,994,105907,2049,0.009207454889028863,0.6733486690765692
6946,0.7003,3,2,3,604618,992,105910,2046,0.009188928822853755,0.673469387755102
6947,0.7004,3,0,3,604618,992,105913,2043,0.009188928822853755,0.6731466227347611
6948,0.7005,4,3,4,604621,989,105917,2039,0.009161139723591092,0.6733817701453104
6949,0.7006,0,4,0,604625,985,105917,2039,0.009124087591240875,0.6742724867724867
6950,0.7007,1,2,1,604627,983,105918,2038,0.009105561525065767,0.6746110559417412
6951,0.7008,1,3,1,604630,980,105919,2037,0.009077772425803104,0.6751740139211136
6952,0.7009,3,2,3,604632,978,105922,2034,0.009059246359627996,0.6752988047808764
6953,0.701,1,1,1,604633,977,105923,2033,0.009049983326540442,0.6754152823920265
6954,0.7011,2,0,2,604633,977,105925,2031,0.009049983326540442,0.6751994680851063
6955,0.7012,2,3,2,604636,974,105927,2029,0.00902219422727778,0.6756576756576756
6956,0.7013,2,0,2,604636,974,105929,2027,0.00902219422727778,0.6754415194935022
6957,0.7014,1,2,1,604638,972,105930,2026,0.009003668161102672,0.675783855903936
6958,0.7015,1,0,1,604638,972,105931,2025,0.009003668161102672,0.6756756756756757
6959,0.7016,3,0,3,604638,972,105934,2022,0.009003668161102672,0.6753507014028056
6960,0.7017,1,3,1,604641,969,105935,2021,0.00897587906184001,0.6759197324414715
6961,0.7018,1,0,1,604641,969,105936,2020,0.00897587906184001,0.6758113081298093
6962,0.7019,2,0,2,604641,969,105938,2018,0.00897587906184001,0.6755942417140944
6963,0.702,3,1,3,604642,968,105941,2015,0.008966616028752455,0.6754944686557157
6964,0.7021,2,0,2,604642,968,105943,2013,0.008966616028752455,0.6752767527675276
6965,0.7022,3,2,3,604644,966,105946,2010,0.008948089962577347,0.6754032258064516
6966,0.7023,1,4,1,604648,962,105947,2009,0.00891103783022713,0.6762032985526759
6967,0.7024,1,1,1,604649,961,105948,2008,0.008901774797139576,0.6763219939373526
6968,0.7025,3,0,3,604649,961,105951,2005,0.008901774797139576,0.6759946055293324
6969,0.7026,1,2,1,604651,959,105952,2004,0.008883248730964468,0.6763415457306784
6970,0.7027,3,2,3,604653,957,105955,2001,0.00886472266478936,0.6764705882352942
6971,0.7028,1,2,1,604655,955,105956,2000,0.00884619659861425,0.676818950930626
6972,0.7029,0,1,0,604656,954,105956,2000,0.008836933565526697,0.6770480704129993
6973,0.703,2,1,2,604657,953,105958,1998,0.008827670532439142,0.677058624195188
6974,0.7031,1,1,1,604658,952,105959,1997,0.008818407499351588,0.6771787046456426
6975,0.7032,1,1,1,604659,951,105960,1996,0.008809144466264034,0.6772989480827961
6976,0.7033,3,0,3,604659,951,105963,1993,0.008809144466264034,0.6769701086956522
6977,0.7034,1,2,1,604661,949,105964,1992,0.008790618400088926,0.6773206392383543
6978,0.7035,6,0,6,604661,949,105970,1986,0.008790618400088926,0.6766609880749574
6979,0.7036,4,2,4,604663,947,105974,1982,0.008772092333913817,0.6766814612495732
6980,0.7037,2,2,2,604665,945,105976,1980,0.008753566267738709,0.676923076923077
6981,0.7038,1,2,1,604667,943,105977,1979,0.0087350402015636,0.6772758384668036
6982,0.7039,1,1,1,604668,942,105978,1978,0.008725777168476046,0.6773972602739726
6983,0.704,5,1,5,604669,941,105983,1973,0.008716514135388492,0.6770761839396019
6984,0.7041,3,0,3,604669,941,105986,1970,0.008716514135388492,0.6767433871521814
6985,0.7042,0,2,0,604671,939,105986,1970,0.008697988069213384,0.6772086627707116
6986,0.7043,1,2,1,604673,937,105987,1969,0.008679462003038275,0.6775636613902272
6987,0.7044,1,3,1,604676,934,105988,1968,0.008651672903775613,0.6781529979324604
6988,0.7046,2,1,2,604677,933,105990,1966,0.008642409870688058,0.6781648844429113
6989,0.7047,5,2,5,604679,931,105995,1961,0.00862388380451295,0.6780774550484094
6990,0.7048,3,4,3,604683,927,105998,1958,0.008586831672162733,0.6786828422876949
6991,0.7049,3,1,3,604684,926,106001,1955,0.008577568639075179,0.6785838250607428
6992,0.705,1,2,1,604686,924,106002,1954,0.00855904257290007,0.6789437109103544
6993,0.7051,1,1,1,604687,923,106003,1953,0.008549779539812516,0.6790681502086231
6994,0.7052,2,3,2,604690,920,106005,1951,0.008521990440549854,0.679554162312783
6995,0.7053,1,1,1,604691,919,106006,1950,0.0085127274074623,0.6796793307772743
6996,0.7054,3,1,3,604692,918,106009,1947,0.008503464374374745,0.6795811518324607
6997,0.7056,1,1,1,604693,917,106010,1946,0.008494201341287191,0.6797066014669927
6998,0.7057,2,1,2,604694,916,106012,1944,0.008484938308199637,0.6797202797202797
6999,0.7059,5,0,5,604694,916,106017,1939,0.008484938308199637,0.6791593695271454
7000,0.706,2,1,2,604695,915,106019,1937,0.008475675275112083,0.6791725105189341
7001,0.7061,1,1,1,604696,914,106020,1936,0.008466412242024528,0.6792982456140351
7002,0.7062,2,0,2,604696,914,106022,1934,0.008466412242024528,0.6790730337078652
7003,0.7063,2,0,2,604696,914,106024,1932,0.008466412242024528,0.6788475052705552
7004,0.7064,3,0,3,604696,914,106027,1929,0.008466412242024528,0.6785086176574041
7005,0.7065,0,3,0,604699,911,106027,1929,0.008438623142761866,0.6792253521126761
7006,0.7066,1,0,1,604699,911,106028,1928,0.008438623142761866,0.6791123635082775
7007,0.7067,3,2,3,604701,909,106031,1925,0.008420097076586757,0.6792519407198306
7008,0.7068,3,0,3,604701,909,106034,1922,0.008420097076586757,0.6789120452137054
7009,0.7069,2,1,2,604702,908,106036,1920,0.008410834043499203,0.6789250353606789
7010,0.707,1,1,1,604703,907,106037,1919,0.008401571010411649,0.6790516631280963
7011,0.7071,1,1,1,604704,906,106038,1918,0.008392307977324095,0.6791784702549575
7012,0.7072,4,3,4,604707,903,106042,1914,0.008364518878061432,0.6794462193823216
7013,0.7073,2,1,2,604708,902,106044,1912,0.008355255844973878,0.6794598436389481
7014,0.7074,2,3,2,604711,899,106046,1910,0.008327466745711215,0.6799572801708793
7015,0.7075,1,2,1,604713,897,106047,1909,0.008308940679536107,0.680327868852459
7016,0.7076,1,0,1,604713,897,106048,1908,0.008308940679536107,0.6802139037433155
7017,0.7077,0,2,0,604715,895,106048,1908,0.008290414613360999,0.6806992508027114
7018,0.7078,2,0,2,604715,895,106050,1906,0.008290414613360999,0.6804712602641914
7019,0.708,2,2,2,604717,893,106052,1904,0.00827188854718589,0.6807293528780837
7020,0.7081,5,1,5,604718,892,106057,1899,0.008262625514098336,0.6804012898602652
7021,0.7082,1,0,1,604718,892,106058,1898,0.008262625514098336,0.6802867383512545
7022,0.7083,2,1,2,604719,891,106060,1896,0.008253362481010782,0.6803013993541442
7023,0.7084,6,2,6,604721,889,106066,1890,0.008234836414835673,0.6801007556675063
7024,0.7085,0,1,0,604722,888,106066,1890,0.00822557338174812,0.6803455723542117
7025,0.7086,2,1,2,604723,887,106068,1888,0.008216310348660565,0.6803603603603604
7026,0.7087,2,3,2,604726,884,106070,1886,0.008188521249397902,0.6808664259927798
7027,0.7088,5,0,5,604726,884,106075,1881,0.008188521249397902,0.6802893309222423
7028,0.7089,3,2,3,604728,882,106078,1878,0.008169995183222794,0.6804347826086956
7029,0.7091,0,5,0,604733,877,106078,1878,0.008123680017785023,0.6816696914700544
7030,0.7092,2,0,2,604733,877,106080,1876,0.008123680017785023,0.6814384308027607
7031,0.7093,2,0,2,604733,877,106082,1874,0.008123680017785023,0.6812068338785896
7032,0.7094,1,2,1,604735,875,106083,1873,0.008105153951609914,0.6815866084425036
7033,0.7096,3,2,3,604737,873,106086,1870,0.008086627885434806,0.6817353262850894
7034,0.7098,1,2,1,604739,871,106087,1869,0.008068101819259698,0.6821167883211678
7035,0.7099,3,0,3,604739,871,106090,1866,0.008068101819259698,0.6817683595177201
7036,0.71,2,2,2,604741,869,106092,1864,0.00804957575308459,0.6820343944383461
7037,0.7101,1,1,1,604742,868,106093,1863,0.008040312719997035,0.6821677041376785
7038,0.7102,2,2,2,604744,866,106095,1861,0.008021786653821927,0.6824349101576824
7039,0.7103,3,1,3,604745,865,106098,1858,0.008012523620734372,0.6823356591994124
7040,0.7104,4,1,4,604746,864,106102,1854,0.008003260587646818,0.6821192052980133
7041,0.7105,1,3,1,604749,861,106103,1853,0.007975471488384157,0.682756079587325
7042,0.7106,2,2,2,604751,859,106105,1851,0.007956945422209049,0.6830258302583025
7043,0.7107,1,3,1,604754,856,106106,1850,0.007929156322946386,0.6836659275683666
7044,0.7108,2,0,2,604754,856,106108,1848,0.007929156322946386,0.6834319526627219
7045,0.7109,0,2,0,604756,854,106108,1848,0.007910630256771278,0.6839378238341969
7046,0.711,6,1,6,604757,853,106114,1842,0.007901367223683724,0.6834879406307978
7047,0.7111,1,2,1,604759,851,106115,1841,0.007882841157508615,0.6838781575037147
7048,0.7112,3,0,3,604759,851,106118,1838,0.007882841157508615,0.6835254741539606
7049,0.7113,2,2,2,604761,849,106120,1836,0.007864315091333507,0.6837988826815642
7050,0.7114,0,1,0,604762,848,106120,1836,0.007855052058245953,0.684053651266766
7051,0.7115,2,3,2,604765,845,106122,1834,0.00782726295898329,0.6845837999253452
7052,0.7116,2,0,2,604765,845,106124,1832,0.00782726295898329,0.6843481509152036
7053,0.7117,4,1,4,604766,844,106128,1828,0.007817999925895736,0.6841317365269461
7054,0.7118,2,2,2,604768,842,106130,1826,0.007799473859720627,0.684407796101949
7055,0.7119,1,2,1,604770,840,106131,1825,0.007780947793545518,0.6848030018761726
7056,0.712,1,1,1,604771,839,106132,1824,0.007771684760457964,0.6849417949680812
7057,0.7121,1,0,1,604771,839,106133,1823,0.007771684760457964,0.6848234410217882
7058,0.7122,1,0,1,604771,839,106134,1822,0.007771684760457964,0.6847049981210072
7059,0.7123,0,3,0,604774,836,106134,1822,0.007743895661195301,0.6854778028592927
7060,0.7124,5,1,5,604775,835,106139,1817,0.007734632628107747,0.6851432880844646
7061,0.7125,3,1,3,604776,834,106142,1814,0.007725369595020193,0.6850453172205438
7062,0.7126,0,1,0,604777,833,106142,1814,0.007716106561932639,0.685304117869286
7063,0.7127,0,1,0,604778,832,106142,1814,0.0077068435288450855,0.6855631141345427
7064,0.7128,3,1,3,604779,831,106145,1811,0.007697580495757531,0.6854655563966692
7065,0.7129,2,0,2,604779,831,106147,1809,0.007697580495757531,0.6852272727272727
7066,0.713,1,1,1,604780,830,106148,1808,0.007688317462669977,0.6853677028051555
7067,0.7131,2,3,2,604783,827,106150,1806,0.0076605283634073144,0.685909608811242
7068,0.7132,4,1,4,604784,826,106154,1802,0.00765126533031976,0.6856925418569254
7069,0.7133,0,1,0,604785,825,106154,1802,0.007642002297232206,0.6859535591929958
7070,0.7134,2,1,2,604786,824,106156,1800,0.007632739264144652,0.6859756097560976
7071,0.7135,0,2,0,604788,822,106156,1800,0.007614213197969543,0.6864988558352403
7072,0.7136,3,3,3,604791,819,106159,1797,0.007586424098706881,0.6869266055045872
7073,0.7137,1,0,1,604791,819,106160,1796,0.007586424098706881,0.6868068833652008
7074,0.7138,1,1,1,604792,818,106161,1795,0.007577161065619327,0.6869498660543437
7075,0.7139,3,1,3,604793,817,106164,1792,0.007567898032531772,0.6868532004599464
7076,0.714,1,1,1,604794,816,106165,1791,0.007558634999444218,0.6869965477560415
7077,0.7141,0,1,0,604795,815,106165,1791,0.007549371966356664,0.6872601688411358
7078,0.7142,1,1,1,604796,814,106166,1790,0.00754010893326911,0.6874039938556068
7079,0.7143,1,0,1,604796,814,106167,1789,0.00754010893326911,0.6872839031886285
7080,0.7144,2,0,2,604796,814,106169,1787,0.00754010893326911,0.687043444828912
7081,0.7145,1,1,1,604797,813,106170,1786,0.007530845900181556,0.6871873797614467
7082,0.7146,1,3,1,604800,810,106171,1785,0.007503056800918893,0.6878612716763006
7083,0.7148,1,0,1,604800,810,106172,1784,0.007503056800918893,0.6877409406322282
7084,0.7149,0,1,0,604801,809,106172,1784,0.007493793767831339,0.6880061704589279
7085,0.715,2,1,2,604802,808,106174,1782,0.0074845307347437846,0.6880308880308881
7086,0.7151,2,2,2,604804,806,106176,1780,0.007466004668568676,0.6883217324052591
7087,0.7152,3,1,3,604805,805,106179,1777,0.007456741635481122,0.6882261812548413
7088,0.7153,1,1,1,604806,804,106180,1776,0.007447478602393568,0.6883720930232559
7089,0.7154,5,0,5,604806,804,106185,1771,0.007447478602393568,0.6877669902912621
7090,0.7155,1,0,1,604806,804,106186,1770,0.007447478602393568,0.6876456876456877
7091,0.7156,3,3,3,604809,801,106189,1767,0.007419689503130905,0.6880841121495327
7092,0.7157,4,1,4,604810,800,106193,1763,0.007410426470043351,0.6878657822863832
7093,0.7158,2,0,2,604810,800,106195,1761,0.007410426470043351,0.6876220226474034
7094,0.7159,2,0,2,604810,800,106197,1759,0.007410426470043351,0.6873778819851505
7095,0.716,2,3,2,604813,797,106199,1757,0.007382637370780688,0.6879404855129209
7096,0.7161,3,0,3,604813,797,106202,1754,0.007382637370780688,0.6875735005880047
7097,0.7163,1,1,1,604814,796,106203,1753,0.007373374337693134,0.6877206747744213
7098,0.7164,2,1,2,604815,795,106205,1751,0.00736411130460558,0.687745483110762
7099,0.7165,2,3,2,604818,792,106207,1749,0.007336322205342917,0.6883116883116883
7100,0.7166,2,0,2,604818,792,106209,1747,0.007336322205342917,0.6880661677825916
7101,0.7167,5,0,5,604818,792,106214,1742,0.007336322205342917,0.6874506708760852
7102,0.7168,1,2,1,604820,790,106215,1741,0.007317796139167809,0.6878704069537732
7103,0.7169,5,2,5,604822,788,106220,1736,0.0072992700729927005,0.687797147385103
7104,0.717,2,1,2,604823,787,106222,1734,0.007290007039905146,0.6878222927409758
7105,0.7171,0,3,0,604826,784,106222,1734,0.007262217940642484,0.6886417791898332
7106,0.7172,4,2,4,604828,782,106226,1730,0.007243691874467375,0.6886942675159236
7107,0.7173,3,0,3,604828,782,106229,1727,0.007243691874467375,0.6883220406536469
7108,0.7174,2,1,2,604829,781,106231,1725,0.007234428841379821,0.6883479648842777
7109,0.7175,2,2,2,604831,779,106233,1723,0.007215902775204713,0.6886490807354116
7110,0.7176,1,2,1,604833,777,106234,1722,0.007197376709029604,0.6890756302521008
7111,0.7177,2,0,2,604833,777,106236,1720,0.007197376709029604,0.6888265919102924
7112,0.7178,3,0,3,604833,777,106239,1717,0.007197376709029604,0.6884522854851644
7113,0.7179,2,3,2,604836,774,106241,1715,0.0071695876097669425,0.6890317396544797
7114,0.718,1,1,1,604837,773,106242,1714,0.007160324576679388,0.6891837555287494
7115,0.7181,1,1,1,604838,772,106243,1713,0.007151061543591834,0.6893360160965795
7116,0.7182,2,0,2,604838,772,106245,1711,0.007151061543591834,0.6890857833266211
7117,0.7183,1,3,1,604841,769,106246,1710,0.0071232724443291715,0.6897942718838241
7118,0.7184,1,1,1,604842,768,106247,1709,0.007114009411241617,0.6899475171578522
7119,0.7185,5,0,5,604842,768,106252,1704,0.007114009411241617,0.6893203883495146
7120,0.7186,0,1,0,604843,767,106252,1704,0.007104746378154063,0.6895993524888709
7121,0.7187,0,1,0,604844,766,106252,1704,0.007095483345066509,0.6898785425101215
7122,0.7188,3,0,3,604844,766,106255,1701,0.007095483345066509,0.6895014187271991
7123,0.7189,2,3,2,604847,763,106257,1699,0.007067694245803846,0.690089358245329
7124,0.719,2,0,2,604847,763,106259,1697,0.007067694245803846,0.6898373983739837
7125,0.7191,3,0,3,604847,763,106262,1694,0.007067694245803846,0.6894586894586895
7126,0.7192,1,0,1,604847,763,106263,1693,0.007067694245803846,0.6893322475570033
7127,0.7193,3,0,3,604847,763,106266,1690,0.007067694245803846,0.6889523033020791
7128,0.7194,1,2,1,604849,761,106267,1689,0.007049168179628738,0.6893877551020409
7129,0.7195,1,0,1,604849,761,106268,1688,0.007049168179628738,0.6892609228256431
7130,0.7196,2,2,2,604851,759,106270,1686,0.0070306421134536294,0.6895705521472393
7131,0.7197,4,0,4,604851,759,106274,1682,0.0070306421134536294,0.6890618598934862
7132,0.7198,0,2,0,604853,757,106274,1682,0.007012116047278521,0.6896268962689627
7133,0.7199,4,0,4,604853,757,106278,1678,0.007012116047278521,0.6891170431211499
7134,0.72,2,1,2,604854,756,106280,1676,0.007002853014190967,0.6891447368421053
7135,0.7201,1,1,1,604855,755,106281,1675,0.006993589981103413,0.6893004115226338
7136,0.7202,1,1,1,604856,754,106282,1674,0.006984326948015858,0.6894563426688632
7137,0.7203,1,1,1,604857,753,106283,1673,0.006975063914928304,0.6896125309150866
7138,0.7204,2,0,2,604857,753,106285,1671,0.006975063914928304,0.6893564356435643
7139,0.7205,2,1,2,604858,752,106287,1669,0.00696580088184075,0.6893845518380834
7140,0.7206,3,1,3,604859,751,106290,1666,0.006956537848753196,0.6892842366570128
7141,0.7207,1,3,1,604862,748,106291,1665,0.006928748749490533,0.6900124326564443
7142,0.7208,3,0,3,604862,748,106294,1662,0.006928748749490533,0.6896265560165975
7143,0.7209,1,0,1,604862,748,106295,1661,0.006928748749490533,0.6894977168949772
7144,0.721,2,0,2,604862,748,106297,1659,0.006928748749490533,0.6892397174906523
7145,0.7211,3,1,3,604863,747,106300,1656,0.006919485716402979,0.6891385767790262
7146,0.7212,3,0,3,604863,747,106303,1653,0.006919485716402979,0.68875
7147,0.7213,3,0,3,604863,747,106306,1650,0.006919485716402979,0.688360450563204
7148,0.7214,2,1,2,604864,746,106308,1648,0.006910222683315425,0.6883876357560568
7149,0.7215,2,2,2,604866,744,106310,1646,0.006891696617140316,0.6887029288702929
7150,0.7216,2,0,2,604866,744,106312,1644,0.006891696617140316,0.6884422110552764
7151,0.7217,3,0,3,604866,744,106315,1641,0.006891696617140316,0.6880503144654088
7152,0.7218,0,1,0,604867,743,106315,1641,0.006882433584052762,0.6883389261744967
7153,0.7219,2,1,2,604868,742,106317,1639,0.006873170550965208,0.6883662326753465
7154,0.722,1,0,1,604868,742,106318,1638,0.006873170550965208,0.6882352941176471
7155,0.7221,0,1,0,604869,741,106318,1638,0.006863907517877654,0.6885245901639344
7156,0.7222,4,2,4,604871,739,106322,1634,0.006845381451702545,0.6885798567214496
7157,0.7223,2,3,2,604874,736,106324,1632,0.006817592352439883,0.6891891891891891
7158,0.7225,0,1,0,604875,735,106324,1632,0.0068083293193523286,0.6894803548795945
7159,0.7226,2,3,2,604878,732,106326,1630,0.006780540220089666,0.6900931414055885
7160,0.7227,4,0,4,604878,732,106330,1626,0.006780540220089666,0.6895674300254453
7161,0.7228,4,0,4,604878,732,106334,1622,0.006780540220089666,0.6890399320305862
7162,0.7229,1,5,1,604883,727,106335,1621,0.006734225054651895,0.6903747870528109
7163,0.723,2,2,2,604885,725,106337,1619,0.0067156989884767865,0.6906996587030717
7164,0.7231,1,0,1,604885,725,106338,1618,0.0067156989884767865,0.6905676483141272
7165,0.7232,2,1,2,604886,724,106340,1616,0.006706435955389232,0.6905982905982906
7166,0.7233,2,1,2,604887,723,106342,1614,0.006697172922301678,0.6906290115532734
7167,0.7234,1,0,1,604887,723,106343,1613,0.006697172922301678,0.6904965753424658
7168,0.7235,3,0,3,604887,723,106346,1610,0.006697172922301678,0.690098585512216
7169,0.7236,2,0,2,604887,723,106348,1608,0.006697172922301678,0.6898326898326899
7170,0.7237,2,0,2,604887,723,106350,1606,0.006697172922301678,0.6895663374838986
7171,0.7238,4,1,4,604888,722,106354,1602,0.006687909889214124,0.689328743545611
7172,0.7239,3,1,3,604889,721,106357,1599,0.00667864685612657,0.6892241379310344
7173,0.724,2,2,2,604891,719,106359,1597,0.006660120789951461,0.6895509499136442
7174,0.7241,5,3,5,604894,716,106364,1592,0.0066323316906887995,0.6897746967071057
7175,0.7242,3,2,3,604896,714,106367,1589,0.006613805624513691,0.6899696048632219
7176,0.7243,1,1,1,604897,713,106368,1588,0.006604542591426137,0.6901347240330291
7177,0.7244,6,0,6,604897,713,106374,1582,0.006604542591426137,0.6893246187363834
7178,0.7245,2,0,2,604897,713,106376,1580,0.006604542591426137,0.6890536415176625
7179,0.7246,2,1,2,604898,712,106378,1578,0.006595279558338583,0.6890829694323144
7180,0.7247,0,2,0,604900,710,106378,1578,0.006576753492163474,0.6896853146853147
7181,0.7248,3,4,3,604904,706,106381,1575,0.0065397013598132575,0.6904866286716352
7182,0.7249,0,1,0,604905,705,106381,1575,0.006530438326725703,0.6907894736842105
7183,0.7251,2,0,2,604905,705,106383,1573,0.006530438326725703,0.6905179982440738
7184,0.7252,3,1,3,604906,704,106386,1570,0.006521175293638149,0.6904133685136323
7185,0.7253,2,0,2,604906,704,106388,1568,0.006521175293638149,0.6901408450704225
7186,0.7254,2,0,2,604906,704,106390,1566,0.006521175293638149,0.6898678414096916
7187,0.7255,0,1,0,604907,703,106390,1566,0.006511912260550595,0.6901718818862935
7188,0.7256,2,1,2,604908,702,106392,1564,0.006502649227463041,0.6902030008826125
7189,0.7257,1,0,1,604908,702,106393,1563,0.006502649227463041,0.6900662251655629
7190,0.7258,2,1,2,604909,701,106395,1561,0.0064933861943754865,0.6900972590627763
7191,0.7259,3,2,3,604911,699,106398,1558,0.006474860128200378,0.6902968542312805
7192,0.726,3,2,3,604913,697,106401,1555,0.00645633406202527,0.6904973357015985
7193,0.7261,3,0,3,604913,697,106404,1552,0.00645633406202527,0.6900844819919965
7194,0.7262,2,1,2,604914,696,106406,1550,0.0064470710289377155,0.6901157613535174
7195,0.7263,1,0,1,604914,696,106407,1549,0.0064470710289377155,0.689977728285078
7196,0.7264,2,1,2,604915,695,106409,1547,0.006437807995850161,0.6900089206066012
7197,0.7265,1,2,1,604917,693,106410,1546,0.006419281929675053,0.6904868244752121
7198,0.7266,3,1,3,604918,692,106413,1543,0.006410018896587499,0.6903803131991052
7199,0.7267,1,1,1,604919,691,106414,1542,0.0064007558634999445,0.690550828481863
7200,0.7268,1,1,1,604920,690,106415,1541,0.00639149283041239,0.6907216494845361
7201,0.7269,2,1,2,604921,689,106417,1539,0.006382229797324836,0.690754039497307
7202,0.727,5,1,5,604922,688,106422,1534,0.006372966764237282,0.6903690369036903
7203,0.7272,0,1,0,604923,687,106422,1534,0.006363703731149728,0.6906798739306619
7204,0.7273,2,1,2,604924,686,106424,1532,0.006354440698062173,0.690712353471596
7205,0.7274,2,0,2,604924,686,106426,1530,0.006354440698062173,0.6904332129963899
7206,0.7275,0,2,0,604926,684,106426,1530,0.006335914631887065,0.6910569105691057
7207,0.7276,2,1,2,604927,683,106428,1528,0.006326651598799511,0.6910900045228403
7208,0.7277,1,1,1,604928,682,106429,1527,0.006317388565711957,0.6912630149388864
7209,0.7278,2,0,2,604928,682,106431,1525,0.006317388565711957,0.6909832351608518
7210,0.7279,1,0,1,604928,682,106432,1524,0.006317388565711957,0.6908431550317317
7211,0.728,0,1,0,604929,681,106432,1524,0.006308125532624402,0.691156462585034
7212,0.7281,5,0,5,604929,681,106437,1519,0.006308125532624402,0.6904545454545454
7213,0.7282,0,2,0,604931,679,106437,1519,0.006289599466449294,0.6910828025477707
7214,0.7283,1,1,1,604932,678,106438,1518,0.00628033643336174,0.6912568306010929
7215,0.7284,4,0,4,604932,678,106442,1514,0.00628033643336174,0.6906934306569343
7216,0.7285,1,1,1,604933,677,106443,1513,0.006271073400274186,0.6908675799086758
7217,0.7286,2,1,2,604934,676,106445,1511,0.006261810367186631,0.6909007773205305
7218,0.7288,2,0,2,604934,676,106447,1509,0.006261810367186631,0.6906178489702517
7219,0.7289,2,1,2,604935,675,106449,1507,0.006252547334099077,0.6906507791017416
7220,0.729,2,0,2,604935,675,106451,1505,0.006252547334099077,0.6903669724770642
7221,0.7291,5,0,5,604935,675,106456,1500,0.006252547334099077,0.6896551724137931
7222,0.7292,1,2,1,604937,673,106457,1499,0.006234021267923969,0.6901473296500921
7223,0.7293,3,2,3,604939,671,106460,1496,0.00621549520174886,0.6903553299492385
7224,0.7294,3,0,3,604939,671,106463,1493,0.00621549520174886,0.6899260628465804
7225,0.7295,1,1,1,604940,670,106464,1492,0.006206232168661306,0.6901017576318224
7226,0.7296,2,2,2,604942,668,106466,1490,0.006187706102486198,0.6904541241890639
7227,0.7297,1,1,1,604943,667,106467,1489,0.0061784430693986436,0.6906307977736549
7228,0.7298,0,4,0,604947,663,106467,1489,0.006141390937048427,0.6919144981412639
7229,0.73,2,1,2,604948,662,106469,1487,0.0061321279039608725,0.6919497440670079
7230,0.7301,3,0,3,604948,662,106472,1484,0.0061321279039608725,0.6915191053122087
7231,0.7302,1,2,1,604950,660,106473,1483,0.006113601837785765,0.6920205319645357
7232,0.7303,4,3,4,604953,657,106477,1479,0.006085812738523102,0.6924157303370787
7233,0.7304,1,1,1,604954,656,106478,1478,0.006076549705435548,0.6925960637300843
7234,0.7305,1,2,1,604956,654,106479,1477,0.00605802363926044,0.6931018301267011
7235,0.7306,2,1,2,604957,653,106481,1475,0.006048760606172886,0.6931390977443609
7236,0.7307,1,0,1,604957,653,106482,1474,0.006048760606172886,0.692994828396803
7237,0.7308,1,0,1,604957,653,106483,1473,0.006048760606172886,0.6928504233301975
7238,0.7309,4,0,4,604957,653,106487,1469,0.006048760606172886,0.6922714420358153
7239,0.731,1,1,1,604958,652,106488,1468,0.006039497573085331,0.6924528301886792
7240,0.7311,1,1,1,604959,651,106489,1467,0.006030234539997777,0.6926345609065155
7241,0.7313,0,4,0,604963,647,106489,1467,0.00599318240764756,0.6939451277199622
7242,0.7314,0,1,0,604964,646,106489,1467,0.005983919374560006,0.6942735447231424
7243,0.7315,1,2,1,604966,644,106490,1466,0.005965393308384898,0.6947867298578199
7244,0.7316,1,0,1,604966,644,106491,1465,0.005965393308384898,0.6946420104314841
7245,0.7317,2,1,2,604967,643,106493,1463,0.0059561302752973435,0.694681861348528
7246,0.7318,3,2,3,604969,641,106496,1460,0.005937604209122235,0.694907187053784
7247,0.7319,3,1,3,604970,640,106499,1457,0.005928341176034681,0.6948020982355746
7248,0.732,2,1,2,604971,639,106501,1455,0.005919078142947127,0.6948424068767909
7249,0.7321,1,1,1,604972,638,106502,1454,0.0059098151098595725,0.6950286806883366
7250,0.7323,2,0,2,604972,638,106504,1452,0.0059098151098595725,0.6947368421052632
7251,0.7324,1,2,1,604974,636,106505,1451,0.005891289043684464,0.6952563488260661
7252,0.7325,0,1,0,604975,635,106505,1451,0.00588202601059691,0.6955896452540747
7253,0.7327,2,0,2,604975,635,106507,1449,0.00588202601059691,0.6952975047984645
7254,0.7328,2,0,2,604975,635,106509,1447,0.00588202601059691,0.6950048030739674
7255,0.7329,1,1,1,604976,634,106510,1446,0.005872762977509356,0.6951923076923077
7256,0.7331,2,2,2,604978,632,106512,1444,0.005854236911334247,0.6955684007707129
7257,0.7332,3,1,3,604979,631,106515,1441,0.005844973878246693,0.6954633204633205
7258,0.7333,1,1,1,604980,630,106516,1440,0.005835710845159139,0.6956521739130435
7259,0.7334,3,1,3,604981,629,106519,1437,0.005826447812071585,0.6955469506292352
7260,0.7335,1,0,1,604981,629,106520,1436,0.005826447812071585,0.6953995157384988
7261,0.7336,2,2,2,604983,627,106522,1434,0.005807921745896476,0.6957787481804949
7262,0.7337,2,0,2,604983,627,106524,1432,0.005807921745896476,0.6954832442933463
7263,0.7338,2,2,2,604985,625,106526,1430,0.005789395679721368,0.6958637469586375
7264,0.7339,2,1,2,604986,624,106528,1428,0.005780132646633814,0.695906432748538
7265,0.734,3,1,3,604987,623,106531,1425,0.0057708696135462595,0.69580078125
7266,0.7342,1,1,1,604988,622,106532,1424,0.005761606580458705,0.6959921798631477
7267,0.7343,1,0,1,604988,622,106533,1423,0.005761606580458705,0.6958435207823961
7268,0.7344,1,0,1,604988,622,106534,1422,0.005761606580458705,0.6956947162426614
7269,0.7345,4,2,4,604990,620,106538,1418,0.005743080514283597,0.6957801766437685
7270,0.7346,1,2,1,604992,618,106539,1417,0.0057245544481084884,0.6963144963144963
7271,0.7347,2,0,2,604992,618,106541,1415,0.0057245544481084884,0.6960157402852927
7272,0.7348,2,3,2,604995,615,106543,1413,0.005696765348845826,0.6967455621301775
7273,0.7349,4,1,4,604996,614,106547,1409,0.005687502315758272,0.6964903608502224
7274,0.735,0,1,0,604997,613,106547,1409,0.005678239282670717,0.6968348170128585
7275,0.7351,2,2,2,604999,611,106549,1407,0.005659713216495609,0.6972249752229931
7276,0.7352,2,2,2,605001,609,106551,1405,0.005641187150320501,0.6976166832174776
7277,0.7353,2,1,2,605002,608,106553,1403,0.005631924117232946,0.6976628543013426
7278,0.7354,0,1,0,605003,607,106553,1403,0.005622661084145392,0.6980099502487562
7279,0.7355,4,0,4,605003,607,106557,1399,0.005622661084145392,0.69740777666999
7280,0.7356,5,2,5,605005,605,106562,1394,0.005604135017970284,0.6973486743371686
7281,0.7357,1,1,1,605006,604,106563,1393,0.00559487198488273,0.6975463194792189
7282,0.7358,2,1,2,605007,603,106565,1391,0.005585608951795175,0.697592778335005
7283,0.7359,3,0,3,605007,603,106568,1388,0.005585608951795175,0.6971371170266197
7284,0.736,0,1,0,605008,602,106568,1388,0.005576345918707622,0.6974874371859296
7285,0.7361,5,0,5,605008,602,106573,1383,0.005576345918707622,0.6967254408060454
7286,0.7362,1,0,1,605008,602,106574,1382,0.005576345918707622,0.6965725806451613
7287,0.7363,2,2,2,605010,600,106576,1380,0.005557819852532514,0.696969696969697
7288,0.7364,1,1,1,605011,599,106577,1379,0.005548556819444959,0.6971688574317493
7289,0.7365,4,0,4,605011,599,106581,1375,0.005548556819444959,0.6965552178318136
7290,0.7366,2,1,2,605012,598,106583,1373,0.005539293786357405,0.6966007102993405
7291,0.7367,1,1,1,605013,597,106584,1372,0.005530030753269851,0.696800406297613
7292,0.7368,1,1,1,605014,596,106585,1371,0.005520767720182297,0.6970005083884088
7293,0.7369,1,1,1,605015,595,106586,1370,0.005511504687094743,0.6972010178117048
7294,0.737,4,1,4,605016,594,106590,1366,0.005502241654007188,0.6969387755102041
7295,0.7371,2,2,2,605018,592,106592,1364,0.00548371558783208,0.6973415132924335
7296,0.7372,3,0,3,605018,592,106595,1361,0.00548371558783208,0.6968766001024066
7297,0.7373,1,3,1,605021,589,106596,1360,0.005455926488569417,0.6977937403796819
7298,0.7374,3,0,3,605021,589,106599,1357,0.005455926488569417,0.697327852004111
7299,0.7375,1,1,1,605022,588,106600,1356,0.005446663455481863,0.6975308641975309
7300,0.7376,1,0,1,605022,588,106601,1355,0.005446663455481863,0.6973751930005146
7301,0.7377,3,2,3,605024,586,106604,1352,0.005428137389306755,0.6976264189886481
7302,0.7378,3,1,3,605025,585,106607,1349,0.005418874356219201,0.6975180972078594
7303,0.7379,1,3,1,605028,582,106608,1348,0.005391085256956538,0.6984455958549223
7304,0.738,1,1,1,605029,581,106609,1347,0.005381822223868984,0.6986514522821576
7305,0.7381,1,0,1,605029,581,106610,1346,0.005381822223868984,0.6984950700570836
7306,0.7382,3,1,3,605030,580,106613,1343,0.0053725591907814296,0.6983879355174207
7307,0.7383,1,2,1,605032,578,106614,1342,0.005354033124606321,0.6989583333333333
7308,0.7384,2,0,2,605032,578,106616,1340,0.005354033124606321,0.6986444212721585
7309,0.7385,1,1,1,605033,577,106617,1339,0.005344770091518767,0.6988517745302714
7310,0.7386,5,0,5,605033,577,106622,1334,0.005344770091518767,0.6980638409209837
7311,0.7387,0,1,0,605034,576,106622,1334,0.005335507058431213,0.6984293193717277
7312,0.7388,2,1,2,605035,575,106624,1332,0.0053262440253436585,0.6984792868379653
7313,0.7389,4,1,4,605036,574,106628,1328,0.005316980992256104,0.6982124079915878
7314,0.739,1,0,1,605036,574,106629,1327,0.005316980992256104,0.6980536559705418
7315,0.7391,2,0,2,605036,574,106631,1325,0.005316980992256104,0.6977356503422855
7316,0.7393,0,1,0,605037,573,106631,1325,0.00530771795916855,0.6981032665964173
7317,0.7394,1,1,1,605038,572,106632,1324,0.005298454926080996,0.6983122362869199
7318,0.7395,1,1,1,605039,571,106633,1323,0.005289191892993442,0.6985216473072862
7319,0.7396,0,3,0,605042,568,106633,1323,0.005261402793730779,0.6996298254891592
7320,0.7397,2,0,2,605042,568,106635,1321,0.005261402793730779,0.6993118051879301
7321,0.7398,2,0,2,605042,568,106637,1319,0.005261402793730779,0.6989931107578167
7322,0.7399,1,1,1,605043,567,106638,1318,0.005252139760643225,0.6992042440318302
7323,0.7401,3,0,3,605043,567,106641,1315,0.005252139760643225,0.6987247608926673
7324,0.7402,1,1,1,605044,566,106642,1314,0.005242876727555671,0.698936170212766
7325,0.7403,2,2,2,605046,564,106644,1312,0.005224350661380562,0.6993603411513859
7326,0.7404,3,2,3,605048,562,106647,1309,0.005205824595205454,0.6996258685195083
7327,0.7405,5,0,5,605048,562,106652,1304,0.005205824595205454,0.6988210075026795
7328,0.7406,3,1,3,605049,561,106655,1301,0.0051965615621179,0.6987110633727175
7329,0.7407,1,3,1,605052,558,106656,1300,0.005168772462855237,0.6996770721205597
7330,0.7408,2,2,2,605054,556,106658,1298,0.005150246396680129,0.7001078748651565
7331,0.7409,1,2,1,605056,554,106659,1297,0.00513172033050502,0.7007023230686116
7332,0.741,3,0,3,605056,554,106662,1294,0.00513172033050502,0.7002164502164502
7333,0.7411,1,1,1,605057,553,106663,1293,0.005122457297417466,0.7004333694474539
7334,0.7412,2,1,2,605058,552,106665,1291,0.005113194264329912,0.700488334237656
7335,0.7413,2,1,2,605059,551,106667,1289,0.005103931231242358,0.7005434782608696
7336,0.7414,3,1,3,605060,550,106670,1286,0.0050946681981548034,0.7004357298474946
7337,0.7415,2,0,2,605060,550,106672,1284,0.0050946681981548034,0.7001090512540894
7338,0.7416,2,0,2,605060,550,106674,1282,0.0050946681981548034,0.6997816593886463
7339,0.7417,0,1,0,605061,549,106674,1282,0.005085405165067249,0.7001638448935008
7340,0.7418,3,1,3,605062,548,106677,1279,0.005076142131979695,0.7000547345374931
7341,0.742,1,0,1,605062,548,106678,1278,0.005076142131979695,0.6998904709748083
7342,0.7421,0,1,0,605063,547,106678,1278,0.005066879098892141,0.7002739726027397
7343,0.7422,1,2,1,605065,545,106679,1277,0.005048353032717033,0.7008781558726674
7344,0.7424,1,0,1,605065,545,106680,1276,0.005048353032717033,0.700713893465129
7345,0.7425,1,1,1,605066,544,106681,1275,0.005039089999629479,0.7009345794392523
7346,0.7427,2,0,2,605066,544,106683,1273,0.005039089999629479,0.7006053935057788
7347,0.7428,1,0,1,605066,544,106684,1272,0.005039089999629479,0.7004405286343612
7348,0.7429,1,0,1,605066,544,106685,1271,0.005039089999629479,0.7002754820936639
7349,0.7431,1,0,1,605066,544,106686,1270,0.005039089999629479,0.7001102535832414
7350,0.7432,1,1,1,605067,543,106687,1269,0.005029826966541925,0.7003311258278145
7351,0.7433,1,2,1,605069,541,106688,1268,0.0050113009003668165,0.7009397457158651
7352,0.7434,2,2,2,605071,539,106690,1266,0.004992774834191708,0.7013850415512466
7353,0.7435,4,0,4,605071,539,106694,1262,0.004992774834191708,0.7007218212104387
7354,0.7436,2,0,2,605071,539,106696,1260,0.004992774834191708,0.7003891050583657
7355,0.7437,1,1,1,605072,538,106697,1259,0.004983511801104154,0.7006121313299944
7356,0.7439,1,1,1,605073,537,106698,1258,0.0049742487680166,0.7008356545961003
7357,0.744,2,0,2,605073,537,106700,1256,0.0049742487680166,0.7005019520356943
7358,0.7441,0,1,0,605074,536,106700,1256,0.0049649857349290455,0.7008928571428571
7359,0.7442,2,0,2,605074,536,106702,1254,0.0049649857349290455,0.7005586592178771
7360,0.7443,2,0,2,605074,536,106704,1252,0.0049649857349290455,0.7002237136465325
7361,0.7444,1,1,1,605075,535,106705,1251,0.004955722701841491,0.700447928331467
7362,0.7445,1,1,1,605076,534,106706,1250,0.004946459668753937,0.7006726457399103
7363,0.7446,1,1,1,605077,533,106707,1249,0.004937196635666383,0.7008978675645342
7364,0.7447,1,2,1,605079,531,106708,1248,0.0049186705694912744,0.7015177065767285
7365,0.7448,2,2,2,605081,529,106710,1246,0.004900144503316166,0.7019718309859155
7366,0.7449,2,1,2,605082,528,106712,1244,0.004890881470228612,0.7020316027088036
7367,0.745,5,0,5,605082,528,106717,1239,0.004890881470228612,0.7011884550084889
7368,0.7451,3,1,3,605083,527,106720,1236,0.004881618437141058,0.7010777084515031
7369,0.7454,3,1,3,605084,526,106723,1233,0.004872355404053503,0.7009664582148948
7370,0.7455,1,1,1,605085,525,106724,1232,0.004863092370965949,0.701195219123506
7371,0.7456,4,1,4,605086,524,106728,1228,0.004853829337878395,0.7009132420091324
7372,0.7457,0,1,0,605087,523,106728,1228,0.004844566304790841,0.7013135351227869
7373,0.7458,2,0,2,605087,523,106730,1226,0.004844566304790841,0.7009719839908519
7374,0.7459,1,1,1,605088,522,106731,1225,0.004835303271703287,0.7012020606754437
7375,0.746,1,0,1,605088,522,106732,1224,0.004835303271703287,0.7010309278350515
7376,0.7462,5,0,5,605088,522,106737,1219,0.004835303271703287,0.7001723147616312
7377,0.7463,2,0,2,605088,522,106739,1217,0.004835303271703287,0.6998274870615296
7378,0.7464,3,0,3,605088,522,106742,1214,0.004835303271703287,0.6993087557603687
7379,0.7465,0,1,0,605089,521,106742,1214,0.004826040238615732,0.6997118155619596
7380,0.7466,2,1,2,605090,520,106744,1212,0.004816777205528178,0.6997690531177829
7381,0.7467,1,2,1,605092,518,106745,1211,0.00479825113935307,0.7004048582995951
7382,0.7468,2,0,2,605092,518,106747,1209,0.00479825113935307,0.7000579038795599
7383,0.7469,0,3,0,605095,515,106747,1209,0.004770462040090407,0.701276102088167
7384,0.747,4,0,4,605095,515,106751,1205,0.004770462040090407,0.7005813953488372
7385,0.7471,0,1,0,605096,514,106751,1205,0.004761199007002853,0.7009889470622455
7386,0.7472,2,1,2,605097,513,106753,1203,0.004751935973915299,0.701048951048951
7387,0.7473,2,1,2,605098,512,106755,1201,0.0047426729408277446,0.7011091652072388
7388,0.7474,3,2,3,605100,510,106758,1198,0.004724146874652636,0.7014051522248244
7389,0.7476,4,2,4,605102,508,106762,1194,0.004705620808477528,0.7015276145710928
7390,0.7477,1,2,1,605104,506,106763,1193,0.004687094742302419,0.7021777516185992
7391,0.7478,1,1,1,605105,505,106764,1192,0.004677831709214865,0.7024160282852092
7392,0.7479,0,1,0,605106,504,106764,1192,0.004668568676127311,0.7028301886792453
7393,0.748,1,0,1,605106,504,106765,1191,0.004668568676127311,0.7026548672566372
7394,0.7481,3,1,3,605107,503,106768,1188,0.004659305643039757,0.7025428740390302
7395,0.7482,0,1,0,605108,502,106768,1188,0.0046500426099522025,0.7029585798816568
7396,0.7483,2,0,2,605108,502,106770,1186,0.0046500426099522025,0.70260663507109
7397,0.7484,3,1,3,605109,501,106773,1183,0.004640779576864648,0.7024940617577197
7398,0.7485,3,2,3,605111,499,106776,1180,0.00462225351068954,0.7027992852888624
7399,0.7486,3,0,3,605111,499,106779,1177,0.00462225351068954,0.7022673031026253
7400,0.7487,1,1,1,605112,498,106780,1176,0.004612990477601986,0.7025089605734767
7401,0.7488,1,0,1,605112,498,106781,1175,0.004612990477601986,0.7023311416616856
7402,0.7489,0,2,0,605114,496,106781,1175,0.004594464411426877,0.7031717534410533
7403,0.749,1,3,1,605117,493,106782,1174,0.004566675312164215,0.704259148170366
7404,0.7491,1,1,1,605118,492,106783,1173,0.0045574122790766605,0.7045045045045045
7405,0.7492,1,0,1,605118,492,106784,1172,0.0045574122790766605,0.7043269230769231
7406,0.7493,3,2,3,605120,490,106787,1169,0.004538886212901552,0.7046413502109705
7407,0.7494,4,2,4,605122,488,106791,1165,0.0045203601467264445,0.7047791893526921
7408,0.7495,3,0,3,605122,488,106794,1162,0.0045203601467264445,0.7042424242424242
7409,0.7496,1,1,1,605123,487,106795,1161,0.00451109711363889,0.7044902912621359
7410,0.7497,2,1,2,605124,486,106797,1159,0.004501834080551336,0.7045592705167173
7411,0.7498,1,2,1,605126,484,106798,1158,0.004483308014376228,0.705237515225335
7412,0.7499,0,2,0,605128,482,106798,1158,0.004464781948201119,0.7060975609756097
7413,0.75,1,1,1,605129,481,106799,1157,0.004455518915113565,0.7063492063492064
7414,0.7501,0,1,0,605130,480,106799,1157,0.004446255882026011,0.7067806963958461
7415,0.7502,1,2,1,605132,478,106800,1156,0.0044277298158509025,0.7074663402692778
7416,0.7503,3,1,3,605133,477,106803,1153,0.004418466782763348,0.7073619631901841
7417,0.7504,3,2,3,605135,475,106806,1150,0.00439994071658824,0.7076923076923077
7418,0.7505,1,1,1,605136,474,106807,1149,0.004390677683500686,0.7079482439926063
7419,0.7506,1,2,1,605138,472,106808,1148,0.004372151617325577,0.7086419753086419
7420,0.7507,1,3,1,605141,469,106809,1147,0.004344362518062915,0.7097772277227723
7421,0.7508,3,1,3,605142,468,106812,1144,0.0043350994849753605,0.7096774193548387
7422,0.7509,1,0,1,605142,468,106813,1143,0.0043350994849753605,0.7094972067039106
7423,0.751,0,1,0,605143,467,106813,1143,0.004325836451887806,0.7099378881987578
7424,0.7511,2,1,2,605144,466,106815,1141,0.004316573418800252,0.7100186683260734
7425,0.7512,4,0,4,605144,466,106819,1137,0.004316573418800252,0.7092950717404866
7426,0.7513,2,2,2,605146,464,106821,1135,0.004298047352625144,0.7098186366479049
7427,0.7514,0,1,0,605147,463,106821,1135,0.0042887843195375894,0.7102628285356696
7428,0.7515,3,1,3,605148,462,106824,1132,0.004279521286450035,0.7101631116687579
7429,0.7516,2,1,2,605149,461,106826,1130,0.004270258253362481,0.71024512884978
7430,0.7517,1,1,1,605150,460,106827,1129,0.004260995220274927,0.710509754562618
7431,0.7519,2,4,2,605154,456,106829,1127,0.00422394308792471,0.7119393556538218
7432,0.752,0,1,0,605155,455,106829,1127,0.004214680054837156,0.7123893805309734
7433,0.7521,2,1,2,605156,454,106831,1125,0.004205417021749602,0.7124762507916402
7434,0.7522,1,0,1,605156,454,106832,1124,0.004205417021749602,0.7122940430925222
7435,0.7523,3,0,3,605156,454,106835,1121,0.004205417021749602,0.7117460317460318
7436,0.7524,1,0,1,605156,454,106836,1120,0.004205417021749602,0.7115628970775095
7437,0.7525,1,1,1,605157,453,106837,1119,0.004196153988662047,0.7118320610687023
7438,0.7526,6,0,6,605157,453,106843,1113,0.004196153988662047,0.710727969348659
7439,0.7527,1,2,1,605159,451,106844,1112,0.004177627922486939,0.7114523352527191
7440,0.7528,3,0,3,605159,451,106847,1109,0.004177627922486939,0.7108974358974359
7441,0.7529,5,0,5,605159,451,106852,1104,0.004177627922486939,0.7099678456591639
7442,0.753,3,1,3,605160,450,106855,1101,0.004168364889399385,0.7098646034816247
7443,0.7532,3,0,3,605160,450,106858,1098,0.004168364889399385,0.7093023255813954
7444,0.7533,0,2,0,605162,448,106858,1098,0.004149838823224276,0.7102199223803364
7445,0.7534,5,2,5,605164,446,106863,1093,0.004131312757049168,0.7102014294996751
7446,0.7535,0,2,0,605166,444,106863,1093,0.00411278669087406,0.7111255692908263
7447,0.7536,1,0,1,605166,444,106864,1092,0.00411278669087406,0.7109375
7448,0.7537,2,1,2,605167,443,106866,1090,0.004103523657786505,0.7110241356816699
7449,0.7538,2,2,2,605169,441,106868,1088,0.004084997591611397,0.7115761935905821
7450,0.7539,3,0,3,605169,441,106871,1085,0.004084997591611397,0.7110091743119266
7451,0.754,1,0,1,605169,441,106872,1084,0.004084997591611397,0.7108196721311475
7452,0.7541,2,0,2,605169,441,106874,1082,0.004084997591611397,0.7104399212081418
7453,0.7542,1,1,1,605170,440,106875,1081,0.004075734558523843,0.7107166337935569
7454,0.7543,2,0,2,605170,440,106877,1079,0.004075734558523843,0.7103357472021067
7455,0.7544,2,1,2,605171,439,106879,1077,0.0040664715254362886,0.7104221635883905
7456,0.7545,4,0,4,605171,439,106883,1073,0.0040664715254362886,0.7096560846560847
7457,0.7546,4,1,4,605172,438,106887,1069,0.004057208492348734,0.7093563370935634
7458,0.7547,1,0,1,605172,438,106888,1068,0.004057208492348734,0.7091633466135459
7459,0.7548,4,1,4,605173,437,106892,1064,0.00404794545926118,0.7088607594936709
7460,0.7549,0,1,0,605174,436,106892,1064,0.004038682426173626,0.7093333333333334
7461,0.755,2,1,2,605175,435,106894,1062,0.004029419393086072,0.7094188376753507
7462,0.7551,2,1,2,605176,434,106896,1060,0.0040201563599985175,0.7095046854082999
7463,0.7552,2,1,2,605177,433,106898,1058,0.004010893326910963,0.7095908786049631
7464,0.7553,1,1,1,605178,432,106899,1057,0.004001630293823409,0.7098723975822699
7465,0.7554,2,1,2,605179,431,106901,1055,0.003992367260735855,0.7099596231493943
7466,0.7556,1,0,1,605179,431,106902,1054,0.003992367260735855,0.7097643097643098
7467,0.7557,0,2,0,605181,429,106902,1054,0.003973841194560747,0.7107215104517869
7468,0.7558,0,1,0,605182,428,106902,1054,0.003964578161473193,0.7112010796221323
7469,0.7559,4,0,4,605182,428,106906,1050,0.003964578161473193,0.7104194857916103
7470,0.756,2,2,2,605184,426,106908,1048,0.003946052095298085,0.7109905020352781
7471,0.7561,5,0,5,605184,426,106913,1043,0.003946052095298085,0.7100068073519401
7472,0.7562,3,0,3,605184,426,106916,1040,0.003946052095298085,0.7094133697135061
7473,0.7563,0,2,0,605186,424,106916,1040,0.003927526029122976,0.7103825136612022
7474,0.7564,1,0,1,605186,424,106917,1039,0.003927526029122976,0.7101845522898155
7475,0.7565,4,1,4,605187,423,106921,1035,0.003918262996035422,0.7098765432098766
7476,0.7566,2,1,2,605188,422,106923,1033,0.003908999962947868,0.7099656357388316
7477,0.7567,4,2,4,605190,420,106927,1029,0.003890473896772759,0.7101449275362319
7478,0.7568,0,1,0,605191,419,106927,1029,0.003881210863685205,0.710635359116022
7479,0.7569,3,1,3,605192,418,106930,1026,0.0038719478305976507,0.7105263157894737
7480,0.757,0,1,0,605193,417,106930,1026,0.0038626847975100965,0.7110187110187111
7481,0.7571,2,0,2,605193,417,106932,1024,0.0038626847975100965,0.710617626648161
7482,0.7573,3,1,3,605194,416,106935,1021,0.0038534217644225427,0.7105080027835768
7483,0.7574,1,0,1,605194,416,106936,1020,0.0038534217644225427,0.7103064066852368
7484,0.7575,3,0,3,605194,416,106939,1017,0.0038534217644225427,0.7096999302163294
7485,0.7576,1,2,1,605196,414,106940,1016,0.0038348956982474343,0.7104895104895105
7486,0.7577,1,1,1,605197,413,106941,1015,0.00382563266515988,0.7107843137254902
7487,0.7578,2,1,2,605198,412,106943,1013,0.003816369632072326,0.7108771929824561
7488,0.7579,4,0,4,605198,412,106947,1009,0.003816369632072326,0.7100633356790992
7489,0.758,3,0,3,605198,412,106950,1006,0.003816369632072326,0.7094499294781382
7490,0.7581,0,1,0,605199,411,106950,1006,0.0038071065989847717,0.7099505998588568
7491,0.7582,0,1,0,605200,410,106950,1006,0.0037978435658972175,0.71045197740113
7492,0.7583,2,2,2,605202,408,106952,1004,0.003779317499722109,0.7110481586402266
7493,0.7584,0,1,0,605203,407,106952,1004,0.003770054466634555,0.7115520907158044
7494,0.7585,1,0,1,605203,407,106953,1003,0.003770054466634555,0.7113475177304964
7495,0.7586,0,1,0,605204,406,106953,1003,0.0037607914335470007,0.7118523775727467
7496,0.7587,4,0,4,605204,406,106957,999,0.0037607914335470007,0.7110320284697509
7497,0.7588,3,3,3,605207,403,106960,996,0.003733002334284338,0.7119370979270908
7498,0.7589,1,1,1,605208,402,106961,995,0.003723739301196784,0.7122405153901217
7499,0.759,1,1,1,605209,401,106962,994,0.0037144762681092297,0.7125448028673835
7500,0.7591,0,2,0,605211,399,106962,994,0.0036959502019341213,0.7135678391959799
7501,0.7592,2,0,2,605211,399,106964,992,0.0036959502019341213,0.7131560028756291
7502,0.7593,2,2,2,605213,397,106966,990,0.003677424135759013,0.7137707281903388
7503,0.7594,4,1,4,605214,396,106970,986,0.0036681611026714587,0.7134587554269175
7504,0.7595,4,1,4,605215,395,106974,982,0.0036588980695839044,0.7131445170660857
7505,0.7596,1,1,1,605216,394,106975,981,0.0036496350364963502,0.7134545454545455
7506,0.7597,1,1,1,605217,393,106976,980,0.003640372003408796,0.7137654770575382
7507,0.7598,2,1,2,605218,392,106978,978,0.003631108970321242,0.7138686131386861
7508,0.7599,1,0,1,605218,392,106979,977,0.003631108970321242,0.7136596055514974
7509,0.76,1,0,1,605218,392,106980,976,0.003631108970321242,0.7134502923976608
7510,0.7601,2,0,2,605218,392,106982,974,0.003631108970321242,0.7130307467057101
7511,0.7602,1,0,1,605218,392,106983,973,0.003631108970321242,0.7128205128205128
7512,0.7604,2,1,2,605219,391,106985,971,0.0036218459372336876,0.7129221732745962
7513,0.7605,5,1,5,605220,390,106990,966,0.0036125829041461334,0.7123893805309734
7514,0.7606,1,0,1,605220,390,106991,965,0.0036125829041461334,0.7121771217712177
7515,0.7607,2,0,2,605220,390,106993,963,0.0036125829041461334,0.7117516629711752
7516,0.7608,1,0,1,605220,390,106994,962,0.0036125829041461334,0.7115384615384616
7517,0.7609,1,0,1,605220,390,106995,961,0.0036125829041461334,0.7113249444855663
7518,0.761,1,0,1,605220,390,106996,960,0.0036125829041461334,0.7111111111111111
7519,0.7611,1,0,1,605220,390,106997,959,0.0036125829041461334,0.7108969607116382
7520,0.7612,4,0,4,605220,390,107001,955,0.0036125829041461334,0.7100371747211895
7521,0.7613,2,1,2,605221,389,107003,953,0.0036033198710585792,0.710134128166915
7522,0.7614,1,2,1,605223,387,107004,952,0.0035847938048834713,0.7109783420463032
7523,0.7617,2,0,2,605223,387,107006,950,0.0035847938048834713,0.7105459985041137
7524,0.7618,0,4,0,605227,383,107006,950,0.0035477416725332544,0.7126781695423856
7525,0.762,1,1,1,605228,382,107007,949,0.0035384786394457002,0.7129977460555973
7526,0.7621,2,2,2,605230,380,107009,947,0.003519952573270592,0.7136397889977393
7527,0.7622,1,0,1,605230,380,107010,946,0.003519952573270592,0.7134238310708899
7528,0.7623,0,1,0,605231,379,107010,946,0.0035106895401830376,0.7139622641509434
7529,0.7624,2,2,2,605233,377,107012,944,0.003492163474007929,0.7146101438304315
7530,0.7625,1,3,1,605236,374,107013,943,0.0034643743747452666,0.7160212604403948
7531,0.7626,2,1,2,605237,373,107015,941,0.0034551113416577124,0.7161339421613394
7532,0.7627,2,1,2,605238,372,107017,939,0.003445848308570158,0.7162471395881007
7533,0.7629,2,0,2,605238,372,107019,937,0.003445848308570158,0.7158135981665393
7534,0.763,1,1,1,605239,371,107020,936,0.003436585275482604,0.7161438408569243
7535,0.7631,1,1,1,605240,370,107021,935,0.00342732224239505,0.7164750957854407
7536,0.7632,3,1,3,605241,369,107024,932,0.0034180592093074956,0.7163720215219063
7537,0.7633,1,1,1,605242,368,107025,931,0.0034087961762199414,0.7167051578137028
7538,0.7634,2,0,2,605242,368,107027,929,0.0034087961762199414,0.7162683114880494
7539,0.7635,3,0,3,605242,368,107030,926,0.0034087961762199414,0.7156105100463679
7540,0.7636,1,1,1,605243,367,107031,925,0.003399533143132387,0.7159442724458205
7541,0.7637,2,0,2,605243,367,107033,923,0.003399533143132387,0.7155038759689922
7542,0.7638,1,1,1,605244,366,107034,922,0.003390270110044833,0.7158385093167702
7543,0.7639,1,1,1,605245,365,107035,921,0.0033810070769572788,0.7161741835147745
7544,0.764,0,1,0,605246,364,107035,921,0.0033717440438697246,0.7167315175097276
7545,0.7641,1,0,1,605246,364,107036,920,0.0033717440438697246,0.7165109034267912
7546,0.7642,2,3,2,605249,361,107038,918,0.003343954944607062,0.7177482408131353
7547,0.7643,1,1,1,605250,360,107039,917,0.0033346919115195077,0.7180892717306187
7548,0.7644,3,0,3,605250,360,107042,914,0.0033346919115195077,0.717425431711146
7549,0.7646,1,0,1,605250,360,107043,913,0.0033346919115195077,0.7172034564021995
7550,0.7648,2,1,2,605251,359,107045,911,0.0033254288784319535,0.7173228346456693
7551,0.7649,1,0,1,605251,359,107046,910,0.0033254288784319535,0.7171000788022065
7552,0.765,3,1,3,605252,358,107049,907,0.0033161658453443998,0.71699604743083
7553,0.7651,2,2,2,605254,356,107051,905,0.0032976397791692914,0.7176843774781919
7554,0.7652,0,1,0,605255,355,107051,905,0.003288376746081737,0.7182539682539683
7555,0.7653,2,0,2,605255,355,107053,903,0.003288376746081737,0.7178060413354531
7556,0.7654,1,1,1,605256,354,107054,902,0.003279113712994183,0.7181528662420382
7557,0.7655,2,3,2,605259,351,107056,900,0.0032513246137315203,0.7194244604316546
7558,0.7656,2,0,2,605259,351,107058,898,0.0032513246137315203,0.7189751801441153
7559,0.7657,3,1,3,605260,350,107061,895,0.003242061580643966,0.7188755020080321
7560,0.7658,1,0,1,605260,350,107062,894,0.003242061580643966,0.7186495176848875
7561,0.7659,1,1,1,605261,349,107063,893,0.003232798547556412,0.7190016103059581
7562,0.766,3,2,3,605263,347,107066,890,0.0032142724813813035,0.719482619240097
7563,0.7661,1,0,1,605263,347,107067,889,0.0032142724813813035,0.7192556634304207
7564,0.7663,0,1,0,605264,346,107067,889,0.0032050094482937493,0.719838056680162
7565,0.7664,1,1,1,605265,345,107068,888,0.003195746415206195,0.7201946472019465
7566,0.7665,3,0,3,605265,345,107071,885,0.003195746415206195,0.7195121951219512
7567,0.7666,2,3,2,605268,342,107073,883,0.0031679573159435325,0.7208163265306122
7568,0.7667,3,0,3,605268,342,107076,880,0.0031679573159435325,0.7201309328968903
7569,0.7668,1,1,1,605269,341,107077,879,0.0031586942828559783,0.7204918032786886
7570,0.7669,1,0,1,605269,341,107078,878,0.0031586942828559783,0.7202625102543068
7571,0.767,3,0,3,605269,341,107081,875,0.0031586942828559783,0.7195723684210527
7572,0.7672,2,3,2,605272,338,107083,873,0.0031309051835933157,0.7208918249380677
7573,0.7673,1,0,1,605272,338,107084,872,0.0031309051835933157,0.7206611570247934
7574,0.7674,1,3,1,605275,335,107085,871,0.003103116084330653,0.7222222222222222
7575,0.7675,3,0,3,605275,335,107088,868,0.003103116084330653,0.7215295095594347
7576,0.7676,2,0,2,605275,335,107090,866,0.003103116084330653,0.7210657785179018
7577,0.7677,0,2,0,605277,333,107090,866,0.0030845900181555447,0.7222685571309424
7578,0.768,3,2,3,605279,331,107093,863,0.0030660639519804363,0.7227805695142379
7579,0.7681,1,0,1,605279,331,107094,862,0.0030660639519804363,0.7225481978206203
7580,0.7682,2,0,2,605279,331,107096,860,0.0030660639519804363,0.7220822837951302
7581,0.7683,1,0,1,605279,331,107097,859,0.0030660639519804363,0.7218487394957983
7582,0.7684,0,1,0,605280,330,107097,859,0.0030568009188928825,0.7224558452481077
7583,0.7685,1,0,1,605280,330,107098,858,0.0030568009188928825,0.7222222222222222
7584,0.7686,1,1,1,605281,329,107099,857,0.0030475378858053283,0.7225969645868465
7585,0.7688,1,2,1,605283,327,107100,856,0.00302901181963022,0.7235841081994928
7586,0.769,2,0,2,605283,327,107102,854,0.00302901181963022,0.7231160033869602
7587,0.7692,3,0,3,605283,327,107105,851,0.00302901181963022,0.7224108658743633
7588,0.7693,1,1,1,605284,326,107106,850,0.0030197487865426657,0.7227891156462585
7589,0.7694,2,1,2,605285,325,107108,848,0.0030104857534551115,0.7229326513213982
7590,0.7695,0,1,0,605286,324,107108,848,0.0030012227203675573,0.7235494880546075
7591,0.7696,3,0,3,605286,324,107111,845,0.0030012227203675573,0.7228400342172797
7592,0.7697,1,1,1,605287,323,107112,844,0.002991959687280003,0.7232219365895458
7593,0.7698,3,0,3,605287,323,107115,841,0.002991959687280003,0.7225085910652921
7594,0.7699,1,0,1,605287,323,107116,840,0.002991959687280003,0.7222699914015477
7595,0.77,3,2,3,605289,321,107119,837,0.0029734336211048947,0.7227979274611399
7596,0.7701,3,0,3,605289,321,107122,834,0.0029734336211048947,0.7220779220779221
7597,0.7702,2,0,2,605289,321,107124,832,0.0029734336211048947,0.7215958369470945
7598,0.7703,2,2,2,605291,319,107126,830,0.0029549075549297863,0.72236727589208
7599,0.7705,0,1,0,605292,318,107126,830,0.002945644521842232,0.7229965156794426
7600,0.7706,3,1,3,605293,317,107129,827,0.002936381488754678,0.7229020979020979
7601,0.7707,2,1,2,605294,316,107131,825,0.0029271184556671236,0.7230499561787905
7602,0.7709,3,0,3,605294,316,107134,822,0.0029271184556671236,0.7223198594024605
7603,0.771,2,1,2,605295,315,107136,820,0.0029178554225795694,0.7224669603524229
7604,0.7711,2,0,2,605295,315,107138,818,0.0029178554225795694,0.7219770520741394
7605,0.7713,6,0,6,605295,315,107144,812,0.0029178554225795694,0.7204968944099379
7606,0.7714,2,0,2,605295,315,107146,810,0.0029178554225795694,0.72
7607,0.7715,1,0,1,605295,315,107147,809,0.0029178554225795694,0.7197508896797153
7608,0.7716,2,1,2,605296,314,107149,807,0.0029085923894920152,0.719892952720785
7609,0.7718,2,0,2,605296,314,107151,805,0.0029085923894920152,0.7193923145665773
7610,0.7719,0,2,0,605298,312,107151,805,0.002890066323316907,0.720680393912265
7611,0.7721,1,0,1,605298,312,107152,804,0.002890066323316907,0.7204301075268817
7612,0.7722,2,0,2,605298,312,107154,802,0.002890066323316907,0.7199281867145422
7613,0.7723,1,0,1,605298,312,107155,801,0.002890066323316907,0.7196765498652291
7614,0.7724,3,2,3,605300,310,107158,798,0.0028715402571417984,0.720216606498195
7615,0.7725,1,0,1,605300,310,107159,797,0.0028715402571417984,0.7199638663053297
7616,0.7727,2,0,2,605300,310,107161,795,0.0028715402571417984,0.7194570135746606
7617,0.7728,1,1,1,605301,309,107162,794,0.0028622772240542442,0.7198549410698096
7618,0.7729,1,0,1,605301,309,107163,793,0.0028622772240542442,0.7196007259528131
7619,0.7731,1,1,1,605302,308,107164,792,0.00285301419096669,0.72
7620,0.7732,2,0,2,605302,308,107166,790,0.00285301419096669,0.7194899817850637
7621,0.7733,1,0,1,605302,308,107167,789,0.00285301419096669,0.7192342752962625
7622,0.7734,3,0,3,605302,308,107170,786,0.00285301419096669,0.7184643510054844
7623,0.7736,0,1,0,605303,307,107170,786,0.002843751157879136,0.7191216834400732
7624,0.7737,2,0,2,605303,307,107172,784,0.002843751157879136,0.7186067827681026
7625,0.7738,3,2,3,605305,305,107175,781,0.0028252250917040274,0.7191528545119705
7626,0.774,1,2,1,605307,303,107176,780,0.002806699025528919,0.7202216066481995
7627,0.7742,1,0,1,605307,303,107177,779,0.002806699025528919,0.7199630314232902
7628,0.7744,1,0,1,605307,303,107178,778,0.002806699025528919,0.7197039777983348
7629,0.7745,0,1,0,605308,302,107178,778,0.002797435992441365,0.7203703703703703
7630,0.7746,2,1,2,605309,301,107180,776,0.002788172959353811,0.7205199628597957
7631,0.7747,2,1,2,605310,300,107182,774,0.002778909926266257,0.7206703910614525
7632,0.7748,0,1,0,605311,299,107182,774,0.0027696468931787026,0.7213420316868593
7633,0.7749,2,0,2,605311,299,107184,772,0.0027696468931787026,0.7208216619981326
7634,0.775,1,0,1,605311,299,107185,771,0.0027696468931787026,0.7205607476635514
7635,0.7752,1,0,1,605311,299,107186,770,0.0027696468931787026,0.7202993451824135
7636,0.7753,0,3,0,605314,296,107186,770,0.00274185779391604,0.7223264540337712
7637,0.7754,3,2,3,605316,294,107189,767,0.0027233317277409316,0.7229029217719133
7638,0.7756,2,0,2,605316,294,107191,765,0.0027233317277409316,0.7223796033994334
7639,0.7757,1,0,1,605316,294,107192,764,0.0027233317277409316,0.722117202268431
7640,0.7758,3,1,3,605317,293,107195,761,0.0027140686946533774,0.722011385199241
7641,0.7759,1,0,1,605317,293,107196,760,0.0027140686946533774,0.7217473884140551
7642,0.776,1,0,1,605317,293,107197,759,0.0027140686946533774,0.7214828897338403
7643,0.7761,0,1,0,605318,292,107197,759,0.002704805661565823,0.7221693625118935
7644,0.7762,1,2,1,605320,290,107198,758,0.0026862795953907148,0.7232824427480916
7645,0.7763,2,0,2,605320,290,107200,756,0.0026862795953907148,0.722753346080306
7646,0.7764,1,1,1,605321,289,107201,755,0.0026770165623031606,0.7231800766283525
7647,0.7765,1,0,1,605321,289,107202,754,0.0026770165623031606,0.7229146692233941
7648,0.7766,1,0,1,605321,289,107203,753,0.0026770165623031606,0.7226487523992322
7649,0.7767,3,0,3,605321,289,107206,750,0.0026770165623031606,0.7218479307025987
7650,0.7768,4,0,4,605321,289,107210,746,0.0026770165623031606,0.7207729468599033
7651,0.7769,1,1,1,605322,288,107211,745,0.0026677535292156064,0.7212003872216844
7652,0.7771,1,1,1,605323,287,107212,744,0.002658490496128052,0.7216294859359845
7653,0.7772,1,1,1,605324,286,107213,743,0.002649227463040498,0.7220602526724975
7654,0.7773,1,2,1,605326,284,107214,742,0.0026307013968653896,0.723196881091618
7655,0.7774,2,0,2,605326,284,107216,740,0.0026307013968653896,0.72265625
7656,0.7776,2,1,2,605327,283,107218,738,0.0026214383637778354,0.722820763956905
7657,0.7777,1,1,1,605328,282,107219,737,0.002612175330690281,0.7232580961727183
7658,0.7778,2,0,2,605328,282,107221,735,0.002612175330690281,0.7227138643067846
7659,0.7779,2,0,2,605328,282,107223,733,0.002612175330690281,0.722167487684729
7660,0.778,2,0,2,605328,282,107225,731,0.002612175330690281,0.721618953603159
7661,0.7781,2,0,2,605328,282,107227,729,0.002612175330690281,0.7210682492581603
7662,0.7783,2,0,2,605328,282,107229,727,0.002612175330690281,0.7205153617443013
7663,0.7784,3,1,3,605329,281,107232,724,0.002602912297602727,0.7203980099502487
7664,0.7785,3,1,3,605330,280,107235,721,0.0025936492645151727,0.7202797202797203
7665,0.7786,1,0,1,605330,280,107236,720,0.0025936492645151727,0.72
7666,0.7787,1,0,1,605330,280,107237,719,0.0025936492645151727,0.7197197197197197
7667,0.7788,1,0,1,605330,280,107238,718,0.0025936492645151727,0.7194388777555111
7668,0.7789,2,1,2,605331,279,107240,716,0.0025843862314276185,0.7195979899497488
7669,0.779,1,0,1,605331,279,107241,715,0.0025843862314276185,0.7193158953722334
7670,0.7791,1,0,1,605331,279,107242,714,0.0025843862314276185,0.7190332326283988
7671,0.7792,1,0,1,605331,279,107243,713,0.0025843862314276185,0.71875
7672,0.7793,1,0,1,605331,279,107244,712,0.0025843862314276185,0.7184661957618567
7673,0.7794,0,1,0,605332,278,107244,712,0.0025751231983400643,0.7191919191919192
7674,0.7795,2,0,2,605332,278,107246,710,0.0025751231983400643,0.7186234817813765
7675,0.7796,1,0,1,605332,278,107247,709,0.0025751231983400643,0.7183383991894631
7676,0.7797,2,0,2,605332,278,107249,707,0.0025751231983400643,0.7177664974619289
7677,0.7798,2,0,2,605332,278,107251,705,0.0025751231983400643,0.7171922685656155
7678,0.7799,2,1,2,605333,277,107253,703,0.00256586016525251,0.7173469387755103
7679,0.78,1,0,1,605333,277,107254,702,0.00256586016525251,0.7170582226762002
7680,0.7801,1,0,1,605333,277,107255,701,0.00256586016525251,0.7167689161554193
7681,0.7802,2,0,2,605333,277,107257,699,0.00256586016525251,0.7161885245901639
7682,0.7803,2,1,2,605334,276,107259,697,0.002556597132164956,0.7163412127440905
7683,0.7804,1,0,1,605334,276,107260,696,0.002556597132164956,0.7160493827160493
7684,0.7805,0,1,0,605335,275,107260,696,0.0025473340990774017,0.7167868177136972
7685,0.7806,2,3,2,605338,272,107262,694,0.0025195449998147395,0.7184265010351967
7686,0.7807,1,0,1,605338,272,107263,693,0.0025195449998147395,0.7181347150259068
7687,0.7808,0,2,0,605340,270,107263,693,0.002501018933639631,0.719626168224299
7688,0.781,3,0,3,605340,270,107266,690,0.002501018933639631,0.71875
7689,0.7811,0,1,0,605341,269,107266,690,0.002491755900552077,0.7194994786235662
7690,0.7812,1,0,1,605341,269,107267,689,0.002491755900552077,0.7192066805845512
7691,0.7813,2,2,2,605343,267,107269,687,0.0024732298343769685,0.720125786163522
7692,0.7814,1,0,1,605343,267,107270,686,0.0024732298343769685,0.7198321091290661
7693,0.7816,1,0,1,605343,267,107271,685,0.0024732298343769685,0.7195378151260504
7694,0.7817,0,1,0,605344,266,107271,685,0.0024639668012894143,0.7202944269190326
7695,0.7818,0,1,0,605345,265,107271,685,0.00245470376820186,0.7210526315789474
7696,0.7819,1,1,1,605346,264,107272,684,0.002445440735114306,0.7215189873417721
7697,0.782,3,1,3,605347,263,107275,681,0.0024361777020267517,0.7213983050847458
7698,0.7821,1,0,1,605347,263,107276,680,0.0024361777020267517,0.721102863202545
7699,0.7822,1,1,1,605348,262,107277,679,0.0024269146689391975,0.7215727948990436
7700,0.7823,1,1,1,605349,261,107278,678,0.0024176516358516433,0.7220447284345048
7701,0.7825,1,0,1,605349,261,107279,677,0.0024176516358516433,0.7217484008528785
7702,0.7826,5,0,5,605349,261,107284,672,0.0024176516358516433,0.7202572347266881
7703,0.7827,1,0,1,605349,261,107285,671,0.0024176516358516433,0.7199570815450643
7704,0.7828,3,1,3,605350,260,107288,668,0.002408388602764089,0.7198275862068966
7705,0.7829,1,1,1,605351,259,107289,667,0.002399125569676535,0.7203023758099352
7706,0.783,2,2,2,605353,257,107291,665,0.0023805995035014265,0.7212581344902386
7707,0.7831,2,2,2,605355,255,107293,663,0.002362073437326318,0.7222222222222222
7708,0.7832,1,1,1,605356,254,107294,662,0.002352810404238764,0.722707423580786
7709,0.7833,0,1,0,605357,253,107294,662,0.0023435473711512097,0.7234972677595628
7710,0.7834,3,2,3,605359,251,107297,659,0.0023250213049761013,0.7241758241758242
7711,0.7835,1,1,1,605360,250,107298,658,0.002315758271888547,0.724669603524229
7712,0.7837,1,0,1,605360,250,107299,657,0.002315758271888547,0.7243660418963617
7713,0.7838,5,0,5,605360,250,107304,652,0.002315758271888547,0.7228381374722838
7714,0.7839,2,0,2,605360,250,107306,650,0.002315758271888547,0.7222222222222222
7715,0.784,1,1,1,605361,249,107307,649,0.002306495238800993,0.72271714922049
7716,0.7841,1,1,1,605362,248,107308,648,0.0022972322057134387,0.7232142857142857
7717,0.7842,1,1,1,605363,247,107309,647,0.0022879691726258844,0.7237136465324385
7718,0.7843,2,2,2,605365,245,107311,645,0.002269443106450776,0.7247191011235955
7719,0.7844,2,0,2,605365,245,107313,643,0.002269443106450776,0.7240990990990991
7720,0.7845,1,1,1,605366,244,107314,642,0.0022601800733632223,0.7246049661399548
7721,0.7846,1,1,1,605367,243,107315,641,0.002250917040275668,0.7251131221719457
7722,0.7847,0,2,0,605369,241,107315,641,0.0022323909741005597,0.7267573696145124
7723,0.7848,1,1,1,605370,240,107316,640,0.0022231279410130055,0.7272727272727273
7724,0.7849,2,1,2,605371,239,107318,638,0.0022138649079254513,0.7274800456100342
7725,0.7852,0,1,0,605372,238,107318,638,0.002204601874837897,0.728310502283105
7726,0.7854,1,0,1,605372,238,107319,637,0.002204601874837897,0.728
7727,0.7855,4,0,4,605372,238,107323,633,0.002204601874837897,0.7267508610792193
7728,0.7857,0,1,0,605373,237,107323,633,0.002195338841750343,0.7275862068965517
7729,0.7858,3,0,3,605373,237,107326,630,0.002195338841750343,0.726643598615917
7730,0.7859,2,1,2,605374,236,107328,628,0.0021860758086627886,0.7268518518518519
7731,0.786,1,1,1,605375,235,107329,627,0.0021768127755752344,0.7273781902552204
7732,0.7861,1,0,1,605375,235,107330,626,0.0021768127755752344,0.727061556329849
7733,0.7863,1,1,1,605376,234,107331,625,0.0021675497424876802,0.7275902211874272
7734,0.7864,3,1,3,605377,233,107334,622,0.002158286709400126,0.7274853801169591
7735,0.7865,2,0,2,605377,233,107336,620,0.002158286709400126,0.7268464243845252
7736,0.7866,1,0,1,605377,233,107337,619,0.002158286709400126,0.7265258215962441
7737,0.7867,2,0,2,605377,233,107339,617,0.002158286709400126,0.7258823529411764
7738,0.7868,2,0,2,605377,233,107341,615,0.002158286709400126,0.7252358490566038
7739,0.7869,1,0,1,605377,233,107342,614,0.002158286709400126,0.7249114521841794
7740,0.787,1,0,1,605377,233,107343,613,0.002158286709400126,0.7245862884160756
7741,0.7871,1,0,1,605377,233,107344,612,0.002158286709400126,0.7242603550295857
7742,0.7872,2,0,2,605377,233,107346,610,0.002158286709400126,0.7236061684460261
7743,0.7873,4,1,4,605378,232,107350,606,0.002149023676312572,0.7231503579952268
7744,0.7874,2,0,2,605378,232,107352,604,0.002149023676312572,0.722488038277512
7745,0.7875,0,1,0,605379,231,107352,604,0.0021397606432250176,0.7233532934131737
7746,0.7878,0,1,0,605380,230,107352,604,0.0021304976101374634,0.7242206235011991
7747,0.7879,1,0,1,605380,230,107353,603,0.0021304976101374634,0.723889555822329
7748,0.788,0,1,0,605381,229,107353,603,0.002121234577049909,0.7247596153846154
7749,0.7881,1,0,1,605381,229,107354,602,0.002121234577049909,0.7244283995186522
7750,0.7882,5,3,5,605384,226,107359,597,0.0020934454777872466,0.7253948967193196
7751,0.7883,0,1,0,605385,225,107359,597,0.0020841824446996924,0.7262773722627737
7752,0.7884,0,1,0,605386,224,107359,597,0.002074919411612138,0.7271619975639464
7753,0.7885,2,0,2,605386,224,107361,595,0.002074919411612138,0.7264957264957265
7754,0.7886,2,0,2,605386,224,107363,593,0.002074919411612138,0.7258261933904528
7755,0.7887,1,0,1,605386,224,107364,592,0.002074919411612138,0.7254901960784313
7756,0.7888,1,0,1,605386,224,107365,591,0.002074919411612138,0.7251533742331289
7757,0.7889,1,0,1,605386,224,107366,590,0.002074919411612138,0.7248157248157249
7758,0.7891,1,0,1,605386,224,107367,589,0.002074919411612138,0.7244772447724477
7759,0.7894,1,0,1,605386,224,107368,588,0.002074919411612138,0.7241379310344828
7760,0.7895,1,0,1,605386,224,107369,587,0.002074919411612138,0.7237977805178791
7761,0.7896,1,0,1,605386,224,107370,586,0.002074919411612138,0.7234567901234568
7762,0.7897,2,0,2,605386,224,107372,584,0.002074919411612138,0.7227722772277227
7763,0.7898,1,1,1,605387,223,107373,583,0.002065656378524584,0.7233250620347395
7764,0.7899,1,0,1,605387,223,107374,582,0.002065656378524584,0.7229813664596273
7765,0.79,1,0,1,605387,223,107375,581,0.002065656378524584,0.722636815920398
7766,0.7901,2,0,2,605387,223,107377,579,0.002065656378524584,0.7219451371571073
7767,0.7903,1,0,1,605387,223,107378,578,0.002065656378524584,0.7215980024968789
7768,0.7904,2,0,2,605387,223,107380,576,0.002065656378524584,0.72090112640801
7769,0.7905,1,0,1,605387,223,107381,575,0.002065656378524584,0.7205513784461153
7770,0.7906,1,0,1,605387,223,107382,574,0.002065656378524584,0.7202007528230866
7771,0.7907,1,1,1,605388,222,107383,573,0.00205639334543703,0.720754716981132
7772,0.7908,0,1,0,605389,221,107383,573,0.0020471303123494756,0.7216624685138538
7773,0.7909,3,1,3,605390,220,107386,570,0.0020378672792619214,0.7215189873417721
7774,0.791,1,1,1,605391,219,107387,569,0.002028604246174367,0.7220812182741116
7775,0.7911,1,1,1,605392,218,107388,568,0.002019341213086813,0.72264631043257
7776,0.7912,2,0,2,605392,218,107390,566,0.002019341213086813,0.7219387755102041
7777,0.7913,1,1,1,605393,217,107391,565,0.0020100781799992588,0.7225063938618926
7778,0.7914,1,0,1,605393,217,107392,564,0.0020100781799992588,0.7221510883482715
7779,0.7916,2,0,2,605393,217,107394,562,0.0020100781799992588,0.7214377406931964
7780,0.7917,0,1,0,605394,216,107394,562,0.0020008151469117046,0.7223650385604113
7781,0.7918,2,0,2,605394,216,107396,560,0.0020008151469117046,0.7216494845360825
7782,0.792,1,1,1,605395,215,107397,559,0.001991552113824151,0.7222222222222222
7783,0.7921,1,0,1,605395,215,107398,558,0.001991552113824151,0.7218628719275549
7784,0.7922,1,1,1,605396,214,107399,557,0.0019822890807365966,0.7224383916990921
7785,0.7923,2,1,2,605397,213,107401,555,0.0019730260476490424,0.72265625
7786,0.7924,1,0,1,605397,213,107402,554,0.0019730260476490424,0.7222946544980443
7787,0.7925,1,0,1,605397,213,107403,553,0.0019730260476490424,0.7219321148825065
7788,0.7926,1,1,1,605398,212,107404,552,0.001963763014561488,0.7225130890052356
7789,0.7927,1,0,1,605398,212,107405,551,0.001963763014561488,0.7221494102228048
7790,0.7928,0,1,0,605399,211,107405,551,0.001954499981473934,0.7230971128608924
7791,0.7929,1,1,1,605400,210,107406,550,0.0019452369483863796,0.7236842105263158
7792,0.793,3,0,3,605400,210,107409,547,0.0019452369483863796,0.7225891677675033
7793,0.7931,1,0,1,605400,210,107410,546,0.0019452369483863796,0.7222222222222222
7794,0.7932,3,1,3,605401,209,107413,543,0.0019359739152988254,0.7220744680851063
7795,0.7933,2,0,2,605401,209,107415,541,0.0019359739152988254,0.7213333333333334
7796,0.7937,0,1,0,605402,208,107415,541,0.0019267108822112714,0.7222963951935915
7797,0.7938,2,1,2,605403,207,107417,539,0.0019174478491237172,0.7225201072386059
7798,0.7939,0,2,0,605405,205,107417,539,0.0018989217829486088,0.7244623655913979
7799,0.794,1,1,1,605406,204,107418,538,0.0018896587498610545,0.7250673854447439
7800,0.7941,3,0,3,605406,204,107421,535,0.0018896587498610545,0.7239512855209743
7801,0.7942,1,0,1,605406,204,107422,534,0.0018896587498610545,0.7235772357723578
7802,0.7943,0,3,0,605409,201,107422,534,0.001861869650598392,0.726530612244898
7803,0.7945,0,1,0,605410,200,107422,534,0.0018526066175108377,0.7275204359673024
7804,0.7946,1,0,1,605410,200,107423,533,0.0018526066175108377,0.7271487039563438
7805,0.7947,2,0,2,605410,200,107425,531,0.0018526066175108377,0.7264021887824897
7806,0.7948,1,0,1,605410,200,107426,530,0.0018526066175108377,0.726027397260274
7807,0.7949,2,0,2,605410,200,107428,528,0.0018526066175108377,0.7252747252747253
7808,0.795,1,0,1,605410,200,107429,527,0.0018526066175108377,0.7248968363136176
7809,0.7954,2,0,2,605410,200,107431,525,0.0018526066175108377,0.7241379310344828
7810,0.7957,1,0,1,605410,200,107432,524,0.0018526066175108377,0.7237569060773481
7811,0.7958,1,1,1,605411,199,107433,523,0.0018433435844232835,0.724376731301939
7812,0.7959,1,1,1,605412,198,107434,522,0.0018340805513357293,0.725
7813,0.796,4,1,4,605413,197,107438,518,0.0018248175182481751,0.7244755244755244
7814,0.7962,3,1,3,605414,196,107441,515,0.001815554485160621,0.7243319268635724
7815,0.7963,1,0,1,605414,196,107442,514,0.001815554485160621,0.723943661971831
7816,0.7965,2,0,2,605414,196,107444,512,0.001815554485160621,0.7231638418079096
7817,0.7966,1,0,1,605414,196,107445,511,0.001815554485160621,0.7227722772277227
7818,0.7967,1,0,1,605414,196,107446,510,0.001815554485160621,0.7223796033994334
7819,0.7969,1,1,1,605415,195,107447,509,0.0018062914520730667,0.7230113636363636
7820,0.797,3,0,3,605415,195,107450,506,0.0018062914520730667,0.7218259629101283
7821,0.7971,2,1,2,605416,194,107452,504,0.0017970284189855125,0.7220630372492837
7822,0.7972,2,1,2,605417,193,107454,502,0.0017877653858979585,0.7223021582733813
7823,0.7973,2,0,2,605417,193,107456,500,0.0017877653858979585,0.7215007215007215
7824,0.7974,1,0,1,605417,193,107457,499,0.0017877653858979585,0.7210982658959537
7825,0.7975,4,2,4,605419,191,107461,495,0.0017692393197228501,0.7215743440233237
7826,0.7976,2,0,2,605419,191,107463,493,0.0017692393197228501,0.7207602339181286
7827,0.7977,1,1,1,605420,190,107464,492,0.001759976286635296,0.7214076246334311
7828,0.7978,1,1,1,605421,189,107465,491,0.0017507132535477417,0.7220588235294118
7829,0.7979,1,0,1,605421,189,107466,490,0.0017507132535477417,0.7216494845360825
7830,0.7981,0,2,0,605423,187,107466,490,0.0017321871873726333,0.723781388478582
7831,0.7982,1,1,1,605424,186,107467,489,0.001722924154285079,0.7244444444444444
7832,0.7983,1,0,1,605424,186,107468,488,0.001722924154285079,0.7240356083086054
7833,0.7984,1,2,1,605426,184,107469,487,0.0017043980881099707,0.7257824143070045
7834,0.7985,2,1,2,605427,183,107471,485,0.0016951350550224165,0.7260479041916168
7835,0.7987,2,0,2,605427,183,107473,483,0.0016951350550224165,0.7252252252252253
7836,0.7988,0,1,0,605428,182,107473,483,0.0016858720219348623,0.7263157894736842
7837,0.799,1,0,1,605428,182,107474,482,0.0016858720219348623,0.7259036144578314
7838,0.7991,1,0,1,605428,182,107475,481,0.0016858720219348623,0.7254901960784313
7839,0.7992,1,0,1,605428,182,107476,480,0.0016858720219348623,0.7250755287009063
7840,0.7993,1,0,1,605428,182,107477,479,0.0016858720219348623,0.7246596066565809
7841,0.7994,1,0,1,605428,182,107478,478,0.0016858720219348623,0.7242424242424242
7842,0.7995,3,1,3,605429,181,107481,475,0.001676608988847308,0.7240853658536586
7843,0.7996,2,0,2,605429,181,107483,473,0.001676608988847308,0.7232415902140673
7844,0.7997,3,1,3,605430,180,107486,470,0.0016673459557597539,0.7230769230769231
7845,0.7998,0,2,0,605432,178,107486,470,0.0016488198895846457,0.7253086419753086
7846,0.7999,1,1,1,605433,177,107487,469,0.0016395568564970915,0.7260061919504643
7847,0.8,2,0,2,605433,177,107489,467,0.0016395568564970915,0.7251552795031055
7848,0.8003,0,1,0,605434,176,107489,467,0.0016302938234095373,0.7262830482115086
7849,0.8004,1,0,1,605434,176,107490,466,0.0016302938234095373,0.7258566978193146
7850,0.8008,3,0,3,605434,176,107493,463,0.0016302938234095373,0.7245696400625978
7851,0.8009,2,0,2,605434,176,107495,461,0.0016302938234095373,0.7237048665620094
7852,0.8011,0,1,0,605435,175,107495,461,0.001621030790321983,0.7248427672955975
7853,0.8012,1,1,1,605436,174,107496,460,0.0016117677572344289,0.7255520504731862
7854,0.8014,1,0,1,605436,174,107497,459,0.0016117677572344289,0.7251184834123223
7855,0.8015,1,0,1,605436,174,107498,458,0.0016117677572344289,0.7246835443037974
7856,0.8016,0,1,0,605437,173,107498,458,0.0016025047241468747,0.7258320126782885
7857,0.8017,2,0,2,605437,173,107500,456,0.0016025047241468747,0.724960254372019
7858,0.8018,1,0,1,605437,173,107501,455,0.0016025047241468747,0.7245222929936306
7859,0.8019,2,3,2,605440,170,107503,453,0.001574715624884212,0.7271268057784912
7860,0.802,1,0,1,605440,170,107504,452,0.001574715624884212,0.7266881028938906
7861,0.8021,1,0,1,605440,170,107505,451,0.001574715624884212,0.7262479871175523
7862,0.8022,2,1,2,605441,169,107507,449,0.0015654525917966578,0.7265372168284789
7863,0.8023,2,1,2,605442,168,107509,447,0.0015561895587091036,0.7268292682926829
7864,0.8025,1,0,1,605442,168,107510,446,0.0015561895587091036,0.7263843648208469
7865,0.8027,1,0,1,605442,168,107511,445,0.0015561895587091036,0.7259380097879282
7866,0.8028,1,0,1,605442,168,107512,444,0.0015561895587091036,0.7254901960784313
7867,0.803,2,2,2,605444,166,107514,442,0.0015376634925339952,0.7269736842105263
7868,0.8032,1,0,1,605444,166,107515,441,0.0015376634925339952,0.7265238879736409
7869,0.8034,2,0,2,605444,166,107517,439,0.0015376634925339952,0.7256198347107438
7870,0.8035,1,0,1,605444,166,107518,438,0.0015376634925339952,0.7251655629139073
7871,0.8036,1,1,1,605445,165,107519,437,0.0015284004594464412,0.7259136212624585
7872,0.8038,1,0,1,605445,165,107520,436,0.0015284004594464412,0.7254575707154742
7873,0.8039,3,0,3,605445,165,107523,433,0.0015284004594464412,0.7240802675585284
7874,0.804,0,1,0,605446,164,107523,433,0.001519137426358887,0.7252931323283082
7875,0.8041,2,0,2,605446,164,107525,431,0.001519137426358887,0.7243697478991596
7876,0.8043,1,1,1,605447,163,107526,430,0.0015098743932713328,0.7251264755480608
7877,0.8044,1,1,1,605448,162,107527,429,0.0015006113601837786,0.7258883248730964
7878,0.8045,2,0,2,605448,162,107529,427,0.0015006113601837786,0.7249575551782682
7879,0.8047,0,1,0,605449,161,107529,427,0.0014913483270962244,0.7261904761904762
7880,0.8048,0,1,0,605450,160,107529,427,0.0014820852940086702,0.727427597955707
7881,0.8049,0,1,0,605451,159,107529,427,0.001472822260921116,0.7286689419795221
7882,0.805,2,0,2,605451,159,107531,425,0.001472822260921116,0.7277397260273972
7883,0.8051,1,0,1,605451,159,107532,424,0.001472822260921116,0.7272727272727273
7884,0.8052,1,0,1,605451,159,107533,423,0.001472822260921116,0.7268041237113402
7885,0.8054,3,0,3,605451,159,107536,420,0.001472822260921116,0.7253886010362695
7886,0.8055,1,0,1,605451,159,107537,419,0.001472822260921116,0.7249134948096886
7887,0.8056,3,0,3,605451,159,107540,416,0.001472822260921116,0.7234782608695652
7888,0.8057,0,2,0,605453,157,107540,416,0.0014542961947460076,0.7260034904013961
7889,0.8058,1,0,1,605453,157,107541,415,0.0014542961947460076,0.7255244755244755
7890,0.8059,1,0,1,605453,157,107542,414,0.0014542961947460076,0.7250437828371279
7891,0.806,1,0,1,605453,157,107543,413,0.0014542961947460076,0.724561403508772
7892,0.8061,1,0,1,605453,157,107544,412,0.0014542961947460076,0.7240773286467487
7893,0.8062,3,0,3,605453,157,107547,409,0.0014542961947460076,0.7226148409893993
7894,0.8063,3,0,3,605453,157,107550,406,0.0014542961947460076,0.7211367673179396
7895,0.8064,0,1,0,605454,156,107550,406,0.0014450331616584534,0.7224199288256228
7896,0.8066,1,1,1,605455,155,107551,405,0.0014357701285708992,0.7232142857142857
7897,0.8067,1,1,1,605456,154,107552,404,0.001426507095483345,0.7240143369175627
7898,0.8068,4,0,4,605456,154,107556,400,0.001426507095483345,0.7220216606498195
7899,0.8069,1,0,1,605456,154,107557,399,0.001426507095483345,0.7215189873417721
7900,0.8071,1,1,1,605457,153,107558,398,0.0014172440623957908,0.7223230490018149
7901,0.8072,0,1,0,605458,152,107558,398,0.0014079810293082366,0.7236363636363636
7902,0.8073,2,1,2,605459,151,107560,396,0.0013987179962206824,0.7239488117001828
7903,0.8074,1,0,1,605459,151,107561,395,0.0013987179962206824,0.7234432234432234
7904,0.8078,0,1,0,605460,150,107561,395,0.0013894549631331284,0.7247706422018348
7905,0.808,1,0,1,605460,150,107562,394,0.0013894549631331284,0.7242647058823529
7906,0.8082,1,2,1,605462,148,107563,393,0.00137092889695802,0.7264325323475046
7907,0.8085,2,1,2,605463,147,107565,391,0.0013616658638704658,0.7267657992565055
7908,0.8086,1,0,1,605463,147,107566,390,0.0013616658638704658,0.7262569832402235
7909,0.8088,0,2,0,605465,145,107566,390,0.0013431397976953574,0.7289719626168224
7910,0.8091,2,0,2,605465,145,107568,388,0.0013431397976953574,0.7279549718574109
7911,0.8094,1,0,1,605465,145,107569,387,0.0013431397976953574,0.7274436090225563
7912,0.8097,1,1,1,605466,144,107570,386,0.0013338767646078032,0.7283018867924528
7913,0.8098,2,1,2,605467,143,107572,384,0.001324613731520249,0.7286527514231499
7914,0.8099,1,0,1,605467,143,107573,383,0.001324613731520249,0.7281368821292775
7915,0.81,1,0,1,605467,143,107574,382,0.001324613731520249,0.7276190476190476
7916,0.8101,0,2,0,605469,141,107574,382,0.0013060876653451406,0.7304015296367112
7917,0.8102,1,1,1,605470,140,107575,381,0.0012968246322575864,0.7312859884836852
7918,0.8103,1,0,1,605470,140,107576,380,0.0012968246322575864,0.7307692307692307
7919,0.8104,1,0,1,605470,140,107577,379,0.0012968246322575864,0.7302504816955684
7920,0.8106,0,1,0,605471,139,107577,379,0.0012875615991700322,0.7316602316602316
7921,0.8107,1,0,1,605471,139,107578,378,0.0012875615991700322,0.7311411992263056
7922,0.8109,0,1,0,605472,138,107578,378,0.001278298566082478,0.7325581395348837
7923,0.8112,2,0,2,605472,138,107580,376,0.001278298566082478,0.7315175097276264
7924,0.8113,1,0,1,605472,138,107581,375,0.001278298566082478,0.7309941520467836
7925,0.8114,1,0,1,605472,138,107582,374,0.001278298566082478,0.73046875
7926,0.8115,2,0,2,605472,138,107584,372,0.001278298566082478,0.7294117647058823
7927,0.8116,2,0,2,605472,138,107586,370,0.001278298566082478,0.7283464566929134
7928,0.8117,1,0,1,605472,138,107587,369,0.001278298566082478,0.727810650887574
7929,0.812,2,0,2,605472,138,107589,367,0.001278298566082478,0.7267326732673267
7930,0.8121,1,2,1,605474,136,107590,366,0.0012597724999073698,0.7290836653386454
7931,0.8122,1,1,1,605475,135,107591,365,0.0012505094668198156,0.73
7932,0.8123,0,1,0,605476,134,107591,365,0.0012412464337322614,0.7314629258517034
7933,0.8125,0,1,0,605477,133,107591,365,0.0012319834006447072,0.7329317269076305
7934,0.8126,1,1,1,605478,132,107592,364,0.001222720367557153,0.7338709677419355
7935,0.8128,1,2,1,605480,130,107593,363,0.0012041943013820445,0.7363083164300203
7936,0.8129,0,1,0,605481,129,107593,363,0.0011949312682944903,0.7378048780487805
7937,0.8131,1,0,1,605481,129,107594,362,0.0011949312682944903,0.7372708757637475
7938,0.8134,2,0,2,605481,129,107596,360,0.0011949312682944903,0.7361963190184049
7939,0.8135,1,1,1,605482,128,107597,359,0.0011856682352069361,0.7371663244353183
7940,0.8136,0,1,0,605483,127,107597,359,0.001176405202119382,0.7386831275720165
7941,0.8138,1,0,1,605483,127,107598,358,0.001176405202119382,0.7381443298969073
7942,0.8141,0,1,0,605484,126,107598,358,0.0011671421690318277,0.7396694214876033
7943,0.8142,0,1,0,605485,125,107598,358,0.0011578791359442735,0.7412008281573499
7944,0.8143,1,0,1,605485,125,107599,357,0.0011578791359442735,0.7406639004149378
7945,0.8144,0,3,0,605488,122,107599,357,0.0011300900366816111,0.7453027139874739
7946,0.8146,1,0,1,605488,122,107600,356,0.0011300900366816111,0.7447698744769874
7947,0.8148,1,3,1,605491,119,107601,355,0.0011023009374189485,0.7489451476793249
7948,0.8149,4,0,4,605491,119,107605,351,0.0011023009374189485,0.7468085106382979
7949,0.815,1,1,1,605492,118,107606,350,0.0010930379043313943,0.7478632478632479
7950,0.8151,2,0,2,605492,118,107608,348,0.0010930379043313943,0.7467811158798283
7951,0.8152,1,2,1,605494,116,107609,347,0.001074511838156286,0.7494600431965442
7952,0.8154,1,0,1,605494,116,107610,346,0.001074511838156286,0.7489177489177489
7953,0.8156,1,0,1,605494,116,107611,345,0.001074511838156286,0.7483731019522777
7954,0.8158,0,2,0,605496,114,107611,345,0.0010559857719811775,0.7516339869281046
7955,0.8159,2,0,2,605496,114,107613,343,0.0010559857719811775,0.75054704595186
7956,0.816,1,0,1,605496,114,107614,342,0.0010559857719811775,0.75
7957,0.8161,1,1,1,605497,113,107615,341,0.0010467227388936233,0.751101321585903
7958,0.8162,2,1,2,605498,112,107617,339,0.001037459705806069,0.7516629711751663
7959,0.8163,1,1,1,605499,111,107618,338,0.001028196672718515,0.7527839643652561
7960,0.8164,2,0,2,605499,111,107620,336,0.001028196672718515,0.7516778523489933
7961,0.8166,2,3,2,605502,108,107622,334,0.0010004075734558523,0.755656108597285
7962,0.8169,0,1,0,605503,107,107622,334,0.0009911445403682983,0.7573696145124716
7963,0.817,0,2,0,605505,105,107622,334,0.0009726184741931898,0.7608200455580866
7964,0.8172,0,1,0,605506,104,107622,334,0.0009633554411056357,0.7625570776255708
7965,0.8173,1,0,1,605506,104,107623,333,0.0009633554411056357,0.7620137299771167
7966,0.8174,0,2,0,605508,102,107623,333,0.0009448293749305273,0.7655172413793103
7967,0.8175,1,0,1,605508,102,107624,332,0.0009448293749305273,0.7649769585253456
7968,0.8179,1,0,1,605508,102,107625,331,0.0009448293749305273,0.7644341801385681
7969,0.818,1,0,1,605508,102,107626,330,0.0009448293749305273,0.7638888888888888
7970,0.8181,1,0,1,605508,102,107627,329,0.0009448293749305273,0.7633410672853829
7971,0.8183,2,0,2,605508,102,107629,327,0.0009448293749305273,0.7622377622377622
7972,0.8184,0,1,0,605509,101,107629,327,0.0009355663418429731,0.764018691588785
7973,0.8185,2,1,2,605510,100,107631,325,0.0009263033087554189,0.7647058823529411
7974,0.8186,3,1,3,605511,99,107634,322,0.0009170402756678647,0.7648456057007126
7975,0.8187,0,1,0,605512,98,107634,322,0.0009077772425803105,0.7666666666666667
7976,0.8188,2,0,2,605512,98,107636,320,0.0009077772425803105,0.7655502392344498
7977,0.8189,1,0,1,605512,98,107637,319,0.0009077772425803105,0.7649880095923262
7978,0.819,1,0,1,605512,98,107638,318,0.0009077772425803105,0.7644230769230769
7979,0.8191,2,0,2,605512,98,107640,316,0.0009077772425803105,0.7632850241545893
7980,0.8192,2,0,2,605512,98,107642,314,0.0009077772425803105,0.7621359223300971
7981,0.8193,1,1,1,605513,97,107643,313,0.0008985142094927563,0.7634146341463415
7982,0.8194,1,0,1,605513,97,107644,312,0.0008985142094927563,0.7628361858190709
7983,0.8195,2,0,2,605513,97,107646,310,0.0008985142094927563,0.7616707616707616
7984,0.8196,0,1,0,605514,96,107646,310,0.0008892511764052022,0.7635467980295566
7985,0.8198,2,0,2,605514,96,107648,308,0.0008892511764052022,0.7623762376237624
7986,0.8199,1,0,1,605514,96,107649,307,0.0008892511764052022,0.7617866004962779
7987,0.8201,3,1,3,605515,95,107652,304,0.000879988143317648,0.7619047619047619
7988,0.8202,2,1,2,605516,94,107654,302,0.0008707251102300938,0.7626262626262627
7989,0.8203,1,0,1,605516,94,107655,301,0.0008707251102300938,0.7620253164556962
7990,0.8204,1,0,1,605516,94,107656,300,0.0008707251102300938,0.7614213197969543
7991,0.8205,3,1,3,605517,93,107659,297,0.0008614620771425395,0.7615384615384615
7992,0.8206,1,0,1,605517,93,107660,296,0.0008614620771425395,0.7609254498714653
7993,0.8209,1,1,1,605518,92,107661,295,0.0008521990440549853,0.7622739018087855
7994,0.8212,0,1,0,605519,91,107661,295,0.0008429360109674311,0.7642487046632125
7995,0.8213,1,0,1,605519,91,107662,294,0.0008429360109674311,0.7636363636363637
7996,0.8214,1,0,1,605519,91,107663,293,0.0008429360109674311,0.7630208333333334
7997,0.8215,1,0,1,605519,91,107664,292,0.0008429360109674311,0.762402088772846
7998,0.8216,2,0,2,605519,91,107666,290,0.0008429360109674311,0.7611548556430446
7999,0.8217,0,1,0,605520,90,107666,290,0.0008336729778798769,0.7631578947368421
8000,0.822,1,1,1,605521,89,107667,289,0.0008244099447923228,0.7645502645502645
8001,0.8222,1,0,1,605521,89,107668,288,0.0008244099447923228,0.7639257294429708
8002,0.8223,1,2,1,605523,87,107669,287,0.0008058838786172144,0.767379679144385
8003,0.8225,3,0,3,605523,87,107672,284,0.0008058838786172144,0.7654986522911051
8004,0.8226,2,0,2,605523,87,107674,282,0.0008058838786172144,0.7642276422764228
8005,0.8227,1,0,1,605523,87,107675,281,0.0008058838786172144,0.7635869565217391
8006,0.8228,1,1,1,605524,86,107676,280,0.0007966208455296602,0.7650273224043715
8007,0.8229,0,1,0,605525,85,107676,280,0.000787357812442106,0.7671232876712328
8008,0.823,1,0,1,605525,85,107677,279,0.000787357812442106,0.7664835164835165
8009,0.8232,1,1,1,605526,84,107678,278,0.0007780947793545518,0.7679558011049724
8010,0.8233,1,1,1,605527,83,107679,277,0.0007688317462669976,0.7694444444444445
8011,0.8234,1,0,1,605527,83,107680,276,0.0007688317462669976,0.7688022284122563
8012,0.8236,2,0,2,605527,83,107682,274,0.0007688317462669976,0.7675070028011205
8013,0.8237,2,1,2,605528,82,107684,272,0.0007595687131794435,0.768361581920904
8014,0.8238,1,0,1,605528,82,107685,271,0.0007595687131794435,0.7677053824362606
8015,0.8241,3,0,3,605528,82,107688,268,0.0007595687131794435,0.7657142857142857
8016,0.8242,1,0,1,605528,82,107689,267,0.0007595687131794435,0.7650429799426934
8017,0.8244,0,1,0,605529,81,107689,267,0.0007503056800918893,0.7672413793103449
8018,0.8245,1,0,1,605529,81,107690,266,0.0007503056800918893,0.7665706051873199
8019,0.8248,0,3,0,605532,78,107690,266,0.0007225165808292267,0.7732558139534884
8020,0.8251,0,1,0,605533,77,107690,266,0.0007132535477416725,0.7755102040816326
8021,0.8253,0,2,0,605535,75,107690,266,0.0006947274815665642,0.7800586510263929
8022,0.8255,2,1,2,605536,74,107692,264,0.00068546444847901,0.7810650887573964
8023,0.8257,2,0,2,605536,74,107694,262,0.00068546444847901,0.7797619047619048
8024,0.8258,2,0,2,605536,74,107696,260,0.00068546444847901,0.7784431137724551
8025,0.8259,2,1,2,605537,73,107698,258,0.0006762014153914558,0.7794561933534743
8026,0.826,1,1,1,605538,72,107699,257,0.0006669383823039016,0.7811550151975684
8027,0.8264,0,1,0,605539,71,107699,257,0.0006576753492163474,0.7835365853658537
8028,0.8265,0,1,0,605540,70,107699,257,0.0006484123161287932,0.7859327217125383
8029,0.827,1,1,1,605541,69,107700,256,0.000639149283041239,0.7876923076923077
8030,0.8273,1,0,1,605541,69,107701,255,0.000639149283041239,0.7870370370370371
8031,0.8276,1,0,1,605541,69,107702,254,0.000639149283041239,0.7863777089783281
8032,0.8277,2,0,2,605541,69,107704,252,0.000639149283041239,0.7850467289719626
8033,0.8278,1,1,1,605542,68,107705,251,0.0006298862499536849,0.786833855799373
8034,0.8279,2,0,2,605542,68,107707,249,0.0006298862499536849,0.7854889589905363
8035,0.828,1,0,1,605542,68,107708,248,0.0006298862499536849,0.7848101265822784
8036,0.8282,1,0,1,605542,68,107709,247,0.0006298862499536849,0.7841269841269841
8037,0.8287,0,1,0,605543,67,107709,247,0.0006206232168661307,0.7866242038216561
8038,0.8289,0,1,0,605544,66,107709,247,0.0006113601837785765,0.7891373801916933
8039,0.8291,3,0,3,605544,66,107712,244,0.0006113601837785765,0.7870967741935484
8040,0.8294,1,2,1,605546,64,107713,243,0.0005928341176034681,0.7915309446254072
8041,0.8298,1,1,1,605547,63,107714,242,0.0005835710845159139,0.7934426229508197
8042,0.8299,1,0,1,605547,63,107715,241,0.0005835710845159139,0.7927631578947368
8043,0.83,1,0,1,605547,63,107716,240,0.0005835710845159139,0.7920792079207921
8044,0.8301,1,1,1,605548,62,107717,239,0.0005743080514283597,0.7940199335548173
8045,0.8303,2,0,2,605548,62,107719,237,0.0005743080514283597,0.7926421404682275
8046,0.8304,1,1,1,605549,61,107720,236,0.0005650450183408056,0.7946127946127947
8047,0.8305,1,0,1,605549,61,107721,235,0.0005650450183408056,0.793918918918919
8048,0.8306,1,1,1,605550,60,107722,234,0.0005557819852532514,0.7959183673469388
8049,0.8307,1,1,1,605551,59,107723,233,0.0005465189521656972,0.797945205479452
8050,0.8309,2,1,2,605552,58,107725,231,0.000537255919078143,0.7993079584775087
8051,0.8312,1,0,1,605552,58,107726,230,0.000537255919078143,0.7986111111111112
8052,0.8314,1,1,1,605553,57,107727,229,0.0005279928859905888,0.8006993006993007
8053,0.8315,2,0,2,605553,57,107729,227,0.0005279928859905888,0.7992957746478874
8054,0.8316,1,1,1,605554,56,107730,226,0.0005187298529030345,0.8014184397163121
8055,0.8319,2,0,2,605554,56,107732,224,0.0005187298529030345,0.8
8056,0.8321,0,1,0,605555,55,107732,224,0.0005094668198154803,0.8028673835125448
8057,0.8323,1,0,1,605555,55,107733,223,0.0005094668198154803,0.802158273381295
8058,0.8324,2,0,2,605555,55,107735,221,0.0005094668198154803,0.8007246376811594
8059,0.8328,1,0,1,605555,55,107736,220,0.0005094668198154803,0.8
8060,0.833,1,1,1,605556,54,107737,219,0.0005002037867279261,0.8021978021978022
8061,0.8331,2,0,2,605556,54,107739,217,0.0005002037867279261,0.8007380073800738
8062,0.8332,0,1,0,605557,53,107739,217,0.000490940753640372,0.8037037037037037
8063,0.8333,1,0,1,605557,53,107740,216,0.000490940753640372,0.8029739776951673
8064,0.8334,1,0,1,605557,53,107741,215,0.000490940753640372,0.8022388059701493
8065,0.8335,2,0,2,605557,53,107743,213,0.000490940753640372,0.8007518796992481
8066,0.8336,1,0,1,605557,53,107744,212,0.000490940753640372,0.8
8067,0.8338,1,0,1,605557,53,107745,211,0.000490940753640372,0.7992424242424242
8068,0.834,0,1,0,605558,52,107745,211,0.00048167772055281784,0.8022813688212928
8069,0.8341,1,0,1,605558,52,107746,210,0.00048167772055281784,0.8015267175572519
8070,0.8343,1,0,1,605558,52,107747,209,0.00048167772055281784,0.8007662835249042
8071,0.8345,2,0,2,605558,52,107749,207,0.00048167772055281784,0.7992277992277992
8072,0.8348,1,0,1,605558,52,107750,206,0.00048167772055281784,0.7984496124031008
8073,0.8349,2,0,2,605558,52,107752,204,0.00048167772055281784,0.796875
8074,0.835,1,0,1,605558,52,107753,203,0.00048167772055281784,0.796078431372549
8075,0.8353,0,1,0,605559,51,107753,203,0.00047241468746526364,0.7992125984251969
8076,0.8355,1,0,1,605559,51,107754,202,0.00047241468746526364,0.7984189723320159
8077,0.8358,2,0,2,605559,51,107756,200,0.00047241468746526364,0.796812749003984
8078,0.8359,0,1,0,605560,50,107756,200,0.00046315165437770943,0.8
8079,0.836,0,1,0,605561,49,107756,200,0.00045388862129015523,0.8032128514056225
8080,0.8362,2,0,2,605561,49,107758,198,0.00045388862129015523,0.8016194331983806
8081,0.8363,1,0,1,605561,49,107759,197,0.00045388862129015523,0.8008130081300813
8082,0.8365,1,0,1,605561,49,107760,196,0.00045388862129015523,0.8
8083,0.8368,1,0,1,605561,49,107761,195,0.00045388862129015523,0.7991803278688525
8084,0.8369,2,2,2,605563,47,107763,193,0.0004353625551150469,0.8041666666666667
8085,0.837,1,0,1,605563,47,107764,192,0.0004353625551150469,0.803347280334728
8086,0.8371,2,0,2,605563,47,107766,190,0.0004353625551150469,0.8016877637130801
8087,0.8373,3,0,3,605563,47,107769,187,0.0004353625551150469,0.7991452991452992
8088,0.8374,0,1,0,605564,46,107769,187,0.00042609952202749267,0.8025751072961373
8089,0.8378,1,0,1,605564,46,107770,186,0.00042609952202749267,0.8017241379310345
8090,0.8379,1,0,1,605564,46,107771,185,0.00042609952202749267,0.8008658008658008
8091,0.838,1,1,1,605565,45,107772,184,0.00041683648893993847,0.8034934497816594
8092,0.8381,1,1,1,605566,44,107773,183,0.0004075734558523843,0.8061674008810573
8093,0.8382,1,0,1,605566,44,107774,182,0.0004075734558523843,0.8053097345132744
8094,0.8384,2,0,2,605566,44,107776,180,0.0004075734558523843,0.8035714285714286
8095,0.8386,1,0,1,605566,44,107777,179,0.0004075734558523843,0.8026905829596412
8096,0.8388,1,0,1,605566,44,107778,178,0.0004075734558523843,0.8018018018018018
8097,0.8391,1,1,1,605567,43,107779,177,0.0003983104227648301,0.8045454545454546
8098,0.8392,1,0,1,605567,43,107780,176,0.0003983104227648301,0.8036529680365296
8099,0.8393,2,0,2,605567,43,107782,174,0.0003983104227648301,0.8018433179723502
8100,0.8394,3,0,3,605567,43,107785,171,0.0003983104227648301,0.7990654205607477
8101,0.8397,1,0,1,605567,43,107786,170,0.0003983104227648301,0.7981220657276995
8102,0.8398,1,0,1,605567,43,107787,169,0.0003983104227648301,0.7971698113207547
8103,0.8399,0,1,0,605568,42,107787,169,0.0003890473896772759,0.8009478672985783
8104,0.8401,2,0,2,605568,42,107789,167,0.0003890473896772759,0.7990430622009569
8105,0.8404,2,0,2,605568,42,107791,165,0.0003890473896772759,0.7971014492753623
8106,0.8406,0,1,0,605569,41,107791,165,0.00037978435658972176,0.8009708737864077
8107,0.8407,3,0,3,605569,41,107794,162,0.00037978435658972176,0.7980295566502463
8108,0.8409,2,0,2,605569,41,107796,160,0.00037978435658972176,0.7960199004975125
8109,0.841,1,0,1,605569,41,107797,159,0.00037978435658972176,0.795
8110,0.8411,2,0,2,605569,41,107799,157,0.00037978435658972176,0.7929292929292929
8111,0.8412,3,0,3,605569,41,107802,154,0.00037978435658972176,0.7897435897435897
8112,0.8413,1,0,1,605569,41,107803,153,0.00037978435658972176,0.788659793814433
8113,0.8414,1,0,1,605569,41,107804,152,0.00037978435658972176,0.7875647668393783
8114,0.8417,1,0,1,605569,41,107805,151,0.00037978435658972176,0.7864583333333334
8115,0.8418,0,1,0,605570,40,107805,151,0.00037052132350216756,0.7905759162303665
8116,0.8419,1,1,1,605571,39,107806,150,0.00036125829041461335,0.7936507936507936
8117,0.842,1,0,1,605571,39,107807,149,0.00036125829041461335,0.7925531914893617
8118,0.8421,1,1,1,605572,38,107808,148,0.00035199525732705915,0.7956989247311828
8119,0.8422,0,1,0,605573,37,107808,148,0.000342732224239505,0.8
8120,0.8424,1,0,1,605573,37,107809,147,0.000342732224239505,0.7989130434782609
8121,0.8426,1,0,1,605573,37,107810,146,0.000342732224239505,0.7978142076502732
8122,0.8433,1,1,1,605574,36,107811,145,0.0003334691911519508,0.8011049723756906
8123,0.8434,1,0,1,605574,36,107812,144,0.0003334691911519508,0.8
8124,0.8435,0,1,0,605575,35,107812,144,0.0003242061580643966,0.8044692737430168
8125,0.8436,1,0,1,605575,35,107813,143,0.0003242061580643966,0.8033707865168539
8126,0.8438,1,0,1,605575,35,107814,142,0.0003242061580643966,0.8022598870056498
8127,0.844,1,1,1,605576,34,107815,141,0.00031494312497684244,0.8057142857142857
8128,0.8442,2,1,2,605577,33,107817,139,0.00030568009188928824,0.8081395348837209
8129,0.8443,1,0,1,605577,33,107818,138,0.00030568009188928824,0.8070175438596491
8130,0.8445,1,0,1,605577,33,107819,137,0.00030568009188928824,0.8058823529411765
8131,0.8446,0,1,0,605578,32,107819,137,0.00029641705880173404,0.8106508875739645
8132,0.8448,1,0,1,605578,32,107820,136,0.00029641705880173404,0.8095238095238095
8133,0.8449,0,1,0,605579,31,107820,136,0.00028715402571417983,0.8143712574850299
8134,0.845,0,1,0,605580,30,107820,136,0.0002778909926266257,0.8192771084337349
8135,0.8451,0,1,0,605581,29,107820,136,0.0002686279595390715,0.8242424242424242
8136,0.8453,1,0,1,605581,29,107821,135,0.0002686279595390715,0.823170731707317
8137,0.8457,0,1,0,605582,28,107821,135,0.0002593649264515173,0.8282208588957055
8138,0.846,1,0,1,605582,28,107822,134,0.0002593649264515173,0.8271604938271605
8139,0.8461,2,0,2,605582,28,107824,132,0.0002593649264515173,0.825
8140,0.8462,1,0,1,605582,28,107825,131,0.0002593649264515173,0.8238993710691824
8141,0.8466,1,0,1,605582,28,107826,130,0.0002593649264515173,0.8227848101265823
8142,0.8468,1,0,1,605582,28,107827,129,0.0002593649264515173,0.821656050955414
8143,0.8469,1,0,1,605582,28,107828,128,0.0002593649264515173,0.8205128205128205
8144,0.847,1,0,1,605582,28,107829,127,0.0002593649264515173,0.8193548387096774
8145,0.8472,1,0,1,605582,28,107830,126,0.0002593649264515173,0.8181818181818182
8146,0.8475,2,0,2,605582,28,107832,124,0.0002593649264515173,0.8157894736842105
8147,0.8477,1,0,1,605582,28,107833,123,0.0002593649264515173,0.8145695364238411
8148,0.8479,2,0,2,605582,28,107835,121,0.0002593649264515173,0.8120805369127517
8149,0.848,1,1,1,605583,27,107836,120,0.00025010189336396307,0.8163265306122449
8150,0.8482,0,1,0,605584,26,107836,120,0.00024083886027640892,0.821917808219178
8151,0.8485,1,0,1,605584,26,107837,119,0.00024083886027640892,0.8206896551724138
8152,0.8486,0,1,0,605585,25,107837,119,0.00023157582718885472,0.8263888888888888
8153,0.8489,1,0,1,605585,25,107838,118,0.00023157582718885472,0.8251748251748252
8154,0.849,1,0,1,605585,25,107839,117,0.00023157582718885472,0.823943661971831
8155,0.8492,1,0,1,605585,25,107840,116,0.00023157582718885472,0.8226950354609929
8156,0.8493,1,0,1,605585,25,107841,115,0.00023157582718885472,0.8214285714285714
8157,0.8494,1,0,1,605585,25,107842,114,0.00023157582718885472,0.8201438848920863
8158,0.8497,1,1,1,605586,24,107843,113,0.00022231279410130054,0.8248175182481752
8159,0.8503,1,0,1,605586,24,107844,112,0.00022231279410130054,0.8235294117647058
8160,0.8504,1,0,1,605586,24,107845,111,0.00022231279410130054,0.8222222222222222
8161,0.8505,2,0,2,605586,24,107847,109,0.00022231279410130054,0.8195488721804511
8162,0.8506,1,1,1,605587,23,107848,108,0.00021304976101374634,0.8244274809160306
8163,0.8507,2,0,2,605587,23,107850,106,0.00021304976101374634,0.8217054263565892
8164,0.8519,1,0,1,605587,23,107851,105,0.00021304976101374634,0.8203125
8165,0.852,1,0,1,605587,23,107852,104,0.00021304976101374634,0.8188976377952756
8166,0.8522,1,0,1,605587,23,107853,103,0.00021304976101374634,0.8174603174603174
8167,0.8529,2,2,2,605589,21,107855,101,0.00019452369483863796,0.8278688524590164
8168,0.8531,0,1,0,605590,20,107855,101,0.00018526066175108378,0.8347107438016529
8169,0.8533,1,0,1,605590,20,107856,100,0.00018526066175108378,0.8333333333333334
8170,0.8535,1,0,1,605590,20,107857,99,0.00018526066175108378,0.8319327731092437
8171,0.8537,0,1,0,605591,19,107857,99,0.00017599762866352957,0.8389830508474576
8172,0.8539,1,0,1,605591,19,107858,98,0.00017599762866352957,0.8376068376068376
8173,0.8541,2,0,2,605591,19,107860,96,0.00017599762866352957,0.8347826086956521
8174,0.8544,1,1,1,605592,18,107861,95,0.0001667345955759754,0.8407079646017699
8175,0.8545,2,1,2,605593,17,107863,93,0.00015747156248842122,0.8454545454545455
8176,0.8546,1,0,1,605593,17,107864,92,0.00015747156248842122,0.8440366972477065
8177,0.8547,1,0,1,605593,17,107865,91,0.00015747156248842122,0.8425925925925926
8178,0.8551,1,0,1,605593,17,107866,90,0.00015747156248842122,0.8411214953271028
8179,0.8554,0,1,0,605594,16,107866,90,0.00014820852940086702,0.8490566037735849
8180,0.8556,2,0,2,605594,16,107868,88,0.00014820852940086702,0.8461538461538461
8181,0.856,1,0,1,605594,16,107869,87,0.00014820852940086702,0.8446601941747572
8182,0.8562,1,0,1,605594,16,107870,86,0.00014820852940086702,0.8431372549019608
8183,0.8563,1,0,1,605594,16,107871,85,0.00014820852940086702,0.8415841584158416
8184,0.8567,1,0,1,605594,16,107872,84,0.00014820852940086702,0.84
8185,0.8569,2,0,2,605594,16,107874,82,0.00014820852940086702,0.8367346938775511
8186,0.8579,2,0,2,605594,16,107876,80,0.00014820852940086702,0.8333333333333334
8187,0.8581,0,1,0,605595,15,107876,80,0.00013894549631331284,0.8421052631578947
8188,0.8583,1,0,1,605595,15,107877,79,0.00013894549631331284,0.8404255319148937
8189,0.8584,2,0,2,605595,15,107879,77,0.00013894549631331284,0.8369565217391305
8190,0.859,0,1,0,605596,14,107879,77,0.00012968246322575864,0.8461538461538461
8191,0.8591,1,0,1,605596,14,107880,76,0.00012968246322575864,0.8444444444444444
8192,0.8592,1,0,1,605596,14,107881,75,0.00012968246322575864,0.8426966292134831
8193,0.8593,1,0,1,605596,14,107882,74,0.00012968246322575864,0.8409090909090909
8194,0.8594,1,0,1,605596,14,107883,73,0.00012968246322575864,0.8390804597701149
8195,0.8595,0,1,0,605597,13,107883,73,0.00012041943013820446,0.8488372093023255
8196,0.8599,1,0,1,605597,13,107884,72,0.00012041943013820446,0.8470588235294118
8197,0.86,1,0,1,605597,13,107885,71,0.00012041943013820446,0.8452380952380952
8198,0.8604,2,0,2,605597,13,107887,69,0.00012041943013820446,0.8414634146341463
8199,0.8605,1,0,1,605597,13,107888,68,0.00012041943013820446,0.8395061728395061
8200,0.8606,1,0,1,605597,13,107889,67,0.00012041943013820446,0.8375
8201,0.861,1,0,1,605597,13,107890,66,0.00012041943013820446,0.8354430379746836
8202,0.8612,2,0,2,605597,13,107892,64,0.00012041943013820446,0.8311688311688312
8203,0.8614,2,0,2,605597,13,107894,62,0.00012041943013820446,0.8266666666666667
8204,0.8621,2,0,2,605597,13,107896,60,0.00012041943013820446,0.821917808219178
8205,0.8623,0,1,0,605598,12,107896,60,0.00011115639705065027,0.8333333333333334
8206,0.8624,2,0,2,605598,12,107898,58,0.00011115639705065027,0.8285714285714286
8207,0.8626,0,1,0,605599,11,107898,58,0.00010189336396309608,0.8405797101449275
8208,0.8629,1,0,1,605599,11,107899,57,0.00010189336396309608,0.8382352941176471
8209,0.8632,1,0,1,605599,11,107900,56,0.00010189336396309608,0.835820895522388
8210,0.8634,1,0,1,605599,11,107901,55,0.00010189336396309608,0.8333333333333334
8211,0.8641,1,0,1,605599,11,107902,54,0.00010189336396309608,0.8307692307692308
8212,0.8644,1,0,1,605599,11,107903,53,0.00010189336396309608,0.828125
8213,0.8645,1,1,1,605600,10,107904,52,9.263033087554189e-05,0.8387096774193549
8214,0.8646,0,1,0,605601,9,107904,52,8.33672977879877e-05,0.8524590163934426
8215,0.8649,1,0,1,605601,9,107905,51,8.33672977879877e-05,0.85
8216,0.865,2,0,2,605601,9,107907,49,8.33672977879877e-05,0.8448275862068966
8217,0.8658,1,0,1,605601,9,107908,48,8.33672977879877e-05,0.8421052631578947
8218,0.866,1,0,1,605601,9,107909,47,8.33672977879877e-05,0.8392857142857143
8219,0.8663,1,0,1,605601,9,107910,46,8.33672977879877e-05,0.8363636363636363
8220,0.8665,0,1,0,605602,8,107910,46,7.410426470043351e-05,0.8518518518518519
8221,0.8668,2,0,2,605602,8,107912,44,7.410426470043351e-05,0.8461538461538461
8222,0.8671,1,0,1,605602,8,107913,43,7.410426470043351e-05,0.8431372549019608
8223,0.8677,1,0,1,605602,8,107914,42,7.410426470043351e-05,0.84
8224,0.8678,2,0,2,605602,8,107916,40,7.410426470043351e-05,0.8333333333333334
8225,0.8679,1,0,1,605602,8,107917,39,7.410426470043351e-05,0.8297872340425532
8226,0.8689,1,0,1,605602,8,107918,38,7.410426470043351e-05,0.8260869565217391
8227,0.87,1,0,1,605602,8,107919,37,7.410426470043351e-05,0.8222222222222222
8228,0.871,1,0,1,605602,8,107920,36,7.410426470043351e-05,0.8181818181818182
8229,0.8719,1,0,1,605602,8,107921,35,7.410426470043351e-05,0.813953488372093
8230,0.8721,1,0,1,605602,8,107922,34,7.410426470043351e-05,0.8095238095238095
8231,0.8731,1,0,1,605602,8,107923,33,7.410426470043351e-05,0.8048780487804879
8232,0.8738,0,1,0,605603,7,107923,33,6.484123161287932e-05,0.825
8233,0.8741,1,0,1,605603,7,107924,32,6.484123161287932e-05,0.8205128205128205
8234,0.8745,1,0,1,605603,7,107925,31,6.484123161287932e-05,0.8157894736842105
8235,0.8746,1,0,1,605603,7,107926,30,6.484123161287932e-05,0.8108108108108109
8236,0.8753,0,1,0,605604,6,107926,30,5.5578198525325135e-05,0.8333333333333334
8237,0.8754,1,0,1,605604,6,107927,29,5.5578198525325135e-05,0.8285714285714286
8238,0.8765,1,0,1,605604,6,107928,28,5.5578198525325135e-05,0.8235294117647058
8239,0.8768,1,0,1,605604,6,107929,27,5.5578198525325135e-05,0.8181818181818182
8240,0.8784,1,0,1,605604,6,107930,26,5.5578198525325135e-05,0.8125
8241,0.8797,1,0,1,605604,6,107931,25,5.5578198525325135e-05,0.8064516129032258
8242,0.8807,1,0,1,605604,6,107932,24,5.5578198525325135e-05,0.8
8243,0.881,1,0,1,605604,6,107933,23,5.5578198525325135e-05,0.7931034482758621
8244,0.8813,1,0,1,605604,6,107934,22,5.5578198525325135e-05,0.7857142857142857
8245,0.8815,1,0,1,605604,6,107935,21,5.5578198525325135e-05,0.7777777777777778
8246,0.8822,0,1,0,605605,5,107935,21,4.6315165437770945e-05,0.8076923076923077
8247,0.8844,1,0,1,605605,5,107936,20,4.6315165437770945e-05,0.8
8248,0.8847,0,1,0,605606,4,107936,20,3.7052132350216754e-05,0.8333333333333334
8249,0.8848,1,0,1,605606,4,107937,19,3.7052132350216754e-05,0.8260869565217391
8250,0.8859,1,0,1,605606,4,107938,18,3.7052132350216754e-05,0.8181818181818182
8251,0.886,1,0,1,605606,4,107939,17,3.7052132350216754e-05,0.8095238095238095
8252,0.887,1,0,1,605606,4,107940,16,3.7052132350216754e-05,0.8
8253,0.8893,1,0,1,605606,4,107941,15,3.7052132350216754e-05,0.7894736842105263
8254,0.8906,1,0,1,605606,4,107942,14,3.7052132350216754e-05,0.7777777777777778
8255,0.8928,1,0,1,605606,4,107943,13,3.7052132350216754e-05,0.7647058823529411
8256,0.8932,1,0,1,605606,4,107944,12,3.7052132350216754e-05,0.75
8257,0.8939,1,0,1,605606,4,107945,11,3.7052132350216754e-05,0.7333333333333333
8258,0.8966,1,0,1,605606,4,107946,10,3.7052132350216754e-05,0.7142857142857143
8259,0.8968,1,0,1,605606,4,107947,9,3.7052132350216754e-05,0.6923076923076923
8260,0.8973,1,0,1,605606,4,107948,8,3.7052132350216754e-05,0.6666666666666666
8261,0.898,0,1,0,605607,3,107948,8,2.7789099262662567e-05,0.7272727272727273
8262,0.899,1,1,1,605608,2,107949,7,1.8526066175108377e-05,0.7777777777777778
8263,0.8999,1,0,1,605608,2,107950,6,1.8526066175108377e-05,0.75
8264,0.9012,0,1,0,605609,1,107950,6,9.263033087554189e-06,0.8571428571428571
8265,0.9032,1,0,1,605609,1,107951,5,9.263033087554189e-06,0.8333333333333334
8266,0.9074,1,0,1,605609,1,107952,4,9.263033087554189e-06,0.8
8267,0.9082,1,0,1,605609,1,107953,3,9.263033087554189e-06,0.75
8268,0.9095,0,1,0,605610,0,107953,3,0.0,1.0
8269,0.9103,1,0,1,605610,0,107954,2,0.0,1.0
8270,0.9139,1,0,1,605610,0,107955,1,0.0,1.0
8271,0.9149,1,0,1,605610,0,107956,0,0.0,
