,y_proba,y_test,Neg,Pos,TN,FP,FN,TP,FP/P,Prec
0,0.1021,0,1,0,1,605609,0,107956,5.609776205120605,0.1512910526721462
1,0.1023,0,1,0,2,605608,0,107956,5.609766942087517,0.15129126469384666
2,0.1024,0,3,0,5,605605,0,107956,5.609739152988254,0.15129190076251364
3,0.1026,0,1,0,6,605604,0,107956,5.609729889955167,0.1512921127865912
4,0.1027,0,3,0,9,605601,0,107956,5.6097021008559045,0.15129274886238941
5,0.1028,0,5,0,14,605596,0,107956,5.6096557856904665,0.15129380900060543
6,0.1029,0,2,0,16,605594,0,107956,5.609637259624291,0.15129423306005185
7,0.103,0,4,0,20,605590,0,107956,5.609600207491941,0.1512950811860763
8,0.1031,0,2,0,22,605588,0,107956,5.609581681425766,0.15129550525265437
9,0.1032,0,1,0,23,605587,0,107956,5.609572418392679,0.15129571728683486
10,0.1033,0,4,0,27,605583,0,107956,5.609535366260328,0.1512965654295
11,0.1034,0,5,0,32,605578,0,107956,5.609489051094891,0.15129762562120375
12,0.1035,0,1,0,33,605577,0,107956,5.609479788061803,0.1512978376613275
13,0.1036,0,2,0,35,605575,0,107956,5.6094612619956274,0.15129826174335803
14,0.1037,1,8,1,43,605567,1,107955,5.609387157730928,0.15129876864343356
15,0.1038,0,5,0,48,605562,1,107955,5.60934084256549,0.15129982887583618
16,0.1039,0,1,0,49,605561,1,107955,5.609331579532402,0.15130004092409982
17,0.104,0,4,0,53,605557,1,107955,5.609294527400052,0.15130088912309814
18,0.1041,0,9,0,62,605548,1,107955,5.609211160102264,0.15130279760561624
19,0.1042,0,7,0,69,605541,1,107955,5.609146318870651,0.1513042820141949
20,0.1043,0,7,0,76,605534,1,107955,5.609081477639038,0.15130576645190044
21,0.1044,0,2,0,78,605532,1,107955,5.609062951572863,0.15130619058230912
22,0.1045,0,8,0,86,605524,1,107955,5.608988847308162,0.15130788712772206
23,0.1046,0,17,0,103,605507,1,107955,5.608831375745674,0.15131149241305072
24,0.1047,0,17,0,120,605490,1,107955,5.608673904183186,0.1513150978701932
25,0.1048,0,8,0,128,605482,1,107955,5.608599799918485,0.15131679461536196
26,0.1049,0,23,0,151,605459,1,107955,5.608386750157472,0.1513216729696922
27,0.105,0,16,0,167,605443,1,107955,5.6082385416280705,0.15132506679301036
28,0.1051,0,14,0,181,605429,1,107955,5.608108859164845,0.15132803651329438
29,0.1052,0,31,0,212,605398,1,107955,5.607821705139131,0.15133461273731239
30,0.1053,0,35,0,247,605363,1,107955,5.607497498981067,0.15134203819334435
31,0.1054,0,22,0,269,605341,1,107955,5.60729371225314,0.1513467059958278
32,0.1055,0,52,0,321,605289,1,107955,5.606812034532587,0.15135774012820297
33,0.1056,0,37,0,358,605252,1,107955,5.606469302308348,0.15136559231751792
34,0.1057,2,42,2,400,605210,3,107953,5.606080254918671,0.15137212670876082
35,0.1058,0,30,0,430,605180,3,107953,5.605802363926044,0.15137849461460906
36,0.1059,1,59,1,489,605121,4,107952,5.605255844973878,0.1513898296527845
37,0.106,0,49,0,538,605072,4,107952,5.604801956352588,0.15140023337222872
38,0.1061,0,33,0,571,605039,4,107952,5.604496276260699,0.15140724076460993
39,0.1062,0,37,0,608,605002,4,107952,5.60415354403646,0.15141509830928784
40,0.1063,0,49,0,657,604953,4,107952,5.603699655415169,0.15142550550213563
41,0.1064,0,81,0,738,604872,4,107952,5.602949349735077,0.151442712366587
42,0.1065,0,32,0,770,604840,4,107952,5.602652932676276,0.1514495112178588
43,0.1066,1,79,1,849,604761,5,107951,5.601921153062359,0.15146510792578208
44,0.1067,1,53,1,902,604708,6,107950,5.601430212308719,0.1514751816439302
45,0.1068,0,65,0,967,604643,6,107950,5.600828115158027,0.15148899862895088
46,0.1069,1,62,1,1029,604581,7,107949,5.600253807106599,0.15150098943202392
47,0.107,1,58,1,1087,604523,8,107948,5.59971655118752,0.15151213172185254
48,0.1071,1,67,1,1154,604456,9,107947,5.599095927970655,0.1515251900960552
49,0.1072,3,106,3,1260,604350,12,107944,5.598114046463374,0.15154416575178226
50,0.1073,1,57,1,1317,604293,13,107943,5.597586053577383,0.1515551025221977
51,0.1074,1,115,1,1432,604178,14,107942,5.5965208047723145,0.1515783856653373
52,0.1075,0,61,0,1493,604117,14,107942,5.5959557597539735,0.15159137093976763
53,0.1076,0,84,0,1577,604033,14,107942,5.595177664974619,0.15160925594297553
54,0.1077,0,77,0,1654,603956,14,107942,5.594464411426878,0.15162565423698338
55,0.1078,2,106,2,1760,603850,16,107940,5.593482529919597,0.1516458506020034
56,0.1079,0,82,0,1842,603768,16,107940,5.592722961206418,0.1516633225985938
57,0.108,3,70,3,1912,603698,19,107937,5.592074548890289,0.15167466468062982
58,0.1081,2,87,2,1999,603611,21,107935,5.591268665011672,0.15169082532963435
59,0.1082,1,94,1,2093,603517,22,107934,5.590397939901441,0.15170967501626956
60,0.1083,2,100,2,2193,603417,24,107932,5.589471636592686,0.15172861703608215
61,0.1084,1,64,1,2257,603353,25,107931,5.588878802475082,0.15174107670072715
62,0.1085,2,85,2,2342,603268,27,107929,5.58809144466264,0.1517568268707545
63,0.1086,3,111,3,2453,603157,30,107926,5.587063247989922,0.15177693743205786
64,0.1087,3,102,3,2555,603055,33,107923,5.5861184186149915,0.15179513290143998
65,0.1088,3,94,3,2649,602961,36,107920,5.585247693504761,0.1518116252931222
66,0.1089,1,95,1,2744,602866,37,107919,5.584367705361443,0.151830722370337
67,0.109,1,134,1,2878,602732,38,107918,5.583126458927711,0.1518581580243439
68,0.1091,1,117,1,2995,602615,39,107917,5.582042684056468,0.15188197012942414
69,0.1092,1,95,1,3090,602520,40,107916,5.58116269591315,0.1519010860936101
70,0.1093,0,148,0,3238,602372,40,107916,5.579791767016192,0.1519327371432433
71,0.1094,1,116,1,3354,602256,41,107915,5.578717255178035,0.15195635980630018
72,0.1095,3,139,3,3493,602117,44,107912,5.577429693578866,0.15198252465744358
73,0.1096,1,137,1,3630,601980,45,107911,5.576160658045871,0.15201066079158632
74,0.1097,1,168,1,3798,601812,46,107910,5.574604468487162,0.15204544878135381
75,0.1098,3,160,3,3958,601652,49,107907,5.5731223831931525,0.15207614870645006
76,0.1099,0,143,0,4101,601509,49,107907,5.571797769461632,0.1521068033424676
77,0.11,2,169,2,4270,601340,51,107905,5.570232316869836,0.15214065661372303
78,0.1101,2,130,2,4400,601210,53,107903,5.5690281225684535,0.15216615687485632
79,0.1102,0,163,0,4563,601047,53,107903,5.567518248175182,0.15220114253473446
80,0.1103,1,138,1,4701,600909,54,107902,5.5662399496091,0.15222957882989965
81,0.1104,2,141,2,4842,600768,56,107900,5.5649338619437545,0.15225747458612496
82,0.1105,4,143,4,4985,600625,60,107896,5.563609248212234,0.1522834185578127
83,0.1106,1,174,1,5159,600451,61,107895,5.561997480455,0.15231962910780888
84,0.1107,2,178,2,5337,600273,63,107893,5.560348660565415,0.15235552116311712
85,0.1108,3,151,3,5488,600122,66,107890,5.558949942569195,0.15238442286288933
86,0.1109,4,157,4,5645,599965,70,107886,5.5574956463744485,0.15241343164027457
87,0.111,1,182,1,5827,599783,71,107885,5.555809774352514,0.1524514320274479
88,0.1111,4,187,4,6014,599596,75,107881,5.554077587165142,0.15248693597106336
89,0.1112,1,116,1,6130,599480,76,107880,5.553003075326985,0.1525107441755259
90,0.1113,3,244,3,6374,599236,79,107877,5.550742895253622,0.15255977474604485
91,0.1114,4,179,4,6553,599057,83,107873,5.54908481233095,0.15259360898533095
92,0.1115,4,191,4,6744,598866,87,107869,5.547315573011227,0.1526300522826802
93,0.1116,4,158,4,6902,598708,91,107865,5.545852013783393,0.1526593855128911
94,0.1117,3,237,3,7139,598471,94,107862,5.5436566749416425,0.15270700930014597
95,0.1118,3,208,3,7347,598263,97,107859,5.5417299640594315,0.15274839192094283
96,0.1119,5,196,5,7543,598067,102,107854,5.539914409574271,0.15278480169877365
97,0.112,4,171,4,7714,597896,106,107850,5.538330430916299,0.15281701915419996
98,0.1121,3,182,3,7896,597714,109,107847,5.5366445588943645,0.1528528362537045
99,0.1122,2,215,2,8111,597499,111,107845,5.53465300678054,0.15289702613192996
100,0.1123,4,169,4,8280,597330,115,107841,5.533087554188744,0.15292886406275924
101,0.1124,6,184,6,8464,597146,121,107835,5.531383156100634,0.15296156917704165
102,0.1125,3,211,3,8675,596935,124,107832,5.529428656119159,0.1530037586890419
103,0.1126,1,193,1,8868,596742,125,107831,5.527640890733261,0.1530444680678936
104,0.1127,2,235,2,9103,596507,127,107829,5.525464077957687,0.15309312600804162
105,0.1128,2,199,2,9302,596308,129,107827,5.523620734373263,0.1531339870905437
106,0.1129,4,210,4,9512,596098,133,107823,5.5216754974248765,0.15317485911061043
107,0.113,4,208,4,9720,595890,137,107819,5.5197487865426655,0.15321532053732437
108,0.1131,1,242,1,9962,595648,138,107818,5.517507132535477,0.15326682455157747
109,0.1132,1,202,1,10164,595446,139,107817,5.515635999851791,0.1533096437605846
110,0.1133,7,210,7,10374,595236,146,107810,5.513690762903405,0.1533470071659607
111,0.1134,7,205,7,10579,595031,153,107803,5.5117918411204565,0.15338330245833298
112,0.1135,3,208,3,10787,594823,156,107800,5.5098651302382455,0.1534250942539598
113,0.1136,6,205,6,10992,594618,162,107794,5.507966208455296,0.15346264015990616
114,0.1137,9,245,9,11237,594373,171,107785,5.505696765348846,0.15350533640576622
115,0.1138,7,221,7,11458,594152,178,107778,5.5036496350364965,0.15354522530736683
116,0.1139,7,262,7,11720,593890,185,107771,5.501222720367557,0.15359411453679198
117,0.114,2,218,2,11938,593672,187,107769,5.49920337915447,0.153639436531369
118,0.1141,5,282,5,12220,593390,192,107764,5.49659120382378,0.15369519392316097
119,0.1142,9,243,9,12463,593147,201,107755,5.494340286783505,0.1537376123908906
120,0.1143,7,257,7,12720,592890,208,107748,5.491959687280003,0.15378554974180675
121,0.1144,7,224,7,12944,592666,215,107741,5.489884767868391,0.1538262752942218
122,0.1145,3,262,3,13206,592404,218,107738,5.487457853199452,0.1538802128711033
123,0.1146,11,234,11,13440,592170,229,107727,5.485290303456964,0.15391836227330594
124,0.1147,8,259,8,13699,591911,237,107719,5.4828911778872875,0.15396566756714264
125,0.1148,6,236,6,13935,591675,243,107713,5.480705102078625,0.15401036334623985
126,0.1149,7,265,7,14200,591410,250,107706,5.478250398310423,0.1540602703986177
127,0.115,1,316,1,14516,591094,251,107705,5.475323279854756,0.15412872657230478
128,0.1151,13,275,13,14791,590819,264,107692,5.472775945755679,0.15417366369319882
129,0.1152,13,317,13,15108,590502,277,107679,5.469839564266923,0.15422791511083803
130,0.1153,4,312,4,15420,590190,281,107675,5.466949497943607,0.15429201923008032
131,0.1154,7,299,7,15719,589891,288,107668,5.464179851050428,0.15434966791339513
132,0.1155,11,304,11,16023,589587,299,107657,5.461363888991811,0.15440362340873495
133,0.1156,10,300,10,16323,589287,309,107647,5.458584979065545,0.15445795441175206
134,0.1157,10,343,10,16666,588944,319,107637,5.455407758716514,0.1545218718282583
135,0.1158,14,356,14,17022,588588,333,107623,5.452110118937345,0.15458388333421907
136,0.1159,12,372,12,17394,588216,345,107611,5.4486642706287745,0.15465194653268702
137,0.116,5,323,5,17717,587893,350,107606,5.445672310941495,0.15471769190178564
138,0.1161,7,362,7,18079,587531,357,107599,5.4423190929638,0.15478975155726268
139,0.1162,5,343,5,18422,587188,362,107594,5.439141872614769,0.1548600856095869
140,0.1163,10,372,10,18794,586816,372,107584,5.435696024306199,0.15493087557603685
141,0.1164,15,322,15,19116,586494,387,107569,5.4327133276520065,0.15498448988060162
142,0.1165,8,381,8,19497,586113,395,107561,5.4291841120456485,0.15505986962175317
143,0.1166,19,318,19,19815,585795,414,107542,5.426238467523806,0.15510783356434174
144,0.1167,9,368,9,20183,585427,423,107533,5.422829671347586,0.15517923112445162
145,0.1168,15,338,15,20521,585089,438,107518,5.419698766163993,0.1552366637934644
146,0.1169,10,340,10,20861,584749,448,107508,5.416549334914224,0.15530070479605118
147,0.117,13,341,13,21202,584408,461,107495,5.413390640631368,0.15536137290920837
148,0.1171,8,385,8,21587,584023,469,107487,5.40982437289266,0.15543809923211524
149,0.1172,12,400,12,21987,583623,481,107475,5.406119159657639,0.1555134004149918
150,0.1173,7,350,7,22337,583273,488,107468,5.402877098076995,0.1555836413358987
151,0.1174,10,431,10,22768,582842,498,107458,5.398884730816259,0.15566854990583803
152,0.1175,8,364,8,23132,582478,506,107450,5.395512986772388,0.15574088890434945
153,0.1176,14,425,14,23557,582053,520,107436,5.391576197710179,0.15581974476750174
154,0.1177,15,446,15,24003,581607,535,107421,5.387444884953129,0.15590222748567548
155,0.1178,9,490,9,24493,581117,544,107412,5.3829059987402275,0.15600214370055582
156,0.1179,13,544,13,25037,580573,557,107399,5.377866908740598,0.15610955097009763
157,0.118,20,467,20,25504,580106,577,107379,5.3735410722887105,0.1561910441682364
158,0.1181,10,515,10,26019,579591,587,107369,5.36877061024862,0.1562958541982066
159,0.1182,13,547,13,26566,579044,600,107356,5.3637037311497275,0.1564044289044289
160,0.1183,15,564,15,27130,578480,615,107341,5.3584793804883475,0.15651460074859183
161,0.1184,10,572,10,27702,577908,625,107331,5.353180925562266,0.15663294120737437
162,0.1185,16,609,16,28311,577299,641,107315,5.347539738411945,0.1567525642186692
163,0.1186,14,598,14,28909,576701,655,107301,5.342000444625588,0.15687234832646688
164,0.1187,13,547,13,29456,576154,668,107288,5.336933565526696,0.15698186532288036
165,0.1188,30,644,30,30100,575510,698,107258,5.330968172218311,0.15709289246127528
166,0.1189,18,721,18,30821,574789,716,107240,5.324289525362184,0.15723671574082626
167,0.119,18,648,18,31469,574141,734,107222,5.31828707992145,0.15736398953274539
168,0.1191,25,712,25,32181,573429,759,107197,5.311691800363111,0.15749765656909961
169,0.1192,15,752,15,32933,572677,774,107182,5.3047259994812705,0.15765327810619556
170,0.1193,28,695,28,33628,571982,802,107154,5.29828819148542,0.15777988503039156
171,0.1194,29,726,29,34354,571256,831,107125,5.291563229463856,0.15791273635317027
172,0.1195,18,725,18,35079,570531,849,107107,5.284847530475379,0.15805931780685262
173,0.1196,34,753,34,35832,569778,883,107073,5.27787246656045,0.1581928666722809
174,0.1197,17,702,17,36534,569076,900,107056,5.271369817332988,0.1583359462353505
175,0.1198,26,798,26,37332,568278,926,107030,5.263977916929119,0.1584906442689854
176,0.1199,27,763,27,38095,567515,953,107003,5.256910222683316,0.1586362409898624
177,0.12,30,807,30,38902,566708,983,106973,5.249434954981659,0.15878880360289216
178,0.1201,26,850,26,39752,565858,1009,106947,5.241561376857238,0.15895690430362439
179,0.1202,22,738,22,40490,565120,1031,106925,5.2347252584386235,0.15910392905237
180,0.1203,32,760,32,41250,564360,1063,106893,5.227685353292082,0.159243981032487
181,0.1204,22,761,22,42011,563599,1085,106871,5.220636185112453,0.15939713932017838
182,0.1205,21,792,21,42803,562807,1106,106850,5.21329986290711,0.1595592967743188
183,0.1206,26,723,26,43526,562084,1132,106824,5.206602689984809,0.15969909165385973
184,0.1207,21,682,21,44208,561402,1153,106803,5.200285301419097,0.1598356791703145
185,0.1208,29,725,29,44933,560677,1182,106774,5.19356960243062,0.1599727920102
186,0.1209,31,800,31,45733,559877,1213,106743,5.186159175960577,0.16012570879961596
187,0.121,24,712,24,46445,559165,1237,106719,5.179563896402238,0.1602666530506815
188,0.1211,25,848,25,47293,558317,1262,106694,5.171708844343992,0.16043945137749602
189,0.1212,30,885,30,48178,557432,1292,106664,5.163511060061507,0.16061533272297981
190,0.1213,34,734,34,48912,556698,1326,106630,5.156711993775242,0.16075003618119543
191,0.1214,30,864,30,49776,555834,1356,106600,5.148708733187595,0.1609216918213739
192,0.1215,31,786,31,50562,555048,1387,106569,5.1414279891807775,0.16107355161672085
193,0.1216,28,889,28,51451,554159,1415,106541,5.133193152765942,0.16125472983199637
194,0.1217,30,910,30,52361,553249,1445,106511,5.1247637926562675,0.16143900812416637
195,0.1218,37,1005,37,53366,552244,1482,106474,5.115454444403276,0.16163821240652299
196,0.1219,39,976,39,54342,551268,1521,106435,5.106413724109823,0.16182836325818797
197,0.122,46,944,46,55286,550324,1567,106389,5.097669420875171,0.1620022749663856
198,0.1221,43,993,43,56279,549331,1610,106346,5.08847122901923,0.16219266498596108
199,0.1222,53,1024,53,57303,548307,1663,106293,5.078985883137575,0.16237855178735106
200,0.1223,25,930,25,58233,547377,1688,106268,5.070371262366149,0.1625775459155964
201,0.1224,49,1114,49,59347,546263,1737,106219,5.060052243506614,0.16279223028374729
202,0.1225,29,781,29,60128,545482,1766,106190,5.052817814665234,0.16295007304288048
203,0.1226,35,914,35,61042,544568,1801,106155,5.044351402423209,0.16313392949073569
204,0.1227,51,913,51,61955,543655,1852,106104,5.0358942532142725,0.1632974687537995
205,0.1228,49,974,49,62929,542681,1901,106055,5.026872058986995,0.16347944310166232
206,0.1229,41,1024,41,63953,541657,1942,106014,5.017386713105339,0.1636849573317317
207,0.123,38,925,38,64878,540732,1980,105976,5.008818407499351,0.163869938210135
208,0.1231,39,1007,39,65885,539725,2019,105937,4.999490533180184,0.16407501138366515
209,0.1232,44,978,44,66863,538747,2063,105893,4.990431286820557,0.1642668776371308
210,0.1233,58,887,58,67750,537860,2121,105835,4.982214976471896,0.16441793085234466
211,0.1234,41,947,41,68697,536913,2162,105794,4.973442884137982,0.1646068892979227
212,0.1235,35,931,35,69628,535982,2197,105759,4.96481900033347,0.16480012964731877
213,0.1236,39,1040,39,70668,534942,2236,105720,4.955185445922413,0.16501681073639454
214,0.1237,34,884,34,71552,534058,2270,105686,4.946996924673015,0.16520045518207283
215,0.1238,56,1053,56,72605,533005,2326,105630,4.937242950831821,0.1653996414227219
216,0.1239,41,1049,41,73654,531956,2367,105589,4.927526029122976,0.16561811323122289
217,0.124,57,1096,57,74750,530860,2424,105532,4.917373744859017,0.16582860878200859
218,0.1241,39,937,39,75687,529923,2463,105493,4.908694282855978,0.16602194467876163
219,0.1242,40,1035,40,76722,528888,2503,105453,4.89910704361036,0.1662402398709842
220,0.1243,53,1025,53,77747,527863,2556,105400,4.889612434695617,0.1664395361800705
221,0.1244,52,968,52,78715,526895,2608,105348,4.880645818666864,0.16662580684958156
222,0.1245,59,1024,59,79739,525871,2667,105289,4.871160472785209,0.16681823943215665
223,0.1246,46,1075,46,80814,524796,2713,105243,4.861202712216088,0.16704204025465091
224,0.1247,55,1014,55,81828,523782,2768,105188,4.851809996665308,0.16723850104138513
225,0.1248,61,975,61,82803,522807,2829,105127,4.842778539404943,0.16741727633795908
226,0.1249,48,1142,48,83945,521665,2877,105079,4.832200155618956,0.16765856553872074
227,0.125,53,1061,53,85006,520604,2930,105026,4.8223720775130605,0.16787238463628662
228,0.1251,60,948,60,85954,519656,2990,104966,4.81359072214606,0.16804723496770846
229,0.1252,48,967,48,86921,518689,3038,104918,4.804633369150395,0.16824378174074378
230,0.1253,52,1221,52,88142,517468,3090,104866,4.793323205750491,0.16850437225027076
231,0.1254,48,975,48,89117,516493,3138,104818,4.7842917484901255,0.1687045618056014
232,0.1255,59,1151,59,90268,515342,3197,104759,4.773629997406351,0.1689386083879884
233,0.1256,56,1174,56,91442,514168,3253,104703,4.762755196561562,0.16918388484837713
234,0.1257,71,1158,71,92600,513010,3324,104632,4.752028604246174,0.16940557798854353
235,0.1258,53,1105,53,93705,511905,3377,104579,4.741792952684427,0.16963781703985828
236,0.1259,67,1183,67,94888,510722,3444,104512,4.730834784541851,0.16987357655786253
237,0.126,62,1120,62,96008,509602,3506,104450,4.7204601874837895,0.17009960068528399
238,0.1261,52,1135,52,97143,508467,3558,104398,4.709946644929416,0.1703442030463479
239,0.1262,67,1213,67,98356,507254,3625,104331,4.698710585794212,0.17059116884815684
240,0.1263,63,1243,63,99599,506011,3688,104268,4.687196635666383,0.17085300329849135
241,0.1264,59,1189,59,100788,504822,3747,104209,4.676182889325281,0.17110623268766287
242,0.1265,85,1239,85,102027,503583,3832,104124,4.664705991329801,0.17133914863577349
243,0.1266,64,1251,64,103278,502332,3896,104060,4.653117936937271,0.17160516629506986
244,0.1267,73,1322,73,104600,501010,3969,103987,4.640872207195524,0.17188019114144368
245,0.1268,77,1188,77,105788,499822,4046,103910,4.62986772388751,0.17211279176853306
246,0.1269,58,1285,58,107073,498537,4104,103852,4.617964726370003,0.17240022643175756
247,0.127,74,1329,74,108402,497208,4178,103778,4.6056541553966435,0.17267956325105743
248,0.1271,62,1127,62,109529,496081,4240,103716,4.59521471710697,0.1729185040938851
249,0.1272,70,1223,70,110752,494858,4310,103646,4.583886027640891,0.17317511662411614
250,0.1273,67,1190,67,111942,493668,4377,103579,4.572863018266701,0.1734274094302692
251,0.1274,58,1310,58,113252,492358,4435,103521,4.560728444922005,0.17372822334735744
252,0.1275,75,1221,75,114473,491137,4510,103446,4.549418281522102,0.17398075626111073
253,0.1276,67,1256,67,115729,489881,4577,103379,4.537783911964134,0.1742558068974817
254,0.1277,64,1205,64,116934,488676,4641,103315,4.526621957093631,0.17452123427552108
255,0.1278,91,1341,91,118275,487335,4732,103224,4.514200229723221,0.17479032577608672
256,0.1279,62,1068,62,119343,486267,4794,103162,4.5043073103857125,0.17502023144433002
257,0.128,77,1201,77,120544,485066,4871,103085,4.49318240764756,0.1752696161359923
258,0.1281,74,1187,74,121731,483879,4945,103011,4.4821871873726336,0.17552011450186578
259,0.1282,78,1144,78,122875,482735,5023,102933,4.4715902775204714,0.17575315707875452
260,0.1283,69,1115,69,123990,481620,5092,102864,4.461261995627848,0.1759911306383066
261,0.1284,66,1101,66,125091,480519,5158,102798,4.451063396198451,0.17623007729930723
262,0.1285,68,1091,68,126182,479428,5226,102730,4.44095742709993,0.17646412142408074
263,0.1286,88,1202,88,127384,478226,5314,102642,4.429823261328689,0.17670451806606666
264,0.1287,76,1091,76,128475,477135,5390,102566,4.4197172922301675,0.17692914105720017
265,0.1288,80,1153,80,129628,475982,5470,102486,4.409037015080218,0.17716796780461494
266,0.1289,73,1164,73,130792,474818,5543,102413,4.3982548445663046,0.17742117107362565
267,0.129,75,1186,75,131978,473632,5618,102338,4.387268887324465,0.17767939302394223
268,0.1291,81,1165,81,133143,472467,5699,102257,4.376477453777465,0.17792366422839484
269,0.1292,83,1186,83,134329,471281,5782,102174,4.3654914965356255,0.17817265522142103
270,0.1293,88,1281,88,135610,470000,5870,102086,4.3536255511504685,0.178445198798782
271,0.1294,78,1170,78,136780,468830,5948,102008,4.34278780243803,0.1786986850910416
272,0.1295,68,1126,68,137906,467704,6016,101940,4.332357627181445,0.1789538729452079
273,0.1296,96,1263,96,139169,466441,6112,101844,4.320658416391863,0.17921289493827922
274,0.1297,104,1289,104,140458,465152,6216,101740,4.308718366742006,0.1794698108281648
275,0.1298,96,1310,96,141768,463842,6312,101644,4.29658379339731,0.17974627134889282
276,0.1299,103,1461,103,143229,462381,6415,101541,4.283050502056393,0.18006213625288603
277,0.13,105,1388,105,144617,460993,6520,101436,4.270193412130868,0.1803534312775479
278,0.1301,86,1405,86,146022,459588,6606,101350,4.2571788506428545,0.18067950468679247
279,0.1302,101,1388,101,147410,458200,6707,101249,4.244321760717329,0.18097985696640803
280,0.1303,107,1503,107,148913,456697,6814,101142,4.230399421986736,0.18131037808399914
281,0.1304,128,1540,128,150453,455157,6942,101014,4.216134351031902,0.18162399693619408
282,0.1305,108,1459,108,151912,453698,7050,100906,4.20261958575716,0.18194243099580962
283,0.1306,107,1404,107,153316,452294,7157,100799,4.189614287302234,0.18224602372476237
284,0.1307,105,1577,105,154893,450717,7262,100694,4.175006484123161,0.18261151844994025
285,0.1308,110,1471,110,156364,449246,7372,100584,4.161380562451369,0.18293654402269793
286,0.1309,128,1517,128,157881,447729,7500,100456,4.14732854125755,0.1832520043416
287,0.131,101,1488,101,159369,446241,7601,100355,4.133545148023269,0.1835999531646774
288,0.1311,113,1437,113,160806,444804,7714,100242,4.120234169476453,0.18391475214935987
289,0.1312,121,1594,121,162400,443210,7835,100121,4.105468894734892,0.1842725704957015
290,0.1313,118,1469,118,163869,441741,7953,100003,4.0918614991292745,0.1845945686523524
291,0.1314,119,1408,119,165277,440333,8072,99884,4.0788191485419985,0.18489606954242463
292,0.1315,120,1466,120,166743,438867,8192,99764,4.065239542035644,0.18521770934090315
293,0.1316,108,1541,108,168284,437326,8300,99656,4.050965208047723,0.18558536412766163
294,0.1317,114,1437,114,169721,435889,8414,99542,4.037654229500908,0.18591004256384108
295,0.1318,132,1597,132,171318,434292,8546,99410,4.022861165660084,0.18626499432267446
296,0.1319,120,1470,120,172788,432822,8666,99290,4.009244507021379,0.18659605496587184
297,0.132,97,1466,97,174254,431356,8763,99193,3.9956649005150244,0.1869629383902335
298,0.1321,128,1441,128,175695,429915,8891,99065,3.982316869835859,0.18727551136148815
299,0.1322,117,1515,117,177210,428400,9008,98948,3.9682833747082142,0.18763321374121072
300,0.1323,129,1593,129,178803,426807,9137,98819,3.9535273629997407,0.1880024960713511
301,0.1324,149,1620,149,180423,425187,9286,98670,3.938521249397903,0.18835292837549178
302,0.1325,129,1541,129,181964,423646,9415,98541,3.9242469154099817,0.18870825968474894
303,0.1326,134,1573,134,183537,422073,9549,98407,3.909676164363259,0.18906970488779587
304,0.1327,136,1700,136,185237,420373,9685,98271,3.893929008114417,0.18947678947409013
305,0.1328,142,1661,142,186898,418712,9827,98129,3.8785431101559893,0.1898630333119857
306,0.1329,151,1679,151,188577,417033,9978,97978,3.862990477601986,0.1902444802149857
307,0.133,150,1772,150,190349,415261,10128,97828,3.84657638297084,0.19066477745576305
308,0.1331,126,1677,126,192026,413584,10254,97702,3.8310422764830117,0.19109070070371573
309,0.1332,160,1735,160,193761,411849,10414,97542,3.8149709140761052,0.19148748211099137
310,0.1333,141,1757,141,195518,410092,10555,97401,3.7986957649412725,0.19192579996177286
311,0.1334,146,1772,146,197290,408320,10701,97255,3.7822816703101263,0.19236512881372694
312,0.1335,144,1704,144,198994,406616,10845,97111,3.766497461928934,0.19278498075346368
313,0.1336,150,1773,150,200767,404843,10995,96961,3.7500741042647006,0.19322484476010554
314,0.1337,137,1773,137,202540,403070,11132,96824,3.7336507466004667,0.1936890620811612
315,0.1338,167,1876,167,204416,401194,11299,96657,3.716273296528215,0.19414845003826445
316,0.1339,143,1762,143,206178,399432,11442,96514,3.6999518322279448,0.19460586434813468
317,0.134,164,1862,164,208040,397570,11606,96350,3.682704064618919,0.19507207644962746
318,0.1341,163,1835,163,209875,395735,11769,96187,3.665706398903257,0.19553303165949074
319,0.1342,178,1916,178,211791,393819,11947,96009,3.647958427507503,0.19600553663735026
320,0.1343,164,1802,164,213593,392017,12111,95845,3.6312664418837306,0.1964592446224547
321,0.1344,158,2044,158,215637,389973,12269,95687,3.6123328022527694,0.1970246674628341
322,0.1345,190,1794,190,217431,388179,12459,95497,3.5957149208936974,0.19744002183279716
323,0.1346,201,2031,201,219462,386148,12660,95296,3.5769017006928747,0.19793787024036025
324,0.1347,191,1796,191,221258,384352,12851,95105,3.5602652932676278,0.19835981120309015
325,0.1348,174,2005,174,223263,382347,13025,94931,3.5416929119270812,0.19890085023822593
326,0.1349,176,1900,176,225163,380447,13201,94755,3.5240931490607283,0.19939941330213257
327,0.135,195,2086,195,227249,378361,13396,94560,3.5047704620400904,0.19994882866271535
328,0.1351,192,1945,192,229194,376416,13588,94368,3.4867538626847976,0.20044861337683523
329,0.1352,210,2025,210,231219,374391,13798,94158,3.4679962206825,0.20095657017729202
330,0.1353,189,1880,189,233099,372511,13987,93969,3.450581718477898,0.20144271994512092
331,0.1354,209,2110,209,235209,370401,14196,93760,3.431036718663159,0.2019988753902202
332,0.1355,198,2088,198,237297,368313,14394,93562,3.411695505576346,0.20256995940460082
333,0.1356,198,1879,198,239176,366434,14592,93364,3.394290266404832,0.20305438475156481
334,0.1357,203,1905,203,241081,364529,14795,93161,3.376644188373041,0.20354606829950403
335,0.1358,183,1895,183,242976,362634,14978,92978,3.3590907406721255,0.204072763667331
336,0.1359,199,1829,199,244805,360805,15177,92779,3.342148653154989,0.2045464566651381
337,0.136,199,1932,199,246737,358873,15376,92580,3.3242524732298344,0.20507118127468418
338,0.1361,197,1822,197,248559,357051,15573,92383,3.307375226944311,0.2055540969308063
339,0.1362,177,1909,177,250468,355142,15750,92206,3.2896920967801697,0.2061169380437601
340,0.1363,217,1895,217,252363,353247,15967,91989,3.2721386490792543,0.20660728242999218
341,0.1364,199,1841,199,254204,351406,16166,91790,3.255085405165067,0.20710926993925938
342,0.1365,212,1740,212,255944,349666,16378,91578,3.238967727592723,0.20754503177380315
343,0.1366,207,1900,207,257844,347766,16585,91371,3.22136796472637,0.2080694635159415
344,0.1367,203,1765,203,259609,346001,16788,91168,3.205018711326837,0.20854177674995253
345,0.1368,224,1898,224,261507,344103,17012,90944,3.187437474526659,0.20904408029477275
346,0.1369,214,1834,214,263341,342269,17226,90730,3.1704490718440845,0.20953859015840684
347,0.137,209,1912,209,265253,340357,17435,90521,3.152738152580681,0.21008498925449895
348,0.1371,210,1750,210,267003,338607,17645,90311,3.1365278446774614,0.2105553975351932
349,0.1372,226,1824,226,268827,336783,17871,90085,3.1196320723257625,0.21103713560163798
350,0.1373,257,1771,257,270598,335012,18128,89828,3.103227240727704,0.21143960079088597
351,0.1374,232,1782,232,272380,333230,18360,89596,3.0867205157656823,0.2118980384366146
352,0.1375,230,1951,230,274331,331279,18590,89366,3.068648338211864,0.21244992808662888
353,0.1376,217,1804,217,276135,329475,18807,89149,3.0519378265219164,0.21295721219996944
354,0.1377,263,2022,263,278157,327453,19070,88886,3.033207973618882,0.21349429191115893
355,0.1378,218,1755,218,279912,325698,19288,88668,3.016951350550224,0.21398473813005894
356,0.1379,248,2125,248,282037,323573,19536,88420,2.9972674052391715,0.2146152968618399
357,0.138,217,1846,217,283883,321727,19753,88203,2.9801678461595467,0.21516600395189422
358,0.1381,259,1930,259,285813,319797,20012,87944,2.962290192300567,0.21568593788704105
359,0.1382,213,1727,213,287540,318070,20225,87731,2.946292934158361,0.2161921730109093
360,0.1383,272,1897,272,289437,316173,20497,87459,2.9287209603912707,0.21668004518967773
361,0.1384,219,1780,219,291217,314393,20716,87240,2.912232761495424,0.21721322700076937
362,0.1385,261,1992,261,293209,312401,20977,86979,2.893780799585016,0.21778506685362312
363,0.1386,258,1780,258,294989,310621,21235,86721,2.8772926006891697,0.2182527897881422
364,0.1387,258,1851,258,296840,308770,21493,86463,2.860146726444107,0.21876462744760686
365,0.1388,255,1866,255,298706,306904,21748,86208,2.8428619067027308,0.21929628197562018
366,0.1389,259,1803,259,300509,305101,22007,85949,2.8261606580458705,0.21979030814473852
367,0.139,272,1834,272,302343,303267,22279,85677,2.809172255363296,0.22028106873997286
368,0.1391,257,1809,257,304152,301458,22536,85420,2.7924154285079106,0.22079311824399422
369,0.1392,237,1741,237,305893,299717,22773,85183,2.776288487902479,0.22131202909846714
370,0.1393,268,1663,268,307556,298054,23041,84915,2.760884063877876,0.22172812943084166
371,0.1394,230,1861,230,309417,296193,23271,84685,2.743645559301938,0.22234153718513539
372,0.1395,218,1690,218,311107,294503,23489,84467,2.7279910333839714,0.22288571654748396
373,0.1396,269,1827,269,312934,292676,23758,84198,2.71106747193301,0.22341153807373287
374,0.1397,230,1565,230,314499,291111,23988,83968,2.6965708251509874,0.2238675052455616
375,0.1398,255,1651,255,316150,289460,24243,83713,2.6812775575234356,0.22432759068850106
376,0.1399,207,1590,207,317740,287870,24450,83506,2.666549334914224,0.2248556718797122
377,0.14,272,1734,272,319474,286136,24722,83234,2.6504872355404054,0.22534044454070445
378,0.1401,264,1466,264,320940,284670,24986,82970,2.636907629034051,0.22568273310847567
379,0.1402,275,1723,275,322663,282947,25261,82695,2.620947423024195,0.22616384332215664
380,0.1403,247,1535,247,324198,281412,25508,82448,2.6067286672347993,0.22659264552300334
381,0.1404,281,1719,281,325917,279693,25789,82167,2.5908055133572936,0.22706847952246725
382,0.1405,265,1648,265,327565,278045,26054,81902,2.5755400348290043,0.2275390543607809
383,0.1406,281,1545,281,329110,276500,26335,81621,2.5612286487087332,0.22791458752767918
384,0.1407,237,1395,237,330505,275105,26572,81384,2.548306717551595,0.22829315911570905
385,0.1408,308,1700,308,332205,273405,26880,81076,2.532559561302753,0.22871747710032414
386,0.1409,299,1533,299,333738,271872,27179,80777,2.5183593315795325,0.2290577883391134
387,0.141,282,1558,282,335296,270314,27461,80495,2.503927526029123,0.229455344646232
388,0.1411,285,1476,285,336772,268838,27746,80210,2.490255289191893,0.22979647498338338
389,0.1412,232,1424,232,338196,267414,27978,79978,2.4770647300752158,0.23022406963890935
390,0.1413,306,1586,306,339782,265828,28284,79672,2.4623735595983547,0.23059913169319826
391,0.1414,292,1513,292,341295,264315,28576,79380,2.4483585905368854,0.23096059005804565
392,0.1415,293,1493,293,342788,262822,28869,79087,2.434528882137167,0.23131008543208867
393,0.1416,298,1604,298,344392,261218,29167,78789,2.41967097706473,0.23172758207919247
394,0.1417,254,1455,254,345847,259763,29421,78535,2.4061932639223387,0.23214739667393836
395,0.1418,277,1488,277,347335,258275,29698,78258,2.392409870688058,0.2325418309645711
396,0.1419,273,1449,273,348784,256826,29971,77985,2.378987735744192,0.23292245475805753
397,0.142,285,1511,285,350295,255315,30256,77700,2.364991292748898,0.23332282329624793
398,0.1421,234,1374,234,351669,253941,30490,77466,2.352263885286598,0.23374883451466022
399,0.1422,246,1414,246,353083,252527,30736,77220,2.3391659565007967,0.23417953764552824
400,0.1423,224,1364,224,354447,251163,30960,76996,2.326531179369373,0.23463016403633605
401,0.1424,274,1445,274,355892,249718,31234,76722,2.313146096557857,0.23502634481068496
402,0.1425,243,1419,243,357311,248299,31477,76479,2.3000018526066177,0.2354808515355104
403,0.1426,262,1436,262,358747,246863,31739,76217,2.2867001370928897,0.23590751516652222
404,0.1427,233,1322,233,360069,245541,31972,75984,2.274454407351143,0.23632376953580592
405,0.1428,279,1448,279,361517,244093,32251,75705,2.2610415354403646,0.23672755927179032
406,0.1429,223,1349,223,362866,242744,32474,75482,2.248545703805254,0.23719620646961592
407,0.143,251,1387,251,364253,241357,32725,75231,2.235697876912816,0.2376306113939884
408,0.1431,244,1361,244,365614,239996,32969,74987,2.223090888880655,0.238066816304372
409,0.1432,258,1345,258,366959,238651,33227,74729,2.2106321093778947,0.23846129299891505
410,0.1433,255,1279,255,368238,237372,33482,74474,2.198784690058913,0.238816595370792
411,0.1434,271,1320,271,369558,236052,33753,74203,2.1865574863833412,0.23916778134115485
412,0.1435,237,1309,237,370867,234743,33990,73966,2.174432176071733,0.23959780893981064
413,0.1436,263,1366,263,372233,233377,34253,73703,2.161778872874134,0.24001237462550476
414,0.1437,239,1234,239,373467,232143,34492,73464,2.150348290044092,0.2403871639065859
415,0.1438,231,1279,231,374746,230864,34723,73233,2.1385008707251103,0.24082118534546543
416,0.1439,223,1161,223,375907,229703,34946,73010,2.12774648931046,0.24118554538457218
417,0.144,240,1304,240,377211,228399,35186,72770,2.1156674941642892,0.24162513406094252
418,0.1441,230,1350,230,378561,227049,35416,72540,2.103162399496091,0.24213172045702613
419,0.1442,257,1278,257,379839,225771,35673,72283,2.0913242432101966,0.24251645674944808
420,0.1443,176,1188,176,381027,224583,35849,72107,2.0803197599021823,0.24303818800768479
421,0.1444,257,1342,257,382369,223241,36106,71850,2.0678887694986847,0.24348421334435819
422,0.1445,250,1171,250,383540,222070,36356,71600,2.057041757753159,0.24381108046446692
423,0.1446,240,1261,240,384801,220809,36596,71360,2.0453610730297527,0.2442422022870325
424,0.1447,226,1224,226,386025,219585,36822,71134,2.0340231205305863,0.24468301005438242
425,0.1448,236,1301,236,387326,218284,37058,70898,2.0219719144836787,0.24516740322703348
426,0.1449,237,1176,237,388502,217108,37295,70661,2.011078587572715,0.2455476441173302
427,0.145,263,1266,263,389768,215842,37558,70398,1.9993515876838712,0.24594046953605367
428,0.1451,200,1219,200,390987,214623,37758,70198,1.9880599503501426,0.24646356834643512
429,0.1452,229,1141,229,392128,213482,37987,69969,1.9774908295972433,0.2468468977001316
430,0.1453,251,1208,251,393336,212274,38238,69718,1.9663010856274779,0.2472339640840875
431,0.1454,231,1156,231,394492,211118,38469,69487,1.9555930193782651,0.24763279342848488
432,0.1455,236,1279,236,395771,209839,38705,69251,1.9437456000592834,0.24813142713819913
433,0.1456,229,1172,229,396943,208667,38934,69022,1.9328893252806698,0.24855863934113342
434,0.1457,229,1184,229,398127,207483,39163,68793,1.9219218941050058,0.249000999000999
435,0.1458,237,1189,237,399316,206294,39400,68556,1.9109081477639038,0.24943059850827723
436,0.1459,223,1152,223,400468,205142,39623,68333,1.9002371336470414,0.2498692750708474
437,0.146,223,1228,223,401696,203914,39846,68110,1.8888621290155247,0.2503823192071288
438,0.1461,231,1197,231,402893,202717,40077,67879,1.8777742784097224,0.25084997560939554
439,0.1462,249,1267,249,404160,201450,40326,67630,1.8660380154877914,0.2513378920767058
440,0.1463,259,1341,259,405501,200109,40585,67371,1.8536162881173812,0.2518730372364289
441,0.1464,214,1192,214,406693,198917,40799,67157,1.8425747526770166,0.2523997083518119
442,0.1465,240,1278,240,407971,197639,41039,66917,1.8307365963911224,0.25294077624397104
443,0.1466,214,1247,214,409218,196392,41253,66703,1.8191855941309423,0.25353199414660105
444,0.1467,241,1237,241,410455,195155,41494,66462,1.8077272222016376,0.2540431241089073
445,0.1468,226,1206,226,411661,193949,41720,66236,1.7965560042980473,0.2545727078809309
446,0.1469,242,1249,242,412910,192700,41962,65994,1.7849864759716922,0.2551044863815937
447,0.147,214,1156,214,414066,191544,42176,65780,1.7742784097224795,0.2556310332499106
448,0.1471,233,1221,233,415287,190323,42409,65547,1.7629682463225758,0.2561730566303201
449,0.1472,250,1225,250,416512,189098,42659,65297,1.751621030790322,0.2566756422099491
450,0.1473,247,1195,247,417707,187903,42906,65050,1.7405517062506948,0.25716239775768623
451,0.1474,226,1227,226,418934,186676,43132,64824,1.7291859646522658,0.25774950298210736
452,0.1475,221,1085,221,420019,185591,43353,64603,1.7191355737522696,0.25821162777684514
453,0.1476,200,1146,200,421165,184445,43553,64403,1.7085201378339323,0.25880457146531216
454,0.1477,237,1220,237,422385,183225,43790,64166,1.6972192374671162,0.2593707936020308
455,0.1478,187,1025,187,423410,182200,43977,63979,1.6877246285523733,0.25988813018169704
456,0.1479,220,1081,220,424491,181119,44197,63759,1.677711289784727,0.26037047019332077
457,0.148,217,1048,217,425539,180071,44414,63542,1.6680036311089703,0.26083172901281954
458,0.1481,215,1068,215,426607,179003,44629,63327,1.6581107117714624,0.2613254652746255
459,0.1482,232,1006,232,427613,177997,44861,63095,1.648792100485383,0.26170507524098685
460,0.1483,205,1060,205,428673,176937,45066,62890,1.6389732854125756,0.2622306912899715
461,0.1484,242,1070,242,429743,175867,45308,62648,1.6290618400088925,0.26265853300630987
462,0.1485,231,1064,231,430807,174803,45539,62417,1.619205972803735,0.2631186240620521
463,0.1486,230,1103,230,431910,173700,45769,62187,1.6089888473081626,0.2636304671304481
464,0.1487,250,1096,250,433006,172604,46019,61937,1.5988365630442032,0.26407749604546754
465,0.1488,231,1052,231,434058,171552,46250,61706,1.5890918522360962,0.2645396942441417
466,0.1489,230,1022,230,435080,170530,46480,61476,1.5796250324206158,0.26497590579553976
467,0.149,242,1044,242,436124,169486,46722,61234,1.5699544258772091,0.2654039528432732
468,0.1491,204,989,204,437113,168497,46926,61030,1.5607932861536182,0.2658946442030785
469,0.1492,210,1074,210,438187,167423,47136,60820,1.550844788617585,0.26647038463392086
470,0.1493,228,997,228,439184,166426,47364,60592,1.5416095446292934,0.26690394594261246
471,0.1494,222,1032,222,440216,165394,47586,60370,1.5320500944829374,0.2674031289310962
472,0.1495,249,1061,249,441277,164333,47835,60121,1.5222220163770426,0.26785443788036745
473,0.1496,236,1057,236,442334,163276,48071,59885,1.5124309904034978,0.2683488602399165
474,0.1497,233,1063,233,443397,162213,48304,59652,1.5025843862314276,0.2688662024203908
475,0.1498,222,947,222,444344,161266,48526,59430,1.4938122938975138,0.2692844455721898
476,0.1499,249,1117,249,445461,160149,48775,59181,1.4834654859387157,0.2698262891533306
477,0.15,220,980,220,446441,159169,48995,58961,1.4743877135129126,0.2703021134186036
478,0.1501,261,1084,261,447525,158085,49256,58700,1.4643465856460038,0.2707751920105173
479,0.1502,211,968,211,448493,157117,49467,58489,1.4553799696172516,0.2712772371826387
480,0.1503,274,1048,274,449541,156069,49741,58215,1.4456723109414946,0.271672173377387
481,0.1504,249,1003,249,450544,155066,49990,57966,1.4363814887546777,0.2720999662022607
482,0.1505,247,1061,247,451605,154005,50237,57719,1.426553410648783,0.2726143469800306
483,0.1506,235,910,235,452515,153095,50472,57484,1.4181240505391086,0.2729806865831826
484,0.1507,237,961,237,453476,152134,50709,57247,1.409222275741969,0.27341067241058165
485,0.1508,222,898,222,454374,151236,50931,57025,1.4009040720293453,0.2738150685918151
486,0.1509,246,976,246,455350,150260,51177,56779,1.3918633517358925,0.27424301701611775
487,0.151,210,867,210,456217,149393,51387,56569,1.3838323020489829,0.2746574610850545
488,0.1511,212,865,212,457082,148528,51599,56357,1.3758197784282487,0.27506650071991606
489,0.1512,236,953,236,458035,147575,51835,56121,1.3669921078958094,0.2755135103291179
490,0.1513,241,907,241,458942,146668,52076,55880,1.3585905368853977,0.2758852222683018
491,0.1514,217,792,217,459734,145876,52293,55663,1.3512542146800548,0.2761897201038013
492,0.1515,202,831,202,460565,145045,52495,55461,1.3435566341842973,0.27660518887215346
493,0.1516,191,835,191,461400,144210,52686,55270,1.3358220015561895,0.27707038299578907
494,0.1517,158,738,158,462138,143472,52844,55112,1.3289858831375745,0.2775248761229505
495,0.1518,198,787,198,462925,142685,53042,54914,1.3216958760976694,0.2779062647078174
496,0.1519,195,757,195,463682,141928,53237,54719,1.314683760050391,0.2782600293927698
497,0.152,187,771,187,464453,141157,53424,54532,1.3075419615398867,0.2786666598531343
498,0.1521,177,746,177,465199,140411,53601,54355,1.3006317388565711,0.2790784839242989
499,0.1522,210,717,210,465916,139694,53811,54145,1.2939901441327948,0.27932975304247337
500,0.1523,161,727,161,466643,138967,53972,53984,1.287255919078143,0.2797808770102254
501,0.1524,209,699,209,467342,138268,54181,53775,1.2807810589499427,0.28001541321474877
502,0.1525,207,717,207,468059,137551,54388,53568,1.2741394642261663,0.2802861044689434
503,0.1526,200,682,200,468741,136869,54588,53368,1.2678220756604544,0.2805342809232694
504,0.1527,207,736,207,469477,136133,54795,53161,1.2610044833080143,0.2808382727397593
505,0.1528,180,679,180,470156,135454,54975,52981,1.2547148838415652,0.2811632658476398
506,0.1529,196,741,196,470897,134713,55171,52785,1.2478509763236874,0.2815230029120311
507,0.153,205,654,205,471551,134059,55376,52580,1.241792952684427,0.2817203264055208
508,0.1531,171,736,171,472287,133323,55547,52409,1.234975360331987,0.28217539250102297
509,0.1532,183,726,183,473013,132597,55730,52226,1.2282503983104227,0.2825730563836752
510,0.1533,181,708,181,473721,131889,55911,52045,1.2216921708844344,0.2829547555101286
511,0.1534,191,712,191,474433,131177,56102,51854,1.2150968913260958,0.28330719932688997
512,0.1535,189,736,189,475169,130441,56291,51665,1.208279298973656,0.2837083896192328
513,0.1536,159,681,159,475850,129760,56450,51506,1.2019711734410314,0.28414595125395825
514,0.1537,191,718,191,476568,129042,56641,51315,1.1953203156841676,0.28451903724280175
515,0.1538,178,667,178,477235,128375,56819,51137,1.189141872614769,0.28486674985516286
516,0.1539,210,687,210,477922,127688,57029,50927,1.1827781688836192,0.2851216303222014
517,0.154,185,671,185,478593,127017,57214,50742,1.1765626736818704,0.2854539010683003
518,0.1541,193,664,193,479257,126353,57407,50549,1.1704120197117345,0.2857457801494613
519,0.1542,156,603,156,479860,125750,57563,50393,1.1648264107599393,0.2860914143621944
520,0.1543,207,648,207,480508,125102,57770,50186,1.158823965319204,0.2863059650403907
521,0.1544,176,572,176,481080,124530,57946,50010,1.1535255103931232,0.2865245788930904
522,0.1545,166,601,166,481681,123929,58112,49844,1.147958427507503,0.28683397305680397
523,0.1546,186,626,186,482307,123303,58298,49658,1.142159768794694,0.2871051855620631
524,0.1547,158,583,158,482890,122720,58456,49500,1.13675942050465,0.2874230635234003
525,0.1548,158,560,158,483450,122160,58614,49342,1.1315721219756196,0.28770509964898366
526,0.1549,166,547,166,483997,121613,58780,49176,1.1265052428767275,0.28793423464040424
527,0.155,136,503,136,484500,121110,58916,49040,1.1218459372336878,0.288216279753159
528,0.1551,156,532,156,485032,120578,59072,48884,1.116918003631109,0.28846585075120085
529,0.1552,145,534,145,485566,120044,59217,48739,1.111971543962355,0.2887672336668977
530,0.1553,128,513,128,486079,119531,59345,48611,1.1072196079884398,0.28910682637294666
531,0.1554,148,534,148,486613,118997,59493,48463,1.1022731483196857,0.2894004538397229
532,0.1555,106,434,106,487047,118563,59599,48357,1.0982529919596873,0.28970165348670024
533,0.1556,138,479,138,487526,118084,59737,48219,1.0938159991107488,0.28994666362001886
534,0.1557,143,498,143,488024,117586,59880,48076,1.0892030086331468,0.29020535789740554
535,0.1558,145,471,145,488495,117115,60025,47931,1.0848401200489088,0.2904099463179962
536,0.1559,146,489,146,488984,116626,60171,47785,1.0803104968690949,0.2906435700774279
537,0.156,102,433,102,489417,116193,60273,47683,1.076299603542184,0.2909700017086089
538,0.1561,124,453,124,489870,115740,60397,47559,1.0721034495535218,0.29123877059871767
539,0.1562,112,447,112,490317,115293,60509,47447,1.067962873763385,0.2915509401499324
540,0.1563,136,440,136,490757,114853,60645,47311,1.0638871392048612,0.29174786019091786
541,0.1564,140,462,140,491219,114391,60785,47171,1.0596076179184113,0.29196840841286936
542,0.1565,120,446,120,491665,113945,60905,47051,1.055476305161362,0.2922494968819101
543,0.1566,136,439,136,492104,113506,61041,46915,1.0514098336359257,0.29244924292954166
544,0.1567,124,458,124,492562,113048,61165,46791,1.047167364481826,0.2927383179324195
545,0.1568,132,457,132,493019,112591,61297,46659,1.0429341583608136,0.2929921507064364
546,0.1569,119,436,119,493455,112155,61416,46540,1.03889547593464,0.29326695863133684
547,0.157,133,428,133,493883,111727,61549,46407,1.0349308977731668,0.29346630073229035
548,0.1571,100,400,100,494283,111327,61649,46307,1.0312256845381451,0.2937627669157669
549,0.1572,120,407,120,494690,110920,61769,46187,1.0274556300715105,0.29398435461182504
550,0.1573,120,384,120,495074,110536,61889,46067,1.0238986253658897,0.2941642241847219
551,0.1574,122,453,122,495527,110083,62011,45945,1.0197024713772278,0.2944663778296203
552,0.1575,109,420,109,495947,109663,62120,45836,1.015811997480455,0.29476716892070043
553,0.1576,123,440,123,496387,109223,62243,45713,1.011736262921931,0.2950444054319203
554,0.1577,101,435,101,496822,108788,62344,45612,1.007706843528845,0.2954145077720207
555,0.1578,100,388,100,497210,108400,62444,45512,1.0041127866908741,0.29570143978377256
556,0.1579,122,419,122,497629,107981,62566,45390,1.000231575827189,0.2959490386057338
557,0.158,99,360,99,497989,107621,62665,45291,0.9968968839156693,0.2961899654703359
558,0.1581,128,431,128,498420,107190,62793,45163,0.9929045166549335,0.2964365650824073
559,0.1582,97,361,97,498781,106829,62890,45066,0.9895605617103265,0.29669179367326115
560,0.1583,100,376,100,499157,106453,62990,44966,0.9860776612694061,0.2969640533882802
561,0.1584,103,372,103,499529,106081,63093,44863,0.9826318129608359,0.29721618613525547
562,0.1585,97,441,97,499970,105640,63190,44766,0.9785468153692245,0.2976344028828637
563,0.1586,114,382,114,500352,105258,63304,44652,0.9750083367297788,0.2978587152291375
564,0.1587,117,382,117,500734,104876,63421,44535,0.9714698580903331,0.29807042319507937
565,0.1588,100,370,100,501104,104506,63521,44435,0.9680425358479381,0.29833961098690087
566,0.1589,113,351,113,501455,104155,63634,44322,0.9647912112342065,0.2985108804730699
567,0.159,101,364,101,501819,103791,63735,44221,0.9614194671903368,0.2987663162446288
568,0.1591,94,362,94,502181,103429,63829,44127,0.9580662492126422,0.29905256309468947
569,0.1592,115,350,115,502531,103079,63944,44012,0.9548241876319982,0.29921613151042553
570,0.1593,88,320,88,502851,102759,64032,43924,0.9518600170439809,0.2994484705112385
571,0.1594,90,347,90,503198,102412,64122,43834,0.9486457445625995,0.2997278558046032
572,0.1595,79,356,79,503554,102056,64201,43755,0.9453481047834302,0.3000802408597431
573,0.1596,91,346,91,503900,101710,64292,43664,0.9421430953351365,0.3003563223134811
574,0.1597,96,333,96,504233,101377,64388,43568,0.939058505316981,0.30058297975094
575,0.1598,93,320,93,504553,101057,64481,43475,0.9360943347289636,0.3007984390999917
576,0.1599,81,367,81,504920,100690,64562,43394,0.9326948015858313,0.30117153882457454
577,0.16,97,322,97,505242,100368,64659,43297,0.9297121049316388,0.3013747259248947
578,0.1601,87,323,87,505565,100045,64746,43210,0.9267201452443589,0.30162996055984087
579,0.1602,73,319,73,505884,99726,64819,43137,0.923765237689429,0.30194662018857227
580,0.1603,95,345,95,506229,99381,64914,43042,0.9205694912742228,0.3022124235551842
581,0.1604,98,357,98,506586,99024,65012,42944,0.917262588461966,0.30249070213005746
582,0.1605,82,289,82,506875,98735,65094,42862,0.9145855718996628,0.302704153336582
583,0.1606,83,289,83,507164,98446,65177,42779,0.9119085553373597,0.3029137900513365
584,0.1607,88,267,88,507431,98179,65265,42691,0.9094353255029827,0.3030524597146305
585,0.1608,78,320,78,507751,97859,65343,42613,0.9064711549149653,0.30335582891964236
586,0.1609,83,326,83,508077,97533,65426,42530,0.9034514061284227,0.30364907220322285
587,0.161,84,300,84,508377,97233,65510,42446,0.9006724962021564,0.3038824733854051
588,0.1611,75,300,75,508677,96933,65585,42371,0.8978935862758902,0.3041621202549819
589,0.1612,70,306,70,508983,96627,65655,42301,0.8950590981510986,0.3044814580214212
590,0.1613,84,280,84,509263,96347,65739,42217,0.8924654488865834,0.304675095984527
591,0.1614,88,323,88,509586,96024,65827,42129,0.8894734891993035,0.30494451803435324
592,0.1615,74,311,74,509897,95713,65901,42055,0.886592685909074,0.305259566807967
593,0.1616,68,306,68,510203,95407,65969,41987,0.8837581977842824,0.30559558641570955
594,0.1617,74,287,74,510490,95120,66043,41913,0.8810997072881545,0.3058606321105135
595,0.1618,82,297,82,510787,94823,66125,41831,0.8783485864611509,0.30610885886984646
596,0.1619,76,273,76,511060,94550,66201,41755,0.8758197784282485,0.3063350574080188
597,0.162,65,276,65,511336,94274,66266,41690,0.8732631812960836,0.30662528316319027
598,0.1621,94,269,94,511605,94005,66360,41596,0.8707714253955315,0.3067529000523595
599,0.1622,74,281,74,511886,93724,66434,41522,0.8681685130979288,0.30701092823447645
600,0.1623,91,274,91,512160,93450,66525,41431,0.865630442031939,0.30716705836997055
601,0.1624,59,275,59,512435,93175,66584,41372,0.8630831079328616,0.3074910626026593
602,0.1625,65,239,65,512674,92936,66649,41307,0.8608692430249361,0.307703194952437
603,0.1626,82,264,82,512938,92672,66731,41225,0.8584238022898217,0.30788591230572754
604,0.1627,71,245,71,513183,92427,66802,41154,0.856154359183371,0.3080827363172906
605,0.1628,65,263,65,513446,92164,66867,41089,0.8537181814813443,0.3083532828529189
606,0.1629,61,263,61,513709,91901,66928,41028,0.8512820037793175,0.30864596890069135
607,0.163,61,243,61,513952,91658,66989,40967,0.8490310867390418,0.30889349670122523
608,0.1631,69,244,69,514196,91414,67058,40898,0.8467709066656786,0.3091027268879618
609,0.1632,58,259,58,514455,91155,67116,40840,0.8443717810960021,0.3094056593052767
610,0.1633,58,208,58,514663,90947,67174,40782,0.8424450702137908,0.3095901434004661
611,0.1634,57,220,57,514883,90727,67231,40725,0.8404072029345289,0.30980890363022245
612,0.1635,63,225,63,515108,90502,67294,40662,0.8383230204898292,0.3100088438900918
613,0.1636,72,234,72,515342,90268,67366,40590,0.8361554707473415,0.31018355774962175
614,0.1637,75,221,75,515563,90047,67441,40515,0.834108340434992,0.3103123420290743
615,0.1638,66,238,66,515801,89809,67507,40449,0.8319037385601541,0.31052987148582045
616,0.1639,63,220,63,516021,89589,67570,40386,0.8298658712808922,0.3107212925562608
617,0.164,70,251,70,516272,89338,67640,40316,0.8275408499759161,0.31095068412852667
618,0.1641,66,241,66,516513,89097,67706,40250,0.8253084590018156,0.3111784579464541
619,0.1642,51,227,51,516740,88870,67757,40199,0.8232057504909408,0.31145356359776555
620,0.1643,64,230,64,516970,88640,67821,40135,0.8210752528808033,0.3116676373519705
621,0.1644,62,184,62,517154,88456,67883,40073,0.8193708547926933,0.3117817768752577
622,0.1645,51,261,51,517415,88195,67934,40022,0.8169532031568417,0.3121426955863887
623,0.1646,75,242,75,517657,87953,68009,39947,0.8147115491496536,0.312329945269742
624,0.1647,72,199,72,517856,87754,68081,39875,0.8128682055652303,0.3124289934105885
625,0.1648,53,199,53,518055,87555,68134,39822,0.811024861980807,0.3126310087378412
626,0.1649,63,198,63,518253,87357,68197,39759,0.8091907814294713,0.31277730576796
627,0.165,65,189,65,518442,87168,68262,39694,0.8074400681759235,0.3128911730857152
628,0.1651,66,192,66,518634,86976,68328,39628,0.8056615658231131,0.31300748791507377
629,0.1652,47,208,47,518842,86768,68375,39581,0.8037348549409018,0.31326722016003294
630,0.1653,61,226,61,519068,86542,68436,39520,0.8016414094631146,0.31349653345179357
631,0.1654,63,219,63,519287,86323,68499,39457,0.7996128052169402,0.31369852122754016
632,0.1655,45,196,45,519483,86127,68544,39412,0.7977972507317797,0.3139422808848246
633,0.1656,55,177,55,519660,85950,68599,39357,0.7961576938752826,0.31408460820225526
634,0.1657,57,187,57,519847,85763,68656,39300,0.7944255066879099,0.31424162222239993
635,0.1658,58,209,58,520056,85554,68714,39242,0.792489532772611,0.3144491810634956
636,0.1659,57,207,57,520263,85347,68771,39185,0.7905720849234873,0.314658079850962
637,0.166,42,178,42,520441,85169,68813,39143,0.7889232650339028,0.3148770834674046
638,0.1661,53,213,53,520654,84956,68866,39090,0.7869502389862537,0.31512503426148364
639,0.1662,50,206,50,520860,84750,68916,39040,0.7850420541702176,0.31537280878907825
640,0.1663,37,243,37,521103,84507,68953,39003,0.7827911371299419,0.3157881952878309
641,0.1664,56,207,56,521310,84300,69009,38947,0.7808736892808181,0.316007691870796
642,0.1665,54,205,54,521515,84095,69063,38893,0.7789747674978695,0.31623410414024133
643,0.1666,42,190,42,521705,83905,69105,38851,0.7772147912112342,0.3164896216885529
644,0.1667,43,171,43,521876,83734,69148,38808,0.7756308125532625,0.31669142008454243
645,0.1668,48,206,48,522082,83528,69196,38760,0.7737226277372263,0.31695669239827295
646,0.1669,45,183,45,522265,83345,69241,38715,0.7720274926822038,0.3171800753727675
647,0.167,64,164,64,522429,83181,69305,38651,0.7705083552558449,0.3172483419791188
648,0.1671,42,189,42,522618,82992,69347,38609,0.7687576420022972,0.3175056126183173
649,0.1672,58,175,58,522793,82817,69405,38551,0.7671366112119753,0.31763726847274404
650,0.1673,58,162,58,522955,82655,69463,38493,0.7656359998517914,0.31773533199062304
651,0.1674,47,155,47,523110,82500,69510,38446,0.7642002297232205,0.3178773998313297
652,0.1675,52,201,52,523311,82299,69562,38394,0.7623383600726222,0.3181128980139693
653,0.1676,47,192,47,523503,82107,69609,38347,0.7605598577198118,0.3183538944327295
654,0.1677,52,193,52,523696,81914,69661,38295,0.7587720923339139,0.3185701569765991
655,0.1678,42,186,42,523882,81728,69703,38253,0.7570491681796288,0.318825480701111
656,0.1679,48,177,48,524059,81551,69751,38205,0.7554096113231317,0.31902368148568755
657,0.168,41,183,41,524242,81368,69792,38164,0.7537144762681093,0.31927851955961584
658,0.1681,46,195,46,524437,81173,69838,38118,0.7519081848160362,0.31953793664232844
659,0.1682,35,147,35,524584,81026,69873,38083,0.7505465189521657,0.31973234600240114
660,0.1683,42,190,42,524774,80836,69915,38041,0.7487865426655304,0.3200030283402172
661,0.1684,41,147,41,524921,80689,69956,38000,0.7474248768016599,0.32016446342963545
662,0.1685,41,221,41,525142,80468,69997,37959,0.7453777464893104,0.3205265691100847
663,0.1686,41,166,41,525308,80302,70038,37918,0.7438400829967765,0.3207409913720183
664,0.1687,43,171,43,525479,80131,70081,37875,0.7422561043388047,0.3209582563598461
665,0.1688,32,159,32,525638,79972,70113,37843,0.7407832820778836,0.321206977040275
666,0.1689,45,197,45,525835,79775,70158,37798,0.7389584645596354,0.3214853750435899
667,0.169,40,158,40,525993,79617,70198,37758,0.7374949053318018,0.32168690095846647
668,0.1691,43,163,43,526156,79454,70241,37715,0.7359850309385305,0.3218854816547039
669,0.1692,34,152,34,526308,79302,70275,37681,0.7345770499092222,0.3221066308779908
670,0.1693,40,164,40,526472,79138,70315,37641,0.7330579124828633,0.32232678820678373
671,0.1694,45,173,45,526645,78965,70360,37596,0.7314554077587165,0.3225435608822848
672,0.1695,41,169,41,526814,78796,70401,37555,0.7298899551669199,0.32277333241656714
673,0.1696,35,158,35,526972,78638,70436,37520,0.7284263959390863,0.32300831625888876
674,0.1697,37,147,37,527119,78491,70473,37483,0.7270647300752159,0.32320175211685376
675,0.1698,36,179,36,527298,78312,70509,37447,0.7254066471525437,0.3234910460525747
676,0.1699,37,159,37,527457,78153,70546,37410,0.7239338248916225,0.3237195296072272
677,0.17,47,162,47,527619,77991,70593,37363,0.7224332135314387,0.3238986077639267
678,0.1701,42,151,42,527770,77840,70635,37321,0.721034495535218,0.32407672736429866
679,0.1702,49,156,49,527926,77684,70684,37272,0.7195894623735596,0.32422840043146944
680,0.1703,35,138,35,528064,77546,70719,37237,0.7183111638074772,0.3244121516252407
681,0.1704,42,163,42,528227,77383,70761,37195,0.7168012894142057,0.3246260189565187
682,0.1705,34,148,34,528375,77235,70795,37161,0.7154303605172477,0.3248452743102906
683,0.1706,38,155,38,528530,77080,70833,37123,0.7139945903886769,0.3250615132702293
684,0.1707,38,164,38,528694,76916,70871,37085,0.712475452962318,0.32530416399856144
685,0.1708,34,140,34,528834,76776,70905,37051,0.7111786283300604,0.32550273660906465
686,0.1709,29,164,29,528998,76612,70934,37022,0.7096594909037015,0.3258003766478343
687,0.171,37,143,37,529141,76469,70971,36985,0.7083348771721812,0.32599115059848044
688,0.1711,36,172,36,529313,76297,71007,36949,0.7067416354811219,0.3262720096074034
689,0.1712,40,147,40,529460,76150,71047,36909,0.7053799696172515,0.3264578671313208
690,0.1713,48,158,48,529618,75992,71095,36861,0.7039164103894179,0.3266284458543415
691,0.1714,36,147,36,529765,75845,71131,36825,0.7025547445255474,0.32683944262004083
692,0.1715,32,144,32,529909,75701,71163,36793,0.7012208677609396,0.3270663324266183
693,0.1716,46,134,46,530043,75567,71209,36747,0.6999796213272074,0.3271809391527325
694,0.1717,33,142,33,530185,75425,71242,36714,0.6986642706287747,0.32739724805821346
695,0.1718,41,152,41,530337,75273,71283,36673,0.6972562895994664,0.3275954478051918
696,0.1719,26,126,26,530463,75147,71309,36647,0.6960891474304346,0.32780829024813496
697,0.172,34,123,34,530586,75024,71343,36613,0.6949497943606655,0.3279647428719869
698,0.1721,36,138,36,530724,74886,71379,36577,0.693671495794583,0.3281537371145582
699,0.1722,33,157,33,530881,74729,71412,36544,0.692217199599837,0.32841749570875234
700,0.1723,33,137,33,531018,74592,71445,36511,0.690948164066842,0.32862298947823193
701,0.1724,44,135,44,531153,74457,71489,36467,0.6896976546000222,0.3287566261584508
702,0.1725,43,151,43,531304,74306,71532,36424,0.6882989366038016,0.32894427887654654
703,0.1726,34,143,34,531447,74163,71566,36390,0.6869743228722813,0.329163387696399
704,0.1727,35,146,35,531593,74017,71601,36355,0.6856219200414984,0.329386076178741
705,0.1728,26,129,26,531722,73888,71627,36329,0.6844269887732038,0.3296133990219295
706,0.1729,36,151,36,531873,73737,71663,36293,0.6830282707769832,0.3298464055257657
707,0.173,43,151,43,532024,73586,71706,36250,0.6816295527807625,0.3300375104701555
708,0.1731,53,172,53,532196,73414,71759,36197,0.6800363110897032,0.33023145487223
709,0.1732,42,124,42,532320,73290,71801,36155,0.6788876949868465,0.3303485769107771
710,0.1733,46,142,46,532462,73148,71847,36109,0.6775723442884138,0.33049598652717904
711,0.1734,47,138,47,532600,73010,71894,36062,0.6762940457223313,0.33062564177790815
712,0.1735,51,147,51,532747,72863,71945,36011,0.6749323798584609,0.3307584914672006
713,0.1736,49,166,49,532913,72697,71994,35962,0.6733947163659268,0.33096200038653034
714,0.1737,37,180,37,533093,72517,72031,35925,0.6717273704101671,0.33128308220062336
715,0.1738,45,140,45,533233,72377,72076,35880,0.6704305457779095,0.3314335331664465
716,0.1739,40,150,40,533383,72227,72116,35840,0.6690410908147764,0.33164610843273157
717,0.174,60,142,60,533525,72085,72176,35780,0.6677257401163437,0.33171093496500254
718,0.1741,52,137,52,533662,71948,72228,35728,0.6664567045833488,0.3318102455514692
719,0.1742,46,156,46,533818,71792,72274,35682,0.6650116714216903,0.33200588049202595
720,0.1743,40,169,40,533987,71623,72314,35642,0.6634462188298936,0.3322798676175826
721,0.1744,43,120,43,534107,71503,72357,35599,0.6623346548593871,0.3323840824634461
722,0.1745,40,132,40,534239,71371,72397,35559,0.66111193449183,0.3325446553820256
723,0.1746,44,140,44,534379,71231,72441,35515,0.6598151098595724,0.33270567515410415
724,0.1747,67,153,67,534532,71078,72508,35448,0.6583978657971766,0.3327638323038507
725,0.1748,49,128,49,534660,70950,72557,35399,0.6572121975619697,0.3328569144984908
726,0.1749,58,140,58,534800,70810,72615,35341,0.6559153729297121,0.3329313901894471
727,0.175,38,134,38,534934,70676,72653,35303,0.6546741264959799,0.3331131639287029
728,0.1751,52,145,52,535079,70531,72705,35251,0.6533309866982845,0.3332419504263485
729,0.1752,50,169,50,535248,70362,72755,35201,0.6517655341064879,0.33345964021484803
730,0.1753,46,142,46,535390,70220,72801,35155,0.6504501834080552,0.33361803084223013
731,0.1754,57,151,57,535541,70069,72858,35098,0.6490514654118344,0.3337358677151578
732,0.1755,44,132,44,535673,69937,72902,35054,0.6478287450442773,0.3338762370107914
733,0.1756,53,123,53,535796,69814,72955,35001,0.6466893919745081,0.3339312121356676
734,0.1757,57,148,57,535944,69666,73012,34944,0.6453184630775501,0.33404072268425583
735,0.1758,47,132,47,536076,69534,73059,34897,0.6440957427099929,0.33416322739416454
736,0.1759,59,155,59,536231,69379,73118,34838,0.642659972581422,0.3342832743218477
737,0.176,49,160,49,536391,69219,73167,34789,0.6411778872874134,0.3344838858549342
738,0.1761,54,162,54,536553,69057,73221,34735,0.6396772759272296,0.3346597040234315
739,0.1762,55,126,55,536679,68931,73276,34680,0.6385101337581978,0.33471349567130904
740,0.1763,39,128,39,536807,68803,73315,34641,0.6373244655229908,0.33487684157611847
741,0.1764,48,120,48,536927,68683,73363,34593,0.6362129015524843,0.3349568147488284
742,0.1765,65,135,65,537062,68548,73428,34528,0.6349623920856645,0.33497613411463384
743,0.1766,47,152,47,537214,68396,73475,34481,0.6335544110563563,0.33516723854700275
744,0.1767,57,139,57,537353,68257,73532,34424,0.6322668494571863,0.33525189665079225
745,0.1768,53,133,53,537486,68124,73585,34371,0.6310348660565416,0.33534318747255965
746,0.1769,52,139,52,537625,67985,73637,34319,0.6297473044573715,0.33546097904285266
747,0.177,56,122,56,537747,67863,73693,34263,0.62861721442069,0.335497326831561
748,0.1771,59,139,59,537886,67724,73752,34204,0.6273296528215199,0.3355702064202182
749,0.1772,64,142,64,538028,67582,73816,34140,0.6260143021230872,0.3356206130433928
750,0.1773,56,131,56,538159,67451,73872,34084,0.6248008447886176,0.33568720145762543
751,0.1774,51,143,51,538302,67308,73923,34033,0.6234762310570974,0.33582656575324893
752,0.1775,53,144,53,538446,67164,73976,33980,0.6221423542924895,0.33595665585699597
753,0.1776,67,121,67,538567,67043,74043,33913,0.6210215272888955,0.3359186180118071
754,0.1777,47,145,47,538712,66898,74090,33866,0.6196783874912001,0.3360922551704974
755,0.1778,46,150,46,538862,66748,74136,33820,0.6182889325280669,0.3362898735184154
756,0.1779,61,149,61,539011,66599,74197,33759,0.6169087405980214,0.336385739054186
757,0.178,41,135,41,539146,66464,74238,33718,0.6156582311312015,0.33656744724601223
758,0.1781,55,132,55,539278,66332,74293,33663,0.6144355107636444,0.3366468323416171
759,0.1782,50,126,50,539404,66206,74343,33613,0.6132683685946126,0.336739498492271
760,0.1783,62,132,62,539536,66074,74405,33551,0.6120456482270554,0.3367728983688833
761,0.1784,54,131,54,539667,65943,74459,33497,0.6108321908925859,0.3368563958165728
762,0.1785,52,147,52,539814,65796,74511,33445,0.6094705250287153,0.33700788988422126
763,0.1786,64,122,64,539936,65674,74575,33381,0.6083404349920338,0.33699459896017364
764,0.1787,56,130,56,540066,65544,74631,33325,0.6071362406906518,0.33706217317865056
765,0.1788,52,128,52,540194,65416,74683,33273,0.6059505724554448,0.33715003698487167
766,0.1789,52,136,52,540330,65280,74735,33221,0.6046907999555374,0.33726561151663437
767,0.179,60,128,60,540458,65152,74795,33161,0.6035051317203305,0.33730025530702956
768,0.1791,51,137,51,540595,65015,74846,33110,0.6022360961873355,0.3374267515923567
769,0.1792,41,132,41,540727,64883,74887,33069,0.6010133758197784,0.33760413263639333
770,0.1793,54,118,54,540845,64765,74941,33015,0.5999203379154471,0.33764573532419717
771,0.1794,53,119,53,540964,64646,74994,32962,0.598818036978028,0.33769772969428735
772,0.1795,61,110,61,541074,64536,75055,32901,0.5977991033383971,0.3376643369561871
773,0.1796,53,134,53,541208,64402,75108,32848,0.5965578569046649,0.33776863753213365
774,0.1797,61,122,61,541330,64280,75169,32787,0.5954277668679833,0.33777699939217243
775,0.1798,52,143,52,541473,64137,75221,32735,0.594103153136463,0.33792014204310844
776,0.1799,50,153,50,541626,63984,75271,32685,0.5926859090740673,0.338112528318282
777,0.18,48,141,48,541767,63843,75319,32637,0.591379821408722,0.3382773631840796
778,0.1801,77,163,77,541930,63680,75396,32560,0.5898699470154507,0.33832086450540316
779,0.1802,42,125,42,542055,63555,75438,32518,0.5887120678795065,0.33847178707857567
780,0.1803,82,138,82,542193,63417,75520,32436,0.587433769313424,0.33839316453319146
781,0.1804,64,137,64,542330,63280,75584,32372,0.5861647337804291,0.33843516079120145
782,0.1805,54,124,54,542454,63156,75638,32318,0.5850161176775723,0.33850053417684395
783,0.1806,54,137,54,542591,63019,75692,32264,0.5837470821445774,0.33861234427967213
784,0.1807,59,128,59,542719,62891,75751,32205,0.5825614139093704,0.3386577774038866
785,0.1808,54,120,54,542839,62771,75805,32151,0.581449849938864,0.3387096774193548
786,0.1809,46,122,46,542961,62649,75851,32105,0.5803197599021823,0.33882474618485764
787,0.181,54,120,54,543081,62529,75905,32051,0.5792081959316758,0.3388771410446183
788,0.1811,44,143,44,543224,62386,75949,32007,0.5778835822001556,0.3390823472079497
789,0.1812,55,151,55,543375,62235,76004,31952,0.576484864203935,0.3392400225084141
790,0.1813,50,125,50,543500,62110,76054,31902,0.5753269850679906,0.3393396587669659
791,0.1814,57,143,57,543643,61967,76111,31845,0.5740023713364704,0.33945550675819725
792,0.1815,56,139,56,543782,61828,76167,31789,0.5727148097373004,0.3395643953555444
793,0.1816,49,132,49,543914,61696,76216,31740,0.5714920893697433,0.33969776103429083
794,0.1817,50,136,50,544050,61560,76266,31690,0.5702323168698359,0.3398391420911528
795,0.1818,47,131,47,544181,61429,76313,31643,0.5690188595353662,0.3399840983324738
796,0.1819,53,138,53,544319,61291,76366,31590,0.5677405609692838,0.3401126172198835
797,0.182,44,134,44,544453,61157,76410,31546,0.5664993145355515,0.34029103696751994
798,0.1821,35,120,35,544573,61037,76445,31511,0.565387750565045,0.3404827765051649
799,0.1822,60,147,60,544720,60890,76505,31451,0.5640260847011745,0.3405962681798984
800,0.1823,61,128,61,544848,60762,76566,31390,0.5628404164659676,0.3406328674364094
801,0.1824,42,119,42,544967,60643,76608,31348,0.5617381155285487,0.3407724668717592
802,0.1825,42,116,42,545083,60527,76650,31306,0.5606636036903924,0.3409014188799233
803,0.1826,55,115,55,545198,60412,76705,31251,0.5595983548853236,0.3409336373454938
804,0.1827,54,125,54,545323,60287,76759,31197,0.5584404757493794,0.34101044991473917
805,0.1828,51,117,51,545440,60170,76810,31146,0.5573567008781355,0.3410793289237374
806,0.1829,54,124,54,545564,60046,76864,31092,0.5562080847752788,0.3411529768044065
807,0.183,43,138,43,545702,59908,76907,31049,0.5549297862091963,0.34135910375232253
808,0.1831,39,139,39,545841,59769,76946,31010,0.5536422246100263,0.3415988279227575
809,0.1832,36,118,36,545959,59651,76982,30974,0.5525491867056949,0.3417820689655172
810,0.1833,43,114,43,546073,59537,77025,30931,0.5514932009337138,0.3418998983065835
811,0.1834,43,118,43,546191,59419,77068,30888,0.5504001630293823,0.3420332864561994
812,0.1835,38,120,38,546311,59299,77106,30850,0.5492885990588758,0.34221122807795984
813,0.1836,38,103,38,546414,59196,77144,30812,0.5483345066508578,0.34232512665540843
814,0.1837,37,106,37,546520,59090,77181,30775,0.547352625143577,0.3424581316419073
815,0.1838,40,142,40,546662,58948,77221,30735,0.5460372744451443,0.34270709052997783
816,0.1839,42,129,42,546791,58819,77263,30693,0.5448423431768499,0.34289257306282955
817,0.184,49,101,49,546892,58718,77312,30644,0.5439067768350069,0.34291980931492133
818,0.1841,38,115,38,547007,58603,77350,30606,0.5428415280299381,0.34308197603380824
819,0.1842,48,106,48,547113,58497,77398,30558,0.5418596465226574,0.3431362641064511
820,0.1843,32,105,32,547218,58392,77430,30526,0.5408870280484642,0.34330506759036417
821,0.1844,60,125,60,547343,58267,77490,30466,0.5397291489125199,0.34334464066356374
822,0.1845,47,117,47,547460,58150,77537,30419,0.5386453740412761,0.34344973975092863
823,0.1846,38,144,38,547604,58006,77575,30381,0.5373114972766683,0.3437270186792175
824,0.1847,36,110,36,547714,57896,77611,30345,0.5362925636370373,0.34388776192472886
825,0.1848,42,104,42,547818,57792,77653,30303,0.5353292081959317,0.34398092967818833
826,0.1849,36,110,36,547928,57682,77689,30267,0.5343102745563008,0.34414262811402063
827,0.185,40,125,40,548053,57557,77729,30227,0.5331523954203564,0.34433381937482915
828,0.1851,34,104,34,548157,57453,77763,30193,0.5321890399792508,0.34448805421810463
829,0.1852,42,110,42,548267,57343,77805,30151,0.5311701063396198,0.3446064873019864
830,0.1853,36,129,36,548396,57214,77841,30115,0.5299751750713253,0.3448453549221908
831,0.1854,30,124,30,548520,57090,77871,30085,0.5288265589684686,0.3451104100946372
832,0.1855,30,103,30,548623,56987,77901,30055,0.5278724665604505,0.345293076905402
833,0.1856,45,125,45,548748,56862,77946,30010,0.5267145874245063,0.345450778156368
834,0.1857,36,118,36,548866,56744,77982,29974,0.5256215495201749,0.345649115523882
835,0.1858,29,135,29,549001,56609,78011,29945,0.5243710400533551,0.34596899045682467
836,0.1859,42,94,42,549095,56515,78053,29903,0.523500314943125,0.34602744798537344
837,0.186,34,104,34,549199,56411,78087,29869,0.5225369595020194,0.34618683356513674
838,0.1861,31,93,31,549292,56318,78118,29838,0.5216754974248768,0.3463252704396676
839,0.1862,29,110,29,549402,56208,78147,29809,0.5206565637852458,0.34654777543973864
840,0.1863,37,107,37,549509,56101,78184,29772,0.5196654192448775,0.3466980308129447
841,0.1864,43,100,43,549609,56001,78227,29729,0.5187391159361221,0.34677475796104046
842,0.1865,48,95,48,549704,55906,78275,29681,0.5178591277928045,0.34679332141563557
843,0.1866,43,93,43,549797,55813,78318,29638,0.516997665715662,0.346842049829727
844,0.1867,45,103,45,549900,55710,78363,29593,0.5160435733076438,0.34691628664876967
845,0.1868,36,96,36,549996,55614,78399,29557,0.5151543221312387,0.3470312665109016
846,0.1869,35,114,35,550110,55500,78434,29522,0.5140983363592575,0.3472277763402413
847,0.187,29,95,29,550205,55405,78463,29493,0.5132183482159398,0.3473933425993545
848,0.1871,42,105,42,550310,55300,78505,29451,0.5122457297417466,0.34750032447994716
849,0.1872,33,100,33,550410,55200,78538,29418,0.5113194264329912,0.34765652698007515
850,0.1873,35,104,35,550514,55096,78573,29383,0.5103560709918856,0.34781424969519054
851,0.1874,37,109,37,550623,54987,78610,29346,0.5093464003853422,0.347977659990751
852,0.1875,43,113,43,550736,54874,78653,29303,0.5082996776464486,0.3481117169773216
853,0.1876,51,118,51,550854,54756,78704,29252,0.5072066397421171,0.3482049328635368
854,0.1877,43,107,43,550961,54649,78747,29209,0.5062154952017489,0.3483150087051921
855,0.1878,33,111,33,551072,54538,78780,29176,0.5051872985290303,0.3485199608189789
856,0.1879,35,94,35,551166,54444,78815,29141,0.5043165734188002,0.34863910988813784
857,0.188,36,110,36,551276,54334,78851,29105,0.5032976397791693,0.34881769915746835
858,0.1881,37,97,37,551373,54237,78888,29068,0.5023991255696766,0.34893463777684414
859,0.1882,34,84,34,551457,54153,78922,29034,0.5016210307903219,0.34902088066645026
860,0.1883,37,91,37,551548,54062,78959,28997,0.5007780947793545,0.34911328092079125
861,0.1884,43,97,43,551645,53965,79002,28954,0.4998795805698618,0.34918414356178923
862,0.1885,39,118,39,551763,53847,79041,28915,0.4987865426655304,0.3493753171745487
863,0.1886,36,102,36,551865,53745,79077,28879,0.4978417132905999,0.34952314097598763
864,0.1887,40,78,40,551943,53667,79117,28839,0.49711919670977067,0.3495382154025162
865,0.1888,34,114,34,552057,53553,79151,28805,0.4960632109377895,0.3497535151412128
866,0.1889,40,92,40,552149,53461,79191,28765,0.4952110118937345,0.34982852139226034
867,0.189,47,108,47,552257,53353,79238,28718,0.49421060432027863,0.3499165356825188
868,0.1891,28,89,28,552346,53264,79266,28690,0.4933861943754863,0.35007443199843813
869,0.1892,35,97,35,552443,53167,79301,28655,0.49248768016599354,0.3502114345774975
870,0.1893,40,97,40,552540,53070,79341,28615,0.4915891659565008,0.3503091142804676
871,0.1894,37,97,37,552637,52973,79378,28578,0.49069065174700804,0.35043101862638104
872,0.1895,31,78,31,552715,52895,79409,28547,0.4899681351661788,0.3505193880307458
873,0.1896,30,83,30,552798,52812,79439,28517,0.4891993034199118,0.35063753396697367
874,0.1897,37,95,37,552893,52717,79476,28480,0.48831931527659417,0.35075187506927596
875,0.1898,28,67,28,552960,52650,79504,28452,0.48769869205972805,0.35081748908781535
876,0.1899,24,92,24,553052,52558,79528,28428,0.48684649301567307,0.35102363371446915
877,0.19,49,95,49,553147,52463,79577,28379,0.48596650487235543,0.3510427747952797
878,0.1901,28,94,28,553241,52369,79605,28351,0.4850957797621253,0.35122646184340933
879,0.1902,33,91,33,553332,52278,79638,28318,0.4842528437511579,0.3513573874633977
880,0.1903,34,80,34,553412,52198,79672,28284,0.48351180110415354,0.351432618473696
881,0.1904,44,88,44,553500,52110,79716,28240,0.4826966541924488,0.3514623522090852
882,0.1905,28,81,28,553581,52029,79744,28212,0.4819463485123569,0.35159083261674207
883,0.1906,28,88,28,553669,51941,79772,28184,0.4811312016006521,0.3517503900156006
884,0.1907,25,79,25,553748,51862,79797,28159,0.48039942198673535,0.35189512752902363
885,0.1908,23,88,23,553836,51774,79820,28136,0.47958427507503054,0.35209610812163683
886,0.1909,36,71,36,553907,51703,79856,28100,0.4789265997258142,0.35211708833001265
887,0.191,41,98,41,554005,51605,79897,28059,0.4780188224832339,0.3522168106045391
888,0.1911,32,92,32,554097,51513,79929,28027,0.4771666234391789,0.35236359064621575
889,0.1912,31,90,31,554187,51423,79960,27996,0.47633295046129903,0.35251010463491106
890,0.1913,24,69,24,554256,51354,79984,27972,0.4756938011782578,0.3526208304969367
891,0.1914,28,75,28,554331,51279,80012,27944,0.47499907369669125,0.3527258498163412
892,0.1915,24,77,24,554408,51202,80036,27920,0.4742858201489496,0.35287277874674555
893,0.1916,33,97,33,554505,51105,80069,27887,0.4733873059394568,0.35303575045574237
894,0.1917,30,68,30,554573,51037,80099,27857,0.47275741968950313,0.3530940248941618
895,0.1918,23,85,23,554658,50952,80122,27834,0.47197006187706103,0.35328611682278577
896,0.1919,30,79,30,554737,50873,80152,27804,0.47123828226314424,0.35339425753396797
897,0.192,30,75,30,554812,50798,80182,27774,0.47054355478157767,0.35348470192944054
898,0.1921,19,80,19,554892,50718,80201,27755,0.46980251213457336,0.35368852981280186
899,0.1922,17,83,17,554975,50635,80218,27738,0.46903368038830634,0.3539229071236268
900,0.1923,41,62,41,555037,50573,80259,27697,0.468459372336878,0.35386482688130827
901,0.1924,28,60,28,555097,50513,80287,27669,0.4679035903516247,0.35390499091862576
902,0.1925,37,73,37,555170,50440,80324,27632,0.4672273889362333,0.353929705912491
903,0.1926,23,66,23,555236,50374,80347,27609,0.4666160287524547,0.3540387007424695
904,0.1927,33,90,33,555326,50284,80380,27576,0.46578235577457483,0.354174158746468
905,0.1928,31,79,31,555405,50205,80411,27545,0.46505057616065804,0.3542765273311897
906,0.1929,39,82,39,555487,50123,80450,27506,0.4642910074474786,0.3543263471125481
907,0.193,36,84,36,555571,50039,80486,27470,0.46351291266812406,0.3544104555599995
908,0.1931,27,82,27,555653,49957,80513,27443,0.4627533439549446,0.35456072351421186
909,0.1932,29,84,29,555737,49873,80542,27414,0.4619752491755901,0.3547038958686454
910,0.1933,27,71,27,555808,49802,80569,27387,0.46131757382637373,0.35480444104729947
911,0.1934,29,76,29,555884,49726,80598,27358,0.4606135833117196,0.35491152508951274
912,0.1935,25,84,25,555968,49642,80623,27333,0.45983548853236506,0.355089314712569
913,0.1936,36,79,36,556047,49563,80659,27297,0.45910370891844826,0.355152224824356
914,0.1937,22,74,22,556121,49489,80681,27275,0.45841824446996926,0.3553097806263353
915,0.1938,23,68,23,556189,49421,80704,27252,0.45778835822001557,0.3554315078319617
916,0.1939,31,73,31,556262,49348,80735,27221,0.4571121568046241,0.3555094098133709
917,0.194,24,72,24,556334,49276,80759,27197,0.4564452184223202,0.35564186052593727
918,0.1941,37,83,37,556417,49193,80796,27160,0.4556763866760532,0.35571621285345695
919,0.1942,30,79,30,556496,49114,80826,27130,0.4549446070621364,0.3558312785268349
920,0.1943,17,67,17,556563,49047,80843,27113,0.4543239838452703,0.356000525210084
921,0.1944,25,62,25,556625,48985,80868,27088,0.45374967579384196,0.35607902935338426
922,0.1945,37,61,37,556686,48924,80905,27051,0.45318463077550114,0.3560513326752221
923,0.1946,23,77,23,556763,48847,80928,27028,0.45247137722775943,0.3562174629324547
924,0.1947,20,56,20,556819,48791,80948,27008,0.4519526473748564,0.3563107692713624
925,0.1948,20,60,20,556879,48731,80968,26988,0.45139686538960316,0.35642309063775274
926,0.1949,21,66,21,556945,48665,80989,26967,0.4507855052058246,0.35655542627459275
927,0.195,26,62,26,557007,48603,81015,26941,0.4502111971543962,0.3566266017155565
928,0.1951,27,54,27,557061,48549,81042,26914,0.4497109933676683,0.35665160409737223
929,0.1952,14,49,14,557110,48500,81056,26900,0.44925710474637814,0.356763925729443
930,0.1953,35,57,35,557167,48443,81091,26865,0.44872911186038755,0.3567350082328571
931,0.1954,20,59,20,557226,48384,81111,26845,0.4481825929082219,0.35684377035451753
932,0.1955,20,56,20,557282,48328,81131,26825,0.44766386305531886,0.35693851210197863
933,0.1956,18,68,18,557350,48260,81149,26807,0.44703397680536516,0.35710765049888765
934,0.1957,14,52,14,557402,48208,81163,26793,0.4465522990848123,0.3572352368635085
935,0.1958,18,65,18,557467,48143,81181,26775,0.4459502019341213,0.3573907472169572
936,0.1959,16,58,16,557525,48085,81197,26759,0.44541294601504317,0.357530329752552
937,0.196,12,57,12,557582,48028,81209,26747,0.4448849531290526,0.3576997659645603
938,0.1961,21,60,21,557642,47968,81230,26726,0.44432917114379933,0.3578065172570755
939,0.1962,16,75,16,557717,47893,81246,26710,0.44363444366223276,0.3580284975135048
940,0.1963,17,70,17,557787,47823,81263,26693,0.442986031346104,0.35821836920929734
941,0.1964,19,59,19,557846,47764,81282,26674,0.44243951239393825,0.35833848303285953
942,0.1965,11,63,11,557909,47701,81293,26663,0.44185594130942235,0.35854714646872143
943,0.1966,23,56,23,557965,47645,81316,26640,0.44133721145651933,0.358618832873393
944,0.1967,13,59,13,558024,47586,81329,26627,0.4407906925043536,0.3587915863797448
945,0.1968,21,69,21,558093,47517,81350,26606,0.4401515432213124,0.3589439175424632
946,0.1969,12,60,12,558153,47457,81362,26594,0.43959576123605915,0.3591308692657763
947,0.197,19,48,19,558201,47409,81381,26575,0.4391511356478565,0.35919928633217996
948,0.1971,16,55,16,558256,47354,81397,26559,0.43864166882804106,0.359327858428152
949,0.1972,13,46,13,558302,47308,81410,26546,0.4382155693060136,0.35943889295095727
950,0.1973,12,53,12,558355,47255,81422,26534,0.4377246285523732,0.35959289324967136
951,0.1974,12,43,12,558398,47212,81434,26522,0.43732631812960837,0.3596983752407302
952,0.1975,16,55,16,558453,47157,81450,26506,0.43681685130979286,0.35982786473534883
953,0.1976,19,53,19,558506,47104,81469,26487,0.4363259105561525,0.3599217295593211
954,0.1977,17,52,17,558558,47052,81486,26470,0.4358442328355997,0.36002829085171784
955,0.1978,11,45,11,558603,47007,81497,26459,0.4354273963466597,0.36015299594370187
956,0.1979,15,45,15,558648,46962,81512,26444,0.4350105598577198,0.36024303190474893
957,0.198,6,63,6,558711,46899,81518,26438,0.4344269887732039,0.3605001568103413
958,0.1981,13,52,13,558763,46847,81531,26425,0.4339453110526511,0.3606425373949121
959,0.1982,11,53,11,558816,46794,81542,26414,0.4334543702990107,0.3608075620150803
960,0.1983,14,63,14,558879,46731,81556,26400,0.4328707992144948,0.36099602083931576
961,0.1984,9,63,9,558942,46668,81565,26391,0.4322872281299789,0.36122859606619306
962,0.1985,5,41,5,558983,46627,81570,26386,0.43190744377338913,0.3613876980811636
963,0.1986,11,54,11,559037,46573,81581,26375,0.43140723998666125,0.36155891868180073
964,0.1987,6,48,6,559085,46525,81587,26369,0.4309626143984586,0.36174445084643453
965,0.1988,14,49,14,559134,46476,81601,26355,0.4305087257771685,0.3618651398442971
966,0.1989,12,39,12,559173,46437,81613,26343,0.43014746748675387,0.36195383347073373
967,0.199,8,49,8,559222,46388,81621,26335,0.4296935788654637,0.3621275249920933
968,0.1991,6,41,6,559263,46347,81627,26329,0.42931379450887397,0.3622791568055479
969,0.1992,11,51,11,559314,46296,81638,26318,0.42884137982140874,0.3624369956206792
970,0.1993,13,55,13,559369,46241,81651,26305,0.42833191300159323,0.362597524329391
971,0.1994,12,45,12,559414,46196,81663,26293,0.4279150765126533,0.36271710190511663
972,0.1995,13,41,13,559455,46155,81676,26280,0.42753529215606356,0.36280803478981155
973,0.1996,8,44,8,559499,46111,81684,26272,0.4271277187002112,0.36295815315750934
974,0.1997,12,45,12,559544,46066,81696,26260,0.42671088221127124,0.3630782844343666
975,0.1998,17,39,17,559583,46027,81713,26243,0.4263496239208566,0.36312439463124396
976,0.1999,11,39,11,559622,45988,81724,26232,0.425988365630442,0.36322348379950153
977,0.2,9,36,9,559658,45952,81733,26223,0.42565489643929005,0.36332525112573605
978,0.2001,13,41,13,559699,45911,81746,26210,0.42527511208270036,0.36341703526018776
979,0.2002,9,42,9,559741,45869,81755,26201,0.4248860646930231,0.3635493270431525
980,0.2003,12,38,12,559779,45831,81767,26189,0.42453406943569605,0.3636351013607331
981,0.2004,5,48,5,559827,45783,81772,26184,0.4240894438474934,0.3638334236525074
982,0.2005,8,47,8,559874,45736,81780,26176,0.42365408129237836,0.36400044498831907
983,0.2006,13,46,13,559920,45690,81793,26163,0.42322798177035087,0.36411840841718507
984,0.2007,15,49,15,559969,45641,81808,26148,0.4227740931490607,0.3642340748582652
985,0.2008,10,48,10,560017,45593,81818,26138,0.42232946756085815,0.3643891762278513
986,0.2009,12,48,12,560065,45545,81830,26126,0.4218848419726555,0.3645267960541921
987,0.201,7,47,7,560112,45498,81837,26119,0.42144947941754046,0.36470391108256417
988,0.2011,9,37,9,560149,45461,81846,26110,0.421106747193301,0.36481256374788673
989,0.2012,8,49,8,560198,45412,81854,26102,0.42065285857201085,0.36499147020163886
990,0.2013,2,41,2,560239,45371,81856,26100,0.4202730742154211,0.36518308124973764
991,0.2014,5,32,5,560271,45339,81861,26095,0.41997665715661936,0.3653022370299857
992,0.2015,8,36,8,560307,45303,81869,26087,0.4196431879654674,0.36541532427510853
993,0.2016,9,33,9,560340,45270,81878,26078,0.4193375078735781,0.36550428883780905
994,0.2017,12,49,12,560389,45221,81890,26066,0.41888361925228795,0.36564871575462565
995,0.2018,8,37,8,560426,45184,81898,26058,0.4185408870280485,0.3657673844080739
996,0.2019,9,27,9,560453,45157,81907,26049,0.4182907851346845,0.36582591354661126
997,0.202,6,37,6,560490,45120,81913,26043,0.417948052910445,0.36596264912946336
998,0.2021,10,35,10,560525,45085,81923,26033,0.4176238467523806,0.36605360105739754
999,0.2022,11,37,11,560562,45048,81934,26022,0.4172811145281411,0.3661460531869987
1000,0.2023,7,39,7,560601,45009,81941,26015,0.4169198562377265,0.36628463617931967
1001,0.2024,8,46,8,560647,44963,81949,26007,0.416493756715699,0.366450612935043
1002,0.2025,14,32,14,560679,44931,81963,25993,0.41619733965689726,0.3664908916586769
1003,0.2026,8,42,8,560721,44889,81971,25985,0.41580829226722,0.3666365663007591
1004,0.2027,8,44,8,560765,44845,81979,25977,0.4154007188113676,0.36679280449577817
1005,0.2028,8,41,8,560806,44804,81987,25969,0.4150209344547779,0.36693371766068983
1006,0.2029,8,34,8,560840,44770,81995,25961,0.414705991329801,0.3670384979711866
1007,0.203,7,29,7,560869,44741,82002,25954,0.41443736337026194,0.3671263880048094
1008,0.2031,6,41,6,560910,44700,82008,25948,0.41405757901367224,0.3672856981089344
1009,0.2032,13,33,13,560943,44667,82021,25935,0.41375189892178293,0.3673408685306365
1010,0.2033,5,29,5,560972,44638,82026,25930,0.41348327096224385,0.3674470014737558
1011,0.2034,7,44,7,561016,44594,82033,25923,0.4130756975063915,0.3676134832735369
1012,0.2035,10,40,10,561056,44554,82043,25913,0.4127051761828893,0.36773241375395577
1013,0.2036,9,34,9,561090,44520,82052,25904,0.4123902330579125,0.3678291491536976
1014,0.2037,12,31,12,561121,44489,82064,25892,0.4121030790321983,0.367883377616118
1015,0.2038,9,23,9,561144,44466,82073,25883,0.41189002927118457,0.3679227849720678
1016,0.2039,8,24,8,561168,44442,82081,25875,0.4116677164770833,0.3679764495072315
1017,0.204,9,31,9,561199,44411,82090,25866,0.41138056245136906,0.3680578283079813
1018,0.2041,6,37,6,561236,44374,82096,25860,0.4110378302271296,0.3681977389868155
1019,0.2042,14,38,14,561274,44336,82110,25846,0.4106858349698025,0.3682710666552677
1020,0.2043,10,28,10,561302,44308,82120,25836,0.410426470043351,0.3683280109489051
1021,0.2044,13,43,13,561345,44265,82133,25823,0.41002815962058614,0.36843682228056157
1022,0.2045,4,36,4,561381,44229,82137,25819,0.40969469042943424,0.3685901096391046
1023,0.2046,8,25,8,561406,44204,82145,25811,0.4094631146022454,0.3686495750910519
1024,0.2047,3,45,3,561451,44159,82148,25808,0.4090462781133054,0.36885960524247147
1025,0.2048,8,28,8,561479,44131,82156,25800,0.4087869131868539,0.36893509316326095
1026,0.2049,10,44,10,561523,44087,82166,25790,0.40837933973100154,0.36907709260557836
1027,0.205,13,36,13,561559,44051,82179,25777,0.4080458705398496,0.3691499112104027
1028,0.2051,3,39,3,561598,44012,82182,25774,0.407684612249435,0.3693290917949159
1029,0.2052,8,38,8,561636,43974,82190,25766,0.4073326169921079,0.3694579868081445
1030,0.2053,8,35,8,561671,43939,82198,25758,0.4070084108340435,0.36957114366472016
1031,0.2054,1,30,1,561701,43909,82199,25757,0.4067305198414169,0.3697212413515919
1032,0.2055,1,25,1,561726,43884,82200,25756,0.40649894401422804,0.3698449167145319
1033,0.2056,5,28,5,561754,43856,82205,25751,0.4062395790877765,0.3699484247273981
1034,0.2057,9,31,9,561785,43825,82214,25742,0.4059524250620623,0.37003176793594666
1035,0.2058,7,31,7,561816,43794,82221,25735,0.40566527103634814,0.37013332566267315
1036,0.2059,6,27,6,561843,43767,82227,25729,0.4054151691429842,0.3702227466328997
1037,0.206,15,52,15,561895,43715,82242,25714,0.40493349142243135,0.37036396894669377
1038,0.2061,7,22,7,561917,43693,82249,25707,0.40472970469450514,0.3704178674351585
1039,0.2062,5,26,5,561943,43667,82254,25702,0.4044888658342288,0.3705113235018524
1040,0.2063,10,41,10,561984,43626,82264,25692,0.404109081477639,0.37063966069419196
1041,0.2064,3,24,3,562008,43602,82267,25689,0.40388676868353773,0.37074078884703643
1042,0.2065,9,43,9,562051,43559,82276,25680,0.4034884582607729,0.3708892387238406
1043,0.2066,4,26,4,562077,43533,82280,25676,0.40324761940049647,0.3709922119955497
1044,0.2067,11,29,11,562106,43504,82291,25665,0.40297899144095745,0.37104772369124894
1045,0.2068,3,36,3,562142,43468,82294,25662,0.4026455222498055,0.3712136554317952
1046,0.2069,6,30,6,562172,43438,82300,25656,0.40236763125717884,0.3713202304107448
1047,0.207,7,25,7,562197,43413,82307,25649,0.40213605542999,0.37139092409718805
1048,0.2071,6,18,6,562215,43395,82313,25643,0.401969320834414,0.37143312378689997
1049,0.2072,9,38,9,562253,43357,82322,25634,0.40161732557708696,0.371555710165094
1050,0.2073,7,27,7,562280,43330,82329,25627,0.401367223683723,0.3716373972185565
1051,0.2074,11,31,11,562311,43299,82340,25616,0.4010800696580088,0.371704273380251
1052,0.2075,3,36,3,562347,43263,82343,25613,0.4007466004668569,0.37187118880306635
1053,0.2076,3,26,3,562373,43237,82346,25610,0.40050576160658047,0.371984254942118
1054,0.2077,6,34,6,562407,43203,82352,25604,0.4001908184816036,0.3721133024256253
1055,0.2078,6,28,6,562435,43175,82358,25598,0.3999314535551521,0.3722100242827854
1056,0.2079,3,27,3,562462,43148,82361,25595,0.39968135166178814,0.3723288189342915
1057,0.208,5,41,5,562503,43107,82366,25590,0.3993015673051984,0.3725053495785842
1058,0.2081,9,21,9,562524,43086,82375,25581,0.39910704361035976,0.3725370265192887
1059,0.2082,6,32,6,562556,43054,82381,25575,0.398810626551558,0.37265587433883635
1060,0.2083,8,32,8,562588,43022,82389,25567,0.3985142094927563,0.3727565644636895
1061,0.2084,9,42,9,562630,42980,82398,25558,0.398125162103079,0.3729026233622224
1062,0.2085,3,33,3,562663,42947,82401,25555,0.3978194820111897,0.3730548013196695
1063,0.2086,6,23,6,562686,42924,82407,25549,0.397606432250176,0.3731251734260219
1064,0.2087,9,39,9,562725,42885,82416,25540,0.3972451739597614,0.3732553891121666
1065,0.2088,9,23,9,562748,42862,82425,25531,0.3970321241987476,0.3732984369745442
1066,0.2089,8,35,8,562783,42827,82433,25523,0.3967079180406832,0.3734162399414777
1067,0.209,3,34,3,562817,42793,82436,25520,0.3963929749157064,0.37357457584939907
1068,0.2091,6,45,6,562862,42748,82442,25514,0.39597613842676643,0.3737657847704433
1069,0.2092,5,36,5,562898,42712,82447,25509,0.39564266923561453,0.37391712229372187
1070,0.2093,6,28,6,562926,42684,82453,25503,0.395383304309163,0.374015574816314
1071,0.2094,7,33,7,562959,42651,82460,25496,0.3950776242172737,0.37413239027396655
1072,0.2095,9,32,9,562991,42619,82469,25487,0.394781207158472,0.3742254720582621
1073,0.2096,7,19,7,563010,42600,82476,25480,0.39460520952980843,0.37426556991774385
1074,0.2097,8,31,8,563041,42569,82484,25472,0.39431805550409427,0.3743625167178613
1075,0.2098,4,31,4,563072,42538,82488,25468,0.3940309014783801,0.3744963679675323
1076,0.2099,5,32,5,563104,42506,82493,25463,0.39373448441957837,0.3746266680398417
1077,0.21,4,43,4,563147,42463,82497,25459,0.39333617399681353,0.37482700744972175
1078,0.2101,4,39,4,563186,42424,82501,25455,0.3929749157063989,0.37500552453630726
1079,0.2102,5,33,5,563219,42391,82506,25450,0.3926692356145096,0.37514187585678277
1080,0.2103,6,32,6,563251,42359,82512,25444,0.3923728185557079,0.37526363140274027
1081,0.2104,4,38,4,563289,42321,82516,25440,0.39202082329838084,0.3754371983884535
1082,0.2105,10,26,10,563315,42295,82526,25430,0.3917799844381044,0.3754891103728313
1083,0.2106,7,42,7,563357,42253,82533,25423,0.39139093704842715,0.37565754477214963
1084,0.2107,6,32,6,563389,42221,82539,25417,0.3910945199896254,0.3757798870457435
1085,0.2108,7,27,7,563416,42194,82546,25410,0.3908444180962614,0.3758653334122241
1086,0.2109,9,42,9,563458,42152,82555,25401,0.39045537070658415,0.376015869021361
1087,0.211,1,37,1,563495,42115,82556,25400,0.3901126384823447,0.37621269347552394
1088,0.2111,5,30,5,563525,42085,82561,25395,0.389834747489718,0.37633372851215174
1089,0.2112,7,24,7,563549,42061,82568,25388,0.38961243469561674,0.3764029118296787
1090,0.2113,13,33,13,563582,42028,82581,25375,0.38930675460372743,0.37646692283726246
1091,0.2114,6,34,6,563616,41994,82587,25369,0.3889918114787506,0.376601398393777
1092,0.2115,10,36,10,563652,41958,82597,25359,0.38865834228759866,0.37671019207629575
1093,0.2116,7,29,7,563681,41929,82604,25352,0.3883897143280596,0.37680771688886905
1094,0.2117,7,44,7,563725,41885,82611,25345,0.38798214087220717,0.3769894392384352
1095,0.2118,10,33,10,563758,41852,82621,25335,0.3876764607803179,0.3770818759581467
1096,0.2119,13,34,13,563792,41818,82634,25322,0.38736151765534105,0.37715221924337206
1097,0.212,12,29,12,563821,41789,82646,25310,0.38709288969580197,0.3772038331420737
1098,0.2121,5,35,5,563856,41754,82651,25305,0.3867686835377376,0.3773542701203418
1099,0.2122,11,22,11,563878,41732,82662,25294,0.38656489680981143,0.3773759436636529
1100,0.2123,5,39,5,563917,41693,82667,25289,0.38620363851939676,0.37754919232032486
1101,0.2124,5,40,5,563957,41653,82672,25284,0.38583311719589464,0.3777283116960724
1102,0.2125,11,31,11,563988,41622,82683,25273,0.3855459631701804,0.37780103146722477
1103,0.2126,5,33,5,564021,41589,82688,25268,0.38524028307829117,0.3779409785063643
1104,0.2127,3,31,3,564052,41558,82691,25265,0.384953129052577,0.3780883827424689
1105,0.2128,7,30,7,564082,41528,82698,25258,0.38467523805995035,0.3781930344683017
1106,0.2129,9,33,9,564115,41495,82707,25249,0.38436955796806105,0.37829617643533503
1107,0.213,5,32,5,564147,41463,82712,25244,0.3840731409092593,0.3784310492152248
1108,0.2131,10,33,10,564180,41430,82722,25234,0.38376746081737007,0.3785251410056402
1109,0.2132,10,29,10,564209,41401,82732,25224,0.383498832857831,0.3785966228893058
1110,0.2133,8,43,8,564252,41358,82740,25216,0.38310052243506615,0.37876648541472646
1111,0.2134,10,38,10,564290,41320,82750,25206,0.3827485271777391,0.3788894567537504
1112,0.2135,3,54,3,564344,41266,82753,25203,0.38224832339101117,0.37916923678707365
1113,0.2136,9,31,9,564375,41235,82762,25194,0.38196116936529695,0.3792620692769724
1114,0.2137,10,32,10,564407,41203,82772,25184,0.3816647523064952,0.37935137903505206
1115,0.2138,8,30,8,564437,41173,82780,25176,0.3813868613138686,0.3794480700538064
1116,0.2139,8,38,8,564475,41135,82788,25168,0.3810348660565416,0.3795906670889703
1117,0.214,17,42,17,564517,41093,82805,25151,0.38064581866686426,0.37967212124871685
1118,0.2141,12,33,12,564550,41060,82817,25139,0.380340138574975,0.37974893880572214
1119,0.2142,11,34,11,564584,41026,82828,25128,0.38002519544999813,0.3798409771140067
1120,0.2143,6,41,6,564625,40985,82834,25122,0.37964541109340844,0.3800202701680609
1121,0.2144,9,38,9,564663,40947,82843,25113,0.3792934158360814,0.3801544050862852
1122,0.2145,9,38,9,564701,40909,82852,25104,0.3789414205787543,0.3802887310075288
1123,0.2146,11,42,11,564743,40867,82863,25093,0.37855237318907703,0.38042753183747724
1124,0.2147,10,34,10,564777,40833,82873,25083,0.3782374300641002,0.3805297651556526
1125,0.2148,11,28,11,564805,40805,82884,25072,0.37797806513764864,0.3805880656374759
1126,0.2149,4,34,4,564839,40771,82888,25068,0.3776631220126718,0.38074697367821503
1127,0.215,8,34,8,564873,40737,82896,25060,0.377348178887695,0.38086842865176224
1128,0.2151,8,36,8,564909,40701,82904,25052,0.37701470969654305,0.38100162730217635
1129,0.2152,9,49,9,564958,40652,82913,25043,0.3765608210752529,0.3812010046426669
1130,0.2153,9,50,9,565008,40602,82922,25034,0.3760976694208752,0.381406545188616
1131,0.2154,10,52,10,565060,40550,82932,25024,0.37561599170032234,0.3816146643486748
1132,0.2155,8,51,8,565111,40499,82940,25016,0.3751435770128571,0.38183622071281387
1133,0.2156,12,38,12,565149,40461,82952,25004,0.37479158175553,0.3819445505231803
1134,0.2157,10,44,10,565193,40417,82962,24994,0.37438400829967766,0.3821069850636743
1135,0.2158,9,35,9,565228,40382,82971,24985,0.3740598021416133,0.3822265057291906
1136,0.2159,6,34,6,565262,40348,82977,24979,0.3737448590166364,0.38236869900653636
1137,0.216,7,40,7,565302,40308,82984,24972,0.3733743376931342,0.3825367647058823
1138,0.2161,9,46,9,565348,40262,82993,24963,0.3729482381711067,0.3827213491759295
1139,0.2162,12,42,12,565390,40220,83005,24951,0.37255919078142946,0.38285433705175614
1140,0.2163,11,36,11,565426,40184,83016,24940,0.3722257215902775,0.38296173453719057
1141,0.2164,13,53,13,565479,40131,83029,24927,0.37173478083663714,0.3831504196255649
1142,0.2165,8,32,8,565511,40099,83037,24919,0.3714383637778354,0.383263096373312
1143,0.2166,14,42,14,565553,40057,83051,24905,0.37104931638815813,0.3833779748160463
1144,0.2167,6,43,6,565596,40014,83057,24899,0.3706510059653933,0.3835749387641921
1145,0.2168,8,40,8,565636,39974,83065,24891,0.3702804846418911,0.38373545055114466
1146,0.2169,11,44,11,565680,39930,83076,24880,0.36987291118603877,0.38389137478784136
1147,0.217,8,47,8,565727,39883,83084,24872,0.3694375486309237,0.38409389236352404
1148,0.2171,8,43,8,565770,39840,83092,24864,0.36903923820815887,0.38427299703264095
1149,0.2172,14,50,14,565820,39790,83106,24850,0.36857608655378116,0.3844368811881188
1150,0.2173,15,56,15,565876,39734,83121,24835,0.36805735670087814,0.3846272979293469
1151,0.2174,14,37,14,565913,39697,83135,24821,0.3677146244766386,0.38471434328404475
1152,0.2175,12,42,12,565955,39655,83147,24809,0.36732557708696134,0.3848504591710102
1153,0.2176,16,33,16,565988,39622,83163,24793,0.3670198969950721,0.38489482263447955
1154,0.2177,16,43,16,566031,39579,83179,24777,0.36662158657230726,0.3849990676859966
1155,0.2178,13,50,13,566081,39529,83192,24764,0.36615843491792954,0.3851741247103106
1156,0.2179,19,50,19,566131,39479,83211,24745,0.36569528326355183,0.38529210264075736
1157,0.218,11,56,11,566187,39423,83222,24734,0.3651765534106488,0.38552301385663296
1158,0.2181,9,54,9,566241,39369,83231,24725,0.36467634962392087,0.3857615377414423
1159,0.2182,6,60,6,566301,39309,83237,24719,0.3641205676386676,0.3860654713562816
1160,0.2183,12,46,12,566347,39263,83249,24707,0.36369446811664013,0.3862279193371893
1161,0.2184,15,48,15,566395,39215,83264,24692,0.3632498425284375,0.38637394964557875
1162,0.2185,16,48,16,566443,39167,83280,24676,0.36280521694023493,0.3865106589602619
1163,0.2186,12,66,12,566509,39101,83292,24664,0.3621938567564563,0.38679526385948404
1164,0.2187,9,45,9,566554,39056,83301,24655,0.3617770202675164,0.386981839870666
1165,0.2188,13,66,13,566620,38990,83314,24642,0.3611656600837378,0.3872579834045763
1166,0.2189,17,46,17,566666,38944,83331,24625,0.3607395605617103,0.3873743491324388
1167,0.219,14,48,14,566714,38896,83345,24611,0.36029493497350773,0.387532083077456
1168,0.2191,13,58,13,566772,38838,83358,24598,0.35975767905442957,0.3877608928684028
1169,0.2192,11,60,11,566832,38778,83369,24587,0.3592018970691763,0.388021778584392
1170,0.2193,8,54,8,566886,38724,83377,24579,0.3587016932824484,0.3882754371830719
1171,0.2194,27,66,27,566952,38658,83404,24552,0.35809033309866983,0.3884195538680589
1172,0.2195,13,56,13,567008,38602,83417,24539,0.3575716032457668,0.388638127365737
1173,0.2196,25,45,25,567053,38557,83442,24514,0.35715476675682684,0.38867308271630385
1174,0.2197,10,62,10,567115,38495,83452,24504,0.3565804587053985,0.38895855489769676
1175,0.2198,15,66,15,567181,38429,83467,24489,0.3559690985216199,0.38922089068311133
1176,0.2199,12,63,12,567244,38366,83479,24477,0.355385527437104,0.38949445443406583
1177,0.22,12,60,12,567304,38306,83491,24465,0.35482974545185075,0.3897500438100397
1178,0.2201,15,55,15,567359,38251,83506,24450,0.35432027863203525,0.38994593387665266
1179,0.2202,20,45,20,567404,38206,83526,24430,0.3539034421430953,0.3900312919088064
1180,0.2203,16,60,16,567464,38146,83542,24414,0.3533476601578421,0.3902493606138107
1181,0.2204,19,73,19,567537,38073,83561,24395,0.35267145874245065,0.3905199462124608
1182,0.2205,10,57,10,567594,38016,83571,24385,0.35214346585646006,0.3907789939263794
1183,0.2206,12,54,12,567648,37962,83583,24373,0.3516432620697321,0.3910002406352771
1184,0.2207,17,53,17,567701,37909,83600,24356,0.35115232131609175,0.3911667871195696
1185,0.2208,19,70,19,567771,37839,83619,24337,0.3505039089999629,0.39142112712300564
1186,0.2209,27,71,27,567842,37768,83646,24310,0.3498462336507466,0.3916041109571829
1187,0.221,31,68,31,567910,37700,83677,24279,0.34921634740079294,0.39172945675148035
1188,0.2211,17,70,17,567980,37630,83694,24262,0.3485679350846641,0.39200542881147804
1189,0.2212,20,67,20,568047,37563,83714,24242,0.347947311867798,0.39223363805517353
1190,0.2213,15,69,15,568116,37494,83729,24227,0.3473081625847568,0.39252442442604624
1191,0.2214,18,62,18,568178,37432,83747,24209,0.3467338545333284,0.3927418439025973
1192,0.2215,19,57,19,568235,37375,83766,24190,0.3462058616473378,0.392918054089174
1193,0.2216,14,53,14,568288,37322,83780,24176,0.34571492089369743,0.3931184753975739
1194,0.2217,28,59,28,568347,37263,83808,24148,0.34516840194153176,0.39321945579782125
1195,0.2218,30,76,30,568423,37187,83838,24118,0.3444644114268776,0.39340999918440583
1196,0.2219,19,60,19,568483,37127,83857,24099,0.34390862944162437,0.39360729102015485
1197,0.222,24,71,24,568554,37056,83881,24075,0.343250954092408,0.39382637287137456
1198,0.2221,36,56,36,568610,37000,83917,24039,0.342732224239505,0.39383017415095267
1199,0.2222,22,78,22,568688,36922,83939,24017,0.3420097076586758,0.39411542690231216
1200,0.2223,32,55,32,568743,36867,83971,23985,0.34150024083886027,0.39415302701636756
1201,0.2224,20,60,20,568803,36807,83991,23965,0.340944458853607,0.3943427894425064
1202,0.2225,27,84,27,568887,36723,84018,23938,0.3401663640742525,0.39461927762483306
1203,0.2226,18,55,18,568942,36668,84036,23920,0.339656897254437,0.3947976496996105
1204,0.2227,23,76,23,569018,36592,84059,23897,0.3389529067397829,0.39506356527633124
1205,0.2228,19,48,19,569066,36544,84078,23878,0.33850828115158027,0.3951871834762173
1206,0.2229,23,62,23,569128,36482,84101,23855,0.33793397310015194,0.39536271276331275
1207,0.223,26,69,26,569197,36413,84127,23829,0.3372948238171107,0.3955545964609409
1208,0.2231,20,83,20,569280,36330,84147,23809,0.33652599207084366,0.3958994994928416
1209,0.2232,26,71,26,569351,36259,84173,23783,0.3358683167216273,0.39610605909196894
1210,0.2233,18,84,18,569435,36175,84191,23765,0.3350902219422728,0.3964798131464798
1211,0.2234,21,78,21,569513,36097,84212,23744,0.33436770536144356,0.39678481308801655
1212,0.2235,33,72,33,569585,36025,84245,23711,0.33370076697913964,0.3969298245614035
1213,0.2236,30,70,30,569655,35955,84275,23681,0.33305235466301086,0.39709236031927025
1214,0.2237,25,65,25,569720,35890,84300,23656,0.3324502575123198,0.39727269673865584
1215,0.2238,28,74,28,569794,35816,84328,23628,0.3317647930638408,0.39748334566987414
1216,0.2239,29,75,29,569869,35741,84357,23599,0.33107006558227425,0.3976912706437479
1217,0.224,31,60,31,569929,35681,84388,23568,0.330514283597021,0.3977788654660838
1218,0.2241,23,80,23,570009,35601,84411,23545,0.3297732409500167,0.3980827105805972
1219,0.2242,35,70,35,570079,35531,84446,23510,0.32912482863388787,0.3981978625023289
1220,0.2243,40,77,40,570156,35454,84486,23470,0.3284115750861462,0.3983096870545109
1221,0.2244,29,71,29,570227,35383,84515,23441,0.32775389973692987,0.3984938120495036
1222,0.2245,31,84,31,570311,35299,84546,23410,0.32697580495757533,0.39874635916128703
1223,0.2246,27,72,27,570383,35227,84573,23383,0.3263088665752714,0.39895922197577205
1224,0.2247,38,73,38,570456,35154,84611,23345,0.32563266515987993,0.399066650711978
1225,0.2248,31,70,31,570526,35084,84642,23314,0.32498425284375115,0.39922600089044147
1226,0.2249,29,80,29,570606,35004,84671,23285,0.32424321019674684,0.39947502959391995
1227,0.225,25,85,25,570691,34919,84696,23260,0.32345585238430474,0.39980061534230565
1228,0.2251,28,95,28,570786,34824,84724,23232,0.32257586424098705,0.40016535758577926
1229,0.2252,35,74,35,570860,34750,84759,23197,0.32189039979250805,0.4003140801076846
1230,0.2253,25,75,25,570935,34675,84784,23172,0.3211956723109415,0.4005739277749927
1231,0.2254,32,81,32,571016,34594,84816,23140,0.3204453666308496,0.4008036858696782
1232,0.2255,31,64,31,571080,34530,84847,23109,0.31985253251324613,0.40092645604538596
1233,0.2256,25,88,25,571168,34442,84872,23084,0.3190373856015414,0.40127942147898343
1234,0.2257,27,86,27,571254,34356,84899,23057,0.3182407647560117,0.40159894100639226
1235,0.2258,31,90,31,571344,34266,84930,23026,0.3174070917781318,0.4019060252740348
1236,0.2259,35,82,35,571426,34184,84965,22991,0.31664752306495236,0.4021163095758636
1237,0.226,31,97,31,571523,34087,84996,22960,0.31574900885545965,0.4024751520675934
1238,0.2261,28,82,28,571605,34005,85024,22932,0.3149894401422802,0.40276094630907844
1239,0.2262,31,91,31,571696,33914,85055,22901,0.31414650413131273,0.40308017248965944
1240,0.2263,27,93,27,571789,33821,85082,22874,0.31328504205417024,0.4034570949819208
1241,0.2264,26,90,26,571879,33731,85108,22848,0.31245136907629034,0.40382474062814827
1242,0.2265,37,83,37,571962,33648,85145,22811,0.3116825373300233,0.40402770151791567
1243,0.2266,29,92,29,572054,33556,85174,22782,0.31083033828596834,0.4043807021903511
1244,0.2267,36,89,36,572143,33467,85210,22746,0.310005928341176,0.40463949620194617
1245,0.2268,32,84,32,572227,33383,85242,22714,0.3092278335618215,0.4049057881883167
1246,0.2269,40,88,40,572315,33295,85282,22674,0.30841268665011673,0.4051171184048312
1247,0.227,31,72,31,572387,33223,85313,22643,0.3077457482678128,0.4053091325672144
1248,0.2271,40,108,40,572495,33115,85353,22603,0.30674534069435694,0.4056678272730536
1249,0.2272,35,88,35,572583,33027,85388,22568,0.3059301937826522,0.40593578559222954
1250,0.2273,37,87,37,572670,32940,85425,22531,0.305124309904035,0.4061762001766689
1251,0.2274,38,94,38,572764,32846,85463,22493,0.3042535847938049,0.40645837474475505
1252,0.2275,40,83,40,572847,32763,85503,22453,0.30348475304753786,0.40663937988988696
1253,0.2276,28,91,28,572938,32672,85531,22425,0.30264181703657045,0.4070094560502387
1254,0.2277,33,94,33,573032,32578,85564,22392,0.3017710919263404,0.40734946334364197
1255,0.2278,32,115,32,573147,32463,85596,22360,0.30070584312127163,0.4078580157962899
1256,0.2279,45,87,45,573234,32376,85641,22315,0.2998999592426544,0.4080196010312483
1257,0.228,41,86,41,573320,32290,85682,22274,0.2991033383971248,0.4082178725899861
1258,0.2281,53,75,53,573395,32215,85735,22221,0.2984086109155582,0.40820412962010433
1259,0.2282,47,94,47,573489,32121,85782,22174,0.2975378858053281,0.40839856340362835
1260,0.2283,44,95,44,573584,32026,85826,22130,0.29665789766201045,0.40863431568062636
1261,0.2284,37,111,37,573695,31915,85863,22093,0.2956297009892919,0.40906902681084284
1262,0.2285,42,94,42,573789,31821,85905,22051,0.29475897587906186,0.4093220968220968
1263,0.2286,40,91,40,573880,31730,85945,22011,0.2939160398680944,0.4095755568374239
1264,0.2287,58,100,58,573980,31630,86003,21953,0.29298973655933896,0.40970083795233564
1265,0.2288,51,96,51,574076,31534,86054,21902,0.29210048538293376,0.40987349352496444
1266,0.2289,52,113,52,574189,31421,86106,21850,0.29105376264404015,0.41016688254397327
1267,0.229,43,93,43,574282,31328,86149,21807,0.2901923005668976,0.41040745271478307
1268,0.2291,52,107,52,574389,31221,86201,21755,0.28920115602652935,0.4106576562971912
1269,0.2292,51,102,51,574491,31119,86252,21704,0.2882563266515988,0.41088162353520247
1270,0.2293,40,114,40,574605,31005,86292,21664,0.2872003408796176,0.41132354895669176
1271,0.2294,55,105,55,574710,30900,86347,21609,0.28622772240542443,0.4115294520939268
1272,0.2295,57,114,57,574824,30786,86404,21552,0.28517173663344325,0.41178493637510033
1273,0.2296,43,98,43,574922,30688,86447,21509,0.28426395939086296,0.4120734908136483
1274,0.2297,47,79,47,575001,30609,86494,21462,0.28353217977694617,0.4121680013827274
1275,0.2298,48,97,48,575098,30512,86542,21414,0.2826336655674534,0.41239456149135306
1276,0.2299,42,119,42,575217,30393,86584,21372,0.2815313646300345,0.4128658359895682
1277,0.23,58,101,58,575318,30292,86642,21314,0.2805957982881915,0.4130139906212456
1278,0.2301,54,87,54,575405,30205,86696,21260,0.2797899144095743,0.4130962790245798
1279,0.2302,42,106,42,575511,30099,86738,21218,0.2788080329022935,0.41346922072607517
1280,0.2303,44,99,44,575610,30000,86782,21174,0.27789099262662564,0.4137648024387384
1281,0.2304,40,96,40,575706,29904,86822,21134,0.27700174145022044,0.41408362396645637
1282,0.2305,49,104,49,575810,29800,86871,21085,0.27603838600911484,0.4143657266384986
1283,0.2306,51,114,51,575924,29686,86922,21034,0.27498240023713366,0.4147082018927445
1284,0.2307,45,101,45,576025,29585,86967,20989,0.27404683389529066,0.415015620674655
1285,0.2308,51,107,51,576132,29478,87018,20938,0.27305568935492236,0.41530466518565534
1286,0.2309,46,129,46,576261,29349,87064,20892,0.2718607580866279,0.41583567206066757
1287,0.231,56,112,56,576373,29237,87120,20836,0.2708232983808218,0.4161124757853534
1288,0.2311,51,100,51,576473,29137,87171,20785,0.2698969950720664,0.41634950522815595
1289,0.2312,47,121,47,576594,29016,87218,20738,0.2687761680684723,0.41681070868673875
1290,0.2313,64,116,64,576710,28900,87282,20674,0.26770165623031605,0.41703312220115385
1291,0.2314,63,121,63,576831,28779,87345,20611,0.266580829226722,0.41731119659850174
1292,0.2315,51,114,51,576945,28665,87396,20560,0.2655248434547408,0.4176739461655663
1293,0.2316,62,110,62,577055,28555,87458,20498,0.26450590981510985,0.4178745438607221
1294,0.2317,58,113,58,577168,28442,87516,20440,0.26345918707621624,0.41814983020334684
1295,0.2318,41,101,41,577269,28341,87557,20399,0.26252362073437324,0.4185268773081658
1296,0.2319,44,105,44,577374,28236,87601,20355,0.2615510022601801,0.4189047354448355
1297,0.232,51,89,51,577463,28147,87652,20304,0.26072659231538775,0.4190625580483375
1298,0.2321,45,90,45,577553,28057,87697,20259,0.25989291933750786,0.4193020945442503
1299,0.2322,58,102,58,577655,27955,87755,20201,0.25894808996257734,0.41949082149680206
1300,0.2323,45,100,45,577755,27855,87800,20156,0.2580217866538219,0.4198204578117515
1301,0.2324,40,106,40,577861,27749,87840,20116,0.2570399051465412,0.4202653295727567
1302,0.2325,67,124,67,577985,27625,87907,20049,0.25589128904368447,0.4205436925787641
1303,0.2326,46,121,46,578106,27504,87953,20003,0.2547704620400904,0.4210537394489233
1304,0.2327,49,109,49,578215,27395,88002,19954,0.253760791433547,0.4214238949080234
1305,0.2328,52,98,52,578313,27297,88054,19902,0.2528530141909667,0.42166147587872627
1306,0.2329,41,98,41,578411,27199,88095,19861,0.2519452369483864,0.4220356991075223
1307,0.233,64,104,64,578515,27095,88159,19797,0.25098188150728074,0.42218288833916234
1308,0.2331,57,120,57,578635,26975,88216,19740,0.24987031753677424,0.4225623461414963
1309,0.2332,61,107,61,578742,26868,88277,19679,0.24887917299640594,0.42277697810814874
1310,0.2333,54,128,54,578870,26740,88331,19625,0.247693504761199,0.42327186455300336
1311,0.2334,67,110,67,578980,26630,88398,19558,0.24667457112156804,0.4234433186108946
1312,0.2335,56,107,56,579087,26523,88454,19502,0.24568342658119974,0.42372623574144486
1313,0.2336,59,98,59,579185,26425,88513,19443,0.24477564933861945,0.4238902938868056
1314,0.2337,75,83,75,579268,26342,88588,19368,0.24400681759235243,0.4237147232553052
1315,0.2338,55,120,55,579388,26222,88643,19313,0.24289525362184594,0.4241352805534204
1316,0.2339,45,104,45,579492,26118,88688,19268,0.2419318981807403,0.42453620059049046
1317,0.234,54,92,54,579584,26026,88742,19214,0.2410796991366853,0.4247126436781609
1318,0.2341,57,133,57,579717,25893,88799,19157,0.2398477157360406,0.4252386237513873
1319,0.2342,68,120,68,579837,25773,88867,19089,0.23873615176553412,0.4255048816370202
1320,0.2343,53,122,53,579959,25651,88920,19036,0.23760606172885249,0.42598518584823325
1321,0.2344,61,115,61,580074,25536,88981,18975,0.23654081292378376,0.42629911707218443
1322,0.2345,43,95,43,580169,25441,89024,18932,0.23566082478046613,0.42665584927771394
1323,0.2346,72,115,72,580284,25326,89096,18860,0.23459557597539737,0.42683202824424027
1324,0.2347,54,131,54,580415,25195,89150,18806,0.23338211864092778,0.4273993772868798
1325,0.2348,57,103,57,580518,25092,89207,18749,0.2324280262329097,0.42765904062407334
1326,0.2349,48,118,48,580636,24974,89255,18701,0.23133498832857832,0.4281854607899256
1327,0.235,79,116,79,580752,24858,89334,18622,0.23026047649042203,0.4282888684452622
1328,0.2351,63,107,63,580859,24751,89397,18559,0.22926933195005372,0.42851535442161165
1329,0.2352,56,90,56,580949,24661,89453,18503,0.22843565897217386,0.4286674080252062
1330,0.2353,47,117,47,581066,24544,89500,18456,0.22735188410093002,0.4292093023255814
1331,0.2354,75,98,75,581164,24446,89575,18381,0.2264441068583497,0.4291918649450113
1332,0.2355,59,106,59,581270,24340,89634,18322,0.22546222535106897,0.429468848155267
1333,0.2356,71,116,71,581386,24224,89705,18251,0.22438771351291267,0.4296880517951736
1334,0.2357,53,112,53,581498,24112,89758,18198,0.2233502538071066,0.4301110848499173
1335,0.2358,69,118,69,581616,23994,89827,18129,0.2222572159027752,0.430382451392351
1336,0.2359,55,113,55,581729,23881,89882,18074,0.22121049316388158,0.4307948992968657
1337,0.236,69,107,69,581836,23774,89951,18005,0.22021934862351328,0.4309581368630173
1338,0.2361,75,117,75,581953,23657,90026,17930,0.21913557375226944,0.4311443479933633
1339,0.2362,78,140,78,582093,23517,90104,17852,0.21783874912001186,0.4315308564383959
1340,0.2363,50,122,50,582215,23395,90154,17802,0.21670865908333026,0.4321188436051169
1341,0.2364,67,118,67,582333,23277,90221,17735,0.21561562117899885,0.4324344094411392
1342,0.2365,58,89,58,582422,23188,90279,17677,0.21479121123420652,0.4325706594885599
1343,0.2366,73,110,73,582532,23078,90352,17604,0.21377227759457557,0.43272208839290105
1344,0.2367,68,109,68,582641,22969,90420,17536,0.21276260698803215,0.432934205653623
1345,0.2368,72,122,72,582763,22847,90492,17464,0.21163251695135055,0.433231624122448
1346,0.2369,64,118,64,582881,22729,90556,17400,0.21053947904701917,0.43360163472800217
1347,0.237,64,118,64,582999,22611,90620,17336,0.20944644114268776,0.43397501689738904
1348,0.2371,60,115,60,583114,22496,90680,17276,0.20838119233761904,0.43437594287438397
1349,0.2372,65,106,65,583220,22390,90745,17211,0.20739931083033827,0.43461023711522434
1350,0.2373,68,116,68,583336,22274,90813,17143,0.206324798992182,0.43491386965015094
1351,0.2374,62,111,62,583447,22163,90875,17081,0.20529660231946348,0.4352512485985119
1352,0.2375,63,117,63,583564,22046,90938,17018,0.20421282744821964,0.4356440712676633
1353,0.2376,72,86,72,583650,21960,91010,16946,0.20341620660269,0.43556263815349816
1354,0.2377,59,135,59,583785,21825,91069,16887,0.20216569713587018,0.43622132672039676
1355,0.2378,83,120,83,583905,21705,91152,16804,0.20105413316536366,0.4363655249422213
1356,0.2379,68,124,68,584029,21581,91220,16736,0.19990551706250695,0.4367774095049195
1357,0.238,70,111,70,584140,21470,91290,16666,0.19887732038978842,0.4370148940633522
1358,0.2381,68,113,68,584253,21357,91358,16598,0.1978305976508948,0.437307337636675
1359,0.2382,72,97,72,584350,21260,91430,16526,0.19693208344140206,0.43735775154819245
1360,0.2383,60,120,60,584470,21140,91490,16466,0.19582051947089554,0.43785566133063875
1361,0.2384,65,133,65,584603,21007,91555,16401,0.19458853607025084,0.43843562874251496
1362,0.2385,72,94,72,584697,20913,91627,16329,0.19371781096002075,0.4384565812792009
1363,0.2386,87,102,87,584799,20811,91714,16242,0.1927729815850902,0.43834507327341915
1364,0.2387,61,94,61,584893,20717,91775,16181,0.19190225647486012,0.4385332538348962
1365,0.2388,81,133,81,585026,20584,91856,16100,0.1906702730742154,0.4388834369207284
1366,0.2389,55,112,55,585138,20472,91911,16045,0.18963281336840934,0.4393843963085686
1367,0.239,69,128,69,585266,20344,91980,15976,0.1884471451332024,0.43986784140969165
1368,0.2391,73,107,73,585373,20237,92053,15903,0.18745600059283413,0.4400387382401771
1369,0.2392,74,109,74,585482,20128,92127,15829,0.1864463299862907,0.4402202630920266
1370,0.2393,77,125,77,585607,20003,92204,15752,0.18528845085034643,0.4405537687036778
1371,0.2394,71,104,71,585711,19899,92275,15681,0.1843250954092408,0.44072512647554807
1372,0.2395,58,117,58,585828,19782,92333,15623,0.18324132053799697,0.44126535800028244
1373,0.2396,75,88,75,585916,19694,92408,15548,0.18242617362629218,0.4411781397196527
1374,0.2397,84,87,84,586003,19607,92492,15464,0.18162028974767497,0.44093410510108066
1375,0.2398,70,123,70,586126,19484,92562,15394,0.18048093667790582,0.4413670508630082
1376,0.2399,70,118,70,586244,19366,92632,15324,0.17938789877357442,0.44174113577399826
1377,0.24,70,109,70,586353,19257,92702,15254,0.178378228167031,0.4420039987250442
1378,0.2401,84,113,84,586466,19144,92786,15170,0.1773315054281374,0.442093606108294
1379,0.2402,79,98,79,586564,19046,92865,15091,0.17642372818555707,0.4420716524592085
1380,0.2403,61,131,61,586695,18915,92926,15030,0.17521027085108748,0.4427750773309766
1381,0.2404,81,87,81,586782,18828,93007,14949,0.17440438697247027,0.44257926991739943
1382,0.2405,59,105,59,586887,18723,93066,14890,0.17343176849827707,0.4429833695296463
1383,0.2406,90,103,90,586990,18620,93156,14800,0.172477676090259,0.4428485936564931
1384,0.2407,68,101,68,587091,18519,93224,14732,0.17154210974841602,0.4430543442302487
1385,0.2408,64,127,64,587218,18392,93288,14668,0.17036570454629663,0.4436781609195402
1386,0.2409,51,92,51,587310,18300,93339,14617,0.16951350550224165,0.44405626272139015
1387,0.241,67,113,67,587423,18187,93406,14550,0.16846678276334803,0.4444512325503253
1388,0.2411,62,111,62,587534,18076,93468,14488,0.1674385860906295,0.44490848790074927
1389,0.2412,67,98,67,587632,17978,93535,14421,0.16653080884804922,0.4451063304422976
1390,0.2413,65,127,65,587759,17851,93600,14356,0.16535440364592982,0.4457416089669948
1391,0.2414,72,92,72,587851,17759,93672,14284,0.16450220460187484,0.4457759885154324
1392,0.2415,52,101,52,587952,17658,93724,14232,0.16356663826003187,0.4462841015992474
1393,0.2416,67,105,67,588057,17553,93791,14165,0.16259401978583868,0.4465918405952456
1394,0.2417,74,116,74,588173,17437,93865,14091,0.16151950794768238,0.4469360568383659
1395,0.2418,55,111,55,588284,17326,93920,14036,0.16049131127496388,0.4475479880109687
1396,0.2419,85,101,85,588385,17225,94005,13951,0.1595557449331209,0.4474916602514755
1397,0.242,57,126,57,588511,17099,94062,13894,0.1583886027640891,0.4482947762397961
1398,0.2421,62,93,62,588604,17006,94124,13832,0.15752714068694654,0.4485375186458266
1399,0.2422,68,100,68,588704,16906,94192,13764,0.1566008373781911,0.4487773068144767
1400,0.2423,76,93,76,588797,16813,94268,13688,0.1557393753010486,0.44877217140421627
1401,0.2424,71,105,71,588902,16708,94339,13617,0.1547667568268554,0.44903544929925804
1402,0.2425,79,93,79,588995,16615,94418,13538,0.15390529474971285,0.44897688455543394
1403,0.2426,73,88,73,589083,16527,94491,13465,0.1530901478380081,0.44895305414777276
1404,0.2427,80,111,80,589194,16416,94571,13385,0.15206195116528956,0.44914600181201975
1405,0.2428,69,109,69,589303,16307,94640,13316,0.15105228055874614,0.44951557911082607
1406,0.2429,68,122,68,589425,16185,94708,13248,0.14992219052206454,0.45010702272958925
1407,0.243,61,81,61,589506,16104,94769,13187,0.14917188484197266,0.45020654808644295
1408,0.2431,71,105,71,589611,15999,94840,13116,0.14819926636777947,0.450489438433797
1409,0.2432,78,102,78,589713,15897,94918,13038,0.14725443699284893,0.4505961638154484
1410,0.2433,77,82,77,589795,15815,94995,12961,0.14649486827966948,0.45041006394217403
1411,0.2434,74,100,74,589895,15715,95069,12887,0.14556856497091408,0.45056289769946156
1412,0.2435,52,90,52,589985,15625,95121,12835,0.1447348919930342,0.4509838369641602
1413,0.2436,54,107,54,590092,15518,95175,12781,0.1437437474526659,0.45164140075621045
1414,0.2437,85,91,85,590183,15427,95260,12696,0.14290081144169847,0.45144543611990184
1415,0.2438,53,81,53,590264,15346,95313,12643,0.1421505057616066,0.45171317303226266
1416,0.2439,55,87,55,590351,15259,95368,12588,0.14134462188298938,0.4520415125507236
1417,0.244,71,111,71,590462,15148,95439,12517,0.14031642521027085,0.452448942707392
1418,0.2441,63,74,63,590536,15074,95502,12454,0.13963096076179185,0.4524120895088637
1419,0.2442,57,81,57,590617,14993,95559,12397,0.13888065508169994,0.4526104417670683
1420,0.2443,64,100,64,590717,14893,95623,12333,0.13795435177294454,0.452986116212444
1421,0.2444,75,87,75,590804,14806,95698,12258,0.13714846789432733,0.452926396689329
1422,0.2445,78,92,78,590896,14714,95776,12180,0.13629626885027232,0.4528891202498699
1423,0.2446,75,79,75,590975,14635,95851,12105,0.13556448923635556,0.4526925953627524
1424,0.2447,69,88,69,591063,14547,95920,12036,0.13474934232465077,0.45277056765602075
1425,0.2448,61,99,61,591162,14448,95981,11975,0.13383230204898292,0.45320364833667637
1426,0.2449,59,101,59,591263,14347,96040,11916,0.13289673570713995,0.4537181586262042
1427,0.245,67,108,67,591371,14239,96107,11849,0.1318963281336841,0.45419349892670957
1428,0.2451,60,108,60,591479,14131,96167,11789,0.13089592056022825,0.45482253086419755
1429,0.2452,72,94,72,591573,14037,96239,11717,0.13002519544999816,0.454958453055836
1430,0.2453,82,74,82,591647,13963,96321,11635,0.12933973100151913,0.45452769747636534
1431,0.2454,69,101,69,591748,13862,96390,11566,0.12840416465967616,0.4548529180431021
1432,0.2455,59,87,59,591835,13775,96449,11507,0.12759828078105895,0.455145953642908
1433,0.2456,65,86,65,591921,13689,96514,11442,0.12680165993552928,0.45529425808762086
1434,0.2457,62,93,62,592014,13596,96576,11380,0.12594019785838675,0.45563741191543883
1435,0.2458,63,91,63,592105,13505,96639,11317,0.12509726184741932,0.4559261945048747
1436,0.2459,58,98,58,592203,13407,96697,11259,0.12418948460483901,0.456458282656288
1437,0.246,62,76,62,592279,13331,96759,11197,0.12348549409018489,0.45649869536855836
1438,0.2461,60,83,60,592362,13248,96819,11137,0.1227166623439179,0.4567151937666598
1439,0.2462,61,101,61,592463,13147,96880,11076,0.12178109600207492,0.4572513726623457
1440,0.2463,53,95,53,592558,13052,96933,11023,0.12090110785875727,0.4578608515057113
1441,0.2464,64,83,64,592641,12969,96997,10959,0.12013227611249028,0.4579989969909729
1442,0.2465,56,96,56,592737,12873,97053,10903,0.11924302493608507,0.45857166890982504
1443,0.2466,64,97,64,592834,12776,97117,10839,0.11834451072659231,0.4589879313995342
1444,0.2467,60,83,60,592917,12693,97177,10779,0.11757567898032532,0.4592280163599182
1445,0.2468,69,79,69,592996,12614,97246,10710,0.11684389936640854,0.45918367346938777
1446,0.2469,46,100,46,593096,12514,97292,10664,0.11591759605765312,0.46009146604538786
1447,0.247,52,89,52,593185,12425,97344,10612,0.11509318611286079,0.460650258280158
1448,0.2471,67,97,67,593282,12328,97411,10545,0.11419467190336804,0.46102391465920517
1449,0.2472,67,78,67,593360,12250,97478,10478,0.1134721553225388,0.46101724744808165
1450,0.2473,51,87,51,593447,12163,97529,10427,0.11266627144392159,0.4615759185480301
1451,0.2474,65,87,65,593534,12076,97594,10362,0.11186038756530438,0.461805865050361
1452,0.2475,56,95,56,593629,11981,97650,10306,0.11098039942198673,0.4624220397541168
1453,0.2476,64,91,64,593720,11890,97714,10242,0.1101374634110193,0.4627688414964757
1454,0.2477,67,92,67,593812,11798,97781,10175,0.10928526436696431,0.4630683111090884
1455,0.2478,62,86,62,593898,11712,97843,10113,0.10848864352143466,0.4633676975945017
1456,0.2479,61,80,61,593978,11632,97904,10052,0.10774760087443032,0.46356760745249953
1457,0.248,50,78,50,594056,11554,97954,10002,0.1070250842936011,0.4640007422527371
1458,0.2481,63,71,63,594127,11483,98017,9939,0.10636740894438475,0.46396228176640836
1459,0.2482,64,74,64,594201,11409,98081,9875,0.10568194449590573,0.4639635406878406
1460,0.2483,68,75,68,594276,11334,98149,9807,0.10498721701433918,0.46388534127997727
1461,0.2484,45,77,45,594353,11257,98194,9762,0.10427396346659751,0.4644369380084685
1462,0.2485,68,91,68,594444,11166,98262,9694,0.10343102745563007,0.4647171620325983
1463,0.2486,53,87,53,594531,11079,98315,9641,0.10262514357701286,0.4652992277992278
1464,0.2487,55,74,55,594605,11005,98370,9586,0.10193967912853384,0.4655431984847749
1465,0.2488,61,69,61,594674,10936,98431,9525,0.1013005298454926,0.46551976931723765
1466,0.2489,65,74,65,594748,10862,98496,9460,0.10061506539701359,0.4655053636453105
1467,0.249,69,78,69,594826,10784,98565,9391,0.09989254881618437,0.46547707558859974
1468,0.2491,46,63,46,594889,10721,98611,9345,0.09930897773166845,0.46571314661616664
1469,0.2492,36,86,36,594975,10635,98647,9309,0.0985123568861388,0.4667569193742479
1470,0.2493,70,70,70,595045,10565,98717,9239,0.09786394457001,0.466521914764694
1471,0.2494,57,93,57,595138,10472,98774,9182,0.09700248249286747,0.46718225297649335
1472,0.2495,51,61,51,595199,10411,98825,9131,0.09643743747452665,0.4672500255859175
1473,0.2496,65,68,65,595267,10343,98890,9066,0.09580755122457298,0.4671028904116647
1474,0.2497,71,80,71,595347,10263,98961,8995,0.09506650857756864,0.46707861667878287
1475,0.2498,58,83,58,595430,10180,99019,8937,0.09429767683130164,0.4674896688811006
1476,0.2499,61,85,61,595515,10095,99080,8876,0.09351031901885953,0.46787201518106586
1477,0.25,43,58,43,595573,10037,99123,8833,0.09297306309978139,0.46809750927397986
1478,0.2501,53,82,53,595655,9955,99176,8780,0.09221349438660195,0.4686415799306112
1479,0.2502,59,67,59,595722,9888,99235,8721,0.09159287116973581,0.4686442044172175
1480,0.2503,56,66,56,595788,9822,99291,8665,0.09098151098595725,0.46870774057445774
1481,0.2504,38,67,38,595855,9755,99329,8627,0.09036088776909111,0.46931781090196933
1482,0.2505,52,73,52,595928,9682,99381,8575,0.08968468635369965,0.46968286136824233
1483,0.2506,46,68,46,595996,9614,99427,8529,0.08905480010374597,0.4700986606404674
1484,0.2507,46,67,46,596063,9547,99473,8483,0.08843417688687984,0.47049362174154186
1485,0.2508,48,71,48,596134,9476,99521,8435,0.08777650153766349,0.4709396460275808
1486,0.2509,47,46,47,596180,9430,99568,8388,0.087350402015636,0.4707599057133236
1487,0.251,54,74,54,596254,9356,99622,8334,0.08666493756715699,0.4711136235161108
1488,0.2511,33,72,33,596326,9284,99655,8301,0.08599799918485308,0.4720500426499858
1489,0.2512,52,58,52,596384,9226,99707,8249,0.08546074326577495,0.4720457796852647
1490,0.2513,43,72,43,596456,9154,99750,8206,0.08479380488347105,0.4726958525345622
1491,0.2514,46,76,46,596532,9078,99796,8160,0.08408981436881692,0.47337278106508873
1492,0.2515,38,61,38,596593,9017,99834,8122,0.08352476935047612,0.4738899585740125
1493,0.2516,41,58,41,596651,8959,99875,8081,0.08298751343139797,0.47423708920187796
1494,0.2517,36,73,36,596724,8886,99911,8045,0.08231131201600653,0.47516390053747565
1495,0.2518,46,62,46,596786,8824,99957,7999,0.08173700396457816,0.4754799976223028
1496,0.2519,45,50,45,596836,8774,100002,7954,0.08127385231020046,0.47549019607843135
1497,0.252,56,65,56,596901,8709,100058,7898,0.08067175515950943,0.4755825856566508
1498,0.2521,47,67,47,596968,8642,100105,7851,0.0800511319426433,0.476020129752016
1499,0.2522,32,66,32,597034,8576,100137,7819,0.07943977175886473,0.47691369319914606
1500,0.2523,44,64,44,597098,8512,100181,7775,0.07884693764126126,0.4773745932338675
1501,0.2524,42,56,42,597154,8456,100223,7733,0.07832820778835822,0.477670022855025
1502,0.2525,40,59,40,597213,8397,100263,7693,0.07778168883619252,0.4781230577998757
1503,0.2526,48,63,48,597276,8334,100311,7645,0.0771981177516766,0.4784404530946868
1504,0.2527,39,49,39,597325,8285,100350,7606,0.07674422913038645,0.4786357057453905
1505,0.2528,36,66,36,597391,8219,100386,7570,0.07613286894660788,0.4794477167648363
1506,0.2529,43,37,43,597428,8182,100429,7527,0.07579013672236837,0.4791520784263798
1507,0.253,43,53,43,597481,8129,100472,7484,0.075299195968728,0.4793441362966758
1508,0.2531,34,56,34,597537,8073,100506,7450,0.07478046611582496,0.479933002641242
1509,0.2532,34,66,34,597603,8007,100540,7416,0.07416910593204638,0.48084030344290996
1510,0.2533,35,68,35,597671,7939,100575,7381,0.0735392196820927,0.4817885117493473
1511,0.2534,37,54,37,597725,7885,100612,7344,0.07303901589536478,0.48223783570818834
1512,0.2535,44,45,44,597770,7840,100656,7300,0.07262217940642483,0.4821664464993395
1513,0.2536,34,53,34,597823,7787,100690,7266,0.07213123865278447,0.48269447950574634
1514,0.2537,28,60,28,597883,7727,100718,7238,0.07157545666753122,0.48366187771466757
1515,0.2538,38,55,38,597938,7672,100756,7200,0.07106598984771574,0.4841312533620226
1516,0.2539,30,40,30,597978,7632,100786,7170,0.07069546852421357,0.4843940008107013
1517,0.254,29,42,29,598020,7590,100815,7141,0.07030642113453629,0.48476002986898376
1518,0.2541,44,54,44,598074,7536,100859,7097,0.06980621734780837,0.4849996583065673
1519,0.2542,33,40,33,598114,7496,100892,7064,0.0694356960243062,0.48516483516483516
1520,0.2543,46,62,46,598176,7434,100938,7018,0.06886138797287784,0.48560752836977583
1521,0.2544,38,60,38,598236,7374,100976,6980,0.06830560598762458,0.4862756026194789
1522,0.2545,54,56,54,598292,7318,101030,6926,0.06778687613472155,0.48623982027520357
1523,0.2546,34,62,34,598354,7256,101064,6892,0.06721256808329319,0.48713599095278487
1524,0.2547,27,46,27,598400,7210,101091,6865,0.0667864685612657,0.48774422735346357
1525,0.2548,26,43,26,598443,7167,101117,6839,0.06638815813850087,0.48829073254319577
1526,0.2549,40,54,40,598497,7113,101157,6799,0.06588795435177294,0.48871477860839563
1527,0.255,33,65,33,598562,7048,101190,6766,0.06528585720108192,0.48979296366005504
1528,0.2551,28,60,28,598622,6988,101218,6738,0.06473007521582867,0.4908931953955996
1529,0.2552,39,45,39,598667,6943,101257,6699,0.06431323872688874,0.4910570297610321
1530,0.2553,25,51,25,598718,6892,101282,6674,0.06384082403942347,0.49196520713548575
1531,0.2554,34,59,34,598777,6833,101316,6640,0.06329430508725777,0.4928375269056632
1532,0.2555,39,48,39,598825,6785,101355,6601,0.06284967949905516,0.49312714776632305
1533,0.2556,37,56,37,598881,6729,101392,6564,0.062330949646152135,0.4937937260212142
1534,0.2557,24,47,24,598928,6682,101416,6540,0.06189558709103709,0.4946301618514597
1535,0.2558,19,38,19,598966,6644,101435,6521,0.06154359183371003,0.4953285225977972
1536,0.2559,36,50,36,599016,6594,101471,6485,0.06108044017933232,0.49583301475647984
1537,0.256,34,46,34,599062,6548,101505,6451,0.06065434065730483,0.496268943764905
1538,0.2561,39,45,39,599107,6503,101544,6412,0.06023750416836489,0.4964769647696477
1539,0.2562,31,52,31,599159,6451,101575,6381,0.05975582644781207,0.4972724438902743
1540,0.2563,37,48,37,599207,6403,101612,6344,0.05931120085960947,0.49768572997568056
1541,0.2564,35,48,35,599255,6355,101647,6309,0.05886657527140687,0.49818382817435247
1542,0.2565,41,52,41,599307,6303,101688,6268,0.058384897550854055,0.4986079070877416
1543,0.2566,37,42,37,599349,6261,101725,6231,0.057995850161176775,0.49879923150816524
1544,0.2567,47,46,47,599395,6215,101772,6184,0.057569750639149285,0.4987498991854182
1545,0.2568,36,45,36,599440,6170,101808,6148,0.057152914150209344,0.4991069978892677
1546,0.2569,38,51,38,599491,6119,101846,6110,0.05668049946274408,0.49963202224221115
1547,0.257,34,48,34,599539,6071,101880,6076,0.05623587387454148,0.5002058121346835
1548,0.2571,29,41,29,599580,6030,101909,6047,0.055856089517951756,0.500703817173139
1549,0.2572,30,65,30,599645,5965,101939,6017,0.05525399236726074,0.5021699215489902
1550,0.2573,32,49,32,599694,5916,101971,5985,0.05480010374597058,0.5028989160574742
1551,0.2574,34,42,34,599736,5874,102005,5951,0.05441105635629331,0.5032558139534884
1552,0.2575,37,37,37,599773,5837,102042,5914,0.0540683241320538,0.5032763169091992
1553,0.2576,39,43,39,599816,5794,102081,5875,0.05367001370928897,0.5034707344245437
1554,0.2577,26,44,26,599860,5750,102107,5849,0.053262440253436585,0.5042676092766618
1555,0.2578,28,50,28,599910,5700,102135,5821,0.05279928859905888,0.5052512802708098
1556,0.2579,36,54,36,599964,5646,102171,5785,0.05229908481233095,0.5060799580089231
1557,0.258,34,62,34,600026,5584,102205,5751,0.05172477676090259,0.5073665637406264
1558,0.2581,31,42,31,600068,5542,102236,5720,0.05133572937122531,0.5079026815840881
1559,0.2582,35,46,35,600114,5496,102271,5685,0.05090962984919782,0.5084518379393614
1560,0.2583,37,48,37,600162,5448,102308,5648,0.05046500426099522,0.5090122566690699
1561,0.2584,25,38,25,600200,5410,102333,5623,0.05011300900366816,0.5096528596030091
1562,0.2585,33,40,33,600240,5370,102366,5590,0.049742487680165995,0.510036496350365
1563,0.2586,34,41,34,600281,5329,102400,5556,0.04936270332357627,0.5104271933853928
1564,0.2587,32,64,32,600345,5265,102432,5524,0.0487698692059728,0.5120029659838725
1565,0.2588,38,47,38,600392,5218,102470,5486,0.048334506650857756,0.5125186846038864
1566,0.2589,38,35,38,600427,5183,102508,5448,0.04801030049279336,0.5124635499952968
1567,0.259,21,38,21,600465,5145,102529,5427,0.047658305235466304,0.5133371169125993
1568,0.2591,26,36,26,600501,5109,102555,5401,0.04732483604431435,0.5138915318744053
1569,0.2592,27,33,27,600534,5076,102582,5374,0.04701915595242506,0.5142583732057416
1570,0.2593,38,53,38,600587,5023,102620,5336,0.04652821519878469,0.5151076358721884
1571,0.2594,37,37,37,600624,4986,102657,5299,0.04618548297454519,0.5152163344676713
1572,0.2595,30,48,30,600672,4938,102687,5269,0.045740857386342586,0.5162143626922701
1573,0.2596,29,39,29,600711,4899,102716,5240,0.045379599095927974,0.5168162540684486
1574,0.2597,30,34,30,600745,4865,102746,5210,0.04506465597095113,0.5171215880893301
1575,0.2598,30,33,30,600778,4832,102776,5180,0.04475897587906184,0.5173791450259688
1576,0.2599,23,34,23,600812,4798,102799,5157,0.044444032754085,0.5180311401305876
1577,0.26,30,44,30,600856,4754,102829,5127,0.04403645929823261,0.5188746078332153
1578,0.2601,37,28,37,600884,4726,102866,5090,0.043777094371781095,0.5185411572942136
1579,0.2602,31,52,31,600936,4674,102897,5059,0.043295416651228276,0.5197780745915956
1580,0.2603,22,38,22,600974,4636,102919,5037,0.04294342139390122,0.5207277990282229
1581,0.2604,21,38,21,601012,4598,102940,5016,0.042591426136574156,0.5217391304347826
1582,0.2605,31,37,31,601049,4561,102971,4985,0.042248693912334656,0.5222082547663943
1583,0.2606,23,33,23,601082,4528,102994,4962,0.041943013820445366,0.5228661749209694
1584,0.2607,32,35,32,601117,4493,103026,4930,0.04161880766238097,0.5231879443913828
1585,0.2608,31,33,31,601150,4460,103057,4899,0.04131312757049168,0.5234533604017523
1586,0.2609,19,30,19,601180,4430,103076,4880,0.04103523657786506,0.5241675617615468
1587,0.261,29,32,29,601212,4398,103105,4851,0.04073881951906332,0.5244891339604282
1588,0.2611,28,20,28,601232,4378,103133,4823,0.04055355885731224,0.5241821541136833
1589,0.2612,20,31,20,601263,4347,103153,4803,0.04026640483159806,0.5249180327868852
1590,0.2613,30,35,30,601298,4312,103183,4773,0.039942198673533665,0.5253714914694552
1591,0.2614,14,25,14,601323,4287,103197,4759,0.03971062284634481,0.5260888790625691
1592,0.2615,28,22,28,601345,4265,103225,4731,0.03950683611841861,0.5259004001778568
1593,0.2616,20,32,20,601377,4233,103245,4711,0.039210419059616884,0.526721824686941
1594,0.2617,26,27,26,601404,4206,103271,4685,0.038960317166252915,0.52693735237881
1595,0.2618,20,29,20,601433,4177,103291,4665,0.03869168920671385,0.5275955666138883
1596,0.2619,20,21,20,601454,4156,103311,4645,0.03849716551187521,0.5277809339847744
1597,0.262,26,24,26,601478,4132,103337,4619,0.03827485271777391,0.5278253913838419
1598,0.2621,11,28,11,601506,4104,103348,4608,0.03801548779132239,0.5289256198347108
1599,0.2622,22,34,22,601540,4070,103370,4586,0.03770054466634555,0.5298059149722736
1600,0.2623,18,34,18,601574,4036,103388,4568,0.037385601541368704,0.5309158530915853
1601,0.2624,17,33,17,601607,4003,103405,4551,0.03707992144947942,0.5320317979892448
1602,0.2625,18,28,18,601635,3975,103423,4533,0.0368205565230279,0.5327926657263752
1603,0.2626,17,24,17,601659,3951,103440,4516,0.0365982437289266,0.5333648281563718
1604,0.2627,12,23,12,601682,3928,103452,4504,0.03638519396791285,0.5341555977229602
1605,0.2628,17,27,17,601709,3901,103469,4487,0.03613509207454889,0.5349308536003815
1606,0.2629,19,21,19,601730,3880,103488,4468,0.035940568379710255,0.5352180162913273
1607,0.263,24,28,24,601758,3852,103512,4444,0.03568120345325874,0.5356798457087754
1608,0.2631,10,24,10,601782,3828,103522,4434,0.03545889065915744,0.5366739288307916
1609,0.2632,21,19,21,601801,3809,103543,4413,0.0352828930304939,0.5367307224519582
1610,0.2633,11,26,11,601827,3783,103554,4402,0.035042054170217496,0.5378130726939524
1611,0.2634,13,25,13,601852,3758,103567,4389,0.03481047834302864,0.5387259113784215
1612,0.2635,13,27,13,601879,3731,103580,4376,0.03456037644966468,0.5397804366596768
1613,0.2636,17,19,17,601898,3712,103597,4359,0.03438437882100115,0.5400817742535002
1614,0.2637,20,24,20,601922,3688,103617,4339,0.03416206602689985,0.5405506415846518
1615,0.2638,18,26,18,601948,3662,103635,4321,0.03392122716662344,0.5412752098208693
1616,0.2639,7,21,7,601969,3641,103642,4314,0.0337267034717848,0.5423004399748586
1617,0.264,12,17,12,601986,3624,103654,4302,0.03356923190929638,0.5427706283118849
1618,0.2641,15,19,15,602005,3605,103669,4287,0.03339323428063285,0.5432083122149012
1619,0.2642,12,19,12,602024,3586,103681,4275,0.03321723665196932,0.5438239409744308
1620,0.2643,17,18,17,602042,3568,103698,4258,0.033050502056393344,0.5440838231535906
1621,0.2644,9,16,9,602058,3552,103707,4249,0.03290229352699248,0.5446737597743879
1622,0.2645,14,17,14,602075,3535,103721,4235,0.03274482196450406,0.545045045045045
1623,0.2646,23,21,23,602096,3514,103744,4212,0.03255029826966542,0.5451721460005178
1624,0.2647,17,20,17,602116,3494,103761,4195,0.032365037607914336,0.5455846013785928
1625,0.2648,11,19,11,602135,3475,103772,4184,0.03218903997925081,0.5462854158506333
1626,0.2649,10,14,10,602149,3461,103782,4174,0.032059357516025046,0.5466928618205632
1627,0.265,8,23,8,602172,3438,103790,4166,0.0318463077550113,0.5478695423461336
1628,0.2651,15,22,15,602194,3416,103805,4151,0.03164252102708511,0.5485661424606846
1629,0.2652,14,15,14,602209,3401,103819,4137,0.031503575530771794,0.548819315468294
1630,0.2653,8,21,8,602230,3380,103827,4129,0.03130905183593316,0.549873485151152
1631,0.2654,16,17,16,602247,3363,103843,4113,0.031151580273444737,0.5501605136436597
1632,0.2655,11,21,11,602268,3342,103854,4102,0.030957056578606097,0.5510478237506716
1633,0.2656,15,16,15,602284,3326,103869,4087,0.030808848049205233,0.551328746796169
1634,0.2657,14,21,14,602305,3305,103883,4073,0.030614324354366593,0.5520466251016536
1635,0.2658,14,23,14,602328,3282,103897,4059,0.03040127459335285,0.5529219452390682
1636,0.2659,20,23,20,602351,3259,103917,4039,0.0301882248323391,0.5534392984379282
1637,0.266,7,18,7,602369,3241,103924,4032,0.030021490236763124,0.5543792107795957
1638,0.2661,10,19,10,602388,3222,103934,4022,0.029845492608099596,0.5552181115405853
1639,0.2662,22,15,22,602403,3207,103956,4000,0.029706547111786285,0.5550159567087554
1640,0.2663,11,29,11,602432,3178,103967,3989,0.02943791915224721,0.556578763778429
1641,0.2664,14,23,14,602455,3155,103981,3975,0.029224869391233466,0.5575035063113605
1642,0.2665,9,22,9,602477,3133,103990,3966,0.029021082663307274,0.5586702352444006
1643,0.2666,10,22,10,602499,3111,104000,3956,0.02881729593538108,0.5597849158058582
1644,0.2667,12,11,12,602510,3100,104012,3944,0.028715402571417987,0.5599091425326519
1645,0.2668,15,15,15,602525,3085,104027,3929,0.028576457075104672,0.560165383518677
1646,0.2669,13,22,13,602547,3063,104040,3916,0.02837267034717848,0.5611119071500215
1647,0.267,15,20,15,602567,3043,104055,3901,0.028187409685427395,0.5617799539170507
1648,0.2671,15,24,15,602591,3019,104070,3886,0.027965096891326095,0.5627805937726286
1649,0.2672,14,20,14,602611,2999,104084,3872,0.02777983622957501,0.5635278707611702
1650,0.2673,11,25,11,602636,2974,104095,3861,0.027548260402386157,0.5648866130212143
1651,0.2674,13,15,13,602651,2959,104108,3848,0.027409314906072846,0.5653004260320259
1652,0.2675,11,18,11,602669,2941,104119,3837,0.02724258031049687,0.566096193567424
1653,0.2676,9,14,9,602683,2927,104128,3828,0.02711289784727111,0.5666913397483345
1654,0.2677,8,18,8,602701,2909,104136,3820,0.026946163251695136,0.5676920790607817
1655,0.2678,10,14,10,602715,2895,104146,3810,0.026816480788469377,0.5682326621923938
1656,0.2679,17,15,17,602730,2880,104163,3793,0.026677535292156062,0.5684100104900345
1657,0.268,9,13,9,602743,2867,104172,3784,0.02655711586201786,0.5689370019545933
1658,0.2681,7,14,7,602757,2853,104179,3777,0.0264274333987921,0.569683257918552
1659,0.2682,10,22,10,602779,2831,104189,3767,0.026223646670865908,0.5709305850257654
1660,0.2683,15,21,15,602800,2810,104204,3752,0.02602912297602727,0.5717768972874123
1661,0.2684,14,30,14,602830,2780,104218,3738,0.025751231983400645,0.5734888002454741
1662,0.2685,11,17,11,602847,2763,104229,3727,0.025593760420912222,0.5742681047765793
1663,0.2686,17,31,17,602878,2732,104246,3710,0.025306606395198043,0.5759081030735796
1664,0.2687,10,19,10,602897,2713,104256,3700,0.025130608766534515,0.5769530640885701
1665,0.2688,11,20,11,602917,2693,104267,3689,0.02494534810478343,0.5780319649012848
1666,0.2689,8,21,8,602938,2672,104275,3681,0.02475082440994479,0.579411301747206
1667,0.269,12,17,12,602955,2655,104287,3669,0.02459335284745637,0.5801707779886148
1668,0.2691,7,22,7,602977,2633,104294,3662,0.02438956611953018,0.5817315329626688
1669,0.2692,18,22,18,602999,2611,104312,3644,0.024185779391603986,0.5825739408473222
1670,0.2693,12,28,12,603027,2583,104324,3632,0.02392641446515247,0.5843925985518906
1671,0.2694,10,17,10,603044,2566,104334,3622,0.02376894290266405,0.5853264382676148
1672,0.2695,12,14,12,603058,2552,104346,3610,0.02363926043943829,0.5858487504057124
1673,0.2696,16,17,16,603075,2535,104362,3594,0.023481788876949867,0.5863925599608419
1674,0.2697,12,22,12,603097,2513,104374,3582,0.023278002149023678,0.5876948318293683
1675,0.2698,11,24,11,603121,2489,104385,3571,0.023055689354922377,0.5892739273927393
1676,0.2699,12,14,12,603135,2475,104397,3559,0.022926006891696618,0.5898243288034472
1677,0.27,12,27,12,603162,2448,104409,3547,0.022675904998332653,0.5916597164303586
1678,0.2701,13,18,13,603180,2430,104422,3534,0.022509170402756677,0.5925553319919518
1679,0.2702,7,17,7,603197,2413,104429,3527,0.022351698840268257,0.5937710437710437
1680,0.2703,16,11,16,603208,2402,104445,3511,0.022249805476305163,0.5937764248266532
1681,0.2704,7,16,7,603224,2386,104452,3504,0.022101596946904296,0.5949066213921902
1682,0.2705,15,21,15,603245,2365,104467,3489,0.021907073252065656,0.5960027331738982
1683,0.2706,8,13,8,603258,2352,104475,3481,0.021786653821927453,0.5967769586833533
1684,0.2707,14,16,14,603274,2336,104489,3467,0.021638445292526585,0.5974495950370498
1685,0.2708,11,18,11,603292,2318,104500,3456,0.02147171069695061,0.5985452026324904
1686,0.2709,11,20,11,603312,2298,104511,3445,0.021286450035199526,0.5998606999825875
1687,0.271,12,19,12,603331,2279,104523,3433,0.021110452406535998,0.601015406162465
1688,0.2711,14,8,14,603339,2271,104537,3419,0.021036348141835564,0.6008787346221441
1689,0.2712,9,16,9,603355,2255,104546,3410,0.020888139612434697,0.6019417475728155
1690,0.2713,10,16,10,603371,2239,104556,3400,0.02073993108303383,0.6029437843589289
1691,0.2714,13,11,13,603382,2228,104569,3387,0.02063803771907073,0.6032056990204808
1692,0.2715,11,15,11,603397,2213,104580,3376,0.02049909222275742,0.6040436571837539
1693,0.2716,11,16,11,603413,2197,104591,3365,0.020350883693356553,0.6049982020855807
1694,0.2717,11,20,11,603433,2177,104602,3354,0.02016562303160547,0.6064002892786114
1695,0.2718,8,6,8,603439,2171,104610,3346,0.020110044833080144,0.6064890338952329
1696,0.2719,11,12,11,603451,2159,104621,3335,0.019998888436029493,0.6070258463778667
1697,0.272,9,12,9,603463,2147,104630,3326,0.019887732038978843,0.6077105792070162
1698,0.2721,15,20,15,603483,2127,104645,3311,0.01970247137722776,0.6088635527767562
1699,0.2722,19,24,19,603507,2103,104664,3292,0.019480158583126458,0.610194624652456
1700,0.2723,10,6,10,603513,2097,104674,3282,0.019424580384601133,0.6101505856107083
1701,0.2724,11,15,11,603528,2082,104685,3271,0.01928563488828782,0.6110592191294602
1702,0.2725,8,13,8,603541,2069,104693,3263,0.019165215458149615,0.6119654913728432
1703,0.2726,17,17,17,603558,2052,104710,3246,0.019007743895661195,0.6126840317100792
1704,0.2727,5,14,5,603572,2038,104715,3241,0.018878061432435436,0.6139420344762265
1705,0.2728,8,15,8,603587,2023,104723,3233,0.018739115936122125,0.6151065449010654
1706,0.2729,6,11,6,603598,2012,104729,3227,0.018637222572159027,0.615957243748807
1707,0.273,11,13,11,603611,1999,104740,3216,0.018516803142020824,0.6166826462128475
1708,0.2731,11,14,11,603625,1985,104751,3205,0.018387120678795065,0.617533718689788
1709,0.2732,14,12,14,603637,1973,104765,3191,0.018275964281744415,0.6179318357862122
1710,0.2733,12,17,12,603654,1956,104777,3179,0.01811849271925599,0.6190847127555988
1711,0.2734,6,8,6,603662,1948,104783,3173,0.01804438845455556,0.6196055457918376
1712,0.2735,11,12,11,603674,1936,104794,3162,0.01793323205750491,0.620243232640251
1713,0.2736,10,13,10,603687,1923,104804,3152,0.017812812627366705,0.6210837438423645
1714,0.2737,9,11,9,603698,1912,104813,3143,0.01771091926340361,0.6217606330365975
1715,0.2738,8,9,8,603707,1903,104821,3135,0.01762755196561562,0.6222707423580786
1716,0.2739,9,9,9,603716,1894,104830,3126,0.017544184667827634,0.6227091633466135
1717,0.274,11,9,11,603725,1885,104841,3115,0.017460817370039645,0.623
1718,0.2741,12,13,12,603738,1872,104853,3103,0.017340397939901442,0.6237185929648241
1719,0.2742,11,9,11,603747,1863,104864,3092,0.017257030642113452,0.6240161453077699
1720,0.2743,12,18,12,603765,1845,104876,3080,0.017090296046537477,0.6253807106598985
1721,0.2744,10,11,10,603776,1834,104886,3070,0.016988402682574382,0.6260195758564437
1722,0.2745,7,15,7,603791,1819,104893,3063,0.01684945718626107,0.6274068004916018
1723,0.2746,8,7,8,603798,1812,104901,3055,0.01678461595464819,0.6276967331004726
1724,0.2747,13,6,13,603804,1806,104914,3042,0.016729037756122864,0.6274752475247525
1725,0.2748,7,9,7,603813,1797,104921,3035,0.01664567045833488,0.6281043046357616
1726,0.2749,4,13,4,603826,1784,104925,3031,0.016525251028196672,0.629491173416407
1727,0.275,15,12,15,603838,1772,104940,3016,0.01641409463114602,0.6299081035923141
1728,0.2751,11,7,11,603845,1765,104951,3005,0.016349253399533144,0.629979035639413
1729,0.2752,10,7,10,603852,1758,104961,2995,0.016284412167920263,0.6301283399957921
1730,0.2753,12,8,12,603860,1750,104973,2983,0.01621030790321983,0.6302556518064653
1731,0.2754,8,9,8,603869,1741,104981,2975,0.016126940605431843,0.6308312128922816
1732,0.2755,12,6,12,603875,1735,104993,2963,0.016071362406906518,0.6306939123031077
1733,0.2756,8,9,8,603884,1726,105001,2955,0.015987995109118528,0.631275368511002
1734,0.2757,11,6,11,603890,1720,105012,2944,0.015932416910593206,0.6312178387650086
1735,0.2758,6,9,6,603899,1711,105018,2938,0.015849049612805217,0.6319638631963863
1736,0.2759,6,10,6,603909,1701,105024,2932,0.015756419281929675,0.632851284265055
1737,0.276,4,11,4,603920,1690,105028,2928,0.01565452591796658,0.6340407102641836
1738,0.2761,7,12,7,603932,1678,105035,2921,0.015543369520915928,0.6351380734942379
1739,0.2762,3,10,3,603942,1668,105038,2918,0.015450739190040386,0.636284343654601
1740,0.2763,7,8,7,603950,1660,105045,2911,0.015376634925339954,0.6368409538394224
1741,0.2764,8,9,8,603959,1651,105053,2903,0.015293267627551966,0.637461572244181
1742,0.2765,11,9,11,603968,1642,105064,2892,0.015209900329763978,0.6378473753859727
1743,0.2766,13,15,13,603983,1627,105077,2879,0.015070954833450665,0.6389258766089658
1744,0.2767,6,10,6,603993,1617,105083,2873,0.014978324502575123,0.6398663697104677
1745,0.2768,10,12,10,604005,1605,105093,2863,0.014867168105524473,0.6407788719785139
1746,0.2769,12,6,12,604011,1599,105105,2851,0.014811589906999148,0.6406741573033707
1747,0.277,4,7,4,604018,1592,105109,2847,0.014746748675386268,0.6413606668168507
1748,0.2771,5,9,5,604027,1583,105114,2842,0.01466338137759828,0.6422598870056497
1749,0.2772,3,16,3,604043,1567,105117,2839,0.014515172848197413,0.644348615524285
1750,0.2773,11,11,11,604054,1556,105128,2828,0.014413279484234317,0.6450729927007299
1751,0.2774,9,10,9,604064,1546,105137,2819,0.014320649153358777,0.6458190148911799
1752,0.2775,14,7,14,604071,1539,105151,2805,0.014255807921745897,0.6457182320441989
1753,0.2776,9,20,9,604091,1519,105160,2796,0.014070547259994813,0.6479721900347625
1754,0.2777,4,8,4,604099,1511,105164,2792,0.01399644299529438,0.6488496397861957
1755,0.2778,9,6,9,604105,1505,105173,2783,0.013940864796769054,0.6490205223880597
1756,0.2779,17,7,17,604112,1498,105190,2766,0.013876023565156175,0.6486866791744841
1757,0.278,8,8,8,604120,1490,105198,2758,0.013801919300455741,0.64924670433145
1758,0.2781,15,17,15,604137,1473,105213,2743,0.01364444773796732,0.6506166982922201
1759,0.2782,10,6,10,604143,1467,105223,2733,0.013588869539441994,0.6507142857142857
1760,0.2783,7,11,7,604154,1456,105230,2726,0.013486976175478898,0.6518412242945959
1761,0.2784,6,6,6,604160,1450,105236,2720,0.013431397976953573,0.6522781774580336
1762,0.2785,7,9,7,604169,1441,105243,2713,0.013348030679165585,0.6531054405392392
1763,0.2786,13,9,13,604178,1432,105256,2700,0.013264663381377599,0.6534365924491772
1764,0.2787,9,11,9,604189,1421,105265,2691,0.013162770017414503,0.6544260700389105
1765,0.2788,7,12,7,604201,1409,105272,2684,0.013051613620363852,0.6557537258734425
1766,0.2789,11,9,11,604210,1400,105283,2673,0.012968246322575865,0.6562730174318684
1767,0.279,14,12,14,604222,1388,105297,2659,0.012857089925525214,0.657029898690388
1768,0.2791,10,14,10,604236,1374,105307,2649,0.012727407462299455,0.6584638329604773
1769,0.2792,12,12,12,604248,1362,105319,2637,0.012616251065248805,0.6594148537134283
1770,0.2793,12,8,12,604256,1354,105331,2625,0.012542146800548371,0.6597134958532295
1771,0.2794,6,8,6,604264,1346,105337,2619,0.012468042535847938,0.6605296343001261
1772,0.2795,10,5,10,604269,1341,105347,2609,0.012421727370410167,0.660506329113924
1773,0.2796,5,13,5,604282,1328,105352,2604,0.012301307940271962,0.6622583926754833
1774,0.2797,14,13,14,604295,1315,105366,2590,0.012180888510133759,0.6632522407170295
1775,0.2798,17,6,17,604301,1309,105383,2573,0.012125310311608434,0.6628026790314271
1776,0.2799,6,10,6,604311,1299,105389,2567,0.012032679980732892,0.6639937920331092
1777,0.28,5,6,5,604317,1293,105394,2562,0.011977101782207566,0.6645914396887159
1778,0.2801,12,9,12,604326,1284,105406,2550,0.011893734484419579,0.6651017214397497
1779,0.2802,10,10,10,604336,1274,105416,2540,0.011801104153544037,0.6659674882013634
1780,0.2803,10,14,10,604350,1260,105426,2530,0.011671421690318278,0.6675461741424802
1781,0.2804,10,8,10,604358,1252,105436,2520,0.011597317425617844,0.6680805938494168
1782,0.2805,8,11,8,604369,1241,105444,2512,0.011495424061654748,0.6693312017053025
1783,0.2806,7,12,7,604381,1229,105451,2505,0.011384267664604097,0.6708623460096411
1784,0.2807,11,8,11,604389,1221,105462,2494,0.011310163399903664,0.6713324360699865
1785,0.2808,5,11,5,604400,1210,105467,2489,0.011208270035940568,0.6728845633955123
1786,0.2809,8,7,8,604407,1203,105475,2481,0.01114342880432769,0.6734527687296417
1787,0.281,12,11,12,604418,1192,105487,2469,0.011041535440364594,0.6744059000273149
1788,0.2811,9,8,9,604426,1184,105496,2460,0.01096743117566416,0.6750823271130626
1789,0.2812,18,4,18,604430,1180,105514,2442,0.010930379043313943,0.6742131419105467
1790,0.2813,8,12,8,604442,1168,105522,2434,0.010819222646263293,0.6757357023875624
1791,0.2814,13,7,13,604449,1161,105535,2421,0.010754381414650413,0.6758793969849246
1792,0.2815,17,9,17,604458,1152,105552,2404,0.010671014116862425,0.6760404949381328
1793,0.2816,12,8,12,604466,1144,105564,2392,0.010596909852161992,0.6764705882352942
1794,0.2817,9,11,9,604477,1133,105573,2383,0.010495016488198896,0.6777588168373151
1795,0.2818,15,9,15,604486,1124,105588,2368,0.010411649190410908,0.6781214203894617
1796,0.2819,11,11,11,604497,1113,105599,2357,0.010309755826447812,0.6792507204610951
1797,0.282,23,13,23,604510,1100,105622,2334,0.010189336396309607,0.679673849737915
1798,0.2821,9,12,9,604522,1088,105631,2325,0.010078179999258958,0.6812188690301787
1799,0.2822,18,8,18,604530,1080,105649,2307,0.010004075734558525,0.6811337466784765
1800,0.2823,20,5,20,604535,1075,105669,2287,0.009957760569120754,0.6802498512790006
1801,0.2824,15,7,15,604542,1068,105684,2272,0.009892919337507874,0.6802395209580838
1802,0.2825,13,10,13,604552,1058,105697,2259,0.009800289006632332,0.6810370817003316
1803,0.2826,13,15,13,604567,1043,105710,2246,0.009661343510319019,0.6828823350562481
1804,0.2827,12,15,12,604582,1028,105722,2234,0.009522398014005706,0.6848559166155732
1805,0.2828,16,7,16,604589,1021,105738,2218,0.009457556782392827,0.6847792528558196
1806,0.2829,21,8,21,604597,1013,105759,2197,0.009383452517692393,0.684423676012461
1807,0.283,16,8,16,604605,1005,105775,2181,0.00930934825299196,0.684557438794727
1808,0.2831,5,7,5,604612,998,105780,2176,0.00924450702137908,0.6855702583490864
1809,0.2832,11,10,11,604622,988,105791,2165,0.009151876690503538,0.6866476371709483
1810,0.2833,14,8,14,604630,980,105805,2151,0.009077772425803104,0.6870009581603321
1811,0.2834,6,7,6,604637,973,105811,2145,0.009012931194190226,0.6879409878127004
1812,0.2835,9,11,9,604648,962,105820,2136,0.00891103783022713,0.6894770819883796
1813,0.2836,21,12,21,604660,950,105841,2115,0.00879988143317648,0.6900489396411092
1814,0.2837,17,11,17,604671,939,105858,2098,0.008697988069213384,0.6908133026012513
1815,0.2838,15,7,15,604678,932,105873,2083,0.008633146837600504,0.6908789386401327
1816,0.2839,12,11,12,604689,921,105885,2071,0.008531253473637408,0.6921791443850267
1817,0.284,15,6,15,604695,915,105900,2056,0.008475675275112083,0.6920228879165264
1818,0.2841,9,9,9,604704,906,105909,2047,0.008392307977324095,0.6931933626820183
1819,0.2842,12,14,12,604718,892,105921,2035,0.008262625514098336,0.6952511103518961
1820,0.2843,13,13,13,604731,879,105934,2022,0.008142206083960131,0.6970010341261634
1821,0.2844,11,6,11,604737,873,105945,2011,0.008086627885434806,0.6972954230235784
1822,0.2845,13,5,13,604742,868,105958,1998,0.008040312719997035,0.697138869504536
1823,0.2846,11,8,11,604750,860,105969,1987,0.007966208455296603,0.6979276431331226
1824,0.2847,6,9,6,604759,851,105975,1981,0.007882841157508615,0.6995056497175142
1825,0.2848,11,6,11,604765,845,105986,1970,0.00782726295898329,0.6998223801065719
1826,0.2849,14,11,14,604776,834,106000,1956,0.007725369595020193,0.7010752688172043
1827,0.285,10,5,10,604781,829,106010,1946,0.007679054429582423,0.7012612612612613
1828,0.2851,12,8,12,604789,821,106022,1934,0.007604950164881989,0.7019963702359346
1829,0.2852,1,4,1,604793,817,106023,1933,0.007567898032531772,0.7029090909090909
1830,0.2853,7,6,7,604799,811,106030,1926,0.007512319834006447,0.7036901717208622
1831,0.2854,21,4,21,604803,807,106051,1905,0.00747526770165623,0.702433628318584
1832,0.2855,9,8,9,604811,799,106060,1896,0.007401163436955797,0.7035250463821893
1833,0.2856,8,4,8,604815,795,106068,1888,0.00736411130460558,0.7036898993663809
1834,0.2857,5,6,5,604821,789,106073,1883,0.007308533106080255,0.7047155688622755
1835,0.2858,9,4,9,604825,785,106082,1874,0.007271480973730038,0.7047762316660399
1836,0.2859,7,2,7,604827,783,106089,1867,0.0072529549075549295,0.7045283018867925
1837,0.286,7,7,7,604834,776,106096,1860,0.00718811367594205,0.7056145675265554
1838,0.2861,7,4,7,604838,772,106103,1853,0.007151061543591834,0.7059047619047619
1839,0.2862,10,5,10,604843,767,106113,1843,0.007104746378154063,0.7061302681992337
1840,0.2863,11,2,11,604845,765,106124,1832,0.007086220311978955,0.7054293415479399
1841,0.2864,8,2,8,604847,763,106132,1824,0.007067694245803846,0.7050637804406649
1842,0.2865,10,7,10,604854,756,106142,1814,0.007002853014190967,0.7058365758754864
1843,0.2866,8,4,8,604858,752,106150,1806,0.00696580088184075,0.706020328381548
1844,0.2867,14,7,14,604865,745,106164,1792,0.006900959650227871,0.706346078044935
1845,0.2868,3,4,3,604869,741,106167,1789,0.006863907517877654,0.7071146245059289
1846,0.2869,5,3,5,604872,738,106172,1784,0.006836118418614991,0.7073750991276765
1847,0.287,9,2,9,604874,736,106181,1775,0.006817592352439883,0.7068896853843091
1848,0.2871,8,7,8,604881,729,106189,1767,0.006752751120827003,0.7079326923076923
1849,0.2872,4,11,4,604892,718,106193,1763,0.006650857756863907,0.7106005642885933
1850,0.2873,9,2,9,604894,716,106202,1754,0.0066323316906887995,0.7101214574898785
1851,0.2874,10,4,10,604898,712,106212,1744,0.006595279558338583,0.7100977198697068
1852,0.2875,6,4,6,604902,708,106218,1738,0.006558227425988366,0.7105478331970564
1853,0.2876,9,7,9,604909,701,106227,1729,0.0064933861943754865,0.7115226337448559
1854,0.2877,8,4,8,604913,697,106235,1721,0.00645633406202527,0.7117452440033085
1855,0.2878,10,9,10,604922,688,106245,1711,0.006372966764237282,0.7132138390996249
1856,0.2879,7,5,7,604927,683,106252,1704,0.006326651598799511,0.7138667783829075
1857,0.288,11,4,11,604931,679,106263,1693,0.006289599466449294,0.7137436762225969
1858,0.2881,7,10,7,604941,669,106270,1686,0.006196969135573752,0.7159235668789808
1859,0.2882,7,3,7,604944,666,106277,1679,0.006169180036311089,0.7159914712153518
1860,0.2883,5,8,5,604952,658,106282,1674,0.006095075771610657,0.7178387650085764
1861,0.2884,16,10,16,604962,648,106298,1658,0.0060024454407351146,0.7189939288811795
1862,0.2885,8,8,8,604970,640,106306,1650,0.005928341176034681,0.7205240174672489
1863,0.2886,8,3,8,604973,637,106314,1642,0.005900552076772018,0.7204914436156209
1864,0.2887,12,7,12,604980,630,106326,1630,0.005835710845159139,0.7212389380530974
1865,0.2888,9,5,9,604985,625,106335,1621,0.005789395679721368,0.7217275155832591
1866,0.2889,9,8,9,604993,617,106344,1612,0.005715291415020934,0.7231942575145806
1867,0.289,8,6,8,604999,611,106352,1604,0.005659713216495609,0.7241534988713318
1868,0.2891,9,5,9,605004,606,106361,1595,0.005613398051057838,0.724670604270786
1869,0.2892,8,7,8,605011,599,106369,1587,0.005548556819444959,0.7259835315645013
1870,0.2893,5,4,5,605015,595,106374,1582,0.005511504687094743,0.7266881028938906
1871,0.2894,12,5,12,605020,590,106386,1570,0.005465189521656972,0.7268518518518519
1872,0.2895,6,5,6,605025,585,106392,1564,0.005418874356219201,0.7277803629595161
1873,0.2896,17,2,17,605027,583,106409,1547,0.005400348290044092,0.7262910798122065
1874,0.2897,13,3,13,605030,580,106422,1534,0.0053725591907814296,0.7256385998107853
1875,0.2898,10,5,10,605035,575,106432,1524,0.0053262440253436585,0.7260600285850405
1876,0.2899,17,6,17,605041,569,106449,1507,0.005270665826818333,0.7259152215799615
1877,0.29,14,7,14,605048,562,106463,1493,0.005205824595205454,0.7265206812652069
1878,0.2901,10,4,10,605052,558,106473,1483,0.005168772462855237,0.7266046055854973
1879,0.2902,11,4,11,605056,554,106484,1472,0.00513172033050502,0.7265547877591313
1880,0.2903,12,9,12,605065,545,106496,1460,0.005048353032717033,0.7281795511221946
1881,0.2904,5,6,5,605071,539,106501,1455,0.004992774834191708,0.7296890672016049
1882,0.2905,13,6,13,605077,533,106514,1442,0.004937196635666383,0.730126582278481
1883,0.2906,9,4,9,605081,529,106523,1433,0.004900144503316166,0.7303771661569827
1884,0.2907,11,8,11,605089,521,106534,1422,0.004826040238615732,0.7318579516212044
1885,0.2908,11,5,11,605094,516,106545,1411,0.004779725073177961,0.7322262584327971
1886,0.2909,15,3,15,605097,513,106560,1396,0.004751935973915299,0.7312729177579885
1887,0.291,11,5,11,605102,508,106571,1385,0.004705620808477528,0.7316428948758584
1888,0.2911,9,7,9,605109,501,106580,1376,0.004640779576864648,0.7330847096430474
1889,0.2912,15,4,15,605113,497,106595,1361,0.0046037274445144315,0.732508073196986
1890,0.2913,8,5,8,605118,492,106603,1353,0.0045574122790766605,0.7333333333333333
1891,0.2914,17,3,17,605121,489,106620,1336,0.004529623179813998,0.7320547945205479
1892,0.2915,12,3,12,605124,486,106632,1324,0.004501834080551336,0.7314917127071823
1893,0.2916,13,4,13,605128,482,106645,1311,0.004464781948201119,0.7311767986614612
1894,0.2917,12,5,12,605133,477,106657,1299,0.004418466782763348,0.731418918918919
1895,0.2918,16,8,16,605141,469,106673,1283,0.004344362518062915,0.7323059360730594
1896,0.2919,8,6,8,605147,463,106681,1275,0.0042887843195375894,0.733601841196778
1897,0.292,17,1,17,605148,462,106698,1258,0.004279521286450035,0.7313953488372092
1898,0.2921,7,9,7,605157,453,106705,1251,0.004196153988662047,0.7341549295774648
1899,0.2922,15,8,15,605165,445,106720,1236,0.004122049723961614,0.7352766210588935
1900,0.2923,12,2,12,605167,443,106732,1224,0.004103523657786505,0.734253149370126
1901,0.2924,10,2,10,605169,441,106742,1214,0.004084997591611397,0.733534743202417
1902,0.2925,15,1,15,605170,440,106757,1199,0.004075734558523843,0.7315436241610739
1903,0.2926,7,5,7,605175,435,106764,1192,0.004029419393086072,0.7326367547633682
1904,0.2927,10,5,10,605180,430,106774,1182,0.003983104227648302,0.7332506203473945
1905,0.2928,13,6,13,605186,424,106787,1169,0.003927526029122976,0.7338355304456999
1906,0.2929,12,6,12,605192,418,106799,1157,0.0038719478305976507,0.7346031746031746
1907,0.293,13,5,13,605197,413,106812,1144,0.00382563266515988,0.7347463070006423
1908,0.2931,15,3,15,605200,410,106827,1129,0.0037978435658972175,0.7335932423651722
1909,0.2932,13,5,13,605205,405,106840,1116,0.0037515284004594465,0.7337278106508875
1910,0.2933,10,6,10,605211,399,106850,1106,0.0036959502019341213,0.7348837209302326
1911,0.2934,11,6,11,605217,393,106861,1095,0.003640372003408796,0.7358870967741935
1912,0.2935,12,11,12,605228,382,106873,1083,0.0035384786394457002,0.7392491467576792
1913,0.2936,15,2,15,605230,380,106888,1068,0.003519952573270592,0.7375690607734806
1914,0.2937,5,5,5,605235,375,106893,1063,0.003473637407832821,0.739221140472879
1915,0.2938,19,6,19,605241,369,106912,1044,0.0034180592093074956,0.7388535031847133
1916,0.2939,20,6,20,605247,363,106932,1024,0.0033624810107821704,0.738284066330209
1917,0.294,12,4,12,605251,359,106944,1012,0.0033254288784319535,0.738147337709701
1918,0.2941,11,4,11,605255,355,106955,1001,0.003288376746081737,0.7382005899705014
1919,0.2942,13,5,13,605260,350,106968,988,0.003242061580643966,0.7384155455904334
1920,0.2943,17,6,17,605266,344,106985,971,0.003186483382118641,0.7384030418250951
1921,0.2944,5,5,5,605271,339,106990,966,0.00314016821668087,0.7402298850574712
1922,0.2945,14,6,14,605277,333,107004,952,0.0030845900181555447,0.7408560311284047
1923,0.2946,10,1,10,605278,332,107014,942,0.0030753269850679905,0.7394034536891679
1924,0.2947,13,7,13,605285,325,107027,929,0.0030104857534551115,0.740829346092504
1925,0.2948,7,7,7,605292,318,107034,922,0.002945644521842232,0.7435483870967742
1926,0.2949,10,2,10,605294,316,107044,912,0.0029271184556671236,0.742671009771987
1927,0.295,8,3,8,605297,313,107052,904,0.002899329356404461,0.7428101889893179
1928,0.2951,15,3,15,605300,310,107067,889,0.0028715402571417984,0.7414512093411176
1929,0.2952,13,6,13,605306,304,107080,876,0.002815962058616473,0.7423728813559322
1930,0.2953,15,3,15,605309,301,107095,861,0.002788172959353811,0.7409638554216867
1931,0.2954,14,6,14,605315,295,107109,847,0.002732594760828486,0.7416812609457093
1932,0.2955,5,1,5,605316,294,107114,842,0.0027233317277409316,0.7411971830985915
1933,0.2956,15,5,15,605321,289,107129,827,0.0026770165623031606,0.7410394265232975
1934,0.2957,13,4,13,605325,285,107142,814,0.0026399644299529438,0.740673339399454
1935,0.2958,6,4,6,605329,281,107148,808,0.002602912297602727,0.7419651056014692
1936,0.2959,9,3,9,605332,278,107157,799,0.0025751231983400643,0.7418755803156918
1937,0.296,12,5,12,605337,273,107169,787,0.0025288080329022933,0.7424528301886792
1938,0.2961,5,5,5,605342,268,107174,782,0.0024824928674645227,0.7447619047619047
1939,0.2962,8,2,8,605344,266,107182,774,0.0024639668012894143,0.7442307692307693
1940,0.2963,10,0,10,605344,266,107192,764,0.0024639668012894143,0.7417475728155339
1941,0.2964,9,4,9,605348,262,107201,755,0.0024269146689391975,0.7423795476892822
1942,0.2965,9,3,9,605351,259,107210,746,0.002399125569676535,0.7422885572139304
1943,0.2966,6,5,6,605356,254,107216,740,0.002352810404238764,0.744466800804829
1944,0.2967,10,2,10,605358,252,107226,730,0.0023342843380636555,0.7433808553971487
1945,0.2968,10,3,10,605361,249,107236,720,0.002306495238800993,0.7430340557275542
1946,0.2969,11,5,11,605366,244,107247,709,0.0022601800733632223,0.7439664218258132
1947,0.297,6,7,6,605373,237,107253,703,0.002195338841750343,0.747872340425532
1948,0.2971,10,5,10,605378,232,107263,693,0.002149023676312572,0.7491891891891892
1949,0.2972,8,3,8,605381,229,107271,685,0.002121234577049909,0.74945295404814
1950,0.2973,12,0,12,605381,229,107283,673,0.002121234577049909,0.746119733924612
1951,0.2974,4,2,4,605383,227,107287,669,0.002102708510874801,0.7466517857142857
1952,0.2975,3,4,3,605387,223,107290,666,0.002065656378524584,0.749156355455568
1953,0.2976,7,1,7,605388,222,107297,659,0.00205639334543703,0.7480136208853575
1954,0.2977,11,5,11,605393,217,107308,648,0.0020100781799992588,0.7491329479768786
1955,0.2978,8,2,8,605395,215,107316,640,0.001991552113824151,0.7485380116959064
1956,0.2979,6,0,6,605395,215,107322,634,0.001991552113824151,0.7467608951707891
1957,0.298,4,1,4,605396,214,107326,630,0.0019822890807365966,0.7464454976303317
1958,0.2981,5,2,5,605398,212,107331,625,0.001963763014561488,0.7467144563918757
1959,0.2982,5,2,5,605400,210,107336,620,0.0019452369483863796,0.7469879518072289
1960,0.2983,4,2,4,605402,208,107340,616,0.0019267108822112714,0.7475728155339806
1961,0.2984,7,1,7,605403,207,107347,609,0.0019174478491237172,0.7463235294117647
1962,0.2985,3,2,3,605405,205,107350,606,0.0018989217829486088,0.7472256473489519
1963,0.2986,5,2,5,605407,203,107355,601,0.0018803957167735003,0.7475124378109452
1964,0.2987,3,2,3,605409,201,107358,598,0.001861869650598392,0.7484355444305382
1965,0.2988,10,1,10,605410,200,107368,588,0.0018526066175108377,0.7461928934010152
1966,0.2989,7,4,7,605414,196,107375,581,0.001815554485160621,0.7477477477477478
1967,0.299,4,3,4,605417,193,107379,577,0.0017877653858979585,0.7493506493506493
1968,0.2991,5,1,5,605418,192,107384,572,0.0017785023528104043,0.7486910994764397
1969,0.2992,6,5,6,605423,187,107390,566,0.0017321871873726333,0.751660026560425
1970,0.2993,6,2,6,605425,185,107396,560,0.001713661121197525,0.7516778523489933
1971,0.2994,5,4,5,605429,181,107401,555,0.001676608988847308,0.7540760869565217
1972,0.2995,7,3,7,605432,178,107408,548,0.0016488198895846457,0.7548209366391184
1973,0.2996,6,4,6,605436,174,107414,542,0.0016117677572344289,0.7569832402234636
1974,0.2997,3,0,3,605436,174,107417,539,0.0016117677572344289,0.7559607293127629
1975,0.2998,3,3,3,605439,171,107420,536,0.0015839786579717663,0.7581329561527581
1976,0.2999,1,0,1,605439,171,107421,535,0.0015839786579717663,0.7577903682719547
1977,0.3,2,1,2,605440,170,107423,533,0.001574715624884212,0.7581792318634424
1978,0.3001,4,1,4,605441,169,107427,529,0.0015654525917966578,0.7578796561604585
1979,0.3002,6,4,6,605445,165,107433,523,0.0015284004594464412,0.7601744186046512
1980,0.3003,6,0,6,605445,165,107439,517,0.0015284004594464412,0.7580645161290323
1981,0.3004,4,1,4,605446,164,107443,513,0.001519137426358887,0.757754800590842
1982,0.3005,7,1,7,605447,163,107450,506,0.0015098743932713328,0.7563527653213752
1983,0.3006,4,1,4,605448,162,107454,502,0.0015006113601837786,0.7560240963855421
1984,0.3007,5,4,5,605452,158,107459,497,0.0014635592278335618,0.7587786259541984
1985,0.3008,6,3,6,605455,155,107465,491,0.0014357701285708992,0.760061919504644
1986,0.3009,7,2,7,605457,153,107472,484,0.0014172440623957908,0.7598116169544741
1987,0.301,6,1,6,605458,152,107478,478,0.0014079810293082366,0.7587301587301587
1988,0.3011,10,3,10,605461,149,107488,468,0.0013801919300455742,0.7585089141004863
1989,0.3012,4,1,4,605462,148,107492,464,0.00137092889695802,0.7581699346405228
1990,0.3013,10,3,10,605465,145,107502,454,0.0013431397976953574,0.7579298831385642
1991,0.3014,9,4,9,605469,141,107511,445,0.0013060876653451406,0.7593856655290102
1992,0.3015,3,1,3,605470,140,107514,442,0.0012968246322575864,0.7594501718213058
1993,0.3016,11,3,11,605473,137,107525,431,0.0012690355329949238,0.7588028169014085
1994,0.3017,5,2,5,605475,135,107530,426,0.0012505094668198156,0.7593582887700535
1995,0.3018,5,2,5,605477,133,107535,421,0.0012319834006447072,0.759927797833935
1996,0.3019,9,2,9,605479,131,107544,412,0.0012134573344695988,0.7587476979742173
1997,0.302,13,1,13,605480,130,107557,399,0.0012041943013820445,0.7542533081285444
1998,0.3021,7,1,7,605481,129,107564,392,0.0011949312682944903,0.7523992322456814
1999,0.3022,8,4,8,605485,125,107572,384,0.0011578791359442735,0.7544204322200393
2000,0.3023,10,3,10,605488,122,107582,374,0.0011300900366816111,0.7540322580645161
2001,0.3024,3,3,3,605491,119,107585,371,0.0011023009374189485,0.7571428571428571
2002,0.3025,6,3,6,605494,116,107591,365,0.001074511838156286,0.7588357588357588
2003,0.3026,9,2,9,605496,114,107600,356,0.0010559857719811775,0.7574468085106383
2004,0.3027,6,5,6,605501,109,107606,350,0.0010096706065434065,0.7625272331154684
2005,0.3028,8,1,8,605502,108,107614,342,0.0010004075734558523,0.76
2006,0.3029,14,2,14,605504,106,107628,328,0.000981881507280744,0.7557603686635944
2007,0.303,6,1,6,605505,105,107634,322,0.0009726184741931898,0.7540983606557377
2008,0.3031,6,3,6,605508,102,107640,316,0.0009448293749305273,0.7559808612440191
2009,0.3032,11,1,11,605509,101,107651,305,0.0009355663418429731,0.7512315270935961
2010,0.3033,7,4,7,605513,97,107658,298,0.0008985142094927563,0.7544303797468355
2011,0.3034,12,2,12,605515,95,107670,286,0.000879988143317648,0.7506561679790026
2012,0.3035,5,5,5,605520,90,107675,281,0.0008336729778798769,0.7574123989218329
2013,0.3036,7,4,7,605524,86,107682,274,0.0007966208455296602,0.7611111111111111
2014,0.3037,9,2,9,605526,84,107691,265,0.0007780947793545518,0.7593123209169055
2015,0.3038,4,6,4,605532,78,107695,261,0.0007225165808292267,0.7699115044247787
2016,0.3039,8,1,8,605533,77,107703,253,0.0007132535477416725,0.7666666666666667
2017,0.304,8,3,8,605536,74,107711,245,0.00068546444847901,0.768025078369906
2018,0.3041,6,1,6,605537,73,107717,239,0.0006762014153914558,0.7660256410256411
2019,0.3042,5,4,5,605541,69,107722,234,0.000639149283041239,0.7722772277227723
2020,0.3043,9,0,9,605541,69,107731,225,0.000639149283041239,0.7653061224489796
2021,0.3044,9,1,9,605542,68,107740,216,0.0006298862499536849,0.7605633802816901
2022,0.3045,12,2,12,605544,66,107752,204,0.0006113601837785765,0.7555555555555555
2023,0.3046,5,1,5,605545,65,107757,199,0.0006020971506910223,0.7537878787878788
2024,0.3047,8,1,8,605546,64,107765,191,0.0005928341176034681,0.7490196078431373
2025,0.3048,9,4,9,605550,60,107774,182,0.0005557819852532514,0.7520661157024794
2026,0.3049,6,1,6,605551,59,107780,176,0.0005465189521656972,0.7489361702127659
2027,0.305,4,2,4,605553,57,107784,172,0.0005279928859905888,0.7510917030567685
2028,0.3051,2,0,2,605553,57,107786,170,0.0005279928859905888,0.748898678414097
2029,0.3052,5,3,5,605556,54,107791,165,0.0005002037867279261,0.7534246575342466
2030,0.3053,7,1,7,605557,53,107798,158,0.000490940753640372,0.7488151658767772
2031,0.3054,6,1,6,605558,52,107804,152,0.00048167772055281784,0.7450980392156863
2032,0.3055,2,0,2,605558,52,107806,150,0.00048167772055281784,0.7425742574257426
2033,0.3056,1,1,1,605559,51,107807,149,0.00047241468746526364,0.745
2034,0.3057,3,0,3,605559,51,107810,146,0.00047241468746526364,0.7411167512690355
2035,0.3058,5,2,5,605561,49,107815,141,0.00045388862129015523,0.7421052631578947
2036,0.3059,8,7,8,605568,42,107823,133,0.0003890473896772759,0.76
2037,0.306,10,1,10,605569,41,107833,123,0.00037978435658972176,0.75
2038,0.3061,2,2,2,605571,39,107835,121,0.00036125829041461335,0.75625
2039,0.3062,2,0,2,605571,39,107837,119,0.00036125829041461335,0.7531645569620253
2040,0.3063,7,4,7,605575,35,107844,112,0.0003242061580643966,0.7619047619047619
2041,0.3064,11,1,11,605576,34,107855,101,0.00031494312497684244,0.7481481481481481
2042,0.3065,5,2,5,605578,32,107860,96,0.00029641705880173404,0.75
2043,0.3066,3,1,3,605579,31,107863,93,0.00028715402571417983,0.75
2044,0.3067,2,2,2,605581,29,107865,91,0.0002686279595390715,0.7583333333333333
2045,0.3068,5,1,5,605582,28,107870,86,0.0002593649264515173,0.7543859649122807
2046,0.3069,5,4,5,605586,24,107875,81,0.00022231279410130054,0.7714285714285715
2047,0.307,3,1,3,605587,23,107878,78,0.00021304976101374634,0.7722772277227723
2048,0.3071,5,0,5,605587,23,107883,73,0.00021304976101374634,0.7604166666666666
2049,0.3072,1,1,1,605588,22,107884,72,0.00020378672792619216,0.7659574468085106
2050,0.3074,1,3,1,605591,19,107885,71,0.00017599762866352957,0.7888888888888889
2051,0.3075,1,0,1,605591,19,107886,70,0.00017599762866352957,0.7865168539325843
2052,0.3076,5,1,5,605592,18,107891,65,0.0001667345955759754,0.7831325301204819
2053,0.3077,2,1,2,605593,17,107893,63,0.00015747156248842122,0.7875
2054,0.3078,2,2,2,605595,15,107895,61,0.00013894549631331284,0.8026315789473685
2055,0.3079,3,2,3,605597,13,107898,58,0.00012041943013820446,0.8169014084507042
2056,0.308,5,1,5,605598,12,107903,53,0.00011115639705065027,0.8153846153846154
2057,0.3081,6,1,6,605599,11,107909,47,0.00010189336396309608,0.8103448275862069
2058,0.3082,5,1,5,605600,10,107914,42,9.263033087554189e-05,0.8076923076923077
2059,0.3083,4,0,4,605600,10,107918,38,9.263033087554189e-05,0.7916666666666666
2060,0.3084,8,2,8,605602,8,107926,30,7.410426470043351e-05,0.7894736842105263
2061,0.3085,3,1,3,605603,7,107929,27,6.484123161287932e-05,0.7941176470588235
2062,0.3087,1,0,1,605603,7,107930,26,6.484123161287932e-05,0.7878787878787878
2063,0.3088,3,1,3,605604,6,107933,23,5.5578198525325135e-05,0.7931034482758621
2064,0.3089,2,1,2,605605,5,107935,21,4.6315165437770945e-05,0.8076923076923077
2065,0.309,4,0,4,605605,5,107939,17,4.6315165437770945e-05,0.7727272727272727
2066,0.3093,1,0,1,605605,5,107940,16,4.6315165437770945e-05,0.7619047619047619
2067,0.3094,1,1,1,605606,4,107941,15,3.7052132350216754e-05,0.7894736842105263
2068,0.3095,4,0,4,605606,4,107945,11,3.7052132350216754e-05,0.7333333333333333
2069,0.3096,0,1,0,605607,3,107945,11,2.7789099262662567e-05,0.7857142857142857
2070,0.3097,1,0,1,605607,3,107946,10,2.7789099262662567e-05,0.7692307692307693
2071,0.3099,1,0,1,605607,3,107947,9,2.7789099262662567e-05,0.75
2072,0.3101,0,1,0,605608,2,107947,9,1.8526066175108377e-05,0.8181818181818182
2073,0.3104,2,0,2,605608,2,107949,7,1.8526066175108377e-05,0.7777777777777778
2074,0.3105,0,2,0,605610,0,107949,7,0.0,1.0
2075,0.3108,1,0,1,605610,0,107950,6,0.0,1.0
2076,0.3109,1,0,1,605610,0,107951,5,0.0,1.0
2077,0.3111,1,0,1,605610,0,107952,4,0.0,1.0
2078,0.3113,1,0,1,605610,0,107953,3,0.0,1.0
2079,0.3116,1,0,1,605610,0,107954,2,0.0,1.0
2080,0.312,1,0,1,605610,0,107955,1,0.0,1.0
2081,0.3121,1,0,1,605610,0,107956,0,0.0,
