,y_proba,y_test,Neg,Pos,TN,FP,FN,TP,FP/P,Prec
0,0.0,0,2,0,2,676442,0,126256,5.357701812191104,0.15728954102290027
1,0.0001,0,10,0,12,676432,0,126256,5.35762260803447,0.1572915005581247
2,0.0002,0,22,0,34,676410,0,126256,5.357448358889875,0.1572958117074848
3,0.0003,0,23,0,57,676387,0,126256,5.357266189329616,0.1573003190708696
4,0.0004,1,31,1,88,676356,1,126255,5.357020656444051,0.15730534468129642
5,0.0005,0,25,0,113,676331,1,126255,5.356822646052465,0.1573102446342199
6,0.0006,0,53,0,166,676278,1,126255,5.356402864022304,0.1573206335440412
7,0.0007,2,60,2,226,676218,3,126253,5.355927639082499,0.1573302960480815
8,0.0008,0,60,0,286,676158,3,126253,5.355452414142694,0.15734206036557324
9,0.0009,0,77,0,363,676081,3,126253,5.354842542136612,0.15735716048428708
10,0.001,0,75,0,438,676006,3,126253,5.354248510961855,0.15737187117875898
11,0.0011,0,65,0,503,675941,3,126253,5.353733683943734,0.15738462267232117
12,0.0012,0,88,0,591,675853,3,126253,5.3530366873653525,0.15740188952582326
13,0.0013,0,99,0,690,675754,3,126253,5.352252566214675,0.1574213192652932
14,0.0014,0,120,0,810,675634,3,126253,5.351302116335066,0.1574448768966201
15,0.0015,0,106,0,916,675528,3,126253,5.3504625522747435,0.15746569200317792
16,0.0016,0,121,0,1037,675407,3,126253,5.34950418197947,0.1574894593718035
17,0.0017,0,97,0,1134,675310,3,126253,5.3487359016601195,0.1575085177334782
18,0.0018,0,135,0,1269,675175,3,126253,5.347666645545559,0.15753504993586448
19,0.0019,0,126,0,1395,675049,3,126253,5.346668673171968,0.15755982139068667
20,0.002,0,142,0,1537,674907,3,126253,5.3455439741477635,0.15758774776573967
21,0.0021,0,128,0,1665,674779,3,126253,5.344530160942846,0.15761292932117568
22,0.0022,0,150,0,1815,674629,3,126253,5.343342098593334,0.15764244919975726
23,0.0023,2,146,2,1961,674483,5,126251,5.342185717906475,0.15766908861119922
24,0.0024,1,186,1,2147,674297,6,126250,5.3407125205930805,0.15770466943227568
25,0.0025,1,167,1,2314,674130,7,126249,5.33938981117729,0.1577365223225497
26,0.0026,2,164,2,2478,673966,9,126247,5.338090863008491,0.1577667446042491
27,0.0027,0,154,0,2632,673812,9,126247,5.336871118996325,0.15779711246295586
28,0.0028,0,159,0,2791,673653,9,126247,5.3356117729058425,0.15782847855982
29,0.0029,2,193,2,2984,673460,11,126245,5.334083132682803,0.15786446252055444
30,0.003,2,187,2,3171,673273,13,126243,5.3326020149537445,0.1578992790638336
31,0.0031,2,184,2,3355,673089,15,126241,5.331144658471676,0.15793351932243255
32,0.0032,1,170,1,3525,672919,16,126240,5.329798187808896,0.1579660618224909
33,0.0033,0,200,0,3725,672719,16,126240,5.3282141046762135,0.1580056047932372
34,0.0034,2,187,2,3912,672532,18,126238,5.326732986947155,0.15804048724914557
35,0.0035,1,177,1,4089,672355,19,126237,5.3253310733747306,0.15807446105145057
36,0.0036,2,194,2,4283,672161,21,126235,5.323794512736028,0.15811076207796632
37,0.0037,3,206,3,4489,671955,24,126232,5.322162907109365,0.15814840382015743
38,0.0038,1,211,1,4700,671744,25,126231,5.320491699404385,0.1581891663272659
39,0.0039,2,238,2,4938,671506,27,126229,5.318606640476492,0.15823425072235767
40,0.004,1,219,1,5157,671287,28,126228,5.316872069446204,0.15827664683422882
41,0.0041,1,231,1,5388,671056,29,126227,5.315042453427956,0.15832144922191996
42,0.0042,1,247,1,5635,670809,30,126226,5.313086110759093,0.15836945679926226
43,0.0043,1,225,1,5860,670584,31,126225,5.311304017234825,0.15841312033373117
44,0.0044,1,211,1,6071,670373,32,126224,5.309632809529844,0.15845402380375523
45,0.0045,3,233,3,6304,670140,35,126221,5.307787352680268,0.1584972142031064
46,0.0046,3,232,3,6536,669908,38,126218,5.305949816246357,0.1585402310689514
47,0.0047,2,250,2,6786,669658,40,126216,5.303969712330503,0.15858791718287066
48,0.0048,2,236,2,7022,669422,42,126214,5.302100494233938,0.1586328421539498
49,0.0049,4,247,4,7269,669175,46,126210,5.300144151565074,0.15867787297975194
50,0.005,1,246,1,7515,668929,47,126209,5.298195729311875,0.15872590669795683
51,0.0051,0,244,0,7759,668685,47,126209,5.296263147890001,0.15877462907003953
52,0.0052,0,254,0,8013,668431,47,126209,5.294251362311494,0.15882538004631028
53,0.0053,2,271,2,8284,668160,49,126207,5.292104929666709,0.15887744581534732
54,0.0054,1,270,1,8554,667890,50,126206,5.289966417437587,0.1589304063992263
55,0.0055,0,262,0,8816,667628,50,126206,5.287891268533772,0.15898286039650608
56,0.0056,1,213,1,9029,667415,51,126205,5.286204219997465,0.1590244701494418
57,0.0057,2,270,2,9299,667145,53,126203,5.2840657077683435,0.15907647085516066
58,0.0058,4,264,4,9563,666881,57,126199,5.281974718033203,0.1591251828314924
59,0.0059,1,258,1,9821,666623,58,126198,5.279931250792042,0.15917590477547897
60,0.006,2,253,2,10074,666370,60,126196,5.277927385629198,0.1592245945448076
61,0.0061,2,285,2,10359,666085,62,126194,5.275670067165125,0.15927974867439373
62,0.0062,2,291,2,10650,665794,64,126192,5.273365226207071,0.1593361498814373
63,0.0063,1,276,1,10926,665518,65,126191,5.271179191483969,0.1593906346902713
64,0.0064,3,272,3,11198,665246,68,126188,5.269024838423521,0.1594422276525901
65,0.0065,7,260,7,11458,664986,75,126181,5.266965530351033,0.1594871879135505
66,0.0066,3,262,3,11720,664724,78,126178,5.264890381447218,0.15953683262907414
67,0.0067,2,260,2,11980,664464,80,126176,5.2628310733747306,0.15958716988768593
68,0.0068,1,289,1,12269,664175,81,126175,5.260542073248004,0.15964446131460744
69,0.0069,6,310,6,12579,663865,87,126169,5.258086744392346,0.15970072174108962
70,0.007,3,304,3,12883,663561,90,126166,5.255678938030668,0.15975900532715737
71,0.0071,0,303,0,13186,663258,90,126166,5.253279052084653,0.15982032469243398
72,0.0072,3,321,3,13507,662937,93,126163,5.250736598656697,0.1598821442149284
73,0.0073,5,311,5,13818,662626,98,126158,5.248273349385376,0.15993985679222703
74,0.0074,3,310,3,14128,662316,101,126155,5.245818020529717,0.1599995434201131
75,0.0075,6,331,6,14459,661985,107,126149,5.2431963629451275,0.16006034506822445
76,0.0076,5,309,5,14768,661676,112,126144,5.240748954505133,0.1601177934045848
77,0.0077,1,304,1,15072,661372,113,126143,5.238341148143455,0.1601785362818486
78,0.0078,3,336,3,15408,661036,116,126140,5.235679888480547,0.16024370661707166
79,0.0079,5,338,5,15746,660698,121,126135,5.2330027879863135,0.160307206230547
80,0.008,4,347,4,16093,660351,125,126131,5.2302544037511085,0.1603736639872241
81,0.0081,1,340,1,16433,660011,126,126130,5.227561462425548,0.16044195634116526
82,0.0082,5,317,5,16750,659694,131,126125,5.225050690660246,0.16050133682183812
83,0.0083,2,342,2,17092,659352,133,126123,5.222341908503358,0.160569082402368
84,0.0084,2,348,2,17440,659004,135,126121,5.21958560385249,0.16063811494984875
85,0.0085,6,316,6,17756,658688,141,126115,5.217082752502852,0.16069637858163133
86,0.0086,3,354,3,18110,658334,144,126112,5.214278925358003,0.1607656868669099
87,0.0087,4,370,4,18480,657964,148,126108,5.21134837156254,0.16083727004662837
88,0.0088,4,321,4,18801,657643,152,126104,5.208805918134583,0.16089886149484464
89,0.0089,3,329,3,19130,657314,155,126101,5.20620010138132,0.16096321872826025
90,0.009,4,352,4,19482,656962,159,126097,5.203412115067799,0.16103128883008816
91,0.0091,3,334,3,19816,656628,162,126094,5.200766696236219,0.16109678787615525
92,0.0092,2,337,2,20153,656291,164,126092,5.198097516157648,0.16116403347209743
93,0.0093,2,322,2,20475,655969,166,126090,5.1955471423140285,0.16122824492781235
94,0.0094,1,344,1,20819,655625,167,126089,5.192822519325814,0.16129812181948897
95,0.0095,5,367,5,21186,655258,172,126084,5.1899157267773415,0.16136851724340942
96,0.0096,3,349,3,21535,654909,175,126081,5.18715150171081,0.16143740636883955
97,0.0097,5,411,5,21946,654498,180,126076,5.183896210873146,0.16151703746217527
98,0.0098,6,354,6,22300,654144,186,126070,5.1810923837282985,0.1615838731424968
99,0.0099,3,355,3,22655,653789,189,126067,5.178280636167786,0.16165420282718862
100,0.01,4,371,4,23026,653418,193,126063,5.175342161956659,0.16172684132134074
101,0.0101,6,374,6,23400,653044,199,126057,5.172379926498543,0.16179802105246946
102,0.0102,1,381,1,23781,652663,200,126056,5.169362248130782,0.16187610678563127
103,0.0103,4,363,4,24144,652300,204,126052,5.166487137244963,0.16194729376939995
104,0.0104,3,376,3,24520,651924,207,126049,5.163509060955519,0.16202233239456895
105,0.0105,0,403,0,24923,651521,207,126049,5.160317133443163,0.16210630554162325
106,0.0106,4,369,4,25292,651152,211,126045,5.157394500063363,0.1621789584880024
107,0.0107,8,355,8,25647,650797,219,126037,5.154582752502852,0.16224444347183567
108,0.0108,4,361,4,26008,650436,223,126033,5.151723482448359,0.1623155592818258
109,0.0109,4,336,4,26344,650100,227,126029,5.149062222785452,0.16238151132092732
110,0.011,5,366,5,26710,649734,232,126024,5.1461633506526425,0.16245272365866675
111,0.0111,10,373,10,27083,649361,242,126014,5.143209035610189,0.1625200709334193
112,0.0112,4,348,4,27431,649013,246,126010,5.14045273095932,0.1625887231733768
113,0.0113,11,349,11,27780,648664,257,125999,5.13768850589279,0.16265008139023032
114,0.0114,3,398,3,28178,648266,260,125996,5.134536180458751,0.16273044524979915
115,0.0115,4,397,4,28575,647869,264,125992,5.131391775440375,0.1628096001736746
116,0.0116,4,382,4,28957,647487,268,125988,5.128366176656951,0.16288567827014447
117,0.0117,5,384,5,29341,647103,273,125983,5.1253247370422,0.16296117120216896
118,0.0118,6,387,6,29728,646716,279,125977,5.122259536180459,0.16303628996250774
119,0.0119,4,373,4,30101,646343,283,125973,5.1193052211380055,0.16311069562199929
120,0.012,9,395,9,30496,645948,292,125964,5.116176656950957,0.16318440443988433
121,0.0121,5,392,5,30888,645556,297,125959,5.113071854010898,0.16326189380634207
122,0.0122,5,394,5,31282,645162,302,125954,5.1099512102395135,0.16333988660590623
123,0.0123,10,390,10,31672,644772,312,125944,5.106862248130782,0.16341168471914427
124,0.0124,1,381,1,32053,644391,313,125943,5.103844569763021,0.16349142060456892
125,0.0125,7,409,7,32462,643982,320,125936,5.100605119756684,0.16357066596702505
126,0.0126,7,412,7,32874,643570,327,125929,5.097341908503358,0.16365063502356728
127,0.0127,3,421,3,33295,643149,330,125926,5.094007413509061,0.1637369567337386
128,0.0128,10,426,10,33721,642723,340,125916,5.090633316436446,0.16381682428292085
129,0.0129,4,391,4,34112,642332,344,125912,5.087536433912052,0.1638958455907238
130,0.013,8,426,8,34538,641906,352,125904,5.084162336839437,0.16397806749065524
131,0.0131,4,439,4,34977,641467,356,125900,5.080685274363199,0.1640675191922509
132,0.0132,5,403,5,35380,641064,361,125895,5.077493346850843,0.16414827911270355
133,0.0133,6,388,6,35768,640676,367,125889,5.074420225573438,0.164224821117583
134,0.0134,5,421,5,36189,640255,372,125884,5.07108573057914,0.16430960961392124
135,0.0135,10,400,10,36589,639855,382,125874,5.067917564313775,0.16438452768538217
136,0.0136,11,393,11,36982,639462,393,125863,5.064804840958053,0.1644569300623918
137,0.0137,5,429,5,37411,639033,398,125858,5.061406982638449,0.16454370622742326
138,0.0138,3,432,3,37843,638601,401,125855,5.057985363071854,0.16463341251818286
139,0.0139,8,393,8,38236,638208,409,125847,5.054872639716132,0.16470934684021438
140,0.014,13,388,13,38624,637820,422,125834,5.051799518438727,0.16477881344168957
141,0.0141,10,412,10,39036,637408,432,125824,5.048536307185401,0.16485681942056937
142,0.0142,9,420,9,39456,636988,441,125815,5.045209732606767,0.16493773621760796
143,0.0143,7,424,7,39880,636564,448,125808,5.04185147636548,0.1650218003809164
144,0.0144,7,424,7,40304,636140,455,125801,5.0384932201241925,0.16510595964779426
145,0.0145,7,433,7,40737,635707,462,125794,5.035063680141934,0.16519216652374719
146,0.0146,5,406,5,41143,635301,467,125789,5.0318479913825875,0.16527480324271768
147,0.0147,11,380,11,41523,634921,478,125778,5.02883823343049,0.1653452942622509
148,0.0148,9,437,9,41960,634484,487,125769,5.0253770117855785,0.16543045538787746
149,0.0149,4,426,4,42386,634058,491,125765,5.022002914712965,0.16551881161796891
150,0.015,8,431,8,42817,633627,499,125757,5.018589215562033,0.16560396321228785
151,0.0151,8,411,8,43228,633216,507,125749,5.015333924724369,0.1656848471273379
152,0.0152,7,449,7,43677,632767,514,125742,5.011777658091496,0.1657752248160536
153,0.0153,8,430,8,44107,632337,522,125734,5.008371879356228,0.1658604537042045
154,0.0154,5,455,5,44562,631882,527,125729,5.004768090229375,0.16595455979387838
155,0.0155,10,462,10,45024,631420,537,125719,5.001108858192878,0.16604480815279626
156,0.0156,8,415,8,45439,631005,545,125711,4.997821885692561,0.16612705427135147
157,0.0157,6,375,6,45814,630630,551,125705,4.994851729818781,0.16620280695723455
158,0.0158,10,386,10,46200,630244,561,125695,4.991794449372703,0.16627664401492714
159,0.0159,12,391,12,46591,629853,573,125683,4.988697566848308,0.16634945257406664
160,0.016,7,451,7,47042,629402,580,125676,4.985125459384109,0.16644108290799095
161,0.0161,9,432,9,47474,628970,589,125667,4.981703839817514,0.16652642263763903
162,0.0162,11,426,11,47900,628544,600,125656,4.978329742744899,0.1666083267037921
163,0.0163,7,454,7,48354,628090,607,125649,4.974733874033709,0.16670094024589413
164,0.0164,7,374,7,48728,627716,614,125642,4.971771638575593,0.1667759551235933
165,0.0165,10,437,10,49165,627279,624,125632,4.968310416930681,0.16686168750356947
166,0.0166,5,418,5,49583,626861,629,125627,4.964999683183374,0.16694884170910368
167,0.0167,13,441,13,50024,626420,642,125614,4.9615067798758075,0.16703234162285216
168,0.0168,12,449,12,50473,625971,654,125602,4.957950513242935,0.16711882944171758
169,0.0169,5,426,5,50899,625545,659,125597,4.954576416170321,0.16720806452042355
170,0.017,14,438,14,51337,625107,673,125583,4.951107274109745,0.16729009311433482
171,0.0171,11,454,11,51791,624653,684,125572,4.947511405398555,0.1673791195974541
172,0.0172,13,431,13,52222,624222,697,125559,4.944097706247624,0.16746089858238605
173,0.0173,7,412,7,52634,623810,704,125552,4.940834494994298,0.16754519177647118
174,0.0174,12,384,12,53018,623426,716,125540,4.937793055379546,0.167617755679163
175,0.0175,13,476,13,53494,622950,729,125527,4.934022937523761,0.16770989622927626
176,0.0176,5,418,5,53912,622532,734,125522,4.930712203776454,0.16779804666508033
177,0.0177,15,449,15,54361,622083,749,125507,4.927155937143581,0.1678821279043326
178,0.0178,7,496,7,54857,621587,756,125500,4.923227410974528,0.16798579014224582
179,0.0179,12,452,12,55309,621135,768,125488,4.919647383094665,0.16807411504869257
180,0.018,13,464,13,55773,620671,781,125475,4.915972310226841,0.1681641394579613
181,0.0181,11,448,11,56221,620223,792,125464,4.912423964009632,0.16825289967506474
182,0.0182,8,471,8,56692,619752,800,125456,4.908693448232163,0.1683503129327651
183,0.0183,14,477,14,57169,619275,814,125442,4.904915409960715,0.16844250903363292
184,0.0184,10,405,10,57574,618870,824,125432,4.901707641617032,0.16852299201130724
185,0.0185,15,426,15,58000,618444,839,125417,4.898333544544418,0.16860273626389877
186,0.0186,12,451,12,58451,617993,851,125405,4.894761437080218,0.168691602613943
187,0.0187,9,445,9,58896,617548,860,125396,4.891236852109999,0.16878257311452816
188,0.0188,16,471,16,59367,617077,876,125380,4.887506336332531,0.16887173263906194
189,0.0189,9,422,9,59789,616655,885,125371,4.88416392092257,0.16895769150946194
190,0.019,14,454,14,60243,616201,899,125357,4.88056805221138,0.16904544216366083
191,0.0191,14,432,14,60675,615769,913,125343,4.8771464326447855,0.1691282829046082
192,0.0192,14,468,14,61143,615301,927,125329,4.873439678114307,0.16921944830752197
193,0.0193,7,438,7,61581,614863,934,125322,4.869970536053732,0.16931172612252343
194,0.0194,9,461,9,62042,614402,943,125313,4.866319224432898,0.16940713653231312
195,0.0195,11,450,11,62492,613952,954,125302,4.862755037384362,0.16949789923355166
196,0.0196,11,480,11,62972,613472,965,125291,4.858953237865923,0.16959566193759026
197,0.0197,8,412,8,63384,613060,973,125283,4.855690026612597,0.1696812998836584
198,0.0198,11,412,11,63796,612648,984,125272,4.85242681535927,0.16976366001734605
199,0.0199,12,468,12,64264,612180,996,125260,4.848720060828792,0.16985788674332827
200,0.02,10,432,10,64696,611748,1006,125250,4.845298441262197,0.16994618709955794
201,0.0201,17,456,17,65152,611292,1023,125233,4.841686731719681,0.17003224602016226
202,0.0202,14,473,14,65625,610819,1037,125219,4.837940375110886,0.17012572720430194
203,0.0203,8,458,8,66083,610361,1045,125211,4.834312824737042,0.170222629463873
204,0.0204,11,458,11,66541,609903,1056,125200,4.830685274363199,0.1703162686045357
205,0.0205,14,463,14,67004,609440,1070,125186,4.8270181219110375,0.17040779934279485
206,0.0206,6,447,6,67451,608993,1076,125180,4.823477696109491,0.17050477203601877
207,0.0207,14,440,14,67891,608553,1090,125166,4.81999271321759,0.17059119363134934
208,0.0208,18,457,18,68348,608096,1108,125148,4.81637308325941,0.1706771552170901
209,0.0209,11,443,11,68791,607653,1119,125137,4.812864339120517,0.17076788711636348
210,0.021,15,473,15,69264,607180,1134,125122,4.809117982511722,0.17086120207236905
211,0.0211,7,478,7,69742,606702,1141,125115,4.805332023824611,0.1709648723656324
212,0.0212,10,439,10,70181,606263,1151,125105,4.801854961348371,0.1710561577755658
213,0.0213,15,425,15,70606,605838,1166,125090,4.798488784691421,0.1711386073594116
214,0.0214,15,452,15,71058,605386,1181,125075,4.794908756811558,0.17122748510871902
215,0.0215,11,448,11,71506,604938,1192,125064,4.791360410594348,0.17132007857512718
216,0.0216,14,417,14,71923,604521,1206,125050,4.788057597262704,0.17140209794523084
217,0.0217,11,450,11,72373,604071,1217,125039,4.784493410214168,0.17149538478418894
218,0.0218,13,453,13,72826,603618,1230,125026,4.780905461918642,0.17158722229236775
219,0.0219,14,424,14,73250,603194,1244,125012,4.777547205677354,0.17167120292884155
220,0.022,12,465,12,73715,602729,1256,125000,4.773864212393867,0.17176723752935502
221,0.0221,13,501,13,74216,602228,1269,124987,4.769896084146496,0.17187076724214984
222,0.0222,16,498,16,74714,601730,1285,124971,4.765951717146116,0.17197031516400832
223,0.0223,22,452,22,75166,601278,1307,124949,4.762371689266253,0.17205226465003368
224,0.0224,13,449,13,75615,600829,1320,124936,4.75881542263338,0.1721438757724608
225,0.0225,10,472,10,76087,600357,1330,124926,4.7550769864402485,0.1722444893924165
226,0.0226,13,480,13,76567,599877,1343,124913,4.751275186921809,0.17234371335145351
227,0.0227,16,439,16,77006,599438,1359,124897,4.747798124445571,0.17242988396253114
228,0.0228,13,414,13,77420,599024,1372,124884,4.744519072360918,0.17251363432922415
229,0.0229,13,462,13,77882,598562,1385,124871,4.74085984032442,0.1726089354508296
230,0.023,7,442,7,78324,598120,1392,124864,4.737359016601191,0.17270644993526826
231,0.0231,16,509,16,78833,597611,1408,124848,4.733327525028513,0.17280980650805097
232,0.0232,12,485,12,79318,597126,1420,124836,4.729486123431758,0.172912147730767
233,0.0233,14,465,14,79783,596661,1434,124822,4.72580313014827,0.17300754141123215
234,0.0234,10,459,10,80242,596202,1444,124812,4.722167659358763,0.17310620875600197
235,0.0235,12,421,12,80663,595781,1456,124800,4.718833164364466,0.1731935757395768
236,0.0236,12,447,12,81110,595334,1468,124788,4.71529273856292,0.1732873040956949
237,0.0237,9,419,9,81529,594915,1477,124779,4.711974084399949,0.17337785225387456
238,0.0238,9,475,9,82004,594440,1486,124770,4.708211886959828,0.1734820149886681
239,0.0239,15,487,15,82491,593953,1501,124755,4.704354644531745,0.1735823171580113
240,0.024,11,460,11,82951,593493,1512,124744,4.700711253326575,0.1736808323714874
241,0.0241,13,458,13,83409,593035,1525,124731,4.697083702952731,0.1737766904534347
242,0.0242,9,452,9,83861,592583,1534,124722,4.693503675072868,0.17387582687977918
243,0.0243,10,452,10,84313,592131,1544,124712,4.689923647193004,0.1739739385053631
244,0.0244,7,506,7,84819,591625,1551,124705,4.685915916867317,0.1740887579746765
245,0.0245,13,487,13,85306,591138,1564,124692,4.682058674439235,0.17419219647122922
246,0.0246,14,431,14,85737,590707,1578,124678,4.678644975288303,0.17428098156936475
247,0.0247,10,424,10,86161,590283,1588,124668,4.6752867190470155,0.1743727891841539
248,0.0248,13,446,13,86607,589837,1601,124655,4.671754213661133,0.1744666140418647
249,0.0249,14,465,14,87072,589372,1615,124641,4.668071220377645,0.1745640485537378
250,0.025,16,505,16,87577,588867,1631,124625,4.6640714104676215,0.1746690922953586
251,0.0251,9,464,9,88041,588403,1640,124616,4.660396337599797,0.17477234127000824
252,0.0252,13,449,13,88490,587954,1653,124603,4.656840070966925,0.1748674141156427
253,0.0253,10,464,10,88954,587490,1663,124593,4.653164998099101,0.174969771782222
254,0.0254,15,452,15,89406,587038,1678,124578,4.649584970219237,0.17506351740264411
255,0.0255,14,454,14,89860,586584,1692,124564,4.6459891015080474,0.17515903862487134
256,0.0256,12,455,12,90315,586129,1704,124552,4.642385312381194,0.17525725325427302
257,0.0257,12,463,12,90778,585666,1716,124540,4.6387181599290335,0.17535757231000582
258,0.0258,15,418,15,91196,585248,1731,124525,4.635407426181726,0.17544341641623448
259,0.0259,7,464,7,91660,584784,1738,124518,4.631732353313902,0.17555004779346456
260,0.026,14,467,14,92127,584317,1752,124504,4.628033519199088,0.1756494234792705
261,0.0261,20,465,20,92592,583852,1772,124484,4.6243505259156,0.17574145603216554
262,0.0262,17,462,17,93054,583390,1789,124467,4.620691293879103,0.1758363624291347
263,0.0263,12,444,12,93498,582946,1801,124455,4.617174629324547,0.17593274535942133
264,0.0264,9,462,9,93960,582484,1810,124446,4.61351539728805,0.1760372314090504
265,0.0265,15,499,15,94459,581985,1825,124431,4.609563109872006,0.1761440850716858
266,0.0266,13,470,13,94929,581515,1838,124418,4.605840514510201,0.17624618766936806
267,0.0267,9,496,9,95425,581019,1847,124409,4.601911988341148,0.17635960012928323
268,0.0268,14,434,14,95859,580585,1861,124395,4.598474527943226,0.17645181423586484
269,0.0269,13,462,13,96321,580123,1874,124382,4.594815295906729,0.17655233106933238
270,0.027,10,405,10,96726,579718,1884,124372,4.591607527563046,0.1766421906290389
271,0.0271,13,491,13,97217,579227,1897,124359,4.58771860347231,0.176750248015168
272,0.0272,15,451,15,97668,578776,1912,124344,4.584146496008111,0.17684605757196495
273,0.0273,15,424,15,98092,578352,1927,124329,4.580788239766823,0.176935195344687
274,0.0274,11,499,11,98591,577853,1938,124318,4.57683595235078,0.1770480410042568
275,0.0275,16,490,16,99081,577363,1954,124302,4.572954948675706,0.17715291485252935
276,0.0276,17,463,17,99544,576900,1971,124285,4.569287796223546,0.17724994117101764
277,0.0277,14,444,14,99988,576456,1985,124271,4.56577113166899,0.17734581370490932
278,0.0278,18,459,18,100447,575997,2003,124253,4.562135660879483,0.17744091395930026
279,0.0279,15,461,15,100908,575536,2018,124238,4.5584843492586495,0.17754017725722876
280,0.028,19,442,19,101350,575094,2037,124219,4.5549835255354205,0.1776300454874999
281,0.0281,21,443,21,101793,574651,2058,124198,4.551474781396528,0.17771793334468533
282,0.0282,15,452,15,102245,574199,2073,124183,4.5478947535166645,0.17781529306310873
283,0.0283,10,449,10,102694,573750,2083,124173,4.544338486883792,0.17791790784943326
284,0.0284,12,455,12,103149,573295,2095,124161,4.540734697756938,0.1780198320754284
285,0.0285,17,487,17,103636,572808,2112,124144,4.536877455328856,0.17812417497905164
286,0.0286,11,474,11,104110,572334,2123,124133,4.533123178304398,0.17823242163663175
287,0.0287,15,460,15,104570,571874,2138,124118,4.529479787099227,0.1783325095690755
288,0.0288,17,463,17,105033,571411,2155,124101,4.525812634647067,0.17843114137498706
289,0.0289,9,482,9,105515,570929,2164,124092,4.521994994297301,0.1785442454256778
290,0.029,11,485,11,106000,570444,2175,124081,4.5181535927005445,0.17865591591375402
291,0.0291,12,425,12,106425,570019,2187,124069,4.514787416043594,0.17875110936941713
292,0.0292,19,412,19,106837,569607,2206,124050,4.511524204790267,0.1788347843386573
293,0.0293,12,489,12,107326,569118,2218,124038,4.507651121530858,0.17894673060609734
294,0.0294,13,474,13,107800,568644,2231,124025,4.5038968445064,0.1790537760459902
295,0.0295,18,420,18,108220,568224,2249,124007,4.500570269927766,0.17914106707154115
296,0.0296,10,441,10,108661,567783,2259,123997,4.4970773666202,0.1792434010812686
297,0.0297,22,428,22,109089,567355,2281,123975,4.493687428716259,0.1793282513416169
298,0.0298,23,426,23,109515,566929,2304,123952,4.4903133316436445,0.17941150502040148
299,0.0299,14,432,14,109947,566497,2318,123938,4.48689171207705,0.17950712232143504
300,0.03,23,406,23,110353,566091,2341,123915,4.483676023317703,0.17958539490960948
301,0.0301,11,477,11,110830,565614,2352,123904,4.4798979850462555,0.1796965416421326
302,0.0302,21,441,21,111271,565173,2373,123883,4.476405081738689,0.1797865485533832
303,0.0303,12,433,12,111704,564740,2385,123871,4.472975541756432,0.17988530534655997
304,0.0304,24,437,24,112141,564303,2409,123847,4.46951432011152,0.179970936569062
305,0.0305,19,398,19,112539,563905,2428,123828,4.466361994677481,0.18005243313902342
306,0.0306,6,442,6,112981,563463,2434,123822,4.462861170954252,0.1801610685523473
307,0.0307,18,457,18,113438,563006,2452,123804,4.4592415409960715,0.1802594604038963
308,0.0308,21,431,21,113869,562575,2473,123783,4.4558278418451405,0.18034757371517487
309,0.0309,20,477,20,114346,562098,2493,123763,4.452049803573692,0.18044909974470047
310,0.031,18,464,18,114810,561634,2511,123745,4.448374730705868,0.1805497396331081
311,0.0311,19,427,19,115237,561207,2530,123726,4.44499271321759,0.18063956620574567
312,0.0312,18,475,18,115712,560732,2548,123708,4.441230515777468,0.1807433814505289
313,0.0313,21,473,21,116185,560259,2569,123687,4.437484159168673,0.18084322446508935
314,0.0314,13,454,13,116639,559805,2582,123674,4.4338882904574834,0.18094776869516108
315,0.0315,16,482,16,117121,559323,2598,123658,4.430070650107718,0.18105628121426512
316,0.0316,18,470,18,117591,558853,2616,123640,4.426348054745913,0.18115936720230097
317,0.0317,24,443,24,118034,558410,2640,123616,4.422839310607021,0.1812482222085375
318,0.0318,18,472,18,118506,557938,2658,123598,4.419100874413889,0.18135212226500141
319,0.0319,21,453,21,118959,557485,2679,123577,4.415512926118363,0.181447504045153
320,0.032,12,479,12,119438,557006,2691,123565,4.411719047015588,0.18156077764112782
321,0.0321,14,482,14,119920,556524,2705,123551,4.407901406665822,0.1816726096386428
322,0.0322,19,414,19,120334,556110,2724,123532,4.404622354581169,0.18176039738568245
323,0.0323,19,466,19,120800,555644,2743,123513,4.400931440882018,0.18186222037025312
324,0.0324,18,477,18,121277,555167,2761,123495,4.397153402610569,0.18196834359371822
325,0.0325,16,420,16,121697,554747,2777,123479,4.393826828031935,0.18206173163517766
326,0.0326,19,443,19,122140,554304,2796,123460,4.3903180838930425,0.1821578012405498
327,0.0327,18,454,18,122594,553850,2814,123442,4.386722215181853,0.18225816929773273
328,0.0328,20,469,20,123063,553381,2834,123422,4.383007540235711,0.1823603027764357
329,0.0329,20,426,20,123489,552955,2854,123402,4.379633443163097,0.18245098372605
330,0.033,19,420,19,123909,552535,2873,123383,4.3763068685844635,0.1825413733618575
331,0.0331,13,460,13,124369,552075,2886,123370,4.372663477379293,0.18264995669521575
332,0.0332,13,454,13,124823,551621,2899,123357,4.369067608668103,0.18275706763776003
333,0.0333,20,439,20,125262,551182,2919,123337,4.365590546191864,0.18285178030566968
334,0.0334,15,447,15,125709,550735,2934,123322,4.362050120390318,0.18295485396635597
335,0.0335,26,463,26,126172,550272,2960,123296,4.358382967938158,0.18304907596560407
336,0.0336,16,439,16,126611,549833,2976,123280,4.354905905461918,0.18314904035429416
337,0.0337,14,429,14,127040,549404,2990,123266,4.351508047142314,0.18324884415835402
338,0.0338,12,446,12,127486,548958,3002,123254,4.347975541756432,0.18335584607237002
339,0.0339,18,425,18,127911,548533,3020,123236,4.344609365099481,0.18344996568760988
340,0.034,17,475,17,128386,548058,3037,123219,4.3408471676593585,0.18355909706425216
341,0.0341,22,420,22,128806,547638,3059,123197,4.337520593080725,0.18364724559690535
342,0.0342,24,409,24,129215,547229,3083,123173,4.334281143074389,0.18373006047117998
343,0.0343,10,437,10,129652,546792,3093,123163,4.330819921429477,0.18383772044391042
344,0.0344,16,454,16,130106,546338,3109,123147,4.327224052718287,0.18394288146859153
345,0.0345,16,416,16,130522,545922,3125,123131,4.323929159802306,0.1840377369206924
346,0.0346,15,456,15,130978,545466,3140,123116,4.32031745025979,0.18414495155418484
347,0.0347,19,418,19,131396,545048,3159,123097,4.317006716512482,0.1842369545532781
348,0.0348,20,450,20,131846,544598,3179,123077,4.313442529463947,0.1843366907552327
349,0.0349,16,418,16,132264,544180,3195,123061,4.310131795716639,0.18443261130536043
350,0.035,14,473,14,132737,543707,3209,123047,4.306385439107844,0.1845463244314995
351,0.0351,10,435,10,133172,543272,3219,123037,4.30294005829426,0.18465456717528955
352,0.0352,13,430,13,133602,542842,3232,123024,4.2995342795589915,0.1847578942309714
353,0.0353,9,452,9,134054,542390,3241,123015,4.295954251679128,0.18487237096204567
354,0.0354,19,435,19,134489,541955,3260,122996,4.292508870865543,0.18497002034736393
355,0.0355,14,437,14,134926,541518,3274,122982,4.289047649220631,0.1850744920993228
356,0.0356,8,475,8,135401,541043,3282,122974,4.285285451780509,0.18519706573777478
357,0.0357,20,454,20,135855,540589,3302,122954,4.281689583069319,0.18529921949293415
358,0.0358,20,408,20,136263,540181,3322,122934,4.278458053478647,0.18538865807589935
359,0.0359,11,443,11,136706,539738,3333,122923,4.274949309339754,0.18549907116911965
360,0.036,23,398,23,137104,539340,3356,122900,4.271796983905715,0.18558226624788596
361,0.0361,16,441,16,137545,538899,3372,122884,4.26830408059815,0.18568624458470526
362,0.0362,18,478,18,138023,538421,3390,122866,4.2645181219110375,0.18579829937682127
363,0.0363,28,445,28,138468,537976,3418,122838,4.260993536940819,0.1858889188183059
364,0.0364,23,426,23,138894,537550,3441,122815,4.257619439868204,0.1859804804918492
365,0.0365,17,422,17,139316,537128,3458,122798,4.2542770244582435,0.186078439097717
366,0.0366,25,424,25,139740,536704,3483,122773,4.250918768216956,0.18616722038827738
367,0.0367,16,444,16,140184,536260,3499,122757,4.247402103662401,0.18627288825629687
368,0.0368,13,426,13,140610,535834,3512,122744,4.244028006589786,0.1863773159747213
369,0.0369,22,429,22,141039,535405,3534,122722,4.240630148270181,0.18647160806348925
370,0.037,16,446,16,141485,534959,3550,122706,4.237097642884298,0.18657827313297803
371,0.0371,23,396,23,141881,534563,3573,122683,4.233961158281587,0.18666222388572923
372,0.0372,19,467,19,142348,534096,3592,122664,4.230262324166772,0.1867714233509958
373,0.0373,23,415,23,142763,533681,3615,122641,4.226975351666455,0.18686102248591394
374,0.0374,22,419,22,143182,533262,3637,122619,4.223656697503485,0.18695312106921835
375,0.0375,20,434,20,143616,532828,3657,122599,4.220219237105563,0.1870521049636344
376,0.0376,19,444,19,144060,532384,3676,122580,4.216702572551007,0.18715532456745715
377,0.0377,24,423,24,144483,531961,3700,122556,4.213352236725384,0.18724647335363329
378,0.0378,28,432,28,144915,531529,3728,122528,4.209930617158789,0.18733535456389885
379,0.0379,16,458,16,145373,531071,3744,122512,4.206303066784945,0.18744673591571384
380,0.038,19,447,19,145820,530624,3763,122493,4.202762640983399,0.18755138818925246
381,0.0381,19,414,19,146234,530210,3782,122474,4.199483588898746,0.18764670192620012
382,0.0382,18,421,18,146655,529789,3800,122456,4.196149093904448,0.18774540241780313
383,0.0383,17,427,17,147082,529362,3817,122439,4.19276707641617,0.18784721103526997
384,0.0384,18,471,18,147553,528891,3835,122421,4.189036560638702,0.18796060874051146
385,0.0385,29,429,29,147982,528462,3864,122392,4.185638702319098,0.18804831805596955
386,0.0386,28,425,28,148407,528037,3892,122364,4.182272525662147,0.1881362421029488
387,0.0387,17,387,17,148794,527650,3909,122347,4.179207324800405,0.1882270225862581
388,0.0388,22,457,22,149251,527193,3931,122325,4.175587694842226,0.18833196308647335
389,0.0389,25,469,25,149720,526724,3956,122300,4.1718730198960845,0.1884367912434671
390,0.039,21,413,21,150133,526311,3977,122279,4.168601888227094,0.18853050463312723
391,0.0391,13,424,13,150557,525887,3990,122266,4.165243631985807,0.18863755934169865
392,0.0392,22,403,22,150960,525484,4012,122244,4.162051704473451,0.1887273670429563
393,0.0393,26,413,26,151373,525071,4038,122218,4.158780572804461,0.18881519692131335
394,0.0394,20,435,20,151808,524636,4058,122198,4.155335191990876,0.1889170946487043
395,0.0395,29,439,29,152247,524197,4087,122169,4.151858129514637,0.18900901346914906
396,0.0396,20,401,20,152648,523796,4107,122149,4.148682042833608,0.18910123926959727
397,0.0397,9,412,9,153060,523384,4116,122140,4.145418831580281,0.189210625786183
398,0.0398,12,381,12,153441,523003,4128,122128,4.1424011532125204,0.18930728797717053
399,0.0399,18,430,18,153871,522573,4146,122110,4.138995374477252,0.18941091978538288
400,0.04,24,452,24,154323,522121,4170,122086,4.135415346597389,0.18951361906964687
401,0.0401,17,461,17,154784,521660,4187,122069,4.131764034976555,0.18962793349375281
402,0.0402,22,425,22,155209,521235,4209,122047,4.128397858319604,0.18972550141306613
403,0.0403,22,435,22,155644,520800,4231,122025,4.124952477506019,0.1898261579745654
404,0.0404,24,414,24,156058,520386,4255,122001,4.121673425421366,0.189918226863246
405,0.0405,18,380,18,156438,520006,4273,121983,4.118663667469269,0.19000792848475598
406,0.0406,18,412,18,156850,519594,4291,121965,4.1154004562159425,0.1901072231860203
407,0.0407,18,454,18,157304,519140,4309,121947,4.111804587504753,0.19021911222657767
408,0.0408,16,437,16,157741,518703,4325,121931,4.108343365859841,0.19032864318784204
409,0.0409,26,414,26,158155,518289,4351,121905,4.105064313775187,0.19041884178858284
410,0.041,24,406,24,158561,517883,4375,121881,4.101848625015841,0.19050931280909836
411,0.0411,22,439,22,159000,517444,4397,121859,4.098371562539602,0.1906122761820295
412,0.0412,17,501,17,159501,516943,4414,121842,4.094403434292231,0.19074023341186785
413,0.0413,19,429,19,159930,516514,4433,121823,4.091005575972627,0.19084433457562386
414,0.0414,19,425,19,160355,516089,4452,121804,4.087639399315676,0.19094738459271382
415,0.0415,15,441,15,160796,515648,4467,121789,4.084146496008111,0.19106044989544066
416,0.0416,19,447,19,161243,515201,4486,121770,4.0806060702065645,0.19117039865237193
417,0.0417,30,443,30,161686,514758,4516,121740,4.077097326067672,0.19126532997747048
418,0.0418,18,435,18,162121,514323,4534,121722,4.073651945254087,0.19137325189255477
419,0.0419,30,433,30,162554,513890,4564,121692,4.070222405271829,0.19146546000358727
420,0.042,21,398,21,162952,513492,4585,121671,4.06707007983779,0.19155870225438196
421,0.0421,31,458,31,163410,513034,4616,121640,4.063442529463947,0.19165744933619464
422,0.0422,19,398,19,163808,512636,4635,121621,4.060290204029908,0.1917535005526151
423,0.0423,21,384,21,164192,512252,4656,121600,4.0572487644151565,0.19184289076945407
424,0.0424,23,396,23,164588,511856,4679,121577,4.054112279812444,0.19193347994184073
425,0.0425,10,422,10,165010,511434,4689,121567,4.050769864402484,0.19204866974933688
426,0.0426,28,404,28,165414,511030,4717,121539,4.047570016474465,0.19213556149605815
427,0.0427,29,396,29,165810,510634,4746,121510,4.044433531871753,0.1922188615252221
428,0.0428,17,416,17,166226,510218,4763,121493,4.041138638955772,0.19232370498534931
429,0.0429,18,440,18,166666,509778,4781,121475,4.0376536560638705,0.19243472902307
430,0.043,30,441,30,167107,509337,4811,121445,4.034160752756304,0.19253085852164456
431,0.0431,20,439,20,167546,508898,4831,121425,4.030683690280066,0.19263932935970923
432,0.0432,23,445,23,167991,508453,4854,121402,4.027159105309846,0.1927459494645593
433,0.0433,23,383,23,168374,508070,4877,121379,4.024125586110759,0.19283373235957163
434,0.0434,18,431,18,168805,507639,4895,121361,4.020711886959828,0.19294276629570747
435,0.0435,21,401,21,169206,507238,4916,121340,4.017535800278798,0.1930388909570491
436,0.0436,29,399,29,169605,506839,4945,121311,4.014375554429097,0.19312425376104433
437,0.0437,24,422,24,170027,506417,4969,121287,4.011033139019136,0.19322323897888177
438,0.0438,25,402,25,170429,506015,4994,121262,4.007849131922443,0.19331491510130294
439,0.0439,12,432,12,170861,505583,5006,121250,4.004427512355848,0.19343270057575143
440,0.044,18,445,18,171306,505138,5024,121232,4.00090292738563,0.19354694509634882
441,0.0441,27,418,27,171724,504720,5051,121205,3.9975921936383223,0.19364141071214602
442,0.0442,16,444,16,172168,504276,5067,121189,3.994075529083766,0.1937582438665633
443,0.0443,16,391,16,172559,503885,5083,121173,3.9909786465593715,0.19385880990244106
444,0.0444,21,395,21,172954,503490,5104,121152,3.987850082372323,0.19395429702133382
445,0.0445,20,427,20,173381,503063,5124,121132,3.984468064884045,0.1940611507621817
446,0.0446,19,392,19,173773,502671,5143,121113,3.981363261943987,0.19415855488438305
447,0.0447,15,375,15,174148,502296,5158,121098,3.9783931060702065,0.1942559601151118
448,0.0448,18,386,18,174534,501910,5176,121080,3.975335825624129,0.1943530393746288
449,0.0449,28,389,28,174923,501521,5204,121052,3.972254783931061,0.19443824258360065
450,0.045,26,399,26,175322,501122,5230,121026,3.9690945380813587,0.19452927599220765
451,0.0451,23,407,23,175729,500715,5253,121003,3.965870928906349,0.19462682438018522
452,0.0452,22,404,22,176133,500311,5275,120981,3.9626710809783297,0.19472486367118844
453,0.0453,21,447,21,176580,499864,5296,120960,3.9591306551767835,0.19483782843446773
454,0.0454,21,383,21,176963,499481,5317,120939,3.956097135977696,0.19493085329293058
455,0.0455,21,427,21,177390,499054,5338,120918,3.9527151184894183,0.19503784041859956
456,0.0456,19,456,19,177846,498598,5357,120899,3.9491034089469017,0.19515671585173133
457,0.0457,27,458,27,178304,498140,5384,120872,3.945475858573058,0.195266004536261
458,0.0458,23,417,23,178721,497723,5407,120849,3.942173045241414,0.19536771790511048
459,0.0459,30,416,30,179137,497307,5437,120819,3.938878152325434,0.19546014890168023
460,0.046,16,413,16,179550,496894,5453,120803,3.935607020656444,0.1955699962926807
461,0.0461,26,404,26,179954,496490,5479,120777,3.932407172728425,0.19566411293654123
462,0.0462,23,454,23,180408,496036,5502,120754,3.928811304017235,0.1957781416689635
463,0.0463,27,421,27,180829,495615,5529,120727,3.9254768090229377,0.19587663991744844
464,0.0464,19,387,19,181216,495228,5548,120708,3.9224116081611964,0.1959749064837905
465,0.0465,15,437,15,181653,494791,5563,120693,3.9189503865162845,0.1960944557453971
466,0.0466,18,388,18,182041,494403,5581,120675,3.91587726523888,0.19619462897388623
467,0.0467,29,434,29,182475,493969,5610,120646,3.912439804840958,0.19629524173669696
468,0.0468,27,390,27,182865,493579,5637,120619,3.9093508427322265,0.19638455351531592
469,0.0469,24,401,24,183266,493178,5661,120595,3.9061747560511977,0.19648143531892084
470,0.047,19,403,19,183669,492775,5680,120576,3.9029828285388417,0.1965856418266213
471,0.0471,21,388,21,184057,492387,5701,120555,3.899909707261437,0.19668255724032616
472,0.0472,18,403,18,184460,491984,5719,120537,3.896717779749081,0.19678835501150166
473,0.0473,21,393,21,184853,491591,5740,120516,3.8936050563933597,0.1968871455480823
474,0.0474,25,410,25,185263,491181,5765,120491,3.8903576859713596,0.1969862933075243
475,0.0475,27,390,27,185653,490791,5792,120464,3.8872687238626282,0.1970765065316439
476,0.0476,23,417,23,186070,490374,5815,120441,3.8839659105309847,0.1971808157952899
477,0.0477,28,398,28,186468,489976,5843,120413,3.880813585096946,0.19727255897468662
478,0.0478,24,422,24,186890,489554,5867,120389,3.8774711696869852,0.1973774598610034
479,0.0479,19,411,19,187301,489143,5886,120370,3.874215878849322,0.19748553353250875
480,0.048,23,386,23,187687,488757,5909,120347,3.871158598403244,0.1975803803619743
481,0.0481,35,458,35,188145,488299,5944,120312,3.8675310480294005,0.19768292061760304
482,0.0482,24,435,24,188580,487864,5968,120288,3.8640856672158157,0.19779265709888316
483,0.0483,21,415,21,188995,487449,5989,120267,3.860798694715499,0.19790000592381968
484,0.0484,24,445,24,189440,487004,6013,120243,3.8572741097452794,0.19801332900780078
485,0.0485,28,415,28,189855,486589,6041,120215,3.8539871372449626,0.19811174613219426
486,0.0486,19,405,19,190260,486184,6060,120196,3.85077936890128,0.1982189386193476
487,0.0487,32,375,32,190635,485809,6092,120164,3.8478092130275,0.19829926415863414
488,0.0488,27,463,27,191098,485346,6119,120137,3.844142060575339,0.1984151495582865
489,0.0489,21,412,21,191510,484934,6140,120116,3.8408788493220123,0.19852243616230064
490,0.049,15,442,15,191952,484492,6155,120101,3.8373780255987833,0.1986476853023439
491,0.0491,26,413,26,192365,484079,6181,120075,3.8341068939297935,0.198748994461677
492,0.0492,24,431,24,192796,483648,6205,120051,3.830693194778862,0.19885903405505062
493,0.0493,31,428,31,193224,483220,6236,120020,3.827303256874921,0.19895895497646043
494,0.0494,27,390,27,193614,482830,6263,119993,3.8242142947661892,0.19905179463955422
495,0.0495,21,408,21,194022,482422,6284,119972,3.8209827651755166,0.19915869015959653
496,0.0496,20,413,20,194435,482009,6304,119952,3.8177116335065264,0.19926872338905677
497,0.0497,24,357,24,194792,481652,6328,119928,3.8148840451146877,0.19935503174972571
498,0.0498,18,402,18,195194,481250,6346,119910,3.811700038017995,0.19946436888681882
499,0.0499,28,396,28,195590,480854,6374,119882,3.8085635534152833,0.19955854152239919
500,0.05,25,405,25,195995,480449,6399,119857,3.8053557850716007,0.19965984014819108
501,0.0501,17,400,17,196395,480049,6416,119840,3.802187618806235,0.1997702908371382
502,0.0502,13,376,13,196771,479673,6429,119827,3.7992095425167913,0.19987823185988324
503,0.0503,24,407,24,197178,479266,6453,119803,3.7959859333417816,0.1999819720265946
504,0.0504,27,398,27,197576,478868,6480,119776,3.792833607907743,0.20007884485604133
505,0.0505,18,384,18,197960,478484,6498,119758,3.789792168292992,0.20018320345278331
506,0.0506,21,413,21,198373,478071,6519,119737,3.786521036624002,0.20029340524047856
507,0.0507,24,425,24,198798,477646,6543,119713,3.783154859967051,0.2004037772930516
508,0.0508,14,423,14,199221,477223,6557,119699,3.779804524141427,0.20052703703331423
509,0.0509,22,404,22,199625,476819,6579,119677,3.776604676213408,0.2006333655213111
510,0.051,24,399,24,200024,476420,6603,119653,3.7734444303637056,0.20073548038579167
511,0.0511,19,399,19,200423,476021,6622,119634,3.7702841845140034,0.20084444854823683
512,0.0512,21,401,21,200824,475620,6643,119613,3.767108097832974,0.20095156014535484
513,0.0513,21,409,21,201233,475211,6664,119592,3.763868647826638,0.20106152793445897
514,0.0514,20,369,20,201602,474842,6684,119572,3.760946014446838,0.20115946125091266
515,0.0515,20,414,20,202016,474428,6704,119552,3.7576669623621846,0.2012727701269403
516,0.0516,20,406,20,202422,474022,6724,119532,3.7544512736028386,0.2013835303948756
517,0.0517,23,386,23,202808,473636,6747,119509,3.751393993156761,0.2014836169907864
518,0.0518,16,343,16,203151,473293,6763,119493,3.74867729058421,0.20157864726899757
519,0.0519,21,432,21,203583,472861,6784,119472,3.745255671017615,0.2016973560480338
520,0.052,27,417,27,204000,472444,6811,119445,3.7419528576859715,0.2018030407728476
521,0.0521,17,414,17,204414,472030,6828,119428,3.738673805601318,0.20192135367177383
522,0.0522,20,395,20,204809,471635,6848,119408,3.7355452414142696,0.20202929397691877
523,0.0523,19,405,19,205214,471230,6867,119389,3.732337473070587,0.20214215932775614
524,0.0524,24,402,24,205616,470828,6891,119365,3.7291534659738943,0.2022474004266401
525,0.0525,24,387,24,206003,470441,6915,119341,3.726088265112153,0.20234764709672387
526,0.0526,29,385,29,206388,470056,6944,119312,3.7230389050817387,0.20244058041834642
527,0.0527,18,395,18,206783,469661,6962,119294,3.7199103408946903,0.2025519776553387
528,0.0528,21,388,21,207171,469273,6983,119273,3.7168372196172856,0.20265705654273414
529,0.0529,31,369,31,207540,468904,7014,119242,3.7139145862374856,0.20274217626235663
530,0.053,19,359,19,207899,468545,7033,119223,3.71107115701432,0.20284023628370376
531,0.0531,24,388,24,208287,468157,7057,119199,3.7079980357369156,0.20294165718916637
532,0.0532,18,403,18,208690,467754,7075,119181,3.7048061082245596,0.20305655651818344
533,0.0533,24,375,24,209065,467379,7099,119157,3.7018359523507796,0.20315377061254553
534,0.0534,20,368,20,209433,467011,7119,119137,3.698921239386643,0.20325412694404826
535,0.0535,21,383,21,209816,466628,7140,119116,3.6958877201875553,0.20335846376574065
536,0.0536,22,409,22,210225,466219,7162,119094,3.6926482701812193,0.20347062170155114
537,0.0537,30,377,30,210602,465842,7192,119064,3.689662273476112,0.20356091406140475
538,0.0538,39,387,39,210989,465455,7231,119025,3.686597072614371,0.20364255406515194
539,0.0539,24,407,24,211396,465048,7255,119001,3.683373463439361,0.20375174000811574
540,0.054,25,402,25,211798,464646,7280,118976,3.680189456342669,0.20385797656702453
541,0.0541,29,397,29,212195,464249,7309,118947,3.6770450513242934,0.20395716020000138
542,0.0542,23,347,23,212542,463902,7332,118924,3.674296667089089,0.2040471770305374
543,0.0543,29,433,29,212975,463469,7361,118895,3.6708671271068307,0.20415925434951337
544,0.0544,27,393,27,213368,463076,7388,118868,3.667754403751109,0.2042602037309432
545,0.0545,25,392,25,213760,462684,7413,118843,3.6646496008110505,0.20436368388742054
546,0.0546,20,371,20,214131,462313,7433,118823,3.661711126599924,0.2044667685361086
547,0.0547,21,395,21,214526,461918,7454,118802,3.6585825624128754,0.20457707673233227
548,0.0548,24,369,24,214895,461549,7478,118778,3.655659929033076,0.20467426123547586
549,0.0549,24,391,24,215286,461158,7502,118754,3.6525630465086807,0.20477934583178137
550,0.055,32,383,32,215669,460775,7534,118722,3.649529527309593,0.20487077586251526
551,0.0551,25,390,25,216059,460385,7559,118697,3.646440565200862,0.2049744250382502
552,0.0552,27,371,27,216430,460014,7586,118670,3.643502090989735,0.20506874218053375
553,0.0553,33,410,33,216840,459604,7619,118637,3.6402547205677354,0.2051687791076731
554,0.0554,33,396,33,217236,459208,7652,118604,3.6371182359650236,0.2052639959017812
555,0.0555,26,354,26,217590,458854,7678,118578,3.634314408820175,0.20535405034705384
556,0.0556,29,435,29,218025,458419,7707,118549,3.6308690280065896,0.20546893415232734
557,0.0557,20,373,20,218398,458046,7727,118529,3.6279147129641363,0.20557429649221698
558,0.0558,23,367,23,218765,457679,7750,118506,3.6250079204156633,0.20567352499631195
559,0.0559,24,394,24,219159,457285,7774,118482,3.6218872766442782,0.20578115800315058
560,0.056,23,341,23,219500,456944,7797,118459,3.619186414903054,0.2058713632010956
561,0.0561,18,361,18,219861,456583,7815,118441,3.6163271448485617,0.2059757505773672
562,0.0562,27,376,27,220237,456207,7842,118414,3.613349068559118,0.20607322043573068
563,0.0563,28,383,28,220620,455824,7870,118386,3.6103155493600303,0.20617195799446195
564,0.0564,29,340,29,220960,455484,7899,118357,3.6076226080344695,0.2062539971873742
565,0.0565,18,382,18,221342,455102,7917,118339,3.6045970092510453,0.2063664788530991
566,0.0566,28,367,28,221709,454735,7945,118311,3.6016902167025724,0.20645986535112365
567,0.0567,25,394,25,222103,454341,7970,118286,3.5985695729311873,0.2065672767787757
568,0.0568,21,396,21,222499,453945,7991,118265,3.5954330883284755,0.2066811135771832
569,0.0569,22,373,22,222872,453572,8013,118243,3.592478773286022,0.20678541136556403
570,0.057,33,363,33,223235,453209,8046,118210,3.5896036624002026,0.20687096508866523
571,0.0571,26,403,26,223638,452806,8072,118184,3.586411734887847,0.20698085780836792
572,0.0572,21,391,21,224029,452415,8093,118163,3.583314852363452,0.20709350868768162
573,0.0573,24,385,24,224414,452030,8117,118139,3.5802654923330377,0.20719997053505188
574,0.0574,28,413,28,224827,451617,8145,118111,3.5769943606640475,0.2073112081554707
575,0.0575,37,372,37,225199,451245,8182,118074,3.5740479660372575,0.20739515104888473
576,0.0576,30,396,30,225595,450849,8212,118044,3.5709114814345457,0.2074977192547632
577,0.0577,32,381,32,225976,450468,8244,118012,3.567893803066785,0.20759217562623136
578,0.0578,25,386,25,226362,450082,8269,117987,3.5648365226207073,0.20769836058647806
579,0.0579,26,358,26,226720,449724,8295,117961,3.5620010138132048,0.20779305424663325
580,0.058,23,344,23,227064,449380,8318,117938,3.5592763908249907,0.20788693466450914
581,0.0581,21,381,21,227445,448999,8339,117917,3.55625871245723,0.207997304715337
582,0.0582,29,363,29,227808,448636,8368,117888,3.5533836015714106,0.20809003678573193
583,0.0583,23,394,23,228202,448242,8391,117865,3.5502629578000255,0.2082026895975496
584,0.0584,22,337,22,228539,447905,8413,117843,3.547593777721455,0.20829591973811662
585,0.0585,26,344,26,228883,447561,8439,117817,3.5448691547332403,0.20838624778466797
586,0.0586,19,376,19,229259,447185,8458,117798,3.541891078443797,0.20849830879867182
587,0.0587,25,395,25,229654,446790,8483,117773,3.538762514256748,0.20860913662425629
588,0.0588,23,390,23,230044,446400,8506,117750,3.5356735521480167,0.20872108481786758
589,0.0589,28,371,28,230415,446029,8534,117722,3.53273507793689,0.20881914178422745
590,0.059,26,374,26,230789,445655,8560,117696,3.5297728424787733,0.20892125868242
591,0.0591,22,378,22,231167,445277,8582,117674,3.526778925358003,0.2090306261113312
592,0.0592,27,354,27,231521,444923,8609,117647,3.523975098213154,0.20912419787759745
593,0.0593,23,366,23,231887,444557,8632,117624,3.5210762260803445,0.20922798885056593
594,0.0594,24,379,24,232266,444178,8656,117600,3.5180743885439107,0.20933536023126573
595,0.0595,22,380,22,232646,443798,8678,117578,3.5150646305918136,0.20944607535769252
596,0.0596,21,373,21,233019,443425,8699,117557,3.51211031554936,0.2095557433215326
597,0.0597,45,352,45,233371,443073,8744,117512,3.509322329235838,0.20962387505909005
598,0.0598,22,379,22,233750,442694,8766,117490,3.5063204916994044,0.20973465861217028
599,0.0599,29,404,29,234154,442290,8795,117461,3.503120643771385,0.20984509183547684
600,0.06,25,370,25,234524,441920,8820,117436,3.5001900899759217,0.20994858372843056
601,0.0601,34,392,34,234916,441528,8854,117402,3.4970852870358637,0.21004776984595566
602,0.0602,29,383,29,235299,441145,8883,117373,3.494051767836776,0.21015079191718083
603,0.0603,31,386,31,235685,440759,8914,117342,3.490994487390698,0.21025226616687662
604,0.0604,25,387,25,236072,440372,8939,117317,3.487929286528957,0.21036276491019187
605,0.0605,32,374,32,236446,439998,8971,117285,3.48496705107084,0.2104586000290696
606,0.0606,30,381,30,236827,439617,9001,117255,3.4819493727030792,0.21056005688919535
607,0.0607,24,326,24,237153,439291,9025,117231,3.4793673171968065,0.21064935438311513
608,0.0608,18,333,18,237486,438958,9043,117213,3.4767298187808895,0.21074993122618763
609,0.0609,24,382,24,237868,438576,9067,117189,3.4737042199974653,0.21086070551402122
610,0.061,29,357,29,238225,438219,9096,117160,3.4708766316056265,0.21095504151219258
611,0.0611,24,362,24,238587,437857,9120,117136,3.4680094411354707,0.21105851785518015
612,0.0612,25,373,25,238960,437484,9145,117111,3.4650551260930174,0.21116490411922215
613,0.0613,25,329,25,239289,437155,9170,117086,3.462449309339754,0.21125467080205182
614,0.0614,20,369,20,239658,436786,9190,117066,3.4595266759599546,0.21136693557123565
615,0.0615,30,368,30,240026,436418,9220,117036,3.456611962995818,0.2114647287760139
616,0.0616,29,367,29,240393,436051,9249,117007,3.453705170447345,0.2115637057957755
617,0.0617,22,381,22,240774,435670,9271,116985,3.4506874920795845,0.2116781717346265
618,0.0618,28,365,28,241139,435305,9299,116957,3.447796540362438,0.21177810531957658
619,0.0619,26,376,26,241515,434929,9325,116931,3.4448184640729944,0.2118852607545392
620,0.062,31,406,31,241921,434523,9356,116900,3.4416027753136484,0.2119969605910526
621,0.0621,32,341,32,242262,434182,9388,116868,3.4389019135724244,0.21208238816804284
622,0.0622,37,363,37,242625,433819,9425,116831,3.436026802686605,0.21216925451738855
623,0.0623,23,329,23,242954,433490,9448,116808,3.433420985933342,0.2122631737713021
624,0.0624,41,363,41,243317,433127,9489,116767,3.4305458750475224,0.21234456095174706
625,0.0625,21,364,21,243681,432763,9510,116746,3.42766284374604,0.21245511902443817
626,0.0626,28,355,28,244036,432408,9538,116718,3.424851096185528,0.2125523103987063
627,0.0627,20,354,20,244390,432054,9558,116698,3.422047269040679,0.2126607283435869
628,0.0628,33,370,33,244760,431684,9591,116665,3.419116715245216,0.21275683916629737
629,0.0629,30,348,30,245108,431336,9621,116635,3.416360410594348,0.2128488551401443
630,0.063,22,397,22,245505,430939,9643,116613,3.413216005575973,0.2129715533867103
631,0.0631,25,355,25,245860,430584,9668,116588,3.4104042580154608,0.2130737683945816
632,0.0632,22,370,22,246230,430214,9690,116566,3.4074737042199974,0.213186290647061
633,0.0633,37,339,37,246569,429875,9727,116529,3.4047886833101,0.21326527624248726
634,0.0634,28,337,28,246906,429538,9755,116501,3.4021195032315297,0.2133565551178579
635,0.0635,16,354,16,247260,429184,9771,116485,3.399315676086681,0.2134719032966872
636,0.0636,35,366,35,247626,428818,9806,116450,3.3964168039538714,0.21356470579604891
637,0.0637,27,340,27,247966,428478,9833,116423,3.3937238626283106,0.21365899493669493
638,0.0638,25,369,25,248335,428109,9858,116398,3.390801229248511,0.21376768342739397
639,0.0639,20,369,20,248704,427740,9878,116378,3.387878595868711,0.21388375315648445
640,0.064,24,338,24,249042,427402,9902,116354,3.3852014953744773,0.21398200663532907
641,0.0641,29,372,29,249414,427030,9931,116325,3.3822551007476873,0.2140865548306356
642,0.0642,23,397,23,249811,426633,9954,116302,3.3791106957293118,0.21420980412019855
643,0.0643,23,348,23,250159,426285,9977,116279,3.376354391078444,0.21431388739392956
644,0.0644,16,350,16,250509,425935,9993,116263,3.373582245596249,0.21442904621558914
645,0.0645,28,367,28,250876,425568,10021,116235,3.370675453047776,0.21453369582671192
646,0.0646,24,341,24,251217,425227,10045,116211,3.367974591306552,0.2146339931811214
647,0.0647,31,310,31,251527,424917,10076,116180,3.3655192624508934,0.21471196476786972
648,0.0648,26,314,26,251841,424603,10102,116154,3.3630322519325815,0.2147988837869875
649,0.0649,29,354,29,252195,424249,10131,116125,3.3602284247877328,0.21489745990739748
650,0.065,25,406,25,252601,423843,10156,116100,3.357012736028387,0.21502269684022202
651,0.0651,28,329,28,252930,423514,10184,116072,3.3544069192751236,0.21511306816707623
652,0.0652,31,367,31,253297,423147,10215,116041,3.3515001267266507,0.21521435937001565
653,0.0653,15,348,15,253645,422799,10230,116026,3.3487438220757824,0.21533150837470422
654,0.0654,32,363,32,254008,422436,10262,115994,3.345868711189963,0.21543004661701615
655,0.0655,27,366,27,254374,422070,10289,115967,3.3429698390571536,0.2155372214178579
656,0.0656,20,394,20,254768,421676,10309,115947,3.3398491952857685,0.2156659964324443
657,0.0657,16,361,16,255129,421315,10325,115931,3.336989925231276,0.21578755356019402
658,0.0658,26,367,26,255496,420948,10351,115905,3.334083132682803,0.21589708914730849
659,0.0659,17,392,17,255888,420556,10368,115888,3.330978329742745,0.21603000499586164
660,0.066,21,352,21,256240,420204,10389,115867,3.328190343429223,0.21614114548259467
661,0.0661,33,366,33,256606,419838,10422,115834,3.3252914712964134,0.21624053525291595
662,0.0662,30,365,30,256971,419473,10452,115804,3.3224005195792676,0.2163440611122839
663,0.0663,28,371,28,257342,419102,10480,115776,3.319462045368141,0.21645309771574078
664,0.0664,21,353,21,257695,418749,10501,115755,3.316666138638956,0.21656526424498226
665,0.0665,24,368,24,258063,418381,10525,115731,3.3137514256748193,0.2166792732610389
666,0.0666,19,371,19,258434,418010,10544,115712,3.310812951463693,0.21680200553846385
667,0.0667,30,348,30,258782,417662,10574,115682,3.3080566468128247,0.21689941201175977
668,0.0668,26,321,26,259103,417341,10600,115656,3.3055141933848686,0.21699184047940231
669,0.0669,30,349,30,259452,416992,10630,115626,3.3027499683183374,0.21708992185769163
670,0.067,30,330,30,259782,416662,10660,115596,3.300136231149411,0.21718038996125938
671,0.0671,26,358,26,260140,416304,10686,115570,3.2973007223419084,0.217288305124898
672,0.0672,29,348,29,260488,415956,10715,115541,3.2945444176910406,0.2173878686050909
673,0.0673,27,347,27,260835,415609,10742,115514,3.2917960334558356,0.21749011057702264
674,0.0674,29,341,29,261176,415268,10771,115485,3.2890951717146115,0.2175870885327073
675,0.0675,27,363,27,261539,414905,10798,115458,3.2862200608287924,0.21769618167179838
676,0.0676,26,339,26,261878,414566,10824,115432,3.283535039918895,0.21779704829074828
677,0.0677,27,366,27,262244,414200,10851,115405,3.2806361677860854,0.21790768591686258
678,0.0678,34,333,34,262577,413867,10885,115371,3.2779986693701684,0.2179945506558486
679,0.0679,29,339,29,262916,413528,10914,115342,3.2753136484602714,0.21809140242403616
680,0.068,26,333,26,263249,413195,10940,115316,3.2726761500443544,0.21819034986972835
681,0.0681,25,350,25,263599,412845,10965,115291,3.2699040045621595,0.21829793840980355
682,0.0682,36,331,36,263930,412514,11001,115255,3.2672823469775696,0.21838152676644518
683,0.0683,28,338,28,264268,412176,11029,115227,3.2646052464833355,0.21847998589314055
684,0.0684,30,338,30,264606,411838,11059,115197,3.2619281459891014,0.21857561642016185
685,0.0685,34,357,34,264963,411481,11093,115163,3.2591005575972627,0.21867333530810187
686,0.0686,22,332,22,265295,411149,11115,115141,3.256470979597009,0.21877862015238747
687,0.0687,44,334,44,265629,410815,11159,115097,3.253825560765429,0.2188522034104565
688,0.0688,18,334,18,265963,410481,11177,115079,3.251180141933849,0.2189645330694878
689,0.0689,33,317,33,266280,410164,11210,115046,3.2486693701685465,0.21904761904761905
690,0.069,31,331,31,266611,409833,11241,115015,3.246047712583956,0.21913963661860195
691,0.0691,30,334,30,266945,409499,11271,114985,3.2434022937523763,0.21923452383676145
692,0.0692,34,352,34,267297,409147,11305,114951,3.2406143074388543,0.2193311174627646
693,0.0693,23,334,23,267631,408813,11328,114928,3.237968888607274,0.21943670631094378
694,0.0694,26,352,26,267983,408461,11354,114902,3.2351809022937523,0.21954551620959067
695,0.0695,27,351,27,268334,408110,11381,114875,3.232400836395894,0.21965257129745594
696,0.0696,33,321,33,268655,407789,11414,114842,3.2298583829679384,0.21973820917626394
697,0.0697,20,327,20,268982,407462,11434,114822,3.227268407046002,0.21984590759050632
698,0.0698,24,344,24,269326,407118,11458,114798,3.2245437840577873,0.21995493527694113
699,0.0699,18,337,18,269663,406781,11476,114780,3.221874603979217,0.22007013561213357
700,0.07,26,329,26,269992,406452,11502,114754,3.2192687872259538,0.22017014385866623
701,0.0701,20,362,20,270354,406090,11522,114734,3.216401596755798,0.22029322765463957
702,0.0702,25,366,25,270720,405724,11547,114709,3.2135027246229884,0.22041069647774064
703,0.0703,34,317,34,271037,405407,11581,114675,3.210991952857686,0.2204940759341796
704,0.0704,29,334,29,271371,405073,11610,114646,3.2083465340261057,0.22059228159832525
705,0.0705,31,314,31,271685,404759,11641,114615,3.205859523507794,0.22067912525463346
706,0.0706,26,349,26,272034,404410,11667,114589,3.203095298441262,0.22078847936123192
707,0.0707,25,323,25,272357,404087,11692,114564,3.2005370041819794,0.22088842015150842
708,0.0708,32,336,32,272693,403751,11724,114532,3.1978757445190724,0.2209835167273478
709,0.0709,21,338,21,273031,403413,11745,114511,3.1951986440248383,0.22109614538040331
710,0.071,36,334,36,273365,403079,11781,114475,3.192553225193258,0.22118464933127752
711,0.0711,30,333,30,273698,402746,11811,114445,3.1899157267773415,0.22128188618904815
712,0.0712,35,364,35,274062,402382,11846,114410,3.1870326954758585,0.2213850059598446
713,0.0713,23,301,23,274363,402081,11869,114387,3.184648650361171,0.221479355932991
714,0.0714,25,305,25,274668,401776,11894,114362,3.18223292358383,0.22157252517737505
715,0.0715,38,321,38,274989,401455,11932,114324,3.1796904701558737,0.2216530723429996
716,0.0716,24,367,24,275356,401088,11956,114300,3.1767836776074008,0.22177466297236256
717,0.0717,28,305,28,275661,400783,11984,114272,3.1743679508300597,0.2218636844608828
718,0.0718,24,338,24,275999,400445,12008,114248,3.1716908503358257,0.22197309852669456
719,0.0719,37,334,37,276333,400111,12045,114211,3.1690454315042453,0.2220612767876933
720,0.072,25,341,25,276674,399770,12070,114186,3.1663445697630213,0.22217076948221248
721,0.0721,28,356,28,277030,399414,12098,114158,3.163524901786846,0.22228236741878452
722,0.0722,34,319,34,277349,399095,12132,114124,3.160998289190217,0.22236900816220756
723,0.0723,38,318,38,277667,398777,12170,114086,3.158479597009251,0.22244927007797405
724,0.0724,24,347,24,278014,398430,12194,114062,3.1557312127740462,0.2225634741615479
725,0.0725,38,326,38,278340,398104,12232,114024,3.1531491572677735,0.22264746313421643
726,0.0726,32,316,32,278656,397788,12264,113992,3.1506463059181344,0.22273633201766385
727,0.0727,30,330,30,278986,397458,12294,113962,3.148032568749208,0.22283446091275272
728,0.0728,27,350,27,279336,397108,12321,113935,3.145260423267013,0.22294601432756148
729,0.0729,28,325,28,279661,396783,12349,113907,3.1426862881764035,0.223045291664219
730,0.073,31,309,31,279970,396474,12380,113876,3.1402388797364087,0.22313314392083863
731,0.0731,29,339,29,280309,396135,12409,113847,3.1375538588265113,0.22323729072790804
732,0.0732,20,343,20,280652,395792,12429,113827,3.13483715625396,0.22335705693861493
733,0.0733,18,301,18,280953,395491,12447,113809,3.1324531111392724,0.22346161397997252
734,0.0734,37,294,37,281247,395197,12484,113772,3.130124508934229,0.22353424275348793
735,0.0735,19,321,19,281568,394876,12503,113753,3.1275820555062728,0.2236463119483946
736,0.0736,23,341,23,281909,394535,12526,113730,3.1248811937650487,0.22376122691902847
737,0.0737,29,329,29,282238,394206,12555,113701,3.1222753770117855,0.22386184872427434
738,0.0738,21,335,21,282573,393871,12576,113680,3.119622037764542,0.22397749191706842
739,0.0739,30,328,30,282901,393543,12606,113650,3.117024141426942,0.22407643638614885
740,0.074,30,322,30,283223,393221,12636,113620,3.114473767583323,0.22417286683595053
741,0.0741,37,308,37,283531,392913,12673,113583,3.112034279558991,0.22425251137225172
742,0.0742,29,348,29,283879,392565,12702,113554,3.109277974908123,0.2243622547266552
743,0.0743,28,341,28,284220,392224,12730,113526,3.106577113166899,0.22447058823529412
744,0.0744,21,317,21,284537,391907,12751,113505,3.1040663414015968,0.22457915522385696
745,0.0745,39,306,39,284843,391601,12790,113466,3.101642694208592,0.22465534275650556
746,0.0746,26,369,26,285212,391232,12816,113440,3.0987200608287924,0.2247796588675417
747,0.0747,35,329,35,285541,390903,12851,113405,3.096114244075529,0.2248724985524719
748,0.0748,26,324,26,285865,390579,12877,113379,3.093548029400583,0.22497708142345196
749,0.0749,26,315,26,286180,390264,12903,113353,3.0910530984666074,0.22507778728676753
750,0.075,21,328,21,286508,389936,12924,113332,3.088455202129008,0.22519214414586264
751,0.0751,37,328,37,286836,389608,12961,113295,3.085857305791408,0.22528201263464326
752,0.0752,14,329,14,287165,389279,12975,113281,3.083251489038145,0.22540791149315503
753,0.0753,25,344,25,287509,388935,13000,113256,3.0805268660499303,0.2255237549060019
754,0.0754,25,301,25,287810,388634,13025,113231,3.0781428209352426,0.2256204357745609
755,0.0755,32,328,32,288138,388306,13057,113199,3.0755449245976427,0.22571858705297057
756,0.0756,26,302,26,288440,388004,13083,113173,3.0731529590672917,0.22581443282512964
757,0.0757,29,313,29,288753,387691,13112,113144,3.070673868964643,0.22591072908243234
758,0.0758,32,299,32,289052,387392,13144,113112,3.0683056646812825,0.22599619583459873
759,0.0759,26,341,26,289393,387051,13170,113086,3.0656048029400584,0.2261100458474378
760,0.076,25,319,25,289712,386732,13195,113061,3.0630781903434294,0.22621565328045812
761,0.0761,28,334,28,290046,386398,13223,113033,3.060432771511849,0.2263235562069635
762,0.0762,22,327,22,290373,386071,13245,113011,3.0578427955899126,0.22643773969007097
763,0.0763,34,327,34,290700,385744,13279,112977,3.055252819667976,0.22653347262296955
764,0.0764,16,316,16,291016,385428,13295,112961,3.0527499683183374,0.22665227362562176
765,0.0765,24,317,24,291333,385111,13319,112937,3.050239196553035,0.2267592681829864
766,0.0766,24,336,24,291669,384775,13343,112913,3.047577936890128,0.22687507032518364
767,0.0767,24,301,24,291970,384474,13367,112889,3.0451938917754404,0.22697506650072483
768,0.0768,31,339,31,292309,384135,13398,112858,3.042508870865543,0.22708166915831812
769,0.0769,34,352,34,292661,383783,13432,112824,3.0397208845520214,0.2271897093677697
770,0.077,21,325,21,292986,383458,13453,112803,3.037146749461412,0.2273057927179448
771,0.0771,29,302,29,293288,383156,13482,112774,3.034754783931061,0.22739902808864154
772,0.0772,26,303,26,293591,382853,13508,112748,3.032354897985046,0.2274975232091945
773,0.0773,16,312,16,293903,382541,13524,112732,3.0298837282980613,0.22761588053457385
774,0.0774,17,295,17,294198,382246,13541,112715,3.027547205677354,0.22772501267776654
775,0.0775,28,332,28,294530,381914,13569,112687,3.0249176276771004,0.22783415318610353
776,0.0776,28,290,28,294820,381624,13597,112659,3.0226207071347106,0.2279240839761837
777,0.0777,30,300,30,295120,381324,13627,112629,3.0202445824356863,0.22801562091939923
778,0.0778,27,314,27,295434,381010,13654,112602,3.0177575719173744,0.22811844120483293
779,0.0779,24,308,24,295742,380702,13678,112578,3.015318083893043,0.2282233214401557
780,0.078,39,309,39,296051,380393,13717,112539,3.0128706754530477,0.22830532406092524
781,0.0781,21,300,21,296351,380093,13738,112518,3.0104945507540237,0.2284114646242167
782,0.0782,32,309,32,296660,379784,13770,112486,3.0080471423140285,0.22850468238974547
783,0.0783,29,289,29,296949,379495,13799,112457,3.005758142187302,0.22859344001040752
784,0.0784,36,307,36,297256,379188,13835,112421,3.003326574578634,0.22867970277191835
785,0.0785,32,307,32,297563,378881,13867,112389,3.000895006969966,0.22877236550165897
786,0.0786,29,325,29,297888,378556,13896,112360,2.9983208718793564,0.22887826023189303
787,0.0787,26,310,26,298198,378246,13922,112334,2.995865543023698,0.22898202128093278
788,0.0788,29,288,29,298486,377958,13951,112305,2.9935844633126347,0.2290709272370136
789,0.0789,31,321,31,298807,377637,13982,112274,2.9910420098846786,0.22917223740638606
790,0.079,29,325,29,299132,377312,14011,112245,2.988467874794069,0.22927871524664134
791,0.0791,33,289,33,299421,377023,14044,112212,2.9861788746673423,0.22936216746553292
792,0.0792,30,272,30,299693,376751,14074,112182,2.984024521606894,0.22944247984897725
793,0.0793,33,332,33,300025,376419,14107,112149,2.9813949436066403,0.22954634769366802
794,0.0794,26,342,26,300367,376077,14133,112123,2.978686161449753,0.2296661204424416
795,0.0795,30,347,30,300714,375730,14163,112093,2.9759377772145483,0.22978211359447998
796,0.0796,27,302,27,301016,375428,14190,112066,2.9735458116841973,0.2298818036734811
797,0.0797,26,339,26,301355,375089,14216,112040,2.9708607907743,0.2300006774386251
798,0.0798,35,368,35,301723,374721,14251,112005,2.9679460778101636,0.23011920464491314
799,0.0799,28,308,28,302031,374413,14279,111977,2.965506589785832,0.2302206048644092
800,0.08,28,297,28,302328,374116,14307,111949,2.963154226333798,0.23031693292049418
801,0.0801,31,288,31,302616,373828,14338,111918,2.9608731466227347,0.2304043677148139
802,0.0802,36,320,36,302936,373508,14374,111882,2.9583386136104424,0.23049918622138899
803,0.0803,28,278,28,303214,373230,14402,111854,2.956136738056013,0.2305868674291463
804,0.0804,28,308,28,303522,372922,14430,111826,2.9536972500316816,0.23068893528183715
805,0.0805,23,306,23,303828,372616,14453,111803,2.951273602838677,0.23079813136974398
806,0.0806,36,331,36,304159,372285,14489,111767,2.948651945254087,0.23089874641567434
807,0.0807,26,293,26,304452,371992,14515,111741,2.9463312634647068,0.23099726502016607
808,0.0808,24,341,24,304793,371651,14539,111717,2.9436304017234827,0.23112204366031677
809,0.0809,27,276,27,305069,371375,14566,111690,2.94144436700038,0.2312111206566404
810,0.081,38,281,38,305350,371094,14604,111652,2.9392187301989607,0.2312851893128063
811,0.0811,31,327,31,305677,370767,14635,111621,2.9366287542770246,0.23139257195452623
812,0.0812,23,306,23,305983,370461,14658,111598,2.93420510708402,0.2315027828543809
813,0.0813,28,333,28,306316,370128,14686,111570,2.931567608668103,0.2316181507915748
814,0.0814,23,306,23,306622,369822,14709,111547,2.929143961475098,0.23172867384480514
815,0.0815,27,286,27,306908,369536,14736,111520,2.9268787225953616,0.2318233220248786
816,0.0816,39,283,39,307191,369253,14775,111481,2.9246372449626157,0.23189747344685419
817,0.0817,32,318,32,307509,368935,14807,111449,2.92211855278165,0.2319998168132161
818,0.0818,26,303,26,307812,368632,14833,111423,2.9197186668356356,0.23210465467498514
819,0.0819,26,328,26,308140,368304,14859,111397,2.9171207704980358,0.2322217381243733
820,0.082,31,293,31,308433,368011,14890,111366,2.9148000887086556,0.23231402424396666
821,0.0821,29,326,29,308759,367685,14919,111337,2.9122180332023824,0.23242565059642353
822,0.0822,31,301,31,309060,367384,14950,111306,2.9098339880876947,0.23252209154149867
823,0.0823,29,335,29,309395,367049,14979,111277,2.907180648840451,0.23263840978746714
824,0.0824,21,277,21,309672,366772,15000,111256,2.9049866937016855,0.23273950479888209
825,0.0825,30,308,30,309980,366464,15030,111226,2.902547205677354,0.23284138248654984
826,0.0826,36,297,36,310277,366167,15066,111190,2.90019484222532,0.23292839531000908
827,0.0827,25,296,25,310573,365871,15091,111165,2.8978503991889495,0.2330327270897794
828,0.0828,24,311,24,310884,365560,15115,111141,2.8953871499176276,0.23314614401899722
829,0.0829,28,300,28,311184,365260,15143,111113,2.8930110252186036,0.23324789608143198
830,0.083,29,307,29,311491,364953,15172,111084,2.8905794576099355,0.23335160922365278
831,0.0831,24,328,24,311819,364625,15196,111060,2.8879815612723356,0.23347383247317027
832,0.0832,34,310,34,312129,364315,15230,111026,2.885526232416677,0.23357126778460094
833,0.0833,29,291,29,312420,364024,15259,110997,2.8832213914586236,0.2336675641708472
834,0.0834,35,316,35,312736,363708,15294,110962,2.880718540108985,0.23376661680746624
835,0.0835,29,300,29,313036,363408,15323,110933,2.8783424154099606,0.23386761844327184
836,0.0836,38,279,38,313315,363129,15361,110895,2.8761326194398684,0.233943850944256
837,0.0837,25,287,25,313602,362842,15386,110870,2.8738594601444682,0.2340451582396055
838,0.0838,28,288,28,313890,362554,15414,110842,2.871578380433405,0.23414224032311215
839,0.0839,20,289,20,314179,362265,15434,110822,2.8692893803066783,0.23425289640171892
840,0.084,28,286,28,314465,361979,15462,110794,2.867024141426942,0.23434925429328662
841,0.0841,25,288,25,314753,361691,15487,110769,2.864743061715879,0.2344515937857173
842,0.0842,30,281,30,315034,361410,15517,110739,2.8625174249144596,0.23454248552893261
843,0.0843,20,297,20,315331,361113,15537,110719,2.8601650614624257,0.23465767476559454
844,0.0844,36,294,36,315625,360819,15573,110683,2.8578364592573817,0.23474555781311637
845,0.0845,23,317,23,315942,360502,15596,110660,2.8553256874920794,0.23486613945946405
846,0.0846,25,345,25,316287,360157,15621,110635,2.852593144088202,0.23499762103009397
847,0.0847,28,283,28,316570,359874,15649,110607,2.8503516664554556,0.23509344691921671
848,0.0848,31,320,31,316890,359554,15680,110576,2.8478171334431632,0.2352030289494395
849,0.0849,30,312,30,317202,359242,15710,110546,2.845345963756178,0.235310395327254
850,0.085,31,313,31,317515,358929,15741,110515,2.8428668736535294,0.23541679092713935
851,0.0851,39,277,39,317792,358652,15780,110476,2.8406729185147634,0.2354922323971283
852,0.0852,31,313,31,318105,358339,15811,110445,2.838193828412115,0.2355989112256391
853,0.0853,25,272,25,318377,358067,15836,110420,2.8360394753516665,0.23569490722261235
854,0.0854,25,295,25,318672,357772,15861,110395,2.833702952730959,0.23580260889810686
855,0.0855,29,303,29,318975,357469,15890,110366,2.831303066784945,0.23590795900263983
856,0.0856,20,298,20,319273,357171,15910,110346,2.8289427829172475,0.2360256418483178
857,0.0857,32,306,32,319579,356865,15942,110314,2.8265191357242427,0.23612790814655624
858,0.0858,32,289,32,319868,356576,15974,110282,2.8242301355975163,0.23622172052315693
859,0.0859,29,297,29,320165,356279,16003,110253,2.8218777721454824,0.23632462510610205
860,0.086,26,274,26,320439,356005,16029,110227,2.819707578253707,0.23642092348873522
861,0.0861,23,293,23,320732,355712,16052,110204,2.8173868964643263,0.2365319070390371
862,0.0862,25,311,25,321043,355401,16077,110179,2.814923647193005,0.2366489110356974
863,0.0863,28,286,28,321329,355115,16105,110151,2.8126584083132684,0.2367484406769461
864,0.0864,20,277,20,321606,354838,16125,110131,2.8104644531745024,0.23685665065843098
865,0.0865,13,272,13,321878,354566,16138,110118,2.808310100114054,0.2369739435831662
866,0.0866,29,310,29,322188,354256,16167,110089,2.8058547712583954,0.23708449536443807
867,0.0867,26,320,26,322508,353936,16193,110063,2.803320238246103,0.23720525259752714
868,0.0868,28,275,28,322783,353661,16221,110035,2.8011421239386642,0.23729986887961077
869,0.0869,31,293,31,323076,353368,16252,110004,2.798821442149284,0.2373988933297653
870,0.087,27,332,27,323408,353036,16279,109977,2.7961918641490304,0.23752464833600784
871,0.0871,25,288,25,323696,352748,16304,109952,2.7939107844379674,0.23763129457531879
872,0.0872,32,272,32,323968,352476,16336,109920,2.7917564313775185,0.23771831936262425
873,0.0873,34,293,34,324261,352183,16370,109886,2.7894357495881383,0.2378129673273905
874,0.0874,26,308,26,324569,351875,16396,109860,2.786996261563807,0.2379286820362329
875,0.0875,27,306,27,324875,351569,16423,109833,2.784572614370802,0.23804188104949697
876,0.0876,30,335,30,325210,351234,16453,109803,2.7819192751235584,0.23816526656211975
877,0.0877,26,291,26,325501,350943,16479,109777,2.779614434165505,0.23827270359437402
878,0.0878,36,264,36,325765,350679,16515,109741,2.7775234444303636,0.23834976760349247
879,0.0879,30,301,30,326066,350378,16545,109711,2.775139399315676,0.23845603785354572
880,0.088,27,276,27,326342,350102,16572,109684,2.7729533645925737,0.23855445794347804
881,0.0881,36,279,36,326621,349823,16608,109648,2.7707435686224815,0.23863965299224543
882,0.0882,25,288,25,326909,349535,16633,109623,2.768462488911418,0.23874788199269098
883,0.0883,23,279,23,327188,349256,16656,109600,2.7662526929413254,0.23885489129487247
884,0.0884,24,288,24,327476,348968,16680,109576,2.7639716132302623,0.23896507205415402
885,0.0885,38,270,38,327746,348698,16718,109538,2.7618331010011405,0.23904276399060745
886,0.0886,23,322,23,328068,348376,16741,109515,2.759282727157521,0.23917264152385612
887,0.0887,29,289,29,328357,348087,16770,109486,2.7569937270307947,0.23927548172641305
888,0.0888,23,258,23,328615,347829,16793,109463,2.754950259789634,0.23937221731410127
889,0.0889,31,273,31,328888,347556,16824,109432,2.7527879863135216,0.23946361830069937
890,0.089,23,288,23,329176,347268,16847,109409,2.7505069066024586,0.23957633075455956
891,0.0891,20,301,20,329477,346967,16867,109389,2.748122861487771,0.2397010228856419
892,0.0892,29,307,29,329784,346660,16896,109360,2.7456912938791027,0.23981404324371738
893,0.0893,35,310,35,330094,346350,16931,109325,2.7432359650234446,0.2399188017775827
894,0.0894,28,256,28,330350,346094,16959,109297,2.7412083386136104,0.24000693909190124
895,0.0895,25,270,25,330620,345824,16984,109272,2.7390698263844886,0.24010758169704854
896,0.0896,28,287,28,330907,345537,17012,109244,2.736796667089089,0.24021232197475267
897,0.0897,33,288,33,331195,345249,17045,109211,2.734515587378026,0.24030937816309467
898,0.0898,31,287,31,331482,344962,17076,109180,2.7322424280826256,0.24040938737223158
899,0.0899,34,264,34,331746,344698,17110,109146,2.7301514383474843,0.24049232776019955
900,0.09,29,233,29,331979,344465,17139,109117,2.728305981497909,0.24056730646277852
901,0.0901,29,276,29,332255,344189,17168,109088,2.7261199467748067,0.24066520030797944
902,0.0902,30,264,30,332519,343925,17198,109058,2.7240289570396654,0.24075517182764034
903,0.0903,36,272,36,332791,343653,17234,109022,2.721874603979217,0.24083945435466947
904,0.0904,26,284,26,333075,343369,17260,108996,2.7196252059308073,0.24094702286870115
905,0.0905,32,258,32,333333,343111,17292,108964,2.7175817386896464,0.24103080241110436
906,0.0906,26,278,26,333611,342833,17318,108938,2.7153798631352175,0.24113544251401706
907,0.0907,24,286,24,333897,342547,17342,108914,2.713114624255481,0.24124785972653232
908,0.0908,27,319,27,334216,342228,17369,108887,2.7105880116588517,0.24137304235062013
909,0.0909,29,266,29,334482,341962,17398,108858,2.7084811810923837,0.24146666075151946
910,0.091,28,257,28,334739,341705,17426,108830,2.706445634266886,0.24155725970235387
911,0.0911,33,269,33,335008,341436,17459,108797,2.704315042453428,0.241645992186268
912,0.0912,42,281,42,335289,341155,17501,108755,2.702089405652009,0.24172612300237825
913,0.0913,27,297,27,335586,340858,17528,108728,2.6997370421999745,0.24184027082693857
914,0.0914,28,278,28,335864,340580,17556,108700,2.6975351666455456,0.24194266381766383
915,0.0915,19,281,19,336145,340299,17575,108681,2.6953095298441263,0.24206200721635707
916,0.0916,16,245,16,336390,340054,17591,108665,2.6933690280065896,0.24216714692268435
917,0.0917,30,270,30,336660,339784,17621,108635,2.691230515777468,0.24226225918170283
918,0.0918,41,286,41,336946,339498,17662,108594,2.6889652768977315,0.24234755362738009
919,0.0919,27,296,27,337242,339202,17689,108567,2.686620833861361,0.24246207307785933
920,0.092,27,258,27,337500,338944,17716,108540,2.6845773666202004,0.24255615843248027
921,0.0921,28,270,28,337770,338674,17744,108512,2.6824388543910787,0.24265518151283805
922,0.0922,25,278,25,338048,338396,17769,108487,2.6802369788366494,0.24276376590740753
923,0.0923,28,321,28,338369,338075,17797,108459,2.6776945254086932,0.24289079890892967
924,0.0924,41,273,41,338642,337802,17838,108418,2.6755322519325815,0.24296983550714893
925,0.0925,23,293,23,338935,337509,17861,108395,2.6732115701432013,0.24309044099178298
926,0.0926,22,290,22,339225,337219,17883,108373,2.670914649600811,0.2432112784789673
927,0.0927,24,270,24,339495,336949,17907,108349,2.6687761373716894,0.24331795786192617
928,0.0928,31,293,31,339788,336656,17938,108318,2.666455455582309,0.24342545856611847
929,0.0929,25,266,25,340054,336390,17963,108293,2.664348625015841,0.2435285360582707
930,0.093,35,277,35,340331,336113,17998,108258,2.6621546698770753,0.24362075833031407
931,0.0931,37,271,37,340602,335842,18035,108221,2.6600082372322897,0.24370641102726415
932,0.0932,27,278,27,340880,335564,18062,108194,2.657806361677861,0.24381306928551147
933,0.0933,29,304,29,341184,335260,18091,108165,2.655398555316183,0.24393076619495968
934,0.0934,40,274,40,341458,334986,18131,108125,2.6532283614244077,0.2440133510565073
935,0.0935,27,265,27,341723,334721,18158,108098,2.651129451273603,0.24411328330536855
936,0.0936,23,252,23,341975,334469,18181,108075,2.6491335065264225,0.2442130048085614
937,0.0937,24,288,24,342263,334181,18205,108051,2.6468524268153595,0.24433102986667632
938,0.0938,36,291,36,342554,333890,18241,108015,2.644547585857306,0.24443036399226079
939,0.0939,30,250,30,342804,333640,18271,107985,2.642567481941452,0.2445174073025757
940,0.094,39,279,39,343083,333361,18310,107946,2.6403576859713596,0.24460522946610863
941,0.0941,29,265,29,343348,333096,18339,107917,2.638258775820555,0.24470253711341844
942,0.0942,25,263,25,343611,332833,18364,107892,2.6361757065010774,0.24480571785126778
943,0.0943,35,276,35,343887,332557,18399,107857,2.6339896717779747,0.24489911764839448
944,0.0944,33,267,33,344154,332290,18432,107824,2.6318749207958434,0.24499107049537167
945,0.0945,27,254,27,344408,332036,18459,107797,2.6298631352173363,0.24508620317256777
946,0.0946,31,277,31,344685,331759,18490,107766,2.6276691800785703,0.24518741823559526
947,0.0947,23,296,23,344981,331463,18513,107743,2.6253247370422,0.2453131332449921
948,0.0948,24,310,24,345291,331153,18537,107719,2.6228694081865416,0.2454451411801163
949,0.0949,20,287,20,345578,330866,18557,107699,2.620596248891142,0.24557135202307526
950,0.095,29,265,29,345843,330601,18586,107670,2.618497338740337,0.24566991655847636
951,0.0951,31,299,31,346142,330302,18617,107639,2.616129134456976,0.24578424947652766
952,0.0952,29,262,29,346404,330040,18646,107610,2.614053985553162,0.24588141208728437
953,0.0953,33,264,33,346668,329776,18679,107577,2.6119629958180206,0.24597293261964592
954,0.0954,36,303,36,346971,329473,18715,107541,2.6095631098720062,0.24608136123785507
955,0.0955,38,258,38,347229,329215,18753,107503,2.6075196426308453,0.24616113830893163
956,0.0956,32,278,32,347507,328937,18785,107471,2.605317767076416,0.24626267162838444
957,0.0957,34,263,34,347770,328674,18819,107437,2.6032346977569385,0.24635241945284572
958,0.0958,37,264,37,348034,328410,18856,107400,2.601143708021797,0.24643766779100984
959,0.0959,22,272,22,348306,328138,18878,107378,2.5989893549613483,0.2465535135333719
960,0.096,39,247,39,348553,327891,18917,107339,2.597033012292485,0.2466259219263378
961,0.0961,28,268,28,348821,327623,18945,107311,2.5949103408946903,0.2467293888268105
962,0.0962,28,262,28,349083,327361,18973,107283,2.5928351919908756,0.24682958927306026
963,0.0963,33,287,33,349370,327074,19006,107250,2.590562032695476,0.24693546753115186
964,0.0964,26,247,26,349617,326827,19032,107224,2.5886056900266126,0.24703087885985747
965,0.0965,30,293,30,349910,326534,19062,107194,2.5862850082372324,0.24714567655304706
966,0.0966,31,256,31,350166,326278,19093,107163,2.584257381827398,0.24723780168465834
967,0.0967,32,237,32,350403,326041,19125,107131,2.582380243315169,0.2473174628092305
968,0.0968,27,250,27,350653,325791,19152,107104,2.5804001393993157,0.24741334503748022
969,0.0969,22,271,22,350924,325520,19174,107082,2.5782537067545306,0.24753006227433066
970,0.097,32,240,32,351164,325280,19206,107050,2.576352806995311,0.2476117780399232
971,0.0971,25,270,25,351434,325010,19231,107025,2.5742142947661892,0.24772298540627496
972,0.0972,26,260,26,351694,324750,19257,106999,2.5721549866937017,0.24782686236679183
973,0.0973,29,273,29,351967,324477,19286,106970,2.5699927132175895,0.24793311808866442
974,0.0974,31,240,31,352207,324237,19317,106939,2.5680918134583703,0.24801705104180197
975,0.0975,32,249,32,352456,323988,19349,106907,2.5661196299581803,0.2481045266248158
976,0.0976,22,262,22,352718,323726,19371,106885,2.5640444810543657,0.24821706830526857
977,0.0977,22,251,22,352969,323475,19393,106863,2.562056456722849,0.2483234109002691
978,0.0978,38,245,38,353214,323230,19431,106825,2.5601159548853123,0.24839846066200835
979,0.0979,36,271,36,353485,322959,19467,106789,2.557969522240527,0.24849213957947447
980,0.098,36,271,36,353756,322688,19503,106753,2.555823089595742,0.248585952435841
981,0.0981,23,248,23,354004,322440,19526,106730,2.5538588265112154,0.24868933056830628
982,0.0982,33,275,33,354279,322165,19559,106697,2.5516807122037766,0.24879098637790245
983,0.0983,23,258,23,354537,321907,19582,106674,2.5496372449626157,0.24890044122347935
984,0.0984,26,264,26,354801,321643,19608,106648,2.5475462552274744,0.2490082677431933
985,0.0985,27,253,27,355054,321390,19635,106621,2.5455423900646306,0.24910808367074677
986,0.0986,33,251,33,355305,321139,19668,106588,2.543554365733114,0.24919633317513273
987,0.0987,22,224,22,355529,320915,19690,106566,2.541780192624509,0.2492882724612322
988,0.0988,31,235,31,355764,320680,19721,106535,2.5399188949436065,0.24937092564633734
989,0.0989,27,270,27,356034,320410,19748,106508,2.5377803827144847,0.24948116500124146
990,0.099,26,244,26,356278,320166,19774,106482,2.535847801292612,0.24957810654216123
991,0.0991,32,268,32,356546,319898,19806,106450,2.5337251298948167,0.24967866625385834
992,0.0992,19,267,19,356813,319631,19825,106431,2.5316103789126854,0.24980167205711845
993,0.0993,30,243,30,357056,319388,19855,106401,2.529685717906476,0.24989137812390644
994,0.0994,31,252,31,357308,319136,19886,106370,2.5276897731592953,0.24998472406969585
995,0.0995,32,228,32,357536,318908,19918,106338,2.525883918388037,0.2500623168707054
996,0.0996,24,279,24,357815,318629,19942,106314,2.5236741224179444,0.2501841423437967
997,0.0997,27,282,27,358097,318347,19969,106287,2.521440565200862,0.25030261354484096
998,0.0998,26,264,26,358361,318083,19995,106261,2.5193495754657205,0.2504124012593556
999,0.0999,25,259,25,358620,317824,20020,106236,2.5172981878088962,0.2505211526670754
1000,0.1,32,287,32,358907,317537,20052,106204,2.5150250285134965,0.2506342317594946
1001,0.1001,29,269,29,359176,317268,20081,106175,2.512894436700038,0.25074213058192013
1002,0.1002,28,257,28,359433,317011,20109,106147,2.5108588898745405,0.250844838098299
1003,0.1003,26,271,26,359704,316740,20135,106121,2.5087124572297554,0.2509595351664022
1004,0.1004,38,257,38,359961,316483,20173,106083,2.506676910404258,0.25104480720171524
1005,0.1005,31,264,31,360225,316219,20204,106052,2.5045859206691166,0.2511467754119985
1006,0.1006,39,233,39,360458,315986,20243,106013,2.502740463819541,0.25121623510956187
1007,0.1007,28,270,28,360728,315716,20271,105985,2.5006019515904194,0.25132736227801217
1008,0.1008,32,247,32,360975,315469,20303,105953,2.498645608921556,0.2514178187185292
1009,0.1009,32,246,32,361221,315223,20335,105921,2.4966971866683565,0.2515077978078757
1010,0.101,30,249,30,361470,314974,20365,105891,2.4947250031681665,0.25160324569636344
1011,0.1011,28,272,28,361742,314702,20393,105863,2.4925706501077176,0.2517161437589909
1012,0.1012,26,228,26,361970,314474,20419,105837,2.4907647953364593,0.25180640049867836
1013,0.1013,24,213,24,362183,314261,20443,105813,2.489077746800152,0.2518913334317287
1014,0.1014,30,229,30,362412,314032,20473,105783,2.4872639716132303,0.2519752748234341
1015,0.1015,29,263,29,362675,313769,20502,105754,2.4851809022937523,0.25208153069080835
1016,0.1016,27,249,27,362924,313520,20529,105727,2.4832087187935623,0.2521830806183467
1017,0.1017,33,245,33,363169,313275,20562,105694,2.481268216956026,0.2522716477830102
1018,0.1018,25,242,25,363411,313033,20587,105669,2.47935147636548,0.2523728093011259
1019,0.1019,35,262,35,363673,312771,20622,105634,2.477276327461665,0.252468302243042
1020,0.102,31,269,31,363942,312502,20653,105603,2.4751457356482067,0.25257531002977723
1021,0.1021,28,240,28,364182,312262,20681,105575,2.4732448358889876,0.25267029966230853
1022,0.1022,28,240,28,364422,312022,20709,105547,2.471343936129768,0.25276541122545015
1023,0.1023,35,247,35,364669,311775,20744,105512,2.4693875934609046,0.2528523534162339
1024,0.1024,30,247,30,364916,311528,20774,105482,2.4674312507920417,0.25294837054267283
1025,0.1025,28,268,28,365184,311260,20802,105454,2.4653085793942466,0.25306085228718017
1026,0.1026,23,247,23,365431,311013,20825,105431,2.4633522367253833,0.25316969388441185
1027,0.1027,25,261,25,365692,310752,20850,105406,2.4612850082372324,0.2532836086294148
1028,0.1028,31,261,31,365953,310491,20881,105375,2.459217779749081,0.2533869082829565
1029,0.1029,37,264,37,366217,310227,20918,105338,2.4571267900139397,0.2534814048343821
1030,0.103,30,297,30,366514,309930,20948,105308,2.454774426561906,0.25360877376348023
1031,0.1031,36,266,36,366780,309664,20984,105272,2.452667595995438,0.2537065957159658
1032,0.1032,31,248,31,367028,309416,21015,105241,2.450703332910911,0.2538025404129196
1033,0.1033,33,236,33,367264,309180,21048,105208,2.4488341148143453,0.2538876608395996
1034,0.1034,24,231,24,367495,308949,21072,105184,2.4470044987960966,0.253986038301705
1035,0.1035,27,245,27,367740,308704,21099,105157,2.4450639969585604,0.2540877251057722
1036,0.1036,18,230,18,367970,308474,21117,105139,2.443242301355975,0.25419655571754274
1037,0.1037,24,259,24,368229,308215,21141,105115,2.4411909136991508,0.2543125347785063
1038,0.1038,32,283,32,368512,307932,21173,105083,2.438949436066405,0.2544290158953065
1039,0.1039,34,249,34,368761,307683,21207,105049,2.436977252566215,0.2545210935909985
1040,0.104,18,235,18,368996,307448,21225,105031,2.4351159548853123,0.2546335692241302
1041,0.1041,32,247,32,369243,307201,21257,104999,2.433159612216449,0.25472828723920427
1042,0.1042,22,260,22,369503,306941,21279,104977,2.4311003041439614,0.25484926611607167
1043,0.1043,19,231,19,369734,306710,21298,104958,2.4292706881257127,0.25495787867893543
1044,0.1044,31,238,31,369972,306472,21329,104927,2.42738562919782,0.25504923444150324
1045,0.1045,26,271,26,370243,306201,21355,104901,2.425239196553035,0.25517024971904784
1046,0.1046,30,229,30,370472,305972,21385,104871,2.4234254213661135,0.25525809129034693
1047,0.1047,40,224,40,370696,305748,21425,104831,2.4216512482575085,0.2553247974202285
1048,0.1048,29,245,29,370941,305503,21454,104802,2.4197107464199723,0.25542462314619613
1049,0.1049,26,239,26,371180,305264,21480,104776,2.417817767076416,0.2555262901180373
1050,0.105,37,255,37,371435,305009,21517,104739,2.4157980610822456,0.2556180872145807
1051,0.1051,36,273,36,371708,304736,21553,104703,2.4136357876061334,0.25572307474373474
1052,0.1052,32,253,32,371961,304483,21585,104671,2.4116319224432896,0.2558229908542994
1053,0.1053,26,242,26,372203,304241,21611,104645,2.409715181852744,0.2559270799195864
1054,0.1054,29,235,29,372438,304006,21640,104616,2.4078538841718413,0.2560214574839338
1055,0.1055,28,237,28,372675,303769,21668,104588,2.405976745659612,0.25611903310093864
1056,0.1056,20,270,20,372945,303499,21688,104568,2.4038382334304904,0.2562520370429366
1057,0.1057,26,236,26,373181,303263,21714,104542,2.4019690153339246,0.2563529137700617
1058,0.1058,25,242,25,373423,303021,21739,104517,2.4000522747433783,0.25645952033920766
1059,0.1059,39,243,39,373666,302778,21778,104478,2.3981276137371688,0.25654134009075374
1060,0.106,36,236,36,373902,302542,21814,104442,2.3962583956406034,0.2566243390403554
1061,0.1061,33,256,33,374158,302286,21847,104409,2.394230769230769,0.25672555600634384
1062,0.1062,37,234,37,374392,302052,21884,104372,2.3923773919655305,0.2568057004507608
1063,0.1063,29,224,29,374616,301828,21913,104343,2.3906032188569255,0.25689426374605767
1064,0.1064,36,246,36,374862,301582,21949,104307,2.388654796603726,0.25698405229015814
1065,0.1065,29,233,29,375095,301349,21978,104278,2.38680933975415,0.25707854753258536
1066,0.1066,24,265,24,375360,301084,22002,104254,2.3847104296033454,0.2572026308907628
1067,0.1067,29,228,29,375588,300856,22031,104225,2.382904574832087,0.257294220168312
1068,0.1068,39,214,39,375802,300642,22070,104186,2.3812096058801164,0.25735868072366536
1069,0.1069,33,226,33,376028,300416,22103,104153,2.379419591940185,0.25744187023721543
1070,0.107,33,243,33,376271,300173,22136,104120,2.3774949309339752,0.2575359949343669
1071,0.1071,36,262,36,376533,299911,22172,104084,2.375419782030161,0.2576368519412369
1072,0.1072,42,243,42,376776,299668,22214,104042,2.3734951210239514,0.2577146961928117
1073,0.1073,27,253,27,377029,299415,22241,104015,2.3714912558611076,0.2578266365912302
1074,0.1074,36,208,36,377237,299207,22277,103979,2.3698438094031173,0.25789337923439803
1075,0.1075,28,259,28,377496,298948,22305,103951,2.367792421746293,0.25800758999153633
1076,0.1076,27,234,27,377730,298714,22332,103924,2.3659390444810544,0.25810777919620104
1077,0.1077,35,240,35,377970,298474,22367,103889,2.364038144721835,0.2581972000407592
1078,0.1078,34,239,34,378209,298235,22401,103855,2.362145165378279,0.2582879454848417
1079,0.1079,28,241,28,378450,297994,22429,103827,2.360236345203396,0.2583911741795476
1080,0.108,32,255,32,378705,297739,22461,103795,2.3582166392092256,0.25849616719879265
1081,0.1081,23,214,23,378919,297525,22484,103772,2.356521670257255,0.2585915170061077
1082,0.1082,25,226,25,379145,297299,22509,103747,2.3547316563173237,0.2586910229749206
1083,0.1083,26,240,26,379385,297059,22535,103721,2.352830756558104,0.2587978442038026
1084,0.1084,36,229,36,379614,296830,22571,103685,2.3510169813711825,0.25887919303896234
1085,0.1085,30,226,30,379840,296604,22601,103655,2.349226967431251,0.25896981704346433
1086,0.1086,24,224,24,380064,296380,22625,103631,2.347452794322646,0.259070375564672
1087,0.1087,35,221,35,380285,296159,22660,103596,2.3457023824610315,0.2591487285962652
1088,0.1088,21,241,21,380526,295918,22681,103575,2.343793562286149,0.2592661198068552
1089,0.1089,28,231,28,380757,295687,22709,103547,2.3419639462679003,0.25936418240931386
1090,0.109,34,244,34,381001,295443,22743,103513,2.340031364846027,0.25945968979035283
1091,0.1091,29,213,29,381214,295230,22772,103484,2.33834431630972,0.25954443535968136
1092,0.1092,36,231,36,381445,294999,22808,103448,2.3365147002914712,0.2596280057322555
1093,0.1093,27,245,27,381690,294754,22835,103421,2.334574198453935,0.259737552583663
1094,0.1094,26,236,26,381926,294518,22861,103395,2.332704980357369,0.25984323206329024
1095,0.1095,39,259,39,382185,294259,22900,103356,2.330653592700545,0.25993989160368697
1096,0.1096,39,231,39,382416,294028,22939,103317,2.3288239766822962,0.2600183719437768
1097,0.1097,31,253,31,382669,293775,22970,103286,2.3268201115194524,0.26012627782632897
1098,0.1098,29,233,29,382902,293542,22999,103257,2.324974654669877,0.2602249501636849
1099,0.1099,35,228,35,383130,293314,23034,103222,2.323168799898619,0.2603092783505155
1100,0.11,33,263,33,383393,293051,23067,103189,2.321085730579141,0.2604204522511609
1101,0.1101,34,259,34,383652,292792,23101,103155,2.3190343429223166,0.2605272927942376
1102,0.1102,37,209,37,383861,292583,23138,103118,2.317378976048663,0.26059575285379616
1103,0.1103,35,240,35,384101,292343,23173,103083,2.315478076289444,0.26068847268515477
1104,0.1104,25,225,25,384326,292118,23198,103058,2.3136959827651755,0.2607901289551997
1105,0.1105,27,217,27,384543,291901,23225,103031,2.311977252566215,0.26088288616774535
1106,0.1106,32,241,32,384784,291660,23257,102999,2.310068432391332,0.2609822657027966
1107,0.1107,28,212,28,384996,291448,23285,102971,2.3083893042706882,0.2610700802953205
1108,0.1108,37,236,37,385232,291212,23322,102934,2.3065200861741224,0.2611570331805981
1109,0.1109,27,232,27,385464,290980,23349,102907,2.3046825497402104,0.261260209146278
1110,0.111,27,224,27,385688,290756,23376,102880,2.3029083766316054,0.2613582091068906
1111,0.1111,35,237,35,385925,290519,23411,102845,2.3010312381193767,0.2614499547492907
1112,0.1112,29,207,29,386132,290312,23440,102816,2.2993917120770497,0.2615331393337539
1113,0.1113,20,235,20,386367,290077,23460,102796,2.2975304143961477,0.2616519842290002
1114,0.1114,29,204,29,386571,289873,23489,102767,2.295914649600811,0.26173339445802773
1115,0.1115,37,227,37,386798,289646,23526,102730,2.294116715245216,0.26181519766754335
1116,0.1116,34,228,34,387026,289418,23560,102696,2.2923108604739575,0.26190342604446665
1117,0.1117,23,236,23,387262,289182,23583,102673,2.290441642377392,0.2620178382309783
1118,0.1118,37,240,37,387502,288942,23620,102636,2.2885407426181725,0.26210869865007735
1119,0.1119,27,240,27,387742,288702,23647,102609,2.2866398428589534,0.26221854228478114
1120,0.112,27,212,27,387954,288490,23674,102582,2.2849607147383093,0.262309753702643
1121,0.1121,27,242,27,388196,288248,23701,102555,2.283043974147763,0.26242121989851663
1122,0.1122,30,238,30,388434,288010,23731,102525,2.2811589152198706,0.2625244856414918
1123,0.1123,23,228,23,388662,287782,23754,102502,2.2793530604486123,0.26263438931649774
1124,0.1124,30,206,30,388868,287576,23784,102472,2.277721454821949,0.26271638362457955
1125,0.1125,37,245,37,389113,287331,23821,102435,2.2757809529844124,0.2628115330736904
1126,0.1126,29,250,29,389363,287081,23850,102406,2.273800849068559,0.26292533512029925
1127,0.1127,27,247,27,389610,286834,23877,102379,2.2718445063996957,0.2630410597796065
1128,0.1128,25,254,25,389864,286580,23902,102354,2.2698327208211886,0.2631654728051546
1129,0.1129,25,248,25,390112,286332,23927,102329,2.267868457736662,0.2632859998816449
1130,0.113,19,258,19,390370,286074,23946,102310,2.265824990495501,0.26342485787262093
1131,0.1131,32,224,32,390594,285850,23978,102278,2.2640508173868965,0.2635161596174458
1132,0.1132,31,227,31,390821,285623,24009,102247,2.2622528830313016,0.2636115193234847
1133,0.1133,33,253,33,391074,285370,24042,102214,2.2602490178684578,0.2637208966314399
1134,0.1134,27,247,27,391321,285123,24069,102187,2.2582926751995944,0.2638377527045519
1135,0.1135,26,218,26,391539,284905,24095,102161,2.2565660245849704,0.26393689965018885
1136,0.1136,33,213,33,391752,284692,24128,102128,2.254878976048663,0.2640194405666718
1137,0.1137,28,225,28,391977,284467,24156,102100,2.2530968825243947,0.26411980329412493
1138,0.1138,36,217,36,392194,284250,24192,102064,2.251378152325434,0.2641995889354256
1139,0.1139,37,227,37,392421,284023,24229,102027,2.249580217969839,0.2642844191166947
1140,0.114,24,244,24,392665,283779,24253,102003,2.247647636547966,0.2644058043143537
1141,0.1141,26,243,26,392908,283536,24279,101977,2.2457229755417565,0.2645228565573664
1142,0.1142,32,226,32,393134,283310,24311,101945,2.243932961601825,0.26461694202541175
1143,0.1143,24,214,24,393348,283096,24335,101921,2.242237992649854,0.26471818127511254
1144,0.1144,33,209,33,393557,282887,24368,101888,2.240582625776201,0.26479890845299203
1145,0.1145,30,205,30,393762,282682,24398,101858,2.238958940565201,0.26488271701253446
1146,0.1146,26,227,26,393989,282455,24424,101832,2.2371610062096057,0.26498944799069446
1147,0.1147,36,213,36,394202,282242,24460,101796,2.2354739576732987,0.26506751936006334
1148,0.1148,25,229,25,394431,282013,24485,101771,2.233660182486377,0.2651778083505305
1149,0.1149,36,233,36,394664,281780,24521,101735,2.2318147256368013,0.2652699372905884
1150,0.115,29,236,29,394900,281544,24550,101706,2.229945507540236,0.26537769080234835
1151,0.1151,35,227,35,395127,281317,24585,101671,2.2281475731846405,0.2654678475565814
1152,0.1152,23,207,23,395334,281110,24608,101648,2.226508047142314,0.265567277496486
1153,0.1153,36,211,36,395545,280899,24644,101612,2.2248368394373337,0.2656446481277663
1154,0.1154,32,234,32,395779,280665,24676,101580,2.222983462172095,0.26574579131185494
1155,0.1155,25,196,25,395975,280469,24701,101555,2.2214310607020655,0.2658340837224886
1156,0.1156,29,223,29,396198,280246,24730,101526,2.2196648080091244,0.2659335938727827
1157,0.1157,35,229,35,396427,280017,24765,101491,2.2178510328222023,0.26602587625947555
1158,0.1158,23,260,23,396687,279757,24788,101468,2.2157917247497148,0.2661630270837432
1159,0.1159,43,234,43,396921,279523,24831,101425,2.213938347484476,0.26624368680239824
1160,0.116,28,210,28,397131,279313,24859,101397,2.212275060195159,0.26633658165007484
1161,0.1161,28,231,28,397362,279082,24887,101369,2.2104454441769104,0.26644429900302535
1162,0.1162,32,209,32,397571,278873,24919,101337,2.2087900773032567,0.2665290234344178
1163,0.1163,22,239,22,397810,278634,24941,101315,2.206897097959701,0.26665420885434626
1164,0.1164,28,203,28,398013,278431,24969,101287,2.2052892535800277,0.2667426879947751
1165,0.1165,42,218,42,398231,278213,25011,101245,2.2035626029654036,0.26681477264941045
1166,0.1166,39,218,39,398449,277995,25050,101206,2.2018359523507796,0.266892756084504
1167,0.1167,25,197,25,398646,277798,25075,101181,2.200275630465087,0.26698313099142695
1168,0.1168,29,233,29,398879,277565,25104,101152,2.1984301736155114,0.2670912581162187
1169,0.1169,31,230,31,399109,277335,25135,101121,2.196608478012926,0.2671935442957702
1170,0.117,23,240,23,399349,277095,25158,101098,2.194707578253707,0.267318538418215
1171,0.1171,21,213,21,399562,276882,25179,101077,2.1930205297173995,0.26742847769202477
1172,0.1172,35,250,35,399812,276632,25214,101042,2.191040425801546,0.2675376118027717
1173,0.1173,34,239,34,400051,276393,25248,101008,2.1891474464579903,0.26764105023569096
1174,0.1174,34,214,34,400265,276179,25282,100974,2.1874524775060196,0.2677268906783189
1175,0.1175,25,204,25,400469,275975,25307,100949,2.185836712710683,0.26782322165741634
1176,0.1176,28,225,28,400694,275750,25335,100921,2.1840546191864147,0.26792877604062965
1177,0.1177,40,244,40,400938,275506,25375,100881,2.182122037764542,0.2680246661016454
1178,0.1178,31,231,31,401169,275275,25406,100850,2.180292421746293,0.26812894649385177
1179,0.1179,24,204,24,401373,275071,25430,100826,2.1786766569509566,0.2682277325969614
1180,0.118,29,236,29,401609,274835,25459,100797,2.176807438854391,0.26833975806108107
1181,0.1181,38,213,38,401822,274622,25497,100759,2.175120390318084,0.2684179540253769
1182,0.1182,39,230,39,402052,274392,25536,100720,2.173298694715499,0.26850647273347694
1183,0.1183,25,238,25,402290,274154,25561,100695,2.171413635787606,0.2686281676088238
1184,0.1184,27,226,27,402516,273928,25588,100668,2.1696236218476748,0.26873751988809275
1185,0.1185,44,235,44,402751,273693,25632,100624,2.1677623241667723,0.2688202779996634
1186,0.1186,37,218,37,402969,273475,25669,100587,2.166035673552148,0.26890462008971777
1187,0.1187,40,188,40,403157,273287,25709,100547,2.1645466354074263,0.2689616246783332
1188,0.1188,33,187,33,403344,273100,25742,100514,2.1630655176783677,0.2690316744019228
1189,0.1189,39,221,39,403565,272879,25781,100475,2.1613151058167532,0.269114566872191
1190,0.119,23,244,23,403809,272635,25804,100452,2.1593825243948803,0.269245511100628
1191,0.1191,31,230,31,404039,272405,25835,100421,2.157560828792295,0.26935084999436737
1192,0.1192,32,205,32,404244,272200,25867,100389,2.155937143581295,0.2694362957575237
1193,0.1193,23,187,23,404431,272013,25890,100366,2.154456025852237,0.2695264770569769
1194,0.1194,35,254,35,404685,271759,25925,100331,2.1524442402737294,0.2696417533392459
1195,0.1195,40,185,40,404870,271574,25965,100291,2.150978963375998,0.269697336398962
1196,0.1196,25,213,25,405083,271361,25990,100266,2.149291914839691,0.26980278612694986
1197,0.1197,25,213,25,405296,271148,26015,100241,2.1476048663033835,0.2699083710072189
1198,0.1198,28,202,28,405498,270946,26043,100213,2.146004942339374,0.2700001885984174
1199,0.1199,22,203,22,405701,270743,26065,100191,2.144397097959701,0.2701046547364221
1200,0.12,24,210,24,405911,270533,26089,100167,2.142733810670384,0.27021041273266794
1201,0.1201,27,226,27,406137,270307,26116,100140,2.1409437967304523,0.27032207036364175
1202,0.1202,33,211,33,406348,270096,26149,100107,2.139272589025472,0.27041109877553665
1203,0.1203,21,223,21,406571,269873,26170,100086,2.137506336332531,0.2705326806483962
1204,0.1204,30,205,30,406776,269668,26200,100056,2.135882651121531,0.2706234921184451
1205,0.1205,33,211,33,406987,269457,26233,100023,2.1342114434165507,0.2707128937966872
1206,0.1206,31,206,31,407193,269251,26264,99992,2.132579837789887,0.2708026963273508
1207,0.1207,24,208,24,407401,269043,26288,99968,2.130932391331897,0.27090791331423725
1208,0.1208,36,209,36,407610,268834,26324,99932,2.1292770244582435,0.27099027567617406
1209,0.1209,27,212,27,407822,268622,26351,99905,2.1275978963376,0.27109275575466657
1210,0.121,28,209,28,408031,268413,26379,99877,2.1259425294639462,0.27119118086290694
1211,0.1211,31,208,31,408239,268205,26410,99846,2.124295083005956,0.2712830558808426
1212,0.1212,29,202,29,408441,268003,26439,99817,2.1226951590419465,0.2713745853950302
1213,0.1213,38,226,38,408667,267777,26477,99779,2.120905145102015,0.27146611672779114
1214,0.1214,20,200,20,408867,267577,26497,99759,2.119321061969332,0.27157425354443887
1215,0.1215,27,206,27,409073,267371,26524,99732,2.117689456342669,0.27167307267987456
1216,0.1216,27,224,27,409297,267147,26551,99705,2.115915283234064,0.27178535213110466
1217,0.1217,33,195,33,409492,266952,26584,99672,2.1143708021796983,0.2718643623985336
1218,0.1218,35,220,35,409712,266732,26619,99637,2.112628310733747,0.27195805321956823
1219,0.1219,30,236,30,409948,266496,26649,99607,2.1107590926371818,0.2720737060335479
1220,0.122,29,196,29,410144,266300,26678,99578,2.1092066911671523,0.2721617588376453
1221,0.1221,26,212,26,410356,266088,26704,99552,2.1075275630465087,0.2722678043977683
1222,0.1222,26,202,26,410558,265886,26730,99526,2.1059276390824992,0.2723665342134358
1223,0.1223,22,195,22,410753,265691,26752,99504,2.104383158028133,0.27246813346294446
1224,0.1224,35,216,35,410969,265475,26787,99469,2.1026723482448357,0.27255962558639135
1225,0.1225,31,185,31,411154,265290,26818,99438,2.1012070713471043,0.2726360465881424
1226,0.1226,25,212,25,411366,265078,26843,99413,2.0995279432264606,0.2727447316943354
1227,0.1227,35,185,35,411551,264893,26878,99378,2.0980626663287287,0.2728133724617112
1228,0.1228,23,214,23,411765,264679,26901,99355,2.0963676973767584,0.2729278034469308
1229,0.1229,37,190,37,411955,264489,26938,99318,2.09486281840071,0.27299639644097007
1230,0.123,26,225,26,412180,264264,26964,99292,2.0930807248764416,0.2731133580521295
1231,0.1231,22,215,22,412395,264049,26986,99270,2.0913778355088075,0.2732309623223668
1232,0.1232,31,196,31,412591,263853,27017,99239,2.0898254340387785,0.2733164046577727
1233,0.1233,30,219,30,412810,263634,27047,99209,2.0880908630084907,0.2734212868926781
1234,0.1234,27,214,27,413024,263420,27074,99182,2.08639589405652,0.27352855196606746
1235,0.1235,39,226,39,413250,263194,27113,99143,2.0846058801165883,0.27362096611717823
1236,0.1236,32,229,32,413479,262965,27145,99111,2.0827921049296667,0.27372982467769197
1237,0.1237,33,185,33,413664,262780,27178,99078,2.0813268280319352,0.2738035361937556
1238,0.1238,29,199,29,413863,262581,27207,99049,2.079750665314916,0.27389597102010343
1239,0.1239,40,206,40,414069,262375,27247,99009,2.0781190596882526,0.273971730901202
1240,0.124,38,204,38,414273,262171,27285,98971,2.076503294892916,0.2740500966378876
1241,0.1241,29,228,29,414501,261943,27314,98942,2.074697440121658,0.27416490017595635
1242,0.1242,29,212,29,414713,261731,27343,98913,2.0730183120010137,0.2742676988942004
1243,0.1243,21,219,21,414932,261512,27364,98892,2.0712837409707263,0.2743920711201873
1244,0.1244,31,202,31,415134,261310,27395,98861,2.0696838170067164,0.2744835092220084
1245,0.1245,32,251,32,415385,261059,27427,98829,2.0676957926751998,0.2746104343573556
1246,0.1246,25,219,25,415604,260840,27452,98804,2.065961221644912,0.2747272302610359
1247,0.1247,28,213,28,415817,260627,27480,98776,2.064274173108605,0.27483354340392263
1248,0.1248,37,221,37,416038,260406,27517,98739,2.0625237612469904,0.2749279538904899
1249,0.1249,32,225,32,416263,260181,27549,98707,2.060741667722722,0.2750356657230111
1250,0.125,31,214,31,416477,259967,27580,98676,2.0590466987707514,0.2751371140660768
1251,0.1251,24,222,24,416699,259745,27604,98652,2.0572883664934736,0.27525900049386576
1252,0.1252,34,202,34,416901,259543,27638,98618,2.055688442529464,0.27534544520481014
1253,0.1253,33,198,33,417099,259345,27671,98585,2.054120200228108,0.2754309501857905
1254,0.1254,33,195,33,417294,259150,27704,98552,2.0525757191737424,0.2755142548825559
1255,0.1255,29,188,29,417482,258962,27733,98523,2.0510866810290205,0.27560037484090244
1256,0.1256,30,198,30,417680,258764,27763,98493,2.0495184387276644,0.27569228874451723
1257,0.1257,23,230,23,417910,258534,27786,98470,2.047696743125079,0.27582324007574144
1258,0.1258,30,185,30,418095,258349,27816,98440,2.0462314662273475,0.2759053670376609
1259,0.1259,21,214,21,418309,258135,27837,98419,2.0445364972753772,0.27602831548657425
1260,0.126,39,217,39,418526,257918,27876,98380,2.042817767076416,0.2761171828076498
1261,0.1261,28,215,28,418741,257703,27904,98352,2.041114877708782,0.27622698740363144
1262,0.1262,34,222,34,418963,257481,27938,98318,2.039356545431504,0.27633017518317926
1263,0.1263,30,191,30,419154,257290,27968,98288,2.0378437460397922,0.27641755114208416
1264,0.1264,45,198,45,419352,257092,28013,98243,2.036275503738436,0.2764799414636892
1265,0.1265,31,205,31,419557,256887,28044,98212,2.0346518185274363,0.2765763913725468
1266,0.1266,20,220,20,419777,256667,28064,98192,2.032909327081485,0.2767070864766006
1267,0.1267,38,209,38,419986,256458,28102,98154,2.031253960207832,0.276792663530845
1268,0.1268,26,217,26,420203,256241,28128,98128,2.0295352300088707,0.27690909757907717
1269,0.1269,34,223,34,420426,256018,28162,98094,2.0277689773159295,0.2770140520513284
1270,0.127,28,187,28,420613,255831,28190,98066,2.026287859586871,0.27710322494963224
1271,0.1271,37,216,37,420829,255615,28227,98029,2.0245770498035736,0.27719684202192035
1272,0.1272,31,205,31,421034,255410,28258,97998,2.0229533645925737,0.27729423216226007
1273,0.1273,36,182,36,421216,255228,28294,97962,2.0215118489418327,0.2773634587615731
1274,0.1274,28,191,28,421407,255037,28322,97934,2.0199990495501203,0.27745622161594014
1275,0.1275,29,200,29,421607,254837,28351,97905,2.0184149664174376,0.27755413304908405
1276,0.1276,30,226,30,421833,254611,28381,97875,2.016624952477506,0.2776706025203838
1277,0.1277,30,209,30,422042,254402,28411,97845,2.0149695856038523,0.2777738348374862
1278,0.1278,25,197,25,422239,254205,28436,97820,2.01340926371816,0.27787799161991333
1279,0.1279,31,201,31,422440,254004,28467,97789,2.011817260169814,0.27797312624185244
1280,0.128,33,193,33,422633,253811,28500,97756,2.010288619946775,0.2780579519693259
1281,0.1281,27,217,27,422850,253594,28527,97729,2.008569889747814,0.2781742157501786
1282,0.1282,38,216,38,423066,253378,28565,97691,2.0068590799645167,0.27826723521586927
1283,0.1283,30,213,30,423279,253165,28595,97661,2.0051720314282093,0.27837446483441936
1284,0.1284,37,221,37,423500,252944,28632,97624,2.003421619566595,0.2784737911047215
1285,0.1285,43,201,43,423701,252743,28675,97581,2.0018296160182487,0.27854500405339055
1286,0.1286,31,205,31,423906,252538,28706,97550,2.000205930807249,0.27864422659445626
1287,0.1287,27,210,27,424116,252328,28733,97523,1.9985426435179319,0.27875581318904336
1288,0.1288,33,235,33,424351,252093,28766,97490,1.9966813458370296,0.2788751169250221
1289,0.1289,41,182,41,424533,251911,28807,97449,1.9952398301862881,0.27893576826196476
1290,0.129,29,152,29,424685,251759,28836,97420,1.9940359270054493,0.27899730510712273
1291,0.1291,27,218,27,424903,251541,28863,97393,1.992309276390825,0.27911582133010826
1292,0.1292,33,194,33,425097,251347,28896,97360,1.9907727157521227,0.2792028837964251
1293,0.1293,27,192,27,425289,251155,28923,97333,1.9892519959447472,0.27930086545304283
1294,0.1294,23,188,23,425477,250967,28946,97310,1.9877629578000253,0.27940403759076826
1295,0.1295,32,191,32,425668,250776,28978,97278,1.9862501584083132,0.2794911134479133
1296,0.1296,30,193,30,425861,250583,29008,97248,1.9847215181852744,0.2795840508752814
1297,0.1297,23,193,23,426054,250390,29031,97225,1.9831928779622354,0.27969161284754684
1298,0.1298,26,206,26,426260,250184,29057,97199,1.9815612723355722,0.27980355975968885
1299,0.1299,28,225,28,426485,249959,29085,97171,1.979779178811304,0.27992682856566703
1300,0.13,28,201,28,426686,249758,29113,97143,1.9781871752629578,0.2800309021882324
1301,0.1301,26,194,26,426880,249564,29139,97117,1.9766506146242555,0.28013360986036157
1302,0.1302,17,192,17,427072,249372,29156,97100,1.97512989481688,0.28025352698053524
1303,0.1303,22,192,22,427264,249180,29178,97078,1.9736091750095044,0.2803631973846092
1304,0.1304,31,209,31,427473,248971,29209,97047,1.971953808135851,0.2804680681351837
1305,0.1305,33,212,33,427685,248759,29242,97014,1.9702746800152071,0.28057135750911727
1306,0.1306,40,203,40,427888,248556,29282,96974,1.9686668356355341,0.2806529100222846
1307,0.1307,28,177,28,428065,248379,29310,96946,1.9672649220631098,0.28073843480778976
1308,0.1308,39,189,39,428254,248190,29349,96907,1.9657679635027245,0.28081090244192214
1309,0.1309,36,222,36,428476,247968,29385,96871,1.9640096312254467,0.28091660166048504
1310,0.131,29,218,29,428694,247750,29414,96842,1.9622829806108224,0.2810338022937271
1311,0.1311,32,182,32,428876,247568,29446,96810,1.9608414649600812,0.2811155184129068
1312,0.1312,32,197,32,429073,247371,29478,96778,1.9592811430743886,0.28120959235679893
1313,0.1313,28,178,28,429251,247193,29506,96750,1.957871309086301,0.281296610194131
1314,0.1314,28,208,28,429459,246985,29534,96722,1.9562238626283108,0.28140829252822896
1315,0.1315,31,202,31,429661,246783,29565,96691,1.9546239386643012,0.28150893517413256
1316,0.1316,23,188,23,429849,246595,29588,96668,1.9531349005195793,0.28161497161068916
1317,0.1317,31,191,31,430040,246404,29619,96637,1.9516221011278672,0.2817068513676208
1318,0.1318,27,195,27,430235,246209,29646,96610,1.9500776200735015,0.2818105180868038
1319,0.1319,32,171,32,430406,246038,29678,96578,1.9487232289950576,0.2818840918112406
1320,0.132,32,213,32,430619,245825,29710,96546,1.9470361804587504,0.2819923416410853
1321,0.1321,22,197,22,430816,245628,29732,96524,1.9454758585730578,0.2821085365568519
1322,0.1322,32,192,32,431008,245436,29764,96492,1.9439551387656824,0.28219976135326735
1323,0.1323,30,193,30,431201,245243,29794,96462,1.9424264985426436,0.2822961326290221
1324,0.1324,29,170,29,431371,245073,29823,96433,1.9410800278798632,0.28237571228616776
1325,0.1325,30,242,30,431613,244831,29853,96403,1.939163287289317,0.28251287972476363
1326,0.1326,33,197,33,431810,244634,29886,96370,1.9376029654036244,0.28260665564040305
1327,0.1327,24,210,24,432020,244424,29910,96346,1.9359396781143074,0.2827302872905479
1328,0.1328,30,196,30,432216,244228,29940,96316,1.9343872766442782,0.28282982522082317
1329,0.1329,31,186,31,432402,244042,29971,96285,1.9329140793308832,0.2829190748897384
1330,0.133,28,183,28,432585,243859,29999,96257,1.9314646432644784,0.28301226640322713
1331,0.1331,25,197,25,432782,243662,30024,96232,1.9299043213787859,0.2831235620516985
1332,0.1332,29,207,29,432989,243455,30053,96203,1.9282647953364593,0.2832349009886415
1333,0.1333,31,164,31,433153,243291,30084,96172,1.9269658471676594,0.283306280802326
1334,0.1334,28,179,28,433332,243112,30112,96144,1.9255480927639081,0.2833966090503926
1335,0.1335,32,179,32,433511,242933,30144,96112,1.9241303383601571,0.2834785942868941
1336,0.1336,32,215,32,433726,242718,30176,96080,1.922427448992523,0.2835908122243933
1337,0.1337,32,191,32,433917,242527,30208,96048,1.9209146496008112,0.2836830835117773
1338,0.1338,25,225,25,434142,242302,30233,96023,1.9191325560765429,0.28381881327126285
1339,0.1339,34,174,34,434316,242128,30267,95989,1.917754403751109,0.283892853657166
1340,0.134,28,189,28,434505,241939,30295,95961,1.9162574451907237,0.2839923054158035
1341,0.1341,34,169,34,434674,241770,30329,95927,1.9149188949436067,0.28406233990826096
1342,0.1342,45,177,45,434851,241593,30374,95882,1.9135169813711823,0.28411586043410625
1343,0.1343,33,188,33,435039,241405,30407,95849,1.9120279432264606,0.2842041903135322
1344,0.1344,30,172,30,435211,241233,30437,95819,1.9106656317323534,0.2842855108410572
1345,0.1345,34,181,34,435392,241052,30471,95785,1.9092320364972755,0.28436602867262206
1346,0.1346,30,195,30,435587,240857,30501,95755,1.9076875554429096,0.2844669827575963
1347,0.1347,28,189,28,435776,240668,30529,95727,1.9061905968825243,0.28456724981049064
1348,0.1348,34,192,34,435968,240476,30563,95693,1.904669877075149,0.28465741933372796
1349,0.1349,24,184,24,436152,240292,30587,95669,1.9032125205930808,0.28476221942427843
1350,0.135,28,179,28,436331,240113,30615,95641,1.9017947661893295,0.2848543874384222
1351,0.1351,30,200,30,436531,239913,30645,95611,1.9002106830566468,0.28496024129421443
1352,0.1352,29,193,29,436724,239720,30674,95582,1.898682042833608,0.2850624213395685
1353,0.1353,30,206,30,436930,239514,30704,95552,1.8970504372069446,0.2851736672774916
1354,0.1354,33,186,33,437116,239328,30737,95519,1.8955772398935495,0.2852616269520109
1355,0.1355,21,182,21,437298,239146,30758,95498,1.8941357242428083,0.2853719176199185
1356,0.1356,22,207,22,437505,238939,30780,95476,1.8924961982004815,0.2855015474784325
1357,0.1357,32,171,32,437676,238768,30812,95444,1.8911418071220378,0.2855792131940206
1358,0.1358,41,199,41,437875,238569,30853,95403,1.8895656444050184,0.2856616722359958
1359,0.1359,36,162,36,438037,238407,30889,95367,1.8882825370675453,0.2857232738319941
1360,0.136,33,160,33,438197,238247,30922,95334,1.8870152705613992,0.2857896582838951
1361,0.1361,41,172,41,438369,238075,30963,95293,1.885652959067292,0.2858492716757457
1362,0.1362,22,190,22,438559,237885,30985,95271,1.8841480800912431,0.28596513345099595
1363,0.1363,32,179,32,438738,237706,31017,95239,1.882730325687492,0.2860502485395486
1364,0.1364,31,189,31,438927,237517,31048,95208,1.8812333671271069,0.2861462168457435
1365,0.1365,30,190,30,439117,237327,31078,95178,1.879728488151058,0.28624531961925387
1366,0.1366,30,198,30,439315,237129,31108,95148,1.8781602458497022,0.28635144773788135
1367,0.1367,35,194,35,439509,236935,31143,95113,1.8766236852109999,0.2864435262371705
1368,0.1368,40,167,40,439676,236768,31183,95073,1.8753009757952097,0.28650166796749044
1369,0.1369,31,207,31,439883,236561,31214,95042,1.873661449752883,0.2866138122996475
1370,0.137,25,187,25,440070,236374,31239,95017,1.8721803320238246,0.2867217275061785
1371,0.1371,40,202,40,440272,236172,31279,94977,1.870580408059815,0.28681046900337914
1372,0.1372,39,190,39,440462,235982,31318,94938,1.8690755290837664,0.28689109150247794
1373,0.1373,38,213,38,440675,235769,31356,94900,1.8673884805474592,0.28699394258306643
1374,0.1374,21,202,21,440877,235567,31377,94879,1.8657885565834496,0.28712406868293155
1375,0.1375,36,164,36,441041,235403,31413,94843,1.8644896084146496,0.2871889439993217
1376,0.1376,30,199,30,441240,235204,31443,94813,1.8629134456976302,0.2872973210470976
1377,0.1377,20,189,20,441429,235015,31463,94793,1.861416487137245,0.28741874060059186
1378,0.1378,36,200,36,441629,234815,31499,94757,1.8598324040045622,0.28751532290364473
1379,0.1379,20,175,20,441804,234640,31519,94737,1.8584463312634647,0.2876248189764313
1380,0.138,34,177,34,441981,234463,31553,94703,1.8570444176910403,0.28770589915118816
1381,0.1381,27,185,27,442166,234278,31580,94676,1.8555791407933089,0.28780923776576667
1382,0.1382,28,155,28,442321,234123,31608,94648,1.8543514763654796,0.2878842720312923
1383,0.1383,36,166,36,442487,233957,31644,94612,1.853036687365353,0.28795169355599587
1384,0.1384,26,176,26,442663,233781,31670,94586,1.8516426942085922,0.288049651761596
1385,0.1385,33,172,33,442835,233609,31703,94553,1.850280382714485,0.2881290338308518
1386,0.1386,26,173,26,443008,233436,31729,94527,1.8489101508047143,0.28822458631004105
1387,0.1387,30,157,30,443165,233279,31759,94497,1.8476666455455582,0.288297495850825
1388,0.1388,22,182,22,443347,233097,31781,94475,1.846225129894817,0.2884098763020038
1389,0.1389,29,168,29,443515,232929,31810,94446,1.8448945000633634,0.28849484536082476
1390,0.139,29,192,29,443707,232737,31839,94417,1.8433737802559877,0.2886010869498768
1391,0.1391,27,186,27,443893,232551,31866,94390,1.8419005829425927,0.2887065250305101
1392,0.1392,36,166,36,444059,232385,31902,94354,1.8405857939424661,0.28877483251157654
1393,0.1393,28,183,28,444242,232202,31930,94326,1.8391363578760613,0.288875686005488
1394,0.1394,36,177,36,444419,232025,31966,94290,1.837734444303637,0.28895392488852795
1395,0.1395,27,176,27,444595,231849,31993,94263,1.8363404511468762,0.2890510008831322
1396,0.1396,39,190,39,444785,231659,32032,94224,1.8348355721708276,0.2891344439568802
1397,0.1397,25,192,25,444977,231467,32057,94199,1.833314852363452,0.28925033623405577
1398,0.1398,35,189,35,445166,231278,32092,94164,1.8318178938030667,0.2893418796590483
1399,0.1399,22,166,22,445332,231112,32114,94142,1.83050310480294,0.28944148265663144
1400,0.14,37,182,37,445514,230930,32151,94105,1.8290615891521986,0.2895226667897303
1401,0.1401,23,193,23,445707,230737,32174,94082,1.8275329489291599,0.2896443865660568
1402,0.1402,27,178,27,445885,230559,32201,94055,1.8261231149410722,0.28974412687068335
1403,0.1403,26,167,26,446052,230392,32227,94029,1.824800405525282,0.2898363546132957
1404,0.1404,34,191,34,446243,230201,32261,93995,1.8232876061335699,0.28993263334526026
1405,0.1405,25,171,25,446414,230030,32286,93970,1.8219332150551262,0.2900308641975309
1406,0.1406,34,201,34,446615,229829,32320,93936,1.8203412115067799,0.29013636433833184
1407,0.1407,25,188,25,446803,229641,32345,93911,1.818852173362058,0.2902500989021857
1408,0.1408,30,176,30,446979,229465,32375,93881,1.8174581802052971,0.29034223401557463
1409,0.1409,23,175,23,447154,229290,32398,93858,1.8160721074641997,0.2904489583720153
1410,0.141,42,193,42,447347,229097,32440,93816,1.814543467241161,0.29053026666625376
1411,0.1411,35,173,35,447520,228924,32475,93781,1.8131732353313903,0.29060907020343657
1412,0.1412,15,196,15,447716,228728,32490,93766,1.811620833861361,0.2907526961741924
1413,0.1413,36,183,36,447899,228545,32526,93730,1.8101713977949563,0.29083856954464354
1414,0.1414,26,189,26,448088,228356,32552,93704,1.808674439234571,0.2909519965223871
1415,0.1415,22,172,22,448260,228184,32574,93682,1.8073121277404638,0.29105901213548496
1416,0.1416,20,187,20,448447,227997,32594,93662,1.8058310100114054,0.29118414221271594
1417,0.1417,40,169,40,448616,227828,32634,93622,1.8044924597642884,0.29124902784258827
1418,0.1418,28,174,28,448790,227654,32662,93594,1.8031143074388545,0.29134500448251816
1419,0.1419,30,177,30,448967,227477,32692,93564,1.8017123938664301,0.29143941116555205
1420,0.142,30,200,30,449167,227277,32722,93534,1.8001283107337473,0.2915548407005994
1421,0.1421,35,200,35,449367,227077,32757,93499,1.7985442276010646,0.29165938810141745
1422,0.1422,35,174,35,449541,226903,32792,93464,1.7971660752756304,0.29174041021703234
1423,0.1423,26,161,26,449702,226742,32818,93438,1.7958908883538207,0.2918295958523331
1424,0.1424,27,181,27,449883,226561,32845,93411,1.7944572931187428,0.29193491930543924
1425,0.1425,28,163,28,450046,226398,32873,93383,1.7931662653656064,0.29202172736966864
1426,0.1426,28,187,28,450233,226211,32901,93355,1.791685147636548,0.29213057709518536
1427,0.1427,38,185,38,450418,226026,32939,93317,1.7902198707388164,0.2922155801129193
1428,0.1428,29,160,29,450578,225866,32968,93288,1.7889526042326702,0.29229776220883963
1429,0.1429,32,178,32,450756,225688,33000,93256,1.7875427702445825,0.29238988662586535
1430,0.143,29,204,29,450960,225484,33029,93227,1.785927005449246,0.29251265252846625
1431,0.1431,30,174,30,451134,225310,33059,93197,1.7845488531238118,0.29260581400094815
1432,0.1432,24,187,24,451321,225123,33083,93173,1.7830677353947535,0.2927243823359389
1433,0.1433,31,199,31,451520,224924,33114,93142,1.781491572677734,0.29283859324794226
1434,0.1434,29,177,29,451697,224747,33143,93113,1.78008965910531,0.2929371421380482
1435,0.1435,35,193,35,451890,224554,33178,93078,1.778561018882271,0.29303722546846667
1436,0.1436,30,161,30,452051,224393,33208,93048,1.7772858319604612,0.29311903629335845
1437,0.1437,37,173,37,452224,224220,33245,93011,1.7759156000506906,0.29319644044875814
1438,0.1438,26,185,26,452409,224035,33271,92985,1.7744503231529591,0.2933095703741089
1439,0.1439,37,185,37,452594,223850,33308,92948,1.7729850462552275,0.2933983169085663
1440,0.144,26,184,26,452778,223666,33334,92922,1.7715276897731593,0.29351080900097287
1441,0.1441,27,164,27,452942,223502,33361,92895,1.7702287416043594,0.2936026574208984
1442,0.1442,40,173,40,453115,223329,33401,92855,1.7688585096945888,0.29367393669508896
1443,0.1443,23,186,23,453301,223143,33424,92832,1.7673853123811938,0.2937953952053169
1444,0.1444,34,169,34,453470,222974,33458,92798,1.7660467621340767,0.29387659450489595
1445,0.1445,26,169,26,453639,222805,33484,92772,1.76470821188696,0.2939757967152232
1446,0.1446,23,192,23,453831,222613,33507,92749,1.7631874920795843,0.29410328447942363
1447,0.1447,26,181,26,454012,222432,33533,92723,1.7617538968445063,0.294213958211039
1448,0.1448,31,193,31,454205,222239,33564,92692,1.7602252566214676,0.29432478860448796
1449,0.1449,28,173,28,454378,222066,33592,92664,1.758855024711697,0.29442379182156136
1450,0.145,31,169,31,454547,221897,33623,92633,1.75751647446458,0.2945124471433568
1451,0.1451,22,158,22,454705,221739,33645,92611,1.7562650487897604,0.29461110227453474
1452,0.1452,27,182,27,454887,221557,33672,92584,1.7548235331390192,0.2947211602433302
1453,0.1453,31,166,31,455053,221391,33703,92553,1.7535087441388924,0.2948073541778152
1454,0.1454,35,160,35,455213,221231,33738,92518,1.7522414776327462,0.2948790275028765
1455,0.1455,32,186,32,455399,221045,33770,92486,1.7507682803193512,0.29498199540077374
1456,0.1456,40,150,40,455549,220895,33810,92446,1.749580217969839,0.29503320663430577
1457,0.1457,29,171,29,455720,220724,33839,92417,1.7482258268913953,0.295129031330934
1458,0.1458,24,193,24,455913,220531,33863,92393,1.7466971866683563,0.2952569953087651
1459,0.1459,29,159,29,456072,220372,33892,92364,1.7454378405778734,0.29534175790443057
1460,0.146,19,204,19,456276,220168,33911,92345,1.7438220757825371,0.2954917075449661
1461,0.1461,25,153,25,456429,220015,33936,92320,1.7426102521860347,0.29558006627499317
1462,0.1462,35,168,35,456597,219847,33971,92285,1.7412796223545812,0.2956601694155037
1463,0.1463,34,157,34,456754,219690,34005,92251,1.7400361170954253,0.2957322057696808
1464,0.1464,19,172,19,456926,219518,34024,92232,1.738673805601318,0.2958524458700882
1465,0.1465,36,177,36,457103,219341,34060,92196,1.7372718920288936,0.29593916613435967
1466,0.1466,23,173,23,457276,219168,34083,92173,1.735901660119123,0.2960515961598376
1467,0.1467,33,158,33,457434,219010,34116,92140,1.7346502344443036,0.29612726980556003
1468,0.1468,25,148,25,457582,218862,34141,92115,1.7334780129261185,0.29621161693630077
1469,0.1469,31,187,31,457769,218675,34172,92084,1.73199689519706,0.2963196560678854
1470,0.147,30,166,30,457935,218509,34202,92054,1.7306821061969333,0.2964100681665234
1471,0.1471,22,157,22,458092,218352,34224,92032,1.7294386009377771,0.2965101293881128
1472,0.1472,35,154,35,458246,218198,34259,91997,1.7282188569256114,0.2965779590257741
1473,0.1473,23,185,23,458431,218013,34282,91974,1.72675358002788,0.2967027649546594
1474,0.1474,26,147,26,458578,217866,34308,91948,1.725589278925358,0.296784522326299
1475,0.1475,35,165,35,458743,217701,34343,91913,1.7242824103408947,0.29686319094097813
1476,0.1476,33,177,33,458920,217524,34376,91880,1.7228804967684703,0.29695802252071724
1477,0.1477,32,161,32,459081,217363,34408,91848,1.7216053098466608,0.29703988538570747
1478,0.1478,31,163,31,459244,217200,34439,91817,1.7203142820935242,0.2971260480814971
1479,0.1479,28,169,28,459413,217031,34467,91789,1.7189757318464074,0.29722492066576
1480,0.148,37,180,37,459593,216851,34504,91752,1.7175500570269928,0.29731402481505365
1481,0.1481,18,153,18,459746,216698,34522,91734,1.7163382334304904,0.29742050111531876
1482,0.1482,39,171,39,459917,216527,34561,91695,1.7149838423520467,0.2974966095865967
1483,0.1483,37,169,37,460086,216358,34598,91658,1.7136452921049297,0.2975754506259415
1484,0.1484,31,174,31,460260,216184,34629,91627,1.7122671397794955,0.29767292267008
1485,0.1485,28,181,28,460441,216003,34657,91599,1.7108335445444176,0.29778414964792166
1486,0.1486,30,183,30,460624,215820,34687,91569,1.709384108478013,0.2978928979241287
1487,0.1487,48,169,48,460793,215651,34735,91521,1.708045558230896,0.29794707850976
1488,0.1488,33,163,33,460956,215488,34768,91488,1.7067545304777594,0.29802981340560825
1489,0.1489,23,193,23,461149,215295,34791,91465,1.7052258902547206,0.29816468900769333
1490,0.149,32,144,32,461293,215151,34823,91433,1.7040853503991888,0.2982314797902043
1491,0.1491,25,181,25,461474,214970,34848,91408,1.702651755164111,0.29835040374961647
1492,0.1492,34,147,34,461621,214823,34882,91374,1.7014874540615892,0.2984157258235711
1493,0.1493,24,190,24,461811,214633,34906,91350,1.6999825750855404,0.2985459976534644
1494,0.1494,24,157,24,461968,214476,34930,91326,1.6987390698263845,0.29864422077030234
1495,0.1495,24,157,24,462125,214319,34954,91302,1.6974955645672285,0.29874256022982715
1496,0.1496,41,149,41,462274,214170,34995,91261,1.6963154226333799,0.2987941630024457
1497,0.1497,27,169,27,462443,214001,35022,91234,1.6949768723862628,0.2988975707241961
1498,0.1498,35,165,35,462608,213836,35057,91199,1.6936700038017996,0.2989788057108201
1499,0.1499,34,165,34,462773,213671,35091,91165,1.6923631352173363,0.29906244669264787
1500,0.15,29,168,29,462941,213503,35120,91136,1.6910325053858826,0.299160645879221
1501,0.1501,27,179,27,463120,213324,35147,91109,1.6896147509821315,0.2992743887817681
1502,0.1502,40,191,40,463311,213133,35187,91069,1.6881019515904194,0.2993701553572955
1503,0.1503,34,179,34,463490,212954,35221,91035,1.6866841971866684,0.29946807285789945
1504,0.1504,30,153,30,463643,212801,35251,91005,1.685472373590166,0.29954971264556984
1505,0.1505,31,167,31,463810,212634,35282,90974,1.6841496641743758,0.2996429606597982
1506,0.1506,28,166,28,463976,212468,35310,90946,1.6828348751742492,0.2997422663423573
1507,0.1507,23,172,23,464148,212296,35333,90923,1.681472563680142,0.2998591776900524
1508,0.1508,24,166,24,464314,212130,35357,90899,1.6801577746800151,0.2999679898623564
1509,0.1509,34,166,34,464480,211964,35391,90865,1.6788429856798885,0.30005382575645
1510,0.151,23,148,23,464628,211816,35414,90842,1.6776707641617032,0.30014736104778333
1511,0.1511,26,179,26,464807,211637,35440,90816,1.676253009757952,0.30026483453627506
1512,0.1512,28,160,28,464967,211477,35468,90788,1.6749857432518058,0.30035895654475375
1513,0.1513,31,175,31,465142,211302,35499,90757,1.6735996705107083,0.30046116818237495
1514,0.1514,24,195,24,465337,211107,35523,90733,1.6720551894563427,0.3005996554465942
1515,0.1515,15,169,15,465506,210938,35538,90718,1.6707166392092256,0.30073328559683876
1516,0.1516,25,163,25,465669,210775,35563,90693,1.6694256114560893,0.3008378998766038
1517,0.1517,27,145,27,465814,210630,35590,90666,1.6682771511848942,0.3009200254898837
1518,0.1518,26,165,26,465979,210465,35616,90640,1.666970282600431,0.30102455953903123
1519,0.1519,20,159,20,466138,210306,35636,90620,1.665710936509948,0.30113715664316143
1520,0.152,26,181,26,466319,210125,35662,90594,1.6642773412748701,0.3012579850292133
1521,0.1521,40,167,40,466486,209958,35702,90554,1.66295463185908,0.30133239271643064
1522,0.1522,32,176,32,466662,209782,35734,90522,1.6615606387023192,0.3014345463263893
1523,0.1523,23,176,23,466838,209606,35757,90499,1.6601666455455582,0.30155778810749573
1524,0.1524,24,162,24,467000,209444,35781,90475,1.658883538208085,0.301664782824696
1525,0.1525,31,162,31,467162,209282,35812,90444,1.657600430870612,0.30175560345115204
1526,0.1526,36,152,36,467314,209130,35848,90408,1.6563965276897732,0.3018248102077199
1527,0.1527,23,152,23,467466,208978,35871,90385,1.6551926245089341,0.30192441951744203
1528,0.1528,40,179,40,467645,208799,35911,90345,1.653774870105183,0.30201174016527155
1529,0.1529,30,160,30,467805,208639,35941,90315,1.652507603599037,0.302103333623233
1530,0.153,31,154,31,467959,208485,35972,90284,1.6512878595868712,0.30218663917608585
1531,0.1531,32,162,32,468121,208323,36004,90252,1.6500047522493981,0.30227581009796534
1532,0.1532,33,188,33,468309,208135,36037,90219,1.6485157141046762,0.3023891082405465
1533,0.1533,32,152,32,468461,207983,36069,90187,1.6473118109238374,0.30246839051547775
1534,0.1534,32,182,32,468643,207801,36101,90155,1.645870295273096,0.3025782330276954
1535,0.1535,26,162,26,468805,207639,36127,90129,1.6445871879356229,0.3026819537357943
1536,0.1536,17,141,17,468946,207498,36144,90112,1.6434704093270815,0.3027855246799503
1537,0.1537,25,160,25,469106,207338,36169,90087,1.6422031428209352,0.3028898041523073
1538,0.1538,26,161,26,469267,207177,36195,90061,1.6409279558991257,0.30299288785417744
1539,0.1539,29,171,29,469438,207006,36224,90032,1.6395735648206817,0.3030992667604818
1540,0.154,29,156,29,469594,206850,36253,90003,1.638337979977189,0.3031904680094188
1541,0.1541,31,160,31,469754,206690,36284,89972,1.637070713471043,0.30328117520949766
1542,0.1542,21,164,21,469918,206526,36305,89951,1.635771765302243,0.30339958917555154
1543,0.1543,28,182,28,470100,206344,36333,89923,1.6343302496515018,0.30352013555340285
1544,0.1544,26,139,26,470239,206205,36359,89897,1.633229311874287,0.30360146165848256
1545,0.1545,26,155,26,470394,206050,36385,89871,1.632001647446458,0.3036992981234857
1546,0.1546,30,167,30,470561,205883,36415,89841,1.6306789380306679,0.3038001650187337
1547,0.1547,30,190,30,470751,205693,36445,89811,1.629174059054619,0.30392481996859605
1548,0.1548,38,152,38,470903,205541,36483,89773,1.6279701558737802,0.3039916834284863
1549,0.1549,26,165,26,471068,205376,36509,89747,1.626663287289317,0.3041003242715749
1550,0.155,31,145,31,471213,205231,36540,89716,1.6255148270181219,0.3041766825904315
1551,0.1551,32,136,32,471349,205095,36572,89684,1.6244376504878977,0.30424148260222067
1552,0.1552,34,190,34,471539,204905,36606,89650,1.622932771511849,0.30435742051569314
1553,0.1553,20,164,20,471703,204741,36626,89630,1.621633823343049,0.3044797211681857
1554,0.1554,26,164,26,471867,204577,36652,89604,1.6203348751742492,0.3045879917465778
1555,0.1555,20,162,20,472029,204415,36672,89584,1.6190517678367762,0.3047085194167327
1556,0.1556,35,161,35,472190,204254,36707,89549,1.6177765809149665,0.30479266719536563
1557,0.1557,37,176,37,472366,204078,36744,89512,1.6163825877582056,0.3048877686569706
1558,0.1558,35,155,35,472521,203923,36779,89477,1.6151549233303764,0.30496591683708246
1559,0.1559,34,156,34,472677,203767,36813,89443,1.6139193384868837,0.3050475768220729
1560,0.156,31,148,31,472825,203619,36844,89412,1.6127471169686984,0.3051281263757077
1561,0.1561,35,146,35,472971,203473,36879,89377,1.61159073628184,0.30519719993170563
1562,0.1562,26,156,26,473127,203317,36905,89351,1.6103551514383474,0.30529815353916384
1563,0.1563,32,147,32,473274,203170,36937,89319,1.6091908503358257,0.30537558677420346
1564,0.1564,35,167,35,473441,203003,36972,89284,1.6078681409200355,0.3054668869980533
1565,0.1565,33,170,33,473611,202833,37005,89251,1.6065216702572551,0.30556620698155323
1566,0.1566,42,146,42,473757,202687,37047,89209,1.6053652895703967,0.30561912461972757
1567,0.1567,34,145,34,473902,202542,37081,89175,1.6042168292992016,0.30569010376495026
1568,0.1568,35,147,35,474049,202395,37116,89140,1.6030525281966799,0.3057608863429777
1569,0.1569,31,163,31,474212,202232,37147,89109,1.6017615004435433,0.30585808382616936
1570,0.157,34,160,34,474372,202072,37181,89075,1.600494233937397,0.3059451067673718
1571,0.1571,24,173,24,474545,201899,37205,89051,1.5991240020276265,0.3060697714383915
1572,0.1572,28,154,28,474699,201745,37233,89023,1.5979042580154605,0.306165052550487
1573,0.1573,36,137,36,474836,201608,37269,88987,1.596819161069573,0.3062234381183434
1574,0.1574,27,148,27,474984,201460,37296,88960,1.5956469395513877,0.3063149920804352
1575,0.1575,33,147,33,475131,201313,37329,88927,1.5944826384488657,0.3063912624035281
1576,0.1576,21,171,21,475302,201142,37350,88906,1.593128247370422,0.30652167917034423
1577,0.1577,29,178,29,475480,200964,37379,88877,1.5917184133823343,0.30664053739809066
1578,0.1578,29,155,29,475635,200809,37408,88848,1.590490748954505,0.30673520750404787
1579,0.1579,31,139,31,475774,200670,37439,88817,1.5893898111772906,0.3068082504568426
1580,0.158,30,181,30,475955,200489,37469,88787,1.5879562159422127,0.3069283314205119
1581,0.1581,27,166,27,476121,200323,37496,88760,1.5866414269420859,0.3070398466876295
1582,0.1582,32,149,32,476270,200174,37528,88728,1.5854612850082372,0.30712144602668034
1583,0.1583,28,177,28,476447,199997,37556,88700,1.5840593714358129,0.3072425414881346
1584,0.1584,30,133,30,476580,199864,37586,88670,1.5830059561525789,0.30731213652463835
1585,0.1585,27,164,27,476744,199700,37613,88643,1.581707007983779,0.3074220633065481
1586,0.1586,30,137,30,476881,199563,37643,88613,1.5806219110378912,0.30749611348620287
1587,0.1587,30,156,30,477037,199407,37673,88583,1.5793863261943988,0.30759054133824093
1588,0.1588,30,150,30,477187,199257,37703,88553,1.5781982638448866,0.3076786769049025
1589,0.1589,32,144,32,477331,199113,37735,88521,1.577057723989355,0.30775568952210103
1590,0.159,22,147,22,477478,198966,37757,88499,1.575893422886833,0.3078600873149775
1591,0.1591,29,146,29,477624,198820,37786,88470,1.5747370421999747,0.3079466740923805
1592,0.1592,24,165,24,477789,198655,37810,88446,1.5734301736155114,0.3080658026269501
1593,0.1593,35,158,35,477947,198497,37845,88411,1.572178747940692,0.30815104493426465
1594,0.1594,32,150,32,478097,198347,37877,88379,1.5709906855911797,0.30823503972433614
1595,0.1595,33,131,33,478228,198216,37910,88346,1.5699531111392726,0.30829628492263456
1596,0.1596,28,170,28,478398,198046,37938,88318,1.5686066404764922,0.30841167185819446
1597,0.1597,25,142,25,478540,197904,37963,88293,1.5674819414522874,0.30850428201553476
1598,0.1598,25,157,25,478697,197747,37988,88268,1.5662384361931314,0.3086131846231841
1599,0.1599,28,158,28,478855,197589,38016,88240,1.564987010518312,0.30871605050572193
1600,0.16,29,181,29,479036,197408,38045,88211,1.563553415283234,0.3088414986397964
1601,0.1601,26,140,26,479176,197268,38071,88185,1.562444557090356,0.30893001650008933
1602,0.1602,28,155,28,479331,197113,38099,88157,1.561216892662527,0.30903004171486664
1603,0.1603,37,152,37,479483,196961,38136,88120,1.560012989481688,0.309105131524023
1604,0.1604,36,158,36,479641,196803,38172,88084,1.5587615638068686,0.309189257495077
1605,0.1605,27,158,27,479799,196645,38199,88057,1.557510138132049,0.30929533336611614
1606,0.1606,25,144,25,479943,196501,38224,88032,1.5563695982765176,0.3093911778247163
1607,0.1607,21,153,21,480096,196348,38245,88011,1.5551577746800151,0.30950664476946393
1608,0.1608,24,152,24,480248,196196,38269,87987,1.5539538714991763,0.3096138755660965
1609,0.1609,31,168,31,480416,196028,38300,87956,1.5526232416677228,0.309721674460533
1610,0.161,26,149,26,480565,195879,38326,87930,1.551443099733874,0.3098210416160164
1611,0.1611,29,145,29,480710,195734,38355,87901,1.550294639462679,0.3099088617413225
1612,0.1612,25,157,25,480867,195577,38380,87876,1.549051134203523,0.31001965052407277
1613,0.1613,34,146,34,481013,195431,38414,87842,1.5478947535166645,0.3100966205744988
1614,0.1614,19,147,19,481160,195284,38433,87823,1.5467304524141428,0.31021133352407393
1615,0.1615,30,138,30,481298,195146,38463,87793,1.5456374350525917,0.310289497029395
1616,0.1616,27,148,27,481446,194998,38490,87766,1.5444652135344064,0.3103860463142408
1617,0.1617,23,152,23,481598,194846,38513,87743,1.5432613103535673,0.3104968700126332
1618,0.1618,29,154,29,481752,194692,38542,87714,1.5420415663414015,0.3105953839507659
1619,0.1619,37,161,37,481913,194531,38579,87677,1.540766379419592,0.31068219185848733
1620,0.162,27,142,27,482055,194389,38606,87650,1.5396416803953872,0.3107726236442478
1621,0.1621,29,138,29,482193,194251,38635,87621,1.538548663033836,0.3108538627462111
1622,0.1622,34,167,34,482360,194084,38669,87587,1.537225953618046,0.3109549793908496
1623,0.1623,36,139,36,482499,193945,38705,87551,1.5361250158408313,0.3110204052633075
1624,0.1624,33,135,33,482634,193810,38738,87518,1.5350557597262704,0.3110888358073139
1625,0.1625,29,162,29,482796,193648,38767,87489,1.5337726523887973,0.3111970320519889
1626,0.1626,37,136,37,482932,193512,38804,87452,1.5326954758585731,0.311256958186814
1627,0.1627,23,137,23,483069,193375,38827,87429,1.5316103789126854,0.3113524023874304
1628,0.1628,33,143,33,483212,193232,38860,87396,1.5304777594728172,0.311430078253061
1629,0.1629,41,169,41,483381,193063,38901,87355,1.5291392092257001,0.31151709234071995
1630,0.163,30,130,30,483511,192933,38931,87325,1.5281095551894563,0.31158789401194614
1631,0.1631,31,143,31,483654,192790,38962,87294,1.5269769357495881,0.31167078447894203
1632,0.1632,26,152,26,483806,192638,38988,87268,1.5257730325687493,0.3117760962608876
1633,0.1633,30,143,30,483949,192495,39018,87238,1.524640413128881,0.3118616680906436
1634,0.1634,28,153,28,484102,192342,39046,87210,1.5234285895323787,0.3119634271978022
1635,0.1635,22,154,22,484256,192188,39068,87188,1.522208845520213,0.3120812095527175
1636,0.1636,23,153,23,484409,192035,39091,87165,1.5209970219237106,0.31219555873925503
1637,0.1637,32,168,32,484577,191867,39123,87133,1.519666392092257,0.3123046594982079
1638,0.1638,38,152,38,484729,191715,39161,87095,1.518462488911418,0.31238119149241417
1639,0.1639,24,146,24,484875,191569,39185,87071,1.5173061082245596,0.31248564455928796
1640,0.164,24,168,24,485043,191401,39209,87047,1.515975478393106,0.3126149227144745
1641,0.1641,25,146,25,485189,191255,39234,87022,1.5148190977062477,0.3127171846757008
1642,0.1642,24,146,24,485335,191109,39258,86998,1.5136627170193893,0.31282204331426394
1643,0.1643,43,178,43,485513,190931,39301,86955,1.5122528830313016,0.3129160878921572
1644,0.1644,26,146,26,485659,190785,39327,86929,1.511096502344443,0.3130162685352557
1645,0.1645,26,138,26,485797,190647,39353,86903,1.5100034849828918,0.3131075481895154
1646,0.1646,35,150,35,485947,190497,39388,86868,1.5088154226333799,0.3131902006381483
1647,0.1647,25,155,25,486102,190342,39413,86843,1.5075877582055506,0.31330338943305014
1648,0.1648,22,143,22,486245,190199,39435,86821,1.5064551387656824,0.3134105840733521
1649,0.1649,26,140,26,486385,190059,39461,86795,1.5053462805728044,0.3135045908673886
1650,0.165,30,153,30,486538,189906,39491,86765,1.5041344569763022,0.313603521872549
1651,0.1651,34,129,34,486667,189777,39525,86731,1.5031127233557218,0.3136654274017388
1652,0.1652,27,147,27,486814,189630,39552,86704,1.5019484222531998,0.31376522613938207
1653,0.1653,21,144,21,486958,189486,39573,86683,1.5008078823976683,0.3138766479945251
1654,0.1654,26,126,26,487084,189360,39599,86657,1.499809910024078,0.3139552998547191
1655,0.1655,28,133,28,487217,189227,39627,86629,1.498756494740844,0.3140370338147439
1656,0.1656,39,155,39,487372,189072,39666,86590,1.4975288303130148,0.3141165630373428
1657,0.1657,37,135,37,487507,188937,39703,86553,1.4964595741984539,0.3141783730806926
1658,0.1658,36,128,36,487635,188809,39739,86517,1.495445760993537,0.3142347617006748
1659,0.1659,32,146,32,487781,188663,39771,86485,1.4942893803066786,0.3143217468416997
1660,0.166,19,137,19,487918,188526,39790,86466,1.4932042833607908,0.31443096526444403
1661,0.1661,27,142,27,488060,188384,39817,86439,1.492079584336586,0.31452607678396644
1662,0.1662,35,140,35,488200,188244,39852,86404,1.490970726143708,0.3145990504209024
1663,0.1663,35,154,35,488354,188090,39887,86369,1.4897509821315422,0.31468816836030156
1664,0.1664,25,156,25,488510,187934,39912,86344,1.4885153972880496,0.31480468721516125
1665,0.1665,27,129,27,488639,187805,39939,86317,1.4874936636674694,0.31488534302244986
1666,0.1666,24,140,24,488779,187665,39963,86293,1.4863848054745914,0.31498623876652626
1667,0.1667,29,143,29,488922,187522,39992,86264,1.4852521860347232,0.3150781997618578
1668,0.1668,25,169,25,489091,187353,40017,86239,1.4839136357876062,0.31521024006549897
1669,0.1669,39,156,39,489247,187197,40056,86200,1.4826780509441135,0.31529241359634524
1670,0.167,26,134,26,489381,187063,40082,86174,1.481616715245216,0.31538188459103267
1671,0.1671,29,140,29,489521,186923,40111,86145,1.480507857052338,0.31547087172425914
1672,0.1672,31,163,31,489684,186760,40142,86114,1.4792168292992016,0.3155815504591863
1673,0.1673,29,171,29,489855,186589,40171,86085,1.477862438220758,0.315706668035823
1674,0.1674,34,159,34,490014,186430,40205,86051,1.476603092130275,0.31580550570498495
1675,0.1675,28,144,28,490158,186286,40233,86023,1.4754625522747433,0.3159021552721357
1676,0.1676,26,157,26,490315,186129,40259,85997,1.4742190470155874,0.31601904999889757
1677,0.1677,28,125,28,490440,186004,40287,85969,1.4732289950576607,0.3160938769657282
1678,0.1678,26,143,26,490583,185861,40313,85943,1.4720963756177925,0.31619475798737323
1679,0.1679,36,167,36,490750,185694,40349,85907,1.4707736662020023,0.3162985408742972
1680,0.168,21,154,21,490904,185540,40370,85886,1.4695539221898366,0.31642510297465976
1681,0.1681,22,141,22,491045,185399,40392,85864,1.468437143581295,0.3165341384560371
1682,0.1682,21,146,21,491191,185253,40413,85843,1.4672807628944367,0.3166516658305545
1683,0.1683,42,127,42,491318,185126,40455,85801,1.466274870105183,0.31669416484883384
1684,0.1684,29,120,29,491438,185006,40484,85772,1.4653244202255735,0.31676133216140157
1685,0.1685,36,143,36,491581,184863,40520,85736,1.4641918007857053,0.31683783014719197
1686,0.1686,33,135,33,491716,184728,40553,85703,1.4631225446711444,0.3169126320577153
1687,0.1687,30,162,30,491878,184566,40583,85673,1.4618394373336712,0.3170267799984458
1688,0.1688,17,119,17,491997,184447,40600,85656,1.460896907869725,0.3171234677141683
1689,0.1689,30,137,30,492134,184310,40630,85626,1.4598118109238374,0.3172085235018671
1690,0.169,19,154,19,492288,184156,40649,85607,1.4585920669116714,0.3173415182956892
1691,0.1691,18,160,18,492448,183996,40667,85589,1.4573248004055253,0.31748428139547824
1692,0.1692,21,130,21,492578,183866,40688,85568,1.4562951463692815,0.31758426924590066
1693,0.1693,37,146,37,492724,183720,40725,85531,1.455138765682423,0.3176627013455846
1694,0.1694,33,131,33,492855,183589,40758,85498,1.4541011912305157,0.31773366977966233
1695,0.1695,33,164,33,493019,183425,40791,85465,1.4528022430617158,0.3178437279184797
1696,0.1696,30,152,30,493171,183273,40821,85435,1.451598339880877,0.31794736293671944
1697,0.1697,31,147,31,493318,183126,40852,85404,1.4504340387783552,0.3180426767958887
1698,0.1698,24,116,24,493434,183010,40876,85380,1.4495152705613992,0.31811915496106413
1699,0.1699,31,132,31,493566,182878,40907,85349,1.4484697756938285,0.31819690038661286
1700,0.17,30,132,30,493698,182746,40937,85319,1.4474242808262578,0.3182772834946748
1701,0.1701,33,135,33,493833,182611,40970,85286,1.446355024711697,0.3183536956367559
1702,0.1702,32,144,32,493977,182467,41002,85254,1.4452144848561652,0.3184434541929845
1703,0.1703,25,110,25,494087,182357,41027,85229,1.4443432391331896,0.31851068441547764
1704,0.1704,37,147,37,494234,182210,41064,85192,1.4431789380306679,0.3185914839829171
1705,0.1705,27,134,27,494368,182076,41091,85165,1.4421176023317703,0.3186823878072601
1706,0.1706,38,147,38,494515,181929,41129,85127,1.4409533012292486,0.31876085914564734
1707,0.1707,29,158,29,494673,181771,41158,85098,1.439701875554429,0.3188755531740292
1708,0.1708,33,131,33,494804,181640,41191,85065,1.438664301102522,0.31894790123919686
1709,0.1709,30,145,30,494949,181495,41221,85035,1.4375158408313269,0.31904476043972535
1710,0.171,29,162,29,495111,181333,41250,85006,1.4362327334938538,0.31916467359267703
1711,0.1711,29,160,29,495271,181173,41279,84977,1.4349654669877074,0.3192823595716701
1712,0.1712,19,149,19,495420,181024,41298,84958,1.4337853250538588,0.3194125918295223
1713,0.1713,25,155,25,495575,180869,41323,84933,1.4325576606260297,0.31953484172429103
1714,0.1714,34,156,34,495731,180713,41357,84899,1.4313220757825371,0.3196354080387934
1715,0.1715,26,137,26,495868,180576,41383,84873,1.4302369788366494,0.31973373416362466
1716,0.1716,30,140,30,496008,180436,41413,84843,1.4291281206437714,0.31982554216504133
1717,0.1717,29,122,29,496130,180314,41442,84814,1.428161829932835,0.3198983132675538
1718,0.1718,31,128,31,496258,180186,41473,84783,1.4271480167279178,0.3199732798931196
1719,0.1719,34,129,34,496387,180057,41507,84749,1.4261262831073376,0.32004184195222163
1720,0.172,36,131,36,496518,179926,41543,84713,1.4250887086554302,0.32010776945197045
1721,0.1721,24,130,24,496648,179796,41567,84689,1.4240590546191865,0.32020341418227877
1722,0.1722,29,138,29,496786,179658,41596,84660,1.4229660372576354,0.32029600708237804
1723,0.1723,29,134,29,496920,179524,41625,84631,1.4219047015587378,0.3203838655334936
1724,0.1724,27,141,27,497061,179383,41652,84604,1.4207879229501965,0.3204854784515904
1725,0.1725,21,125,21,497186,179258,41673,84583,1.4197978709922696,0.32058323005143247
1726,0.1726,25,164,25,497350,179094,41698,84558,1.4184989228234697,0.320718219471121
1727,0.1727,36,140,36,497490,178954,41734,84522,1.417390064630592,0.3207958220103539
1728,0.1728,29,162,29,497652,178792,41763,84493,1.4161069572931186,0.3209183964145318
1729,0.1729,34,133,34,497785,178659,41797,84459,1.4150535420098846,0.3209928625179577
1730,0.173,30,130,30,497915,178529,41827,84429,1.4140238879736409,0.32107408787715147
1731,0.1731,34,145,34,498060,178384,41861,84395,1.4128754277024458,0.32116341107927193
1732,0.1732,26,152,26,498212,178232,41887,84369,1.411671524521607,0.3212820971740397
1733,0.1733,31,122,31,498334,178110,41918,84338,1.4107052338106705,0.32135127720538925
1734,0.1734,43,130,43,498464,177980,41961,84295,1.4096755797744265,0.32139929463349537
1735,0.1735,22,124,22,498588,177856,41983,84273,1.4086934482321631,0.321494378721927
1736,0.1736,21,140,21,498728,177716,42004,84252,1.4075845900392852,0.32161179991449335
1737,0.1737,33,146,33,498874,177570,42037,84219,1.4064282093524267,0.32170564844206595
1738,0.1738,29,153,29,499027,177417,42066,84190,1.4052163857559246,0.3218186057712523
1739,0.1739,22,148,22,499175,177269,42088,84168,1.4040441642377393,0.3219437187544227
1740,0.174,28,144,28,499319,177125,42116,84140,1.4029036243822075,0.32204849482326375
1741,0.1741,24,115,24,499434,177010,42140,84116,1.401992776580915,0.32212801482809067
1742,0.1742,22,120,22,499554,176890,42162,84094,1.4010423267013052,0.3222189866045428
1743,0.1743,33,122,33,499676,176768,42195,84061,1.4000760359903688,0.3222839484873231
1744,0.1744,22,125,22,499801,176643,42217,84039,1.399085984032442,0.32238129214905514
1745,0.1745,29,138,29,499939,176505,42246,84010,1.3979929666708908,0.32247663282344585
1746,0.1746,45,139,45,500078,176366,42291,83965,1.3968920288936764,0.3225317000280412
1747,0.1747,18,128,18,500206,176238,42309,83947,1.3958782156887592,0.3226435036608567
1748,0.1748,19,141,19,500347,176097,42328,83928,1.394761437080218,0.32276896452264203
1749,0.1749,21,139,21,500486,175958,42349,83907,1.3936604993030035,0.3228868835741635
1750,0.175,41,151,41,500637,175807,42390,83866,1.392464516537828,0.3229677324943294
1751,0.1751,40,143,40,500780,175664,42430,83826,1.3913318970979598,0.3230413503410536
1752,0.1752,31,140,31,500920,175524,42461,83795,1.3902230389050818,0.3231348262179015
1753,0.1753,22,123,22,501043,175401,42483,83773,1.3892488277784818,0.32323072530423574
1754,0.1754,24,116,24,501159,175285,42507,83749,1.3883300595615258,0.3233127697522333
1755,0.1755,31,136,31,501295,175149,42538,83718,1.3872528830313016,0.3234015923234711
1756,0.1756,35,110,35,501405,175039,42573,83683,1.386381637308326,0.32344756147525144
1757,0.1757,26,125,26,501530,174914,42599,83657,1.385391585350399,0.32353589536336247
1758,0.1758,29,120,29,501650,174794,42628,83628,1.3844411354707895,0.32361021894420755
1759,0.1759,30,136,30,501786,174658,42658,83598,1.3833639589405653,0.32370206306920263
1760,0.176,33,126,33,501912,174532,42691,83565,1.382365986566975,0.3237736199955831
1761,0.1761,28,130,28,502042,174402,42719,83537,1.3813363325307313,0.3238633940582851
1762,0.1762,27,136,27,502178,174266,42746,83510,1.3802591560005069,0.3239634411271802
1763,0.1763,25,126,25,502304,174140,42771,83485,1.3792611836269166,0.3240562833575934
1764,0.1764,36,155,36,502459,173985,42807,83449,1.3780335191990876,0.32415687127574444
1765,0.1765,40,125,40,502584,173860,42847,83409,1.377043467241161,0.32420929066463505
1766,0.1766,30,116,30,502700,173744,42877,83379,1.3761246990242049,0.324276708034676
1767,0.1767,24,139,24,502839,173605,42901,83355,1.3750237612469902,0.3243890099626401
1768,0.1768,22,150,22,502989,173455,42923,83333,1.373835698897478,0.32452061622817263
1769,0.1769,33,112,33,503101,173343,42956,83300,1.3729486123431758,0.32457538292491905
1770,0.177,37,123,37,503224,173220,42993,83263,1.3719744012165758,0.3246336014472694
1771,0.1771,21,139,21,503363,173081,43014,83242,1.3708734634393613,0.3247543138930178
1772,0.1772,35,138,35,503501,172943,43049,83207,1.3697804460778102,0.3248370095647082
1773,0.1773,32,128,32,503629,172815,43081,83175,1.3687666328728931,0.3249150357435837
1774,0.1774,25,141,25,503770,172674,43106,83150,1.3676498542643518,0.3250281443492401
1775,0.1775,32,107,32,503877,172567,43138,83118,1.3668023697883664,0.3250796878972173
1776,0.1776,39,150,39,504027,172417,43177,83079,1.3656143074388545,0.32516751729968374
1777,0.1777,30,130,30,504157,172287,43207,83049,1.3645846534026105,0.32525378325030546
1778,0.1778,29,124,29,504281,172163,43236,83020,1.3636025218603471,0.3253351516362767
1779,0.1779,24,123,24,504404,172040,43260,82996,1.3626283107337473,0.32542856694741135
1780,0.178,26,134,26,504538,171906,43286,82970,1.3615669750348498,0.32553084637235363
1781,0.1781,25,162,25,504700,171744,43311,82945,1.3602838676973767,0.3256717015654386
1782,0.1782,23,147,23,504847,171597,43334,82922,1.359119566594855,0.3257988598100731
1783,0.1783,27,128,27,504975,171469,43361,82895,1.3581057533899379,0.32589124247141893
1784,0.1784,20,122,20,505097,171347,43381,82875,1.3571394626790014,0.32599460314213563
1785,0.1785,27,118,27,505215,171229,43408,82848,1.3562048536307185,0.32607437902683045
1786,0.1786,32,117,32,505332,171112,43440,82816,1.3552781649980992,0.32613969314136293
1787,0.1787,40,140,40,505472,170972,43480,82776,1.3541693068052212,0.32621340857858977
1788,0.1788,39,127,39,505599,170845,43519,82737,1.3531634140159676,0.3262731581894614
1789,0.1789,33,136,33,505735,170709,43552,82704,1.3520862374857432,0.326360526097714
1790,0.179,21,145,21,505880,170564,43573,82683,1.3509377772145483,0.32649152803389575
1791,0.1791,36,122,36,506002,170442,43609,82647,1.3499714865036117,0.3265531097756125
1792,0.1792,23,133,23,506135,170309,43632,82624,1.3489180712203777,0.3266635828460501
1793,0.1793,21,132,21,506267,170177,43653,82603,1.347872576352807,0.3267782261254846
1794,0.1794,30,108,30,506375,170069,43683,82573,1.3470171714611583,0.3268379762668123
1795,0.1795,19,129,19,506504,169940,43702,82554,1.3459954378405778,0.3269543038646463
1796,0.1796,30,125,30,506629,169815,43732,82524,1.3450053858826512,0.32703624885570604
1797,0.1797,34,133,34,506762,169682,43766,82490,1.343951970599417,0.32711799882619796
1798,0.1798,27,122,27,506884,169560,43793,82463,1.3429856798884805,0.32720426310297074
1799,0.1799,34,142,34,507026,169418,43827,82429,1.3418609808642759,0.32729792294528026
1800,0.18,43,135,43,507161,169283,43870,82386,1.340791724749715,0.32735855429154964
1801,0.1801,33,132,33,507293,169151,43903,82353,1.3397462298821443,0.3274421082766079
1802,0.1802,25,127,25,507420,169024,43928,82328,1.3387403370928905,0.32754066011012445
1803,0.1803,27,131,27,507551,168893,43955,82301,1.3377027626409834,0.3276391952037071
1804,0.1804,27,144,27,507695,168749,43982,82274,1.3365622227854517,0.3277548272469057
1805,0.1805,22,107,22,507802,168642,44004,82252,1.3357147383094665,0.32783565968098083
1806,0.1806,27,142,27,507944,168500,44031,82225,1.3345900392852617,0.3279489480506531
1807,0.1807,34,131,34,508075,168369,44065,82191,1.3335524648333545,0.328029214559387
1808,0.1808,32,122,32,508197,168247,44097,82159,1.3325861741224179,0.32810316046740096
1809,0.1809,11,137,11,508334,168110,44108,82148,1.3315010771765303,0.3282532426535815
1810,0.181,31,139,31,508473,167971,44139,82117,1.3304001393993157,0.32835241994817826
1811,0.1811,26,123,26,508596,167848,44165,82091,1.3294259282727157,0.3284441403702503
1812,0.1812,33,137,33,508733,167711,44198,82058,1.3283408313268281,0.32853556686378216
1813,0.1813,32,116,32,508849,167595,44230,82026,1.327422063109872,0.32860216087588784
1814,0.1814,28,133,28,508982,167462,44258,81998,1.3263686478266379,0.328701996312034
1815,0.1815,29,111,29,509093,167351,44287,81969,1.325489481687999,0.32877025509385527
1816,0.1816,27,127,27,509220,167224,44314,81942,1.3244835888987454,0.3288650939534286
1817,0.1817,30,108,30,509328,167116,44344,81912,1.3236281840070967,0.3289268676614678
1818,0.1818,27,116,27,509444,167000,44371,81885,1.3227094157901407,0.3290073728830584
1819,0.1819,30,114,30,509558,166886,44401,81855,1.3218064884045115,0.3290772329451116
1820,0.182,31,134,31,509692,166752,44432,81824,1.320745152705614,0.32917095777548916
1821,0.1821,24,135,24,509827,166617,44456,81800,1.319675896591053,0.32928503282786603
1822,0.1822,39,130,39,509957,166487,44495,81761,1.3186462425548093,0.32935209951338984
1823,0.1823,30,115,30,510072,166372,44525,81731,1.3177353947535166,0.3294236667835536
1824,0.1824,27,112,27,510184,166260,44552,81704,1.3168483081992144,0.32949944346760013
1825,0.1825,26,135,26,510319,166125,44578,81678,1.3157790520846535,0.32960860038014067
1826,0.1826,36,126,36,510445,165999,44614,81642,1.3147810797110633,0.3296788496250621
1827,0.1827,34,127,34,510572,165872,44648,81608,1.3137751869218097,0.3297559398739292
1828,0.1828,26,114,26,510686,165758,44674,81582,1.3128722595361804,0.32983747068812164
1829,0.1829,37,131,37,510817,165627,44711,81545,1.3118346850842733,0.32991196413833285
1830,0.183,30,133,30,510950,165494,44741,81515,1.3107812698010393,0.33000821832402866
1831,0.1831,30,123,30,511073,165371,44771,81485,1.3098070586744393,0.3300912272742003
1832,0.1832,28,125,28,511198,165246,44799,81457,1.3088170067165126,0.33018244609915565
1833,0.1833,25,140,25,511338,165106,44824,81432,1.3077081485236346,0.3303020224062822
1834,0.1834,25,125,25,511463,164981,44849,81407,1.3067180965657077,0.330401642937156
1835,0.1835,35,138,35,511601,164843,44884,81372,1.3056250792041566,0.33049164348232235
1836,0.1836,39,143,39,511744,164700,44923,81333,1.3044924597642884,0.3305776054431723
1837,0.1837,32,127,32,511871,164573,44955,81301,1.3034865669750348,0.33066123298925465
1838,0.1838,30,125,30,511996,164448,44985,81271,1.3024965150171082,0.3307477240262251
1839,0.1839,31,117,31,512113,164331,45016,81240,1.3015698263844886,0.33082082167682664
1840,0.184,26,129,26,512242,164202,45042,81214,1.3005480927639081,0.3309238191478958
1841,0.1841,13,131,13,512373,164071,45055,81201,1.299510518312001,0.33106510323232985
1842,0.1842,27,104,27,512477,163967,45082,81174,1.2986867950830059,0.3311318792042131
1843,0.1843,20,107,20,512584,163860,45102,81154,1.2978393106070207,0.33122188936142427
1844,0.1844,19,120,19,512704,163740,45121,81135,1.296888860727411,0.3313323124042879
1845,0.1845,23,132,23,512836,163608,45144,81112,1.2958433658598403,0.3314481856815953
1846,0.1846,23,126,23,512962,163482,45167,81089,1.29484539348625,0.33155607165199474
1847,0.1847,32,125,32,513087,163357,45199,81057,1.2938553415283234,0.3316381222024925
1848,0.1848,26,112,26,513199,163245,45225,81031,1.2929682549740211,0.3317190391196843
1849,0.1849,29,139,29,513338,163106,45254,81002,1.2918673171968065,0.3318285349107772
1850,0.185,26,139,26,513477,162967,45280,80976,1.290766379419592,0.3319463973141267
1851,0.1851,28,118,28,513595,162849,45308,80948,1.2898317703713091,0.3320303367145617
1852,0.1852,28,114,28,513709,162735,45336,80920,1.2889288429856798,0.3321089245039092
1853,0.1853,23,129,23,513838,162606,45359,80897,1.2879071093650996,0.3322217796084648
1854,0.1854,32,125,32,513963,162481,45391,80865,1.2869170574071727,0.33230461975951936
1855,0.1855,27,125,27,514088,162356,45418,80838,1.285927005449246,0.3324012927950525
1856,0.1856,30,99,30,514187,162257,45448,80808,1.285142884298568,0.33245428177647957
1857,0.1857,22,123,22,514310,162134,45470,80786,1.2841686731719681,0.33256216038201875
1858,0.1858,28,126,28,514436,162008,45498,80758,1.283170700798378,0.3326577856866283
1859,0.1859,20,124,20,514560,161884,45518,80738,1.2821885692561146,0.33277279059607123
1860,0.186,34,122,34,514682,161762,45552,80704,1.2812222785451781,0.3328466671615814
1861,0.1861,29,147,29,514829,161615,45581,80675,1.2800579774426561,0.3329687564488836
1862,0.1862,31,135,31,514964,161480,45612,80644,1.2789887213280953,0.3330690059638863
1863,0.1863,30,112,30,515076,161368,45642,80614,1.278101634773793,0.3331404815234191
1864,0.1864,35,123,35,515199,161245,45677,80579,1.277127423647193,0.33321341140664285
1865,0.1865,20,111,20,515310,161134,45697,80559,1.276248257508554,0.3333112667723103
1866,0.1866,24,115,24,515425,161019,45721,80535,1.2753374097072614,0.3334037109714598
1867,0.1867,37,114,37,515539,160905,45758,80498,1.2744344823216323,0.3334589876679246
1868,0.1868,32,119,32,515658,160786,45790,80466,1.273491952857686,0.3335350587767148
1869,0.1869,45,132,45,515790,160654,45835,80421,1.2724464579901154,0.3335932800995541
1870,0.187,22,133,22,515923,160521,45857,80399,1.2713930427068814,0.3337165864187282
1871,0.1871,21,129,21,516052,160392,45878,80378,1.270371309086301,0.3338372720853927
1872,0.1872,28,119,28,516171,160273,45906,80350,1.2694287796223547,0.3339248534013789
1873,0.1873,23,137,23,516308,160136,45929,80327,1.268343682676467,0.33405139252192645
1874,0.1874,27,135,27,516443,160001,45956,80300,1.267274426561906,0.3341642356877416
1875,0.1875,31,126,31,516569,159875,45987,80269,1.2662764541883158,0.33425361449796787
1876,0.1876,29,138,29,516707,159737,46016,80240,1.2651834368267647,0.334365376681932
1877,0.1877,26,132,26,516839,159605,46042,80214,1.264137941959194,0.3344772515939104
1878,0.1878,23,126,23,516965,159479,46065,80191,1.2631399695856038,0.3345892268535903
1879,0.1879,28,111,28,517076,159368,46093,80163,1.262260803446965,0.33466649410723454
1880,0.188,32,114,32,517190,159254,46125,80131,1.2613578760613358,0.3347369300499196
1881,0.1881,30,115,30,517305,159139,46155,80101,1.260447028260043,0.3348144123056345
1882,0.1882,32,122,32,517427,159017,46187,80069,1.2594807375491066,0.3348962298085208
1883,0.1883,32,109,32,517536,158908,46219,80037,1.2586174122417944,0.33495992801690766
1884,0.1884,27,113,27,517649,158795,46246,80010,1.2577224052718288,0.33504323611314674
1885,0.1885,23,125,23,517774,158670,46269,79987,1.2567323533139019,0.33515463615146424
1886,0.1886,21,112,21,517886,158558,46290,79966,1.2558452667595996,0.33525347554124535
1887,0.1887,21,107,21,517993,158451,46311,79945,1.2549977822836142,0.33534539170120303
1888,0.1888,23,113,23,518106,158338,46334,79922,1.2541027753136484,0.335440275329472
1889,0.1889,29,119,29,518225,158219,46363,79893,1.2531602458497022,0.3355269789006854
1890,0.189,28,96,28,518321,158123,46391,79865,1.2523998859460144,0.3355841470998538
1891,0.1891,20,141,20,518462,157982,46411,79845,1.251283107337473,0.33572723029765333
1892,0.1892,27,132,27,518594,157850,46438,79818,1.2502376124699024,0.3358382281165323
1893,0.1893,22,113,22,518707,157737,46460,79796,1.2493426054999366,0.335936480404828
1894,0.1894,21,132,21,518839,157605,46481,79775,1.248297110632366,0.33606453787176677
1895,0.1895,31,136,31,518975,157469,46512,79744,1.2472199341021417,0.3361704459704991
1896,0.1896,27,120,27,519095,157349,46539,79717,1.246269484222532,0.3362650063695342
1897,0.1897,32,104,32,519199,157245,46571,79685,1.245445760993537,0.3363229645886971
1898,0.1898,25,132,25,519331,157113,46596,79660,1.2444002661259663,0.33644038805100246
1899,0.1899,15,101,15,519432,157012,46611,79645,1.2436003041439614,0.3365419150923066
1900,0.19,30,114,30,519546,156898,46641,79615,1.2426973767583323,0.3366199743777298
1901,0.1901,30,133,30,519679,156765,46671,79585,1.2416439614750983,0.33672519568436643
1902,0.1902,26,133,26,519812,156632,46697,79559,1.240590546191864,0.33684179329441005
1903,0.1903,29,125,29,519937,156507,46726,79530,1.2396004942339374,0.3369387002885141
1904,0.1904,29,113,29,520050,156394,46755,79501,1.2387054872639716,0.3370185887789059
1905,0.1905,27,125,27,520175,156269,46782,79474,1.2377154353060449,0.33712135673169513
1906,0.1906,28,115,28,520290,156154,46810,79446,1.2368045875047522,0.33720713073005093
1907,0.1907,31,99,31,520389,156055,46841,79415,1.2360204663540744,0.3372616469189281
1908,0.1908,28,122,28,520511,155933,46869,79387,1.2350541756431377,0.33735764065952745
1909,0.1909,27,128,27,520639,155805,46896,79360,1.2340403624382208,0.3374651840197308
1910,0.191,21,106,21,520745,155699,46917,79339,1.233200798377899,0.33755818208119537
1911,0.1911,26,143,26,520888,155556,46943,79313,1.2320681789380308,0.3376903720797551
1912,0.1912,31,132,31,521020,155424,46974,79282,1.2310226840704601,0.3377928131364345
1913,0.1913,24,124,24,521144,155300,46998,79258,1.2300405525281968,0.33790363151118274
1914,0.1914,25,122,25,521266,155178,47023,79233,1.22907426181726,0.33800888183575
1915,0.1915,31,127,31,521393,155051,47054,79202,1.2280683690280065,0.33810452801031365
1916,0.1916,29,137,29,521530,154914,47083,79173,1.2269832720821188,0.33822040523395147
1917,0.1917,38,127,38,521657,154787,47121,79135,1.2259773792928652,0.3382965261924915
1918,0.1918,24,126,24,521783,154661,47145,79111,1.2249794069192752,0.3384109303081635
1919,0.1919,24,112,24,521895,154549,47169,79087,1.2240923203649727,0.3385051961170368
1920,0.192,29,128,29,522023,154421,47198,79058,1.2230785071600558,0.3386086114811182
1921,0.1921,28,105,28,522128,154316,47226,79030,1.2222468635153974,0.3386816144266454
1922,0.1922,20,99,20,522227,154217,47246,79010,1.2214627423647193,0.3387686674355885
1923,0.1923,29,103,29,522330,154114,47275,78981,1.2206469395513877,0.33883609687037475
1924,0.1924,30,121,30,522451,153993,47305,78951,1.2196885692561146,0.33892695240057696
1925,0.1925,24,130,24,522581,153863,47329,78927,1.2186589152198708,0.3390480690751321
1926,0.1926,24,113,24,522694,153750,47353,78903,1.217763908249905,0.3391445629327797
1927,0.1927,32,119,32,522813,153631,47385,78871,1.2168213787859588,0.3392271894435317
1928,0.1928,27,110,27,522923,153521,47412,78844,1.2159501330629832,0.3393109977836593
1929,0.1929,20,115,20,523038,153406,47432,78824,1.2150392852616905,0.3394221246178358
1930,0.193,29,128,29,523166,153278,47461,78795,1.2140254720567736,0.3395267868300061
1931,0.1931,25,113,25,523279,153165,47486,78770,1.2131304650868078,0.3396210145083752
1932,0.1932,29,100,29,523379,153065,47515,78741,1.2123384235204664,0.3396849089324694
1933,0.1933,30,95,30,523474,152970,47545,78711,1.211585984032442,0.339738692426224
1934,0.1934,30,119,30,523593,152851,47575,78681,1.2106434545684956,0.3398277559905326
1935,0.1935,32,123,32,523716,152728,47607,78649,1.2096692434418959,0.3399171049845058
1936,0.1936,25,116,25,523832,152612,47632,78624,1.2087504752249398,0.3400162604438755
1937,0.1937,26,91,26,523923,152521,47658,78598,1.208029717399569,0.34007589164023727
1938,0.1938,31,104,31,524027,152417,47689,78567,1.2072059941705742,0.3401404426280608
1939,0.1939,30,108,30,524135,152309,47719,78537,1.2063505892789255,0.3402138222018142
1940,0.194,30,121,30,524256,152188,47749,78507,1.2053922189836523,0.3403064652463209
1941,0.1941,26,123,26,524379,152065,47775,78481,1.2044180078570523,0.3404136267816401
1942,0.1942,27,117,27,524496,151948,47802,78454,1.203491319224433,0.3405091969687763
1943,0.1943,29,99,29,524595,151849,47831,78425,1.202707198073755,0.34057253532747944
1944,0.1944,29,104,29,524699,151745,47860,78396,1.2018834748447598,0.3406433447321425
1945,0.1945,38,116,38,524815,151629,47898,78358,1.2009647066278037,0.3407062138294773
1946,0.1946,27,108,27,524923,151521,47925,78331,1.200109301736155,0.3407888554374119
1947,0.1947,25,120,25,525043,151401,47950,78306,1.1991588518565455,0.3408951403309433
1948,0.1948,17,108,17,525151,151293,47967,78289,1.1983034469648968,0.34100669913146503
1949,0.1949,23,124,23,525275,151169,47990,78266,1.1973213154226334,0.3411249373460893
1950,0.195,25,103,25,525378,151066,48015,78241,1.1965055126093018,0.34120633037805215
1951,0.1951,27,125,27,525503,150941,48042,78214,1.195515460651375,0.34131483057319284
1952,0.1952,37,108,37,525611,150833,48079,78177,1.1946600557597262,0.34136937251648397
1953,0.1953,20,139,20,525750,150694,48099,78157,1.1935591179825118,0.3415191543842937
1954,0.1954,19,110,19,525860,150584,48118,78138,1.1926878722595362,0.3416287020924966
1955,0.1955,32,112,32,525972,150472,48150,78106,1.1918007857052337,0.3417039260121271
1956,0.1956,26,110,26,526082,150362,48176,78080,1.1909295399822584,0.34179354059236045
1957,0.1957,23,117,23,526199,150245,48199,78057,1.1900028513496388,0.3419023924450947
1958,0.1958,35,111,35,526310,150134,48234,78022,1.1891236852109999,0.3419677764336682
1959,0.1959,23,87,23,526397,150047,48257,77999,1.188434609048283,0.34203187076291625
1960,0.196,21,118,21,526515,149929,48278,77978,1.1875,0.3421483324338436
1961,0.1961,25,116,25,526631,149813,48303,77953,1.186581231783044,0.34225037977573475
1962,0.1962,20,108,20,526739,149705,48323,77933,1.1857258268913953,0.3423549670968819
1963,0.1963,22,114,22,526853,149591,48345,77911,1.1848228995057661,0.3424629234028712
1964,0.1964,26,112,26,526965,149479,48371,77885,1.1839358129514637,0.34255642933797786
1965,0.1965,29,112,29,527077,149367,48400,77856,1.1830487263971614,0.34264136993174105
1966,0.1966,31,112,31,527189,149255,48431,77825,1.182161639842859,0.3427206270917738
1967,0.1967,20,109,20,527298,149146,48451,77805,1.181298314535547,0.3428273063348476
1968,0.1968,26,117,26,527415,149029,48477,77779,1.1803716259029273,0.34292882085287996
1969,0.1969,26,121,26,527536,148908,48503,77753,1.1794132556076542,0.3430365170893978
1970,0.197,24,109,24,527645,148799,48527,77729,1.1785499303003422,0.3431319748552055
1971,0.1971,21,120,21,527765,148679,48548,77708,1.1775994804207324,0.343252925300481
1972,0.1972,19,124,19,527889,148555,48567,77689,1.1766173488784692,0.343385901946571
1973,0.1973,22,120,22,528009,148435,48589,77667,1.1756668989988595,0.3435042591396803
1974,0.1974,21,111,21,528120,148324,48610,77646,1.1747877328602205,0.343611983891667
1975,0.1975,28,119,28,528239,148205,48638,77618,1.1738452033962743,0.3437116679877603
1976,0.1976,28,111,28,528350,148094,48666,77590,1.1729660372576354,0.3437992945888942
1977,0.1977,20,113,20,528463,147981,48686,77570,1.1720710302876696,0.34391334997406353
1978,0.1978,36,92,36,528555,147889,48722,77534,1.1713423520466355,0.34394893156421485
1979,0.1979,27,111,27,528666,147778,48749,77507,1.1704631859079964,0.3440397718445525
1980,0.198,25,105,25,528771,147673,48774,77482,1.1696315422633379,0.3441273789167462
1981,0.1981,20,127,20,528898,147546,48794,77462,1.1686256494740843,0.34426331508213043
1982,0.1982,29,94,29,528992,147452,48823,77433,1.1678811304017236,0.34432265380083155
1983,0.1983,38,108,38,529100,147344,48861,77395,1.1670257255100747,0.34437725539403485
1984,0.1984,27,127,27,529227,147217,48888,77368,1.166019832720821,0.3444931763029588
1985,0.1985,21,133,21,529360,147084,48909,77347,1.164966417437587,0.34463599057171246
1986,0.1986,14,104,14,529464,146980,48923,77333,1.1641426942085922,0.3447548737701337
1987,0.1987,37,104,37,529568,146876,48960,77296,1.163318970979597,0.34480666630979784
1988,0.1988,23,92,23,529660,146784,48983,77273,1.162590292738563,0.34488099010519646
1989,0.1989,26,104,26,529764,146680,49009,77247,1.1617665695095678,0.34496510023355825
1990,0.199,22,92,22,529856,146588,49031,77225,1.1610378912685337,0.3450425131694763
1991,0.1991,19,105,19,529961,146483,49050,77206,1.1602062476238753,0.345148845048259
1992,0.1992,32,120,32,530081,146363,49082,77174,1.1592557977442657,0.34524038526060563
1993,0.1993,23,124,23,530205,146239,49105,77151,1.1582736662020023,0.3453646089798111
1994,0.1994,18,125,18,530330,146114,49123,77133,1.1572836142440754,0.34550520275748386
1995,0.1995,32,114,32,530444,146000,49155,77101,1.1563806868584463,0.3455878727571817
1996,0.1996,31,145,31,530589,145855,49186,77070,1.1552322265872512,0.34572165526522375
1997,0.1997,26,126,26,530715,145729,49212,77044,1.1542342542136612,0.34584083349418465
1998,0.1998,27,98,27,530813,145631,49239,77017,1.1534580534786465,0.3459137292946714
1999,0.1999,38,114,38,530927,145517,49277,76979,1.1525551260930174,0.34597925355961456
2000,0.2,33,103,33,531030,145414,49310,76946,1.1517393232796858,0.3460424536787192
2001,0.2001,26,100,26,531130,145314,49336,76920,1.1509472817133444,0.3461216555522557
2002,0.2002,26,110,26,531240,145204,49362,76894,1.1500760359903688,0.3462165350430891
2003,0.2003,37,104,37,531344,145100,49399,76857,1.1492523127613736,0.34626977297404454
2004,0.2004,26,115,26,531459,144985,49425,76831,1.1483414649600812,0.34637266923936955
2005,0.2005,27,107,27,531566,144878,49452,76804,1.1474939804840958,0.34646024485524307
2006,0.2006,36,102,36,531668,144776,49488,76768,1.1466860980864275,0.34651355938323763
2007,0.2007,32,116,32,531784,144660,49520,76736,1.1457673298694715,0.3466006612585593
2008,0.2008,23,91,23,531875,144569,49543,76713,1.145046572044101,0.346675283122893
2009,0.2009,25,123,25,531998,144446,49568,76688,1.144072360917501,0.34679425144934745
2010,0.201,43,103,43,532101,144343,49611,76645,1.1432565581041694,0.34682878708346154
2011,0.2011,26,102,26,532203,144241,49637,76619,1.142448675706501,0.3469120709952006
2012,0.2012,27,107,27,532310,144134,49664,76592,1.1416011912305157,0.34700035337930285
2013,0.2013,22,108,22,532418,144026,49686,76570,1.140745786338867,0.34710511523327714
2014,0.2014,33,112,33,532530,143914,49719,76537,1.1398586997845648,0.34718372790325286
2015,0.2015,26,98,26,532628,143816,49745,76511,1.13908249904955,0.34726111643148594
2016,0.2016,26,125,26,532753,143691,49771,76485,1.1380924470916234,0.34738118596032264
2017,0.2017,22,77,22,532830,143614,49793,76463,1.1374825750855404,0.347437487788365
2018,0.2018,23,108,23,532938,143506,49816,76440,1.1366271701938917,0.34753985069062404
2019,0.2019,30,103,30,533041,143403,49846,76410,1.13581136738056,0.34761365342359185
2020,0.202,24,114,24,533155,143289,49870,76386,1.134908439994931,0.3477227722772277
2021,0.2021,22,99,22,533254,143190,49892,76364,1.134124318844253,0.3478142051613726
2022,0.2022,24,98,24,533352,143092,49916,76340,1.1333481181092384,0.34789820992380327
2023,0.2023,24,103,24,533455,142989,49940,76316,1.1325323152959068,0.34799024190054945
2024,0.2024,22,120,22,533575,142869,49962,76294,1.131581865416297,0.348115329686124
2025,0.2025,19,97,19,533672,142772,49981,76275,1.1308135850969459,0.34821294060178865
2026,0.2026,27,114,27,533786,142658,50008,76248,1.1299106577113167,0.3483138881529058
2027,0.2027,28,86,28,533872,142572,50036,76220,1.129229501964263,0.3483673991736444
2028,0.2028,33,107,33,533979,142465,50069,76187,1.1283820174882777,0.3484395294806359
2029,0.2029,32,101,32,534080,142364,50101,76155,1.127582055506273,0.3485051643106549
2030,0.203,36,103,36,534183,142261,50137,76119,1.1267662526929414,0.34856213939005404
2031,0.2031,30,114,30,534297,142147,50167,76089,1.125863325307312,0.3486546674242563
2032,0.2032,25,102,25,534399,142045,50192,76064,1.125055442909644,0.34874305966282915
2033,0.2033,47,115,47,534514,141930,50239,76017,1.1241445951083513,0.3487866316122727
2034,0.2034,31,98,31,534612,141832,50270,75986,1.1233683943733368,0.3488508755015655
2035,0.2035,25,106,25,534718,141726,50295,75961,1.1225288303130148,0.348945963700175
2036,0.2036,23,117,23,534835,141609,50318,75938,1.1216021416803954,0.3490647997903901
2037,0.2037,26,94,26,534929,141515,50344,75912,1.1208576226080345,0.3491378715614896
2038,0.2038,39,115,39,535044,141400,50383,75873,1.1199467748067418,0.34920583781694
2039,0.2039,27,107,27,535151,141293,50410,75846,1.1190992903307566,0.3492969940913424
2040,0.204,15,100,15,535251,141193,50425,75831,1.1183072487644152,0.34941296815098793
2041,0.2041,21,115,21,535366,141078,50446,75810,1.1173964009631225,0.3495352439969016
2042,0.2042,25,112,25,535478,140966,50471,75785,1.1165093144088203,0.3496408321068876
2043,0.2043,21,105,21,535583,140861,50492,75764,1.1156776707641618,0.3497472590882862
2044,0.2044,27,121,27,535704,140740,50519,75737,1.1147193004688887,0.3498616481196617
2045,0.2045,29,102,29,535806,140638,50548,75708,1.1139114180712204,0.3499394488458303
2046,0.2046,29,107,29,535913,140531,50577,75679,1.113063933595235,0.35002543823134913
2047,0.2047,30,95,30,536008,140436,50607,75649,1.1123114941072108,0.35008908531364974
2048,0.2048,26,113,26,536121,140323,50633,75623,1.111416487137245,0.35019402998897875
2049,0.2049,25,114,25,536235,140209,50658,75598,1.1105135597516158,0.35030374362277406
2050,0.205,29,99,29,536334,140110,50687,75569,1.1097294386009378,0.3503771809031014
2051,0.2051,23,94,23,536428,140016,50710,75546,1.1089849195285768,0.3504606563308932
2052,0.2052,38,121,38,536549,139895,50748,75508,1.1080265492333037,0.35054293579940854
2053,0.2053,29,105,29,536654,139790,50777,75479,1.1071949055886452,0.3506264255419963
2054,0.2054,23,97,23,536751,139693,50800,75456,1.106426625269294,0.3507150858242427
2055,0.2055,26,116,26,536867,139577,50826,75430,1.105507857052338,0.3508257870673978
2056,0.2056,38,114,38,536981,139463,50864,75392,1.1046049296667089,0.35089711666007306
2057,0.2057,42,102,42,537083,139361,50906,75350,1.1037970472690406,0.35093684068352343
2058,0.2058,29,121,29,537204,139240,50935,75321,1.1028386769737675,0.35104702159292694
2059,0.2059,27,89,27,537293,139151,50962,75294,1.1021337599797236,0.3511110074844366
2060,0.206,33,104,33,537397,139047,50995,75261,1.1013100367507287,0.35118147712637887
2061,0.2061,24,123,24,537520,138924,51019,75237,1.1003358256241287,0.3513104626892852
2062,0.2062,28,97,28,537617,138827,51047,75209,1.0995675453047775,0.35138481376964625
2063,0.2063,27,121,27,537738,138706,51074,75182,1.0986091750095044,0.35150172052663076
2064,0.2064,32,92,32,537830,138614,51106,75150,1.0978804967684703,0.3515559214835052
2065,0.2065,25,86,25,537916,138528,51131,75125,1.0971993410214167,0.3516215545768138
2066,0.2066,27,97,27,538013,138431,51158,75098,1.0964310607020658,0.35169930079754974
2067,0.2067,23,105,23,538118,138326,51181,75075,1.0955994170574073,0.3518024751524126
2068,0.2068,31,98,31,538216,138228,51212,75044,1.0948232163223925,0.35186991259987244
2069,0.2069,19,99,19,538315,138129,51231,75025,1.0940390951717147,0.3519755669609766
2070,0.207,25,117,25,538432,138012,51256,75000,1.0931124065390951,0.352092839840009
2071,0.2071,32,82,32,538514,137930,51288,74968,1.0924629324546953,0.3521310674595346
2072,0.2072,22,110,22,538624,137820,51310,74946,1.0915916867317197,0.3522461295507741
2073,0.2073,26,95,26,538719,137725,51336,74920,1.0908392472436954,0.3523242963624821
2074,0.2074,25,117,25,538836,137608,51361,74895,1.0899125586110758,0.35244208317059056
2075,0.2075,24,95,24,538931,137513,51385,74871,1.0891601191230516,0.3525265556727437
2076,0.2076,20,103,20,539034,137410,51405,74851,1.08834431630972,0.3526366124723807
2077,0.2077,30,88,30,539122,137322,51435,74821,1.0876473197313394,0.3526913449889933
2078,0.2078,25,104,25,539226,137218,51460,74796,1.0868235965023445,0.35278802343241483
2079,0.2079,32,105,32,539331,137113,51492,74764,1.085991952857686,0.3528651056981173
2080,0.208,27,112,27,539443,137001,51519,74737,1.0851048663033835,0.35296923556470733
2081,0.2081,29,97,29,539540,136904,51548,74708,1.0843365859840324,0.3530423605466609
2082,0.2082,27,107,27,539647,136797,51575,74681,1.0834891015080472,0.3531383879174193
2083,0.2083,28,103,28,539750,136694,51603,74653,1.0826732986947154,0.3532247914567039
2084,0.2084,28,109,28,539859,136585,51631,74625,1.0818099733874034,0.35332133895175416
2085,0.2085,33,110,33,539969,136475,51664,74592,1.0809387276644278,0.3534043692287283
2086,0.2086,26,109,26,540078,136366,51690,74566,1.0800754023571157,0.35350729144937704
2087,0.2087,19,95,19,540173,136271,51709,74547,1.0793229628690915,0.35360832566479145
2088,0.2088,25,112,25,540285,136159,51734,74522,1.078435876314789,0.3537196045205785
2089,0.2089,31,101,31,540386,136058,51765,74491,1.0776359143327843,0.35379412868263443
2090,0.209,27,102,27,540488,135956,51792,74464,1.076828031935116,0.3538827107689383
2091,0.2091,33,97,33,540585,135859,51825,74431,1.0760597516157648,0.35394455276047365
2092,0.2092,35,88,35,540673,135771,51860,74396,1.0753627550373843,0.3539851641789624
2093,0.2093,17,94,17,540767,135677,51877,74379,1.0746182359650234,0.35409128994172984
2094,0.2094,29,101,29,540868,135576,51906,74350,1.0738182739830187,0.3541724226632242
2095,0.2095,23,102,23,540970,135474,51929,74327,1.0730103915853504,0.3542738118502772
2096,0.2096,19,107,19,541077,135367,51948,74308,1.072162907109365,0.35439608918564447
2097,0.2097,28,121,28,541198,135246,51976,74280,1.0712045368140921,0.3545144755304831
2098,0.2098,32,106,32,541304,135140,52008,74248,1.07036497275377,0.3545952967696334
2099,0.2099,27,110,27,541414,135030,52035,74221,1.0694937270307945,0.3546984243802897
2100,0.21,31,121,31,541535,134909,52066,74190,1.0685353567355216,0.35480800960310666
2101,0.2101,30,102,30,541637,134807,52096,74160,1.0677274743378533,0.35488857092268156
2102,0.2102,20,96,20,541733,134711,52116,74140,1.0669671144341655,0.3549899210441894
2103,0.2103,30,99,30,541832,134612,52146,74110,1.0661829932834874,0.3550655896359751
2104,0.2104,23,103,23,541935,134509,52169,74087,1.0653671904701558,0.35516980191374714
2105,0.2105,33,111,33,542046,134398,52202,74054,1.064488024331517,0.3552568457006889
2106,0.2106,17,109,17,542155,134289,52219,74037,1.0636246990242049,0.3553901097318626
2107,0.2107,36,86,36,542241,134203,52255,74001,1.0629435432771512,0.35542544811819177
2108,0.2108,25,92,25,542333,134111,52280,73976,1.0622148650361172,0.35550514928851873
2109,0.2109,23,85,23,542418,134026,52303,73953,1.0615416297047269,0.35557916905072146
2110,0.211,24,100,24,542518,133926,52327,73929,1.0607495881383855,0.35567583170960526
2111,0.2111,36,116,36,542634,133810,52363,73893,1.0598308199214295,0.3557627959153214
2112,0.2112,36,93,36,542727,133717,52399,73857,1.059094221264732,0.35581045795716226
2113,0.2113,19,107,19,542834,133610,52418,73838,1.0582467367887467,0.3559349812965177
2114,0.2114,25,101,25,542935,133509,52443,73813,1.0574467748067418,0.35603071550534915
2115,0.2115,21,105,21,543040,133404,52464,73792,1.0566151311620833,0.3561458715419217
2116,0.2116,23,108,23,543148,133296,52487,73769,1.0557597262704346,0.35626011155917225
2117,0.2117,31,105,31,543253,133191,52518,73738,1.0549280826257763,0.35634444664595105
2118,0.2118,29,82,29,543335,133109,52547,73709,1.0542786085413762,0.3563954781498709
2119,0.2119,30,110,30,543445,132999,52577,73679,1.0534073628184006,0.3564917407755059
2120,0.212,31,93,31,543538,132906,52608,73648,1.0526707641617032,0.35655567067207605
2121,0.2121,25,105,25,543643,132801,52633,73623,1.0518391205170448,0.356659109405883
2122,0.2122,30,106,30,543749,132695,52663,73593,1.050999556456723,0.3567488171876212
2123,0.2123,19,123,19,543872,132572,52682,73574,1.050025345330123,0.3569023895685582
2124,0.2124,26,112,26,543984,132460,52708,73548,1.0491382587758205,0.35701526154324104
2125,0.2125,27,100,27,544084,132360,52735,73521,1.048346217209479,0.3571043466857068
2126,0.2126,21,106,21,544190,132254,52756,73500,1.0475066531491573,0.35722270283931296
2127,0.2127,25,96,25,544286,132158,52781,73475,1.0467462932454694,0.3573113264894253
2128,0.2128,26,90,26,544376,132068,52807,73449,1.0460334558357622,0.3573864935747408
2129,0.2129,25,96,25,544472,131972,52832,73424,1.0452730959320746,0.35747531597499466
2130,0.213,18,96,18,544568,131876,52850,73406,1.0445127360283868,0.3575861497841993
2131,0.2131,29,106,29,544674,131770,52879,73377,1.043673171968065,0.3576801025606029
2132,0.2132,24,99,24,544773,131671,52903,73353,1.042889050817387,0.3577776260340253
2133,0.2133,26,99,26,544872,131572,52929,73327,1.0421049296667089,0.3578689988726153
2134,0.2134,21,102,21,544974,131470,52950,73306,1.0412970472690406,0.35798140407078954
2135,0.2135,30,100,30,545074,131370,52980,73276,1.0405050057026992,0.35806221475132666
2136,0.2136,25,96,25,545170,131274,53005,73251,1.0397446457990116,0.3581518151815182
2137,0.2137,31,101,31,545271,131173,53036,73220,1.0389446838170067,0.35823144628240694
2138,0.2138,27,96,27,545367,131077,53063,73193,1.038184323913319,0.3583149752778186
2139,0.2139,21,103,21,545470,130974,53084,73172,1.0373685210999872,0.3584297512564537
2140,0.214,24,100,24,545570,130874,53108,73148,1.0365764795336458,0.3585299624550294
2141,0.2141,23,80,23,545650,130794,53131,73125,1.0359428462805729,0.3585982669589396
2142,0.2142,22,105,22,545755,130689,53153,73103,1.0351112026359144,0.35871378660595116
2143,0.2143,25,104,25,545859,130585,53178,73078,1.0342874794069192,0.3588182438636375
2144,0.2144,35,95,35,545954,130490,53213,73043,1.033535039918895,0.3588754649123238
2145,0.2145,29,95,29,546049,130395,53242,73014,1.0327826004308707,0.3589516688052151
2146,0.2146,19,109,19,546158,130286,53261,72995,1.0319192751235584,0.3590842233164929
2147,0.2147,30,99,30,546257,130187,53291,72965,1.0311351539728806,0.3591645664330157
2148,0.2148,31,103,31,546360,130084,53322,72934,1.0303193511595488,0.3592489335920953
2149,0.2149,27,109,27,546469,129975,53349,72907,1.0294560258522367,0.3593566703798267
2150,0.215,34,103,34,546572,129872,53383,72873,1.0286402230389051,0.3594317985646995
2151,0.2151,21,105,21,546677,129767,53404,72852,1.0278085793942466,0.35955167086995793
2152,0.2152,25,97,25,546774,129670,53429,72827,1.0270402990748955,0.3596448342444579
2153,0.2153,15,104,15,546878,129566,53444,72812,1.0262165758459003,0.3597821897637095
2154,0.2154,28,101,28,546979,129465,53472,72784,1.0254166138638956,0.3598732255783712
2155,0.2155,28,87,28,547066,129378,53500,72756,1.0247275377011786,0.3599394461100062
2156,0.2156,34,85,34,547151,129293,53534,72722,1.0240543023697883,0.35998316956661636
2157,0.2157,24,90,24,547241,129203,53558,72698,1.0233414649600812,0.36006755786251676
2158,0.2158,36,102,36,547343,129101,53594,72662,1.022533582562413,0.3601354063926488
2159,0.2159,31,106,31,547449,128995,53625,72631,1.021694018502091,0.3602263596956742
2160,0.216,32,108,32,547557,128887,53657,72599,1.0208386136104424,0.3603178384602404
2161,0.2161,24,95,24,547652,128792,53681,72575,1.0200861741224179,0.36041158680419333
2162,0.2162,33,91,33,547743,128701,53714,72542,1.0193654162970474,0.3604696809330014
2163,0.2163,26,107,26,547850,128594,53740,72516,1.018517931821062,0.360578787728109
2164,0.2164,23,107,23,547957,128487,53763,72493,1.0176704473450766,0.3606975818489402
2165,0.2165,23,89,23,548046,128398,53786,72470,1.0169655303510328,0.3607841965868132
2166,0.2166,24,103,24,548149,128295,53810,72446,1.0161497275377012,0.3608928918357486
2167,0.2167,19,102,19,548251,128193,53829,72427,1.015341845140033,0.3610158508623268
2168,0.2168,36,95,36,548346,128098,53865,72391,1.0145894056520086,0.36107217852351003
2169,0.2169,19,88,19,548434,128010,53884,72372,1.013892409073628,0.36117016498487886
2170,0.217,31,108,31,548542,127902,53915,72341,1.0130370041819794,0.361266061734992
2171,0.2171,21,97,21,548639,127805,53936,72320,1.0122687238626282,0.3613741411617739
2172,0.2172,18,95,18,548734,127710,53954,72302,1.011516284374604,0.3614883107013579
2173,0.2173,26,96,26,548830,127614,53980,72276,1.0107559244709163,0.36157886837760767
2174,0.2174,27,101,27,548931,127513,54007,72249,1.0099559624889114,0.36167539371852503
2175,0.2175,28,87,28,549018,127426,54035,72221,1.0092668863261944,0.36174347723732386
2176,0.2176,26,72,26,549090,127354,54061,72195,1.0086966163984286,0.3617908383404577
2177,0.2177,30,85,30,549175,127269,54091,72165,1.0080233810670385,0.3618490327627185
2178,0.2178,24,109,24,549284,127160,54115,72141,1.0071600557597262,0.361970085448643
2179,0.2179,25,98,25,549382,127062,54140,72116,1.0063838550247117,0.36206809989055017
2180,0.218,34,94,34,549476,126968,54174,72082,1.0056393359523508,0.36213011806078876
2181,0.2181,29,101,29,549577,126867,54203,72053,1.004839373970346,0.3622209933641665
2182,0.2182,19,112,19,549689,126755,54222,72034,1.0039522874160436,0.3623641147145969
2183,0.2183,26,101,26,549790,126654,54248,72008,1.0031523254340389,0.3624648901148685
2184,0.2184,28,74,28,549864,126580,54276,71980,1.002566214674946,0.36251007252215955
2185,0.2185,30,93,30,549957,126487,54306,71950,1.0018296160182487,0.3625835907618035
2186,0.2186,23,90,23,550047,126397,54329,71927,1.0011167786085413,0.36267420987878424
2187,0.2187,24,84,24,550131,126313,54353,71903,1.0004514636928146,0.36275073657020623
2188,0.2188,33,93,33,550224,126220,54386,71870,0.9997148650361171,0.3628148821242869
2189,0.2189,22,106,22,550330,126114,54408,71848,0.9988753009757952,0.3629383417019428
2190,0.219,15,88,15,550418,126026,54423,71833,0.9981783043974147,0.3630514659429189
2191,0.2191,22,97,22,550515,125929,54445,71811,0.9974100240780636,0.363158693233539
2192,0.2192,31,102,31,550617,125827,54476,71780,0.9966021416803954,0.3632462412768778
2193,0.2193,26,108,26,550725,125719,54502,71754,0.9957467367887467,0.36336106708258853
2194,0.2194,36,88,36,550813,125631,54538,71718,0.9950497402103662,0.36340695924478966
2195,0.2195,39,97,39,550910,125534,54577,71679,0.9942814598910151,0.36345981248700643
2196,0.2196,29,97,29,551007,125437,54606,71650,0.993513179571664,0.3635450334116405
2197,0.2197,34,95,34,551102,125342,54640,71616,0.9927607400836396,0.36361051594756244
2198,0.2198,22,82,22,551184,125260,54662,71594,0.9921112659992396,0.3636908571834964
2199,0.2199,22,99,22,551283,125161,54684,71572,0.9913271448485617,0.3638027173885418
2200,0.22,22,93,22,551376,125068,54706,71550,0.9905905461918642,0.36390361004587574
2201,0.2201,23,80,23,551456,124988,54729,71527,0.9899569129387911,0.3639773045314607
2202,0.2202,26,97,26,551553,124891,54755,71501,0.9891886326194399,0.3640728746588456
2203,0.2203,31,96,31,551649,124795,54786,71470,0.9884282727157522,0.3641505107889843
2204,0.2204,21,95,21,551744,124700,54807,71449,0.9876758332277278,0.3642588032567079
2205,0.2205,29,91,29,551835,124609,54836,71420,0.9869550754023572,0.36433384856322276
2206,0.2206,29,92,29,551927,124517,54865,71391,0.986226397161323,0.3644108459072626
2207,0.2207,22,99,22,552026,124418,54887,71369,0.985442276010645,0.36452369156276976
2208,0.2208,15,86,15,552112,124332,54902,71354,0.9847611202635914,0.3646351808509551
2209,0.2209,25,106,25,552218,124226,54927,71329,0.9839215562032696,0.36475160440796706
2210,0.221,27,90,27,552308,124136,54954,71302,0.9832087187935623,0.3648318136698083
2211,0.2211,21,83,21,552391,124053,54975,71281,0.9825513242934989,0.36491854976604177
2212,0.2212,20,108,20,552499,123945,54995,71261,0.9816959194018502,0.3650553773961866
2213,0.2213,22,84,22,552583,123861,55017,71239,0.9810306044861234,0.3651409533572527
2214,0.2214,27,98,27,552681,123763,55044,71212,0.9802544037511088,0.36523656879087063
2215,0.2215,29,103,29,552784,123660,55073,71183,0.9794386009377772,0.3653351672885349
2216,0.2216,29,80,29,552864,123580,55102,71154,0.978804967684704,0.3653907381350971
2217,0.2217,26,96,26,552960,123484,55128,71128,0.9780446077810163,0.3654861981789407
2218,0.2218,27,84,27,553044,123400,55155,71101,0.9773792928652896,0.36555596115187067
2219,0.2219,27,97,27,553141,123303,55182,71074,0.9766110125459384,0.3656502569748478
2220,0.222,20,94,20,553235,123209,55202,71054,0.9758664934735775,0.3657618795138549
2221,0.2221,33,86,33,553321,123123,55235,71021,0.9751853377265239,0.36581609526949066
2222,0.2222,24,100,24,553421,123023,55259,70997,0.9743932961601824,0.36592619317596126
2223,0.2223,22,82,22,553503,122941,55281,70975,0.9737438220757826,0.36600899358485117
2224,0.2224,17,96,17,553599,122845,55298,70958,0.9729834621720947,0.3661346831576395
2225,0.2225,29,85,29,553684,122760,55327,70929,0.9723102268407046,0.3662004553691743
2226,0.2226,30,95,30,553779,122665,55357,70899,0.9715577873526803,0.3662819532557707
2227,0.2227,33,82,33,553861,122583,55390,70866,0.9709083132682803,0.36632910999798396
2228,0.2228,29,69,29,553930,122514,55419,70837,0.9703618045875048,0.3663647976995206
2229,0.2229,21,94,21,554024,122420,55440,70816,0.9696172855151438,0.36647415595437705
2230,0.223,28,109,28,554133,122311,55468,70788,0.9687539602078317,0.3665891589288396
2231,0.2231,24,70,24,554203,122241,55492,70764,0.9681995311113927,0.36664335120851793
2232,0.2232,29,86,29,554289,122155,55521,70735,0.9675183753643392,0.3667115972834258
2233,0.2233,22,93,22,554382,122062,55543,70713,0.9667817767076416,0.3668162365451952
2234,0.2234,23,93,23,554475,121969,55566,70690,0.9660451780509441,0.3669177147187518
2235,0.2235,32,117,32,554592,121852,55598,70658,0.9651184894183247,0.3670354786764324
2236,0.2236,20,106,20,554698,121746,55618,70638,0.9642789253580027,0.36717190618762474
2237,0.2237,28,94,28,554792,121652,55646,70610,0.9635344062856419,0.3672592608003662
2238,0.2238,24,91,24,554883,121561,55670,70586,0.9628136484602712,0.3673541611370461
2239,0.2239,24,89,24,554972,121472,55694,70562,0.9621087314662273,0.36744534821958613
2240,0.224,23,73,23,555045,121399,55717,70539,0.9615305411227981,0.3675092998780856
2241,0.2241,28,94,28,555139,121305,55745,70511,0.9607860220504372,0.3675970721941861
2242,0.2242,27,82,27,555221,121223,55772,70484,0.9601365479660373,0.36766523914098076
2243,0.2243,27,90,27,555311,121133,55799,70457,0.95942371055633,0.36774883866590113
2244,0.2244,28,80,28,555391,121053,55827,70429,0.9587900773032568,0.3678100291411203
2245,0.2245,20,81,20,555472,120972,55847,70409,0.9581485236345203,0.3678996347599814
2246,0.2246,22,101,22,555573,120871,55869,70387,0.9573485616525155,0.3680212069560489
2247,0.2247,29,96,29,555669,120775,55898,70358,0.9565882017488277,0.3681101641265506
2248,0.2248,21,94,21,555763,120681,55919,70337,0.9558436826764669,0.36822184296767846
2249,0.2249,21,108,21,555871,120573,55940,70316,0.9549882777848181,0.3683606703372117
2250,0.225,28,120,28,555991,120453,55968,70288,0.9540378279052084,0.36849969330138777
2251,0.2251,31,89,31,556080,120364,55999,70257,0.9533329109111646,0.36856904538324736
2252,0.2252,23,105,23,556185,120259,56022,70234,0.9525012672665062,0.3686959625813022
2253,0.2253,18,101,18,556286,120158,56040,70216,0.9517013052845014,0.3688318783027094
2254,0.2254,31,83,31,556369,120075,56071,70185,0.951043910784438,0.36888994008199305
2255,0.2255,17,86,17,556455,119989,56088,70168,0.9503627550373843,0.3690003523404345
2256,0.2256,28,99,28,556554,119890,56116,70140,0.9495786338867064,0.3690996158501289
2257,0.2257,34,86,34,556640,119804,56150,70106,0.9488974781396528,0.36915380969933126
2258,0.2258,34,90,34,556730,119714,56184,70072,0.9481846407299455,0.36921585364568515
2259,0.2259,32,84,32,556814,119630,56216,70040,0.9475193258142187,0.3692729477513576
2260,0.226,21,75,21,556889,119555,56237,70019,0.9469252946394627,0.3693491723548588
2261,0.2261,26,92,26,556981,119463,56263,69993,0.9461966163984286,0.3694419812515835
2262,0.2262,20,103,20,557084,119360,56283,69973,0.945380813585097,0.36957635488794877
2263,0.2263,31,84,31,557168,119276,56314,69942,0.9447154986693702,0.36963713811582405
2264,0.2264,30,97,30,557265,119179,56344,69912,0.943947218350019,0.3697267453236801
2265,0.2265,33,85,33,557350,119094,56377,69879,0.9432739830186289,0.3697829848708546
2266,0.2266,24,64,24,557414,119030,56401,69855,0.9427670764161703,0.3698282023453424
2267,0.2267,24,82,24,557496,118948,56425,69831,0.9421176023317703,0.36990872925484297
2268,0.2268,23,90,23,557586,118858,56448,69808,0.9414047649220632,0.3700083745878961
2269,0.2269,17,78,17,557664,118780,56465,69791,0.9407869725003168,0.37010462902567204
2270,0.227,25,80,25,557744,118700,56490,69766,0.9401533392472436,0.3701781753738075
2271,0.2271,17,96,17,557840,118604,56507,69749,0.9393929793435559,0.3703100030262327
2272,0.2272,22,95,22,557935,118509,56529,69727,0.9386405398555316,0.37042329841263094
2273,0.2273,22,87,22,558022,118422,56551,69705,0.9379514636928146,0.3705209778500694
2274,0.2274,30,95,30,558117,118327,56581,69675,0.9371990242047903,0.3706077594919203
2275,0.2275,29,94,29,558211,118233,56610,69646,0.9364545051324293,0.37069603308512394
2276,0.2276,34,98,34,558309,118135,56644,69612,0.9356783043974147,0.3707755649890544
2277,0.2277,29,78,29,558387,118057,56673,69583,0.9350605119756685,0.37083244510765295
2278,0.2278,17,107,17,558494,117950,56690,69566,0.9342130274996832,0.3709870091085561
2279,0.2279,17,93,17,558587,117857,56707,69549,0.9334764288429857,0.3711140518446581
2280,0.228,28,88,28,558675,117769,56735,69521,0.9327794322646052,0.3711944043995942
2281,0.2281,31,91,31,558766,117678,56766,69490,0.9320586744392346,0.371270730039323
2282,0.2282,27,88,27,558854,117590,56793,69463,0.9313616778608541,0.37135464280177277
2283,0.2283,23,83,23,558937,117507,56816,69440,0.9307042833607908,0.37144217345022923
2284,0.2284,25,99,25,559036,117408,56841,69415,0.9299201622101128,0.371554894204675
2285,0.2285,32,81,32,559117,117327,56873,69383,0.9292786085413762,0.3716083766268545
2286,0.2286,26,80,26,559197,117247,56899,69357,0.9286449752883031,0.371680135474052
2287,0.2287,25,89,25,559286,117158,56924,69332,0.9279400582942593,0.3717732854308542
2288,0.2288,24,81,24,559367,117077,56948,69308,0.9272985046255228,0.37185395820479117
2289,0.2289,20,88,20,559455,116989,56968,69288,0.9266015080471424,0.3719621853476275
2290,0.229,21,96,21,559551,116893,56989,69267,0.9258411481434545,0.3720831542758917
2291,0.2291,20,75,20,559626,116818,57009,69247,0.9252471169686985,0.37216564103942174
2292,0.2292,29,102,29,559728,116716,57038,69218,0.9244392345710303,0.37227188142028894
2293,0.2293,27,78,27,559806,116638,57065,69191,0.923821442149284,0.37233693341728147
2294,0.2294,24,95,24,559901,116543,57089,69167,0.9230690026612597,0.37244628722201284
2295,0.2295,27,103,27,560004,116440,57116,69140,0.922253199847928,0.37256169845888565
2296,0.2296,20,74,20,560078,116366,57136,69120,0.9216670890888354,0.3726426792318558
2297,0.2297,28,84,28,560162,116282,57164,69092,0.9210017741731086,0.37271677797317854
2298,0.2298,26,74,26,560236,116208,57190,69066,0.9204156634140159,0.37277761585543573
2299,0.2299,29,77,29,560313,116131,57219,69037,0.9198057914079331,0.3728343990322302
2300,0.23,29,101,29,560414,116030,57248,69008,0.9190058294259282,0.37293961240393864
2301,0.2301,31,82,31,560496,115948,57279,68977,0.9183563553415284,0.37299986481005815
2302,0.2302,29,95,29,560591,115853,57308,68948,0.917603915853504,0.37309321919253685
2303,0.2303,33,81,33,560672,115772,57341,68915,0.9169623621847675,0.3731448342330538
2304,0.2304,24,91,24,560763,115681,57365,68891,0.9162416043593968,0.3732472964479986
2305,0.2305,20,82,20,560845,115599,57385,68871,0.9155921302749969,0.37334525939177104
2306,0.2306,28,77,28,560922,115522,57413,68843,0.914982258268914,0.37340601524150463
2307,0.2307,31,99,31,561021,115423,57444,68812,0.9141981371182359,0.3735012348359432
2308,0.2308,23,87,23,561108,115336,57467,68789,0.913509060955519,0.37359945689069923
2309,0.2309,36,77,36,561185,115259,57503,68753,0.9128991889494361,0.3736332413103493
2310,0.231,31,81,31,561266,115178,57534,68722,0.9122576352806996,0.3736922240348015
2311,0.2311,35,92,35,561358,115086,57569,68687,0.9115289570396654,0.3737600191540651
2312,0.2312,25,84,25,561442,115002,57594,68662,0.9108636421239387,0.37384571826814184
2313,0.2313,28,91,28,561533,114911,57622,68634,0.9101428842985679,0.3739355471410281
2314,0.2314,18,94,18,561627,114817,57640,68616,0.9093983652262071,0.37406573517306047
2315,0.2315,18,80,18,561707,114737,57658,68598,0.9087647319731339,0.374167507568113
2316,0.2316,27,80,27,561787,114657,57685,68571,0.9081310987200608,0.374238653480909
2317,0.2317,24,80,24,561867,114577,57709,68547,0.9074974654669877,0.374320132806186
2318,0.2318,36,93,36,561960,114484,57745,68511,0.9067608668102902,0.37438727834093827
2319,0.2319,16,68,16,562028,114416,57761,68495,0.906222278545178,0.3744717376210288
2320,0.232,18,82,18,562110,114334,57779,68477,0.9055728044607781,0.37457811619650894
2321,0.2321,26,83,26,562193,114251,57805,68451,0.9049154099607147,0.3746592812339219
2322,0.2322,26,75,26,562268,114176,57831,68425,0.9043213787859586,0.37472412527861293
2323,0.2323,24,104,24,562372,114072,57855,68401,0.9034976555569636,0.37485545806776893
2324,0.2324,25,88,25,562460,113984,57880,68376,0.9028006589785832,0.37495064707172626
2325,0.2325,23,81,23,562541,113903,57903,68353,0.9021591053098467,0.3750384075147046
2326,0.2326,20,76,20,562617,113827,57923,68333,0.9015571537194272,0.37512626262626264
2327,0.2327,24,106,24,562723,113721,57947,68309,0.9007175896591053,0.37526231939790144
2328,0.2328,27,101,27,562824,113620,57974,68282,0.8999176276771005,0.3753779507646975
2329,0.2329,25,83,25,562907,113537,57999,68257,0.8992602331770372,0.3754634366370727
2330,0.233,17,82,17,562989,113455,58016,68240,0.8986107590926372,0.37557445169102066
2331,0.2331,31,95,31,563084,113360,58047,68209,0.8978583196046128,0.3756643479889188
2332,0.2332,29,91,29,563175,113269,58076,68180,0.8971375617792422,0.3757529663982717
2333,0.2333,14,91,14,563266,113178,58090,68166,0.8964168039538715,0.37589332980412915
2334,0.2334,18,79,18,563345,113099,58108,68148,0.8957910911164618,0.375995188885885
2335,0.2335,22,74,22,563419,113025,58130,68126,0.8952049803573692,0.3760729998730341
2336,0.2336,21,90,21,563509,112935,58151,68105,0.8944921429476619,0.3761875828546178
2337,0.2337,28,89,28,563598,112846,58179,68077,0.893787225953618,0.37627609535548273
2338,0.2338,22,79,22,563677,112767,58201,68055,0.8931615131162083,0.3763646016524538
2339,0.2339,26,80,26,563757,112687,58227,68029,0.8925278798631352,0.37644148830208723
2340,0.234,21,82,21,563839,112605,58248,68008,0.8918784057787352,0.3765398946919657
2341,0.2341,25,81,25,563920,112524,58273,67983,0.8912368521099987,0.3766225132543336
2342,0.2342,26,68,26,563988,112456,58299,67957,0.8906982638448866,0.37667462987700445
2343,0.2343,31,63,31,564051,112393,58330,67926,0.8901992776580915,0.3766990721998236
2344,0.2344,26,96,26,564147,112297,58356,67900,0.8894389177544038,0.37680982480285463
2345,0.2345,28,84,28,564231,112213,58384,67872,0.888773602838677,0.37688869145125914
2346,0.2346,25,69,25,564300,112144,58409,67847,0.8882270941579014,0.3769466251090332
2347,0.2347,21,83,21,564383,112061,58430,67826,0.887569699657838,0.3770478133494916
2348,0.2348,25,71,25,564454,111990,58455,67801,0.8870073501457356,0.3771100889365986
2349,0.2349,18,88,18,564542,111902,58473,67783,0.8863103535673552,0.37723237888527145
2350,0.235,39,93,39,564635,111809,58512,67744,0.8855737549106577,0.37729249859373
2351,0.2351,22,90,22,564725,111719,58534,67722,0.8848609175009504,0.3774053867287855
2352,0.2352,18,79,18,564804,111640,58552,67704,0.8842352046635408,0.37750914443750555
2353,0.2353,31,67,31,564871,111573,58583,67673,0.883704536814092,0.37754259509277754
2354,0.2354,27,76,27,564947,111497,58610,67646,0.8831025852236726,0.3776089492751601
2355,0.2355,19,86,19,565033,111411,58629,67627,0.882421429476619,0.37772428199600083
2356,0.2356,26,87,26,565120,111324,58655,67601,0.8817323533139019,0.37781752130781054
2357,0.2357,22,81,22,565201,111243,58677,67579,0.8810907996451653,0.37791211372202527
2358,0.2358,24,79,24,565280,111164,58701,67555,0.8804650868077557,0.3779956244159826
2359,0.2359,27,94,27,565374,111070,58728,67528,0.8797205677353948,0.3781005386398504
2360,0.236,28,80,28,565454,110990,58756,67500,0.8790869344823217,0.37817244663566585
2361,0.2361,31,81,31,565535,110909,58787,67469,0.8784453808135851,0.3782361053493144
2362,0.2362,24,92,24,565627,110817,58811,67445,0.877716702572551,0.378347600722532
2363,0.2363,22,92,22,565719,110725,58833,67423,0.8769880243315169,0.3784662190987269
2364,0.2364,26,85,26,565804,110640,58859,67397,0.8763147890001267,0.3785561428242444
2365,0.2365,20,99,20,565903,110541,58879,67377,0.8755306678494488,0.3786969277981992
2366,0.2366,15,104,15,566007,110437,58894,67362,0.8747069446204537,0.37886602286852006
2367,0.2367,20,58,20,566065,110379,58914,67342,0.8742475605119757,0.3789197675007456
2368,0.2368,14,84,14,566149,110295,58928,67328,0.8735822455962489,0.37905001041531783
2369,0.2369,27,98,27,566247,110197,58955,67301,0.8728060448612344,0.3791648356601201
2370,0.237,24,76,24,566323,110121,58979,67277,0.8722040932708148,0.3792432834643006
2371,0.2371,20,78,20,566401,110043,58999,67257,0.8715863008490685,0.37934010152284264
2372,0.2372,16,88,16,566489,109955,59015,67241,0.8708893042706881,0.3794724485880042
2373,0.2373,17,93,17,566582,109862,59032,67224,0.8701527056139906,0.37961216584032614
2374,0.2374,23,98,23,566680,109764,59055,67201,0.869376504878976,0.3797417568445738
2375,0.2375,27,77,27,566757,109687,59082,67174,0.8687666328728931,0.3798123950446961
2376,0.2376,24,85,24,566842,109602,59106,67150,0.8680933975415029,0.3799108355209559
2377,0.2377,17,84,17,566926,109518,59123,67133,0.8674280826257762,0.3800318141420088
2378,0.2378,30,109,30,567035,109409,59153,67103,0.866564757318464,0.38016112218999276
2379,0.2379,32,67,32,567102,109342,59185,67071,0.8660340894690154,0.3801930696717362
2380,0.238,27,69,27,567171,109273,59212,67044,0.8654875807882397,0.38024694158816225
2381,0.2381,22,65,22,567236,109208,59234,67022,0.8649727537701178,0.3803098223911933
2382,0.2382,23,61,23,567297,109147,59257,66999,0.8644896084146496,0.3803606099485654
2383,0.2383,18,69,18,567366,109078,59275,66981,0.8639430997338741,0.3804463276515259
2384,0.2384,30,73,30,567439,109005,59305,66951,0.8633649093904449,0.38049853372434017
2385,0.2385,22,71,22,567510,108934,59327,66929,0.8628025598783424,0.38057465185968625
2386,0.2386,26,63,26,567573,108871,59353,66903,0.8623035736915473,0.38061943177034147
2387,0.2387,22,90,22,567663,108781,59375,66881,0.86159073628184,0.380736869670162
2388,0.2388,35,97,35,567760,108684,59410,66846,0.860822455962489,0.3808237908049906
2389,0.2389,26,75,26,567835,108609,59436,66820,0.8602284247877329,0.3808948349474716
2390,0.239,26,86,26,567921,108523,59462,66794,0.8595472690406792,0.38098986407479024
2391,0.2391,25,85,25,568006,108438,59487,66769,0.858874033709289,0.38108637211983537
2392,0.2392,22,76,22,568082,108362,59509,66747,0.8582720821188696,0.38117401161562225
2393,0.2393,15,65,15,568147,108297,59524,66732,0.8577572551007477,0.38126253363728296
2394,0.2394,19,94,19,568241,108203,59543,66713,0.8570127360283868,0.38140021496032384
2395,0.2395,31,85,31,568326,108118,59574,66682,0.8563395006969966,0.3814759725400458
2396,0.2396,23,89,23,568415,108029,59597,66659,0.8556345837029528,0.3815888899065763
2397,0.2397,17,89,17,568504,107940,59614,66642,0.8549296667089089,0.3817232017046431
2398,0.2398,23,84,23,568588,107856,59637,66619,0.854264351793182,0.3818254764292879
2399,0.2399,23,85,23,568673,107771,59660,66596,0.8535911164617919,0.3819300670425023
2400,0.24,35,64,35,568737,107707,59695,66561,0.8530842098593334,0.38194619781026923
2401,0.2401,16,79,16,568816,107628,59711,66545,0.8524584970219237,0.3820626618362203
2402,0.2402,21,75,21,568891,107553,59732,66524,0.8518644658471677,0.3821527255180179
2403,0.2403,23,93,23,568984,107460,59755,66501,0.8511278671904702,0.3822753375756635
2404,0.2404,27,79,27,569063,107381,59782,66474,0.8505021543530604,0.3823531103505795
2405,0.2405,24,79,24,569142,107302,59806,66450,0.8498764415156508,0.38244164095952854
2406,0.2406,32,67,32,569209,107235,59838,66418,0.849345773666202,0.38247539633637195
2407,0.2407,33,92,33,569301,107143,59871,66385,0.8486170954251679,0.38256073947720254
2408,0.2408,23,78,23,569379,107065,59894,66362,0.8479993030034216,0.38265091364089787
2409,0.2409,24,83,24,569462,106982,59918,66338,0.8473419085033582,0.3827486729748442
2410,0.241,20,61,20,569523,106921,59938,66318,0.84685876314789,0.38281218432339137
2411,0.2411,20,78,20,569601,106843,59958,66298,0.8462409707261437,0.38291334808046623
2412,0.2412,22,63,22,569664,106780,59980,66276,0.8457419845393487,0.3829742973372781
2413,0.2413,21,93,21,569757,106687,60001,66255,0.8450053858826512,0.38310531854610214
2414,0.2414,23,76,23,569833,106611,60024,66232,0.8444034342922316,0.38319168262527264
2415,0.2415,29,73,29,569906,106538,60053,66203,0.8438252439488024,0.38325006802090994
2416,0.2416,22,85,22,569991,106453,60075,66181,0.8431520086174122,0.38336017238782627
2417,0.2417,27,77,27,570068,106376,60102,66154,0.8425421366113294,0.3834347649684113
2418,0.2418,21,80,21,570148,106296,60123,66133,0.8419085033582563,0.38353757198615085
2419,0.2419,28,86,28,570234,106210,60151,66105,0.8412273476112027,0.3836288193134666
2420,0.242,32,71,32,570305,106139,60183,66073,0.8406649980991002,0.3836724502357559
2421,0.2421,17,59,17,570364,106080,60200,66056,0.8401976935749588,0.38374308686155134
2422,0.2422,18,71,18,570435,106009,60218,66038,0.8396353440628564,0.3838369747801473
2423,0.2423,31,73,31,570508,105936,60249,66007,0.8390571537194272,0.383888846885305
2424,0.2424,24,75,24,570583,105861,60273,65983,0.8384631225446711,0.3839703451968064
2425,0.2425,30,67,30,570650,105794,60303,65953,0.8379324546952224,0.3840125300587492
2426,0.2426,17,76,17,570726,105718,60320,65936,0.837330503104803,0.3841215468325818
2427,0.2427,30,75,30,570801,105643,60350,65906,0.8367364719300469,0.3841817789669424
2428,0.2428,28,67,28,570868,105576,60378,65878,0.8362058040805982,0.3842313390180457
2429,0.2429,20,104,20,570972,105472,60398,65858,0.835382080851603,0.38439269246483393
2430,0.243,17,73,17,571045,105399,60415,65841,0.8348038905081738,0.38449544498948846
2431,0.2431,24,80,24,571125,105319,60439,65817,0.8341702572551007,0.38458886499626027
2432,0.2432,15,71,15,571196,105248,60454,65802,0.8336079077429983,0.38469453376205787
2433,0.2433,21,77,21,571273,105171,60475,65781,0.8329980357369154,0.3847922223782114
2434,0.2434,16,66,16,571339,105105,60491,65765,0.8324752883031301,0.38488324457189677
2435,0.2435,24,78,24,571417,105027,60515,65741,0.8318574958813838,0.38497259439707676
2436,0.2436,25,84,25,571501,104943,60540,65716,0.8311921809656571,0.38507198565560563
2437,0.2437,20,73,20,571574,104870,60560,65696,0.8306139906222278,0.38516468698333783
2438,0.2438,30,74,30,571648,104796,60590,65666,0.8300278798631352,0.38522368621745606
2439,0.2439,22,70,22,571718,104726,60612,65644,0.8294734507666962,0.38530257674473206
2440,0.244,20,72,20,571790,104654,60632,65624,0.8289031808389304,0.3853932980185344
2441,0.2441,14,73,14,571863,104581,60646,65610,0.8283249904955012,0.38550804684148987
2442,0.2442,23,79,23,571942,104502,60669,65587,0.8276992776580915,0.38560400731381805
2443,0.2443,18,83,18,572025,104419,60687,65569,0.8270418831580282,0.3857272278043156
2444,0.2444,27,78,27,572103,104341,60714,65542,0.8264240907362819,0.3858067022597906
2445,0.2445,29,69,29,572172,104272,60743,65513,0.8258775820555063,0.38585858585858585
2446,0.2446,21,66,21,572238,104206,60764,65492,0.825354834621721,0.38593265683744066
2447,0.2447,15,79,15,572317,104127,60779,65477,0.8247291217843112,0.38605811183698496
2448,0.2448,22,66,22,572383,104061,60801,65455,0.8242063743505259,0.38612874300950945
2449,0.2449,26,67,26,572450,103994,60827,65429,0.8236757065010771,0.3861872354993124
2450,0.245,25,73,25,572523,103921,60852,65404,0.8230975161576479,0.38626310349918797
2451,0.2451,29,93,29,572616,103828,60881,65375,0.8223609175009504,0.3863702180221391
2452,0.2452,27,54,27,572670,103774,60908,65348,0.8219332150551261,0.38639561973013564
2453,0.2453,23,83,23,572753,103691,60931,65325,0.8212758205550628,0.38650186964547734
2454,0.2454,20,82,20,572835,103609,60951,65305,0.8206263464706628,0.3866168582829132
2455,0.2455,26,67,26,572902,103542,60977,65279,0.820095678621214,0.38667582824411656
2456,0.2456,25,68,25,572970,103474,61002,65254,0.8195570903561019,0.3867407899103883
2457,0.2457,21,81,21,573051,103393,61023,65233,0.8189155366873654,0.3868501891760464
2458,0.2458,23,75,23,573126,103318,61046,65210,0.8183215055126093,0.3869386689452198
2459,0.2459,27,75,27,573201,103243,61073,65183,0.8177274743378532,0.3870126940021137
2460,0.246,22,86,22,573287,103157,61095,65161,0.8170463185907997,0.38713031286018135
2461,0.2461,18,84,18,573371,103073,61113,65143,0.8163810036750728,0.3872580491748704
2462,0.2462,18,77,18,573448,102996,61131,65125,0.81577113166899,0.3873698110289613
2463,0.2463,21,80,21,573528,102916,61152,65104,0.8151374984159169,0.3874776812284252
2464,0.2464,18,68,18,573596,102848,61170,65086,0.8145989101508048,0.38756892588755104
2465,0.2465,18,60,18,573656,102788,61188,65068,0.8141236852109999,0.38764178819940903
2466,0.2466,32,87,32,573743,102701,61220,65036,0.8134346090482829,0.38772602347722923
2467,0.2467,22,80,22,573823,102621,61242,65014,0.8128009757952097,0.3878307036120142
2468,0.2468,26,86,26,573909,102535,61268,64988,0.8121198200481561,0.3879347910436179
2469,0.2469,26,78,26,573987,102457,61294,64962,0.8115020276264099,0.3880204755732623
2470,0.247,29,86,29,574073,102371,61323,64933,0.8108208718793563,0.3881138526275522
2471,0.2471,24,86,24,574159,102285,61347,64909,0.8101397161323026,0.388225654030647
2472,0.2472,25,75,25,574234,102210,61372,64884,0.8095456849575465,0.3883083773205501
2473,0.2473,27,60,27,574294,102150,61399,64857,0.8090704600177417,0.3883489913596436
2474,0.2474,36,75,36,574369,102075,61435,64821,0.8084764288429857,0.3883915731952833
2475,0.2475,22,83,22,574452,101992,61457,64799,0.8078190343429223,0.38850417588478997
2476,0.2476,24,72,24,574524,101920,61481,64775,0.8072487644151565,0.3885839407300759
2477,0.2477,20,62,20,574586,101858,61501,64755,0.8067576986440248,0.38865514695732023
2478,0.2478,17,76,17,574662,101782,61518,64738,0.8061557470536054,0.38877011770357917
2479,0.2479,22,80,22,574742,101702,61540,64716,0.8055221138005323,0.38887620329531664
2480,0.248,25,78,25,574820,101624,61565,64691,0.804904321378786,0.38896671977873315
2481,0.2481,17,79,17,574899,101545,61582,64674,0.8042786085413762,0.3890890933046162
2482,0.2482,23,68,23,574967,101477,61605,64651,0.8037400202762641,0.38916377732832513
2483,0.2483,24,77,24,575044,101400,61629,64627,0.8031301482701813,0.3892559643913339
2484,0.2484,17,77,17,575121,101323,61646,64610,0.8025202762640984,0.3893740244556538
2485,0.2485,20,83,20,575204,101240,61666,64590,0.801862881764035,0.38949526623650726
2486,0.2486,27,70,27,575274,101170,61693,64563,0.801308452667596,0.38956031689524717
2487,0.2487,17,77,17,575351,101093,61710,64546,0.8006985806615131,0.38967875922940853
2488,0.2488,16,76,16,575427,101017,61726,64530,0.8000966290710937,0.3897986674479151
2489,0.2489,22,75,22,575502,100942,61748,64508,0.7995025978963376,0.38989422786340283
2490,0.249,34,64,34,575566,100878,61782,64474,0.7989956912938792,0.38991968648700953
2491,0.2491,25,76,25,575642,100802,61807,64449,0.7983937397034596,0.3900067170546623
2492,0.2492,28,65,28,575707,100737,61835,64421,0.7978789126853377,0.39005679410019495
2493,0.2493,27,58,27,575765,100679,61862,64394,0.7974195285768597,0.3900940795890303
2494,0.2494,25,73,25,575838,100606,61887,64369,0.7968413382334305,0.3901742688286104
2495,0.2495,21,64,21,575902,100542,61908,64348,0.796334431630972,0.3902480441506459
2496,0.2496,20,87,20,575989,100455,61928,64328,0.795645355468255,0.39038007561459614
2497,0.2497,21,77,21,576066,100378,61949,64307,0.7950354834621721,0.3904848650453897
2498,0.2498,27,68,27,576134,100310,61976,64280,0.7944968951970599,0.3905462057233125
2499,0.2499,26,73,26,576207,100237,62002,64254,0.7939187048536307,0.3906231951900104
2500,0.25,25,76,25,576283,100161,62027,64229,0.7933167532632113,0.3907111138147089
2501,0.2501,19,80,19,576363,100081,62046,64210,0.7926831200101382,0.3908309037013592
2502,0.2502,22,62,22,576425,100019,62068,64188,0.7921920542390065,0.3908968557978649
2503,0.2503,19,66,19,576491,99953,62087,64169,0.7916693068052212,0.3909835366373795
2504,0.2504,16,74,16,576565,99879,62103,64153,0.7910831960461285,0.3911005169722981
2505,0.2505,23,68,23,576633,99811,62126,64130,0.7905446077810163,0.39117731378971704
2506,0.2506,29,69,29,576702,99742,62155,64101,0.7899980991002408,0.3912342913642939
2507,0.2507,17,68,17,576770,99674,62172,64084,0.7894595108351287,0.39133355316992147
2508,0.2508,16,84,16,576854,99590,62188,64068,0.7887941959194018,0.3914749049847853
2509,0.2509,32,61,32,576915,99529,62220,64036,0.7883110505639336,0.3915018494176627
2510,0.251,35,75,35,576990,99454,62255,64001,0.7877170193891776,0.3915511914594231
2511,0.2511,24,96,24,577086,99358,62279,63977,0.7869566594854898,0.391691921511005
2512,0.2512,28,70,28,577156,99288,62307,63949,0.7864022303890508,0.39175554561772147
2513,0.2513,29,72,29,577228,99216,62336,63920,0.785831960461285,0.39182032169478226
2514,0.2514,18,61,18,577289,99155,62354,63902,0.7853488151058168,0.3918997651128133
2515,0.2515,20,91,20,577380,99064,62374,63882,0.784628057280446,0.39204399003350804
2516,0.2516,19,71,19,577451,98993,62393,63863,0.7840657077683437,0.3921439799577541
2517,0.2517,24,74,24,577525,98919,62417,63839,0.7834795970092511,0.39223263987023677
2518,0.2518,32,76,32,577601,98843,62449,63807,0.7828776454188315,0.3922963418383031
2519,0.2519,26,61,26,577662,98782,62475,63781,0.7823945000633633,0.3923463518758881
2520,0.252,22,63,22,577725,98719,62497,63759,0.7818955138765682,0.39241620403993155
2521,0.2521,21,74,21,577799,98645,62518,63738,0.7813094031174757,0.39251645800360874
2522,0.2522,21,91,21,577890,98554,62539,63717,0.7805886452921049,0.3926579610651318
2523,0.2523,25,70,25,577960,98484,62564,63692,0.7800342161956659,0.39273382004735596
2524,0.2524,25,76,25,578036,98408,62589,63667,0.7794322646052465,0.39282430973314825
2525,0.2525,27,68,27,578104,98340,62616,63640,0.7788936763401343,0.39288801086553893
2526,0.2526,21,79,21,578183,98261,62637,63619,0.7782679635027246,0.3930009883864591
2527,0.2527,22,61,22,578244,98200,62659,63597,0.7777848181472564,0.3930666205183038
2528,0.2528,26,72,26,578316,98128,62685,63571,0.7772145482194905,0.39314405160205074
2529,0.2529,16,54,16,578370,98074,62701,63555,0.7767868457736662,0.3932153264575045
2530,0.253,19,69,19,578439,98005,62720,63536,0.7762403370928906,0.39331191462229403
2531,0.2531,29,60,29,578499,97945,62749,63507,0.7757651121530857,0.39334910685528823
2532,0.2532,20,72,20,578571,97873,62769,63487,0.77519484222532,0.3934494298463064
2533,0.2533,27,64,27,578635,97809,62796,63460,0.7746879356228615,0.3935040212316068
2534,0.2534,29,75,29,578710,97734,62825,63431,0.7740939044481054,0.39357801011385846
2535,0.2535,31,75,31,578785,97659,62856,63400,0.7734998732733493,0.3936445650351734
2536,0.2536,15,82,15,578867,97577,62871,63385,0.7728503991889495,0.39378859606615224
2537,0.2537,19,66,19,578933,97511,62890,63366,0.7723276517551642,0.39387855318038006
2538,0.2538,17,70,17,579003,97441,62907,63349,0.7717732226587252,0.39398594439952733
2539,0.2539,21,68,21,579071,97373,62928,63328,0.771234634393613,0.3940734656287142
2540,0.254,21,75,21,579146,97298,62949,63307,0.770640603218857,0.39417826344136236
2541,0.2541,27,78,27,579224,97220,62976,63280,0.7700228107971107,0.39426791277258566
2542,0.2542,24,71,24,579295,97149,63000,63256,0.7694604612850082,0.3943517970138088
2543,0.2543,18,87,18,579382,97062,63018,63238,0.7687713851222913,0.39449781659388644
2544,0.2544,21,83,21,579465,96979,63039,63217,0.7681139906222278,0.3946228370246448
2545,0.2545,24,91,24,579556,96888,63063,63193,0.7673932327968572,0.39475640457018635
2546,0.2546,27,76,27,579632,96812,63090,63166,0.7667912812064377,0.3948417907462276
2547,0.2547,22,60,22,579692,96752,63112,63144,0.7663160562666329,0.39490668934807627
2548,0.2548,19,77,19,579769,96675,63131,63125,0.76570618426055,0.3950250312891114
2549,0.2549,24,62,24,579831,96613,63155,63101,0.7652151184894184,0.3950874688505704
2550,0.255,18,78,18,579909,96535,63173,63083,0.7645973260676721,0.3952123194125976
2551,0.2551,28,70,28,579979,96465,63201,63055,0.7640428969712331,0.3952795887662989
2552,0.2552,26,64,26,580043,96401,63227,63029,0.7635359903687745,0.3953396474941981
2553,0.2553,22,87,22,580130,96314,63249,63007,0.7628469142060575,0.39547203444618095
2554,0.2554,21,70,21,580200,96244,63270,62986,0.7622924851096186,0.3955661621553727
2555,0.2555,22,73,22,580273,96171,63292,62964,0.7617142947661893,0.3956640588179847
2556,0.2556,23,78,23,580351,96093,63315,62941,0.761096502344443,0.3957707156960147
2557,0.2557,21,60,21,580411,96033,63336,62920,0.7606212774046381,0.39584027983114506
2558,0.2558,28,78,28,580489,95955,63364,62892,0.7600034849828919,0.3959281572834237
2559,0.2559,22,50,22,580539,95905,63386,62870,0.7596074641997212,0.3959691387183121
2560,0.256,15,77,15,580616,95828,63401,62855,0.7589975921936383,0.3961041825526364
2561,0.2561,23,77,23,580693,95751,63424,62832,0.7583877201875554,0.39620892529464063
2562,0.2562,20,60,20,580753,95691,63444,62812,0.7579124952477506,0.39628272020087946
2563,0.2563,23,64,23,580817,95627,63467,62789,0.7574055886452921,0.39635516614483385
2564,0.2564,20,86,20,580903,95541,63487,62769,0.7567244328982385,0.3964942202008717
2565,0.2565,23,64,23,580967,95477,63510,62746,0.75621752629578,0.3965668708089216
2566,0.2566,22,68,22,581035,95409,63532,62724,0.7556789380306679,0.39665344994403445
2567,0.2567,26,72,26,581107,95337,63558,62698,0.755108668102902,0.3967349004967254
2568,0.2568,23,74,23,581181,95263,63581,62675,0.7545225573438094,0.3968329344426294
2569,0.2569,21,64,21,581245,95199,63602,62654,0.7540156507413509,0.3969135841574123
2570,0.257,25,63,25,581308,95136,63627,62629,0.7535166645545558,0.39697651570373654
2571,0.2571,16,70,16,581378,95066,63643,62613,0.7529622354581168,0.39709155943404006
2572,0.2572,21,77,21,581455,94989,63664,62592,0.7523523634520339,0.39720524682544217
2573,0.2573,20,78,20,581533,94911,63684,62572,0.7517345710302876,0.3973254256014935
2574,0.2574,25,79,25,581612,94832,63709,62547,0.751108858192878,0.3974291360346679
2575,0.2575,12,68,12,581680,94764,63721,62535,0.7505702699277658,0.39755497492037456
2576,0.2576,18,60,18,581740,94704,63739,62517,0.750095044987961,0.3976377201518881
2577,0.2577,22,74,22,581814,94630,63761,62495,0.7495089342288683,0.39774065234685757
2578,0.2578,23,83,23,581897,94547,63784,62472,0.7488515397288049,0.3978626790388424
2579,0.2579,29,91,29,581988,94456,63813,62443,0.7481307819034343,0.3979821413775741
2580,0.258,29,69,29,582057,94387,63842,62414,0.7475842732226587,0.3980459308295228
2581,0.2581,23,67,23,582124,94320,63865,62391,0.74705360537321,0.3981277638455501
2582,0.2582,30,78,30,582202,94242,63895,62361,0.7464358129514637,0.398210762245934
2583,0.2583,20,73,20,582275,94169,63915,62341,0.7458576226080345,0.39831959619193663
2584,0.2584,25,76,25,582351,94093,63940,62316,0.745255671017615,0.3984169708904219
2585,0.2585,19,76,19,582427,94017,63959,62297,0.7446537194271955,0.3985375590158271
2586,0.2586,22,59,22,582486,93958,63981,62275,0.7441864149030541,0.3986033680464435
2587,0.2587,24,64,24,582550,93894,64005,62251,0.7436795083005956,0.3986743091357392
2588,0.2588,20,70,20,582620,93824,64025,62231,0.7431250792041566,0.3987760725385281
2589,0.2589,22,58,22,582678,93766,64047,62209,0.7426656950956786,0.3988395576214137
2590,0.259,28,65,28,582743,93701,64075,62181,0.7421508680775567,0.3988978842970965
2591,0.2591,23,71,23,582814,93630,64098,62158,0.7415885185654543,0.39899093640074973
2592,0.2592,25,55,25,582869,93575,64123,62133,0.7411528957039666,0.39903537390500166
2593,0.2593,20,72,20,582941,93503,64143,62113,0.7405826257762007,0.39914276166975116
2594,0.2594,21,73,21,583014,93430,64164,62092,0.7400044354327715,0.3992489808515837
2595,0.2595,24,70,24,583084,93360,64188,62068,0.7394500063363325,0.3993360269706874
2596,0.2596,23,59,23,583143,93301,64211,62045,0.7389827018121911,0.3993987614743862
2597,0.2597,18,70,18,583213,93231,64229,62027,0.7384282727157522,0.3995092040345747
2598,0.2598,21,68,21,583281,93163,64250,62006,0.73788968445064,0.39960301348851895
2599,0.2599,21,72,21,583353,93091,64271,61985,0.7373194145228742,0.3997072403208749
2600,0.26,24,70,24,583423,93021,64295,61961,0.7367649854264352,0.3997948148817282
2601,0.2601,22,70,22,583493,92951,64317,61939,0.7362105563299962,0.39989024468977985
2602,0.2602,27,69,27,583562,92882,64344,61912,0.7356640476492207,0.399963822887192
2603,0.2603,29,72,29,583634,92810,64373,61883,0.7350937777214548,0.4000374936163886
2604,0.2604,24,77,24,583711,92733,64397,61859,0.7344839057153719,0.40014360380873526
2605,0.2605,27,80,27,583791,92653,64424,61832,0.7338502724622988,0.4002459785739716
2606,0.2606,26,77,26,583868,92576,64450,61806,0.733240400456216,0.40034459975903924
2607,0.2607,29,76,29,583944,92500,64479,61777,0.7326384488657964,0.4004290983101823
2608,0.2608,22,88,22,584032,92412,64501,61755,0.731941452287416,0.40057210687112027
2609,0.2609,25,56,25,584088,92356,64526,61730,0.7314979090102649,0.40062043274535
2610,0.261,19,68,19,584156,92288,64545,61711,0.7309593207451527,0.40072338132065793
2611,0.2611,18,70,18,584226,92218,64563,61693,0.7304048916487137,0.4008355478165953
2612,0.2612,25,59,25,584285,92159,64588,61668,0.7299375871245724,0.4008919110429248
2613,0.2613,27,59,27,584344,92100,64615,61641,0.7294702826004309,0.4009405428610455
2614,0.2614,29,68,29,584412,92032,64644,61612,0.7289316943353187,0.40100492046549163
2615,0.2615,17,67,17,584479,91965,64661,61595,0.72840102648587,0.40111357124251107
2616,0.2616,19,57,19,584536,91908,64680,61576,0.7279495627930553,0.40118839748768603
2617,0.2617,19,60,19,584596,91848,64699,61557,0.7274743378532506,0.40127114500831135
2618,0.2618,16,55,16,584651,91793,64715,61541,0.7270387149917628,0.40135260281477037
2619,0.2619,32,55,32,584706,91738,64747,61509,0.726603092130275,0.40137164185922075
2620,0.262,21,63,21,584769,91675,64768,61488,0.72610410594348,0.4014546594151329
2621,0.2621,25,66,25,584835,91609,64793,61463,0.7255813585096946,0.40152999895474023
2622,0.2622,25,68,25,584903,91541,64818,61438,0.7250427702445824,0.4016106785898718
2623,0.2623,29,82,29,584985,91459,64847,61409,0.7243932961601824,0.401712588638564
2624,0.2624,14,71,14,585056,91388,64861,61395,0.7238309466480801,0.40184444604438974
2625,0.2625,22,48,22,585104,91340,64883,61373,0.7234507666962362,0.40188458088047513
2626,0.2626,22,63,22,585167,91277,64905,61351,0.7229517805094411,0.40196425295489685
2627,0.2627,33,61,33,585228,91216,64938,61318,0.7224686351539729,0.40199562064851113
2628,0.2628,18,85,18,585313,91131,64956,61300,0.7217953998225827,0.4021491691322631
2629,0.2629,24,76,24,585389,91055,64980,61276,0.7211934482321632,0.4022556144186016
2630,0.263,21,68,21,585457,90987,65001,61255,0.720654859967051,0.40235283298958235
2631,0.2631,17,69,17,585526,90918,65018,61238,0.7201083512862755,0.40246851915139725
2632,0.2632,22,82,22,585608,90836,65040,61216,0.7194588772018755,0.40259911083050537
2633,0.2633,26,67,26,585675,90769,65066,61190,0.7189282093524269,0.40267440559624634
2634,0.2634,25,70,25,585745,90699,65091,61165,0.7183737802559879,0.40276168150450403
2635,0.2635,29,73,29,585818,90626,65120,61136,0.7177955899125587,0.4028412909687537
2636,0.2636,28,55,28,585873,90571,65148,61108,0.7173599670510709,0.402877128673053
2637,0.2637,21,73,21,585946,90498,65169,61087,0.7167817767076416,0.4029884223373025
2638,0.2638,30,63,30,586009,90435,65199,61057,0.7162827905208465,0.4030377841734217
2639,0.2639,21,69,21,586078,90366,65220,61036,0.715736281840071,0.403138663954241
2640,0.264,21,63,21,586141,90303,65241,61015,0.7152372956532759,0.40322367464544867
2641,0.2641,17,67,17,586208,90236,65258,60998,0.7147066278038271,0.40333522885065526
2642,0.2642,18,68,18,586276,90168,65276,60980,0.714168039538715,0.4034456294492815
2643,0.2643,18,86,18,586362,90082,65294,60962,0.7134868837916614,0.40360424776886206
2644,0.2644,21,59,21,586421,90023,65315,60941,0.7130195792675199,0.40367902281338597
2645,0.2645,18,65,18,586486,89958,65333,60923,0.712504752249398,0.40378178829673717
2646,0.2646,24,60,24,586546,89898,65357,60899,0.7120295273095932,0.40384755664900496
2647,0.2647,33,68,33,586614,89830,65390,60866,0.711490939044481,0.4038992408557626
2648,0.2648,26,68,26,586682,89762,65416,60840,0.7109523507793689,0.4039786988220608
2649,0.2649,19,71,19,586753,89691,65435,60821,0.7103900012672665,0.40409402572552355
2650,0.265,21,66,21,586819,89625,65456,60800,0.7098672538334811,0.40418813362140604
2651,0.2651,17,65,17,586884,89560,65473,60783,0.7093524268153593,0.4042955109316696
2652,0.2652,21,68,21,586952,89492,65494,60762,0.7088138385502472,0.40439522408721235
2653,0.2653,23,71,23,587023,89421,65517,60739,0.7082514890381447,0.4044952051145445
2654,0.2654,26,72,26,587095,89349,65543,60713,0.707681219110379,0.4045861044101771
2655,0.2655,24,69,24,587164,89280,65567,60689,0.7071347104296033,0.40467696657309177
2656,0.2656,26,68,26,587232,89212,65593,60663,0.7065961221644912,0.4047572977481234
2657,0.2657,26,69,26,587301,89143,65619,60637,0.7060496134837156,0.4048404326345306
2658,0.2658,18,68,18,587369,89075,65637,60619,0.7055110252186034,0.4049527703181156
2659,0.2659,17,72,17,587441,89003,65654,60602,0.7049407552908377,0.4050800441161726
2660,0.266,29,65,29,587506,88938,65683,60573,0.7044259282727158,0.40514075887392903
2661,0.2661,19,59,19,587565,88879,65702,60554,0.7039586237485743,0.4052250841514257
2662,0.2662,19,48,19,587613,88831,65721,60535,0.7035784437967304,0.40527964864828675
2663,0.2663,20,46,20,587659,88785,65741,60515,0.7032141046762134,0.405324849296718
2664,0.2664,22,77,22,587736,88708,65763,60493,0.7026042326701305,0.40544634419340353
2665,0.2665,17,68,17,587804,88640,65780,60476,0.7020656444050184,0.40556345395530996
2666,0.2666,24,75,24,587879,88565,65804,60452,0.7014716132302623,0.405671836099237
2667,0.2667,20,72,20,587951,88493,65824,60432,0.7009013433024965,0.4057881483968441
2668,0.2668,26,62,26,588013,88431,65850,60406,0.7004102775313649,0.40585338323132014
2669,0.2669,21,70,21,588083,88361,65871,60385,0.6998558484349259,0.4059604964167104
2670,0.267,26,77,26,588160,88284,65897,60359,0.699245976428843,0.4060668850870879
2671,0.2671,25,63,25,588223,88221,65922,60334,0.6987469902420479,0.40613914038571575
2672,0.2672,23,56,23,588279,88165,65945,60311,0.6983034469648968,0.40620032867264744
2673,0.2673,29,65,29,588344,88100,65974,60282,0.6977886199467748,0.40626221509347493
2674,0.2674,22,81,22,588425,88019,65996,60260,0.6971470662780382,0.40639605068822965
2675,0.2675,10,76,10,588501,87943,66006,60250,0.6965451146876188,0.40656441262407805
2676,0.2676,20,77,20,588578,87866,66026,60230,0.695935242681536,0.40669565687121867
2677,0.2677,20,66,20,588644,87800,66046,60210,0.6954124952477506,0.40679683805148303
2678,0.2678,29,57,29,588701,87743,66075,60181,0.694961031554936,0.40683729482707337
2679,0.2679,24,59,24,588760,87684,66099,60157,0.6944937270307946,0.4069033623960877
2680,0.268,22,65,22,588825,87619,66121,60135,0.6939789000126727,0.4069940576904855
2681,0.2681,16,74,16,588899,87545,66137,60119,0.69339278925358,0.40713376313793476
2682,0.2682,18,57,18,588956,87488,66155,60101,0.6929413255607654,0.4072186951602084
2683,0.2683,22,61,22,589017,87427,66177,60079,0.6924581802052971,0.4072986861551395
2684,0.2684,30,64,30,589081,87363,66207,60049,0.6919512736028387,0.4073548964806122
2685,0.2685,28,63,28,589144,87300,66235,60021,0.6914522874160436,0.4074164579387867
2686,0.2686,27,60,27,589204,87240,66262,59994,0.6909770624762388,0.4074738171889645
2687,0.2687,22,64,22,589268,87176,66284,59972,0.6904701558737802,0.4075624541278169
2688,0.2688,30,59,30,589327,87117,66314,59942,0.6900028513496388,0.40760511087386697
2689,0.2689,20,69,20,589396,87048,66334,59922,0.6894563426688632,0.40771586037966934
2690,0.269,19,62,19,589458,86986,66353,59903,0.6889652768977316,0.40781134053605106
2691,0.2691,20,85,20,589543,86901,66373,59883,0.6882920415663414,0.40796680837148463
2692,0.2692,25,62,25,589605,86839,66398,59858,0.6878009757952097,0.4080383375256481
2693,0.2693,20,75,20,589680,86764,66418,59838,0.6872069446204537,0.4081663278809293
2694,0.2694,22,72,22,589752,86692,66440,59816,0.6866366746926879,0.4082780462500341
2695,0.2695,26,68,26,589820,86624,66466,59790,0.6860980864275757,0.40836258827707733
2696,0.2696,22,71,22,589891,86553,66488,59768,0.6855357369154733,0.4084717846378852
2697,0.2697,26,72,26,589963,86481,66514,59742,0.6849654669877075,0.4085677355819536
2698,0.2698,30,69,30,590032,86412,66544,59712,0.684418958306932,0.4086392379075306
2699,0.2699,29,61,29,590093,86351,66573,59683,0.6839358129514637,0.40869249626799237
2700,0.27,22,67,22,590160,86284,66595,59661,0.683405145102015,0.4087909829045188
2701,0.2701,31,68,31,590228,86216,66626,59630,0.6828665568369028,0.40885591651467984
2702,0.2702,18,68,18,590296,86148,66644,59612,0.6823279685717907,0.40897365532381996
2703,0.2703,23,68,23,590364,86080,66667,59589,0.6817893803066785,0.4090712505749336
2704,0.2704,25,51,25,590415,86029,66692,59564,0.6813854391078443,0.40911307549126674
2705,0.2705,19,60,19,590475,85969,66711,59545,0.6809102141680395,0.4092046126145938
2706,0.2706,23,61,23,590536,85908,66734,59522,0.6804270688125713,0.4092828164752802
2707,0.2707,25,75,25,590611,85833,66759,59497,0.6798330376378152,0.40939241725727654
2708,0.2708,23,54,23,590665,85779,66782,59474,0.6794053351919909,0.4094510956744439
2709,0.2709,16,73,16,590738,85706,66798,59458,0.6788271448485617,0.40959190983990523
2710,0.271,26,59,26,590797,85647,66824,59432,0.6783598403244202,0.40965267199250066
2711,0.2711,22,67,22,590864,85580,66846,59410,0.6778291724749715,0.40975239671701497
2712,0.2712,20,58,20,590922,85522,66866,59390,0.6773697883664934,0.4098349343049575
2713,0.2713,25,72,25,590994,85450,66891,59365,0.6767995184387277,0.4099368159375755
2714,0.2714,18,63,18,591057,85387,66909,59347,0.6763005322519325,0.41004186991308195
2715,0.2715,17,59,17,591116,85328,66926,59330,0.6758332277277912,0.4101397779590482
2716,0.2716,24,66,24,591182,85262,66950,59306,0.6753104802940059,0.4102290963422057
2717,0.2717,15,52,15,591234,85210,66965,59291,0.6748986186795083,0.4103154995467159
2718,0.2718,31,61,31,591295,85149,66996,59260,0.6744154733240401,0.4103622350407523
2719,0.2719,22,68,22,591363,85081,67018,59238,0.6738768850589278,0.4104657044464
2720,0.272,24,73,24,591436,85008,67042,59214,0.6732986947154986,0.4105753629820693
2721,0.2721,16,64,16,591500,84944,67058,59198,0.6727917881130402,0.41069223404698146
2722,0.2722,14,57,14,591557,84887,67072,59184,0.6723403244202256,0.41079745403308093
2723,0.2723,19,68,19,591625,84819,67091,59165,0.6718017361551134,0.4109137126347372
2724,0.2724,25,69,25,591694,84750,67116,59140,0.6712552274743379,0.41100840920147336
2725,0.2725,28,59,28,591753,84691,67144,59112,0.6707879229501964,0.4110623561399971
2726,0.2726,25,63,25,591816,84628,67169,59087,0.6702889367634013,0.4111401036774171
2727,0.2727,19,67,19,591883,84561,67188,59068,0.6697582689139526,0.41125399466681517
2728,0.2728,18,56,18,591939,84505,67206,59050,0.6693147256368014,0.4113406011633172
2729,0.2729,18,63,18,592002,84442,67224,59032,0.6688157394500064,0.41144737025523787
2730,0.273,25,63,25,592065,84379,67249,59007,0.6683167532632113,0.4115255324787636
2731,0.2731,18,61,18,592126,84318,67267,58989,0.667833607907743,0.41162678724695934
2732,0.2732,20,67,20,592193,84251,67287,58969,0.6673029400582943,0.41173718754363914
2733,0.2733,23,60,23,592253,84191,67310,58946,0.6668277151184894,0.41181525391757545
2734,0.2734,28,62,28,592315,84129,67338,58918,0.6663366493473577,0.4118786133228939
2735,0.2735,23,68,23,592383,84061,67361,58895,0.6657980610822456,0.41197990990234756
2736,0.2736,26,65,26,592448,83996,67387,58869,0.6652832340641237,0.4120603366814825
2737,0.2737,21,73,21,592521,83923,67408,58848,0.6647050437206945,0.41218454728201104
2738,0.2738,18,71,18,592592,83852,67426,58830,0.6641426942085921,0.4123154988015307
2739,0.2739,20,68,20,592660,83784,67446,58810,0.66360410594348,0.41242969549910935
2740,0.274,21,52,21,592712,83732,67467,58789,0.6631922443289824,0.412493597434764
2741,0.2741,18,68,18,592780,83664,67485,58771,0.6626536560638703,0.41261628111068205
2742,0.2742,18,62,18,592842,83602,67503,58753,0.6621625902927386,0.4127217168346739
2743,0.2743,28,47,28,592889,83555,67531,58725,0.6617903307565581,0.4127424796176553
2744,0.2744,19,74,19,592963,83481,67550,58706,0.6612042199974655,0.4128788145189082
2745,0.2745,18,54,18,593017,83427,67568,58688,0.6607765175516411,0.41296133413080954
2746,0.2746,30,62,30,593079,83365,67598,58658,0.6602854517805095,0.41301760982376096
2747,0.2747,23,55,23,593134,83310,67621,58635,0.6598498289190217,0.41308253196660677
2748,0.2748,28,56,28,593190,83254,67649,58607,0.6594062856418705,0.41312975377305955
2749,0.2749,20,56,20,593246,83198,67669,58587,0.6589627423647193,0.41321014211658497
2750,0.275,14,65,14,593311,83133,67683,58573,0.6584479153465974,0.4133417074788647
2751,0.2751,24,56,24,593367,83077,67707,58549,0.6580043720694462,0.4134057305861918
2752,0.2752,21,70,21,593437,83007,67728,58528,0.6574499429730072,0.41352315681633517
2753,0.2753,16,49,16,593486,82958,67744,58512,0.6570618426054999,0.41360005654909165
2754,0.2754,21,58,21,593544,82900,67765,58491,0.6566024584970219,0.41368262477809764
2755,0.2755,20,62,20,593606,82838,67785,58471,0.6561113927258903,0.41378114628226087
2756,0.2756,22,48,22,593654,82790,67807,58449,0.6557312127740463,0.4138304575931577
2757,0.2757,20,62,20,593716,82728,67827,58429,0.6552401470029147,0.41392917106484267
2758,0.2758,27,58,27,593774,82670,67854,58402,0.6547807628944367,0.4139871838493819
2759,0.2759,19,48,19,593822,82622,67873,58383,0.6544005829425928,0.41404914719336194
2760,0.276,18,59,18,593881,82563,67891,58365,0.6539332784184514,0.41414764986376024
2761,0.2761,16,73,16,593954,82490,67907,58349,0.6533550880750222,0.41429575614708997
2762,0.2762,29,68,29,594022,82422,67936,58320,0.6528164998099101,0.414375239800486
2763,0.2763,33,50,33,594072,82372,67969,58287,0.6524204790267393,0.4143851442140211
2764,0.2764,16,50,16,594122,82322,67985,58271,0.6520244582435686,0.4144658695667636
2765,0.2765,17,61,17,594183,82261,68002,58254,0.6515413128881004,0.41457495641034764
2766,0.2766,19,50,19,594233,82211,68021,58235,0.6511452921049297,0.41464335046921946
2767,0.2767,18,60,18,594293,82151,68039,58217,0.6506700671651249,0.41474552604582243
2768,0.2768,29,62,29,594355,82089,68068,58188,0.6501790013939932,0.4148078444791377
2769,0.2769,23,56,23,594411,82033,68091,58165,0.649735458116842,0.4148775303499337
2770,0.277,26,57,26,594468,81976,68117,58139,0.6492839944240274,0.41493772972201404
2771,0.2771,29,55,29,594523,81921,68146,58110,0.6488483715625396,0.4149795402446601
2772,0.2772,23,51,23,594574,81870,68169,58087,0.6484444303637055,0.4150346177754596
2773,0.2773,27,69,27,594643,81801,68196,58060,0.6478979216829299,0.4151264469723511
2774,0.2774,17,52,17,594695,81749,68213,58043,0.6474860600684323,0.41520974018541834
2775,0.2775,23,55,23,594750,81694,68236,58020,0.6470504372069447,0.41527692285669293
2776,0.2776,25,59,25,594809,81635,68261,57995,0.6465831326828032,0.4153477046479983
2777,0.2777,18,50,18,594859,81585,68279,57977,0.6461871118996325,0.41542110316561814
2778,0.2778,26,63,26,594922,81522,68305,57951,0.6456881257128374,0.41549977414983547
2779,0.2779,18,59,18,594981,81463,68323,57933,0.645220821188696,0.4156001606932767
2780,0.278,25,55,25,595036,81408,68348,57908,0.6447851983272083,0.4156593643228344
2781,0.2781,15,52,15,595088,81356,68363,57893,0.6443733367127107,0.41575163915001184
2782,0.2782,20,58,20,595146,81298,68383,57873,0.6439139526042327,0.4158409438748015
2783,0.2783,29,64,29,595210,81234,68412,57844,0.6434070460017741,0.4159104962682811
2784,0.2784,16,66,16,595276,81168,68428,57828,0.6428842985679889,0.4160407493740827
2785,0.2785,23,64,23,595340,81104,68451,57805,0.6423773919655303,0.4161357435443348
2786,0.2786,20,76,20,595416,81028,68471,57785,0.6417754403751109,0.4162794550942635
2787,0.2787,22,61,22,595477,80967,68493,57763,0.6412922950196426,0.41636992719671306
2788,0.2788,21,68,21,595545,80899,68514,57742,0.6407537067545305,0.4164857437554547
2789,0.2789,23,55,23,595600,80844,68537,57719,0.6403180838930427,0.4165542027814063
2790,0.279,17,62,17,595662,80782,68554,57702,0.639827018121911,0.41666907368360245
2791,0.2791,18,59,18,595721,80723,68572,57684,0.6393597135977697,0.4167708280650545
2792,0.2792,20,63,20,595784,80660,68592,57664,0.6388607274109745,0.4168763193661259
2793,0.2793,30,45,30,595829,80615,68622,57634,0.6385043087061208,0.4168854747593111
2794,0.2794,34,66,34,595895,80549,68656,57600,0.6379815612723355,0.41694112878124345
2795,0.2795,23,54,23,595949,80495,68679,57577,0.6375538588265112,0.4170070687757112
2796,0.2796,16,59,16,596008,80436,68695,57561,0.6370865543023698,0.4171177634296398
2797,0.2797,23,54,23,596062,80382,68718,57538,0.6366588518565455,0.4171838747099768
2798,0.2798,26,53,26,596115,80329,68744,57512,0.6362390698263845,0.4172343497217809
2799,0.2799,21,74,21,596189,80255,68765,57491,0.6356529590672918,0.4173696513873361
2800,0.28,26,43,26,596232,80212,68791,57465,0.6353123811937651,0.4173899779919667
2801,0.2801,21,61,21,596293,80151,68812,57444,0.6348292358382968,0.4174861005123733
2802,0.2802,18,66,18,596359,80085,68830,57426,0.6343064884045114,0.41761022754543276
2803,0.2803,18,55,18,596414,80030,68848,57408,0.6338708655430237,0.4177010724835926
2804,0.2804,31,50,31,596464,79980,68879,57377,0.633474844759853,0.4177217032987034
2805,0.2805,17,38,17,596502,79942,68896,57360,0.6331738689646432,0.4177652182779566
2806,0.2806,16,61,16,596563,79881,68912,57344,0.632690723609175,0.4178830388048825
2807,0.2807,17,54,17,596617,79827,68929,57327,0.6322630211633506,0.4179754144975721
2808,0.2808,20,58,20,596675,79769,68949,57307,0.6318036370548726,0.4180673494995477
2809,0.2809,22,54,22,596729,79715,68971,57285,0.6313759346090483,0.4181386861313869
2810,0.281,18,56,18,596785,79659,68989,57267,0.630932391331897,0.4182332062573945
2811,0.2811,26,62,26,596847,79597,69015,57241,0.6304413255607654,0.41831216474955785
2812,0.2812,31,64,31,596911,79533,69046,57210,0.6299344189583069,0.4183760777516948
2813,0.2813,22,64,22,596975,79469,69068,57188,0.6294275123558485,0.4184783801781102
2814,0.2814,19,50,19,597025,79419,69087,57169,0.6290314915726777,0.4185506779512109
2815,0.2815,21,66,21,597091,79353,69108,57148,0.6285087441388925,0.41866359953406934
2816,0.2816,15,62,15,597153,79291,69123,57133,0.6280176783677608,0.4187899489825837
2817,0.2817,23,50,23,597203,79241,69146,57110,0.62762165758459,0.4188454796811171
2818,0.2818,27,38,27,597241,79203,69173,57083,0.6273206817893803,0.4188471302995172
2819,0.2819,18,47,18,597288,79156,69191,57065,0.6269484222531998,0.41891485160144176
2820,0.282,21,60,21,597348,79096,69212,57044,0.626473197313395,0.4190098428088732
2821,0.2821,19,48,19,597396,79048,69231,57025,0.6260930173615511,0.41907652510049753
2822,0.2822,18,60,18,597456,78988,69249,57007,0.6256177924217463,0.4191845288429722
2823,0.2823,24,61,24,597517,78927,69273,56983,0.6251346470662781,0.4192701052166875
2824,0.2824,19,59,19,597576,78868,69292,56964,0.6246673425421366,0.4193709876906767
2825,0.2825,22,58,22,597634,78810,69314,56942,0.6242079584336586,0.4194560669456067
2826,0.2826,15,55,15,597689,78755,69329,56927,0.6237723355721708,0.4195619168349523
2827,0.2827,22,64,22,597753,78691,69351,56905,0.6232654289697124,0.419665771851677
2828,0.2828,18,72,18,597825,78619,69369,56887,0.6226951590419465,0.41981166885599164
2829,0.2829,18,51,18,597876,78568,69387,56869,0.6222912178431124,0.41989264381225216
2830,0.283,21,52,21,597928,78516,69408,56848,0.6218793562286149,0.41996394905587897
2831,0.2831,15,58,15,597986,78458,69423,56833,0.6214199721201369,0.42007968009697616
2832,0.2832,22,50,22,598036,78408,69445,56811,0.6210239513369662,0.4201406607059659
2833,0.2833,25,48,25,598084,78360,69470,56786,0.6206437713851223,0.4201826173175677
2834,0.2834,31,66,31,598150,78294,69501,56755,0.620121023951337,0.42025487045442766
2835,0.2835,29,58,29,598208,78236,69530,56726,0.6196616398428589,0.42031090232806273
2836,0.2836,18,46,18,598254,78190,69548,56708,0.6192973007223419,0.4203768773443639
2837,0.2837,14,57,14,598311,78133,69562,56694,0.6188458370295273,0.42049441135677573
2838,0.2838,17,58,17,598369,78075,69579,56677,0.6183864529210493,0.4206022916171931
2839,0.2839,17,53,17,598422,78022,69596,56660,0.6179666708908883,0.4206946733787737
2840,0.284,25,65,25,598487,77957,69621,56635,0.6174518438727664,0.42079024013314315
2841,0.2841,17,58,17,598545,77899,69638,56618,0.6169924597642884,0.4208984737988507
2842,0.2842,25,71,25,598616,77828,69663,56593,0.6164301102521861,0.42101308575297014
2843,0.2843,29,51,29,598667,77777,69692,56564,0.616026169053352,0.4210479302670071
2844,0.2844,18,59,18,598726,77718,69710,56546,0.6155588645292105,0.42115533575642017
2845,0.2845,19,56,19,598782,77662,69729,56527,0.6151153212520593,0.4212491336845792
2846,0.2846,24,55,24,598837,77607,69753,56503,0.6146796983905716,0.42131832078144804
2847,0.2847,25,65,25,598902,77542,69778,56478,0.6141648713724496,0.42141471422175797
2848,0.2848,23,62,23,598964,77480,69801,56455,0.613673805601318,0.42151043416582673
2849,0.2849,21,68,21,599032,77412,69822,56434,0.6131352173362058,0.42163381796990573
2850,0.285,27,46,27,599078,77366,69849,56407,0.6127708782156888,0.4216620693263962
2851,0.2851,24,52,24,599130,77314,69873,56383,0.6123590166011912,0.4217222525561531
2852,0.2852,15,56,15,599186,77258,69888,56368,0.6119154733240401,0.4218340742071154
2853,0.2853,17,59,17,599245,77199,69905,56351,0.6114481687998986,0.42194683639086483
2854,0.2854,13,64,13,599309,77135,69918,56338,0.6109412621974402,0.4220928577315262
2855,0.2855,20,60,20,599369,77075,69938,56318,0.6104660372576353,0.4221960672599012
2856,0.2856,24,66,24,599435,77009,69962,56294,0.6099432898238499,0.4223010734942199
2857,0.2857,21,54,21,599489,76955,69983,56273,0.6095155873780256,0.42238118113309514
2858,0.2858,26,58,26,599547,76897,70009,56247,0.6090562032695476,0.4224523823829838
2859,0.2859,14,48,14,599595,76849,70023,56233,0.6086760233177038,0.42254399543138815
2860,0.286,19,64,19,599659,76785,70042,56214,0.6081691167152452,0.42266483206640654
2861,0.2861,11,61,11,599720,76724,70053,56203,0.607685971359777,0.42281101657300624
2862,0.2862,19,57,19,599777,76667,70072,56184,0.6072345076669624,0.42290987647815975
2863,0.2863,17,42,17,599819,76625,70089,56167,0.6069018502090989,0.42296975721429003
2864,0.2864,25,47,25,599866,76578,70114,56142,0.6065295906729186,0.4230108499095841
2865,0.2865,13,62,13,599928,76516,70127,56129,0.6060385249017869,0.4231520223152022
2866,0.2866,27,63,27,599991,76453,70154,56102,0.6055395387149918,0.42323563803704123
2867,0.2867,22,51,22,600042,76402,70176,56080,0.6051355975161576,0.4233027883033167
2868,0.2868,26,58,26,600100,76344,70202,56054,0.6046762134076796,0.4233749754528014
2869,0.2869,18,45,18,600145,76299,70220,56036,0.604319794702826,0.4234405108248007
2870,0.287,22,53,22,600198,76246,70242,56014,0.603900012672665,0.42351429003477997
2871,0.2871,23,58,23,600256,76188,70265,55991,0.603440628564187,0.42359981540184144
2872,0.2872,27,45,27,600301,76143,70292,55964,0.6030842098593334,0.42362630292111697
2873,0.2873,16,44,16,600345,76099,70308,55948,0.6027357115701432,0.4236976228161185
2874,0.2874,17,69,17,600414,76030,70325,55931,0.6021892028893676,0.42384492387902484
2875,0.2875,18,57,18,600471,75973,70343,55913,0.601737739196553,0.4239494715132766
2876,0.2876,27,59,27,600530,75914,70370,55886,0.6012704346724116,0.42402124430955995
2877,0.2877,25,40,25,600570,75874,70395,55861,0.600953618045875,0.42404068774433523
2878,0.2878,21,51,21,600621,75823,70416,55840,0.600549676847041,0.4241130765666892
2879,0.2879,19,62,19,600683,75761,70435,55821,0.6000586110759093,0.4242297578696174
2880,0.288,22,48,22,600731,75713,70457,55799,0.5996784311240654,0.4242882778757832
2881,0.2881,25,55,25,600786,75658,70482,55774,0.5992428082625776,0.42435632113944854
2882,0.2882,23,69,23,600855,75589,70505,55751,0.598696299581802,0.4244784528704127
2883,0.2883,21,56,21,600911,75533,70526,55730,0.5982527563046509,0.42456747141235535
2884,0.2884,33,52,33,600963,75481,70559,55697,0.5978408946901533,0.42459101373705954
2885,0.2885,24,47,24,601010,75434,70583,55673,0.5974686351539729,0.4246378911881135
2886,0.2886,22,59,22,601069,75375,70605,55651,0.5970013306298314,0.4247324958405202
2887,0.2887,19,56,19,601125,75319,70624,55632,0.5965577873526803,0.42483066185061585
2888,0.2888,15,50,15,601175,75269,70639,55617,0.5961617665695096,0.4249270357410265
2889,0.2889,25,65,25,601240,75204,70664,55592,0.5956469395513877,0.4250282883268601
2890,0.289,22,59,22,601299,75145,70686,55570,0.5951796350272462,0.42512335998163947
2891,0.2891,22,55,22,601354,75090,70708,55548,0.5947440121657585,0.4252055297845956
2892,0.2892,24,58,24,601412,75032,70732,55524,0.5942846280572804,0.4252887649744171
2893,0.2893,17,72,17,601484,74960,70749,55507,0.5937143581295147,0.42544858086719245
2894,0.2894,25,66,25,601550,74894,70774,55482,0.5931916106957293,0.4255537829048291
2895,0.2895,23,56,23,601606,74838,70797,55459,0.5927480674185781,0.4256352794001397
2896,0.2896,23,59,23,601665,74779,70820,55436,0.5922807628944367,0.42572668279384096
2897,0.2897,21,49,21,601714,74730,70841,55415,0.5918926625269294,0.42579430635060894
2898,0.2898,17,45,17,601759,74685,70858,55398,0.5915362438220758,0.4258665621180323
2899,0.2899,23,65,23,601824,74620,70881,55375,0.5910214168039539,0.42597792222777797
2900,0.29,20,49,20,601873,74571,70901,55355,0.5906333164364466,0.4260502131982821
2901,0.2901,22,50,22,601923,74521,70923,55333,0.5902372956532759,0.4261170237343478
2902,0.2902,17,54,17,601977,74467,70940,55316,0.5898095932074515,0.42621915042802216
2903,0.2903,14,50,14,602027,74417,70954,55302,0.5894135724242808,0.4263215103415845
2904,0.2904,18,52,18,602079,74365,70972,55284,0.5890017108097833,0.4264128531650842
2905,0.2905,27,57,27,602136,74308,70999,55257,0.5885502471169687,0.42648091691429013
2906,0.2906,21,71,21,602207,74237,71020,55236,0.5879878976048662,0.42662176670039315
2907,0.2907,16,70,16,602277,74167,71036,55220,0.5874334685084274,0.4267816704923988
2908,0.2908,23,57,23,602334,74110,71059,55197,0.5869820048156127,0.42686784164817065
2909,0.2909,28,45,28,602379,74065,71087,55169,0.5866255861107591,0.42689230388287913
2910,0.291,13,50,13,602429,74015,71100,55156,0.5862295653275884,0.42699986839151205
2911,0.2911,22,61,22,602490,73954,71122,55134,0.5857464199721202,0.4271039910758552
2912,0.2912,16,56,16,602546,73898,71138,55118,0.5853028766949689,0.4272183295095182
2913,0.2913,16,47,16,602593,73851,71154,55102,0.5849306171587885,0.42730297084984453
2914,0.2914,14,47,14,602640,73804,71168,55088,0.584558357622608,0.4273965800825497
2915,0.2915,24,69,24,602709,73735,71192,55064,0.5840118489418324,0.4275188471960186
2916,0.2916,26,50,26,602759,73685,71218,55038,0.5836158281586618,0.4275692766638441
2917,0.2917,23,56,23,602815,73629,71241,55015,0.5831722848815106,0.42765305805167747
2918,0.2918,22,58,22,602873,73571,71263,54993,0.5827129007730326,0.4277480476649762
2919,0.2919,19,51,19,602924,73520,71282,54974,0.5823089595741985,0.4278332062197457
2920,0.292,18,60,18,602984,73460,71300,54956,0.5818337346343936,0.42795290306503864
2921,0.2921,11,61,11,603045,73399,71311,54945,0.5813505892789254,0.4281072742005859
2922,0.2922,19,56,19,603101,73343,71330,54926,0.5809070460017741,0.4282094660440169
2923,0.2923,16,49,16,603150,73294,71346,54910,0.5805189456342669,0.4283017690555677
2924,0.2924,23,64,23,603214,73230,71369,54887,0.5800120390318084,0.4284130911588626
2925,0.2925,22,54,22,603268,73176,71391,54865,0.5795843365859841,0.4284955600159324
2926,0.2926,17,46,17,603314,73130,71408,54848,0.579219997465467,0.4285736610980012
2927,0.2927,16,50,16,603364,73080,71424,54832,0.5788239766822962,0.42866971042591784
2928,0.2928,30,48,30,603412,73032,71454,54802,0.5784437967304524,0.4286965908913122
2929,0.2929,21,81,21,603493,72951,71475,54781,0.5778022430617159,0.4288745185231579
2930,0.293,16,54,16,603547,72897,71491,54765,0.5773745406158916,0.42898434929736334
2931,0.2931,17,62,17,603609,72835,71508,54748,0.5768834748447599,0.4291167318529898
2932,0.2932,21,59,21,603668,72776,71529,54727,0.5764161703206184,0.42922127322494374
2933,0.2933,24,54,24,603722,72722,71553,54703,0.5759884678747941,0.4292956641161468
2934,0.2934,11,48,11,603770,72674,71564,54692,0.5756082879229502,0.42940816230391154
2935,0.2935,19,44,19,603814,72630,71583,54673,0.57525978963376,0.4294714185840082
2936,0.2936,24,37,24,603851,72593,71607,54649,0.5749667342542136,0.4294886908410745
2937,0.2937,21,40,21,603891,72553,71628,54628,0.5746499176276771,0.4295295680958634
2938,0.2938,19,53,19,603944,72500,71647,54609,0.5742301355975161,0.42962339409483197
2939,0.2939,12,51,12,603995,72449,71659,54597,0.573826194398682,0.4297419832186767
2940,0.294,14,67,14,604062,72382,71673,54583,0.5732955265492333,0.4299058795731107
2941,0.2941,12,49,12,604111,72333,71685,54571,0.572907426181726,0.4300179663367585
2942,0.2942,14,75,14,604186,72258,71699,54557,0.57231339500697,0.4302093600914718
2943,0.2943,24,56,24,604242,72202,71723,54533,0.5718698517298187,0.4302915532410147
2944,0.2944,16,55,16,604297,72147,71739,54517,0.5714342288683311,0.4304064296090444
2945,0.2945,18,45,18,604342,72102,71757,54499,0.5710778101634774,0.4304784322398717
2946,0.2946,25,40,25,604382,72062,71782,54474,0.5707609935369408,0.4305019915281027
2947,0.2947,26,48,26,604430,72014,71808,54448,0.570380813585097,0.43054830700131264
2948,0.2948,23,60,23,604490,71954,71831,54425,0.5699055886452921,0.4306490793565387
2949,0.2949,23,57,23,604547,71897,71854,54402,0.5694541249524775,0.43073975249210206
2950,0.295,20,46,20,604593,71851,71874,54382,0.5690897858319605,0.4308065244428953
2951,0.2951,27,64,27,604657,71787,71901,54355,0.568582879229502,0.4309032677458737
2952,0.2952,25,58,25,604715,71729,71926,54330,0.568123495121024,0.4309886640382678
2953,0.2953,20,46,20,604761,71683,71946,54310,0.5677591560005069,0.43105569357027773
2954,0.2954,25,52,25,604813,71631,71971,54285,0.5673472943860094,0.4311207471647765
2955,0.2955,19,58,19,604871,71573,71990,54266,0.5668879102775314,0.43123356034297794
2956,0.2956,29,54,29,604925,71519,72019,54237,0.566460207831707,0.43128757275994783
2957,0.2957,27,50,27,604975,71469,72046,54210,0.5660641870485363,0.43133697753801353
2958,0.2958,26,47,26,605022,71422,72072,54184,0.5656919275123559,0.431380666528669
2959,0.2959,25,49,25,605071,71373,72097,54159,0.5653038271448486,0.43143580919606156
2960,0.296,20,57,20,605128,71316,72117,54139,0.5648523634520339,0.43154119006815195
2961,0.2961,23,46,23,605174,71270,72140,54116,0.5644880243315169,0.43159523391766225
2962,0.2962,23,58,23,605232,71212,72163,54093,0.5640286402230389,0.43169067475360123
2963,0.2963,20,47,20,605279,71165,72183,54073,0.5636563806868584,0.4317619252942398
2964,0.2964,20,59,20,605338,71106,72203,54053,0.5631890761627171,0.4318746554382825
2965,0.2965,19,62,19,605400,71044,72222,54034,0.5626980103915854,0.4320024304833784
2966,0.2966,28,48,28,605448,70996,72250,54006,0.5623178304397415,0.4320410873426025
2967,0.2967,18,51,18,605499,70945,72268,53988,0.5619138892409073,0.4321356246948364
2968,0.2968,12,53,12,605552,70892,72280,53976,0.5614941072107464,0.43226447128167345
2969,0.2969,22,69,22,605621,70823,72302,53954,0.5609475985299709,0.43240340767929986
2970,0.297,17,55,17,605676,70768,72319,53937,0.5605119756684831,0.43251673950523234
2971,0.2971,20,53,20,605729,70715,72339,53917,0.5600921936383222,0.4326096026702613
2972,0.2972,24,67,24,605796,70648,72363,53893,0.5595615257888734,0.4327329955596952
2973,0.2973,30,51,30,605847,70597,72393,53863,0.5591575845900393,0.43277358187369436
2974,0.2974,23,54,23,605901,70543,72416,53840,0.5587298821442149,0.4328565800792713
2975,0.2975,16,52,16,605953,70491,72432,53824,0.5583180205297174,0.4329646462615131
2976,0.2976,22,54,22,606007,70437,72454,53802,0.557890318083893,0.4330524231521503
2977,0.2977,18,57,18,606064,70380,72472,53784,0.5574388543910784,0.4331690345027544
2978,0.2978,15,51,15,606115,70329,72487,53769,0.5570349131922443,0.4332785379297007
2979,0.2979,21,60,21,606175,70269,72508,53748,0.5565596882524395,0.4333921962311619
2980,0.298,15,53,15,606228,70216,72523,53733,0.5561399062222785,0.4335089431943783
2981,0.2981,18,53,18,606281,70163,72541,53715,0.5557201241921176,0.433612102229613
2982,0.2982,22,39,22,606320,70124,72563,53693,0.5554112279812444,0.43364804509881516
2983,0.2983,30,66,30,606386,70058,72593,53663,0.5548884805474591,0.4337420486417019
2984,0.2984,18,56,18,606442,70002,72611,53645,0.554444937270308,0.43385605797148336
2985,0.2985,20,47,20,606489,69955,72631,53625,0.5540726777341275,0.4339294384204564
2986,0.2986,15,50,15,606539,69905,72646,53610,0.5536766569509568,0.434036351860098
2987,0.2987,20,62,20,606601,69843,72666,53590,0.5531855911798251,0.4341626631451881
2988,0.2988,20,48,20,606649,69795,72686,53570,0.5528054112279812,0.4342398573339278
2989,0.2989,27,46,27,606695,69749,72713,53543,0.5524410721074642,0.4342779742400156
2990,0.299,25,52,25,606747,69697,72738,53518,0.5520292104929667,0.4343464675567098
2991,0.2991,15,47,15,606794,69650,72753,53503,0.5516569509567862,0.4344433347137301
2992,0.2992,25,54,25,606848,69596,72778,53478,0.5512292485109619,0.4345190698279084
2993,0.2993,30,48,30,606896,69548,72808,53448,0.550849068559118,0.43455071709649096
2994,0.2994,21,44,21,606940,69504,72829,53427,0.5505005702699277,0.43460965907704324
2995,0.2995,18,53,18,606993,69451,72847,53409,0.5500807882397668,0.43471430896955887
2996,0.2996,21,50,21,607043,69401,72868,53388,0.5496847674565961,0.4347946477290311
2997,0.2997,20,42,20,607085,69359,72888,53368,0.5493521099987327,0.43485133670667414
2998,0.2998,13,59,13,607144,69300,72901,53355,0.5488848054745913,0.4350006114711997
2999,0.2999,22,59,22,607203,69241,72923,53333,0.5484175009504498,0.43510858746553105
3000,0.3,16,33,16,607236,69208,72939,53317,0.5481561272335572,0.4351520097939196
3001,0.3001,26,41,26,607277,69167,72965,53291,0.5478313901913573,0.4351777752372242
3002,0.3002,16,42,16,607319,69125,72981,53275,0.5474987327334938,0.4352532679738562
3003,0.3003,19,47,19,607366,69078,73000,53256,0.5471264731973134,0.4353327774780519
3004,0.3004,25,44,25,607410,69034,73025,53231,0.5467779749081232,0.4353739827424038
3005,0.3005,19,48,19,607458,68986,73044,53212,0.5463977949562793,0.43545720879228794
3006,0.3006,22,54,22,607512,68932,73066,53190,0.5459700925104549,0.4355480584988782
3007,0.3007,20,51,20,607563,68881,73086,53170,0.5455661513116208,0.43563756134730564
3008,0.3008,19,56,19,607619,68825,73105,53151,0.5451226080344697,0.4357496556699679
3009,0.3009,23,64,23,607683,68761,73128,53128,0.5446157014320111,0.4358719818851578
3010,0.301,16,58,16,607741,68703,73144,53112,0.5441563173235331,0.436005418051964
3011,0.3011,17,61,17,607802,68642,73161,53095,0.5436731719680649,0.43614513253981946
3012,0.3012,13,58,13,607860,68584,73174,53082,0.5432137878595868,0.4362928016043924
3013,0.3013,17,41,17,607901,68543,73191,53065,0.5428890508173869,0.4363610946648247
3014,0.3014,26,44,26,607945,68499,73217,53039,0.5425405525281967,0.43639849265250374
3015,0.3015,29,67,29,608012,68432,73246,53010,0.5420098846787479,0.4365046688954398
3016,0.3016,15,53,15,608065,68379,73261,52995,0.541590102648587,0.43662563646250435
3017,0.3017,24,45,24,608110,68334,73285,52971,0.5412336839437334,0.436676146902436
3018,0.3018,24,48,24,608158,68286,73309,52947,0.5408535039918895,0.43673752196184207
3019,0.3019,19,60,19,608218,68226,73328,52928,0.5403782790520847,0.4368654769962197
3020,0.302,14,51,14,608269,68175,73342,52914,0.5399743378532506,0.43698436687064884
3021,0.3021,19,36,19,608305,68139,73361,52895,0.5396892028893676,0.4370259596477023
3022,0.3022,19,50,19,608355,68089,73380,52876,0.5392931821061969,0.43711817467862607
3023,0.3023,19,49,19,608404,68040,73399,52857,0.5389050817386897,0.4372068785825951
3024,0.3024,21,56,21,608460,67984,73420,52836,0.5384615384615384,0.4373117033603708
3025,0.3025,18,50,18,608510,67934,73438,52818,0.5380655176783677,0.4374089042003445
3026,0.3026,25,55,25,608565,67879,73463,52793,0.53762989481688,0.4374917130734553
3027,0.3027,13,40,13,608605,67839,73476,52780,0.5373130781903435,0.43757616959185536
3028,0.3028,21,56,21,608661,67783,73497,52759,0.5368695349131922,0.4376814720180518
3029,0.3029,22,54,22,608715,67729,73519,52737,0.5364418324673679,0.4377749738515432
3030,0.303,18,44,18,608759,67685,73537,52719,0.5360933341781776,0.43785090196338994
3031,0.3031,22,47,22,608806,67638,73559,52697,0.5357210746419973,0.43791914239414964
3032,0.3032,28,60,28,608866,67578,73587,52669,0.5352458497021924,0.4380067693996524
3033,0.3033,20,55,20,608921,67523,73607,52649,0.5348102268407046,0.4381137036913757
3034,0.3034,11,45,11,608966,67478,73618,52638,0.534453808135851,0.43822638116487395
3035,0.3035,13,56,13,609022,67422,73631,52625,0.5340102648586997,0.43836997176106024
3036,0.3036,20,52,20,609074,67370,73651,52605,0.5335984032442023,0.4384663471556574
3037,0.3037,16,49,16,609123,67321,73667,52589,0.533210302876695,0.43857059461262615
3038,0.3038,23,55,23,609178,67266,73690,52566,0.5327746800152072,0.4386641297816944
3039,0.3039,22,48,22,609226,67218,73712,52544,0.5323945000633633,0.43873682804228387
3040,0.304,17,63,17,609289,67155,73729,52527,0.5318955138765682,0.4388880533413546
3041,0.3041,17,60,17,609349,67095,73746,52510,0.5314202889367634,0.43902846870950213
3042,0.3042,19,48,19,609397,67047,73765,52491,0.5310401089849195,0.43911559504090747
3043,0.3043,19,49,19,609446,66998,73784,52472,0.5306520086174122,0.4392064953544823
3044,0.3044,12,35,12,609481,66963,73796,52460,0.5303747940691927,0.43927886588010684
3045,0.3045,22,55,22,609536,66908,73818,52438,0.529939171207705,0.4393779431233556
3046,0.3046,17,48,17,609584,66860,73835,52421,0.5295589912558611,0.43947485349720405
3047,0.3047,28,46,28,609630,66814,73863,52393,0.5291946521353441,0.4395127802897481
3048,0.3048,16,62,16,609692,66752,73879,52377,0.5287035863642124,0.4396662441554953
3049,0.3049,17,43,17,609735,66709,73896,52360,0.5283630084906856,0.43974502179408576
3050,0.305,22,49,22,609784,66660,73918,52338,0.5279749081231783,0.43982251802551303
3051,0.3051,24,43,24,609827,66617,73942,52314,0.5276343302496515,0.43986849517787624
3052,0.3052,15,48,15,609875,66569,73957,52299,0.5272541502978076,0.4399754349362318
3053,0.3053,16,51,16,609926,66518,73973,52283,0.5268502090989735,0.4400888881406722
3054,0.3054,18,44,18,609970,66474,73991,52265,0.5265017108097833,0.4401670891619434
3055,0.3055,17,43,17,610013,66431,74008,52248,0.5261611329362565,0.44024637888758755
3056,0.3056,20,53,20,610066,66378,74028,52228,0.5257413509060955,0.4403487176028194
3057,0.3057,22,48,22,610114,66330,74050,52206,0.5253611709542517,0.44042316258351893
3058,0.3058,20,48,20,610162,66282,74070,52186,0.5249809910024078,0.44050714116892326
3059,0.3059,19,44,19,610206,66238,74089,52167,0.5246324927132175,0.44058105654322033
3060,0.306,27,47,27,610253,66191,74116,52140,0.5242602331770372,0.44062840675731635
3061,0.3061,24,44,24,610297,66147,74140,52116,0.5239117348878469,0.44067882600644326
3062,0.3062,20,51,20,610348,66096,74160,52096,0.5235077936890128,0.44077433328820903
3063,0.3063,17,44,17,610392,66052,74177,52079,0.5231592953998225,0.4408580304915729
3064,0.3064,12,47,12,610439,66005,74189,52067,0.5227870358636422,0.4409766921878176
3065,0.3065,17,60,17,610499,65945,74206,52050,0.5223118109238373,0.44112038645705326
3066,0.3066,14,67,14,610566,65878,74220,52036,0.5217811430743885,0.441304679681802
3067,0.3067,16,53,16,610619,65825,74236,52020,0.5213613610442276,0.4414272985701557
3068,0.3068,24,39,24,610658,65786,74260,51996,0.5210524648333544,0.4414596457862831
3069,0.3069,18,52,18,610710,65734,74278,51978,0.520640603218857,0.4415692537719179
3070,0.307,17,48,17,610758,65686,74295,51961,0.520260423267013,0.44166872083436043
3071,0.3071,28,60,28,610818,65626,74323,51933,0.5197851983272083,0.44176115822693285
3072,0.3072,20,33,20,610851,65593,74343,51913,0.5195238246103155,0.4417902064575426
3073,0.3073,10,43,10,610894,65550,74353,51903,0.5191832467367887,0.4419044213430053
3074,0.3074,16,41,16,610935,65509,74369,51887,0.5188585096945888,0.44198269106272786
3075,0.3075,23,43,23,610978,65466,74392,51864,0.518517931821062,0.4420352850933265
3076,0.3076,29,48,29,611026,65418,74421,51835,0.5181377518692181,0.4420782410684588
3077,0.3077,22,54,22,611080,65364,74443,51813,0.5177100494233937,0.44217721907882945
3078,0.3078,21,44,21,611124,65320,74464,51792,0.5173615511342036,0.44224332263132726
3079,0.3079,26,43,26,611167,65277,74490,51766,0.5170209732606768,0.4422818963970507
3080,0.308,23,47,23,611214,65230,74513,51743,0.5166487137244963,0.4423499440041719
3081,0.3081,25,52,25,611266,65178,74538,51718,0.5162368521099987,0.44242745688475227
3082,0.3082,20,52,20,611318,65126,74558,51698,0.5158249904955012,0.4425289324111484
3083,0.3083,21,51,21,611369,65075,74579,51677,0.5154210492966671,0.44262196793202685
3084,0.3084,15,48,15,611417,65027,74594,51662,0.5150408693448232,0.4427323912279649
3085,0.3085,22,38,22,611455,64989,74616,51640,0.5147398935496135,0.4427715233775476
3086,0.3086,16,60,16,611515,64929,74632,51624,0.5142646686098087,0.44292296208591797
3087,0.3087,22,40,22,611555,64889,74654,51602,0.5139478519832721,0.4429698431638496
3088,0.3088,21,48,21,611603,64841,74675,51581,0.5135676720314282,0.44305200048100873
3089,0.3089,22,50,22,611653,64791,74697,51559,0.5131716512482575,0.44313708637730986
3090,0.309,23,42,23,611695,64749,74720,51536,0.5128389937903941,0.4431869974631294
3091,0.3091,24,60,24,611755,64689,74744,51512,0.5123637688505893,0.4433008321787248
3092,0.3092,13,47,13,611802,64642,74757,51499,0.5119915093144088,0.44341791443159606
3093,0.3093,28,53,28,611855,64589,74785,51471,0.5115717272842478,0.44348612786489744
3094,0.3094,27,48,27,611903,64541,74812,51444,0.511191547332404,0.4435401129456395
3095,0.3095,16,47,16,611950,64494,74828,51428,0.5108192877962235,0.44364313935232313
3096,0.3096,19,37,19,611987,64457,74847,51409,0.5105262324166773,0.44369357706315915
3097,0.3097,12,50,12,612037,64407,74859,51397,0.5101302116335066,0.4438275016407033
3098,0.3098,19,50,19,612087,64357,74878,51378,0.5097341908503358,0.44392793882576576
3099,0.3099,21,42,21,612129,64315,74899,51357,0.5094015333924724,0.44398817345597896
3100,0.31,17,55,17,612184,64260,74916,51340,0.5089659105309846,0.4441176470588235
3101,0.3101,21,49,21,612233,64211,74937,51319,0.5085778101634774,0.4442049684064745
3102,0.3102,23,44,23,612277,64167,74960,51296,0.5082293118742872,0.4442635303084105
3103,0.3103,18,55,18,612332,64112,74978,51278,0.5077936890127994,0.44438859519889073
3104,0.3104,29,47,29,612379,64065,75007,51249,0.507421429476619,0.4444299911545866
3105,0.3105,22,44,22,612423,64021,75029,51227,0.5070729311874287,0.44449361377203944
3106,0.3106,19,54,19,612477,63967,75048,51208,0.5066452287416043,0.44461037551551985
3107,0.3107,26,55,26,612532,63912,75074,51182,0.5062096058801165,0.444697377795541
3108,0.3108,17,47,17,612579,63865,75091,51165,0.5058373463439362,0.44479700947578893
3109,0.3109,19,45,19,612624,63820,75110,51146,0.5054809276390825,0.44487935563557923
3110,0.311,20,38,20,612662,63782,75130,51126,0.5051799518438728,0.4449298569290215
3111,0.3111,25,53,25,612715,63729,75155,51101,0.5047601698137119,0.4450143690673169
3112,0.3112,22,47,22,612762,63682,75177,51079,0.5043879102775314,0.44509023100182116
3113,0.3113,20,42,20,612804,63640,75197,51059,0.504055252819668,0.4451564529769222
3114,0.3114,20,45,20,612849,63595,75217,51039,0.5036988341148143,0.4452343981715721
3115,0.3115,26,48,26,612897,63547,75243,51013,0.5033186541629705,0.44529504189944136
3116,0.3116,25,45,25,612942,63502,75268,50988,0.5029622354581168,0.44534893877194515
3117,0.3117,21,38,21,612980,63464,75289,50967,0.5026612596629071,0.4453950415534252
3118,0.3118,19,46,19,613026,63418,75308,50948,0.5022969205423901,0.4454820488606754
3119,0.3119,19,43,19,613069,63375,75327,50929,0.5019563426688632,0.445557460806271
3120,0.312,26,39,26,613108,63336,75353,50903,0.5016474464579901,0.4455833822074773
3121,0.3121,21,49,21,613157,63287,75374,50882,0.5012593460904828,0.44567264318685457
3122,0.3122,17,43,17,613200,63244,75391,50865,0.500918768216956,0.44575800331262216
3123,0.3123,13,47,13,613247,63197,75404,50852,0.5005465086807755,0.4458785258967637
3124,0.3124,19,37,19,613284,63160,75423,50833,0.5002534533012293,0.4459308904932759
3125,0.3125,24,49,24,613333,63111,75447,50809,0.499865352933722,0.4460059691011236
3126,0.3126,14,46,14,613379,63065,75461,50795,0.49950101381320494,0.44611803969787456
3127,0.3127,15,64,15,613443,63001,75476,50780,0.49899410721074644,0.4462959545091008
3128,0.3128,21,55,21,613498,62946,75497,50759,0.49855848434925865,0.4464095686205532
3129,0.3129,33,43,33,613541,62903,75530,50726,0.49821790647573183,0.4464177278687659
3130,0.313,21,52,21,613593,62851,75551,50705,0.4978060448612343,0.44651977878755855
3131,0.3131,25,49,25,613642,62802,75576,50680,0.497417944493727,0.4465906487372447
3132,0.3132,23,49,23,613691,62753,75599,50657,0.49702984412621976,0.4466713693677806
3133,0.3133,17,50,17,613741,62703,75616,50640,0.49663382334304906,0.4467854212434822
3134,0.3134,32,35,32,613776,62668,75648,50608,0.49635660879482957,0.4467671881069247
3135,0.3135,17,46,17,613822,62622,75665,50591,0.4959922696743125,0.44686564263821293
3136,0.3136,16,57,16,613879,62565,75681,50575,0.4955408059814979,0.44701255082199043
3137,0.3137,19,52,19,613931,62513,75700,50556,0.4951289443670004,0.4471252067321724
3138,0.3138,15,48,15,613979,62465,75715,50541,0.49474876441515653,0.4472417393766703
3139,0.3139,20,46,20,614025,62419,75735,50521,0.49438442529463944,0.44732601381264386
3140,0.314,23,59,23,614084,62360,75758,50498,0.49391712077049804,0.44744723457796526
3141,0.3141,24,54,24,614138,62306,75782,50474,0.4934894183246737,0.44754389076077317
3142,0.3142,22,45,22,614183,62261,75804,50452,0.49313299961982004,0.44761473831767407
3143,0.3143,18,47,18,614230,62214,75822,50434,0.49276074008363957,0.44771323059441803
3144,0.3144,21,43,21,614273,62171,75843,50413,0.4924201622101128,0.44778121225040857
3145,0.3145,17,52,17,614325,62119,75860,50396,0.49200830059561523,0.4479047238146025
3146,0.3146,24,50,24,614375,62069,75884,50372,0.49161227981244454,0.4479860549087966
3147,0.3147,24,45,24,614420,62024,75908,50348,0.49125586110759095,0.44804755633075855
3148,0.3148,18,40,18,614460,61984,75926,50330,0.49093904448105435,0.44811866730772654
3149,0.3149,19,47,19,614507,61937,75945,50311,0.4905667849448739,0.4482128857529756
3150,0.315,24,35,24,614542,61902,75969,50287,0.49028957039665444,0.4482346754138106
3151,0.3151,19,45,19,614587,61857,75988,50268,0.4899331516918008,0.4483210702341137
3152,0.3152,14,47,14,614634,61810,76002,50254,0.4895608921556203,0.4484401770416905
3153,0.3153,11,60,11,614694,61750,76013,50243,0.4890856672158155,0.44862625342655343
3154,0.3154,25,59,25,614753,61691,76038,50218,0.4886183626916741,0.44873960092575216
3155,0.3155,22,40,22,614793,61651,76060,50196,0.4883015460651375,0.4487916528829562
3156,0.3156,14,41,14,614834,61610,76074,50182,0.4879768090229375,0.44888721912122515
3157,0.3157,21,32,21,614866,61578,76095,50161,0.4877233557217083,0.448912197173771
3158,0.3158,19,37,19,614903,61541,76114,50142,0.48743030034216195,0.4489671659966154
3159,0.3159,24,47,24,614950,61494,76138,50118,0.4870580408059815,0.44903773787764756
3160,0.316,11,61,11,615011,61433,76149,50107,0.48657489545051325,0.4492289761520531
3161,0.3161,11,40,11,615051,61393,76160,50096,0.4862580788239767,0.44933580891388386
3162,0.3162,24,31,24,615082,61362,76184,50072,0.48601254593841087,0.4493422115332843
3163,0.3163,13,48,13,615130,61314,76197,50059,0.48563236598656695,0.4494715954495255
3164,0.3164,22,39,22,615169,61275,76219,50037,0.48532346977569385,0.4495202673566192
3165,0.3165,23,44,23,615213,61231,76242,50014,0.4849749714865036,0.44958425097757204
3166,0.3166,27,41,27,615254,61190,76269,49987,0.48465023444430366,0.44961637748814953
3167,0.3167,15,48,15,615302,61142,76284,49972,0.48427005449245974,0.44973630685602173
3168,0.3168,19,39,19,615341,61103,76303,49953,0.48396115828158665,0.4498001008500216
3169,0.3169,24,43,24,615384,61060,76327,49929,0.48362058040805983,0.4498553910747912
3170,0.317,15,46,15,615430,61014,76342,49914,0.48325624128754274,0.44996754651665943
3171,0.3171,26,51,26,615481,60963,76368,49888,0.48285230008870866,0.45004555664811324
3172,0.3172,26,41,26,615522,60922,76394,49862,0.4825275630465087,0.45008304448295783
3173,0.3173,19,42,19,615564,60880,76413,49843,0.4821949055886453,0.4501594068079803
3174,0.3174,26,44,26,615608,60836,76439,49817,0.48184640729945505,0.4502092125834817
3175,0.3175,20,35,20,615643,60801,76459,49797,0.4815691927512356,0.45025226495958337
3176,0.3176,17,52,17,615695,60749,76476,49780,0.48115733113673803,0.45037953840168643
3177,0.3177,16,45,16,615740,60704,76492,49764,0.48080091243188444,0.4504833979070862
3178,0.3178,19,55,19,615795,60649,76511,49745,0.48036528957039665,0.4506132579669185
3179,0.3179,18,42,18,615837,60607,76529,49727,0.4800326321125333,0.4506951619627676
3180,0.318,17,43,17,615880,60564,76546,49710,0.47969205423900646,0.45078622340714947
3181,0.3181,21,49,21,615929,60515,76567,49689,0.47930395387149916,0.45088200065333384
3182,0.3182,27,40,27,615969,60475,76594,49662,0.4789871372449626,0.4509111379463759
3183,0.3183,20,45,20,616014,60430,76614,49642,0.47863071854010897,0.45099571189766696
3184,0.3184,21,43,21,616057,60387,76635,49621,0.4782901406665822,0.4510671951130827
3185,0.3185,9,51,9,616108,60336,76644,49612,0.4778861994677481,0.4512314912504093
3186,0.3186,20,50,20,616158,60286,76664,49592,0.4774901786845774,0.45133693733049385
3187,0.3187,25,42,25,616200,60244,76689,49567,0.47715752122671395,0.45138465181083864
3188,0.3188,9,59,9,616259,60185,76698,49558,0.47669021670257256,0.45158233326954794
3189,0.3189,18,47,18,616306,60138,76716,49540,0.4763179571663921,0.45168584401611994
3190,0.319,16,39,16,616345,60099,76732,49524,0.4760090609555189,0.4517665088530692
3191,0.3191,20,50,20,616395,60049,76752,49504,0.47561304017234823,0.45187260960448367
3192,0.3192,13,57,13,616452,59992,76765,49491,0.47516157647953366,0.4520427828978015
3193,0.3193,26,49,26,616501,59943,76791,49465,0.47477347611202636,0.4521150190114068
3194,0.3194,24,53,24,616554,59890,76815,49441,0.4743536940818654,0.4522139191994951
3195,0.3195,13,44,13,616598,59846,76828,49428,0.4740051957926752,0.45233083807676117
3196,0.3196,23,36,23,616634,59810,76851,49405,0.4737200608287923,0.45236460193196903
3197,0.3197,19,36,19,616670,59774,76870,49386,0.4734349258649094,0.4524184683034078
3198,0.3198,16,48,16,616718,59726,76886,49370,0.4730547459130655,0.45253721492996996
3199,0.3199,19,48,19,616766,59678,76905,49351,0.47267456596122165,0.4526410404571261
3200,0.32,26,38,26,616804,59640,76931,49325,0.47237359016601194,0.4526682879823797
3201,0.3201,26,40,26,616844,59600,76957,49299,0.47205677353947534,0.45270388157834324
3202,0.3202,17,51,17,616895,59549,76974,49282,0.47165283234064126,0.4528305354172984
3203,0.3203,14,38,14,616933,59511,76988,49268,0.4713518565454315,0.4529183022458379
3204,0.3204,18,50,18,616983,59461,77006,49250,0.4709558357622608,0.4530360313123787
3205,0.3205,9,39,9,617022,59422,77015,49241,0.47064693955138764,0.45315332725950874
3206,0.3206,23,44,23,617066,59378,77038,49218,0.47029844126219744,0.4532211131165052
3207,0.3207,21,58,21,617124,59320,77059,49197,0.46983905715371943,0.4533575384501967
3208,0.3208,23,42,23,617166,59278,77082,49174,0.46950639969585606,0.45341717995057723
3209,0.3209,22,48,22,617214,59230,77104,49152,0.46912621974401214,0.4535070399143769
3210,0.321,24,45,24,617259,59185,77128,49128,0.46876980103915855,0.45357436318816763
3211,0.3211,19,53,19,617312,59132,77147,49109,0.4683500190089976,0.4537005386129101
3212,0.3212,25,37,25,617349,59095,77172,49084,0.46805696362945126,0.45372946690207894
3213,0.3213,14,49,14,617398,59046,77186,49070,0.467668863261944,0.4538643679011432
3214,0.3214,20,47,20,617445,58999,77206,49050,0.46729660372576354,0.45396070301437313
3215,0.3215,15,43,15,617488,58956,77221,49035,0.4669560258522367,0.4540656165791594
3216,0.3216,19,49,19,617537,58907,77240,49016,0.4665679254847294,0.45417566227773504
3217,0.3217,22,47,22,617584,58860,77262,48994,0.466195665948549,0.45426224340311905
3218,0.3218,15,41,15,617625,58819,77277,48979,0.465870928906349,0.4543590790181636
3219,0.3219,12,46,12,617671,58773,77289,48967,0.465506589785832,0.4544922962687952
3220,0.322,22,46,22,617717,58727,77311,48945,0.4651422506653149,0.4545750055724794
3221,0.3221,12,50,12,617767,58677,77323,48933,0.4647462298821442,0.4547253972679119
3222,0.3222,15,34,15,617801,58643,77338,48918,0.46447693574958815,0.4547930941512258
3223,0.3223,17,46,17,617847,58597,77355,48901,0.4641125966290711,0.45490148653928447
3224,0.3224,18,49,18,617896,58548,77373,48883,0.4637244962615638,0.45501763922890043
3225,0.3225,22,46,22,617942,58502,77395,48861,0.4633601571410468,0.45510091931112207
3226,0.3226,14,50,14,617992,58452,77409,48847,0.4629641363578761,0.4552418941462642
3227,0.3227,21,39,21,618031,58413,77430,48826,0.46265524014700293,0.45530077676964537
3228,0.3228,12,39,12,618070,58374,77442,48814,0.4623463439361298,0.45540545583460834
3229,0.3229,20,38,20,618108,58336,77462,48794,0.46204536814092,0.4554653225053673
3230,0.323,20,55,20,618163,58281,77482,48774,0.46160974527943227,0.45559759002381955
3231,0.3231,14,47,14,618210,58234,77496,48760,0.4612374857432518,0.4557264893358506
3232,0.3232,24,39,24,618249,58195,77520,48736,0.46092858953237864,0.45577054362158775
3233,0.3233,17,38,17,618287,58157,77537,48719,0.46062761373716893,0.4558460271716756
3234,0.3234,19,42,19,618329,58115,77556,48700,0.46029495627930556,0.45592847446519685
3235,0.3235,14,40,14,618369,58075,77570,48686,0.45997813965276896,0.4560279502814698
3236,0.3236,17,39,17,618408,58036,77587,48669,0.45966924344189586,0.45610796120144326
3237,0.3237,18,46,18,618454,57990,77605,48651,0.45930490432137877,0.4562129012293583
3238,0.3238,29,45,29,618499,57945,77634,48622,0.4589484856165252,0.4562575656629163
3239,0.3239,20,40,20,618539,57905,77654,48602,0.4586316689899886,0.45632681420000565
3240,0.324,16,50,16,618589,57855,77670,48586,0.4582356482068179,0.4564594470175966
3241,0.3241,17,61,17,618650,57794,77687,48569,0.45775250285134966,0.45663435593204404
3242,0.3242,20,42,20,618692,57752,77707,48549,0.45741984539348624,0.45671254268539335
3243,0.3243,15,41,15,618733,57711,77722,48534,0.45709510835128625,0.45681208527460115
3244,0.3244,22,47,22,618780,57664,77744,48512,0.45672284881510583,0.45690174804098854
3245,0.3245,14,41,14,618821,57623,77758,48498,0.45639811177290585,0.457006624513527
3246,0.3246,16,50,16,618871,57573,77774,48482,0.45600209098973515,0.45714016312290795
3247,0.3247,15,45,15,618916,57528,77789,48467,0.4556456722848815,0.45725741780272655
3248,0.3248,17,37,17,618953,57491,77806,48450,0.4553526169053352,0.45733002331486394
3249,0.3249,25,39,25,618992,57452,77831,48425,0.45504372069446203,0.45737034483409994
3250,0.325,21,44,21,619036,57408,77852,48404,0.4546952224052718,0.457452840887612
3251,0.3251,23,53,23,619089,57355,77875,48381,0.45427544037511086,0.4575641219641371
3252,0.3252,14,40,14,619129,57315,77889,48367,0.4539586237485743,0.45766544917772184
3253,0.3253,22,40,22,619169,57275,77911,48345,0.4536418071220378,0.4577258095057754
3254,0.3254,17,37,17,619206,57238,77928,48328,0.45334875174249145,0.45779891252865507
3255,0.3255,18,46,18,619252,57192,77946,48310,0.4529844126219744,0.45790601126045005
3256,0.3256,15,39,15,619291,57153,77961,48295,0.45267551641110126,0.4579982550641074
3257,0.3257,17,42,17,619333,57111,77978,48278,0.4523428589532379,0.4580933494007913
3258,0.3258,19,43,19,619376,57068,77997,48259,0.4520022810797111,0.458182612245673
3259,0.3259,19,53,19,619429,57015,78016,48240,0.4515824990495501,0.4583155194527576
3260,0.326,15,38,15,619467,56977,78031,48225,0.4512815232543404,0.45840383262675616
3261,0.3261,21,37,21,619504,56940,78052,48204,0.4509884678747941,0.45845697329376855
3262,0.3262,22,35,22,619539,56905,78074,48182,0.4507112533265746,0.4584962935472513
3263,0.3263,25,38,25,619577,56867,78099,48157,0.45041027753136487,0.4585332876294942
3264,0.3264,24,26,24,619603,56841,78123,48133,0.4502043467241161,0.458523062853659
3265,0.3265,15,31,15,619634,56810,78138,48118,0.44995881383855024,0.4585811222933821
3266,0.3266,15,34,15,619668,56776,78153,48103,0.4496895197059942,0.4586523517577399
3267,0.3267,17,51,17,619719,56725,78170,48086,0.44928557850716005,0.45878772266269763
3268,0.3268,31,33,31,619752,56692,78201,48055,0.4490242047902674,0.458772088938108
3269,0.3269,17,40,17,619792,56652,78218,48038,0.44870738816373085,0.4588594899226287
3270,0.327,18,50,18,619842,56602,78236,48020,0.44831136738056016,0.45898568178776933
3271,0.3271,17,39,17,619881,56563,78253,48003,0.448002471169687,0.45906891341353784
3272,0.3272,17,43,17,619924,56520,78270,47986,0.4476618932961602,0.45916980843205174
3273,0.3273,13,40,13,619964,56480,78283,47973,0.44734507666962364,0.4592783357107982
3274,0.3274,21,44,21,620008,56436,78304,47952,0.4469965783804334,0.4593631451891022
3275,0.3275,16,37,16,620045,56399,78320,47936,0.44670352300088706,0.4594431398859443
3276,0.3276,19,44,19,620089,56355,78339,47917,0.44635502471169686,0.4595385146539819
3277,0.3277,21,47,21,620136,56308,78360,47896,0.44598276517551644,0.45963686614717286
3278,0.3278,17,43,17,620179,56265,78377,47879,0.4456421873019896,0.45973843908434475
3279,0.3279,12,39,12,620218,56226,78389,47867,0.44533329109111647,0.45984840479186884
3280,0.328,15,51,15,620269,56175,78404,47852,0.44492934989228233,0.45999596258663616
3281,0.3281,23,42,23,620311,56133,78427,47829,0.44459669243441896,0.46006233046690137
3282,0.3282,17,46,17,620357,56087,78444,47812,0.44423235331390193,0.46017767254737774
3283,0.3283,16,39,16,620396,56048,78460,47796,0.4439234571030288,0.4602673240630176
3284,0.3284,15,42,15,620438,56006,78475,47781,0.4435907996451654,0.4603755769026949
3285,0.3285,19,35,19,620473,55971,78494,47762,0.4433135850969459,0.46043207079714266
3286,0.3286,19,31,19,620504,55940,78513,47743,0.44306805221138007,0.4604708582892085
3287,0.3287,13,35,13,620539,55905,78526,47730,0.4427908376631606,0.46055869156173107
3288,0.3288,20,29,20,620568,55876,78546,47710,0.44256114560892157,0.4605834765315776
3289,0.3289,17,31,17,620599,55845,78563,47693,0.44231561272335573,0.460632811141803
3290,0.329,21,40,21,620639,55805,78584,47672,0.44199879609681914,0.4607014119079602
3291,0.3291,15,47,15,620686,55758,78599,47657,0.4416265365606387,0.460832567809312
3292,0.3292,12,38,12,620724,55720,78611,47645,0.44132556076542895,0.4609393895419146
3293,0.3293,23,33,23,620757,55687,78634,47622,0.4410641870485363,0.46096661471894995
3294,0.3294,20,30,20,620787,55657,78654,47602,0.4408265745786339,0.46099613593004
3295,0.3295,11,39,11,620826,55618,78665,47591,0.44051767836776073,0.46111288744198664
3296,0.3296,19,35,19,620861,55583,78684,47572,0.44024046381954124,0.4611700838543939
3297,0.3297,20,36,20,620897,55547,78704,47552,0.43995532885565836,0.4612265880367414
3298,0.3298,21,41,21,620938,55506,78725,47531,0.43963059181345837,0.4613003095975232
3299,0.3299,17,47,17,620985,55459,78742,47514,0.4392583322772779,0.4614219261359774
3300,0.33,14,41,14,621026,55418,78756,47500,0.4389335952350779,0.4615324821702715
3301,0.3301,20,48,20,621074,55370,78776,47480,0.43855341528323405,0.46164316966456004
3302,0.3302,18,41,18,621115,55329,78794,47462,0.43822867824103406,0.46173303110194475
3303,0.3303,21,37,21,621152,55292,78815,47441,0.4379356228614878,0.46178929847274003
3304,0.3304,32,40,32,621192,55252,78847,47409,0.4376188062349512,0.4618014630677667
3305,0.3305,25,33,25,621225,55219,78872,47384,0.43735743251805853,0.4618188551991657
3306,0.3306,14,50,14,621275,55169,78886,47370,0.43696141173488784,0.4619705672963458
3307,0.3307,15,39,15,621314,55130,78901,47355,0.4366525155240147,0.4620676196516563
3308,0.3308,14,36,14,621350,55094,78915,47341,0.4363673805601318,0.46215648948113436
3309,0.3309,14,37,14,621387,55057,78929,47327,0.4360743251805855,0.46224996093139553
3310,0.331,17,29,17,621416,55028,78946,47310,0.43584463312634647,0.46229162188043543
3311,0.3311,24,38,24,621454,54990,78970,47286,0.43554365733113676,0.4623372052094333
3312,0.3312,16,47,16,621501,54943,78986,47270,0.4351713977949563,0.4624656354866798
3313,0.3313,21,33,21,621534,54910,79007,47249,0.4349100240780636,0.46250452725653146
3314,0.3314,20,50,20,621584,54860,79027,47229,0.4345140032948929,0.4626257481217369
3315,0.3315,11,33,11,621617,54827,79038,47218,0.43425262957800026,0.46271742858542797
3316,0.3316,14,38,14,621655,54789,79052,47204,0.43395165378279055,0.4628160756130323
3317,0.3317,17,53,17,621708,54736,79069,47187,0.4335318717526296,0.46296714186199384
3318,0.3318,20,42,20,621750,54694,79089,47167,0.4331992142947662,0.4630525912763472
3319,0.3319,21,46,21,621796,54648,79110,47146,0.4328348751742491,0.46315106980765075
3320,0.332,16,42,16,621838,54606,79126,47130,0.43250221771638575,0.46325784383109225
3321,0.3321,18,32,18,621870,54574,79144,47112,0.43224876441515653,0.46330861672206597
3322,0.3322,23,39,23,621909,54535,79167,47089,0.4319398682042834,0.4633649531606707
3323,0.3323,15,36,15,621945,54499,79182,47074,0.43165473324040043,0.46344993256081835
3324,0.3324,14,45,14,621990,54454,79196,47060,0.43129831453554685,0.4635813779380184
3325,0.3325,11,36,11,622026,54418,79207,47049,0.4310131795716639,0.4636877014201662
3326,0.3326,20,44,20,622070,54374,79227,47029,0.4306646812824737,0.4637831227872943
3327,0.3327,23,36,23,622106,54338,79250,47006,0.4303795463185908,0.4638261761919798
3328,0.3328,14,35,14,622141,54303,79264,46992,0.4301023317703713,0.4639123352584037
3329,0.3329,23,33,23,622174,54270,79287,46969,0.42984095805347866,0.46394176157409694
3330,0.333,12,28,12,622202,54242,79299,46957,0.42961918641490304,0.4640065613296574
3331,0.3331,23,34,23,622236,54208,79322,46934,0.429349892282347,0.46404065571177155
3332,0.3332,12,45,12,622281,54163,79334,46922,0.42899347357749334,0.4641836078547757
3333,0.3333,13,37,13,622318,54126,79347,46909,0.428700418197947,0.4642846538328302
3334,0.3334,15,44,15,622362,54082,79362,46894,0.4283519199087568,0.4644073839328157
3335,0.3335,11,47,11,622409,54035,79373,46883,0.42797966037257634,0.46456529063199825
3336,0.3336,18,42,18,622451,53993,79391,46865,0.42764700291471297,0.4646631898312479
3337,0.3337,14,39,14,622490,53954,79405,46851,0.4273381067038398,0.46476861266802244
3338,0.3338,18,33,18,622523,53921,79423,46833,0.42707673298694715,0.46482521785735553
3339,0.3339,16,38,16,622561,53883,79439,46817,0.42677575719173744,0.46491559086395234
3340,0.334,21,41,21,622602,53842,79460,46796,0.42645102014953745,0.46499334247500945
3341,0.3341,11,49,11,622651,53793,79471,46785,0.42606291978203015,0.46516136729702323
3342,0.3342,26,39,26,622690,53754,79497,46759,0.425754023571157,0.46520350601414745
3343,0.3343,18,33,18,622723,53721,79515,46741,0.4254926498542643,0.46526049650614165
3344,0.3344,19,35,19,622758,53686,79534,46722,0.4252154353060449,0.4653214883276233
3345,0.3345,13,44,13,622802,53642,79547,46709,0.42486693701685463,0.465456248567528
3346,0.3346,14,31,14,622833,53611,79561,46695,0.4246214041312888,0.46552549199449683
3347,0.3347,19,29,19,622862,53582,79580,46676,0.4243917120770498,0.46555885814598336
3348,0.3348,15,36,15,622898,53546,79595,46661,0.4241065771131669,0.46564611254702765
3349,0.3349,15,42,15,622940,53504,79610,46646,0.42377391965530353,0.4657613579630554
3350,0.335,25,34,25,622974,53470,79635,46621,0.4235046255227474,0.46578613461749807
3351,0.3351,16,43,16,623017,53427,79651,46605,0.4231640476492206,0.4659009117082534
3352,0.3352,20,51,20,623068,53376,79671,46585,0.42276010645038653,0.46603175238342953
3353,0.3353,20,33,20,623101,53343,79691,46565,0.42249873273349386,0.46607879248908995
3354,0.3354,16,40,16,623141,53303,79707,46549,0.42218191610695727,0.46617994632055443
3355,0.3355,15,33,15,623174,53270,79722,46534,0.42192054239006466,0.4662538575608192
3356,0.3356,15,34,15,623208,53236,79737,46519,0.42165124825750855,0.46633251466091924
3357,0.3357,20,36,20,623244,53200,79757,46499,0.42136611329362567,0.4663938454748794
3358,0.3358,14,43,14,623287,53157,79771,46485,0.42102553542009885,0.4665201421087493
3359,0.3359,23,30,23,623317,53127,79794,46462,0.4207879229501964,0.46653746899758003
3360,0.336,25,29,25,623346,53098,79819,46437,0.4205582308959574,0.4665394082483548
3361,0.3361,21,33,21,623379,53065,79840,46416,0.42029685717906473,0.4665815582875122
3362,0.3362,21,39,21,623418,53026,79861,46395,0.41998796096819163,0.46665191458544975
3363,0.3363,17,22,17,623440,53004,79878,46378,0.4198137118235965,0.4666639834175203
3364,0.3364,20,36,20,623476,52968,79898,46358,0.4195285768597136,0.4667257314298371
3365,0.3365,13,43,13,623519,52925,79911,46345,0.4191879989861868,0.4668580638662234
3366,0.3366,15,29,15,623548,52896,79926,46330,0.4189583069319478,0.4669139136919759
3367,0.3367,11,34,11,623582,52862,79937,46319,0.4186890127993917,0.46701485163488976
3368,0.3368,13,35,13,623617,52827,79950,46306,0.4184117982511722,0.4671098423330273
3369,0.3369,13,41,13,623658,52786,79963,46293,0.41808706120897227,0.46723321793720163
3370,0.337,16,45,16,623703,52741,79979,46277,0.4177306425041186,0.4673594699953544
3371,0.3371,13,41,13,623744,52700,79992,46264,0.41740590546191864,0.467483125176832
3372,0.3372,21,38,21,623782,52662,80013,46243,0.4171049296667089,0.4675496688741722
3373,0.3373,22,48,22,623830,52614,80035,46221,0.41672474971486506,0.4676582182425254
3374,0.3374,10,40,10,623870,52574,80045,46211,0.41640793308832846,0.46779369337450016
3375,0.3375,17,37,17,623907,52537,80062,46194,0.41611487770878214,0.4678773637459359
3376,0.3376,24,33,24,623940,52504,80086,46170,0.4158535039918895,0.467904412509881
3377,0.3377,16,37,16,623977,52467,80102,46154,0.4155604486123432,0.4679936321878707
3378,0.3378,17,30,17,624007,52437,80119,46137,0.41532283614244075,0.468044311887516
3379,0.3379,18,30,18,624037,52407,80137,46119,0.41508522367253836,0.46808964131295294
3380,0.338,20,44,20,624081,52363,80157,46099,0.4147367253833481,0.4681907741057464
3381,0.3381,19,26,19,624107,52337,80176,46080,0.41453079457609937,0.4682117926780942
3382,0.3382,18,31,18,624138,52306,80194,46062,0.41428526169053354,0.4682620364346129
3383,0.3383,20,43,20,624181,52263,80214,46042,0.4139446838170067,0.4683586796195514
3384,0.3384,10,41,10,624222,52222,80224,46032,0.41361994677480673,0.4685000101777027
3385,0.3385,27,45,27,624267,52177,80251,46005,0.4132635280699531,0.4685685767248579
3386,0.3386,18,52,18,624319,52125,80269,45987,0.41285166645545557,0.4687194227005871
3387,0.3387,20,32,20,624351,52093,80289,45967,0.41259821315422635,0.4687640220273302
3388,0.3388,14,37,14,624388,52056,80303,45953,0.41230515777468,0.4688651042251222
3389,0.3389,11,44,11,624432,52012,80314,45942,0.4119566594854898,0.46901606876697227
3390,0.339,20,27,20,624459,51985,80334,45922,0.41174280826257764,0.4690369432216287
3391,0.3391,22,35,22,624494,51950,80356,45900,0.41146559371435815,0.4690853346959632
3392,0.3392,15,49,15,624543,51901,80371,45885,0.41107749334685084,0.4692389503609924
3393,0.3393,20,38,20,624581,51863,80391,45865,0.41077651755164113,0.46931278650949576
3394,0.3394,26,38,26,624619,51825,80417,45839,0.41047554175643136,0.4693541120576671
3395,0.3395,16,32,16,624651,51793,80433,45823,0.41022208845520214,0.46942099655794134
3396,0.3396,19,36,19,624687,51757,80452,45804,0.4099369534913192,0.46949088262727934
3397,0.3397,19,51,19,624738,51706,80471,45785,0.4095330122924851,0.46963309433691314
3398,0.3398,21,36,21,624774,51670,80492,45764,0.4092478773286022,0.46969230453435146
3399,0.3399,15,39,15,624813,51631,80507,45749,0.4089389811177291,0.46979872663791333
3400,0.34,19,40,19,624853,51591,80526,45730,0.4086221644911925,0.469888307765025
3401,0.3401,14,37,14,624890,51554,80540,45716,0.40832910911164616,0.4699907474041328
3402,0.3402,18,47,18,624937,51507,80558,45698,0.40795684957546574,0.4701198498019649
3403,0.3403,22,37,22,624974,51470,80580,45676,0.4076637941959194,0.47017890597657136
3404,0.3404,16,47,16,625021,51423,80596,45660,0.40729153465973894,0.47031921139643396
3405,0.3405,18,55,18,625076,51368,80614,45642,0.40685591179825115,0.47048757860014434
3406,0.3406,15,39,15,625115,51329,80629,45627,0.40654701558737805,0.4705949090309006
3407,0.3407,17,34,17,625149,51295,80646,45610,0.40627772145482194,0.470667148237965
3408,0.3408,24,43,24,625192,51252,80670,45586,0.4059371435812951,0.4707449554926785
3409,0.3409,14,30,14,625222,51222,80684,45572,0.40569953111139273,0.47081430667190116
3410,0.341,24,29,24,625251,51193,80708,45548,0.4054698390571537,0.47082415935332483
3411,0.3411,22,36,22,625287,51157,80730,45526,0.40518470409327084,0.47087905836600025
3412,0.3412,12,35,12,625322,51122,80742,45514,0.40490748954505135,0.4709838983401631
3413,0.3413,20,44,20,625366,51078,80762,45494,0.4045589912558611,0.47108892846787886
3414,0.3414,24,45,24,625411,51033,80786,45470,0.4042025725510075,0.4711770618529994
3415,0.3415,21,25,21,625436,51008,80807,45449,0.40400456215942215,0.47118405092424603
3416,0.3416,26,37,26,625473,50971,80833,45423,0.40371150677987583,0.4712222752453472
3417,0.3417,14,38,14,625511,50933,80847,45409,0.40341053098466606,0.47133129891428455
3418,0.3418,15,37,15,625548,50896,80862,45394,0.40311747560511973,0.4714300550420604
3419,0.3419,11,40,11,625588,50856,80873,45383,0.4028006589785832,0.471565581521005
3420,0.342,16,44,16,625632,50812,80889,45367,0.402452160689393,0.47169340500525064
3421,0.3421,16,37,16,625669,50775,80905,45351,0.40215910530984667,0.47178702952375007
3422,0.3422,13,37,13,625706,50738,80918,45338,0.40186604993030034,0.4718972480119905
3423,0.3423,20,50,20,625756,50688,80938,45318,0.40147002914712965,0.4720329979376289
3424,0.3424,17,38,17,625794,50650,80955,45301,0.40116905335191994,0.47212639784890204
3425,0.3425,15,36,15,625830,50614,80970,45286,0.400883918388037,0.47222106360792493
3426,0.3426,20,37,20,625867,50577,80990,45266,0.40059086300849067,0.4722932295524973
3427,0.3427,20,42,20,625909,50535,81010,45246,0.4002582055506273,0.4723901400068907
3428,0.3428,15,36,15,625945,50499,81025,45231,0.3999730705867444,0.4724851143842056
3429,0.3429,17,42,17,625987,50457,81042,45214,0.399640413128881,0.47259880214485056
3430,0.343,25,37,25,626024,50420,81067,45189,0.39934735774933466,0.47264378876465607
3431,0.3431,12,42,12,626066,50378,81079,45177,0.3990147002914713,0.47278530689131915
3432,0.3432,13,38,13,626104,50340,81092,45164,0.3987137244962616,0.4729016585692746
3433,0.3433,21,28,21,626132,50312,81113,45143,0.39849195285768596,0.47292441464564455
3434,0.3434,16,34,16,626166,50278,81129,45127,0.3982226587251299,0.4730045595094597
3435,0.3435,15,35,15,626201,50243,81144,45112,0.3979454441769104,0.4730952755492633
3436,0.3436,12,55,12,626256,50188,81156,45100,0.3975098213154226,0.47330198975736715
3437,0.3437,20,27,20,626283,50161,81176,45080,0.39729597009251044,0.4733255635703111
3438,0.3438,18,35,18,626318,50126,81194,45062,0.39701875554429095,0.4734000084044207
3439,0.3439,11,36,11,626354,50090,81205,45051,0.39673362058040806,0.47351825185776897
3440,0.344,16,37,16,626391,50053,81221,45035,0.39644056520086174,0.4736139155308767
3441,0.3441,15,33,15,626424,50020,81236,45020,0.3961791914839691,0.47369528619528617
3442,0.3442,18,29,18,626453,49991,81254,45002,0.39594949942973007,0.47374017032834
3443,0.3443,17,35,17,626488,49956,81271,44985,0.39567228488151057,0.4738205833096344
3444,0.3444,19,29,19,626517,49927,81290,44966,0.39544259282727157,0.47386003182531905
3445,0.3445,14,42,14,626559,49885,81304,44952,0.3951099353694082,0.4739922182270633
3446,0.3446,19,35,19,626594,49850,81323,44933,0.3948327208211887,0.47406180433200046
3447,0.3447,20,26,20,626620,49824,81343,44913,0.3946267900139399,0.4740808765318724
3448,0.3448,16,32,16,626652,49792,81359,44897,0.3943733367127107,0.47415222465122664
3449,0.3449,20,39,20,626691,49753,81379,44877,0.39406444050183753,0.47423650005283735
3450,0.345,15,52,15,626743,49701,81394,44862,0.39365257888734,0.47441388280828656
3451,0.3451,11,28,11,626771,49673,81405,44851,0.3934308072487644,0.474493250391435
3452,0.3452,15,40,15,626811,49633,81420,44836,0.39311399062222785,0.47461071886015516
3453,0.3453,20,34,20,626845,49599,81440,44816,0.3928446964896718,0.4746703383996187
3454,0.3454,15,39,15,626884,49560,81455,44801,0.39253580027879864,0.4747830141689893
3455,0.3455,23,40,23,626924,49520,81478,44778,0.39221898365226204,0.474856306602473
3456,0.3456,22,27,22,626951,49493,81500,44756,0.39200513242934987,0.4748697598913516
3457,0.3457,19,32,19,626983,49461,81519,44737,0.39175167912812064,0.47492515764665916
3458,0.3458,22,38,22,627021,49423,81541,44715,0.39145070333291093,0.4749941575134377
3459,0.3459,22,33,22,627054,49390,81563,44693,0.39118932961601827,0.4750379983631474
3460,0.346,16,34,16,627088,49356,81579,44677,0.39092003548346216,0.4751204364425255
3461,0.3461,23,39,23,627127,49317,81602,44654,0.390611139272589,0.4751891541007332
3462,0.3462,15,41,15,627168,49276,81617,44639,0.3902864022303891,0.4753127828355428
3463,0.3463,14,37,14,627205,49239,81631,44625,0.38999334685084275,0.4754218869854257
3464,0.3464,17,29,17,627234,49210,81648,44608,0.38976365479660374,0.47547378967788695
3465,0.3465,17,39,17,627273,49171,81665,44591,0.3894547585857306,0.4755764595465114
3466,0.3466,16,37,16,627310,49134,81681,44575,0.38916170320618426,0.4756746950666425
3467,0.3467,23,34,23,627344,49100,81704,44552,0.3888924090736282,0.4757186178618716
3468,0.3468,13,30,13,627374,49070,81717,44539,0.38865479660372576,0.47579826726062663
3469,0.3469,19,38,19,627412,49032,81736,44520,0.38835382080851605,0.47588506926629043
3470,0.347,16,40,16,627452,48992,81752,44504,0.38803700418197945,0.4759989732181056
3471,0.3471,21,37,21,627489,48955,81773,44483,0.3877439488024331,0.47606969327254434
3472,0.3472,18,49,18,627538,48906,81791,44465,0.3873558484349259,0.476218526094826
3473,0.3473,21,30,21,627568,48876,81812,44444,0.3871182359650234,0.47625375053579083
3474,0.3474,13,37,13,627605,48839,81825,44431,0.3868251805854771,0.4763696794253243
3475,0.3475,18,40,18,627645,48799,81843,44413,0.38650836395894056,0.47647298631077545
3476,0.3476,23,34,23,627679,48765,81866,44390,0.3862390698263845,0.47651763190381624
3477,0.3477,16,34,16,627713,48731,81882,44374,0.3859697756938284,0.4766016862681918
3478,0.3478,15,30,15,627743,48701,81897,44359,0.385732163223926,0.4766709649688373
3479,0.3479,10,25,10,627768,48676,81907,44349,0.38553415283234066,0.4767428110722924
3480,0.348,20,36,20,627804,48640,81927,44329,0.3852490178684577,0.47681485226258213
3481,0.3481,11,30,11,627834,48610,81938,44318,0.38501140539855533,0.4769068526170799
3482,0.3482,21,29,21,627863,48581,81959,44297,0.3847817133443163,0.4769374878873361
3483,0.3483,18,40,18,627903,48541,81977,44279,0.3844648967177797,0.4770415858651153
3484,0.3484,10,38,10,627941,48503,81987,44269,0.38416392092257,0.4771806148406847
3485,0.3485,12,37,12,627978,48466,81999,44257,0.3838708655430237,0.4773033659394109
3486,0.3486,22,38,22,628016,48428,82021,44235,0.383569889747814,0.47737500404692274
3487,0.3487,20,33,20,628049,48395,82041,44215,0.3833085160309213,0.4774322427383652
3488,0.3488,20,37,20,628086,48358,82061,44195,0.383015460651375,0.4775101833544023
3489,0.3489,23,39,23,628125,48319,82084,44172,0.38270656444050183,0.47758160253430065
3490,0.349,17,38,17,628163,48281,82101,44155,0.3824055886452921,0.47768185555411313
3491,0.3491,15,24,15,628187,48257,82116,44140,0.38221549866937016,0.4777211381321904
3492,0.3492,12,29,12,628216,48228,82128,44128,0.38198580661513115,0.47780328294859026
3493,0.3493,22,39,22,628255,48189,82150,44106,0.381676910404258,0.47788070859743215
3494,0.3494,21,34,21,628289,48155,82171,44085,0.38140761627170194,0.47793798785776237
3495,0.3495,17,33,17,628322,48122,82188,44068,0.3811462425548093,0.4780127996528908
3496,0.3496,21,35,21,628357,48087,82209,44047,0.3808690280065898,0.4780754119000586
3497,0.3497,12,30,12,628387,48057,82221,44035,0.3806314155366874,0.47816314120661946
3498,0.3498,18,40,18,628427,48017,82239,44017,0.3803145989101508,0.47826890062368255
3499,0.3499,16,32,16,628459,47985,82255,44001,0.38006114560892157,0.47834453068945276
3500,0.35,19,31,19,628490,47954,82274,43982,0.37981561272335573,0.4783980160111382
3501,0.3501,20,36,20,628526,47918,82294,43962,0.3795304777594728,0.4784719198955159
3502,0.3502,12,37,12,628563,47881,82306,43950,0.3792374223799265,0.478596552362492
3503,0.3503,21,38,21,628601,47843,82327,43929,0.37893644658471676,0.4786754129799939
3504,0.3504,21,41,21,628642,47802,82348,43908,0.37861170954251677,0.47877003598298984
3505,0.3505,19,33,19,628675,47769,82367,43889,0.3783503358256241,0.4788343625215475
3506,0.3506,21,43,21,628718,47726,82388,43868,0.37800975795209735,0.4789396685372404
3507,0.3507,16,29,16,628747,47697,82404,43852,0.37778006589785834,0.4790003167702542
3508,0.3508,14,32,14,628779,47665,82418,43838,0.37752661259662906,0.4790881173294865
3509,0.3509,16,40,16,628819,47625,82434,43822,0.3772097959700925,0.47920653493280263
3510,0.351,25,30,25,628849,47595,82459,43797,0.3769721835001901,0.47922137605042014
3511,0.3511,18,31,18,628880,47564,82477,43779,0.37672665061462424,0.47928138992588376
3512,0.3512,23,47,23,628927,47517,82500,43756,0.3763543910784438,0.47939697391342456
3513,0.3513,21,38,21,628965,47479,82521,43735,0.37605341528323405,0.47947683469642816
3514,0.3514,19,30,19,628995,47449,82540,43716,0.37581580281333166,0.47952613393297866
3515,0.3515,17,28,17,629023,47421,82557,43699,0.37559403117475604,0.4795763827919227
3516,0.3516,17,35,17,629058,47386,82574,43682,0.37531681662653654,0.4796635481178899
3517,0.3517,24,44,24,629102,47342,82598,43658,0.37496831833734634,0.4797582417582418
3518,0.3518,14,26,14,629128,47316,82612,43644,0.3747623875300976,0.47981530343007917
3519,0.3519,13,37,13,629165,47279,82625,43631,0.3744693321505513,0.47993620063799364
3520,0.352,17,36,17,629201,47243,82642,43614,0.37418419718666834,0.48002905664946016
3521,0.3521,21,27,21,629228,47216,82663,43593,0.37397034596375617,0.4800515367419529
3522,0.3522,15,38,15,629266,47178,82678,43578,0.37366937016854646,0.48016660055533517
3523,0.3523,18,38,18,629304,47140,82696,43560,0.3733683943733367,0.4802646085997795
3524,0.3524,21,31,21,629335,47109,82717,43539,0.37312286148777085,0.48030844585649984
3525,0.3525,8,34,8,629369,47075,82725,43531,0.3728535673552148,0.4804427962828069
3526,0.3526,11,30,11,629399,47045,82736,43520,0.3726159548853124,0.480538839507536
3527,0.3527,19,35,19,629434,47010,82755,43501,0.3723387403370929,0.48061561578150724
3528,0.3528,19,36,19,629470,46974,82774,43482,0.37205360537321,0.4806977978243566
3529,0.3529,20,39,20,629509,46935,82794,43462,0.3717447091623368,0.4807902917132206
3530,0.353,18,33,18,629542,46902,82812,43444,0.37148333544544415,0.4808624620901866
3531,0.3531,14,22,14,629564,46880,82826,43430,0.3713090863008491,0.48089912523530065
3532,0.3532,20,30,20,629594,46850,82846,43410,0.37107147383094663,0.48094393972966987
3533,0.3533,18,36,18,629630,46814,82864,43392,0.37078633886706375,0.4810323038378822
3534,0.3534,19,44,19,629674,46770,82883,43373,0.37043784057787355,0.4811577160733501
3535,0.3535,13,34,13,629708,46736,82896,43360,0.37016854644531744,0.48126442905345407
3536,0.3536,17,33,17,629741,46703,82913,43343,0.36990717272842477,0.4813428692001866
3537,0.3537,20,28,20,629769,46675,82933,43323,0.3696854010898492,0.48137736394142094
3538,0.3538,20,32,20,629801,46643,82953,43303,0.36943194778861993,0.4814333044271007
3539,0.3539,18,31,18,629832,46612,82971,43285,0.3691864149030541,0.4814954892821785
3540,0.354,14,25,14,629857,46587,82985,43271,0.36898840451146875,0.4815486656725055
3541,0.3541,14,32,14,629889,46555,82999,43257,0.3687349512102395,0.4816394245757805
3542,0.3542,19,25,19,629914,46530,83018,43238,0.3685369408186542,0.4816638445771322
3543,0.3543,11,38,11,629952,46492,83029,43227,0.3682359650234444,0.4818043000925111
3544,0.3544,21,34,21,629986,46458,83050,43206,0.36796667089088836,0.4818656316916488
3545,0.3545,15,34,15,630020,46424,83065,43191,0.36769737675833225,0.4819617251576187
3546,0.3546,11,29,11,630049,46395,83076,43180,0.36746768470409324,0.4820541445715881
3547,0.3547,19,36,19,630085,46359,83095,43161,0.36718254974021036,0.4821380697050938
3548,0.3548,18,35,18,630120,46324,83113,43143,0.36690533519199087,0.482222495445248
3549,0.3549,16,36,16,630156,46288,83129,43127,0.366620200228108,0.4823239948554493
3550,0.355,15,26,15,630182,46262,83144,43112,0.3664142694208592,0.4823774252019603
3551,0.3551,18,34,18,630216,46228,83162,43094,0.36614497528830314,0.4824567295850966
3552,0.3552,19,30,19,630246,46198,83181,43075,0.3659073628184007,0.4825087092401958
3553,0.3553,26,36,26,630282,46162,83207,43049,0.3656222278545178,0.4825526000156931
3554,0.3554,16,27,16,630309,46135,83223,43033,0.36540837663160564,0.482605867575812
3555,0.3555,18,38,18,630347,46097,83241,43015,0.36510740083639587,0.4827071550408475
3556,0.3556,14,34,14,630381,46063,83255,43001,0.3648381067038398,0.4828101140752717
3557,0.3557,21,36,21,630417,46027,83276,42980,0.36455297173995693,0.4828833687238082
3558,0.3558,18,24,18,630441,46003,83294,42962,0.364362881764035,0.48290900916090596
3559,0.3559,14,40,14,630481,45963,83308,42948,0.36404606513749843,0.48304484259540437
3560,0.356,16,38,16,630519,45925,83324,42932,0.36374508934228866,0.4831583330519824
3561,0.3561,18,38,18,630557,45887,83342,42914,0.36344411354707895,0.483260323645004
3562,0.3562,21,31,21,630588,45856,83363,42893,0.3631985806615131,0.483306854161737
3563,0.3563,24,32,24,630620,45824,83387,42869,0.3629451273602839,0.48334141364030986
3564,0.3564,15,37,15,630657,45787,83402,42854,0.36265207198073757,0.48345573718708046
3565,0.3565,12,39,12,630696,45748,83414,42842,0.3623431757698644,0.48359860029348684
3566,0.3566,25,33,25,630729,45715,83439,42817,0.36208180205297175,0.4836330366421181
3567,0.3567,18,31,18,630760,45684,83457,42799,0.3618362691674059,0.48369743340528687
3568,0.3568,15,32,15,630792,45652,83472,42784,0.36158281586617663,0.48378488398389796
3569,0.3569,10,23,10,630815,45629,83482,42774,0.3614006463059181,0.4838523579516532
3570,0.357,17,39,17,630854,45590,83499,42757,0.36109175009504496,0.4839666315777559
3571,0.3571,18,19,18,630873,45571,83517,42739,0.3609412621974401,0.4839655758124788
3572,0.3572,16,22,16,630895,45549,83533,42723,0.36076701305284503,0.4839926590538336
3573,0.3573,11,20,11,630915,45529,83544,42712,0.36060860473957673,0.4840380322072506
3574,0.3574,15,40,15,630955,45489,83559,42697,0.3602917881130402,0.48416982287437915
3575,0.3575,20,42,20,630997,45447,83579,42677,0.35995913065517676,0.48428350960010896
3576,0.3576,11,29,11,631026,45418,83590,42666,0.35972943860093776,0.4843785477498751
3577,0.3577,18,41,18,631067,45377,83608,42648,0.3594047015587378,0.48449872195399035
3578,0.3578,14,40,14,631107,45337,83622,42634,0.35908788493220123,0.48463698264200705
3579,0.3579,13,31,13,631138,45306,83635,42621,0.3588423520466354,0.4847316523934628
3580,0.358,20,35,20,631173,45271,83655,42601,0.3585651374984159,0.48480744719592134
3581,0.3581,19,36,19,631209,45235,83674,42582,0.358280002534533,0.4848947242561235
3582,0.3582,21,32,21,631241,45203,83695,42561,0.35802654923330374,0.4849482703614238
3583,0.3583,23,37,23,631278,45166,83718,42538,0.35773349385375747,0.4850177871020706
3584,0.3584,18,31,18,631309,45135,83736,42520,0.35748796096819163,0.48508356625406424
3585,0.3585,16,38,16,631347,45097,83752,42504,0.35718698517298186,0.48519994063994704
3586,0.3586,20,33,20,631380,45064,83772,42484,0.3569256114560892,0.48526522593320237
3587,0.3587,12,29,12,631409,45035,83784,42472,0.3566959194018502,0.4853554572777035
3588,0.3588,23,38,23,631447,44997,83807,42449,0.3563949436066405,0.48543100885117674
3589,0.3589,13,46,13,631493,44951,83820,42436,0.35603060448612345,0.4856099877556158
3590,0.359,17,24,17,631517,44927,83837,42419,0.3558405145102015,0.4856433036429831
3591,0.3591,10,33,10,631550,44894,83847,42409,0.3555791407933088,0.4857679575730502
3592,0.3592,13,41,13,631591,44853,83860,42396,0.35525440375110884,0.48591960939380396
3593,0.3593,29,29,29,631620,44824,83889,42367,0.35502471169686983,0.4859102430296705
3594,0.3594,18,25,18,631645,44799,83907,42349,0.3548267013052845,0.48594345251755633
3595,0.3595,21,26,21,631671,44773,83928,42328,0.35462077049803575,0.4859645698671657
3596,0.3596,23,26,23,631697,44747,83951,42305,0.35441483969078696,0.4859739006570785
3597,0.3597,16,29,16,631726,44718,83967,42289,0.35418514763654796,0.4860413529945866
3598,0.3598,13,31,13,631757,44687,83980,42276,0.3539396147509821,0.4861377827351862
3599,0.3599,13,42,13,631799,44645,83993,42263,0.35360695729311875,0.486295853086022
3600,0.36,20,32,20,631831,44613,84013,42243,0.3533535039918895,0.486356728378005
3601,0.3601,13,31,13,631862,44582,84026,42230,0.35310797110632364,0.4864534856932221
3602,0.3602,16,37,16,631899,44545,84042,42214,0.35281491572677737,0.4865662352032642
3603,0.3603,17,29,17,631928,44516,84059,42197,0.35258522367253836,0.486628302561323
3604,0.3604,18,30,18,631958,44486,84077,42179,0.3523476112026359,0.48669012865632033
3605,0.3605,10,31,10,631989,44455,84087,42169,0.3521020783170701,0.4868050424824529
3606,0.3606,18,29,18,632018,44426,84105,42151,0.35187238626283107,0.4868614066091456
3607,0.3607,14,27,14,632045,44399,84119,42137,0.3516585350399189,0.48693029490616624
3608,0.3608,17,32,17,632077,44367,84136,42120,0.3514050817386897,0.48700960838045027
3609,0.3609,25,29,25,632106,44338,84161,42095,0.35117538968445067,0.4870246317957262
3610,0.361,18,27,18,632133,44311,84179,42077,0.35096153846153844,0.48706996342084546
3611,0.3611,13,34,13,632167,44277,84192,42064,0.3506922443289824,0.48718453573620873
3612,0.3612,22,23,22,632190,44254,84214,42042,0.35051007476872387,0.4871836469824789
3613,0.3613,11,37,11,632227,44217,84225,42031,0.35021701938917754,0.4873272423708376
3614,0.3614,11,30,11,632257,44187,84236,42020,0.34997940691927515,0.4874314150823019
3615,0.3615,18,37,18,632294,44150,84254,42002,0.3496863515397288,0.4875336614356022
3616,0.3616,18,33,18,632327,44117,84272,41984,0.34942497782283616,0.4876133842812511
3617,0.3617,21,41,21,632368,44076,84293,41963,0.3491002407806362,0.4877206848057276
3618,0.3618,14,34,14,632402,44042,84307,41949,0.34883094664808006,0.487830121756928
3619,0.3619,18,31,18,632433,44011,84325,41931,0.34858541376251423,0.4878988154802076
3620,0.362,18,39,18,632472,43972,84343,41913,0.34827651755164113,0.48801304069395124
3621,0.3621,11,29,11,632501,43943,84354,41902,0.3480468254974021,0.488112295416157
3622,0.3622,9,27,9,632528,43916,84363,41893,0.34783297427448995,0.48821219219429196
3623,0.3623,23,29,23,632557,43887,84386,41870,0.34760328222025094,0.48824002705318514
3624,0.3624,22,35,22,632592,43852,84408,41848,0.34732606767203145,0.4883080513418903
3625,0.3625,13,41,13,632633,43811,84421,41835,0.34700133062983146,0.4884641431006702
3626,0.3626,15,28,15,632661,43783,84436,41820,0.34677955899125584,0.4885342803406423
3627,0.3627,12,29,12,632690,43754,84448,41808,0.34654986693701684,0.4886281293097403
3628,0.3628,13,32,13,632722,43722,84461,41795,0.3462964136357876,0.4887332343276775
3629,0.3629,24,27,24,632749,43695,84485,41771,0.34608256241287544,0.488744061966162
3630,0.363,19,36,19,632785,43659,84504,41752,0.3457974274489925,0.48883633255669645
3631,0.3631,21,39,21,632824,43620,84525,41731,0.3454885312381194,0.4889339316469637
3632,0.3632,19,31,19,632855,43589,84544,41712,0.34524299835255357,0.48899778431671376
3633,0.3633,12,34,12,632889,43555,84556,41700,0.34497370421999746,0.4891208726760894
3634,0.3634,21,20,21,632909,43535,84577,41679,0.34481529590672916,0.4891097706949562
3635,0.3635,19,32,19,632941,43503,84596,41660,0.34456184260549994,0.4891795732888696
3636,0.3636,21,30,21,632971,43473,84617,41639,0.34432423013559754,0.4892259610865683
3637,0.3637,17,34,17,633005,43439,84634,41622,0.34405493600304143,0.48931942958582664
3638,0.3638,19,40,19,633045,43399,84653,41603,0.3437381193765049,0.4894355426931131
3639,0.3639,11,29,11,633074,43370,84664,41592,0.3435084273222659,0.48953649866999366
3640,0.364,10,32,10,633106,43338,84674,41582,0.3432549740210366,0.4896608572774376
3641,0.3641,18,29,18,633135,43309,84692,41564,0.3430252819667976,0.48971993449035617
3642,0.3642,12,43,12,633178,43266,84704,41552,0.34268470409327084,0.48989601263882665
3643,0.3643,7,27,7,633205,43239,84711,41545,0.3424708528703586,0.49000990752972257
3644,0.3644,18,38,18,633243,43201,84729,41527,0.3421698770751489,0.4901213294306487
3645,0.3645,19,37,19,633280,43164,84748,41508,0.3418768216956026,0.49022108843537415
3646,0.3646,22,36,22,633316,43128,84770,41486,0.3415916867317197,0.49029711395277376
3647,0.3647,13,41,13,633357,43087,84783,41473,0.3412669496895197,0.49045648060548724
3648,0.3648,18,26,18,633383,43061,84801,41455,0.3410610188822709,0.490498840456245
3649,0.3649,18,38,18,633421,43023,84819,41437,0.3407600430870612,0.4906109400899834
3650,0.365,13,33,13,633454,42990,84832,41424,0.34049866937016854,0.490724287440472
3651,0.3651,23,32,23,633486,42958,84855,41401,0.3402452160689393,0.4907715833521023
3652,0.3652,15,48,15,633534,42910,84870,41386,0.3398650361170954,0.490960425168454
3653,0.3653,21,28,21,633562,42882,84891,41365,0.33964326447851984,0.49099671204909373
3654,0.3654,19,39,19,633601,42843,84910,41346,0.3393343682676467,0.49110928981220825
3655,0.3655,19,24,19,633625,42819,84929,41327,0.3391442782917248,0.4911344567775058
3656,0.3656,17,38,17,633663,42781,84946,41310,0.338843302496515,0.49125352296916436
3657,0.3657,14,29,14,633692,42752,84960,41296,0.338613610442276,0.4913382828859699
3658,0.3658,10,39,10,633731,42713,84970,41286,0.33830471423140285,0.4915058512601341
3659,0.3659,22,31,22,633762,42682,84992,41264,0.338059181345837,0.4915540942987158
3660,0.366,13,22,13,633784,42660,85005,41251,0.33788493220124194,0.4916041996877644
3661,0.3661,18,27,18,633811,42633,85023,41233,0.33767108097832976,0.49165335177545133
3662,0.3662,20,46,20,633857,42587,85043,41213,0.3373067418578127,0.4918019093078759
3663,0.3663,8,30,8,633887,42557,85051,41205,0.3370691293879103,0.49192951457701584
3664,0.3664,15,35,15,633922,42522,85066,41190,0.3367919148396908,0.49204415137614677
3665,0.3665,17,37,17,633959,42485,85083,41173,0.33649885946014446,0.49215855028807765
3666,0.3666,17,24,17,633983,42461,85100,41156,0.33630876948422256,0.4921965628998888
3667,0.3667,16,34,16,634017,42427,85116,41140,0.33603947535166645,0.4922995919441885
3668,0.3668,19,21,19,634038,42406,85135,41121,0.33587314662273476,0.49230787649502555
3669,0.3669,20,30,20,634068,42376,85155,41101,0.3356355341528323,0.492363165901985
3670,0.367,16,29,16,634097,42347,85171,41085,0.3354058420985933,0.4924369546456995
3671,0.3671,15,21,15,634118,42326,85186,41070,0.3352395133696616,0.4924696628135642
3672,0.3672,12,38,12,634156,42288,85198,41058,0.3349385375744519,0.4926211215895184
3673,0.3673,17,37,17,634193,42251,85215,41041,0.3346454821949056,0.49273639725303753
3674,0.3674,11,31,11,634224,42220,85226,41030,0.33439994930933975,0.49285285285285285
3675,0.3675,16,21,16,634245,42199,85242,41014,0.33423362058040806,0.49287971831324434
3676,0.3676,19,22,19,634267,42177,85261,40995,0.33405937143581294,0.4928942432549416
3677,0.3677,15,34,15,634301,42143,85276,40980,0.3337900773032569,0.49300434296163514
3678,0.3678,17,23,17,634324,42120,85293,40963,0.33360790774299837,0.4930370833985292
3679,0.3679,18,26,18,634350,42094,85311,40945,0.3334019769357496,0.4930815640843459
3680,0.368,10,30,10,634380,42064,85321,40935,0.3331643644658472,0.4931987132375089
3681,0.3681,19,38,19,634418,42026,85340,40916,0.3328633886706374,0.4933085770779581
3682,0.3682,19,31,19,634449,41995,85359,40897,0.3326178557850716,0.49337692419051293
3683,0.3683,16,16,16,634465,41979,85375,40881,0.332491129134457,0.49337436640115856
3684,0.3684,14,33,14,634498,41946,85389,40867,0.33222975541756433,0.4934853223527707
3685,0.3685,12,27,12,634525,41919,85401,40855,0.33201590419465216,0.49357286104332276
3686,0.3686,11,27,11,634552,41892,85412,40844,0.33180205297174,0.49366660220460257
3687,0.3687,20,31,20,634583,41861,85432,40824,0.33155652008617414,0.4937292132793131
3688,0.3688,25,20,25,634603,41841,85457,40799,0.33139811177290585,0.4936955469506292
3689,0.3689,20,30,20,634633,41811,85477,40779,0.3311604993030034,0.49375227025063567
3690,0.369,12,26,12,634659,41785,85489,40767,0.33095456849575466,0.4938341893594341
3691,0.3691,19,34,19,634693,41751,85508,40748,0.33068527436319856,0.4939211384380417
3692,0.3692,13,33,13,634726,41718,85521,40735,0.33042390064630595,0.4940390282949074
3693,0.3693,10,39,10,634765,41679,85531,40725,0.3301150044354328,0.49421144604630846
3694,0.3694,9,29,9,634794,41650,85540,40716,0.3298853123811938,0.4943301847849841
3695,0.3695,17,36,17,634830,41614,85557,40699,0.32960017741731085,0.4944419472015356
3696,0.3696,17,33,17,634863,41581,85574,40682,0.3293388037004182,0.4945358180469956
3697,0.3697,12,29,12,634892,41552,85586,40670,0.3291091116461792,0.49463647199046484
3698,0.3698,19,21,19,634913,41531,85605,40651,0.3289427829172475,0.4946460295441824
3699,0.3699,22,31,22,634944,41500,85627,40629,0.32869725003168165,0.4946973663383214
3700,0.37,17,34,17,634978,41466,85644,40612,0.3284279558991256,0.4947976315212359
3701,0.3701,15,28,15,635006,41438,85659,40597,0.32820618426055,0.4948741390869751
3702,0.3702,16,29,16,635035,41409,85675,40581,0.327976492206311,0.4949506037321625
3703,0.3703,14,34,14,635069,41375,85689,40567,0.3277071980737549,0.4950696834346245
3704,0.3704,16,32,16,635101,41343,85705,40551,0.32745374477252565,0.4951644809143527
3705,0.3705,17,33,17,635134,41310,85722,40534,0.327192371055633,0.4952592737402864
3706,0.3706,29,20,29,635154,41290,85751,40505,0.32703396274236474,0.49520141817959534
3707,0.3707,18,21,18,635175,41269,85769,40487,0.32686763401343305,0.49521747639316993
3708,0.3708,14,25,14,635200,41244,85783,40473,0.32666962362184765,0.4952824993575388
3709,0.3709,16,27,16,635227,41217,85799,40457,0.3264557723989355,0.4953473565639004
3710,0.371,12,37,12,635264,41180,85811,40445,0.3261627170193892,0.4954977029096478
3711,0.3711,18,32,18,635296,41148,85829,40427,0.3259092637181599,0.49558075390744716
3712,0.3712,14,31,14,635327,41117,85843,40413,0.3256637308325941,0.4956825708328223
3713,0.3713,20,22,20,635349,41095,85863,40393,0.32548948168799896,0.4956926173178873
3714,0.3714,9,31,9,635380,41064,85872,40384,0.3252439488024331,0.49582555741086337
3715,0.3715,11,26,11,635406,41038,85883,40373,0.3250380179951844,0.49591578533613395
3716,0.3716,17,34,17,635440,41004,85900,40356,0.3247687238626283,0.49601769911504423
3717,0.3717,13,33,13,635473,40971,85913,40343,0.3245073501457357,0.4961384263472465
3718,0.3718,7,32,7,635505,40939,85920,40336,0.3242538968445064,0.49629037219317135
3719,0.3719,8,34,8,635539,40905,85928,40328,0.32398460271195034,0.49644848768357686
3720,0.372,20,28,20,635567,40877,85948,40308,0.3237628310733747,0.49649565806491347
3721,0.3721,22,27,22,635594,40850,85970,40286,0.32354897985046255,0.496524354170775
3722,0.3722,11,33,11,635627,40817,85981,40275,0.3232876061335699,0.49665811670695015
3723,0.3723,9,35,9,635662,40782,85990,40266,0.3230103915853504,0.4968167012140953
3724,0.3724,16,22,16,635684,40760,86006,40250,0.3228361424407553,0.4968522404641402
3725,0.3725,22,27,22,635711,40733,86028,40228,0.32262229121784314,0.4968812144118773
3726,0.3726,16,32,16,635743,40701,86044,40212,0.32236883791661386,0.49697823588298545
3727,0.3727,17,16,17,635759,40685,86061,40195,0.3222421112659992,0.4969708209693373
3728,0.3728,12,29,12,635788,40656,86073,40183,0.3220124192117602,0.497074431895496
3729,0.3729,16,32,16,635820,40624,86089,40167,0.321758965910531,0.49717171467118865
3730,0.373,22,33,22,635853,40591,86111,40145,0.3214975921936383,0.4972379112168054
3731,0.3731,17,31,17,635884,40560,86128,40128,0.3212520593080725,0.49732302201070794
3732,0.3732,18,37,18,635921,40523,86146,40110,0.32095900392852617,0.49743901380328154
3733,0.3733,13,24,13,635945,40499,86159,40097,0.3207689139526042,0.4975060797061889
3734,0.3734,11,31,11,635976,40468,86170,40086,0.32052338106703837,0.49762891973086376
3735,0.3735,15,43,15,636019,40425,86185,40071,0.3201828031935116,0.49780113297555156
3736,0.3736,17,28,17,636047,40397,86202,40054,0.319961031554936,0.49786826764117287
3737,0.3737,16,29,16,636076,40368,86218,40038,0.319731339500697,0.49794791433475116
3738,0.3738,19,24,19,636100,40344,86237,40019,0.3195412495247751,0.4979779251645658
3739,0.3739,13,27,13,636127,40317,86250,40006,0.3193273983018629,0.4980640663321838
3740,0.374,19,29,19,636156,40288,86269,39987,0.3190977062476239,0.49812519464341326
3741,0.3741,12,28,12,636184,40260,86281,39975,0.3188759346090483,0.49822396709665356
3742,0.3742,12,28,12,636212,40232,86293,39963,0.31865416297047267,0.4983228380821747
3743,0.3743,14,37,14,636249,40195,86307,39949,0.3183611075909264,0.4984652625274506
3744,0.3744,12,24,12,636273,40171,86319,39937,0.31817101761500444,0.4985394717131872
3745,0.3745,19,31,19,636304,40140,86338,39918,0.3179254847294386,0.49861350520872366
3746,0.3746,15,26,15,636330,40114,86353,39903,0.3177195539221898,0.49868153017483785
3747,0.3747,15,20,15,636350,40094,86368,39888,0.31756114560892157,0.49871221024730567
3748,0.3748,15,26,15,636376,40068,86383,39873,0.3173552148016728,0.4987803505085
3749,0.3749,16,28,16,636404,40040,86399,39857,0.3171334431630972,0.4988547755234865
3750,0.375,17,25,17,636429,40015,86416,39840,0.31693543277151187,0.49890426397846094
3751,0.3751,17,34,17,636463,39981,86433,39823,0.31666613863895576,0.49901007468297326
3752,0.3752,16,35,16,636498,39946,86449,39807,0.31638892409073627,0.49912855942723156
3753,0.3753,11,31,11,636529,39915,86460,39796,0.31614339120517043,0.49925355346188105
3754,0.3754,13,34,13,636563,39881,86473,39783,0.3158740970726144,0.4993849166499297
3755,0.3755,17,30,17,636593,39851,86490,39766,0.31563648460271193,0.4994661944057174
3756,0.3756,16,30,16,636623,39821,86506,39750,0.31539887213280954,0.49955385756117177
3757,0.3757,9,28,9,636651,39793,86515,39741,0.3151771004942339,0.4996730957829356
3758,0.3758,19,32,19,636683,39761,86534,39722,0.3149236471930047,0.499754664519457
3759,0.3759,17,42,17,636725,39719,86551,39705,0.3145909897351413,0.49991186543110394
3760,0.376,14,24,14,636749,39695,86565,39691,0.31440089975921937,0.49997480664096944
3761,0.3761,17,30,17,636779,39665,86582,39674,0.3141632872893169,0.5000567186377444
3762,0.3762,16,24,16,636803,39641,86598,39658,0.313973197313395,0.500107189245766
3763,0.3763,13,31,13,636834,39610,86611,39645,0.3137276644278292,0.5002208062582802
3764,0.3764,8,38,8,636872,39572,86619,39637,0.31342668863261947,0.5004103069095683
3765,0.3765,16,30,16,636902,39542,86635,39621,0.313189076162717,0.5004989704786327
3766,0.3766,19,23,19,636925,39519,86654,39602,0.3130069066024585,0.5005245130875494
3767,0.3767,18,28,18,636953,39491,86672,39584,0.3127851349638829,0.5005880493202656
3768,0.3768,15,34,15,636987,39457,86687,39569,0.31251584083132683,0.5007086275403032
3769,0.3769,9,35,9,637022,39422,86696,39560,0.31223862628310733,0.500873616773442
3770,0.377,12,20,12,637042,39402,86708,39548,0.31208021796983904,0.5009246358454719
3771,0.3771,21,36,21,637078,39366,86729,39527,0.31179508300595615,0.5010203693610333
3772,0.3772,10,37,10,637115,39329,86739,39517,0.3115020276264098,0.5011921974481901
3773,0.3773,18,28,18,637143,39301,86757,39499,0.31128025598783426,0.5012563451776649
3774,0.3774,19,32,19,637175,39269,86776,39480,0.311026802686605,0.5013396995517403
3775,0.3775,9,23,9,637198,39246,86785,39471,0.31084463312634647,0.5014291703189908
3776,0.3776,14,38,14,637236,39208,86799,39457,0.31054365733113676,0.50158266064959
3777,0.3777,17,27,17,637263,39181,86816,39440,0.3103298061082246,0.5016471426209282
3778,0.3778,16,23,16,637286,39158,86832,39424,0.310147636547966,0.5016924995546054
3779,0.3779,16,27,16,637313,39131,86848,39408,0.30993378532505383,0.5017634550987408
3780,0.378,14,26,14,637339,39105,86862,39394,0.3097278545178051,0.501840787780736
3781,0.3781,17,34,17,637373,39071,86879,39377,0.309458560385249,0.501950336528656
3782,0.3782,11,32,11,637405,39039,86890,39366,0.30920510708401977,0.5020853261909317
3783,0.3783,18,27,18,637432,39012,86908,39348,0.3089912558611076,0.5021439509954059
3784,0.3784,9,35,9,637467,38977,86917,39339,0.3087140413128881,0.5023111497012105
3785,0.3785,17,16,17,637483,38961,86934,39322,0.30858731466227346,0.5023057368777385
3786,0.3786,17,31,17,637514,38930,86951,39305,0.3083417817767076,0.5023966255512239
3787,0.3787,17,29,17,637543,38901,86968,39288,0.3081120897224686,0.5024747726662319
3788,0.3788,17,34,17,637577,38867,86985,39271,0.30784279558991257,0.5025851698277407
3789,0.3789,15,30,15,637607,38837,87000,39256,0.3076051831200101,0.5026826988334422
3790,0.379,16,25,16,637632,38812,87016,39240,0.30740717272842477,0.5027417619023216
3791,0.3791,20,28,20,637660,38784,87036,39220,0.3071854010898492,0.5027947284754628
3792,0.3792,24,26,24,637686,38758,87060,39196,0.3069794702826004,0.5028093491033173
3793,0.3793,16,38,16,637724,38720,87076,39180,0.3066784944873907,0.5029525032092427
3794,0.3794,14,25,14,637749,38695,87090,39166,0.30648048409580536,0.5030246207986027
3795,0.3795,22,25,22,637774,38670,87112,39144,0.30628247370422,0.5030457244197702
3796,0.3796,15,36,15,637810,38634,87127,39129,0.3059973387403371,0.5031827475791829
3797,0.3797,11,21,11,637831,38613,87138,39118,0.3058310100114054,0.5032483822413194
3798,0.3798,12,19,12,637850,38594,87150,39106,0.30568052211380053,0.5032947232947232
3799,0.3799,14,22,14,637872,38572,87164,39092,0.3055062729692054,0.5033477544293367
3800,0.38,16,20,16,637892,38552,87180,39076,0.30534786465593716,0.503375070850724
3801,0.3801,25,29,25,637921,38523,87205,39051,0.30511817260169816,0.5034032021037976
3802,0.3802,15,24,15,637945,38499,87220,39036,0.3049280826257762,0.5034629522151286
3803,0.3803,16,25,16,637970,38474,87236,39020,0.30473007223419085,0.5035228533821974
3804,0.3804,12,23,12,637993,38451,87248,39008,0.30454790267393234,0.5035954504963917
3805,0.3805,12,32,12,638025,38419,87260,38996,0.30429444937270306,0.503726667958406
3806,0.3806,18,31,18,638056,38388,87278,38978,0.3040489164871372,0.5038130444898276
3807,0.3807,21,34,21,638090,38354,87299,38957,0.30377962235458117,0.5038998331414676
3808,0.3808,10,36,10,638126,38318,87309,38947,0.3034944873906983,0.504070407040704
3809,0.3809,19,19,19,638145,38299,87328,38928,0.3033439994930934,0.5040724099084517
3810,0.381,15,20,15,638165,38279,87343,38913,0.30318559117982513,0.5041066431754586
3811,0.3811,9,40,9,638205,38239,87352,38904,0.30286877455328853,0.5043101772033756
3812,0.3812,11,26,11,638231,38213,87363,38893,0.3026628437460398,0.5044095141752911
3813,0.3813,13,31,13,638262,38182,87376,38880,0.30241731086047396,0.5045288209493655
3814,0.3814,17,27,17,638289,38155,87393,38863,0.3022034596375618,0.5045963281310862
3815,0.3815,14,34,14,638323,38121,87407,38849,0.3019341655050057,0.5047291152397038
3816,0.3816,19,27,19,638350,38094,87426,38830,0.3017203142820935,0.5047839425926889
3817,0.3817,24,25,24,638375,38069,87450,38806,0.30152230389050816,0.5047934959349594
3818,0.3818,15,21,15,638396,38048,87465,38791,0.3013559751615765,0.5048347844193704
3819,0.3819,16,25,16,638421,38023,87481,38775,0.3011579647699911,0.5048959608323134
3820,0.382,12,33,12,638454,37990,87493,38763,0.30089659105309846,0.5050356337863016
3821,0.3821,11,34,11,638488,37956,87504,38752,0.3006272969205424,0.5051885070657558
3822,0.3822,24,20,24,638508,37936,87528,38728,0.3004688886072741,0.5051653970572889
3823,0.3823,7,33,7,638541,37903,87535,38721,0.30020751489038144,0.5053377531843809
3824,0.3824,13,26,13,638567,37877,87548,38708,0.30000158408313266,0.5054253443885879
3825,0.3825,18,20,18,638587,37857,87566,38690,0.2998431757698644,0.5054411015454557
3826,0.3826,14,26,14,638613,37831,87580,38676,0.2996372449626156,0.5055223705020455
3827,0.3827,9,38,9,638651,37793,87589,38667,0.2993362691674059,0.5057154067486267
3828,0.3828,11,33,11,638684,37760,87600,38656,0.29907489545051325,0.5058626465661642
3829,0.3829,20,31,20,638715,37729,87620,38636,0.2988293625649474,0.5059385844300399
3830,0.383,21,30,21,638745,37699,87641,38615,0.29859175009504496,0.5060015200356422
3831,0.3831,18,20,18,638765,37679,87659,38597,0.2984333417817767,0.5060176202213016
3832,0.3832,16,33,16,638798,37646,87675,38581,0.29817196806488405,0.5061329974943262
3833,0.3833,12,22,12,638820,37624,87687,38569,0.2979977189202889,0.5062013570800468
3834,0.3834,12,32,12,638852,37592,87699,38557,0.2977442656190597,0.5063362618025188
3835,0.3835,12,34,12,638886,37558,87711,38545,0.2974749714865036,0.506484632668883
3836,0.3836,14,32,14,638918,37526,87725,38531,0.29722151818527437,0.5066068869400581
3837,0.3837,11,32,11,638950,37494,87736,38520,0.2969680648840451,0.5067487568079564
3838,0.3838,23,27,23,638977,37467,87759,38497,0.2967542136611329,0.5067795271444369
3839,0.3839,15,27,15,639004,37440,87774,38482,0.29654036243822074,0.5068623060509471
3840,0.384,24,24,24,639028,37416,87798,38458,0.29635027246229884,0.5068666473363734
3841,0.3841,16,22,16,639050,37394,87814,38442,0.2961760233177037,0.5069096471332876
3842,0.3842,13,26,13,639076,37368,87827,38429,0.295970092510455,0.5069989577423909
3843,0.3843,13,31,13,639107,37337,87840,38416,0.29572455962488914,0.5071218301585416
3844,0.3844,16,27,16,639134,37310,87856,38400,0.29551070840197696,0.5071985206709814
3845,0.3845,13,26,13,639160,37284,87869,38387,0.2953047775947282,0.5072881288736768
3846,0.3846,20,35,20,639195,37249,87889,38367,0.2950275630465087,0.5073926153195091
3847,0.3847,24,32,24,639227,37217,87913,38343,0.29477410974527946,0.5074510322922181
3848,0.3848,14,20,14,639247,37197,87927,38329,0.29461570143201116,0.5074941079893017
3849,0.3849,16,21,16,639268,37176,87943,38313,0.29444937270307947,0.5075308985415093
3850,0.385,22,23,22,639291,37153,87965,38291,0.29426720314282095,0.5075420179205768
3851,0.3851,21,28,21,639319,37125,87986,38270,0.29404543150424534,0.5075933417335367
3852,0.3852,17,19,17,639338,37106,88003,38253,0.2938949436066405,0.5076102389893709
3853,0.3853,10,31,10,639369,37075,88013,38243,0.29364941072107464,0.5077537905945458
3854,0.3854,13,18,13,639387,37057,88026,38230,0.2935068432391332,0.5077901895413551
3855,0.3855,14,25,14,639412,37032,88040,38216,0.29330883284754783,0.5078673187327238
3856,0.3856,22,32,22,639444,37000,88062,38194,0.2930553795463186,0.5079394632550469
3857,0.3857,12,14,12,639458,36986,88074,38182,0.2929444937270308,0.5079555129842486
3858,0.3858,14,28,14,639486,36958,88088,38168,0.2927227220884552,0.5080531373958417
3859,0.3859,22,33,22,639519,36925,88110,38146,0.2924613483715625,0.5081323014213212
3860,0.386,12,37,12,639556,36888,88122,38134,0.29216829299201624,0.5083042307589773
3861,0.3861,20,24,20,639580,36864,88142,38114,0.2919782030160943,0.5083357784950252
3862,0.3862,11,25,11,639605,36839,88153,38103,0.29178019262450894,0.5084331883323103
3863,0.3863,11,23,11,639628,36816,88164,38092,0.2915980230642504,0.5085171143269077
3864,0.3864,9,23,9,639651,36793,88173,38083,0.2914158535039919,0.5086142422137935
3865,0.3865,10,35,10,639686,36758,88183,38073,0.2911386389557724,0.5087864655022651
3866,0.3866,14,19,14,639705,36739,88197,38059,0.29098815105816755,0.5088237653413192
3867,0.3867,13,22,13,639727,36717,88210,38046,0.2908139019135724,0.5088880863528751
3868,0.3868,14,26,14,639753,36691,88224,38032,0.29060797110632364,0.5089731408000214
3869,0.3869,13,35,13,639788,36656,88237,38019,0.29033075655810414,0.509126213592233
3870,0.387,11,25,11,639813,36631,88248,38008,0.2901327461665188,0.5092244001125417
3871,0.3871,10,24,10,639837,36607,88258,37998,0.2899426561905969,0.5093224314724214
3872,0.3872,20,27,20,639864,36580,88278,37978,0.2897288049676847,0.5093752514820676
3873,0.3873,11,26,11,639890,36554,88289,37967,0.28952287416043593,0.5094805491069632
3874,0.3874,19,28,19,639918,36526,88308,37948,0.28930110252186036,0.509546955984639
3875,0.3875,10,37,10,639955,36489,88318,37938,0.28900804714231404,0.5097343705913177
3876,0.3876,24,29,24,639984,36460,88342,37914,0.28877835508807503,0.5097749213434802
3877,0.3877,18,23,18,640007,36437,88360,37896,0.2885961855278165,0.509813945354015
3878,0.3878,14,28,14,640035,36409,88374,37882,0.2883744138892409,0.5099137176777806
3879,0.3879,16,22,16,640057,36387,88390,37866,0.2882001647446458,0.5099591935679366
3880,0.388,16,26,16,640083,36361,88406,37850,0.28799423393739704,0.5100322054681921
3881,0.3881,20,27,20,640110,36334,88426,37830,0.28778038271448486,0.5100857558923467
3882,0.3882,15,26,15,640136,36308,88441,37815,0.2875744519072361,0.5101655356636942
3883,0.3883,18,26,18,640162,36282,88459,37797,0.28736852109998734,0.510225569999595
3884,0.3884,16,22,16,640184,36260,88475,37781,0.2871942719553922,0.5102713361515917
3885,0.3885,13,18,13,640202,36242,88488,37768,0.28705170447345074,0.510309417646264
3886,0.3886,21,28,21,640230,36214,88509,37747,0.2868299328348752,0.5103635699895891
3887,0.3887,13,26,13,640256,36188,88522,37734,0.2866240020276264,0.5104569681556235
3888,0.3888,15,29,15,640285,36159,88537,37719,0.2863943099733874,0.5105579468854057
3889,0.3889,9,22,9,640307,36137,88546,37710,0.2862200608287923,0.5106503987975137
3890,0.389,15,36,15,640343,36101,88561,37695,0.2859349258649094,0.5108000433627838
3891,0.3891,14,30,14,640373,36071,88575,37681,0.285697313395007,0.5109149582384207
3892,0.3892,24,21,24,640394,36050,88599,37657,0.2855309846660753,0.5109012712496778
3893,0.3893,13,31,13,640425,36019,88612,37644,0.28528545178050946,0.511029960767278
3894,0.3894,9,22,9,640447,35997,88621,37635,0.28511120263591433,0.5111228813559322
3895,0.3895,17,22,17,640469,35975,88638,37618,0.2849369534913192,0.5111627464568641
3896,0.3896,17,29,17,640498,35946,88655,37601,0.2847072614370802,0.5112513086869621
3897,0.3897,14,21,14,640519,35925,88669,37587,0.2845409327081485,0.5113042768527587
3898,0.3898,12,23,12,640542,35902,88681,37575,0.28435876314789,0.511384514882208
3899,0.3899,15,36,15,640578,35866,88696,37560,0.2840736281840071,0.5115354234194972
3900,0.39,9,22,9,640600,35844,88705,37551,0.283899379039412,0.5116288575516044
3901,0.3901,20,31,20,640631,35813,88725,37531,0.28365384615384615,0.5117119328097731
3902,0.3902,17,33,17,640664,35780,88742,37514,0.2833924724369535,0.5118290719567768
3903,0.3903,12,28,12,640692,35752,88754,37502,0.2831707007983779,0.5119447402189642
3904,0.3904,13,20,13,640712,35732,88767,37489,0.2830122924851096,0.5119979240928149
3905,0.3905,13,30,13,640742,35702,88780,37476,0.2827746800152072,0.512121129301156
3906,0.3906,20,35,20,640777,35667,88800,37456,0.28249746546698773,0.5122328132051475
3907,0.3907,15,22,15,640799,35645,88815,37441,0.2823232163223926,0.5122868948909504
3908,0.3908,20,25,20,640824,35620,88835,37421,0.28212520593080725,0.5123286921044345
3909,0.3909,14,36,14,640860,35584,88849,37407,0.2818400709669243,0.5124878409666945
3910,0.391,25,20,25,640880,35564,88874,37382,0.2816816626536561,0.5124612727222877
3911,0.3911,14,21,14,640901,35543,88888,37368,0.2815153339247244,0.5125152583286473
3912,0.3912,10,30,10,640931,35513,88898,37358,0.28127772145482194,0.5126593569458358
3913,0.3913,20,32,20,640963,35481,88918,37338,0.2810242681535927,0.5127507930622502
3914,0.3914,14,21,14,640984,35460,88932,37324,0.28085793942466103,0.5128050120905694
3915,0.3915,15,26,15,641010,35434,88947,37309,0.28065200861741224,0.5128878380050315
3916,0.3916,15,17,15,641027,35417,88962,37294,0.2805173615511342,0.5129072630000963
3917,0.3917,17,28,17,641055,35389,88979,37277,0.2802955899125586,0.5129909448710539
3918,0.3918,16,15,16,641070,35374,88995,37261,0.2801767836776074,0.5129896055620569
3919,0.3919,17,32,17,641102,35342,89012,37244,0.2799233303763782,0.5131017000523517
3920,0.392,19,30,19,641132,35312,89031,37225,0.27968571790647573,0.5131863738505866
3921,0.3921,9,22,9,641154,35290,89040,37216,0.2795114687618806,0.5132816594488732
3922,0.3922,12,28,12,641182,35262,89052,37204,0.27928969712330504,0.5133993872988712
3923,0.3923,16,24,16,641206,35238,89068,37188,0.2790996071473831,0.5134620164029492
3924,0.3924,16,17,16,641223,35221,89084,37172,0.27896496008110505,0.5134750597433454
3925,0.3925,14,24,14,641247,35197,89098,37158,0.2787748701051831,0.5135512404118582
3926,0.3926,14,28,14,641275,35169,89112,37144,0.27855309846660753,0.5136559124915299
3927,0.3927,10,25,10,641300,35144,89122,37134,0.2783550880750222,0.5137662912642851
3928,0.3928,15,29,15,641329,35115,89137,37119,0.2781253960207832,0.5138715840186062
3929,0.3929,12,28,12,641357,35087,89149,37107,0.27790362438220756,0.5139900822783057
3930,0.393,16,21,16,641378,35066,89165,37091,0.2777372956532759,0.514031902656707
3931,0.3931,15,17,15,641395,35049,89180,37076,0.27760264858699785,0.514051993067591
3932,0.3932,16,22,16,641417,35027,89196,37060,0.2774283994424027,0.5141010168268897
3933,0.3933,19,16,19,641433,35011,89215,37041,0.27730167279178813,0.5140870482429356
3934,0.3934,15,24,15,641457,34987,89230,37026,0.2771115828158662,0.5141571660672378
3935,0.3935,13,26,13,641483,34961,89243,37013,0.2769056520086174,0.5142551476922221
3936,0.3936,13,27,13,641510,34934,89256,37000,0.2766918007857052,0.5143603859093058
3937,0.3937,10,24,10,641534,34910,89266,36990,0.2765017108097833,0.5144645340751043
3938,0.3938,12,17,12,641551,34893,89278,36978,0.2763670637435053,0.5145051550694996
3939,0.3939,17,26,17,641577,34867,89295,36961,0.2761611329362565,0.514576488277552
3940,0.394,15,14,15,641591,34853,89310,36946,0.2760502471169687,0.514575411913815
3941,0.3941,15,36,15,641627,34817,89325,36931,0.2757651121530858,0.5147321179684451
3942,0.3942,11,23,11,641650,34794,89336,36920,0.2755829425928273,0.5148227682182
3943,0.3943,12,26,12,641676,34768,89348,36908,0.2753770117855785,0.5149282884089514
3944,0.3944,16,19,16,641695,34749,89364,36892,0.27522652388797364,0.5149565193115674
3945,0.3945,16,24,16,641719,34725,89380,36876,0.2750364339120517,0.5150207399337998
3946,0.3946,10,20,10,641739,34705,89390,36866,0.27487802559878344,0.5150968967878051
3947,0.3947,17,34,17,641773,34671,89407,36849,0.27460873146622733,0.5152265100671141
3948,0.3948,14,24,14,641797,34647,89421,36835,0.2744186414903054,0.5153045521949582
3949,0.3949,10,28,10,641825,34619,89431,36825,0.2741968698517298,0.5154386652483064
3950,0.395,17,17,17,641842,34602,89448,36808,0.2740622227854518,0.5154460159641506
3951,0.3951,15,24,15,641866,34578,89463,36793,0.2738721328095298,0.5155175071107313
3952,0.3952,16,17,16,641883,34561,89479,36777,0.2737374857432518,0.5155316941882306
3953,0.3953,18,20,18,641903,34541,89497,36759,0.27357907742998355,0.5155539971949509
3954,0.3954,12,25,12,641928,34516,89509,36747,0.27338106703839815,0.5156532843130376
3955,0.3955,22,32,22,641960,34484,89531,36725,0.27312761373716893,0.5157353705290062
3956,0.3956,17,22,17,641982,34462,89548,36708,0.2729533645925738,0.5157791204159056
3957,0.3957,12,22,12,642004,34440,89560,36696,0.2727791154479787,0.5158569500674763
3958,0.3958,10,33,10,642037,34407,89570,36686,0.27251774173108606,0.5160283009579002
3959,0.3959,11,15,11,642052,34392,89581,36675,0.27239893549613486,0.5160623074000591
3960,0.396,17,23,17,642075,34369,89598,36658,0.2722167659358763,0.5161135906063892
3961,0.3961,9,28,9,642103,34341,89607,36649,0.27199499429730073,0.5162558106775602
3962,0.3962,14,16,14,642119,34325,89621,36635,0.2718682676466861,0.5162767756482526
3963,0.3963,16,23,16,642142,34302,89637,36619,0.2716860980864276,0.5163350770575711
3964,0.3964,16,34,16,642176,34268,89653,36603,0.2714168039538715,0.5164735928659113
3965,0.3965,8,23,8,642199,34245,89661,36595,0.27123463439361295,0.5165866741953699
3966,0.3966,16,31,16,642230,34214,89677,36579,0.27098910150804717,0.516703628889862
3967,0.3967,13,20,13,642250,34194,89690,36566,0.27083069319477887,0.5167608818541549
3968,0.3968,11,27,11,642277,34167,89701,36555,0.2706168419718667,0.5168830067022991
3969,0.3969,12,27,12,642304,34140,89713,36543,0.2704029907489545,0.5169984296082509
3970,0.397,16,29,16,642333,34111,89729,36527,0.2701732986947155,0.5171012769330955
3971,0.3971,15,31,15,642364,34080,89744,36512,0.2699277658091497,0.5172257479601088
3972,0.3972,11,25,11,642389,34055,89755,36501,0.26972975541756433,0.517333749078746
3973,0.3973,18,22,18,642411,34033,89773,36483,0.2695555062729692,0.5173719439559816
3974,0.3974,12,26,12,642437,34007,89785,36471,0.2693495754657204,0.5174806322540367
3975,0.3975,14,26,14,642463,33981,89799,36457,0.2691436446584717,0.5175757403674153
3976,0.3976,11,17,11,642480,33964,89810,36446,0.26900899759219365,0.5176253373100412
3977,0.3977,16,16,16,642496,33948,89826,36430,0.268882270941579,0.517633351331382
3978,0.3978,22,24,22,642520,33924,89848,36408,0.26869218096565706,0.5176591025422282
3979,0.3979,25,21,25,642541,33903,89873,36383,0.26852585223672537,0.5176422047064849
3980,0.398,15,28,15,642569,33875,89888,36368,0.2683040805981498,0.517745540480902
3981,0.3981,16,13,16,642582,33862,89904,36352,0.2682011151945254,0.5177315065371578
3982,0.3982,9,19,9,642601,33843,89913,36343,0.26805062729692053,0.5178098196221469
3983,0.3983,11,18,11,642619,33825,89924,36332,0.2679080598149791,0.5178670695725301
3984,0.3984,9,20,9,642639,33805,89933,36323,0.2677496515017108,0.5179528861510381
3985,0.3985,18,27,18,642666,33778,89951,36305,0.26753580027879864,0.5180286232039154
3986,0.3986,12,12,12,642678,33766,89963,36293,0.26744075529083766,0.51803479924064
3987,0.3987,14,24,14,642702,33742,89977,36279,0.2672506653149157,0.5181159937732965
3988,0.3988,14,18,14,642720,33724,89991,36265,0.2671080978329743,0.5181528525911214
3989,0.3989,16,24,16,642744,33700,90007,36249,0.26691800785705233,0.5182204177329197
3990,0.399,11,26,11,642770,33674,90018,36238,0.2667120770498036,0.5183373383682344
3991,0.3991,16,25,16,642795,33649,90034,36222,0.2665140666582182,0.518412503041319
3992,0.3992,14,20,14,642815,33629,90048,36208,0.26635565834494995,0.5184644243023039
3993,0.3993,12,17,12,642832,33612,90060,36196,0.2662210112786719,0.518507907403163
3994,0.3994,10,21,10,642853,33591,90070,36186,0.2660546825497402,0.5185949524915087
3995,0.3995,5,30,5,642883,33561,90075,36181,0.2658170700798378,0.5187835163889765
3996,0.3996,14,26,14,642909,33535,90089,36167,0.265611139272589,0.5188803764597859
3997,0.3997,12,16,12,642925,33519,90101,36155,0.2654844126219744,0.5189166690587593
3998,0.3998,14,18,14,642943,33501,90115,36141,0.26534184514003295,0.5189540794348239
3999,0.3999,14,28,14,642971,33473,90129,36127,0.26512007350145733,0.519066091954023
4000,0.4,9,24,9,642995,33449,90138,36118,0.26492998352553543,0.5191829459370103
4001,0.4001,20,19,20,643014,33430,90158,36098,0.2647794956279306,0.5191865147854102
4002,0.4002,12,21,12,643035,33409,90170,36086,0.2646131668989989,0.5192603784444924
4003,0.4003,17,21,17,643056,33388,90187,36069,0.26444683817006714,0.5192997106123213
4004,0.4004,19,26,19,643082,33362,90206,36050,0.2642409073628184,0.5193626462283178
4005,0.4005,13,24,13,643106,33338,90219,36037,0.26405081738689645,0.5194522522522522
4006,0.4006,16,30,16,643136,33308,90235,36021,0.26381320491699406,0.5195661267290744
4007,0.4007,14,22,14,643158,33286,90249,36007,0.26363895577239893,0.5196340178661625
4008,0.4008,14,21,14,643179,33265,90263,35993,0.26347262704346724,0.5196944757284357
4009,0.4009,12,23,12,643202,33242,90275,35981,0.26329045748320873,0.5197838868584141
4010,0.401,14,23,14,643225,33219,90289,35967,0.2631082879229502,0.5198595091492498
4011,0.4011,7,24,7,643249,33195,90296,35960,0.26291819794702825,0.5199913238377558
4012,0.4012,13,23,13,643272,33172,90309,35947,0.26273602838676974,0.5200740751457631
4013,0.4013,10,28,10,643300,33144,90319,35937,0.2625142567481941,0.520215399313849
4014,0.4014,10,29,10,643329,33115,90329,35927,0.2622845646939551,0.5203644158628081
4015,0.4015,14,18,14,643347,33097,90343,35913,0.2621419972120137,0.5204028401680916
4016,0.4016,17,32,17,643379,33065,90360,35896,0.2618885439107844,0.5205260944591871
4017,0.4017,19,22,19,643401,33043,90379,35877,0.26171429476618935,0.5205600696459664
4018,0.4018,17,23,17,643424,33020,90396,35860,0.26153212520593083,0.5206155632984901
4019,0.4019,17,21,17,643445,32999,90413,35843,0.2613657964769991,0.5206559948868423
4020,0.402,13,25,13,643470,32974,90426,35830,0.26116778608541374,0.5207546072902738
4021,0.4021,9,18,9,643488,32956,90435,35821,0.26102521860347233,0.5208281838405281
4022,0.4022,22,25,22,643513,32931,90457,35799,0.260827208211887,0.5208642514185945
4023,0.4023,10,25,10,643538,32906,90467,35789,0.2606291978203016,0.5209840599752529
4024,0.4024,10,36,10,643574,32870,90477,35779,0.2603440628564187,0.5211874899852875
4025,0.4025,13,25,13,643599,32845,90490,35766,0.26014605246483335,0.5212866741484602
4026,0.4026,10,22,10,643621,32823,90500,35756,0.2599718033202382,0.5213840971726038
4027,0.4027,13,20,13,643641,32803,90513,35743,0.25981339500697,0.5214454526887053
4028,0.4028,11,23,11,643664,32780,90524,35732,0.25963122544671147,0.5215436711816908
4029,0.4029,20,29,20,643693,32751,90544,35712,0.25940153339247246,0.5216248192454318
4030,0.403,11,26,11,643719,32725,90555,35701,0.25919560258522367,0.521746119895946
4031,0.4031,21,26,21,643745,32699,90576,35680,0.2589896717779749,0.5217976279267026
4032,0.4032,15,23,15,643768,32676,90591,35665,0.25880750221771637,0.5218682781931784
4033,0.4033,15,34,15,643802,32642,90606,35650,0.2585382080851603,0.5220230773736309
4034,0.4034,17,29,17,643831,32613,90623,35633,0.2583085160309213,0.5221258388770038
4035,0.4035,20,24,20,643855,32589,90643,35613,0.25811842605499935,0.5221694378463975
4036,0.4036,13,24,13,643879,32565,90656,35600,0.25792833607907745,0.5222621579989731
4037,0.4037,14,20,14,643899,32545,90670,35586,0.25776992776580915,0.5223173004946353
4038,0.4038,14,13,14,643912,32532,90684,35572,0.2576669623621848,0.5223188065311876
4039,0.4039,14,21,14,643933,32511,90698,35558,0.2575006336332531,0.5223817009211241
4040,0.404,12,30,12,643963,32481,90710,35546,0.25726302116335065,0.5225278198362415
4041,0.4041,21,26,21,643989,32455,90731,35525,0.2570570903561019,0.5225801706384231
4042,0.4042,8,22,8,644011,32433,90739,35517,0.2568828412115068,0.5226931567328919
4043,0.4043,17,27,17,644038,32406,90756,35500,0.2566689899885946,0.5227814920625571
4044,0.4044,20,23,20,644061,32383,90776,35480,0.2564868204283361,0.522818030443688
4045,0.4045,7,17,7,644078,32366,90783,35473,0.25635217336205807,0.5228998068957385
4046,0.4046,14,30,14,644108,32336,90797,35459,0.2561145608921556,0.5230326720259606
4047,0.4047,14,22,14,644130,32314,90811,35445,0.2559403117475605,0.5231039419117756
4048,0.4048,8,17,8,644147,32297,90819,35437,0.25580566468128246,0.5231789057194319
4049,0.4049,10,25,10,644172,32272,90829,35427,0.2556076542896971,0.5233016735845434
4050,0.405,11,24,11,644196,32248,90840,35416,0.2554175643137752,0.5234097895483566
4051,0.4051,17,19,17,644215,32229,90857,35399,0.2552670764161703,0.5234370379132903
4052,0.4052,9,21,9,644236,32208,90866,35390,0.2551007476872386,0.5235361992958372
4053,0.4053,25,18,25,644254,32190,90891,35365,0.25495818020529715,0.5234993708829843
4054,0.4054,15,14,15,644268,32176,90906,35350,0.2548472943860094,0.5235020584663685
4055,0.4055,20,22,20,644290,32154,90926,35330,0.25467304524141426,0.5235315037638552
4056,0.4056,21,28,21,644318,32126,90947,35309,0.2544512736028387,0.5236005041892192
4057,0.4057,19,18,19,644336,32108,90966,35290,0.25430870612089723,0.5236060417223063
4058,0.4058,20,33,20,644369,32075,90986,35270,0.25404733240400457,0.5237211374266835
4059,0.4059,14,19,14,644388,32056,91000,35256,0.2538968445063997,0.5237699072973615
4060,0.406,12,28,12,644416,32028,91012,35244,0.2536750728678241,0.5239029611130931
4061,0.4061,10,17,10,644433,32011,91022,35234,0.25354042580154607,0.5239646070339802
4062,0.4062,12,28,12,644461,31983,91034,35222,0.25331865416297045,0.5240979093817424
4063,0.4063,21,24,21,644485,31959,91055,35201,0.25312856418704854,0.5241363907087552
4064,0.4064,11,28,11,644513,31931,91066,35190,0.2529067925484729,0.5242770518913604
4065,0.4065,12,25,12,644538,31906,91078,35178,0.2527087821568876,0.52438733528114
4066,0.4066,16,31,16,644569,31875,91094,35162,0.25246324927132174,0.5245163118874652
4067,0.4067,12,24,12,644593,31851,91106,35150,0.25227315929539984,0.524619035536783
4068,0.4068,17,27,17,644620,31824,91123,35133,0.25205930807248766,0.5247098884358619
4069,0.4069,13,26,13,644646,31798,91136,35120,0.2518533772652389,0.5248214232344063
4070,0.407,17,24,17,644670,31774,91153,35103,0.2516632872893169,0.5248889752829822
4071,0.4071,15,28,15,644698,31746,91168,35088,0.25144151565074135,0.5250022443666398
4072,0.4072,15,25,15,644723,31721,91183,35073,0.251243505259156,0.5250920741383956
4073,0.4073,19,24,19,644747,31697,91202,35054,0.25105341528323405,0.5251456907012629
4074,0.4074,15,29,15,644776,31668,91217,35039,0.25082372322899504,0.5252672133359317
4075,0.4075,13,32,13,644808,31636,91230,35026,0.2505702699277658,0.5254267798745912
4076,0.4076,10,20,10,644828,31616,91240,35016,0.2504118616144975,0.5255132668987874
4077,0.4077,18,28,18,644856,31588,91258,34998,0.25019008997592196,0.5256059832397201
4078,0.4078,18,32,18,644888,31556,91276,34980,0.24993663667469268,0.5257304316460262
4079,0.4079,18,24,18,644912,31532,91294,34962,0.24974654669877075,0.5257918007639787
4080,0.408,9,20,9,644932,31512,91303,34953,0.24958813838550248,0.5258858045587903
4081,0.4081,15,14,15,644946,31498,91318,34938,0.24947725256621467,0.5258895779396713
4082,0.4082,15,15,15,644961,31483,91333,34923,0.24935844633126347,0.5259012739812667
4083,0.4083,17,17,17,644978,31466,91350,34906,0.24922379926498542,0.5259145422768637
4084,0.4084,12,29,12,645007,31437,91362,34894,0.2489941072107464,0.5260587055826085
4085,0.4085,8,22,8,645029,31415,91370,34886,0.2488198580661513,0.5261760757756293
4086,0.4086,8,18,8,645047,31397,91378,34878,0.24867729058420987,0.5262617880045266
4087,0.4087,21,21,21,645068,31376,91399,34857,0.24851096185527816,0.5262784412603989
4088,0.4088,19,18,19,645086,31358,91418,34838,0.24836839437333671,0.5262855761677443
4089,0.4089,11,23,11,645109,31335,91429,34827,0.2481862248130782,0.5263897705631632
4090,0.409,19,26,19,645135,31309,91448,34808,0.24798029400582944,0.5264606682093864
4091,0.4091,18,26,18,645161,31283,91466,34790,0.24777436319858065,0.5265388282657061
4092,0.4092,11,21,11,645182,31262,91477,34779,0.24760803446964896,0.5266273981314638
4093,0.4093,10,15,10,645197,31247,91487,34769,0.24748922823469777,0.5266753514299564
4094,0.4094,25,22,25,645219,31225,91512,34744,0.24731497909010264,0.5266716184874713
4095,0.4095,8,23,8,645242,31202,91520,34736,0.24713280952984412,0.5267979010585702
4096,0.4096,15,25,15,645267,31177,91535,34721,0.24693479913825878,0.5268900421864093
4097,0.4097,5,9,5,645276,31168,91540,34716,0.24686351539728804,0.5269261125614717
4098,0.4098,15,24,15,645300,31144,91555,34701,0.2466734254213661,0.5270104032196826
4099,0.4099,4,24,4,645324,31120,91559,34697,0.24648333544544418,0.5271738304693316
4100,0.41,14,27,14,645351,31093,91573,34683,0.246269484222532,0.5272895889078083
4101,0.4101,13,17,13,645368,31076,91586,34670,0.24613483715625395,0.5273324612904207
4102,0.4102,14,18,14,645386,31058,91600,34656,0.2459922696743125,0.5273762059835043
4103,0.4103,23,21,23,645407,31037,91623,34633,0.24582594094538082,0.5273793208466575
4104,0.4104,18,17,18,645424,31020,91641,34615,0.24569129387910277,0.5273863030395368
4105,0.4105,14,28,14,645452,30992,91655,34601,0.24546952224052718,0.5275105575290047
4106,0.4106,6,22,6,645474,30970,91661,34595,0.24529527309593208,0.5276443224281248
4107,0.4107,17,22,17,645496,30948,91678,34578,0.24512102395133697,0.5276989286695357
4108,0.4108,10,27,10,645523,30921,91688,34568,0.2449071727284248,0.5278443708103651
4109,0.4109,14,23,14,645546,30898,91702,34554,0.24472500316816626,0.5279288639002628
4110,0.411,15,26,15,645572,30872,91717,34539,0.2445190723609175,0.5280304535934323
4111,0.4111,10,27,10,645599,30845,91727,34529,0.24430522113800532,0.5281763392174259
4112,0.4112,18,15,18,645614,30830,91745,34511,0.24418641490305412,0.5281676129841907
4113,0.4113,8,25,8,645639,30805,91753,34503,0.24398840451146875,0.5283119985300423
4114,0.4114,14,16,14,645655,30789,91767,34489,0.24386167786085414,0.5283403290541989
4115,0.4115,14,20,14,645675,30769,91781,34475,0.24370326954758587,0.5284010790264239
4116,0.4116,18,22,18,645697,30747,91799,34457,0.24352902040299074,0.5284491748972455
4117,0.4117,8,12,8,645709,30735,91807,34449,0.24343397541502979,0.5284885861561119
4118,0.4118,19,20,19,645729,30715,91826,34430,0.24327556710176151,0.5285133164479239
4119,0.4119,14,21,14,645750,30694,91840,34416,0.2431092383728298,0.5285823990170481
4120,0.412,15,21,15,645771,30673,91855,34401,0.24294290964389811,0.5286443126286996
4121,0.4121,14,18,14,645789,30655,91869,34387,0.24280034216195667,0.52868915470004
4122,0.4122,10,23,10,645812,30632,91879,34377,0.24261817260169813,0.5288037041025089
4123,0.4123,13,25,13,645837,30607,91892,34364,0.24242016221011278,0.5289128996013606
4124,0.4124,18,20,18,645857,30587,91910,34346,0.2422617538968445,0.5289452204580105
4125,0.4125,14,26,14,645883,30561,91924,34332,0.24205582308959575,0.5290555221672599
4126,0.4126,10,23,10,645906,30538,91934,34322,0.2418736535293372,0.5291705211224175
4127,0.4127,9,25,9,645931,30513,91943,34313,0.24167564313775186,0.5293092277789776
4128,0.4128,18,26,18,645957,30487,91961,34295,0.2414697123305031,0.5293908801827668
4129,0.4129,13,29,13,645986,30458,91974,34282,0.2412400202762641,0.5295335186901452
4130,0.413,11,16,11,646002,30442,91985,34271,0.24111329362564948,0.5295844729806994
4131,0.4131,18,20,18,646022,30422,92003,34253,0.24095488531238118,0.5296173173560108
4132,0.4132,9,26,9,646048,30396,92012,34244,0.24074895450513242,0.5297648514851485
4133,0.4133,19,18,19,646066,30378,92031,34225,0.24060638702319098,0.5297741590947789
4134,0.4134,21,21,21,646087,30357,92052,34204,0.2404400582942593,0.5297935286008582
4135,0.4135,14,23,14,646110,30334,92066,34190,0.24025788873400075,0.5298803545967392
4136,0.4136,7,18,7,646128,30316,92073,34183,0.2401153212520593,0.5299772089489759
4137,0.4137,17,22,17,646150,30294,92090,34166,0.2399410721074642,0.5300341296928328
4138,0.4138,15,20,15,646170,30274,92105,34151,0.2397826637941959,0.5300892510671323
4139,0.4139,18,18,18,646188,30256,92123,34133,0.23964009631225447,0.5301060740188541
4140,0.414,16,17,16,646205,30239,92139,34117,0.23950544924597642,0.5301292808751321
4141,0.4141,17,22,17,646227,30217,92156,34100,0.23933120010138131,0.530186420386523
4142,0.4142,10,27,10,646254,30190,92166,34090,0.23911734887846914,0.5303360298693217
4143,0.4143,15,24,15,646278,30166,92181,34075,0.2389272589025472,0.5304244952600364
4144,0.4144,19,16,19,646294,30150,92200,34056,0.23880053225193257,0.5304177179702831
4145,0.4145,16,21,16,646315,30129,92216,34040,0.23863420352300088,0.5304742165219966
4146,0.4146,14,21,14,646336,30108,92230,34026,0.2384678747940692,0.5305454205257741
4147,0.4147,11,15,11,646351,30093,92241,34015,0.23834906855911797,0.5305890060522868
4148,0.4148,10,18,10,646369,30075,92251,34005,0.23820650107717653,0.5306647940074907
4149,0.4149,13,29,13,646398,30046,92264,33992,0.23797680902293752,0.5308098316624504
4150,0.415,10,19,10,646417,30027,92274,33982,0.23782632112533267,0.5308940930181694
4151,0.4151,15,22,15,646439,30005,92289,33967,0.23765207198073754,0.5309666729194022
4152,0.4152,14,21,14,646460,29984,92303,33953,0.23748574325180585,0.5310383658914244
4153,0.4153,27,22,27,646482,29962,92330,33926,0.23731149410721075,0.531023040320561
4154,0.4154,11,28,11,646510,29934,92341,33915,0.23708972246863516,0.5311751162899967
4155,0.4155,8,25,8,646535,29909,92349,33907,0.23689171207704982,0.5313244327441394
4156,0.4156,18,19,18,646554,29890,92367,33889,0.23674122417944493,0.5313504445036767
4157,0.4157,18,26,18,646580,29864,92385,33871,0.23653529337219617,0.5314348474150781
4158,0.4158,13,18,13,646598,29846,92398,33858,0.23639272589025473,0.5314893884214492
4159,0.4159,11,20,11,646618,29826,92409,33847,0.23623431757698643,0.5315753930237306
4160,0.416,7,23,7,646641,29803,92416,33840,0.23605214801672791,0.5317159781908458
4161,0.4161,21,14,21,646655,29789,92437,33819,0.23594126219744013,0.5316784052320462
4162,0.4162,15,25,15,646680,29764,92452,33804,0.23574325180585476,0.5317769947143217
4163,0.4163,13,26,13,646706,29738,92465,33791,0.235537320998606,0.5318988178627083
4164,0.4164,18,26,18,646732,29712,92483,33773,0.23533139019135724,0.5319839332125699
4165,0.4165,11,15,11,646747,29697,92494,33762,0.23521258395640604,0.5320285538694275
4166,0.4166,12,27,12,646774,29670,92506,33750,0.23499873273349386,0.532166508987701
4167,0.4167,9,23,9,646797,29647,92515,33741,0.23481656317323532,0.5322931785195936
4168,0.4168,18,16,18,646813,29631,92533,33723,0.2346898365226207,0.5322947248792499
4169,0.4169,17,17,17,646830,29614,92550,33706,0.23455518945634266,0.5323120656980417
4170,0.417,11,27,11,646857,29587,92561,33695,0.23434133823343048,0.5324578869188711
4171,0.4171,17,29,17,646886,29558,92578,33678,0.23411164617919147,0.5325763805427288
4172,0.4172,18,24,18,646910,29534,92596,33660,0.23392155620326954,0.5326455043200303
4173,0.4173,14,25,14,646935,29509,92610,33646,0.2337235458116842,0.5327527511677619
4174,0.4174,10,20,10,646955,29489,92620,33636,0.23356513749841593,0.5328475247524752
4175,0.4175,21,29,21,646984,29460,92641,33615,0.23333544544417692,0.5329369797859691
4176,0.4176,14,18,14,647002,29442,92655,33601,0.23319287796223545,0.5329854226480338
4177,0.4177,4,21,4,647023,29421,92659,33597,0.23302654923330376,0.5331333904598686
4178,0.4178,13,24,13,647047,29397,92672,33584,0.23283645925738183,0.5332401835474191
4179,0.4179,7,24,7,647071,29373,92679,33577,0.2326463692814599,0.5333915806195393
4180,0.418,12,14,12,647085,29359,92691,33565,0.2325354834621721,0.5334212701036171
4181,0.4181,14,20,14,647105,29339,92705,33551,0.23237707514890382,0.5334870408650024
4182,0.4182,13,20,13,647125,29319,92718,33538,0.23221866683563552,0.5335603035461445
4183,0.4183,12,23,12,647148,29296,92730,33526,0.232036497275377,0.5336665499347363
4184,0.4184,13,25,13,647173,29271,92743,33513,0.23183848688379166,0.5337824923547401
4185,0.4185,13,24,13,647197,29247,92756,33500,0.23164839690786973,0.5338900664573605
4186,0.4186,12,25,12,647222,29222,92768,33488,0.23145038651628438,0.5340137139212247
4187,0.4187,13,22,13,647244,29200,92781,33475,0.23127613737168926,0.5341045073793379
4188,0.4188,14,25,14,647269,29175,92795,33461,0.2310781269801039,0.5342135513123444
4189,0.4189,5,17,5,647286,29158,92800,33456,0.23094347991382588,0.5343213977704667
4190,0.419,16,25,16,647311,29133,92816,33440,0.23074546952224054,0.5344158023428636
4191,0.4191,20,22,20,647333,29111,92836,33420,0.2305712203776454,0.5344549103644592
4192,0.4192,9,25,9,647358,29086,92845,33411,0.23037320998606006,0.5346016608797223
4193,0.4193,16,21,16,647379,29065,92861,33395,0.23020688125712838,0.5346621837976305
4194,0.4194,15,18,15,647397,29047,92876,33380,0.23006431377518693,0.5347045348967594
4195,0.4195,10,24,10,647421,29023,92886,33370,0.22987422379926498,0.534835638613306
4196,0.4196,14,14,14,647435,29009,92900,33356,0.2297633379799772,0.5348512787621262
4197,0.4197,15,26,15,647461,28983,92915,33341,0.22955740717272843,0.5349624542712278
4198,0.4198,9,11,9,647472,28972,92924,33332,0.22947028260043087,0.5349897277863379
4199,0.4199,11,22,11,647494,28950,92935,33321,0.22929603345583577,0.5350965939201233
4200,0.42,9,20,9,647514,28930,92944,33312,0.22913762514256747,0.535201311011857
4201,0.4201,9,19,9,647533,28911,92953,33303,0.2289871372449626,0.5352975214581926
4202,0.4202,11,23,11,647556,28888,92964,33292,0.2288049676847041,0.5354133161788356
4203,0.4203,6,20,6,647576,28868,92970,33286,0.22864655937143583,0.535540753611996
4204,0.4204,7,19,7,647595,28849,92977,33279,0.22849607147383094,0.535652201905743
4205,0.4205,15,24,15,647619,28825,92992,33264,0.228305981497909,0.5357470727504067
4206,0.4206,15,17,15,647636,28808,93007,33249,0.22817133443163098,0.5357816201234349
4207,0.4207,15,26,15,647662,28782,93022,33234,0.2279654036243822,0.5358939628482973
4208,0.4208,15,23,15,647685,28759,93037,33219,0.22778323406412368,0.5359805092129465
4209,0.4209,17,14,17,647699,28745,93054,33202,0.2276723482448359,0.5359743006118133
4210,0.421,14,26,14,647725,28719,93068,33188,0.22746641743758714,0.5360944642770608
4211,0.4211,17,18,17,647743,28701,93085,33171,0.22732384995564567,0.5361229635376261
4212,0.4212,9,33,9,647776,28668,93094,33162,0.227062476238753,0.5363415817564289
4213,0.4213,5,27,5,647803,28641,93099,33157,0.22684862501584083,0.5365383993009483
4214,0.4214,16,20,16,647823,28621,93115,33141,0.22669021670257256,0.5365920792720443
4215,0.4215,17,19,17,647842,28602,93132,33124,0.22653972880496767,0.5366296212293037
4216,0.4216,21,31,21,647873,28571,93153,33103,0.22629419591940186,0.5367415766773681
4217,0.4217,13,15,13,647888,28556,93166,33090,0.22617538968445064,0.5367744865846933
4218,0.4218,8,25,8,647913,28531,93174,33082,0.2259773792928653,0.5369321409442812
4219,0.4219,16,18,16,647931,28513,93190,33066,0.22583481181092382,0.5369687718215626
4220,0.422,16,24,16,647955,28489,93206,33050,0.2256447218350019,0.5370578007442435
4221,0.4221,8,17,8,647972,28472,93214,33042,0.22551007476872387,0.5371460155411776
4222,0.4222,13,24,13,647996,28448,93227,33029,0.22531998479280194,0.5372578362639686
4223,0.4223,19,22,19,648018,28426,93246,33010,0.2251457356482068,0.5373071163487206
4224,0.4224,15,21,15,648039,28405,93261,32995,0.22497940691927512,0.5373778501628664
4225,0.4225,14,36,14,648075,28369,93275,32981,0.2246942719553922,0.5375876120619397
4226,0.4226,12,30,12,648105,28339,93287,32969,0.2244566594854898,0.5377601618059633
4227,0.4227,10,12,10,648117,28327,93297,32959,0.22436161449752884,0.5377900336128969
4228,0.4228,14,19,14,648136,28308,93311,32945,0.22421112659992395,0.5378512072878063
4229,0.4229,15,21,15,648157,28287,93326,32930,0.22404479787099227,0.5379224725158044
4230,0.423,14,24,14,648181,28263,93340,32916,0.22385470789507034,0.538027754621684
4231,0.4231,11,20,11,648201,28243,93351,32905,0.22369629958180207,0.5381206253679597
4232,0.4232,13,22,13,648223,28221,93364,32892,0.22352205043720694,0.5382160915026263
4233,0.4233,19,18,19,648241,28203,93383,32873,0.2233794829552655,0.5382310563887616
4234,0.4234,12,12,12,648253,28191,93395,32861,0.22328443796730452,0.5382460853043307
4235,0.4235,13,19,13,648272,28172,93408,32848,0.22313395006969966,0.5383153064568994
4236,0.4236,16,25,16,648297,28147,93424,32832,0.22293593967811431,0.5384148641335542
4237,0.4237,11,20,11,648317,28127,93435,32821,0.22277753136484602,0.5385082365295005
4238,0.4238,10,17,10,648334,28110,93445,32811,0.222642884298568,0.5385827547151228
4239,0.4239,11,24,11,648358,28086,93456,32800,0.22245279432264606,0.5387116907006537
4240,0.424,16,22,16,648380,28064,93472,32784,0.22227854517805096,0.5387851696029451
4241,0.4241,15,18,15,648398,28046,93487,32769,0.2221359776961095,0.5388308805393406
4242,0.4242,23,21,23,648419,28025,93510,32746,0.2219696489671778,0.5388425400273157
4243,0.4243,8,24,8,648443,28001,93518,32738,0.22177955899125587,0.5389947150924447
4244,0.4244,13,18,13,648461,27983,93531,32725,0.2216369915093144,0.5390558081307241
4245,0.4245,5,10,5,648471,27973,93536,32720,0.22155778735268028,0.5391066515084112
4246,0.4246,11,18,11,648489,27955,93547,32709,0.2214152198707388,0.5391830410127918
4247,0.4247,11,18,11,648507,27937,93558,32698,0.22127265238879737,0.5392595035870372
4248,0.4248,9,24,9,648531,27913,93567,32689,0.22108256241287544,0.5394046401108874
4249,0.4249,16,26,16,648557,27887,93583,32673,0.22087663160562665,0.5395145310435931
4250,0.425,12,21,12,648578,27866,93595,32661,0.22071030287669496,0.5396104217952319
4251,0.4251,13,19,13,648597,27847,93608,32648,0.2205598149790901,0.5396809653690388
4252,0.4252,18,24,18,648621,27823,93626,32630,0.22036972500316818,0.5397581592311382
4253,0.4253,14,16,14,648637,27807,93640,32616,0.22024299835255354,0.5397944491336081
4254,0.4254,20,30,20,648667,27777,93660,32596,0.22000538588265112,0.5399102247693506
4255,0.4255,19,20,19,648687,27757,93679,32577,0.21984697756938285,0.5399443100076242
4256,0.4256,14,20,14,648707,27737,93693,32563,0.21968856925611457,0.540016583747927
4257,0.4257,22,20,22,648727,27717,93715,32541,0.21953016094284628,0.5400278801155033
4258,0.4258,17,21,17,648748,27696,93732,32524,0.2193638322139146,0.5400863500498173
4259,0.4259,14,21,14,648769,27675,93746,32510,0.2191975034849829,0.540167815900972
4260,0.426,15,19,15,648788,27656,93761,32495,0.21904701558737802,0.5402237701783844
4261,0.4261,14,23,14,648811,27633,93775,32481,0.2188648460271195,0.5403233855674219
4262,0.4262,10,28,10,648839,27605,93785,32471,0.2186430743885439,0.5404987016445836
4263,0.4263,12,18,12,648857,27587,93797,32459,0.21850050690660247,0.5405688971788296
4264,0.4264,12,19,12,648876,27568,93809,32447,0.2183500190089976,0.5406481712905107
4265,0.4265,16,23,16,648899,27545,93825,32431,0.21816784944873907,0.5407329598506069
4266,0.4266,10,10,10,648909,27535,93835,32421,0.21808864529210492,0.5407465474681433
4267,0.4267,15,26,15,648935,27509,93850,32406,0.21788271448485616,0.5408662271551364
4268,0.4268,14,17,14,648952,27492,93864,32392,0.21774806741857813,0.5409124306993521
4269,0.4269,20,25,20,648977,27467,93884,32372,0.2175500570269928,0.5409849763532144
4270,0.427,15,15,15,648992,27452,93899,32357,0.21743125079204156,0.5410055342841379
4271,0.4271,20,19,20,649011,27433,93919,32337,0.2172807628944367,0.5410239250460097
4272,0.4272,6,22,6,649033,27411,93925,32331,0.21710651374984158,0.5411770613638646
4273,0.4273,13,16,13,649049,27395,93938,32318,0.21697978709922697,0.5412221794249158
4274,0.4274,10,18,10,649067,27377,93948,32308,0.21683721961728553,0.5413085364832035
4275,0.4275,6,12,6,649079,27365,93954,32302,0.21674217462932455,0.5413712772554343
4276,0.4276,9,14,9,649093,27351,93963,32293,0.21663128881003674,0.541429146267856
4277,0.4277,15,29,15,649122,27322,93978,32278,0.21640159675579773,0.5415771812080536
4278,0.4278,9,18,9,649140,27304,93987,32269,0.2162590292738563,0.5416715626206503
4279,0.4279,13,29,13,649169,27275,94000,32256,0.21602933721961728,0.5418353462901682
4280,0.428,10,17,10,649186,27258,94010,32246,0.21589469015333926,0.541913148695886
4281,0.4281,21,18,21,649204,27240,94031,32225,0.2157521226713978,0.5419154124274783
4282,0.4282,8,26,8,649230,27214,94039,32217,0.21554619186414903,0.5420908280190473
4283,0.4283,13,22,13,649252,27192,94052,32204,0.21537194271955393,0.5421913933598222
4284,0.4284,17,18,17,649270,27174,94069,32187,0.21522937523761246,0.5422246929802396
4285,0.4285,9,22,9,649292,27152,94078,32178,0.21505512609301736,0.5423563121523681
4286,0.4286,12,16,12,649308,27136,94090,32166,0.21492839944240275,0.5424100367609861
4287,0.4287,17,20,17,649328,27116,94107,32149,0.21476999112913445,0.5424618240107989
4288,0.4288,19,17,19,649345,27099,94126,32130,0.21463534406285642,0.5424707491262726
4289,0.4289,12,15,12,649360,27084,94138,32118,0.2145165378279052,0.5425154555589338
4290,0.429,16,23,16,649383,27061,94154,32102,0.21433436826764668,0.5426026401636158
4291,0.4291,8,21,8,649404,27040,94162,32094,0.214168039538715,0.542733452835932
4292,0.4292,13,24,13,649428,27016,94175,32081,0.21397794956279306,0.5428532751239488
4293,0.4293,16,18,16,649446,26998,94191,32065,0.2138353820808516,0.5428948749640214
4294,0.4294,14,22,14,649468,26976,94205,32051,0.2136611329362565,0.5429888017347994
4295,0.4295,11,14,11,649482,26962,94216,32040,0.2135502471169687,0.5430324395783194
4296,0.4296,12,18,12,649500,26944,94228,32028,0.21340767963502724,0.5431052024689683
4297,0.4297,16,18,16,649518,26926,94244,32012,0.2132651121530858,0.5431470358682005
4298,0.4298,15,22,15,649540,26904,94259,31997,0.21309086300849067,0.5432335613996366
4299,0.4299,17,30,17,649570,26874,94276,31980,0.21285325053858828,0.5433785299215007
4300,0.43,14,21,14,649591,26853,94290,31966,0.21268692180965657,0.5434638467161972
4301,0.4301,5,14,5,649605,26839,94295,31961,0.21257603599036878,0.5435544217687075
4302,0.4302,12,22,12,649627,26817,94307,31949,0.21240178684577365,0.5436647040805909
4303,0.4303,12,13,12,649640,26804,94319,31937,0.2122988214421493,0.5436917995948316
4304,0.4304,12,24,12,649664,26780,94331,31925,0.21210873146622736,0.5438207989098033
4305,0.4305,13,29,13,649693,26751,94344,31912,0.21187903941198835,0.5439885447385916
4306,0.4306,10,15,10,649708,26736,94354,31902,0.21176023317703713,0.5440499334902282
4307,0.4307,10,6,10,649714,26730,94364,31892,0.21171271068305664,0.544027839377708
4308,0.4308,9,20,9,649734,26710,94373,31883,0.21155430236978837,0.5441434983701124
4309,0.4309,11,24,11,649758,26686,94384,31872,0.21136421239386644,0.5442808839099696
4310,0.431,9,26,9,649784,26660,94393,31863,0.21115828158661767,0.544452608376194
4311,0.4311,16,22,16,649806,26638,94409,31847,0.21098403244202255,0.5445327861844917
4312,0.4312,13,8,13,649814,26630,94422,31834,0.21092066911671525,0.5445060207991242
4313,0.4313,8,24,8,649838,26606,94430,31826,0.21073057914079332,0.5446673055859803
4314,0.4314,8,20,8,649858,26586,94438,31818,0.21057217082752502,0.5447914526402301
4315,0.4315,13,23,13,649881,26563,94451,31805,0.2103900012672665,0.5449047423245614
4316,0.4316,9,20,9,649901,26543,94460,31796,0.21023159295399824,0.5450213407840381
4317,0.4317,11,19,11,649920,26524,94471,31785,0.21008110505639335,0.5451131043235178
4318,0.4318,13,20,13,649940,26504,94484,31772,0.20992269674312508,0.5451987095888531
4319,0.4319,8,13,8,649953,26491,94492,31764,0.2098197313395007,0.5452579177752983
4320,0.432,11,23,11,649976,26468,94503,31753,0.20963756177924217,0.5453874031706772
4321,0.4321,15,20,15,649996,26448,94518,31738,0.2094791534659739,0.5454576702299522
4322,0.4322,12,16,12,650012,26432,94530,31726,0.20935242681535926,0.5455139447711407
4323,0.4323,6,21,6,650033,26411,94536,31720,0.20918609808642757,0.5456641034903924
4324,0.4324,10,18,10,650051,26393,94546,31710,0.20904353060448613,0.5457549524120957
4325,0.4325,13,22,13,650073,26371,94559,31697,0.208869281459891,0.5458600261762072
4326,0.4326,18,24,18,650097,26347,94577,31679,0.20867919148396907,0.5459449212422017
4327,0.4327,16,21,16,650118,26326,94593,31663,0.2085128627550374,0.5460173481177465
4328,0.4328,17,21,17,650139,26305,94610,31646,0.2083465340261057,0.5460820348225225
4329,0.4329,9,17,9,650156,26288,94619,31637,0.20821188695982765,0.5461717738454899
4330,0.433,10,18,10,650174,26270,94629,31627,0.2080693194778862,0.5462631915297856
4331,0.4331,10,21,10,650195,26249,94639,31617,0.2079029907489545,0.5463830228458854
4332,0.4332,9,17,9,650212,26232,94648,31608,0.20776834368267647,0.5464730290456431
4333,0.4333,15,22,15,650234,26210,94663,31593,0.20759409453808136,0.54656332716295
4334,0.4334,16,24,16,650258,26186,94679,31577,0.20740400456215943,0.5466648200405103
4335,0.4335,19,17,19,650275,26169,94698,31558,0.20726935749588138,0.5466765984721188
4336,0.4336,11,29,11,650304,26140,94709,31547,0.20703966544164237,0.5468649782446652
4337,0.4337,16,14,16,650318,26126,94725,31531,0.2069287796223546,0.5468720190089669
4338,0.4338,18,15,18,650333,26111,94743,31513,0.20680997338740337,0.5468728307649591
4339,0.4339,11,24,11,650357,26087,94754,31502,0.20661988341148144,0.5470141867370505
4340,0.434,11,26,11,650383,26061,94765,31491,0.20641395260423268,0.547174728940784
4341,0.4341,18,22,18,650405,26039,94783,31473,0.20623970345963757,0.5472423146473779
4342,0.4342,11,17,11,650422,26022,94794,31462,0.20610505639335952,0.5473175144388004
4343,0.4343,9,20,9,650442,26002,94803,31453,0.20594664808009125,0.5474371247062919
4344,0.4344,14,16,14,650458,25986,94817,31439,0.2058199214294766,0.5474793208532869
4345,0.4345,19,14,19,650472,25972,94836,31420,0.20570903561018883,0.5474630610538054
4346,0.4346,12,18,12,650490,25954,94848,31408,0.20556646812824736,0.5475401833966738
4347,0.4347,19,18,19,650508,25936,94867,31389,0.20542390064630592,0.5475621456607065
4348,0.4348,12,21,12,650529,25915,94879,31377,0.20525757191737423,0.5476680862947706
4349,0.4349,12,19,12,650548,25896,94891,31365,0.20510708401976935,0.5477550165033792
4350,0.435,17,12,17,650560,25884,94908,31348,0.2050120390318084,0.547735532569192
4351,0.4351,15,8,15,650568,25876,94923,31333,0.20494867570650108,0.5476935447219843
4352,0.4352,12,13,12,650581,25863,94935,31321,0.20484571030287668,0.5477231393396754
4353,0.4353,10,15,10,650596,25848,94945,31311,0.20472690406792549,0.5477877499606362
4354,0.4354,11,24,11,650620,25824,94956,31300,0.20453681409200355,0.547930817169666
4355,0.4355,10,22,10,650642,25802,94966,31290,0.20436256494740845,0.5480627758705248
4356,0.4356,14,16,14,650658,25786,94980,31276,0.20423583829679381,0.5481055693806737
4357,0.4357,15,17,15,650675,25769,94995,31261,0.2041011912305158,0.54815009644047
4358,0.4358,14,21,14,650696,25748,95009,31247,0.20393486250158407,0.5482410737784016
4359,0.4359,12,17,12,650713,25731,95021,31235,0.20380021543530605,0.5483095179580803
4360,0.436,13,17,13,650730,25714,95034,31222,0.203665568369028,0.5483700997611353
4361,0.4361,9,14,9,650744,25700,95043,31213,0.2035546825497402,0.5484335740516226
4362,0.4362,17,20,17,650764,25680,95060,31196,0.20339627423647194,0.5484914550952951
4363,0.4363,21,15,21,650779,25665,95081,31175,0.20327746800152072,0.548469387755102
4364,0.4364,11,24,11,650803,25641,95092,31164,0.20308737802559879,0.5486136783733826
4365,0.4365,15,23,15,650826,25618,95107,31149,0.20290520846534027,0.5487166839889372
4366,0.4366,15,18,15,650844,25600,95122,31134,0.2027626409833988,0.548771459794832
4367,0.4367,8,14,8,650858,25586,95130,31126,0.20265175516411102,0.5488432783185216
4368,0.4368,21,20,21,650878,25566,95151,31105,0.20249334685084272,0.5488697923099998
4369,0.4369,16,22,16,650900,25544,95167,31089,0.20231909770624762,0.5489555559479455
4370,0.437,11,10,11,650910,25534,95178,31078,0.2022398935496135,0.5489648837702253
4371,0.4371,13,16,13,650926,25518,95191,31065,0.20211316689899886,0.5490164890514819
4372,0.4372,9,23,9,650949,25495,95200,31056,0.20193099733874034,0.5491680076391222
4373,0.4373,10,17,10,650966,25478,95210,31046,0.2017963502724623,0.5492534144788055
4374,0.4374,7,15,7,650981,25463,95217,31039,0.2016775440375111,0.5493433860748292
4375,0.4375,14,27,14,651008,25436,95231,31025,0.20146369281459892,0.5494943412266875
4376,0.4376,8,17,8,651025,25419,95239,31017,0.20132904574832086,0.5495960025515628
4377,0.4377,12,19,12,651044,25400,95251,31005,0.201178557850716,0.5496853115858523
4378,0.4378,15,15,15,651059,25385,95266,30990,0.2010597516157648,0.5497117516629711
4379,0.4379,11,15,11,651074,25370,95277,30979,0.20094094538081358,0.5497701822570055
4380,0.438,13,14,13,651088,25356,95290,30966,0.20083005956152578,0.5498029189304358
4381,0.4381,8,23,8,651111,25333,95298,30958,0.20064789000126726,0.549963582100158
4382,0.4382,12,13,12,651124,25320,95310,30946,0.2005449245976429,0.5499946681832724
4383,0.4383,9,17,9,651141,25303,95319,30937,0.20041027753136484,0.5500889046941678
4384,0.4384,14,25,14,651166,25278,95333,30923,0.2002122671397795,0.5502215263073611
4385,0.4385,19,21,19,651187,25257,95352,30904,0.2000459384108478,0.550275101939068
4386,0.4386,7,22,7,651209,25235,95359,30897,0.1998716892662527,0.5504346896600869
4387,0.4387,15,18,15,651227,25217,95374,30882,0.19972912178431124,0.5504910960979696
4388,0.4388,18,12,18,651239,25205,95392,30864,0.19963407679635028,0.5504646061103283
4389,0.4389,14,14,14,651253,25191,95406,30850,0.19952319097706248,0.5504898199532485
4390,0.439,14,14,14,651267,25177,95420,30836,0.19941230515777467,0.5505150590041598
4391,0.4391,9,17,9,651284,25160,95429,30827,0.19927765809149664,0.5506099630271313
4392,0.4392,11,16,11,651300,25144,95440,30816,0.19915093144088203,0.5506790564689064
4393,0.4393,15,16,15,651316,25128,95455,30801,0.1990242047902674,0.5507160864667704
4394,0.4394,19,20,19,651336,25108,95474,30782,0.19886579647699912,0.5507604222580068
4395,0.4395,9,16,9,651352,25092,95483,30773,0.19873906982638448,0.5508457889555177
4396,0.4396,11,11,11,651363,25081,95494,30762,0.19865194525408694,0.5508658202460469
4397,0.4397,17,21,17,651384,25060,95511,30745,0.19848561652515523,0.5509362960308216
4398,0.4398,8,17,8,651401,25043,95519,30737,0.1983509694588772,0.5510397992111868
4399,0.4399,7,19,7,651420,25024,95526,30730,0.19820048156127235,0.5511712164149657
4400,0.44,13,29,13,651449,24995,95539,30717,0.19797078950703334,0.5513533888569787
4401,0.4401,17,19,17,651468,24976,95556,30700,0.19782030160942846,0.5514045549249228
4402,0.4402,11,14,11,651482,24962,95567,30689,0.19770941579014067,0.5514546009954897
4403,0.4403,24,26,24,651508,24936,95591,30665,0.1975034849828919,0.551518857574504
4404,0.4404,15,14,15,651522,24922,95606,30650,0.1973925991636041,0.5515367451234434
4405,0.4405,15,19,15,651541,24903,95621,30635,0.19724211126599925,0.5516043069609997
4406,0.4406,8,7,8,651548,24896,95629,30627,0.19718666835635534,0.5516092430164076
4407,0.4407,12,14,12,651562,24882,95641,30615,0.19707578253706753,0.5516514406184118
4408,0.4408,12,16,12,651578,24866,95653,30603,0.19694905588645292,0.5517135697416575
4409,0.4409,12,15,12,651593,24851,95665,30591,0.1968302496515017,0.5517658093142384
4410,0.441,18,19,18,651612,24832,95683,30573,0.19667976175389684,0.5518094034834401
4411,0.4411,15,21,15,651633,24811,95698,30558,0.19651343302496516,0.5518972710361394
4412,0.4412,9,11,9,651644,24800,95707,30549,0.1964263084526676,0.5519340909501527
4413,0.4413,18,22,18,651666,24778,95725,30531,0.1962520593080725,0.5520078106637256
4414,0.4414,13,17,13,651683,24761,95738,30518,0.19611741224179444,0.5520722154887028
4415,0.4415,12,15,12,651698,24746,95750,30506,0.19599860600684324,0.5521248099616304
4416,0.4416,12,17,12,651715,24729,95762,30494,0.1958639589405652,0.552197453959401
4417,0.4417,3,21,3,651736,24708,95765,30491,0.1956976302116335,0.5523831953477418
4418,0.4418,7,20,7,651756,24688,95772,30484,0.19553922189836523,0.5525266439498296
4419,0.4419,13,15,13,651771,24673,95785,30471,0.195420415663414,0.5525714492963877
4420,0.442,18,19,18,651790,24654,95803,30453,0.19526992776580915,0.5526158201317437
4421,0.4421,10,14,10,651804,24640,95813,30443,0.19515904194652137,0.552675054009404
4422,0.4422,18,11,18,651815,24629,95831,30425,0.1950719173742238,0.5526392269408218
4423,0.4423,8,18,8,651833,24611,95839,30417,0.19492934989228233,0.5527549611107073
4424,0.4424,19,10,19,651843,24601,95858,30398,0.1948501457356482,0.55270095819924
4425,0.4425,13,18,13,651861,24583,95871,30385,0.19470757825370674,0.552776160675302
4426,0.4426,17,19,17,651880,24564,95888,30368,0.19455709035610189,0.5528289521590329
4427,0.4427,19,21,19,651901,24543,95907,30349,0.1943907616271702,0.5528856663994753
4428,0.4428,8,21,8,651922,24522,95915,30341,0.19422443289823849,0.5530320981353554
4429,0.4429,10,9,10,651931,24513,95925,30331,0.19415314915726778,0.5530413536576472
4430,0.443,13,15,13,651946,24498,95938,30318,0.19403434292231656,0.5530866900175131
4431,0.4431,12,17,12,651963,24481,95950,30306,0.19389969585603853,0.5531604212678191
4432,0.4432,14,26,14,651989,24455,95964,30292,0.19369376504878977,0.5533088571063255
4433,0.4433,13,18,13,652007,24437,95977,30279,0.1935511975668483,0.5533847503472477
4434,0.4434,7,23,7,652030,24414,95984,30272,0.19336902800658978,0.5535603262260907
4435,0.4435,12,14,12,652044,24400,95996,30260,0.193258142187302,0.5536040980607391
4436,0.4436,9,16,9,652060,24384,96005,30251,0.19313141553668736,0.5536926878374668
4437,0.4437,15,22,15,652082,24362,96020,30236,0.19295716639209226,0.5537931792373347
4438,0.4438,10,17,10,652099,24345,96030,30226,0.1928225193258142,0.5538839310256364
4439,0.4439,8,17,8,652116,24328,96038,30218,0.19268787225953618,0.5539911267553991
4440,0.444,16,21,16,652137,24307,96054,30202,0.1925215435306045,0.5540736392155424
4441,0.4441,10,21,10,652158,24286,96064,30192,0.19235521480167278,0.5542053673042329
4442,0.4442,11,13,11,652171,24273,96075,30181,0.1922522493980484,0.5542476218459618
4443,0.4443,18,14,18,652185,24259,96093,30163,0.1921413635787606,0.5542427694682298
4444,0.4444,15,21,15,652206,24238,96108,30148,0.19197503484982892,0.5543338359136543
4445,0.4445,13,25,13,652231,24213,96121,30135,0.19177702445824357,0.5544822256568779
4446,0.4446,11,18,11,652249,24195,96132,30124,0.1916344569763021,0.5545757469761962
4447,0.4447,17,24,17,652273,24171,96149,30107,0.19144436700038017,0.554681454733041
4448,0.4448,15,22,15,652295,24149,96164,30092,0.19127011785578507,0.5547832820191368
4449,0.4449,11,18,11,652313,24131,96175,30081,0.19112755037384363,0.5548771489707076
4450,0.445,11,18,11,652331,24113,96186,30070,0.19098498289190216,0.5549711164018235
4451,0.4451,7,17,7,652348,24096,96193,30063,0.19085033582562413,0.5550877970420429
4452,0.4452,11,21,11,652369,24075,96204,30052,0.19068400709669242,0.555212740406821
4453,0.4453,9,19,9,652388,24056,96213,30043,0.19053351919908756,0.555333739995194
4454,0.4454,11,22,11,652410,24034,96224,30032,0.19035927005449246,0.5554692412976732
4455,0.4455,12,20,12,652430,24014,96236,30020,0.1902008617412242,0.5555761187400525
4456,0.4456,13,15,13,652445,23999,96249,30007,0.19008205550627297,0.5556234492463801
4457,0.4457,13,12,13,652457,23987,96262,29994,0.189987010518312,0.5556399473888961
4458,0.4458,13,18,13,652475,23969,96275,29981,0.18984444303637055,0.5557182576459685
4459,0.4459,9,16,9,652491,23953,96284,29972,0.18971771638575594,0.5558089939731108
4460,0.446,13,18,13,652509,23935,96297,29959,0.18957514890381447,0.5558874828366794
4461,0.4461,15,17,15,652526,23918,96312,29944,0.18944050183753644,0.5559392521629349
4462,0.4462,9,14,9,652540,23904,96321,29935,0.18932961601824863,0.5560095841304631
4463,0.4463,11,13,11,652553,23891,96332,29924,0.18922665061462426,0.5560531450339125
4464,0.4464,11,16,11,652569,23875,96343,29913,0.18909992396400963,0.5561277608388489
4465,0.4465,10,17,10,652586,23858,96353,29903,0.1889652768977316,0.5562210524357806
4466,0.4466,15,17,15,652603,23841,96368,29888,0.18883062983145354,0.5562731485789797
4467,0.4467,11,21,11,652624,23820,96379,29877,0.18866430110252186,0.5563997988714453
4468,0.4468,13,20,13,652644,23800,96392,29864,0.1885058927892536,0.556499701848539
4469,0.4469,12,17,12,652661,23783,96404,29852,0.18837124572297553,0.5565768621236133
4470,0.447,12,13,12,652674,23770,96416,29840,0.18826828031935117,0.5566125722812908
4471,0.4471,11,23,11,652697,23747,96427,29829,0.18808611075909265,0.5567604897715395
4472,0.4472,14,11,14,652708,23736,96441,29815,0.1879989861867951,0.5567589774233908
4473,0.4473,11,9,11,652717,23727,96452,29804,0.18792770244582435,0.5567615026806897
4474,0.4474,8,21,8,652738,23706,96460,29796,0.18776137371689267,0.5569137602332623
4475,0.4475,14,19,14,652757,23687,96474,29782,0.1876108858192878,0.5569956423348108
4476,0.4476,8,17,8,652774,23670,96482,29774,0.18747623875300976,0.5571065040041913
4477,0.4477,11,13,11,652787,23657,96493,29763,0.1873732733493854,0.557150879820292
4478,0.4478,10,13,10,652800,23644,96503,29753,0.187270307945761,0.5572035882165665
4479,0.4479,16,19,16,652819,23625,96519,29737,0.18711982004815614,0.5572692177954349
4480,0.448,18,20,18,652839,23605,96537,29719,0.18696141173488784,0.557328782536944
4481,0.4481,13,15,13,652854,23590,96550,29706,0.18684260549993664,0.5573776643650555
4482,0.4482,12,22,12,652876,23568,96562,29694,0.18666835635534154,0.5575081671735946
4483,0.4483,5,20,5,652896,23548,96567,29689,0.18650994804207324,0.5576760523695926
4484,0.4484,7,20,7,652916,23528,96574,29682,0.18635153972880497,0.5578274760383387
4485,0.4485,20,18,20,652934,23510,96594,29662,0.1862089722468635,0.5578499962386219
4486,0.4486,12,16,12,652950,23494,96606,29650,0.1860822455962489,0.5579181092879723
4487,0.4487,8,24,8,652974,23470,96614,29642,0.18589215562032696,0.5581036300647688
4488,0.4488,16,11,16,652985,23459,96630,29626,0.1858050310480294,0.5580860883488744
4489,0.4489,16,12,16,652997,23447,96646,29610,0.18570998606006844,0.558079047062593
4490,0.449,15,21,15,653018,23426,96661,29595,0.18554365733113673,0.5581750627110013
4491,0.4491,14,17,14,653035,23409,96675,29581,0.1854090102648587,0.5582374032836385
4492,0.4492,13,20,13,653055,23389,96688,29568,0.18525060195159043,0.5583397851086731
4493,0.4493,13,14,13,653069,23375,96701,29555,0.18513971613230262,0.5583789911203476
4494,0.4494,13,17,13,653086,23358,96714,29542,0.1850050690660246,0.5584499054820415
4495,0.4495,3,18,3,653104,23340,96717,29539,0.18486250158408313,0.5586149511148093
4496,0.4496,11,11,11,653115,23329,96728,29528,0.1847753770117856,0.5586393476739127
4497,0.4497,21,18,21,653133,23311,96749,29507,0.18463280952984412,0.5586542466583362
4498,0.4498,7,12,7,653145,23299,96756,29500,0.18453776454188317,0.5587227030814977
4499,0.4499,8,16,8,653161,23283,96764,29492,0.18441103789126853,0.5588252013263856
4500,0.45,17,13,17,653174,23270,96781,29475,0.18430807248764416,0.5588207413024932
4501,0.4501,10,20,10,653194,23250,96791,29465,0.18414966417437587,0.5589490657308167
4502,0.4502,21,19,21,653213,23231,96812,29444,0.183999176276771,0.5589748457522544
4503,0.4503,18,14,18,653227,23217,96830,29426,0.1838882904574832,0.5589727029234656
4504,0.4504,11,10,11,653237,23207,96841,29415,0.18380908630084908,0.5589867355858766
4505,0.4505,12,14,12,653251,23193,96853,29403,0.18369820048156127,0.5590349075975359
4506,0.4506,19,13,19,653264,23180,96872,29384,0.1835952350779369,0.559013773685412
4507,0.4507,7,18,7,653282,23162,96879,29377,0.18345266759599543,0.5591465387616817
4508,0.4508,13,17,13,653299,23145,96892,29364,0.1833180205297174,0.55921841969948
4509,0.4509,17,13,17,653312,23132,96909,29347,0.183215055126093,0.5592141618552183
4510,0.451,16,20,16,653332,23112,96925,29331,0.18305664681282474,0.5592929466277673
4511,0.4511,14,16,14,653348,23096,96939,29317,0.1829299201622101,0.5593459637876099
4512,0.4512,14,16,14,653364,23080,96953,29303,0.1828031935115955,0.5593990416738255
4513,0.4513,7,14,7,653378,23066,96960,29296,0.18269230769230768,0.5594897062755433
4514,0.4514,13,15,13,653393,23051,96973,29283,0.18257350145735649,0.5595406427943593
4515,0.4515,14,22,14,653415,23029,96987,29269,0.18239925231276138,0.5596581131209607
4516,0.4516,14,13,14,653428,23016,97001,29255,0.182296286909137,0.5596793633180922
4517,0.4517,11,12,11,653440,23004,97012,29244,0.182201241921176,0.5597152044097382
4518,0.4518,11,16,11,653456,22988,97023,29233,0.1820745152705614,0.5597939526244231
4519,0.4519,10,19,10,653475,22969,97033,29223,0.18192402737295654,0.5599133966891477
4520,0.452,12,17,12,653492,22952,97045,29211,0.1817893803066785,0.5599946322105707
4521,0.4521,11,14,11,653506,22938,97056,29200,0.1816784944873907,0.5600521692431624
4522,0.4522,9,17,9,653523,22921,97065,29191,0.18154384742111265,0.5601588885477433
4523,0.4523,12,17,12,653540,22904,97077,29179,0.18140920035483463,0.5602403855384674
4524,0.4524,13,19,13,653559,22885,97090,29166,0.18125871245722974,0.5603350560027666
4525,0.4525,14,19,14,653578,22866,97104,29152,0.1811082245596249,0.560421392594871
4526,0.4526,12,13,12,653591,22853,97116,29140,0.18100525915600052,0.5604600619314138
4527,0.4527,9,17,9,653608,22836,97125,29131,0.18087061208972247,0.5605672830834953
4528,0.4528,9,15,9,653623,22821,97134,29122,0.18075180585477127,0.560653023506536
4529,0.4529,13,23,13,653646,22798,97147,29109,0.18056963629451273,0.5607914154160325
4530,0.453,14,20,14,653666,22778,97161,29095,0.18041122798124445,0.5608890945193068
4531,0.4531,8,21,8,653687,22757,97169,29087,0.18024489925231277,0.5610485302060026
4532,0.4532,11,15,11,653702,22742,97180,29076,0.18012609301736154,0.5611177583079239
4533,0.4533,8,10,8,653712,22732,97188,29068,0.18004688886072742,0.5611583011583011
4534,0.4534,10,16,10,653728,22716,97198,29058,0.17992016221011278,0.561246957932553
4535,0.4535,8,11,8,653739,22705,97206,29050,0.17983303763781525,0.5612984252729205
4536,0.4536,12,23,12,653762,22682,97218,29038,0.1796508680775567,0.561446249033256
4537,0.4537,12,13,12,653775,22669,97230,29026,0.17954790267393234,0.5614856369087919
4538,0.4538,11,16,11,653791,22653,97241,29015,0.1794211760233177,0.5615661531315321
4539,0.4539,13,11,13,653802,22642,97254,29002,0.17933405145102016,0.5615754008210053
4540,0.454,15,17,15,653819,22625,97269,28987,0.1791994043847421,0.5616329535766876
4541,0.4541,13,15,13,653834,22610,97282,28974,0.1790805981497909,0.561685794044665
4542,0.4542,12,14,12,653848,22596,97294,28962,0.1789697123305031,0.5617362969859188
4543,0.4543,14,20,14,653868,22576,97308,28948,0.17881130401723483,0.5618352612374815
4544,0.4544,9,14,9,653882,22562,97317,28939,0.17870041819794702,0.5619114191957437
4545,0.4545,9,20,9,653902,22542,97326,28930,0.17854200988467875,0.5620531551134598
4546,0.4546,11,16,11,653918,22526,97337,28919,0.17841528323406414,0.5621343182039071
4547,0.4547,15,22,15,653940,22504,97352,28904,0.178241034089469,0.5622471210706504
4548,0.4548,10,16,10,653956,22488,97362,28894,0.1781143074388544,0.5623370051769102
4549,0.4549,5,10,5,653966,22478,97367,28889,0.17803510328222025,0.5624038779761326
4550,0.455,8,20,8,653986,22458,97375,28881,0.17787669496895198,0.5625547829135745
4551,0.4551,8,23,8,654009,22435,97383,28873,0.17769452540869346,0.5627387541903797
4552,0.4552,12,13,12,654022,22422,97395,28861,0.17759156000506907,0.5627790885868611
4553,0.4553,13,16,13,654038,22406,97408,28848,0.17746483335445445,0.5628438755999532
4554,0.4554,17,19,17,654057,22387,97425,28831,0.17731434545684957,0.5629075715568745
4555,0.4555,4,14,4,654071,22373,97429,28827,0.1772034596375618,0.56302734375
4556,0.4556,13,18,13,654089,22355,97442,28814,0.17706089215562032,0.5631143856631945
4557,0.4557,8,17,8,654106,22338,97450,28806,0.1769262450893423,0.5632332238385734
4558,0.4558,6,15,6,654121,22323,97456,28800,0.17680743885439107,0.5633472214071944
4559,0.4559,12,11,12,654132,22312,97468,28788,0.17672031428209353,0.5633659491193738
4560,0.456,13,10,13,654142,22302,97481,28775,0.17664111012545938,0.5633651154139828
4561,0.4561,16,12,16,654154,22290,97497,28759,0.1765460651374984,0.563360692667829
4562,0.4562,8,13,8,654167,22277,97505,28751,0.17644309973387404,0.5634357607587991
4563,0.4563,5,19,5,654186,22258,97510,28746,0.17629261183626918,0.5636028546780645
4564,0.4564,14,8,14,654194,22250,97524,28732,0.17622924851096186,0.5635714565925228
4565,0.4565,9,12,9,654206,22238,97533,28723,0.17613420352300088,0.5636270873805459
4566,0.4566,11,8,11,654214,22230,97544,28712,0.17607084019769356,0.5636213733265282
4567,0.4567,9,12,9,654226,22218,97553,28703,0.1759757952097326,0.5636770684000707
4568,0.4568,16,15,16,654241,22203,97569,28687,0.1758569889747814,0.5637060326193751
4569,0.4569,8,19,8,654260,22184,97577,28679,0.17570650107717653,0.5638479837996185
4570,0.457,17,18,17,654278,22166,97594,28662,0.1755639335952351,0.5639017864169356
4571,0.4571,11,12,11,654290,22154,97605,28651,0.1754688886072741,0.5639405570317882
4572,0.4572,14,22,14,654312,22132,97619,28637,0.175294639462679,0.5640646851425082
4573,0.4573,20,8,20,654320,22124,97639,28617,0.1752312761373717,0.5639817898740663
4574,0.4574,8,14,8,654334,22110,97647,28609,0.17512039031808388,0.5640686922060766
4575,0.4575,16,16,16,654350,22094,97663,28593,0.17499366366746927,0.5641091404107562
4576,0.4576,11,17,11,654367,22077,97674,28582,0.17485901660119124,0.564203793995144
4577,0.4577,16,20,16,654387,22057,97690,28566,0.17470060828792294,0.5642889595638346
4578,0.4578,13,18,13,654405,22039,97703,28553,0.1745580408059815,0.5643777672359266
4579,0.4579,12,14,12,654419,22025,97715,28541,0.1744471549866937,0.5644306450974963
4580,0.458,13,9,13,654428,22016,97728,28528,0.17437587124572299,0.5644191199746755
4581,0.4581,16,18,16,654446,21998,97744,28512,0.17423330376378152,0.5644822807364879
4582,0.4582,21,19,21,654465,21979,97765,28491,0.17408281586617666,0.5645135724192589
4583,0.4583,12,13,12,654478,21966,97777,28479,0.17397985046255227,0.5645554564377044
4584,0.4584,12,21,12,654499,21945,97789,28467,0.17381352173362058,0.564686979290645
4585,0.4585,14,12,14,654511,21933,97803,28453,0.1737184767456596,0.5647005120469972
4586,0.4586,19,14,19,654525,21919,97822,28434,0.17360759092637182,0.5646932655452506
4587,0.4587,11,18,11,654543,21901,97833,28423,0.17346502344443038,0.5648000953819251
4588,0.4588,15,14,15,654557,21887,97848,28408,0.17335413762514257,0.5648275176458892
4589,0.4589,10,12,10,654569,21875,97858,28398,0.1732590926371816,0.5648757782507509
4590,0.459,12,12,12,654581,21863,97870,28386,0.17316404764922064,0.5649067643137177
4591,0.4591,12,16,12,654597,21847,97882,28374,0.173037320998606,0.5649827761295075
4592,0.4592,16,18,16,654615,21829,97898,28358,0.17289475351666456,0.565046725247574
4593,0.4593,7,13,7,654628,21816,97905,28351,0.17279178811304016,0.5651324575916439
4594,0.4594,14,17,14,654645,21799,97919,28337,0.17265714104676214,0.5652026487952768
4595,0.4595,11,21,11,654666,21778,97930,28326,0.17249081231783045,0.5653440843046463
4596,0.4596,9,16,9,654682,21762,97939,28317,0.1723640856672158,0.5654465943808782
4597,0.4597,13,18,13,654700,21744,97952,28304,0.17222151818527437,0.565537084398977
4598,0.4598,12,10,12,654710,21734,97964,28292,0.17214231402864022,0.5655459161236157
4599,0.4599,9,16,9,654726,21718,97973,28283,0.1720155873780256,0.5656486870262595
4600,0.46,12,10,12,654736,21708,97985,28271,0.17193638322139146,0.5656575761819964
4601,0.4601,12,20,12,654756,21688,97997,28259,0.1717779749081232,0.5657797265101007
4602,0.4602,7,14,7,654770,21674,98004,28252,0.17166708908883538,0.5658774986980731
4603,0.4603,15,14,15,654784,21660,98019,28237,0.1715562032695476,0.5659057658777081
4604,0.4604,11,14,11,654798,21646,98030,28226,0.1714453174502598,0.5659688803336541
4605,0.4605,10,18,10,654816,21628,98040,28216,0.17130274996831835,0.5660861889093973
4606,0.4606,10,25,10,654841,21603,98050,28206,0.171104739576733,0.5662832018309945
4607,0.4607,9,16,9,654857,21587,98059,28197,0.17097801292611836,0.5663867909368472
4608,0.4608,9,14,9,654871,21573,98068,28188,0.17086712710683058,0.566467715680955
4609,0.4609,11,12,11,654883,21561,98079,28177,0.1707720821188696,0.5665085045639149
4610,0.461,5,19,5,654902,21542,98084,28172,0.17062159422126474,0.5666814177092971
4611,0.4611,18,13,18,654915,21529,98102,28154,0.17051862881764035,0.566672704949379
4612,0.4612,9,21,9,654936,21508,98111,28145,0.17035230008870866,0.5668338267576984
4613,0.4613,16,4,16,654940,21504,98127,28129,0.170320618426055,0.5667398706505752
4614,0.4614,9,16,9,654956,21488,98136,28120,0.17019389177544036,0.5668440574100951
4615,0.4615,15,21,15,654977,21467,98151,28105,0.17002756304650868,0.566953118696038
4616,0.4616,5,18,5,654995,21449,98156,28100,0.16988499556456724,0.5671153807342227
4617,0.4617,8,14,8,655009,21435,98164,28092,0.16977410974527943,0.567205766551578
4618,0.4618,8,16,8,655025,21419,98172,28084,0.16964738309466482,0.5673191523746035
4619,0.4619,10,13,10,655038,21406,98182,28074,0.16954441769104042,0.5673807599029911
4620,0.462,9,12,9,655050,21394,98191,28065,0.16944937270307947,0.5674396975272448
4621,0.4621,5,12,5,655062,21382,98196,28060,0.1693543277151185,0.5675336758221755
4622,0.4622,14,10,14,655072,21372,98210,28046,0.16927512355848434,0.5675260026710915
4623,0.4623,11,23,11,655095,21349,98221,28035,0.16909295399822583,0.5676939899562612
4624,0.4624,17,10,17,655105,21339,98238,28018,0.16901374984159168,0.5676601090017627
4625,0.4625,20,22,20,655127,21317,98258,27998,0.16883950069699658,0.5677380107472372
4626,0.4626,13,20,13,655147,21297,98271,27985,0.1686810923837283,0.5678543890264194
4627,0.4627,6,17,6,655164,21280,98277,27979,0.16854644531745025,0.5679977263038226
4628,0.4628,6,17,6,655181,21263,98283,27973,0.16841179825117222,0.5681411974977658
4629,0.4629,12,14,12,655195,21249,98295,27961,0.16830091243188441,0.5681975208290998
4630,0.463,12,28,12,655223,21221,98307,27949,0.16807914079330882,0.5684157006304658
4631,0.4631,13,19,13,655242,21202,98320,27936,0.16792865289570397,0.568521307338516
4632,0.4632,12,9,12,655251,21193,98332,27924,0.16785736915473323,0.5685200643361769
4633,0.4633,11,10,11,655261,21183,98343,27913,0.1677781649980991,0.5685391885285971
4634,0.4634,11,17,11,655278,21166,98354,27902,0.16764351793182106,0.5686394391456754
4635,0.4635,18,13,18,655291,21153,98372,27884,0.1675405525281967,0.5686318494198258
4636,0.4636,10,17,10,655308,21136,98382,27874,0.16740590546191864,0.568741073250357
4637,0.4637,17,13,17,655321,21123,98399,27857,0.16730294005829427,0.5687423438138015
4638,0.4638,10,18,10,655339,21105,98409,27847,0.1671603725763528,0.5688633763686877
4639,0.4639,13,9,13,655348,21096,98422,27834,0.1670890888353821,0.5688534641324341
4640,0.464,12,10,12,655358,21086,98434,27822,0.16700988467874794,0.568863989531365
4641,0.4641,11,14,11,655372,21072,98445,27811,0.16689899885946013,0.5689298938281202
4642,0.4642,11,11,11,655383,21061,98456,27800,0.1668118742871626,0.5689609299850596
4643,0.4643,13,20,13,655403,21041,98469,27787,0.1666534659738943,0.5690792168427952
4644,0.4644,7,13,7,655416,21028,98476,27780,0.16655050057026993,0.5691689886903786
4645,0.4645,9,21,9,655437,21007,98485,27771,0.16638417184133825,0.5693345360613391
4646,0.4646,5,16,5,655453,20991,98490,27766,0.1662574451907236,0.5694772032733761
4647,0.4647,15,22,15,655475,20969,98505,27751,0.1660831960461285,0.5696018062397373
4648,0.4648,7,18,7,655493,20951,98512,27744,0.16594062856418704,0.5697504877297463
4649,0.4649,13,12,13,655505,20939,98525,27731,0.16584558357622609,0.5697760427367988
4650,0.465,16,18,16,655523,20921,98541,27715,0.16570301609428462,0.5698453820215478
4651,0.4651,10,13,10,655536,20908,98551,27705,0.16560005069066025,0.569909283524983
4652,0.4652,11,12,11,655548,20896,98562,27694,0.16550500570269927,0.5699526651574398
4653,0.4653,14,17,14,655565,20879,98576,27680,0.16537035863642124,0.5700282131015878
4654,0.4654,11,16,11,655581,20863,98587,27669,0.1652436319858066,0.5701186845792466
4655,0.4655,14,20,14,655601,20843,98601,27655,0.16508522367253833,0.5702297001938225
4656,0.4656,11,15,11,655616,20828,98612,27644,0.16496641743758714,0.5703086317874236
4657,0.4657,8,15,8,655631,20813,98620,27636,0.1648476112026359,0.5704142500361205
4658,0.4658,13,8,13,655639,20805,98633,27623,0.1647842478773286,0.5703931609812505
4659,0.4659,13,19,13,655658,20786,98646,27610,0.16463375997972374,0.5705016943549054
4660,0.466,16,5,16,655663,20781,98662,27594,0.16459415790140666,0.5704186046511628
4661,0.4661,12,20,12,655683,20761,98674,27582,0.1644357495881384,0.5705479593736426
4662,0.4662,9,14,9,655697,20747,98683,27573,0.16432486376885058,0.5706332781456953
4663,0.4663,5,6,5,655703,20741,98688,27568,0.1642773412748701,0.5706597114409323
4664,0.4664,10,18,10,655721,20723,98698,27558,0.16413477379292865,0.5707835380377374
4665,0.4665,10,20,10,655741,20703,98708,27548,0.16397636547966038,0.5709311724109345
4666,0.4666,11,21,11,655762,20682,98719,27537,0.16381003675072867,0.5710819386548871
4667,0.4667,11,21,11,655783,20661,98730,27526,0.16364370802179698,0.5712329051403906
4668,0.4668,9,14,9,655797,20647,98739,27517,0.1635328222025092,0.5713188273399219
4669,0.4669,9,12,9,655809,20635,98748,27508,0.16343777721454822,0.5713810938246474
4670,0.467,12,16,12,655825,20619,98760,27496,0.1633110505639336,0.5714642003533201
4671,0.4671,12,13,12,655838,20606,98772,27484,0.1632080851603092,0.5715117488043252
4672,0.4672,13,6,13,655844,20600,98785,27471,0.16316056266632872,0.5714672047596264
4673,0.4673,15,14,15,655858,20586,98800,27456,0.16304967684704094,0.5714999375546397
4674,0.4674,12,21,12,655879,20565,98812,27444,0.16288334811810923,0.5716428169718177
4675,0.4675,10,23,10,655902,20542,98822,27434,0.1627011785578507,0.5718275804568951
4676,0.4676,12,24,12,655926,20518,98834,27422,0.16251108858192878,0.5720066750104297
4677,0.4677,8,9,8,655935,20509,98842,27414,0.16243980484095805,0.5720426517538552
4678,0.4678,6,18,6,655953,20491,98848,27408,0.1622972373590166,0.5722040126098666
4679,0.4679,6,19,6,655972,20472,98854,27402,0.16214674946141172,0.5723774909136483
4680,0.468,13,16,13,655988,20456,98867,27389,0.1620200228107971,0.5724527118821193
4681,0.4681,10,16,10,656004,20440,98877,27379,0.1618932961601825,0.5725548422175286
4682,0.4682,5,20,5,656024,20420,98882,27374,0.1617348878469142,0.5727497175377663
4683,0.4683,13,18,13,656042,20402,98895,27361,0.16159232036497276,0.5728492766367271
4684,0.4684,14,15,14,656057,20387,98909,27347,0.16147351413002153,0.5729040097205347
4685,0.4685,8,10,8,656067,20377,98917,27339,0.1613943099733874,0.572952468773577
4686,0.4686,8,11,8,656078,20366,98925,27331,0.16130718540108985,0.5730129777554144
4687,0.4687,9,15,9,656093,20351,98934,27322,0.16118837916613865,0.5731126633524217
4688,0.4688,19,14,19,656107,20337,98953,27303,0.16107749334685084,0.5731108312342569
4689,0.4689,13,14,13,656121,20323,98966,27290,0.16096660752756306,0.5731627916745426
4690,0.469,12,18,12,656139,20305,98978,27278,0.1608240400456216,0.5732719668789273
4691,0.4691,6,18,6,656157,20287,98984,27272,0.16068147256368015,0.5734351016631973
4692,0.4692,9,14,9,656171,20273,98993,27263,0.16057058674439234,0.5735232245035342
4693,0.4693,14,13,14,656184,20260,99007,27249,0.16046762134076797,0.5735544844134796
4694,0.4694,7,16,7,656200,20244,99014,27242,0.16034089469015333,0.5736848755422651
4695,0.4695,11,17,11,656217,20227,99025,27231,0.1602062476238753,0.5737915630662902
4696,0.4696,9,14,9,656231,20213,99034,27222,0.1600953618045875,0.5738800463792558
4697,0.4697,9,11,9,656242,20202,99043,27213,0.16000823723228996,0.5739322999050933
4698,0.4698,12,25,12,656267,20177,99055,27201,0.1598102268407046,0.5741272320486301
4699,0.4699,5,16,5,656283,20161,99060,27196,0.15968350019008998,0.5742762421606098
4700,0.47,11,11,11,656294,20150,99071,27185,0.1595963756177924,0.5743107637055034
4701,0.4701,11,9,11,656303,20141,99082,27174,0.1595250918768217,0.5743210398393744
4702,0.4702,7,23,7,656326,20118,99089,27167,0.15934292231656316,0.5745373797187269
4703,0.4703,11,15,11,656341,20103,99100,27156,0.15922411608161197,0.5746207071668888
4704,0.4704,9,12,9,656353,20091,99109,27147,0.159129071093651,0.5746856344468436
4705,0.4705,10,8,10,656361,20083,99119,27137,0.1590657077683437,0.5746929267259636
4706,0.4706,13,15,13,656376,20068,99132,27124,0.15894690153339247,0.5747584336328191
4707,0.4707,8,12,8,656388,20056,99140,27116,0.1588518565454315,0.5748325277707115
4708,0.4708,20,18,20,656406,20038,99160,27096,0.15870928906349005,0.5748716425510247
4709,0.4709,15,17,15,656423,20021,99175,27081,0.15857464199721202,0.574943739119358
4710,0.471,9,17,9,656440,20004,99184,27072,0.15843999493093397,0.575070099413714
4711,0.4711,8,19,8,656459,19985,99192,27064,0.1582895070333291,0.5752300792790495
4712,0.4712,8,12,8,656471,19973,99200,27056,0.15819446204536813,0.5753045992897999
4713,0.4713,11,12,11,656483,19961,99211,27045,0.15809941705740718,0.5753520827128452
4714,0.4714,10,21,10,656504,19940,99221,27035,0.15793308832847547,0.5755188930282065
4715,0.4715,11,19,11,656523,19921,99232,27024,0.1577826004308706,0.5756523591436787
4716,0.4716,13,10,13,656533,19911,99245,27011,0.15770339627423646,0.5756574741059631
4717,0.4717,6,16,6,656549,19895,99251,27005,0.15757666962362185,0.5757995735607676
4718,0.4718,15,10,15,656559,19885,99266,26990,0.1574974654669877,0.5757866666666667
4719,0.4719,9,14,9,656573,19871,99275,26981,0.15738657964769992,0.5758772304277299
4720,0.472,10,10,10,656583,19861,99285,26971,0.15730737549106577,0.5759096344379911
4721,0.4721,14,12,14,656595,19849,99299,26957,0.1572123305031048,0.5759304362688544
4722,0.4722,9,15,9,656610,19834,99308,26948,0.1570935242681536,0.5760335171647215
4723,0.4723,14,7,14,656617,19827,99322,26934,0.1570380813585097,0.5759928145249246
4724,0.4724,11,11,11,656628,19816,99333,26923,0.15695095678621215,0.5760285842658166
4725,0.4725,7,7,7,656635,19809,99340,26916,0.15689551387656825,0.5760513643659712
4726,0.4726,12,10,12,656645,19799,99352,26904,0.1568163097199341,0.5760657773590562
4727,0.4727,12,17,12,656662,19782,99364,26892,0.15668166265365607,0.5761666023910529
4728,0.4728,12,10,12,656672,19772,99376,26880,0.15660245849702192,0.5761810854840093
4729,0.4729,11,19,11,656691,19753,99387,26869,0.15645197059941707,0.576315902363691
4730,0.473,6,15,6,656706,19738,99393,26863,0.15633316436446584,0.5764468573635759
4731,0.4731,12,10,12,656716,19728,99405,26851,0.1562539602078317,0.5764614955237338
4732,0.4732,11,13,11,656729,19715,99416,26840,0.15615099480420733,0.57652239286865
4733,0.4733,7,18,7,656747,19697,99423,26833,0.15600842732226589,0.5766817107242639
4734,0.4734,5,16,5,656763,19681,99428,26828,0.15588170067165125,0.5768345911544003
4735,0.4735,9,8,9,656771,19673,99437,26819,0.15581833734634393,0.5768519315150994
4736,0.4736,14,15,14,656786,19658,99451,26805,0.15569953111139273,0.5769106600951295
4737,0.4737,9,16,9,656802,19642,99460,26796,0.1555728044607781,0.5770274344287006
4738,0.4738,11,19,11,656821,19623,99471,26785,0.15542231656317324,0.5771634200999828
4739,0.4739,10,14,10,656835,19609,99481,26775,0.15531143074388543,0.5772464642980338
4740,0.474,15,14,15,656849,19595,99496,26760,0.15520054492459764,0.5772840038830762
4741,0.4741,9,19,9,656868,19576,99505,26751,0.1550500570269928,0.5774386426921666
4742,0.4742,17,18,17,656886,19558,99522,26734,0.15490748954505132,0.5775079927417265
4743,0.4743,7,20,7,656906,19538,99529,26727,0.15474908123178305,0.5776937209553659
4744,0.4744,11,17,11,656923,19521,99540,26716,0.154614434165505,0.5778056534809785
4745,0.4745,11,22,11,656945,19499,99551,26705,0.1544401850209099,0.5779802614492252
4746,0.4746,11,10,11,656955,19489,99562,26694,0.15436098086427577,0.5780048935755581
4747,0.4747,12,12,12,656967,19477,99574,26682,0.1542659358763148,0.578045451591239
4748,0.4748,8,16,8,656983,19461,99582,26674,0.15413920922570015,0.5781727538744987
4749,0.4749,8,15,8,656998,19446,99590,26666,0.15402040299074896,0.5782876474670368
4750,0.475,8,14,8,657012,19432,99598,26658,0.15390951717146115,0.578390106313734
4751,0.4751,13,17,13,657029,19415,99611,26645,0.15377487010518312,0.5784845853234911
4752,0.4752,11,23,11,657052,19392,99622,26634,0.1535927005449246,0.5786729239994786
4753,0.4753,9,12,9,657064,19380,99631,26625,0.15349765555696362,0.5787414411477013
4754,0.4754,10,10,10,657074,19370,99641,26615,0.1534184514003295,0.5787756877242579
4755,0.4755,7,14,7,657088,19356,99648,26608,0.1533075655810417,0.5788878252545471
4756,0.4756,9,16,9,657104,19340,99657,26599,0.15318083893042708,0.5790069439909445
4757,0.4757,17,12,17,657116,19328,99674,26582,0.1530857939424661,0.5790023959921585
4758,0.4758,13,15,13,657131,19313,99687,26569,0.15296698770751488,0.5790724031210497
4759,0.4759,15,17,15,657148,19296,99702,26554,0.15283234064123685,0.5791494002181025
4760,0.476,13,12,13,657160,19284,99715,26541,0.15273729565327587,0.5791816693944354
4761,0.4761,18,11,18,657171,19273,99733,26523,0.15265017108097834,0.5791553847497598
4762,0.4762,15,15,15,657186,19258,99748,26508,0.1525313648460271,0.5792072717738059
4763,0.4763,13,21,13,657207,19237,99761,26495,0.15236503611709543,0.5793536254701304
4764,0.4764,13,18,13,657225,19219,99774,26482,0.15222246863515398,0.5794621561891424
4765,0.4765,11,9,11,657234,19210,99785,26471,0.15215118489418325,0.5794750552746218
4766,0.4766,10,19,10,657253,19191,99795,26461,0.1520006969965784,0.5796241128537633
4767,0.4767,11,20,11,657273,19171,99806,26450,0.1518422886833101,0.57977685714912
4768,0.4768,14,13,14,657286,19158,99820,26436,0.15173932327968573,0.5798131333070141
4769,0.4769,14,23,14,657309,19135,99834,26422,0.15155715371942718,0.5799767324450689
4770,0.477,11,10,11,657319,19125,99845,26411,0.15147794956279306,0.5800026352775826
4771,0.4771,12,22,12,657341,19103,99857,26399,0.15130370041819793,0.5801723001186762
4772,0.4772,11,9,11,657350,19094,99868,26388,0.15123241667722723,0.5801855679169782
4773,0.4773,9,13,9,657363,19081,99877,26379,0.15112945127360283,0.5802683677958645
4774,0.4774,7,13,7,657376,19068,99884,26372,0.15102648586997847,0.5803697183098592
4775,0.4775,5,19,5,657395,19049,99889,26367,0.15087599797237358,0.5805663202395631
4776,0.4776,12,15,12,657410,19034,99901,26355,0.15075719173742239,0.5806472933970785
4777,0.4777,12,14,12,657424,19020,99913,26343,0.15064630591813458,0.5807155611401362
4778,0.4778,13,13,13,657437,19007,99926,26330,0.1505433405145102,0.5807618501444736
4779,0.4779,14,10,14,657447,18997,99940,26316,0.15046413635787606,0.5807604881601306
4780,0.478,12,6,12,657453,18991,99952,26304,0.15041661386389557,0.5807263494866983
4781,0.4781,9,13,9,657466,18978,99961,26295,0.1503136484602712,0.5808097541581074
4782,0.4782,13,18,13,657484,18960,99974,26282,0.15017108097832974,0.5809203837142478
4783,0.4783,8,15,8,657499,18945,99982,26274,0.15005227474337854,0.5810389438068069
4784,0.4784,8,18,8,657517,18927,99990,26266,0.14990970726143707,0.5811962029517845
4785,0.4785,8,15,8,657532,18912,99998,26258,0.14979090102648587,0.5813150321009519
4786,0.4786,11,16,11,657548,18896,100009,26247,0.14966417437587123,0.581419046142259
4787,0.4787,7,18,7,657566,18878,100016,26240,0.1495216068939298,0.5815860632120218
4788,0.4788,13,7,13,657573,18871,100029,26227,0.1494661639842859,0.5815557230919332
4789,0.4789,17,10,17,657583,18861,100046,26210,0.14938695982765177,0.5815269241862838
4790,0.479,8,19,8,657602,18842,100054,26202,0.14923647193004688,0.5816978953911731
4791,0.4791,12,14,12,657616,18828,100066,26190,0.1491255861107591,0.5817672930827669
4792,0.4792,4,17,4,657633,18811,100070,26186,0.14899093904448105,0.5819499077716292
4793,0.4793,11,16,11,657649,18795,100081,26175,0.14886421239386644,0.5820547031354236
4794,0.4794,9,19,9,657668,18776,100090,26166,0.14871372449626155,0.5822170797917315
4795,0.4795,9,18,9,657686,18758,100099,26157,0.1485711570143201,0.5823666926416564
4796,0.4796,6,14,6,657700,18744,100105,26151,0.14846027119503233,0.5824924824590711
4797,0.4797,13,15,13,657715,18729,100118,26138,0.1483414649600811,0.5825662513651458
4798,0.4798,8,19,8,657734,18710,100126,26130,0.14819097706247625,0.5827386262265835
4799,0.4799,16,15,16,657749,18695,100142,26114,0.14807217082752502,0.5827847084291102
4800,0.48,7,18,7,657767,18677,100149,26107,0.14792960334558358,0.5829537334762415
4801,0.4801,12,14,12,657781,18663,100161,26095,0.14781871752629577,0.5830242638187586
4802,0.4802,7,10,7,657791,18653,100168,26088,0.14773951336966165,0.583089336402852
4803,0.4803,10,10,10,657801,18643,100178,26078,0.1476603092130275,0.5831264953824825
4804,0.4804,11,8,11,657809,18635,100189,26067,0.14759694588772018,0.5831282716656973
4805,0.4805,6,11,6,657820,18624,100195,26061,0.14750982131542265,0.5832158442430345
4806,0.4806,12,12,12,657832,18612,100207,26049,0.14741477632746167,0.5832605629072345
4807,0.4807,10,10,10,657842,18602,100217,26039,0.14733557217082752,0.583297865191192
4808,0.4808,7,9,7,657851,18593,100224,26032,0.1472642884298568,0.5833501400560224
4809,0.4809,10,12,10,657863,18581,100234,26022,0.14716924344189583,0.583413671726117
4810,0.481,11,14,11,657877,18567,100245,26011,0.14705835762260802,0.5834941002288124
4811,0.4811,14,10,14,657887,18557,100259,25997,0.1469791534659739,0.5834941868294654
4812,0.4812,10,12,10,657899,18545,100269,25987,0.14688410847801292,0.583557890954819
4813,0.4813,9,2,9,657901,18543,100278,25978,0.1468682676466861,0.5834999213854136
4814,0.4814,8,11,8,657912,18532,100286,25970,0.14678114307438855,0.5835692777852681
4815,0.4815,8,13,8,657925,18519,100294,25962,0.14667817767076416,0.5836649355904768
4816,0.4816,7,17,7,657942,18502,100301,25955,0.14654353060448613,0.58382257012394
4817,0.4817,13,8,13,657950,18494,100314,25942,0.1464801672791788,0.5838059231253938
4818,0.4818,9,13,9,657963,18481,100323,25933,0.14637720187555442,0.5838924663394425
4819,0.4819,9,15,9,657978,18466,100332,25924,0.14625839564060322,0.5840054066231133
4820,0.482,14,10,14,657988,18456,100346,25910,0.14617919148396907,0.5840057701843754
4821,0.4821,15,18,15,658006,18438,100361,25895,0.14603662400202763,0.5841021361062865
4822,0.4822,8,12,8,658018,18426,100369,25887,0.14594157901406665,0.5841852278112518
4823,0.4823,6,16,6,658034,18410,100375,25881,0.14581485236345204,0.5843399336208259
4824,0.4824,8,10,8,658044,18400,100383,25873,0.1457356482068179,0.5843968106972647
4825,0.4825,5,14,5,658058,18386,100388,25868,0.1456247623875301,0.5845347313237221
4826,0.4826,8,17,8,658075,18369,100396,25860,0.14549011532125206,0.5846842569354949
4827,0.4827,7,10,7,658085,18359,100403,25853,0.1454109111646179,0.5847507464036913
4828,0.4828,11,14,11,658099,18345,100414,25842,0.14530002534533012,0.5848326430850703
4829,0.4829,14,10,14,658109,18335,100428,25828,0.14522082118869598,0.5848334578719743
4830,0.483,11,18,11,658127,18317,100439,25817,0.14507825370675453,0.5849685050074772
4831,0.4831,10,11,10,658138,18306,100449,25807,0.14499112913445697,0.585020288803754
4832,0.4832,8,18,8,658156,18288,100457,25799,0.14484856165251553,0.5851838410415768
4833,0.4833,16,15,16,658171,18273,100473,25783,0.1447297554175643,0.5852324314508807
4834,0.4834,14,16,14,658187,18257,100487,25769,0.1446030287669497,0.5853132240039977
4835,0.4835,10,13,10,658200,18244,100497,25759,0.1445000633633253,0.5853919050973797
4836,0.4836,10,11,10,658211,18233,100507,25749,0.14441293879102776,0.5854440452912555
4837,0.4837,4,19,4,658230,18214,100511,25745,0.14426245089342288,0.5856593644077436
4838,0.4838,15,14,15,658244,18200,100526,25730,0.1441515650741351,0.5857045299339859
4839,0.4839,11,17,11,658261,18183,100537,25719,0.14401691800785704,0.585827524941916
4840,0.484,12,14,12,658275,18169,100549,25707,0.14390603218856926,0.5859011760415717
4841,0.4841,12,11,12,658286,18158,100561,25695,0.1438189076162717,0.5859348277198824
4842,0.4842,15,17,15,658303,18141,100576,25680,0.14368426054999367,0.5860204011775176
4843,0.4843,12,15,12,658318,18126,100588,25668,0.14356545431504245,0.5861076859843815
4844,0.4844,7,13,7,658331,18113,100595,25661,0.14346248891141808,0.5862155617489834
4845,0.4845,19,17,19,658348,18096,100614,25642,0.14332784184514002,0.586263660889844
4846,0.4846,9,11,9,658359,18085,100623,25633,0.1432407172728425,0.5863259984445766
4847,0.4847,10,14,10,658373,18071,100633,25623,0.14312983145355468,0.5864191879891976
4848,0.4848,16,12,16,658385,18059,100649,25607,0.14303478646559373,0.5864288004397014
4849,0.4849,11,8,11,658393,18051,100660,25596,0.1429714231402864,0.586432057186061
4850,0.485,18,12,18,658405,18039,100678,25578,0.14287637815232543,0.5864227250842562
4851,0.4851,8,12,8,658417,18027,100686,25570,0.14278133316436448,0.586508245980228
4852,0.4852,7,12,7,658429,18015,100693,25563,0.1426862881764035,0.5866033319564918
4853,0.4853,13,9,13,658438,18006,100706,25550,0.14261500443543276,0.5866011571310497
4854,0.4854,8,5,8,658443,18001,100714,25542,0.1425754023571157,0.5865925636726914
4855,0.4855,11,11,11,658454,17990,100725,25531,0.14248827778481815,0.5866363364812389
4856,0.4856,10,11,10,658465,17979,100735,25521,0.1424011532125206,0.5866896551724138
4857,0.4857,5,14,5,658479,17965,100740,25516,0.1422902673932328,0.5868310296451323
4858,0.4858,9,24,9,658503,17941,100749,25507,0.14210017741731085,0.5870696004419076
4859,0.4859,7,11,7,658514,17930,100756,25500,0.1420130528450133,0.587151738429657
4860,0.486,15,12,15,658526,17918,100771,25485,0.14191800785705233,0.5871713936824643
4861,0.4861,8,12,8,658538,17906,100779,25477,0.14182296286909138,0.5872576815803425
4862,0.4862,6,15,6,658553,17891,100785,25471,0.14170415663414015,0.5874037175407039
4863,0.4863,10,15,10,658568,17876,100795,25461,0.14158535039918896,0.5875118259224219
4864,0.4864,15,10,15,658578,17866,100810,25446,0.1415061462425548,0.5875046176579239
4865,0.4865,8,10,8,658588,17856,100818,25438,0.14142694208592066,0.587564096641567
4866,0.4866,12,16,12,658604,17840,100830,25426,0.14130021543530605,0.5876669902463828
4867,0.4867,8,8,8,658612,17832,100838,25418,0.14123685210999873,0.5876994219653179
4868,0.4868,13,13,13,658625,17819,100851,25405,0.14113388670637436,0.5877521747177494
4869,0.4869,6,16,6,658641,17803,100857,25399,0.14100716005575972,0.5879125966390445
4870,0.487,9,19,9,658660,17784,100866,25390,0.14085667215815487,0.5880854217816278
4871,0.4871,6,12,6,658672,17772,100872,25384,0.1407616271701939,0.5881916767077578
4872,0.4872,9,11,9,658683,17761,100881,25375,0.14067450259789635,0.5882557492581603
4873,0.4873,15,16,15,658699,17745,100896,25360,0.1405477759472817,0.5883308200904768
4874,0.4874,9,13,9,658712,17732,100905,25351,0.14044481054365734,0.5884223475616832
4875,0.4875,15,13,15,658725,17719,100920,25336,0.14034184514003295,0.5884566252467773
4876,0.4876,13,17,13,658742,17702,100933,25323,0.14020719807375492,0.5885647879140035
4877,0.4877,10,17,10,658759,17685,100943,25313,0.14007255100747687,0.5887018000837249
4878,0.4878,11,11,11,658770,17674,100954,25302,0.1399854264351793,0.588747207743857
4879,0.4879,14,12,14,658782,17662,100968,25288,0.13989038144721835,0.5887776484284051
4880,0.488,4,14,4,658796,17648,100972,25284,0.13977949562793054,0.5889313332712196
4881,0.4881,13,13,13,658809,17635,100985,25271,0.13967653022430618,0.5889852235118631
4882,0.4882,11,18,11,658827,17617,100996,25260,0.1395339627423647,0.5891270378058167
4883,0.4883,8,14,8,658841,17603,101004,25252,0.13942307692307693,0.589242795473107
4884,0.4884,7,5,7,658846,17598,101011,25245,0.13938347484475985,0.5892444506687207
4885,0.4885,13,18,13,658864,17580,101024,25232,0.1392409073628184,0.5893674670653087
4886,0.4886,9,15,9,658879,17565,101033,25223,0.1391221011278672,0.5894877068336917
4887,0.4887,14,12,14,658891,17553,101047,25209,0.13902705613990624,0.5895187315841167
4888,0.4888,7,11,7,658902,17542,101054,25202,0.13893993156760867,0.5896032191652629
4889,0.4889,11,12,11,658914,17530,101065,25191,0.1388448865796477,0.5896631633154654
4890,0.489,7,13,7,658927,17517,101072,25184,0.13874192117602333,0.5897754150956652
4891,0.4891,8,8,8,658935,17509,101080,25176,0.138678557850716,0.589809066416774
4892,0.4892,5,11,5,658946,17498,101085,25171,0.13859143327841844,0.589913051629989
4893,0.4893,6,10,6,658956,17488,101091,25165,0.13851222912178432,0.589993669847373
4894,0.4894,10,17,10,658973,17471,101101,25155,0.13837758205550627,0.5901327828086145
4895,0.4895,13,10,13,658983,17461,101114,25142,0.13829837789887214,0.5901462338332981
4896,0.4896,8,18,8,659001,17443,101122,25134,0.13815581041693067,0.5903187166780186
4897,0.4897,12,12,12,659013,17431,101134,25122,0.13806076542896972,0.590369656663455
4898,0.4898,11,11,11,659024,17420,101145,25111,0.13797364085667216,0.5904164021537232
4899,0.4899,5,11,5,659035,17409,101150,25106,0.1378865162843746,0.5905209925908503
4900,0.49,12,22,12,659057,17387,101162,25094,0.1377122671397795,0.5907111414514724
4901,0.4901,8,13,8,659070,17374,101170,25086,0.13760930173615513,0.590814884597268
4902,0.4902,9,15,9,659085,17359,101179,25077,0.1374904955012039,0.5909369403336789
4903,0.4903,9,17,9,659102,17342,101188,25068,0.13735584843492588,0.5910870077811837
4904,0.4904,5,10,5,659112,17332,101193,25063,0.13727664427829173,0.591178204977002
4905,0.4905,14,15,14,659127,17317,101207,25049,0.1371578380433405,0.5912524193929094
4906,0.4906,13,10,13,659137,17307,101220,25036,0.13707863388670638,0.5912665611789434
4907,0.4907,10,5,10,659142,17302,101230,25026,0.1370390318083893,0.5912398412398412
4908,0.4908,7,10,7,659152,17292,101237,25019,0.13695982765175516,0.5913119519746638
4909,0.4909,7,13,7,659165,17279,101244,25012,0.1368568622481308,0.5914260717410323
4910,0.491,7,12,7,659177,17267,101251,25005,0.1367618172601698,0.5915263058289175
4911,0.4911,12,13,12,659190,17254,101263,24993,0.13665885185654544,0.5915923024120056
4912,0.4912,6,9,6,659199,17245,101269,24987,0.1365875681155747,0.5916603523394582
4913,0.4913,8,7,8,659206,17238,101277,24979,0.1365321252059308,0.5916810763436531
4914,0.4914,10,16,10,659222,17222,101287,24969,0.1364053985553162,0.591808679576213
4915,0.4915,8,13,8,659235,17209,101295,24961,0.1363024331516918,0.5919136827128291
4916,0.4916,11,17,11,659252,17192,101306,24950,0.13616778608541377,0.592045939917422
4917,0.4917,10,3,10,659255,17189,101316,24940,0.13614402483842353,0.5919912649243989
4918,0.4918,12,11,12,659266,17178,101328,24928,0.13605690026612596,0.592029639481309
4919,0.4919,17,10,17,659276,17168,101345,24911,0.1359776961094918,0.5920055134390075
4920,0.492,7,9,7,659285,17159,101352,24904,0.1359064123685211,0.5920642845255926
4921,0.4921,7,14,7,659299,17145,101359,24897,0.1357955265492333,0.5921935207649494
4922,0.4922,6,14,6,659313,17131,101365,24891,0.13568464072994552,0.5923325876921612
4923,0.4923,10,11,10,659324,17120,101375,24881,0.13559751615764795,0.5923906573653008
4924,0.4924,13,9,13,659333,17111,101388,24868,0.13552623241667722,0.5923914338121442
4925,0.4925,11,16,11,659349,17095,101399,24857,0.1353995057660626,0.5925104881769642
4926,0.4926,13,11,13,659360,17084,101412,24844,0.13531238119376504,0.5925395916809769
4927,0.4927,6,15,6,659375,17069,101418,24838,0.13519357495881384,0.5926933447872671
4928,0.4928,11,17,11,659392,17052,101429,24827,0.1350589278925358,0.5928269538432149
4929,0.4929,14,12,14,659404,17040,101443,24813,0.13496388290457484,0.592860726829618
4930,0.493,16,10,16,659414,17030,101459,24797,0.1348846787479407,0.592846725799125
4931,0.4931,10,13,10,659427,17017,101469,24787,0.13478171334431632,0.5929336905559277
4932,0.4932,5,10,5,659437,17007,101474,24782,0.13470250918768217,0.5930268731005767
4933,0.4933,11,10,11,659447,16997,101485,24771,0.13462330503104802,0.5930616740088106
4934,0.4934,9,4,9,659451,16993,101494,24762,0.13459162336839436,0.5930307747575141
4935,0.4935,10,17,10,659468,16976,101504,24752,0.13445697630211634,0.5931748466257669
4936,0.4936,6,11,6,659479,16965,101510,24746,0.13436985172981877,0.593272757785716
4937,0.4937,9,20,9,659499,16945,101519,24737,0.1342114434165505,0.5934696031860276
4938,0.4938,18,12,18,659511,16933,101537,24719,0.13411639842858952,0.593464899644675
4939,0.4939,7,14,7,659525,16919,101544,24712,0.13400551260930174,0.5935961182772453
4940,0.494,7,10,7,659535,16909,101551,24705,0.1339263084526676,0.5936703993848225
4941,0.4941,8,10,8,659545,16899,101559,24697,0.13384710429603344,0.5937349745167805
4942,0.4942,11,5,11,659550,16894,101570,24686,0.1338075022177164,0.5936988936988937
4943,0.4943,6,9,6,659559,16885,101576,24680,0.13373621847674566,0.593768795861903
4944,0.4944,15,9,15,659568,16876,101591,24665,0.13366493473577493,0.5937507522688429
4945,0.4945,15,12,15,659580,16864,101606,24650,0.13356988974781397,0.5937755937755937
4946,0.4946,11,10,11,659590,16854,101617,24639,0.13349068559117983,0.5938110042657798
4947,0.4947,13,11,13,659601,16843,101630,24626,0.13340356101888226,0.5938411825701126
4948,0.4948,7,7,7,659608,16836,101637,24619,0.13334811810923838,0.5938728742009408
4949,0.4949,4,16,4,659624,16820,101641,24615,0.13322139145862374,0.5940629902256547
4950,0.495,7,13,7,659637,16807,101648,24608,0.13311842605499938,0.5941808523481831
4951,0.4951,13,7,13,659644,16800,101661,24595,0.13306298314535547,0.5941538833192415
4952,0.4952,8,13,8,659657,16787,101669,24587,0.13296001774173108,0.594262096969111
4953,0.4953,6,8,6,659665,16779,101675,24581,0.1328966544164238,0.5943181818181819
4954,0.4954,13,16,13,659681,16763,101688,24568,0.13276992776580915,0.5944206527787859
4955,0.4955,14,11,14,659692,16752,101702,24554,0.13268280319351158,0.5944414854984748
4956,0.4956,5,10,5,659702,16742,101707,24549,0.13260359903687746,0.5945363396381778
4957,0.4957,8,6,8,659708,16736,101715,24541,0.13255607654289697,0.5945441771446568
4958,0.4958,11,8,11,659716,16728,101726,24530,0.13249271321758965,0.5945513597362936
4959,0.4959,16,12,16,659728,16716,101742,24514,0.1323976682296287,0.5945670628183362
4960,0.496,13,5,13,659733,16711,101755,24501,0.13235806615131163,0.5945113073861982
4961,0.4961,14,15,14,659748,16696,101769,24487,0.1322392599163604,0.5945900007284559
4962,0.4962,13,12,13,659760,16684,101782,24474,0.13214421492839945,0.5946353078380874
4963,0.4963,8,11,8,659771,16673,101790,24466,0.13205709035610189,0.594715476798172
4964,0.4964,18,13,18,659784,16660,101808,24448,0.13195412495247752,0.5947260873795854
4965,0.4965,16,7,16,659791,16653,101824,24432,0.13189868204283361,0.5946695874406718
4966,0.4966,11,12,11,659803,16641,101835,24421,0.13180363705487264,0.5947347912912182
4967,0.4967,8,14,8,659817,16627,101843,24413,0.13169275123558485,0.5948586744639376
4968,0.4968,9,9,9,659826,16618,101852,24404,0.13162146749461412,0.5949002974013944
4969,0.4969,8,12,8,659838,16606,101860,24396,0.13152642250665314,0.5949953660797034
4970,0.497,6,8,6,659846,16598,101866,24390,0.13146305918134585,0.5950522104030448
4971,0.4971,14,10,14,659856,16588,101880,24376,0.1313838550247117,0.5950590762620838
4972,0.4972,11,20,11,659876,16568,101891,24365,0.13122544671144343,0.5952410035912344
4973,0.4973,4,8,4,659884,16560,101895,24361,0.1311620833861361,0.5953178074827106
4974,0.4974,8,16,8,659900,16544,101903,24353,0.13103535673552147,0.5954715504804753
4975,0.4975,11,10,11,659910,16534,101914,24342,0.13095615257888735,0.5955083667677855
4976,0.4976,10,13,10,659923,16521,101924,24332,0.13085318717526295,0.5955988544292953
4977,0.4977,8,12,8,659935,16509,101932,24324,0.130758142187302,0.595694658731908
4978,0.4978,12,7,12,659942,16502,101944,24312,0.1307026992776581,0.5956779536433576
4979,0.4979,10,10,10,659952,16492,101954,24302,0.13062349512102395,0.5957248614992401
4980,0.498,8,10,8,659962,16482,101962,24294,0.1305442909643898,0.5957916421424367
4981,0.4981,9,12,9,659974,16470,101971,24285,0.13044924597642885,0.5958778064041222
4982,0.4982,9,14,9,659988,16456,101980,24276,0.13033836015714104,0.5959933222036727
4983,0.4983,8,8,8,659996,16448,101988,24268,0.13027499683183374,0.5960310443069063
4984,0.4984,7,9,7,660005,16439,101995,24261,0.130203713090863,0.596093366093366
4985,0.4985,13,10,13,660015,16429,102008,24248,0.13012450893422886,0.5961108242987437
4986,0.4986,4,8,4,660023,16421,102012,24244,0.13006114560892157,0.5961883683757531
4987,0.4987,14,10,14,660033,16411,102026,24230,0.12998194145228742,0.596195959745085
4988,0.4988,8,10,8,660043,16401,102034,24222,0.12990273729565327,0.5962632006498781
4989,0.4989,10,6,10,660049,16395,102044,24212,0.12985521480167278,0.5962518777550668
4990,0.499,3,14,3,660063,16381,102047,24209,0.129744328982385,0.5964276915496428
4991,0.4991,10,11,10,660074,16370,102057,24199,0.12965720441008743,0.5964899307352904
4992,0.4992,8,10,8,660084,16360,102065,24191,0.1295780002534533,0.5965574215185815
4993,0.4993,10,18,10,660102,16342,102075,24181,0.12943543277151184,0.5967228487525603
4994,0.4994,14,7,14,660109,16335,102089,24167,0.12937998986186794,0.5966865833785986
4995,0.4995,12,15,12,660124,16320,102101,24155,0.12926118362691674,0.5967881408276714
4996,0.4996,15,12,15,660136,16308,102116,24140,0.12916613863895576,0.596815664556962
4997,0.4997,7,9,7,660145,16299,102123,24133,0.12909485489798506,0.5968787099327265
4998,0.4998,9,15,9,660160,16284,102132,24124,0.12897604866303383,0.5970104929716887
4999,0.4999,12,16,12,660176,16268,102144,24112,0.12884932201241922,0.5971272907379891
5000,0.5,10,15,10,660191,16253,102154,24102,0.128730515777468,0.5972494114731756
5001,0.5001,9,8,9,660199,16245,102163,24093,0.12866715245216068,0.5972780008924587
5002,0.5002,11,17,11,660216,16228,102174,24082,0.12853250538588265,0.597419995038452
5003,0.5003,9,10,9,660226,16218,102183,24073,0.1284533012292485,0.5974783450398352
5004,0.5004,8,13,8,660239,16205,102191,24065,0.12835033582562413,0.5975912590017383
5005,0.5005,8,8,8,660247,16197,102199,24057,0.12828697250031681,0.5976300491876584
5006,0.5006,13,14,13,660261,16183,102212,24044,0.12817608668102903,0.5977080070599349
5007,0.5007,11,16,11,660277,16167,102223,24033,0.1280493600304144,0.5978358208955223
5008,0.5008,8,7,8,660284,16160,102231,24025,0.1279939171207705,0.5978598979718801
5009,0.5009,11,13,11,660297,16147,102242,24014,0.12789095171714612,0.5979432783048231
5010,0.501,14,15,14,660312,16132,102256,24000,0.1277721454821949,0.5980265125087212
5011,0.5011,9,7,9,660319,16125,102265,23991,0.127716702572551,0.5980406820221358
5012,0.5012,11,16,11,660335,16109,102276,23980,0.12758997592193638,0.598169073810771
5013,0.5013,10,14,10,660349,16095,102286,23970,0.12747909010264857,0.5982777985773119
5014,0.5014,7,18,7,660367,16077,102293,23963,0.12733652262070713,0.5984765234765235
5015,0.5015,17,14,17,660381,16063,102310,23946,0.12722563680141935,0.5985153340498388
5016,0.5016,12,17,12,660398,16046,102322,23934,0.1270909897351413,0.5986493246623311
5017,0.5017,8,9,8,660407,16037,102330,23926,0.12701970599417056,0.5987038010159398
5018,0.5018,11,8,11,660415,16029,102341,23915,0.12695634266886327,0.598713198477869
5019,0.5019,15,19,15,660434,16010,102356,23900,0.12680585477125839,0.5988474066649963
5020,0.502,12,7,12,660441,16003,102368,23888,0.1267504118616145,0.5988318167005089
5021,0.5021,9,10,9,660451,15993,102377,23879,0.12667120770498036,0.5988914526484751
5022,0.5022,16,9,16,660460,15984,102393,23863,0.12659992396400963,0.5988656611539137
5023,0.5023,11,13,11,660473,15971,102404,23852,0.12649695856038526,0.5989503553223012
5024,0.5024,6,12,6,660485,15959,102410,23846,0.12640191357242428,0.5990704685341037
5025,0.5025,10,11,10,660496,15948,102420,23836,0.12631478900012671,0.5991353307862457
5026,0.5026,8,12,8,660508,15936,102428,23828,0.12621974401216576,0.5992354893873856
5027,0.5027,9,10,9,660518,15926,102437,23819,0.1261405398555316,0.5992955088690401
5028,0.5028,7,11,7,660529,15915,102444,23812,0.12605341528323408,0.5993908425000629
5029,0.5029,5,10,5,660539,15905,102449,23807,0.12597421112659993,0.5994913376309428
5030,0.503,7,14,7,660553,15891,102456,23800,0.12586332530731212,0.599632158423824
5031,0.5031,14,14,14,660567,15877,102470,23786,0.12575243948802434,0.5997024935078032
5032,0.5032,12,7,12,660574,15870,102482,23774,0.12569699657838043,0.5996872162243971
5033,0.5033,6,8,6,660582,15862,102488,23768,0.1256336332530731,0.5997476659096644
5034,0.5034,12,19,12,660601,15843,102500,23756,0.12548314535546826,0.5999141392459405
5035,0.5035,5,11,5,660612,15832,102505,23751,0.1253960207831707,0.6000303160447666
5036,0.5036,8,13,8,660625,15819,102513,23743,0.12529305537954633,0.6001466053283454
5037,0.5037,12,15,12,660640,15804,102525,23731,0.1251742491445951,0.6002529404325282
5038,0.5038,19,13,19,660653,15791,102544,23712,0.12507128374097073,0.6002582082373491
5039,0.5039,8,19,8,660672,15772,102552,23704,0.12492079584336586,0.6004661059884486
5040,0.504,9,11,9,660683,15761,102561,23695,0.1248336712710683,0.6005423763179237
5041,0.5041,8,13,8,660696,15748,102569,23687,0.12473070586744392,0.6006593127932041
5042,0.5042,11,12,11,660708,15736,102580,23676,0.12463566087948295,0.6007307419060185
5043,0.5043,13,15,13,660723,15721,102593,23663,0.12451685464453174,0.6008277473085517
5044,0.5044,12,7,12,660730,15714,102605,23651,0.12446141173488785,0.6008129048647276
5045,0.5045,7,14,7,660744,15700,102612,23644,0.12435052591560006,0.6009556730378203
5046,0.5046,7,13,7,660757,15687,102619,23637,0.12424756051197566,0.6010833079035703
5047,0.5047,8,14,8,660771,15673,102627,23629,0.12413667469268787,0.6012162230929724
5048,0.5048,7,10,7,660781,15663,102634,23622,0.12405747053605373,0.6012982054219168
5049,0.5049,8,14,8,660795,15649,102642,23614,0.12394658471676594,0.6014313730484171
5050,0.505,8,8,8,660803,15641,102650,23606,0.12388322139145862,0.6014727240298622
5051,0.5051,8,10,8,660813,15631,102658,23598,0.12380401723482448,0.6015447755487012
5052,0.5052,16,13,16,660826,15618,102674,23582,0.1237010518312001,0.6015816326530612
5053,0.5053,10,9,10,660835,15609,102684,23572,0.12362976809022938,0.6016181312370792
5054,0.5054,12,12,12,660847,15597,102696,23560,0.1235347231022684,0.6016804147406594
5055,0.5055,11,15,11,660862,15582,102707,23549,0.12341591686731719,0.601799085124326
5056,0.5056,14,5,14,660867,15577,102721,23535,0.12337631478900013,0.6017334833299243
5057,0.5057,9,13,9,660880,15564,102730,23526,0.12327334938537575,0.6018419033000767
5058,0.5058,8,17,8,660897,15547,102738,23518,0.12313870231909771,0.6020222705746833
5059,0.5059,6,14,6,660911,15533,102744,23512,0.12302781649980991,0.6021769752849276
5060,0.506,12,7,12,660918,15526,102756,23500,0.12297237359016601,0.6021626607902424
5061,0.5061,5,8,5,660926,15518,102761,23495,0.1229090102648587,0.6022351523851024
5062,0.5062,8,8,8,660934,15510,102769,23487,0.12284564693955138,0.602277098238326
5063,0.5063,13,15,13,660949,15495,102782,23474,0.12272684070460017,0.6023762477867023
5064,0.5064,9,8,9,660957,15487,102791,23465,0.12266347737929287,0.6024080920106798
5065,0.5065,11,12,11,660969,15475,102802,23454,0.1225684323913319,0.6024814405712965
5066,0.5066,5,6,5,660975,15469,102807,23449,0.12252090989735141,0.6025232540212755
5067,0.5067,14,14,14,660989,15455,102821,23435,0.12241002407806362,0.6025970686551813
5068,0.5068,20,10,20,660999,15445,102841,23415,0.12233081992142948,0.6025476067936181
5069,0.5069,11,16,11,661015,15429,102852,23404,0.12220409327081486,0.602683284835063
5070,0.507,8,12,8,661027,15417,102860,23396,0.12210904828285389,0.6027877257619869
5071,0.5071,7,7,7,661034,15410,102867,23389,0.12205360537320999,0.6028248150725534
5072,0.5072,9,18,9,661052,15392,102876,23380,0.12191103789126853,0.6030124832353244
5073,0.5073,6,17,6,661069,15375,102882,23374,0.12177639082499049,0.6032155668533381
5074,0.5074,12,12,12,661081,15363,102894,23362,0.12168134583702953,0.6032795351839897
5075,0.5075,8,11,8,661092,15352,102902,23354,0.12159422126473197,0.6033689867204051
5076,0.5076,13,16,13,661108,15336,102915,23341,0.12146749461411735,0.6034852754867234
5077,0.5077,13,13,13,661121,15323,102928,23328,0.12136452921049297,0.6035548886186645
5078,0.5078,11,9,11,661130,15314,102939,23317,0.12129324546952223,0.6035826149983174
5079,0.5079,13,14,13,661144,15300,102952,23304,0.12118235965023444,0.6036680136773391
5080,0.508,6,15,6,661159,15285,102958,23298,0.12106355341528323,0.6038410699012519
5081,0.5081,15,15,15,661174,15270,102973,23283,0.12094474718033202,0.6039218737841413
5082,0.5082,13,11,13,661185,15259,102986,23270,0.12085762260803447,0.6039606530146123
5083,0.5083,9,8,9,661193,15251,102995,23261,0.12079425928272716,0.6039935604486913
5084,0.5084,11,8,11,661201,15243,103006,23250,0.12073089595741984,0.6040059231548593
5085,0.5085,11,11,11,661212,15232,103017,23239,0.12064377138512229,0.6040653999116218
5086,0.5086,8,11,8,661223,15221,103025,23231,0.12055664681282474,0.6041558306460002
5087,0.5087,8,15,8,661238,15206,103033,23223,0.12043784057787353,0.604309245621796
5088,0.5088,11,9,11,661247,15197,103044,23212,0.1203665568369028,0.6043375250592309
5089,0.5089,9,8,9,661255,15189,103053,23203,0.12030319351159549,0.6043707022296312
5090,0.509,4,11,4,661266,15178,103057,23199,0.12021606893929794,0.6045026969278474
5091,0.5091,6,8,6,661274,15170,103063,23193,0.12015270561399062,0.6045669003988218
5092,0.5092,13,6,13,661280,15164,103076,23180,0.12010518312001014,0.6045274358439391
5093,0.5093,16,14,16,661294,15150,103092,23164,0.11999429730072234,0.604583181082633
5094,0.5094,7,10,7,661304,15140,103099,23157,0.1199150931440882,0.6046687730109408
5095,0.5095,8,13,8,661317,15127,103107,23149,0.11981212774046382,0.6047915142648135
5096,0.5096,7,12,7,661329,15115,103114,23142,0.11971708275250285,0.6049089055597668
5097,0.5097,8,10,8,661339,15105,103122,23134,0.1196378785958687,0.6049844399696644
5098,0.5098,6,13,6,661352,15092,103128,23128,0.11953491319224432,0.6051282051282051
5099,0.5099,9,12,9,661364,15080,103137,23119,0.11943986820428336,0.6052252676771643
5100,0.51,6,17,6,661381,15063,103143,23113,0.11930522113800532,0.6054327326068735
5101,0.5101,10,7,10,661388,15056,103153,23103,0.11924977822836143,0.6054403941403077
5102,0.5102,7,8,7,661396,15048,103160,23096,0.11918641490305411,0.605494966442953
5103,0.5103,5,8,5,661404,15040,103165,23091,0.1191230515777468,0.6055702709081849
5104,0.5104,10,12,10,661416,15028,103175,23081,0.11902800658978584,0.6056574562439319
5105,0.5105,4,12,4,661428,15016,103179,23077,0.11893296160182486,0.6058068411519176
5106,0.5106,11,14,11,661442,15002,103190,23066,0.11882207578253706,0.605915729746769
5107,0.5107,17,11,17,661453,14991,103207,23049,0.11873495121023951,0.6059148264984228
5108,0.5108,12,10,12,661463,14981,103219,23037,0.11865574705360538,0.605949813246357
5109,0.5109,13,12,13,661475,14969,103232,23024,0.11856070206564441,0.606006369594399
5110,0.511,13,13,13,661488,14956,103245,23011,0.11845773666202002,0.6060789633102431
5111,0.5111,12,12,12,661500,14944,103257,22999,0.11836269167405905,0.6061460611970587
5112,0.5112,8,11,8,661511,14933,103265,22991,0.1182755671017615,0.6062387933762261
5113,0.5113,8,12,8,661523,14921,103273,22983,0.11818052211380053,0.6063476150274377
5114,0.5114,1,11,1,661534,14910,103274,22982,0.11809339754150298,0.6065132481790352
5115,0.5115,7,11,7,661545,14899,103281,22975,0.11800627296920542,0.6066166763478904
5116,0.5116,11,6,11,661551,14893,103292,22964,0.11795875047522494,0.6065985154660961
5117,0.5117,6,10,6,661561,14883,103298,22958,0.1178795463185908,0.606696440368912
5118,0.5118,10,13,10,661574,14870,103308,22948,0.11777658091496641,0.6068009942355492
5119,0.5119,8,13,8,661587,14857,103316,22940,0.11767361551134203,0.6069264756462153
5120,0.512,13,12,13,661599,14845,103329,22927,0.11757857052338107,0.6069840093190724
5121,0.5121,8,13,8,661612,14832,103337,22919,0.11747560511975669,0.607109745437207
5122,0.5122,12,8,12,661620,14824,103349,22907,0.11741224179444937,0.6071135140865601
5123,0.5123,8,11,8,661631,14813,103357,22899,0.11732511722215182,0.6072072549851506
5124,0.5124,10,11,10,661642,14802,103367,22889,0.11723799264985427,0.6072802525801916
5125,0.5125,12,6,12,661648,14796,103379,22877,0.11719047015587378,0.6072518780028137
5126,0.5126,9,14,9,661662,14782,103388,22868,0.11707958433658598,0.6073837981407703
5127,0.5127,18,8,18,661670,14774,103406,22850,0.11701622101127868,0.6073251116308739
5128,0.5128,8,12,8,661682,14762,103414,22842,0.11692117602331771,0.6074353792149771
5129,0.5129,13,12,13,661694,14750,103427,22829,0.11682613103535673,0.6074935469278054
5130,0.513,6,7,6,661701,14743,103433,22823,0.11677068812571284,0.6075440557951339
5131,0.5131,9,7,9,661708,14736,103442,22814,0.11671524521606894,0.6075632490013315
5132,0.5132,6,8,6,661716,14728,103448,22808,0.11665188189076163,0.6076300085251491
5133,0.5133,10,12,10,661728,14716,103458,22798,0.11655683690280066,0.6077197846137442
5134,0.5134,14,9,14,661737,14707,103472,22784,0.11648555316182993,0.6077191859379585
5135,0.5135,7,12,7,661749,14695,103479,22777,0.11639050817386896,0.6078405209222887
5136,0.5136,10,14,10,661763,14681,103489,22767,0.11627962235458117,0.6079630420850246
5137,0.5137,5,18,5,661781,14663,103494,22762,0.11613705487263971,0.6082030728122912
5138,0.5138,6,5,6,661786,14658,103500,22756,0.11609745279432264,0.6082215213556422
5139,0.5139,16,12,16,661798,14646,103516,22740,0.11600240780636167,0.6082490771946718
5140,0.514,4,9,4,661807,14637,103520,22736,0.11593112406539095,0.6083536242742087
5141,0.5141,10,6,10,661813,14631,103530,22726,0.11588360157141046,0.6083464946328667
5142,0.5142,8,4,8,661817,14627,103538,22718,0.11585191990875682,0.6083277547195073
5143,0.5143,6,11,6,661828,14616,103544,22712,0.11576479533645925,0.6084440634376339
5144,0.5144,12,13,12,661841,14603,103556,22700,0.11566182993283487,0.60853014502855
5145,0.5145,7,9,7,661850,14594,103563,22693,0.11559054619186415,0.6086035347440126
5146,0.5146,9,7,9,661857,14587,103572,22684,0.11553510328222025,0.6086233264468354
5147,0.5147,6,9,6,661866,14578,103578,22678,0.11546381954124953,0.6087073223105003
5148,0.5148,16,12,16,661878,14566,103594,22662,0.11536877455328856,0.6087353604813581
5149,0.5149,14,8,14,661886,14558,103608,22648,0.11530541122798124,0.6087190238133634
5150,0.515,18,9,18,661895,14549,103626,22630,0.11523412748701052,0.6086769412840582
5151,0.5151,10,9,10,661904,14540,103636,22620,0.11516284374603979,0.608719052744887
5152,0.5152,9,12,9,661916,14528,103645,22611,0.11506779875807882,0.6088209160182019
5153,0.5153,4,16,4,661932,14512,103649,22607,0.1149410721074642,0.6090411918424526
5154,0.5154,5,9,5,661941,14503,103654,22602,0.11486978836649347,0.6091362350087589
5155,0.5155,7,11,7,661952,14492,103661,22595,0.11478266379419592,0.609243131016259
5156,0.5156,9,13,9,661965,14479,103670,22586,0.11467969839057154,0.6093619317415352
5157,0.5157,10,8,10,661973,14471,103680,22576,0.11461633506526422,0.6093880746079304
5158,0.5158,6,10,6,661983,14461,103686,22570,0.11453713090863009,0.6094893467635224
5159,0.5159,4,6,4,661989,14455,103690,22566,0.1144896084146496,0.6095459333891575
5160,0.516,13,10,13,661999,14445,103703,22553,0.11441040425801546,0.6095734904589437
5161,0.5161,12,3,12,662002,14442,103715,22541,0.11438664301102522,0.6094962550360976
5162,0.5162,10,9,10,662011,14433,103725,22531,0.1143153592700545,0.6095390109295531
5163,0.5163,11,10,11,662021,14423,103736,22520,0.11423615511342035,0.6095877432801884
5164,0.5164,11,12,11,662033,14411,103747,22509,0.11414111012545938,0.6096695557963163
5165,0.5165,7,13,7,662046,14398,103754,22502,0.114038144721835,0.609810298102981
5166,0.5166,7,11,7,662057,14387,103761,22495,0.11395102014953745,0.6099181172387614
5167,0.5167,13,10,13,662067,14377,103774,22482,0.1138718159929033,0.6099460104723405
5168,0.5168,15,12,15,662079,14365,103789,22467,0.11377677100494234,0.6099858818418766
5169,0.5169,7,10,7,662089,14355,103796,22460,0.1136975668483082,0.6100774140975146
5170,0.517,4,15,4,662104,14340,103800,22456,0.11357876061335699,0.61028372649201
5171,0.5171,7,12,7,662116,14328,103807,22449,0.11348371562539603,0.6104086793376295
5172,0.5172,11,16,11,662132,14312,103818,22438,0.1133569889747814,0.6105578231292517
5173,0.5173,7,10,7,662142,14302,103825,22431,0.11327778481814725,0.61064982440857
5174,0.5174,10,9,10,662151,14293,103835,22421,0.11320650107717653,0.610693468431661
5175,0.5175,5,8,5,662159,14285,103840,22416,0.11314313775186922,0.6107735484046756
5176,0.5176,8,9,8,662168,14276,103848,22408,0.11307185401089849,0.6108385127030859
5177,0.5177,10,10,10,662178,14266,103858,22398,0.11299264985426435,0.6108989744708706
5178,0.5178,10,9,10,662187,14257,103868,22388,0.11292136611329362,0.6109428298540046
5179,0.5179,12,10,12,662197,14247,103880,22376,0.11284216195665948,0.6109821696747946
5180,0.518,8,11,8,662208,14236,103888,22368,0.11275503738436193,0.611080756201508
5181,0.5181,5,15,5,662223,14221,103893,22363,0.11263623114941072,0.6112781543844303
5182,0.5182,14,5,14,662228,14216,103907,22349,0.11259662907109365,0.6112129085190756
5183,0.5183,11,10,11,662238,14206,103918,22338,0.11251742491445951,0.6112631348511384
5184,0.5184,7,14,7,662252,14192,103925,22331,0.11240653909517172,0.6114229389699641
5185,0.5185,15,7,15,662259,14185,103940,22316,0.11235109618552781,0.6113805101230103
5186,0.5186,7,11,7,662270,14174,103947,22309,0.11226397161323026,0.6114902831455746
5187,0.5187,6,15,6,662285,14159,103953,22303,0.11214516537827905,0.6116779112500685
5188,0.5188,13,10,13,662295,14149,103966,22290,0.11206596122164492,0.6117072367518318
5189,0.5189,19,6,19,662301,14143,103985,22271,0.11201843872766443,0.6116054264843193
5190,0.519,10,12,10,662313,14131,103995,22261,0.11192339373970346,0.6117003737085074
5191,0.5191,8,12,8,662325,14119,104003,22253,0.1118283487517425,0.6118167821401078
5192,0.5192,7,12,7,662337,14107,104010,22246,0.11173330376378153,0.6119439936181333
5193,0.5193,16,12,16,662349,14095,104026,22230,0.11163825877582055,0.6119752236751549
5194,0.5194,10,13,10,662362,14082,104036,22220,0.11153529337219617,0.612087488292656
5195,0.5195,16,15,16,662377,14067,104052,22204,0.11141648713724496,0.6121695018058504
5196,0.5196,7,9,7,662386,14058,104059,22197,0.11134520339627424,0.6122465866776996
5197,0.5197,11,8,11,662394,14050,104070,22186,0.11128184007096692,0.612264046804283
5198,0.5198,10,7,10,662401,14043,104080,22176,0.11122639716132303,0.6122753251056076
5199,0.5199,10,11,10,662412,14032,104090,22166,0.11113927258902548,0.61235427371678
5200,0.52,9,8,9,662420,14024,104099,22157,0.11107590926371816,0.6123932450733811
5201,0.5201,6,12,6,662432,14012,104105,22151,0.1109808642757572,0.6125321461161961
5202,0.5202,12,10,12,662442,14002,104117,22139,0.11090166011912306,0.6125729780581611
5203,0.5203,13,20,13,662462,13982,104130,22126,0.11074325180585477,0.6127727927329124
5204,0.5204,7,7,7,662469,13975,104137,22119,0.11068780889621087,0.6128165346040894
5205,0.5205,10,6,10,662475,13969,104147,22109,0.11064028640223039,0.6128111314374411
5206,0.5206,6,11,6,662486,13958,104153,22103,0.11055316182993284,0.612933640220737
5207,0.5207,6,15,6,662501,13943,104159,22097,0.11043435559498163,0.6131243063263041
5208,0.5208,11,11,11,662512,13932,104170,22086,0.11034723102268407,0.6131934032983508
5209,0.5209,9,5,9,662517,13927,104179,22077,0.110307628944367,0.6131818686812577
5210,0.521,1,4,1,662521,13923,104180,22076,0.11027594728171335,0.613239256646018
5211,0.5211,13,11,13,662532,13912,104193,22063,0.1101888227094158,0.6132870048644893
5212,0.5212,10,17,10,662549,13895,104203,22053,0.11005417564313776,0.6134694558807166
5213,0.5213,12,7,12,662556,13888,104215,22041,0.10999873273349385,0.6134598792062123
5214,0.5214,19,10,19,662566,13878,104234,22022,0.10991952857685972,0.6134261838440112
5215,0.5215,5,7,5,662573,13871,104239,22017,0.10986408566721581,0.6134919750334373
5216,0.5216,12,4,12,662577,13867,104251,22005,0.10983240400456216,0.6134310883140054
5217,0.5217,9,11,9,662588,13856,104260,21996,0.1097452794322646,0.6135222581724868
5218,0.5218,8,9,8,662597,13847,104268,21988,0.10967399569129388,0.6135900655783452
5219,0.5219,11,9,11,662606,13838,104279,21977,0.10960271195032316,0.6136255758760296
5220,0.522,7,11,7,662617,13827,104286,21970,0.1095155873780256,0.6137385814453725
5221,0.5221,5,8,5,662625,13819,104291,21965,0.10945222405271829,0.6138218198077353
5222,0.5222,7,7,7,662632,13812,104298,21958,0.10939678114307438,0.6138663684651943
5223,0.5223,11,12,11,662644,13800,104309,21947,0.10930173615511342,0.6139536184854674
5224,0.5224,1,6,1,662650,13794,104310,21946,0.10925421366113294,0.6140458869613878
5225,0.5225,7,9,7,662659,13785,104317,21939,0.10918292992016221,0.6141249580114209
5226,0.5226,4,6,4,662665,13779,104321,21935,0.10913540742618173,0.6141849134793078
5227,0.5227,11,9,11,662674,13770,104332,21924,0.109064123685211,0.6142208774583964
5228,0.5228,5,9,5,662683,13761,104337,21919,0.10899283994424028,0.6143217488789238
5229,0.5229,12,17,12,662700,13744,104349,21907,0.10885819287796224,0.6144848671846512
5230,0.523,18,8,18,662708,13736,104367,21889,0.10879482955265492,0.6144280701754385
5231,0.5231,11,8,11,662716,13728,104378,21878,0.10873146622734761,0.6144470033140482
5232,0.5232,12,5,12,662721,13723,104390,21866,0.10869186414903054,0.6144033268706622
5233,0.5233,13,10,13,662731,13713,104403,21853,0.1086126599923964,0.614435134679188
5234,0.5234,2,12,2,662743,13701,104405,21851,0.10851761500443544,0.6146208370837084
5235,0.5235,14,7,14,662750,13694,104419,21837,0.10846217209479153,0.6145900762714249
5236,0.5236,5,11,5,662761,13683,104424,21832,0.10837504752249398,0.6147261720399831
5237,0.5237,6,17,6,662778,13666,104430,21826,0.10824040045621594,0.6149554829257298
5238,0.5238,14,10,14,662788,13656,104444,21812,0.1081611962995818,0.6149768805683997
5239,0.5239,7,10,7,662798,13646,104451,21805,0.10808199214294766,0.6150743279456151
5240,0.524,11,12,11,662810,13634,104462,21794,0.10798694715498669,0.6151631477927063
5241,0.5241,12,7,12,662817,13627,104474,21782,0.1079315042453428,0.6151543392922704
5242,0.5242,5,6,5,662823,13621,104479,21777,0.10788398175136231,0.6152042488276174
5243,0.5243,4,12,4,662835,13609,104483,21773,0.10778893676340134,0.6153693968684641
5244,0.5244,7,14,7,662849,13595,104490,21766,0.10767805094411355,0.6155368909250304
5245,0.5245,11,10,11,662859,13585,104501,21755,0.10759884678747941,0.6155913978494624
5246,0.5246,9,5,9,662864,13580,104510,21746,0.10755924470916234,0.6155805921983808
5247,0.5247,9,6,9,662870,13574,104519,21737,0.10751172221518185,0.6155872107841749
5248,0.5248,2,14,2,662884,13560,104521,21735,0.10740083639589405,0.615809604759881
5249,0.5249,3,5,3,662889,13555,104524,21732,0.10736123431757699,0.6158641992801882
5250,0.525,8,8,8,662897,13547,104532,21724,0.10729787099226967,0.6159167588103541
5251,0.5251,10,14,10,662911,13533,104542,21714,0.10718698517298188,0.6160524299940421
5252,0.5252,16,7,16,662918,13526,104558,21698,0.10713154226333799,0.6160004542357483
5253,0.5253,13,12,13,662930,13514,104571,21685,0.10703649727537701,0.6160686383135885
5254,0.5254,12,10,12,662940,13504,104583,21673,0.10695729311874287,0.6161128009779117
5255,0.5255,14,11,14,662951,13493,104597,21659,0.10687016854644532,0.6161527082385071
5256,0.5256,6,9,6,662960,13484,104603,21653,0.10679888480547459,0.6162449839200842
5257,0.5257,7,12,7,662972,13472,104610,21646,0.10670383981751362,0.6163790648670198
5258,0.5258,7,11,7,662983,13461,104617,21639,0.10661671524521607,0.6164957264957265
5259,0.5259,13,7,13,662990,13454,104630,21626,0.10656127233557217,0.6164766248574687
5260,0.526,10,15,10,663005,13439,104640,21616,0.10644246610062096,0.6166310084153473
5261,0.5261,11,13,11,663018,13426,104651,21605,0.10633950069699658,0.6167394593360167
5262,0.5262,11,11,11,663029,13415,104662,21594,0.10625237612469902,0.6168128195606843
5263,0.5263,9,7,9,663036,13408,104671,21585,0.10619693321505512,0.6168376532449347
5264,0.5264,9,14,9,663050,13394,104680,21576,0.10608604739576732,0.6169859879897055
5265,0.5265,16,13,16,663063,13381,104696,21560,0.10598308199214294,0.6170401534014481
5266,0.5266,11,14,11,663077,13367,104707,21549,0.10587219617285515,0.6171669148814297
5267,0.5267,12,7,12,663084,13360,104719,21537,0.10581675326321126,0.6171590681147376
5268,0.5268,10,13,10,663097,13347,104729,21527,0.10571378785958688,0.6172793485117852
5269,0.5269,9,10,9,663107,13337,104738,21518,0.10563458370295273,0.6173576244441257
5270,0.527,4,6,4,663113,13331,104742,21514,0.10558706120897225,0.6174200028698522
5271,0.5271,5,7,5,663120,13324,104747,21509,0.10553161829932835,0.6174891625757184
5272,0.5272,6,9,6,663129,13315,104753,21503,0.10546033455835763,0.6175828594405193
5273,0.5273,1,10,1,663139,13305,104754,21502,0.10538113040172348,0.6177493033010601
5274,0.5274,7,13,7,663152,13292,104761,21495,0.1052781649980991,0.6179032397159858
5275,0.5275,12,4,12,663156,13288,104773,21483,0.10524648333544545,0.6178424549193293
5276,0.5276,11,12,11,663168,13276,104784,21472,0.10515143834748447,0.6179348451709451
5277,0.5277,8,8,8,663176,13268,104792,21464,0.10508807502217717,0.6179891742485316
5278,0.5278,12,7,12,663183,13261,104804,21452,0.10503263211253326,0.617981735949068
5279,0.5279,15,6,15,663189,13255,104819,21437,0.10498510961855279,0.6179234405626658
5280,0.528,9,7,9,663196,13248,104828,21428,0.10492966670890888,0.6179490137270734
5281,0.5281,10,9,10,663205,13239,104838,21418,0.10485838296793816,0.617999249790807
5282,0.5282,7,6,7,663211,13233,104845,21411,0.10481086047395767,0.6180290959473502
5283,0.5283,12,13,12,663224,13220,104857,21399,0.10470789507033329,0.6181287732170195
5284,0.5284,6,13,6,663237,13207,104863,21393,0.10460492966670891,0.6182947976878612
5285,0.5285,10,16,10,663253,13191,104873,21383,0.10447820301609428,0.6184705269855961
5286,0.5286,9,4,9,663257,13187,104882,21374,0.10444652135344062,0.6184427533925523
5287,0.5287,13,8,13,663265,13179,104895,21361,0.10438315802813332,0.6184423856398379
5288,0.5288,6,10,6,663275,13169,104901,21355,0.10430395387149918,0.6185552079712664
5289,0.5289,9,11,9,663286,13158,104910,21346,0.10421682929920162,0.6186529098075585
5290,0.529,10,11,10,663297,13147,104920,21336,0.10412970472690407,0.6187396688223182
5291,0.5291,9,10,9,663307,13137,104929,21327,0.10405050057026993,0.6188196378830083
5292,0.5292,7,11,7,663318,13126,104936,21320,0.10396337599797237,0.6189397898159438
5293,0.5293,13,7,13,663325,13119,104949,21307,0.10390793308832848,0.618921745192587
5294,0.5294,12,8,12,663333,13111,104961,21295,0.10384456976302116,0.6189327442887869
5295,0.5295,7,11,7,663344,13100,104968,21288,0.10375744519072361,0.6190531580783994
5296,0.5296,6,13,6,663357,13087,104974,21282,0.10365447978709923,0.6192208094503768
5297,0.5297,5,9,5,663366,13078,104979,21277,0.1035831960461285,0.619327608790569
5298,0.5298,13,13,13,663379,13065,104992,21264,0.10348023064250411,0.6194179847941973
5299,0.5299,6,10,6,663389,13055,104998,21258,0.10340102648586998,0.6195319558184944
5300,0.53,8,13,8,663402,13042,105006,21250,0.1032980610822456,0.6196780590225125
5301,0.5301,6,8,6,663410,13034,105012,21244,0.10323469775693829,0.6197561117918198
5302,0.5302,6,12,6,663422,13022,105018,21238,0.10313965276897731,0.6199065966141273
5303,0.5303,5,16,5,663438,13006,105023,21233,0.10301292611836269,0.6201407751394609
5304,0.5304,10,6,10,663444,13000,105033,21223,0.10296540362438221,0.6201385033457032
5305,0.5305,9,9,9,663453,12991,105042,21214,0.10289411988341148,0.6202017248940214
5306,0.5306,9,8,9,663461,12983,105051,21205,0.10283075655810417,0.6202468702468702
5307,0.5307,4,10,4,663471,12973,105055,21201,0.10275155240147003,0.620383917598174
5308,0.5308,9,9,9,663480,12964,105064,21192,0.1026802686604993,0.6204473591755475
5309,0.5309,5,8,5,663488,12956,105069,21187,0.102616905335192,0.6205371525642153
5310,0.531,11,7,11,663495,12949,105080,21176,0.10256146242554809,0.6205421245421245
5311,0.5311,7,9,7,663504,12940,105087,21169,0.10249017868457737,0.6206279867483655
5312,0.5312,10,8,10,663512,12932,105097,21159,0.10242681535927005,0.6206623449004136
5313,0.5313,13,15,13,663527,12917,105110,21146,0.10230800912431884,0.6207908874732114
5314,0.5314,10,8,10,663535,12909,105120,21136,0.10224464579901153,0.6208253781759436
5315,0.5315,14,8,14,663543,12901,105134,21122,0.10218128247370423,0.6208153308056314
5316,0.5316,10,9,10,663552,12892,105144,21112,0.10210999873273349,0.6208681331608046
5317,0.5317,11,8,11,663560,12884,105155,21101,0.10204663540742619,0.6208915698102104
5318,0.5318,19,8,19,663568,12876,105174,21082,0.10198327208211887,0.6208257258966959
5319,0.5319,9,10,9,663578,12866,105183,21073,0.10190406792548473,0.6209080998261587
5320,0.532,7,8,7,663586,12858,105190,21066,0.10184070460017741,0.6209762999646268
5321,0.5321,5,6,5,663592,12852,105195,21061,0.10179318210619694,0.6210302833721582
5322,0.5322,6,12,6,663604,12840,105201,21055,0.10169813711823597,0.6211830653488715
5323,0.5323,9,14,9,663618,12826,105210,21046,0.10158725129894818,0.6213391591875296
5324,0.5324,10,11,10,663629,12815,105220,21036,0.10150012672665061,0.6214292044548166
5325,0.5325,8,10,8,663639,12805,105228,21028,0.10142092257001648,0.6215233647622144
5326,0.5326,12,10,12,663649,12795,105240,21016,0.10134171841338234,0.6215728609032564
5327,0.5327,8,8,8,663657,12787,105248,21008,0.10127835508807502,0.6216304187009912
5328,0.5328,12,9,12,663666,12778,105260,20996,0.1012070713471043,0.6216616332089773
5329,0.5329,8,8,8,663674,12770,105268,20988,0.10114370802179698,0.6217192961668345
5330,0.533,12,9,12,663683,12761,105280,20976,0.10107242428082626,0.6217506002312002
5331,0.5331,8,13,8,663696,12748,105288,20968,0.10096945887720188,0.6219005813263733
5332,0.5332,9,10,9,663706,12738,105297,20959,0.10089025472056773,0.6219841528919489
5333,0.5333,10,6,10,663712,12732,105307,20949,0.10084273222658725,0.6219827202280217
5334,0.5334,8,6,8,663718,12726,105315,20941,0.10079520973260676,0.6220037425372026
5335,0.5335,7,9,7,663727,12717,105322,20934,0.10072392599163604,0.622091468307034
5336,0.5336,10,9,10,663736,12708,105332,20924,0.10065264225066531,0.6221455756422455
5337,0.5337,10,10,10,663746,12698,105342,20914,0.10057343809403117,0.6222182553849815
5338,0.5338,8,6,8,663752,12692,105350,20906,0.1005259156000507,0.6222394190130365
5339,0.5339,8,11,8,663763,12681,105358,20898,0.10043879102775313,0.6223532564995979
5340,0.534,6,8,6,663771,12673,105364,20892,0.10037542770244583,0.6224340831223
5341,0.5341,10,9,10,663780,12664,105374,20882,0.10030414396147509,0.6224885232218447
5342,0.5342,9,10,9,663790,12654,105383,20873,0.10022493980484096,0.6225728517314403
5343,0.5343,14,10,14,663800,12644,105397,20859,0.10014573564820682,0.6226009611079605
5344,0.5344,10,9,10,663809,12635,105407,20849,0.10007445190723609,0.6226555967029028
5345,0.5345,9,8,9,663817,12627,105416,20840,0.10001108858192878,0.6227029611258852
5346,0.5346,11,8,11,663825,12619,105427,20829,0.09994772525662146,0.6227278163118871
5347,0.5347,9,17,9,663842,12602,105436,20820,0.09981307819034343,0.6229429716952906
5348,0.5348,6,8,6,663850,12594,105442,20814,0.09974971486503612,0.6230244252873564
5349,0.5349,9,9,9,663859,12585,105451,20805,0.0996784311240654,0.6230907457322552
5350,0.535,10,8,10,663867,12577,105461,20795,0.09961506779875808,0.6231271724799233
5351,0.5351,17,15,17,663882,12562,105478,20778,0.09949626156380686,0.6232153569286143
5352,0.5352,11,8,11,663890,12554,105489,20767,0.09943289823849956,0.623240599021638
5353,0.5353,10,11,10,663901,12543,105499,20757,0.09934577366620201,0.6233333333333333
5354,0.5354,11,9,11,663910,12534,105510,20746,0.09927448992523127,0.6233774038461538
5355,0.5355,6,11,6,663921,12523,105516,20740,0.09918736535293372,0.6235156179538827
5356,0.5356,9,5,9,663926,12518,105525,20731,0.09914776327461665,0.6235074739089898
5357,0.5357,12,11,12,663937,12507,105537,20719,0.0990606387023191,0.6235779209053152
5358,0.5358,7,10,7,663947,12497,105544,20712,0.09898143454568496,0.6236863500858201
5359,0.5359,7,5,7,663952,12492,105551,20705,0.09894183246736789,0.6237009368316414
5360,0.536,8,12,8,663964,12480,105559,20697,0.09884678747940692,0.6238357898544172
5361,0.5361,14,10,14,663974,12470,105573,20683,0.09876758332277277,0.6238651102464332
5362,0.5362,14,12,14,663986,12458,105587,20669,0.09867253833481181,0.6239321399462674
5363,0.5363,6,10,6,663996,12448,105593,20663,0.09859333417817767,0.6240524297061399
5364,0.5364,13,7,13,664003,12441,105606,20650,0.09853789126853377,0.6240367471517936
5365,0.5365,9,11,9,664014,12430,105615,20641,0.09845076669623622,0.6241419975204863
5366,0.5366,9,11,9,664025,12419,105624,20632,0.09836364212393867,0.6242473752685244
5367,0.5367,10,8,10,664033,12411,105634,20622,0.09830027879863135,0.6242848061029879
5368,0.5368,13,14,13,664047,12397,105647,20609,0.09818939297934355,0.6244016239471611
5369,0.5369,10,10,10,664057,12387,105657,20599,0.09811018882270942,0.6244770508700661
5370,0.537,7,9,7,664066,12378,105664,20592,0.0980389050817387,0.6245677888989991
5371,0.5371,3,6,3,664072,12372,105667,20589,0.0979913825877582,0.6246473104578137
5372,0.5372,5,14,5,664086,12358,105672,20584,0.09788049676847041,0.6248558071762491
5373,0.5373,6,5,6,664091,12353,105678,20578,0.09784089469015333,0.624882329719717
5374,0.5374,8,5,8,664096,12348,105686,20570,0.09780129261183627,0.6248860805638252
5375,0.5375,9,8,9,664104,12340,105695,20561,0.09773792928652895,0.6249354122974986
5376,0.5376,11,6,11,664110,12334,105706,20550,0.09769040679254848,0.6249239751855006
5377,0.5377,9,6,9,664116,12328,105715,20541,0.09764288429856799,0.6249353494173842
5378,0.5378,10,10,10,664126,12318,105725,20531,0.09756368014193385,0.6250114158726293
5379,0.5379,12,6,12,664132,12312,105737,20519,0.09751615764795336,0.624988577868478
5380,0.538,11,10,11,664142,12302,105748,20508,0.09743695349131923,0.625053337397135
5381,0.5381,14,6,14,664148,12296,105762,20494,0.09738943099733874,0.6250076242756938
5382,0.5382,8,7,8,664155,12289,105770,20486,0.09733398808769485,0.6250495804729215
5383,0.5383,11,13,11,664168,12276,105781,20475,0.09723102268407045,0.6251717504809013
5384,0.5384,7,8,7,664176,12268,105788,20468,0.09716765935876315,0.6252443792766373
5385,0.5385,8,7,8,664183,12261,105796,20460,0.09711221644911924,0.6252865132483726
5386,0.5386,14,5,14,664188,12256,105810,20446,0.09707261437080218,0.6252216989786558
5387,0.5387,9,7,9,664195,12249,105819,20437,0.09701717146115828,0.6252524016398459
5388,0.5388,13,8,13,664203,12241,105832,20424,0.09695380813585097,0.6252563906321751
5389,0.5389,13,8,13,664211,12233,105845,20411,0.09689044481054365,0.62526038475677
5390,0.539,9,5,9,664216,12228,105854,20402,0.09685084273222659,0.6252528348145878
5391,0.5391,7,8,7,664224,12220,105861,20395,0.09678747940691927,0.6253257703510655
5392,0.5392,12,14,12,664238,12206,105873,20383,0.09667659358763148,0.6254564423578508
5393,0.5393,11,12,11,664250,12194,105884,20372,0.09658154859967051,0.6255604004176135
5394,0.5394,9,6,9,664256,12188,105893,20363,0.09653402610569002,0.6255721790421185
5395,0.5395,8,9,8,664265,12179,105901,20355,0.0964627423647193,0.6256531628450237
5396,0.5396,8,7,8,664272,12172,105909,20347,0.0964072994550754,0.6256957471016944
5397,0.5397,11,6,11,664278,12166,105920,20336,0.09635977696109492,0.6256845732570303
5398,0.5398,5,7,5,664285,12159,105925,20331,0.09630433405145102,0.6257617728531856
5399,0.5399,8,16,8,664301,12143,105933,20323,0.09617760740083639,0.6259779461590587
5400,0.54,9,7,9,664308,12136,105942,20314,0.0961221644911925,0.6260092449922958
5401,0.5401,4,12,4,664320,12124,105946,20310,0.09602711950323153,0.6261947339211938
5402,0.5402,10,7,10,664327,12117,105956,20300,0.09597167659358763,0.626214640466422
5403,0.5403,3,10,3,664337,12107,105959,20297,0.0958924724369535,0.6263732872484878
5404,0.5404,8,10,8,664347,12097,105967,20289,0.09581326828031936,0.6264744025196073
5405,0.5405,9,7,9,664354,12090,105976,20280,0.09575782537067545,0.6265060240963856
5406,0.5406,5,5,5,664359,12085,105981,20275,0.09571822329235838,0.6265451174289246
5407,0.5407,6,8,6,664367,12077,105987,20269,0.09565485996705107,0.6266308044271316
5408,0.5408,8,6,8,664373,12071,105995,20261,0.09560733747307058,0.6266547074106149
5409,0.5409,13,7,13,664380,12064,106008,20248,0.09555189456342669,0.6266402574894776
5410,0.541,7,5,7,664385,12059,106015,20241,0.09551229248510962,0.626656346749226
5411,0.5411,10,12,10,664397,12047,106025,20231,0.09541724749714865,0.626773653881901
5412,0.5412,10,10,10,664407,12037,106035,20221,0.09533804334051452,0.6268522537045074
5413,0.5413,12,8,12,664415,12029,106047,20209,0.0952746800152072,0.6268689124635524
5414,0.5414,9,5,9,664420,12024,106056,20200,0.09523507793689012,0.6268619662363456
5415,0.5415,6,7,6,664427,12017,106062,20194,0.09517963502724623,0.6269286889571886
5416,0.5416,11,9,11,664436,12008,106073,20183,0.0951083512862755,0.6269764841104657
5417,0.5417,6,9,6,664445,11999,106079,20177,0.09503706754530478,0.6270822973644953
5418,0.5418,7,5,7,664450,11994,106086,20170,0.0949974654669877,0.6270986195746797
5419,0.5419,7,10,7,664460,11984,106093,20163,0.09491826131035357,0.6272124926120634
5420,0.542,12,8,12,664468,11976,106105,20151,0.09485489798504626,0.6272294331870389
5421,0.5421,7,9,7,664477,11967,106112,20144,0.09478361424407553,0.6273239699791349
5422,0.5422,7,5,7,664482,11962,106119,20137,0.09474401216575846,0.6273404155892707
5423,0.5423,9,8,9,664490,11954,106128,20128,0.09468064884045115,0.6273923072127673
5424,0.5424,14,4,14,664494,11950,106142,20114,0.09464896717779749,0.6273078842315369
5425,0.5425,3,9,3,664503,11941,106145,20111,0.09457768343682676,0.6274491451391488
5426,0.5426,8,6,8,664509,11935,106153,20103,0.09453016094284628,0.6274736250702291
5427,0.5427,8,13,8,664522,11922,106161,20095,0.0944271955392219,0.627635318736921
5428,0.5428,13,6,13,664528,11916,106174,20082,0.09437967304524142,0.6276017251078192
5429,0.5429,7,6,7,664534,11910,106181,20075,0.09433215055126093,0.6276379552915429
5430,0.543,14,10,14,664544,11900,106195,20061,0.0942529463946268,0.6276712243046213
5431,0.5431,4,11,4,664555,11889,106199,20057,0.09416582182232923,0.6278407312339573
5432,0.5432,12,7,12,664562,11882,106211,20045,0.09411037891268534,0.6278385065931656
5433,0.5433,11,9,11,664571,11873,106222,20034,0.09403909517171462,0.627887297458238
5434,0.5434,8,9,8,664580,11864,106230,20026,0.09396781143074388,0.6279711508309815
5435,0.5435,5,8,5,664588,11856,106235,20021,0.09390444810543658,0.6280703955830222
5436,0.5436,10,9,10,664597,11847,106245,20011,0.09383316436446584,0.6281310816749325
5437,0.5437,11,12,11,664609,11835,106256,20000,0.09373811937650488,0.6282393591958536
5438,0.5438,5,9,5,664618,11826,106261,19995,0.09366683563553416,0.6283586310926746
5439,0.5439,10,4,10,664622,11822,106271,19985,0.0936351539728805,0.6283208098846166
5440,0.544,5,5,5,664627,11817,106276,19980,0.09359555189456342,0.6283611661477498
5441,0.5441,7,13,7,664640,11804,106283,19973,0.09349258649093904,0.62853636277811
5442,0.5442,9,10,9,664650,11794,106292,19964,0.0934133823343049,0.6286290068644121
5443,0.5443,9,8,9,664658,11786,106301,19955,0.09335001900899759,0.62868214612016
5444,0.5444,10,9,10,664667,11777,106311,19945,0.09327873526802687,0.6287434587983103
5445,0.5445,10,9,10,664676,11768,106321,19935,0.09320745152705615,0.6288048449673532
5446,0.5446,10,12,10,664688,11756,106331,19925,0.09311240653909517,0.6289258546131751
5447,0.5447,9,11,9,664699,11745,106340,19916,0.09302528196679762,0.629038880641799
5448,0.5448,7,16,7,664715,11729,106347,19909,0.09289855531618299,0.6292749225614767
5449,0.5449,8,13,8,664728,11716,106355,19901,0.09279558991255861,0.6294398583040769
5450,0.545,13,8,13,664736,11708,106368,19888,0.0927322265872513,0.6294467654133434
5451,0.5451,6,4,6,664740,11704,106374,19882,0.09270054492459764,0.6294560881403153
5452,0.5452,9,4,9,664744,11700,106383,19873,0.09266886326194398,0.6294302093560954
5453,0.5453,15,9,15,664753,11691,106398,19858,0.09259757952097326,0.6294335795112365
5454,0.5454,4,14,4,664767,11677,106402,19854,0.09248669370168547,0.6296660429418668
5455,0.5455,8,11,8,664778,11666,106410,19846,0.0923995691293879,0.6297918253363798
5456,0.5456,7,18,7,664796,11648,106417,19839,0.09225700164744646,0.6300695525137359
5457,0.5457,14,7,14,664803,11641,106431,19825,0.09220155873780256,0.6300451280747473
5458,0.5458,8,8,8,664811,11633,106439,19817,0.09213819541249525,0.6301112877583466
5459,0.5459,10,12,10,664823,11621,106449,19807,0.09204315042453427,0.6302341860761105
5460,0.546,6,7,6,664830,11614,106455,19801,0.09198770751489038,0.6303039949068916
5461,0.5461,9,12,9,664842,11602,106464,19792,0.09189266252692942,0.6304389373765688
5462,0.5462,10,16,10,664858,11586,106474,19782,0.09176593587631479,0.6306426931905126
5463,0.5463,9,12,9,664870,11574,106483,19773,0.09167089088835383,0.630778064886592
5464,0.5464,11,9,11,664879,11565,106494,19762,0.09159960714738309,0.6308296357774443
5465,0.5465,8,7,8,664886,11558,106502,19754,0.0915441642377392,0.6308763413387839
5466,0.5466,10,9,10,664895,11549,106512,19744,0.09147288049676847,0.6309398267983255
5467,0.5467,7,11,7,664906,11538,106519,19737,0.09138575592447092,0.6310791366906475
5468,0.5468,8,9,8,664915,11529,106527,19729,0.0913144721835002,0.6311664213961226
5469,0.5469,11,8,11,664923,11521,106538,19718,0.09125110885819288,0.6311981817599795
5470,0.547,6,8,6,664931,11513,106544,19712,0.09118774553288557,0.63128903122498
5471,0.5471,14,12,14,664943,11501,106558,19698,0.0910927005449246,0.6313663899483958
5472,0.5472,8,10,8,664953,11491,106566,19690,0.09101349638829045,0.6314742952438985
5473,0.5473,13,6,13,664959,11485,106579,19677,0.09096597389430998,0.631442141069251
5474,0.5474,9,8,9,664967,11477,106588,19668,0.09090261056900266,0.6314978327179323
5475,0.5475,4,11,4,664978,11466,106592,19664,0.09081548599670511,0.6316736267266303
5476,0.5476,5,15,5,664993,11451,106597,19659,0.0906966797617539,0.6319189971070396
5477,0.5477,9,11,9,665004,11440,106606,19650,0.09060955518945635,0.6320360244451592
5478,0.5478,10,4,10,665008,11436,106616,19640,0.09057787352680269,0.6319989702664436
5479,0.5479,11,9,11,665017,11427,106627,19629,0.09050658978583197,0.6320517774343122
5480,0.548,4,7,4,665024,11420,106631,19625,0.09045114687618806,0.6321468835561282
5481,0.5481,10,15,10,665039,11405,106641,19615,0.09033234064123685,0.6323339780786589
5482,0.5482,7,7,7,665046,11398,106648,19608,0.09027689773159295,0.6323937302457588
5483,0.5483,7,7,7,665053,11391,106655,19601,0.09022145482194906,0.6324535363964894
5484,0.5484,7,8,7,665061,11383,106662,19594,0.09015809149664174,0.6325338154114343
5485,0.5485,10,9,10,665070,11374,106672,19584,0.09008680775567102,0.6325990051036888
5486,0.5486,3,6,3,665076,11368,106675,19581,0.09003928526169053,0.6326860318588646
5487,0.5487,10,6,10,665082,11362,106685,19571,0.08999176276771005,0.6326900074354249
5488,0.5488,12,7,12,665089,11355,106697,19559,0.08993631985806615,0.6326906903021284
5489,0.5489,14,11,14,665100,11344,106711,19545,0.0898491952857686,0.6327495224837321
5490,0.549,14,9,14,665109,11335,106725,19531,0.08977791154479788,0.6327674463811314
5491,0.5491,16,10,16,665119,11325,106741,19515,0.08969870738816373,0.6327821011673151
5492,0.5492,9,11,9,665130,11314,106750,19506,0.08961158281586618,0.6329007138221934
5493,0.5493,12,13,12,665143,11301,106762,19494,0.0895086174122418,0.6330248416950803
5494,0.5494,13,5,13,665148,11296,106775,19481,0.08946901533392472,0.632972674399714
5495,0.5495,8,6,8,665154,11290,106783,19473,0.08942149283994424,0.6330006826382343
5496,0.5496,3,12,3,665166,11278,106786,19470,0.08932644785198328,0.6332119162221933
5497,0.5497,7,9,7,665175,11269,106793,19463,0.08925516411101254,0.6333138097097488
5498,0.5498,8,7,8,665182,11262,106801,19455,0.08919972120136865,0.6333626330696357
5499,0.5499,3,6,3,665188,11256,106804,19452,0.08915219870738816,0.6334505666275889
5500,0.55,9,12,9,665200,11244,106813,19443,0.0890571537194272,0.6335907713363965
5501,0.5501,8,4,8,665204,11240,106821,19435,0.08902547205677354,0.6335778321108394
5502,0.5502,17,13,17,665217,11227,106838,19418,0.08892250665314916,0.6336433349649209
5503,0.5503,6,8,6,665225,11219,106844,19412,0.08885914332784184,0.633737063758937
5504,0.5504,11,8,11,665233,11211,106855,19401,0.08879578000253453,0.6337710701685614
5505,0.5505,7,6,7,665239,11205,106862,19394,0.08874825750855404,0.6338115624693618
5506,0.5506,12,10,12,665249,11195,106874,19382,0.08866905335191991,0.633875134905321
5507,0.5507,4,14,4,665263,11181,106878,19378,0.08855816753263211,0.6341176085604896
5508,0.5508,12,9,12,665272,11172,106890,19366,0.08848688379166139,0.6341607177942236
5509,0.5509,6,11,6,665283,11161,106896,19360,0.08839975921936383,0.634317355263589
5510,0.551,9,10,9,665293,11151,106905,19351,0.08832055506272969,0.6344174152514589
5511,0.5511,11,4,11,665297,11147,106916,19340,0.08828887340007603,0.6343687473349297
5512,0.5512,12,11,12,665308,11136,106928,19328,0.08820174882777848,0.634453781512605
5513,0.5513,8,9,8,665317,11127,106936,19320,0.08813046508680776,0.6345452753965908
5514,0.5514,6,9,6,665326,11118,106942,19314,0.08805918134583703,0.6346608832807571
5515,0.5515,5,6,5,665332,11112,106947,19309,0.08801165885185655,0.6347260116366983
5516,0.5516,7,9,7,665341,11103,106954,19302,0.08794037511088582,0.6348297977306364
5517,0.5517,10,7,10,665348,11096,106964,19292,0.08788493220124192,0.6348558641569041
5518,0.5518,6,8,6,665356,11088,106970,19286,0.0878215688759346,0.6349509448870745
5519,0.5519,15,9,15,665365,11079,106985,19271,0.08775028513496388,0.6349588138385502
5520,0.552,6,7,6,665372,11072,106991,19265,0.08769484222531998,0.6350331278636648
5521,0.5521,8,8,8,665380,11064,106999,19257,0.08763147890001267,0.6351043831008212
5522,0.5522,8,11,8,665391,11053,107007,19249,0.08754435432771512,0.6352385981123359
5523,0.5523,10,4,10,665395,11049,107017,19239,0.08751267266506146,0.6352020602218701
5524,0.5524,6,8,6,665403,11041,107023,19233,0.08744930933975414,0.6352976151152805
5525,0.5525,8,5,8,665408,11036,107031,19225,0.08740970726143708,0.6353061696573147
5526,0.5526,9,9,9,665417,11027,107040,19216,0.08733842352046635,0.6353867010547896
5527,0.5527,8,15,8,665432,11012,107048,19208,0.08721961728551514,0.6356055592322964
5528,0.5528,8,7,8,665439,11005,107056,19200,0.08716417437587125,0.6356563482867075
5529,0.5529,8,7,8,665446,10998,107064,19192,0.08710873146622734,0.6357071878105333
5530,0.553,7,13,7,665459,10985,107071,19185,0.08700576606260296,0.6358965860125952
5531,0.5531,4,6,4,665465,10979,107075,19181,0.08695824356862249,0.635974801061008
5532,0.5532,9,7,9,665472,10972,107084,19172,0.08690280065897858,0.6360138004246284
5533,0.5533,10,5,10,665477,10967,107094,19162,0.08686319858066151,0.6359985396129975
5534,0.5534,9,3,9,665480,10964,107103,19153,0.08683943733367128,0.6359531161802304
5535,0.5535,12,10,12,665490,10954,107115,19141,0.08676023317703713,0.6360192723043695
5536,0.5536,10,6,10,665496,10948,107125,19131,0.08671271068305665,0.636025133814289
5537,0.5537,5,14,5,665510,10934,107130,19126,0.08660182486376886,0.6362608117099136
5538,0.5538,8,7,8,665517,10927,107138,19118,0.08654638195412495,0.636312198369113
5539,0.5539,4,7,4,665524,10920,107142,19114,0.08649093904448106,0.6364120663248318
5540,0.554,6,5,6,665529,10915,107148,19108,0.08645133696616399,0.6364453918662358
5541,0.5541,7,6,7,665535,10909,107155,19101,0.0864038144721835,0.6364878373875374
5542,0.5542,6,3,6,665538,10906,107161,19095,0.08638005322519325,0.6364787840405319
5543,0.5543,11,7,11,665545,10899,107172,19084,0.08632461031554936,0.6364940132741888
5544,0.5544,6,7,6,665552,10892,107178,19078,0.08626916740590546,0.6365699032365699
5545,0.5545,9,9,9,665561,10883,107187,19069,0.08619788366493474,0.6366519764957265
5546,0.5546,10,2,10,665563,10881,107197,19059,0.0861820428336079,0.6365731462925852
5547,0.5547,7,6,7,665569,10875,107204,19052,0.08613452033962743,0.6366157650282354
5548,0.5548,9,9,9,665578,10866,107213,19043,0.0860632365986567,0.6366979838844495
5549,0.5549,8,8,8,665586,10858,107221,19035,0.08599987327334939,0.6367711504365571
5550,0.555,14,6,14,665592,10852,107235,19021,0.0859523507793689,0.6367288186656848
5551,0.5551,10,7,10,665599,10845,107245,19011,0.08589690786972501,0.6367564308681672
5552,0.5552,6,9,6,665608,10836,107251,19005,0.08582562412875427,0.6368754398311048
5553,0.5553,7,5,7,665613,10831,107258,18998,0.08578602205043721,0.6368969794495289
5554,0.5554,8,9,8,665622,10822,107266,18990,0.08571473830946648,0.6369918153763585
5555,0.5555,10,7,10,665629,10815,107276,18980,0.08565929539982259,0.6370196341668065
5556,0.5556,8,6,8,665635,10809,107284,18972,0.0856117729058421,0.6370504684194621
5557,0.5557,12,8,12,665643,10801,107296,18960,0.08554840958053479,0.6370753670911595
5558,0.5558,9,8,9,665651,10793,107305,18951,0.08548504625522747,0.6371369015599785
5559,0.5559,15,4,15,665655,10789,107320,18936,0.08545336459257381,0.6370395290159798
5560,0.556,10,8,10,665663,10781,107330,18926,0.08539000126726651,0.6370889016056822
5561,0.5561,8,11,8,665674,10770,107338,18918,0.08530287669496896,0.6372271624898949
5562,0.5562,9,10,9,665684,10760,107347,18909,0.08522367253833481,0.6373318952441943
5563,0.5563,6,10,6,665694,10750,107353,18903,0.08514446838170067,0.6374734428219742
5564,0.5564,7,8,7,665702,10742,107360,18896,0.08508110505639337,0.637559889331264
5565,0.5565,12,4,12,665706,10738,107372,18884,0.0850494233937397,0.6374991560326784
5566,0.5566,12,10,12,665716,10728,107384,18872,0.08497021923710556,0.6375675675675676
5567,0.5567,6,4,6,665720,10724,107390,18866,0.08493853757445191,0.6375802636025685
5568,0.5568,17,6,17,665726,10718,107407,18849,0.08489101508047142,0.6375012683058816
5569,0.5569,7,7,7,665733,10711,107414,18842,0.08483557217082753,0.6375664061178222
5570,0.557,7,4,7,665737,10707,107421,18835,0.08480389050817387,0.6375668539706181
5571,0.5571,9,3,9,665740,10704,107430,18826,0.08478012926118363,0.6375211649170335
5572,0.5572,8,7,8,665747,10697,107438,18818,0.08472468635153974,0.6375741148568524
5573,0.5573,6,9,6,665756,10688,107444,18812,0.084653402610569,0.6376949152542373
5574,0.5574,5,7,5,665763,10681,107449,18807,0.08459795970092511,0.6377848616386327
5575,0.5575,13,10,13,665773,10671,107462,18794,0.08451875554429096,0.6378415068725607
5576,0.5576,10,14,10,665787,10657,107472,18784,0.08440786972500317,0.6380218063245134
5577,0.5577,8,9,8,665796,10648,107480,18776,0.08433658598403244,0.6381185426862426
5578,0.5578,9,5,9,665801,10643,107489,18767,0.08429698390571537,0.6381162869772187
5579,0.5579,6,6,6,665807,10637,107495,18761,0.0842494614117349,0.6381726648071298
5580,0.558,8,5,8,665812,10632,107503,18753,0.08420985933341782,0.6381827462991322
5581,0.5581,9,13,9,665825,10619,107512,18744,0.08410689392979344,0.6383543915812417
5582,0.5582,11,5,11,665830,10614,107523,18733,0.08406729185147636,0.6383275973694075
5583,0.5583,9,8,9,665838,10606,107532,18724,0.08400392852616906,0.6383907262188885
5584,0.5584,11,10,11,665848,10596,107543,18713,0.08392472436953491,0.6384728240472209
5585,0.5585,14,7,14,665855,10589,107557,18699,0.08386928145989102,0.6384526085768916
5586,0.5586,10,8,10,665863,10581,107567,18689,0.0838059181345837,0.6385035872907414
5587,0.5587,9,6,9,665869,10575,107576,18680,0.08375839564060322,0.638523329345411
5588,0.5588,5,5,5,665874,10570,107581,18675,0.08371879356228615,0.6385706958454437
5589,0.5589,10,10,10,665884,10560,107591,18665,0.08363958940565201,0.6386655260906758
5590,0.559,9,9,9,665893,10551,107600,18656,0.08356830566468128,0.6387509843530661
5591,0.5591,6,10,6,665903,10541,107606,18650,0.08348910150804714,0.6388955499982871
5592,0.5592,12,8,12,665911,10533,107618,18638,0.08342573818273984,0.638922217270577
5593,0.5593,4,8,4,665919,10525,107622,18634,0.08336237485743252,0.6390479783257313
5594,0.5594,5,7,5,665926,10518,107627,18629,0.08330693194778863,0.6391395340858408
5595,0.5595,6,12,6,665938,10506,107633,18623,0.08321188695982765,0.6393285042397611
5596,0.5596,6,9,6,665947,10497,107639,18617,0.08314060321885693,0.6394518101257127
5597,0.5597,6,12,6,665959,10485,107645,18611,0.08304555823089596,0.6396411877921364
5598,0.5598,10,11,10,665970,10474,107655,18601,0.08295843365859841,0.6397592433361995
5599,0.5599,12,8,12,665978,10466,107667,18589,0.08289507033329109,0.6397866115986921
5600,0.56,2,7,2,665985,10459,107669,18587,0.0828396274236472,0.6399159953177718
5601,0.5601,10,12,10,665997,10447,107679,18577,0.08274458243568622,0.6400565049614112
5602,0.5602,14,5,14,666002,10442,107693,18563,0.08270498035736916,0.6399931046371315
5603,0.5603,11,11,11,666013,10431,107704,18552,0.0826178557850716,0.6400993685953835
5604,0.5604,7,4,7,666017,10427,107711,18545,0.08258617412241795,0.6401007869667265
5605,0.5605,5,7,5,666024,10420,107716,18540,0.08253073121277404,0.6401933701657458
5606,0.5606,8,5,8,666029,10415,107724,18532,0.08249112913445697,0.6402045116937852
5607,0.5607,9,9,9,666038,10406,107733,18523,0.08241984539348625,0.6402917487642158
5608,0.5608,5,6,5,666044,10400,107738,18518,0.08237232289950576,0.6403624040390068
5609,0.5609,8,8,8,666052,10392,107746,18510,0.08230895957419845,0.6404401079510068
5610,0.561,8,10,8,666062,10382,107754,18502,0.08222975541756432,0.6405622489959839
5611,0.5611,4,6,4,666068,10376,107758,18498,0.08218223292358383,0.6406455634827181
5612,0.5612,7,7,7,666075,10369,107765,18491,0.08212679001393994,0.6407137907137908
5613,0.5613,11,8,11,666083,10361,107776,18480,0.08206342668863262,0.6407544814673555
5614,0.5614,14,7,14,666090,10354,107790,18466,0.08200798377898873,0.640735600277585
5615,0.5615,7,6,7,666096,10348,107797,18459,0.08196046128500824,0.640781754434686
5616,0.5616,8,6,8,666102,10342,107805,18451,0.08191293879102775,0.640815475983746
5617,0.5617,8,10,8,666112,10332,107813,18443,0.08183373463439361,0.6409383145091225
5618,0.5618,8,7,8,666119,10325,107821,18435,0.08177829172474972,0.6409944367176634
5619,0.5619,12,7,12,666126,10318,107833,18423,0.08172284881510582,0.6410006610765109
5620,0.562,6,12,6,666138,10306,107839,18417,0.08162780382714485,0.641193468648818
5621,0.5621,9,5,9,666143,10301,107848,18408,0.08158820174882778,0.6411926573548364
5622,0.5622,11,9,11,666152,10292,107859,18397,0.08151691800785706,0.6412562306110355
5623,0.5623,3,9,3,666161,10283,107862,18394,0.08144563426688632,0.6414199532726576
5624,0.5624,10,4,10,666165,10279,107872,18384,0.08141395260423268,0.6413843631162125
5625,0.5625,8,5,8,666170,10274,107880,18376,0.0813743505259156,0.6413961605584643
5626,0.5626,8,10,8,666180,10264,107888,18368,0.08129514636928147,0.6415199776473876
5627,0.5627,8,8,8,666188,10256,107896,18360,0.08123178304397415,0.6415991053955828
5628,0.5628,4,8,4,666196,10248,107900,18356,0.08116841971866684,0.6417284295902671
5629,0.5629,12,9,12,666205,10239,107912,18344,0.0810971359776961,0.6417800790679775
5630,0.563,10,10,10,666215,10229,107922,18334,0.08101793182106197,0.6418793544095508
5631,0.5631,2,4,2,666219,10225,107924,18332,0.08098625015840831,0.641944181811815
5632,0.5632,9,7,9,666226,10218,107933,18323,0.08093080724876442,0.6419887179846536
5633,0.5633,7,5,7,666231,10213,107940,18316,0.08089120517044734,0.6420133898839777
5634,0.5634,6,7,6,666238,10206,107946,18310,0.08083576226080345,0.642095665591247
5635,0.5635,13,6,13,666244,10200,107959,18297,0.08078823976682296,0.6420675860616907
5636,0.5636,10,6,10,666250,10194,107969,18287,0.08074071727284247,0.6420771742565219
5637,0.5637,8,8,8,666258,10186,107977,18279,0.08067735394753517,0.6421570349552082
5638,0.5638,8,5,8,666263,10181,107985,18271,0.0806377518692181,0.6421692675383102
5639,0.5639,11,4,11,666267,10177,107996,18260,0.08060607020656443,0.6421211801526181
5640,0.564,6,9,6,666276,10168,108002,18254,0.08053478646559371,0.6422489620716346
5641,0.5641,5,6,5,666282,10162,108007,18249,0.08048726397161322,0.6423216359860617
5642,0.5642,10,11,10,666293,10151,108017,18239,0.08040013939931567,0.6424445227192673
5643,0.5643,6,7,6,666300,10144,108023,18233,0.08034469648967178,0.6425273989498538
5644,0.5644,8,5,8,666305,10139,108031,18225,0.08030509441135471,0.6425398392328303
5645,0.5645,8,10,8,666315,10129,108039,18217,0.08022589025472057,0.6426656318351796
5646,0.5646,10,8,10,666323,10121,108049,18207,0.08016252692941325,0.6427209827732279
5647,0.5647,5,8,5,666331,10113,108054,18202,0.08009916360410595,0.6428394843722408
5648,0.5648,12,11,12,666342,10102,108066,18190,0.08001203903180838,0.6429379329845892
5649,0.5649,12,7,12,666349,10095,108078,18178,0.07995659612216449,0.6429455664414813
5650,0.565,9,12,9,666361,10083,108087,18169,0.07986155113420353,0.6431049129265185
5651,0.5651,9,7,9,666368,10076,108096,18160,0.07980610822455962,0.6431505879019691
5652,0.5652,8,8,8,666376,10068,108104,18152,0.07974274489925232,0.6432317505315379
5653,0.5653,9,8,9,666384,10060,108113,18143,0.079679381573945,0.6433003581179307
5654,0.5654,12,9,12,666393,10051,108125,18131,0.07960809783297428,0.6433539138457172
5655,0.5655,7,8,7,666401,10043,108132,18124,0.07954473450766696,0.643448006532467
5656,0.5656,10,10,10,666411,10033,108142,18114,0.07946553035103282,0.6435499342736348
5657,0.5657,10,7,10,666418,10026,108152,18104,0.07941008744138893,0.6435833629576964
5658,0.5658,10,5,10,666423,10021,108162,18094,0.07937048536307185,0.6435710474835497
5659,0.5659,7,7,7,666430,10014,108169,18087,0.07931504245342795,0.643642574997331
5660,0.566,10,10,10,666440,10004,108179,18077,0.07923583829679381,0.6437448808803106
5661,0.5661,8,5,8,666445,9999,108187,18069,0.07919623621847674,0.6437580162462591
5662,0.5662,10,6,10,666451,9993,108197,18059,0.07914871372449626,0.64376871524312
5663,0.5663,10,9,10,666460,9984,108207,18049,0.07907742998352553,0.6438483216209467
5664,0.5664,5,7,5,666467,9977,108212,18044,0.07902198707388164,0.6439456122194068
5665,0.5665,4,9,4,666476,9968,108216,18040,0.0789507033329109,0.6441016852327907
5666,0.5666,7,7,7,666483,9961,108223,18033,0.07889526042326701,0.6441737515181825
5667,0.5667,5,6,5,666489,9955,108228,18028,0.07884773792928652,0.6442482936068327
5668,0.5668,9,4,9,666493,9951,108237,18019,0.07881605626663288,0.6442259563818377
5669,0.5669,6,4,6,666497,9947,108243,18013,0.07878437460397922,0.644241773962804
5670,0.567,10,11,10,666508,9936,108253,18003,0.07869725003168167,0.6443680876194566
5671,0.5671,6,5,6,666513,9931,108259,17997,0.07865764795336459,0.6444070466914924
5672,0.5672,6,8,6,666521,9923,108265,17991,0.07859428462805729,0.6445152969835924
5673,0.5673,6,4,6,666525,9919,108271,17985,0.07856260296540363,0.64453125
5674,0.5674,6,10,6,666535,9909,108277,17979,0.07848339880876948,0.6446858864027539
5675,0.5675,8,7,8,666542,9902,108285,17971,0.07842795589912559,0.6447458113586625
5676,0.5676,5,2,5,666544,9900,108290,17966,0.07841211506779876,0.6447283427833201
5677,0.5677,15,7,15,666551,9893,108305,17951,0.07835667215815487,0.6446990374946129
5678,0.5678,11,9,11,666560,9884,108316,17940,0.07828538841718413,0.644767107533065
5679,0.5679,9,5,9,666565,9879,108325,17931,0.07824578633886706,0.6447680690399137
5680,0.568,7,9,7,666574,9870,108332,17924,0.07817450259789634,0.6448873857667122
5681,0.5681,6,3,6,666577,9867,108338,17918,0.07815074135090609,0.6448803311139104
5682,0.5682,10,5,10,666582,9862,108348,17908,0.07811113927258903,0.6448685631976954
5683,0.5683,9,6,9,666588,9856,108357,17899,0.07806361677860854,0.6448928121059269
5684,0.5684,9,11,9,666599,9845,108366,17890,0.07797649220631099,0.6450333513610961
5685,0.5685,6,7,6,666606,9838,108372,17884,0.07792104929666709,0.6451193997547074
5686,0.5686,11,8,11,666614,9830,108383,17873,0.07785768597135978,0.6451647835974443
5687,0.5687,7,6,7,666620,9824,108390,17866,0.07781016347737929,0.6452148790176959
5688,0.5688,8,13,8,666633,9811,108398,17858,0.07770719807375491,0.6454154468900213
5689,0.5689,7,3,7,666636,9808,108405,17851,0.07768343682676467,0.6453957120647891
5690,0.569,5,6,5,666642,9802,108410,17846,0.07763591433278419,0.6454716435185185
5691,0.5691,14,6,14,666648,9796,108424,17832,0.0775883918388037,0.645432170262053
5692,0.5692,12,4,12,666652,9792,108436,17820,0.07755671017615004,0.6453715775749674
5693,0.5693,8,10,8,666662,9782,108444,17812,0.0774775060195159,0.6455026455026455
5694,0.5694,3,5,3,666667,9777,108447,17809,0.07743790394119883,0.6455810918581889
5695,0.5695,10,7,10,666674,9770,108457,17799,0.07738246103155494,0.6456164532627227
5696,0.5696,6,8,6,666682,9762,108463,17793,0.07731909770624762,0.645726728361459
5697,0.5697,6,6,6,666688,9756,108469,17787,0.07727157521226714,0.6457902189303998
5698,0.5698,8,7,8,666695,9749,108477,17779,0.07721613230262324,0.6458514966579483
5699,0.5699,13,6,13,666701,9743,108490,17766,0.07716860980864276,0.6458250027263804
5700,0.57,10,9,10,666710,9734,108500,17756,0.07709732606767203,0.6459076027646417
5701,0.5701,11,11,11,666721,9723,108511,17745,0.07701020149537448,0.6460244648318043
5702,0.5702,7,9,7,666730,9714,108518,17738,0.07693891775440376,0.6461460002914178
5703,0.5703,14,12,14,666742,9702,108532,17724,0.07684387276644278,0.6462480857580398
5704,0.5704,4,6,4,666748,9696,108536,17720,0.0767963502724623,0.6463379048730669
5705,0.5705,8,8,8,666756,9688,108544,17712,0.07673298694715498,0.6464233576642335
5706,0.5706,11,13,11,666769,9675,108555,17701,0.0766300215435306,0.6465882524839275
5707,0.5707,4,9,4,666778,9666,108559,17697,0.07655873780255988,0.6467492599495669
5708,0.5708,7,7,7,666785,9659,108566,17690,0.07650329489291598,0.6468243811473912
5709,0.5709,7,4,7,666789,9655,108573,17683,0.07647161323026233,0.6468285902406906
5710,0.571,8,4,8,666793,9651,108581,17675,0.07643993156760867,0.6468198785039889
5711,0.5711,11,14,11,666807,9637,108592,17664,0.07632904574832088,0.6470092670598147
5712,0.5712,6,8,6,666815,9629,108598,17658,0.07626568242301356,0.6471213398321545
5713,0.5713,8,6,8,666821,9623,108606,17650,0.07621815992903308,0.647160195064716
5714,0.5714,5,8,5,666829,9615,108611,17645,0.07615479660372576,0.6472853998532648
5715,0.5715,12,1,12,666830,9614,108623,17633,0.07614687618806235,0.64715381509891
5716,0.5716,3,9,3,666839,9605,108626,17630,0.07607559244709163,0.6473288048467046
5717,0.5717,7,8,7,666847,9597,108633,17623,0.0760122291217843,0.6474283614988978
5718,0.5718,12,10,12,666857,9587,108645,17611,0.07593302496515017,0.6475108463857636
5719,0.5719,11,10,11,666867,9577,108656,17600,0.07585382080851603,0.6476064319093351
5720,0.572,6,4,6,666871,9573,108662,17594,0.07582213914586237,0.647623955534288
5721,0.5721,10,4,10,666875,9569,108672,17584,0.07579045748320871,0.6475895849445733
5722,0.5722,3,4,3,666879,9565,108675,17581,0.07575877582055507,0.6476460620349223
5723,0.5723,11,9,11,666888,9556,108686,17570,0.07568749207958433,0.6477180564771806
5724,0.5724,6,9,6,666897,9547,108692,17564,0.07561620833861361,0.647855114160304
5725,0.5725,9,6,9,666903,9541,108701,17555,0.07556868584463312,0.6478816061411279
5726,0.5726,11,11,11,666914,9530,108712,17544,0.07548156127233557,0.6480017729186673
5727,0.5727,7,4,7,666918,9526,108719,17537,0.07544987960968191,0.6480065033440491
5728,0.5728,11,8,11,666926,9518,108730,17526,0.07538651628437461,0.6480550214465316
5729,0.5729,15,3,15,666929,9515,108745,17511,0.07536275503738436,0.6479316214016133
5730,0.573,7,9,7,666938,9506,108752,17504,0.07529147129641364,0.6480562754535357
5731,0.5731,3,9,3,666947,9497,108755,17501,0.07522018755544291,0.6482332024594415
5732,0.5732,5,9,5,666956,9488,108760,17496,0.07514890381447219,0.6483842276904832
5733,0.5733,9,6,9,666962,9482,108769,17487,0.0751013813204917,0.6484111387148207
5734,0.5734,12,7,12,666969,9475,108781,17475,0.0750459384108478,0.6484230055658627
5735,0.5735,8,6,8,666975,9469,108789,17467,0.07499841591686732,0.6484630234630234
5736,0.5736,1,6,1,666981,9463,108790,17466,0.07495089342288683,0.6485944520776857
5737,0.5737,4,9,4,666990,9454,108794,17462,0.0748796096819161,0.6487591023926289
5738,0.5738,12,8,12,666998,9446,108806,17450,0.0748162463566088,0.6487953599048185
5739,0.5739,7,6,7,667004,9440,108813,17443,0.07476872386262831,0.6488487148011755
5740,0.574,8,8,8,667012,9432,108821,17435,0.07470536053732099,0.648937358097294
5741,0.5741,11,7,11,667019,9425,108832,17424,0.0746499176276771,0.6489627174196432
5742,0.5742,7,10,7,667029,9415,108839,17417,0.07457071347104297,0.649112999403697
5743,0.5743,8,5,8,667034,9410,108847,17409,0.07453111139272589,0.6491293485961446
5744,0.5744,9,9,9,667043,9401,108856,17400,0.07445982765175517,0.649229506361703
5745,0.5745,12,4,12,667047,9397,108868,17388,0.07442814598910151,0.6491693111816315
5746,0.5746,10,7,10,667054,9390,108878,17378,0.0743727030794576,0.6492080095636581
5747,0.5747,11,6,11,667060,9384,108889,17367,0.07432518058547713,0.6492093753504542
5748,0.5748,12,3,12,667063,9381,108901,17355,0.07430141933848688,0.6491247755834829
5749,0.5749,10,8,10,667071,9373,108911,17345,0.07423805601317957,0.6491878134590913
5750,0.575,5,3,5,667074,9370,108916,17340,0.07421429476618933,0.6491950580307001
5751,0.5751,7,4,7,667078,9366,108923,17333,0.07418261310353567,0.6492003445821941
5752,0.5752,6,5,6,667083,9361,108929,17327,0.0741430110252186,0.6492431055155875
5753,0.5753,6,6,6,667089,9355,108935,17321,0.07409548853123812,0.6493102414155045
5754,0.5754,6,6,6,667095,9349,108941,17315,0.07404796603725763,0.6493774377437744
5755,0.5755,3,8,3,667103,9341,108944,17312,0.07398460271195033,0.649532885603872
5756,0.5756,13,7,13,667110,9334,108957,17299,0.07392915980230642,0.6495325348252169
5757,0.5757,3,5,3,667115,9329,108960,17296,0.07388955772398935,0.6496150234741784
5758,0.5758,10,12,10,667127,9317,108970,17286,0.07379451273602838,0.6497763410141714
5759,0.5759,5,8,5,667135,9309,108975,17281,0.07373114941072108,0.6499059796916133
5760,0.576,2,1,2,667136,9308,108977,17279,0.07372322899505766,0.649904088464287
5761,0.5761,8,7,8,667143,9301,108985,17271,0.07366778608541376,0.6499698931205781
5762,0.5762,1,9,1,667152,9292,108986,17270,0.07359650234444304,0.6501769445071908
5763,0.5763,7,15,7,667167,9277,108993,17263,0.07347769610949183,0.6504521477015826
5764,0.5764,7,9,7,667176,9268,109000,17256,0.0734064123685211,0.6505806062434022
5765,0.5765,5,5,5,667181,9263,109005,17251,0.07336681029020403,0.6506373991099041
5766,0.5766,10,7,10,667188,9256,109015,17241,0.07331136738056013,0.6506774351813412
5767,0.5767,5,7,5,667195,9249,109020,17236,0.07325592447091624,0.650783462337172
5768,0.5768,11,7,11,667202,9242,109031,17225,0.07320048156127233,0.6508104431934106
5769,0.5769,9,7,9,667209,9235,109040,17216,0.07314503865162844,0.6508638614797172
5770,0.577,10,9,10,667218,9226,109050,17206,0.0730737549106577,0.6509533898305084
5771,0.5771,7,6,7,667224,9220,109057,17199,0.07302623241667723,0.6510087437071804
5772,0.5772,10,4,10,667228,9216,109067,17189,0.07299455075402357,0.650975194092028
5773,0.5773,8,6,8,667234,9210,109075,17181,0.07294702826004308,0.6510173922928271
5774,0.5774,13,11,13,667245,9199,109088,17168,0.07285990368774553,0.6511169264611066
5775,0.5775,12,4,12,667249,9195,109100,17156,0.07282822202509187,0.6510568858866836
5776,0.5776,8,8,8,667257,9187,109108,17148,0.07276485869978457,0.6511486614771217
5777,0.5777,6,4,6,667261,9183,109114,17142,0.0727331770371309,0.6511680911680912
5778,0.5778,10,3,10,667264,9180,109124,17132,0.07270941579014066,0.651109759805412
5779,0.5779,4,7,4,667271,9173,109128,17128,0.07265397288049677,0.6512299912550854
5780,0.578,8,10,8,667281,9163,109136,17120,0.07257476872386263,0.6513716090248449
5781,0.5781,6,13,6,667294,9150,109142,17114,0.07247180332023824,0.6516143770941212
5782,0.5782,9,6,9,667300,9144,109151,17105,0.07242428082625776,0.6516438721475104
5783,0.5783,5,9,5,667309,9135,109156,17100,0.07235299708528703,0.6518010291595198
5784,0.5784,2,5,2,667314,9130,109158,17098,0.07231339500696997,0.6518987341772152
5785,0.5785,7,5,7,667319,9125,109165,17091,0.0722737929286529,0.6519301190112908
5786,0.5786,7,7,7,667326,9118,109172,17084,0.072218350019009,0.6520112968475689
5787,0.5787,3,6,3,667332,9112,109175,17081,0.07217082752502851,0.6521207956324209
5788,0.5788,7,9,7,667341,9103,109182,17074,0.07209954378405779,0.6522519769263093
5789,0.5789,9,3,9,667344,9100,109191,17065,0.07207578253706755,0.6522071469520352
5790,0.579,4,4,4,667348,9096,109195,17061,0.07204410087441389,0.6522536988186719
5791,0.5791,10,3,10,667351,9093,109205,17051,0.07202033962742364,0.6521955324357405
5792,0.5792,12,11,12,667362,9082,109217,17039,0.07193321505512609,0.6523104015925884
5793,0.5793,8,2,8,667364,9080,109225,17031,0.07191737422379926,0.6522538393780399
5794,0.5794,8,11,8,667375,9069,109233,17023,0.07183024965150171,0.6524221983749808
5795,0.5795,10,2,10,667377,9067,109243,17013,0.07181440882017488,0.6523389570552147
5796,0.5796,3,9,3,667386,9058,109246,17010,0.07174312507920416,0.6525241675617616
5797,0.5797,7,4,7,667390,9054,109253,17003,0.0717114434165505,0.6525309897532333
5798,0.5798,8,6,8,667396,9048,109261,16995,0.07166392092257001,0.6525745881810852
5799,0.5799,7,10,7,667406,9038,109268,16988,0.07158471676593588,0.6527318835011142
5800,0.58,9,9,9,667415,9029,109277,16979,0.07151343302496516,0.6528375884343279
5801,0.5801,11,3,11,667418,9026,109288,16968,0.07148967177797491,0.652766022928368
5802,0.5802,8,10,8,667428,9016,109296,16960,0.07141046762134076,0.6529103788112104
5803,0.5803,6,11,6,667439,9005,109302,16954,0.07132334304904321,0.6531068222966986
5804,0.5804,8,6,8,667445,8999,109310,16946,0.07127582055506274,0.6531508961264213
5805,0.5805,3,7,3,667452,8992,109313,16943,0.07122037764541883,0.6532870638133796
5806,0.5806,10,3,10,667455,8989,109323,16933,0.07119661639842859,0.6532289175217961
5807,0.5807,7,8,7,667463,8981,109330,16926,0.07113325307312128,0.6533369359632532
5808,0.5808,8,3,8,667466,8978,109338,16918,0.07110949182613104,0.6533055298115539
5809,0.5809,3,10,3,667476,8968,109341,16915,0.0710302876694969,0.6535177529652668
5810,0.581,11,5,11,667481,8963,109352,16904,0.07099068559117983,0.6534967332895195
5811,0.5811,6,13,6,667494,8950,109358,16898,0.07088772018755544,0.6537449705973383
5812,0.5812,8,7,8,667501,8943,109366,16890,0.07083227727791154,0.6538148879340379
5813,0.5813,8,5,8,667506,8938,109374,16882,0.07079267519959448,0.6538342370255615
5814,0.5814,3,6,3,667512,8932,109377,16879,0.07074515270561399,0.6539459920189067
5815,0.5815,6,6,6,667518,8926,109383,16873,0.0706976302116335,0.6540175975813016
5816,0.5816,14,6,14,667524,8920,109397,16859,0.07065010771765302,0.6539819232708795
5817,0.5817,10,5,10,667529,8915,109407,16849,0.07061050563933595,0.6539745381151995
5818,0.5818,9,8,9,667537,8907,109416,16840,0.07054714231402864,0.654056783314561
5819,0.5819,6,5,6,667542,8902,109422,16834,0.07050754023571157,0.6541032017407522
5820,0.582,9,7,9,667549,8895,109431,16825,0.07045209732606768,0.6541601866251944
5821,0.5821,13,3,13,667552,8892,109444,16812,0.07042833607907743,0.65406162464986
5822,0.5822,9,8,9,667560,8884,109453,16803,0.07036497275377011,0.6541441195935688
5823,0.5823,10,8,10,667568,8876,109463,16793,0.07030160942846281,0.6542132533406054
5824,0.5824,6,8,6,667576,8868,109469,16787,0.07023824610315549,0.6543363866692653
5825,0.5825,3,8,3,667584,8860,109472,16784,0.07017488277784818,0.654500077990953
5826,0.5826,12,6,12,667590,8854,109484,16772,0.07012736028386769,0.6544915320377741
5827,0.5827,4,5,4,667595,8849,109488,16768,0.07008775820555063,0.6545653277120662
5828,0.5828,9,5,9,667600,8844,109497,16759,0.07004815612723356,0.6545717298754052
5829,0.5829,5,6,5,667606,8838,109502,16754,0.07000063363325307,0.6546577055329791
5830,0.583,14,10,14,667616,8828,109516,16740,0.06992142947661893,0.6547246558197747
5831,0.5831,6,2,6,667618,8826,109522,16734,0.0699055886452921,0.6546948356807512
5832,0.5832,5,9,5,667627,8817,109527,16729,0.06983430490432138,0.6548579033899632
5833,0.5833,4,7,4,667634,8810,109531,16725,0.06977886199467748,0.6549833561777951
5834,0.5834,6,7,6,667641,8803,109537,16719,0.06972341908503359,0.6550818901340021
5835,0.5835,7,4,7,667645,8799,109544,16712,0.06969173742237993,0.6550899611932107
5836,0.5836,13,7,13,667652,8792,109557,16699,0.06963629451273602,0.6550939547291201
5837,0.5837,6,5,6,667657,8787,109563,16693,0.06959669243441896,0.6551412872841444
5838,0.5838,7,5,7,667662,8782,109570,16686,0.06955709035610189,0.6551751217213758
5839,0.5839,5,6,5,667668,8776,109575,16681,0.06950956786212141,0.6552618140393605
5840,0.584,5,7,5,667675,8769,109580,16676,0.0694541249524775,0.6553743368048732
5841,0.5841,3,11,3,667686,8758,109583,16673,0.06936700038017996,0.6556171601588612
5842,0.5842,11,5,11,667691,8753,109594,16662,0.06932739830186288,0.6555970883336613
5843,0.5843,3,11,3,667702,8742,109597,16659,0.06924027372956533,0.655840321247195
5844,0.5844,4,9,4,667711,8733,109601,16655,0.0691689899885946,0.6560185914605325
5845,0.5845,7,5,7,667716,8728,109608,16648,0.06912938791027753,0.6560529634300126
5846,0.5846,6,7,6,667723,8721,109614,16642,0.06907394500063363,0.6561526633284706
5847,0.5847,5,15,5,667738,8706,109619,16637,0.06895513876568242,0.6564731878625262
5848,0.5848,7,0,7,667738,8706,109626,16630,0.06895513876568242,0.6563782759709504
5849,0.5849,5,4,5,667742,8702,109631,16625,0.06892345710302877,0.6564141035258815
5850,0.585,6,7,6,667749,8695,109637,16619,0.06886801419338487,0.6565141818756419
5851,0.5851,12,3,12,667752,8692,109649,16607,0.06884425294639462,0.6564291078698763
5852,0.5852,3,12,3,667764,8680,109652,16604,0.06874920795843366,0.6566998892580288
5853,0.5853,6,7,6,667771,8673,109658,16598,0.06869376504878975,0.6568002849115587
5854,0.5854,8,9,8,667780,8664,109666,16590,0.06862248130781903,0.6569256355428843
5855,0.5855,7,5,7,667785,8659,109673,16583,0.06858287922950196,0.6569606211869107
5856,0.5856,12,7,12,667792,8652,109685,16571,0.06852743631985807,0.6569797407128415
5857,0.5857,5,6,5,667798,8646,109690,16566,0.06847991382587758,0.6570680628272252
5858,0.5858,9,8,9,667806,8638,109699,16557,0.06841655050057027,0.6571541972613614
5859,0.5859,5,9,5,667815,8629,109704,16552,0.06834526675959954,0.6573209959890394
5860,0.586,11,10,11,667825,8619,109715,16541,0.0682660626029654,0.6574324324324324
5861,0.5861,7,8,7,667833,8611,109722,16534,0.0682026992776581,0.6575462318552396
5862,0.5862,10,6,10,667839,8605,109732,16524,0.0681551767836776,0.6575669545147041
5863,0.5863,7,7,7,667846,8598,109739,16517,0.06809973387403372,0.6576547879753135
5864,0.5864,6,4,6,667850,8594,109745,16511,0.06806805221138006,0.6576777534355706
5865,0.5865,10,9,10,667859,8585,109755,16501,0.06799676847040932,0.6577772462728215
5866,0.5866,8,9,8,667868,8576,109763,16493,0.0679254847294386,0.6579041844509155
5867,0.5867,7,5,7,667873,8571,109770,16486,0.06788588265112153,0.6579398970347607
5868,0.5868,9,5,9,667878,8566,109779,16477,0.06784628057280447,0.6579483288743362
5869,0.5869,5,13,5,667891,8553,109784,16472,0.06774331516918009,0.6582217782217782
5870,0.587,7,6,7,667897,8547,109791,16465,0.0676957926751996,0.658284023668639
5871,0.5871,7,7,7,667904,8540,109798,16458,0.06764034976555569,0.6583726698135851
5872,0.5872,7,9,7,667913,8531,109805,16451,0.06756906602458497,0.6585141301737251
5873,0.5873,9,9,9,667922,8522,109814,16442,0.06749778228361425,0.658628424931902
5874,0.5874,11,8,11,667930,8514,109825,16431,0.06743441895830693,0.6586891160553217
5875,0.5875,11,5,11,667935,8509,109836,16420,0.06739481687998986,0.6586706245737896
5876,0.5876,4,1,4,667936,8508,109840,16416,0.06738689646432645,0.6586422725084257
5877,0.5877,10,6,10,667942,8502,109850,16406,0.06733937397034596,0.6586638830897703
5878,0.5878,6,6,6,667948,8496,109856,16400,0.06729185147636547,0.6587403598971723
5879,0.5879,9,10,9,667958,8486,109865,16391,0.06721264731973134,0.6588816979539334
5880,0.588,9,5,9,667963,8481,109874,16382,0.06717304524141426,0.6588907211519125
5881,0.5881,6,4,6,667967,8477,109880,16376,0.06714136357876062,0.6589144167706112
5882,0.5882,8,3,8,667970,8474,109888,16368,0.06711760233177037,0.6588841478141857
5883,0.5883,8,8,8,667978,8466,109896,16360,0.06705423900646305,0.6589865463626843
5884,0.5884,5,2,5,667980,8464,109901,16355,0.06703839817513624,0.6589709496756517
5885,0.5885,9,4,9,667984,8460,109910,16346,0.06700671651248258,0.6589534789970168
5886,0.5886,4,7,4,667991,8453,109914,16342,0.06695127360283867,0.6590844928412987
5887,0.5887,6,9,6,668000,8444,109920,16336,0.06687998986186795,0.6592413236481033
5888,0.5888,7,4,7,668004,8440,109927,16329,0.06684830819921429,0.6592514837094755
5889,0.5889,12,9,12,668013,8431,109939,16317,0.06677702445824357,0.6593260061419105
5890,0.589,6,5,6,668018,8426,109945,16311,0.0667374223799265,0.6593766422767514
5891,0.5891,11,7,11,668025,8419,109956,16300,0.0666819794702826,0.6594117885027712
5892,0.5892,9,4,9,668029,8415,109965,16291,0.06665029780762895,0.6593944790739091
5893,0.5893,4,4,4,668033,8411,109969,16287,0.06661861614497529,0.6594461089966799
5894,0.5894,3,7,3,668040,8404,109972,16284,0.0665631732353314,0.6595917044718081
5895,0.5895,7,11,7,668051,8393,109979,16277,0.06647604866303383,0.6597892176732874
5896,0.5896,11,4,11,668055,8389,109990,16266,0.06644436700038019,0.6597444737375786
5897,0.5897,8,11,8,668066,8378,109998,16258,0.06635724242808262,0.6599285598311414
5898,0.5898,8,3,8,668069,8375,110006,16250,0.06633348118109238,0.6598984771573604
5899,0.5899,9,4,9,668073,8371,110015,16241,0.06630179951843873,0.6598813586868194
5900,0.59,7,4,7,668077,8367,110022,16234,0.06627011785578507,0.6598918743140523
5901,0.5901,11,9,11,668086,8358,110033,16223,0.06619883411481435,0.6599812863593832
5902,0.5902,4,5,4,668091,8353,110037,16219,0.06615923203649728,0.660060231157415
5903,0.5903,6,6,6,668097,8347,110043,16213,0.06611170954251679,0.6601384364820847
5904,0.5904,10,6,10,668103,8341,110053,16203,0.06606418704853631,0.6601613428943938
5905,0.5905,8,7,8,668110,8334,110061,16195,0.0660087441388924,0.6602389008928208
5906,0.5906,9,4,9,668114,8330,110070,16186,0.06597706247623876,0.6602218959047153
5907,0.5907,4,4,4,668118,8326,110074,16182,0.0659453808135851,0.6602741961808389
5908,0.5908,11,5,11,668123,8321,110085,16171,0.06590577873526803,0.6602564102564102
5909,0.5909,8,2,8,668125,8319,110093,16163,0.0658899379039412,0.6601993301200882
5910,0.591,9,5,9,668130,8314,110102,16154,0.06585033582562413,0.6602092529017493
5911,0.5911,9,7,9,668137,8307,110111,16145,0.06579489291598023,0.6602731882872567
5912,0.5912,8,8,8,668145,8299,110119,16137,0.06573152959067292,0.6603781306269438
5913,0.5913,13,3,13,668148,8296,110132,16124,0.06570776834368268,0.6602784602784603
5914,0.5914,7,2,7,668150,8294,110139,16117,0.06569192751235585,0.6602351398959485
5915,0.5915,4,11,4,668161,8283,110143,16113,0.0656048029400583,0.6604771273979341
5916,0.5916,9,11,9,668172,8272,110152,16104,0.06551767836776073,0.6606498194945848
5917,0.5917,9,4,9,668176,8268,110161,16095,0.06548599670510709,0.660632926979436
5918,0.5918,13,4,13,668180,8264,110174,16082,0.06545431504245343,0.6605602563049372
5919,0.5919,8,6,8,668186,8258,110182,16074,0.06540679254847294,0.6606115403583758
5920,0.592,12,7,12,668193,8251,110194,16062,0.06535134963882905,0.6606342286019825
5921,0.5921,7,9,7,668202,8242,110201,16055,0.06528006589785831,0.660781166399144
5922,0.5922,5,3,5,668205,8239,110206,16050,0.06525630465086808,0.6607929515418502
5923,0.5923,7,7,7,668212,8232,110213,16043,0.06520086174122418,0.6608856848609681
5924,0.5924,6,6,6,668218,8226,110219,16037,0.06515333924724369,0.6609652557391914
5925,0.5925,8,7,8,668225,8219,110227,16029,0.0650978963375998,0.6610442098317387
5926,0.5926,5,3,5,668228,8216,110232,16024,0.06507413509060955,0.661056105610561
5927,0.5927,8,6,8,668234,8210,110240,16016,0.06502661259662908,0.6611079006026583
5928,0.5928,9,13,9,668247,8197,110249,16007,0.06492364719300468,0.6613369690960171
5929,0.5929,9,11,9,668258,8186,110258,15998,0.06483652262070713,0.6615117433013563
5930,0.593,7,1,7,668259,8185,110265,15991,0.06482860220504372,0.661441098610192
5931,0.5931,5,2,5,668261,8183,110270,15986,0.06481276137371689,0.6614257933716745
5932,0.5932,8,8,8,668269,8175,110278,15978,0.06474939804840958,0.6615327288535585
5933,0.5933,8,6,8,668275,8169,110286,15970,0.06470187555442909,0.6615849869505779
5934,0.5934,8,3,8,668278,8166,110294,15962,0.06467811430743886,0.6615550397877984
5935,0.5935,6,5,6,668283,8161,110300,15956,0.06463851222912179,0.6616079943608243
5936,0.5936,11,9,11,668292,8152,110311,15945,0.06456722848815105,0.6617006266340208
5937,0.5937,2,7,2,668299,8145,110313,15943,0.06451178557850716,0.6618648289604783
5938,0.5938,4,6,4,668305,8139,110317,15939,0.06446426308452667,0.6619735858460005
5939,0.5939,6,4,6,668309,8135,110323,15933,0.06443258142187303,0.6619993352168855
5940,0.594,14,3,14,668312,8132,110337,15919,0.06440882017488278,0.6618851607001788
5941,0.5941,3,11,3,668323,8121,110340,15916,0.06432169560258523,0.6621458584681948
5942,0.5942,7,2,7,668325,8119,110347,15909,0.0643058547712584,0.6621025470284668
5943,0.5943,11,6,11,668331,8113,110358,15898,0.06425833227727791,0.6621131981175294
5944,0.5944,5,7,5,668338,8106,110363,15893,0.06420288936763402,0.6622359264969374
5945,0.5945,3,8,3,668346,8098,110366,15890,0.0641395260423267,0.6624145406036351
5946,0.5946,10,5,10,668351,8093,110376,15880,0.06409992396400963,0.6624118800317024
5947,0.5947,9,2,9,668353,8091,110385,15871,0.06408408313268281,0.6623403722560721
5948,0.5948,4,3,4,668356,8088,110389,15867,0.06406032188569256,0.6623669380087664
5949,0.5949,7,7,7,668363,8081,110396,15860,0.06400487897604866,0.6624618854684432
5950,0.595,6,8,6,668371,8073,110402,15854,0.06394151565074135,0.6625987378275588
5951,0.5951,5,7,5,668378,8066,110407,15849,0.06388607274109745,0.6627221409157432
5952,0.5952,6,3,6,668381,8063,110413,15843,0.0638623114941072,0.6627206559022839
5953,0.5953,5,2,5,668383,8061,110418,15838,0.06384647066278039,0.6627055525335788
5954,0.5954,8,9,8,668392,8052,110426,15830,0.06377518692180965,0.6628423080144041
5955,0.5955,4,9,4,668401,8043,110430,15826,0.06370390318083893,0.6630357367296493
5956,0.5956,5,9,5,668410,8034,110435,15821,0.0636326194398682,0.6632152588555859
5957,0.5957,6,4,6,668414,8030,110441,15815,0.06360093777721455,0.663241769763053
5958,0.5958,6,2,6,668416,8028,110447,15809,0.06358509694588772,0.6632126525989008
5959,0.5959,14,9,14,668425,8019,110461,15795,0.06351381320491699,0.6632653061224489
5960,0.596,8,3,8,668428,8016,110469,15787,0.06349005195792676,0.6632357265890854
5961,0.5961,10,3,10,668431,8013,110479,15777,0.06346629071093651,0.6631778058007566
5962,0.5962,5,3,5,668434,8010,110484,15772,0.06344252946394627,0.6631906483895383
5963,0.5963,11,7,11,668441,8003,110495,15761,0.06338708655430236,0.6632300959434438
5964,0.5964,6,8,6,668449,7995,110501,15755,0.06332372322899506,0.6633684210526316
5965,0.5965,8,7,8,668456,7988,110509,15747,0.06326828031935115,0.6634506003791869
5966,0.5966,4,11,4,668467,7977,110513,15743,0.0631811557470536,0.6637015177065767
5967,0.5967,4,5,4,668472,7972,110517,15739,0.06314155366873654,0.6637847412593311
5968,0.5968,9,7,9,668479,7965,110526,15730,0.06308611075909264,0.6638531335724837
5969,0.5969,5,4,5,668483,7961,110531,15725,0.06305442909643898,0.6638942835430212
5970,0.597,10,4,10,668487,7957,110541,15715,0.06302274743378533,0.6638644812436634
5971,0.5971,11,2,11,668489,7955,110552,15704,0.0630069066024585,0.663764318018513
5972,0.5972,4,5,4,668494,7950,110556,15700,0.06296730452414143,0.6638477801268499
5973,0.5973,11,9,11,668503,7941,110567,15689,0.0628960207831707,0.6639441388066017
5974,0.5974,9,7,9,668510,7934,110576,15680,0.0628405778735268,0.6640128737189802
5975,0.5975,9,9,9,668519,7925,110585,15671,0.06276929413255608,0.664137989489744
5976,0.5976,8,6,8,668525,7919,110593,15663,0.06272177163857559,0.6641930285811212
5977,0.5977,5,7,5,668532,7912,110598,15658,0.0626663287289317,0.664319049639372
5978,0.5978,8,8,8,668540,7904,110606,15650,0.06260296540362438,0.6644306699499023
5979,0.5979,8,10,8,668550,7894,110614,15642,0.06252376124699024,0.6645989123045547
5980,0.598,5,3,5,668553,7891,110619,15637,0.0625,0.6646123767426045
5981,0.5981,4,7,4,668560,7884,110623,15633,0.0624445570903561,0.6647531572904707
5982,0.5982,9,6,9,668566,7878,110632,15624,0.06239703459637562,0.6647944855756956
5983,0.5983,13,5,13,668571,7873,110645,15611,0.062357432518058545,0.6647504684040197
5984,0.5984,7,4,7,668575,7869,110652,15604,0.06232575085540489,0.6647637711413112
5985,0.5985,8,6,8,668581,7863,110660,15596,0.06227822836142441,0.6648194722707703
5986,0.5986,15,4,15,668585,7859,110675,15581,0.06224654669877075,0.6647184300341297
5987,0.5987,9,7,9,668592,7852,110684,15572,0.06219110378912685,0.6647882513661202
5988,0.5988,11,1,11,668593,7851,110695,15561,0.06218318337346344,0.6646591491542798
5989,0.5989,6,7,6,668600,7844,110701,15555,0.06212774046381954,0.6647719988033677
5990,0.599,6,10,6,668610,7834,110707,15549,0.062048536307185403,0.6649702775520677
5991,0.5991,3,3,3,668613,7831,110710,15546,0.06202477506019516,0.6650126192411344
5992,0.5992,5,8,5,668621,7823,110715,15541,0.061961411734887846,0.6651686355076185
5993,0.5993,8,7,8,668628,7816,110723,15533,0.06190596882524395,0.6652533299070624
5994,0.5994,7,5,7,668633,7811,110730,15526,0.06186636674692688,0.6652954535715816
5995,0.5995,4,4,4,668637,7807,110734,15522,0.06183468508427322,0.6653521368254104
5996,0.5996,8,3,8,668640,7804,110742,15514,0.06181092383728298,0.6653229264945536
5997,0.5997,9,10,9,668650,7794,110751,15505,0.06173171968064884,0.6654792051160994
5998,0.5998,5,6,5,668656,7788,110756,15500,0.06168419718666836,0.6655788388869804
5999,0.5999,3,3,3,668659,7785,110759,15497,0.06166043593967811,0.6656215101795379
6000,0.6,8,7,8,668666,7778,110767,15489,0.061604993030034215,0.6657067950315898
6001,0.6001,3,3,3,668669,7775,110770,15486,0.06158123178304398,0.6657495378530588
6002,0.6002,11,7,11,668676,7768,110781,15475,0.06152578887340008,0.6657918513100719
6003,0.6003,4,6,4,668682,7762,110785,15471,0.06147826637941959,0.6659062540352085
6004,0.6004,11,7,11,668689,7755,110796,15460,0.06142282346977569,0.665948740038768
6005,0.6005,6,6,6,668695,7749,110802,15454,0.06137530097579521,0.6660345644959703
6006,0.6006,12,3,12,668698,7746,110814,15442,0.061351539728804964,0.6659479040883215
6007,0.6007,7,5,7,668703,7741,110821,15435,0.0613119376504879,0.6659906800138073
6008,0.6008,8,4,8,668707,7737,110829,15427,0.061280255987834244,0.6659903298221378
6009,0.6009,8,5,8,668712,7732,110837,15419,0.06124065390951717,0.6660187464904324
6010,0.601,4,2,4,668714,7730,110841,15415,0.061224813078190346,0.6660185785266797
6011,0.6011,12,7,12,668721,7723,110853,15403,0.06116937016854645,0.6660468736487071
6012,0.6012,9,5,9,668726,7718,110862,15394,0.061129768090229374,0.666060920733818
6013,0.6013,7,8,7,668734,7710,110869,15387,0.06106640476492206,0.6661904143395246
6014,0.6014,4,7,4,668741,7703,110873,15383,0.06101096185527816,0.6663345750671402
6015,0.6015,2,8,2,668749,7695,110875,15381,0.06094759852997085,0.6665366614664586
6016,0.6016,8,5,8,668754,7690,110883,15373,0.06090799645165378,0.6665654945150241
6017,0.6017,9,5,9,668759,7685,110892,15364,0.060868394373336715,0.6665798950062909
6018,0.6018,7,3,7,668762,7682,110899,15357,0.06084463312634647,0.6665653891227918
6019,0.6019,9,10,9,668772,7672,110908,15348,0.06076542896971233,0.666724587315378
6020,0.602,7,3,7,668775,7669,110915,15341,0.06074166772272209,0.66671012603216
6021,0.6021,7,1,7,668776,7668,110922,15334,0.060733747307058675,0.66663768367968
6022,0.6022,5,8,5,668784,7660,110927,15329,0.06067038398175136,0.666797163860977
6023,0.6023,6,5,6,668789,7655,110933,15323,0.060630781903434294,0.6668552528505527
6024,0.6024,14,13,14,668802,7642,110947,15309,0.06052781649980991,0.6670297590518932
6025,0.6025,8,7,8,668809,7635,110955,15301,0.06047237359016601,0.6671171956749216
6026,0.6026,6,7,6,668816,7628,110961,15295,0.06041693068052211,0.6672337826637003
6027,0.6027,11,5,11,668821,7623,110972,15284,0.060377328602205044,0.6672196271881957
6028,0.6028,4,2,4,668823,7621,110976,15280,0.060361487770878214,0.6672197720623554
6029,0.6029,4,7,4,668830,7614,110980,15276,0.060306044861234316,0.6673656618610747
6030,0.603,8,8,8,668838,7606,110988,15268,0.060242681535927003,0.6674827314855294
6031,0.6031,8,8,8,668846,7598,110996,15260,0.06017931821061969,0.6675999650013125
6032,0.6032,5,3,5,668849,7595,111001,15255,0.06015555696362945,0.6676148796498906
6033,0.6033,5,6,5,668855,7589,111006,15250,0.06010803446964897,0.6677175007662332
6034,0.6034,5,6,5,668861,7583,111011,15245,0.06006051197566848,0.6678202207814964
6035,0.6035,8,7,8,668868,7576,111019,15237,0.06000506906602458,0.6679086485775654
6036,0.6036,5,9,5,668877,7567,111024,15232,0.05993378532505386,0.6680994780472828
6037,0.6037,9,4,9,668881,7563,111033,15223,0.0599021036624002,0.668085666637409
6038,0.6038,6,6,6,668887,7557,111039,15217,0.05985458116841972,0.6681742337753579
6039,0.6039,9,4,9,668891,7553,111048,15208,0.05982289950576606,0.6681604498923598
6040,0.604,3,8,3,668899,7545,111051,15205,0.05975953618045875,0.6683516483516484
6041,0.6041,3,11,3,668910,7534,111054,15202,0.0596724116081612,0.668631245601689
6042,0.6042,4,4,4,668914,7530,111058,15198,0.05964072994550754,0.6686906019007391
6043,0.6043,4,7,4,668921,7523,111062,15194,0.05958528703586364,0.6688383149183431
6044,0.6044,9,9,9,668930,7514,111071,15185,0.05951400329489292,0.6689722014185647
6045,0.6045,7,6,7,668936,7508,111078,15178,0.05946648080091243,0.6690469893326281
6046,0.6046,3,3,3,668939,7505,111081,15175,0.05944271955392219,0.6690917107583775
6047,0.6047,8,5,8,668944,7500,111089,15167,0.05940311747560512,0.669122512904222
6048,0.6048,6,6,6,668950,7494,111095,15161,0.05935559498162463,0.669212094460384
6049,0.6049,8,9,8,668959,7485,111103,15153,0.05928431124065391,0.6693612509939041
6050,0.605,6,1,6,668960,7484,111109,15147,0.0592763908249905,0.6693031682205823
6051,0.6051,3,6,3,668966,7478,111112,15144,0.05922886833101001,0.669436831403059
6052,0.6052,8,6,8,668972,7472,111120,15136,0.059181345837029525,0.6694975230007078
6053,0.6053,11,5,11,668977,7467,111131,15125,0.05914174375871246,0.6694847733711048
6054,0.6054,8,7,8,668984,7460,111139,15117,0.05908630084906856,0.6695752314302166
6055,0.6055,8,6,8,668990,7454,111147,15109,0.05903877835508808,0.6696361299472587
6056,0.6056,9,6,9,668996,7448,111156,15100,0.058991255861107594,0.6696824552066702
6057,0.6057,7,7,7,669003,7441,111163,15093,0.05893581295146369,0.6697878760983403
6058,0.6058,10,8,10,669011,7433,111173,15083,0.058872449626156384,0.6698791970154557
6059,0.6059,11,6,11,669017,7427,111184,15072,0.058824927132175894,0.6698964398417707
6060,0.606,7,2,7,669019,7425,111191,15065,0.05880908630084907,0.6698532681191641
6061,0.6061,3,1,3,669020,7424,111194,15062,0.058801165885185656,0.6698390109401405
6062,0.6062,7,4,7,669024,7420,111201,15055,0.058769484222532,0.6698553948832036
6063,0.6063,4,5,4,669029,7415,111205,15051,0.05872988214421493,0.6699456957179738
6064,0.6064,6,4,6,669033,7411,111211,15045,0.05869820048156127,0.6699768436052725
6065,0.6065,1,3,1,669036,7408,111212,15044,0.05867443923457103,0.6700516657758774
6066,0.6066,6,7,6,669043,7401,111218,15038,0.05861899632492713,0.6701724675787691
6067,0.6067,8,3,8,669046,7398,111226,15030,0.05859523507793689,0.6701444622792937
6068,0.6068,6,12,6,669058,7386,111232,15024,0.05850019008997592,0.6704149933065596
6069,0.6069,6,8,6,669066,7378,111238,15018,0.05843682676466861,0.6705661725308091
6070,0.607,8,5,8,669071,7373,111246,15010,0.05839722468635154,0.6705982218648081
6071,0.6071,10,4,10,669075,7369,111256,15000,0.05836554302369788,0.6705708793419465
6072,0.6072,2,8,2,669083,7361,111258,14998,0.05830217969839057,0.6707813408470862
6073,0.6073,10,1,10,669084,7360,111268,14988,0.058294259282727155,0.6706640415249687
6074,0.6074,6,4,6,669088,7356,111274,14982,0.0582625776200735,0.6706956755304861
6075,0.6075,5,8,5,669096,7348,111279,14977,0.05819921429476619,0.6708622620380739
6076,0.6076,9,5,9,669101,7343,111288,14968,0.05815961221644912,0.6708798350589396
6077,0.6077,4,9,4,669110,7334,111292,14964,0.058088328475478394,0.6710915777199749
6078,0.6078,5,8,5,669118,7326,111297,14959,0.05802496515017108,0.6712586941889163
6079,0.6079,5,7,5,669125,7319,111302,14954,0.057969522240527184,0.6713958604588516
6080,0.608,6,4,6,669129,7315,111308,14948,0.057937840577873524,0.6714279297489107
6081,0.6081,7,6,7,669135,7309,111315,14941,0.05789031808389304,0.6715056179775281
6082,0.6082,8,5,8,669140,7304,111323,14933,0.057850716005575974,0.6715384269460809
6083,0.6083,6,4,6,669144,7300,111329,14927,0.057819034342922314,0.6715706123183516
6084,0.6084,6,6,6,669150,7294,111335,14921,0.05777151184894183,0.6716632905694351
6085,0.6085,6,5,6,669155,7289,111341,14915,0.05773190977062476,0.6717258151684381
6086,0.6086,8,2,8,669157,7287,111349,14907,0.05771606893929793,0.6716680183833469
6087,0.6087,5,5,5,669162,7282,111354,14902,0.057676466860980866,0.6717454020915975
6088,0.6088,10,6,10,669168,7276,111364,14892,0.05762894436700038,0.6717791411042945
6089,0.6089,2,8,2,669176,7268,111366,14890,0.05756558104169307,0.6719920570448596
6090,0.609,7,9,7,669185,7259,111373,14883,0.05749429730072234,0.6721615030259236
6091,0.6091,5,6,5,669191,7253,111378,14878,0.05744677480674186,0.6722696669829651
6092,0.6092,4,4,4,669195,7249,111382,14874,0.0574150931440882,0.6723319622112733
6093,0.6093,9,4,9,669199,7245,111391,14865,0.05738341148143455,0.6723202170963365
6094,0.6094,11,5,11,669204,7240,111402,14854,0.05734380940311747,0.6723092242237712
6095,0.6095,9,5,9,669209,7235,111411,14845,0.057304207324800405,0.6723278985507246
6096,0.6096,7,4,7,669213,7231,111418,14838,0.05727252566214675,0.6723458244596493
6097,0.6097,5,6,5,669219,7225,111423,14833,0.05722500316816626,0.6724544382990298
6098,0.6098,7,7,7,669226,7218,111430,14826,0.057169560258522364,0.6725639629831247
6099,0.6099,6,7,6,669233,7211,111436,14820,0.05711411734887847,0.6726884844083337
6100,0.61,5,3,5,669236,7208,111441,14815,0.05709035610188823,0.6727058075648186
6101,0.6101,4,4,4,669240,7204,111445,14811,0.05705867443923457,0.6727685668862139
6102,0.6102,8,8,8,669248,7196,111453,14803,0.056995311113927256,0.6728942224646575
6103,0.6103,6,7,6,669255,7189,111459,14797,0.05693986820428336,0.6730191940325662
6104,0.6104,7,3,7,669258,7186,111466,14790,0.05691610695729312,0.6730069166363305
6105,0.6105,6,3,6,669261,7183,111472,14784,0.056892345710302876,0.6730095142714071
6106,0.6106,8,5,8,669266,7178,111480,14776,0.05685274363198581,0.6730436366949075
6107,0.6107,5,4,5,669270,7174,111485,14771,0.05682106196933215,0.6730918204602415
6108,0.6108,6,10,6,669280,7164,111491,14765,0.05674185781269801,0.6733093164302978
6109,0.6109,12,5,12,669285,7159,111503,14753,0.05670225573438094,0.673284045271997
6110,0.611,9,3,9,669288,7156,111512,14744,0.0566784944873907,0.67324200913242
6111,0.6111,7,7,7,669295,7149,111519,14737,0.0566230515777468,0.6733528282920589
6112,0.6112,7,5,7,669300,7144,111526,14730,0.05658344949942973,0.6734022126725793
6113,0.6113,5,9,5,669309,7135,111531,14725,0.05651216575845901,0.673604757548033
6114,0.6114,3,5,3,669314,7130,111534,14722,0.05647256368014193,0.6737140765147355
6115,0.6115,5,5,5,669319,7125,111539,14717,0.056432961601824864,0.673793608643897
6116,0.6116,3,6,3,669325,7119,111542,14714,0.05638543910784438,0.6739339531901251
6117,0.6117,6,5,6,669330,7114,111548,14708,0.05634583702952731,0.6739987168912107
6118,0.6118,10,9,10,669339,7105,111558,14698,0.056274553288556586,0.6741274136586708
6119,0.6119,9,4,9,669343,7101,111567,14689,0.05624287162590293,0.6741165672326755
6120,0.612,9,6,9,669349,7095,111576,14680,0.056195349131922444,0.6741676234213547
6121,0.6121,12,6,12,669355,7089,111588,14668,0.05614782663794196,0.6741738291124696
6122,0.6122,5,3,5,669358,7086,111593,14663,0.056124065390951716,0.6741919168697411
6123,0.6123,10,2,10,669360,7084,111603,14653,0.056108224559624886,0.6741040621980954
6124,0.6124,3,6,3,669366,7078,111606,14650,0.056060702065644404,0.6742452135493373
6125,0.6125,6,5,6,669371,7073,111612,14644,0.056021099987327336,0.6743104480361007
6126,0.6126,8,4,8,669375,7069,111620,14636,0.055989418324673676,0.6743146740382401
6127,0.6127,7,7,7,669382,7062,111627,14629,0.05593397541502978,0.6744271817804619
6128,0.6128,5,3,5,669385,7059,111632,14624,0.05591021416803954,0.6744454180694553
6129,0.6129,8,9,8,669394,7050,111640,14616,0.05583893042706881,0.6746053724729991
6130,0.613,4,6,4,669400,7044,111644,14612,0.05579140793308833,0.6747321758404138
6131,0.6131,7,7,7,669407,7037,111651,14605,0.05573596502344443,0.6748452083910914
6132,0.6132,5,3,5,669410,7034,111656,14600,0.05571220377645419,0.6748636405657761
6133,0.6133,4,10,4,669420,7024,111660,14596,0.055632999619820045,0.6751156336725255
6134,0.6134,7,3,7,669423,7021,111667,14589,0.05560923837282981,0.6751041184636742
6135,0.6135,7,6,7,669429,7015,111674,14582,0.055561715878849324,0.6751863684771033
6136,0.6136,4,5,4,669434,7010,111678,14578,0.05552211380053225,0.6752825643876228
6137,0.6137,7,6,7,669440,7004,111685,14571,0.05547459130655177,0.6753650057937428
6138,0.6138,7,6,7,669446,6998,111692,14564,0.055427068812571284,0.6754475466097765
6139,0.6139,7,5,7,669451,6993,111699,14557,0.055387466734254216,0.6754988399071926
6140,0.614,3,7,3,669458,6986,111702,14554,0.05533202382461032,0.6756731662024141
6141,0.6141,7,5,7,669463,6981,111709,14547,0.055292421746293244,0.6757246376811594
6142,0.6142,10,6,10,669469,6975,111719,14537,0.05524489925231276,0.675762365191521
6143,0.6143,9,1,9,669470,6974,111728,14528,0.055236978836649346,0.6756580783182959
6144,0.6144,12,4,12,669474,6970,111740,14516,0.05520529717399569,0.6756027180489621
6145,0.6145,5,7,5,669481,6963,111745,14511,0.055149854264351796,0.6757474154791842
6146,0.6146,11,6,11,669487,6957,111756,14500,0.055102331770371306,0.6757701449410449
6147,0.6147,4,6,4,669493,6951,111760,14496,0.05505480927639082,0.6758987270946986
6148,0.6148,4,10,4,669503,6941,111764,14492,0.05497560511975669,0.6761535949237157
6149,0.6149,9,9,9,669512,6932,111773,14483,0.05490432137878596,0.6763016577165538
6150,0.615,1,6,1,669518,6926,111774,14482,0.05485679888480548,0.6764760837070254
6151,0.6151,5,4,5,669522,6922,111779,14477,0.05482511722215182,0.6765269405112389
6152,0.6152,9,3,9,669525,6919,111788,14468,0.05480135597516158,0.6764857156216393
6153,0.6153,8,3,8,669528,6916,111796,14460,0.054777594728171335,0.6764595808383234
6154,0.6154,3,1,3,669529,6915,111799,14457,0.05476967431250792,0.6764458169567659
6155,0.6155,7,6,7,669535,6909,111806,14450,0.05472215181852744,0.6765298000842737
6156,0.6156,5,5,5,669540,6904,111811,14445,0.05468254974021037,0.6766124877043421
6157,0.6157,11,2,11,669542,6902,111822,14434,0.05466670890888354,0.676509186351706
6158,0.6158,5,5,5,669547,6897,111827,14429,0.05462710683056647,0.6765919534840101
6159,0.6159,8,6,8,669553,6891,111835,14421,0.05457958433658598,0.676661036036036
6160,0.616,5,2,5,669555,6889,111840,14416,0.05456374350525916,0.676648674020183
6161,0.6161,10,6,10,669561,6883,111850,14406,0.05451622101127867,0.6766874911926347
6162,0.6162,4,3,4,669564,6880,111854,14402,0.05449245976428843,0.6767221125834039
6163,0.6163,10,8,10,669572,6872,111864,14392,0.05442909643898112,0.6768246802106848
6164,0.6164,7,6,7,669578,6866,111871,14385,0.054381573945000636,0.6769093219142629
6165,0.6165,2,10,2,669588,6856,111873,14383,0.05430236978836649,0.6771976081736428
6166,0.6166,8,5,8,669593,6851,111881,14375,0.054262767710049425,0.6772354659380005
6167,0.6167,14,3,14,669596,6848,111895,14361,0.05423900646305918,0.6771182045358103
6168,0.6168,7,3,7,669599,6845,111902,14354,0.05421524521606894,0.677107410726921
6169,0.6169,9,5,9,669604,6840,111911,14345,0.05417564313775187,0.6771300448430493
6170,0.617,5,7,5,669611,6833,111916,14340,0.05412020022810797,0.6772776649506447
6171,0.6171,11,4,11,669615,6829,111927,14329,0.05408851856545432,0.6772379241894319
6172,0.6172,8,6,8,669621,6823,111935,14321,0.05404099607147383,0.6773079833522512
6173,0.6173,3,1,3,669622,6822,111938,14318,0.05403307565581042,0.6772942289498581
6174,0.6174,4,7,4,669629,6815,111942,14314,0.05397763274616652,0.6774575228359128
6175,0.6175,9,7,9,669636,6808,111951,14305,0.05392218983652262,0.6775446407426704
6176,0.6176,8,7,8,669643,6801,111959,14297,0.05386674692687872,0.6776471703479002
6177,0.6177,4,11,4,669654,6790,111963,14293,0.05377962235458117,0.6779395721671488
6178,0.6178,8,7,8,669661,6783,111971,14285,0.05372417944493727,0.6780425289538636
6179,0.6179,8,8,8,669669,6775,111979,14277,0.05366081611962996,0.6781778453353601
6180,0.618,8,8,8,669677,6767,111987,14269,0.053597452794322646,0.6783133675603727
6181,0.6181,3,1,3,669678,6766,111990,14266,0.05358953237865923,0.6782997337390643
6182,0.6182,8,9,8,669687,6757,111998,14258,0.053518248637688504,0.6784677611230073
6183,0.6183,4,1,4,669688,6756,112002,14254,0.05351032822202509,0.6784388386482627
6184,0.6184,2,6,2,669694,6750,112004,14252,0.053462805728044606,0.6786020379011523
6185,0.6185,5,3,5,669697,6747,112009,14247,0.05343904448105437,0.6786224635610174
6186,0.6186,9,3,9,669700,6744,112018,14238,0.05341528323406412,0.6785816414069202
6187,0.6187,8,4,8,669704,6740,112026,14230,0.05338360157141047,0.6785884597043396
6188,0.6188,11,8,11,669712,6732,112037,14219,0.05332023824610316,0.678678822013269
6189,0.6189,6,1,6,669713,6731,112043,14213,0.05331231783043974,0.6786191749427044
6190,0.619,6,3,6,669716,6728,112049,14207,0.0532885565834495,0.6786243133508478
6191,0.6191,4,5,4,669721,6723,112053,14203,0.05324895450513243,0.6787250310618369
6192,0.6192,13,5,13,669726,6718,112066,14190,0.05320935242681536,0.6786875837000191
6193,0.6193,8,2,8,669728,6716,112074,14182,0.05319351159548853,0.6786295339266916
6194,0.6194,9,5,9,669733,6711,112083,14173,0.053153909517171465,0.6786535146523655
6195,0.6195,6,6,6,669739,6705,112089,14167,0.053106387023190975,0.6787562284400154
6196,0.6196,10,7,10,669746,6698,112099,14157,0.05305094411354708,0.6788300167825462
6197,0.6197,4,4,4,669750,6694,112103,14153,0.053019262450893424,0.6788986424905262
6198,0.6198,10,4,10,669754,6690,112113,14143,0.052987580788239765,0.678874861997792
6199,0.6199,9,6,9,669760,6684,112122,14134,0.05294005829425928,0.6789316937265828
6200,0.62,5,8,5,669768,6676,112127,14129,0.05287669496895197,0.6791155972122086
6201,0.6201,7,7,7,669775,6669,112134,14122,0.05282125205930807,0.6792362079746044
6202,0.6202,4,3,4,669778,6666,112138,14118,0.052797490812317834,0.6792725173210161
6203,0.6203,3,5,3,669783,6661,112141,14115,0.05275788873400076,0.6793896804004621
6204,0.6204,5,5,5,669788,6656,112146,14110,0.05271828665568369,0.6794760666474045
6205,0.6205,8,12,8,669800,6644,112154,14102,0.052623241667722725,0.679745493107105
6206,0.6206,12,6,12,669806,6638,112166,14090,0.052575719173742236,0.6797568506368198
6207,0.6207,2,0,2,669806,6638,112168,14088,0.052575719173742236,0.6797259480845315
6208,0.6208,4,4,4,669810,6634,112172,14084,0.05254403751108858,0.6797953470412202
6209,0.6209,9,4,9,669814,6630,112181,14075,0.05251235584843492,0.6797874909442164
6210,0.621,8,3,8,669817,6627,112189,14067,0.052488594601444685,0.6797622499275152
6211,0.6211,2,6,2,669823,6621,112191,14065,0.0524410721074642,0.6799284540268781
6212,0.6212,5,5,5,669828,6616,112196,14060,0.05240147002914713,0.6800154768814084
6213,0.6213,4,3,4,669831,6613,112200,14056,0.05237770878215689,0.6800522521650781
6214,0.6214,7,8,7,669839,6605,112207,14049,0.05231434545684958,0.6802072237823182
6215,0.6215,10,5,10,669844,6600,112217,14039,0.0522747433785325,0.6802170647802703
6216,0.6216,4,3,4,669847,6597,112221,14035,0.052250982131542265,0.6802539744086855
6217,0.6217,7,4,7,669851,6593,112228,14028,0.052219300468888605,0.6802773871296252
6218,0.6218,9,7,9,669858,6586,112237,14019,0.05216385755924471,0.6803688425139529
6219,0.6219,5,6,5,669864,6580,112242,14014,0.052116335065264224,0.6804894629503739
6220,0.622,7,3,7,669867,6577,112249,14007,0.052092573818273986,0.6804799844539449
6221,0.6221,5,7,5,669874,6570,112254,14002,0.05203713090863008,0.6806338712813533
6222,0.6222,13,9,13,669883,6561,112267,13989,0.05196584716765936,0.6807299270072993
6223,0.6223,12,8,12,669891,6553,112279,13977,0.05190248384235205,0.6808085728202631
6224,0.6224,2,1,2,669892,6552,112281,13975,0.051894563426688634,0.6808106396453452
6225,0.6225,6,2,6,669894,6550,112287,13969,0.051878722595361804,0.6807836639212437
6226,0.6226,8,4,8,669898,6546,112295,13961,0.05184704093270815,0.680791924708636
6227,0.6227,4,6,4,669904,6540,112299,13957,0.05179951843872766,0.6809289164267942
6228,0.6228,11,0,11,669904,6540,112310,13946,0.05179951843872766,0.6807575905496437
6229,0.6229,6,4,6,669908,6536,112316,13940,0.05176783677607401,0.6807970306700527
6230,0.623,5,4,5,669912,6532,112321,13935,0.051736155113420355,0.6808521033859384
6231,0.6231,7,3,7,669915,6529,112328,13928,0.05171239386643011,0.6808427433152466
6232,0.6232,3,4,3,669919,6525,112331,13925,0.05168071220377645,0.6809290953545232
6233,0.6233,7,8,7,669927,6517,112338,13918,0.051617348878469145,0.6810863714215806
6234,0.6234,7,6,7,669933,6511,112345,13911,0.051569826384488655,0.6811771618842425
6235,0.6235,8,4,8,669937,6507,112353,13903,0.051538144721835,0.6811856932876041
6236,0.6236,5,6,5,669943,6501,112358,13898,0.05149062222785452,0.6813079072503554
6237,0.6237,9,8,9,669951,6493,112367,13889,0.05142725890254721,0.6814345991561181
6238,0.6238,7,5,7,669956,6488,112374,13882,0.05138765682423013,0.6814923907707413
6239,0.6239,6,4,6,669960,6484,112380,13876,0.05135597516157648,0.6815324165029469
6240,0.624,4,5,4,669965,6479,112384,13872,0.05131637308325941,0.6816372659820156
6241,0.6241,5,7,5,669972,6472,112389,13867,0.051260930173615514,0.6817935985053346
6242,0.6242,10,5,10,669977,6467,112399,13857,0.05122132809529844,0.6818047628419602
6243,0.6243,4,0,4,669977,6467,112403,13853,0.05122132809529844,0.681742125984252
6244,0.6244,3,3,3,669980,6464,112406,13850,0.0511975668483082,0.6817958058481836
6245,0.6245,8,4,8,669984,6460,112414,13842,0.05116588518565454,0.6818047483006601
6246,0.6246,5,3,5,669987,6457,112419,13837,0.051142123938664304,0.6818271410269044
6247,0.6247,7,5,7,669992,6452,112426,13830,0.05110252186034723,0.6818854156394832
6248,0.6248,4,5,4,669997,6447,112430,13826,0.05106291978203016,0.681990825235535
6249,0.6249,5,1,5,669998,6446,112435,13821,0.051054999366366746,0.6819460206246608
6250,0.625,10,5,10,670003,6441,112445,13811,0.05101539728804968,0.6819573375469089
6251,0.6251,8,4,8,670007,6437,112453,13803,0.05098371562539602,0.6819664031620554
6252,0.6252,4,3,4,670010,6434,112457,13799,0.05095995437840578,0.6820046458755499
6253,0.6253,8,3,8,670013,6431,112465,13791,0.050936193131415536,0.6819800217584808
6254,0.6254,2,5,2,670018,6426,112467,13789,0.05089659105309847,0.6821172396735098
6255,0.6255,8,5,8,670023,6421,112475,13781,0.05085698897478139,0.6821601821601821
6256,0.6256,4,3,4,670026,6418,112479,13777,0.050833227727791155,0.6821985640009903
6257,0.6257,6,5,6,670031,6413,112485,13771,0.05079362564947409,0.682273087594134
6258,0.6258,10,4,10,670035,6409,112495,13761,0.05076194398682043,0.6822508676251859
6259,0.6259,10,2,10,670037,6407,112505,13751,0.0507461031554936,0.6821609286635579
6260,0.626,10,3,10,670040,6404,112515,13741,0.05072234190850336,0.6821047406304294
6261,0.6261,4,3,4,670043,6401,112519,13737,0.050698580661513115,0.6821432118383156
6262,0.6262,7,4,7,670047,6397,112526,13730,0.05066689899885946,0.6821682317285239
6263,0.6263,5,3,5,670050,6394,112531,13725,0.05064313775186922,0.6821909637655947
6264,0.6264,7,6,7,670056,6388,112538,13718,0.050595615257888735,0.6822838953546205
6265,0.6265,6,4,6,670060,6384,112544,13712,0.050563933595235075,0.6823248407643312
6266,0.6266,7,4,7,670064,6380,112551,13705,0.05053225193258142,0.6823500124470998
6267,0.6267,7,2,7,670066,6378,112558,13698,0.05051641110125459,0.6823072325164375
6268,0.6268,8,5,8,670071,6373,112566,13690,0.050476809022937524,0.6823505956237851
6269,0.6269,7,4,7,670075,6369,112573,13683,0.050445127360283865,0.6823758228605625
6270,0.627,10,2,10,670077,6367,112583,13673,0.05042928652895704,0.6822854291417165
6271,0.6271,4,6,4,670083,6361,112587,13669,0.05038176403497656,0.682426360459311
6272,0.6272,5,4,5,670087,6357,112592,13664,0.0503500823723229,0.6824833924379402
6273,0.6273,8,5,8,670092,6352,112600,13656,0.05031048029400583,0.6825269892043183
6274,0.6274,7,7,7,670099,6345,112607,13649,0.050255037384361934,0.6826547964389317
6275,0.6275,4,4,4,670103,6341,112611,13645,0.050223355721708274,0.6827279095366757
6276,0.6276,4,9,4,670112,6332,112615,13641,0.050152071980737546,0.6829720122164923
6277,0.6277,6,7,6,670119,6325,112621,13635,0.05009662907109365,0.6831162324649298
6278,0.6278,3,2,3,670121,6323,112624,13632,0.050080788239766826,0.6831370583813581
6279,0.6279,6,8,6,670129,6315,112630,13626,0.05001742491445951,0.683315781555589
6280,0.628,4,2,4,670131,6313,112634,13622,0.05000158408313268,0.6833207925758715
6281,0.6281,11,3,11,670134,6310,112645,13611,0.04997782283614244,0.6832488328899151
6282,0.6282,8,10,8,670144,6300,112653,13603,0.0498986186795083,0.6834648043008592
6283,0.6283,10,5,10,670149,6295,112663,13593,0.04985901660119123,0.68347747385358
6284,0.6284,5,4,5,670153,6291,112668,13588,0.049827334938537575,0.6835353891040796
6285,0.6285,6,1,6,670154,6290,112674,13582,0.04981941452287416,0.6834742351046699
6286,0.6286,8,2,8,670156,6288,112682,13574,0.04980357369154733,0.6834155674151646
6287,0.6287,7,3,7,670159,6285,112689,13567,0.04977981244455709,0.6834072133790047
6288,0.6288,7,6,7,670165,6279,112696,13560,0.04973228995057661,0.6835021926508392
6289,0.6289,12,6,12,670171,6273,112708,13548,0.04968476745659612,0.6835174814590586
6290,0.629,6,4,6,670175,6269,112714,13542,0.04965308579394247,0.6835596385846247
6291,0.6291,6,12,6,670187,6257,112720,13536,0.049558040805981494,0.6838781387359167
6292,0.6292,4,4,4,670191,6253,112724,13532,0.04952635914332784,0.6839524892595401
6293,0.6293,5,5,5,670196,6248,112729,13527,0.049486757065010774,0.6840455120101138
6294,0.6294,10,2,10,670198,6246,112739,13517,0.049470916233683944,0.6839548651520518
6295,0.6295,1,6,1,670204,6240,112740,13516,0.04942339373970346,0.6841465883782142
6296,0.6296,4,2,4,670206,6238,112744,13512,0.04940755290837663,0.6841518987341773
6297,0.6297,10,6,10,670212,6232,112754,13502,0.04936003041439615,0.6841998581129016
6298,0.6298,9,3,9,670215,6229,112763,13493,0.049336269167405904,0.6841598215191157
6299,0.6299,5,2,5,670217,6227,112768,13488,0.04932042833607908,0.6841491250317018
6300,0.63,2,4,2,670221,6223,112770,13486,0.04928874667342542,0.6842559236896849
6301,0.6301,9,1,9,670222,6222,112779,13477,0.049280826257762006,0.6841464033707295
6302,0.6302,4,6,4,670228,6216,112783,13473,0.04923330376378152,0.6842907207069937
6303,0.6303,10,3,10,670231,6213,112793,13463,0.04920954251679128,0.6842346005285627
6304,0.6304,7,5,7,670236,6208,112800,13456,0.04916994043847421,0.6842961757526445
6305,0.6305,11,9,11,670245,6199,112811,13445,0.04909865669750348,0.6844329057218489
6306,0.6306,2,2,2,670247,6197,112813,13443,0.04908281586617666,0.6844704684317718
6307,0.6307,7,5,7,670252,6192,112820,13436,0.049043213787859585,0.684532300794783
6308,0.6308,7,7,7,670259,6185,112827,13429,0.04898777087821569,0.6846640154991332
6309,0.6309,3,4,3,670263,6181,112830,13426,0.048956089215562035,0.6847554444841129
6310,0.631,9,6,9,670269,6175,112839,13417,0.04890856672158155,0.684820334830543
6311,0.6311,5,7,5,670276,6168,112844,13412,0.04885312381193765,0.6849846782431052
6312,0.6312,5,3,5,670279,6165,112849,13407,0.04882936256494741,0.685009196811772
6313,0.6313,7,5,7,670284,6160,112856,13400,0.04878976048663034,0.6850715746421268
6314,0.6314,7,5,7,670289,6155,112863,13393,0.04875015840831327,0.685134029056681
6315,0.6315,3,6,3,670295,6149,112866,13390,0.048702635914332784,0.6852960745176314
6316,0.6316,8,5,8,670300,6144,112874,13382,0.048663033836015716,0.6853426200962819
6317,0.6317,8,3,8,670303,6141,112882,13374,0.04863927258902547,0.6853189853958493
6318,0.6318,7,4,7,670307,6137,112889,13367,0.04860759092637182,0.6853465955701394
6319,0.6319,8,5,8,670312,6132,112897,13359,0.048567988848054744,0.6853932584269663
6320,0.632,8,2,8,670314,6130,112905,13351,0.04855214801672792,0.6853344284174324
6321,0.6321,9,3,9,670317,6127,112914,13342,0.048528386769737676,0.685294570856233
6322,0.6322,6,4,6,670321,6123,112920,13336,0.048496705107084016,0.6853384038234236
6323,0.6323,4,4,4,670325,6119,112924,13332,0.048465023444430363,0.6854146316384762
6324,0.6324,5,3,5,670328,6116,112929,13327,0.04844126219744012,0.6854394897906702
6325,0.6325,6,5,6,670333,6111,112935,13321,0.04840166011912305,0.6855187319884726
6326,0.6326,2,7,2,670340,6104,112937,13319,0.04834621720947915,0.6857334088451835
6327,0.6327,4,7,4,670347,6097,112941,13315,0.048290774299835255,0.6859159282917783
6328,0.6328,6,5,6,670352,6092,112947,13309,0.04825117222151819,0.6859955672388022
6329,0.6329,8,8,8,670360,6084,112955,13301,0.048187808896210875,0.6861490843435646
6330,0.633,10,5,10,670365,6079,112965,13291,0.0481482068178938,0.6861641713990707
6331,0.6331,4,6,4,670371,6073,112969,13287,0.04810068432391332,0.6863119834710744
6332,0.6332,4,8,4,670379,6065,112973,13283,0.048037320998606005,0.6865309075873476
6333,0.6333,4,5,4,670384,6060,112977,13279,0.04799771892028894,0.6866435699881069
6334,0.6334,10,5,10,670389,6055,112987,13269,0.04795811684197187,0.6866590767956945
6335,0.6335,5,6,5,670395,6049,112992,13264,0.04791059434799138,0.6867912804846477
6336,0.6336,4,2,4,670397,6047,112996,13260,0.04789475351666456,0.6867975345729528
6337,0.6337,1,2,1,670399,6045,112997,13259,0.04787891268533773,0.6868524658101948
6338,0.6338,9,9,9,670408,6036,113006,13250,0.047807628944367,0.6870268588613502
6339,0.6339,9,1,9,670409,6035,113015,13241,0.047799708528703584,0.6869163726914298
6340,0.634,3,2,3,670411,6033,113018,13238,0.04778386769737676,0.68693892377147
6341,0.6341,3,4,3,670415,6029,113021,13235,0.0477521860347231,0.6870328073089701
6342,0.6342,7,3,7,670418,6026,113028,13228,0.047728424787732864,0.6870260725044147
6343,0.6343,1,4,1,670422,6022,113029,13227,0.047696743125079204,0.6871525793547717
6344,0.6344,11,5,11,670427,6017,113040,13216,0.047657141046762136,0.6871522903343212
6345,0.6345,10,7,10,670434,6010,113050,13206,0.04760169813711824,0.6872398001665279
6346,0.6346,7,8,7,670442,6002,113057,13199,0.047538334811810926,0.6874121139523983
6347,0.6347,10,3,10,670445,5999,113067,13189,0.04751457356482068,0.6873566812591203
6348,0.6348,11,3,11,670448,5996,113078,13178,0.04749081231783044,0.6872848649212475
6349,0.6349,3,5,3,670453,5991,113081,13175,0.04745121023951337,0.6874152144422415
6350,0.635,4,3,4,670456,5988,113085,13171,0.04742744899252313,0.6874575917323451
6351,0.6351,8,3,8,670459,5985,113093,13163,0.047403687745532885,0.6874347190307082
6352,0.6352,12,4,12,670463,5981,113105,13151,0.04737200608287923,0.687382395985783
6353,0.6353,8,3,8,670466,5978,113113,13143,0.04734824483588899,0.6873594477276294
6354,0.6354,10,4,10,670470,5974,113123,13133,0.047316563173235335,0.6873397184278013
6355,0.6355,10,5,10,670475,5969,113133,13123,0.04727696109491826,0.6873559606117746
6356,0.6356,6,5,6,670480,5964,113139,13117,0.04723735901660119,0.6874377653162832
6357,0.6357,7,7,7,670487,5957,113146,13110,0.047181916106957295,0.6875753920386007
6358,0.6358,4,3,4,670490,5954,113150,13106,0.04715815485996705,0.6876180482686254
6359,0.6359,4,3,4,670493,5951,113154,13102,0.04713439361297681,0.6876607358421246
6360,0.636,6,6,6,670499,5945,113160,13096,0.04708687111899632,0.6877790032036133
6361,0.6361,7,6,7,670505,5939,113167,13089,0.04703934862501584,0.6878810174479714
6362,0.6362,11,3,11,670508,5936,113178,13078,0.0470155873780256,0.6878089828547386
6363,0.6363,7,1,7,670509,5935,113185,13071,0.047007666962362187,0.6877301904661686
6364,0.6364,8,0,8,670509,5935,113193,13063,0.047007666962362187,0.6875986945994316
6365,0.6365,5,7,5,670516,5928,113198,13058,0.04695222405271829,0.6877699357421257
6366,0.6366,7,3,7,670519,5925,113205,13051,0.046928462805728044,0.6877634907251264
6367,0.6367,6,3,6,670522,5922,113211,13045,0.0469047015587378,0.6877735013444404
6368,0.6368,10,5,10,670527,5917,113221,13035,0.04686509948042073,0.6877902068383284
6369,0.6369,8,5,8,670532,5912,113229,13027,0.046825497402103664,0.687839907070067
6370,0.637,4,3,4,670535,5909,113233,13023,0.04680173615511342,0.6878829495034862
6371,0.6371,7,6,7,670541,5903,113240,13016,0.046754213661132936,0.6879856229187589
6372,0.6372,7,4,7,670545,5899,113247,13009,0.04672253199847928,0.6880156547493125
6373,0.6373,4,7,4,670552,5892,113251,13005,0.046667089088835385,0.6882044769010954
6374,0.6374,5,4,5,670556,5888,113256,13000,0.046635407426181726,0.688267683185091
6375,0.6375,7,3,7,670559,5885,113263,12993,0.04661164617919148,0.6882614683758873
6376,0.6376,4,10,4,670569,5875,113267,12989,0.046532442022557345,0.6885602205258694
6377,0.6377,4,3,4,670572,5872,113271,12985,0.0465086807755671,0.6886037015431935
6378,0.6378,8,6,8,670578,5866,113279,12977,0.04646115828158662,0.6886907604946134
6379,0.6379,11,7,11,670585,5859,113290,12966,0.04640571537194272,0.6887649402390438
6380,0.638,7,3,7,670588,5856,113297,12959,0.046381954124952475,0.6887589689077863
6381,0.6381,9,5,9,670593,5851,113306,12950,0.04634235204663541,0.6887931493005691
6382,0.6382,7,5,7,670598,5846,113313,12943,0.04630274996831834,0.6888605034860823
6383,0.6383,3,5,3,670603,5841,113316,12940,0.046263147890001265,0.6889941962621798
6384,0.6384,7,7,7,670610,5834,113323,12933,0.04620770498035737,0.6891351840997496
6385,0.6385,10,4,10,670614,5830,113333,12923,0.046176023317703714,0.6891164080413801
6386,0.6386,2,2,2,670616,5828,113335,12921,0.046160182486376884,0.6891567550269347
6387,0.6387,7,2,7,670618,5826,113342,12914,0.046144341655050054,0.6891141942369263
6388,0.6388,8,2,8,670620,5824,113350,12906,0.04612850082372323,0.6890549919914576
6389,0.6389,10,2,10,670622,5822,113360,12896,0.0461126599923964,0.6889624959931616
6390,0.639,7,2,7,670624,5820,113367,12889,0.04609681916106957,0.6889197712330963
6391,0.6391,6,4,6,670628,5816,113373,12883,0.04606513749841592,0.6889673244558533
6392,0.6392,6,6,6,670634,5810,113379,12877,0.046017615004435436,0.6890886712687965
6393,0.6393,8,1,8,670635,5809,113387,12869,0.04600969458877202,0.6889923974729628
6394,0.6394,8,5,8,670640,5804,113395,12861,0.045970092510454946,0.6890436646129119
6395,0.6395,8,5,8,670645,5799,113403,12853,0.04593049043213788,0.6890950032168132
6396,0.6396,8,4,8,670649,5795,113411,12845,0.045898808769484226,0.6891094420600858
6397,0.6397,1,3,1,670652,5792,113412,12844,0.04587504752249398,0.6892036917793518
6398,0.6398,3,3,3,670655,5789,113415,12841,0.045851286275503736,0.6892646269457864
6399,0.6399,6,3,6,670658,5786,113421,12835,0.0458275250285135,0.6892755491112185
6400,0.64,3,3,3,670661,5783,113424,12832,0.04580376378152325,0.6893365565404244
6401,0.6401,15,1,15,670662,5782,113439,12817,0.04579584336585984,0.6891230711328566
6402,0.6402,7,7,7,670669,5775,113446,12810,0.04574040045621594,0.6892655367231638
6403,0.6403,8,6,8,670675,5769,113454,12802,0.04569287796223546,0.6893543697162242
6404,0.6404,9,5,9,670680,5764,113463,12793,0.04565327588391839,0.6893894487255483
6405,0.6405,7,2,7,670682,5762,113470,12786,0.04563743505259156,0.6893465602760406
6406,0.6406,6,5,6,670687,5757,113476,12780,0.04559783297427449,0.6894319469169768
6407,0.6407,8,5,8,670692,5752,113484,12772,0.04555823089595742,0.6894839127618225
6408,0.6408,7,8,7,670700,5744,113491,12765,0.045494867570650105,0.6896644875465989
6409,0.6409,11,4,11,670704,5740,113502,12754,0.04546318590799645,0.6896290688872067
6410,0.641,4,7,4,670711,5733,113506,12750,0.045407742998352554,0.6898230806687226
6411,0.6411,9,0,9,670711,5733,113515,12741,0.045407742998352554,0.6896719714192919
6412,0.6412,6,2,6,670713,5731,113521,12735,0.045391902167025724,0.6896458355897325
6413,0.6413,7,5,7,670718,5726,113528,12728,0.04535230008870866,0.6897149669448358
6414,0.6414,4,5,4,670723,5721,113532,12724,0.04531269801039158,0.6898346435348333
6415,0.6415,6,2,6,670725,5719,113538,12718,0.04529685717906476,0.6898085371806693
6416,0.6416,5,2,5,670727,5717,113543,12713,0.04528101634773793,0.6897992403689637
6417,0.6417,0,6,0,670733,5711,113543,12713,0.045233493853757446,0.6900238818931828
6418,0.6418,10,3,10,670736,5708,113553,12703,0.0452097326067672,0.689967953940579
6419,0.6419,5,3,5,670739,5705,113558,12698,0.045185971359776964,0.6899961962723469
6420,0.642,5,4,5,670743,5701,113563,12693,0.045154289697123304,0.6900619767315429
6421,0.6421,5,7,5,670750,5694,113568,12688,0.045098846787479406,0.6902404526166902
6422,0.6422,6,5,6,670755,5689,113574,12682,0.04505924470916234,0.6903271460453977
6423,0.6423,4,7,4,670762,5682,113578,12678,0.04500380179951844,0.6905228758169935
6424,0.6424,7,7,7,670769,5675,113585,12671,0.04494835888987454,0.6906682655619754
6425,0.6425,10,6,10,670775,5669,113595,12661,0.04490083639589405,0.6907255864702673
6426,0.6426,7,1,7,670776,5668,113602,12654,0.044892915980230645,0.690645126077939
6427,0.6427,5,6,5,670782,5662,113607,12649,0.044845393486250155,0.6907869586587297
6428,0.6428,2,1,2,670783,5661,113609,12647,0.04483747307058675,0.6907909110771248
6429,0.6429,5,4,5,670787,5657,113614,12642,0.04480579140793309,0.6908574239029455
6430,0.643,7,5,7,670792,5652,113621,12635,0.04476618932961602,0.6909279816262919
6431,0.6431,5,6,5,670798,5646,113626,12630,0.04471866683563554,0.6910702560735391
6432,0.6432,6,7,6,670805,5639,113632,12624,0.04466322392599164,0.6912336417894103
6433,0.6433,9,4,9,670809,5635,113641,12615,0.04463154226333798,0.6912328767123288
6434,0.6434,2,3,2,670812,5632,113643,12613,0.044607781016347735,0.6913126884077829
6435,0.6435,6,5,6,670817,5627,113649,12607,0.04456817893803067,0.6914006800482615
6436,0.6436,6,1,6,670818,5626,113655,12601,0.04456025852236725,0.6913370274866956
6437,0.6437,10,4,10,670822,5622,113665,12591,0.0445285768597136,0.6913193872508647
6438,0.6438,9,3,9,670825,5619,113674,12582,0.044504815612723354,0.6912806988626998
6439,0.6439,9,7,9,670832,5612,113683,12573,0.04444937270307946,0.6913940060489414
6440,0.644,11,3,11,670835,5609,113694,12562,0.04442561145608922,0.691321336195036
6441,0.6441,7,7,7,670842,5602,113701,12555,0.044370168546445314,0.6914688549870573
6442,0.6442,8,6,8,670848,5596,113709,12547,0.04432264605246483,0.6915614837678443
6443,0.6443,4,8,4,670856,5588,113713,12543,0.04425928272715752,0.6917985770227787
6444,0.6444,8,7,8,670863,5581,113721,12535,0.04420383981751362,0.6919297858246853
6445,0.6445,7,3,7,670866,5578,113728,12528,0.04418007857052338,0.6919253286203468
6446,0.6446,9,3,9,670869,5575,113737,12519,0.04415631732353314,0.691886813308279
6447,0.6447,12,4,12,670873,5571,113749,12507,0.044124635660879485,0.6918353800199137
6448,0.6448,7,5,7,670878,5566,113756,12500,0.04408503358256241,0.6919074504594266
6449,0.6449,8,1,8,670879,5565,113764,12492,0.044077113166898996,0.6918092706429639
6450,0.645,4,6,4,670885,5559,113768,12488,0.04402959067291851,0.6919709647032748
6451,0.6451,7,6,7,670891,5553,113775,12481,0.04398206817893803,0.6920816235998669
6452,0.6452,6,4,6,670895,5549,113781,12475,0.04395038651628438,0.692132711939636
6453,0.6453,7,5,7,670900,5544,113788,12468,0.0439107844379673,0.6922051965356429
6454,0.6454,7,3,7,670903,5541,113795,12461,0.043887023190977065,0.692200866570381
6455,0.6455,11,3,11,670906,5538,113806,12450,0.04386326194398682,0.6921280853902602
6456,0.6456,7,2,7,670908,5536,113813,12443,0.04384742111265999,0.6920852105233884
6457,0.6457,6,2,6,670910,5534,113819,12437,0.04383158028133317,0.6920594290801847
6458,0.6458,4,8,4,670918,5526,113823,12433,0.043768216956025854,0.6922991257865138
6459,0.6459,8,2,8,670920,5524,113831,12425,0.043752376124699024,0.6922391219566549
6460,0.646,4,9,4,670929,5515,113835,12421,0.0436810923837283,0.6925178412132025
6461,0.6461,7,2,7,670931,5513,113842,12414,0.04366525155240147,0.6924750376527026
6462,0.6462,8,2,8,670933,5511,113850,12406,0.043649410721074644,0.6924150248367472
6463,0.6463,6,5,6,670938,5506,113856,12400,0.04360980864275757,0.6925053054841952
6464,0.6464,2,4,2,670942,5502,113858,12398,0.043578126980103916,0.6926256983240223
6465,0.6465,4,7,4,670949,5495,113862,12394,0.04352268407046002,0.6928279948571748
6466,0.6466,7,9,7,670958,5486,113869,12387,0.04345140032948929,0.6930565657695966
6467,0.6467,5,2,5,670960,5484,113874,12382,0.04343555949816246,0.6930482480689578
6468,0.6468,6,4,6,670964,5480,113880,12376,0.04340387783550881,0.693100358422939
6469,0.6469,8,5,8,670969,5475,113888,12368,0.04336427575719174,0.6931569803284201
6470,0.647,10,1,10,670970,5474,113898,12358,0.043356355341528326,0.69302377747869
6471,0.6471,6,4,6,670974,5470,113904,12352,0.043324673678874666,0.6930759735158792
6472,0.6472,13,2,13,670976,5468,113917,12339,0.043308832847547836,0.6929297467288145
6473,0.6473,9,5,9,670981,5463,113926,12330,0.04326923076923077,0.6929691451694486
6474,0.6474,4,4,4,670985,5459,113930,12326,0.043237549106577115,0.6930559460219285
6475,0.6475,7,3,7,670988,5456,113937,12319,0.04321378785958687,0.6930520393811533
6476,0.6476,6,2,6,670990,5454,113943,12313,0.04319794702826004,0.6930263972533348
6477,0.6477,4,2,4,670992,5452,113947,12309,0.04318210619693322,0.6930353020663251
6478,0.6478,9,6,9,670998,5446,113956,12300,0.04313458370295273,0.693113941169841
6479,0.6479,11,4,11,671002,5442,113967,12289,0.043102902040299075,0.6930799165303705
6480,0.648,7,6,7,671008,5436,113974,12282,0.04305537954631859,0.6931933626820183
6481,0.6481,9,5,9,671013,5431,113983,12273,0.04301577746800152,0.6932331676457297
6482,0.6482,7,4,7,671017,5427,113990,12266,0.042984095805347865,0.6932685242751371
6483,0.6483,6,13,6,671030,5414,113996,12260,0.042881130401723484,0.6936743238655653
6484,0.6484,9,6,9,671036,5408,114005,12251,0.042833607907743,0.6937538931989354
6485,0.6485,10,7,10,671043,5401,114015,12241,0.0427781649980991,0.6938555719306201
6486,0.6486,6,8,6,671051,5393,114021,12235,0.04271480167279179,0.6940662582255502
6487,0.6487,3,8,3,671059,5385,114024,12232,0.04265143834748448,0.6943293409774649
6488,0.6488,7,2,7,671061,5383,114031,12225,0.04263559751615765,0.6942866878691504
6489,0.6489,9,4,9,671065,5379,114040,12216,0.04260391585350399,0.6942881500426258
6490,0.649,4,5,4,671070,5374,114044,12212,0.04256431377518692,0.6944160127374047
6491,0.6491,9,3,9,671073,5371,114053,12203,0.04254055252819668,0.6943780584955047
6492,0.6492,13,3,13,671076,5368,114066,12190,0.04251679128120644,0.6942704180430573
6493,0.6493,4,2,4,671078,5366,114070,12186,0.04250095044987961,0.6942798541476755
6494,0.6494,9,1,9,671079,5365,114079,12177,0.04249303003421619,0.6941625812336107
6495,0.6495,6,1,6,671080,5364,114085,12171,0.04248510961855278,0.6940975192472199
6496,0.6496,12,6,12,671086,5358,114097,12159,0.042437587124572296,0.694125706456585
6497,0.6497,5,4,5,671090,5354,114102,12154,0.04240590546191864,0.6941969385423806
6498,0.6498,8,4,8,671094,5350,114110,12146,0.04237422379926498,0.6942158207590307
6499,0.6499,5,4,5,671098,5346,114115,12141,0.04234254213661133,0.6942871847658261
6500,0.65,6,3,6,671101,5343,114121,12135,0.042318780889621085,0.6943014074836937
6501,0.6501,9,3,9,671104,5340,114130,12126,0.04229501964263085,0.6942631398144967
6502,0.6502,9,6,9,671110,5334,114139,12117,0.04224749714865036,0.694344163658243
6503,0.6503,7,3,7,671113,5331,114146,12110,0.04222373590166012,0.6943409208187604
6504,0.6504,4,4,4,671117,5327,114150,12106,0.04219205423900646,0.694430103826077
6505,0.6505,5,3,5,671120,5324,114155,12101,0.04216829299201622,0.6944619799139168
6506,0.6506,12,3,12,671123,5321,114167,12089,0.04214453174502598,0.6943710511200459
6507,0.6507,4,5,4,671128,5316,114171,12085,0.04210492966670891,0.6945003160737888
6508,0.6508,4,1,4,671129,5315,114175,12081,0.042097009251045495,0.6944699931018625
6509,0.6509,7,2,7,671131,5313,114182,12074,0.042081168419718665,0.694426870650486
6510,0.651,5,4,5,671135,5309,114187,12069,0.04204948675706501,0.6944987915755553
6511,0.6511,4,3,4,671138,5306,114191,12065,0.04202572551007477,0.6945483852397675
6512,0.6512,10,5,10,671143,5301,114201,12055,0.0419861234317577,0.6945724821387417
6513,0.6513,7,10,7,671153,5291,114208,12048,0.04190691927512356,0.6948497606551705
6514,0.6514,5,5,5,671158,5286,114213,12043,0.04186731719680649,0.6949622020889837
6515,0.6515,8,2,8,671160,5284,114221,12035,0.04185147636547966,0.69490155320746
6516,0.6516,11,7,11,671167,5277,114232,12024,0.04179603345583576,0.6949887289752037
6517,0.6517,3,4,3,671171,5273,114235,12021,0.04176435179318211,0.695096565282757
6518,0.6518,6,1,6,671172,5272,114241,12015,0.041756431377518693,0.6950309481112975
6519,0.6519,8,2,8,671174,5270,114249,12007,0.041740590546191864,0.694970191584187
6520,0.652,8,3,8,671177,5267,114257,11999,0.04171682929920162,0.6949496119541295
6521,0.6521,4,1,4,671178,5266,114261,11995,0.04170890888353821,0.6949191819709171
6522,0.6522,7,9,7,671187,5257,114268,11988,0.04163762514256748,0.6951580168164685
6523,0.6523,4,6,4,671193,5251,114272,11984,0.041590102648587,0.6953292718305774
6524,0.6524,5,4,5,671197,5247,114277,11979,0.04155842098593334,0.6954022988505747
6525,0.6525,8,6,8,671203,5241,114285,11971,0.04151089849195286,0.6955031373460376
6526,0.6526,11,4,11,671207,5237,114296,11960,0.041479216829299205,0.6954701401407222
6527,0.6527,5,4,5,671211,5233,114301,11955,0.041447535166645545,0.6955434023737491
6528,0.6528,8,4,8,671215,5229,114309,11947,0.04141585350399189,0.6955635770843037
6529,0.6529,7,4,7,671219,5225,114316,11940,0.04138417184133823,0.6956015147101661
6530,0.653,7,6,7,671225,5219,114323,11933,0.04133664934735775,0.6957206156716418
6531,0.6531,6,2,6,671227,5217,114329,11927,0.04132080851603092,0.6956952869808679
6532,0.6532,6,7,6,671234,5210,114335,11921,0.04126536560638702,0.6958729788103438
6533,0.6533,9,1,9,671235,5209,114344,11912,0.04125744519072361,0.6957537527013609
6534,0.6534,5,3,5,671238,5206,114349,11907,0.04123368394373337,0.695786828726699
6535,0.6535,5,4,5,671242,5202,114354,11902,0.04120200228107971,0.6958606173994387
6536,0.6536,7,3,7,671245,5199,114361,11895,0.04117824103408947,0.6958581958581959
6537,0.6537,5,3,5,671248,5196,114366,11890,0.04115447978709923,0.6958913730539623
6538,0.6538,3,3,3,671251,5193,114369,11887,0.04113071854010898,0.69596018735363
6539,0.6539,5,3,5,671254,5190,114374,11882,0.041106957293118744,0.6959934395501406
6540,0.654,9,3,9,671257,5187,114383,11873,0.0410831960461285,0.6959554513481829
6541,0.6541,5,3,5,671260,5184,114388,11868,0.04105943479913826,0.6959887403237157
6542,0.6542,8,6,8,671266,5178,114396,11860,0.04101191230515777,0.6960910905035802
6543,0.6543,7,2,7,671268,5176,114403,11853,0.04099607147383095,0.6960479182570909
6544,0.6544,6,2,6,671270,5174,114409,11847,0.04098023064250412,0.6960225603666059
6545,0.6545,6,5,6,671275,5169,114415,11841,0.04094062856418705,0.6961199294532627
6546,0.6546,4,2,4,671277,5167,114419,11837,0.04092478773286022,0.6961303222771112
6547,0.6547,9,2,9,671279,5165,114428,11828,0.04090894690153339,0.6960513152474548
6548,0.6548,4,4,4,671283,5161,114432,11824,0.04087726523887974,0.6961436561672063
6549,0.6549,6,4,6,671287,5157,114438,11818,0.04084558357622608,0.69620029455081
6550,0.655,4,6,4,671293,5151,114442,11814,0.040798061082245596,0.6963748894783377
6551,0.6551,8,2,8,671295,5149,114450,11806,0.040782220250918766,0.6963137717487466
6552,0.6552,5,4,5,671299,5145,114455,11801,0.04075053858826511,0.6963885282662575
6553,0.6553,6,3,6,671302,5142,114461,11795,0.04072677734127487,0.6964043218988014
6554,0.6554,11,4,11,671306,5138,114472,11784,0.040695095678621215,0.6963715872828271
6555,0.6555,4,2,4,671308,5136,114476,11780,0.040679254847294385,0.6963821234334358
6556,0.6556,3,5,3,671313,5131,114479,11777,0.04063965276897732,0.6965341850011829
6557,0.6557,4,2,4,671315,5129,114483,11773,0.04062381193765049,0.6965447875991007
6558,0.6558,8,1,8,671316,5128,114491,11765,0.04061589152198707,0.696442313384242
6559,0.6559,5,2,5,671318,5126,114496,11760,0.04060005069066024,0.6964349164988748
6560,0.656,4,5,4,671323,5121,114500,11756,0.040560448612343175,0.6965692954909047
6561,0.6561,7,5,7,671328,5116,114507,11749,0.04052084653402611,0.6966498665876075
6562,0.6562,3,2,3,671330,5114,114510,11746,0.04050500570269928,0.6966785290628708
6563,0.6563,8,2,8,671332,5112,114518,11738,0.04048916487137245,0.6966172106824926
6564,0.6564,7,4,7,671336,5108,114525,11731,0.040457483208718795,0.6966565710552883
6565,0.6565,5,6,5,671342,5102,114530,11726,0.04040996071473831,0.6968148324221536
6566,0.6566,4,7,4,671349,5095,114534,11722,0.040354517805094414,0.6970327644645299
6567,0.6567,7,2,7,671351,5093,114541,11715,0.040338676973767584,0.6969895287958116
6568,0.6568,6,7,6,671358,5086,114547,11709,0.04028323406412369,0.6971717773146769
6569,0.6569,4,3,4,671361,5083,114551,11705,0.04025947281713344,0.697224207767453
6570,0.657,2,0,2,671361,5083,114553,11703,0.04025947281713344,0.6971881329679495
6571,0.6571,1,4,1,671365,5079,114554,11702,0.04022779115447979,0.6973362731660807
6572,0.6572,7,0,7,671365,5079,114561,11695,0.04022779115447979,0.6972099678073208
6573,0.6573,5,6,5,671371,5073,114566,11690,0.040180268660499306,0.6973692059893813
6574,0.6574,5,2,5,671373,5071,114571,11685,0.040164427829172476,0.6973621389353067
6575,0.6575,5,3,5,671376,5068,114576,11680,0.04014066658218223,0.6973967040840697
6576,0.6576,7,5,7,671381,5063,114583,11673,0.040101064503865164,0.6974784894837476
6577,0.6577,6,3,6,671384,5060,114589,11667,0.04007730325687492,0.6974950678543672
6578,0.6578,2,4,2,671388,5056,114591,11665,0.040045621594221266,0.6976257400873154
6579,0.6579,6,6,6,671394,5050,114597,11659,0.03999809910024078,0.6977676701179005
6580,0.658,5,4,5,671398,5046,114602,11654,0.03996641743758712,0.6978443113772456
6581,0.6581,7,2,7,671400,5044,114609,11647,0.039950576606260293,0.6978012102330597
6582,0.6582,8,6,8,671406,5038,114617,11639,0.03990305411227981,0.6979072974755651
6583,0.6583,6,9,6,671415,5029,114623,11633,0.03983177037130908,0.6981754891369584
6584,0.6584,7,2,7,671417,5027,114630,11626,0.03981592953998226,0.6981324686242719
6585,0.6585,3,5,3,671422,5022,114633,11623,0.039776327461665185,0.6982877741063382
6586,0.6586,5,2,5,671424,5020,114638,11618,0.03976048663033836,0.6982810433946388
6587,0.6587,7,5,7,671429,5015,114645,11611,0.03972088455202129,0.6983640081799591
6588,0.6588,7,4,7,671433,5011,114652,11604,0.039689202889367635,0.698405055672585
6589,0.6589,7,3,7,671436,5008,114659,11597,0.03966544164237739,0.6984040951520626
6590,0.659,4,6,4,671442,5002,114663,11593,0.03961791914839691,0.698583910816511
6591,0.6591,4,2,4,671444,5000,114667,11589,0.03960207831707008,0.6985954548194587
6592,0.6592,4,9,4,671453,4991,114671,11585,0.03953079457609936,0.698902027027027
6593,0.6593,4,4,4,671457,4987,114675,11581,0.0394991129134457,0.6989980685659102
6594,0.6594,8,4,8,671461,4983,114683,11573,0.039467431250792044,0.6990215027784489
6595,0.6595,5,4,5,671465,4979,114688,11568,0.039435749588138384,0.6990995346588506
6596,0.6596,7,3,7,671468,4976,114695,11561,0.039411988341148146,0.699098990143315
6597,0.6597,6,5,6,671473,4971,114701,11555,0.03937238626283107,0.6992012586227763
6598,0.6598,8,7,8,671480,4964,114709,11547,0.039316943353187174,0.699351947186724
6599,0.6599,6,5,6,671485,4959,114715,11541,0.039277341274870106,0.6994545454545454
6600,0.66,4,1,4,671486,4958,114719,11537,0.03926942085920669,0.6994240678993634
6601,0.6601,9,5,9,671491,4953,114728,11528,0.03922981878088962,0.6994721194102299
6602,0.6602,4,3,4,671494,4950,114732,11524,0.03920605753389938,0.6995265266480515
6603,0.6603,8,5,8,671499,4945,114740,11516,0.03916645545558231,0.6995929773403803
6604,0.6604,8,3,8,671502,4942,114748,11508,0.039142694208592066,0.6995744680851064
6605,0.6605,5,7,5,671509,4935,114753,11503,0.03908725129894817,0.6997809952548972
6606,0.6606,6,3,6,671512,4932,114759,11497,0.03906349005195792,0.6997991356747215
6607,0.6607,6,4,6,671516,4928,114765,11491,0.03903180838930427,0.6998599183872343
6608,0.6608,6,7,6,671523,4921,114771,11485,0.03897636547966037,0.7000487626478118
6609,0.6609,6,6,6,671529,4915,114777,11479,0.03892884298567989,0.7001951933634256
6610,0.661,2,3,2,671532,4912,114779,11477,0.038905081738689645,0.7002867777167613
6611,0.6611,4,3,4,671535,4909,114783,11473,0.03888132049169941,0.7003418386033451
6612,0.6612,6,2,6,671537,4907,114789,11467,0.03886547966037258,0.700317576645902
6613,0.6613,5,8,5,671545,4899,114794,11462,0.038802116335065265,0.7005684249129026
6614,0.6614,4,5,4,671550,4894,114798,11458,0.0387625142567482,0.7007093933463796
6615,0.6615,4,1,4,671551,4893,114802,11454,0.03875459384108478,0.7006790236740686
6616,0.6616,4,6,4,671557,4887,114806,11450,0.0387070713471043,0.7008630715553651
6617,0.6617,8,5,8,671562,4882,114814,11442,0.038667469268787225,0.7009311443273707
6618,0.6618,6,8,6,671570,4874,114820,11436,0.03860410594347991,0.7011649294911098
6619,0.6619,5,1,5,671571,4873,114825,11431,0.0385961855278165,0.7011162904808635
6620,0.662,10,3,10,671574,4870,114835,11421,0.03857242428082626,0.7010619360383034
6621,0.6621,4,3,4,671577,4867,114839,11417,0.038548663033836014,0.701117661508229
6622,0.6622,9,3,9,671580,4864,114848,11408,0.038524901786845776,0.7010816125860374
6623,0.6623,4,7,4,671587,4857,114852,11404,0.03846945887720188,0.7013098825410491
6624,0.6624,8,3,8,671590,4854,114860,11396,0.038445697630211634,0.7012923076923077
6625,0.6625,6,4,6,671594,4850,114866,11390,0.038414015967557974,0.7013546798029556
6626,0.6626,5,7,5,671601,4843,114871,11385,0.038358573057914076,0.7015651959576041
6627,0.6627,11,5,11,671606,4838,114882,11374,0.03831897097959701,0.7015790772267456
6628,0.6628,4,3,4,671609,4835,114886,11370,0.03829520973260677,0.7016352977476088
6629,0.6629,9,2,9,671611,4833,114895,11361,0.03827936890127994,0.701556131900704
6630,0.663,2,2,2,671613,4831,114897,11359,0.03826352806995311,0.7016059295861643
6631,0.6631,7,5,7,671618,4826,114904,11352,0.03822392599163604,0.7016936580541476
6632,0.6632,11,3,11,671621,4823,114915,11341,0.0382001647446458,0.7016208859193269
6633,0.6633,8,3,8,671624,4820,114923,11333,0.03817640349765556,0.7016034173218597
6634,0.6634,6,4,6,671628,4816,114929,11327,0.0381447218350019,0.7016663569348944
6635,0.6635,7,1,7,671629,4815,114936,11320,0.038136801419338485,0.7015804152463588
6636,0.6636,5,1,5,671630,4814,114941,11315,0.03812888100367507,0.7015314030628061
6637,0.6637,6,5,6,671635,4809,114947,11309,0.038089278925358,0.7016379203375108
6638,0.6638,6,1,6,671636,4808,114953,11303,0.03808135850969459,0.7015703556576253
6639,0.6639,4,6,4,671642,4802,114957,11299,0.038033836015714105,0.7017576548040494
6640,0.664,8,3,8,671645,4799,114965,11291,0.03801007476872386,0.7017402113113735
6641,0.6641,8,3,8,671648,4796,114973,11283,0.03798631352173362,0.7017227439517383
6642,0.6642,4,3,4,671651,4793,114977,11279,0.03796255227474338,0.7017794922847188
6643,0.6643,4,3,4,671654,4790,114981,11275,0.03793879102775314,0.7018362900715842
6644,0.6644,5,2,5,671656,4788,114986,11270,0.03792295019642631,0.7018308631211857
6645,0.6645,5,4,5,671660,4784,114991,11265,0.03789126853377265,0.7019128917689575
6646,0.6646,7,5,7,671665,4779,114998,11258,0.03785166645545558,0.7020016212508574
6647,0.6647,0,3,0,671668,4776,114998,11258,0.03782790520846534,0.7021329674441811
6648,0.6648,4,6,4,671674,4770,115002,11254,0.037780382714484854,0.7023215177234149
6649,0.6649,10,9,10,671683,4761,115012,11244,0.03770909897351413,0.7025304592314902
6650,0.665,8,6,8,671689,4755,115020,11236,0.037661576479533644,0.7026452379463448
6651,0.6651,7,6,7,671695,4749,115027,11229,0.03761405398555316,0.7027788208787082
6652,0.6652,10,2,10,671697,4747,115037,11219,0.03759821315422633,0.7026806964800201
6653,0.6653,8,5,8,671702,4742,115045,11211,0.037558611075909264,0.7027518335109384
6654,0.6654,10,1,10,671703,4741,115055,11201,0.03755069066024585,0.702609459289926
6655,0.6655,7,2,7,671705,4739,115062,11194,0.03753484982891902,0.702566999309609
6656,0.6656,3,5,3,671710,4734,115065,11191,0.03749524775060195,0.7027315541601256
6657,0.6657,5,1,5,671711,4733,115070,11186,0.037487327334938536,0.702682329292041
6658,0.6658,6,3,6,671714,4730,115076,11180,0.0374635660879483,0.7027027027027027
6659,0.6659,9,2,9,671716,4728,115085,11171,0.03744772525662147,0.7026228064658154
6660,0.666,6,1,6,671717,4727,115091,11165,0.03743980484095805,0.7025547445255474
6661,0.6661,5,3,5,671720,4724,115096,11160,0.03741604359396781,0.7025938050868799
6662,0.6662,7,4,7,671724,4720,115103,11153,0.037384361931314156,0.7026397026397027
6663,0.6663,4,3,4,671727,4717,115107,11149,0.03736060068432391,0.7026975923358124
6664,0.6664,7,6,7,671733,4711,115114,11142,0.03731307819034343,0.7028322714943543
6665,0.6665,7,0,7,671733,4711,115121,11135,0.03731307819034343,0.7027009970970592
6666,0.6666,2,5,2,671738,4706,115123,11133,0.03727347611202636,0.7028852831618158
6667,0.6667,3,4,3,671742,4702,115126,11130,0.0372417944493727,0.7030065689742294
6668,0.6668,9,4,9,671746,4698,115135,11121,0.03721011278671905,0.7030153612744169
6669,0.6669,7,2,7,671748,4696,115142,11114,0.03719427195539222,0.7029728020240354
6670,0.667,4,2,4,671750,4694,115146,11110,0.03717843112406539,0.7029865856745128
6671,0.6671,8,10,8,671760,4684,115154,11102,0.03709922696743125,0.7032813885721525
6672,0.6672,4,4,4,671764,4680,115158,11098,0.03706754530477759,0.7033844593738117
6673,0.6673,16,2,16,671766,4678,115174,11082,0.03705170447345077,0.7031725888324873
6674,0.6674,8,4,8,671770,4674,115182,11074,0.03702002281079711,0.7032004064008128
6675,0.6675,10,7,10,671777,4667,115192,11064,0.03696457990115321,0.7033246456042209
6676,0.6676,7,2,7,671779,4665,115199,11057,0.03694873906982638,0.7032820251876352
6677,0.6677,8,0,8,671779,4665,115207,11049,0.03694873906982638,0.703130966017564
6678,0.6678,7,4,7,671783,4661,115214,11042,0.03691705740717273,0.7031777367382029
6679,0.6679,9,7,9,671790,4654,115223,11033,0.03686161449752883,0.7033212213935105
6680,0.668,7,2,7,671792,4652,115230,11026,0.036845773666202,0.7032784793978824
6681,0.6681,4,1,4,671793,4651,115234,11022,0.03683785325053859,0.7032476233012187
6682,0.6682,7,6,7,671799,4645,115241,11015,0.036790330756558104,0.7033844189016603
6683,0.6683,3,4,3,671803,4641,115244,11012,0.03675864909390445,0.703507314891714
6684,0.6684,6,0,6,671803,4641,115250,11006,0.03675864909390445,0.703393621780533
6685,0.6685,11,6,11,671809,4635,115261,10995,0.03671112659992396,0.7034548944337812
6686,0.6686,4,3,4,671812,4632,115265,10991,0.036687365352933723,0.7035140497983742
6687,0.6687,8,3,8,671815,4629,115273,10983,0.03666360410594348,0.7034973097617218
6688,0.6688,8,2,8,671817,4627,115281,10975,0.03664776327461665,0.7034354569926933
6689,0.6689,5,3,5,671820,4624,115286,10970,0.03662400202762641,0.7034756957804283
6690,0.669,5,5,5,671825,4619,115291,10965,0.03658439994930934,0.7036062628336756
6691,0.6691,9,6,9,671831,4613,115300,10956,0.03653687745532885,0.7037060826000385
6692,0.6692,0,3,0,671834,4610,115300,10956,0.036513116208338615,0.7038417062829243
6693,0.6693,8,3,8,671837,4607,115308,10948,0.03648935496134837,0.7038251366120218
6694,0.6694,4,7,4,671844,4600,115312,10944,0.03643391205170447,0.7040658775090067
6695,0.6695,2,6,2,671850,4594,115314,10942,0.03638638955772399,0.7042996910401648
6696,0.6696,9,9,9,671859,4585,115323,10933,0.03631510581675326,0.7045366670962753
6697,0.6697,9,4,9,671863,4581,115332,10924,0.03628342415409961,0.7045469203482747
6698,0.6698,8,5,8,671868,4576,115340,10916,0.036243822075782535,0.7046217402530338
6699,0.6699,5,2,5,671870,4574,115345,10911,0.03622798124445571,0.7046173716499838
6700,0.67,6,6,6,671876,4568,115351,10905,0.03618045875047522,0.70477606152653
6701,0.6701,9,3,9,671879,4565,115360,10896,0.036156697503484984,0.7047409611279994
6702,0.6702,8,2,8,671881,4563,115368,10888,0.036140856672158155,0.7046793087826031
6703,0.6703,5,1,5,671882,4562,115373,10883,0.03613293625649474,0.7046293298802201
6704,0.6704,6,3,6,671885,4559,115379,10877,0.0361091750095045,0.704651464109873
6705,0.6705,9,3,9,671888,4556,115388,10868,0.03608541376251426,0.7046161825726142
6706,0.6706,12,7,12,671895,4549,115400,10856,0.03602997085287036,0.7047062641999351
6707,0.6707,8,8,8,671903,4541,115408,10848,0.035966607527563046,0.7049190980570538
6708,0.6708,3,3,3,671906,4538,115411,10845,0.0359428462805728,0.7049990248976142
6709,0.6709,8,2,8,671908,4536,115419,10837,0.03592700544924598,0.7049372276068432
6710,0.671,7,3,7,671911,4533,115426,10830,0.035903244202255734,0.7049404413200546
6711,0.6711,7,6,7,671917,4527,115433,10823,0.03585572170827525,0.7050814332247557
6712,0.6712,6,2,6,671919,4525,115439,10817,0.03583988087694842,0.7050580106896103
6713,0.6713,5,4,5,671923,4521,115444,10812,0.03580819921429477,0.7051457640383486
6714,0.6714,7,3,7,671926,4518,115451,10805,0.035784437967304523,0.7051491222345494
6715,0.6715,7,4,7,671930,4514,115458,10798,0.03575275630465087,0.7051985370950888
6716,0.6716,4,4,4,671934,4510,115462,10794,0.03572107464199721,0.7053058024046001
6717,0.6717,5,3,5,671937,4507,115467,10789,0.03569731339500697,0.7053478033472803
6718,0.6718,12,6,12,671943,4501,115479,10777,0.03564979090102648,0.7053933760963477
6719,0.6719,5,9,5,671952,4492,115484,10772,0.03557850716005576,0.7057127882599581
6720,0.672,3,7,3,671959,4485,115487,10769,0.035523064250411865,0.7059787596695949
6721,0.6721,5,2,5,671961,4483,115492,10764,0.035507223419085035,0.705974945890995
6722,0.6722,3,2,3,671963,4481,115495,10761,0.035491382587758205,0.7060097100118095
6723,0.6723,5,4,5,671967,4477,115500,10756,0.03545970092510455,0.7060986017199501
6724,0.6724,6,4,6,671971,4473,115506,10750,0.03542801926245089,0.7061682979701767
6725,0.6725,3,4,3,671975,4469,115509,10747,0.03539633759979724,0.7062960042060988
6726,0.6726,4,6,4,671981,4463,115513,10743,0.03534881510581675,0.7064974352229383
6727,0.6727,6,3,6,671984,4460,115519,10737,0.03532505385882651,0.7065210238862933
6728,0.6728,9,1,9,671985,4459,115528,10728,0.0353171334431631,0.7063936261276091
6729,0.6729,5,1,5,671986,4458,115533,10723,0.03530921302749968,0.7063434556353336
6730,0.673,5,0,5,671986,4458,115538,10718,0.03530921302749968,0.7062467053241961
6731,0.6731,9,3,9,671989,4455,115547,10709,0.035285451780509444,0.7062120812450541
6732,0.6732,5,3,5,671992,4452,115552,10704,0.0352616905335192,0.7062549485352335
6733,0.6733,6,1,6,671993,4451,115558,10698,0.035253770117855784,0.7061852267476401
6734,0.6734,5,4,5,671997,4447,115563,10693,0.03522208845520213,0.7062747688243065
6735,0.6735,7,4,7,672001,4443,115570,10686,0.03519040679254847,0.7063255998413642
6736,0.6736,9,4,9,672005,4439,115579,10677,0.03515872512989482,0.7063376554644085
6737,0.6737,4,6,4,672011,4433,115583,10673,0.035111202635914336,0.7065404475043029
6738,0.6738,8,4,8,672015,4429,115591,10665,0.035079520973260676,0.7065721478733271
6739,0.6739,6,2,6,672017,4427,115597,10659,0.035063680141933846,0.7065491183879093
6740,0.674,7,1,7,672018,4426,115604,10652,0.03505575972627043,0.7064597426714418
6741,0.6741,7,3,7,672021,4423,115611,10645,0.035031998479280194,0.7064640297318822
6742,0.6742,4,5,4,672026,4418,115615,10641,0.034992396400963126,0.7066206255395444
6743,0.6743,10,4,10,672030,4414,115625,10631,0.034960714738309466,0.706613492854769
6744,0.6744,4,9,4,672039,4405,115629,10627,0.03488943099733874,0.7069584885577435
6745,0.6745,4,7,4,672046,4398,115633,10623,0.03483398808769484,0.707209906131416
6746,0.6746,7,3,7,672049,4395,115640,10616,0.0348102268407046,0.7072147092132436
6747,0.6747,5,0,5,672049,4395,115645,10611,0.0348102268407046,0.7071171531387445
6748,0.6748,11,3,11,672052,4392,115656,10600,0.03478646559371436,0.7070437566702241
6749,0.6749,7,3,7,672055,4389,115663,10593,0.03476270434672411,0.7070484581497798
6750,0.675,12,4,12,672059,4385,115675,10581,0.03473102268407046,0.7070025390886008
6751,0.6751,8,5,8,672064,4380,115683,10573,0.03469142060575339,0.7070821908647095
6752,0.6752,10,1,10,672065,4379,115693,10563,0.03468350019008998,0.7069334761076161
6753,0.6753,1,1,1,672066,4378,115694,10562,0.03467557977442656,0.7069611780455154
6754,0.6754,8,2,8,672068,4376,115702,10554,0.03465973894309973,0.7068988613529805
6755,0.6755,7,6,7,672074,4370,115709,10547,0.03461221644911925,0.7070456526111148
6756,0.6756,4,3,4,672077,4367,115713,10543,0.034588455202129005,0.7071093226022803
6757,0.6757,6,4,6,672081,4363,115719,10537,0.03455677353947535,0.7071812080536912
6758,0.6758,4,6,4,672087,4357,115723,10533,0.03450925104549487,0.707387508394896
6759,0.6759,3,5,3,672092,4352,115726,10530,0.034469648967177795,0.7075661873404112
6760,0.676,12,2,12,672094,4350,115738,10518,0.03445380813585097,0.7074253430185634
6761,0.6761,9,3,9,672097,4347,115747,10509,0.03443004688886073,0.7073909531502424
6762,0.6762,3,5,3,672102,4342,115750,10506,0.03439044481054366,0.7075700431034483
6763,0.6763,8,2,8,672104,4340,115758,10498,0.03437460397921683,0.7075077503706699
6764,0.6764,9,1,9,672105,4339,115767,10489,0.034366683563553414,0.7073779336390612
6765,0.6765,8,5,8,672110,4334,115775,10481,0.034327081485236347,0.7074586567667904
6766,0.6766,3,6,3,672116,4328,115778,10478,0.034279558991255864,0.707686073213562
6767,0.6767,6,5,6,672121,4323,115784,10472,0.03423995691293879,0.7078066914498141
6768,0.6768,8,1,8,672122,4322,115792,10464,0.034232036497275374,0.707696469633437
6769,0.6769,9,2,9,672124,4320,115801,10455,0.03421619566594855,0.7076142131979696
6770,0.677,5,5,5,672129,4315,115806,10450,0.034176593587631476,0.7077548256010836
6771,0.6771,6,1,6,672130,4314,115812,10444,0.03416867317196806,0.7076839680173466
6772,0.6772,4,0,4,672130,4314,115816,10440,0.03416867317196806,0.7076047173647825
6773,0.6773,7,1,7,672131,4313,115823,10433,0.03416075275630465,0.707513902075139
6774,0.6774,6,5,6,672136,4308,115829,10427,0.03412115067798758,0.707634882931795
6775,0.6775,10,5,10,672141,4303,115839,10417,0.03408154859967051,0.7076766304347826
6776,0.6776,9,2,9,672143,4301,115848,10408,0.03406570776834368,0.7075939900741043
6777,0.6777,7,3,7,672146,4298,115855,10401,0.03404194652135344,0.7075991564051977
6778,0.6778,7,1,7,672147,4297,115862,10394,0.03403402610569003,0.7075079980940712
6779,0.6779,7,2,7,672149,4295,115869,10387,0.0340181852743632,0.7074649230350089
6780,0.678,6,3,6,672152,4292,115875,10381,0.03399442402737295,0.7074899475226607
6781,0.6781,7,4,7,672156,4288,115882,10374,0.0339627423647193,0.7075433092347565
6782,0.6782,6,4,6,672160,4284,115888,10368,0.03393106070206565,0.7076167076167076
6783,0.6783,6,5,6,672165,4279,115894,10362,0.03389145862374857,0.7077385424492862
6784,0.6784,4,5,4,672170,4274,115898,10358,0.033851856545431505,0.7079004920721705
6785,0.6785,4,6,4,672176,4268,115902,10354,0.03380433405145102,0.7081110655177131
6786,0.6786,1,6,1,672182,4262,115903,10353,0.03375681155747053,0.7083817995210401
6787,0.6787,6,3,6,672185,4259,115909,10347,0.033733050310480295,0.7084075037655758
6788,0.6788,3,5,3,672190,4254,115912,10344,0.03369344823216323,0.70859021783806
6789,0.6789,9,3,9,672193,4251,115921,10335,0.03366968698517298,0.7085561497326203
6790,0.679,3,1,3,672194,4250,115924,10332,0.03366176656950957,0.7085447812371417
6791,0.6791,6,2,6,672196,4248,115930,10326,0.03364592573818274,0.7085220255249074
6792,0.6792,9,3,9,672199,4245,115939,10317,0.0336221644911925,0.7084878450762258
6793,0.6793,8,5,8,672204,4240,115947,10309,0.033582562412875425,0.7085710358100213
6794,0.6794,4,2,4,672206,4238,115951,10305,0.0335667215815486,0.7085883242797222
6795,0.6795,7,2,7,672208,4236,115958,10298,0.03355088075022177,0.7085454795651576
6796,0.6796,10,5,10,672213,4231,115968,10288,0.033511278671904704,0.7085887457813899
6797,0.6797,4,2,4,672215,4229,115972,10284,0.033495437840577874,0.7086060773099979
6798,0.6798,11,6,11,672221,4223,115983,10273,0.03344791534659739,0.7086782560706402
6799,0.6799,3,2,3,672223,4221,115986,10270,0.03343207451527056,0.7087157546063073
6800,0.68,4,3,4,672226,4218,115990,10266,0.03340831326828032,0.7087821043910522
6801,0.6801,4,2,4,672228,4216,115994,10262,0.033392472436953494,0.708799557949993
6802,0.6802,8,3,8,672231,4213,116002,10254,0.03336871118996325,0.7087855118545655
6803,0.6803,5,1,5,672232,4212,116007,10249,0.033360790774299834,0.7087338358343129
6804,0.6804,6,1,6,672233,4211,116013,10243,0.03335287035863642,0.7086619620866196
6805,0.6805,5,6,5,672239,4205,116018,10238,0.033305347864655936,0.7088555009347088
6806,0.6806,4,3,4,672242,4202,116022,10234,0.0332815866176657,0.7089221390967027
6807,0.6807,9,5,9,672247,4197,116031,10225,0.033241984539348624,0.7089862709748994
6808,0.6808,5,5,5,672252,4192,116036,10220,0.033202382461031556,0.7091312794893144
6809,0.6809,9,1,9,672253,4191,116045,10211,0.03319446204536814,0.708998750173587
6810,0.681,9,1,9,672254,4190,116054,10202,0.033186541629704726,0.7088660366870484
6811,0.6811,5,2,5,672256,4188,116059,10197,0.033170700798377896,0.7088633993743483
6812,0.6812,7,1,7,672257,4187,116066,10190,0.03316278038271449,0.7087709536064547
6813,0.6813,7,2,7,672259,4185,116073,10183,0.03314693955138766,0.7087277282850779
6814,0.6814,6,3,6,672262,4182,116079,10177,0.03312317830439741,0.7087540915105509
6815,0.6815,8,2,8,672264,4180,116087,10169,0.03310733747307058,0.7086905010802147
6816,0.6816,3,4,3,672268,4176,116090,10166,0.03307565581041693,0.7088272207502441
6817,0.6817,3,0,3,672268,4176,116093,10163,0.03307565581041693,0.7087663016946788
6818,0.6818,5,2,5,672270,4174,116098,10158,0.0330598149790901,0.7087636059168295
6819,0.6819,6,3,6,672273,4171,116104,10152,0.03303605373209986,0.7087900579487537
6820,0.682,4,0,4,672273,4171,116108,10148,0.03303605373209986,0.7087087087087087
6821,0.6821,6,3,6,672276,4168,116114,10142,0.03301229248510962,0.7087351502445842
6822,0.6822,12,1,12,672277,4167,116126,10130,0.0330043720694462,0.708540253199972
6823,0.6823,5,4,5,672281,4163,116131,10125,0.03297269040679255,0.7086366181410975
6824,0.6824,4,1,4,672282,4162,116135,10121,0.032964769991129135,0.7086046348806273
6825,0.6825,5,4,5,672286,4158,116140,10116,0.032933088328475475,0.7087011349306431
6826,0.6826,6,3,6,672289,4155,116146,10110,0.03290932708148524,0.7087276550998949
6827,0.6827,4,6,4,672295,4149,116150,10106,0.032861804587504755,0.7089442300947036
6828,0.6828,11,4,11,672299,4145,116161,10095,0.032830122924851095,0.7089185393258427
6829,0.6829,6,7,6,672306,4138,116167,10089,0.0327746800152072,0.7091445842412315
6830,0.683,5,1,5,672307,4137,116172,10084,0.03276675959954378,0.7090921876098727
6831,0.6831,7,6,7,672313,4131,116179,10077,0.0327192371055633,0.7092483108108109
6832,0.6832,5,4,5,672317,4127,116184,10072,0.03268755544290965,0.7093457285724347
6833,0.6833,6,3,6,672320,4124,116190,10066,0.0326637941959194,0.7093727977448908
6834,0.6834,10,4,10,672324,4120,116200,10056,0.03263211253326575,0.7093679458239278
6835,0.6835,6,6,6,672330,4114,116206,10050,0.03258459003928526,0.7095453261790454
6836,0.6836,6,7,6,672337,4107,116212,10044,0.03252914712964136,0.7097731609073563
6837,0.6837,5,2,5,672339,4105,116217,10039,0.03251330629831454,0.7097709276018099
6838,0.6838,4,3,4,672342,4102,116221,10035,0.032489545051324294,0.7098394284501662
6839,0.6839,6,0,6,672342,4102,116227,10029,0.032489545051324294,0.7097162267355459
6840,0.684,10,3,10,672345,4099,116237,10019,0.03246578380433405,0.7096614251310384
6841,0.6841,5,2,5,672347,4097,116242,10014,0.032449942973007226,0.7096591311742612
6842,0.6842,6,3,6,672350,4094,116248,10008,0.03242618172601698,0.7096865692809531
6843,0.6843,11,5,11,672355,4089,116259,9997,0.03238657964769991,0.7097117705523215
6844,0.6844,10,2,10,672357,4087,116269,9987,0.03237073881637308,0.7096063663492965
6845,0.6845,12,1,12,672358,4086,116281,9975,0.03236281840070967,0.7094090036270535
6846,0.6846,8,3,8,672361,4083,116289,9967,0.03233905715371943,0.7093950177935943
6847,0.6847,8,1,8,672362,4082,116297,9959,0.032331136738056016,0.7092799658144007
6848,0.6848,10,8,10,672370,4074,116307,9949,0.0322677734127487,0.709477287313699
6849,0.6849,7,2,7,672372,4072,116314,9942,0.03225193258142187,0.709433423719138
6850,0.685,3,4,3,672376,4068,116317,9939,0.03222025091876822,0.7095737845363033
6851,0.6851,6,1,6,672377,4067,116323,9933,0.032212330503104805,0.7095
6852,0.6852,4,1,4,672378,4066,116327,9929,0.03220441008744139,0.7094676670239372
6853,0.6853,4,1,4,672379,4065,116331,9925,0.032196489671777975,0.7094353109363831
6854,0.6854,3,3,3,672382,4062,116334,9922,0.03217272842478773,0.709525171624714
6855,0.6855,6,4,6,672386,4058,116340,9916,0.03214104676213408,0.7096035494489766
6856,0.6856,7,3,7,672389,4055,116347,9909,0.03211728551514383,0.7096104268118018
6857,0.6857,7,0,7,672389,4055,116354,9902,0.03211728551514383,0.7094647846958515
6858,0.6858,8,3,8,672392,4052,116362,9894,0.032093524268153595,0.7094507385630289
6859,0.6859,3,3,3,672395,4049,116365,9891,0.03206976302116335,0.7095408895265424
6860,0.686,8,2,8,672397,4047,116373,9883,0.03205392218983652,0.7094759511844939
6861,0.6861,6,1,6,672398,4046,116379,9877,0.032046001774173105,0.7094017094017094
6862,0.6862,8,5,8,672403,4041,116387,9869,0.03200639969585604,0.7094895758447161
6863,0.6863,8,3,8,672406,4038,116395,9861,0.0319826384488658,0.7094755018346643
6864,0.6864,4,2,4,672408,4036,116399,9857,0.03196679761753897,0.7094939897790254
6865,0.6865,7,5,7,672413,4031,116406,9850,0.0319271955392219,0.7096030545349759
6866,0.6866,9,4,9,672417,4027,116415,9841,0.03189551387656824,0.7096192673781367
6867,0.6867,4,3,4,672420,4024,116419,9837,0.031871752629578,0.7096890556236923
6868,0.6868,5,1,5,672421,4023,116424,9832,0.03186383221391459,0.7096355106459762
6869,0.6869,9,6,9,672427,4017,116433,9823,0.0318163097199341,0.7097543352601156
6870,0.687,5,2,5,672429,4015,116438,9818,0.031800468888607276,0.7097520422178848
6871,0.6871,9,4,9,672433,4011,116447,9809,0.03176878722595362,0.7097684515195369
6872,0.6872,5,3,5,672436,4008,116452,9804,0.03174502597896338,0.7098175499565595
6873,0.6873,3,1,3,672437,4007,116455,9801,0.031737105563299964,0.709805909617613
6874,0.6874,5,3,5,672440,4004,116460,9796,0.03171334431630972,0.7098550724637681
6875,0.6875,6,7,6,672447,3997,116466,9790,0.03165790140666582,0.7100892144774062
6876,0.6876,9,3,9,672450,3994,116475,9781,0.031634140159675576,0.71005444646098
6877,0.6877,8,4,8,672454,3990,116483,9773,0.031602458497021924,0.7100922763932282
6878,0.6878,7,4,7,672458,3986,116490,9766,0.03157077683436827,0.710151250727167
6879,0.6879,3,3,3,672461,3983,116493,9763,0.031547015587378026,0.7102429797759349
6880,0.688,7,6,7,672467,3977,116500,9756,0.03149949309339754,0.7104055923687468
6881,0.6881,5,2,5,672469,3975,116505,9751,0.03148365226207071,0.710403613580067
6882,0.6882,5,7,5,672476,3968,116510,9746,0.031428209352426816,0.7106606387633075
6883,0.6883,1,3,1,672479,3965,116511,9745,0.03140444810543657,0.7107950401167031
6884,0.6884,7,1,7,672480,3964,116518,9738,0.03139652768977316,0.7106991680046708
6885,0.6885,7,7,7,672487,3957,116525,9731,0.03134108478012926,0.7109146697837522
6886,0.6886,3,4,3,672491,3953,116528,9728,0.031309403117475605,0.7110591331043052
6887,0.6887,7,2,7,672493,3951,116535,9721,0.031293562286148775,0.7110152135751902
6888,0.6888,2,5,2,672498,3946,116537,9719,0.03125396020783171,0.7112330772045371
6889,0.6889,7,7,7,672505,3939,116544,9712,0.03119851729818781,0.7114497106439088
6890,0.689,4,4,4,672509,3935,116548,9708,0.031166835635534153,0.7115737007989446
6891,0.6891,6,3,6,672512,3932,116554,9702,0.031143074388543912,0.7116033445797272
6892,0.6892,6,4,6,672516,3928,116560,9696,0.031111392725890256,0.7116852613035819
6893,0.6893,5,2,5,672518,3926,116565,9691,0.031095551894563426,0.711683924506132
6894,0.6894,4,5,4,672523,3921,116569,9687,0.031055949816246358,0.7118606701940036
6895,0.6895,4,2,4,672525,3919,116573,9683,0.031040108984919528,0.7118806057932657
6896,0.6896,10,2,10,672527,3917,116583,9673,0.031024268153592702,0.7117733627667403
6897,0.6897,10,4,10,672531,3913,116593,9663,0.030992586490939045,0.7117707719505009
6898,0.6898,8,4,8,672535,3909,116601,9655,0.03096090482828539,0.7118106753170156
6899,0.6899,11,5,11,672540,3904,116612,9644,0.030921302749968318,0.7118393858872158
6900,0.69,2,5,2,672545,3899,116614,9642,0.030881700671651247,0.7120596706299387
6901,0.6901,2,3,2,672548,3896,116616,9640,0.030857939424661005,0.7121749408983451
6902,0.6902,5,2,5,672550,3894,116621,9635,0.03084209859333418,0.7121738487693103
6903,0.6903,3,3,3,672553,3891,116624,9632,0.030818337346343937,0.7122679878725134
6904,0.6904,6,3,6,672556,3888,116630,9626,0.030794576099353693,0.7122983572591387
6905,0.6905,3,4,3,672560,3884,116633,9623,0.03076289443670004,0.7124453986821648
6906,0.6906,5,1,5,672561,3883,116638,9618,0.030754974021036625,0.7123916746907637
6907,0.6907,8,3,8,672564,3880,116646,9610,0.030731212774046383,0.7123795404002965
6908,0.6908,5,2,5,672566,3878,116651,9605,0.030715371942719553,0.7123785507676333
6909,0.6909,7,6,7,672572,3872,116658,9598,0.03066784944873907,0.7125463994060875
6910,0.691,5,2,5,672574,3870,116663,9593,0.03065200861741224,0.7125454950605363
6911,0.6911,6,4,6,672578,3866,116669,9587,0.030620326954758584,0.7126291533486955
6912,0.6912,8,4,8,672582,3862,116677,9579,0.030588645292104928,0.7126701882300424
6913,0.6913,5,1,5,672583,3861,116682,9574,0.030580724876441517,0.7126163007071084
6914,0.6914,6,3,6,672586,3858,116688,9568,0.030556963629451275,0.7126471026366751
6915,0.6915,4,5,4,672591,3853,116692,9564,0.030517361551134204,0.7128270105090557
6916,0.6916,7,3,7,672594,3850,116699,9557,0.030493600304143963,0.7128365779070635
6917,0.6917,8,3,8,672597,3847,116707,9549,0.030469839057153718,0.7128247237981487
6918,0.6918,8,4,8,672601,3843,116715,9541,0.030438157394500065,0.7128661087866108
6919,0.6919,5,2,5,672603,3841,116720,9536,0.030422316563173235,0.7128653659265904
6920,0.692,3,2,3,672605,3839,116723,9533,0.03040647573184641,0.7129075680526473
6921,0.6921,3,4,3,672609,3835,116726,9530,0.030374794069192752,0.7130564908342686
6922,0.6922,6,4,6,672613,3831,116732,9524,0.030343112406539096,0.7131411456383377
6923,0.6923,6,4,6,672617,3827,116738,9518,0.03031143074388544,0.7132259273136006
6924,0.6924,7,3,7,672620,3824,116745,9511,0.0302876694968952,0.7132358455193101
6925,0.6925,4,3,4,672623,3821,116749,9507,0.030263908249904953,0.7133103241296519
6926,0.6926,3,4,3,672627,3817,116752,9504,0.0302322265872513,0.7134599504541701
6927,0.6927,6,3,6,672630,3814,116758,9498,0.030208465340261056,0.7134915865384616
6928,0.6928,7,5,7,672635,3809,116765,9491,0.030168863261943988,0.713609022556391
6929,0.6929,6,1,6,672636,3808,116771,9485,0.030160942846280573,0.7135334386519221
6930,0.693,7,6,7,672642,3802,116778,9478,0.03011342035230009,0.7137048192771084
6931,0.6931,8,1,8,672643,3801,116786,9470,0.030105499936636675,0.7135860146183407
6932,0.6932,5,1,5,672644,3800,116791,9465,0.03009757952097326,0.713531850735017
6933,0.6933,4,6,4,672650,3794,116795,9461,0.030050057026992778,0.7137683892870614
6934,0.6934,5,3,5,672653,3791,116800,9456,0.030026295780002536,0.7138219974333812
6935,0.6935,5,4,5,672657,3787,116805,9451,0.02999461411734888,0.713929596615803
6936,0.6936,3,3,3,672660,3784,116808,9448,0.029970852870358635,0.7140266021765417
6937,0.6937,9,2,9,672662,3782,116817,9439,0.02995501203903181,0.7139399440284396
6938,0.6938,8,2,8,672664,3780,116825,9431,0.02993917120770498,0.7138748013019454
6939,0.6939,5,2,5,672666,3778,116830,9426,0.029923330376378152,0.7138745834595577
6940,0.694,6,3,6,672669,3775,116836,9420,0.02989956912938791,0.7139067828723001
6941,0.6941,5,3,5,672672,3772,116841,9415,0.02987580788239767,0.7139607188898157
6942,0.6942,9,5,9,672677,3767,116850,9406,0.0298362058040806,0.7140362863432779
6943,0.6943,7,6,7,672683,3761,116857,9399,0.029788683310100116,0.714209726443769
6944,0.6944,7,3,7,672686,3758,116864,9392,0.02976492206310987,0.7142205323193916
6945,0.6945,7,2,7,672688,3756,116871,9385,0.029749081231783044,0.7141770032722015
6946,0.6946,6,4,6,672692,3752,116877,9379,0.029717399569129388,0.7142639555250933
6947,0.6947,5,3,5,672695,3749,116882,9374,0.029693638322139147,0.7143183723234017
6948,0.6948,8,2,8,672697,3747,116890,9366,0.029677797490812317,0.7142530313429422
6949,0.6949,7,0,7,672697,3747,116897,9359,0.029677797490812317,0.7141004120250267
6950,0.695,3,5,3,672702,3742,116900,9356,0.02963819541249525,0.7143075278668499
6951,0.6951,4,2,4,672704,3740,116904,9352,0.02962235458116842,0.714329361442102
6952,0.6952,11,1,11,672705,3739,116915,9341,0.029614434165505004,0.7141437308868501
6953,0.6953,4,2,4,672707,3737,116919,9337,0.029598593334178178,0.7141655193513844
6954,0.6954,6,3,6,672710,3734,116925,9331,0.029574832087187936,0.7141982395713738
6955,0.6955,6,2,6,672712,3732,116931,9325,0.029558991255861106,0.7141763038982921
6956,0.6956,10,3,10,672715,3729,116941,9315,0.029535230008870865,0.7141214351425943
6957,0.6957,9,5,9,672720,3724,116950,9306,0.029495627930553797,0.7141980046047582
6958,0.6958,5,3,5,672723,3721,116955,9301,0.029471866683563552,0.7142528029488557
6959,0.6959,8,4,8,672727,3717,116963,9293,0.029440185020909896,0.7142966948501153
6960,0.696,5,1,5,672728,3716,116968,9288,0.029432264605246485,0.7142417717625346
6961,0.6961,5,2,5,672730,3714,116973,9283,0.029416423773919655,0.7142417480957144
6962,0.6962,8,1,8,672731,3713,116981,9275,0.02940850335825624,0.7141207268247614
6963,0.6963,9,4,9,672735,3709,116990,9266,0.029376821695602587,0.7141425818882466
6964,0.6964,8,4,8,672739,3705,116998,9258,0.02934514003294893,0.714186530895626
6965,0.6965,7,3,7,672742,3702,117005,9251,0.029321378785958686,0.7141974832085232
6966,0.6966,4,1,4,672743,3701,117009,9247,0.029313458370295274,0.7141643497065184
6967,0.6967,4,0,4,672743,3701,117013,9243,0.029313458370295274,0.7140760197775031
6968,0.6968,5,4,5,672747,3697,117018,9238,0.029281776707641618,0.7141863161963664
6969,0.6969,12,3,12,672750,3694,117030,9226,0.029258015460651376,0.7140866873065016
6970,0.697,9,2,9,672752,3692,117039,9217,0.029242174629324547,0.7139979859013091
6971,0.6971,1,3,1,672755,3689,117040,9216,0.029218413382334305,0.7141418055017436
6972,0.6972,5,2,5,672757,3687,117045,9211,0.029202572551007475,0.7141417273995968
6973,0.6973,3,0,3,672757,3687,117048,9208,0.029202572551007475,0.7140752229546335
6974,0.6974,7,5,7,672762,3682,117055,9201,0.029162970472690408,0.714197003803462
6975,0.6975,8,3,8,672765,3679,117063,9193,0.029139209225700166,0.7141858297078931
6976,0.6976,4,1,4,672766,3678,117067,9189,0.02913128881003675,0.7141524830962929
6977,0.6977,2,3,2,672769,3675,117069,9187,0.02910752756304651,0.7142746073705489
6978,0.6978,5,5,5,672774,3670,117074,9182,0.02906792548472944,0.7144413320883909
6979,0.6979,7,1,7,672775,3669,117081,9175,0.029060005069066024,0.7143413266895048
6980,0.698,4,4,4,672779,3665,117085,9171,0.029028323406412367,0.7144749143035214
6981,0.6981,9,4,9,672783,3661,117094,9162,0.02899664174375871,0.7144973875068237
6982,0.6982,7,4,7,672787,3657,117101,9155,0.028964960081105058,0.714564470808617
6983,0.6983,4,1,4,672788,3656,117105,9151,0.028957039665441643,0.714531115796049
6984,0.6984,7,1,7,672789,3655,117112,9144,0.028949119249778228,0.7144308149074147
6985,0.6985,4,2,4,672791,3653,117116,9140,0.028933278418451402,0.7144532166028297
6986,0.6986,7,1,7,672792,3652,117123,9133,0.028925358002787987,0.7143527571372702
6987,0.6987,8,4,8,672796,3648,117131,9125,0.02889367634013433,0.71439755734753
6988,0.6988,7,7,7,672803,3641,117138,9118,0.028838233430490433,0.7146328082138098
6989,0.6989,8,2,8,672805,3639,117146,9110,0.028822392599163603,0.7145658483018276
6990,0.699,3,6,3,672811,3633,117149,9107,0.02877487010518312,0.7148351648351648
6991,0.6991,3,3,3,672814,3630,117152,9104,0.02875110885819288,0.7149363907648815
6992,0.6992,10,5,10,672819,3625,117162,9094,0.028711506779875808,0.7149933170846765
6993,0.6993,3,5,3,672824,3620,117165,9091,0.028671904701558736,0.7152073007631186
6994,0.6994,5,3,5,672827,3617,117170,9086,0.028648143454568495,0.7152641108399591
6995,0.6995,3,2,3,672829,3615,117173,9083,0.02863230262324167,0.7153094975586707
6996,0.6996,10,3,10,672832,3612,117183,9073,0.028608541376251427,0.7152542372881356
6997,0.6997,5,10,5,672842,3602,117188,9068,0.028529337219617285,0.7157063930544594
6998,0.6998,4,2,4,672844,3600,117192,9064,0.028513496388290458,0.7157296272899558
6999,0.6999,3,3,3,672847,3597,117195,9061,0.028489735141300217,0.7158318849739296
7000,0.7,11,3,11,672850,3594,117206,9050,0.028465973894309972,0.7157545080670674
7001,0.7001,5,1,5,672851,3593,117211,9045,0.02845805347864656,0.7156986865010286
7002,0.7002,5,6,5,672857,3587,117216,9040,0.028410530984666074,0.7159261899105093
7003,0.7003,5,5,5,672862,3582,117221,9035,0.028370928906349006,0.7160973290005548
7004,0.7004,2,2,2,672864,3580,117223,9033,0.028355088075022176,0.7161658606199952
7005,0.7005,6,5,6,672869,3575,117229,9027,0.02831548599670511,0.7163148706554515
7006,0.7006,5,3,5,672872,3572,117234,9022,0.028291724749714864,0.7163728759726854
7007,0.7007,1,4,1,672876,3568,117235,9021,0.028260043087061208,0.7165779648899833
7008,0.7008,5,3,5,672879,3565,117240,9016,0.028236281840070966,0.716636197440585
7009,0.7009,8,3,8,672882,3562,117248,9008,0.028212520593080725,0.7166268894192522
7010,0.701,7,4,7,672886,3558,117255,9001,0.02818083893042707,0.7166971892666614
7011,0.7011,5,5,5,672891,3553,117260,8996,0.028141236852109997,0.716869870109172
7012,0.7012,7,4,7,672895,3549,117267,8989,0.028109555189456344,0.7169405008773329
7013,0.7013,6,7,6,672902,3542,117273,8983,0.028054112279812443,0.7172055888223553
7014,0.7014,4,4,4,672906,3538,117277,8979,0.028022430617158787,0.7173444116002237
7015,0.7015,6,5,6,672911,3533,117283,8973,0.02798282853884172,0.7174956021109867
7016,0.7016,6,3,6,672914,3530,117289,8967,0.027959067291851478,0.7175322077298552
7017,0.7017,6,4,6,672918,3526,117295,8961,0.02792738562919782,0.71762633138464
7018,0.7018,4,5,4,672923,3521,117299,8957,0.02788778355088075,0.7178233691296683
7019,0.7019,4,3,4,672926,3518,117303,8953,0.02786402230389051,0.7179055408547831
7020,0.702,3,1,3,672927,3517,117306,8950,0.027856101888227094,0.7178952434426887
7021,0.7021,7,2,7,672929,3515,117313,8943,0.027840261056900267,0.7178519826617434
7022,0.7022,5,4,5,672933,3511,117318,8938,0.02780857939424661,0.717969314804402
7023,0.7023,8,2,8,672935,3509,117326,8930,0.02779273856291978,0.7179033684379773
7024,0.7024,4,3,4,672938,3506,117330,8926,0.02776897731592954,0.717985842985843
7025,0.7025,3,5,3,672943,3501,117333,8923,0.02772937523761247,0.7182066967160334
7026,0.7026,14,10,14,672953,3491,117347,8909,0.02765017108097833,0.7184677419354839
7027,0.7027,4,3,4,672956,3488,117351,8905,0.027626409833988088,0.7185507948035181
7028,0.7028,7,1,7,672957,3487,117358,8898,0.027618489418324673,0.7184497375857892
7029,0.7029,9,5,9,672962,3482,117367,8889,0.027578887340007605,0.7185352841322448
7030,0.703,9,4,9,672966,3478,117376,8880,0.02754720567735395,0.718562874251497
7031,0.7031,5,2,5,672968,3476,117381,8875,0.02753136484602712,0.7185652983564084
7032,0.7032,10,4,10,672972,3472,117391,8865,0.027499683183373463,0.7185701548188377
7033,0.7033,1,2,1,672974,3470,117392,8864,0.027483842352046636,0.7186638560077834
7034,0.7034,4,3,4,672977,3467,117396,8860,0.027460081105056395,0.7187474649144155
7035,0.7035,2,2,2,672979,3465,117398,8858,0.027444240273729565,0.7188184695285239
7036,0.7036,10,3,10,672982,3462,117408,8848,0.027420479026739324,0.7187652315190902
7037,0.7037,3,3,3,672985,3459,117411,8845,0.027396717779749082,0.7188719115734721
7038,0.7038,4,0,4,672985,3459,117415,8841,0.027396717779749082,0.718780487804878
7039,0.7039,7,3,7,672988,3456,117422,8834,0.02737295653275884,0.7187957689178194
7040,0.704,3,0,3,672988,3456,117425,8831,0.02737295653275884,0.7187271099536096
7041,0.7041,8,0,8,672988,3456,117433,8823,0.02737295653275884,0.7185438553628145
7042,0.7042,5,5,5,672993,3451,117438,8818,0.02733335445444177,0.7187219822316407
7043,0.7043,5,3,5,672996,3448,117443,8813,0.027309593207451528,0.718783133512764
7044,0.7044,4,3,4,672999,3445,117447,8809,0.027285831960461283,0.7188673086339155
7045,0.7045,3,2,3,673001,3443,117450,8806,0.027269991129134457,0.7189158298636623
7046,0.7046,4,5,4,673006,3438,117454,8802,0.027230389050817386,0.7191176470588235
7047,0.7047,9,1,9,673007,3437,117463,8793,0.027222468635153974,0.7189697465249387
7048,0.7048,4,2,4,673009,3435,117467,8789,0.027206627803827144,0.7189954188481675
7049,0.7049,5,4,5,673013,3431,117472,8784,0.027174946141173488,0.7191158411788784
7050,0.705,8,0,8,673013,3431,117480,8776,0.027174946141173488,0.7189317604653068
7051,0.7051,4,2,4,673015,3429,117484,8772,0.02715910530984666,0.7189574625030735
7052,0.7052,4,4,4,673019,3425,117488,8768,0.027127423647193005,0.7191011235955056
7053,0.7053,6,2,6,673021,3423,117494,8762,0.027111582815866175,0.7190808370947886
7054,0.7054,3,2,3,673023,3421,117497,8759,0.02709574198453935,0.7191297208538587
7055,0.7055,0,3,0,673026,3418,117497,8759,0.027071980737549108,0.7193068900385974
7056,0.7056,4,3,4,673029,3415,117501,8755,0.027048219490558866,0.719391947411668
7057,0.7057,7,5,7,673034,3410,117508,8748,0.027008617412241795,0.7195262378680705
7058,0.7058,3,0,3,673034,3410,117511,8745,0.027008617412241795,0.7194570135746606
7059,0.7059,7,3,7,673037,3407,117518,8738,0.026984856165251554,0.7194730341704405
7060,0.706,6,6,6,673043,3401,117524,8732,0.026937333671271067,0.7196901013764114
7061,0.7061,6,1,6,673044,3400,117530,8726,0.026929413255607656,0.7196107537522679
7062,0.7062,12,2,12,673046,3398,117542,8714,0.026913572424280826,0.7194517833553501
7063,0.7063,7,6,7,673052,3392,117549,8707,0.026866049930300343,0.7196462517563434
7064,0.7064,5,2,5,673054,3390,117554,8702,0.026850209098973513,0.7196493549454185
7065,0.7065,5,5,5,673059,3385,117559,8697,0.026810607020656445,0.7198311537824863
7066,0.7066,12,2,12,673061,3383,117571,8685,0.026794766189329616,0.7196718594630428
7067,0.7067,5,2,5,673063,3381,117576,8680,0.02677892535800279,0.7196749854904236
7068,0.7068,7,3,7,673066,3378,117583,8673,0.026755164111012544,0.7196913119243217
7069,0.7069,4,6,4,673072,3372,117587,8669,0.02670764161703206,0.7199568142180882
7070,0.707,5,8,5,673080,3364,117592,8664,0.02664427829172475,0.7203192550714999
7071,0.7071,7,5,7,673085,3359,117599,8657,0.02660467621340768,0.7204560585885486
7072,0.7072,7,1,7,673086,3358,117606,8650,0.026596755797744266,0.7203530979347101
7073,0.7073,6,2,6,673088,3356,117612,8644,0.026580914966417436,0.7203333333333334
7074,0.7074,4,4,4,673092,3352,117616,8640,0.02654923330376378,0.7204803202134756
7075,0.7075,6,2,6,673094,3350,117622,8634,0.026533392472436954,0.720460614152203
7076,0.7076,8,6,8,673100,3344,117630,8626,0.02648586997845647,0.7206349206349206
7077,0.7077,12,2,12,673102,3342,117642,8614,0.02647002914712964,0.7204750752760121
7078,0.7078,5,3,5,673105,3339,117647,8609,0.0264462679001394,0.7205390023434884
7079,0.7079,6,5,6,673110,3334,117653,8603,0.026406665821822328,0.7207003434698835
7080,0.708,4,4,4,673114,3330,117657,8599,0.026374984159168672,0.7208483527537933
7081,0.7081,5,5,5,673119,3325,117662,8594,0.026335382080851604,0.7210336437620606
7082,0.7082,10,4,10,673123,3321,117672,8584,0.026303700418197948,0.7210415791684166
7083,0.7083,7,8,7,673131,3313,117679,8577,0.026240337092890635,0.7213624894869638
7084,0.7084,7,4,7,673135,3309,117686,8570,0.02620865543023698,0.7214411987541038
7085,0.7085,5,7,5,673142,3302,117691,8565,0.02615321252059308,0.721749389062105
7086,0.7086,8,2,8,673144,3300,117699,8557,0.02613737168926625,0.7216833937758286
7087,0.7087,10,4,10,673148,3296,117709,8547,0.026105690026612595,0.7216921388161783
7088,0.7088,3,6,3,673154,3290,117712,8544,0.026058167532632112,0.7219874936623288
7089,0.7089,5,4,5,673158,3286,117717,8539,0.026026485869978456,0.7221141649048626
7090,0.709,5,2,5,673160,3284,117722,8534,0.02601064503865163,0.7221188018277205
7091,0.7091,2,2,2,673162,3282,117724,8532,0.0259948042073248,0.7221940071102082
7092,0.7092,6,3,6,673165,3279,117730,8526,0.025971042960334558,0.7222363405336721
7093,0.7093,2,3,2,673168,3276,117732,8524,0.025947281713344317,0.7223728813559323
7094,0.7094,5,2,5,673170,3274,117737,8519,0.025931440882017487,0.7223776816755703
7095,0.7095,7,5,7,673175,3269,117744,8512,0.02589183880370042,0.7225193107546048
7096,0.7096,4,1,4,673176,3268,117748,8508,0.025883918388037004,0.7224864130434783
7097,0.7097,4,2,4,673178,3266,117752,8504,0.025868077556710178,0.7225148683092608
7098,0.7098,4,2,4,673180,3264,117756,8500,0.025852236725383348,0.7225433526011561
7099,0.7099,4,3,4,673183,3261,117760,8496,0.025828475478393106,0.7226333248277622
7100,0.71,1,2,1,673185,3259,117761,8495,0.025812634647066277,0.7227326867449378
7101,0.7101,3,1,3,673186,3258,117764,8492,0.025804714231402865,0.7227234042553191
7102,0.7102,5,4,5,673190,3254,117769,8487,0.02577303256874921,0.7228515458649178
7103,0.7103,5,3,5,673193,3251,117774,8482,0.025749271321758967,0.7229182647234297
7104,0.7104,17,3,17,673196,3248,117791,8465,0.025725510074768723,0.7227012720908392
7105,0.7105,6,3,6,673199,3245,117797,8459,0.02570174882777848,0.7227443609022557
7106,0.7106,3,2,3,673201,3243,117800,8456,0.025685907996451655,0.7227968202410462
7107,0.7107,7,5,7,673206,3238,117807,8449,0.025646305918134583,0.7229400188243348
7108,0.7108,9,6,9,673212,3232,117816,8440,0.0255987834241541,0.7230980123372173
7109,0.7109,3,2,3,673214,3230,117819,8437,0.02558294259282727,0.7231507671209394
7110,0.711,8,3,8,673217,3227,117827,8429,0.02555918134583703,0.7231468771448181
7111,0.7111,6,4,6,673221,3223,117833,8423,0.025527499683183373,0.7232526189249527
7112,0.7112,11,2,11,673223,3221,117844,8412,0.025511658851856547,0.7231152755093269
7113,0.7113,4,5,4,673228,3216,117848,8408,0.025472056773539475,0.723331039229181
7114,0.7114,5,4,5,673232,3212,117853,8403,0.02544037511088582,0.7234610417563495
7115,0.7115,2,1,2,673233,3211,117855,8401,0.025432454695222404,0.723475714777816
7116,0.7116,5,3,5,673236,3208,117860,8396,0.025408693448232163,0.7235436056532231
7117,0.7117,4,0,4,673236,3208,117864,8392,0.025408693448232163,0.723448275862069
7118,0.7118,5,1,5,673237,3207,117869,8387,0.025400773032568748,0.7233914093496636
7119,0.7119,8,4,8,673241,3203,117877,8379,0.02536909136991509,0.7234501813158349
7120,0.712,3,3,3,673244,3200,117880,8376,0.02534533012292485,0.72356599861783
7121,0.7121,8,3,8,673247,3197,117888,8368,0.02532156887593461,0.7235624729788154
7122,0.7122,10,2,10,673249,3195,117898,8358,0.025305728044607782,0.7234484549467671
7123,0.7123,7,2,7,673251,3193,117905,8351,0.025289887213280952,0.7234060984060984
7124,0.7124,5,3,5,673254,3190,117910,8346,0.02526612596629071,0.7234743411927878
7125,0.7125,4,3,4,673257,3187,117914,8342,0.02524236471930047,0.7235666579928876
7126,0.7126,9,3,9,673260,3184,117923,8333,0.02521860347231023,0.7235391160892594
7127,0.7127,5,3,5,673263,3181,117928,8328,0.025194842225319983,0.7236076114345295
7128,0.7128,1,4,1,673267,3177,117929,8327,0.025163160562666327,0.7238351877607788
7129,0.7129,5,8,5,673275,3169,117934,8322,0.025099797237359018,0.7242189539639718
7130,0.713,12,2,12,673277,3167,117946,8310,0.025083956406032188,0.7240568092707154
7131,0.7131,1,3,1,673280,3164,117947,8309,0.025060195159041947,0.724222086638194
7132,0.7132,4,2,4,673282,3162,117951,8305,0.025044354327715117,0.7242522019708729
7133,0.7133,10,2,10,673284,3160,117961,8295,0.02502851349638829,0.7241379310344828
7134,0.7134,4,5,4,673289,3155,117965,8291,0.02498891141807122,0.7243578542722349
7135,0.7135,9,1,9,673290,3154,117974,8282,0.024980991002407808,0.7242042672263029
7136,0.7136,6,2,6,673292,3152,117980,8276,0.024965150171080978,0.7241862093104655
7137,0.7137,7,4,7,673296,3148,117987,8269,0.02493346850842732,0.7242708242095122
7138,0.7138,3,5,3,673301,3143,117990,8266,0.024893866430110254,0.7245157331930931
7139,0.7139,4,2,4,673303,3141,117994,8262,0.024878025598783424,0.7245461720599842
7140,0.714,4,4,4,673307,3137,117998,8258,0.024846343936129767,0.7247038174637999
7141,0.7141,3,1,3,673308,3136,118001,8255,0.024838423520466352,0.7246949345974892
7142,0.7142,2,2,2,673310,3134,118003,8253,0.024822582689139526,0.7247738649336963
7143,0.7143,7,2,7,673312,3132,118010,8246,0.0248067418578127,0.7247319388293197
7144,0.7144,3,4,3,673316,3128,118013,8243,0.024775060195159043,0.7249142555623955
7145,0.7145,4,1,4,673317,3127,118017,8239,0.02476713977949563,0.7248812247052613
7146,0.7146,10,0,10,673317,3127,118027,8229,0.02476713977949563,0.7246389573793589
7147,0.7147,7,2,7,673319,3125,118034,8222,0.0247512989481688,0.724596809729444
7148,0.7148,6,1,6,673320,3124,118040,8216,0.024743378532505387,0.7245149911816579
7149,0.7149,7,1,7,673321,3123,118047,8209,0.024735458116841972,0.7244087539710554
7150,0.715,4,4,4,673325,3119,118051,8205,0.024703776454188316,0.7245672907099965
7151,0.7151,10,1,10,673326,3118,118061,8195,0.0246958560385249,0.7243878723592327
7152,0.7152,4,1,4,673327,3117,118065,8191,0.02468793562286149,0.7243544393349841
7153,0.7153,4,0,4,673327,3117,118069,8187,0.02468793562286149,0.7242569002123143
7154,0.7154,10,3,10,673330,3114,118079,8177,0.024664174375871244,0.7242051191214242
7155,0.7155,4,1,4,673331,3113,118083,8173,0.024656253960207833,0.7241715399610137
7156,0.7156,6,3,6,673334,3110,118089,8167,0.024632492713217588,0.7242174337146404
7157,0.7157,4,2,4,673336,3108,118093,8163,0.02461665188189076,0.7242480702688315
7158,0.7158,6,2,6,673338,3106,118099,8157,0.024600811050563935,0.7242297789221345
7159,0.7159,6,0,6,673338,3106,118105,8151,0.024600811050563935,0.7240827929288443
7160,0.716,2,2,2,673340,3104,118107,8149,0.024584970219237105,0.7241624455700703
7161,0.7161,6,2,6,673342,3102,118113,8143,0.02456912938791028,0.7241440640284571
7162,0.7162,5,2,5,673344,3100,118118,8138,0.02455328855658345,0.7241502046627514
7163,0.7163,8,4,8,673348,3096,118126,8130,0.024521606893929793,0.7242116515232496
7164,0.7164,4,4,4,673352,3092,118130,8126,0.024489925231276136,0.7243715457300767
7165,0.7165,7,1,7,673353,3091,118137,8119,0.024482004815612725,0.724264049955397
7166,0.7166,10,3,10,673356,3088,118147,8109,0.02445824356862248,0.7242118424578012
7167,0.7167,6,1,6,673357,3087,118153,8103,0.02445032315295907,0.7241286863270777
7168,0.7168,7,3,7,673360,3084,118160,8096,0.024426561905968824,0.7241502683363148
7169,0.7169,3,2,3,673362,3082,118163,8093,0.024410721074641997,0.7242058165548099
7170,0.717,5,0,5,673362,3082,118168,8088,0.024410721074641997,0.72408236347359
7171,0.7171,8,1,8,673363,3081,118176,8080,0.024402800658978582,0.7239494668936475
7172,0.7172,7,6,7,673369,3075,118183,8073,0.0243552781649981,0.7241657696447793
7173,0.7173,8,2,8,673371,3073,118191,8065,0.02433943733367127,0.7240976836056743
7174,0.7174,6,2,6,673373,3071,118197,8059,0.024323596502344443,0.7240790655884995
7175,0.7175,4,1,4,673374,3070,118201,8055,0.02431567608668103,0.7240449438202248
7176,0.7176,8,3,8,673377,3067,118209,8047,0.024291914839690787,0.7240417491452222
7177,0.7177,2,3,2,673380,3064,118211,8045,0.024268153592700546,0.7241875956431723
7178,0.7178,2,3,2,673383,3061,118213,8043,0.024244392345710304,0.7243335734870316
7179,0.7179,7,2,7,673385,3059,118220,8036,0.024228551514383474,0.7242902208201892
7180,0.718,7,2,7,673387,3057,118227,8029,0.024212710683056648,0.7242467977629442
7181,0.7181,6,2,6,673389,3055,118233,8023,0.024196869851729818,0.7242282000361076
7182,0.7182,2,2,2,673391,3053,118235,8021,0.02418102902040299,0.7243091927036301
7183,0.7183,7,1,7,673392,3052,118242,8014,0.024173108604739577,0.7242002530272909
7184,0.7184,4,2,4,673394,3050,118246,8010,0.02415726777341275,0.7242314647377939
7185,0.7185,4,3,4,673397,3047,118250,8006,0.024133506526422505,0.724328236677825
7186,0.7186,6,1,6,673398,3046,118256,8000,0.024125586110759094,0.7242440702516748
7187,0.7187,9,1,9,673399,3045,118265,7991,0.02411766569509568,0.724084813338166
7188,0.7188,5,1,5,673400,3044,118270,7986,0.024109745279432264,0.7240253853127833
7189,0.7189,5,1,5,673401,3043,118275,7981,0.02410182486376885,0.7239658925979681
7190,0.719,2,3,2,673404,3040,118277,7979,0.024078063616778608,0.7241128959070696
7191,0.7191,7,4,7,673408,3036,118284,7972,0.02404638195412495,0.7242005813953488
7192,0.7192,4,0,4,673408,3036,118288,7968,0.02404638195412495,0.7241003271537623
7193,0.7193,2,4,2,673412,3032,118290,7966,0.024014700291471295,0.7243135115475541
7194,0.7194,8,1,8,673413,3031,118298,7958,0.024006779875807883,0.7241787241787242
7195,0.7195,7,3,7,673416,3028,118305,7951,0.02398301862881764,0.724200746880408
7196,0.7196,4,6,4,673422,3022,118309,7947,0.023935496134837156,0.7244963077764609
7197,0.7197,1,4,1,673426,3018,118310,7946,0.0239038144721835,0.7247354979934331
7198,0.7198,8,1,8,673427,3017,118318,7938,0.023895894056520085,0.7246006389776358
7199,0.7199,6,5,6,673432,3012,118324,7932,0.023856291978203017,0.7247807017543859
7200,0.72,8,2,8,673434,3010,118332,7924,0.023840451146876187,0.7247119078104993
7201,0.7201,4,2,4,673436,3008,118336,7920,0.02382461031554936,0.7247437774524158
7202,0.7202,7,3,7,673439,3005,118343,7913,0.02380084906855912,0.7247664407400622
7203,0.7203,7,1,7,673440,3004,118350,7906,0.023792928652895704,0.7246562786434464
7204,0.7204,7,2,7,673442,3002,118357,7899,0.023777087821568874,0.7246124208788185
7205,0.7205,6,5,6,673447,2997,118363,7893,0.023737485743251806,0.724793388429752
7206,0.7206,4,4,4,673451,2993,118367,7889,0.02370580408059815,0.7249586473074803
7207,0.7207,3,2,3,673453,2991,118370,7886,0.02368996324927132,0.7250160889951274
7208,0.7208,7,3,7,673456,2988,118377,7879,0.02366620200228108,0.7250391092297782
7209,0.7209,3,1,3,673457,2987,118380,7876,0.023658281586617667,0.7250299180705146
7210,0.721,5,5,5,673462,2982,118385,7871,0.023618679508300596,0.725237261586658
7211,0.7211,2,7,2,673469,2975,118387,7869,0.0235632365986567,0.7256547399483585
7212,0.7212,11,1,11,673470,2974,118398,7858,0.023555316182993283,0.7254431314623339
7213,0.7213,2,2,2,673472,2972,118400,7856,0.023539475351666457,0.7255264130033248
7214,0.7214,3,1,3,673473,2971,118403,7853,0.023531554936003042,0.7255173688100517
7215,0.7215,5,0,5,673473,2971,118408,7848,0.023531554936003042,0.7253905166836122
7216,0.7216,8,4,8,673477,2967,118416,7840,0.023499873273349386,0.7254557231424077
7217,0.7217,4,2,4,673479,2965,118420,7836,0.023484032442022556,0.7254883807054903
7218,0.7218,8,2,8,673481,2963,118428,7828,0.02346819161069573,0.7254193309239181
7219,0.7219,5,1,5,673482,2962,118433,7823,0.023460271195032315,0.7253592953175707
7220,0.722,9,2,9,673484,2960,118442,7814,0.023444430363705488,0.7252645257100427
7221,0.7221,3,5,3,673489,2955,118445,7811,0.023404828285388417,0.725524800297232
7222,0.7222,2,0,2,673489,2955,118447,7809,0.023404828285388417,0.7254738015607581
7223,0.7223,4,1,4,673490,2954,118451,7805,0.023396907869725002,0.7254391672088484
7224,0.7224,10,3,10,673493,2951,118461,7795,0.02337314662273476,0.7253861902103108
7225,0.7225,6,8,6,673501,2943,118467,7789,0.023309783297427448,0.7257733879985091
7226,0.7226,3,1,3,673502,2942,118470,7786,0.023301862881764036,0.7257643549589858
7227,0.7227,3,5,3,673507,2937,118473,7783,0.023262260803446965,0.7260261194029851
7228,0.7228,4,3,4,673510,2934,118477,7779,0.023238499556456724,0.7261271352562307
7229,0.7229,2,3,2,673513,2931,118479,7777,0.023214738309466482,0.7262794172581247
7230,0.723,6,2,6,673515,2929,118485,7771,0.023198897478139652,0.7262616822429907
7231,0.7231,3,0,3,673515,2929,118488,7768,0.023198897478139652,0.726184911657474
7232,0.7232,3,2,3,673517,2927,118491,7765,0.023183056646812826,0.7262439206883652
7233,0.7233,4,3,4,673520,2924,118495,7761,0.02315929539982258,0.726345343940103
7234,0.7234,7,3,7,673523,2921,118502,7754,0.02313553415283234,0.7263700234192038
7235,0.7235,1,2,1,673525,2919,118503,7753,0.023119693321505513,0.7264805097451275
7236,0.7236,4,4,4,673529,2915,118507,7749,0.023088011658851857,0.7266504126031508
7237,0.7237,9,2,9,673531,2913,118516,7740,0.023072170827525027,0.7265558997465502
7238,0.7238,3,2,3,673533,2911,118519,7737,0.0230563299961982,0.7266153268219384
7239,0.7239,6,4,6,673537,2907,118525,7731,0.023024648333544544,0.7267343485617598
7240,0.724,6,0,6,673537,2907,118531,7725,0.023024648333544544,0.7265801354401806
7241,0.7241,4,4,4,673541,2903,118535,7721,0.022992966670890888,0.7267507530120482
7242,0.7242,4,3,4,673544,2900,118539,7717,0.022969205423900647,0.7268531600263728
7243,0.7243,1,3,1,673547,2897,118540,7716,0.022945444176910405,0.7270328841986243
7244,0.7244,7,2,7,673549,2895,118547,7709,0.022929603345583575,0.726989815164089
7245,0.7245,6,2,6,673551,2893,118553,7703,0.02291376251425675,0.726972442431106
7246,0.7246,3,0,3,673551,2893,118556,7700,0.02291376251425675,0.726895119418484
7247,0.7247,5,2,5,673553,2891,118561,7695,0.02289792168292992,0.7269034573965615
7248,0.7248,12,3,12,673556,2888,118573,7683,0.022874160435939678,0.7267997351243969
7249,0.7249,7,2,7,673558,2886,118580,7676,0.02285831960461285,0.7267562961560311
7250,0.725,8,4,8,673562,2882,118588,7668,0.022826637941959195,0.726824644549763
7251,0.7251,7,3,7,673565,2879,118595,7661,0.022802876694968954,0.7268500948766603
7252,0.7252,6,3,6,673568,2876,118601,7655,0.02277911544797871,0.7269015288196753
7253,0.7253,8,1,8,673569,2875,118609,7647,0.022771195032315297,0.7267629728188557
7254,0.7254,4,3,4,673572,2872,118613,7643,0.022747433785325052,0.726866381359962
7255,0.7255,3,4,3,673576,2868,118616,7640,0.022715752122671396,0.7270650932622763
7256,0.7256,6,2,6,673578,2866,118622,7634,0.02269991129134457,0.727047619047619
7257,0.7257,7,1,7,673579,2865,118629,7627,0.022691990875681155,0.72693480747236
7258,0.7258,3,3,3,673582,2862,118632,7624,0.022668229628690913,0.7270646576387564
7259,0.7259,5,6,5,673588,2856,118637,7619,0.02262070713471043,0.7273508353221957
7260,0.726,4,2,4,673590,2854,118641,7615,0.0226048663033836,0.7273856146718884
7261,0.7261,2,5,2,673595,2849,118643,7613,0.022565264225066533,0.7276811317147773
7262,0.7262,7,1,7,673596,2848,118650,7606,0.022557343809403118,0.727568394872776
7263,0.7263,7,0,7,673596,2848,118657,7599,0.022557343809403118,0.7273858523978175
7264,0.7264,5,3,5,673599,2845,118662,7594,0.022533582562412877,0.7274643165054124
7265,0.7265,3,6,3,673605,2839,118665,7591,0.02248606006843239,0.727804410354746
7266,0.7266,6,0,6,673605,2839,118671,7585,0.02248606006843239,0.7276477359938603
7267,0.7267,2,3,2,673608,2836,118673,7583,0.02246229882144215,0.7278049716863423
7268,0.7268,8,2,8,673610,2834,118681,7575,0.022446457990115323,0.7277356134114709
7269,0.7269,3,5,3,673615,2829,118684,7572,0.02240685591179825,0.7280069224113066
7270,0.727,8,2,8,673617,2827,118692,7564,0.02239101508047142,0.7279376383408719
7271,0.7271,0,1,0,673618,2826,118692,7564,0.02238309466480801,0.7280076997112608
7272,0.7272,6,4,6,673622,2822,118698,7558,0.022351413002154354,0.728131021194605
7273,0.7273,3,3,3,673625,2819,118701,7555,0.022327651755164112,0.7282629651050704
7274,0.7274,6,3,6,673628,2816,118707,7549,0.022303890508173867,0.7283164495899662
7275,0.7275,7,2,7,673630,2814,118714,7542,0.02228804967684704,0.7282734646581692
7276,0.7276,7,0,7,673630,2814,118721,7535,0.02228804967684704,0.7280896704995652
7277,0.7277,3,2,3,673632,2812,118724,7532,0.022272208845520215,0.7281515854601701
7278,0.7278,8,2,8,673634,2810,118732,7524,0.022256368014193385,0.7280820592219857
7279,0.7279,4,2,4,673636,2808,118736,7520,0.022240527182866558,0.7281177381874516
7280,0.728,8,3,8,673639,2805,118744,7512,0.022216765935876313,0.7281186391392847
7281,0.7281,3,3,3,673642,2802,118747,7509,0.022193004688886072,0.7282513820192028
7282,0.7282,8,3,8,673645,2799,118755,7501,0.02216924344189583,0.728252427184466
7283,0.7283,7,1,7,673646,2798,118762,7494,0.022161323026232416,0.7281383598911776
7284,0.7284,5,3,5,673649,2795,118767,7489,0.022137561779242174,0.7282185919875535
7285,0.7285,7,2,7,673651,2793,118774,7482,0.022121720947915348,0.7281751824817518
7286,0.7286,8,0,8,673651,2793,118782,7474,0.022121720947915348,0.7279633778124087
7287,0.7287,4,0,4,673651,2793,118786,7470,0.022121720947915348,0.7278573516515638
7288,0.7288,5,0,5,673651,2793,118791,7465,0.022121720947915348,0.727724702671086
7289,0.7289,6,1,6,673652,2792,118797,7459,0.022113800532251933,0.7276363281631061
7290,0.729,3,2,3,673654,2790,118800,7456,0.022097959700925103,0.7276986140933047
7291,0.7291,4,2,4,673656,2788,118804,7452,0.022082118869598277,0.727734375
7292,0.7292,4,2,4,673658,2786,118808,7448,0.02206627803827145,0.7277701778385773
7293,0.7293,9,4,9,673662,2782,118817,7439,0.022034596375617794,0.7278152822620095
7294,0.7294,2,3,2,673665,2779,118819,7437,0.02201083512862755,0.7279757243539546
7295,0.7295,2,4,2,673669,2775,118821,7435,0.021979153465973893,0.72820763956905
7296,0.7296,8,2,8,673671,2773,118829,7427,0.021963312634647066,0.7281372549019608
7297,0.7297,4,5,4,673676,2768,118833,7423,0.021923710556329995,0.7283877931508194
7298,0.7298,1,9,1,673685,2759,118834,7422,0.02185242681535927,0.729005009331107
7299,0.7299,7,3,7,673688,2756,118841,7415,0.02182866556836903,0.7290335266935405
7300,0.73,7,1,7,673689,2755,118848,7408,0.021820745152705615,0.7289186263898455
7301,0.7301,4,2,4,673691,2753,118852,7404,0.021804904321378785,0.7289554002165994
7302,0.7302,7,3,7,673694,2750,118859,7397,0.021781143074388543,0.7289839361387602
7303,0.7303,6,1,6,673695,2749,118865,7391,0.02177322265872513,0.7288954635108481
7304,0.7304,5,0,5,673695,2749,118870,7386,0.02177322265872513,0.7287617168228909
7305,0.7305,5,0,5,673695,2749,118875,7381,0.02177322265872513,0.7286278381046397
7306,0.7306,3,5,3,673700,2744,118878,7378,0.02173362058040806,0.7289073305670816
7307,0.7307,2,4,2,673704,2740,118880,7376,0.021701938917754404,0.7291419533412415
7308,0.7308,10,4,10,673708,2736,118890,7366,0.021670257255100748,0.729162542070877
7309,0.7309,3,6,3,673714,2730,118893,7363,0.021622734761120265,0.7295155057960963
7310,0.731,5,1,5,673715,2729,118898,7358,0.02161481434545685,0.7294537523545157
7311,0.7311,7,5,7,673720,2724,118905,7351,0.02157521226713978,0.7296277915632754
7312,0.7312,10,2,10,673722,2722,118915,7341,0.021559371435812952,0.7295041240186823
7313,0.7313,9,4,9,673726,2718,118924,7332,0.021527689773159296,0.7295522388059702
7314,0.7314,9,2,9,673728,2716,118933,7323,0.021511848941832466,0.7294551250124515
7315,0.7315,6,3,6,673731,2713,118939,7317,0.021488087694842225,0.7295114656031905
7316,0.7316,4,0,4,673731,2713,118943,7313,0.021488087694842225,0.7294035507680032
7317,0.7317,5,0,5,673731,2713,118948,7308,0.021488087694842225,0.7292685360742441
7318,0.7318,5,4,5,673735,2709,118953,7303,0.02145640603218857,0.7294246903715541
7319,0.7319,6,4,6,673739,2705,118959,7297,0.021424724369534912,0.7295540891821636
7320,0.732,6,4,6,673743,2701,118965,7291,0.021393042706881256,0.7296837469975981
7321,0.7321,3,4,3,673747,2697,118968,7288,0.0213613610442276,0.7298948422633951
7322,0.7322,5,0,5,673747,2697,118973,7283,0.0213613610442276,0.7297595190380761
7323,0.7323,3,4,3,673751,2693,118976,7280,0.021329679381573943,0.7299709214880177
7324,0.7324,4,3,4,673754,2690,118980,7276,0.021305918134583702,0.7300822797511539
7325,0.7325,7,5,7,673759,2685,118987,7269,0.021266316056266634,0.7302591922845088
7326,0.7326,6,4,6,673763,2681,118993,7263,0.021234634393612978,0.7303901850362028
7327,0.7327,1,2,1,673765,2679,118994,7262,0.021218793562286148,0.7305100090534151
7328,0.7328,8,0,8,673765,2679,119002,7254,0.021218793562286148,0.7302929628511023
7329,0.7329,7,3,7,673768,2676,119009,7247,0.021195032315295907,0.7303234908797742
7330,0.733,5,1,5,673769,2675,119014,7242,0.02118711189963249,0.7302611676918422
7331,0.7331,9,4,9,673773,2671,119023,7233,0.021155430236978835,0.7303109854604201
7332,0.7332,5,3,5,673776,2668,119028,7228,0.021131668989988594,0.7303961196443007
7333,0.7333,7,2,7,673778,2666,119035,7221,0.021115828158661767,0.7303529887731365
7334,0.7334,6,2,6,673780,2664,119041,7215,0.021099987327334938,0.7303370786516854
7335,0.7335,3,2,3,673782,2662,119044,7212,0.02108414649600811,0.7304030787927891
7336,0.7336,3,4,3,673786,2658,119047,7209,0.021052464833354455,0.7306172088780785
7337,0.7337,9,1,9,673787,2657,119056,7200,0.02104454441769104,0.7304453687734604
7338,0.7338,8,3,8,673790,2654,119064,7192,0.0210207831707008,0.7304489132642698
7339,0.7339,7,3,7,673793,2651,119071,7185,0.020997021923710557,0.7304798698657992
7340,0.734,4,4,4,673797,2647,119075,7181,0.0209653402610569,0.7306674806674807
7341,0.7341,7,3,7,673800,2644,119082,7174,0.02094157901406666,0.7306987166429008
7342,0.7342,2,2,2,673802,2642,119084,7172,0.02092573818273983,0.7307927450580803
7343,0.7343,8,1,8,673803,2641,119092,7164,0.020917817767076415,0.7306476287608363
7344,0.7344,5,1,5,673804,2640,119097,7159,0.020909897351413003,0.7305847535462803
7345,0.7345,8,3,8,673807,2637,119105,7151,0.02088613610442276,0.7305884756845117
7346,0.7346,3,1,3,673808,2636,119108,7148,0.020878215688759347,0.7305805396565822
7347,0.7347,4,1,4,673809,2635,119112,7144,0.020870295273095932,0.7305450455056754
7348,0.7348,6,4,6,673813,2631,119118,7138,0.020838613610442275,0.7306786774490736
7349,0.7349,4,4,4,673817,2627,119122,7134,0.02080693194778862,0.730867738961172
7350,0.735,6,1,6,673818,2626,119128,7128,0.020799011532125204,0.7307771170801722
7351,0.7351,3,1,3,673819,2625,119131,7125,0.020791091116461793,0.7307692307692307
7352,0.7352,5,2,5,673821,2623,119136,7120,0.020775250285134963,0.7307810735912963
7353,0.7353,12,4,12,673825,2619,119148,7108,0.020743568622481307,0.7307494602652411
7354,0.7354,6,3,6,673828,2616,119154,7102,0.020719807375491065,0.7308088083967894
7355,0.7355,7,2,7,673830,2614,119161,7095,0.02070396654416424,0.7307652693377279
7356,0.7356,6,1,6,673831,2613,119167,7089,0.020696046128500824,0.730674087816945
7357,0.7357,6,7,6,673838,2606,119173,7083,0.020640603218856926,0.7310351945505212
7358,0.7358,5,4,5,673842,2602,119178,7078,0.02060892155620327,0.731198347107438
7359,0.7359,3,3,3,673845,2599,119181,7075,0.02058516030921303,0.7313417407483978
7360,0.736,7,2,7,673847,2597,119188,7068,0.0205693194778862,0.7312984997413348
7361,0.7361,3,0,3,673847,2597,119191,7065,0.0205693194778862,0.7312150693438212
7362,0.7362,3,4,3,673851,2593,119194,7062,0.020537637815232542,0.7314344899016054
7363,0.7363,5,1,5,673852,2592,119199,7057,0.02052971739956913,0.7313711265416105
7364,0.7364,5,3,5,673855,2589,119204,7052,0.020505956152578886,0.7314593921792345
7365,0.7365,6,0,6,673855,2589,119210,7046,0.020505956152578886,0.7312921639854696
7366,0.7366,2,2,2,673857,2587,119212,7044,0.02049011532125206,0.7313882255217526
7367,0.7367,7,1,7,673858,2586,119219,7037,0.020482194905588644,0.7312688350826145
7368,0.7368,4,1,4,673859,2585,119223,7033,0.020474274489925233,0.73123310459555
7369,0.7369,6,4,6,673863,2581,119229,7027,0.020442592827271577,0.7313696919233972
7370,0.737,4,1,4,673864,2580,119233,7023,0.02043467241160816,0.7313339581380819
7371,0.7371,6,4,6,673868,2576,119239,7017,0.020402990748954505,0.731470864171792
7372,0.7372,3,0,3,673868,2576,119242,7014,0.020402990748954505,0.7313868613138687
7373,0.7373,8,2,8,673870,2574,119250,7006,0.020387149917627675,0.7313152400835073
7374,0.7374,4,2,4,673872,2572,119254,7002,0.02037130908630085,0.7313557551702528
7375,0.7375,8,2,8,673874,2570,119262,6994,0.020355468254974023,0.7312839815976578
7376,0.7376,2,4,2,673878,2566,119264,6992,0.020323786592320366,0.7315337936806864
7377,0.7377,7,5,7,673883,2561,119271,6985,0.020284184514003295,0.7317200921852085
7378,0.7378,3,3,3,673886,2558,119274,6982,0.020260423267013054,0.7318658280922432
7379,0.7379,2,4,2,673890,2554,119276,6980,0.020228741604359397,0.7321166352003357
7380,0.738,4,2,4,673892,2552,119280,6976,0.020212900773032567,0.7321578505457599
7381,0.7381,6,2,6,673894,2550,119286,6970,0.02019705994170574,0.7321428571428571
7382,0.7382,6,3,6,673897,2547,119292,6964,0.0201732986947155,0.7322048154768164
7383,0.7383,11,5,11,673902,2542,119303,6953,0.02013369661639843,0.7322801474460242
7384,0.7384,9,3,9,673905,2539,119312,6944,0.020109935369408187,0.7322577243488347
7385,0.7385,2,4,2,673909,2535,119314,6942,0.02007825370675453,0.7325102880658436
7386,0.7386,2,2,2,673911,2533,119316,6940,0.0200624128754277,0.7326084661670009
7387,0.7387,6,1,6,673912,2532,119322,6934,0.02005449245976429,0.7325163743925629
7388,0.7388,6,4,6,673916,2528,119328,6928,0.020022810797110633,0.7326565143824028
7389,0.7389,5,2,5,673918,2526,119333,6923,0.020006969965783803,0.7326701238226268
7390,0.739,2,4,2,673922,2522,119335,6921,0.019975288303130147,0.7329238589431325
7391,0.7391,4,4,4,673926,2518,119339,6917,0.019943606640476494,0.7331213566507684
7392,0.7392,7,2,7,673928,2516,119346,6910,0.019927765809149664,0.733078718438362
7393,0.7393,7,2,7,673930,2514,119353,6903,0.019911924977822838,0.7330359987257088
7394,0.7394,2,4,2,673934,2510,119355,6901,0.01988024331516918,0.7332908298799278
7395,0.7395,11,0,11,673934,2510,119366,6890,0.01988024331516918,0.7329787234042553
7396,0.7396,4,2,4,673936,2508,119370,6886,0.01986440248384235,0.7330210772833724
7397,0.7397,8,3,8,673939,2505,119378,6878,0.01984064123685211,0.7330278162634551
7398,0.7398,7,1,7,673940,2504,119385,6871,0.019832720821188695,0.7329066666666667
7399,0.7399,4,0,4,673940,2504,119389,6867,0.019832720821188695,0.7327926582008324
7400,0.74,9,4,9,673944,2500,119398,6858,0.01980103915853504,0.7328488993374652
7401,0.7401,5,4,5,673948,2496,119403,6853,0.019769357495881382,0.7330195742860199
7402,0.7402,7,2,7,673950,2494,119410,6846,0.019753516664554556,0.7329764453961456
7403,0.7403,5,2,5,673952,2492,119415,6841,0.019737675833227726,0.7329904639451409
7404,0.7404,6,0,6,673952,2492,119421,6835,0.019737675833227726,0.7328186984024874
7405,0.7405,5,1,5,673953,2491,119426,6830,0.019729755417564315,0.7327539963523227
7406,0.7406,2,3,2,673956,2488,119428,6828,0.019705994170574073,0.7329325890940318
7407,0.7407,4,2,4,673958,2486,119432,6824,0.019690153339247243,0.7329752953813105
7408,0.7408,7,1,7,673959,2485,119439,6817,0.01968223292358383,0.7328531498602451
7409,0.7409,3,1,3,673960,2484,119442,6814,0.019674312507920417,0.7328457732845773
7410,0.741,10,4,10,673964,2480,119452,6804,0.01964263084526676,0.7328737613097802
7411,0.7411,1,1,1,673965,2479,119453,6803,0.019634710429603346,0.7329239388062917
7412,0.7412,7,2,7,673967,2477,119460,6796,0.01961886959827652,0.7328804054782703
7413,0.7413,7,4,7,673971,2473,119467,6789,0.019587187935622863,0.7329950334700929
7414,0.7414,6,3,6,673974,2470,119473,6783,0.019563426688632618,0.7330595482546202
7415,0.7415,5,3,5,673977,2467,119478,6778,0.019539665441642377,0.7331530557057869
7416,0.7416,8,1,8,673978,2466,119486,6770,0.01953174502597896,0.7330012992637506
7417,0.7417,6,6,6,673984,2460,119492,6764,0.01948422253199848,0.733304423243712
7418,0.7418,1,2,1,673986,2458,119493,6763,0.019468381700671653,0.7334345515670752
7419,0.7419,4,1,4,673987,2457,119497,6759,0.019460461285008238,0.7333984375
7420,0.742,5,2,5,673989,2455,119502,6754,0.019444620453681408,0.7334129655771527
7421,0.7421,3,2,3,673991,2453,119505,6751,0.01942877962235458,0.7334854411125598
7422,0.7422,6,3,6,673994,2450,119511,6745,0.01940501837536434,0.7335508428493747
7423,0.7423,2,5,2,673999,2445,119513,6743,0.01936541629704727,0.7338920330866348
7424,0.7424,10,2,10,674001,2443,119523,6733,0.019349575465720442,0.7337619877942458
7425,0.7425,9,1,9,674002,2442,119532,6724,0.019341655050057027,0.7335806240453852
7426,0.7426,6,3,6,674005,2439,119538,6718,0.019317893803066786,0.7336463907393251
7427,0.7427,5,3,5,674008,2436,119543,6713,0.019294132556076544,0.7337413925019127
7428,0.7428,6,2,6,674010,2434,119549,6707,0.019278291724749715,0.7337271633300514
7429,0.7429,2,3,2,674013,2431,119551,6705,0.019254530477759473,0.7339098073555166
7430,0.743,3,4,3,674017,2427,119554,6702,0.019222848815105817,0.7341439369043707
7431,0.7431,3,1,3,674018,2426,119557,6699,0.019214928399442402,0.7341369863013698
7432,0.7432,5,1,5,674019,2425,119562,6694,0.019207007983778987,0.7340717183901744
7433,0.7433,4,5,4,674024,2420,119566,6690,0.01916740590546192,0.7343578485181119
7434,0.7434,1,2,1,674026,2418,119567,6689,0.01915156507413509,0.7344899527835731
7435,0.7435,4,3,4,674029,2415,119571,6685,0.019127803827144848,0.7346153846153847
7436,0.7436,4,1,4,674030,2414,119575,6681,0.019119883411481433,0.7345794392523365
7437,0.7437,7,7,7,674037,2407,119582,6674,0.019064440501837535,0.734941085783504
7438,0.7438,6,3,6,674040,2404,119588,6668,0.019040679254847294,0.7350088183421517
7439,0.7439,2,0,2,674040,2404,119590,6666,0.019040679254847294,0.7349503858875414
7440,0.744,7,3,7,674043,2401,119597,6659,0.019016918007857053,0.7349889624724062
7441,0.7441,5,1,5,674044,2400,119602,6654,0.019008997592193638,0.7349237905897945
7442,0.7442,4,3,4,674047,2397,119606,6650,0.018985236345203396,0.7350502929147784
7443,0.7443,3,0,3,674047,2397,119609,6647,0.018985236345203396,0.7349624060150376
7444,0.7444,5,0,5,674047,2397,119614,6642,0.018985236345203396,0.7348157982077663
7445,0.7445,5,5,5,674052,2392,119619,6637,0.018945634266886325,0.7350758666518994
7446,0.7446,7,3,7,674055,2389,119626,6630,0.018921873019896084,0.7351147577336734
7447,0.7447,4,4,4,674059,2385,119630,6626,0.018890191357242427,0.7353234935079348
7448,0.7448,3,7,3,674066,2378,119633,6623,0.01883474844759853,0.7358071325408287
7449,0.7449,5,5,5,674071,2373,119638,6618,0.018795146369281458,0.7360694027360694
7450,0.745,7,2,7,674073,2371,119645,6611,0.018779305537954632,0.7360276107771098
7451,0.7451,5,1,5,674074,2370,119650,6606,0.018771385122291217,0.7359625668449198
7452,0.7452,6,1,6,674075,2369,119656,6600,0.018763464706627805,0.7358679897424462
7453,0.7453,5,4,5,674079,2365,119661,6595,0.01873178304397415,0.7360491071428571
7454,0.7454,11,3,11,674082,2362,119672,6584,0.018708021796983904,0.7359713838587078
7455,0.7455,6,4,6,674086,2358,119678,6578,0.018676340134330248,0.7361235452103849
7456,0.7456,1,7,1,674093,2351,119679,6577,0.01862089722468635,0.736671146953405
7457,0.7457,7,3,7,674096,2348,119686,6570,0.01859713597769611,0.7367122673245122
7458,0.7458,4,1,4,674097,2347,119690,6566,0.018589215562032694,0.7366767642768989
7459,0.7459,2,2,2,674099,2345,119692,6564,0.018573374730705867,0.7367830283982489
7460,0.746,10,2,10,674101,2343,119702,6554,0.01855753389937904,0.7366528043160616
7461,0.7461,9,3,9,674104,2340,119711,6545,0.018533772652388796,0.7366347777152504
7462,0.7462,6,3,6,674107,2337,119717,6539,0.018510011405398555,0.7367057232987833
7463,0.7463,6,3,6,674110,2334,119723,6533,0.018486250158408313,0.7367768129017707
7464,0.7464,5,2,5,674112,2332,119728,6528,0.018470409327081484,0.7367945823927765
7465,0.7465,8,2,8,674114,2330,119736,6520,0.018454568495754657,0.7367231638418079
7466,0.7466,3,2,3,674116,2328,119739,6517,0.01843872766442783,0.7368004522328999
7467,0.7467,7,3,7,674119,2325,119746,6510,0.018414966417437586,0.7368421052631579
7468,0.7468,3,1,3,674120,2324,119749,6507,0.018407046001774174,0.7368361453968973
7469,0.7469,5,8,5,674128,2316,119754,6502,0.018343682676466862,0.7373554093898843
7470,0.747,2,4,2,674132,2312,119756,6500,0.018312001013813205,0.7376305038583749
7471,0.7471,0,1,0,674133,2311,119756,6500,0.01830408059814979,0.7377142208602883
7472,0.7472,2,0,2,674133,2311,119758,6498,0.01830408059814979,0.7376546713588376
7473,0.7473,2,2,2,674135,2309,119760,6496,0.018288239766822964,0.7377626348665531
7474,0.7474,5,4,5,674139,2305,119765,6491,0.018256558104169308,0.7379490677580719
7475,0.7475,8,5,8,674144,2300,119773,6483,0.018216956025852236,0.7381304793350791
7476,0.7476,5,5,5,674149,2295,119778,6478,0.018177353947535165,0.7384019149663741
7477,0.7477,3,2,3,674151,2293,119781,6475,0.01816151311620834,0.7384808394160584
7478,0.7478,6,1,6,674152,2292,119787,6469,0.018153592700544924,0.7383860289921241
7479,0.7479,5,3,5,674155,2289,119792,6464,0.018129831453554682,0.7384896606877642
7480,0.748,9,1,9,674156,2288,119801,6455,0.018121911037891267,0.7383049296580121
7481,0.7481,2,3,2,674159,2285,119803,6453,0.018098149790901026,0.7384985122453651
7482,0.7482,8,1,8,674160,2284,119811,6445,0.01809022937523761,0.7383434528582885
7483,0.7483,2,2,2,674162,2282,119813,6443,0.018074388543910785,0.7384527220630372
7484,0.7484,7,3,7,674165,2279,119820,6436,0.018050627296920543,0.7384968445209409
7485,0.7485,6,1,6,674166,2278,119826,6430,0.01804270688125713,0.7384014699127239
7486,0.7486,4,4,4,674170,2274,119830,6426,0.018011025218603472,0.7386206896551725
7487,0.7487,9,2,9,674172,2272,119839,6417,0.017995184387276646,0.7385199677753481
7488,0.7488,3,2,3,674174,2270,119842,6414,0.017979343555949816,0.7385997236296638
7489,0.7489,3,2,3,674176,2268,119845,6411,0.01796350272462299,0.7386795713791912
7490,0.749,4,4,4,674180,2264,119849,6407,0.017931821061969333,0.7388997808787914
7491,0.7491,3,3,3,674183,2261,119852,6404,0.01790805981497909,0.7390652048470859
7492,0.7492,9,3,9,674186,2258,119861,6395,0.017884298567988847,0.7390500404483994
7493,0.7493,6,2,6,674188,2256,119867,6389,0.01786845773666202,0.73903990746096
7494,0.7494,7,3,7,674191,2253,119874,6382,0.01784469648967178,0.7390851187029531
7495,0.7495,2,4,2,674195,2249,119876,6380,0.017813014827018123,0.739367249971028
7496,0.7496,8,3,8,674198,2246,119884,6372,0.01778925358002788,0.7393826873984684
7497,0.7497,7,1,7,674199,2245,119891,6365,0.017781333164364466,0.7392566782810686
7498,0.7498,8,2,8,674201,2243,119899,6357,0.017765492333037636,0.7391860465116279
7499,0.7499,4,1,4,674202,2242,119903,6353,0.017757571917374225,0.7391506689936009
7500,0.75,6,3,6,674205,2239,119909,6347,0.01773381067038398,0.7392266480316795
7501,0.7501,4,3,4,674208,2236,119913,6343,0.01771004942339374,0.739363562186735
7502,0.7502,4,3,4,674211,2233,119917,6339,0.017686288176403497,0.7395006999533364
7503,0.7503,4,4,4,674215,2229,119921,6335,0.01765460651374984,0.7397244278374592
7504,0.7504,7,1,7,674216,2228,119928,6328,0.017646686098086426,0.7395979429640018
7505,0.7505,7,4,7,674220,2224,119935,6321,0.01761500443543277,0.7397308367466354
7506,0.7506,3,1,3,674221,2223,119938,6318,0.01760708401976936,0.7397260273972602
7507,0.7507,6,1,6,674222,2222,119944,6312,0.017599163604105943,0.739629716428404
7508,0.7508,5,0,5,674222,2222,119949,6307,0.017599163604105943,0.7394770782037754
7509,0.7509,4,5,4,674227,2217,119953,6303,0.017559561525788872,0.7397887323943662
7510,0.751,9,2,9,674229,2215,119962,6294,0.017543720694462046,0.7396873898225408
7511,0.7511,6,0,6,674229,2215,119968,6288,0.017543720694462046,0.7395037045748559
7512,0.7512,8,3,8,674232,2212,119976,6280,0.017519959447471804,0.7395195478097033
7513,0.7513,5,4,5,674236,2208,119981,6275,0.017488277784818148,0.7397147235647766
7514,0.7514,4,3,4,674239,2205,119985,6271,0.017464516537827907,0.739853704577631
7515,0.7515,7,3,7,674242,2202,119992,6264,0.017440755290837662,0.739900779588944
7516,0.7516,3,3,3,674245,2199,119995,6261,0.01741699404384742,0.7400709219858156
7517,0.7517,8,6,8,674251,2193,120003,6253,0.017369471549866938,0.7403504617570448
7518,0.7518,1,2,1,674253,2191,120004,6252,0.017353630718540108,0.7404950846855383
7519,0.7519,4,3,4,674256,2188,120008,6248,0.017329869471549866,0.7406353722143196
7520,0.752,6,5,6,674261,2183,120014,6242,0.0172902673932328,0.7408902077151336
7521,0.7521,7,1,7,674262,2182,120021,6235,0.017282346977569384,0.740762742069621
7522,0.7522,5,0,5,674262,2182,120026,6230,0.017282346977569384,0.7406086543033761
7523,0.7523,3,3,3,674265,2179,120029,6227,0.017258585730579142,0.7407803949559838
7524,0.7524,6,4,6,674269,2175,120035,6221,0.017226904067925486,0.7409480705097665
7525,0.7525,8,3,8,674272,2172,120043,6213,0.01720314282093524,0.7409660107334526
7526,0.7526,7,3,7,674275,2169,120050,6206,0.017179381573945,0.7410149253731343
7527,0.7527,0,1,0,674276,2168,120050,6206,0.017171461158281588,0.7411034153331741
7528,0.7528,6,1,6,674277,2167,120056,6200,0.017163540742618173,0.7410063344089877
7529,0.7529,9,3,9,674280,2164,120065,6191,0.017139779495627932,0.7409934171154997
7530,0.753,3,8,3,674288,2156,120068,6188,0.01707641617032062,0.7416107382550335
7531,0.7531,5,3,5,674291,2153,120073,6183,0.017052654923330378,0.7417226487523992
7532,0.7532,6,4,6,674295,2149,120079,6177,0.01702097326067672,0.7418928657218352
7533,0.7533,8,1,8,674296,2148,120087,6169,0.017013052845013307,0.7417337982445593
7534,0.7534,1,2,1,674298,2146,120088,6168,0.016997212013686477,0.7418811643011788
7535,0.7535,6,1,6,674299,2145,120094,6162,0.016989291598023065,0.7417840375586855
7536,0.7536,6,2,6,674301,2143,120100,6156,0.016973450766696235,0.7417761176045307
7537,0.7537,3,1,3,674302,2142,120103,6153,0.016965530351032824,0.7417721518987341
7538,0.7538,5,1,5,674303,2141,120108,6148,0.01695760993536941,0.7417058752563639
7539,0.7539,8,4,8,674307,2137,120116,6140,0.016925928272715753,0.7418146671499336
7540,0.754,5,3,5,674310,2134,120121,6135,0.01690216702572551,0.7419276817027451
7541,0.7541,1,2,1,674312,2132,120122,6134,0.01688632619439868,0.7420759738688604
7542,0.7542,6,1,6,674313,2131,120128,6128,0.016878405778735266,0.7419784477539654
7543,0.7543,6,4,6,674317,2127,120134,6122,0.016846724116081613,0.7421505637046915
7544,0.7544,10,4,10,674321,2123,120144,6112,0.016815042453427957,0.7421979356405586
7545,0.7545,7,2,7,674323,2121,120151,6105,0.016799201622101127,0.7421590080233407
7546,0.7546,5,2,5,674325,2119,120156,6100,0.0167833607907743,0.742182747292858
7547,0.7547,7,1,7,674326,2118,120163,6093,0.016775440375110886,0.742053343076361
7548,0.7548,6,4,6,674330,2114,120169,6087,0.01674375871245723,0.7422265577368613
7549,0.7549,6,2,6,674332,2112,120175,6081,0.016727917881130403,0.7422189674112046
7550,0.755,2,1,2,674333,2111,120177,6079,0.016719997465466988,0.7422466422466423
7551,0.7551,5,1,5,674334,2110,120182,6074,0.016712077049803573,0.7421798631476051
7552,0.7552,3,1,3,674335,2109,120185,6071,0.01670415663414016,0.7421760391198045
7553,0.7553,9,2,9,674337,2107,120194,6062,0.016688315802813332,0.7420736932305055
7554,0.7554,6,1,6,674338,2106,120200,6056,0.016680395387149917,0.7419750061259496
7555,0.7555,3,1,3,674339,2105,120203,6053,0.016672474971486502,0.7419710713410149
7556,0.7556,3,2,3,674341,2103,120206,6050,0.016656634140159676,0.7420581381086716
7557,0.7557,3,3,3,674344,2100,120209,6047,0.016632872893169434,0.7422364060390327
7558,0.7558,4,1,4,674345,2099,120213,6043,0.01662495247750602,0.7422009334315893
7559,0.7559,4,1,4,674346,2098,120217,6039,0.016617032061842604,0.7421654172299373
7560,0.756,2,0,2,674346,2098,120219,6037,0.016617032061842604,0.742102028272895
7561,0.7561,4,2,4,674348,2096,120223,6033,0.016601191230515778,0.7421577069750277
7562,0.7562,12,2,12,674350,2094,120235,6021,0.016585350399188948,0.7419593345656192
7563,0.7563,3,3,3,674353,2091,120238,6018,0.016561589152198707,0.7421383647798742
7564,0.7564,7,0,7,674353,2091,120245,6011,0.016561589152198707,0.7419155764008887
7565,0.7565,4,1,4,674354,2090,120249,6007,0.01655366873653529,0.741879708534025
7566,0.7566,2,0,2,674354,2090,120251,6005,0.01655366873653529,0.7418159357628166
7567,0.7567,5,5,5,674359,2085,120256,6000,0.016514066658218224,0.7421150278293135
7568,0.7568,8,2,8,674361,2083,120264,5992,0.016498225826891394,0.7420433436532508
7569,0.7569,6,3,6,674364,2080,120270,5986,0.016474464579901153,0.7421274485494669
7570,0.757,5,5,5,674369,2075,120275,5981,0.016434862501584085,0.7424280039721947
7571,0.7571,4,3,4,674372,2072,120279,5977,0.01641110125459384,0.7425767176046714
7572,0.7572,5,3,5,674375,2069,120284,5972,0.0163873400076036,0.7426936948140779
7573,0.7573,8,4,8,674379,2065,120292,5964,0.016355658344949942,0.7428073234524848
7574,0.7574,1,2,1,674381,2063,120293,5963,0.016339817513623116,0.7429603787690008
7575,0.7575,6,0,6,674381,2063,120299,5957,0.016339817513623116,0.7427680798004987
7576,0.7576,6,3,6,674384,2060,120305,5951,0.016316056266632874,0.7428535763325428
7577,0.7577,6,4,6,674388,2056,120311,5945,0.016284374603979218,0.7430321209848769
7578,0.7578,4,5,4,674393,2051,120315,5941,0.016244772525662147,0.7433683683683684
7579,0.7579,6,0,6,674393,2051,120321,5935,0.016244772525662147,0.7431755572251441
7580,0.758,10,2,10,674395,2049,120331,5925,0.01622893169433532,0.7430398796087284
7581,0.7581,4,2,4,674397,2047,120335,5921,0.01621309086300849,0.7430973895582329
7582,0.7582,3,1,3,674398,2046,120338,5918,0.016205170447345076,0.7430939226519337
7583,0.7583,2,3,2,674401,2043,120340,5916,0.016181409200354834,0.7433094609875612
7584,0.7584,4,0,4,674401,2043,120344,5912,0.016181409200354834,0.7431803896920176
7585,0.7585,3,4,3,674405,2039,120347,5909,0.016149727537701178,0.7434574735782586
7586,0.7586,6,7,6,674412,2032,120353,5903,0.01609428462805728,0.7439193446754884
7587,0.7587,3,2,3,674414,2030,120356,5900,0.016078443796730454,0.7440100882723834
7588,0.7588,5,0,5,674414,2030,120361,5895,0.016078443796730454,0.7438485804416404
7589,0.7589,6,4,6,674418,2026,120367,5889,0.016046762134076797,0.7440303221730891
7590,0.759,9,3,9,674421,2023,120376,5880,0.016023000887086553,0.7440212577502214
7591,0.7591,2,3,2,674424,2020,120378,5878,0.01599923964009631,0.7442390478602178
7592,0.7592,6,1,6,674425,2019,120384,5872,0.0159913192244329,0.7441388924090736
7593,0.7593,7,3,7,674428,2016,120391,5865,0.015967557977442655,0.7441948991244766
7594,0.7594,6,3,6,674431,2013,120397,5859,0.015943796730452413,0.7442835365853658
7595,0.7595,3,4,3,674435,2009,120400,5856,0.015912115067798757,0.7445645263827082
7596,0.7596,4,3,4,674438,2006,120404,5852,0.015888353820808516,0.7447187579536778
7597,0.7597,6,2,6,674440,2004,120410,5846,0.01587251298948169,0.7447133757961784
7598,0.7598,4,1,4,674441,2003,120414,5842,0.015864592573818274,0.7446781389420013
7599,0.7599,5,4,5,674445,1999,120419,5837,0.015832910911164618,0.7448953547728433
7600,0.76,4,4,4,674449,1995,120423,5833,0.015801229248510962,0.7451456310679612
7601,0.7601,4,0,4,674449,1995,120427,5829,0.015801229248510962,0.7450153374233128
7602,0.7602,3,1,3,674450,1994,120430,5826,0.015793308832847547,0.7450127877237852
7603,0.7603,1,2,1,674452,1992,120431,5825,0.01577746800152072,0.7451707816297812
7604,0.7604,5,5,5,674457,1987,120436,5820,0.01573786592320365,0.7454848213142052
7605,0.7605,7,0,7,674457,1987,120443,5813,0.01573786592320365,0.7452564102564102
7606,0.7606,7,2,7,674459,1985,120450,5806,0.015722025091876823,0.7452188422538827
7607,0.7607,7,0,7,674459,1985,120457,5799,0.015722025091876823,0.7449897225077081
7608,0.7608,7,1,7,674460,1984,120464,5792,0.015714104676213408,0.7448559670781894
7609,0.7609,8,0,8,674460,1984,120472,5784,0.015714104676213408,0.7445932028836252
7610,0.761,4,1,4,674461,1983,120476,5780,0.015706184260549993,0.7445575164240629
7611,0.7611,6,2,6,674463,1981,120482,5774,0.015690343429223166,0.7445519019987105
7612,0.7612,8,4,8,674467,1977,120490,5766,0.01565866176656951,0.7446726075164665
7613,0.7613,1,1,1,674468,1976,120491,5765,0.015650741350906095,0.744735822245188
7614,0.7614,2,4,2,674472,1972,120493,5763,0.015619059688252439,0.7450549450549451
7615,0.7615,4,3,4,674475,1969,120497,5759,0.015595298441262197,0.745212215320911
7616,0.7616,5,3,5,674478,1966,120502,5754,0.015571537194271956,0.7453367875647668
7617,0.7617,2,3,2,674481,1963,120504,5752,0.015547775947281713,0.7455605962410888
7618,0.7618,3,1,3,674482,1962,120507,5749,0.0155398555316183,0.7455582933471664
7619,0.7619,10,4,10,674486,1958,120517,5739,0.015508173868964643,0.7456151747434066
7620,0.762,8,3,8,674489,1955,120525,5731,0.015484412621974402,0.7456414259692948
7621,0.7621,7,2,7,674491,1953,120532,5724,0.015468571790647574,0.7456037514654161
7622,0.7622,3,1,3,674492,1952,120535,5721,0.015460651374984159,0.745601459663756
7623,0.7623,3,4,3,674496,1948,120538,5718,0.015428969712330503,0.7458909470388729
7624,0.7624,5,2,5,674498,1946,120543,5713,0.015413128881003674,0.7459198328763547
7625,0.7625,11,1,11,674499,1945,120554,5702,0.015405208465340261,0.7456518896299202
7626,0.7626,6,0,6,674499,1945,120560,5696,0.015405208465340261,0.7454521659468656
7627,0.7627,5,1,5,674500,1944,120565,5691,0.015397288049676846,0.7453831041257367
7628,0.7628,4,2,4,674502,1942,120569,5687,0.01538144721835002,0.745445012452484
7629,0.7629,3,4,3,674506,1938,120572,5684,0.015349765555696364,0.7457360272894253
7630,0.763,2,1,2,674507,1937,120574,5682,0.015341845140032949,0.7457671610447565
7631,0.7631,5,1,5,674508,1936,120579,5677,0.015333924724369535,0.7456981479048995
7632,0.7632,5,1,5,674509,1935,120584,5672,0.01532600430870612,0.7456290258971999
7633,0.7633,10,0,10,674509,1935,120594,5662,0.01532600430870612,0.7452941950770041
7634,0.7634,9,1,9,674510,1934,120603,5653,0.015318083893042707,0.7450902860155529
7635,0.7635,6,1,6,674511,1933,120609,5647,0.015310163477379292,0.7449868073878628
7636,0.7636,5,2,5,674513,1931,120614,5642,0.015294322646052464,0.745015185527532
7637,0.7637,7,2,7,674515,1929,120621,5635,0.015278481814725638,0.7449762030671603
7638,0.7638,7,0,7,674515,1929,120628,5628,0.015278481814725638,0.7447399761810242
7639,0.7639,5,1,5,674516,1928,120633,5623,0.015270561399062223,0.7446695801880545
7640,0.764,4,5,4,674521,1923,120637,5619,0.015230959320745153,0.7450278440731901
7641,0.7641,2,4,2,674525,1919,120639,5617,0.015199277658091497,0.745355626326964
7642,0.7642,3,0,3,674525,1919,120642,5614,0.015199277658091497,0.7452542147882649
7643,0.7643,5,1,5,674526,1918,120647,5609,0.015191357242428082,0.7451840042513618
7644,0.7644,7,0,7,674526,1918,120654,5602,0.015191357242428082,0.7449468085106383
7645,0.7645,7,0,7,674526,1918,120661,5595,0.015191357242428082,0.7447091707706642
7646,0.7646,4,1,4,674527,1917,120665,5591,0.015183436826764669,0.7446723494938732
7647,0.7647,1,2,1,674529,1915,120666,5590,0.01516759599543784,0.7448367754830113
7648,0.7648,6,1,6,674530,1914,120672,5584,0.015159675579774427,0.7447319285142705
7649,0.7649,7,2,7,674532,1912,120679,5577,0.0151438347484476,0.744692215249032
7650,0.765,3,4,3,674536,1908,120682,5574,0.015112153085793943,0.7449879711307137
7651,0.7651,10,3,10,674539,1905,120692,5564,0.0150883918388037,0.7449457758736109
7652,0.7652,6,3,6,674542,1902,120698,5558,0.015064630591813458,0.7450402144772118
7653,0.7653,7,1,7,674543,1901,120705,5551,0.015056710176150045,0.7449006977992485
7654,0.7654,7,2,7,674545,1899,120712,5544,0.015040869344823217,0.7448609431680774
7655,0.7655,4,5,4,674550,1894,120716,5540,0.015001267266506146,0.7452246435297283
7656,0.7656,5,4,5,674554,1890,120721,5535,0.01496958560385249,0.7454545454545455
7657,0.7657,3,1,3,674555,1889,120724,5532,0.014961665188189076,0.745452095404932
7658,0.7658,5,1,5,674556,1888,120729,5527,0.014953744772525663,0.7453809844908968
7659,0.7659,4,1,4,674557,1887,120733,5523,0.014945824356862248,0.7453441295546559
7660,0.766,8,1,8,674558,1886,120741,5515,0.014937903941198835,0.7451695716795028
7661,0.7661,10,1,10,674559,1885,120751,5505,0.01492998352553542,0.7449255751014885
7662,0.7662,7,3,7,674562,1882,120758,5498,0.014906222278545178,0.7449864498644987
7663,0.7663,3,4,3,674566,1878,120761,5495,0.014874540615891522,0.7452868574528686
7664,0.7664,6,6,6,674572,1872,120767,5489,0.014827018121911038,0.7456867273468278
7665,0.7665,12,1,12,674573,1871,120779,5477,0.014819097706247624,0.7453728905824715
7666,0.7666,11,2,11,674575,1869,120790,5466,0.014803256874920796,0.7451942740286298
7667,0.7667,4,2,4,674577,1867,120794,5462,0.014787416043593968,0.7452585618774731
7668,0.7668,5,0,5,674577,1867,120799,5457,0.014787416043593968,0.7450846531949754
7669,0.7669,6,3,6,674580,1864,120805,5451,0.014763654796603725,0.7451811346548188
7670,0.767,6,1,6,674581,1863,120811,5445,0.014755734380940312,0.7450738916256158
7671,0.7671,5,4,5,674585,1859,120816,5440,0.014724052718286655,0.7453075763803261
7672,0.7672,4,2,4,674587,1857,120820,5436,0.014708211886959827,0.7453722747840394
7673,0.7673,7,2,7,674589,1855,120827,5429,0.014692371055633,0.7453322350356947
7674,0.7674,5,2,5,674591,1853,120832,5424,0.014676530224306171,0.7453620997663872
7675,0.7675,5,4,5,674595,1849,120837,5419,0.014644848561652515,0.7455971381397909
7676,0.7676,3,0,3,674595,1849,120840,5416,0.014644848561652515,0.7454920853406745
7677,0.7677,7,3,7,674598,1846,120847,5409,0.014621087314662273,0.7455547898001378
7678,0.7678,5,9,5,674607,1837,120852,5404,0.014549803573691547,0.7463057588730838
7679,0.7679,5,1,5,674608,1836,120857,5399,0.014541883158028132,0.7462335867311679
7680,0.768,5,2,5,674610,1834,120862,5394,0.014526042326701306,0.7462645268400664
7681,0.7681,1,0,1,674610,1834,120863,5393,0.014526042326701306,0.7462294174622942
7682,0.7682,11,0,11,674610,1834,120874,5382,0.014526042326701306,0.7458425720620843
7683,0.7683,4,1,4,674611,1833,120878,5378,0.014518121911037891,0.7458050201081681
7684,0.7684,5,3,5,674614,1830,120883,5373,0.01449436066404765,0.7459391920033319
7685,0.7685,9,2,9,674616,1828,120892,5364,0.014478519832720822,0.7458286985539488
7686,0.7686,1,3,1,674619,1825,120893,5363,0.014454758585730578,0.7461046188091264
7687,0.7687,8,2,8,674621,1823,120901,5355,0.01443891775440375,0.7460295346893285
7688,0.7688,10,1,10,674622,1822,120911,5345,0.014430997338740337,0.7457792660806474
7689,0.7689,1,4,1,674626,1818,120912,5344,0.01439931567608668,0.7461602904216699
7690,0.769,5,3,5,674629,1815,120917,5339,0.01437555442909644,0.7462957785854067
7691,0.7691,7,1,7,674630,1814,120924,5332,0.014367634013433024,0.7461516932549678
7692,0.7692,11,2,11,674632,1812,120935,5321,0.014351793182106196,0.7459694378241974
7693,0.7693,5,2,5,674634,1810,120940,5316,0.014335952350779368,0.7460005613247264
7694,0.7694,4,0,4,674634,1810,120944,5312,0.014335952350779368,0.7458579050828419
7695,0.7695,8,1,8,674635,1809,120952,5304,0.014328031935115955,0.7456769295655842
7696,0.7696,7,3,7,674638,1806,120959,5297,0.014304270688125714,0.7457412360974236
7697,0.7697,1,1,1,674639,1805,120960,5296,0.014296350272462299,0.7458104492325025
7698,0.7698,6,3,6,674642,1802,120966,5290,0.014272589025472057,0.7459108855047941
7699,0.7699,6,3,6,674645,1799,120972,5284,0.014248827778481814,0.746011577015389
7700,0.77,3,4,3,674649,1795,120975,5281,0.01421714611582816,0.7463256076879593
7701,0.7701,7,1,7,674650,1794,120982,5274,0.014209225700164745,0.7461799660441426
7702,0.7702,2,2,2,674652,1792,120984,5272,0.014193384868837916,0.7463193657984145
7703,0.7703,6,4,6,674656,1788,120990,5266,0.01416170320618426,0.746526793308761
7704,0.7704,2,6,2,674662,1782,120992,5264,0.014114180712203776,0.7470905478285552
7705,0.7705,3,0,3,674662,1782,120995,5261,0.014114180712203776,0.7469828198210989
7706,0.7706,10,6,10,674668,1776,121005,5251,0.014066658218223293,0.7472605663867938
7707,0.7707,3,1,3,674669,1775,121008,5248,0.014058737802559878,0.7472590061227395
7708,0.7708,4,5,4,674674,1770,121012,5244,0.014019135724242808,0.7476475620188195
7709,0.7709,4,2,4,674676,1768,121016,5240,0.01400329489291598,0.747716894977169
7710,0.771,3,0,3,674676,1768,121019,5237,0.01400329489291598,0.7476088508208423
7711,0.7711,8,2,8,674678,1766,121027,5229,0.013987454061589152,0.7475339528234454
7712,0.7712,4,1,4,674679,1765,121031,5225,0.013979533645925739,0.7474964234620887
7713,0.7713,3,1,3,674680,1764,121034,5222,0.013971613230262324,0.7474949899799599
7714,0.7714,7,2,7,674682,1762,121041,5215,0.013955772398935496,0.7474559266160241
7715,0.7715,5,2,5,674684,1760,121046,5210,0.013939931567608668,0.7474892395982783
7716,0.7716,8,6,8,674690,1754,121054,5202,0.013892409073628185,0.7478435882691202
7717,0.7717,4,1,4,674691,1753,121058,5198,0.01388448865796477,0.747806071068911
7718,0.7718,9,2,9,674693,1751,121067,5189,0.013868647826637942,0.7476945244956772
7719,0.7719,11,1,11,674694,1750,121078,5178,0.013860727410974528,0.7474018475750578
7720,0.772,2,5,2,674699,1745,121080,5176,0.013821125332657457,0.7478688050859702
7721,0.7721,8,2,8,674701,1743,121088,5168,0.013805284501330629,0.7477933728838084
7722,0.7722,7,1,7,674702,1742,121095,5161,0.013797364085667216,0.7476459510357816
7723,0.7723,6,0,6,674702,1742,121101,5155,0.013797364085667216,0.7474264172828766
7724,0.7724,5,1,5,674703,1741,121106,5150,0.013789443670003803,0.7473516180525323
7725,0.7725,8,1,8,674704,1740,121114,5142,0.013781523254340388,0.7471665213600698
7726,0.7726,8,3,8,674707,1737,121122,5134,0.013757762007350146,0.7471983699607044
7727,0.7727,5,2,5,674709,1735,121127,5129,0.013741921176023318,0.7472319347319347
7728,0.7728,3,2,3,674711,1733,121130,5126,0.01372608034469649,0.7473392622831316
7729,0.7729,8,4,8,674715,1729,121138,5118,0.013694398682042834,0.7474806484591792
7730,0.773,6,1,6,674716,1728,121144,5112,0.01368647826637942,0.7473684210526316
7731,0.7731,8,3,8,674719,1725,121152,5104,0.013662717019389177,0.7474007907453507
7732,0.7732,7,2,7,674721,1723,121159,5097,0.01364687618806235,0.7473607038123167
7733,0.7733,6,3,6,674724,1720,121165,5091,0.013623114941072108,0.7474673322566436
7734,0.7734,4,1,4,674725,1719,121169,5087,0.013615194525408693,0.7474287393476344
7735,0.7735,9,2,9,674727,1717,121178,5078,0.013599353694081865,0.7473142016188373
7736,0.7736,7,2,7,674729,1715,121185,5071,0.013583512862755037,0.7472737989979369
7737,0.7737,2,2,2,674731,1713,121187,5069,0.01356767203142821,0.7474196402241227
7738,0.7738,2,3,2,674734,1710,121189,5067,0.013543910784437967,0.747675962815405
7739,0.7739,4,2,4,674736,1708,121193,5063,0.013528069953111139,0.7477477477477478
7740,0.774,5,3,5,674739,1705,121198,5058,0.013504308706120897,0.7478929469170487
7741,0.7741,5,2,5,674741,1703,121203,5053,0.01348846787479407,0.7479277679100059
7742,0.7742,5,1,5,674742,1702,121208,5048,0.013480547459130654,0.7478518518518519
7743,0.7743,3,1,3,674743,1701,121211,5045,0.013472627043467241,0.7478505781203676
7744,0.7744,3,3,3,674746,1698,121214,5042,0.013448865796477,0.7480712166172107
7745,0.7745,2,3,2,674749,1695,121216,5040,0.013425104549486757,0.7483296213808464
7746,0.7746,3,1,3,674750,1694,121219,5037,0.013417184133823343,0.7483286287327292
7747,0.7747,3,2,3,674752,1692,121222,5034,0.013401343302496515,0.7484388938447815
7748,0.7748,2,1,2,674753,1691,121224,5032,0.0133934228868331,0.7484753830135357
7749,0.7749,5,2,5,674755,1689,121229,5027,0.013377582055506272,0.7485110184633711
7750,0.775,4,1,4,674756,1688,121233,5023,0.013369661639842859,0.7484726568320668
7751,0.7751,5,0,5,674756,1688,121238,5018,0.013369661639842859,0.7482851178049508
7752,0.7752,9,1,9,674757,1687,121247,5009,0.013361741224179446,0.7480585424133811
7753,0.7753,3,2,3,674759,1685,121250,5006,0.013345900392852618,0.7481691824839336
7754,0.7754,6,3,6,674762,1682,121256,5000,0.013322139145862374,0.7482789583956899
7755,0.7755,5,3,5,674765,1679,121261,4995,0.013298377898872133,0.748426730596344
7756,0.7756,3,3,3,674768,1676,121264,4992,0.01327461665188189,0.7486502699460108
7757,0.7757,3,1,3,674769,1675,121267,4989,0.013266696236218477,0.7486494597839136
7758,0.7758,7,0,7,674769,1675,121274,4982,0.013266696236218477,0.7483851584797957
7759,0.7759,5,6,5,674775,1669,121279,4977,0.013219173742237992,0.7488715016551309
7760,0.776,7,1,7,674776,1668,121286,4970,0.013211253326574579,0.7487194938234408
7761,0.7761,4,5,4,674781,1663,121290,4966,0.013171651248257508,0.7491325991853975
7762,0.7762,4,4,4,674785,1659,121294,4962,0.013139969585603853,0.7494336202990485
7763,0.7763,3,1,3,674786,1658,121297,4959,0.013132049169940438,0.7494332779205077
7764,0.7764,7,1,7,674787,1657,121304,4952,0.013124128754277025,0.7492812830988047
7765,0.7765,9,1,9,674788,1656,121313,4943,0.01311620833861361,0.7490528868010304
7766,0.7766,6,1,6,674789,1655,121319,4937,0.013108287922950197,0.7489381067961165
7767,0.7767,8,5,8,674794,1650,121327,4929,0.013068685844633126,0.749202006383949
7768,0.7768,5,6,5,674800,1644,121332,4924,0.013021163350652643,0.7496954933008526
7769,0.7769,8,1,8,674801,1643,121340,4916,0.013013242934989228,0.7495044976368349
7770,0.777,5,3,5,674804,1640,121345,4911,0.012989481687998987,0.749656540986109
7771,0.7771,9,4,9,674808,1636,121354,4902,0.01295780002534533,0.7497705720403793
7772,0.7772,5,2,5,674810,1634,121359,4897,0.012941959194018502,0.7498086051140713
7773,0.7773,6,2,6,674812,1632,121365,4891,0.012926118362691674,0.7498083703817262
7774,0.7774,5,1,5,674813,1631,121370,4886,0.01291819794702826,0.7497314715359829
7775,0.7775,2,3,2,674816,1628,121372,4884,0.012894436700038018,0.75
7776,0.7776,3,0,3,674816,1628,121375,4881,0.012894436700038018,0.7498847749270241
7777,0.7777,9,1,9,674817,1627,121384,4872,0.012886516284374604,0.749653792891214
7778,0.7778,7,2,7,674819,1625,121391,4865,0.012870675453047776,0.7496147919876733
7779,0.7779,3,1,3,674820,1624,121394,4862,0.012862755037384361,0.7496145544249152
7780,0.778,4,4,4,674824,1620,121398,4858,0.012831073374730707,0.749922815683853
7781,0.7781,4,2,4,674826,1618,121402,4854,0.012815232543403879,0.75
7782,0.7782,5,1,5,674827,1617,121407,4849,0.012807312127740464,0.7499226724404577
7783,0.7783,3,1,3,674828,1616,121410,4846,0.01279939171207705,0.7499226245744351
7784,0.7784,5,3,5,674831,1613,121415,4841,0.012775630465086807,0.7500774713356059
7785,0.7785,5,2,5,674833,1611,121420,4836,0.012759789633759979,0.7501163331782225
7786,0.7786,4,1,4,674834,1610,121424,4832,0.012751869218096566,0.7500776156473145
7787,0.7787,10,0,10,674834,1610,121434,4822,0.012751869218096566,0.7496890547263682
7788,0.7788,6,1,6,674835,1609,121440,4816,0.012743948802433151,0.7495719844357976
7789,0.7789,2,4,2,674839,1605,121442,4814,0.012712267139779496,0.7499610531235394
7790,0.779,9,1,9,674840,1604,121451,4805,0.012704346724116081,0.7497269464815104
7791,0.7791,6,1,6,674841,1603,121457,4799,0.012696426308452668,0.7496094970321775
7792,0.7792,6,0,6,674841,1603,121463,4793,0.012696426308452668,0.7493746091307066
7793,0.7793,3,3,3,674844,1600,121466,4790,0.012672665061462425,0.7496087636932708
7794,0.7794,7,1,7,674845,1599,121473,4783,0.012664744645799012,0.749451582575995
7795,0.7795,3,4,3,674849,1595,121476,4780,0.012633062983145356,0.7498039215686274
7796,0.7796,3,3,3,674852,1592,121479,4777,0.012609301736155114,0.7500392526299262
7797,0.7797,3,1,3,674853,1591,121482,4774,0.0126013813204917,0.7500392772977219
7798,0.7798,5,7,5,674860,1584,121487,4769,0.012545938410847801,0.7506689752872658
7799,0.7799,4,2,4,674862,1582,121491,4765,0.012530097579520973,0.7507483850638097
7800,0.78,4,3,4,674865,1579,121495,4761,0.012506336332530732,0.7509463722397476
7801,0.7801,2,2,2,674867,1577,121497,4759,0.012490495501203904,0.751104797979798
7802,0.7802,5,0,5,674867,1577,121502,4754,0.012490495501203904,0.7509082293476544
7803,0.7803,2,1,2,674868,1576,121504,4752,0.012482575085540489,0.7509481668773704
7804,0.7804,2,6,2,674874,1570,121506,4750,0.012435052591560004,0.7515822784810127
7805,0.7805,9,2,9,674876,1568,121515,4741,0.012419211760233176,0.7514661594547472
7806,0.7806,4,0,4,674876,1568,121519,4737,0.012419211760233176,0.7513084853291039
7807,0.7807,7,2,7,674878,1566,121526,4730,0.01240337092890635,0.7512706480304956
7808,0.7808,6,1,6,674879,1565,121532,4724,0.012395450513242935,0.7511528064875179
7809,0.7809,5,3,5,674882,1562,121537,4719,0.012371689266252693,0.7513134851138353
7810,0.781,6,1,6,674883,1561,121543,4713,0.012363768850589279,0.7511954096270322
7811,0.7811,4,1,4,674884,1560,121547,4709,0.012355848434925865,0.7511564842877652
7812,0.7812,7,5,7,674889,1555,121554,4702,0.012316246356608794,0.751478344254435
7813,0.7813,4,2,4,674891,1553,121558,4698,0.012300405525281968,0.7515597504399296
7814,0.7814,8,2,8,674893,1551,121566,4690,0.01228456469395514,0.7514821342733536
7815,0.7815,4,2,4,674895,1549,121570,4686,0.012268723862628311,0.7515637530072173
7816,0.7816,4,4,4,674899,1545,121574,4682,0.012237042199974655,0.7518869439537498
7817,0.7817,5,0,5,674899,1545,121579,4677,0.012237042199974655,0.7516875602700096
7818,0.7818,0,2,0,674901,1543,121579,4677,0.012221201368647827,0.7519292604501607
7819,0.7819,9,1,9,674902,1542,121588,4668,0.012213280952984412,0.7516908212560387
7820,0.782,6,2,6,674904,1540,121594,4662,0.012197440121657585,0.7516930022573364
7821,0.7821,9,4,9,674908,1536,121603,4653,0.012165758459003929,0.7518177411536597
7822,0.7822,6,2,6,674910,1534,121609,4647,0.012149917627677101,0.7518200938359488
7823,0.7823,5,0,5,674910,1534,121614,4642,0.012149917627677101,0.751619170984456
7824,0.7824,3,0,3,674910,1534,121617,4639,0.012149917627677101,0.7514984610400129
7825,0.7825,3,0,3,674910,1534,121620,4636,0.012149917627677101,0.7513776337115073
7826,0.7826,1,3,1,674913,1531,121621,4635,0.012126156380686858,0.7517028867985728
7827,0.7827,3,0,3,674913,1531,121624,4632,0.012126156380686858,0.7515820217426578
7828,0.7828,2,3,2,674916,1528,121626,4630,0.012102395133696616,0.7518674894446249
7829,0.7829,4,2,4,674918,1526,121630,4626,0.012086554302369788,0.7519505851755527
7830,0.783,5,2,5,674920,1524,121635,4621,0.01207071347104296,0.7519934906427991
7831,0.7831,4,4,4,674924,1520,121639,4617,0.012039031808389304,0.7523219814241486
7832,0.7832,6,2,6,674926,1518,121645,4611,0.012023190977062476,0.7523250122369065
7833,0.7833,5,1,5,674927,1517,121650,4606,0.012015270561399062,0.752245631226523
7834,0.7834,5,1,5,674928,1516,121655,4601,0.012007350145735647,0.7521660944907634
7835,0.7835,8,3,8,674931,1513,121663,4593,0.011983588898745406,0.7522109400589584
7836,0.7836,3,3,3,674934,1510,121666,4590,0.011959827651755165,0.7524590163934426
7837,0.7837,3,3,3,674937,1507,121669,4587,0.011936066404764922,0.7527075812274369
7838,0.7838,5,1,5,674938,1506,121674,4582,0.011928145989101508,0.7526281208935611
7839,0.7839,7,2,7,674940,1504,121681,4575,0.01191230515777468,0.75259088665899
7840,0.784,6,2,6,674942,1502,121687,4569,0.011896464326447852,0.7525943007741723
7841,0.7841,6,2,6,674944,1500,121693,4563,0.011880623495121024,0.7525977238990599
7842,0.7842,5,3,5,674947,1497,121698,4558,0.011856862248130783,0.752766308835673
7843,0.7843,5,1,5,674948,1496,121703,4553,0.011848941832467368,0.7526863944453629
7844,0.7844,5,6,5,674954,1490,121708,4548,0.011801419338486883,0.7532295462073534
7845,0.7845,4,1,4,674955,1489,121712,4544,0.01179349892282347,0.7531907840212166
7846,0.7846,4,1,4,674956,1488,121716,4540,0.011785578507160055,0.7531519575315195
7847,0.7847,4,1,4,674957,1487,121720,4536,0.011777658091496642,0.7531130665781172
7848,0.7848,4,4,4,674961,1483,121724,4532,0.011745976428842985,0.7534497090606816
7849,0.7849,3,1,3,674962,1482,121727,4529,0.011738056013179572,0.7534520046581268
7850,0.785,6,1,6,674963,1481,121733,4523,0.011730135597516157,0.7533311125916056
7851,0.7851,6,1,6,674964,1480,121739,4517,0.011722215181852744,0.7532099383024846
7852,0.7852,5,3,5,674967,1477,121744,4512,0.011698453934862501,0.7533811988645851
7853,0.7853,5,1,5,674968,1476,121749,4507,0.011690533519199088,0.753301019555407
7854,0.7854,4,1,4,674969,1475,121753,4503,0.011682613103535673,0.7532619605219136
7855,0.7855,5,3,5,674972,1472,121758,4498,0.011658851856545431,0.7534338358458962
7856,0.7856,5,3,5,674975,1469,121763,4493,0.01163509060955519,0.7536061724253607
7857,0.7857,3,3,3,674978,1466,121766,4490,0.011611329362564947,0.7538616521155138
7858,0.7858,6,3,6,674981,1463,121772,4484,0.011587568115574706,0.7539936102236422
7859,0.7859,5,0,5,674981,1463,121777,4479,0.011587568115574706,0.7537866038370918
7860,0.786,7,1,7,674982,1462,121784,4472,0.01157964769991129,0.7536231884057971
7861,0.7861,3,0,3,674982,1462,121787,4469,0.01157964769991129,0.7534985668521329
7862,0.7862,5,0,5,674982,1462,121792,4464,0.01157964769991129,0.7532905838677016
7863,0.7863,5,2,5,674984,1460,121797,4459,0.011563806868584464,0.7533367122824801
7864,0.7864,6,0,6,674984,1460,121803,4453,0.011563806868584464,0.7530864197530864
7865,0.7865,2,2,2,674986,1458,121805,4451,0.011547966037257636,0.7532577424268065
7866,0.7866,6,1,6,674987,1457,121811,4445,0.011540045621594221,0.7531345306675703
7867,0.7867,3,1,3,674988,1456,121814,4442,0.011532125205930808,0.7531366564937267
7868,0.7868,3,2,3,674990,1454,121817,4439,0.01151628437460398,0.7532665874766672
7869,0.7869,5,3,5,674993,1451,121822,4434,0.011492523127613737,0.7534409515717927
7870,0.787,3,0,3,674993,1451,121825,4431,0.011492523127613737,0.7533151989119348
7871,0.7871,7,3,7,674996,1448,121832,4424,0.011468761880623495,0.7534059945504087
7872,0.7872,10,1,10,674997,1447,121842,4414,0.01146084146496008,0.7531138031052721
7873,0.7873,9,3,9,675000,1444,121851,4405,0.011437080217969839,0.7531201914857241
7874,0.7874,9,4,9,675004,1440,121860,4396,0.011405398555316183,0.7532556545579164
7875,0.7875,5,2,5,675006,1438,121865,4391,0.011389557723989354,0.7533024532509864
7876,0.7876,5,1,5,675007,1437,121870,4386,0.011381637308325941,0.753219989696033
7877,0.7877,6,1,6,675008,1436,121876,4380,0.011373716892662526,0.7530949105914718
7878,0.7878,8,1,8,675009,1435,121884,4372,0.011365796476999113,0.7528844498019631
7879,0.7879,1,4,1,675013,1431,121885,4371,0.011334114814345457,0.7533609100310238
7880,0.788,4,3,4,675016,1428,121889,4367,0.011310353567355215,0.7535806729939604
7881,0.7881,9,2,9,675018,1426,121898,4358,0.011294512736028387,0.7534578146611342
7882,0.7882,11,1,11,675019,1425,121909,4347,0.011286592320364972,0.7531185031185031
7883,0.7883,3,2,3,675021,1423,121912,4344,0.011270751489038144,0.7532512571527658
7884,0.7884,6,3,6,675024,1420,121918,4338,0.011246990242047903,0.7533865925668635
7885,0.7885,6,2,6,675026,1418,121924,4332,0.011231149410721075,0.7533913043478261
7886,0.7886,4,1,4,675027,1417,121928,4328,0.011223228995057661,0.7533507397737162
7887,0.7887,3,1,3,675028,1416,121931,4325,0.011215308579394246,0.7533530743772862
7888,0.7888,3,2,3,675030,1414,121934,4322,0.011199467748067418,0.7534867503486751
7889,0.7889,5,3,5,675033,1411,121939,4317,0.011175706501077177,0.7536662011173184
7890,0.789,3,3,3,675036,1408,121942,4314,0.011151945254086934,0.7539321915414191
7891,0.7891,5,3,5,675039,1405,121947,4309,0.011128184007096692,0.7541127056352818
7892,0.7892,4,3,4,675042,1402,121951,4305,0.011104422760106451,0.754336779393727
7893,0.7893,6,2,6,675044,1400,121957,4299,0.011088581928779623,0.7543428671696789
7894,0.7894,7,0,7,675044,1400,121964,4292,0.011088581928779623,0.7540407589599438
7895,0.7895,6,5,6,675049,1395,121970,4286,0.011048979850462552,0.754444640028164
7896,0.7896,5,1,5,675050,1394,121975,4281,0.011041059434799138,0.7543612334801763
7897,0.7897,7,2,7,675052,1392,121982,4274,0.01102521860347231,0.754324038122132
7898,0.7898,3,1,3,675053,1391,121985,4271,0.011017298187808897,0.7543270929000353
7899,0.7899,8,0,8,675053,1391,121993,4263,0.011017298187808897,0.7539794835514679
7900,0.79,5,1,5,675054,1390,121998,4258,0.011009377772145482,0.7538951841359773
7901,0.7901,5,3,5,675057,1387,122003,4253,0.01098561652515524,0.7540780141843971
7902,0.7902,6,1,6,675058,1386,122009,4247,0.010977696109491826,0.753949937866146
7903,0.7903,7,2,7,675060,1384,122016,4240,0.010961855278164997,0.7539118065433855
7904,0.7904,5,0,5,675060,1384,122021,4235,0.010961855278164997,0.7536928279053212
7905,0.7905,6,2,6,675062,1382,122027,4229,0.01094601444683817,0.7536980930315452
7906,0.7906,4,2,4,675064,1380,122031,4225,0.010930173615511341,0.7537912578055308
7907,0.7907,3,1,3,675065,1379,122034,4222,0.010922253199847928,0.753793965363328
7908,0.7908,4,2,4,675067,1377,122038,4218,0.0109064123685211,0.753887399463807
7909,0.7909,5,2,5,675069,1375,122043,4213,0.010890571537194272,0.7539370078740157
7910,0.791,6,2,6,675071,1373,122049,4207,0.010874730705867443,0.7539426523297491
7911,0.7911,4,0,4,675071,1373,122053,4203,0.010874730705867443,0.7537661406025825
7912,0.7912,7,2,7,675073,1371,122060,4196,0.010858889874540615,0.7537273217172624
7913,0.7913,5,3,5,675076,1368,122065,4191,0.010835128627550374,0.7539125742039935
7914,0.7914,2,1,2,675077,1367,122067,4189,0.010827208211886959,0.753959683225342
7915,0.7915,9,1,9,675078,1366,122076,4180,0.010819287796223546,0.7536963577353047
7916,0.7916,6,0,6,675078,1366,122082,4174,0.010819287796223546,0.7534296028880867
7917,0.7917,6,1,6,675079,1365,122088,4168,0.010811367380560133,0.7532983914693656
7918,0.7918,5,3,5,675082,1362,122093,4163,0.01078760613356989,0.7534841628959276
7919,0.7919,4,0,4,675082,1362,122097,4159,0.01078760613356989,0.7533055605868502
7920,0.792,3,0,3,675082,1362,122100,4156,0.01078760613356989,0.7531714389271476
7921,0.7921,7,3,7,675085,1359,122107,4149,0.010763844886579648,0.7532679738562091
7922,0.7922,4,1,4,675086,1358,122111,4145,0.010755924470916233,0.7532255133563511
7923,0.7923,4,3,4,675089,1355,122115,4141,0.010732163223925992,0.7534570596797671
7924,0.7924,5,3,5,675092,1352,122120,4136,0.01070840197693575,0.7536443148688047
7925,0.7925,4,2,4,675094,1350,122124,4132,0.010692561145608922,0.7537395111273258
7926,0.7926,1,1,1,675095,1349,122125,4131,0.010684640729945507,0.7538321167883212
7927,0.7927,1,0,1,675095,1349,122126,4130,0.010684640729945507,0.753787187442964
7928,0.7928,6,0,6,675095,1349,122132,4124,0.010684640729945507,0.7535172665813996
7929,0.7929,3,4,3,675099,1345,122135,4121,0.010652959067291851,0.7539334065129893
7930,0.793,7,1,7,675100,1344,122142,4114,0.010645038651628438,0.7537559545621106
7931,0.7931,4,0,4,675100,1344,122146,4110,0.010645038651628438,0.7535753575357536
7932,0.7932,2,3,2,675103,1341,122148,4108,0.010621277404638195,0.7538997981280969
7933,0.7933,4,4,4,675107,1337,122152,4104,0.01058959574198454,0.7542731115603749
7934,0.7934,5,2,5,675109,1335,122157,4099,0.010573754910657712,0.7543246227456754
7935,0.7935,3,2,3,675111,1333,122160,4096,0.010557914079330884,0.7544667526247928
7936,0.7936,4,1,4,675112,1332,122164,4092,0.010549993663667469,0.754424778761062
7937,0.7937,6,1,6,675113,1331,122170,4086,0.010542073248004056,0.7542920435665498
7938,0.7938,3,2,3,675115,1329,122173,4083,0.010526232416677227,0.7544345898004434
7939,0.7939,4,4,4,675119,1325,122177,4079,0.010494550754023571,0.7548112509252406
7940,0.794,2,3,2,675122,1322,122179,4077,0.01047078950703333,0.7551398407112428
7941,0.7941,2,3,2,675125,1319,122181,4075,0.010447028260043087,0.7554690396737115
7942,0.7942,3,3,3,675128,1316,122184,4072,0.010423267013052845,0.7557535263548627
7943,0.7943,4,1,4,675129,1315,122188,4068,0.01041534659738943,0.7557124280141185
7944,0.7944,3,1,3,675130,1314,122191,4065,0.010407426181726017,0.7557166759620747
7945,0.7945,4,5,4,675135,1309,122195,4061,0.010367824103408948,0.7562383612662942
7946,0.7946,4,1,4,675136,1308,122199,4057,0.010359903687745533,0.7561975768872321
7947,0.7947,6,2,6,675138,1306,122205,4051,0.010344062856418704,0.7562068321821915
7948,0.7948,1,1,1,675139,1305,122206,4050,0.010336142440755291,0.7563025210084033
7949,0.7949,4,0,4,675139,1305,122210,4046,0.010336142440755291,0.7561203513361988
7950,0.795,5,0,5,675139,1305,122215,4041,0.010336142440755291,0.7558922558922558
7951,0.7951,2,3,2,675142,1302,122217,4039,0.010312381193765048,0.7562254259501966
7952,0.7952,7,3,7,675145,1299,122224,4032,0.010288619946774807,0.7563308947664603
7953,0.7953,4,0,4,675145,1299,122228,4028,0.010288619946774807,0.7561479256617233
7954,0.7954,5,0,5,675145,1299,122233,4023,0.010288619946774807,0.7559188275084555
7955,0.7955,3,2,3,675147,1297,122236,4020,0.010272779115447979,0.7560654504419786
7956,0.7956,2,2,2,675149,1295,122238,4018,0.01025693828412115,0.7562582345191041
7957,0.7957,5,4,5,675153,1291,122243,4013,0.010225256621467494,0.7565987933634992
7958,0.7958,4,2,4,675155,1289,122247,4009,0.010209415790140666,0.7567006417516043
7959,0.7959,2,1,2,675156,1288,122249,4007,0.010201495374477253,0.7567516525023608
7960,0.796,2,2,2,675158,1286,122251,4005,0.010185654543150425,0.7569457569457569
7961,0.7961,3,2,3,675160,1284,122254,4002,0.010169813711823596,0.757094211123723
7962,0.7962,4,5,4,675165,1279,122258,3998,0.010130211633506527,0.7576274398332385
7963,0.7963,1,1,1,675166,1278,122259,3997,0.010122291217843112,0.7577251184834123
7964,0.7964,5,0,5,675166,1278,122264,3992,0.010122291217843112,0.7574952561669829
7965,0.7965,9,1,9,675167,1277,122273,3983,0.010114370802179699,0.7572243346007604
7966,0.7966,2,0,2,675167,1277,122275,3981,0.010114370802179699,0.7571319893495626
7967,0.7967,5,3,5,675170,1274,122280,3976,0.010090609555189456,0.7573333333333333
7968,0.7968,2,4,2,675174,1270,122282,3974,0.010058927892535801,0.7578184591914569
7969,0.7969,4,3,4,675177,1267,122286,3970,0.010035166645545558,0.7580675959518809
7970,0.797,3,0,3,675177,1267,122289,3967,0.010035166645545558,0.7579289262514329
7971,0.7971,5,2,5,675179,1265,122294,3962,0.01001932581421873,0.7579873732542567
7972,0.7972,5,0,5,675179,1265,122299,3957,0.01001932581421873,0.7577556491765607
7973,0.7973,11,0,11,675179,1265,122310,3946,0.01001932581421873,0.7572442909230473
7974,0.7974,3,3,3,675182,1262,122313,3943,0.009995564567228488,0.7575408261287224
7975,0.7975,5,2,5,675184,1260,122318,3938,0.00997972373590166,0.7575990765679107
7976,0.7976,3,1,3,675185,1259,122321,3935,0.009971803320238247,0.7576049287639585
7977,0.7977,4,4,4,675189,1255,122325,3931,0.00994012165758459,0.7580023139220979
7978,0.7978,8,1,8,675190,1254,122333,3923,0.009932201241921176,0.757774773034576
7979,0.7979,2,0,2,675190,1254,122335,3921,0.009932201241921176,0.7576811594202899
7980,0.798,1,3,1,675193,1251,122336,3920,0.009908439994930934,0.7580738735254303
7981,0.7981,5,2,5,675195,1249,122341,3915,0.009892599163604106,0.7581332300542215
7982,0.7982,2,1,2,675196,1248,122343,3913,0.009884678747940691,0.7581863979848866
7983,0.7983,5,1,5,675197,1247,122348,3908,0.009876758332277278,0.7580989330746848
7984,0.7984,10,3,10,675200,1244,122358,3898,0.009852997085287037,0.7580707895760405
7985,0.7985,5,1,5,675201,1243,122363,3893,0.009845076669623622,0.7579828660436138
7986,0.7986,5,1,5,675202,1242,122368,3888,0.009837156253960208,0.7578947368421053
7987,0.7987,2,4,2,675206,1238,122370,3886,0.009805474591306552,0.758391881342701
7988,0.7988,2,4,2,675210,1234,122372,3884,0.009773792928652896,0.7588901914810473
7989,0.7989,4,2,4,675212,1232,122376,3880,0.009757952097326068,0.758998435054773
7990,0.799,2,3,2,675215,1229,122378,3878,0.009734190850335826,0.7593499118856472
7991,0.7991,7,1,7,675216,1228,122385,3871,0.009726270434672411,0.7591684644047852
7992,0.7992,8,0,8,675216,1228,122393,3863,0.009726270434672411,0.758790021606757
7993,0.7993,1,2,1,675218,1226,122394,3862,0.009710429603345583,0.7590408805031447
7994,0.7994,6,1,6,675219,1225,122400,3856,0.00970250918768217,0.7589057272190514
7995,0.7995,2,3,2,675222,1222,122402,3854,0.009678747940691927,0.7592592592592593
7996,0.7996,2,2,2,675224,1220,122404,3852,0.009662907109365099,0.7594637223974764
7997,0.7997,3,2,3,675226,1218,122407,3849,0.009647066278038272,0.7596210775606868
7998,0.7998,5,2,5,675228,1216,122412,3844,0.009631225446711444,0.7596837944664032
7999,0.7999,6,1,6,675229,1215,122418,3838,0.009623305031048029,0.7595487829012468
8000,0.8,7,2,7,675231,1213,122425,3831,0.009607464199721201,0.7595162569389373
8001,0.8001,6,2,6,675233,1211,122431,3825,0.009591623368394373,0.7595313741064337
8002,0.8002,4,2,4,675235,1209,122435,3821,0.009575782537067545,0.7596421471172963
8003,0.8003,7,2,7,675237,1207,122442,3814,0.009559941705740716,0.759609639514041
8004,0.8004,3,1,3,675238,1206,122445,3811,0.009552021290077303,0.7596173011760016
8005,0.8005,9,6,9,675244,1200,122454,3802,0.009504498796096819,0.7600959616153539
8006,0.8006,4,1,4,675245,1199,122458,3798,0.009496578380433406,0.7600560336201722
8007,0.8007,2,0,2,675245,1199,122460,3796,0.009496578380433406,0.7599599599599599
8008,0.8008,1,1,1,675246,1198,122461,3795,0.00948865796476999,0.7600640897256159
8009,0.8009,2,2,2,675248,1196,122463,3793,0.009472817133443162,0.7602725997193827
8010,0.801,4,0,4,675248,1196,122467,3789,0.009472817133443162,0.7600802407221665
8011,0.8011,2,1,2,675249,1195,122469,3787,0.00946489671777975,0.7601364913689281
8012,0.8012,7,1,7,675250,1194,122476,3780,0.009456976302116334,0.7599517490952955
8013,0.8013,6,1,6,675251,1193,122482,3774,0.009449055886452921,0.7598147775317092
8014,0.8014,3,1,3,675252,1192,122485,3771,0.009441135470789508,0.7598226878903889
8015,0.8015,3,2,3,675254,1190,122488,3768,0.00942529463946268,0.7599838644614764
8016,0.8016,5,2,5,675256,1188,122493,3763,0.009409453808135852,0.7600484750555443
8017,0.8017,7,3,7,675259,1185,122500,3756,0.009385692561145608,0.7601700060716454
8018,0.8018,6,0,6,675259,1185,122506,3750,0.009385692561145608,0.7598784194528876
8019,0.8019,2,1,2,675260,1184,122508,3748,0.009377772145482195,0.7599351175993512
8020,0.802,4,1,4,675261,1183,122512,3744,0.00936985172981878,0.7598944591029023
8021,0.8021,5,3,5,675264,1180,122517,3739,0.009346090482828539,0.7601138442772921
8022,0.8022,2,1,2,675265,1179,122519,3737,0.009338170067165124,0.7601708706265257
8023,0.8023,3,3,3,675268,1176,122522,3734,0.009314408820174883,0.7604887983706721
8024,0.8024,2,2,2,675270,1174,122524,3732,0.009298567988848054,0.7607011822258459
8025,0.8025,5,1,5,675271,1173,122529,3727,0.009290647573184641,0.7606122448979592
8026,0.8026,2,6,2,675277,1167,122531,3725,0.009243125079204157,0.7614472608340147
8027,0.8027,2,2,2,675279,1165,122533,3723,0.009227284247877329,0.7616612111292962
8028,0.8028,5,2,5,675281,1163,122538,3718,0.0092114434165505,0.7617291538619135
8029,0.8029,9,1,9,675282,1162,122547,3709,0.009203523000887087,0.7614452884417984
8030,0.803,5,4,5,675286,1158,122552,3704,0.009171841338233431,0.7618264088852325
8031,0.8031,4,2,4,675288,1156,122556,3700,0.009156000506906603,0.7619439868204283
8032,0.8032,5,1,5,675289,1155,122561,3695,0.009148080091243188,0.7618556701030927
8033,0.8033,1,0,1,675289,1155,122562,3694,0.009148080091243188,0.7618065580532069
8034,0.8034,2,1,2,675290,1154,122564,3692,0.009140159675579775,0.7618654560462237
8035,0.8035,3,1,3,675291,1153,122567,3689,0.00913223925991636,0.761875258157786
8036,0.8036,3,1,3,675292,1152,122570,3686,0.009124318844252946,0.7618850764778834
8037,0.8037,3,1,3,675293,1151,122573,3683,0.009116398428589533,0.7618949110467522
8038,0.8038,6,3,6,675296,1148,122579,3677,0.00909263718159929,0.7620725388601036
8039,0.8039,3,4,3,675300,1144,122582,3674,0.009060955518945634,0.7625570776255708
8040,0.804,3,1,3,675301,1143,122585,3671,0.00905303510328222,0.7625675114250103
8041,0.8041,6,0,6,675301,1143,122591,3665,0.00905303510328222,0.7622712146422629
8042,0.8042,4,2,4,675303,1141,122595,3661,0.009037194271955392,0.7623906705539358
8043,0.8043,7,1,7,675304,1140,122602,3654,0.009029273856291977,0.7622027534418022
8044,0.8044,6,5,6,675309,1135,122608,3648,0.008989671777974908,0.7627012335354381
8045,0.8045,4,3,4,675312,1132,122612,3644,0.008965910530984667,0.7629815745393634
8046,0.8046,5,1,5,675313,1131,122617,3639,0.008957990115321252,0.7628930817610063
8047,0.8047,7,2,7,675315,1129,122624,3632,0.008942149283994423,0.7628649443394245
8048,0.8048,5,1,5,675316,1128,122629,3627,0.00893422886833101,0.762776025236593
8049,0.8049,7,1,7,675317,1127,122636,3620,0.008926308452667595,0.7625868969875711
8050,0.805,4,3,4,675320,1124,122640,3616,0.008902547205677354,0.7628691983122363
8051,0.8051,5,0,5,675320,1124,122645,3611,0.008902547205677354,0.7626187961985217
8052,0.8052,4,1,4,675321,1123,122649,3607,0.00889462679001394,0.7625792811839324
8053,0.8053,4,1,4,675322,1122,122653,3603,0.008886706374350526,0.7625396825396825
8054,0.8054,3,5,3,675327,1117,122656,3600,0.008847104296033456,0.7631969472122111
8055,0.8055,2,3,2,675330,1114,122658,3598,0.008823343049043213,0.7635823429541596
8056,0.8056,6,2,6,675332,1112,122664,3592,0.008807502217716385,0.7636054421768708
8057,0.8057,7,1,7,675333,1111,122671,3585,0.008799581802052972,0.7634156729131175
8058,0.8058,7,1,7,675334,1110,122678,3578,0.008791661386389558,0.7632252559726962
8059,0.8059,3,1,3,675335,1109,122681,3575,0.008783740970726144,0.7632365499573015
8060,0.806,1,0,1,675335,1109,122682,3574,0.008783740970726144,0.7631859918855435
8061,0.8061,3,0,3,675335,1109,122685,3571,0.008783740970726144,0.763034188034188
8062,0.8062,7,3,7,675338,1106,122692,3564,0.008759979723735902,0.763169164882227
8063,0.8063,6,2,6,675340,1104,122698,3558,0.008744138892409074,0.7631917631917632
8064,0.8064,6,4,6,675344,1100,122704,3552,0.008712457229755418,0.763542562338779
8065,0.8065,3,3,3,675347,1097,122707,3549,0.008688695982765176,0.7638829100301334
8066,0.8066,3,0,3,675347,1097,122710,3546,0.008688695982765176,0.7637303467585613
8067,0.8067,2,5,2,675352,1092,122712,3544,0.008649093904448105,0.7644521138912856
8068,0.8068,4,2,4,675354,1090,122716,3540,0.008633253073121277,0.7645788336933045
8069,0.8069,4,1,4,675355,1089,122720,3536,0.008625332657457864,0.7645405405405405
8070,0.807,5,2,5,675357,1087,122725,3531,0.008609491826131035,0.7646167171935903
8071,0.8071,5,2,5,675359,1085,122730,3526,0.008593650994804207,0.7646931251355454
8072,0.8072,3,1,3,675360,1084,122733,3523,0.008585730579140794,0.7647058823529411
8073,0.8073,6,2,6,675362,1082,122739,3517,0.008569889747813966,0.7647314633616004
8074,0.8074,5,2,5,675364,1080,122744,3512,0.008554048916487138,0.764808362369338
8075,0.8075,2,1,2,675365,1079,122746,3510,0.008546128500823723,0.7648725212464589
8076,0.8076,9,1,9,675366,1078,122755,3501,0.00853820808516031,0.7645774186503603
8077,0.8077,5,1,5,675367,1077,122760,3496,0.008530287669496895,0.7644872075224142
8078,0.8078,4,0,4,675367,1077,122764,3492,0.008530287669496895,0.7642810242941562
8079,0.8079,5,0,5,675367,1077,122769,3487,0.008530287669496895,0.764022787028922
8080,0.808,4,3,4,675370,1074,122773,3483,0.008506526422506653,0.7643186306780777
8081,0.8081,6,2,6,675372,1072,122779,3477,0.008490685591179825,0.7643438118267751
8082,0.8082,9,1,9,675373,1071,122788,3468,0.008482765175516412,0.7640449438202247
8083,0.8083,3,1,3,675374,1070,122791,3465,0.008474844759852997,0.7640573318632855
8084,0.8084,3,1,3,675375,1069,122794,3462,0.008466924344189584,0.7640697417788568
8085,0.8085,3,0,3,675375,1069,122797,3459,0.008466924344189584,0.7639134275618374
8086,0.8086,6,1,6,675376,1068,122803,3453,0.008459003928526169,0.7637690776376908
8087,0.8087,4,0,4,675376,1068,122807,3449,0.008459003928526169,0.7635598848793447
8088,0.8088,5,1,5,675377,1067,122812,3444,0.008451083512862756,0.7634670804699624
8089,0.8089,2,1,2,675378,1066,122814,3442,0.00844316309719934,0.7635314995563443
8090,0.809,4,1,4,675379,1065,122818,3438,0.008435242681535927,0.7634910059960026
8091,0.8091,2,1,2,675380,1064,122820,3436,0.008427322265872512,0.7635555555555555
8092,0.8092,3,2,3,675382,1062,122823,3433,0.008411481434545684,0.7637374860956618
8093,0.8093,1,2,1,675384,1060,122824,3432,0.008395640603218856,0.7640249332146037
8094,0.8094,2,3,2,675387,1057,122826,3430,0.008371879356228615,0.7644305772230889
8095,0.8095,4,1,4,675388,1056,122830,3426,0.008363958940565202,0.7643908969210174
8096,0.8096,5,4,5,675392,1052,122835,3421,0.008332277277911545,0.7648110887547507
8097,0.8097,4,0,4,675392,1052,122839,3417,0.008332277277911545,0.7646005817856344
8098,0.8098,4,0,4,675392,1052,122843,3413,0.008332277277911545,0.7643896976483763
8099,0.8099,9,3,9,675395,1049,122852,3404,0.008308516030921302,0.7644284751852684
8100,0.81,5,1,5,675396,1048,122857,3399,0.008300595615257889,0.764335507083427
8101,0.8101,5,0,5,675396,1048,122862,3394,0.008300595615257889,0.7640702386312472
8102,0.8102,3,0,3,675396,1048,122865,3391,0.008300595615257889,0.7639107907186303
8103,0.8103,3,1,3,675397,1047,122868,3388,0.008292675199594474,0.7639233370913191
8104,0.8104,4,0,4,675397,1047,122872,3384,0.008292675199594474,0.7637102234258633
8105,0.8105,1,2,1,675399,1045,122873,3383,0.008276834368267646,0.7640018066847335
8106,0.8106,9,5,9,675404,1040,122882,3374,0.008237232289950576,0.7643860444041686
8107,0.8107,3,2,3,675406,1038,122885,3371,0.008221391458623748,0.764572465411658
8108,0.8108,4,2,4,675408,1036,122889,3367,0.00820555062729692,0.7647058823529411
8109,0.8109,2,1,2,675409,1035,122891,3365,0.008197630211633507,0.7647727272727273
8110,0.811,3,4,3,675413,1031,122894,3362,0.00816594854897985,0.7653084452538129
8111,0.8111,5,1,5,675414,1030,122899,3357,0.008158028133316437,0.7652154091634374
8112,0.8112,2,2,2,675416,1028,122901,3355,0.008142187301989609,0.7654574492356834
8113,0.8113,7,1,7,675417,1027,122908,3348,0.008134266886326194,0.7652571428571429
8114,0.8114,2,1,2,675418,1026,122910,3346,0.008126346470662781,0.7653247941445562
8115,0.8115,4,4,4,675422,1022,122914,3342,0.008094664808009125,0.7658111824014665
8116,0.8116,4,1,4,675423,1021,122918,3338,0.00808674439234571,0.7657719660472585
8117,0.8117,7,3,7,675426,1018,122925,3331,0.008062983145355468,0.7659232007358013
8118,0.8118,5,2,5,675428,1016,122930,3326,0.00804714231402864,0.7660064486411792
8119,0.8119,3,3,3,675431,1013,122933,3323,0.008023381067038399,0.7663745387453874
8120,0.812,2,1,2,675432,1012,122935,3321,0.008015460651374984,0.7664435725825064
8121,0.8121,1,1,1,675433,1011,122936,3320,0.00800754023571157,0.7665666127915031
8122,0.8122,4,2,4,675435,1009,122940,3316,0.007991699404384742,0.7667052023121387
8123,0.8123,1,3,1,675438,1006,122941,3315,0.0079679381573945,0.7671835223327933
8124,0.8124,8,2,8,675440,1004,122949,3307,0.007952097326067673,0.7671073996752493
8125,0.8125,5,1,5,675441,1003,122954,3302,0.007944176910404258,0.7670150987224158
8126,0.8126,6,3,6,675444,1000,122960,3296,0.007920415663414017,0.7672253258845437
8127,0.8127,3,3,3,675447,997,122963,3293,0.007896654416423773,0.7675990675990676
8128,0.8128,5,1,5,675448,996,122968,3288,0.00788873400076036,0.7675070028011205
8129,0.8129,3,0,3,675448,996,122971,3285,0.00788873400076036,0.767344078486335
8130,0.813,4,1,4,675449,995,122975,3281,0.007880813585096945,0.7673058933582788
8131,0.8131,8,3,8,675452,992,122983,3273,0.007857052338106704,0.7674091441969519
8132,0.8132,1,2,1,675454,990,122984,3272,0.007841211506779876,0.7677146879399342
8133,0.8133,5,1,5,675455,989,122989,3267,0.007833291091116463,0.7676221804511278
8134,0.8134,6,0,6,675455,989,122995,3261,0.007833291091116463,0.7672941176470588
8135,0.8135,2,2,2,675457,987,122997,3259,0.007817450259789634,0.7675459255770136
8136,0.8136,4,2,4,675459,985,123001,3255,0.007801609428462805,0.7676886792452831
8137,0.8137,2,1,2,675460,984,123003,3253,0.007793689012799392,0.7677602076941232
8138,0.8138,4,2,4,675462,982,123007,3249,0.007777848181472564,0.767903568896242
8139,0.8139,1,1,1,675463,981,123008,3248,0.00776992776580915,0.7680302672026483
8140,0.814,2,1,2,675464,980,123010,3246,0.007762007350145736,0.7681022243256034
8141,0.8141,4,1,4,675465,979,123014,3242,0.007754086934482322,0.7680644397062307
8142,0.8142,4,1,4,675466,978,123018,3238,0.007746166518818908,0.7680265654648957
8143,0.8143,7,0,7,675466,978,123025,3231,0.007746166518818908,0.7676407697790449
8144,0.8144,7,1,7,675467,977,123032,3224,0.0077382461031554935,0.7674363246845989
8145,0.8145,3,3,3,675470,974,123035,3221,0.007714484856165251,0.767818831942789
8146,0.8146,4,0,4,675470,974,123039,3217,0.007714484856165251,0.7675972321641613
8147,0.8147,7,3,7,675473,971,123046,3210,0.00769072360917501,0.7677589093518297
8148,0.8148,3,1,3,675474,970,123049,3207,0.007682803193511596,0.7677759157289921
8149,0.8149,1,0,1,675474,970,123050,3206,0.007682803193511596,0.76772030651341
8150,0.815,5,1,5,675475,969,123055,3201,0.007674882777848182,0.7676258992805756
8151,0.8151,8,0,8,675475,969,123063,3193,0.007674882777848182,0.7671792407496396
8152,0.8152,6,0,6,675475,969,123069,3187,0.007674882777848182,0.7668431183830606
8153,0.8153,5,1,5,675476,968,123074,3182,0.007666962362184768,0.7667469879518072
8154,0.8154,1,1,1,675477,967,123075,3181,0.007659041946521354,0.7668756027000965
8155,0.8155,7,1,7,675478,966,123082,3174,0.0076511215308579395,0.7666666666666667
8156,0.8156,7,1,7,675479,965,123089,3167,0.0076432011151945254,0.7664569215876089
8157,0.8157,8,4,8,675483,961,123097,3159,0.007611519452540869,0.766747572815534
8158,0.8158,7,0,7,675483,961,123104,3152,0.007611519452540869,0.7663505956722587
8159,0.8159,3,1,3,675484,960,123107,3149,0.007603599036877455,0.7663665125334631
8160,0.816,4,2,4,675486,958,123111,3145,0.007587758205550627,0.7665123080672679
8161,0.8161,6,5,6,675491,953,123117,3139,0.007548156127233557,0.7671065493646139
8162,0.8162,6,3,6,675494,950,123123,3133,0.007524394880243315,0.7673279451383787
8163,0.8163,4,1,4,675495,949,123127,3129,0.007516474464579901,0.7672878862187347
8164,0.8164,8,2,8,675497,947,123135,3121,0.007500633633253073,0.7672074729596854
8165,0.8165,7,1,7,675498,946,123142,3114,0.007492713217589659,0.7669950738916256
8166,0.8166,4,1,4,675499,945,123146,3110,0.007484792801926245,0.7669543773119606
8167,0.8167,2,0,2,675499,945,123148,3108,0.007484792801926245,0.7668393782383419
8168,0.8168,4,2,4,675501,943,123152,3104,0.007468951970599417,0.7669878922658759
8169,0.8169,5,1,5,675502,942,123157,3099,0.007461031554936003,0.7668893838158871
8170,0.817,6,1,6,675503,941,123163,3093,0.007453111139272589,0.7667327714427368
8171,0.8171,4,1,4,675504,940,123167,3089,0.007445190723609175,0.7666914867212707
8172,0.8172,6,2,6,675506,938,123173,3083,0.007429349892282347,0.7667246953494156
8173,0.8173,1,3,1,675509,935,123174,3082,0.007405588645292105,0.7672392332586507
8174,0.8174,4,1,4,675510,934,123178,3078,0.007397668229628691,0.767198404785643
8175,0.8175,6,1,6,675511,933,123184,3072,0.007389747813965277,0.7670411985018727
8176,0.8176,5,2,5,675513,931,123189,3067,0.007373906982638449,0.7671335667833917
8177,0.8177,5,2,5,675515,929,123194,3062,0.007358066151311621,0.7672262590829366
8178,0.8178,5,3,5,675518,926,123199,3057,0.007334304904321379,0.7675119256841577
8179,0.8179,5,0,5,675518,926,123204,3052,0.007334304904321379,0.767219708396179
8180,0.818,3,1,3,675519,925,123207,3049,0.007326384488657965,0.7672370407649723
8181,0.8181,4,1,4,675520,924,123211,3045,0.007318464072994551,0.7671957671957672
8182,0.8182,6,3,6,675523,921,123217,3039,0.0072947028260043085,0.7674242424242425
8183,0.8183,3,2,3,675525,919,123220,3036,0.00727886199467748,0.7676359039190898
8184,0.8184,5,1,5,675526,918,123225,3031,0.007270941579014066,0.7675360850848316
8185,0.8185,4,1,4,675527,917,123229,3027,0.007263021163350653,0.7674949290060852
8186,0.8186,3,1,3,675528,916,123232,3024,0.007255100747687239,0.76751269035533
8187,0.8187,0,1,0,675529,915,123232,3024,0.007247180332023825,0.7677075399847677
8188,0.8188,4,3,4,675532,912,123236,3020,0.007223419085033583,0.768056968463886
8189,0.8189,4,1,4,675533,911,123240,3016,0.0072154986693701685,0.7680162974280621
8190,0.819,5,4,5,675537,907,123245,3011,0.007183817006716512,0.768504338948443
8191,0.8191,5,2,5,675539,905,123250,3006,0.007167976175389684,0.7686013807210432
8192,0.8192,3,1,3,675540,904,123253,3003,0.007160055759726271,0.7686204248784233
8193,0.8193,8,2,8,675542,902,123261,2995,0.007144214928399443,0.7685399024890942
8194,0.8194,4,1,4,675543,901,123265,2991,0.007136294512736029,0.7684994861253854
8195,0.8195,8,3,8,675546,898,123273,2983,0.007112533265745786,0.7686163359958773
8196,0.8196,7,1,7,675547,897,123280,2976,0.007104612850082372,0.7683965917893106
8197,0.8197,4,2,4,675549,895,123284,2972,0.007088772018755544,0.7685544349625032
8198,0.8198,8,0,8,675549,895,123292,2964,0.007088772018755544,0.7680746307333506
8199,0.8199,1,1,1,675550,894,123293,2963,0.00708085160309213,0.7682136375421312
8200,0.82,3,0,3,675550,894,123296,2960,0.00708085160309213,0.768033212247016
8201,0.8201,4,3,4,675553,891,123300,2956,0.007057090356101888,0.7683909539901221
8202,0.8202,0,2,0,675555,889,123300,2956,0.0070412495247750605,0.7687906371911574
8203,0.8203,4,2,4,675557,887,123304,2952,0.007025408693448232,0.7689502474602761
8204,0.8204,5,3,5,675560,884,123309,2947,0.00700164744645799,0.7692508483424694
8205,0.8205,2,2,2,675562,882,123311,2945,0.006985806615131162,0.7695322707081265
8206,0.8206,6,1,6,675563,881,123317,2939,0.006977886199467748,0.7693717277486911
8207,0.8207,5,1,5,675564,880,123322,2934,0.006969965783804334,0.7692711064499214
8208,0.8208,1,1,1,675565,879,123323,2933,0.00696204536814092,0.7694123819517313
8209,0.8209,2,2,2,675567,877,123325,2931,0.006946204536814092,0.7696953781512605
8210,0.821,7,2,7,675569,875,123332,2924,0.006930363705487264,0.7696762305869965
8211,0.8211,7,0,7,675569,875,123339,2917,0.006930363705487264,0.7692510548523207
8212,0.8212,2,1,2,675570,874,123341,2915,0.00692244328982385,0.7693322776458168
8213,0.8213,2,3,2,675573,871,123343,2913,0.006898682042833608,0.7698202959830867
8214,0.8214,4,0,4,675573,871,123347,2909,0.006898682042833608,0.7695767195767196
8215,0.8215,6,2,6,675575,869,123353,2903,0.00688284121150678,0.7696182396606575
8216,0.8216,5,0,5,675575,869,123358,2898,0.00688284121150678,0.7693124502256438
8217,0.8217,4,3,4,675578,866,123362,2894,0.0068590799645165375,0.7696808510638298
8218,0.8218,4,1,4,675579,865,123366,2890,0.0068511595488531234,0.7696404793608522
8219,0.8219,6,1,6,675580,864,123372,2884,0.00684323913318971,0.7694770544290288
8220,0.822,4,2,4,675582,862,123376,2880,0.006827398301862882,0.7696419027258151
8221,0.8221,5,3,5,675585,859,123381,2875,0.00680363705487264,0.7699517943224424
8222,0.8222,3,2,3,675587,857,123384,2872,0.006787796223545812,0.7701796728345401
8223,0.8223,8,2,8,675589,855,123392,2864,0.0067719553922189835,0.7700994891099758
8224,0.8224,0,2,0,675591,853,123392,2864,0.006756114560892155,0.770513855259618
8225,0.8225,2,0,2,675591,853,123394,2862,0.006756114560892155,0.7703903095558546
8226,0.8226,4,1,4,675592,852,123398,2858,0.006748194145228741,0.7703504043126684
8227,0.8227,3,1,3,675593,851,123401,2855,0.006740273729565327,0.7703723691311387
8228,0.8228,8,2,8,675595,849,123409,2847,0.0067244328982385,0.7702922077922078
8229,0.8229,3,3,3,675598,846,123412,2844,0.006700671651248258,0.7707317073170732
8230,0.823,6,3,6,675601,843,123418,2838,0.006676910404258015,0.7709861450692747
8231,0.8231,4,4,4,675605,839,123422,2834,0.006645228741604359,0.7715763680914783
8232,0.8232,4,2,4,675607,837,123426,2830,0.006629387910277532,0.7717480229070085
8233,0.8233,9,2,9,675609,835,123435,2821,0.006613547078950704,0.7716083150984683
8234,0.8234,5,0,5,675609,835,123440,2816,0.006613547078950704,0.7712955354697343
8235,0.8235,3,1,3,675610,834,123443,2813,0.0066056266632872895,0.7713188922401975
8236,0.8236,6,3,6,675613,831,123449,2807,0.006581865416297047,0.7715777899945024
8237,0.8237,7,2,7,675615,829,123456,2800,0.006566024584970219,0.7715624138881234
8238,0.8238,1,3,1,675618,826,123457,2799,0.006542263337979977,0.7721379310344828
8239,0.8239,3,1,3,675619,825,123460,2796,0.006534342922316563,0.772162386081193
8240,0.824,2,0,2,675619,825,123462,2794,0.006534342922316563,0.7720364741641338
8241,0.8241,6,6,6,675625,819,123468,2788,0.006486820428336079,0.7729415026337677
8242,0.8242,5,1,5,675626,818,123473,2783,0.006478900012672665,0.7728408775340183
8243,0.8243,5,1,5,675627,817,123478,2778,0.006470979597009251,0.7727399165507649
8244,0.8244,3,1,3,675628,816,123481,2775,0.006463059181345837,0.772765246449457
8245,0.8245,4,1,4,675629,815,123485,2771,0.006455138765682423,0.7727272727272727
8246,0.8246,4,0,4,675629,815,123489,2767,0.006455138765682423,0.7724734785036292
8247,0.8247,7,2,7,675631,813,123496,2760,0.006439297934355595,0.7724601175482787
8248,0.8248,1,0,1,675631,813,123497,2759,0.006439297934355595,0.7723964165733482
8249,0.8249,2,2,2,675633,811,123499,2757,0.0064234571030287665,0.7727017937219731
8250,0.825,5,1,5,675634,810,123504,2752,0.006415536687365353,0.772599663110612
8251,0.8251,5,3,5,675637,807,123509,2747,0.006391775440375111,0.772931907709623
8252,0.8252,8,2,8,675639,805,123517,2739,0.006375934609048283,0.7728555304740407
8253,0.8253,1,8,1,675647,797,123518,2738,0.006312571283740971,0.7745403111739746
8254,0.8254,2,1,2,675648,796,123520,2736,0.006304650868077557,0.7746319365798414
8255,0.8255,0,2,0,675650,794,123520,2736,0.006288810036750729,0.775070821529745
8256,0.8256,10,0,10,675650,794,123530,2726,0.006288810036750729,0.7744318181818182
8257,0.8257,4,1,4,675651,793,123534,2722,0.006280889621087315,0.7743954480796587
8258,0.8258,2,1,2,675652,792,123536,2720,0.006272969205423901,0.7744874715261959
8259,0.8259,3,4,3,675656,788,123539,2717,0.006241287542770244,0.7751783166904422
8260,0.826,6,0,6,675656,788,123545,2711,0.006241287542770244,0.7747927979422692
8261,0.8261,8,1,8,675657,787,123553,2703,0.00623336712710683,0.7744985673352436
8262,0.8262,4,1,4,675658,786,123557,2699,0.006225446711443416,0.7744619799139167
8263,0.8263,6,4,6,675662,782,123563,2693,0.006193765048789761,0.7749640287769785
8264,0.8264,7,0,7,675662,782,123570,2686,0.006193765048789761,0.7745098039215687
8265,0.8265,4,2,4,675664,780,123574,2682,0.006177924217462933,0.7746967071057193
8266,0.8266,1,3,1,675667,777,123575,2681,0.00615416297047269,0.7753036437246964
8267,0.8267,2,2,2,675669,775,123577,2679,0.006138322139145862,0.7756224667052692
8268,0.8268,6,1,6,675670,774,123583,2673,0.006130401723482448,0.7754569190600522
8269,0.8269,8,0,8,675670,774,123591,2665,0.006130401723482448,0.774934574004071
8270,0.827,4,2,4,675672,772,123595,2661,0.00611456089215562,0.7751237984270317
8271,0.8271,6,1,6,675673,771,123601,2655,0.006106640476492206,0.7749562171628721
8272,0.8272,4,2,4,675675,769,123605,2651,0.006090799645165379,0.7751461988304094
8273,0.8273,3,2,3,675677,767,123608,2648,0.0060749588138385505,0.775402635431918
8274,0.8274,5,3,5,675680,764,123613,2643,0.006051197566848308,0.7757557968887584
8275,0.8275,8,6,8,675686,758,123621,2635,0.006003675072867824,0.7765988800471559
8276,0.8276,5,2,5,675688,756,123626,2630,0.0059878342415409964,0.7767277023036031
8277,0.8277,5,0,5,675688,756,123631,2625,0.0059878342415409964,0.7763975155279503
8278,0.8278,7,0,7,675688,756,123638,2618,0.0059878342415409964,0.7759336099585062
8279,0.8279,5,1,5,675689,755,123643,2613,0.005979913825877582,0.7758313539192399
8280,0.828,5,3,5,675692,752,123648,2608,0.00595615257888734,0.7761904761904762
8281,0.8281,6,1,6,675693,751,123654,2602,0.005948232163223926,0.7760214733074858
8282,0.8282,2,3,2,675696,748,123656,2600,0.005924470916233684,0.7765830346475507
8283,0.8283,4,1,4,675697,747,123660,2596,0.00591655050057027,0.7765480107687706
8284,0.8284,3,0,3,675697,747,123663,2593,0.00591655050057027,0.7763473053892216
8285,0.8285,3,3,3,675700,744,123666,2590,0.0058927892535800275,0.7768446310737852
8286,0.8286,3,1,3,675701,743,123669,2587,0.005884868837916614,0.7768768768768769
8287,0.8287,4,1,4,675702,742,123673,2583,0.0058769484222532,0.7768421052631579
8288,0.8288,7,2,7,675704,740,123680,2576,0.005861107590926372,0.7768395657418576
8289,0.8289,4,2,4,675706,738,123684,2572,0.005845266759599544,0.7770392749244713
8290,0.829,2,4,2,675710,734,123686,2570,0.0058135850969458875,0.7778450363196125
8291,0.8291,3,1,3,675711,733,123689,2567,0.0058056646812824735,0.7778787878787878
8292,0.8293,4,0,4,675711,733,123693,2563,0.0058056646812824735,0.7776092233009708
8293,0.8294,2,2,2,675713,731,123695,2561,0.005789823849955645,0.7779465370595383
8294,0.8295,4,1,4,675714,730,123699,2557,0.005781903434292232,0.7779129905689078
8295,0.8296,4,0,4,675714,730,123703,2553,0.005781903434292232,0.7776424002436796
8296,0.8297,2,0,2,675714,730,123705,2551,0.005781903434292232,0.7775068576653459
8297,0.8298,2,3,2,675717,727,123707,2549,0.00575814218730199,0.7780830280830281
8298,0.8299,3,2,3,675719,725,123710,2546,0.005742301355975162,0.7783552430449404
8299,0.83,4,3,4,675722,722,123714,2542,0.0057185401089849194,0.7787990196078431
8300,0.8301,4,1,4,675723,721,123718,2538,0.005710619693321505,0.7787664927891992
8301,0.8302,3,1,3,675724,720,123721,2535,0.005702699277658091,0.7788018433179723
8302,0.8303,5,3,5,675727,717,123726,2530,0.005678938030667849,0.7791807822605482
8303,0.8304,8,0,8,675727,717,123734,2522,0.005678938030667849,0.7786353812905218
8304,0.8305,2,0,2,675727,717,123736,2520,0.005678938030667849,0.7784986098239111
8305,0.8306,4,0,4,675727,717,123740,2516,0.005678938030667849,0.7782245592329106
8306,0.8307,4,1,4,675728,716,123744,2512,0.005671017615004436,0.7781908302354399
8307,0.8308,5,4,5,675732,712,123749,2507,0.0056393359523507795,0.7788132960546754
8308,0.8309,3,1,3,675733,711,123752,2504,0.005631415536687365,0.7788491446345257
8309,0.831,5,0,5,675733,711,123757,2499,0.005631415536687365,0.7785046728971963
8310,0.8311,3,1,3,675734,710,123760,2496,0.005623495121023951,0.7785402370555209
8311,0.8312,5,1,5,675735,709,123765,2491,0.005615574705360537,0.7784375
8312,0.8313,6,1,6,675736,708,123771,2485,0.005607654289697123,0.7782649545881616
8313,0.8314,4,3,4,675739,705,123775,2481,0.005583893042706881,0.7787193973634652
8314,0.8315,4,1,4,675740,704,123779,2477,0.005575972627043467,0.7786859478151524
8315,0.8316,8,0,8,675740,704,123787,2469,0.005575972627043467,0.7781279546170816
8316,0.8317,6,1,6,675741,703,123793,2463,0.005568052211380054,0.7779532533164877
8317,0.8318,3,3,3,675744,700,123796,2460,0.005544290964389811,0.7784810126582279
8318,0.8319,0,2,0,675746,698,123796,2460,0.005528450133062983,0.77897403419886
8319,0.832,5,0,5,675746,698,123801,2455,0.005528450133062983,0.7786235331430383
8320,0.8321,8,2,8,675748,696,123809,2447,0.005512609301736155,0.7785555202036271
8321,0.8322,6,1,6,675749,695,123815,2441,0.005504688886072741,0.7783801020408163
8322,0.8323,2,1,2,675750,694,123817,2439,0.005496768470409327,0.7784870730928822
8323,0.8324,3,1,3,675751,693,123820,2436,0.005488848054745913,0.7785234899328859
8324,0.8325,3,0,3,675751,693,123823,2433,0.005488848054745913,0.7783109404990403
8325,0.8326,1,0,1,675751,693,123824,2432,0.005488848054745913,0.77824
8326,0.8327,8,1,8,675752,692,123832,2424,0.005480927639082499,0.7779204107830552
8327,0.8328,5,2,5,675754,690,123837,2419,0.005465086807755671,0.7780636860726922
8328,0.8329,4,2,4,675756,688,123841,2415,0.005449245976428843,0.7782790847566871
8329,0.833,2,0,2,675756,688,123843,2413,0.005449245976428843,0.7781360851338278
8330,0.8331,3,1,3,675757,687,123846,2410,0.005441325560765429,0.7781724249273491
8331,0.8332,6,1,6,675758,686,123852,2404,0.005433405145102015,0.7779935275080906
8332,0.8333,5,5,5,675763,681,123857,2399,0.005393803066784945,0.7788961038961039
8333,0.8334,3,3,3,675766,678,123860,2396,0.0053700418197947025,0.7794404684450228
8334,0.8335,2,0,2,675766,678,123862,2394,0.0053700418197947025,0.779296875
8335,0.8336,5,0,5,675766,678,123867,2389,0.0053700418197947025,0.778937072057385
8336,0.8337,3,0,3,675766,678,123870,2386,0.0053700418197947025,0.7787206266318538
8337,0.8338,4,2,4,675768,676,123874,2382,0.005354200988467875,0.7789404839764552
8338,0.8339,5,1,5,675769,675,123879,2377,0.005346280572804461,0.7788335517693316
8339,0.834,6,1,6,675770,674,123885,2371,0.005338360157141047,0.7786535303776683
8340,0.8341,7,3,7,675773,671,123892,2364,0.005314598910150805,0.7789126853377265
8341,0.8342,3,3,3,675776,668,123895,2361,0.0052908376631605625,0.7794651700231099
8342,0.8343,1,1,1,675777,667,123896,2360,0.0052829172474971485,0.7796498183019491
8343,0.8344,3,0,3,675777,667,123899,2357,0.0052829172474971485,0.779431216931217
8344,0.8345,2,0,2,675777,667,123901,2355,0.0052829172474971485,0.7792852415618795
8345,0.8346,4,0,4,675777,667,123905,2351,0.0052829172474971485,0.7789927104042412
8346,0.8348,2,0,2,675777,667,123907,2349,0.0052829172474971485,0.7788461538461539
8347,0.8349,4,2,4,675779,665,123911,2345,0.00526707641617032,0.7790697674418605
8348,0.835,5,2,5,675781,663,123916,2340,0.005251235584843493,0.7792207792207793
8349,0.8351,7,1,7,675782,662,123923,2333,0.005243315169180079,0.7789649415692821
8350,0.8352,3,2,3,675784,660,123926,2330,0.005227474337853251,0.7792642140468228
8351,0.8354,5,0,5,675784,660,123931,2325,0.005227474337853251,0.7788944723618091
8352,0.8355,4,0,4,675784,660,123935,2321,0.005227474337853251,0.7785977859778598
8353,0.8356,9,2,9,675786,658,123944,2312,0.005211633506526423,0.7784511784511785
8354,0.8357,3,0,3,675786,658,123947,2309,0.005211633506526423,0.778227165487024
8355,0.8358,4,1,4,675787,657,123951,2305,0.0052037130908630085,0.7781904118838623
8356,0.8359,4,0,4,675787,657,123955,2301,0.0052037130908630085,0.7778904665314401
8357,0.836,5,3,5,675790,654,123960,2296,0.005179951843872766,0.7783050847457628
8358,0.8361,3,1,3,675791,653,123963,2293,0.005172031428209352,0.7783435166327224
8359,0.8362,6,2,6,675793,651,123969,2287,0.005156190596882524,0.7784206943498979
8360,0.8363,2,2,2,675795,649,123971,2285,0.005140349765555697,0.7788002726653034
8361,0.8364,5,0,5,675795,649,123976,2280,0.005140349765555697,0.7784226698531922
8362,0.8365,7,1,7,675796,648,123983,2273,0.005132429349892283,0.7781581650119822
8363,0.8366,5,0,5,675796,648,123988,2268,0.005132429349892283,0.7777777777777778
8364,0.8367,3,1,3,675797,647,123991,2265,0.005124508934228869,0.7778159340659341
8365,0.8368,5,0,5,675797,647,123996,2260,0.005124508934228869,0.7774337805297558
8366,0.8369,1,2,1,675799,645,123997,2259,0.00510866810290204,0.7778925619834711
8367,0.837,1,2,1,675801,643,123998,2258,0.005092827271575212,0.7783522923129955
8368,0.8371,3,2,3,675803,641,124001,2255,0.005076986440248384,0.7786602209944752
8369,0.8372,2,0,2,675803,641,124003,2253,0.005076986440248384,0.7785072563925363
8370,0.8373,4,0,4,675803,641,124007,2249,0.005076986440248384,0.7782006920415225
8371,0.8374,4,1,4,675804,640,124011,2245,0.00506906602458497,0.7781629116117851
8372,0.8375,6,1,6,675805,639,124017,2239,0.005061145608921556,0.7779708130646282
8373,0.8376,3,1,3,675806,638,124020,2236,0.005053225193258142,0.7780097425191371
8374,0.8377,1,3,1,675809,635,124021,2235,0.0050294639462679005,0.7787456445993032
8375,0.8379,3,3,3,675812,632,124024,2232,0.005005702699277658,0.7793296089385475
8376,0.838,6,0,6,675812,632,124030,2226,0.005005702699277658,0.7788663400979706
8377,0.8381,4,0,4,675812,632,124034,2222,0.005005702699277658,0.7785564120532585
8378,0.8382,4,1,4,675813,631,124038,2218,0.004997782283614244,0.7785187785187785
8379,0.8383,6,4,6,675817,627,124044,2212,0.004966100620960588,0.779147587178584
8380,0.8384,5,0,5,675817,627,124049,2207,0.004966100620960588,0.778757939308398
8381,0.8385,5,1,5,675818,626,124054,2202,0.004958180205297174,0.7786421499292786
8382,0.8386,5,0,5,675818,626,124059,2197,0.004958180205297174,0.7782500885582714
8383,0.8387,6,0,6,675818,626,124065,2191,0.004958180205297174,0.7777777777777778
8384,0.8388,3,3,3,675821,623,124068,2188,0.0049344189583069315,0.7783706865884027
8385,0.8389,6,1,6,675822,622,124074,2182,0.004926498542643518,0.7781740370898717
8386,0.839,2,1,2,675823,621,124076,2180,0.004918578126980104,0.7782934666190646
8387,0.8391,3,2,3,675825,619,124079,2177,0.004902737295653276,0.7786123032904149
8388,0.8392,7,1,7,675826,618,124086,2170,0.004894816879989862,0.7783357245337159
8389,0.8393,4,1,4,675827,617,124090,2166,0.004886896464326448,0.7782968020122171
8390,0.8394,0,3,0,675830,614,124090,2166,0.004863135217336206,0.779136690647482
8391,0.8395,8,1,8,675831,613,124098,2158,0.004855214801672792,0.7787802237459401
8392,0.8396,2,1,2,675832,612,124100,2156,0.0048472943860093775,0.7789017341040463
8393,0.8397,4,0,4,675832,612,124104,2152,0.0048472943860093775,0.7785817655571635
8394,0.8398,3,1,3,675833,611,124107,2149,0.004839373970345963,0.7786231884057971
8395,0.8399,4,3,4,675836,608,124111,2145,0.004815612723355722,0.7791500181620051
8396,0.84,2,0,2,675836,608,124113,2143,0.004815612723355722,0.7789894583787713
8397,0.8401,3,0,3,675836,608,124116,2140,0.004815612723355722,0.7787481804949054
8398,0.8402,3,2,3,675838,606,124119,2137,0.004799771892028894,0.7790740065621582
8399,0.8403,4,0,4,675838,606,124123,2133,0.004799771892028894,0.778751369112815
8400,0.8404,6,2,6,675840,604,124129,2127,0.004783931060702066,0.7788355913584768
8401,0.8405,1,0,1,675840,604,124130,2126,0.004783931060702066,0.7787545787545788
8402,0.8406,6,3,6,675843,601,124136,2120,0.0047601698137118235,0.7791253215729511
8403,0.8407,8,1,8,675844,600,124144,2112,0.004752249398048409,0.7787610619469026
8404,0.8408,6,0,6,675844,600,124150,2106,0.004752249398048409,0.7782705099778271
8405,0.8409,2,3,2,675847,597,124152,2104,0.004728488151058167,0.7789707515734913
8406,0.841,2,0,2,675847,597,124154,2102,0.004728488151058167,0.7788069655427936
8407,0.8411,0,1,0,675848,596,124154,2102,0.004720567735394754,0.7790956263899185
8408,0.8412,1,1,1,675849,595,124155,2101,0.00471264731973134,0.7793026706231454
8409,0.8413,4,2,4,675851,593,124159,2097,0.004696806488404512,0.7795539033457249
8410,0.8414,6,2,6,675853,591,124165,2091,0.0046809656570776835,0.7796420581655481
8411,0.8415,6,1,6,675854,590,124171,2085,0.0046730452414142695,0.7794392523364486
8412,0.8416,5,1,5,675855,589,124176,2080,0.004665124825750855,0.7793180966654177
8413,0.8417,3,1,3,675856,588,124179,2077,0.004657204410087441,0.7793621013133208
8414,0.8418,5,3,5,675859,585,124184,2072,0.004633443163097199,0.7798268724124953
8415,0.8419,2,3,2,675862,582,124186,2070,0.004609681916106958,0.7805429864253394
8416,0.842,5,3,5,675865,579,124191,2065,0.0045859206691167154,0.7810136157337367
8417,0.8421,0,2,0,675867,577,124191,2065,0.004570079837789887,0.7816048448145344
8418,0.8422,7,1,7,675868,576,124198,2058,0.004562159422126473,0.7813211845102506
8419,0.8423,3,2,3,675870,574,124201,2055,0.004546318590799645,0.7816660327120578
8420,0.8424,3,0,3,675870,574,124204,2052,0.004546318590799645,0.7814166031987814
8421,0.8425,2,0,2,675870,574,124206,2050,0.004546318590799645,0.78125
8422,0.8426,4,3,4,675873,571,124210,2046,0.004522557343809403,0.7818112342376767
8423,0.8427,7,2,7,675875,569,124217,2039,0.0045067165124825755,0.7818251533742331
8424,0.8428,0,2,0,675877,567,124217,2039,0.004490875681155747,0.7824251726784344
8425,0.8429,2,0,2,675877,567,124219,2037,0.004490875681155747,0.782258064516129
8426,0.843,4,0,4,675877,567,124223,2033,0.004490875681155747,0.7819230769230769
8427,0.8431,2,1,2,675878,566,124225,2031,0.004482955265492333,0.7820562187139006
8428,0.8432,1,2,1,675880,564,124226,2030,0.004467114434165505,0.7825751734772552
8429,0.8433,1,1,1,675881,563,124227,2029,0.004459194018502091,0.7827932098765432
8430,0.8434,3,1,3,675882,562,124230,2026,0.004451273602838677,0.7828438948995363
8431,0.8435,3,1,3,675883,561,124233,2023,0.004443353187175263,0.7828947368421053
8432,0.8436,4,0,4,675883,561,124237,2019,0.004443353187175263,0.7825581395348837
8433,0.8437,3,0,3,675883,561,124240,2016,0.004443353187175263,0.7823050058207218
8434,0.8438,1,0,1,675883,561,124241,2015,0.004443353187175263,0.78222049689441
8435,0.8439,1,0,1,675883,561,124242,2014,0.004443353187175263,0.7821359223300971
8436,0.844,1,0,1,675883,561,124243,2013,0.004443353187175263,0.782051282051282
8437,0.8441,1,1,1,675884,560,124244,2012,0.004435432771511849,0.7822706065318819
8438,0.8442,6,0,6,675884,560,124250,2006,0.004435432771511849,0.7817614964925955
8439,0.8443,3,0,3,675884,560,124253,2003,0.004435432771511849,0.7815060476004682
8440,0.8444,3,1,3,675885,559,124256,2000,0.004427512355848435,0.7815552950371238
8441,0.8445,5,0,5,675885,559,124261,1995,0.004427512355848435,0.7811276429130776
8442,0.8446,6,1,6,675886,558,124267,1989,0.004419591940185021,0.7809187279151943
8443,0.8447,2,1,2,675887,557,124269,1987,0.0044116715245216065,0.7810534591194969
8444,0.8448,1,2,1,675889,555,124270,1986,0.004395830693194779,0.781582054309327
8445,0.8449,2,3,2,675892,552,124272,1984,0.004372069446204537,0.7823343848580442
8446,0.845,3,3,3,675895,549,124275,1981,0.004348308199214295,0.78300395256917
8447,0.8451,2,0,2,675895,549,124277,1979,0.004348308199214295,0.7828322784810127
8448,0.8452,4,0,4,675895,549,124281,1975,0.004348308199214295,0.7824881141045958
8449,0.8453,6,0,6,675895,549,124287,1969,0.004348308199214295,0.7819698173153297
8450,0.8454,3,0,3,675895,549,124290,1966,0.004348308199214295,0.7817097415506958
8451,0.8455,1,0,1,675895,549,124291,1965,0.004348308199214295,0.7816229116945107
8452,0.8456,2,1,2,675896,548,124293,1963,0.004340387783550881,0.7817602548785344
8453,0.8457,6,1,6,675897,547,124299,1957,0.004332467367887467,0.7815495207667732
8454,0.8458,5,2,5,675899,545,124304,1952,0.004316626536560638,0.7817380857028434
8455,0.8459,4,1,4,675900,544,124308,1948,0.004308706120897224,0.7817014446227929
8456,0.846,6,1,6,675901,543,124314,1942,0.00430078570523381,0.7814889336016096
8457,0.8461,2,1,2,675902,542,124316,1940,0.004292865289570397,0.7816277195809831
8458,0.8462,1,1,1,675903,541,124317,1939,0.004284944873906983,0.7818548387096774
8459,0.8463,1,2,1,675905,539,124318,1938,0.004269104042580155,0.7823980621719823
8460,0.8464,0,1,0,675906,538,124318,1938,0.004261183626916741,0.7827140549273021
8461,0.8465,6,2,6,675908,536,124324,1932,0.0042453427955899126,0.7828200972447326
8462,0.8466,3,1,3,675909,535,124327,1929,0.0042374223799264985,0.7828733766233766
8463,0.8467,3,0,3,675909,535,124330,1926,0.0042374223799264985,0.782608695652174
8464,0.8468,5,0,5,675909,535,124335,1921,0.0042374223799264985,0.7821661237785016
8465,0.8469,3,1,3,675910,534,124338,1918,0.004229501964263084,0.7822185970636215
8466,0.847,2,2,2,675912,532,124340,1916,0.004213661132936256,0.7826797385620915
8467,0.8471,2,2,2,675914,530,124342,1914,0.004197820301609428,0.7831423895253683
8468,0.8472,5,0,5,675914,530,124347,1909,0.004197820301609428,0.7826978269782697
8469,0.8473,5,1,5,675915,529,124352,1904,0.004189899885946015,0.7825729551993423
8470,0.8474,1,0,1,675915,529,124353,1903,0.004189899885946015,0.782483552631579
8471,0.8475,2,3,2,675918,526,124355,1901,0.004166138638955773,0.7832715286361763
8472,0.8476,2,0,2,675918,526,124357,1899,0.004166138638955773,0.7830927835051547
8473,0.8477,5,1,5,675919,525,124362,1894,0.0041582182232923585,0.7829681686647375
8474,0.8478,4,4,4,675923,521,124366,1890,0.004126536560638702,0.7839070924927416
8475,0.8479,6,0,6,675923,521,124372,1884,0.004126536560638702,0.7833679833679834
8476,0.848,5,0,5,675923,521,124377,1879,0.004126536560638702,0.7829166666666667
8477,0.8481,1,1,1,675924,520,124378,1878,0.004118616144975288,0.7831526271893244
8478,0.8482,5,0,5,675924,520,124383,1873,0.004118616144975288,0.7826995403259507
8479,0.8483,3,0,3,675924,520,124386,1870,0.004118616144975288,0.7824267782426778
8480,0.8484,3,3,3,675927,517,124389,1867,0.004094854897985046,0.7831375838926175
8481,0.8485,5,1,5,675928,516,124394,1862,0.004086934482321632,0.7830109335576114
8482,0.8486,3,0,3,675928,516,124397,1859,0.004086934482321632,0.7827368421052632
8483,0.8487,3,0,3,675928,516,124400,1856,0.004086934482321632,0.7824620573355818
8484,0.8488,3,2,3,675930,514,124403,1853,0.0040710936509948045,0.7828474862695395
8485,0.8489,4,0,4,675930,514,124407,1849,0.0040710936509948045,0.7824798984341939
8486,0.849,3,0,3,675930,514,124410,1846,0.0040710936509948045,0.7822033898305085
8487,0.8491,8,2,8,675932,512,124418,1838,0.004055252819667976,0.7821276595744681
8488,0.8492,3,2,3,675934,510,124421,1835,0.004039411988341148,0.7825159914712153
8489,0.8493,2,1,2,675935,509,124423,1833,0.004031491572677734,0.78266438941076
8490,0.8494,0,2,0,675937,507,124423,1833,0.004015650741350906,0.7833333333333333
8491,0.8495,3,2,3,675939,505,124426,1830,0.003999809910024078,0.7837259100642399
8492,0.8496,4,0,4,675939,505,124430,1826,0.003999809910024078,0.7833547833547834
8493,0.8497,3,0,3,675939,505,124433,1823,0.003999809910024078,0.7830756013745704
8494,0.8498,1,0,1,675939,505,124434,1822,0.003999809910024078,0.7829823807477438
8495,0.8499,2,3,2,675942,502,124436,1820,0.003976048663033836,0.7838070628768303
8496,0.85,8,1,8,675943,501,124444,1812,0.003968128247370422,0.7833981841763943
8497,0.8501,4,1,4,675944,500,124448,1808,0.003960207831707008,0.7833622183708839
8498,0.8502,3,0,3,675944,500,124451,1805,0.003960207831707008,0.7830802603036876
8499,0.8503,4,0,4,675944,500,124455,1801,0.003960207831707008,0.782703172533681
8500,0.8504,4,1,4,675945,499,124459,1797,0.003952287416043594,0.7826655052264808
8501,0.8505,7,0,7,675945,499,124466,1790,0.003952287416043594,0.782000873743993
8502,0.8506,3,2,3,675947,497,124469,1787,0.003936446584716766,0.782399299474606
8503,0.8507,4,0,4,675947,497,124473,1783,0.003936446584716766,0.7820175438596492
8504,0.8508,4,0,4,675947,497,124477,1779,0.003936446584716766,0.781634446397188
8505,0.8509,3,0,3,675947,497,124480,1776,0.003936446584716766,0.7813462384513858
8506,0.851,4,2,4,675949,495,124484,1772,0.003920605753389938,0.7816497573886193
8507,0.8511,4,0,4,675949,495,124488,1768,0.003920605753389938,0.7812638091029607
8508,0.8512,7,1,7,675950,494,124495,1761,0.003912685337726524,0.7809312638580931
8509,0.8513,7,0,7,675950,494,124502,1754,0.003912685337726524,0.7802491103202847
8510,0.8514,4,0,4,675950,494,124506,1750,0.003912685337726524,0.7798573975044564
8511,0.8515,3,0,3,675950,494,124509,1747,0.003912685337726524,0.7795626952253458
8512,0.8516,4,3,4,675953,491,124513,1743,0.003888924090736282,0.7802148612354521
8513,0.8517,3,3,3,675956,488,124516,1740,0.0038651628437460397,0.7809694793536804
8514,0.8518,4,0,4,675956,488,124520,1736,0.0038651628437460397,0.7805755395683454
8515,0.8519,1,0,1,675956,488,124521,1735,0.0038651628437460397,0.7804768331084121
8516,0.852,5,2,5,675958,486,124526,1730,0.0038493220124192116,0.7806859205776173
8517,0.8521,2,0,2,675958,486,124528,1728,0.0038493220124192116,0.7804878048780488
8518,0.8522,2,0,2,675958,486,124530,1726,0.0038493220124192116,0.7802893309222423
8519,0.8523,7,0,7,675958,486,124537,1719,0.0038493220124192116,0.7795918367346939
8520,0.8524,1,3,1,675961,483,124538,1718,0.0038255607654289698,0.7805542935029532
8521,0.8525,5,1,5,675962,482,124543,1713,0.0038176403497655557,0.7804100227790433
8522,0.8526,5,0,5,675962,482,124548,1708,0.0038176403497655557,0.7799086757990867
8523,0.8527,1,2,1,675964,480,124549,1707,0.0038017995184387275,0.7805212620027435
8524,0.8528,3,2,3,675966,478,124552,1704,0.0037859586871119,0.7809349220898258
8525,0.8529,4,2,4,675968,476,124556,1700,0.0037701178557850716,0.78125
8526,0.853,2,0,2,675968,476,124558,1698,0.0037701178557850716,0.781048758049678
8527,0.8531,5,2,5,675970,474,124563,1693,0.0037542770244582435,0.7812644208583295
8528,0.8532,6,1,6,675971,473,124569,1687,0.0037463566087948294,0.7810185185185186
8529,0.8533,3,1,3,675972,472,124572,1684,0.0037384361931314157,0.7810760667903525
8530,0.8534,5,1,5,675973,471,124577,1679,0.0037305157774680017,0.7809302325581395
8531,0.8535,2,2,2,675975,469,124579,1677,0.0037146749461411735,0.7814538676607642
8532,0.8536,5,2,5,675977,467,124584,1672,0.0036988341148143453,0.7816736792893876
8533,0.8537,4,1,4,675978,466,124588,1668,0.0036909136991509313,0.781630740393627
8534,0.8538,2,0,2,675978,466,124590,1666,0.0036909136991509313,0.7814258911819888
8535,0.854,0,1,0,675979,465,124590,1666,0.0036829932834875176,0.7817925856405443
8536,0.8541,4,0,4,675979,465,124594,1662,0.0036829932834875176,0.7813822284908322
8537,0.8542,4,0,4,675979,465,124598,1658,0.0036829932834875176,0.7809703250117758
8538,0.8543,4,2,4,675981,463,124602,1654,0.0036671524521606894,0.781294284364667
8539,0.8544,2,1,2,675982,462,124604,1652,0.0036592320364972754,0.7814569536423841
8540,0.8545,0,3,0,675985,459,124604,1652,0.003635470789507033,0.7825675035528186
8541,0.8546,5,0,5,675985,459,124609,1647,0.003635470789507033,0.782051282051282
8542,0.8547,6,1,6,675986,458,124615,1641,0.0036275503738436195,0.7818008575512149
8543,0.8548,4,0,4,675986,458,124619,1637,0.0036275503738436195,0.7813842482100238
8544,0.8549,5,1,5,675987,457,124624,1632,0.0036196299581802054,0.781235040689325
8545,0.855,1,1,1,675988,456,124625,1631,0.0036117095425167913,0.7815045519885002
8546,0.8551,1,3,1,675991,453,124626,1630,0.003587948295526549,0.7825252040326452
8547,0.8552,5,0,5,675991,453,124631,1625,0.003587948295526549,0.7820019249278152
8548,0.8553,2,2,2,675993,451,124633,1623,0.0035721074641997213,0.7825458052073289
8549,0.8554,0,1,0,675994,450,124633,1623,0.0035641870485363073,0.7829232995658466
8550,0.8555,5,2,5,675996,448,124638,1618,0.003548346217209479,0.7831558567279767
8551,0.8556,6,0,6,675996,448,124644,1612,0.003548346217209479,0.7825242718446602
8552,0.8557,4,0,4,675996,448,124648,1608,0.003548346217209479,0.7821011673151751
8553,0.8558,7,0,7,675996,448,124655,1601,0.003548346217209479,0.7813567593948267
8554,0.8559,1,0,1,675996,448,124656,1600,0.003548346217209479,0.78125
8555,0.856,2,3,2,675999,445,124658,1598,0.0035245849702192373,0.7821830641213902
8556,0.8561,4,0,4,675999,445,124662,1594,0.0035245849702192373,0.7817557626287396
8557,0.8562,5,0,5,675999,445,124667,1589,0.0035245849702192373,0.7812192723697149
8558,0.8563,4,1,4,676000,444,124671,1585,0.003516664554555823,0.7811729916214885
8559,0.8564,2,1,2,676001,443,124673,1583,0.003508744138892409,0.7813425468904245
8560,0.8565,6,0,6,676001,443,124679,1577,0.003508744138892409,0.7806930693069307
8561,0.8566,3,1,3,676002,442,124682,1574,0.003500823723228995,0.7807539682539683
8562,0.8567,6,0,6,676002,442,124688,1568,0.003500823723228995,0.7800995024875622
8563,0.8568,2,1,2,676003,441,124690,1566,0.003492903307565581,0.7802690582959642
8564,0.8569,2,1,2,676004,440,124692,1564,0.003484982891902167,0.780439121756487
8565,0.857,4,0,4,676004,440,124696,1560,0.003484982891902167,0.78
8566,0.8571,5,1,5,676005,439,124701,1555,0.003477062476238753,0.779839518555667
8567,0.8572,2,2,2,676007,437,124703,1553,0.003461221644911925,0.7804020100502512
8568,0.8573,4,0,4,676007,437,124707,1549,0.003461221644911925,0.7799597180261832
8569,0.8574,5,1,5,676008,436,124712,1544,0.003453301229248511,0.7797979797979798
8570,0.8575,2,2,2,676010,434,124714,1542,0.003437460397921683,0.7803643724696356
8571,0.8576,9,2,9,676012,432,124723,1533,0.003421619566594855,0.7801526717557252
8572,0.8577,5,2,5,676014,430,124728,1528,0.003405778735268027,0.780388151174668
8573,0.8578,4,0,4,676014,430,124732,1524,0.003405778735268027,0.7799385875127943
8574,0.8579,3,3,3,676017,427,124735,1521,0.0033820174882777847,0.7808008213552361
8575,0.858,4,2,4,676019,425,124739,1517,0.003366176656950957,0.7811534500514933
8576,0.8581,3,0,3,676019,425,124742,1514,0.003366176656950957,0.780814853017019
8577,0.8582,3,0,3,676019,425,124745,1511,0.003366176656950957,0.7804752066115702
8578,0.8583,2,2,2,676021,423,124747,1509,0.003350335825624129,0.781055900621118
8579,0.8584,2,1,2,676022,422,124749,1507,0.0033424154099607147,0.7812337998963194
8580,0.8585,1,3,1,676025,419,124750,1506,0.0033186541629704725,0.7823376623376623
8581,0.8586,2,0,2,676025,419,124752,1504,0.0033186541629704725,0.782111284451378
8582,0.8587,2,1,2,676026,418,124754,1502,0.003310733747307059,0.7822916666666667
8583,0.8588,5,3,5,676029,415,124759,1497,0.0032869725003168166,0.7829497907949791
8584,0.8589,4,1,4,676030,414,124763,1493,0.0032790520846534025,0.7829050865233351
8585,0.859,3,3,3,676033,411,124766,1490,0.0032552908376631607,0.7837980010520779
8586,0.8591,1,3,1,676036,408,124767,1489,0.0032315295906729185,0.7849235635213495
8587,0.8592,5,2,5,676038,406,124772,1484,0.0032156887593460903,0.7851851851851852
8588,0.8593,3,0,3,676038,406,124775,1481,0.0032156887593460903,0.7848436671966084
8589,0.8594,1,0,1,676038,406,124776,1480,0.0032156887593460903,0.7847295864262991
8590,0.8595,3,1,3,676039,405,124779,1477,0.0032077683436826767,0.7848034006376196
8591,0.8596,3,1,3,676040,404,124782,1474,0.0031998479280192626,0.784877529286475
8592,0.8597,2,0,2,676040,404,124784,1472,0.0031998479280192626,0.7846481876332623
8593,0.8598,6,2,6,676042,402,124790,1466,0.0031840070966924344,0.784796573875803
8594,0.8599,5,2,5,676044,400,124795,1461,0.0031681662653656063,0.7850617947340139
8595,0.86,3,0,3,676044,400,124798,1458,0.0031681662653656063,0.7847147470398278
8596,0.8601,1,1,1,676045,399,124799,1457,0.003160245849702192,0.7850215517241379
8597,0.8602,4,1,4,676046,398,124803,1453,0.0031523254340387785,0.7849810913019989
8598,0.8603,1,1,1,676047,397,124804,1452,0.0031444050183753645,0.785289345592212
8599,0.8604,3,0,3,676047,397,124807,1449,0.0031444050183753645,0.7849404117009751
8600,0.8605,1,0,1,676047,397,124808,1448,0.0031444050183753645,0.7848238482384824
8601,0.8606,3,1,3,676048,396,124811,1445,0.0031364846027119504,0.7848995111352526
8602,0.8607,7,1,7,676049,395,124818,1438,0.0031285641870485363,0.784506273867976
8603,0.8608,1,1,1,676050,394,124819,1437,0.003120643771385122,0.784817039868924
8604,0.8609,4,0,4,676050,394,124823,1433,0.003120643771385122,0.7843459222769568
8605,0.861,2,1,2,676051,393,124825,1431,0.003112723355721708,0.7845394736842105
8606,0.8611,4,2,4,676053,391,124829,1427,0.0030968825243948804,0.7849284928492849
8607,0.8612,3,0,3,676053,391,124832,1424,0.0030968825243948804,0.7845730027548209
8608,0.8613,3,0,3,676053,391,124835,1421,0.0030968825243948804,0.7842163355408388
8609,0.8614,4,1,4,676054,390,124839,1417,0.0030889621087314663,0.7841726618705036
8610,0.8615,1,1,1,676055,389,124840,1416,0.0030810416930680522,0.7844875346260388
8611,0.8616,4,2,4,676057,387,124844,1412,0.003065200861741224,0.7848804891606448
8612,0.8617,1,0,1,676057,387,124845,1411,0.003065200861741224,0.7847608453837598
8613,0.8618,5,1,5,676058,386,124850,1406,0.00305728044607781,0.7845982142857143
8614,0.8619,3,0,3,676058,386,124853,1403,0.00305728044607781,0.7842370039128005
8615,0.862,2,1,2,676059,385,124855,1401,0.0030493600304143964,0.7844344904815229
8616,0.8622,3,0,3,676059,385,124858,1398,0.0030493600304143964,0.7840717891194616
8617,0.8623,3,2,3,676061,383,124861,1395,0.003033519199087568,0.7845894263217098
8618,0.8624,3,2,3,676063,381,124864,1392,0.00301767836776074,0.7851099830795262
8619,0.8625,5,0,5,676063,381,124869,1387,0.00301767836776074,0.7845022624434389
8620,0.8626,8,2,8,676065,379,124877,1379,0.003001837536433912,0.7844141069397043
8621,0.8627,2,1,2,676066,378,124879,1377,0.0029939171207704982,0.7846153846153846
8622,0.8628,3,1,3,676067,377,124882,1374,0.002985996705107084,0.7846944603083952
8623,0.8629,3,1,3,676068,376,124885,1371,0.00297807628944367,0.7847738981110475
8624,0.863,2,1,2,676069,375,124887,1369,0.002970155873780256,0.7849770642201835
8625,0.8631,3,0,3,676069,375,124890,1366,0.002970155873780256,0.784606547960942
8626,0.8632,4,0,4,676069,375,124894,1362,0.002970155873780256,0.7841105354058722
8627,0.8633,2,2,2,676071,373,124896,1360,0.002954315042453428,0.7847663012117715
8628,0.8634,3,2,3,676073,371,124899,1357,0.0029384742111266,0.7853009259259259
8629,0.8635,4,0,4,676073,371,124903,1353,0.0029384742111266,0.7848027842227379
8630,0.8636,3,0,3,676073,371,124906,1350,0.0029384742111266,0.7844276583381755
8631,0.8637,1,1,1,676074,370,124907,1349,0.002930553795463186,0.7847585805700988
8632,0.8638,4,1,4,676075,369,124911,1345,0.002922633379799772,0.7847141190198367
8633,0.8639,4,0,4,676075,369,124915,1341,0.002922633379799772,0.7842105263157895
8634,0.864,1,1,1,676076,368,124916,1340,0.002914712964136358,0.7845433255269321
8635,0.8641,5,1,5,676077,367,124921,1335,0.0029067925484729438,0.7843713278495887
8636,0.8642,4,3,4,676080,364,124925,1331,0.002883031301482702,0.7852507374631268
8637,0.8643,1,2,1,676082,362,124926,1330,0.002867190470155874,0.7860520094562647
8638,0.8644,5,0,5,676082,362,124931,1325,0.002867190470155874,0.7854179016004742
8639,0.8645,4,1,4,676083,361,124935,1321,0.0028592700544924597,0.7853745541022592
8640,0.8646,5,1,5,676084,360,124940,1316,0.0028513496388290456,0.7852028639618138
8641,0.8647,1,3,1,676087,357,124941,1315,0.002827588391838804,0.7864832535885168
8642,0.8648,6,1,6,676088,356,124947,1309,0.0028196679761753897,0.7861861861861862
8643,0.8649,3,4,3,676092,352,124950,1306,0.0027879863135217334,0.7876960193003619
8644,0.865,3,0,3,676092,352,124953,1303,0.0027879863135217334,0.7873111782477341
8645,0.8651,4,1,4,676093,351,124957,1299,0.0027800658978583198,0.7872727272727272
8646,0.8652,3,1,3,676094,350,124960,1296,0.0027721454821949057,0.787363304981774
8647,0.8653,2,0,2,676094,350,124962,1294,0.0027721454821949057,0.7871046228710462
8648,0.8654,3,1,3,676095,349,124965,1291,0.0027642250665314916,0.7871951219512195
8649,0.8655,3,1,3,676096,348,124968,1288,0.0027563046508680775,0.7872860635696821
8650,0.8656,3,1,3,676097,347,124971,1285,0.0027483842352046635,0.7873774509803921
8651,0.8657,1,0,1,676097,347,124972,1284,0.0027483842352046635,0.7872470876762723
8652,0.8658,3,1,3,676098,346,124975,1281,0.0027404638195412494,0.787338660110633
8653,0.8659,3,1,3,676099,345,124978,1278,0.0027325434038778353,0.7874306839186691
8654,0.866,2,0,2,676099,345,124980,1276,0.0027325434038778353,0.7871684145589143
8655,0.8661,2,2,2,676101,343,124982,1274,0.0027167025725510076,0.7878787878787878
8656,0.8662,3,0,3,676101,343,124985,1271,0.0027167025725510076,0.7874845105328376
8657,0.8663,2,1,2,676102,342,124987,1269,0.0027087821568875935,0.7877094972067039
8658,0.8664,2,2,2,676104,340,124989,1267,0.0026929413255607653,0.7884256378344742
8659,0.8665,2,2,2,676106,338,124991,1265,0.0026771004942339376,0.7891453524641298
8660,0.8666,1,0,1,676106,338,124992,1264,0.0026771004942339376,0.7890137328339576
8661,0.8667,4,0,4,676106,338,124996,1260,0.0026771004942339376,0.7884856070087609
8662,0.8668,4,1,4,676107,337,125000,1256,0.0026691800785705235,0.7884494664155681
8663,0.8669,5,0,5,676107,337,125005,1251,0.0026691800785705235,0.7877833753148614
8664,0.867,1,1,1,676108,336,125006,1250,0.0026612596629071094,0.7881462799495587
8665,0.8671,6,0,6,676108,336,125012,1244,0.0026612596629071094,0.7873417721518987
8666,0.8672,5,1,5,676109,335,125017,1239,0.0026533392472436954,0.7871664548919949
8667,0.8673,4,1,4,676110,334,125021,1235,0.0026454188315802813,0.787125557680051
8668,0.8674,5,1,5,676111,333,125026,1230,0.002637498415916867,0.7869481765834933
8669,0.8675,4,0,4,676111,333,125030,1226,0.002637498415916867,0.7864015394483643
8670,0.8676,0,2,0,676113,331,125030,1226,0.0026216575845900395,0.7874116891457932
8671,0.8677,4,0,4,676113,331,125034,1222,0.0026216575845900395,0.7868641339343206
8672,0.8678,3,2,3,676115,329,125037,1219,0.0026058167532632113,0.787467700258398
8673,0.8679,3,1,3,676116,328,125040,1216,0.0025978963375997972,0.7875647668393783
8674,0.868,3,0,3,676116,328,125043,1213,0.0025978963375997972,0.7871512005191434
8675,0.8681,5,0,5,676116,328,125048,1208,0.0025978963375997972,0.7864583333333334
8676,0.8682,4,2,4,676118,326,125052,1204,0.002582055506272969,0.7869281045751634
8677,0.8683,5,1,5,676119,325,125057,1199,0.002574135090609555,0.786745406824147
8678,0.8684,2,0,2,676119,325,125059,1197,0.002574135090609555,0.7864651773981604
8679,0.8685,2,0,2,676119,325,125061,1195,0.002574135090609555,0.7861842105263158
8680,0.8686,2,1,2,676120,324,125063,1193,0.0025662146749461413,0.7864205669083718
8681,0.8687,5,0,5,676120,324,125068,1188,0.0025662146749461413,0.7857142857142857
8682,0.8688,2,1,2,676121,323,125070,1186,0.0025582942592827273,0.7859509609012592
8683,0.8689,1,0,1,676121,323,125071,1185,0.0025582942592827273,0.7858090185676393
8684,0.869,4,0,4,676121,323,125075,1181,0.0025582942592827273,0.7852393617021277
8685,0.8691,1,2,1,676123,321,125076,1180,0.002542453427955899,0.7861425716189208
8686,0.8692,2,1,2,676124,320,125078,1178,0.002534533012292485,0.7863818424566088
8687,0.8693,3,0,3,676124,320,125081,1175,0.002534533012292485,0.7859531772575251
8688,0.8694,2,0,2,676124,320,125083,1173,0.002534533012292485,0.7856664434025452
8689,0.8695,8,2,8,676126,318,125091,1165,0.0025186921809656573,0.7855697909642616
8690,0.8696,2,1,2,676127,317,125093,1163,0.002510771765302243,0.7858108108108108
8691,0.8697,2,0,2,676127,317,125095,1161,0.002510771765302243,0.7855209742895806
8692,0.8698,5,3,5,676130,314,125100,1156,0.002487010518312001,0.7863945578231293
8693,0.8699,1,0,1,676130,314,125101,1155,0.002487010518312001,0.7862491490810075
8694,0.87,2,1,2,676131,313,125103,1153,0.002479090102648587,0.786493860845839
8695,0.8701,2,1,2,676132,312,125105,1151,0.002471169686985173,0.7867395762132604
8696,0.8702,5,1,5,676133,311,125110,1146,0.002463249271321759,0.7865477007549759
8697,0.8703,2,0,2,676133,311,125112,1144,0.002463249271321759,0.786254295532646
8698,0.8704,3,0,3,676133,311,125115,1141,0.002463249271321759,0.7858126721763086
8699,0.8705,2,1,2,676134,310,125117,1139,0.002455328855658345,0.7860593512767425
8700,0.8706,1,2,1,676136,308,125118,1138,0.002439488024331517,0.7869986168741355
8701,0.8707,4,1,4,676137,307,125122,1134,0.002431567608668103,0.7869535045107564
8702,0.8708,4,1,4,676138,306,125126,1130,0.0024236471930046887,0.786908077994429
8703,0.8709,2,1,2,676139,305,125128,1128,0.0024157267773412747,0.7871598046057222
8704,0.871,4,1,4,676140,304,125132,1124,0.002407806361677861,0.7871148459383753
8705,0.8711,3,0,3,676140,304,125135,1121,0.002407806361677861,0.7866666666666666
8706,0.8712,4,1,4,676141,303,125139,1117,0.002399885946014447,0.7866197183098591
8707,0.8714,1,1,1,676142,302,125140,1116,0.002391965530351033,0.7870239774330042
8708,0.8715,4,0,4,676142,302,125144,1112,0.002391965530351033,0.7864214992927864
8709,0.8716,1,0,1,676142,302,125145,1111,0.002391965530351033,0.7862703467799009
8710,0.8717,2,1,2,676143,301,125147,1109,0.0023840451146876188,0.7865248226950354
8711,0.8718,1,1,1,676144,300,125148,1108,0.0023761246990242047,0.7869318181818182
8712,0.8719,3,0,3,676144,300,125151,1105,0.0023761246990242047,0.7864768683274022
8713,0.872,2,1,2,676145,299,125153,1103,0.0023682042833607906,0.7867332382310984
8714,0.8721,3,0,3,676145,299,125156,1100,0.0023682042833607906,0.7862759113652609
8715,0.8722,4,0,4,676145,299,125160,1096,0.0023682042833607906,0.785663082437276
8716,0.8723,2,1,2,676146,298,125162,1094,0.002360283867697377,0.7859195402298851
8717,0.8724,1,2,1,676148,296,125163,1093,0.002344443036370549,0.7868970482361412
8718,0.8725,0,2,0,676150,294,125163,1093,0.0023286022050437206,0.7880317231434751
8719,0.8726,2,0,2,676150,294,125165,1091,0.0023286022050437206,0.787725631768953
8720,0.8727,4,1,4,676151,293,125169,1087,0.0023206817893803066,0.7876811594202898
8721,0.8728,1,0,1,676151,293,125170,1086,0.0023206817893803066,0.7875271936185642
8722,0.8729,5,1,5,676152,292,125175,1081,0.0023127613737168925,0.7873270211216314
8723,0.873,2,1,2,676153,291,125177,1079,0.002304840958053479,0.7875912408759124
8724,0.8731,2,0,2,676153,291,125179,1077,0.002304840958053479,0.7872807017543859
8725,0.8732,6,1,6,676154,290,125185,1071,0.0022969205423900648,0.786921381337252
8726,0.8733,2,0,2,676154,290,125187,1069,0.0022969205423900648,0.7866077998528329
8727,0.8734,4,0,4,676154,290,125191,1065,0.0022969205423900648,0.7859778597785978
8728,0.8735,4,1,4,676155,289,125195,1061,0.0022890001267266507,0.7859259259259259
8729,0.8736,6,1,6,676156,288,125201,1055,0.0022810797110632366,0.7855547282204021
8730,0.8737,5,0,5,676156,288,125206,1050,0.0022810797110632366,0.7847533632286996
8731,0.8738,3,0,3,676156,288,125209,1047,0.0022810797110632366,0.7842696629213484
8732,0.8739,5,0,5,676156,288,125214,1042,0.0022810797110632366,0.7834586466165413
8733,0.874,0,1,0,676157,287,125214,1042,0.0022731592953998225,0.7840481565086531
8734,0.8741,3,0,3,676157,287,125217,1039,0.0022731592953998225,0.7835595776772247
8735,0.8742,1,1,1,676158,286,125218,1038,0.0022652388797364084,0.783987915407855
8736,0.8743,3,0,3,676158,286,125221,1035,0.0022652388797364084,0.7834973504920515
8737,0.8744,2,1,2,676159,285,125223,1033,0.0022573184640729944,0.783763277693475
8738,0.8745,0,1,0,676160,284,125223,1033,0.0022493980484095807,0.7843583902809416
8739,0.8746,1,2,1,676162,282,125224,1032,0.0022335572170827525,0.7853881278538812
8740,0.8747,4,1,4,676163,281,125228,1028,0.0022256368014193385,0.7853323147440795
8741,0.8748,2,1,2,676164,280,125230,1026,0.0022177163857559244,0.7856049004594181
8742,0.8749,3,1,3,676165,279,125233,1023,0.0022097959700925103,0.7857142857142857
8743,0.875,0,1,0,676166,278,125233,1023,0.0022018755544290962,0.7863182167563413
8744,0.8751,7,0,7,676166,278,125240,1016,0.0022018755544290962,0.7851622874806801
8745,0.8752,2,0,2,676166,278,125242,1014,0.0022018755544290962,0.7848297213622291
8746,0.8753,5,2,5,676168,276,125247,1009,0.0021860347231022685,0.7852140077821012
8747,0.8754,2,0,2,676168,276,125249,1007,0.0021860347231022685,0.7848791893998441
8748,0.8755,3,1,3,676169,275,125252,1004,0.0021781143074388544,0.7849882720875684
8749,0.8756,4,3,4,676172,272,125256,1000,0.002154353060448612,0.7861635220125787
8750,0.8757,1,2,1,676174,270,125257,999,0.0021385122291217844,0.7872340425531915
8751,0.8758,4,0,4,676174,270,125261,995,0.0021385122291217844,0.7865612648221344
8752,0.8759,4,1,4,676175,269,125265,991,0.0021305918134583704,0.7865079365079365
8753,0.876,2,0,2,676175,269,125267,989,0.0021305918134583704,0.7861685214626392
8754,0.8761,4,3,4,676178,266,125271,985,0.002106830566468128,0.7873701039168665
8755,0.8762,1,1,1,676179,265,125272,984,0.002098910150804714,0.7878302642113691
8756,0.8763,1,2,1,676181,263,125273,983,0.0020830693194778863,0.7889245585874799
8757,0.8765,3,0,3,676181,263,125276,980,0.0020830693194778863,0.7884151246983105
8758,0.8766,1,0,1,676181,263,125277,979,0.0020830693194778863,0.788244766505636
8759,0.8767,4,2,4,676183,261,125281,975,0.002067228488151058,0.7888349514563107
8760,0.8768,3,1,3,676184,260,125284,972,0.002059308072487644,0.788961038961039
8761,0.877,2,0,2,676184,260,125286,970,0.002059308072487644,0.7886178861788617
8762,0.8771,1,0,1,676184,260,125287,969,0.002059308072487644,0.7884458909682669
8763,0.8772,1,1,1,676185,259,125288,968,0.00205138765682423,0.7889160554197229
8764,0.8773,2,1,2,676186,258,125290,966,0.002043467241160816,0.7892156862745098
8765,0.8774,3,0,3,676186,258,125293,963,0.002043467241160816,0.7886977886977887
8766,0.8775,3,1,3,676187,257,125296,960,0.0020355468254974023,0.7888249794576828
8767,0.8776,3,0,3,676187,257,125299,957,0.0020355468254974023,0.7883031301482701
8768,0.8777,2,0,2,676187,257,125301,955,0.0020355468254974023,0.7879537953795379
8769,0.8778,5,0,5,676187,257,125306,950,0.0020355468254974023,0.7870753935376967
8770,0.8779,0,1,0,676188,256,125306,950,0.002027626409833988,0.7877280265339967
8771,0.878,3,1,3,676189,255,125309,947,0.002019705994170574,0.7878535773710482
8772,0.8781,3,1,3,676190,254,125312,944,0.00201178557850716,0.7879799666110183
8773,0.8782,5,4,5,676194,250,125317,939,0.001980103915853504,0.7897392767031118
8774,0.8783,1,0,1,676194,250,125318,938,0.001980103915853504,0.7895622895622896
8775,0.8784,2,0,2,676194,250,125320,936,0.001980103915853504,0.7892074198988196
8776,0.8785,1,0,1,676194,250,125321,935,0.001980103915853504,0.7890295358649789
8777,0.8786,6,0,6,676194,250,125327,929,0.001980103915853504,0.7879558948261238
8778,0.8787,1,0,1,676194,250,125328,928,0.001980103915853504,0.7877758913412564
8779,0.8788,3,1,3,676195,249,125331,925,0.00197218350019009,0.7879045996592845
8780,0.8789,1,0,1,676195,249,125332,924,0.00197218350019009,0.7877237851662404
8781,0.879,2,0,2,676195,249,125334,922,0.00197218350019009,0.7873612297181896
8782,0.8791,2,0,2,676195,249,125336,920,0.00197218350019009,0.7869974337040205
8783,0.8792,1,1,1,676196,248,125337,919,0.001964263084526676,0.7874892887746359
8784,0.8793,3,0,3,676196,248,125340,916,0.001964263084526676,0.7869415807560137
8785,0.8794,4,0,4,676196,248,125344,912,0.001964263084526676,0.7862068965517242
8786,0.8795,0,4,0,676200,244,125344,912,0.0019325814218730199,0.7889273356401384
8787,0.8796,2,2,2,676202,242,125346,910,0.001916740590546192,0.7899305555555556
8788,0.8797,2,0,2,676202,242,125348,908,0.001916740590546192,0.7895652173913044
8789,0.8798,1,1,1,676203,241,125349,907,0.0019088201748827778,0.7900696864111498
8790,0.8799,0,2,0,676205,239,125349,907,0.00189297934355595,0.7914485165794066
8791,0.88,2,1,2,676206,238,125351,905,0.0018850589278925358,0.7917760279965005
8792,0.8801,3,0,3,676206,238,125354,902,0.0018850589278925358,0.7912280701754386
8793,0.8803,1,0,1,676206,238,125355,901,0.0018850589278925358,0.7910447761194029
8794,0.8804,3,1,3,676207,237,125358,898,0.0018771385122291217,0.7911894273127753
8795,0.8805,1,0,1,676207,237,125359,897,0.0018771385122291217,0.791005291005291
8796,0.8806,1,3,1,676210,234,125360,896,0.0018533772652388797,0.7929203539823009
8797,0.8807,1,1,1,676211,233,125361,895,0.0018454568495754656,0.7934397163120568
8798,0.8808,1,0,1,676211,233,125362,894,0.0018454568495754656,0.7932564330079858
8799,0.8809,3,2,3,676213,231,125365,891,0.0018296160182486377,0.7941176470588235
8800,0.881,1,1,1,676214,230,125366,890,0.0018216956025852236,0.7946428571428571
8801,0.8811,3,0,3,676214,230,125369,887,0.0018216956025852236,0.7940913160250671
8802,0.8812,0,1,0,676215,229,125369,887,0.0018137751869218097,0.7948028673835126
8803,0.8813,2,1,2,676216,228,125371,885,0.0018058547712583957,0.7951482479784366
8804,0.8814,4,2,4,676218,226,125375,881,0.0017900139399315677,0.7958446251129178
8805,0.8815,2,1,2,676219,225,125377,879,0.0017820935242681536,0.7961956521739131
8806,0.8816,1,1,1,676220,224,125378,878,0.0017741731086047396,0.7967332123411979
8807,0.8817,3,2,3,676222,222,125381,875,0.0017583322772779116,0.7976298997265269
8808,0.8818,2,0,2,676222,222,125383,873,0.0017583322772779116,0.7972602739726027
8809,0.8819,4,2,4,676224,220,125387,869,0.0017424914459510834,0.797979797979798
8810,0.882,3,0,3,676224,220,125390,866,0.0017424914459510834,0.7974217311233885
8811,0.8821,5,0,5,676224,220,125395,861,0.0017424914459510834,0.7964847363552267
8812,0.8822,6,3,6,676227,217,125401,855,0.0017187301989608414,0.7975746268656716
8813,0.8823,5,1,5,676228,216,125406,850,0.0017108097832974276,0.797373358348968
8814,0.8824,5,0,5,676228,216,125411,845,0.0017108097832974276,0.7964184731385485
8815,0.8825,3,1,3,676229,215,125414,842,0.0017028893676340135,0.7965941343424787
8816,0.8826,2,2,2,676231,213,125416,840,0.0016870485363071853,0.7977207977207977
8817,0.8827,5,0,5,676231,213,125421,835,0.0016870485363071853,0.7967557251908397
8818,0.8828,2,1,2,676232,212,125423,833,0.0016791281206437714,0.7971291866028708
8819,0.8829,3,1,3,676233,211,125426,830,0.0016712077049803574,0.7973102785782901
8820,0.883,4,1,4,676234,210,125430,826,0.0016632872893169433,0.7972972972972973
8821,0.8831,2,0,2,676234,210,125432,824,0.0016632872893169433,0.7969052224371374
8822,0.8832,3,0,3,676234,210,125435,821,0.0016632872893169433,0.7963142580019399
8823,0.8833,6,1,6,676235,209,125441,815,0.0016553668736535294,0.7958984375
8824,0.8834,1,0,1,676235,209,125442,814,0.0016553668736535294,0.7956989247311828
8825,0.8835,4,0,4,676235,209,125446,810,0.0016553668736535294,0.7948969578017664
8826,0.8836,2,0,2,676235,209,125448,808,0.0016553668736535294,0.7944936086529006
8827,0.8837,3,1,3,676236,208,125451,805,0.0016474464579901153,0.7946692991115498
8828,0.8838,3,0,3,676236,208,125454,802,0.0016474464579901153,0.7940594059405941
8829,0.8839,3,1,3,676237,207,125457,799,0.0016395260423267013,0.794234592445328
8830,0.884,0,2,0,676239,205,125457,799,0.0016236852109998733,0.795816733067729
8831,0.8842,2,0,2,676239,205,125459,797,0.0016236852109998733,0.7954091816367266
8832,0.8843,3,1,3,676240,204,125462,794,0.0016157647953364592,0.7955911823647295
8833,0.8844,1,1,1,676241,203,125463,793,0.0016078443796730452,0.7961847389558233
8834,0.8845,3,0,3,676241,203,125466,790,0.0016078443796730452,0.7955689828801611
8835,0.8846,0,1,0,676242,202,125466,790,0.0015999239640096313,0.7963709677419355
8836,0.8847,1,3,1,676245,199,125467,789,0.0015761627170193893,0.798582995951417
8837,0.8848,3,3,3,676248,196,125470,786,0.001552401470029147,0.8004073319755601
8838,0.8849,3,2,3,676250,194,125473,783,0.001536560638702319,0.8014329580348004
8839,0.8851,4,1,4,676251,193,125477,779,0.001528640223038905,0.801440329218107
8840,0.8852,2,1,2,676252,192,125479,777,0.0015207198073754911,0.8018575851393189
8841,0.8853,3,0,3,676252,192,125482,774,0.0015207198073754911,0.8012422360248447
8842,0.8854,1,0,1,676252,192,125483,773,0.0015207198073754911,0.8010362694300518
8843,0.8855,2,0,2,676252,192,125485,771,0.0015207198073754911,0.8006230529595015
8844,0.8856,3,0,3,676252,192,125488,768,0.0015207198073754911,0.8
8845,0.8857,2,0,2,676252,192,125490,766,0.0015207198073754911,0.7995824634655533
8846,0.8858,2,2,2,676254,190,125492,764,0.001504878976048663,0.80083857442348
8847,0.8859,4,2,4,676256,188,125496,760,0.001489038144721835,0.8016877637130801
8848,0.886,6,0,6,676256,188,125502,754,0.001489038144721835,0.8004246284501062
8849,0.8861,3,1,3,676257,187,125505,751,0.001481117729058421,0.8006396588486141
8850,0.8862,4,0,4,676257,187,125509,747,0.001481117729058421,0.7997858672376874
8851,0.8863,5,0,5,676257,187,125514,742,0.001481117729058421,0.798708288482239
8852,0.8864,4,1,4,676258,186,125518,738,0.0014731973133950069,0.7987012987012987
8853,0.8865,3,1,3,676259,185,125521,735,0.001465276897731593,0.7989130434782609
8854,0.8866,5,2,5,676261,183,125526,730,0.0014494360664047648,0.7995618838992333
8855,0.8867,2,0,2,676261,183,125528,728,0.0014494360664047648,0.7991218441273326
8856,0.8868,3,0,3,676261,183,125531,725,0.0014494360664047648,0.7984581497797357
8857,0.8869,1,0,1,676261,183,125532,724,0.0014494360664047648,0.7982359426681367
8858,0.887,2,1,2,676262,182,125534,722,0.001441515650741351,0.7986725663716814
8859,0.8871,2,1,2,676263,181,125536,720,0.001433595235077937,0.7991120976692564
8860,0.8872,2,1,2,676264,180,125538,718,0.0014256748194145228,0.799554565701559
8861,0.8873,1,0,1,676264,180,125539,717,0.0014256748194145228,0.7993311036789298
8862,0.8874,0,1,0,676265,179,125539,717,0.001417754403751109,0.8002232142857143
8863,0.8875,1,0,1,676265,179,125540,716,0.001417754403751109,0.8
8864,0.8876,7,0,7,676265,179,125547,709,0.001417754403751109,0.7984234234234234
8865,0.8877,4,0,4,676265,179,125551,705,0.001417754403751109,0.7975113122171946
8866,0.8878,3,0,3,676265,179,125554,702,0.001417754403751109,0.7968217934165721
8867,0.8879,3,0,3,676265,179,125557,699,0.001417754403751109,0.7961275626423691
8868,0.888,1,0,1,676265,179,125558,698,0.001417754403751109,0.7958950969213227
8869,0.8881,1,0,1,676265,179,125559,697,0.001417754403751109,0.795662100456621
8870,0.8882,5,0,5,676265,179,125564,692,0.001417754403751109,0.7944890929965557
8871,0.8883,3,0,3,676265,179,125567,689,0.001417754403751109,0.793778801843318
8872,0.8884,1,0,1,676265,179,125568,688,0.001417754403751109,0.7935409457900807
8873,0.8885,1,1,1,676266,178,125569,687,0.0014098339880876949,0.7942196531791907
8874,0.8886,0,1,0,676267,177,125569,687,0.0014019135724242808,0.7951388888888888
8875,0.8887,1,0,1,676267,177,125570,686,0.0014019135724242808,0.7949015063731171
8876,0.8888,2,0,2,676267,177,125572,684,0.0014019135724242808,0.794425087108014
8877,0.8889,2,0,2,676267,177,125574,682,0.0014019135724242808,0.7939464493597206
8878,0.8891,1,1,1,676268,176,125575,681,0.0013939931567608667,0.79463243873979
8879,0.8892,3,1,3,676269,175,125578,678,0.0013860727410974528,0.794841735052755
8880,0.8893,5,0,5,676269,175,125583,673,0.0013860727410974528,0.7936320754716981
8881,0.8894,4,0,4,676269,175,125587,669,0.0013860727410974528,0.792654028436019
8882,0.8895,1,2,1,676271,173,125588,668,0.0013702319097706247,0.7942925089179548
8883,0.8897,2,0,2,676271,173,125590,666,0.0013702319097706247,0.7938021454112039
8884,0.8899,2,1,2,676272,172,125592,664,0.0013623114941072108,0.7942583732057417
8885,0.89,3,1,3,676273,171,125595,661,0.0013543910784437967,0.7944711538461539
8886,0.8901,1,0,1,676273,171,125596,660,0.0013543910784437967,0.7942238267148014
8887,0.8902,5,0,5,676273,171,125601,655,0.0013543910784437967,0.7929782082324455
8888,0.8903,2,0,2,676273,171,125603,653,0.0013543910784437967,0.7924757281553398
8889,0.8905,4,0,4,676273,171,125607,649,0.0013543910784437967,0.7914634146341464
8890,0.8906,2,1,2,676274,170,125609,647,0.0013464706627803827,0.791921664626683
8891,0.8907,2,2,2,676276,168,125611,645,0.0013306298314535547,0.7933579335793358
8892,0.8908,3,2,3,676278,166,125614,642,0.0013147890001267266,0.7945544554455446
8893,0.8909,6,1,6,676279,165,125620,636,0.0013068685844633127,0.7940074906367042
8894,0.8911,2,0,2,676279,165,125622,634,0.0013068685844633127,0.7934918648310388
8895,0.8912,1,1,1,676280,164,125623,633,0.0012989481687998986,0.794228356336261
8896,0.8913,2,0,2,676280,164,125625,631,0.0012989481687998986,0.7937106918238994
8897,0.8914,2,0,2,676280,164,125627,629,0.0012989481687998986,0.7931904161412359
8898,0.8915,2,0,2,676280,164,125629,627,0.0012989481687998986,0.7926675094816688
8899,0.8916,2,0,2,676280,164,125631,625,0.0012989481687998986,0.7921419518377694
8900,0.8917,0,1,0,676281,163,125631,625,0.0012910277531364845,0.7931472081218274
8901,0.8918,1,0,1,676281,163,125632,624,0.0012910277531364845,0.7928843710292249
8902,0.8919,1,1,1,676282,162,125633,623,0.0012831073374730707,0.7936305732484077
8903,0.892,2,1,2,676283,161,125635,621,0.0012751869218096566,0.7941176470588235
8904,0.8922,3,1,3,676284,160,125638,618,0.0012672665061462425,0.794344473007712
8905,0.8923,4,0,4,676284,160,125642,614,0.0012672665061462425,0.7932816537467701
8906,0.8924,3,3,3,676287,157,125645,611,0.0012435052591560005,0.7955729166666666
8907,0.8925,1,0,1,676287,157,125646,610,0.0012435052591560005,0.7953063885267275
8908,0.8926,2,0,2,676287,157,125648,608,0.0012435052591560005,0.7947712418300653
8909,0.8928,2,1,2,676288,156,125650,606,0.0012355848434925864,0.7952755905511811
8910,0.893,2,1,2,676289,155,125652,604,0.0012276644278291725,0.7957839262187089
8911,0.8931,1,0,1,676289,155,125653,603,0.0012276644278291725,0.7955145118733509
8912,0.8932,1,1,1,676290,154,125654,602,0.0012197440121657585,0.7962962962962963
8913,0.8933,1,1,1,676291,153,125655,601,0.0012118235965023444,0.7970822281167109
8914,0.8934,2,2,2,676293,151,125657,599,0.0011959827651755164,0.7986666666666666
8915,0.8935,2,2,2,676295,149,125659,597,0.0011801419338486885,0.8002680965147453
8916,0.8936,0,1,0,676296,148,125659,597,0.0011722215181852744,0.8013422818791947
8917,0.8937,2,0,2,676296,148,125661,595,0.0011722215181852744,0.800807537012113
8918,0.8938,3,1,3,676297,147,125664,592,0.0011643011025218603,0.8010825439783491
8919,0.8939,1,0,1,676297,147,125665,591,0.0011643011025218603,0.8008130081300813
8920,0.894,1,0,1,676297,147,125666,590,0.0011643011025218603,0.8005427408412483
8921,0.8941,5,0,5,676297,147,125671,585,0.0011643011025218603,0.7991803278688525
8922,0.8942,4,0,4,676297,147,125675,581,0.0011643011025218603,0.7980769230769231
8923,0.8943,1,1,1,676298,146,125676,580,0.0011563806868584462,0.7988980716253443
8924,0.8944,3,0,3,676298,146,125679,577,0.0011563806868584462,0.7980636237897649
8925,0.8945,2,0,2,676298,146,125681,575,0.0011563806868584462,0.79750346740638
8926,0.8946,3,1,3,676299,145,125684,572,0.0011484602711950324,0.797768479776848
8927,0.8947,3,0,3,676299,145,125687,569,0.0011484602711950324,0.7969187675070029
8928,0.8948,2,1,2,676300,144,125689,567,0.0011405398555316183,0.7974683544303798
8929,0.8949,2,0,2,676300,144,125691,565,0.0011405398555316183,0.7968970380818053
8930,0.895,4,1,4,676301,143,125695,561,0.0011326194398682042,0.796875
8931,0.8951,1,0,1,676301,143,125696,560,0.0011326194398682042,0.7965860597439545
8932,0.8952,1,0,1,676301,143,125697,559,0.0011326194398682042,0.7962962962962963
8933,0.8953,4,0,4,676301,143,125701,555,0.0011326194398682042,0.7951289398280802
8934,0.8954,1,1,1,676302,142,125702,554,0.0011246990242047904,0.7959770114942529
8935,0.8955,1,2,1,676304,140,125703,553,0.0011088581928779622,0.797979797979798
8936,0.8956,1,1,1,676305,139,125704,552,0.0011009377772145481,0.7988422575976846
8937,0.8957,1,2,1,676307,137,125705,551,0.0010850969458877202,0.8008720930232558
8938,0.8958,3,2,3,676309,135,125708,548,0.0010692561145608922,0.8023426061493412
8939,0.8959,1,1,1,676310,134,125709,547,0.0010613356988974781,0.8032305433186491
8940,0.896,3,1,3,676311,133,125712,544,0.001053415283234064,0.8035450516986706
8941,0.8961,4,0,4,676311,133,125716,540,0.001053415283234064,0.8023774145616642
8942,0.8962,2,0,2,676311,133,125718,538,0.001053415283234064,0.8017883755588674
8943,0.8963,1,0,1,676311,133,125719,537,0.001053415283234064,0.8014925373134328
8944,0.8966,2,0,2,676311,133,125721,535,0.001053415283234064,0.8008982035928144
8945,0.8967,1,1,1,676312,132,125722,534,0.0010454948675706502,0.8018018018018018
8946,0.8968,3,0,3,676312,132,125725,531,0.0010454948675706502,0.8009049773755657
8947,0.8969,2,0,2,676312,132,125727,529,0.0010454948675706502,0.800302571860817
8948,0.897,1,1,1,676313,131,125728,528,0.0010375744519072361,0.8012139605462822
8949,0.8971,3,1,3,676314,130,125731,525,0.001029654036243822,0.8015267175572519
8950,0.8972,2,1,2,676315,129,125733,523,0.001021733620580408,0.8021472392638037
8951,0.8974,3,0,3,676315,129,125736,520,0.001021733620580408,0.8012326656394453
8952,0.8976,0,1,0,676316,128,125736,520,0.001013813204916994,0.8024691358024691
8953,0.8977,3,0,3,676316,128,125739,517,0.001013813204916994,0.8015503875968992
8954,0.8978,2,0,2,676316,128,125741,515,0.001013813204916994,0.8009331259720062
8955,0.8979,2,1,2,676317,127,125743,513,0.00100589278925358,0.8015625
8956,0.898,1,1,1,676318,126,125744,512,0.000997972373590166,0.8025078369905956
8957,0.8981,1,1,1,676319,125,125745,511,0.000990051957926752,0.8034591194968553
8958,0.8983,5,0,5,676319,125,125750,506,0.000990051957926752,0.8019017432646592
8959,0.8984,3,1,3,676320,124,125753,503,0.000982131542263338,0.8022328548644339
8960,0.8985,2,0,2,676320,124,125755,501,0.000982131542263338,0.8016
8961,0.8986,4,2,4,676322,122,125759,497,0.0009662907109365099,0.802907915993538
8962,0.8987,0,1,0,676323,121,125759,497,0.000958370295273096,0.8042071197411004
8963,0.8988,4,0,4,676323,121,125763,493,0.000958370295273096,0.8029315960912052
8964,0.8989,1,0,1,676323,121,125764,492,0.000958370295273096,0.802610114192496
8965,0.899,1,0,1,676323,121,125765,491,0.000958370295273096,0.8022875816993464
8966,0.8992,2,1,2,676324,120,125767,489,0.0009504498796096819,0.8029556650246306
8967,0.8993,6,0,6,676324,120,125773,483,0.0009504498796096819,0.8009950248756219
8968,0.8994,3,0,3,676324,120,125776,480,0.0009504498796096819,0.8
8969,0.8995,0,1,0,676325,119,125776,480,0.0009425294639462679,0.8013355592654424
8970,0.8996,1,2,1,676327,117,125777,479,0.0009266886326194399,0.8036912751677853
8971,0.8997,3,0,3,676327,117,125780,476,0.0009266886326194399,0.8026981450252951
8972,0.8998,1,1,1,676328,116,125781,475,0.0009187682169560259,0.8037225042301185
8973,0.8999,3,1,3,676329,115,125784,472,0.0009108478012926118,0.8040885860306644
8974,0.9,1,2,1,676331,113,125785,471,0.0008950069699657839,0.8065068493150684
8975,0.9001,0,1,0,676332,112,125785,471,0.0008870865543023698,0.8078902229845626
8976,0.9002,2,0,2,676332,112,125787,469,0.0008870865543023698,0.8072289156626506
8977,0.9003,2,0,2,676332,112,125789,467,0.0008870865543023698,0.8065630397236615
8978,0.9004,2,0,2,676332,112,125791,465,0.0008870865543023698,0.8058925476603119
8979,0.9005,0,1,0,676333,111,125791,465,0.0008791661386389558,0.8072916666666666
8980,0.9006,3,0,3,676333,111,125794,462,0.0008791661386389558,0.806282722513089
8981,0.9007,0,1,0,676334,110,125794,462,0.0008712457229755417,0.8076923076923077
8982,0.9008,2,1,2,676335,109,125796,460,0.0008633253073121277,0.8084358523725835
8983,0.9009,3,0,3,676335,109,125799,457,0.0008633253073121277,0.8074204946996466
8984,0.901,3,0,3,676335,109,125802,454,0.0008633253073121277,0.8063943161634103
8985,0.9011,1,1,1,676336,108,125803,453,0.0008554048916487138,0.8074866310160428
8986,0.9012,2,1,2,676337,107,125805,451,0.0008474844759852997,0.8082437275985663
8987,0.9013,2,0,2,676337,107,125807,449,0.0008474844759852997,0.8075539568345323
8988,0.9014,3,0,3,676337,107,125810,446,0.0008474844759852997,0.8065099457504521
8989,0.9015,3,0,3,676337,107,125813,443,0.0008474844759852997,0.8054545454545454
8990,0.9016,0,2,0,676339,105,125813,443,0.0008316436446584716,0.8083941605839416
8991,0.9018,1,0,1,676339,105,125814,442,0.0008316436446584716,0.8080438756855576
8992,0.9019,4,1,4,676340,104,125818,438,0.0008237232289950577,0.8081180811808119
8993,0.902,0,1,0,676341,103,125818,438,0.0008158028133316436,0.8096118299445472
8994,0.9021,2,0,2,676341,103,125820,436,0.0008158028133316436,0.8089053803339518
8995,0.9022,4,0,4,676341,103,125824,432,0.0008158028133316436,0.8074766355140187
8996,0.9023,4,0,4,676341,103,125828,428,0.0008158028133316436,0.8060263653483992
8997,0.9025,2,1,2,676342,102,125830,426,0.0008078823976682296,0.8068181818181818
8998,0.9026,1,1,1,676343,101,125831,425,0.0007999619820048156,0.8079847908745247
8999,0.9027,1,0,1,676343,101,125832,424,0.0007999619820048156,0.8076190476190476
9000,0.9028,1,1,1,676344,100,125833,423,0.0007920415663414016,0.8087954110898662
9001,0.9029,2,0,2,676344,100,125835,421,0.0007920415663414016,0.8080614203454894
9002,0.903,1,0,1,676344,100,125836,420,0.0007920415663414016,0.8076923076923077
9003,0.9031,1,0,1,676344,100,125837,419,0.0007920415663414016,0.8073217726396917
9004,0.9032,0,1,0,676345,99,125837,419,0.0007841211506779876,0.8088803088803089
9005,0.9033,2,0,2,676345,99,125839,417,0.0007841211506779876,0.8081395348837209
9006,0.9034,2,0,2,676345,99,125841,415,0.0007841211506779876,0.8073929961089494
9007,0.9035,1,2,1,676347,97,125842,414,0.0007682803193511595,0.8101761252446184
9008,0.9036,3,0,3,676347,97,125845,411,0.0007682803193511595,0.8090551181102362
9009,0.9037,1,0,1,676347,97,125846,410,0.0007682803193511595,0.8086785009861933
9010,0.9038,3,0,3,676347,97,125849,407,0.0007682803193511595,0.8075396825396826
9011,0.904,3,0,3,676347,97,125852,404,0.0007682803193511595,0.8063872255489022
9012,0.9042,4,0,4,676347,97,125856,400,0.0007682803193511595,0.8048289738430584
9013,0.9043,3,0,3,676347,97,125859,397,0.0007682803193511595,0.8036437246963563
9014,0.9044,1,0,1,676347,97,125860,396,0.0007682803193511595,0.8032454361054767
9015,0.9045,0,2,0,676349,95,125860,396,0.0007524394880243315,0.8065173116089613
9016,0.9046,1,0,1,676349,95,125861,395,0.0007524394880243315,0.8061224489795918
9017,0.9047,2,0,2,676349,95,125863,393,0.0007524394880243315,0.805327868852459
9018,0.9048,2,1,2,676350,94,125865,391,0.0007445190723609175,0.8061855670103093
9019,0.905,2,0,2,676350,94,125867,389,0.0007445190723609175,0.8053830227743272
9020,0.9051,2,0,2,676350,94,125869,387,0.0007445190723609175,0.8045738045738046
9021,0.9052,2,0,2,676350,94,125871,385,0.0007445190723609175,0.8037578288100209
9022,0.9054,6,0,6,676350,94,125877,379,0.0007445190723609175,0.8012684989429175
9023,0.9055,3,1,3,676351,93,125880,376,0.0007365986566975034,0.8017057569296375
9024,0.9056,1,0,1,676351,93,125881,375,0.0007365986566975034,0.8012820512820513
9025,0.9057,0,1,0,676352,92,125881,375,0.0007286782410340895,0.8029978586723768
9026,0.9059,1,2,1,676354,90,125882,374,0.0007128374097072614,0.8060344827586207
9027,0.906,2,0,2,676354,90,125884,372,0.0007128374097072614,0.8051948051948052
9028,0.9061,0,1,0,676355,89,125884,372,0.0007049169940438474,0.806941431670282
9029,0.9062,0,2,0,676357,87,125884,372,0.0006890761627170194,0.8104575163398693
9030,0.9063,3,0,3,676357,87,125887,369,0.0006890761627170194,0.8092105263157895
9031,0.9065,2,1,2,676358,86,125889,367,0.0006811557470536054,0.8101545253863135
9032,0.9066,1,1,1,676359,85,125890,366,0.0006732353313901913,0.811529933481153
9033,0.9067,2,1,2,676360,84,125892,364,0.0006653149157267774,0.8125
9034,0.9068,1,0,1,676360,84,125893,363,0.0006653149157267774,0.8120805369127517
9035,0.9069,1,0,1,676360,84,125894,362,0.0006653149157267774,0.8116591928251121
9036,0.907,2,0,2,676360,84,125896,360,0.0006653149157267774,0.8108108108108109
9037,0.9071,2,0,2,676360,84,125898,358,0.0006653149157267774,0.8099547511312217
9038,0.9072,3,0,3,676360,84,125901,355,0.0006653149157267774,0.8086560364464692
9039,0.9073,4,0,4,676360,84,125905,351,0.0006653149157267774,0.8068965517241379
9040,0.9074,2,0,2,676360,84,125907,349,0.0006653149157267774,0.8060046189376443
9041,0.9075,4,0,4,676360,84,125911,345,0.0006653149157267774,0.8041958041958042
9042,0.9076,3,0,3,676360,84,125914,342,0.0006653149157267774,0.8028169014084507
9043,0.9077,0,2,0,676362,82,125914,342,0.0006494740843999493,0.8066037735849056
9044,0.9078,0,1,0,676363,81,125914,342,0.0006415536687365353,0.8085106382978723
9045,0.9079,2,0,2,676363,81,125916,340,0.0006415536687365353,0.8076009501187649
9046,0.908,2,0,2,676363,81,125918,338,0.0006415536687365353,0.8066825775656324
9047,0.9081,1,1,1,676364,80,125919,337,0.0006336332530731213,0.8081534772182254
9048,0.9082,3,1,3,676365,79,125922,334,0.0006257128374097073,0.8087167070217918
9049,0.9083,1,0,1,676365,79,125923,333,0.0006257128374097073,0.808252427184466
9050,0.9084,1,0,1,676365,79,125924,332,0.0006257128374097073,0.8077858880778589
9051,0.9085,2,1,2,676366,78,125926,330,0.0006177924217462932,0.8088235294117647
9052,0.9086,3,1,3,676367,77,125929,327,0.0006098720060828792,0.8094059405940595
9053,0.9087,2,0,2,676367,77,125931,325,0.0006098720060828792,0.8084577114427861
9054,0.9088,0,3,0,676370,74,125931,325,0.0005861107590926372,0.8145363408521303
9055,0.909,1,0,1,676370,74,125932,324,0.0005861107590926372,0.8140703517587939
9056,0.9092,2,0,2,676370,74,125934,322,0.0005861107590926372,0.8131313131313131
9057,0.9095,3,0,3,676370,74,125937,319,0.0005861107590926372,0.811704834605598
9058,0.9097,2,1,2,676371,73,125939,317,0.0005781903434292231,0.8128205128205128
9059,0.9099,2,0,2,676371,73,125941,315,0.0005781903434292231,0.8118556701030928
9060,0.91,1,0,1,676371,73,125942,314,0.0005781903434292231,0.8113695090439277
9061,0.9103,1,0,1,676371,73,125943,313,0.0005781903434292231,0.810880829015544
9062,0.9104,3,0,3,676371,73,125946,310,0.0005781903434292231,0.8093994778067886
9063,0.9106,1,0,1,676371,73,125947,309,0.0005781903434292231,0.8089005235602095
9064,0.9108,1,0,1,676371,73,125948,308,0.0005781903434292231,0.8083989501312336
9065,0.9109,0,1,0,676372,72,125948,308,0.0005702699277658091,0.8105263157894737
9066,0.911,1,0,1,676372,72,125949,307,0.0005702699277658091,0.8100263852242744
9067,0.9111,1,0,1,676372,72,125950,306,0.0005702699277658091,0.8095238095238095
9068,0.9113,1,2,1,676374,70,125951,305,0.0005544290964389811,0.8133333333333334
9069,0.9114,3,0,3,676374,70,125954,302,0.0005544290964389811,0.8118279569892473
9070,0.9115,1,1,1,676375,69,125955,301,0.0005465086807755671,0.8135135135135135
9071,0.9116,1,1,1,676376,68,125956,300,0.000538588265112153,0.8152173913043478
9072,0.9117,2,0,2,676376,68,125958,298,0.000538588265112153,0.8142076502732241
9073,0.9118,2,0,2,676376,68,125960,296,0.000538588265112153,0.8131868131868132
9074,0.9119,1,0,1,676376,68,125961,295,0.000538588265112153,0.8126721763085399
9075,0.9121,2,2,2,676378,66,125963,293,0.0005227474337853251,0.8161559888579387
9076,0.9122,2,0,2,676378,66,125965,291,0.0005227474337853251,0.8151260504201681
9077,0.9123,1,0,1,676378,66,125966,290,0.0005227474337853251,0.8146067415730337
9078,0.9126,1,0,1,676378,66,125967,289,0.0005227474337853251,0.8140845070422535
9079,0.9128,2,1,2,676379,65,125969,287,0.000514827018121911,0.8153409090909091
9080,0.9129,5,1,5,676380,64,125974,282,0.000506906602458497,0.815028901734104
9081,0.913,3,0,3,676380,64,125977,279,0.000506906602458497,0.8134110787172012
9082,0.9132,2,1,2,676381,63,125979,277,0.000498986186795083,0.8147058823529412
9083,0.9133,1,0,1,676381,63,125980,276,0.000498986186795083,0.8141592920353983
9084,0.9134,2,1,2,676382,62,125982,274,0.000491065771131669,0.8154761904761905
9085,0.9137,1,0,1,676382,62,125983,273,0.000491065771131669,0.8149253731343283
9086,0.9138,3,0,3,676382,62,125986,270,0.000491065771131669,0.8132530120481928
9087,0.9139,1,0,1,676382,62,125987,269,0.000491065771131669,0.8126888217522659
9088,0.914,1,0,1,676382,62,125988,268,0.000491065771131669,0.8121212121212121
9089,0.9143,1,0,1,676382,62,125989,267,0.000491065771131669,0.8115501519756839
9090,0.9144,1,0,1,676382,62,125990,266,0.000491065771131669,0.8109756097560976
9091,0.9146,2,0,2,676382,62,125992,264,0.000491065771131669,0.8098159509202454
9092,0.9147,2,0,2,676382,62,125994,262,0.000491065771131669,0.808641975308642
9093,0.9148,1,0,1,676382,62,125995,261,0.000491065771131669,0.8080495356037152
9094,0.9149,2,0,2,676382,62,125997,259,0.000491065771131669,0.8068535825545171
9095,0.915,2,0,2,676382,62,125999,257,0.000491065771131669,0.8056426332288401
9096,0.9151,2,0,2,676382,62,126001,255,0.000491065771131669,0.804416403785489
9097,0.9152,1,0,1,676382,62,126002,254,0.000491065771131669,0.8037974683544303
9098,0.9153,1,0,1,676382,62,126003,253,0.000491065771131669,0.8031746031746032
9099,0.9154,0,1,0,676383,61,126003,253,0.00048314535546825497,0.8057324840764332
9100,0.9155,3,0,3,676383,61,126006,250,0.00048314535546825497,0.8038585209003215
9101,0.9156,1,0,1,676383,61,126007,249,0.00048314535546825497,0.8032258064516129
9102,0.9157,1,1,1,676384,60,126008,248,0.00047522493980484094,0.8051948051948052
9103,0.9158,1,0,1,676384,60,126009,247,0.00047522493980484094,0.8045602605863192
9104,0.9161,1,0,1,676384,60,126010,246,0.00047522493980484094,0.803921568627451
9105,0.9162,0,1,0,676385,59,126010,246,0.00046730452414142697,0.8065573770491803
9106,0.9163,1,0,1,676385,59,126011,245,0.00046730452414142697,0.805921052631579
9107,0.9164,2,1,2,676386,58,126013,243,0.00045938410847801294,0.8073089700996677
9108,0.9165,3,2,3,676388,56,126016,240,0.0004435432771511849,0.8108108108108109
9109,0.9166,1,0,1,676388,56,126017,239,0.0004435432771511849,0.8101694915254237
9110,0.9168,0,1,0,676389,55,126017,239,0.00043562286148777086,0.8129251700680272
9111,0.9169,1,3,1,676392,52,126018,238,0.00041186161449752884,0.8206896551724138
9112,0.9171,2,0,2,676392,52,126020,236,0.00041186161449752884,0.8194444444444444
9113,0.9173,1,0,1,676392,52,126021,235,0.00041186161449752884,0.818815331010453
9114,0.9175,2,0,2,676392,52,126023,233,0.00041186161449752884,0.8175438596491228
9115,0.9177,1,0,1,676392,52,126024,232,0.00041186161449752884,0.8169014084507042
9116,0.9178,1,0,1,676392,52,126025,231,0.00041186161449752884,0.8162544169611308
9117,0.9179,1,0,1,676392,52,126026,230,0.00041186161449752884,0.8156028368794326
9118,0.918,0,1,0,676393,51,126026,230,0.0004039411988341148,0.8185053380782918
9119,0.9181,2,0,2,676393,51,126028,228,0.0004039411988341148,0.8172043010752689
9120,0.9182,1,1,1,676394,50,126029,227,0.0003960207831707008,0.8194945848375451
9121,0.9183,4,0,4,676394,50,126033,223,0.0003960207831707008,0.8168498168498168
9122,0.9185,1,0,1,676394,50,126034,222,0.0003960207831707008,0.8161764705882353
9123,0.9186,1,0,1,676394,50,126035,221,0.0003960207831707008,0.8154981549815498
9124,0.9187,2,0,2,676394,50,126037,219,0.0003960207831707008,0.8141263940520446
9125,0.9188,2,0,2,676394,50,126039,217,0.0003960207831707008,0.8127340823970037
9126,0.919,2,0,2,676394,50,126041,215,0.0003960207831707008,0.8113207547169812
9127,0.9194,2,0,2,676394,50,126043,213,0.0003960207831707008,0.8098859315589354
9128,0.9195,2,1,2,676395,49,126045,211,0.00038810036750728676,0.8115384615384615
9129,0.9196,1,1,1,676396,48,126046,210,0.0003801799518438728,0.813953488372093
9130,0.9197,1,0,1,676396,48,126047,209,0.0003801799518438728,0.8132295719844358
9131,0.9198,1,0,1,676396,48,126048,208,0.0003801799518438728,0.8125
9132,0.9199,3,0,3,676396,48,126051,205,0.0003801799518438728,0.8102766798418972
9133,0.92,3,0,3,676396,48,126054,202,0.0003801799518438728,0.808
9134,0.9202,2,3,2,676399,45,126056,200,0.0003564187048536307,0.8163265306122449
9135,0.9203,1,0,1,676399,45,126057,199,0.0003564187048536307,0.8155737704918032
9136,0.9205,1,0,1,676399,45,126058,198,0.0003564187048536307,0.8148148148148148
9137,0.9207,3,0,3,676399,45,126061,195,0.0003564187048536307,0.8125
9138,0.9208,3,0,3,676399,45,126064,192,0.0003564187048536307,0.810126582278481
9139,0.9209,2,0,2,676399,45,126066,190,0.0003564187048536307,0.8085106382978723
9140,0.921,4,0,4,676399,45,126070,186,0.0003564187048536307,0.8051948051948052
9141,0.9211,2,1,2,676400,44,126072,184,0.0003484982891902167,0.8070175438596491
9142,0.9214,0,1,0,676401,43,126072,184,0.0003405778735268027,0.8105726872246696
9143,0.9215,1,0,1,676401,43,126073,183,0.0003405778735268027,0.8097345132743363
9144,0.922,1,1,1,676402,42,126074,182,0.0003326574578633887,0.8125
9145,0.9222,1,0,1,676402,42,126075,181,0.0003326574578633887,0.8116591928251121
9146,0.9223,0,1,0,676403,41,126075,181,0.00032473704219997465,0.8153153153153153
9147,0.9224,1,0,1,676403,41,126076,180,0.00032473704219997465,0.8144796380090498
9148,0.9225,2,0,2,676403,41,126078,178,0.00032473704219997465,0.8127853881278538
9149,0.9226,1,0,1,676403,41,126079,177,0.00032473704219997465,0.8119266055045872
9150,0.9227,1,1,1,676404,40,126080,176,0.0003168166265365606,0.8148148148148148
9151,0.9228,2,0,2,676404,40,126082,174,0.0003168166265365606,0.8130841121495327
9152,0.9229,1,0,1,676404,40,126083,173,0.0003168166265365606,0.812206572769953
9153,0.923,1,0,1,676404,40,126084,172,0.0003168166265365606,0.8113207547169812
9154,0.9233,1,0,1,676404,40,126085,171,0.0003168166265365606,0.8104265402843602
9155,0.9236,1,0,1,676404,40,126086,170,0.0003168166265365606,0.8095238095238095
9156,0.9237,1,0,1,676404,40,126087,169,0.0003168166265365606,0.8086124401913876
9157,0.9239,1,0,1,676404,40,126088,168,0.0003168166265365606,0.8076923076923077
9158,0.9241,0,1,0,676405,39,126088,168,0.0003088962108731466,0.8115942028985508
9159,0.9245,1,1,1,676406,38,126089,167,0.00030097579520973263,0.8146341463414634
9160,0.9248,1,0,1,676406,38,126090,166,0.00030097579520973263,0.8137254901960784
9161,0.925,1,0,1,676406,38,126091,165,0.00030097579520973263,0.812807881773399
9162,0.9252,3,1,3,676407,37,126094,162,0.0002930553795463186,0.8140703517587939
9163,0.9255,1,0,1,676407,37,126095,161,0.0002930553795463186,0.8131313131313131
9164,0.9256,1,0,1,676407,37,126096,160,0.0002930553795463186,0.8121827411167513
9165,0.9257,2,0,2,676407,37,126098,158,0.0002930553795463186,0.8102564102564103
9166,0.9258,2,0,2,676407,37,126100,156,0.0002930553795463186,0.8082901554404145
9167,0.9259,0,1,0,676408,36,126100,156,0.0002851349638829046,0.8125
9168,0.9261,1,0,1,676408,36,126101,155,0.0002851349638829046,0.8115183246073299
9169,0.9264,1,0,1,676408,36,126102,154,0.0002851349638829046,0.8105263157894737
9170,0.9265,4,0,4,676408,36,126106,150,0.0002851349638829046,0.8064516129032258
9171,0.9266,1,0,1,676408,36,126107,149,0.0002851349638829046,0.8054054054054054
9172,0.9267,1,0,1,676408,36,126108,148,0.0002851349638829046,0.8043478260869565
9173,0.9268,1,0,1,676408,36,126109,147,0.0002851349638829046,0.8032786885245902
9174,0.9269,0,2,0,676410,34,126109,147,0.0002692941325560765,0.8121546961325967
9175,0.927,0,1,0,676411,33,126109,147,0.00026137371689266255,0.8166666666666667
9176,0.9272,1,1,1,676412,32,126110,146,0.0002534533012292485,0.8202247191011236
9177,0.9273,1,0,1,676412,32,126111,145,0.0002534533012292485,0.8192090395480226
9178,0.9275,1,1,1,676413,31,126112,144,0.0002455328855658345,0.8228571428571428
9179,0.9276,1,0,1,676413,31,126113,143,0.0002455328855658345,0.8218390804597702
9180,0.9277,0,2,0,676415,29,126113,143,0.00022969205423900647,0.8313953488372093
9181,0.9279,2,0,2,676415,29,126115,141,0.00022969205423900647,0.8294117647058824
9182,0.928,1,0,1,676415,29,126116,140,0.00022969205423900647,0.8284023668639053
9183,0.9281,1,0,1,676415,29,126117,139,0.00022969205423900647,0.8273809523809523
9184,0.9282,1,0,1,676415,29,126118,138,0.00022969205423900647,0.8263473053892215
9185,0.9283,1,0,1,676415,29,126119,137,0.00022969205423900647,0.8253012048192772
9186,0.9284,1,1,1,676416,28,126120,136,0.00022177163857559244,0.8292682926829268
9187,0.9287,1,1,1,676417,27,126121,135,0.00021385122291217844,0.8333333333333334
9188,0.9288,1,0,1,676417,27,126122,134,0.00021385122291217844,0.8322981366459627
9189,0.9289,1,1,1,676418,26,126123,133,0.00020593080724876442,0.8364779874213837
9190,0.9292,3,0,3,676418,26,126126,130,0.00020593080724876442,0.8333333333333334
9191,0.9294,1,0,1,676418,26,126127,129,0.00020593080724876442,0.832258064516129
9192,0.9295,1,0,1,676418,26,126128,128,0.00020593080724876442,0.8311688311688312
9193,0.9296,1,0,1,676418,26,126129,127,0.00020593080724876442,0.8300653594771242
9194,0.9299,1,1,1,676419,25,126130,126,0.0001980103915853504,0.8344370860927153
9195,0.9303,0,1,0,676420,24,126130,126,0.0001900899759219364,0.84
9196,0.9304,2,0,2,676420,24,126132,124,0.0001900899759219364,0.8378378378378378
9197,0.9305,1,0,1,676420,24,126133,123,0.0001900899759219364,0.8367346938775511
9198,0.9308,2,0,2,676420,24,126135,121,0.0001900899759219364,0.8344827586206897
9199,0.9309,1,0,1,676420,24,126136,120,0.0001900899759219364,0.8333333333333334
9200,0.9312,1,0,1,676420,24,126137,119,0.0001900899759219364,0.8321678321678322
9201,0.9315,1,0,1,676420,24,126138,118,0.0001900899759219364,0.8309859154929577
9202,0.9316,1,0,1,676420,24,126139,117,0.0001900899759219364,0.8297872340425532
9203,0.9317,1,1,1,676421,23,126140,116,0.00018216956025852237,0.8345323741007195
9204,0.9319,0,1,0,676422,22,126140,116,0.00017424914459510834,0.8405797101449275
9205,0.9321,1,0,1,676422,22,126141,115,0.00017424914459510834,0.8394160583941606
9206,0.9322,0,1,0,676423,21,126141,115,0.00016632872893169434,0.8455882352941176
9207,0.9324,3,0,3,676423,21,126144,112,0.00016632872893169434,0.8421052631578947
9208,0.9325,1,0,1,676423,21,126145,111,0.00016632872893169434,0.8409090909090909
9209,0.9328,2,0,2,676423,21,126147,109,0.00016632872893169434,0.8384615384615385
9210,0.933,1,0,1,676423,21,126148,108,0.00016632872893169434,0.8372093023255814
9211,0.9332,1,0,1,676423,21,126149,107,0.00016632872893169434,0.8359375
9212,0.9333,0,1,0,676424,20,126149,107,0.0001584083132682803,0.84251968503937
9213,0.9335,2,0,2,676424,20,126151,105,0.0001584083132682803,0.84
9214,0.9336,1,0,1,676424,20,126152,104,0.0001584083132682803,0.8387096774193549
9215,0.9339,1,0,1,676424,20,126153,103,0.0001584083132682803,0.8373983739837398
9216,0.9341,1,0,1,676424,20,126154,102,0.0001584083132682803,0.8360655737704918
9217,0.9342,1,0,1,676424,20,126155,101,0.0001584083132682803,0.8347107438016529
9218,0.9343,1,0,1,676424,20,126156,100,0.0001584083132682803,0.8333333333333334
9219,0.9344,1,1,1,676425,19,126157,99,0.00015048789760486631,0.8389830508474576
9220,0.9349,1,0,1,676425,19,126158,98,0.00015048789760486631,0.8376068376068376
9221,0.9351,2,0,2,676425,19,126160,96,0.00015048789760486631,0.8347826086956521
9222,0.9352,1,1,1,676426,18,126161,95,0.0001425674819414523,0.8407079646017699
9223,0.9356,2,0,2,676426,18,126163,93,0.0001425674819414523,0.8378378378378378
9224,0.936,1,0,1,676426,18,126164,92,0.0001425674819414523,0.8363636363636363
9225,0.9361,1,0,1,676426,18,126165,91,0.0001425674819414523,0.8348623853211009
9226,0.9362,1,0,1,676426,18,126166,90,0.0001425674819414523,0.8333333333333334
9227,0.9363,1,0,1,676426,18,126167,89,0.0001425674819414523,0.8317757009345794
9228,0.9364,0,1,0,676427,17,126167,89,0.00013464706627803826,0.839622641509434
9229,0.9365,1,0,1,676427,17,126168,88,0.00013464706627803826,0.8380952380952381
9230,0.9366,0,1,0,676428,16,126168,88,0.00012672665061462426,0.8461538461538461
9231,0.9368,1,1,1,676429,15,126169,87,0.00011880623495121023,0.8529411764705882
9232,0.9371,1,0,1,676429,15,126170,86,0.00011880623495121023,0.8514851485148515
9233,0.9372,1,1,1,676430,14,126171,85,0.00011088581928779622,0.8585858585858586
9234,0.9375,1,0,1,676430,14,126172,84,0.00011088581928779622,0.8571428571428571
9235,0.9377,1,0,1,676430,14,126173,83,0.00011088581928779622,0.8556701030927835
9236,0.9381,1,1,1,676431,13,126174,82,0.00010296540362438221,0.8631578947368421
9237,0.9383,2,0,2,676431,13,126176,80,0.00010296540362438221,0.8602150537634409
9238,0.939,2,0,2,676431,13,126178,78,0.00010296540362438221,0.8571428571428571
9239,0.9395,2,0,2,676431,13,126180,76,0.00010296540362438221,0.8539325842696629
9240,0.9397,1,0,1,676431,13,126181,75,0.00010296540362438221,0.8522727272727273
9241,0.9398,1,1,1,676432,12,126182,74,9.50449879609682e-05,0.8604651162790697
9242,0.9399,1,0,1,676432,12,126183,73,9.50449879609682e-05,0.8588235294117647
9243,0.94,1,0,1,676432,12,126184,72,9.50449879609682e-05,0.8571428571428571
9244,0.9403,2,0,2,676432,12,126186,70,9.50449879609682e-05,0.8536585365853658
9245,0.9404,1,2,1,676434,10,126187,69,7.920415663414016e-05,0.8734177215189873
9246,0.9406,1,0,1,676434,10,126188,68,7.920415663414016e-05,0.8717948717948718
9247,0.9408,1,0,1,676434,10,126189,67,7.920415663414016e-05,0.8701298701298701
9248,0.9412,1,0,1,676434,10,126190,66,7.920415663414016e-05,0.868421052631579
9249,0.9414,1,1,1,676435,9,126191,65,7.128374097072614e-05,0.8783783783783784
9250,0.9415,1,1,1,676436,8,126192,64,6.336332530731213e-05,0.8888888888888888
9251,0.9416,1,0,1,676436,8,126193,63,6.336332530731213e-05,0.8873239436619719
9252,0.9419,1,0,1,676436,8,126194,62,6.336332530731213e-05,0.8857142857142857
9253,0.942,2,1,2,676437,7,126196,60,5.544290964389811e-05,0.8955223880597015
9254,0.9421,1,0,1,676437,7,126197,59,5.544290964389811e-05,0.8939393939393939
9255,0.9426,2,0,2,676437,7,126199,57,5.544290964389811e-05,0.890625
9256,0.9427,1,0,1,676437,7,126200,56,5.544290964389811e-05,0.8888888888888888
9257,0.943,0,1,0,676438,6,126200,56,4.75224939804841e-05,0.9032258064516129
9258,0.9431,1,0,1,676438,6,126201,55,4.75224939804841e-05,0.9016393442622951
9259,0.9432,1,0,1,676438,6,126202,54,4.75224939804841e-05,0.9
9260,0.9435,1,0,1,676438,6,126203,53,4.75224939804841e-05,0.8983050847457628
9261,0.9441,1,0,1,676438,6,126204,52,4.75224939804841e-05,0.896551724137931
9262,0.9444,1,0,1,676438,6,126205,51,4.75224939804841e-05,0.8947368421052632
9263,0.9446,1,1,1,676439,5,126206,50,3.960207831707008e-05,0.9090909090909091
9264,0.9454,1,0,1,676439,5,126207,49,3.960207831707008e-05,0.9074074074074074
9265,0.9455,1,0,1,676439,5,126208,48,3.960207831707008e-05,0.9056603773584906
9266,0.9457,2,0,2,676439,5,126210,46,3.960207831707008e-05,0.9019607843137255
9267,0.9461,1,0,1,676439,5,126211,45,3.960207831707008e-05,0.9
9268,0.9462,1,0,1,676439,5,126212,44,3.960207831707008e-05,0.8979591836734694
9269,0.9463,1,0,1,676439,5,126213,43,3.960207831707008e-05,0.8958333333333334
9270,0.9466,1,0,1,676439,5,126214,42,3.960207831707008e-05,0.8936170212765957
9271,0.9467,1,0,1,676439,5,126215,41,3.960207831707008e-05,0.8913043478260869
9272,0.9468,2,0,2,676439,5,126217,39,3.960207831707008e-05,0.8863636363636364
9273,0.9474,1,0,1,676439,5,126218,38,3.960207831707008e-05,0.8837209302325582
9274,0.9475,0,1,0,676440,4,126218,38,3.1681662653656065e-05,0.9047619047619048
9275,0.948,1,0,1,676440,4,126219,37,3.1681662653656065e-05,0.9024390243902439
9276,0.9484,0,1,0,676441,3,126219,37,2.376124699024205e-05,0.925
9277,0.9488,1,0,1,676441,3,126220,36,2.376124699024205e-05,0.9230769230769231
9278,0.9491,1,1,1,676442,2,126221,35,1.5840831326828033e-05,0.9459459459459459
9279,0.9496,2,0,2,676442,2,126223,33,1.5840831326828033e-05,0.9428571428571428
9280,0.9498,1,0,1,676442,2,126224,32,1.5840831326828033e-05,0.9411764705882353
9281,0.9499,1,0,1,676442,2,126225,31,1.5840831326828033e-05,0.9393939393939394
9282,0.9506,1,0,1,676442,2,126226,30,1.5840831326828033e-05,0.9375
9283,0.951,1,0,1,676442,2,126227,29,1.5840831326828033e-05,0.9354838709677419
9284,0.9515,1,0,1,676442,2,126228,28,1.5840831326828033e-05,0.9333333333333333
9285,0.9524,1,0,1,676442,2,126229,27,1.5840831326828033e-05,0.9310344827586207
9286,0.9526,1,0,1,676442,2,126230,26,1.5840831326828033e-05,0.9285714285714286
9287,0.9531,1,0,1,676442,2,126231,25,1.5840831326828033e-05,0.9259259259259259
9288,0.9534,0,1,0,676443,1,126231,25,7.920415663414016e-06,0.9615384615384616
9289,0.9536,1,0,1,676443,1,126232,24,7.920415663414016e-06,0.96
9290,0.9543,1,0,1,676443,1,126233,23,7.920415663414016e-06,0.9583333333333334
9291,0.9553,1,0,1,676443,1,126234,22,7.920415663414016e-06,0.9565217391304348
9292,0.9554,1,0,1,676443,1,126235,21,7.920415663414016e-06,0.9545454545454546
9293,0.9555,1,0,1,676443,1,126236,20,7.920415663414016e-06,0.9523809523809523
9294,0.9556,2,0,2,676443,1,126238,18,7.920415663414016e-06,0.9473684210526315
9295,0.9562,1,0,1,676443,1,126239,17,7.920415663414016e-06,0.9444444444444444
9296,0.9564,2,0,2,676443,1,126241,15,7.920415663414016e-06,0.9375
9297,0.9576,1,0,1,676443,1,126242,14,7.920415663414016e-06,0.9333333333333333
9298,0.9577,1,0,1,676443,1,126243,13,7.920415663414016e-06,0.9285714285714286
9299,0.958,1,0,1,676443,1,126244,12,7.920415663414016e-06,0.9230769230769231
9300,0.9583,1,1,1,676444,0,126245,11,0.0,1.0
9301,0.9603,1,0,1,676444,0,126246,10,0.0,1.0
9302,0.9606,1,0,1,676444,0,126247,9,0.0,1.0
9303,0.961,2,0,2,676444,0,126249,7,0.0,1.0
9304,0.9614,1,0,1,676444,0,126250,6,0.0,1.0
9305,0.9616,1,0,1,676444,0,126251,5,0.0,1.0
9306,0.9651,1,0,1,676444,0,126252,4,0.0,1.0
9307,0.9663,1,0,1,676444,0,126253,3,0.0,1.0
9308,0.9677,1,0,1,676444,0,126254,2,0.0,1.0
9309,0.9709,1,0,1,676444,0,126255,1,0.0,1.0
9310,0.9767,1,0,1,676444,0,126256,0,0.0,
