,y_proba,y_test,Neg,Pos,TN,FP,FN,TP,FP/P,Prec
0,0.0,2662,54581,2662,54581,551029,2662,105294,5.104199859201897,0.16043015405524413
1,0.0111,0,1,0,54582,551028,2662,105294,5.104190596168809,0.16043039849342244
2,0.0143,0,3,0,54585,551025,2662,105294,5.104162807069547,0.16043113181242658
3,0.0167,0,21,0,54606,551004,2662,105294,5.103968283374709,0.1604362652331715
4,0.02,6,69,6,54675,550935,2668,105288,5.103329134091667,0.16044545832742832
5,0.0214,0,3,0,54678,550932,2668,105288,5.1033013449924045,0.16044619182591205
6,0.0222,0,4,0,54682,550928,2668,105288,5.103264292860054,0.16044716983432283
7,0.025,14,226,14,54908,550702,2682,105274,5.101170847382267,0.1604845299218264
8,0.0286,0,9,0,54917,550693,2682,105274,5.1010874800844785,0.1604867318020571
9,0.0325,1,1,1,54918,550692,2683,105273,5.101078217051391,0.1604856966454003
10,0.0333,55,805,55,55723,549887,2738,105218,5.09362147541591,0.1606124209096252
11,0.0364,0,1,0,55724,549886,2738,105218,5.093612212382823,0.1606126660805002
12,0.0375,0,3,0,55727,549883,2738,105218,5.09358442328356,0.16061340159761625
13,0.04,9,95,9,55822,549788,2747,105209,5.092704435140242,0.16062516316868627
14,0.0417,0,1,0,55823,549787,2747,105209,5.092695172107155,0.16062540839944062
15,0.0429,0,22,0,55845,549765,2747,105209,5.092491385379229,0.160630803665489
16,0.0444,0,2,0,55847,549763,2747,105209,5.0924728593130535,0.16063129416219318
17,0.045,0,4,0,55851,549759,2747,105209,5.092435807180704,0.1606322751645882
18,0.0476,0,1,0,55852,549758,2747,105209,5.0924265441476155,0.1606325204170592
19,0.05,273,3873,273,59725,545885,3020,104936,5.056550816999518,0.16123634609208984
20,0.0533,0,3,0,59728,545882,3020,104936,5.056523027900256,0.1612370893245116
21,0.0545,0,4,0,59732,545878,3020,104936,5.056485975767905,0.1612380803117327
22,0.0571,1,10,1,59742,545868,3021,104935,5.05639334543703,0.16123926902611083
23,0.0583,1,9,1,59751,545859,3022,104934,5.056309978139242,0.16124021002069783
24,0.06,10,179,10,59930,545680,3032,104924,5.05465189521657,0.1612716798544122
25,0.0625,0,11,0,59941,545669,3032,104924,5.054550001852607,0.16127440657984332
26,0.0632,0,2,0,59943,545667,3032,104924,5.0545314757864315,0.16127490235800987
27,0.065,0,2,0,59945,545665,3032,104924,5.054512949720256,0.16127539813922462
28,0.0667,134,1820,134,61765,543845,3166,104790,5.037654229500908,0.16155464937908068
29,0.0679,0,1,0,61766,543844,3166,104790,5.03764496646782,0.1615548984481233
30,0.0686,0,4,0,61770,543840,3166,104790,5.03760791433547,0.16155589473197354
31,0.0692,0,1,0,61771,543839,3166,104790,5.037598651302383,0.16155614380485608
32,0.07,1,14,1,61785,543825,3167,104789,5.037468968839157,0.1615583382412344
33,0.0714,3,32,3,61817,543793,3170,104786,5.037172551780355,0.16156243109937263
34,0.0722,1,0,1,61817,543793,3171,104785,5.037172551780355,0.1615611383673205
35,0.0733,1,2,1,61819,543791,3172,104784,5.03715402571418,0.16156034383070578
36,0.075,63,756,63,62575,543035,3235,104721,5.030151172699989,0.16166735622672734
37,0.0769,0,4,0,62579,543031,3235,104721,5.030114120567639,0.16166835455544715
38,0.0778,0,2,0,62581,543029,3235,104721,5.030095594501463,0.1616688537244307
39,0.0783,0,2,0,62583,543027,3235,104721,5.030077068435288,0.16166935289649678
40,0.0786,0,1,0,62584,543026,3235,104721,5.030067805402201,0.16166960248368575
41,0.08,23,257,23,62841,542769,3258,104698,5.027687205898699,0.16170399418039838
42,0.0829,0,2,0,62843,542767,3258,104698,5.027668679832525,0.161704493679195
43,0.0833,17,222,17,63065,542545,3275,104681,5.025612286487087,0.16173794007039272
44,0.085,0,4,0,63069,542541,3275,104681,5.025575234354737,0.16173893965285482
45,0.0857,1,28,1,63097,542513,3276,104680,5.025315869428286,0.16174464186108317
46,0.0867,1,6,1,63103,542507,3277,104679,5.025260291229761,0.16174484614932955
47,0.0875,2,13,2,63116,542494,3279,104677,5.025139871799622,0.16174550466569113
48,0.0889,0,1,0,63117,542493,3279,104677,5.025130608766535,0.16174575459307447
49,0.0893,0,1,0,63118,542492,3279,104677,5.025121345733447,0.16174600452123017
50,0.09,1,24,1,63142,542468,3280,104676,5.024899032939346,0.16175070772501948
51,0.0909,0,4,0,63146,542464,3280,104676,5.024861980806995,0.16175170751305745
52,0.0917,3,17,3,63163,542447,3283,104673,5.024704509244507,0.16175207071331438
53,0.0929,0,5,0,63168,542442,3283,104673,5.024658194079069,0.16175332050717414
54,0.0931,0,1,0,63169,542441,3283,104673,5.024648931045982,0.16175357046826372
55,0.0933,2,4,2,63173,542437,3285,104671,5.024611878913632,0.16175197957682488
56,0.095,1,12,1,63185,542425,3286,104670,5.0245007225165805,0.1617536837713164
57,0.0952,0,4,0,63189,542421,3286,104670,5.024463670384231,0.16175468365345833
58,0.0964,1,1,1,63190,542420,3287,104669,5.0244544073511435,0.16175363821669045
59,0.0983,0,1,0,63191,542419,3287,104669,5.024445144318055,0.1617538881883144
60,0.0986,1,5,1,63196,542414,3288,104668,5.024398829152617,0.16175384263509107
61,0.1,5359,74211,5359,137407,468203,8647,99309,4.336979880692134,0.1749901323672451
62,0.1033,0,3,0,137410,468200,8647,99309,4.336952091592871,0.17499105741054327
63,0.1036,0,1,0,137411,468199,8647,99309,4.336942828559784,0.17499136576048266
64,0.105,1,1,1,137412,468198,8648,99308,4.336933565526696,0.17499022036771417
65,0.1057,0,2,0,137414,468196,8648,99308,4.336915039460521,0.17499083706898982
66,0.1067,0,6,0,137420,468190,8648,99308,4.336859461261995,0.17499268719889763
67,0.1071,0,1,0,137421,468189,8648,99308,4.336850198228908,0.17499299555768577
68,0.1083,1,37,1,137458,468152,8649,99307,4.336507466004669,0.17500295175510477
69,0.1095,0,1,0,137459,468151,8649,99307,4.336498202971581,0.17500326015317433
70,0.11,4,33,4,137492,468118,8653,99303,4.336192522879692,0.1750076222064393
71,0.1105,0,1,0,137493,468117,8653,99303,4.336183259846604,0.17500793063339326
72,0.1111,0,1,0,137494,468116,8653,99303,4.336173996813517,0.1750082390614343
73,0.1125,0,8,0,137502,468108,8653,99303,4.336099892548816,0.17501070652489994
74,0.1133,0,7,0,137509,468101,8653,99303,4.336035051317204,0.1750128656125089
75,0.1143,0,4,0,137513,468097,8653,99303,4.335997999184853,0.17501409940077547
76,0.115,1,3,1,137516,468094,8654,99302,4.33597021008559,0.17501357076891624
77,0.1167,28,313,28,137829,467781,8682,99274,4.333070880729186,0.1750694377088642
78,0.1177,0,1,0,137830,467780,8682,99274,4.3330616176960985,0.17506974644390128
79,0.119,0,1,0,137831,467779,8682,99274,4.33305235466301,0.17507005518002727
80,0.12,2,76,2,137907,467703,8684,99272,4.3323483641483564,0.17509061246086688
81,0.1214,0,1,0,137908,467702,8684,99272,4.332339101115269,0.1750909212768134
82,0.125,24,332,24,138240,467370,8708,99248,4.329263774130201,0.17515857244210384
83,0.1267,1,17,1,138257,467353,8709,99247,4.329106302567713,0.17516237204376986
84,0.1275,0,1,0,138258,467352,8709,99247,4.329097039534625,0.17516268119075395
85,0.1286,8,17,8,138275,467335,8717,99239,4.328939567972137,0.17515629026393728
86,0.1295,1,8,1,138283,467327,8718,99238,4.328865463707436,0.17515730763460502
87,0.13,1,56,1,138339,467271,8719,99237,4.328346733854533,0.17517316613357622
88,0.1314,1,1,1,138340,467270,8720,99236,4.328337470821446,0.17517201936078347
89,0.1333,120,1429,120,139769,465841,8840,99116,4.315100596539331,0.1754399007358082
90,0.1345,0,1,0,139770,465840,8840,99116,4.315091333506243,0.17544021127309029
91,0.1347,1,2,1,139772,465838,8841,99115,4.315072807440068,0.17543937283278432
92,0.1349,0,1,0,139773,465837,8841,99115,4.31506354440698,0.17543968337133067
93,0.135,1,10,1,139783,465827,8842,99114,4.314970914076105,0.17544132927155226
94,0.1357,0,12,0,139795,465815,8842,99114,4.314859757679055,0.17544505592738202
95,0.1362,0,1,0,139796,465814,8842,99114,4.314850494645967,0.1754453664891809
96,0.1365,2,8,2,139804,465806,8844,99112,4.314776390381266,0.1754449318308144
97,0.1367,0,3,0,139807,465803,8844,99112,4.3147486012820035,0.1754458635369923
98,0.1375,2,5,2,139812,465798,8846,99110,4.314702286116566,0.1754444971570592
99,0.1379,0,1,0,139813,465797,8846,99110,4.314693023083478,0.17544480772941387
100,0.1381,0,1,0,139814,465796,8846,99110,4.314683760050391,0.17544511830286807
101,0.1383,0,1,0,139815,465795,8846,99110,4.314674497017303,0.17544542887742187
102,0.14,12,169,12,139984,465626,8858,99098,4.313109044425507,0.1754804116701256
103,0.1405,0,1,0,139985,465625,8858,99098,4.3130997813924195,0.1754807224072687
104,0.1417,0,63,0,140048,465562,8858,99098,4.312516210307903,0.1755003010661283
105,0.1425,1,6,1,140054,465556,8859,99097,4.312460632109378,0.17550070574317325
106,0.1429,1,9,1,140063,465547,8860,99096,4.31237726481159,0.1755020428837336
107,0.1433,1,7,1,140070,465540,8861,99095,4.312312423579977,0.17550275841915575
108,0.1444,0,1,0,140071,465539,8861,99095,4.31230316054689,0.17550306924485595
109,0.145,0,14,0,140085,465525,8861,99095,4.312173478083664,0.17550742092026494
110,0.1452,0,1,0,140086,465524,8861,99095,4.312164215050577,0.17550773176248055
111,0.1455,0,1,0,140087,465523,8861,99095,4.312154952017488,0.1755080426057972
112,0.1458,1,7,1,140094,465516,8862,99094,4.312090110785876,0.17550875825791254
113,0.1464,0,5,0,140099,465511,8862,99094,4.312043795620438,0.17551031251937196
114,0.1467,1,16,1,140115,465495,8863,99093,4.311895587091037,0.17551382601117985
115,0.1476,1,0,1,140115,465495,8864,99092,4.311895587091037,0.1755123656761491
116,0.1483,0,1,0,140116,465494,8864,99092,4.31188632405795,0.1755126765452916
117,0.1495,0,1,0,140117,465493,8864,99092,4.311877061024862,0.1755129874155353
118,0.15,542,6615,542,146732,458878,9406,98550,4.250602097150691,0.17679413305395494
119,0.1508,0,4,0,146736,458874,9406,98550,4.250565045018341,0.17679540170498578
120,0.1514,0,1,0,146737,458873,9406,98550,4.250555781985253,0.1767957188705884
121,0.1517,1,0,1,146737,458873,9407,98549,4.250555781985253,0.17679424206436056
122,0.1524,1,4,1,146741,458869,9408,98548,4.250518729852903,0.17679403390998122
123,0.1533,0,4,0,146745,458865,9408,98548,4.250481677720553,0.17679530258533618
124,0.1542,0,4,0,146749,458861,9408,98548,4.2504446255882025,0.17679657127889933
125,0.155,3,12,3,146761,458849,9411,98545,4.250333469191152,0.17679594685267513
126,0.1552,0,1,0,146762,458848,9411,98545,4.250324206158065,0.17679626403632626
127,0.1556,1,6,1,146768,458842,9412,98544,4.250268627959539,0.17679669026491515
128,0.1567,1,2,1,146770,458840,9413,98543,4.250250101893364,0.17679584773844914
129,0.1571,2,16,2,146786,458824,9415,98541,4.250101893363963,0.1767979690149184
130,0.1583,3,37,3,146823,458787,9418,98538,4.249759161139724,0.1768052751984928
131,0.1586,0,2,0,146825,458785,9418,98538,4.2497406350735485,0.1768059096789474
132,0.16,32,276,32,147101,458509,9450,98506,4.247184037941383,0.17684622496701166
133,0.1607,0,2,0,147103,458507,9450,98506,4.247165511875209,0.17684685994761343
134,0.1612,0,1,0,147104,458506,9450,98506,4.247156248842121,0.17684717743962428
135,0.1615,0,1,0,147105,458505,9450,98506,4.247146985809033,0.17684749493277513
136,0.1625,0,14,0,147119,458491,9450,98506,4.247017303345808,0.17685193995658863
137,0.1633,0,2,0,147121,458489,9450,98506,4.246998777279632,0.1768525749782314
138,0.1636,0,1,0,147122,458488,9450,98506,4.246989514246545,0.17685289249076291
139,0.1639,0,1,0,147123,458487,9450,98506,4.246980251213457,0.17685321000443452
140,0.1643,0,3,0,147126,458484,9450,98506,4.246952462114194,0.17685416255229
141,0.165,1,5,1,147131,458479,9451,98505,4.246906146948757,0.17685427229507492
142,0.1667,266,3229,266,150360,455250,9717,98239,4.216995813109045,0.1774904288974126
143,0.1679,0,1,0,150361,455249,9717,98239,4.216986550075957,0.17749074957361316
144,0.1683,0,1,0,150362,455248,9717,98239,4.2169772870428694,0.17749107025097247
145,0.17,2,21,2,150383,455227,9719,98237,4.21678276334803,0.17749483254556755
146,0.1708,0,1,0,150384,455226,9719,98237,4.216773500314943,0.17749515324420964
147,0.1714,7,34,7,150418,455192,9726,98230,4.216458557189966,0.17749565431081527
148,0.1722,0,3,0,150421,455189,9726,98230,4.216430768090704,0.17749661648768836
149,0.1733,2,15,2,150436,455174,9728,98228,4.21629182259439,0.17749845501100467
150,0.1738,0,1,0,150437,455173,9728,98228,4.216282559561303,0.1774987757521219
151,0.1743,0,1,0,150438,455172,9728,98228,4.2162732965282155,0.17749909649439827
152,0.175,108,1373,108,151811,453799,9836,98120,4.203555152099003,0.17777971042852303
153,0.1767,0,2,0,151813,453797,9836,98120,4.203536626032828,0.17778035465477598
154,0.1771,1,4,1,151817,453793,9837,98119,4.203499573900478,0.17778015335778166
155,0.1772,0,6,0,151823,453787,9837,98119,4.203443995701953,0.17778208607987592
156,0.1778,0,3,0,151826,453784,9837,98119,4.20341620660269,0.1777830524566817
157,0.1781,1,0,1,151826,453784,9838,98118,4.20341620660269,0.17778156266873466
158,0.1783,0,6,0,151832,453778,9838,98118,4.203360628404164,0.1777834954411701
159,0.1786,0,4,0,151836,453774,9838,98118,4.203323576271814,0.17778478397947425
160,0.1792,0,1,0,151837,453773,9838,98118,4.203314313238727,0.17778510611696874
161,0.18,50,414,50,152251,453359,9888,98068,4.19947941754048,0.17784403012547445
162,0.1814,0,1,0,152252,453358,9888,98068,4.199470154507392,0.17784435264205894
163,0.1817,0,3,0,152255,453355,9888,98068,4.199442365408129,0.17784532019883104
164,0.1818,2,1,2,152256,453354,9890,98066,4.199433102375042,0.17784266076674768
165,0.1819,0,3,0,152259,453351,9890,98066,4.199405313275779,0.17784362832484307
166,0.1821,1,3,1,152262,453348,9891,98065,4.1993775241765166,0.17784310489596727
167,0.1833,34,429,34,152691,452919,9925,98031,4.195403682981955,0.177930846719303
168,0.1843,0,1,0,152692,452918,9925,98031,4.195394419948868,0.17793116967269204
169,0.185,0,12,0,152704,452906,9925,98031,4.195283263551818,0.17793504520480563
170,0.1857,7,54,7,152758,452852,9932,98024,4.19478305976509,0.17794204140314698
171,0.1861,0,1,0,152759,452851,9932,98024,4.194773796732002,0.17794236442024053
172,0.1867,6,15,6,152774,452836,9938,98018,4.194634851235689,0.1779382558717918
173,0.1875,2,18,2,152792,452818,9940,98016,4.194468116640112,0.17794108569913986
174,0.1883,2,3,2,152795,452815,9942,98014,4.19444032754085,0.17793907001991544
175,0.1889,0,2,0,152797,452813,9942,98014,4.194421801474675,0.17793971609961023
176,0.19,4,37,4,152834,452776,9946,98010,4.194079069250435,0.177945699418649
177,0.1905,0,4,0,152838,452772,9946,98010,4.194042017118085,0.17794699173175593
178,0.1917,1,39,1,152877,452733,9947,98009,4.1936807588276706,0.17795810016305275
179,0.1923,0,1,0,152878,452732,9947,98009,4.193671495794583,0.17795842328789757
180,0.1929,1,4,1,152882,452728,9948,98008,4.193634443662233,0.1779582231777113
181,0.1933,1,20,1,152902,452708,9949,98007,4.193449183000482,0.17796319330325122
182,0.1944,0,2,0,152904,452706,9949,98007,4.193430656934306,0.1779638396042948
183,0.195,0,3,0,152907,452703,9949,98007,4.193402867835044,0.17796480906466197
184,0.1952,2,7,2,152914,452696,9951,98005,4.193338026603431,0.1779640857743131
185,0.1967,1,5,1,152919,452691,9952,98004,4.193291711437993,0.1779642088633454
186,0.1972,0,1,0,152920,452690,9952,98004,4.193282448404906,0.17796453202686066
187,0.1983,1,6,1,152926,452684,9953,98003,4.19322687020638,0.1779649782907532
188,0.1986,0,1,0,152927,452683,9953,98003,4.193217607173293,0.17796530146036035
189,0.1995,0,3,0,152930,452680,9953,98003,4.19318981807403,0.17796627097622408
190,0.2,7541,80124,7541,233054,372556,17494,90462,3.4509985549668385,0.19537469385639436
191,0.2012,0,2,0,233056,372554,17494,90462,3.450980028900663,0.19537553777839212
192,0.2017,0,3,0,233059,372551,17494,90462,3.4509522398014005,0.1953768036750588
193,0.2024,0,1,0,233060,372550,17494,90462,3.450942976768313,0.19537722564425977
194,0.2025,0,1,0,233061,372549,17494,90462,3.4509337137352256,0.19537764761528345
195,0.2033,0,8,0,233069,372541,17494,90462,3.450859609470525,0.1953810234490921
196,0.2036,0,1,0,233070,372540,17494,90462,3.4508503464374374,0.1953814454365208
197,0.2038,0,1,0,233071,372539,17494,90462,3.45084108340435,0.1953818674257723
198,0.2048,0,3,0,233074,372536,17494,90462,3.450813294305087,0.19538313340446395
199,0.205,1,11,1,233085,372525,17495,90461,3.450711400941124,0.19538603759076947
200,0.2056,0,4,0,233089,372521,17495,90461,3.450674348808774,0.195387725656721
201,0.2067,2,18,2,233107,372503,17497,90459,3.450507614213198,0.19539184641504054
202,0.2071,0,7,0,233114,372496,17497,90459,3.450442772981585,0.1953948007905736
203,0.2076,0,2,0,233116,372494,17497,90459,3.45042424691541,0.19539564491427855
204,0.2083,5,90,5,233206,372404,17502,90454,3.44959057393753,0.19542494674392577
205,0.2086,0,1,0,233207,372403,17502,90454,3.4495813109044424,0.1954253689584472
206,0.209,1,3,1,233210,372400,17503,90453,3.44955352180518,0.19542489732161183
207,0.2095,2,5,2,233215,372395,17505,90451,3.4495072066397423,0.19542353180107422
208,0.21,5,55,5,233270,372340,17510,90446,3.4489977398199265,0.19543806424567728
209,0.2107,0,3,0,233273,372337,17510,90446,3.448969950720664,0.19543933117681506
210,0.2108,0,2,0,233275,372335,17510,90446,3.448951424654489,0.19544017580669906
211,0.2111,2,9,2,233284,372326,17512,90444,3.4488680573567008,0.19544049960023338
212,0.2112,0,2,0,233286,372324,17512,90444,3.448849531290526,0.1954413442588943
213,0.2114,0,1,0,233287,372323,17512,90444,3.448840268257438,0.19544176659096263
214,0.2117,0,1,0,233288,372322,17512,90444,3.4488310052243505,0.19544218892485618
215,0.2119,0,1,0,233289,372321,17512,90444,3.4488217421912633,0.19544261126057502
216,0.2125,0,7,0,233296,372314,17512,90444,3.4487569009596504,0.1954455676617152
217,0.2129,0,1,0,233297,372313,17512,90444,3.4487476379265627,0.19544599001203655
218,0.2133,2,19,2,233316,372294,17514,90442,3.448571640297899,0.19545053767158813
219,0.2139,1,1,1,233317,372293,17515,90441,3.4485623772648117,0.19544922136691922
220,0.2143,0,6,0,233323,372287,17515,90441,3.448506799066286,0.1954517556750402
221,0.215,1,13,1,233336,372274,17516,90440,3.448386379636148,0.19545550815406493
222,0.2167,61,556,61,233892,371718,17577,90379,3.443236133239468,0.19558447685226263
223,0.2171,0,2,0,233894,371716,17577,90379,3.4432176071732927,0.19558532336424328
224,0.2175,0,1,0,233895,371715,17577,90379,3.4432083441402055,0.19558574662298148
225,0.2176,0,4,0,233899,371711,17577,90379,3.443171292007855,0.19558743967625355
226,0.2179,0,4,0,233903,371707,17577,90379,3.443134239875505,0.1955891327588371
227,0.2183,1,1,1,233904,371706,17578,90378,3.4431249768424173,0.19558781520243074
228,0.219,0,2,0,233906,371704,17578,90378,3.4431064507762423,0.19558866175267592
229,0.22,11,61,11,233967,371643,17589,90367,3.4425414057579014,0.19559533343434124
230,0.2208,0,1,0,233968,371642,17589,90367,3.4425321427248137,0.1955957567926166
231,0.2214,0,5,0,233973,371637,17589,90367,3.442485827559376,0.1955978736114839
232,0.2217,1,4,1,233977,371633,17590,90366,3.442448775427026,0.1955978259693203
233,0.2222,0,1,0,233978,371632,17590,90366,3.442439512393938,0.19559824934307074
234,0.2233,1,4,1,233982,371628,17591,90365,3.442402460261588,0.19559820170435482
235,0.2238,1,1,1,233983,371627,17592,90364,3.4423931972285007,0.19559688392198116
236,0.225,64,500,64,234483,371127,17656,90300,3.4377616806847233,0.1956972608885046
237,0.2257,0,1,0,234484,371126,17656,90300,3.4377524176516356,0.19569768500257897
238,0.2262,0,4,0,234488,371122,17656,90300,3.437715365519286,0.19569938147725943
239,0.2267,4,28,4,234516,371094,17660,90296,3.4374560005928343,0.19570428487830252
240,0.2271,0,1,0,234517,371093,17660,90296,3.4374467375597466,0.1957047090416113
241,0.2274,1,0,1,234517,371093,17661,90295,3.4374467375597466,0.1957029658335284
242,0.2283,0,2,0,234519,371091,17661,90295,3.4374282114935713,0.19570381415994417
243,0.2286,3,12,3,234531,371079,17664,90292,3.437317055096521,0.195703674483225
244,0.2292,0,2,0,234533,371077,17664,90292,3.4372985290303455,0.19570452284397089
245,0.2298,0,1,0,234534,371076,17664,90292,3.4372892659972583,0.195704947027102
246,0.23,13,64,13,234598,371012,17677,90279,3.4366964318796547,0.1957094328742594
247,0.2313,0,4,0,234602,371008,17677,90279,3.4366593797473044,0.1957111299472996
248,0.2317,1,3,1,234605,371005,17678,90278,3.436631590648042,0.19571065918319122
249,0.2321,0,4,0,234609,371001,17678,90278,3.4365945385156915,0.1957123562962979
250,0.2333,156,1576,156,236185,369425,17834,90122,3.4219959983697064,0.19611051753139505
251,0.2336,0,2,0,236187,369423,17834,90122,3.421977472303531,0.1961113710300406
252,0.2346,0,2,0,236189,369421,17834,90122,3.421958946237356,0.19611222453611524
253,0.235,2,20,2,236209,369401,17836,90120,3.4217736855756047,0.1961172612350687
254,0.2357,1,7,1,236216,369394,17837,90119,3.421708844343992,0.19611849936780895
255,0.2364,0,1,0,236217,369393,17837,90119,3.4216995813109046,0.19611892616514912
256,0.2367,1,7,1,236224,369386,17838,90118,3.4216347400792917,0.19612016435112642
257,0.2371,0,2,0,236226,369384,17838,90118,3.4216162140131163,0.19612101797163015
258,0.2372,0,6,0,236232,369378,17838,90118,3.421560635814591,0.1961235788777269
259,0.2375,0,7,0,236239,369371,17838,90118,3.4214957945829783,0.196126566686036
260,0.2378,0,1,0,236240,369370,17838,90118,3.4214865315498906,0.19612699352322585
261,0.2381,2,2,2,236242,369368,17840,90116,3.4214680054837157,0.19612434818187358
262,0.2383,0,3,0,236245,369365,17840,90116,3.421440216384453,0.1961256286984663
263,0.2389,0,1,0,236246,369364,17840,90116,3.4214309533513654,0.1961260555410464
264,0.2393,1,5,1,236251,369359,17841,90115,3.4213846381859274,0.1961264402338326
265,0.2396,0,2,0,236253,369357,17841,90115,3.4213661121197525,0.196127293937389
266,0.24,18,162,18,236415,369195,17859,90097,3.4198655007595686,0.1961649669491304
267,0.2405,0,1,0,236416,369194,17859,90097,3.419856237726481,0.19616539405300779
268,0.2417,16,118,16,236534,369076,17875,90081,3.4187631998221497,0.19618779633110242
269,0.2421,1,7,1,236541,369069,17876,90080,3.418698358590537,0.19618903667436932
270,0.2429,1,14,1,236555,369055,17877,90079,3.418568676127311,0.19619326819621288
271,0.2433,2,11,2,236566,369044,17879,90077,3.418466782763348,0.1961944672537305
272,0.2442,0,3,0,236569,369041,17879,90077,3.4184389936640853,0.19619574924093588
273,0.2444,1,2,1,236571,369039,17880,90076,3.4184204675979104,0.1961948531413698
274,0.2448,0,1,0,236572,369038,17880,90076,3.4184112045648227,0.19619528047500184
275,0.245,0,14,0,236586,369024,17880,90076,3.418281522101597,0.19620126334132
276,0.2452,1,3,1,236589,369021,17881,90075,3.4182537330023344,0.1962007946050499
277,0.2457,0,1,0,236590,369020,17881,90075,3.4182444699692467,0.1962012219693092
278,0.2458,0,2,0,236592,369018,17881,90075,3.4182259439030718,0.19620207670341303
279,0.2464,0,1,0,236593,369017,17881,90075,3.418216680869984,0.19620250407325765
280,0.2467,1,37,1,236630,368980,17882,90074,3.4178739486457443,0.1962165671141086
281,0.2476,0,4,0,236634,368976,17882,90074,3.4178368965133945,0.19621827687615728
282,0.2483,1,12,1,236646,368964,17883,90073,3.4177257401163437,0.196221655334973
283,0.2488,0,4,0,236650,368960,17883,90073,3.4176886879839934,0.19622336520468028
284,0.2492,0,2,0,236652,368958,17883,90073,3.4176701619178185,0.19622422015070878
285,0.2494,0,1,0,236653,368957,17883,90073,3.417660898884731,0.19622464762651678
286,0.25,809,7718,809,244371,361239,18692,89264,3.3461688095149875,0.19814296464174488
287,0.2512,2,0,2,244371,361239,18694,89262,3.3461688095149875,0.1981394047959938
288,0.2514,1,1,1,244372,361238,18695,89261,3.3461595464819,0.19813806467938885
289,0.2517,2,2,2,244374,361236,18697,89259,3.346141020415725,0.1981353844104818
290,0.2523,0,2,0,244376,361234,18697,89259,3.34612249434955,0.198136264048498
291,0.2524,2,5,2,244381,361229,18699,89257,3.346076179184112,0.19813490319344
292,0.2533,1,11,1,244392,361218,18700,89256,3.345974285820149,0.19813796134738076
293,0.2536,0,5,0,244397,361213,18700,89256,3.3459279706547114,0.19814016058818698
294,0.2542,0,2,0,244399,361211,18700,89256,3.345909444588536,0.19814104029817944
295,0.2543,0,1,0,244400,361210,18700,89256,3.3459001815554483,0.198141480156105
296,0.2545,0,2,0,244402,361208,18700,89256,3.3458816554892734,0.19814235987781487
297,0.255,1,11,1,244413,361197,18701,89255,3.3457797621253103,0.19814541837976077
298,0.2556,0,3,0,244416,361194,18701,89255,3.3457519730260477,0.19814673803249647
299,0.2567,4,13,4,244429,361181,18705,89251,3.3456315535959096,0.19814533603296391
300,0.2571,3,26,3,244455,361155,18708,89248,3.345390714735633,0.19815143327198087
301,0.2579,0,2,0,244457,361153,18708,89248,3.345372188669458,0.19815231316093881
302,0.2583,5,85,5,244542,361068,18713,89243,3.344584830857016,0.1981808128160316
303,0.2595,0,3,0,244545,361065,18713,89243,3.3445570417577533,0.19818213311777716
304,0.26,49,321,49,244866,360744,18762,89194,3.341583608136648,0.19823620143219733
305,0.2603,1,2,1,244868,360742,18763,89193,3.341565082070473,0.19823530065453898
306,0.2607,0,5,0,244873,360737,18763,89193,3.3415187669050352,0.19823750361167292
307,0.2617,1,3,1,244876,360734,18764,89192,3.3414909778057726,0.19823704342491877
308,0.2619,0,1,0,244877,360733,18764,89192,3.341481714772685,0.1982374840251153
309,0.2625,2,10,2,244887,360723,18766,89190,3.3413890844418095,0.19823832607637476
310,0.2633,4,9,4,244896,360714,18770,89186,3.3413057171440217,0.1982351633696377
311,0.2638,0,1,0,244897,360713,18770,89186,3.341296454110934,0.198235603991118
312,0.2639,1,3,1,244900,360710,18771,89185,3.3412686650116714,0.19823514375576523
313,0.265,0,7,0,244907,360703,18771,89185,3.3412038237800585,0.1982382281812362
314,0.2657,0,1,0,244908,360702,18771,89185,3.341194560746971,0.1982386688212818
315,0.2667,456,3930,456,248838,356772,19227,88729,3.304790840712883,0.19916678077041353
316,0.2679,1,4,1,248842,356768,19228,88728,3.3047537885805327,0.19916677141882305
317,0.2683,2,6,2,248848,356762,19230,88726,3.3046982103820075,0.19916585856409152
318,0.2689,1,0,1,248848,356762,19231,88725,3.3046982103820075,0.19916406090413413
319,0.269,0,1,0,248849,356761,19231,88725,3.30468894734892,0.1991645079755593
320,0.2694,0,1,0,248850,356760,19231,88725,3.3046796843158326,0.19916495504899154
321,0.2695,1,2,1,248852,356758,19232,88724,3.3046611582496572,0.19916405152172253
322,0.27,2,17,2,248869,356741,19234,88722,3.304503686687169,0.19916805660627257
323,0.2708,1,2,1,248871,356739,19235,88721,3.304485160620994,0.19916715305526872
324,0.2714,1,27,1,248898,356712,19236,88720,3.3042350587276297,0.19917742775552721
325,0.2717,1,4,1,248902,356708,19237,88719,3.3041980065952794,0.1991774185220025
326,0.2724,1,2,1,248904,356706,19238,88718,3.3041794805291045,0.1991765149610259
327,0.2726,0,1,0,248905,356705,19238,88718,3.304170217496017,0.19917696212364427
328,0.2727,0,1,0,248906,356704,19238,88718,3.304160954462929,0.19917740928827046
329,0.2733,2,16,2,248922,356688,19240,88716,3.3040127459335284,0.19918096828946305
330,0.2748,0,1,0,248923,356687,19240,88716,3.3040034829004408,0.19918141548215884
331,0.275,199,1551,199,250474,355136,19439,88517,3.2896365185816445,0.19951854264481475
332,0.2762,0,3,0,250477,355133,19439,88517,3.289608729482382,0.19951989180660432
333,0.2767,4,14,4,250491,355119,19443,88513,3.289479047019156,0.1995189706784001
334,0.2778,0,6,0,250497,355113,19443,88513,3.2894234688206305,0.1995216691537466
335,0.2783,0,2,0,250499,355111,19443,88513,3.2894049427544556,0.19952256866174958
336,0.2786,0,2,0,250501,355109,19443,88513,3.2893864166882802,0.19952346817786312
337,0.2792,0,1,0,250502,355108,19443,88513,3.289377153655193,0.1995239179389614
338,0.28,59,555,59,251057,354553,19502,88454,3.2842361702916003,0.19966727388054817
339,0.2817,1,5,1,251062,354548,19503,88453,3.2841898551261623,0.19966772084035928
340,0.2818,1,2,1,251064,354546,19504,88452,3.2841713290599874,0.19966681565153793
341,0.2821,0,6,0,251070,354540,19504,88452,3.2841157508614622,0.19966951999133167
342,0.2823,0,3,0,251073,354537,19504,88452,3.284087961762199,0.19967087218869994
343,0.2825,0,1,0,251074,354536,19504,88452,3.284078698729112,0.19967132292522596
344,0.2826,0,1,0,251075,354535,19504,88452,3.2840694356960243,0.19967177366378697
345,0.2829,0,1,0,251076,354534,19504,88452,3.2840601726629366,0.19967222440438298
346,0.2833,60,552,60,251628,353982,19564,88392,3.278946978398607,0.19981282805951525
347,0.2836,0,5,0,251633,353977,19564,88392,3.278900663233169,0.19981508650018423
348,0.2838,1,1,1,251634,353976,19565,88391,3.2788914002000813,0.1998137293242941
349,0.2845,0,3,0,251637,353973,19565,88391,3.2788636111008187,0.1998150844101238
350,0.285,1,9,1,251646,353964,19566,88390,3.278780243803031,0.19981734086274794
351,0.2857,7,59,7,251705,353905,19573,88383,3.2782337248508653,0.1998313316210252
352,0.2867,2,14,2,251719,353891,19575,88381,3.2781040423876395,0.19983403878156428
353,0.2875,5,14,5,251733,353877,19580,88376,3.2779743599244138,0.1998313182725725
354,0.2881,0,2,0,251735,353875,19580,88376,3.2779558338582384,0.19983222197349468
355,0.2883,1,0,1,251735,353875,19581,88375,3.2779558338582384,0.1998304126625212
356,0.2886,0,1,0,251736,353874,19581,88375,3.277946570825151,0.199830864512978
357,0.2889,3,15,3,251751,353859,19584,88372,3.2778076253288377,0.19983221438569435
358,0.2893,0,3,0,251754,353856,19584,88372,3.277779836229575,0.19983357001365812
359,0.29,3,64,3,251818,353792,19587,88369,3.2771870021119716,0.1998570656389867
360,0.2905,1,1,1,251819,353791,19588,88368,3.277177739078884,0.19985570801453775
361,0.2917,8,104,8,251923,353687,19596,88360,3.2762143836377784,0.19988824717733636
362,0.2921,0,1,0,251924,353686,19596,88360,3.2762051206046907,0.19988869936612932
363,0.2923,0,1,0,251925,353685,19596,88360,3.276195857571603,0.19988915155696818
364,0.2929,1,2,1,251927,353683,19597,88359,3.276177331505428,0.19988824591328425
365,0.2933,1,24,1,251951,353659,19598,88358,3.275955018711327,0.19989728901829568
366,0.2938,0,3,0,251954,353656,19598,88358,3.2759272296120643,0.19989864574425245
367,0.295,1,2,1,251956,353654,19599,88357,3.275908703545889,0.1998977401014907
368,0.2952,0,1,0,251957,353653,19599,88357,3.2758994405128017,0.1998981923485894
369,0.2957,0,1,0,251958,353652,19599,88357,3.275890177479714,0.19989864459773443
370,0.2958,0,4,0,251962,353648,19599,88357,3.2758531253473637,0.19990045361477812
371,0.2967,5,8,5,251970,353640,19604,88352,3.275779021082663,0.199895020724357
372,0.2972,0,1,0,251971,353639,19604,88352,3.275769758049576,0.19989547298474403
373,0.2976,0,1,0,251972,353638,19604,88352,3.2757604950164882,0.19989592524717753
374,0.2978,0,1,0,251973,353637,19604,88352,3.2757512319834006,0.19989637751165754
375,0.2981,0,1,0,251974,353636,19604,88352,3.275741968950313,0.19989682977818402
376,0.2983,2,7,2,251981,353629,19606,88350,3.2756771277187,0.19989637516714595
377,0.2986,0,1,0,251982,353628,19606,88350,3.2756678646856128,0.19989682744389992
378,0.299,1,2,1,251984,353626,19607,88349,3.2756493386194374,0.19989592171502912
379,0.2993,1,5,1,251989,353621,19608,88348,3.275603023454,0.19989637282252828
380,0.3,9103,74778,9103,326767,278843,28711,79245,2.582931935232873,0.2213003507517705
381,0.3003,0,10,0,326777,278833,28711,79245,2.5828393049019973,0.22130653097928385
382,0.3007,0,9,0,326786,278824,28711,79245,2.582755937604209,0.22131209347918976
383,0.3012,0,1,0,326787,278823,28711,79245,2.5827466745711214,0.22131271155199572
384,0.3017,0,4,0,326791,278819,28711,79245,2.5827096224387716,0.22131518387774252
385,0.3024,0,1,0,326792,278818,28711,79245,2.582700359405684,0.22131580196781014
386,0.3025,0,3,0,326795,278815,28711,79245,2.5826725703064213,0.2213176562587276
387,0.3028,0,1,0,326796,278814,28711,79245,2.5826633072733336,0.22131827436260504
388,0.3033,1,3,1,326799,278811,28712,79244,2.582635518174071,0.22131795394562287
389,0.3036,0,2,0,326801,278809,28712,79244,2.5826169921078956,0.2213191901757561
390,0.3038,0,6,0,326807,278803,28712,79244,2.5825614139093704,0.22132289894902066
391,0.3042,0,4,0,326811,278799,28712,79244,2.58252436177702,0.22132537153358675
392,0.3048,2,6,2,326817,278793,28714,79242,2.582468783578495,0.22132473082240564
393,0.305,2,20,2,326837,278773,28716,79240,2.582283522916744,0.22133274490032484
394,0.3052,0,3,0,326840,278770,28716,79240,2.5822557338174814,0.22133459959219015
395,0.3067,3,28,3,326868,278742,28719,79237,2.5819963688910295,0.221345386181871
396,0.3071,0,5,0,326873,278737,28719,79237,2.581950053725592,0.22134847782241168
397,0.3083,7,110,7,326983,278627,28726,79230,2.580931120085961,0.2214012859885373
398,0.3086,1,0,1,326983,278627,28727,79229,2.580931120085961,0.22139911025663955
399,0.3095,1,1,1,326984,278626,28728,79228,2.5809218570528736,0.22139755319208393
400,0.31,14,84,14,327068,278542,28742,79214,2.580143762273519,0.22141906774449624
401,0.3107,0,4,0,327072,278538,28742,79214,2.5801067101411688,0.22142154341555043
402,0.3111,0,1,0,327073,278537,28742,79214,2.580097447108081,0.2214221623419641
403,0.3115,0,1,0,327074,278536,28742,79214,2.5800881840749934,0.22142278127183787
404,0.3117,1,7,1,327081,278529,28743,79213,2.5800233428433805,0.22142493752480838
405,0.3119,0,1,0,327082,278528,28743,79213,2.5800140798102933,0.22142555647801063
406,0.3121,0,2,0,327084,278526,28743,79213,2.579995553744118,0.2214267943947962
407,0.3125,0,3,0,327087,278523,28743,79213,2.5799677646448553,0.22142865129592773
408,0.3129,1,4,1,327091,278519,28744,79212,2.579930712512505,0.22142895080381628
409,0.3131,1,0,1,327091,278519,28745,79211,2.579930712512505,0.2214267743829145
410,0.3133,5,33,5,327124,278486,28750,79206,2.579625032420616,0.22143631951511356
411,0.3137,0,3,0,327127,278483,28750,79206,2.579597243321353,0.221438176740129
412,0.3143,0,7,0,327134,278476,28750,79206,2.57953240208974,0.22144251038632082
413,0.3149,1,7,1,327141,278469,28751,79205,2.5794675608581272,0.22144466749050812
414,0.315,2,13,2,327154,278456,28753,79203,2.579347141427989,0.2214483628260438
415,0.3157,0,1,0,327155,278455,28753,79203,2.5793378783949015,0.22144898198837995
416,0.3161,0,1,0,327156,278454,28753,79203,2.5793286153618142,0.22144960115417844
417,0.3167,126,811,126,327967,277643,28879,79077,2.5718162955278077,0.22167806683112806
418,0.317,0,1,0,327968,277642,28879,79077,2.57180703249472,0.22167868826723555
419,0.3171,0,1,0,327969,277641,28879,79077,2.5717977694616323,0.22167930970682725
420,0.3183,2,3,2,327972,277638,28881,79075,2.5717699803623697,0.22167681020876728
421,0.3188,0,1,0,327973,277637,28881,79075,2.5717607173292825,0.22167743165354684
422,0.3189,0,1,0,327974,277636,28881,79075,2.571751454296195,0.2216780531018107
423,0.319,1,2,1,327976,277634,28882,79074,2.5717329282300194,0.22167711405407223
424,0.3196,1,0,1,327976,277634,28883,79073,2.5717329282300194,0.2216749320871191
425,0.32,6,58,6,328034,277576,28889,79067,2.5711956723109415,0.22169788836455503
426,0.3207,1,1,1,328035,277575,28890,79066,2.571186409277854,0.22169632767965544
427,0.3208,1,2,1,328037,277573,28891,79065,2.571167883211679,0.22169538860132684
428,0.321,1,7,1,328044,277566,28892,79064,2.571103041980066,0.22169755769284694
429,0.3212,1,4,1,328048,277562,28893,79063,2.5710659898477157,0.22169786189975466
430,0.3214,3,13,3,328061,277549,28896,79060,2.5709455704175777,0.22169939625752574
431,0.3217,1,5,1,328066,277544,28897,79059,2.5708992552521397,0.22170032220704816
432,0.322,0,1,0,328067,277543,28897,79059,2.570889992219052,0.2217009439094565
433,0.3224,0,3,0,328070,277540,28897,79059,2.5708622031197894,0.22170280903760245
434,0.3229,0,1,0,328071,277539,28897,79059,2.570852940086702,0.22170343075395824
435,0.3233,3,11,3,328082,277528,28900,79056,2.570751046722739,0.22170372198416083
436,0.3238,0,3,0,328085,277525,28900,79056,2.5707232576234764,0.22170558722982997
437,0.325,65,493,65,328578,277032,28965,78991,2.566156582311312,0.22187049713080334
438,0.3262,0,10,0,328588,277022,28965,78991,2.5660639519804365,0.22187672922056217
439,0.3264,0,2,0,328590,277020,28965,78991,2.5660454259142615,0.22187797568052672
440,0.3267,8,44,8,328634,276976,28973,78983,2.565637852458409,0.22188791405751787
441,0.3269,1,1,1,328635,276975,28974,78982,2.5656285894253212,0.2218863514413258
442,0.3275,0,2,0,328637,276973,28974,78982,2.5656100633591463,0.22188759815145173
443,0.3278,0,2,0,328639,276971,28974,78982,2.5655915372929714,0.22188884487558752
444,0.3279,0,1,0,328640,276970,28974,78982,2.5655822742598837,0.22188946824290914
445,0.3283,1,4,1,328644,276966,28975,78981,2.5655452221275334,0.2218897757250377
446,0.3286,2,9,2,328653,276957,28977,78979,2.5654618548297456,0.22189101411489706
447,0.3292,0,1,0,328654,276956,28977,78979,2.565452591796658,0.22189163751808616
448,0.33,14,81,14,328735,276875,28991,78965,2.564702286116566,0.22191153327338128
449,0.3302,0,1,0,328736,276874,28991,78965,2.5646930230834784,0.22191215690241936
450,0.3317,2,3,2,328739,276871,28993,78963,2.5646652339842158,0.22190965450181827
451,0.3321,0,1,0,328740,276870,28993,78963,2.564655970951128,0.22191027813609193
452,0.3333,211,1436,211,330176,275434,29204,78752,2.5513542554374005,0.2223464507349246
453,0.335,1,29,1,330205,275405,29205,78751,2.5510856274778613,0.22236246174002416
454,0.3356,0,2,0,330207,275403,29205,78751,2.5510671014116864,0.2223637174788369
455,0.3357,3,17,3,330224,275386,29208,78748,2.550909629849198,0.22236780427747688
456,0.3359,0,1,0,330225,275385,29208,78748,2.5509003668161103,0.222368432199202
457,0.336,0,3,0,330228,275382,29208,78748,2.5508725777168477,0.222370315985655
458,0.3362,0,1,0,330229,275381,29208,78748,2.55086331468376,0.2223709439215653
459,0.3367,0,1,0,330230,275380,29208,78748,2.5508540516506724,0.222371571861022
460,0.3371,0,1,0,330231,275379,29208,78748,2.550844788617585,0.22237219980402512
461,0.3375,4,13,4,330244,275366,29212,78744,2.5507243691874466,0.22237157945271244
462,0.3381,0,5,0,330249,275361,29212,78744,2.550678054022009,0.22237471936290085
463,0.3389,1,5,1,330254,275356,29213,78743,2.550631738856571,0.22237566330320052
464,0.3398,0,1,0,330255,275355,29213,78743,2.5506224758234834,0.2223762913091856
465,0.34,15,134,15,330389,275221,29228,78728,2.5493812293897515,0.2224275248694021
466,0.3402,0,1,0,330390,275220,29228,78728,2.549371966356664,0.22242815328805363
467,0.3405,0,3,0,330393,275217,29228,78728,2.5493441772574013,0.22243003856531382
468,0.3417,24,172,24,330565,275045,29252,78704,2.547750935566342,0.22248543458780096
469,0.3429,3,14,3,330579,275031,29255,78701,2.547621253103116,0.22248764601449686
470,0.3433,2,19,2,330598,275012,29257,78699,2.5474452554744524,0.22249520088433777
471,0.3434,0,1,0,330599,275011,29257,78699,2.547435992441365,0.22249582991716377
472,0.3437,0,1,0,330600,275010,29257,78699,2.5474267294082775,0.22249645895354656
473,0.3439,0,1,0,330601,275009,29257,78699,2.54741746637519,0.22249708799348616
474,0.344,0,3,0,330604,275006,29257,78699,2.5473896772759272,0.22249897513464612
475,0.3444,0,5,0,330609,275001,29257,78699,2.5473433621104893,0.22250212044105175
476,0.345,0,12,0,330621,274989,29257,78699,2.547232205713439,0.22250966953925494
477,0.3452,1,0,1,330621,274989,29258,78698,2.547232205713439,0.22250747129524126
478,0.3455,1,0,1,330621,274989,29259,78697,2.547232205713439,0.22250527303879714
479,0.3457,0,3,0,330624,274986,29259,78697,2.5472044166141763,0.22250716036676912
480,0.3458,0,1,0,330625,274985,29259,78697,2.5471951535810886,0.22250778948320807
481,0.3464,0,4,0,330629,274981,29259,78697,2.5471581014487383,0.2225103059845396
482,0.3467,9,62,9,330691,274919,29268,78688,2.54658379339731,0.2225295313723993
483,0.3472,0,4,0,330695,274915,29268,78688,2.54654674126496,0.22253204865343337
484,0.3483,1,6,1,330701,274909,29269,78687,2.5464911630664346,0.22253362594599485
485,0.35,1081,7303,1081,338004,267606,30350,77606,2.478843232428026,0.22480678539564095
486,0.3506,2,1,2,338005,267605,30352,77604,2.478833969394939,0.22480294546202445
487,0.3514,0,2,0,338007,267603,30352,77604,2.4788154433287635,0.22480424788605097
488,0.3517,1,3,1,338010,267600,30353,77603,2.478787654229501,0.22480395593317556
489,0.3521,0,1,0,338011,267599,30353,77603,2.478778391196413,0.22480460715754833
490,0.3522,1,4,1,338015,267595,30354,77602,2.4787413390640634,0.2248049664394534
491,0.3524,1,7,1,338022,267588,30355,77601,2.4786764978324505,0.22480727949036614
492,0.3529,0,1,0,338023,267587,30355,77601,2.478667234799363,0.2248079307507793
493,0.3533,1,19,1,338042,267568,30356,77600,2.478491237170699,0.22481805961155146
494,0.3536,0,3,0,338045,267565,30356,77600,2.4784634480714365,0.22482001361667608
495,0.3542,2,5,2,338050,267560,30358,77598,2.4784171329059985,0.22481877864630112
496,0.3543,0,1,0,338051,267559,30358,77598,2.4784078698729113,0.22481942999852242
497,0.3548,0,1,0,338052,267558,30358,77598,2.4783986068398236,0.22482008135451795
498,0.355,6,40,6,338092,267518,30364,77592,2.4780280855163213,0.22483266204978122
499,0.3554,0,2,0,338094,267516,30364,77592,2.4780095594501463,0.22483396501964603
500,0.3556,0,3,0,338097,267513,30364,77592,2.4779817703508837,0.22483591950276002
501,0.3567,1,25,1,338122,267488,30365,77591,2.477750194523695,0.22484996189278397
502,0.3571,0,32,0,338154,267456,30365,77591,2.477453777464893,0.224870814700606
503,0.3576,3,6,3,338160,267450,30368,77588,2.477398199266368,0.2248679855552142
504,0.3583,12,85,12,338245,267365,30380,77576,2.4766108414539256,0.2248964315636587
505,0.3595,0,2,0,338247,267363,30380,77576,2.4765923153877507,0.2248977355416465
506,0.36,32,275,32,338522,267088,30412,77544,2.474044981288673,0.2250052229624643
507,0.3607,1,4,1,338526,267084,30413,77543,2.474007929156323,0.22500558574923032
508,0.3612,0,2,0,338528,267082,30413,77543,2.473989403090148,0.22500689154878492
509,0.3613,1,1,1,338529,267081,30414,77542,2.4739801400570602,0.22500529564190433
510,0.3617,0,6,0,338535,267075,30414,77542,2.473924561858535,0.22500921312645633
511,0.3619,0,3,0,338538,267072,30414,77542,2.4738967727592724,0.22501117191988718
512,0.3625,0,7,0,338545,267065,30414,77542,2.4738319315276596,0.22501574257052237
513,0.3631,0,2,0,338547,267063,30414,77542,2.473813405461484,0.22501704850480986
514,0.3633,3,19,3,338566,267044,30417,77539,2.473637407832821,0.2250227086072151
515,0.364,1,7,1,338573,267037,30418,77538,2.473572566601208,0.2250250308350867
516,0.3643,0,6,0,338579,267031,30418,77538,2.4735169884026824,0.22502894920901184
517,0.365,0,9,0,338588,267022,30418,77538,2.4734336211048946,0.225034827025772
518,0.3655,0,1,0,338589,267021,30418,77538,2.473424358071807,0.22503548013547753
519,0.3657,0,1,0,338590,267020,30418,77538,2.4734150950387193,0.22503613324897404
520,0.3667,559,3723,559,342313,263297,30977,76979,2.438928822853755,0.22622518191115448
521,0.3675,0,1,0,342314,263296,30977,76979,2.438919559820668,0.22622584674160606
522,0.3683,3,16,3,342330,263280,30980,76976,2.4387713512912668,0.22622966237186118
523,0.369,0,5,0,342335,263275,30980,76976,2.4387250361258292,0.22623298682443255
524,0.3695,0,1,0,342336,263274,30980,76976,2.4387157730927416,0.22623365172667156
525,0.37,4,19,4,342355,263255,30984,76972,2.438539775464078,0.22623718870048526
526,0.3708,1,2,1,342357,263253,30985,76971,2.438521249397903,0.22623624435665915
527,0.3714,4,36,4,342393,263217,30989,76967,2.438187780206751,0.22625108764668533
528,0.3719,0,3,0,342396,263214,30989,76967,2.4381599911074883,0.22625308291762328
529,0.3724,0,2,0,342398,263212,30989,76967,2.4381414650413133,0.22625441311779976
530,0.3727,0,1,0,342399,263211,30989,76967,2.4381322020082257,0.22625507822375346
531,0.3733,2,21,2,342420,263190,30991,76965,2.437937678313387,0.22626449706751334
532,0.375,247,1585,247,344005,261605,31238,76718,2.4232557708696136,0.22675963502333568
533,0.3752,1,4,1,344009,261601,31239,76717,2.4232187187372634,0.2267600305038455
534,0.3756,0,4,0,344013,261597,31239,76717,2.423181666604913,0.2267627115638135
535,0.3762,0,1,0,344014,261596,31239,76717,2.4231724035718254,0.22676338183871148
536,0.3767,4,14,4,344028,261582,31243,76713,2.4230427211085996,0.22676362346472753
537,0.3774,1,2,1,344030,261580,31244,76712,2.4230241950424247,0.22676267839617845
538,0.3775,0,3,0,344033,261577,31244,76712,2.422996405943162,0.22676468936323677
539,0.3778,1,4,1,344037,261573,31245,76711,2.422959353810812,0.2267650849582008
540,0.3779,0,1,0,344038,261572,31245,76711,2.422950090777724,0.2267657552995569
541,0.3783,1,1,1,344039,261571,31246,76710,2.4229408277446365,0.22676413987188165
542,0.3786,0,2,0,344041,261569,31246,76710,2.4229223016784616,0.22676548056485918
543,0.3788,0,3,0,344044,261566,31246,76710,2.422894512579199,0.2267674916340503
544,0.3792,0,1,0,344045,261565,31246,76710,2.4228852495461113,0.2267681619983741
545,0.3798,0,1,0,344046,261564,31246,76710,2.4228759865130236,0.22676883236666134
546,0.38,85,514,85,344560,261050,31331,76625,2.418114787506021,0.2269193751388169
547,0.3808,0,1,0,344561,261049,31331,76625,2.4181055244729333,0.22692004714606395
548,0.381,1,8,1,344569,261041,31332,76624,2.418031420208233,0.2269231338752906
549,0.3812,0,2,0,344571,261039,31332,76624,2.418012894142058,0.2269244779558317
550,0.3817,1,3,1,344574,261036,31333,76623,2.417985105042795,0.22692420459694543
551,0.3821,0,2,0,344576,261034,31333,76623,2.4179665789766203,0.22692554870771225
552,0.3825,0,2,0,344578,261032,31333,76623,2.417948052910445,0.22692689283440198
553,0.3829,0,1,0,344579,261031,31333,76623,2.4179387898773577,0.22692756490371802
554,0.383,0,3,0,344582,261028,31333,76623,2.4179110007780946,0.2269295811355512
555,0.3833,78,532,78,345114,260496,31411,76545,2.412983067175516,0.22710886806056235
556,0.3836,0,2,0,345116,260494,31411,76545,2.412964541109341,0.22711021573171059
557,0.3838,0,3,0,345119,260491,31411,76545,2.4129367520100784,0.22711223726842236
558,0.3845,1,1,1,345120,260490,31412,76544,2.4129274889769907,0.2271106179198538
559,0.385,1,20,1,345140,260470,31413,76543,2.4127422283152393,0.22712180242305194
560,0.3857,6,78,6,345218,260392,31419,76537,2.4120197117344104,0.22716061840921975
561,0.3867,0,10,0,345228,260382,31419,76537,2.411927081403535,0.22716736070093999
562,0.3869,0,1,0,345229,260381,31419,76537,2.4119178183704473,0.22716803495212484
563,0.3875,2,24,2,345253,260357,31421,76535,2.411695505576346,0.22717963026726667
564,0.388,2,1,2,345254,260356,31423,76533,2.4116862425432584,0.22717571663070033
565,0.3881,2,8,2,345262,260348,31425,76531,2.411612138278558,0.22717652332142996
566,0.3883,2,8,2,345270,260340,31427,76529,2.4115380340138577,0.22717733006005303
567,0.3886,0,4,0,345274,260336,31427,76529,2.4115009818815074,0.22718002760749856
568,0.3889,1,7,1,345281,260329,31428,76528,2.4114361406498945,0.22718245427585
569,0.3892,0,10,0,345291,260319,31428,76528,2.411343510319019,0.22718919865695703
570,0.3894,0,1,0,345292,260318,31428,76528,2.4113342472859314,0.22718987311709207
571,0.39,5,44,5,345336,260274,31433,76523,2.4109266738300787,0.22720808083207392
572,0.3905,0,3,0,345339,260271,31433,76523,2.410898884730816,0.22721010469307648
573,0.3909,1,4,1,345343,260267,31434,76522,2.410861832598466,0.2272105086567554
574,0.3917,15,95,15,345438,260172,31449,76507,2.409981844455148,0.22724019021085365
575,0.3929,2,6,2,345444,260166,31451,76505,2.409926266256623,0.22723964939065142
576,0.3933,5,32,5,345476,260134,31456,76500,2.409629849197821,0.22724977275022726
577,0.3936,1,0,1,345476,260134,31457,76499,2.409629849197821,0.2272474772229698
578,0.394,0,1,0,345477,260133,31457,76499,2.409620586164734,0.22724815228498776
579,0.3945,0,1,0,345478,260132,31457,76499,2.4096113231316463,0.2272488273510164
580,0.3946,1,0,1,345478,260132,31458,76498,2.4096113231316463,0.22724653180049312
581,0.395,2,17,2,345495,260115,31460,76496,2.409453851569158,0.2272534171491722
582,0.3952,0,2,0,345497,260113,31460,76496,2.4094353255029826,0.2272547674007528
583,0.3958,0,3,0,345500,260110,31460,76496,2.40940753640372,0.227256792808209
584,0.3964,0,1,0,345501,260109,31460,76496,2.4093982733706323,0.22725746795205062
585,0.3967,2,32,2,345533,260077,31462,76494,2.409101856311831,0.22727448294713448
586,0.397,0,1,0,345534,260076,31462,76494,2.4090925932787433,0.22727515821374453
587,0.3971,0,1,0,345535,260075,31462,76494,2.4090833302456556,0.22727583348436725
588,0.3976,0,3,0,345538,260072,31462,76494,2.409055541146393,0.2272778593203116
589,0.3981,0,1,0,345539,260071,31462,76494,2.4090462781133053,0.22727853460698527
590,0.3983,1,5,1,345544,260066,31463,76493,2.408999962947868,0.22727961516405742
591,0.3985,1,5,1,345549,260061,31464,76492,2.40895364778243,0.22728069575965748
592,0.3988,0,1,0,345550,260060,31464,76492,2.408944384749342,0.22728137108084337
593,0.3995,0,3,0,345553,260057,31464,76492,2.4089165956500795,0.22728339706848036
594,0.4,10310,63107,10310,408660,196950,41774,66182,1.8243543665937976,0.25151634920876215
595,0.4006,0,1,0,408661,196949,41774,66182,1.82434510356071,0.251517305068578
596,0.4017,0,4,0,408665,196945,41774,66182,1.8243080514283596,0.25152112858049536
597,0.4019,0,5,0,408670,196940,41774,66182,1.8242617362629219,0.25152590813386944
598,0.4024,0,2,0,408672,196938,41774,66182,1.8242432101967467,0.25152782000608087
599,0.4029,3,5,3,408677,196933,41777,66179,1.824196895031309,0.25152406579707504
600,0.403,0,1,0,408678,196932,41777,66179,1.8241876319982215,0.2515250217588774
601,0.4033,3,13,3,408691,196919,41780,66176,1.8240672125680832,0.2515289154107832
602,0.4036,0,1,0,408692,196918,41780,66176,1.8240579495349958,0.2515298714527887
603,0.404,1,1,1,408693,196917,41781,66175,1.824048686501908,0.2515279826068448
604,0.4042,1,10,1,408703,196907,41782,66174,1.8239560561710326,0.2515346984388838
605,0.4048,0,2,0,408705,196905,41782,66174,1.8239375301048575,0.2515366106758806
606,0.405,6,25,6,408730,196880,41788,66168,1.8237059542776686,0.25154344454244093
607,0.4054,0,1,0,408731,196879,41788,66168,1.8236966912445811,0.25154440081050156
608,0.4056,0,2,0,408733,196877,41788,66168,1.823678165178406,0.2515463133684351
609,0.4057,0,1,0,408734,196876,41788,66168,1.8236689021453185,0.2515472696583081
610,0.4058,0,1,0,408735,196875,41788,66168,1.8236596391122308,0.2515482259554522
611,0.4067,1,31,1,408766,196844,41789,66167,1.8233724850865167,0.251575029181289
612,0.4071,1,17,1,408783,196827,41790,66166,1.8232150135240284,0.25158844531983743
613,0.4073,0,1,0,408784,196826,41790,66166,1.8232057504909407,0.25158940195899493
614,0.4083,24,126,24,408910,196700,41814,66142,1.822038608321909,0.25164167066146204
615,0.4095,0,1,0,408911,196699,41814,66142,1.8220293452888214,0.25164262805270105
616,0.41,10,59,10,408970,196640,41824,66132,1.8214828263366556,0.25167064984092674
617,0.4107,0,1,0,408971,196639,41824,66132,1.8214735633035681,0.25167160759748985
618,0.4111,0,3,0,408974,196636,41824,66132,1.8214457742043055,0.2516744809109176
619,0.4117,0,3,0,408977,196633,41824,66132,1.8214179851050427,0.2516773542899549
620,0.4119,1,5,1,408982,196628,41825,66131,1.821371669939605,0.25167929547608264
621,0.4122,0,3,0,408985,196625,41825,66131,1.8213438808403424,0.2516821690085098
622,0.4125,0,5,0,408990,196620,41825,66131,1.8212975656749046,0.25168695837503946
623,0.4126,0,5,0,408995,196615,41825,66131,1.821251250509467,0.2516917479238504
624,0.4129,0,1,0,408996,196614,41825,66131,1.8212419874763792,0.25169270585548725
625,0.4133,3,23,3,409019,196591,41828,66128,1.8210289377153654,0.25170619559301
626,0.4136,0,1,0,409020,196590,41828,66128,1.821019674682278,0.25170715367808827
627,0.4142,0,2,0,409022,196588,41828,66128,1.8210011486161028,0.2517090698701259
628,0.4143,1,4,1,409026,196584,41829,66127,1.8209640964837526,0.2517100540137261
629,0.415,3,16,3,409042,196568,41832,66124,1.8208158879543517,0.2517168394926378
630,0.4152,0,2,0,409044,196566,41832,66124,1.8207973618881768,0.2517187559480757
631,0.4155,0,1,0,409045,196565,41832,66124,1.820788098855089,0.25171971418673794
632,0.4157,0,1,0,409046,196564,41832,66124,1.8207788358220016,0.2517206724326958
633,0.4162,0,1,0,409047,196563,41832,66124,1.820769572788914,0.25172163068594944
634,0.4167,114,765,114,409812,195798,41946,66010,1.8136833524769351,0.25213133288516776
635,0.4173,1,1,1,409813,195797,41947,66009,1.8136740894438474,0.2521294393558589
636,0.4175,1,4,1,409817,195793,41948,66008,1.8136370373114972,0.25213043494868237
637,0.4179,0,4,0,409821,195789,41948,66008,1.8135999851791471,0.25213428725310066
638,0.4183,3,9,3,409830,195780,41951,66005,1.813516617881359,0.25213438508699887
639,0.4186,0,7,0,409837,195773,41951,66005,1.8134517766497462,0.2521411272146628
640,0.419,0,4,0,409841,195769,41951,66005,1.813414724517396,0.2521449800209341
641,0.4195,1,2,1,409843,195767,41952,66004,1.8133961984512208,0.25214404957004405
642,0.42,11,66,11,409909,195701,41963,65993,1.8127848382674423,0.25217620579761096
643,0.4208,0,2,0,409911,195699,41963,65993,1.8127663122012672,0.2521781330724669
644,0.4212,0,1,0,409912,195698,41963,65993,1.8127570491681797,0.25217909672094185
645,0.4214,1,6,1,409918,195692,41964,65992,1.8127014709696543,0.25218202106357285
646,0.4217,3,15,3,409933,195677,41967,65989,1.812562525473341,0.25218790366344884
647,0.4219,0,1,0,409934,195676,41967,65989,1.8125532624402534,0.25218886744501556
648,0.4222,0,4,0,409938,195672,41967,65989,1.8125162103079033,0.252192722644949
649,0.4233,2,11,2,409949,195661,41969,65987,1.8124143169439402,0.2521976090014065
650,0.4236,0,1,0,409950,195660,41969,65987,1.8124050539108525,0.2521985728863698
651,0.4238,0,5,0,409955,195655,41969,65987,1.8123587387454148,0.252203392421706
652,0.4242,0,7,0,409962,195648,41969,65987,1.8122938975138019,0.2522101400806467
653,0.4245,0,3,0,409965,195645,41969,65987,1.8122661084145393,0.2522130320450098
654,0.425,68,527,68,410492,195118,42037,65919,1.807384489977398,0.2525274194845941
655,0.4251,0,2,0,410494,195116,42037,65919,1.8073659639112232,0.25252935430114737
656,0.4256,2,9,2,410503,195107,42039,65917,1.8072825966134352,0.25253233419149196
657,0.4257,1,0,1,410503,195107,42040,65916,1.8072825966134352,0.2525294705830521
658,0.4262,0,1,0,410504,195106,42040,65916,1.8072733335803475,0.25253043804736763
659,0.4267,6,62,6,410566,195044,42046,65910,1.8066990255289193,0.2525732504579351
660,0.4269,0,2,0,410568,195042,42046,65910,1.8066804994627441,0.2525751862411478
661,0.4274,0,1,0,410569,195041,42046,65910,1.8066712364296564,0.2525761541438814
662,0.4278,0,1,0,410570,195040,42046,65910,1.806661973396569,0.2525771220540333
663,0.4281,1,0,1,410570,195040,42047,65909,1.806661973396569,0.252574257805165
664,0.4283,1,13,1,410583,195027,42048,65908,1.8065415539664307,0.25258397685247286
665,0.4286,3,7,3,410590,195020,42051,65905,1.8064767127348178,0.25258215962441316
666,0.4292,0,2,0,410592,195018,42051,65905,1.8064581866686429,0.25258409569106594
667,0.4297,0,3,0,410595,195015,42051,65905,1.80643039756938,0.2525869998466963
668,0.43,10,113,10,410708,194902,42061,65895,1.8053836748304866,0.25266778375518123
669,0.4308,0,3,0,410711,194899,42061,65895,1.8053558857312237,0.2526706902766168
670,0.4314,0,1,0,410712,194898,42061,65895,1.8053466226981363,0.2526716591319552
671,0.4317,0,5,0,410717,194893,42061,65895,1.8053003075326985,0.2526765035201006
672,0.4318,1,0,1,410717,194893,42062,65894,1.8053003075326985,0.25267363787305347
673,0.4319,1,2,1,410719,194891,42063,65893,1.8052817814665234,0.2526727099822075
674,0.4321,0,1,0,410720,194890,42063,65893,1.805272518433436,0.25267367888244247
675,0.4325,0,1,0,410721,194889,42063,65893,1.8052632554003483,0.25267464779010823
676,0.4329,2,11,2,410732,194878,42065,65891,1.805161362036385,0.2526795746426914
677,0.4333,237,1347,237,412079,193531,42302,65654,1.7926840564674498,0.25330941219592185
678,0.4343,0,4,0,412083,193527,42302,65654,1.7926470043350995,0.25331332157835645
679,0.4344,2,4,2,412087,193523,42304,65652,1.7926099522027492,0.25331146908459534
680,0.435,6,18,6,412105,193505,42310,65646,1.7924432176071734,0.25331177576007813
681,0.4355,1,3,1,412108,193502,42311,65645,1.7924154285079106,0.2533118268781811
682,0.4357,2,16,2,412124,193486,42313,65643,1.7922672199785097,0.2533217046335995
683,0.4367,1,18,1,412142,193468,42314,65642,1.7921004853829339,0.2533364208251322
684,0.4375,1,13,1,412155,193455,42315,65641,1.7919800659527956,0.25334625003859573
685,0.4378,0,1,0,412156,193454,42315,65641,1.7919708029197081,0.25334722785078834
686,0.4381,3,8,3,412164,193446,42318,65638,1.7918966986550076,0.25334640502694106
687,0.4383,2,8,2,412172,193438,42320,65636,1.7918225943903072,0.2533484641453793
688,0.4386,0,1,0,412173,193437,42320,65636,1.7918133313572195,0.25334944204915216
689,0.4389,2,2,2,412175,193435,42322,65634,1.7917948052910444,0.2533456337886818
690,0.4394,1,8,1,412183,193427,42323,65633,1.791720701026344,0.2533505751563344
691,0.44,17,123,17,412306,193304,42340,65616,1.7905813479565749,0.2534219063803491
692,0.4405,1,8,1,412314,193296,42341,65615,1.7905072436918745,0.2534268532430063
693,0.4407,0,1,0,412315,193295,42341,65615,1.7904979806587868,0.2534278320651964
694,0.4408,0,1,0,412316,193294,42341,65615,1.7904887176256994,0.2534288108949476
695,0.4413,1,1,1,412317,193293,42342,65614,1.7904794545926117,0.25342690618639124
696,0.4417,44,218,44,412535,193075,42386,65570,1.788460113379525,0.2535135030640453
697,0.4426,0,1,0,412536,193074,42386,65570,1.7884508503464374,0.2535144832279117
698,0.4428,1,5,1,412541,193069,42387,65569,1.7884045351809996,0.25351649796240305
699,0.4429,1,20,1,412561,193049,42388,65568,1.7882192745192487,0.2535332170738969
700,0.4433,4,28,4,412589,193021,42392,65564,1.7879599095927972,0.25354912311232286
701,0.4438,0,6,0,412595,193015,42392,65564,1.7879043313942717,0.25355500640036505
702,0.444,0,3,0,412598,193012,42392,65564,1.7878765422950091,0.25355794814677307
703,0.445,2,9,2,412607,193003,42394,65562,1.7877931749972211,0.2535610001353625
704,0.4452,1,2,1,412609,193001,42395,65561,1.787774648931046,0.2535600745662549
705,0.4455,0,1,0,412610,193000,42395,65561,1.7877653858979585,0.25356105522487926
706,0.4457,0,3,0,412613,192997,42395,65561,1.7877375967986957,0.2535639972462658
707,0.4458,0,2,0,412615,192995,42395,65561,1.7877190707325206,0.25356595863178577
708,0.4462,0,1,0,412616,192994,42395,65561,1.787709807699433,0.25356693933592467
709,0.4464,1,2,1,412618,192992,42396,65560,1.787691281633258,0.25356601379993193
710,0.4467,14,61,14,412679,192931,42410,65546,1.7871262366149172,0.2535854253956832
711,0.4475,0,1,0,412680,192930,42410,65546,1.7871169735818295,0.2535864064748758
712,0.4476,0,1,0,412681,192929,42410,65546,1.787107710548742,0.2535873875616597
713,0.4483,1,6,1,412687,192923,42411,65545,1.7870521323502166,0.25359038643081544
714,0.4485,0,1,0,412688,192922,42411,65545,1.7870428693171292,0.253591367563364
715,0.4486,0,2,0,412690,192920,42411,65545,1.787024343250954,0.2535933298512371
716,0.4488,0,2,0,412692,192918,42411,65545,1.787005817184779,0.2535952921694788
717,0.4498,1,1,1,412693,192917,42412,65544,1.7869965541516915,0.25359338546241017
718,0.45,1164,6308,1164,419001,186609,43576,64380,1.7285653414353996,0.2565052651709836
719,0.4505,1,1,1,419002,186608,43577,64379,1.728556078402312,0.25650332487339983
720,0.4509,0,1,0,419003,186607,43577,64379,1.7285468153692245,0.25650434685599993
721,0.4513,0,1,0,419004,186606,43577,64379,1.728537552336137,0.25650536884674385
722,0.4514,0,3,0,419007,186603,43577,64379,1.7285097632368742,0.25650843486783914
723,0.4517,1,14,1,419021,186589,43578,64378,1.7283800807736485,0.2565197814852152
724,0.4519,0,1,0,419022,186588,43578,64378,1.728370817740561,0.2565208036148323
725,0.4524,1,4,1,419026,186584,43579,64377,1.7283337656082107,0.25652192970222465
726,0.4529,0,6,0,419032,186578,43579,64377,1.7282781874096855,0.2565280628001036
727,0.453,1,1,1,419033,186577,43580,64376,1.7282689243765978,0.2565261224213299
728,0.4533,3,9,3,419042,186568,43583,64373,1.7281855570788098,0.25652643450053997
729,0.4536,0,1,0,419043,186567,43583,64373,1.7281762940457224,0.2565274567625727
730,0.4538,0,5,0,419048,186562,43583,64373,1.7281299788802846,0.2565325681949509
731,0.4539,0,2,0,419050,186560,43583,64373,1.7281114528141095,0.25653461282493734
732,0.4542,1,1,1,419051,186559,43584,64372,1.7281021897810218,0.2565326723282496
733,0.4544,1,1,1,419052,186558,43585,64371,1.7280929267479344,0.25653073180062885
734,0.4548,0,2,0,419054,186556,43585,64371,1.7280744006817592,0.2565327764648683
735,0.455,7,33,7,419087,186523,43592,64364,1.72776872058987,0.256545775588213
736,0.4551,0,5,0,419092,186518,43592,64364,1.7277224054244322,0.25655088846549373
737,0.4552,0,5,0,419097,186513,43592,64364,1.7276760902589945,0.2565560015465746
738,0.4554,1,0,1,419097,186513,43593,64363,1.7276760902589945,0.2565530381543073
739,0.4556,1,4,1,419101,186509,43594,64362,1.7276390381266442,0.2565541652881361
740,0.4558,0,3,0,419104,186506,43594,64362,1.7276112490273816,0.2565572332860309
741,0.4562,1,0,1,419104,186506,43595,64361,1.7276112490273816,0.25655426979236007
742,0.4567,1,22,1,419126,186484,43596,64360,1.7274074622994553,0.2565738068281482
743,0.4571,4,22,4,419148,186462,43600,64356,1.7272036755715292,0.25658445566107696
744,0.4578,0,1,0,419149,186461,43600,64356,1.7271944125384415,0.256585478655753
745,0.4583,12,85,12,419234,186376,43612,64344,1.7264070547259995,0.2566368857689853
746,0.4586,0,1,0,419235,186375,43612,64344,1.7263977916929119,0.2566379093726443
747,0.4592,0,3,0,419238,186372,43612,64344,1.7263700025936493,0.2566409802326138
748,0.4595,1,3,1,419241,186369,43613,64343,1.7263422134943867,0.25664108618654075
749,0.46,43,249,43,419490,186120,43656,64300,1.7240357182555857,0.25676862870377765
750,0.4607,2,5,2,419495,186115,43658,64298,1.723989403090148,0.25676781956208344
751,0.4614,0,2,0,419497,186113,43658,64298,1.7239708770239728,0.2567698703331723
752,0.4617,0,6,0,419503,186107,43658,64298,1.7239152988254474,0.25677602284299433
753,0.4619,0,1,0,419504,186106,43658,64298,1.72390603579236,0.2567770482899634
754,0.4624,0,1,0,419505,186105,43658,64298,1.7238967727592722,0.25677807374512285
755,0.4625,1,11,1,419516,186094,43659,64297,1.7237948793953093,0.2567863860921519
756,0.4632,0,7,0,419523,186087,43659,64297,1.7237300381636964,0.25679356508403095
757,0.4633,3,24,3,419547,186063,43662,64294,1.723507725369595,0.25680927635336737
758,0.4636,1,0,1,419547,186063,43663,64293,1.723507725369595,0.25680630781766767
759,0.4639,0,1,0,419548,186062,43663,64293,1.7234984623365075,0.2568073335863074
760,0.4642,1,2,1,419550,186060,43664,64292,1.7234799362703324,0.2568064165654758
761,0.4643,0,5,0,419555,186055,43664,64292,1.7234336211048946,0.2568115455747423
762,0.4648,1,7,1,419562,186048,43665,64291,1.7233687798732817,0.2568157578323793
763,0.465,1,15,1,419577,186033,43666,64290,1.7232298343769683,0.25682817799403174
764,0.4656,0,3,0,419580,186030,43666,64290,1.7232020452777057,0.2568312559923298
765,0.4657,0,2,0,419582,186028,43666,64290,1.7231835192115306,0.25683330803218307
766,0.4664,1,1,1,419583,186027,43667,64289,1.723174256178443,0.25683136515444477
767,0.4667,599,3313,599,422896,182714,44266,63690,1.692485827559376,0.25847794678657815
768,0.4669,0,1,0,422897,182713,44266,63690,1.6924765645262885,0.25847899579144734
769,0.4675,0,1,0,422898,182712,44266,63690,1.692467301493201,0.2584800448048311
770,0.4679,0,2,0,422900,182710,44266,63690,1.6924487754270259,0.2584821428571429
771,0.4683,1,9,1,422909,182701,44267,63689,1.6923654081292379,0.258488575023337
772,0.4684,1,6,1,422915,182695,44268,63688,1.6923098299307124,0.25849186023386356
773,0.469,0,2,0,422917,182693,44268,63688,1.6922913038645373,0.25849395854388124
774,0.4692,0,2,0,422919,182691,44268,63688,1.6922727777983624,0.2584960568879653
775,0.47,5,23,5,422942,182668,44273,63683,1.6920597280373486,0.2585051410385994
776,0.4708,1,1,1,422943,182667,44274,63682,1.692050465004261,0.2585031804472517
777,0.4714,9,35,9,422978,182632,44283,63673,1.6917262588461965,0.2585128194717931
778,0.4717,3,7,3,422985,182625,44286,63670,1.6916614176145837,0.25851113502101136
779,0.4722,0,2,0,422987,182623,44286,63670,1.6916428915484085,0.25851323423727024
780,0.4729,0,5,0,422992,182618,44286,63670,1.6915965763829708,0.25851848242707726
781,0.4732,1,0,1,422992,182618,44287,63669,1.6915965763829708,0.25851547178698026
782,0.4733,4,26,4,423018,182592,44291,63665,1.6913557375226944,0.25853072196932475
783,0.4734,1,0,1,423018,182592,44292,63664,1.6913557375226944,0.25852771099993505
784,0.4738,0,1,0,423019,182591,44292,63664,1.691346474489607,0.2585287608373434
785,0.475,238,1462,238,424481,181129,44530,63426,1.6778039201156028,0.25935270184621045
786,0.4755,0,2,0,424483,181127,44530,63426,1.6777853940494276,0.2593548228809297
787,0.4756,0,1,0,424484,181126,44530,63426,1.67777613101634,0.259355883411299
788,0.4757,0,1,0,424485,181125,44530,63426,1.6777668679832525,0.25935694395034165
789,0.4762,0,3,0,424488,181122,44530,63426,1.6777390788839899,0.2593601256195103
790,0.4767,4,30,4,424518,181092,44534,63422,1.6774611878913632,0.2593798310117212
791,0.4778,2,6,2,424524,181086,44536,63420,1.6774056096928378,0.2593801379107261
792,0.4783,0,4,0,424528,181082,44536,63420,1.6773685575604875,0.2593843813138543
793,0.4786,1,2,1,424530,181080,44537,63419,1.6773500314943124,0.25938347396103867
794,0.4792,0,2,0,424532,181078,44537,63419,1.6773315054281375,0.25938559573328096
795,0.4798,0,2,0,424534,181076,44537,63419,1.6773129793619623,0.259387717540236
796,0.48,89,473,89,425007,180603,44626,63330,1.6729315647115492,0.2596204695551647
797,0.4805,1,4,1,425011,180599,44627,63329,1.672894512579199,0.25962169164671545
798,0.4814,0,1,0,425012,180598,44627,63329,1.6728852495461113,0.25962275598847195
799,0.4817,0,20,0,425032,180578,44627,63329,1.6726999888843603,0.2596440446563649
800,0.4818,0,1,0,425033,180577,44627,63329,1.6726907258512727,0.25964510918140593
801,0.4821,0,3,0,425036,180574,44627,63329,1.67266293675201,0.25964830280890355
802,0.4833,95,547,95,425583,180027,44722,63234,1.667596057653118,0.25994302415923637
803,0.4845,4,5,4,425588,180022,44726,63230,1.6675497424876802,0.2599361978524329
804,0.4848,1,0,1,425588,180022,44727,63229,1.6675497424876802,0.2599331554649313
805,0.485,3,26,3,425614,179996,44730,63226,1.6673089036274038,0.2599518135694962
806,0.4855,0,2,0,425616,179994,44730,63226,1.6672903775612287,0.2599539511553326
807,0.4856,0,1,0,425617,179993,44730,63226,1.667281114528141,0.25995501996143394
808,0.4857,9,57,9,425674,179936,44739,63217,1.6667531216421505,0.2599885668694197
809,0.4858,0,1,0,425675,179935,44739,63217,1.666743858609063,0.2599896361123906
810,0.4865,0,1,0,425676,179934,44739,63217,1.6667345955759754,0.2599907053641564
811,0.4867,1,14,1,425690,179920,44740,63216,1.6666049131127496,0.26000263227165044
812,0.4871,0,1,0,425691,179919,44740,63216,1.6665956500796621,0.260003701647233
813,0.4875,7,19,7,425710,179900,44747,63209,1.6664196524509987,0.26000271483161874
814,0.4881,2,4,2,425714,179896,44749,63207,1.6663826003186484,0.26000090496620776
815,0.4883,0,16,0,425730,179880,44749,63207,1.6662343917892475,0.26001801824038306
816,0.4889,0,13,0,425743,179867,44749,63207,1.6661139723591092,0.2600319244345343
817,0.4893,0,1,0,425744,179866,44749,63207,1.6661047093260217,0.26003299420338744
818,0.49,8,32,8,425776,179834,44757,63199,1.66580829226722,0.26004287483592764
819,0.4901,0,4,0,425780,179830,44757,63199,1.6657712401348697,0.26004715486629165
820,0.4902,0,1,0,425781,179829,44757,63199,1.6657619771017822,0.2600482248958968
821,0.4905,0,2,0,425783,179827,44757,63199,1.665743451035607,0.2600503649815246
822,0.4909,0,2,0,425785,179825,44757,63199,1.665724924969432,0.2600525051023767
823,0.4911,1,3,1,425788,179822,44758,63198,1.6656971358701693,0.26005267056209364
824,0.4917,21,135,21,425923,179687,44779,63177,1.6644466264033495,0.2601332432966599
825,0.4929,0,3,0,425926,179684,44779,63177,1.664418837304087,0.26013645665627666
826,0.4933,5,45,5,425971,179639,44784,63172,1.6640020008151468,0.2601694321921165
827,0.4938,1,2,1,425973,179637,44785,63171,1.663983474748972,0.260168528219828
828,0.494,0,1,0,425974,179636,44785,63171,1.6639742117158842,0.260169599723237
829,0.4942,1,2,1,425976,179634,44786,63170,1.663955685649709,0.26016869573812623
830,0.4944,0,1,0,425977,179633,44786,63170,1.6639464226166216,0.26016976725987734
831,0.495,3,23,3,426000,179610,44789,63167,1.6637333728556079,0.26018527290476445
832,0.4952,1,2,1,426002,179608,44790,63166,1.6637148467894327,0.2601843690016229
833,0.4955,0,3,0,426005,179605,44790,63166,1.6636870576901701,0.2601875841842724
834,0.4957,0,3,0,426008,179602,44790,63166,1.6636592685909075,0.260190799446385
835,0.4958,0,2,0,426010,179600,44790,63166,1.6636407425247324,0.26019294299860773
836,0.4964,0,3,0,426013,179597,44790,63166,1.6636129534254696,0.26019615839316534
837,0.4967,4,33,4,426046,179564,44794,63162,1.6633072733335803,0.26021934197407776
838,0.4971,0,1,0,426047,179563,44794,63162,1.6632980103004928,0.2602204140488207
839,0.4972,0,3,0,426050,179560,44794,63162,1.66327022120123,0.260223630326052
840,0.4975,0,2,0,426052,179558,44794,63162,1.663251695135055,0.26022577455504287
841,0.4976,0,2,0,426054,179556,44794,63162,1.66323316906888,0.26022791881937063
842,0.4983,1,11,1,426065,179545,44795,63161,1.6631312757049168,0.2602366649361779
843,0.4992,0,1,0,426066,179544,44795,63161,1.6631220126718294,0.26023773717063925
844,0.5,10672,49172,10672,475238,130372,55467,52489,1.2076401496906146,0.2870431639332608
845,0.5009,0,3,0,475241,130369,55467,52489,1.207612360591352,0.28704787321309433
846,0.5017,0,19,0,475260,130350,55467,52489,1.2074363629626885,0.28707770224076923
847,0.5024,1,3,1,475263,130347,55468,52488,1.207408573863426,0.2870785134137337
848,0.5025,0,1,0,475264,130346,55468,52488,1.2073993108303382,0.28708008357307724
849,0.5028,0,1,0,475265,130345,55468,52488,1.2073900477972508,0.2870816537495966
850,0.5033,0,8,0,475273,130337,55468,52488,1.2073159435325502,0.2870942157801176
851,0.5036,1,4,1,475277,130333,55469,52487,1.2072788914002002,0.2870965977464172
852,0.504,0,1,0,475278,130332,55469,52487,1.2072696283671125,0.2870981681335091
853,0.5042,0,2,0,475280,130330,55469,52487,1.2072511023009374,0.28710130895923247
854,0.5048,2,8,2,475288,130322,55471,52485,1.207176998036237,0.2871060736186251
855,0.505,2,17,2,475305,130305,55473,52483,1.2070195264737487,0.28712497538131604
856,0.5056,3,7,3,475312,130298,55476,52480,1.2069546852421358,0.2871242709735307
857,0.5067,3,23,3,475335,130275,55479,52477,1.206741635481122,0.2871487042549466
858,0.5071,3,2,3,475337,130273,55482,52474,1.2067231094149469,0.2871401445714567
859,0.5081,0,3,0,475340,130270,55482,52474,1.2066953203156843,0.2871448583811233
860,0.5083,21,115,21,475455,130155,55503,52453,1.2056300715106154,0.28724371330938403
861,0.509,0,1,0,475456,130154,55503,52453,1.205620808477528,0.2872452863252778
862,0.5092,1,2,1,475458,130152,55504,52452,1.2056022824113528,0.2872445291450352
863,0.5095,2,6,2,475464,130146,55506,52450,1.2055467042128274,0.28724616092356897
864,0.5096,1,1,1,475465,130145,55507,52449,1.20553744117974,0.28724383057493674
865,0.5099,0,1,0,475466,130144,55507,52449,1.2055281781466523,0.28724540371208096
866,0.51,17,62,17,475528,130082,55524,52432,1.204953870095224,0.28727659248057685
867,0.5103,0,2,0,475530,130080,55524,52432,1.204935344029049,0.28727974051021304
868,0.5111,1,0,1,475530,130080,55525,52431,1.204935344029049,0.2872758354290974
869,0.5117,1,12,1,475542,130068,55526,52430,1.2048241876319983,0.2872908196254206
870,0.5119,0,7,0,475549,130061,55526,52430,1.2047593464003854,0.287301839542772
871,0.5125,1,3,1,475552,130058,55527,52429,1.2047315573011226,0.2873026571755796
872,0.5131,1,6,1,475558,130052,55528,52428,1.2046759791025974,0.28730819815870234
873,0.5132,1,0,1,475558,130052,55529,52427,1.2046759791025974,0.28730429254873163
874,0.5133,11,46,11,475604,130006,55540,52416,1.2042498795805698,0.2873337645678701
875,0.5139,1,1,1,475605,130005,55541,52415,1.2042406165474824,0.2873314329569126
876,0.5143,0,2,0,475607,130003,55541,52415,1.2042220904813072,0.2873345832099902
877,0.515,4,16,4,475623,129987,55545,52411,1.2040738819519063,0.28734415947543285
878,0.5154,0,1,0,475624,129986,55545,52411,1.2040646189188189,0.28734573485309517
879,0.5155,2,3,2,475627,129983,55547,52409,1.204036829819556,0.28734264660730735
880,0.5164,0,2,0,475629,129981,55547,52409,1.204018303753381,0.28734579746696637
881,0.5167,146,737,146,476366,129244,55693,52263,1.1971914483678536,0.2879393081258574
882,0.5174,0,1,0,476367,129243,55693,52263,1.197182185334766,0.2879408945158838
883,0.5179,0,2,0,476369,129241,55693,52263,1.1971636592685908,0.287944067348378
884,0.5183,1,3,1,476372,129238,55694,52262,1.1971358701693282,0.28794490358126723
885,0.519,0,3,0,476375,129235,55694,52262,1.1971080810700656,0.2879496630798305
886,0.52,3,35,3,476410,129200,55697,52259,1.1967838749120012,0.2879934310229859
887,0.5202,0,2,0,476412,129198,55697,52259,1.196765348845826,0.28799660525634174
888,0.5208,0,1,0,476413,129197,55697,52259,1.1967560858127386,0.28799819239925933
889,0.5214,4,5,4,476418,129192,55701,52255,1.1967097706473007,0.2879904324678832
890,0.5217,4,15,4,476433,129177,55705,52251,1.1965708251509874,0.2879985448773067
891,0.5219,0,1,0,476434,129176,55705,52251,1.1965615621179,0.28800013228461036
892,0.5222,0,3,0,476437,129173,55705,52251,1.1965337730186372,0.2880048946115178
893,0.5223,0,2,0,476439,129171,55705,52251,1.196515246952462,0.28800806958362274
894,0.5225,0,1,0,476440,129170,55705,52251,1.1965059839193746,0.2880096570959261
895,0.5226,0,4,0,476444,129166,55705,52251,1.1964689317870243,0.2880160073201519
896,0.5233,3,15,3,476459,129151,55708,52248,1.196329986290711,0.2880280486661999
897,0.5238,0,2,0,476461,129149,55708,52248,1.196311460224536,0.2880312243311631
898,0.5242,0,1,0,476462,129148,55708,52248,1.1963021971914483,0.28803281218990495
899,0.5248,0,1,0,476463,129147,55708,52248,1.1962929341583608,0.288034400066154
900,0.525,71,435,71,476898,128712,55779,52177,1.1922635147652747,0.28844761151866616
901,0.5256,0,3,0,476901,128709,55779,52177,1.192235725666012,0.2884523954313767
902,0.5257,0,5,0,476906,128704,55779,52177,1.1921894105005744,0.2884603689718655
903,0.5267,6,37,6,476943,128667,55785,52171,1.1918466782763348,0.2884957807540451
904,0.5269,1,2,1,476945,128665,55786,52170,1.1918281522101597,0.2884950369121022
905,0.5274,0,7,0,476952,128658,55786,52170,1.1917633109785468,0.2885062047912934
906,0.5275,1,0,1,476952,128658,55787,52169,1.1917633109785468,0.28850227012558965
907,0.5278,0,2,0,476954,128656,55787,52169,1.1917447849123717,0.2885054610811558
908,0.5281,0,4,0,476958,128652,55787,52169,1.1917077327800214,0.28851184320405265
909,0.5283,1,10,1,476968,128642,55788,52168,1.191615102449146,0.28852386483048503
910,0.5286,0,2,0,476970,128640,55788,52168,1.1915965763829708,0.28852705632494136
911,0.529,0,1,0,476971,128639,55788,52168,1.1915873133498833,0.28852865209864664
912,0.5292,0,1,0,476972,128638,55788,52168,1.1915780503167956,0.28853024789000364
913,0.5298,0,1,0,476973,128637,55788,52168,1.1915687872837082,0.28853184369901275
914,0.53,16,122,16,477095,128515,55804,52152,1.1904386972470267,0.2886636740522619
915,0.5306,0,4,0,477099,128511,55804,52152,1.1904016451146764,0.288670065259627
916,0.5314,1,3,1,477102,128508,55805,52151,1.1903738560154138,0.28867092145976675
917,0.5317,4,6,4,477108,128502,55809,52147,1.1903182778168884,0.2886647587310198
918,0.5318,0,1,0,477109,128501,55809,52147,1.190309014783801,0.288666356671538
919,0.5322,0,1,0,477110,128500,55809,52147,1.1902997517507132,0.28866795462974754
920,0.5324,0,1,0,477111,128499,55809,52147,1.1902904887176258,0.28866955260564864
921,0.5325,0,3,0,477114,128496,55809,52147,1.190262699618363,0.2886743466395044
922,0.5329,0,1,0,477115,128495,55809,52147,1.1902534365852755,0.28867594468617486
923,0.5333,204,988,204,478103,127507,56013,51943,1.1811015598947718,0.2894566731680134
924,0.5335,0,1,0,478104,127506,56013,51943,1.1810922968616844,0.28945828619830705
925,0.5336,0,2,0,478106,127504,56013,51943,1.1810737707955092,0.28946151231282774
926,0.5337,2,5,2,478111,127499,56015,51941,1.1810274556300715,0.28946165849308964
927,0.5338,0,1,0,478112,127498,56015,51941,1.181018192596984,0.28946327164105906
928,0.5343,0,3,0,478115,127495,56015,51941,1.1809904034977212,0.2894681111928487
929,0.5345,2,3,2,478118,127492,56017,51939,1.1809626143984586,0.28946503112617106
930,0.5348,0,1,0,478119,127491,56017,51939,1.1809533513653712,0.2894666443738505
931,0.5349,0,3,0,478122,127488,56017,51939,1.1809255622661083,0.28947148422478225
932,0.535,9,23,9,478145,127465,56026,51930,1.1807125125050946,0.28947295075113577
933,0.5352,0,1,0,478146,127464,56026,51930,1.180703249472007,0.2894745643667012
934,0.5357,3,9,3,478155,127455,56029,51927,1.180619882174219,0.28947720507074287
935,0.5361,0,1,0,478156,127454,56029,51927,1.1806106191411316,0.2894788188269661
936,0.5367,0,8,0,478164,127446,56029,51927,1.180536514876431,0.28949172952451036
937,0.5369,0,1,0,478165,127445,56029,51927,1.1805272518433436,0.2894933434426778
938,0.5375,0,4,0,478169,127441,56029,51927,1.1804901997109933,0.2894997992953035
939,0.5378,0,2,0,478171,127439,56029,51927,1.1804716736448182,0.28950302732959426
940,0.5381,0,6,0,478177,127433,56029,51927,1.180416095446293,0.2895127118644068
941,0.5383,2,6,2,478183,127427,56031,51925,1.1803605172477676,0.28951447432980953
942,0.5386,0,1,0,478184,127426,56031,51925,1.1803512542146801,0.28951608856376604
943,0.5388,0,3,0,478187,127423,56031,51925,1.1803234651154173,0.2895209313736423
944,0.5389,0,5,0,478192,127418,56031,51925,1.1802771499499796,0.2895290030834769
945,0.5393,0,1,0,478193,127417,56031,51925,1.180267886916892,0.2895306174794527
946,0.54,14,84,14,478277,127333,56045,51911,1.1794897921375376,0.2896108098457968
947,0.5405,0,2,0,478279,127331,56045,51911,1.1794712660713624,0.28961404135191526
948,0.5408,0,1,0,478280,127330,56045,51911,1.1794620030382748,0.2896156571320178
949,0.5409,0,1,0,478281,127329,56045,51911,1.1794527400051873,0.2896172729301495
950,0.5417,53,216,53,478497,127113,56098,51858,1.1774519248582755,0.289756440987646
951,0.5425,0,4,0,478501,127109,56098,51858,1.1774148727259255,0.2897629171858499
952,0.5429,0,12,0,478513,127097,56098,51858,1.1773037163288746,0.28978234751753235
953,0.5433,2,26,2,478539,127071,56100,51856,1.1770628774685983,0.2898165173506514
954,0.5438,1,2,1,478541,127069,56101,51855,1.1770443514024231,0.28981578770874783
955,0.544,0,2,0,478543,127067,56101,51855,1.177025825336248,0.28981902728563286
956,0.5444,2,0,2,478543,127067,56103,51853,1.177025825336248,0.2898110887547507
957,0.545,6,8,6,478551,127059,56109,51847,1.1769517210715477,0.2898002302885314
958,0.5455,0,1,0,478552,127058,56109,51847,1.1769424580384602,0.2898018501439311
959,0.5457,0,2,0,478554,127056,56109,51847,1.176923931972285,0.28980508990905685
960,0.5458,0,2,0,478556,127054,56109,51847,1.17690540590611,0.28980832974661963
961,0.5464,1,4,1,478560,127050,56110,51846,1.1768683537737596,0.2898108398175476
962,0.5466,1,5,1,478565,127045,56111,51845,1.176822038608322,0.28981497009335344
963,0.5467,12,68,12,478633,126977,56123,51833,1.1761921523583683,0.2898775236284324
964,0.5472,0,5,0,478638,126972,56123,51833,1.1761458371929305,0.2898856295964878
965,0.5476,0,1,0,478639,126971,56123,51833,1.1761365741598429,0.2898872508445001
966,0.5477,1,0,1,478639,126971,56124,51832,1.1761365741598429,0.28988327936332164
967,0.5481,1,0,1,478639,126971,56125,51831,1.1761365741598429,0.2898793078377199
968,0.5483,3,12,3,478651,126959,56128,51828,1.1760254177627922,0.2898868485963745
969,0.5484,0,1,0,478652,126958,56128,51828,1.1760161547297048,0.28988847001443063
970,0.5489,0,1,0,478653,126957,56128,51828,1.176006891696617,0.28989009145062505
971,0.5495,1,2,1,478655,126955,56129,51827,1.175988365630442,0.2898893624637827
972,0.55,1084,4798,1084,483453,122157,57213,50743,1.131544332876357,0.2934817813765182
973,0.5505,0,2,0,483455,122155,57213,50743,1.1315258068101819,0.2934851762310727
974,0.5506,0,1,0,483456,122154,57213,50743,1.1315165437770944,0.2934868736878026
975,0.5507,1,0,1,483456,122154,57214,50742,1.1315165437770944,0.2934827873403665
976,0.5509,0,1,0,483457,122153,57214,50742,1.1315072807440067,0.29348448480291506
977,0.5512,0,3,0,483460,122150,57214,50742,1.1314794916447442,0.2934895773083775
978,0.5514,0,5,0,483465,122145,57214,50742,1.1314331764793064,0.29349806521022404
979,0.5517,0,8,0,483473,122137,57214,50742,1.1313590722146059,0.2935116468744035
980,0.5519,0,1,0,483474,122136,57214,50742,1.1313498091815184,0.2935133446708083
981,0.5524,1,12,1,483486,122124,57215,50741,1.1312386527844678,0.2935296329505684
982,0.5533,1,2,1,483488,122122,57216,50740,1.1312201267182926,0.2935289421619558
983,0.5534,0,1,0,483489,122121,57216,50740,1.1312108636852052,0.2935306402253834
984,0.5542,0,5,0,483494,122116,57216,50740,1.1311645485197672,0.29353913083722866
985,0.5548,0,4,0,483498,122112,57216,50740,1.1311274963874172,0.29354592368037397
986,0.555,5,30,5,483528,122082,57221,50735,1.1308496053947905,0.2935764421324291
987,0.5556,2,4,2,483532,122078,57223,50733,1.1308125532624402,0.2935750617726881
988,0.5564,0,1,0,483533,122077,57223,50733,1.1308032902293528,0.2935767606041317
989,0.5567,5,22,5,483555,122055,57228,50728,1.1305995035014265,0.2935936984541303
990,0.557,0,1,0,483556,122054,57228,50728,1.130590240468339,0.29359539766873866
991,0.5571,3,10,3,483566,122044,57231,50725,1.1304976101374633,0.29360012502242877
992,0.5579,0,1,0,483567,122043,57231,50725,1.1304883471043758,0.2936018244119281
993,0.5583,19,97,19,483664,121946,57250,50706,1.129589832894883,0.29368903922340894
994,0.5586,0,3,0,483667,121943,57250,50706,1.1295620437956204,0.2936941424508685
995,0.5589,0,3,0,483670,121940,57250,50706,1.1295342546963578,0.2936992458556816
996,0.559,0,1,0,483671,121939,57250,50706,1.1295249916632701,0.29370094703003274
997,0.5595,1,1,1,483672,121938,57251,50705,1.1295157286301827,0.2936985571381406
998,0.5598,2,4,2,483676,121934,57253,50703,1.1294786764978324,0.29369717963124936
999,0.56,34,183,34,483859,121751,57287,50669,1.1277835414428101,0.293869620693655
1000,0.5603,1,1,1,483860,121750,57288,50668,1.1277742784097224,0.29386722963959677
1001,0.5606,1,0,1,483860,121750,57289,50667,1.1277742784097224,0.29386313414570486
1002,0.5607,1,7,1,483867,121743,57290,50666,1.1277094371781096,0.2938709696129552
1003,0.5612,1,1,1,483868,121742,57291,50665,1.127700174145022,0.2938685784219898
1004,0.5619,2,0,2,483868,121742,57293,50663,1.127700174145022,0.2938603868797309
1005,0.5621,0,2,0,483870,121740,57293,50663,1.127681648078847,0.2938637958736217
1006,0.5622,2,2,2,483872,121738,57295,50661,1.1276631220126718,0.29385901310332424
1007,0.5623,1,2,1,483874,121736,57296,50660,1.1276445959464967,0.2938583261792617
1008,0.5625,2,12,2,483886,121724,57298,50658,1.127533439549446,0.29387058973674746
1009,0.5631,0,1,0,483887,121723,57298,50658,1.1275241765163586,0.29387229451041585
1010,0.5633,4,30,4,483917,121693,57302,50654,1.127246285523732,0.29390705959488705
1011,0.5639,1,3,1,483920,121690,57303,50653,1.1272184964244691,0.2939080786570966
1012,0.5643,2,3,2,483923,121687,57305,50651,1.1271907073252065,0.29390500063828057
1013,0.5646,0,2,0,483925,121685,57305,50651,1.1271721812590314,0.29390841147525765
1014,0.565,5,12,5,483937,121673,57310,50646,1.1270610248619808,0.29390839083328013
1015,0.5656,2,4,2,483941,121669,57312,50644,1.1270239727296305,0.29390701804274777
1016,0.5657,1,4,1,483945,121665,57313,50643,1.1269869205972805,0.293909743018316
1017,0.5667,590,2576,590,486521,119089,57903,50053,1.1031253473637408,0.29592295231225835
1018,0.5671,0,1,0,486522,119088,57903,50053,1.1031160843306533,0.29592470187594966
1019,0.5675,2,1,2,486523,119087,57905,50051,1.1031068212975657,0.2959181260272677
1020,0.5678,1,1,1,486524,119086,57906,50050,1.1030975582644782,0.2959157127991675
1021,0.5679,1,3,1,486527,119083,57907,50049,1.1030697691652154,0.2959167987134309
1022,0.5683,0,6,0,486533,119077,57907,50049,1.1030141909666902,0.29592729680829677
1023,0.5687,0,9,0,486542,119068,57907,50049,1.1029308236689022,0.2959430453473039
1024,0.5689,0,2,0,486544,119066,57907,50049,1.102912297602727,0.2959465452502735
1025,0.569,0,1,0,486545,119065,57907,50049,1.1029030345696396,0.29594829523280153
1026,0.5695,0,3,0,486548,119062,57907,50049,1.1028752454703767,0.29595354530456325
1027,0.57,5,19,5,486567,119043,57912,50044,1.1026992478417132,0.2959659820092615
1028,0.5702,0,1,0,486568,119042,57912,50044,1.1026899848086258,0.29596773239653196
1029,0.5708,1,2,1,486570,119040,57913,50043,1.1026714587424506,0.29596706942744094
1030,0.5713,1,1,1,486571,119039,57914,50042,1.102662195709363,0.2959646559932813
1031,0.5714,3,23,3,486594,119016,57917,50039,1.1024491459483494,0.2959924284996007
1032,0.5717,0,5,0,486599,119011,57917,50039,1.1024028307829115,0.2960011830819284
1033,0.5719,0,1,0,486600,119010,57917,50039,1.102393567749824,0.2960029340605387
1034,0.5721,1,1,1,486601,119009,57918,50038,1.1023843047167365,0.2960005205652866
1035,0.5722,0,3,0,486604,119006,57918,50038,1.1023565156174737,0.2960057736447316
1036,0.5724,0,1,0,486605,119005,57918,50038,1.1023472525843863,0.2960075247126471
1037,0.5729,1,2,1,486607,119003,57919,50037,1.1023287265182111,0.2960068622811169
1038,0.5732,1,1,1,486608,119002,57920,50036,1.1023194634851237,0.29600444870384174
1039,0.5733,6,23,6,486631,118979,57926,50030,1.10210641372411,0.2960197385938027
1040,0.5738,1,4,1,486635,118975,57927,50029,1.1020693615917596,0.29602257934723436
1041,0.574,0,8,0,486643,118967,57927,50029,1.1019952573270593,0.29603659258207293
1042,0.5744,0,1,0,486644,118966,57927,50029,1.1019859942939716,0.2960383443297139
1043,0.575,233,1139,233,487783,117827,58160,49796,1.0914353996072474,0.29707140428222856
1044,0.5752,0,1,0,487784,117826,58160,49796,1.0914261365741598,0.29707317655200394
1045,0.5762,0,8,0,487792,117818,58160,49796,1.0913520323094594,0.2970873554715
1046,0.5764,1,1,1,487793,117817,58161,49795,1.0913427692763717,0.29708493425291743
1047,0.5767,4,27,4,487820,117790,58165,49791,1.091092667383008,0.29711602150601796
1048,0.5771,0,2,0,487822,117788,58165,49791,1.0910741413168328,0.297119567487573
1049,0.5773,1,1,1,487823,117787,58166,49790,1.0910648782837453,0.29711714614774104
1050,0.5777,0,4,0,487827,117783,58166,49790,1.091027826151395,0.2971242383916263
1051,0.5778,1,5,1,487832,117778,58167,49789,1.0909815109859573,0.2971289096301778
1052,0.5783,1,3,1,487835,117775,58168,49788,1.0909537218866945,0.2971300346735258
1053,0.5784,2,8,2,487843,117767,58170,49786,1.0908796176219941,0.2971358316472997
1054,0.5786,1,4,1,487847,117763,58171,49785,1.0908425654896439,0.2971387303936782
1055,0.5789,0,7,0,487854,117756,58171,49785,1.090777724258031,0.29715114509284296
1056,0.5792,2,2,2,487856,117754,58173,49783,1.0907591981918558,0.2971463020108991
1057,0.5794,1,0,1,487856,117754,58174,49782,1.0907591981918558,0.29714210677108205
1058,0.5798,0,2,0,487858,117752,58174,49782,1.090740672125681,0.2971456540164981
1059,0.58,90,359,90,488217,117393,58264,49692,1.0874152432472488,0.2974055121644672
1060,0.5802,0,1,0,488218,117392,58264,49692,1.0874059802141613,0.29740729214048023
1061,0.5803,0,2,0,488220,117390,58264,49692,1.0873874541479862,0.2974108521564262
1062,0.5805,0,3,0,488223,117387,58264,49692,1.0873596650487236,0.2974161923401505
1063,0.5812,2,1,2,488224,117386,58266,49690,1.087350402015636,0.29740956211544445
1064,0.5814,0,1,0,488225,117385,58266,49690,1.0873411389825485,0.2974113422115816
1065,0.5817,2,5,2,488230,117380,58268,49688,1.0872948238171107,0.2974118323078028
1066,0.5818,0,1,0,488231,117379,58268,49688,1.087285560784023,0.2974136125027684
1067,0.5821,0,2,0,488233,117377,58268,49688,1.087267034717848,0.29741717295663367
1068,0.5824,0,7,0,488240,117370,58268,49688,1.087202193486235,0.2974296352165116
1069,0.5829,0,2,0,488242,117368,58268,49688,1.0871836674200601,0.2974331960540178
1070,0.5833,107,497,107,488739,116871,58375,49581,1.0825799399755456,0.2978696561170788
1071,0.5842,0,1,0,488740,116870,58375,49581,1.0825706769424581,0.297871445650672
1072,0.5843,0,2,0,488742,116868,58375,49581,1.082552150876283,0.29787502478236577
1073,0.5845,0,5,0,488747,116863,58375,49581,1.0825058357108452,0.29788397298791186
1074,0.5846,0,1,0,488748,116862,58375,49581,1.0824965726777576,0.29788576269353473
1075,0.5848,1,1,1,488749,116861,58376,49580,1.08248730964467,0.2978833340342824
1076,0.585,2,14,2,488763,116847,58378,49578,1.0823576271814443,0.29789995493465526
1077,0.5852,0,1,0,488764,116846,58378,49578,1.0823483641483567,0.29790174494063354
1078,0.5856,0,1,0,488765,116845,58378,49578,1.0823391011152692,0.2979035349681234
1079,0.5857,7,51,7,488816,116794,58385,49571,1.081866686427804,0.29796531722417574
1080,0.5858,0,3,0,488819,116791,58385,49571,1.0818388973285413,0.29797069042209157
1081,0.5861,0,1,0,488820,116790,58385,49571,1.0818296342954536,0.2979724815311281
1082,0.5862,0,8,0,488828,116782,58385,49571,1.0817555300307533,0.2979868111786382
1083,0.5867,3,14,3,488842,116768,58388,49568,1.0816258475675276,0.29799923047325894
1084,0.5869,1,3,1,488845,116765,58389,49567,1.081598058468265,0.2980003847726234
1085,0.5875,3,17,3,488862,116748,58392,49564,1.0814405869057764,0.2980181826927702
1086,0.5881,0,7,0,488869,116741,58392,49564,1.0813757456741635,0.29803072667688885
1087,0.5883,3,10,3,488879,116731,58395,49561,1.081283115343288,0.2980359848940418
1088,0.5889,0,12,0,488891,116719,58395,49561,1.0811719589462374,0.29805749338465237
1089,0.5895,1,1,1,488892,116718,58396,49560,1.0811626959131497,0.2980550644102046
1090,0.59,6,34,6,488926,116684,58402,49554,1.080847752788173,0.2980906892527581
1091,0.5905,1,1,1,488927,116683,58403,49553,1.0808384897550853,0.2980882600640054
1092,0.5907,0,3,0,488930,116680,58403,49553,1.0808107006558227,0.2980936396503703
1093,0.5909,0,2,0,488932,116678,58403,49553,1.0807921745896476,0.2980972261491539
1094,0.5911,0,2,0,488934,116676,58403,49553,1.0807736485234725,0.2981008127342401
1095,0.5914,1,0,1,488934,116676,58404,49552,1.0807736485234725,0.29809659022547347
1096,0.5917,18,139,18,489073,116537,58422,49534,1.0794860869243026,0.29827001704090417
1097,0.5923,1,0,1,489073,116537,58423,49533,1.0794860869243026,0.2982657915336906
1098,0.5929,2,4,2,489077,116533,58425,49531,1.0794490347919523,0.2982645245206667
1099,0.5933,4,35,4,489112,116498,58429,49527,1.079124828633888,0.2983104954073182
1100,0.5935,1,1,1,489113,116497,58430,49526,1.0791155656008002,0.2983080657499262
1101,0.594,0,1,0,489114,116496,58430,49526,1.0791063025677128,0.29830986254833697
1102,0.5942,1,2,1,489116,116494,58431,49525,1.0790877765015376,0.29830922966648393
1103,0.5944,0,2,0,489118,116492,58431,49525,1.0790692504353625,0.2983128233855569
1104,0.5945,0,3,0,489121,116489,58431,49525,1.0790414613361,0.29831821412651943
1105,0.5946,1,0,1,489121,116489,58432,49524,1.0790414613361,0.2983139874588135
1106,0.5947,2,4,2,489125,116485,58434,49522,1.0790044092037496,0.2983127217526972
1107,0.5948,1,4,1,489129,116481,58435,49521,1.0789673570713996,0.298315682943579
1108,0.5949,0,1,0,489130,116480,58435,49521,1.0789580940383119,0.29831748001518066
1109,0.595,0,7,0,489137,116473,58435,49521,1.078893252806699,0.29833006012265506
1110,0.5952,0,1,0,489138,116472,58435,49521,1.0788839897736116,0.29833185736747936
1111,0.5957,1,2,1,489140,116470,58436,49520,1.0788654637074364,0.2983312247725767
1112,0.5958,1,1,1,489141,116469,58437,49519,1.0788562006743487,0.29832879485263997
1113,0.5964,0,2,0,489143,116467,58437,49519,1.0788376746081736,0.2983323894786307
1114,0.5967,9,35,9,489178,116432,58446,49510,1.0785134684501092,0.2983572573549795
1115,0.5971,0,1,0,489179,116431,58446,49510,1.0785042054170217,0.2983590553268933
1116,0.5981,0,1,0,489180,116430,58446,49510,1.0784949423839343,0.2983608533204773
1117,0.5983,1,2,1,489182,116428,58447,49509,1.0784764163177591,0.298360221047747
1118,0.5995,0,2,0,489184,116426,58447,49509,1.078457890251584,0.29836381715732063
1119,0.5998,0,3,0,489187,116423,58447,49509,1.0784301011523214,0.29836921148422246
1120,0.6,10454,35939,10454,525126,80484,68901,39055,0.7455259550187113,0.3267134575326881
1121,0.6006,0,1,0,525127,80483,68901,39055,0.7455166919856238,0.3267161906674028
1122,0.6008,1,0,1,525127,80483,68902,39054,0.7455166919856238,0.3267105582371985
1123,0.6014,1,1,1,525128,80482,68903,39053,0.7455074289525362,0.32670765884468983
1124,0.6017,4,9,4,525137,80473,68907,39049,0.7454240616547483,0.3267097270795335
1125,0.6024,2,5,2,525142,80468,68909,39047,0.7453777464893104,0.3267121281847467
1126,0.6025,1,0,1,525142,80468,68910,39046,0.7453777464893104,0.3267064946366116
1127,0.6028,1,4,1,525146,80464,68911,39045,0.7453406943569603,0.32671179576433573
1128,0.6033,2,6,2,525152,80458,68913,39043,0.745285116158435,0.32671693123906914
1129,0.6036,0,3,0,525155,80455,68913,39043,0.7452573270591722,0.32672513347503723
1130,0.604,2,1,2,525156,80454,68915,39041,0.7452480640260847,0.3267165990208795
1131,0.6042,0,3,0,525159,80451,68915,39041,0.7452202749268221,0.3267248016603622
1132,0.6048,2,9,2,525168,80442,68917,39039,0.7451369076290341,0.32673814246616617
1133,0.605,6,29,6,525197,80413,68923,39033,0.744868279669495,0.3267836511896589
1134,0.6052,0,3,0,525200,80410,68923,39033,0.7448404905702323,0.32679185887829343
1135,0.6057,0,1,0,525201,80409,68923,39033,0.7448312275371448,0.3267945948661275
1136,0.6067,4,33,4,525234,80376,68927,39029,0.7445255474452555,0.3268623591976885
1137,0.6071,1,3,1,525237,80373,68928,39028,0.7444977583459929,0.3268649341295299
1138,0.6074,1,0,1,525237,80373,68929,39027,0.7444977583459929,0.3268592964824121
1139,0.6083,13,95,13,525332,80278,68942,39014,0.7436177702026752,0.32704623947959627
1140,0.6087,0,6,0,525338,80272,68942,39014,0.7435621920041499,0.3270626896702044
1141,0.609,0,2,0,525340,80270,68942,39014,0.7435436659379747,0.3270681734348278
1142,0.6093,0,1,0,525341,80269,68942,39014,0.7435344029048871,0.3270709153860986
1143,0.6095,0,2,0,525343,80267,68942,39014,0.7435158768387121,0.3270763994265642
1144,0.61,18,76,18,525419,80191,68960,38996,0.7428118863240579,0.3271833337528422
1145,0.6112,0,2,0,525421,80189,68960,38996,0.7427933602578829,0.32718882409699207
1146,0.6114,0,1,0,525422,80188,68960,38996,0.7427840972247953,0.3271915693381662
1147,0.6117,0,6,0,525428,80182,68960,38996,0.7427285190262699,0.3272080417526725
1148,0.612,0,1,0,525429,80181,68960,38996,0.7427192559931824,0.3272107873163446
1149,0.6124,0,4,0,525433,80177,68960,38996,0.7426822038608322,0.32722177003180253
1150,0.6125,2,3,2,525436,80174,68962,38994,0.7426544147615696,0.327218716433942
1151,0.6131,0,1,0,525437,80173,68962,38994,0.742645151728482,0.3272214623175879
1152,0.6133,10,36,10,525473,80137,68972,38984,0.74231168253733,0.32726387454772876
1153,0.6134,2,2,2,525475,80135,68974,38982,0.7422931564711549,0.32725807399447604
1154,0.6135,0,1,0,525476,80134,68974,38982,0.7422838934380673,0.32726082138419693
1155,0.6138,0,1,0,525477,80133,68974,38982,0.7422746304049798,0.32726356882004787
1156,0.6139,2,1,2,525478,80132,68976,38980,0.7422653673718923,0.3272550204849218
1157,0.6141,0,4,0,525482,80128,68976,38980,0.742228315239542,0.32726601067938343
1158,0.6145,1,4,1,525486,80124,68977,38979,0.7421912631071919,0.32727135336641394
1159,0.6148,0,4,0,525490,80120,68977,38979,0.7421542109748416,0.3272823449399239
1160,0.615,4,13,4,525503,80107,68981,38975,0.7420337915447034,0.32729547706622325
1161,0.6157,0,1,0,525504,80106,68981,38975,0.7420245285116158,0.32729822557754806
1162,0.6161,2,1,2,525505,80105,68983,38973,0.7420152654785283,0.3272896756747678
1163,0.6167,200,697,200,526202,79408,69183,38773,0.735558931416503,0.32808150210270687
1164,0.6171,0,1,0,526203,79407,69183,38773,0.7355496683834155,0.3280842782196649
1165,0.6174,0,3,0,526206,79404,69183,38773,0.7355218792841528,0.3280926068524332
1166,0.6179,0,4,0,526210,79400,69183,38773,0.7354848271518026,0.3281037123539218
1167,0.6183,3,5,3,526215,79395,69186,38770,0.7354385119863648,0.3281005373841662
1168,0.619,0,1,0,526216,79394,69186,38770,0.7354292489532772,0.3281033140381165
1169,0.62,8,27,8,526243,79367,69194,38762,0.7351791470599133,0.3281328039685429
1170,0.6202,0,1,0,526244,79366,69194,38762,0.7351698840268257,0.3281355817418394
1171,0.6205,0,6,0,526250,79360,69194,38762,0.7351143058283004,0.32815224936929616
1172,0.6208,0,2,0,526252,79358,69194,38762,0.7350957797621253,0.32815780562140195
1173,0.621,0,1,0,526253,79357,69194,38762,0.7350865167290378,0.32816058381801405
1174,0.6213,1,2,1,526255,79355,69195,38761,0.7350679906628627,0.32816045243658776
1175,0.6214,1,4,1,526259,79351,69196,38760,0.7350309385305124,0.3281658778606565
1176,0.6217,1,12,1,526271,79339,69197,38759,0.7349197821334618,0.32819353418347474
1177,0.6219,1,0,1,526271,79339,69198,38758,0.7349197821334618,0.3281878455845618
1178,0.6222,0,6,0,526277,79333,69198,38758,0.7348642039349365,0.32820452024286356
1179,0.6229,0,1,0,526278,79332,69198,38758,0.7348549409018489,0.3282072995173173
1180,0.623,0,2,0,526280,79330,69198,38758,0.7348364148356737,0.3282128582074385
1181,0.6233,4,7,4,526287,79323,69202,38754,0.7347715736040609,0.32820955816966896
1182,0.6238,2,9,2,526296,79314,69204,38752,0.734688206306273,0.3282231971947894
1183,0.624,0,1,0,526297,79313,69204,38752,0.7346789432731854,0.3282259772159404
1184,0.6242,0,2,0,526299,79311,69204,38752,0.7346604172070103,0.328231537399524
1185,0.6243,1,3,1,526302,79308,69205,38751,0.7346326281077477,0.3282341879907504
1186,0.6245,0,2,0,526304,79306,69205,38751,0.7346141020415725,0.3282397485960172
1187,0.625,97,372,97,526676,78934,69302,38654,0.7311682537330023,0.3287240194577678
1188,0.6257,1,3,1,526679,78931,69303,38653,0.7311404646337397,0.3287266975098653
1189,0.6267,8,36,8,526715,78895,69311,38645,0.7308069954425878,0.3287816913391186
1190,0.6269,2,5,2,526720,78890,69313,38643,0.7307606802771499,0.32878425633651825
1191,0.6274,0,1,0,526721,78889,69313,38643,0.7307514172440625,0.3287870537385563
1192,0.6278,0,2,0,526723,78887,69313,38643,0.7307328911778873,0.328792648685442
1193,0.6283,0,1,0,526724,78886,69313,38643,0.7307236281447997,0.3287954462302921
1194,0.6286,0,7,0,526731,78879,69313,38643,0.7306587869131869,0.32881503037729104
1195,0.6289,1,0,1,526731,78879,69314,38642,0.7306587869131869,0.32880931918550727
1196,0.629,0,1,0,526732,78878,69314,38642,0.7306495238800993,0.32881211708645336
1197,0.6293,0,4,0,526736,78874,69314,38642,0.7306124717477491,0.3288233091664114
1198,0.63,11,119,11,526855,78755,69325,38631,0.7295101708103301,0.3290937590513349
1199,0.6302,0,1,0,526856,78754,69325,38631,0.7295009077772426,0.3290965625931763
1200,0.6305,0,2,0,526858,78752,69325,38631,0.7294823817110675,0.3291021698201613
1201,0.6306,0,1,0,526859,78751,69325,38631,0.7294731186779799,0.3291049735053075
1202,0.6308,0,3,0,526862,78748,69325,38631,0.7294453295787172,0.32911338484737473
1203,0.6309,1,6,1,526868,78742,69326,38630,0.7293897513801919,0.3291244930647855
1204,0.6317,1,4,1,526872,78738,69327,38629,0.7293526992478417,0.3291299939505994
1205,0.6325,1,1,1,526873,78737,69328,38628,0.7293434362147542,0.3291270821795254
1206,0.6329,4,5,4,526878,78732,69332,38624,0.7292971210493164,0.3291182385221037
1207,0.6331,0,3,0,526881,78729,69332,38624,0.7292693319500537,0.32912665206684105
1208,0.6332,0,1,0,526882,78728,69332,38624,0.7292600689169662,0.3291294566773468
1209,0.6333,193,700,193,527582,78028,69525,38431,0.7227759457556783,0.3299959642449274
1210,0.634,0,9,0,527591,78019,69525,38431,0.7226925784578903,0.33002146844139113
1211,0.6341,3,1,3,527592,78018,69528,38428,0.7226833154248027,0.33000704189066177
1212,0.6342,1,2,1,527594,78016,69529,38427,0.7226647893586275,0.3300069561931589
1213,0.6348,0,1,0,527595,78015,69529,38427,0.7226555263255401,0.33000979028185706
1214,0.635,2,25,2,527620,77990,69531,38425,0.7224239504983512,0.33006914916462654
1215,0.6357,3,11,3,527631,77979,69534,38422,0.7223220571343881,0.3300830748876728
1216,0.6358,2,8,2,527639,77971,69536,38420,0.7222479528696877,0.33009425127372394
1217,0.6363,0,2,0,527641,77969,69536,38420,0.7222294268035125,0.33009992353229256
1218,0.6367,2,11,2,527652,77958,69538,38418,0.7221275334395495,0.3301196122911941
1219,0.6369,1,0,1,527652,77958,69539,38417,0.7221275334395495,0.33011385606874327
1220,0.6375,2,7,2,527659,77951,69541,38415,0.7220626922079366,0.33012220064279946
1221,0.6381,2,2,2,527661,77949,69543,38413,0.7220441661417615,0.33011636101132674
1222,0.6383,1,24,1,527685,77925,69544,38412,0.7218218533476601,0.33017870496918433
1223,0.6387,0,2,0,527687,77923,69544,38412,0.721803327281485,0.33018438131258865
1224,0.6388,2,0,2,527687,77923,69546,38410,0.721803327281485,0.33017286582483046
1225,0.6389,0,3,0,527690,77920,69546,38410,0.7217755381822224,0.33018138055531676
1226,0.6396,1,0,1,527690,77920,69547,38409,0.7217755381822224,0.33017562258766087
1227,0.6398,0,1,0,527691,77919,69547,38409,0.7217662751491348,0.3301784609036517
1228,0.64,14,43,14,527734,77876,69561,38395,0.72136796472637,0.330219917262258
1229,0.6405,0,3,0,527737,77873,69561,38395,0.7213401756271074,0.33022843774727356
1230,0.6407,2,2,2,527739,77871,69563,38393,0.7213216495609323,0.3302225968485516
1231,0.6409,1,0,1,527739,77871,69564,38392,0.7213216495609323,0.3302168359667306
1232,0.6417,51,188,51,527927,77683,69615,38341,0.719580199340472,0.3304574915534717
1233,0.6424,0,1,0,527928,77682,69615,38341,0.7195709363073844,0.33046033976021993
1234,0.6429,3,4,3,527932,77678,69618,38338,0.7195338841750343,0.330454420079989
1235,0.6431,0,2,0,527934,77676,69618,38338,0.7195153581088591,0.3304601168824452
1236,0.6433,7,21,7,527955,77655,69625,38331,0.7193208344140205,0.3304795406342145
1237,0.6438,0,1,0,527956,77654,69625,38331,0.7193115713809329,0.3304823899642195
1238,0.644,1,1,1,527957,77653,69626,38330,0.7193023083478454,0.33047946681841306
1239,0.6442,0,2,0,527959,77651,69626,38330,0.7192837822816703,0.3304851656736879
1240,0.6446,0,1,0,527960,77650,69626,38330,0.7192745192485828,0.3304880151750302
1241,0.645,1,3,1,527963,77647,69627,38329,0.7192467301493201,0.3304907911981789
1242,0.6455,0,1,0,527964,77646,69627,38329,0.7192374671162325,0.33049364087087735
1243,0.6457,2,1,2,527965,77645,69629,38327,0.719228204083145,0.3304849446418101
1244,0.6464,0,3,0,527968,77642,69629,38327,0.7192004149838823,0.33049349395096966
1245,0.6467,14,72,14,528040,77570,69643,38313,0.7185334766015784,0.33061795086423373
1246,0.6474,2,2,2,528042,77568,69645,38311,0.7185149505354033,0.33061210400503976
1247,0.6481,1,0,1,528042,77568,69646,38310,0.7185149505354033,0.33060632734427586
1248,0.6483,1,11,1,528053,77557,69647,38309,0.7184130571714402,0.33063193689261733
1249,0.6498,3,1,3,528054,77556,69650,38306,0.7184037941383526,0.3306174587008683
1250,0.65,1053,3549,1053,531603,74007,70703,37253,0.6855292897106229,0.3348283300377494
1251,0.6512,0,3,0,531606,74004,70703,37253,0.6855015006113602,0.33483735854822616
1252,0.6516,0,5,0,531611,73999,70703,37253,0.6854551854459224,0.3348524071477367
1253,0.6517,2,11,2,531622,73988,70705,37251,0.6853532920819593,0.3348735605318279
1254,0.6524,1,9,1,531631,73979,70706,37250,0.6852699247841714,0.3348946767479704
1255,0.6525,1,1,1,531632,73978,70707,37249,0.6852606617510838,0.3348917079486096
1256,0.6528,0,2,0,531634,73976,70707,37249,0.6852421356849087,0.3348977298269274
1257,0.6531,0,4,0,531638,73972,70707,37249,0.6852050835525585,0.3349097742332833
1258,0.6533,0,4,0,531642,73968,70707,37249,0.6851680314202082,0.3349218195060108
1259,0.6538,0,4,0,531646,73964,70707,37249,0.685130979287858,0.33493386564520333
1260,0.6542,0,2,0,531648,73962,70707,37249,0.6851124532216829,0.33493988903975325
1261,0.6544,0,7,0,531655,73955,70707,37249,0.68504761199007,0.3349609726268839
1262,0.6545,0,2,0,531657,73953,70707,37249,0.6850290859238949,0.3349669969964569
1263,0.6546,4,3,4,531660,73950,70711,37245,0.6850012968246323,0.33495211115607715
1264,0.6548,1,2,1,531662,73948,70712,37244,0.6849827707584571,0.3349521548312828
1265,0.655,6,48,6,531710,73900,70718,37238,0.6845381451702546,0.33506091525850745
1266,0.6556,1,2,1,531712,73898,70719,37237,0.6845196191040794,0.33506096189319295
1267,0.6567,4,22,4,531734,73876,70723,37233,0.6843158323761532,0.3351033669639723
1268,0.6571,4,21,4,531755,73855,70727,37229,0.6841213086813146,0.33514277483706023
1269,0.6575,1,1,1,531756,73854,70728,37228,0.684112045648227,0.3351398066293369
1270,0.6576,0,1,0,531757,73853,70728,37228,0.6841027826151395,0.33514282370522414
1271,0.6583,21,76,21,531833,73777,70749,37207,0.6833987921004854,0.33524652202119226
1272,0.6586,0,3,0,531836,73774,70749,37207,0.6833710030012227,0.33525558428920266
1273,0.6594,0,2,0,531838,73772,70749,37207,0.6833524769350476,0.33526162607340126
1274,0.6595,0,6,0,531844,73766,70749,37207,0.6832968987365223,0.3352797527326467
1275,0.66,35,131,35,531975,73635,70784,37172,0.6820834414020527,0.3354661709097801
1276,0.6605,0,1,0,531976,73634,70784,37172,0.6820741783689651,0.3354691984188582
1277,0.6607,2,3,2,531979,73631,70786,37170,0.6820463892697025,0.33546628640535736
1278,0.6608,0,5,0,531984,73626,70786,37170,0.6820000741042647,0.3354814253222138
1279,0.6611,1,4,1,531988,73622,70787,37169,0.6819630219719145,0.33548753960159217
1280,0.6617,0,5,0,531993,73617,70787,37169,0.6819167068064768,0.33550268084414997
1281,0.6618,0,5,0,531998,73612,70787,37169,0.6818703916410389,0.3355178234534803
1282,0.6619,1,1,1,531999,73611,70788,37168,0.6818611286079513,0.33551485389830205
1283,0.6621,0,1,0,532000,73610,70788,37168,0.6818518655748639,0.335517882612071
1284,0.6624,0,2,0,532002,73608,70788,37168,0.6818333395086887,0.3355239402036542
1285,0.6625,0,4,0,532006,73604,70788,37168,0.6817962873763385,0.3355360560430434
1286,0.6632,0,4,0,532010,73600,70788,37168,0.6817592352439883,0.33554817275747506
1287,0.6633,8,18,8,532028,73582,70796,37160,0.6815925006484124,0.3355547127557747
1288,0.6638,2,0,2,532028,73582,70798,37158,0.6815925006484124,0.33554271266028535
1289,0.6639,0,1,0,532029,73581,70798,37158,0.6815832376153248,0.33554574269227644
1290,0.6641,0,2,0,532031,73579,70798,37158,0.6815647115491497,0.3355518029204331
1291,0.6642,0,2,0,532033,73577,70798,37158,0.6815461854829745,0.335557863367499
1292,0.6643,1,0,1,532033,73577,70799,37157,0.6815461854829745,0.3355518630231004
1293,0.6645,0,1,0,532034,73576,70799,37157,0.681536922449887,0.3355548933019064
1294,0.665,3,6,3,532040,73570,70802,37154,0.6814813442513616,0.3355550738773888
1295,0.6651,1,4,1,532044,73566,70803,37153,0.6814442921190115,0.335561195458774
1296,0.6655,1,3,1,532047,73563,70804,37152,0.6814165030197488,0.33556428668202143
1297,0.6656,1,2,1,532049,73561,70805,37151,0.6813979769535736,0.33556434713490857
1298,0.6657,1,5,1,532054,73556,70806,37150,0.6813516617881359,0.3355735009845898
1299,0.6658,1,1,1,532055,73555,70807,37149,0.6813423987550483,0.3355705304234716
1300,0.6667,521,2020,521,534075,71535,71328,36628,0.6626310719181889,0.3386370570342908
1301,0.6675,1,1,1,534076,71534,71329,36627,0.6626218088851014,0.33863407327964795
1302,0.6678,0,2,0,534078,71532,71329,36627,0.6626032828189262,0.3386403350622694
1303,0.6679,0,1,0,534079,71531,71329,36627,0.6625940197858387,0.33864346604042234
1304,0.6683,2,8,2,534087,71523,71331,36625,0.6625199155211382,0.33865628583052854
1305,0.669,0,4,0,534091,71519,71331,36625,0.662482863388788,0.3386688119544311
1306,0.6695,0,4,0,534095,71515,71331,36625,0.6624458112564378,0.33868133900499353
1307,0.67,3,10,3,534105,71505,71334,36622,0.6623531809255623,0.33869431316877374
1308,0.6703,0,2,0,534107,71503,71334,36622,0.6623346548593871,0.33870057803468206
1309,0.6707,1,0,1,534107,71503,71335,36621,0.6623346548593871,0.33869446191409863
1310,0.6708,1,5,1,534112,71498,71336,36620,0.6622883396939494,0.33870400858321464
1311,0.6709,0,1,0,534113,71497,71336,36620,0.6622790766608618,0.338707141337625
1312,0.6712,1,1,1,534114,71496,71337,36619,0.6622698136277743,0.33870415760995237
1313,0.6714,9,21,9,534135,71475,71346,36610,0.6620752899329356,0.3387149003099412
1314,0.6717,2,7,2,534142,71468,71348,36608,0.6620104487013228,0.33872460120655834
1315,0.6721,0,2,0,534144,71466,71348,36608,0.6619919226351476,0.33873086958935544
1316,0.6733,0,19,0,534163,71447,71348,36608,0.6618159250064841,0.33879043079913007
1317,0.6738,0,1,0,534164,71446,71348,36608,0.6618066619733965,0.33879356617987305
1318,0.6739,2,1,2,534165,71445,71350,36606,0.661797398940309,0.33878446289252295
1319,0.6742,0,4,0,534169,71441,71350,36606,0.6617603468079588,0.33879700500708027
1320,0.675,265,872,265,535041,70569,71615,36341,0.6536829819556116,0.33992142923954727
1321,0.6751,1,3,1,535044,70566,71616,36340,0.6536551928563489,0.33992479374403684
1322,0.6755,0,2,0,535046,70564,71616,36340,0.6536366667901737,0.3399311531841652
1323,0.6762,2,2,2,535048,70562,71618,36338,0.6536181407239987,0.3399251637043966
1324,0.6763,1,3,1,535051,70559,71619,36337,0.653590351624736,0.33992852866337375
1325,0.6764,2,0,2,535051,70559,71621,36335,0.653590351624736,0.33991617864426443
1326,0.6767,7,28,7,535079,70531,71628,36328,0.6533309866982845,0.339962006007917
1327,0.6769,2,9,2,535088,70522,71630,36326,0.6532476194004965,0.3399782869122492
1328,0.6774,1,2,1,535090,70520,71631,36325,0.6532290933343214,0.3399784734896345
1329,0.6778,1,1,1,535091,70519,71632,36324,0.6532198303012339,0.33997547803786865
1330,0.6783,0,2,0,535093,70517,71632,36324,0.6532013042350587,0.3399818421766925
1331,0.6786,1,1,1,535094,70516,71633,36323,0.6531920412019712,0.33997884667583933
1332,0.6798,1,0,1,535094,70516,71634,36322,0.6531920412019712,0.3399726689005784
1333,0.68,90,257,90,535351,70259,71724,36232,0.6508114416984697,0.3402353250509433
1334,0.6806,1,3,1,535354,70256,71725,36231,0.6507836525992071,0.3402387145848789
1335,0.6812,0,3,0,535357,70253,71725,36231,0.6507558634999444,0.3402483002141167
1336,0.6814,2,3,2,535360,70250,71727,36229,0.6507280744006818,0.34024549441673946
1337,0.6817,1,5,1,535365,70245,71728,36228,0.650681759235244,0.3402552759854611
1338,0.6821,0,3,0,535368,70242,71728,36228,0.6506539701359814,0.3402648633417864
1339,0.6822,0,1,0,535369,70241,71728,36228,0.6506447071028938,0.34026805924729264
1340,0.6824,0,1,0,535370,70240,71728,36228,0.6506354440698062,0.3402712552128339
1341,0.6833,117,389,117,535759,69851,71845,36111,0.6470321241987477,0.34079198203129424
1342,0.6839,0,1,0,535760,69850,71845,36111,0.6470228611656601,0.3407951982333123
1343,0.6842,1,0,1,535760,69850,71846,36110,0.6470228611656601,0.3407889769724424
1344,0.6845,0,4,0,535764,69846,71846,36110,0.6469858090333098,0.34080184227415156
1345,0.6848,1,2,1,535766,69844,71847,36109,0.6469672829671348,0.34080205374080963
1346,0.685,5,22,5,535788,69822,71852,36104,0.6467634962392086,0.3408417196911051
1347,0.6856,1,0,1,535788,69822,71853,36103,0.6467634962392086,0.34083549681378333
1348,0.6857,8,25,8,535813,69797,71861,36095,0.6465319204120197,0.3408661655271409
1349,0.6861,0,1,0,535814,69796,71861,36095,0.6465226573789321,0.34086938455581683
1350,0.6864,0,4,0,535818,69792,71861,36095,0.6464856052465819,0.34088226127853277
1351,0.6867,0,7,0,535825,69785,71861,36095,0.6464207640149691,0.3409047978843974
1352,0.6871,0,1,0,535826,69784,71861,36095,0.6464115009818815,0.3409080176427809
1353,0.6873,1,3,1,535829,69781,71862,36094,0.6463837118826189,0.34091145218417945
1354,0.6875,4,9,4,535838,69772,71866,36090,0.6463003445848309,0.3409155315410629
1355,0.6879,0,2,0,535840,69770,71866,36090,0.6462818185186557,0.34092197241639904
1356,0.6881,2,4,2,535844,69766,71868,36088,0.6462447663863056,0.3409224025544618
1357,0.6883,0,7,0,535851,69759,71868,36088,0.6461799251546927,0.340944948841252
1358,0.6889,1,7,1,535858,69752,71869,36087,0.6461150839230798,0.34096127136499776
1359,0.6892,0,4,0,535862,69748,71869,36087,0.6460780317907295,0.34097415788727736
1360,0.69,8,19,8,535881,69729,71877,36079,0.645902034162066,0.34098555874792075
1361,0.6903,0,2,0,535883,69727,71877,36079,0.6458835080958909,0.3409920042341644
1362,0.6905,1,1,1,535884,69726,71878,36078,0.6458742450628033,0.34098899852557557
1363,0.6909,0,4,0,535888,69722,71878,36078,0.6458371929304532,0.3410018903591682
1364,0.6914,0,5,0,535893,69717,71878,36078,0.6457908777650154,0.34101800652204733
1365,0.6917,24,107,24,536000,69610,71902,36054,0.6447997332246471,0.34121365838885526
1366,0.6923,0,1,0,536001,69609,71902,36054,0.6447904701915596,0.34121688765225294
1367,0.6924,0,2,0,536003,69607,71902,36054,0.6447719441253844,0.34122334636242324
1368,0.6925,0,1,0,536004,69606,71902,36054,0.6447626810922968,0.3412265758091993
1369,0.6929,1,2,1,536006,69604,71903,36053,0.6447441550261217,0.34122679992806915
1370,0.6933,7,22,7,536028,69582,71910,36046,0.6445403682981956,0.3412542128980952
1371,0.6943,0,1,0,536029,69581,71910,36046,0.644531105265108,0.3412574436460375
1372,0.6944,1,0,1,536029,69581,71911,36045,0.644531105265108,0.3412512070891637
1373,0.6945,1,5,1,536034,69576,71912,36044,0.6444847900996702,0.3412611247869722
1374,0.6946,0,1,0,536035,69575,71912,36044,0.6444755270665827,0.34126435584506576
1375,0.695,1,4,1,536039,69571,71913,36043,0.6444384749342325,0.3412710436116424
1376,0.6955,0,1,0,536040,69570,71913,36043,0.6444292119011449,0.34127427494721296
1377,0.6958,0,1,0,536041,69569,71913,36043,0.6444199488680573,0.3412775063439761
1378,0.6964,0,2,0,536043,69567,71913,36043,0.6444014228018823,0.341283969321087
1379,0.6965,0,2,0,536045,69565,71913,36043,0.6443828967357071,0.3412904325429892
1380,0.6967,7,34,7,536079,69531,71920,36036,0.6440679536107303,0.3413566739606127
1381,0.6968,1,2,1,536081,69529,71921,36035,0.6440494275445552,0.34135690197415786
1382,0.6972,0,1,0,536082,69528,71921,36035,0.6440401645114676,0.34136013565359075
1383,0.6975,1,2,1,536084,69526,71922,36034,0.6440216384452925,0.3413603637741569
1384,0.6978,1,6,1,536090,69520,71923,36033,0.6439660602467672,0.34137352799067766
1385,0.6981,1,2,1,536092,69518,71924,36032,0.6439475341805921,0.3413737565135007
1386,0.6983,0,3,0,536095,69515,71924,36032,0.6439197450813294,0.3413834595014543
1387,0.6988,0,13,0,536108,69502,71924,36032,0.6437993256511912,0.3414255121572195
1388,0.6998,0,2,0,536110,69500,71924,36032,0.6437807995850161,0.34143198271614295
1389,0.7,9928,25499,9928,561609,44001,81852,26104,0.4075827188854719,0.37235575208615646
1390,0.7012,0,3,0,561612,43998,81852,26104,0.4075549297862092,0.37237168697041456
1391,0.7014,0,7,0,561619,43991,81852,26104,0.40749008855459634,0.3724088736714459
1392,0.7016,1,1,1,561620,43990,81853,26103,0.40748082552150877,0.3724052330475226
1393,0.7017,1,4,1,561624,43986,81854,26102,0.40744377338915855,0.3724175322451775
1394,0.7019,1,4,1,561628,43982,81855,26101,0.4074067212568083,0.3724298331977798
1395,0.7024,1,1,1,561629,43981,81856,26100,0.40739745822372075,0.3724261925486223
1396,0.7028,2,1,2,561630,43980,81858,26098,0.40738819519063324,0.3724135962784326
1397,0.7031,0,1,0,561631,43979,81858,26098,0.40737893215754567,0.37241891062688187
1398,0.7032,0,1,0,561632,43978,81858,26098,0.4073696691244581,0.37242422512700496
1399,0.7033,3,8,3,561640,43970,81861,26095,0.40729556485975765,0.3724398772568329
1400,0.7038,0,1,0,561641,43969,81861,26095,0.40728630182667014,0.3724451929664307
1401,0.704,0,3,0,561644,43966,81861,26095,0.4072585127274075,0.37246114100569505
1402,0.7042,0,1,0,561645,43965,81861,26095,0.4072492496943199,0.37246645732229516
1403,0.7048,1,1,1,561646,43964,81862,26094,0.40723998666123234,0.372462816523452
1404,0.705,3,15,3,561661,43949,81865,26091,0.407101041164919,0.3725157053112507
1405,0.7052,1,5,1,561666,43944,81866,26090,0.4070547259994813,0.37253334094868207
1406,0.7056,0,1,0,561667,43943,81866,26090,0.4070454629663937,0.37253866034583694
1407,0.7063,1,2,1,561669,43941,81867,26089,0.4070269369002186,0.37254033985434815
1408,0.7067,7,22,7,561691,43919,81874,26082,0.4068231501722924,0.3725946772188969
1409,0.7068,0,2,0,561693,43917,81874,26082,0.4068046241061173,0.37260532293318477
1410,0.7071,4,7,4,561700,43910,81878,26078,0.4067397828745044,0.3726067325827285
1411,0.7079,1,2,1,561702,43908,81879,26077,0.4067212568083293,0.37260841608916195
1412,0.7083,31,82,31,561784,43826,81910,26046,0.4059616880951499,0.3727673460041218
1413,0.7086,3,3,3,561787,43823,81913,26043,0.4059338989958872,0.37275641943148313
1414,0.7088,1,4,1,561791,43819,81914,26042,0.405896846863537,0.37276878372768785
1415,0.7089,0,1,0,561792,43818,81914,26042,0.4058875838304494,0.37277411966790724
1416,0.709,0,1,0,561793,43817,81914,26042,0.4058783207973619,0.3727794557608898
1417,0.7092,0,1,0,561794,43816,81914,26042,0.40586905776427434,0.37278479200664205
1418,0.7093,1,1,1,561795,43815,81915,26041,0.4058597947311868,0.3727811497938617
1419,0.7095,0,3,0,561798,43812,81915,26041,0.4058320056319241,0.3727971597497602
1420,0.7096,0,1,0,561799,43811,81915,26041,0.40582274259883655,0.37280249670732407
1421,0.71,12,46,12,561845,43765,81927,26029,0.40539664307680906,0.37294036736682235
1422,0.7103,2,1,2,561846,43764,81929,26027,0.4053873800437215,0.37292774139932083
1423,0.7107,1,1,1,561847,43763,81930,26026,0.405378117010634,0.3729240997864993
1424,0.7114,0,1,0,561848,43762,81930,26026,0.4053688539775464,0.3729294434573279
1425,0.7117,0,2,0,561850,43760,81930,26026,0.4053503279113713,0.3729401312584186
1426,0.7121,0,1,0,561851,43759,81930,26026,0.40534106487828375,0.3729454753886938
1427,0.7124,0,1,0,561852,43758,81930,26026,0.4053318018451962,0.3729508196721312
1428,0.7125,2,2,2,561854,43756,81932,26024,0.4053132757790211,0.3729435368300373
1429,0.7133,4,24,4,561878,43732,81936,26020,0.40509096298491976,0.3730358986122262
1430,0.7135,0,2,0,561880,43730,81936,26020,0.40507243691874467,0.37304659498207887
1431,0.7139,0,1,0,561881,43729,81936,26020,0.4050631738856571,0.37305194339703796
1432,0.7142,0,2,0,561883,43727,81936,26020,0.405044647819482,0.37306264068705464
1433,0.7148,0,1,0,561884,43726,81936,26020,0.40503538478639445,0.37306798956212545
1434,0.715,0,4,0,561888,43722,81936,26020,0.4049983326540442,0.37308938659631213
1435,0.7155,0,1,0,561889,43721,81936,26020,0.4049890696209567,0.3730947362383677
1436,0.7165,0,4,0,561893,43717,81936,26020,0.4049520174886065,0.37311613634082336
1437,0.7167,152,552,152,562445,43165,82088,25868,0.39983882322427655,0.37471933712861966
1438,0.7171,0,1,0,562446,43164,82088,25868,0.399829560191189,0.3747247653262255
1439,0.7174,0,6,0,562452,43158,82088,25868,0.3997739819926637,0.37475733781473647
1440,0.7175,1,2,1,562454,43156,82089,25867,0.3997554559264886,0.37475913825826174
1441,0.7179,0,1,0,562455,43155,82089,25867,0.399746192893401,0.3747645678189563
1442,0.7181,2,0,2,562455,43155,82091,25865,0.399746192893401,0.3747464503042596
1443,0.7183,1,1,1,562456,43154,82092,25864,0.39973692986031345,0.37474282071343706
1444,0.719,0,7,0,562463,43147,82092,25864,0.3996720886287006,0.3747808320412688
1445,0.7192,0,1,0,562464,43146,82092,25864,0.399662825595613,0.374786262860455
1446,0.72,4,13,4,562477,43133,82096,25860,0.3995424061654748,0.37482063397736004
1447,0.7202,0,4,0,562481,43129,82096,25860,0.3995053540331246,0.37484236617431765
1448,0.7205,1,1,1,562482,43128,82097,25859,0.3994960910000371,0.3748387377331961
1449,0.7214,1,10,1,562492,43118,82098,25858,0.3994034606691615,0.37488401762932033
1450,0.7217,4,17,4,562509,43101,82102,25854,0.3992459891066731,0.3749401783772025
1451,0.7221,0,5,0,562514,43096,82102,25854,0.39919967394123534,0.374967367657723
1452,0.7222,1,4,1,562518,43092,82103,25853,0.3991626218088851,0.37498005656682865
1453,0.7225,0,1,0,562519,43091,82103,25853,0.39915335877579755,0.3749854954745881
1454,0.7229,0,2,0,562521,43089,82103,25853,0.3991348327096224,0.37499637376345335
1455,0.7233,3,7,3,562528,43082,82106,25850,0.39906999147800953,0.37500725352521325
1456,0.7238,0,1,0,562529,43081,82106,25850,0.399060728444922,0.37501269385327357
1457,0.7242,0,1,0,562530,43080,82106,25850,0.39905146541183445,0.3750181343391847
1458,0.7249,0,4,0,562534,43076,82106,25850,0.3990144132794842,0.3750398978614746
1459,0.725,63,291,63,562825,42785,82169,25787,0.39631887065100596,0.3760572828559762
1460,0.7252,0,2,0,562827,42783,82169,25787,0.3963003445848309,0.37606825142190464
1461,0.7257,0,2,0,562829,42781,82169,25787,0.39628181851865574,0.37607922062769805
1462,0.7258,0,1,0,562830,42780,82169,25787,0.39627255548556817,0.37608470547056166
1463,0.7265,0,3,0,562833,42777,82169,25787,0.3962447663863055,0.3761011609591039
1464,0.7267,7,40,7,562873,42737,82176,25780,0.3958742450628034,0.37625698731701623
1465,0.7283,2,9,2,562882,42728,82178,25778,0.39579087776501537,0.3762882083321169
1466,0.7286,1,1,1,562883,42727,82179,25777,0.3957816147319278,0.37628459651991125
1467,0.7288,0,3,0,562886,42724,82179,25777,0.39575382563266515,0.37630107589670225
1468,0.729,0,2,0,562888,42722,82179,25777,0.39573529956649006,0.3763120629498241
1469,0.7292,1,2,1,562890,42720,82180,25776,0.3957167735003149,0.37631394533987383
1470,0.7298,1,8,1,562898,42712,82181,25775,0.39564266923561453,0.37634879612189176
1471,0.73,22,66,22,562964,42646,82203,25753,0.3950313090518359,0.3765113525051536
1472,0.7305,0,1,0,562965,42645,82203,25753,0.39502204601874835,0.3765168572180473
1473,0.7317,0,2,0,562967,42643,82203,25753,0.39500351995257327,0.3765278671267326
1474,0.7321,0,1,0,562968,42642,82203,25753,0.3949942569194857,0.3765333723225382
1475,0.7324,1,4,1,562972,42638,82204,25752,0.3949572047871355,0.3765462786957158
1476,0.7325,0,3,0,562975,42635,82204,25752,0.3949294156878728,0.37656279702282597
1477,0.7333,164,478,164,563453,42157,82368,25588,0.39050168587202194,0.37771053214259354
1478,0.7344,0,1,0,563454,42156,82368,25588,0.39049242283893437,0.37771610769957487
1479,0.7345,0,1,0,563455,42155,82368,25588,0.3904831598058468,0.3777216834211653
1480,0.735,4,11,4,563466,42144,82372,25584,0.39038126644188376,0.3777462792345854
1481,0.7357,1,3,1,563469,42141,82373,25583,0.39035347734262105,0.37775382434587446
1482,0.7361,1,1,1,563470,42140,82374,25582,0.39034421430953353,0.37775021411062876
1483,0.7367,1,7,1,563477,42133,82375,25581,0.39027937307792065,0.3777800750214136
1484,0.7371,0,1,0,563478,42132,82375,25581,0.3902701100448331,0.37778565415799037
1485,0.7373,0,2,0,563480,42130,82375,25581,0.39025158397865795,0.3777968129255217
1486,0.7375,1,4,1,563484,42126,82376,25580,0.3902145318463078,0.37780994298880455
1487,0.7376,0,4,0,563488,42122,82376,25580,0.39017747971395755,0.3778322649257038
1488,0.7381,0,4,0,563492,42118,82376,25580,0.39014042758160733,0.3778545895004284
1489,0.7383,2,5,2,563497,42113,82378,25578,0.39009411241616954,0.377864117829549
1490,0.7385,1,6,1,563503,42107,82379,25577,0.39003853421764423,0.37788842267005496
1491,0.7386,0,3,0,563506,42104,82379,25577,0.3900107451183816,0.37790517279591024
1492,0.7389,2,5,2,563511,42099,82381,25575,0.3899644299529438,0.37791470875077576
1493,0.74,6,41,6,563552,42058,82387,25569,0.3895846455963541,0.3780886332382037
1494,0.7405,1,5,1,563557,42053,82388,25568,0.3895383304309163,0.3781073926738735
1495,0.7407,1,2,1,563559,42051,82389,25567,0.3895198043647412,0.3781093791593954
1496,0.7409,0,1,0,563560,42050,82389,25567,0.38951054133165364,0.37811497108715264
1497,0.7411,0,1,0,563561,42049,82389,25567,0.38950127829856607,0.37812056318031234
1498,0.7417,39,142,39,563703,41907,82428,25528,0.3881859276001334,0.37855712908726924
1499,0.7423,0,2,0,563705,41905,82428,25528,0.3881674015339583,0.37856835673928196
1500,0.7429,2,5,2,563710,41900,82430,25526,0.3881210863685205,0.3785779966185151
1501,0.7433,2,15,2,563725,41885,82432,25524,0.38798214087220717,0.3786438012728271
1502,0.744,2,3,2,563728,41882,82434,25522,0.3879543517729445,0.3786422170791051
1503,0.7444,1,0,1,563728,41882,82435,25521,0.3879543517729445,0.3786329985312226
1504,0.745,1,2,1,563730,41880,82436,25520,0.38793582570676943,0.37863501483679524
1505,0.7462,0,1,0,563731,41879,82436,25520,0.38792656267368186,0.37864063265033604
1506,0.7464,0,4,0,563735,41875,82436,25520,0.38788951054133164,0.37866310557162997
1507,0.7467,16,71,16,563806,41804,82452,25504,0.3872318351921153,0.37891483924644914
1508,0.7471,1,3,1,563809,41801,82453,25503,0.38720404609285264,0.3789225008914775
1509,0.7479,1,0,1,563809,41801,82454,25502,0.38720404609285264,0.37891327281101883
1510,0.7481,3,1,3,563810,41800,82457,25499,0.38719478305976507,0.3788912168085707
1511,0.7483,3,4,3,563814,41796,82460,25496,0.3871577309274149,0.3788860488616775
1512,0.7489,0,4,0,563818,41792,82460,25496,0.3871206787950647,0.37890857210795387
1513,0.7494,1,0,1,563818,41792,82461,25495,0.3871206787950647,0.3788993416261685
1514,0.75,874,2274,874,566092,39518,83335,24621,0.36605654155396644,0.3838694086281358
1515,0.7511,0,2,0,566094,39516,83335,24621,0.3660380154877913,0.3838813789232424
1516,0.7517,0,4,0,566098,39512,83335,24621,0.3660009633554411,0.38390532175323155
1517,0.752,1,0,1,566098,39512,83336,24620,0.3660009633554411,0.38389571508763176
1518,0.7522,1,1,1,566099,39511,83337,24619,0.36599170032235356,0.38389209418368936
1519,0.7524,0,9,0,566108,39502,83337,24619,0.36590833302456555,0.3839459771369754
1520,0.7525,3,1,3,566109,39501,83340,24616,0.36589906999147803,0.3839231405087574
1521,0.7528,0,1,0,566110,39500,83340,24616,0.36588980695839046,0.3839291284546759
1522,0.7533,0,2,0,566112,39498,83340,24616,0.3658712808922153,0.3839411049068846
1523,0.7536,0,1,0,566113,39497,83340,24616,0.3658620178591278,0.38394709341319233
1524,0.7539,0,5,0,566118,39492,83340,24616,0.36581570269369,0.38397703874711425
1525,0.754,1,1,1,566119,39491,83341,24615,0.36580643966060244,0.38397341902474025
1526,0.7542,1,0,1,566119,39491,83342,24614,0.36580643966060244,0.3839638093752437
1527,0.7544,0,2,0,566121,39489,83342,24614,0.36578791359442736,0.383975788964635
1528,0.7548,0,1,0,566122,39488,83342,24614,0.3657786505613398,0.3839817790396555
1529,0.755,9,25,9,566147,39463,83351,24605,0.36554707473415093,0.38404507710557534
1530,0.7552,0,3,0,566150,39460,83351,24605,0.3655192856348883,0.3840630609537189
1531,0.7556,2,3,2,566153,39457,83353,24603,0.3654914965356256,0.38406181704651887
1532,0.7557,0,3,0,566156,39454,83353,24603,0.365463707436363,0.38407980392462965
1533,0.7562,1,0,1,566156,39454,83354,24602,0.365463707436363,0.38407018858498815
1534,0.7564,0,1,0,566157,39453,83354,24602,0.3654544444032754,0.38407618452892045
1535,0.7567,4,14,4,566171,39439,83358,24598,0.36532476194004965,0.38412167965395005
1536,0.7571,1,8,1,566179,39431,83359,24597,0.3652506576753492,0.384160054975948
1537,0.7577,1,1,1,566180,39430,83360,24596,0.3652413946422617,0.38415643644769315
1538,0.7581,1,3,1,566183,39427,83361,24595,0.365213605542999,0.38416481834369437
1539,0.7583,16,58,16,566241,39369,83377,24579,0.36467634962392087,0.3843591668230437
1540,0.759,0,2,0,566243,39367,83377,24579,0.36465782355774573,0.38437118819003535
1541,0.7592,1,2,1,566245,39365,83378,24578,0.36463929749157065,0.38437358272211186
1542,0.7595,0,3,0,566248,39362,83378,24578,0.364611508392308,0.38439161714106973
1543,0.7598,0,2,0,566250,39360,83378,24578,0.36459298232613285,0.38440364102724517
1544,0.76,34,82,34,566332,39278,83412,24544,0.3638334136129534,0.3845695841559337
1545,0.7602,1,2,1,566334,39276,83413,24543,0.3638148875467783,0.3845719926667607
1546,0.7606,1,1,1,566335,39275,83414,24542,0.36380562451369075,0.3845683751978313
1547,0.7607,1,7,1,566342,39268,83415,24541,0.3637407832820779,0.3846009183657478
1548,0.7611,0,2,0,566344,39266,83415,24541,0.3637222572159028,0.3846129734982055
1549,0.7613,0,2,0,566346,39264,83415,24541,0.36370373114972765,0.38462502938641174
1550,0.7614,0,2,0,566348,39262,83415,24541,0.36368520508355257,0.38463708603043745
1551,0.7615,3,1,3,566349,39261,83418,24538,0.363675942050465,0.3846141789056255
1552,0.7617,0,7,0,566356,39254,83418,24538,0.3636111008188521,0.384656383245548
1553,0.7624,1,2,1,566358,39252,83419,24537,0.36359257475267703,0.38465879697126465
1554,0.7625,3,13,3,566371,39239,83422,24534,0.3634721553225388,0.38470826211719694
1555,0.7631,1,0,1,566371,39239,83423,24533,0.3634721553225388,0.38469861381170417
1556,0.7633,4,28,4,566399,39211,83427,24529,0.3632127903960873,0.38482899278318167
1557,0.7638,0,1,0,566400,39210,83427,24529,0.36320352736299977,0.38483503035817945
1558,0.7639,0,1,0,566401,39209,83427,24529,0.3631942643299122,0.38484106812262703
1559,0.7644,0,3,0,566404,39206,83427,24529,0.36316647523064954,0.38485918255275753
1560,0.765,2,4,2,566408,39202,83429,24527,0.3631294230982993,0.38486403364245475
1561,0.7659,0,1,0,566409,39201,83429,24527,0.36312016006521175,0.38487007280944013
1562,0.7667,498,1230,498,567639,37971,83927,24029,0.3517266293675201,0.38756451612903225
1563,0.7669,0,2,0,567641,37969,83927,24029,0.351708103301345,0.3875770186135037
1564,0.7673,0,1,0,567642,37968,83927,24029,0.35169884026825743,0.38758327015823346
1565,0.7675,1,5,1,567647,37963,83928,24028,0.3516525251028197,0.3876046522882354
1566,0.7683,2,12,2,567659,37951,83930,24026,0.351541368705769,0.3876599383642319
1567,0.769,1,5,1,567664,37946,83931,24025,0.3514950535403312,0.3876813348178987
1568,0.7692,0,1,0,567665,37945,83931,24025,0.3514857905072437,0.3876875907697273
1569,0.7698,0,3,0,567668,37942,83931,24025,0.351458001407981,0.3877063598366873
1570,0.77,1,3,1,567671,37939,83932,24024,0.35143021230871835,0.3877152494230428
1571,0.7705,0,2,0,567673,37937,83932,24024,0.35141168624254326,0.38772776423879535
1572,0.7714,3,9,3,567682,37928,83935,24021,0.35132831894475525,0.3877544431709955
1573,0.7717,5,8,5,567690,37920,83940,24016,0.35125421468005485,0.3877551020408163
1574,0.7722,0,2,0,567692,37918,83940,24016,0.3512356886138797,0.3877676235993154
1575,0.7726,0,1,0,567693,37917,83940,24016,0.3512264255807922,0.3877738846818336
1576,0.7733,2,9,2,567702,37908,83942,24014,0.3511430582830042,0.3878104712380091
1577,0.7738,0,1,0,567703,37907,83942,24014,0.3511337952499166,0.38781673422586843
1578,0.774,2,0,2,567703,37907,83944,24012,0.3511337952499166,0.38779696054522844
1579,0.775,194,546,194,568249,37361,84138,23818,0.34607617918411204,0.38931659556383724
1580,0.7758,1,0,1,568249,37361,84139,23817,0.34607617918411204,0.3893066134885089
1581,0.7761,0,1,0,568250,37360,84139,23817,0.3460669161510245,0.3893129770992366
1582,0.7767,8,29,8,568279,37331,84147,23809,0.3457982881914854,0.38941772980045797
1583,0.7772,5,4,5,568283,37327,84152,23804,0.3457612360591352,0.38939327019024716
1584,0.7774,0,3,0,568286,37324,84152,23804,0.3457334469598725,0.38941238057845834
1585,0.7778,0,2,0,568288,37322,84152,23804,0.34571492089369743,0.38942512187939665
1586,0.7781,0,3,0,568291,37319,84152,23804,0.3456871317944348,0.38944423539420514
1587,0.7783,0,9,0,568300,37310,84152,23804,0.34560376449664676,0.3895015871976961
1588,0.7786,0,4,0,568304,37306,84152,23804,0.3455667123642966,0.38952708231058747
1589,0.7792,0,1,0,568305,37305,84152,23804,0.345557449331209,0.38953345661031924
1590,0.7795,1,0,1,568305,37305,84153,23803,0.345557449331209,0.3895234666492112
1591,0.78,56,187,56,568492,37118,84209,23747,0.34382526214383635,0.3901585476053561
1592,0.7814,1,1,1,568493,37117,84210,23746,0.34381599911074884,0.3901549381397565
1593,0.7817,1,1,1,568494,37116,84211,23745,0.34380673607766127,0.39015132843693007
1594,0.782,0,1,0,568495,37115,84211,23745,0.3437974730445737,0.39015773907328294
1595,0.7821,1,4,1,568499,37111,84212,23744,0.3437604209122235,0.3901733629118396
1596,0.7824,1,3,1,568502,37108,84213,23743,0.3437326318129608,0.39018257711459137
1597,0.7833,69,281,69,568783,36827,84282,23674,0.3411297195153581,0.3912993173666551
1598,0.7838,1,2,1,568785,36825,84283,23673,0.341111193449183,0.39130219180799364
1599,0.7847,1,3,1,568788,36822,84284,23672,0.34108340434992035,0.39131153502826727
1600,0.7848,0,2,0,568790,36820,84284,23672,0.3410648782837452,0.3913244726575415
1601,0.785,2,15,2,568805,36805,84286,23670,0.34092593278743194,0.3914014055394791
1602,0.7856,0,3,0,568808,36802,84286,23670,0.34089814368816923,0.39142082286016666
1603,0.7857,3,17,3,568825,36785,84289,23667,0.3407406721256808,0.3915006947660954
1604,0.7861,0,2,0,568827,36783,84289,23667,0.34072214605950574,0.3915136476426799
1605,0.7864,0,1,0,568828,36782,84289,23667,0.34071288302641817,0.3915201244023888
1606,0.7867,0,6,0,568834,36776,84289,23667,0.34065730482789286,0.3915589894611452
1607,0.7871,2,2,2,568836,36774,84291,23665,0.3406387787617177,0.3915518125713529
1608,0.7872,0,1,0,568837,36773,84291,23665,0.3406295157286302,0.39155829114133495
1609,0.7875,0,13,0,568850,36760,84291,23665,0.34050909629849196,0.3916425320645428
1610,0.7881,2,5,2,568855,36755,84293,23663,0.3404627811330542,0.39165480485947896
1611,0.7883,2,3,2,568858,36752,84295,23661,0.3404349920337915,0.3916541141807227
1612,0.7888,0,1,0,568859,36751,84295,23661,0.340425729000704,0.3916605972323379
1613,0.7889,4,6,4,568865,36745,84299,23657,0.34037015080217864,0.39165921658223235
1614,0.79,2,12,2,568877,36733,84301,23655,0.340258994405128,0.3917168973968338
1615,0.7902,1,3,1,568880,36730,84302,23654,0.34023120530586537,0.39172628510863805
1616,0.7905,0,2,0,568882,36728,84302,23654,0.34021267923969023,0.3917392600443841
1617,0.7907,0,5,0,568887,36723,84302,23654,0.3401663640742525,0.39177170114447557
1618,0.7909,1,1,1,568888,36722,84303,23653,0.3401571010411649,0.391768115942029
1619,0.7913,0,1,0,568889,36721,84303,23653,0.34014783800807735,0.391774604962401
1620,0.7917,26,78,26,568967,36643,84329,23627,0.33942532142724813,0.3920192467230795
1621,0.7921,1,0,1,568967,36643,84330,23626,0.33942532142724813,0.39200915893743055
1622,0.7923,2,6,2,568973,36637,84332,23624,0.3393697432287228,0.3920280114833806
1623,0.7925,0,5,0,568978,36632,84332,23624,0.339323428063285,0.39206054168879445
1624,0.7929,0,1,0,568979,36631,84332,23624,0.3393141650301975,0.392067048377728
1625,0.7931,1,2,1,568981,36629,84333,23623,0.3392956389640224,0.39206997278098654
1626,0.7933,2,13,2,568994,36616,84335,23621,0.3391752195338842,0.3921344024436808
1627,0.7936,0,2,0,568996,36614,84335,23621,0.33915669346770905,0.39214742259483687
1628,0.794,0,2,0,568998,36612,84335,23621,0.33913816740153396,0.39216044361064534
1629,0.7944,0,1,0,568999,36611,84335,23621,0.3391289043684464,0.39216695444282107
1630,0.7947,0,2,0,569001,36609,84335,23621,0.3391103783022713,0.39217997675576954
1631,0.7949,0,1,0,569002,36608,84335,23621,0.33910111526918374,0.39218648823656377
1632,0.795,0,3,0,569005,36605,84335,23621,0.3390733261699211,0.39220602397635573
1633,0.7957,1,1,1,569006,36604,84336,23620,0.3390640631368335,0.39220244420828904
1634,0.7958,0,3,0,569009,36601,84336,23620,0.33903627403757086,0.39222198236495576
1635,0.7964,0,4,0,569013,36597,84336,23620,0.33899922190522064,0.39224803626882776
1636,0.7966,0,2,0,569015,36595,84336,23620,0.33898069583904555,0.3922610645188076
1637,0.7967,5,34,5,569049,36561,84341,23615,0.3386657527140687,0.39243219888327574
1638,0.7968,0,2,0,569051,36559,84341,23615,0.3386472266478936,0.392445242131153
1639,0.7971,0,1,0,569052,36558,84341,23615,0.338637963614806,0.3924517640802353
1640,0.7974,0,1,0,569053,36557,84341,23615,0.33862870058171846,0.3924582862460945
1641,0.7975,0,3,0,569056,36554,84341,23615,0.3386009114824558,0.39247785404444147
1642,0.7983,0,2,0,569058,36552,84341,23615,0.3385823854162807,0.392490900327422
1643,0.7985,1,1,1,569059,36551,84342,23614,0.33857312238319315,0.39248732651874013
1644,0.7988,0,4,0,569063,36547,84342,23614,0.3385360702508429,0.3925134223167833
1645,0.799,0,1,0,569064,36546,84342,23614,0.33852680721775535,0.39251994680851066
1646,0.7992,0,7,0,569071,36539,84342,23614,0.3384619659861425,0.3925656243246388
1647,0.7998,1,0,1,569071,36539,84343,23613,0.3384619659861425,0.39255552600079796
1648,0.7999,0,3,0,569074,36536,84343,23613,0.3384341768868798,0.39257510515553046
1649,0.8,9062,16601,9062,585675,19935,93405,14551,0.18465856460039276,0.421939337702256
1650,0.8013,0,2,0,585677,19933,93405,14551,0.18464003853421765,0.4219638093028651
1651,0.8017,0,8,0,585685,19925,93405,14551,0.1845659342695172,0.4220617240979232
1652,0.8024,3,2,3,585687,19923,93408,14548,0.1845474082033421,0.4220359142467581
1653,0.8026,0,3,0,585690,19920,93408,14548,0.18451961910407944,0.4220726470929558
1654,0.8033,0,1,0,585691,19919,93408,14548,0.1845103560709919,0.42208489279600775
1655,0.8042,3,2,3,585693,19917,93411,14545,0.18449183000481678,0.42205907956589866
1656,0.8048,1,5,1,585698,19912,93412,14544,0.18444551483937902,0.4221035523566287
1657,0.805,6,23,6,585721,19889,93418,14538,0.18423246507836527,0.4222848345775118
1658,0.8063,1,0,1,585721,19889,93419,14537,0.18423246507836527,0.42226805321559285
1659,0.8064,0,2,0,585723,19887,93419,14537,0.18421393901219016,0.42229258656751106
1660,0.8067,5,18,5,585741,19869,93424,14532,0.18404720441661418,0.42242958053544954
1661,0.8071,0,3,0,585744,19866,93424,14532,0.18401941531735153,0.42246642246642246
1662,0.8074,0,1,0,585745,19865,93424,14532,0.18401015228426396,0.4224787045381865
1663,0.8075,0,1,0,585746,19864,93424,14532,0.1840008892511764,0.42249098732410745
1664,0.8083,20,54,20,585800,19810,93444,14512,0.18350068546444848,0.4228191830312919
1665,0.8092,1,4,1,585804,19806,93445,14511,0.18346363333209825,0.4228516478713174
1666,0.8095,0,1,0,585805,19805,93445,14511,0.1834543702990107,0.4228639701596923
1667,0.81,10,24,10,585829,19781,93455,14501,0.1832320575049094,0.42299165742955486
1668,0.8101,2,3,2,585832,19778,93457,14499,0.18320426840564674,0.4229950112320215
1669,0.8102,2,2,2,585834,19776,93459,14497,0.18318574233947163,0.422986023983894
1670,0.8107,0,7,0,585841,19769,93459,14497,0.18312090110785875,0.4230724333158233
1671,0.8115,0,1,0,585842,19768,93459,14497,0.1831116380747712,0.42308478038815117
1672,0.8117,0,2,0,585844,19766,93459,14497,0.1830931120085961,0.4231094766949771
1673,0.8124,1,0,1,585844,19766,93460,14496,0.1830931120085961,0.42309263907536043
1674,0.8128,0,1,0,585845,19765,93460,14496,0.18308384897550853,0.423104988178979
1675,0.8131,1,1,1,585846,19764,93461,14495,0.183074585942421,0.4231004991389124
1676,0.8133,4,25,4,585871,19739,93465,14491,0.18284301011523213,0.4233420975752264
1677,0.814,1,0,1,585871,19739,93466,14490,0.18284301011523213,0.4233252505185661
1678,0.815,3,5,3,585876,19734,93469,14487,0.18279669494979436,0.42333654773384766
1679,0.8155,1,1,1,585877,19733,93470,14486,0.1827874319167068,0.42333206698033254
1680,0.8156,0,1,0,585878,19732,93470,14486,0.18277816888361925,0.4233444385995675
1681,0.8157,1,0,1,585878,19732,93471,14485,0.18277816888361925,0.4233275857030131
1682,0.8167,111,381,111,586259,19351,93582,14374,0.17924895327726112,0.4262120088954781
1683,0.8175,1,0,1,586259,19351,93583,14373,0.17924895327726112,0.42619499466255484
1684,0.8183,2,6,2,586265,19345,93585,14371,0.17919337507873578,0.42623680151856685
1685,0.819,2,7,2,586272,19338,93587,14369,0.1791285338471229,0.4262912748093868
1686,0.8194,0,1,0,586273,19337,93587,14369,0.17911927081403534,0.426303922150359
1687,0.82,4,9,4,586282,19328,93591,14365,0.17903590351624735,0.4263496868785801
1688,0.8211,0,3,0,586285,19325,93591,14365,0.1790081144169847,0.42638765212229146
1689,0.8214,1,4,1,586289,19321,93592,14364,0.17897106228463447,0.42642125575181833
1690,0.8217,10,12,10,586301,19309,93602,14354,0.17885990588758383,0.4264028755607046
1691,0.8222,0,1,0,586302,19308,93602,14354,0.17885064285449628,0.4264155427484998
1692,0.8224,2,2,2,586304,19306,93604,14352,0.17883211678832117,0.42640679778953
1693,0.8231,0,1,0,586305,19305,93604,14352,0.1788228537552336,0.4264194669756663
1694,0.8233,3,9,3,586314,19296,93607,14349,0.1787394864574456,0.42648238965670976
1695,0.8238,0,3,0,586317,19293,93607,14349,0.17871169735818296,0.42652042090244335
1696,0.8247,2,6,2,586323,19287,93609,14347,0.17865611915965765,0.42656240708806564
1697,0.825,59,179,59,586502,19108,93668,14288,0.17699803623698543,0.42783566894238834
1698,0.8255,0,3,0,586505,19105,93668,14288,0.17697024713772277,0.42787410535142095
1699,0.8257,1,1,1,586506,19104,93669,14287,0.17696098410463523,0.42786978527148034
1700,0.8258,1,1,1,586507,19103,93670,14286,0.17695172107154766,0.42786546467399444
1701,0.8267,6,19,6,586526,19084,93676,14280,0.17677572344288414,0.4280062342644767
1702,0.8274,0,1,0,586527,19083,93676,14280,0.17676646040979657,0.4280190630338998
1703,0.8282,2,0,2,586527,19083,93678,14278,0.17676646040979657,0.4279847726387099
1704,0.8283,1,2,1,586529,19081,93679,14277,0.1767479343436215,0.42799328496912287
1705,0.8286,0,1,0,586530,19080,93679,14277,0.17673867131053392,0.4280061156578829
1706,0.8292,0,1,0,586531,19079,93679,14277,0.17672940827744638,0.42801894711596117
1707,0.83,27,75,27,586606,19004,93706,14250,0.1760346807958798,0.428519877307993
1708,0.8333,114,316,114,586922,18688,93820,14136,0.17310756234021268,0.4306604923226907
1709,0.834,0,1,0,586923,18687,93820,14136,0.17309829930712511,0.4306736130152637
1710,0.8342,1,0,1,586923,18687,93821,14135,0.17309829930712511,0.4306562671378953
1711,0.8348,0,1,0,586924,18686,93821,14135,0.17308903627403757,0.43066938850126446
1712,0.835,5,15,5,586939,18671,93826,14130,0.17295009077772425,0.4307795494039816
1713,0.8356,0,1,0,586940,18670,93826,14130,0.1729408277446367,0.43079268292682926
1714,0.8357,1,3,1,586943,18667,93827,14129,0.17291303864537405,0.4308147335040859
1715,0.8358,0,9,0,586952,18658,93827,14129,0.17282967134758606,0.4309329917345289
1716,0.8362,1,0,1,586952,18658,93828,14128,0.17282967134758606,0.4309156347221375
1717,0.8363,1,0,1,586952,18658,93829,14127,0.17282967134758606,0.4308982766509074
1718,0.8367,1,3,1,586955,18655,93830,14126,0.17280188224832338,0.4309203502028614
1719,0.8375,0,6,0,586961,18649,93830,14126,0.17274630404979807,0.43099923722349354
1720,0.8378,2,4,2,586965,18645,93832,14124,0.17270925191744785,0.4310171198388721
1721,0.8381,0,2,0,586967,18643,93832,14124,0.17269072585127274,0.43104342783898436
1722,0.8383,4,4,4,586971,18639,93836,14120,0.1726536737189225,0.4310265881131903
1723,0.8389,3,4,3,586975,18635,93839,14117,0.17261662158657232,0.4310271128480703
1724,0.8394,2,1,2,586976,18634,93841,14115,0.17260735855348475,0.43100552688631716
1725,0.8399,1,1,1,586977,18633,93842,14114,0.1725980955203972,0.431001313097383
1726,0.84,6,9,6,586986,18624,93848,14108,0.17251472822260921,0.4310155199804473
1727,0.8405,1,2,1,586988,18622,93849,14107,0.1724962021564341,0.4310244737083321
1728,0.8408,1,4,1,586992,18618,93850,14106,0.17245915002408388,0.4310597726439311
1729,0.8409,1,0,1,586992,18618,93851,14105,0.17245915002408388,0.431042386089295
1730,0.8417,39,116,39,587108,18502,93890,14066,0.1713846381859276,0.4318963399656104
1731,0.8418,0,1,0,587109,18501,93890,14066,0.17137537515284004,0.43190960174409676
1732,0.8421,0,1,0,587110,18500,93890,14066,0.1713661121197525,0.43192286433703864
1733,0.8429,0,4,0,587114,18496,93890,14066,0.17132905998740228,0.43197592285486147
1734,0.8433,1,22,1,587136,18474,93891,14065,0.17112527325947607,0.4322505301330711
1735,0.8444,0,2,0,587138,18472,93891,14065,0.17110674719330096,0.43227709991701757
1736,0.845,0,1,0,587139,18471,93891,14065,0.17109748416021342,0.43229038603393166
1737,0.8456,1,0,1,587139,18471,93892,14064,0.17109748416021342,0.4322729368372522
1738,0.8457,1,1,1,587140,18470,93893,14063,0.17108822112712588,0.4322687732456275
1739,0.8458,0,1,0,587141,18469,93893,14063,0.1710789580940383,0.43228206074019426
1740,0.8463,3,3,3,587144,18466,93896,14060,0.17105116899477565,0.43226956896021645
1741,0.8464,0,2,0,587146,18464,93896,14060,0.17103264292860054,0.43229615053498954
1742,0.8467,15,37,15,587183,18427,93911,14045,0.17068991070436104,0.43252648435575264
1743,0.8471,0,1,0,587184,18426,93911,14045,0.17068064767127347,0.43253980474885284
1744,0.8481,0,1,0,587185,18425,93911,14045,0.17067138463818593,0.43255312596242684
1745,0.8483,0,4,0,587189,18421,93911,14045,0.1706343325058357,0.43260641902297786
1746,0.8488,0,1,0,587190,18420,93911,14045,0.17062506947274816,0.4326197443400585
1747,0.8489,0,2,0,587192,18418,93911,14045,0.17060654340657305,0.4326463974370822
1748,0.849,0,1,0,587193,18417,93911,14045,0.17059728037348548,0.432659725217177
1749,0.8496,1,4,1,587197,18413,93912,14044,0.1705602282411353,0.4326955664417537
1750,0.8498,0,2,0,587199,18411,93912,14044,0.17054170217496017,0.4327222307810815
1751,0.85,589,1288,589,588487,17123,94501,13455,0.15861091555819037,0.44002223821047814
1752,0.8514,1,3,1,588490,17120,94502,13454,0.15858312645892772,0.4400470988421535
1753,0.8517,3,5,3,588495,17115,94505,13451,0.15853681129348993,0.440064123535955
1754,0.8522,0,6,0,588501,17109,94505,13451,0.15848123309496462,0.44015052356020945
1755,0.8524,3,2,3,588503,17107,94508,13448,0.1584627070287895,0.44012436589756176
1756,0.8533,1,6,1,588509,17101,94509,13447,0.15840712883026417,0.44019248395967003
1757,0.854,1,1,1,588510,17100,94510,13446,0.15839786579717663,0.44018856806128465
1758,0.8542,2,6,2,588516,17094,94512,13444,0.1583422875986513,0.4402383915122143
1759,0.8548,2,8,2,588524,17086,94514,13442,0.15826818333395087,0.4403170859538784
1760,0.855,8,31,8,588555,17055,94522,13434,0.15798102930823668,0.44061792777723113
1761,0.8556,1,0,1,588555,17055,94523,13433,0.15798102930823668,0.44059958016268697
1762,0.8557,3,4,3,588559,17051,94526,13430,0.15794397717588649,0.44060234244283325
1763,0.8558,1,5,1,588564,17046,94527,13429,0.1578976620104487,0.44065627563576704
1764,0.8567,0,3,0,588567,17043,94527,13429,0.15786987291118604,0.44069965870307165
1765,0.8571,0,2,0,588569,17041,94527,13429,0.15785134684501093,0.44072858549392846
1766,0.8575,0,1,0,588570,17040,94527,13429,0.15784208381192338,0.4407430503134333
1767,0.8583,9,22,9,588592,17018,94536,13420,0.15763829708399718,0.440896248110914
1768,0.859,0,1,0,588593,17017,94536,13420,0.15762903405090964,0.4409107336465486
1769,0.86,20,51,20,588644,16966,94556,13400,0.15715661936344436,0.44128301389712177
1770,0.8603,0,5,0,588649,16961,94556,13400,0.1571103041980066,0.4413556865715885
1771,0.8606,1,0,1,588649,16961,94557,13399,0.1571103041980066,0.4413372859025033
1772,0.8607,3,7,3,588656,16954,94560,13396,0.1570454629663937,0.4413838550247117
1773,0.8611,0,2,0,588658,16952,94560,13396,0.1570269369002186,0.4414129431923026
1774,0.8616,1,0,1,588658,16952,94561,13395,0.1570269369002186,0.4413945365274986
1775,0.8617,1,3,1,588661,16949,94562,13394,0.15699914780095595,0.4414197673268958
1776,0.862,1,1,1,588662,16948,94563,13393,0.1569898847678684,0.44141590586994495
1777,0.8623,1,0,1,588662,16948,94564,13392,0.1569898847678684,0.44139749505603165
1778,0.8624,0,2,0,588664,16946,94564,13392,0.1569713587016933,0.4414265937108577
1779,0.8625,2,3,2,588667,16943,94566,13390,0.1569435696024306,0.4414334223453005
1780,0.8631,0,2,0,588669,16941,94566,13390,0.1569250435362555,0.4414625300847318
1781,0.8633,3,9,3,588678,16932,94569,13387,0.15684167623846754,0.4415383093109931
1782,0.8637,1,0,1,588678,16932,94570,13386,0.15684167623846754,0.44151988917474766
1783,0.8639,0,1,0,588679,16931,94570,13386,0.15683241320537997,0.4415344526173434
1784,0.865,0,2,0,588681,16929,94570,13386,0.15681388713920486,0.44156358238495796
1785,0.8655,0,3,0,588684,16926,94570,13386,0.1567860980399422,0.4416072842438638
1786,0.8657,1,1,1,588685,16925,94571,13385,0.15677683500685463,0.4416034312108215
1787,0.8665,0,2,0,588687,16923,94571,13385,0.15675830894067955,0.44163257225814967
1788,0.8667,315,705,315,589392,16218,94886,13070,0.15022787061395385,0.44625785304561594
1789,0.8671,1,2,1,589394,16216,94887,13069,0.15020934454777873,0.44626942120539526
1790,0.8683,1,5,1,589399,16211,94888,13068,0.15016302938234094,0.4463267188087025
1791,0.8689,1,1,1,589400,16210,94889,13067,0.1501537663492534,0.44632305222529634
1792,0.869,0,4,0,589404,16206,94889,13067,0.15011671421690317,0.4463840399002494
1793,0.87,1,2,1,589406,16204,94890,13066,0.15009818815072806,0.4463956269217629
1794,0.8708,0,1,0,589407,16203,94890,13066,0.15008892511764052,0.4464108784037719
1795,0.8714,3,8,3,589415,16195,94893,13063,0.15001482085294007,0.4464761774557386
1796,0.8716,0,1,0,589416,16194,94893,13063,0.15000555781985253,0.44649143794647433
1797,0.8717,3,8,3,589424,16186,94896,13060,0.1499314535551521,0.4465567940914997
1798,0.8733,1,2,1,589426,16184,94897,13059,0.149912927488977,0.44656840953390553
1799,0.8738,0,2,0,589428,16182,94897,13059,0.1498944014228019,0.4465989535241613
1800,0.874,1,1,1,589429,16181,94898,13058,0.14988513838971432,0.44659530079688087
1801,0.875,152,291,152,589720,15890,95050,12906,0.14718959576123605,0.4481872482289207
1802,0.8762,2,1,2,589721,15889,95052,12904,0.1471803327281485,0.4481644844232973
1803,0.8767,2,10,2,589731,15879,95054,12902,0.14708770239727295,0.4482818526110976
1804,0.8774,2,4,2,589735,15875,95056,12900,0.14705065026492276,0.4483058210251955
1805,0.8778,1,3,1,589738,15872,95057,12899,0.14702286116566007,0.4483333912620347
1806,0.8786,0,1,0,589739,15871,95057,12899,0.14701359813257253,0.4483489746263469
1807,0.879,1,2,1,589741,15869,95058,12898,0.14699507206639742,0.44836096916605833
1808,0.8794,1,0,1,589741,15869,95059,12897,0.14699507206639742,0.44834179239379823
1809,0.88,63,127,63,589868,15742,95122,12834,0.14581866686427805,0.44911814109742443
1810,0.8806,1,1,1,589869,15741,95123,12833,0.14580940383119048,0.4491145796878281
1811,0.8808,1,1,1,589870,15740,95124,12832,0.14580014079810294,0.4491110177796444
1812,0.8814,0,2,0,589872,15738,95124,12832,0.14578161473192783,0.44914245712285616
1813,0.8817,0,3,0,589875,15735,95124,12832,0.14575382563266515,0.44918962439178073
1814,0.8818,1,1,1,589876,15734,95125,12831,0.1457445625995776,0.44918606686504464
1815,0.8832,0,1,0,589877,15733,95125,12831,0.14573529956649006,0.4492017924660412
1816,0.8833,44,97,44,589974,15636,95169,12787,0.1448367853569973,0.44988213770537944
1817,0.8838,0,1,0,589975,15635,95169,12787,0.14482752232390975,0.44989796636408413
1818,0.8839,0,2,0,589977,15633,95169,12787,0.14480899625773463,0.4499296270232231
1819,0.885,1,8,1,589985,15625,95170,12786,0.1447348919930342,0.4500369575164549
1820,0.8856,1,2,1,589987,15623,95171,12785,0.1447163659268591,0.45004928189242466
1821,0.8857,11,23,11,590010,15600,95182,12774,0.14450331616584536,0.45020088813702686
1822,0.8863,0,2,0,590012,15598,95182,12774,0.14448479009967025,0.45023262371352035
1823,0.8869,0,3,0,590015,15595,95182,12774,0.14445700100040756,0.4502802354682929
1824,0.8875,0,1,0,590016,15594,95182,12774,0.14444773796732002,0.45029610829103217
1825,0.8881,0,6,0,590022,15588,95182,12774,0.1443921597687947,0.4503913687328115
1826,0.8883,4,1,4,590023,15587,95186,12770,0.14438289673570714,0.45032972458299536
1827,0.8889,0,3,0,590026,15584,95186,12770,0.1443551076364445,0.4503773717993934
1828,0.889,1,2,1,590028,15582,95187,12769,0.14433658157026938,0.4503897569750626
1829,0.8892,2,0,2,590028,15582,95189,12767,0.14433658157026938,0.45035098239796817
1830,0.8893,0,1,0,590029,15581,95189,12767,0.1443273185371818,0.4503668689149146
1831,0.89,1,7,1,590036,15574,95190,12766,0.14426247730556893,0.4504587155963303
1832,0.8907,0,4,0,590040,15570,95190,12766,0.1442254251732187,0.4505223037831734
1833,0.8909,1,0,1,590040,15570,95191,12765,0.1442254251732187,0.4505029115934357
1834,0.8917,14,49,14,590089,15521,95205,12751,0.14377153655192856,0.4510116015846067
1835,0.8925,0,1,0,590090,15520,95205,12751,0.14376227351884102,0.4510275547380708
1836,0.8933,2,6,2,590096,15514,95207,12749,0.14370669532031569,0.4510844567101865
1837,0.894,0,1,0,590097,15513,95207,12749,0.14369743228722812,0.45110041752176067
1838,0.8952,0,2,0,590099,15511,95207,12749,0.14367890622105303,0.4511323425336164
1839,0.8957,0,4,0,590103,15507,95207,12749,0.1436418540887028,0.4511962061155153
1840,0.8959,1,3,1,590106,15504,95208,12748,0.14361406498944015,0.4512246920571995
1841,0.8964,0,1,0,590107,15503,95208,12748,0.14360480195635258,0.45124066404729035
1842,0.8967,7,15,7,590122,15488,95215,12741,0.1434658564600393,0.45134436218073615
1843,0.8976,0,3,0,590125,15485,95215,12741,0.1434380673607766,0.45139233330971446
1844,0.8981,1,0,1,590125,15485,95216,12740,0.1434380673607766,0.45137289636846767
1845,0.8982,4,1,4,590126,15484,95220,12736,0.14342880432768906,0.4513111268603827
1846,0.8992,0,3,0,590129,15481,95220,12736,0.1434010152284264,0.45135910975652976
1847,0.9,7284,9623,7284,599752,5858,102504,5452,0.05426284782689244,0.48205128205128206
1848,0.9017,5,7,5,599759,5851,102509,5447,0.05419800659527956,0.48212072933262523
1849,0.9024,2,7,2,599766,5844,102511,5445,0.05413316536366668,0.4823279298432102
1850,0.9032,0,1,0,599767,5843,102511,5445,0.05412390233057913,0.4823706591070163
1851,0.9038,1,2,1,599769,5841,102512,5444,0.054105376264404016,0.4824102791315906
1852,0.9048,2,3,2,599772,5838,102514,5442,0.054077587165141355,0.4824468085106383
1853,0.905,14,8,14,599780,5830,102528,5428,0.05400348290044092,0.48214602949014035
1854,0.9056,1,4,1,599784,5826,102529,5427,0.053966430768090705,0.4822713942948547
1855,0.9057,1,4,1,599788,5822,102530,5426,0.05392937863574049,0.48239687055476527
1856,0.9067,2,4,2,599792,5818,102532,5424,0.05389232650339027,0.4824764276819071
1857,0.9074,1,0,1,599792,5818,102533,5423,0.05389232650339027,0.4824303887554488
1858,0.9081,2,4,2,599796,5814,102535,5421,0.053855274371040054,0.48251001335113486
1859,0.9083,14,18,14,599814,5796,102549,5407,0.053688539775464075,0.4826385789520664
1860,0.9092,4,3,4,599817,5793,102553,5403,0.053660750676201414,0.48258306538049306
1861,0.91,3,6,3,599823,5787,102556,5400,0.05360517247767609,0.4827031375703942
1862,0.9101,0,1,0,599824,5786,102556,5400,0.05359590944458854,0.48274629000536384
1863,0.9107,0,4,0,599828,5782,102556,5400,0.05355885731223832,0.4829189769272044
1864,0.9121,2,0,2,599828,5782,102558,5398,0.05355885731223832,0.48282647584973165
1865,0.9122,0,1,0,599829,5781,102558,5398,0.053549594279150764,0.48286966633867073
1866,0.9125,4,2,4,599831,5779,102562,5394,0.05353106821297566,0.4827709657209344
1867,0.9128,1,0,1,599831,5779,102563,5393,0.05353106821297566,0.4827246688148944
1868,0.9131,0,1,0,599832,5778,102563,5393,0.0535218051798881,0.48276788112075913
1869,0.9133,3,19,3,599851,5759,102566,5390,0.053345807551224575,0.4834514306215804
1870,0.9149,0,1,0,599852,5758,102566,5390,0.05333654451813702,0.48349479727305344
1871,0.915,1,2,1,599854,5756,102567,5389,0.05331801845196191,0.4835352175863616
1872,0.9155,0,2,0,599856,5754,102567,5389,0.0532994923857868,0.4836220048460917
1873,0.9157,1,1,1,599857,5753,102568,5388,0.053290229352699246,0.4836190647159142
1874,0.9159,0,1,0,599858,5752,102568,5388,0.05328096631961169,0.4836624775583483
1875,0.9167,53,154,53,600012,5598,102621,5335,0.051854459224128346,0.4879721942742157
1876,0.9178,0,1,0,600013,5597,102621,5335,0.0518451961910408,0.4880168313208928
1877,0.9179,0,3,0,600016,5594,102621,5335,0.05181740709177813,0.48815079147222984
1878,0.9181,0,3,0,600019,5591,102621,5335,0.05178961799251547,0.48828482518762584
1879,0.9183,0,1,0,600020,5590,102621,5335,0.05178035495942791,0.48832951945080094
1880,0.919,0,2,0,600022,5588,102621,5335,0.05176182889325281,0.48841893252769386
1881,0.92,1,2,1,600024,5586,102622,5334,0.051743302827077696,0.48846153846153845
1882,0.9207,2,0,2,600024,5586,102624,5332,0.051743302827077696,0.48836783293643526
1883,0.9208,0,1,0,600025,5585,102624,5332,0.05173403979399015,0.48841256755518914
1884,0.9214,0,1,0,600026,5584,102624,5332,0.05172477676090259,0.48845731037009893
1885,0.9217,0,8,0,600034,5576,102624,5332,0.05165067249620216,0.4888155482214888
1886,0.9233,1,0,1,600034,5576,102625,5331,0.05165067249620216,0.4887686806637939
1887,0.9238,0,2,0,600036,5574,102625,5331,0.051632146430027046,0.4888583218707015
1888,0.9239,0,3,0,600039,5571,102625,5331,0.051604357330764385,0.4889928453494772
1889,0.9246,0,1,0,600040,5570,102625,5331,0.05159509429767683,0.4890377029630309
1890,0.925,45,75,45,600115,5495,102670,5286,0.050900366816110265,0.49030702161209533
1891,0.9256,1,0,1,600115,5495,102671,5285,0.050900366816110265,0.4902597402597403
1892,0.9257,1,2,1,600117,5493,102672,5284,0.05088184074993516,0.49030342395842996
1893,0.9258,1,0,1,600117,5493,102673,5283,0.05088184074993516,0.49025612472160357
1894,0.9264,0,3,0,600120,5490,102673,5283,0.0508540516506725,0.4903926482873851
1895,0.9267,4,5,4,600125,5485,102677,5279,0.05080773648523473,0.49043106651802304
1896,0.9275,0,1,0,600126,5484,102677,5279,0.05079847345214717,0.49047663290904026
1897,0.93,7,23,7,600149,5461,102684,5272,0.050585423691133426,0.49119537873847013
1898,0.9303,1,2,1,600151,5459,102685,5271,0.050566897624958314,0.4912395153774464
1899,0.9321,0,1,0,600152,5458,102685,5271,0.050557634591870765,0.4912853015192469
1900,0.9324,1,0,1,600152,5458,102686,5270,0.050557634591870765,0.4912378821774795
1901,0.9333,63,121,63,600273,5337,102749,5207,0.049436807588276704,0.4938353566009105
1902,0.9335,3,1,3,600274,5336,102752,5204,0.04942754455518915,0.4937381404174573
1903,0.9342,1,0,1,600274,5336,102753,5203,0.04942754455518915,0.49369010342537245
1904,0.9348,1,1,1,600275,5335,102754,5202,0.0494182815221016,0.49368890576065294
1905,0.935,2,4,2,600279,5331,102756,5200,0.04938122938975138,0.4937802677808375
1906,0.9356,1,0,1,600279,5331,102757,5199,0.04938122938975138,0.49373219373219374
1907,0.9357,1,4,1,600283,5327,102758,5198,0.049344177257401166,0.49387173396674583
1908,0.9368,0,1,0,600284,5326,102758,5198,0.04933491422431361,0.49391866210566326
1909,0.9375,0,1,0,600285,5325,102758,5198,0.049325651191226054,0.49396559916373656
1910,0.9381,3,4,3,600289,5321,102761,5195,0.04928859905887584,0.49400912894636745
1911,0.9383,1,3,1,600292,5318,102762,5194,0.049260809959613176,0.4941019786910198
1912,0.9389,0,1,0,600293,5317,102762,5194,0.04925154692652562,0.49414898677575875
1913,0.94,2,13,2,600306,5304,102764,5192,0.049131127496387414,0.4946646341463415
1914,0.9417,19,34,19,600340,5270,102783,5173,0.048816184371410574,0.4953557406875419
1915,0.9433,0,2,0,600342,5268,102783,5173,0.04879765830523547,0.4954506273345465
1916,0.9457,0,1,0,600343,5267,102783,5173,0.048788395272147914,0.49549808429118775
1917,0.9464,1,0,1,600343,5267,102784,5172,0.048788395272147914,0.49544975572372835
1918,0.9467,9,28,9,600371,5239,102793,5163,0.048529030345696396,0.4963468563737743
1919,0.9482,1,0,1,600371,5239,102794,5162,0.048529030345696396,0.49629843284299585
1920,0.949,0,1,0,600372,5238,102794,5162,0.04851976731260884,0.4963461538461538
1921,0.95,254,498,254,600870,4740,103048,4908,0.04390677683500686,0.5087064676616916
1922,0.9508,0,2,0,600872,4738,103048,4908,0.043888250768831745,0.5088119427742069
1923,0.9524,0,6,0,600878,4732,103048,4908,0.04383267257030642,0.5091286307053942
1924,0.9528,0,1,0,600879,4731,103048,4908,0.04382340953721887,0.509181450357921
1925,0.9541,2,1,2,600880,4730,103050,4906,0.04381414650413131,0.5091324200913242
1926,0.9542,0,1,0,600881,4729,103050,4906,0.043804883471043755,0.5091852620653866
1927,0.955,12,6,12,600887,4723,103062,4894,0.043749305272518434,0.5088905063949256
1928,0.9556,1,0,1,600887,4723,103063,4893,0.043749305272518434,0.5088394342762064
1929,0.9565,0,1,0,600888,4722,103063,4893,0.04374004223943088,0.5088923556942277
1930,0.9571,1,0,1,600888,4722,103064,4892,0.04374004223943088,0.5088412731433326
1931,0.9576,1,0,1,600888,4722,103065,4891,0.04374004223943088,0.5087901799646313
1932,0.9583,0,4,0,600892,4718,103065,4891,0.04370299010708066,0.5090019773129358
1933,0.96,13,14,13,600906,4704,103078,4878,0.043573307643854906,0.509079524107702
1934,0.9603,0,1,0,600907,4703,103078,4878,0.04356404461076735,0.5091326583863898
1935,0.9607,1,7,1,600914,4696,103079,4877,0.04349920337915447,0.5094536717852293
1936,0.9625,1,2,1,600916,4694,103080,4876,0.04348067731297936,0.5095088819226751
1937,0.9633,4,9,4,600925,4685,103084,4872,0.04339731001519138,0.509783404834153
1938,0.9639,0,2,0,600927,4683,103084,4872,0.043378783949016265,0.5098901098901099
1939,0.9667,169,290,169,601217,4393,103253,4703,0.04069250435362555,0.5170404573438874
1940,0.9708,1,2,1,601219,4391,103254,4702,0.040673978287450445,0.5171010667546464
1941,0.9714,3,4,3,601223,4387,103257,4699,0.04063692615510023,0.5171692714065595
1942,0.9717,1,0,1,601223,4387,103258,4698,0.04063692615510023,0.517116125481563
1943,0.9746,0,2,0,601225,4385,103258,4698,0.040618400088925116,0.5172299900913795
1944,0.975,76,128,76,601353,4257,103334,4622,0.03943273185371818,0.5205541164545557
1945,0.9764,1,1,1,601354,4256,103335,4621,0.03942346882063063,0.5205587473245465
1946,0.98,40,56,40,601410,4200,103375,4581,0.038904738967727594,0.5216945678168774
1947,0.9833,13,22,13,601432,4178,103388,4568,0.0387009522398014,0.5222959067002058
1948,0.9857,3,10,3,601442,4168,103391,4565,0.03860832190892586,0.5227298751860758
1949,0.9875,2,4,2,601446,4164,103393,4563,0.03857126977657564,0.522860089377793
1950,0.9889,1,5,1,601451,4159,103394,4562,0.03852495461113787,0.5231051484921454
1951,1.0,4562,4159,4562,605610,0,107956,0,0.0,
