,y_proba,y_test,Neg,Pos,TN,FP,FN,TP,FP/P,Prec
0,0.0,4,321,4,321,605289,4,107952,5.606812034532587,0.15135417060993409
1,0.0017,0,2,0,323,605287,4,107952,5.606793508466413,0.1513545950235475
2,0.002,0,1,0,324,605286,4,107952,5.6067842454333245,0.15135480723124678
3,0.0025,0,5,0,329,605281,4,107952,5.606737930267887,0.1513558682786691
4,0.0029,0,2,0,331,605279,4,107952,5.606719404201712,0.15135629270180348
5,0.0033,0,13,0,344,605266,4,107952,5.606598984771574,0.15135905151019743
6,0.004,0,4,0,348,605262,4,107952,5.606561932639224,0.151359900394552
7,0.005,0,24,0,372,605238,4,107952,5.606339619845122,0.1513649939006436
8,0.006,0,1,0,373,605237,4,107952,5.606330356812035,0.1513652061375035
9,0.0065,0,5,0,378,605232,4,107952,5.606284041646597,0.1513662673307309
10,0.0067,0,8,0,386,605224,4,107952,5.606209937381896,0.15136796527084478
11,0.0075,0,9,0,395,605215,4,107952,5.6061265700841085,0.15136987549900655
12,0.0083,0,2,0,397,605213,4,107952,5.606108044017933,0.1513703000007011
13,0.009,0,5,0,402,605208,4,107952,5.606061728852495,0.1513713612653542
14,0.01,8,412,8,814,604796,12,107944,5.602245359220423,0.15144933636389146
15,0.0107,0,1,0,815,604795,12,107944,5.602236096187336,0.15144954885308648
16,0.0108,0,1,0,816,604794,12,107944,5.602226833154248,0.15144976134287774
17,0.0113,0,2,0,818,604792,12,107944,5.602208307088073,0.1514501863242491
18,0.0117,0,12,0,830,604780,12,107944,5.602097150691022,0.15145273626256447
19,0.012,0,2,0,832,604778,12,107944,5.6020786246248475,0.15145316126063177
20,0.0125,1,10,1,842,604768,13,107943,5.601985994293972,0.15145409569937884
21,0.0133,1,35,1,877,604733,14,107942,5.601661788135908,0.15146034307363104
22,0.0135,0,3,0,880,604730,14,107942,5.601633999036644,0.1514609806474788
23,0.014,0,5,0,885,604725,14,107942,5.601587683871207,0.15146204328248677
24,0.0143,0,7,0,892,604718,14,107942,5.601522842639594,0.15146353099654813
25,0.015,2,61,2,953,604657,16,107940,5.600957797621253,0.15147411510292633
26,0.0156,1,1,1,954,604656,17,107939,5.6009485345881656,0.151473136915078
27,0.0158,0,5,0,959,604651,17,107939,5.600902219422728,0.15147419975020698
28,0.016,0,4,0,963,604647,17,107939,5.600865167290378,0.15147505002904912
29,0.0167,1,19,1,982,604628,18,107938,5.600689169661714,0.15147789818767665
30,0.017,0,5,0,987,604623,18,107938,5.600642854496276,0.1514789610994708
31,0.0175,1,13,1,1000,604610,19,107937,5.6005224350661384,0.1514805339156575
32,0.0179,0,4,0,1004,604606,19,107937,5.600485382933788,0.15148138428136967
33,0.018,0,6,0,1010,604600,19,107937,5.6004298047352625,0.15148265984783948
34,0.0183,0,18,0,1028,604582,19,107937,5.600263070139687,0.15148648667614478
35,0.0188,0,2,0,1030,604580,19,107937,5.600244544073512,0.15148691189122504
36,0.019,0,1,0,1031,604579,19,107937,5.6002352810404235,0.15148712449966037
37,0.0192,0,5,0,1036,604574,19,107937,5.600188965874986,0.1514881875507887
38,0.0193,0,6,0,1042,604568,19,107937,5.600133387676461,0.15148946323183696
39,0.0194,0,1,0,1043,604567,19,107937,5.600124124643373,0.15148967584743384
40,0.0197,0,1,0,1044,604566,19,107937,5.600114861610286,0.15148988846362751
41,0.02,14,546,14,1590,604020,33,107923,5.595057245544481,0.15158938285789733
42,0.0202,0,7,0,1597,604013,33,107923,5.594992404312868,0.15159087333692917
43,0.0203,0,1,0,1598,604012,33,107923,5.594983141279781,0.15159108626489778
44,0.0208,1,5,1,1603,604007,34,107922,5.594936826114343,0.1515909592108202
45,0.0213,0,1,0,1604,604006,34,107922,5.594927563081256,0.151591172141003
46,0.0214,0,1,0,1605,604005,34,107922,5.5949183000481675,0.15159138507178405
47,0.0217,0,11,0,1616,603994,34,107922,5.594816406684204,0.15159372734985588
48,0.022,0,14,0,1630,603980,34,107922,5.594686724220979,0.15159670853572543
49,0.0225,1,28,1,1658,603952,35,107921,5.594427359294527,0.1516014794773787
50,0.0229,0,1,0,1659,603951,35,107921,5.59441809626144,0.15160169243909016
51,0.023,0,6,0,1665,603945,35,107921,5.594362518062915,0.1516029702219238
52,0.0233,0,41,0,1706,603904,35,107921,5.593982733706325,0.15161170231447335
53,0.0237,0,1,0,1707,603903,35,107921,5.593973470673237,0.15161191530490684
54,0.024,0,9,0,1716,603894,35,107921,5.59389010337545,0.15161383224573802
55,0.0242,0,10,0,1726,603884,35,107921,5.593797473044574,0.15161596223684856
56,0.0243,0,1,0,1727,603883,35,107921,5.593788210011486,0.15161617523925125
57,0.025,4,130,4,1857,603753,39,107917,5.592584015710104,0.15163910239296302
58,0.0258,0,5,0,1862,603748,39,107917,5.592537700544666,0.15164016777556857
59,0.026,0,4,0,1866,603744,39,107917,5.592500648412316,0.15164102009243166
60,0.0267,0,29,0,1895,603715,39,107917,5.592232020452777,0.15164719967623716
61,0.027,1,8,1,1903,603707,40,107916,5.592157916188077,0.15164771234206875
62,0.0273,0,5,0,1908,603702,40,107916,5.592111601022639,0.15164877785553485
63,0.0275,0,10,0,1918,603692,40,107916,5.592018970691763,0.151650908927387
64,0.0279,0,2,0,1920,603690,40,107916,5.592000444625588,0.15165133514894477
65,0.028,0,3,0,1923,603687,40,107916,5.591972655526326,0.15165197448577367
66,0.0282,0,1,0,1924,603686,40,107916,5.591963392493238,0.1516521875992479
67,0.0283,0,32,0,1956,603654,40,107916,5.591666975434436,0.15165900754669254
68,0.0285,0,2,0,1958,603652,40,107916,5.591648449368261,0.15165943381377464
69,0.0286,0,1,0,1959,603651,40,107916,5.591639186335174,0.1516596469482143
70,0.0287,0,3,0,1962,603648,40,107916,5.591611397235911,0.15166028635512757
71,0.0288,0,1,0,1963,603647,40,107916,5.591602134202823,0.15166049949196347
72,0.029,0,3,0,1966,603644,40,107916,5.59157434510356,0.15166113890606556
73,0.0292,1,2,1,1968,603642,41,107915,5.591555819037386,0.15166037295676946
74,0.0293,0,1,0,1969,603641,41,107915,5.591546556004298,0.1516605860958238
75,0.0298,0,1,0,1970,603640,41,107915,5.591537292971211,0.15166079923547723
76,0.03,11,685,11,2655,602955,52,107904,5.585192115306236,0.1517938156512051
77,0.0301,0,1,0,2656,602954,52,107904,5.585182852273149,0.15179402918726384
78,0.0302,0,2,0,2658,602952,52,107904,5.585164326206973,0.1517944562611837
79,0.0303,0,2,0,2660,602950,52,107904,5.585145800140798,0.1517948833375067
80,0.0305,0,1,0,2661,602949,52,107904,5.585136537107711,0.15179509687656942
81,0.0308,1,6,1,2667,602943,53,107903,5.585080958909185,0.15179518489236768
82,0.031,0,9,0,2676,602934,53,107903,5.584997591611398,0.15179710679100836
83,0.0313,0,1,0,2677,602933,53,107903,5.5849883285783095,0.15179732033830587
84,0.0314,0,3,0,2680,602930,53,107903,5.584960539479047,0.15179796098380352
85,0.0317,0,27,0,2707,602903,53,107903,5.584710437585683,0.15180372703663164
86,0.0318,0,1,0,2708,602902,53,107903,5.584701174552595,0.15180394060255625
87,0.032,0,7,0,2715,602895,53,107903,5.584636333320983,0.1518054355808542
88,0.0323,0,5,0,2720,602890,53,107903,5.584590018155545,0.15180650344052346
89,0.0325,1,31,1,2751,602859,54,107902,5.584302864129831,0.15181193115547983
90,0.0327,0,6,0,2757,602853,54,107902,5.584247285931306,0.15181321271042764
91,0.0329,0,5,0,2762,602848,54,107902,5.584200970765868,0.15181428068941258
92,0.0331,0,5,0,2767,602843,54,107902,5.58415465560043,0.15181534868342372
93,0.0332,0,3,0,2770,602840,54,107902,5.584126866501167,0.1518159894870431
94,0.0333,0,81,0,2851,602759,54,107902,5.583376560821075,0.15183329322982406
95,0.0335,0,1,0,2852,602758,54,107902,5.583367297787988,0.1518335068809276
96,0.0337,1,1,1,2853,602757,55,107901,5.5833580347549,0.15183252703832223
97,0.0338,0,2,0,2855,602755,55,107901,5.583339508688725,0.1518329543407781
98,0.034,0,18,0,2873,602737,55,107901,5.583172774093149,0.15183680017111384
99,0.0341,0,3,0,2876,602734,55,107901,5.583144984993886,0.15183744116177786
100,0.0342,0,4,0,2880,602730,55,107901,5.5831079328615365,0.15183829582441521
101,0.0343,0,5,0,2885,602725,55,107901,5.5830616176960985,0.15183936416624216
102,0.0345,0,6,0,2891,602719,55,107901,5.583006039497573,0.1518406461962793
103,0.0346,0,1,0,2892,602718,55,107901,5.582996776464485,0.15184085987005694
104,0.0347,1,3,1,2895,602715,56,107900,5.582968987365223,0.15184030733941725
105,0.035,4,153,4,3048,602562,60,107896,5.581551743302827,0.15186823147884884
106,0.0352,0,1,0,3049,602561,60,107896,5.581542480269739,0.1518684452401764
107,0.0353,0,1,0,3050,602560,60,107896,5.581533217236652,0.1518686590021057
108,0.0357,0,1,0,3051,602559,60,107896,5.581523954203565,0.15186887276463676
109,0.0358,1,5,1,3056,602554,61,107895,5.581477639038127,0.15186874779188936
110,0.036,0,18,0,3074,602536,61,107895,5.58131090444255,0.15187259564968308
111,0.0364,0,3,0,3077,602533,61,107895,5.581283115343288,0.15187323697827226
112,0.0365,0,6,0,3083,602527,61,107895,5.581227537144763,0.15187451965169999
113,0.0367,0,70,0,3153,602457,61,107895,5.580579124828634,0.15188948577606595
114,0.0368,0,1,0,3154,602456,61,107895,5.580569861795547,0.15188969959921222
115,0.037,0,7,0,3161,602449,61,107895,5.580505020563933,0.15189119637809287
116,0.0371,0,3,0,3164,602446,61,107895,5.580477231464671,0.15189183786378654
117,0.0373,0,8,0,3172,602438,61,107895,5.58040312719997,0.1518935485187933
118,0.0375,0,33,0,3205,602405,61,107895,5.580097447108081,0.15190060537800928
119,0.0377,0,7,0,3212,602398,61,107895,5.580032605876468,0.1519021023718381
120,0.0378,1,3,1,3215,602395,62,107894,5.580004816777206,0.15190154993249227
121,0.0379,0,1,0,3216,602394,62,107894,5.579995553744118,0.15190176379158876
122,0.038,0,7,0,3223,602387,62,107894,5.579930712512505,0.15190326082212532
123,0.0382,0,2,0,3225,602385,62,107894,5.57991218644633,0.1519036885505555
124,0.0383,0,24,0,3249,602361,62,107894,5.579689873652229,0.15190882147960943
125,0.0385,0,1,0,3250,602360,62,107894,5.579680610619141,0.15190903535918138
126,0.0387,0,1,0,3251,602359,62,107894,5.5796713475860535,0.15190924923935556
127,0.0389,0,3,0,3254,602356,62,107894,5.579643558486791,0.15190989088349172
128,0.039,0,6,0,3260,602350,62,107894,5.579587980288266,0.15191117418802552
129,0.0392,1,11,1,3271,602339,63,107893,5.579486086924303,0.1519123328715124
130,0.0393,0,5,0,3276,602334,63,107893,5.579439771758865,0.15191340233474648
131,0.0394,0,1,0,3277,602333,63,107893,5.579430508725777,0.15191361622920027
132,0.0395,0,2,0,3279,602331,63,107893,5.579411982659602,0.15191404401991485
133,0.0397,0,2,0,3281,602329,63,107893,5.579393456593427,0.15191447181303874
134,0.04,19,826,19,4107,601503,82,107874,5.571742191263107,0.15206864615007254
135,0.0403,0,5,0,4112,601498,82,107874,5.571695876097669,0.15206971800409377
136,0.0405,0,1,0,4113,601497,82,107874,5.571686613064582,0.1520699323767112
137,0.0407,0,4,0,4117,601493,82,107874,5.571649560932232,0.152070789873225
138,0.0408,0,2,0,4119,601491,82,107874,5.571631034866057,0.15207121862510836
139,0.041,1,7,1,4126,601484,83,107873,5.571566193634443,0.15207152392941778
140,0.0411,0,3,0,4129,601481,83,107873,5.571538404535181,0.1520721670703203
141,0.0412,0,1,0,4130,601480,83,107873,5.5715291415020936,0.15207238145183005
142,0.0413,0,4,0,4134,601476,83,107873,5.571492089369743,0.15207323898391342
143,0.0414,0,2,0,4136,601474,83,107873,5.571473563303568,0.1520736677535818
144,0.0415,1,3,1,4139,601471,84,107872,5.571445774204306,0.15207311554494793
145,0.0417,1,34,1,4173,601437,85,107871,5.571130831079329,0.15207920959583143
146,0.0418,0,2,0,4175,601435,85,107871,5.571112305013154,0.15207963840711908
147,0.042,1,13,1,4188,601422,86,107870,5.570991885583015,0.15208123029725415
148,0.0421,0,1,0,4189,601421,86,107870,5.570982622549928,0.15208144471028112
149,0.0422,0,1,0,4190,601420,86,107870,5.57097335951684,0.15208165912391264
150,0.0425,1,43,1,4233,601377,87,107869,5.570575049094075,0.1520896839742487
151,0.0427,0,1,0,4234,601376,87,107869,5.570565786060988,0.15208989841310125
152,0.0428,0,4,0,4238,601372,87,107869,5.570528733928637,0.15209075617455844
153,0.0429,0,4,0,4242,601368,87,107869,5.5704916817962875,0.15209161394569093
154,0.043,0,3,0,4245,601365,87,107869,5.570463892697025,0.15209225728038983
155,0.0433,1,74,1,4319,601291,88,107868,5.569778428248545,0.1521069322958603
156,0.0437,0,1,0,4320,601290,88,107868,5.569769165215458,0.15210714678534262
157,0.0438,0,5,0,4325,601285,88,107868,5.56972285005002,0.15210821924182794
158,0.0439,0,3,0,4328,601282,88,107868,5.569695060950758,0.15210886272297822
159,0.044,0,19,0,4347,601263,88,107868,5.569519063322094,0.15211293823003083
160,0.0442,0,7,0,4354,601256,88,107868,5.5694542220904815,0.15211443978768172
161,0.0443,0,3,0,4357,601253,88,107868,5.569426432991219,0.15211508332146417
162,0.0445,0,1,0,4358,601252,88,107868,5.569417169958131,0.15211529783393501
163,0.0447,0,3,0,4361,601249,88,107868,5.569389380858868,0.1521159413749776
164,0.045,6,191,6,4552,601058,94,107862,5.5676201415391455,0.15214974891384078
165,0.0452,0,2,0,4554,601056,94,107862,5.56760161547297,0.15215017815882795
166,0.0453,0,1,0,4555,601055,94,107862,5.567592352439883,0.1521503927822298
167,0.0454,0,1,0,4556,601054,94,107862,5.567583089406796,0.15215060740623712
168,0.0456,0,1,0,4557,601053,94,107862,5.567573826373708,0.15215082203084995
169,0.0457,0,2,0,4559,601051,94,107862,5.567555300307533,0.15215125128189214
170,0.0458,1,16,1,4575,601035,95,107861,5.567407091778132,0.15215348936938564
171,0.046,0,23,0,4598,601012,95,107861,5.567194042017118,0.15215842612146321
172,0.0462,0,6,0,4604,601006,95,107861,5.567138463818592,0.15215971402251763
173,0.0463,0,2,0,4606,601004,95,107861,5.567119937752418,0.15216014332771402
174,0.0464,0,2,0,4608,601002,95,107861,5.5671014116862425,0.15216057263533292
175,0.0467,4,75,4,4683,600927,99,107857,5.566406684204676,0.15217188875595386
176,0.047,0,7,0,4690,600920,99,107857,5.566341842973063,0.1521733916309361
177,0.0472,0,1,0,4691,600919,99,107857,5.566332579939975,0.15217360632978544
178,0.0473,0,2,0,4693,600917,99,107857,5.566314053873801,0.15217403572930158
179,0.0475,2,36,2,4729,600881,101,107855,5.565980584682649,0.15217937285533684
180,0.0478,0,2,0,4731,600879,101,107855,5.565962058616473,0.15217980229536046
181,0.0479,0,1,0,4732,600878,101,107855,5.565952795583386,0.15218001701628117
182,0.048,0,11,0,4743,600867,101,107855,5.565850902219423,0.15218237898640088
183,0.0482,0,1,0,4744,600866,101,107855,5.565841639186335,0.15218259371459292
184,0.0483,0,55,0,4799,600811,101,107855,5.56533217236652,0.15219440469840517
185,0.0486,0,8,0,4807,600803,101,107855,5.565258068101819,0.15219612281241446
186,0.049,2,21,2,4828,600782,103,107853,5.56506354440698,0.15219824027884596
187,0.0491,0,2,0,4830,600780,103,107853,5.565045018340806,0.15219866983332697
188,0.0492,0,7,0,4837,600773,103,107853,5.5649801771091925,0.15220017329310526
189,0.0493,0,11,0,4848,600762,103,107853,5.564878283745229,0.15220253593277025
190,0.0494,0,1,0,4849,600761,103,107853,5.564869020712142,0.15220275072183162
191,0.0495,1,6,1,4855,600755,104,107852,5.564813442513617,0.15220284304275855
192,0.0497,0,4,0,4859,600751,104,107852,5.564776390381266,0.15220370221407473
193,0.0499,0,1,0,4860,600750,104,107852,5.564767127348179,0.1522039170084194
194,0.05,20,991,20,5851,599759,124,107832,5.555587461558413,0.1523931197542083
195,0.0507,0,7,0,5858,599752,124,107832,5.5555226203267996,0.15239462735166426
196,0.0508,0,9,0,5867,599743,124,107832,5.555439253029012,0.1523965657350811
197,0.051,1,7,1,5874,599736,125,107831,5.555374411797399,0.15239687549023626
198,0.0512,0,6,0,5880,599730,125,107831,5.555318833598873,0.15239816779048027
199,0.0513,0,4,0,5884,599726,125,107831,5.555281781466523,0.15239902933615243
200,0.0514,0,1,0,5885,599725,125,107831,5.555272518433436,0.1523992447240925
201,0.0515,0,4,0,5889,599721,125,107831,5.5552354663010854,0.15240010628194112
202,0.0517,0,40,0,5929,599681,125,107831,5.5548649449775835,0.1524087223962279
203,0.052,3,21,3,5950,599660,128,107828,5.5546704212827445,0.15240965217784613
204,0.0523,1,2,1,5952,599658,129,107827,5.55465189521657,0.15240888499402813
205,0.0525,2,65,2,6017,599593,131,107825,5.554049798065878,0.1524204925517869
206,0.0527,0,1,0,6018,599592,131,107825,5.554040535032791,0.15242070801238874
207,0.0529,0,8,0,6026,599584,131,107825,5.5539664307680905,0.15242243171913278
208,0.053,0,1,0,6027,599583,131,107825,5.553957167735003,0.15242264718521703
209,0.0532,0,3,0,6030,599580,131,107825,5.553929378635741,0.15242329358712478
210,0.0533,4,138,4,6168,599442,135,107821,5.552651080069658,0.15244824061204956
211,0.0535,0,4,0,6172,599438,135,107821,5.552614027937308,0.15244910280392332
212,0.0537,0,2,0,6174,599436,135,107821,5.552595501871132,0.1524495339035174
213,0.0538,0,9,0,6183,599427,135,107821,5.552512134573345,0.15245147388186323
214,0.054,1,18,1,6201,599409,136,107820,5.552345399977769,0.1524541555846833
215,0.0542,0,7,0,6208,599402,136,107820,5.552280558746156,0.15245566455794646
216,0.0543,0,6,0,6214,599396,136,107820,5.5522249805476305,0.15245695798737585
217,0.0545,0,4,0,6218,599392,136,107820,5.552187928415281,0.1524578202858549
218,0.0546,1,0,1,6218,599392,137,107819,5.552187928415281,0.15245662185684328
219,0.0548,0,3,0,6221,599389,137,107819,5.552160139316018,0.15245726858293457
220,0.055,6,284,6,6505,599105,143,107813,5.549529437919152,0.15251132380276072
221,0.0552,0,1,0,6506,599104,143,107813,5.549520174886065,0.15251153954424634
222,0.0553,0,6,0,6512,599098,143,107813,5.54946459668754,0.15251283400597812
223,0.0554,0,1,0,6513,599097,143,107813,5.549455333654452,0.15251304975173643
224,0.0555,0,1,0,6514,599096,143,107813,5.549446070621364,0.15251326549810512
225,0.0557,0,3,0,6517,599093,143,107813,5.549418281522102,0.15251391274087361
226,0.0558,1,9,1,6526,599084,144,107812,5.549334914224314,0.15251465562119462
227,0.056,0,18,0,6544,599066,144,107812,5.5491681796287375,0.15251853926703052
228,0.0561,0,1,0,6545,599065,144,107812,5.54915891659565,0.15251875503093182
229,0.0562,0,2,0,6547,599063,144,107812,5.549140390529475,0.15251918656056587
230,0.0563,0,3,0,6550,599060,144,107812,5.549112601430212,0.15251983385959553
231,0.0567,2,87,2,6637,598973,146,107810,5.548306717551595,0.15253620984092714
232,0.0568,0,7,0,6644,598966,146,107810,5.548241876319982,0.15253772057908022
233,0.057,0,3,0,6647,598963,146,107810,5.548214087220719,0.15253836804744947
234,0.0571,0,4,0,6651,598959,146,107810,5.5481770350883695,0.1525392313471587
235,0.0573,0,2,0,6653,598957,146,107810,5.548158509022194,0.15253966300067773
236,0.0575,2,41,2,6694,598916,148,107808,5.547778724665604,0.15254611418318892
237,0.0576,1,1,1,6695,598915,149,107807,5.547769461632517,0.15254513090012764
238,0.0578,0,1,0,6696,598914,149,107807,5.54776019859943,0.15254534674928297
239,0.0579,1,11,1,6707,598903,150,107806,5.547658305235466,0.15254652197722118
240,0.058,0,8,0,6715,598895,150,107806,5.547584200970766,0.15254824883508017
241,0.0582,0,1,0,6716,598894,150,107806,5.547574937937679,0.15254846469506156
242,0.0583,0,45,0,6761,598849,150,107806,5.547158101448739,0.15255817902654054
243,0.0585,0,7,0,6768,598842,150,107806,5.5470932602171255,0.15255969025596902
244,0.0587,0,2,0,6770,598840,150,107806,5.54707473415095,0.15256012204130498
245,0.0588,0,1,0,6771,598839,150,107806,5.547065471117863,0.15256033793488952
246,0.059,0,8,0,6779,598831,150,107806,5.546991366853162,0.1525620651055634
247,0.0592,0,8,0,6787,598823,150,107806,5.546917262588462,0.15256379231534511
248,0.0593,0,11,0,6798,598812,150,107806,5.546815369224499,0.15256616729265318
249,0.0595,0,2,0,6800,598810,150,107806,5.546796843158324,0.1525665991146535
250,0.0596,0,2,0,6802,598808,150,107806,5.546778317092149,0.1525670309390983
251,0.0597,0,1,0,6803,598807,150,107806,5.5467690540590615,0.15256724685223735
252,0.0598,0,3,0,6806,598804,150,107806,5.546741264959798,0.15256789459532133
253,0.06,24,1046,24,7852,597758,174,107782,5.537052132350217,0.15276525781670777
254,0.0602,0,6,0,7858,597752,174,107782,5.536996554151691,0.15276655696252767
255,0.0604,0,2,0,7860,597750,174,107782,5.5369780280855165,0.15276699001604463
256,0.0605,0,3,0,7863,597747,174,107782,5.536950238986254,0.15276763960092357
257,0.0606,0,1,0,7864,597746,174,107782,5.536940975953166,0.15276785613044416
258,0.0607,0,1,0,7865,597745,174,107782,5.536931712920079,0.15276807266057854
259,0.0608,0,14,0,7879,597731,174,107782,5.536802030456853,0.15277110414691153
260,0.0609,0,1,0,7880,597730,174,107782,5.536792767423766,0.15277132068625338
261,0.061,0,12,0,7892,597718,174,107782,5.536681611026714,0.1527739192062367
262,0.0611,0,3,0,7895,597715,174,107782,5.536653821927452,0.15277456885004473
263,0.0612,0,7,0,7902,597708,174,107782,5.536588980695839,0.152776084707083
264,0.0613,0,7,0,7909,597701,174,107782,5.536524139464226,0.15277760059420284
265,0.0614,0,1,0,7910,597700,174,107782,5.536514876431139,0.15277781715196134
266,0.0615,0,4,0,7914,597696,174,107782,5.536477824298788,0.15277868338913475
267,0.0616,0,2,0,7916,597694,174,107782,5.5364592982326135,0.15277911651140508
268,0.0617,2,47,2,7963,597647,176,107780,5.536023935677498,0.1527868936119542
269,0.0618,0,1,0,7964,597646,176,107780,5.536014672644411,0.15278711020007768
270,0.062,0,15,0,7979,597631,176,107780,5.535875727148097,0.15279035909561944
271,0.0621,0,2,0,7981,597629,176,107780,5.535857201081923,0.15279079229213124
272,0.0622,0,2,0,7983,597627,176,107780,5.535838675015747,0.15279122549109947
273,0.0623,0,6,0,7989,597621,176,107780,5.535783096817222,0.15279252510274297
274,0.0625,3,67,3,8056,597554,179,107777,5.535162473600356,0.1528034355501176
275,0.0627,1,6,1,8062,597548,180,107776,5.535106895401831,0.15280353426226811
276,0.0628,0,5,0,8067,597543,180,107776,5.535060580236393,0.15280461748513793
277,0.0629,0,2,0,8069,597541,180,107776,5.535042054170217,0.15280505077858608
278,0.063,0,7,0,8076,597534,180,107776,5.534977212938605,0.15280656732500603
279,0.0632,0,4,0,8080,597530,180,107776,5.534940160806254,0.1528074339364758
280,0.0633,5,132,5,8212,597398,185,107771,5.533717440438697,0.1528300308153081
281,0.0635,0,1,0,8213,597397,185,107771,5.53370817740561,0.15283024754384772
282,0.0637,0,4,0,8217,597393,185,107771,5.533671125273259,0.152831114464153
283,0.0638,0,2,0,8219,597391,185,107771,5.533652599207084,0.15283154792799386
284,0.064,1,20,1,8239,597371,186,107770,5.533467338545333,0.15283468129069222
285,0.0642,0,12,0,8251,597359,186,107770,5.533356182148283,0.15283728225615456
286,0.0643,0,9,0,8260,597350,186,107770,5.533272814850495,0.1528392330383481
287,0.0645,0,7,0,8267,597343,186,107770,5.5332079736188815,0.15284075034781658
288,0.0646,1,7,1,8274,597336,187,107769,5.533143132387269,0.15284106622417937
289,0.0647,0,3,0,8277,597333,187,107769,5.5331153432880065,0.15284171651761022
290,0.0648,0,2,0,8279,597331,187,107769,5.533096817221831,0.15284215004963836
291,0.0649,0,3,0,8282,597328,187,107769,5.5330690281225685,0.15284280035229195
292,0.065,7,287,7,8569,597041,194,107762,5.53041053762644,0.1528966250143657
293,0.0652,1,2,1,8571,597039,195,107761,5.530392011560266,0.15289585698070374
294,0.0653,0,8,0,8579,597031,195,107761,5.530317907295565,0.15289759248118595
295,0.0655,0,10,0,8589,597021,195,107761,5.530225276964689,0.15289976191219412
296,0.0657,1,6,1,8595,597015,196,107760,5.530169698766164,0.15289986165797595
297,0.0658,2,20,2,8615,596995,198,107758,5.529984438104413,0.15290179679972984
298,0.066,2,28,2,8643,596967,200,107756,5.5297250731779615,0.15290546782210881
299,0.0662,0,4,0,8647,596963,200,107756,5.529688021045611,0.15290633571678924
300,0.0663,0,4,0,8651,596959,200,107756,5.529650968913261,0.1529072036213221
301,0.0665,1,5,1,8656,596954,201,107755,5.529604653747823,0.15290708647115334
302,0.0667,3,143,3,8799,596811,204,107752,5.528280040016303,0.15293451401790897
303,0.0668,0,6,0,8805,596805,204,107752,5.528224461817778,0.15293581640662146
304,0.067,1,10,1,8815,596795,205,107751,5.528131831486902,0.15293678482313433
305,0.0671,0,1,0,8816,596794,205,107751,5.5281225684538144,0.15293700189483994
306,0.0672,0,3,0,8819,596791,205,107751,5.528094779354552,0.15293765311365398
307,0.0673,1,3,1,8822,596788,206,107750,5.528066990255289,0.15293710204417646
308,0.0675,0,63,0,8885,596725,206,107750,5.527483419170773,0.15295077894886264
309,0.0676,0,2,0,8887,596723,206,107750,5.527464893104598,0.1529512131763744
310,0.0678,0,2,0,8889,596721,206,107750,5.527446367038423,0.15295164740635173
311,0.0679,0,3,0,8892,596718,206,107750,5.5274185779391605,0.15295229875594066
312,0.068,0,31,0,8923,596687,206,107750,5.527131423913446,0.152959029693216
313,0.0681,0,4,0,8927,596683,206,107750,5.527094371781096,0.15295989824440365
314,0.0682,0,2,0,8929,596681,206,107750,5.527075845714921,0.15296033252369642
315,0.0683,1,51,1,8980,596630,207,107749,5.526603431027455,0.15297020496068167
316,0.0684,0,2,0,8982,596628,207,107749,5.526584904961281,0.1529706393025326
317,0.0685,0,3,0,8985,596625,207,107749,5.526557115862018,0.15297129081993374
318,0.0687,0,8,0,8993,596617,207,107749,5.526483011597318,0.15297302822680253
319,0.0688,0,3,0,8996,596614,207,107749,5.526455222498055,0.15297367976455323
320,0.0689,0,1,0,8997,596613,207,107749,5.526445959464967,0.1529738969450368
321,0.069,1,15,1,9012,596598,208,107748,5.526307013968654,0.15297595215987597
322,0.0692,0,19,0,9031,596579,208,107748,5.52613101633999,0.152980078855418
323,0.0693,1,9,1,9040,596570,209,107747,5.526047649042202,0.15298083107464394
324,0.0694,0,4,0,9044,596566,209,107747,5.5260105969098525,0.15298169989763075
325,0.0695,0,6,0,9050,596560,209,107747,5.525955018711326,0.15298300315061472
326,0.0697,0,4,0,9054,596556,209,107747,5.525917966578977,0.15298387199827346
327,0.0698,0,1,0,9055,596555,209,107747,5.525908703545889,0.1529840892117302
328,0.07,31,1237,31,10292,595318,240,107716,5.514450331616585,0.15321591843353238
329,0.0702,0,2,0,10294,595316,240,107716,5.51443180555041,0.1532163543053517
330,0.0703,0,8,0,10302,595308,240,107716,5.514357701285709,0.1532180978174287
331,0.0704,0,1,0,10303,595307,240,107716,5.514348438252622,0.15321831575922837
332,0.0705,0,8,0,10311,595299,240,107716,5.514274333987921,0.15322005931594632
333,0.0707,0,3,0,10314,595296,240,107716,5.514246544888659,0.15322071315994606
334,0.0708,0,17,0,10331,595279,240,107716,5.51408907332617,0.15322441838135406
335,0.071,1,16,1,10347,595263,241,107715,5.513940864796769,0.15322670126234392
336,0.0711,0,1,0,10348,595262,241,107715,5.513931601763682,0.15322691923064338
337,0.0712,0,4,0,10352,595258,241,107715,5.513894549631331,0.15322779111004264
338,0.0713,0,3,0,10355,595255,241,107715,5.513866760532069,0.15322844502610353
339,0.0714,0,5,0,10360,595250,241,107715,5.513820445366631,0.15322953489860805
340,0.0715,0,4,0,10364,595246,241,107715,5.513783393234281,0.15323040680777456
341,0.0717,1,85,1,10449,595161,242,107714,5.512996035421838,0.15324773252712076
342,0.0718,0,1,0,10450,595160,242,107714,5.512986772388751,0.15324795055728338
343,0.0719,0,1,0,10451,595159,242,107714,5.512977509355664,0.15324816858806642
344,0.072,0,24,0,10475,595135,242,107714,5.512755196561562,0.153253401512985
345,0.0721,0,7,0,10482,595128,242,107714,5.5126903553299496,0.15325492785007155
346,0.0722,0,3,0,10485,595125,242,107714,5.512662566230687,0.1532555820038444
347,0.0723,0,10,0,10495,595115,242,107714,5.512569935899811,0.15325776255675277
348,0.0725,2,60,2,10555,595055,244,107712,5.512014153914558,0.15326843747643246
349,0.0727,1,4,1,10559,595051,245,107711,5.5119771017822075,0.15326810499144802
350,0.0728,0,6,0,10565,595045,245,107711,5.511921523583682,0.15326941356601723
351,0.0729,1,6,1,10571,595039,246,107710,5.511865945385157,0.1532695172814191
352,0.073,1,14,1,10585,595025,247,107709,5.511736262921931,0.15327136583686005
353,0.0732,0,4,0,10589,595021,247,107709,5.511699210789581,0.1532722382707441
354,0.0733,5,166,5,10755,594855,252,107704,5.510161547297047,0.15330242726945353
355,0.0735,0,1,0,10756,594854,252,107704,5.51015228426396,0.15330264547553368
356,0.0736,0,2,0,10758,594852,252,107704,5.510133758197784,0.15330308188955755
357,0.0737,1,1,1,10759,594851,253,107703,5.510124495164697,0.15330209492793437
358,0.0738,0,4,0,10763,594847,253,107703,5.510087443032346,0.15330296776030175
359,0.074,1,36,1,10799,594811,254,107702,5.509753973841194,0.1533096184696938
360,0.0742,1,12,1,10811,594799,255,107701,5.509642817444144,0.15331103202846974
361,0.0743,0,4,0,10815,594795,255,107701,5.509605765311794,0.1533119049788184
362,0.0745,0,12,0,10827,594783,255,107701,5.509494608914743,0.15331452388951208
363,0.0746,0,3,0,10830,594780,255,107701,5.50946681981548,0.15331517863116584
364,0.0747,0,4,0,10834,594776,255,107701,5.50942976768313,0.1533160516287366
365,0.0748,0,6,0,10840,594770,255,107701,5.509374189484605,0.15331736114373404
366,0.075,6,377,6,11217,594393,261,107695,5.505882026010597,0.1533924522282107
367,0.0751,0,1,0,11218,594392,261,107695,5.50587276297751,0.15339267070890075
368,0.0753,0,9,0,11227,594383,261,107695,5.505789395679721,0.15339463706311834
369,0.0754,0,1,0,11228,594382,261,107695,5.505780132646634,0.15339485555003227
370,0.0755,0,3,0,11231,594379,261,107695,5.505752343547371,0.15339551101450843
371,0.0756,0,3,0,11234,594376,261,107695,5.505724554448109,0.15339616648458632
372,0.0757,0,8,0,11242,594368,261,107695,5.505650450183408,0.1533979144321806
373,0.0758,1,25,1,11267,594343,262,107694,5.505418874356219,0.15340217111063947
374,0.076,0,36,0,11303,594307,262,107694,5.505085405165067,0.15341003787743893
375,0.0761,0,1,0,11304,594306,262,107694,5.50507614213198,0.1534102564102564
376,0.0762,0,2,0,11306,594304,262,107694,5.5050576160658045,0.1534106934777592
377,0.0763,0,3,0,11309,594301,262,107694,5.505029826966542,0.15341134908368292
378,0.0764,0,1,0,11310,594300,262,107694,5.505020563933455,0.15341156762023608
379,0.0765,0,2,0,11312,594298,262,107694,5.505002037867279,0.1534120046952102
380,0.0767,4,155,4,11467,594143,266,107690,5.503566267738709,0.15344106076516778
381,0.0768,1,2,1,11469,594141,267,107689,5.503547741672533,0.15344029180855762
382,0.077,0,6,0,11475,594135,267,107689,5.503492163474008,0.15344160359292358
383,0.0771,0,6,0,11481,594129,267,107689,5.503436585275483,0.15344291539971902
384,0.0772,0,4,0,11485,594125,267,107689,5.503399533143132,0.15344378995004374
385,0.0773,0,9,0,11494,594116,267,107689,5.503316165845344,0.1534457577247241
386,0.0775,1,68,1,11562,594048,268,107688,5.502686279595391,0.1534594206368207
387,0.0776,1,4,1,11566,594044,269,107687,5.50264922746304,0.15345908902414174
388,0.0777,0,3,0,11569,594041,269,107687,5.502621438363778,0.15345974508641524
389,0.0778,0,4,0,11573,594037,269,107687,5.502584386231428,0.15346061984483927
390,0.0779,0,4,0,11577,594033,269,107687,5.502547334099077,0.15346149461323605
391,0.078,1,22,1,11599,594011,270,107686,5.502343547371151,0.15346509960852048
392,0.0781,0,3,0,11602,594008,270,107686,5.502315758271888,0.15346575572828042
393,0.0782,0,6,0,11608,594002,270,107686,5.502260180073363,0.15346706798463133
394,0.0783,3,70,3,11678,593932,273,107683,5.501611767757234,0.1534787597186491
395,0.0785,0,2,0,11680,593930,273,107683,5.501593241691059,0.15347919722126016
396,0.0786,0,1,0,11681,593929,273,107683,5.501583978657972,0.153479415973501
397,0.0787,0,11,0,11692,593918,273,107683,5.5014820852940085,0.15348182228930687
398,0.0788,0,3,0,11695,593915,273,107683,5.501454296194746,0.1534824785703494
399,0.0789,0,1,0,11696,593914,273,107683,5.501445033161659,0.1534826973319441
400,0.079,0,14,0,11710,593900,273,107683,5.501315350698433,0.1534857600597506
401,0.0792,2,40,2,11750,593860,275,107681,5.50094482937493,0.15349209810973272
402,0.0793,1,10,1,11760,593850,276,107680,5.500852199044055,0.15349307941214202
403,0.0795,0,7,0,11767,593843,276,107680,5.500787357812442,0.15349461101061548
404,0.0796,0,3,0,11770,593840,276,107680,5.500759568713179,0.15349526741931804
405,0.0797,0,4,0,11774,593836,276,107680,5.500722516580829,0.1534961426396547
406,0.0798,0,3,0,11777,593833,276,107680,5.500694727481567,0.15349679906145716
407,0.08,36,1343,36,13120,592490,312,107644,5.4882544740449815,0.15374771115243654
408,0.0803,0,4,0,13124,592486,312,107644,5.488217421912631,0.15374858954765544
409,0.0804,0,1,0,13125,592485,312,107644,5.4882081588795435,0.15374880914802844
410,0.0805,0,7,0,13132,592478,312,107644,5.488143317647931,0.1537503463682044
411,0.0807,0,8,0,13140,592470,312,107644,5.4880692133832305,0.15375210322890273
412,0.0808,1,21,1,13161,592449,313,107643,5.487874689688391,0.15375550641915633
413,0.0809,0,1,0,13162,592448,313,107643,5.487865426655304,0.15375572604132892
414,0.081,0,21,0,13183,592427,313,107643,5.487670902960465,0.1537603382518891
415,0.0811,0,4,0,13187,592423,313,107643,5.487633850828115,0.1537612167995589
416,0.0812,0,3,0,13190,592420,313,107643,5.487606061728853,0.15376187571689975
417,0.0813,0,1,0,13191,592419,313,107643,5.4875967986957646,0.15376209535726837
418,0.0814,0,7,0,13198,592412,313,107643,5.487531957464152,0.15376363285741834
419,0.0815,1,9,1,13207,592403,314,107642,5.487448590166364,0.15376440085994472
420,0.0817,6,89,6,13296,592314,320,107636,5.486624180221572,0.1537766983355954
421,0.0818,1,6,1,13302,592308,321,107635,5.486568602023047,0.15377680754004255
422,0.082,2,21,2,13323,592287,323,107633,5.486374078328208,0.15377900331466454
423,0.0822,1,1,1,13324,592286,324,107632,5.48636481529512,0.15377801399592525
424,0.0823,0,6,0,13330,592280,324,107632,5.486309237096595,0.15377933225891255
425,0.0824,0,1,0,13331,592279,324,107632,5.486299974063507,0.1537795519716078
426,0.0825,2,93,2,13424,592186,326,107630,5.485438511986365,0.1537975696468786
427,0.0826,1,2,1,13426,592184,327,107629,5.485419985920189,0.15379680000228632
428,0.0827,0,14,0,13440,592170,327,107629,5.485290303456964,0.1537998768217731
429,0.0828,0,1,0,13441,592169,327,107629,5.485281040423876,0.15380009659930438
430,0.0829,0,4,0,13445,592165,327,107629,5.4852439882915265,0.15380097571571064
431,0.083,0,7,0,13452,592158,327,107629,5.485179147059913,0.15380251419360463
432,0.0831,0,1,0,13453,592157,327,107629,5.485169884026826,0.15380273397867347
433,0.0832,0,3,0,13456,592154,327,107629,5.485142094927563,0.15380339333764895
434,0.0833,7,226,7,13682,591928,334,107622,5.483048649449776,0.1538446143949682
435,0.0835,0,5,0,13687,591923,334,107622,5.483002334284338,0.15384571399981417
436,0.0836,0,6,0,13693,591917,334,107622,5.482946756085813,0.1538470335463784
437,0.0837,0,10,0,13703,591907,334,107622,5.482854125754937,0.15384923284095442
438,0.0838,0,21,0,13724,591886,334,107622,5.482659602060099,0.1538538515642423
439,0.0839,1,0,1,13724,591886,335,107621,5.482659602060099,0.1538526419321036
440,0.084,1,36,1,13760,591850,336,107620,5.4823261328689465,0.15385935065120734
441,0.0842,1,24,1,13784,591826,337,107619,5.482103820074845,0.15386342028322456
442,0.0843,0,14,0,13798,591812,337,107619,5.481974137611619,0.15386650005504474
443,0.0844,0,1,0,13799,591811,337,107619,5.481964874578532,0.15386672004346397
444,0.0845,1,1,1,13800,591810,338,107618,5.481955611545445,0.15386573028245937
445,0.0846,0,4,0,13804,591806,338,107618,5.481918559413094,0.1538666102392826
446,0.0847,0,1,0,13805,591805,338,107618,5.481909296380007,0.15386683023006106
447,0.0848,0,7,0,13812,591798,338,107618,5.481844455148393,0.15386837018312421
448,0.085,8,413,8,14225,591385,346,107610,5.478018822483234,0.15394959906723224
449,0.0851,0,5,0,14230,591380,346,107610,5.477972507317796,0.15395070029614158
450,0.0852,0,1,0,14231,591379,346,107610,5.477963244284709,0.15395092054381398
451,0.0853,0,9,0,14240,591370,346,107610,5.477879876986921,0.15395290280122464
452,0.0854,0,5,0,14245,591365,346,107610,5.477833561821483,0.15395400407739904
453,0.0855,1,8,1,14253,591357,347,107609,5.4777594575567825,0.15395455572946323
454,0.0857,1,11,1,14264,591346,348,107608,5.477657564192819,0.1539557681907536
455,0.0858,1,30,1,14294,591316,349,107607,5.4773796732001925,0.15396116596534953
456,0.0859,0,1,0,14295,591315,349,107607,5.477370410167105,0.15396138624910935
457,0.086,0,37,0,14332,591278,349,107607,5.477027677942866,0.15396953719138343
458,0.0861,0,3,0,14335,591275,349,107607,5.476999888843603,0.15397019811642024
459,0.0862,1,7,1,14342,591268,350,107606,5.47693504761199,0.15397052973783543
460,0.0863,0,6,0,14348,591262,350,107606,5.476879469413465,0.1539718516229102
461,0.0865,2,8,2,14356,591254,352,107604,5.476805365148764,0.15397119300344275
462,0.0867,5,169,5,14525,591085,357,107599,5.475239912556968,0.1540023816203033
463,0.0868,0,7,0,14532,591078,357,107599,5.475175071325355,0.15400392456027606
464,0.087,0,10,0,14542,591068,357,107599,5.47508244099448,0.15400612881386985
465,0.0871,0,3,0,14545,591065,357,107599,5.475054651895217,0.1540067901022523
466,0.0873,0,9,0,14554,591056,357,107599,5.474971284597428,0.15400877400147425
467,0.0875,7,100,7,14654,590956,364,107592,5.474044981288674,0.1540223434896385
468,0.0876,0,1,0,14655,590955,364,107592,5.474035718255585,0.15402256397923117
469,0.0877,1,11,1,14666,590944,365,107591,5.473933824891622,0.1540237783360891
470,0.0878,0,1,0,14667,590943,365,107591,5.473924561858535,0.15402399883183926
471,0.0879,0,8,0,14675,590935,365,107591,5.4738504575938345,0.15402576282056787
472,0.088,1,24,1,14699,590911,366,107590,5.473628144799733,0.15402984390859856
473,0.0881,0,4,0,14703,590907,366,107590,5.473591092667383,0.15403072597305356
474,0.0882,0,7,0,14710,590900,366,107590,5.4735262514357705,0.15403226961015906
475,0.0883,8,89,8,14799,590811,374,107582,5.472701841490978,0.1540422083268303
476,0.0885,0,4,0,14803,590807,374,107582,5.472664789358627,0.154043090598506
477,0.0886,0,3,0,14806,590804,374,107582,5.472637000259365,0.15404375230889508
478,0.0887,0,11,0,14817,590793,374,107582,5.472535106895402,0.15404617862896008
479,0.0888,0,8,0,14825,590785,374,107582,5.472461002630701,0.15404794327337917
480,0.0889,0,3,0,14828,590782,374,107582,5.472433213531438,0.1540486050254595
481,0.089,0,17,0,14845,590765,374,107582,5.47227574196895,0.15405235506130907
482,0.0892,1,33,1,14878,590732,375,107581,5.471970061877061,0.15405842365815903
483,0.0893,0,7,0,14885,590725,375,107581,5.471905220645448,0.15405996797965363
484,0.0895,1,2,1,14887,590723,376,107580,5.471886694579273,0.15405919779809052
485,0.0896,1,4,1,14891,590719,377,107579,5.471849642446923,0.1540588688496888
486,0.0897,0,3,0,14894,590716,377,107579,5.47182185334766,0.15405953071409648
487,0.0898,0,3,0,14897,590713,377,107579,5.471794064248398,0.15406019258419115
488,0.0899,0,1,0,14898,590712,377,107579,5.47178480121531,0.15406041320881983
489,0.09,45,1555,45,16453,589157,422,107534,5.4573807847641636,0.15434963276402308
490,0.0901,0,2,0,16455,589155,422,107534,5.457362258697988,0.1543500758588122
491,0.0902,0,4,0,16459,589151,422,107534,5.4573252065656375,0.15435096205602244
492,0.0903,0,6,0,16465,589145,422,107534,5.457269628367112,0.15435229137091833
493,0.0904,0,2,0,16467,589143,422,107534,5.457251102300938,0.1543527344809718
494,0.0905,0,8,0,16475,589135,422,107534,5.457176998036237,0.15435450694662745
495,0.0906,1,1,1,16476,589134,423,107533,5.457167735003149,0.15435351466339012
496,0.0907,0,12,0,16488,589122,423,107533,5.457056578606099,0.15435617342874164
497,0.0908,1,23,1,16511,589099,424,107532,5.456843528845085,0.15436005575405057
498,0.0909,0,1,0,16512,589098,424,107532,5.456834265811997,0.15436027733517074
499,0.091,1,19,1,16531,589079,425,107531,5.456658268183334,0.15436327356770646
500,0.0912,1,5,1,16536,589074,426,107530,5.456611953017896,0.15436316759593685
501,0.0913,0,7,0,16543,589067,426,107530,5.456547111786283,0.15436471876852756
502,0.0914,0,2,0,16545,589065,426,107530,5.4565285857201085,0.1543651619664224
503,0.0915,0,2,0,16547,589063,426,107530,5.456510059653933,0.15436560516686215
504,0.0916,0,2,0,16549,589061,426,107530,5.456491533587758,0.15436604836984688
505,0.0917,3,90,3,16639,588971,429,107527,5.455657860609878,0.15438235285672033
506,0.0918,0,6,0,16645,588965,429,107527,5.455602282411353,0.154383682798941
507,0.0919,0,1,0,16646,588964,429,107527,5.455593019378266,0.1543839044582055
508,0.092,0,24,0,16670,588940,429,107527,5.455370706584164,0.1543892244715112
509,0.0921,0,6,0,16676,588934,429,107527,5.455315128385639,0.15439055453212744
510,0.0922,0,1,0,16677,588933,429,107527,5.4553058653525515,0.15439077621112482
511,0.0923,0,10,0,16687,588923,429,107527,5.4552132350216755,0.1543929930361117
512,0.0924,0,2,0,16689,588921,429,107527,5.4551947089555,0.1543934364087484
513,0.0925,10,93,10,16782,588828,439,107517,5.454333246878358,0.15440191284492602
514,0.0927,0,10,0,16792,588818,439,107517,5.454240616547482,0.15440413019595453
515,0.0929,0,11,0,16803,588807,439,107517,5.454138723183519,0.15440656935564478
516,0.093,0,15,0,16818,588792,439,107517,5.453999777687206,0.15440989560669185
517,0.0932,0,3,0,16821,588789,439,107517,5.453971988587943,0.15441056087409846
518,0.0933,6,229,6,17050,588560,445,107511,5.451850754010893,0.1544540714955802
519,0.0935,0,8,0,17058,588552,445,107511,5.451776649746193,0.15445584666905152
520,0.0936,0,1,0,17059,588551,445,107511,5.451767386713105,0.15445606856860453
521,0.0937,0,5,0,17064,588546,445,107511,5.451721071547667,0.15445717807593343
522,0.0938,0,4,0,17068,588542,445,107511,5.4516840194153176,0.15445806569327336
523,0.0939,0,1,0,17069,588541,445,107511,5.451674756382229,0.15445828759920235
524,0.094,1,34,1,17103,588507,446,107510,5.451359813257253,0.1544646179619176
525,0.0941,0,1,0,17104,588506,446,107510,5.4513505502241655,0.1544648398887382
526,0.0942,0,21,0,17125,588485,446,107510,5.451156026529326,0.1544695004992852
527,0.0943,0,21,0,17146,588464,446,107510,5.450961502834488,0.15447416139108644
528,0.0944,1,7,1,17153,588457,447,107509,5.450896661602875,0.1544745001911013
529,0.0945,0,5,0,17158,588452,447,107509,5.450850346437438,0.1544756099838928
530,0.0946,0,8,0,17166,588444,447,107509,5.450776242172737,0.1544773856855276
531,0.0947,0,8,0,17174,588436,447,107509,5.450702137908037,0.1544791614279864
532,0.0948,1,2,1,17176,588434,448,107508,5.450683611841861,0.1544783904405827
533,0.0949,0,1,0,17177,588433,448,107508,5.450674348808774,0.15447861241110955
534,0.095,10,436,10,17613,587997,458,107498,5.4466356663826,0.1545632966448357
535,0.0952,0,13,0,17626,587984,458,107498,5.446515246952462,0.15456618575318987
536,0.0953,0,11,0,17637,587973,458,107498,5.446413353588499,0.15456863046769742
537,0.0954,0,4,0,17641,587969,458,107498,5.446376301456149,0.15456951947396497
538,0.0955,0,11,0,17652,587958,458,107498,5.446274408092186,0.15457196429393089
539,0.0956,0,3,0,17655,587955,458,107498,5.446246618992923,0.15457263107643507
540,0.0957,1,9,1,17664,587946,459,107497,5.446163251695135,0.15457341579396155
541,0.0958,2,43,2,17707,587903,461,107495,5.44576494127237,0.15458054236566685
542,0.096,2,40,2,17747,587863,463,107493,5.445394419948868,0.1545870029164917
543,0.0962,0,9,0,17756,587854,463,107493,5.44531105265108,0.15458900376358853
544,0.0963,0,3,0,17759,587851,463,107493,5.445283263551818,0.1545896707241308
545,0.0964,0,4,0,17763,587847,463,107493,5.445246211419467,0.1545905600138062
546,0.0965,0,9,0,17772,587838,463,107493,5.445162844121679,0.154592560952985
547,0.0966,1,1,1,17773,587837,464,107492,5.445153581088592,0.1545915674450512
548,0.0967,5,204,5,17977,587633,469,107487,5.443263922338731,0.15463085510415467
549,0.0968,0,2,0,17979,587631,469,107487,5.443245396272555,0.1546313000094948
550,0.097,0,18,0,17997,587613,469,107487,5.44307866167698,0.1546353042727665
551,0.0971,0,4,0,18001,587609,469,107487,5.443041609544629,0.1546361941372127
552,0.0973,0,11,0,18012,587598,469,107487,5.442939716180666,0.15463864131724897
553,0.0975,6,100,6,18112,587498,475,107481,5.442013412871911,0.15465359384959834
554,0.0976,0,3,0,18115,587495,475,107481,5.4419856237726485,0.15465426144212174
555,0.0977,0,8,0,18123,587487,475,107481,5.441911519507948,0.1546560417170287
556,0.0978,0,3,0,18126,587484,475,107481,5.441883730408685,0.1546567093306857
557,0.0979,0,4,0,18130,587480,475,107481,5.441846678276335,0.15465759949119448
558,0.098,0,28,0,18158,587452,475,107481,5.441587313349883,0.15466383090168404
559,0.0981,0,1,0,18159,587451,475,107481,5.441578050316796,0.15466405346134585
560,0.0982,0,7,0,18166,587444,475,107481,5.4415132090851825,0.15466561139691334
561,0.0983,7,94,7,18260,587350,482,107474,5.440642483974953,0.15467801918183596
562,0.0985,1,8,1,18268,587342,483,107473,5.440568379710252,0.15467858350784022
563,0.0986,0,3,0,18271,587339,483,107473,5.44054059061099,0.1546792513658371
564,0.0987,0,13,0,18284,587326,483,107473,5.440420171180851,0.1546821454838018
565,0.0988,0,4,0,18288,587322,483,107473,5.4403831190485015,0.15468303600342548
566,0.0989,0,3,0,18291,587319,483,107473,5.440355329949239,0.15468370389987218
567,0.099,0,16,0,18307,587303,483,107473,5.440207121419838,0.15468726611166764
568,0.0992,0,38,0,18345,587265,483,107473,5.43985512616251,0.15469572702227313
569,0.0993,2,17,2,18362,587248,485,107471,5.439697654600022,0.15469707896286125
570,0.0994,0,2,0,18364,587246,485,107471,5.4396791285338475,0.1546975243156566
571,0.0995,1,15,1,18379,587231,486,107470,5.439540183037534,0.15469964776213077
572,0.0996,0,1,0,18380,587230,486,107470,5.439530920004446,0.15469987044767525
573,0.0997,0,7,0,18387,587223,486,107470,5.439466078772833,0.15470142926443767
574,0.0998,0,4,0,18391,587219,486,107470,5.439429026640483,0.1547023200309779
575,0.0999,0,2,0,18393,587217,486,107470,5.439410500574308,0.15470276541809477
576,0.1,58,1758,58,20151,585459,544,107412,5.423126088406388,0.15502452837541186
577,0.1001,0,1,0,20152,585458,544,107412,5.423116825373301,0.15502475211800193
578,0.1002,0,7,0,20159,585451,544,107412,5.423051984141687,0.15502631833421615
579,0.1003,0,7,0,20166,585444,544,107412,5.422987142910075,0.15502788458207767
580,0.1004,0,8,0,20174,585436,544,107412,5.422913038645374,0.1550296746183867
581,0.1005,0,7,0,20181,585429,544,107412,5.422848197413761,0.15503124093406712
582,0.1006,0,2,0,20183,585427,544,107412,5.422829671347586,0.15503168845864623
583,0.1007,0,9,0,20192,585418,544,107412,5.422746304049798,0.15503370235122613
584,0.1008,2,34,2,20226,585384,546,107410,5.422431360924821,0.15503887158376084
585,0.101,3,16,3,20242,585368,549,107407,5.42228315239542,0.1550387932589946
586,0.1012,0,5,0,20247,585363,549,107407,5.422236837229983,0.15503991223638436
587,0.1013,0,9,0,20256,585354,549,107407,5.422153469932194,0.15504192643639003
588,0.1014,1,8,1,20264,585346,550,107406,5.422079365667495,0.15504249717070467
589,0.1015,0,16,0,20280,585330,550,107406,5.4219311571380935,0.15504607815964525
590,0.1017,3,113,3,20393,585217,553,107403,5.420884434399199,0.1550677138979527
591,0.1018,0,6,0,20399,585211,553,107403,5.420828856200674,0.15506905722379277
592,0.102,0,31,0,20430,585180,553,107403,5.42054170217496,0.1550759981114177
593,0.1021,0,1,0,20431,585179,553,107403,5.420532439141873,0.15507622202136354
594,0.1022,1,6,1,20437,585173,554,107402,5.420476860943348,0.1550763455221456
595,0.1023,2,11,2,20448,585162,556,107400,5.420374967579384,0.15507636861392915
596,0.1024,1,2,1,20450,585160,557,107399,5.420356441513209,0.15507559644737848
597,0.1025,3,134,3,20584,585026,560,107396,5.419115195079477,0.1551019465008333
598,0.1026,0,2,0,20586,585024,560,107396,5.419096669013301,0.15510239450044772
599,0.1027,0,6,0,20592,585018,560,107396,5.419041090814776,0.15510373851481918
600,0.1028,0,2,0,20594,585016,560,107396,5.419022564748602,0.15510418652478583
601,0.1029,0,14,0,20608,585002,560,107396,5.418892882285376,0.15510732266702099
602,0.103,0,6,0,20614,584996,560,107396,5.41883730408685,0.15510866676680263
603,0.1031,0,2,0,20616,584994,560,107396,5.418818778020675,0.1551091148052398
604,0.1032,1,3,1,20619,584991,561,107395,5.418790988921413,0.15510856660879913
605,0.1033,13,284,13,20903,584707,574,107382,5.416160287524547,0.15515634549891705
606,0.1034,1,2,1,20905,584705,575,107381,5.416141761458372,0.15515557315131356
607,0.1035,0,12,0,20917,584693,575,107381,5.416030605061321,0.15515826342269756
608,0.1037,1,6,1,20923,584687,576,107380,5.415975026862796,0.15515838784395153
609,0.1038,0,4,0,20927,584683,576,107380,5.415937974730446,0.15515928463160145
610,0.1039,0,1,0,20928,584682,576,107380,5.415928711697358,0.1551595088301337
611,0.104,0,50,0,20978,584632,576,107380,5.41546556004298,0.1551707195828974
612,0.1041,1,0,1,20978,584632,577,107379,5.41546556004298,0.1551694987507424
613,0.1042,1,37,1,21015,584595,578,107378,5.415122827818741,0.15517657480855468
614,0.1043,0,23,0,21038,584572,578,107378,5.414909778057727,0.1551817327841607
615,0.1044,0,2,0,21040,584570,578,107378,5.414891251991552,0.15518218131998357
616,0.1045,2,14,2,21054,584556,580,107376,5.414761569528326,0.1551828792424689
617,0.1047,0,16,0,21070,584540,580,107376,5.414613360998925,0.15518646772151534
618,0.1048,0,6,0,21076,584534,580,107376,5.4145577828004,0.15518781344394503
619,0.1049,0,1,0,21077,584533,580,107376,5.414548519767313,0.15518803773328574
620,0.105,16,533,16,21610,584000,596,107360,5.409611323131646,0.15528812774820644
621,0.1052,1,4,1,21614,583996,597,107359,5.409574270999296,0.1552878043841442
622,0.1053,2,19,2,21633,583977,599,107357,5.409398273370632,0.15528962845744604
623,0.1054,0,3,0,21636,583974,599,107357,5.40937048427137,0.15529030232985358
624,0.1055,1,10,1,21646,583964,600,107356,5.409277853940495,0.15529132673725626
625,0.1056,0,5,0,21651,583959,600,107356,5.409231538775057,0.1552924498962123
626,0.1057,1,12,1,21663,583947,601,107355,5.409120382378006,0.15529392363974065
627,0.1058,1,38,1,21701,583909,602,107354,5.408768387120679,0.1553012384577216
628,0.1059,0,2,0,21703,583907,602,107354,5.4087498610545035,0.15530168778507683
629,0.106,0,64,0,21767,583843,602,107354,5.4081570269369,0.1553160676333954
630,0.1061,0,2,0,21769,583841,602,107354,5.4081385008707255,0.1553165170465643
631,0.1062,0,6,0,21775,583835,602,107354,5.408082922672199,0.1553178653016758
632,0.1063,0,7,0,21782,583828,602,107354,5.408018081440587,0.15531943829555747
633,0.1064,0,3,0,21785,583825,602,107354,5.407990292341324,0.15532011244554594
634,0.1065,1,9,1,21794,583816,603,107353,5.4079069250435365,0.15532091283029187
635,0.1066,0,3,0,21797,583813,603,107353,5.407879135944274,0.1553215869993605
636,0.1067,7,247,7,22044,583566,610,107346,5.405591166771647,0.15536855634292066
637,0.1068,1,7,1,22051,583559,611,107345,5.405526325540035,0.15536890798142722
638,0.1069,0,1,0,22052,583558,611,107345,5.405517062506947,0.15536913285946075
639,0.107,1,22,1,22074,583536,612,107344,5.405313275779021,0.15537285780453913
640,0.1071,0,1,0,22075,583535,612,107344,5.405304012745933,0.15537308269610164
641,0.1072,0,6,0,22081,583529,612,107344,5.405248434547408,0.15537443205914836
642,0.1073,0,34,0,22115,583495,612,107344,5.404933491422431,0.15538207889247713
643,0.1074,0,1,0,22116,583494,612,107344,5.404924228389344,0.1553823038107342
644,0.1075,6,116,6,22232,583378,618,107338,5.403849716551187,0.15540106208629886
645,0.1076,0,6,0,22238,583372,618,107338,5.403794138352662,0.15540241201082944
646,0.1077,0,7,0,22245,583365,618,107338,5.403729297121049,0.15540398695242383
647,0.1078,1,7,1,22252,583358,619,107337,5.4036644558894364,0.15540433910771034
648,0.1079,0,2,0,22254,583356,619,107337,5.403645929823261,0.15540478910311817
649,0.108,3,19,3,22273,583337,622,107334,5.403469932194597,0.15540539562251782
650,0.1081,0,3,0,22276,583334,622,107334,5.403442143095335,0.15540607064465126
651,0.1082,0,7,0,22283,583327,622,107334,5.403377301863722,0.15540764571910098
652,0.1083,4,113,4,22396,583214,626,107330,5.402330579124829,0.15542818415625942
653,0.1085,0,7,0,22403,583207,626,107330,5.402265737893216,0.15542975973771136
654,0.1086,0,2,0,22405,583205,626,107330,5.40224721182704,0.15543020990970768
655,0.1087,0,20,0,22425,583185,626,107330,5.402061951165289,0.1554347117730969
656,0.1088,0,3,0,22428,583182,626,107330,5.402034162066027,0.1554353870750979
657,0.109,3,22,3,22450,583160,629,107327,5.4018303753381005,0.15543667006040665
658,0.1092,2,25,2,22475,583135,631,107325,5.401598799510912,0.15543985169307417
659,0.1093,1,8,1,22483,583127,632,107324,5.401524695246211,0.15544042951635959
660,0.1094,0,3,0,22486,583124,632,107324,5.401496906146948,0.1554411049058003
661,0.1095,0,7,0,22493,583117,632,107324,5.401432064915336,0.1554426808373199
662,0.1096,0,3,0,22496,583114,632,107324,5.401404275816073,0.1554433562463248
663,0.1097,2,6,2,22502,583108,634,107322,5.401348697617548,0.1554422606201932
664,0.1098,0,2,0,22504,583106,634,107322,5.401330171551373,0.15544271089816752
665,0.1099,0,2,0,22506,583104,634,107322,5.4013116454851975,0.1554431611787505
666,0.11,57,1882,57,24388,581222,691,107265,5.383878617214421,0.1557981486941656
667,0.1101,0,3,0,24391,581219,691,107265,5.3838508281151585,0.15579882756897764
668,0.1102,1,10,1,24401,581209,692,107264,5.3837581977842826,0.15579986433745405
669,0.1103,0,7,0,24408,581202,692,107264,5.383693356552669,0.15580144843754085
670,0.1104,0,2,0,24410,581200,692,107264,5.383674830486495,0.1558019010434823
671,0.1105,0,13,0,24423,581187,692,107264,5.383554411056356,0.15580484304620082
672,0.1107,2,26,2,24449,581161,694,107262,5.38331357219608,0.15580827485426837
673,0.1108,3,38,3,24487,581123,697,107259,5.382961576938753,0.15581319674250635
674,0.1109,0,1,0,24488,581122,697,107259,5.382952313905665,0.15581342308982962
675,0.111,2,29,2,24517,581093,699,107257,5.382683685946126,0.15581753468439022
676,0.1112,0,9,0,24526,581084,699,107257,5.382600318648338,0.15581957198539678
677,0.1113,0,7,0,24533,581077,699,107257,5.3825354774167256,0.15582115658967885
678,0.1114,0,4,0,24537,581073,699,107257,5.382498425284375,0.15582206209231036
679,0.1115,1,10,1,24547,581063,700,107256,5.3824057949535,0.15582309946405665
680,0.1117,5,115,5,24662,580948,705,107251,5.381340546148431,0.15584300471229978
681,0.1118,0,2,0,24664,580946,705,107251,5.381322020082256,0.15584345761460744
682,0.1119,0,1,0,24665,580945,705,107251,5.381312757049169,0.15584368406674842
683,0.112,2,39,2,24704,580906,707,107249,5.380951498758754,0.15585006284921274
684,0.1122,0,5,0,24709,580901,707,107249,5.380905183593316,0.15585119523359733
685,0.1123,2,7,2,24716,580894,709,107247,5.380840342361703,0.1558503271858529
686,0.1124,0,5,0,24721,580889,709,107247,5.3807940271962655,0.1558514595951963
687,0.1125,9,137,9,24858,580752,718,107238,5.379524991663271,0.15587145161993635
688,0.1126,0,1,0,24859,580751,718,107238,5.3795157286301825,0.15587167818090114
689,0.1127,0,15,0,24874,580736,718,107238,5.3793767831338695,0.1558750766744092
690,0.1128,1,5,1,24879,580731,719,107237,5.3793304679684315,0.15587498255732823
691,0.1129,2,13,2,24892,580718,721,107235,5.379210048538293,0.15587547405127966
692,0.113,0,16,0,24908,580702,721,107235,5.379061840008893,0.15587909939427594
693,0.1132,0,5,0,24913,580697,721,107235,5.379015524843455,0.1558802323485461
694,0.1133,18,274,18,25187,580423,739,107217,5.376477453777465,0.155920248967483
695,0.1134,0,8,0,25195,580415,739,107217,5.376403349512764,0.15592206296391092
696,0.1135,1,12,1,25207,580403,740,107216,5.376292193115714,0.15592355650440143
697,0.1136,0,3,0,25210,580400,740,107216,5.376264404016451,0.15592423678332093
698,0.1137,0,9,0,25219,580391,740,107216,5.3761810367186635,0.15592627765569578
699,0.1138,0,5,0,25224,580386,740,107216,5.376134721553226,0.15592741149676703
700,0.1139,1,3,1,25227,580383,741,107215,5.376106932453963,0.1559268642433515
701,0.114,4,62,4,25289,580321,745,107211,5.375532624402535,0.15593601461459247
702,0.1141,0,4,0,25293,580317,745,107211,5.375495572270184,0.15593692184172864
703,0.1142,1,30,1,25323,580287,746,107210,5.375217681277557,0.15594249865817597
704,0.1143,0,22,0,25345,580265,746,107210,5.375013894549632,0.15594748899959998
705,0.1144,0,5,0,25350,580260,746,107210,5.374967579384194,0.15594862321264927
706,0.1145,0,9,0,25359,580251,746,107210,5.374884212086406,0.15595066483771444
707,0.1146,0,2,0,25361,580249,746,107210,5.374865686020231,0.1559511185394329
708,0.1147,1,6,1,25367,580243,747,107209,5.374810107821705,0.1559512518692214
709,0.1148,0,6,0,25373,580237,747,107209,5.37475452962318,0.1559526130052397
710,0.1149,1,6,1,25379,580231,748,107208,5.374698951424654,0.1559527463527673
711,0.115,22,583,22,25962,579648,770,107186,5.36929860313461,0.15605808681573713
712,0.1152,0,7,0,25969,579641,770,107186,5.369233761902998,0.1560596773277696
713,0.1153,1,14,1,25983,579627,771,107185,5.369104079439772,0.15606162967449608
714,0.1155,0,3,0,25986,579624,771,107185,5.369076290340509,0.15606231135585003
715,0.1156,0,4,0,25990,579620,771,107185,5.369039238208159,0.15606322027358566
716,0.1157,1,11,1,26001,579609,772,107184,5.368937344844196,0.15606449104752088
717,0.1158,0,41,0,26042,579568,772,107184,5.368557560487606,0.15607380830343415
718,0.116,5,61,5,26103,579507,777,107179,5.367992515469266,0.15608152780164442
719,0.1161,0,2,0,26105,579505,777,107179,5.36797398940309,0.15608198239656088
720,0.1162,0,11,0,26116,579494,777,107179,5.367872096039127,0.1560844827159361
721,0.1163,1,8,1,26124,579486,778,107178,5.3677979917744265,0.15608507217503756
722,0.1164,0,3,0,26127,579483,778,107178,5.367770202675164,0.15608575410573777
723,0.1165,0,11,0,26138,579472,778,107178,5.367668309311201,0.15608825456928566
724,0.1167,8,301,8,26439,579171,786,107170,5.3648801363518475,0.15614687159881166
725,0.1168,0,6,0,26445,579165,786,107170,5.364824558153321,0.156148236648284
726,0.1169,0,4,0,26449,579161,786,107170,5.3647875060209715,0.15614914669452495
727,0.117,1,19,1,26468,579142,787,107169,5.364611508392308,0.1561522400194664
728,0.1171,0,8,0,26476,579134,787,107169,5.364537404127607,0.1561540602328709
729,0.1172,0,5,0,26481,579129,787,107169,5.36449108896217,0.15615519788779803
730,0.1173,0,15,0,26496,579114,787,107169,5.364352143465856,0.15615861095204164
731,0.1174,0,3,0,26499,579111,787,107169,5.364324354366594,0.1561592935827942
732,0.1175,8,143,8,26642,578968,795,107161,5.362999740635074,0.1561820007607899
733,0.1176,0,2,0,26644,578966,795,107161,5.362981214568898,0.15618245601761774
734,0.1177,1,11,1,26655,578955,796,107160,5.362879321204935,0.1561837301327037
735,0.1178,0,1,0,26656,578954,796,107160,5.362870058171848,0.1561839577679511
736,0.1179,0,6,0,26662,578948,796,107160,5.362814479973323,0.15618532359337015
737,0.118,1,34,1,26696,578914,797,107159,5.362499536848346,0.15619183381360294
738,0.1181,0,2,0,26698,578912,797,107159,5.3624810107821705,0.15619228913625557
739,0.1182,0,8,0,26706,578904,797,107159,5.36240690651747,0.15619411045341317
740,0.1183,7,145,7,26851,578759,804,107152,5.3610637667197745,0.1562185181459402
741,0.1184,0,2,0,26853,578757,804,107152,5.3610452406536,0.15621897365393952
742,0.1185,0,8,0,26861,578749,804,107152,5.360971136388899,0.15622079571250078
743,0.1187,2,9,2,26870,578740,806,107150,5.360887769091111,0.15622038519296097
744,0.1188,2,9,2,26879,578731,808,107148,5.360804401793323,0.15621997466025347
745,0.1189,0,5,0,26884,578726,808,107148,5.360758086627885,0.15622111349898085
746,0.119,2,25,2,26909,578701,810,107146,5.360526510800697,0.15622434741276114
747,0.1192,0,43,0,26952,578658,810,107146,5.360128200377932,0.15623414269966346
748,0.1193,1,14,1,26966,578644,811,107145,5.359998517914706,0.15623610177474412
749,0.1195,0,11,0,26977,578633,811,107145,5.359896624550743,0.15623860782935586
750,0.1196,1,2,1,26979,578631,812,107144,5.359878098484568,0.15623783310852685
751,0.1197,0,9,0,26988,578622,812,107144,5.3597947311867795,0.15623988357544702
752,0.1198,0,8,0,26996,578614,812,107144,5.359720626922079,0.15624170625789272
753,0.1199,0,4,0,27000,578610,812,107144,5.359683574789729,0.15624261761506314
754,0.12,64,1970,64,28970,576640,876,107080,5.3414353996072474,0.15661381852220208
755,0.1202,0,6,0,28976,576634,876,107080,5.341379821408722,0.1566151929022954
756,0.1203,1,12,1,28988,576622,877,107079,5.341268665011672,0.15661670818091533
757,0.1204,0,5,0,28993,576617,877,107079,5.341222349846234,0.15661785354894572
758,0.1205,1,17,1,29010,576600,878,107078,5.3410648782837455,0.15662051433569604
759,0.1207,0,14,0,29024,576586,878,107078,5.34093519582052,0.15662372159423343
760,0.1208,3,58,3,29082,576528,881,107075,5.340397939901441,0.1566333090989946
761,0.1209,0,2,0,29084,576526,881,107075,5.340379413835266,0.15663376735844448
762,0.121,2,19,2,29103,576507,883,107073,5.340203416206602,0.15663565347142983
763,0.1211,0,1,0,29104,576506,883,107073,5.340194153173515,0.15663588261195854
764,0.1212,1,11,1,29115,576495,884,107072,5.340092259809552,0.15663716943620742
765,0.1213,0,9,0,29124,576486,884,107072,5.340008892511764,0.15663923178428166
766,0.1214,0,6,0,29130,576480,884,107072,5.339953314313239,0.15664060671316887
767,0.1215,0,8,0,29138,576472,884,107072,5.339879210048538,0.15664243998923258
768,0.1217,2,141,2,29279,576331,886,107070,5.338573122383194,0.1566722905000139
769,0.1218,0,8,0,29287,576323,886,107070,5.338499018118493,0.15667412455205132
770,0.1219,0,2,0,29289,576321,886,107070,5.338480492052318,0.15667458307177004
771,0.122,2,48,2,29337,576273,888,107068,5.338035866464115,0.1566831201406033
772,0.1221,1,1,1,29338,576272,889,107067,5.338026603431027,0.1566821153190437
773,0.1222,0,7,0,29345,576265,889,107067,5.337961762199415,0.15668372035847875
774,0.1223,0,18,0,29363,576247,889,107067,5.337795027603838,0.15668784775374134
775,0.1225,6,135,6,29498,576112,895,107061,5.336544518137019,0.15671140399283928
776,0.1226,0,1,0,29499,576111,895,107061,5.336535255103931,0.15671163338075916
777,0.1227,0,15,0,29514,576096,895,107061,5.336396309607618,0.1567150742801435
778,0.1228,1,4,1,29518,576092,896,107060,5.336359257475268,0.15671475747710611
779,0.1229,1,13,1,29531,576079,897,107059,5.336238838045129,0.15671650530346723
780,0.123,0,13,0,29544,576066,897,107059,5.3361184186149915,0.15671948764867338
781,0.1231,0,3,0,29547,576063,897,107059,5.336090629515729,0.1567201758983022
782,0.1232,0,6,0,29553,576057,897,107059,5.336035051317204,0.15672155241569513
783,0.1233,12,304,12,29857,575753,909,107047,5.333219089258587,0.15677650849443467
784,0.1234,0,3,0,29860,575750,909,107047,5.333191300159324,0.15677719732219092
785,0.1235,0,8,0,29868,575742,909,107047,5.333117195894624,0.15677903422580036
786,0.1236,0,5,0,29873,575737,909,107047,5.333070880729186,0.15678018231241506
787,0.1237,0,17,0,29890,575720,909,107047,5.332913409166697,0.15678408593268275
788,0.1238,0,14,0,29904,575706,909,107047,5.332783726703472,0.1567873008247492
789,0.1239,0,2,0,29906,575704,909,107047,5.332765200637296,0.15678776010580725
790,0.124,4,62,4,29968,575642,913,107043,5.332190892585868,0.1567970586727407
791,0.1242,0,48,0,30016,575594,913,107043,5.331746266997666,0.15680808394505424
792,0.1243,1,22,1,30038,575572,914,107042,5.331542480269739,0.1568119024807578
793,0.1244,0,3,0,30041,575569,914,107042,5.331514691170477,0.15681259165176067
794,0.1245,0,8,0,30049,575561,914,107042,5.331440586905776,0.15681442947071725
795,0.1246,1,8,1,30057,575553,915,107041,5.331366482641076,0.15681503206884326
796,0.1247,1,16,1,30073,575537,916,107040,5.331218274111675,0.15681747260748605
797,0.1248,0,9,0,30082,575528,916,107040,5.331134906813888,0.1568195403241875
798,0.1249,0,2,0,30084,575526,916,107040,5.331116380747712,0.1568199998241928
799,0.125,29,652,29,30736,574874,945,107011,5.325076883174627,0.1569340871261283
800,0.1251,0,1,0,30737,574873,945,107011,5.325067620141539,0.15693431727390583
801,0.1252,1,6,1,30743,574867,946,107010,5.325012041943014,0.1569344617870965
802,0.1253,0,18,0,30761,574849,946,107010,5.324845307347438,0.15693860460887074
803,0.1254,0,3,0,30764,574846,946,107010,5.324817518248175,0.15693929510043175
804,0.1255,1,10,1,30774,574836,947,107009,5.3247248879172995,0.1569403603458264
805,0.1256,0,1,0,30775,574835,947,107009,5.324715624884212,0.1569405905163058
806,0.1257,1,24,1,30799,574811,948,107008,5.324493312090111,0.15694487833281268
807,0.1258,0,35,0,30834,574776,948,107008,5.324169105932047,0.15695293524048673
808,0.126,1,67,1,30901,574709,949,107007,5.32354848271518,0.15696712413967107
809,0.1262,1,7,1,30908,574702,950,107006,5.323483641483567,0.15696749928121717
810,0.1263,1,8,1,30916,574694,951,107005,5.323409537218867,0.1569681046913667
811,0.1265,2,18,2,30934,574676,953,107003,5.323242802623291,0.15696977609696058
812,0.1266,1,1,1,30935,574675,954,107002,5.323233539590204,0.1569687696665723
813,0.1267,9,345,9,31280,574330,963,106993,5.320037793174997,0.15703711749052945
814,0.1268,0,8,0,31288,574322,963,106993,5.319963688910296,0.15703896142019477
815,0.127,1,33,1,31321,574289,964,106992,5.319658008818408,0.15704533078127822
816,0.1271,0,9,0,31330,574280,964,106992,5.319574641520619,0.15704740544158574
817,0.1272,0,2,0,31332,574278,964,106992,5.319556115454445,0.15704786648465366
818,0.1273,0,21,0,31353,574257,964,106992,5.3193615917596055,0.15705270760030474
819,0.1274,0,3,0,31356,574254,964,106992,5.319333802660343,0.15705339921261924
820,0.1275,7,161,7,31517,574093,971,106985,5.317842454333247,0.15708186140207142
821,0.1276,0,3,0,31520,574090,971,106985,5.317814665233985,0.15708255331644827
822,0.1277,0,8,0,31528,574082,971,106985,5.317740560969284,0.1570843984512537
823,0.1278,0,7,0,31535,574075,971,106985,5.317675719737671,0.15708601297976682
824,0.1279,0,11,0,31546,574064,971,106985,5.317573826373708,0.15708855016305728
825,0.128,4,37,4,31583,574027,975,106981,5.317231094149468,0.15709213401310998
826,0.1281,1,2,1,31585,574025,976,106980,5.317212568083293,0.15709135762586177
827,0.1282,1,8,1,31593,574017,977,106979,5.317138463818592,0.15709196529788721
828,0.1283,4,155,4,31748,573862,981,106975,5.315702693690022,0.15712277681735864
829,0.1284,0,3,0,31751,573859,981,106975,5.315674904590759,0.15712346915694575
830,0.1285,2,18,2,31769,573841,983,106973,5.315508169995184,0.15712514725020343
831,0.1286,0,2,0,31771,573839,983,106973,5.315489643929008,0.15712560883180673
832,0.1287,1,8,1,31779,573831,984,106972,5.315415539664308,0.15712621712889044
833,0.1288,1,8,1,31787,573823,985,106971,5.315341435399607,0.15712682544205736
834,0.1289,1,3,1,31790,573820,986,106970,5.3153136463003445,0.15712627976321628
835,0.129,0,29,0,31819,573791,986,106970,5.315045018340806,0.15713297324611722
836,0.1291,1,0,1,31819,573791,987,106969,5.315045018340806,0.15713173511957224
837,0.1292,2,38,2,31857,573753,989,106967,5.314693023083478,0.15713803032083676
838,0.1293,0,23,0,31880,573730,989,106967,5.314479973322465,0.15714333984136847
839,0.1294,0,4,0,31884,573726,989,106967,5.314442921190114,0.15714426327287045
840,0.1295,1,14,1,31898,573712,990,106966,5.314313238726888,0.15714625711423022
841,0.1296,1,7,1,31905,573705,991,106965,5.314248397495276,0.15714663493322756
842,0.1297,0,15,0,31920,573690,991,106965,5.314109451998963,0.15715009806730282
843,0.1298,0,3,0,31923,573687,991,106965,5.3140816628997,0.15715079071243454
844,0.1299,0,1,0,31924,573686,991,106965,5.314072399866612,0.15715102159550196
845,0.13,59,2215,59,34139,571471,1050,106906,5.29355478157768,0.1575908381327787
846,0.1301,0,4,0,34143,571467,1050,106906,5.2935177294453295,0.1575917673610241
847,0.1302,0,9,0,34152,571458,1050,106906,5.293434362147542,0.15759385816464316
848,0.1303,0,20,0,34172,571438,1050,106906,5.293249101485791,0.15759850459353955
849,0.1304,0,6,0,34178,571432,1050,106906,5.293193523287266,0.15759989857563633
850,0.1305,0,8,0,34186,571424,1050,106906,5.293119419022565,0.15760175725679243
851,0.1306,1,5,1,34191,571419,1051,106905,5.293073103857127,0.1576016770746723
852,0.1307,1,34,1,34225,571385,1052,106904,5.29275816073215,0.15760833509020492
853,0.1308,5,58,5,34283,571327,1057,106899,5.292220904813072,0.1576156030585675
854,0.1309,0,1,0,34284,571326,1057,106899,5.292211641779985,0.15761583545283644
855,0.131,0,30,0,34314,571296,1057,106899,5.291933750787358,0.1576228075995842
856,0.1311,0,1,0,34315,571295,1057,106899,5.291924487754271,0.15762304001509891
857,0.1312,1,7,1,34322,571288,1058,106898,5.291859646522657,0.15762342484215244
858,0.1313,1,21,1,34343,571267,1059,106897,5.291665122827819,0.1576270636601176
859,0.1314,1,10,1,34353,571257,1060,106896,5.291572492496943,0.1576281458608898
860,0.1315,0,6,0,34359,571251,1060,106896,5.291516914298418,0.15762954049785666
861,0.1317,9,143,9,34502,571108,1069,106887,5.290192300566898,0.1576516051003326
862,0.1318,0,4,0,34506,571104,1069,106887,5.290155248434547,0.1576525352106444
863,0.1319,0,5,0,34511,571099,1069,106887,5.29010893326911,0.15765369786396768
864,0.132,1,32,1,34543,571067,1070,106886,5.289812516210308,0.15765989677750522
865,0.1322,0,4,0,34547,571063,1070,106886,5.289775464077958,0.15766082699436093
866,0.1323,1,20,1,34567,571043,1071,106885,5.289590203416207,0.15766423573004804
867,0.1324,0,3,0,34570,571040,1071,106885,5.2895624143169435,0.1576649334365896
868,0.1325,9,174,9,34744,570866,1080,106876,5.287950646559709,0.1576942258263469
869,0.1326,0,5,0,34749,570861,1080,106876,5.287904331394272,0.15769538921440027
870,0.1327,0,24,0,34773,570837,1080,106876,5.2876820186001705,0.15770097371601252
871,0.1328,0,2,0,34775,570835,1080,106876,5.287663492533995,0.15770143910900075
872,0.1329,0,7,0,34782,570828,1080,106876,5.287598651302383,0.15770306800609116
873,0.133,1,17,1,34799,570811,1081,106875,5.287441179739894,0.15770578114347944
874,0.1331,0,4,0,34803,570807,1081,106875,5.287404127607544,0.15770671199766262
875,0.1332,0,8,0,34811,570799,1081,106875,5.287330023342843,0.15770857373899544
876,0.1333,22,356,22,35167,570443,1103,106853,5.284032383563674,0.15776410904538046
877,0.1334,0,1,0,35168,570442,1103,106853,5.284023120530587,0.15776434197801548
878,0.1335,1,14,1,35182,570428,1104,106852,5.283893438067361,0.15776635955587054
879,0.1336,0,2,0,35184,570426,1104,106852,5.283874912001186,0.1577668254394798
880,0.1337,0,8,0,35192,570418,1104,106852,5.283800807736485,0.15776868900143223
881,0.1338,1,7,1,35199,570411,1105,106851,5.283735966504873,0.1577690760739566
882,0.1339,0,3,0,35202,570408,1105,106851,5.28370817740561,0.15776977493100866
883,0.134,4,73,4,35275,570335,1109,106847,5.283031975990219,0.1577818075495214
884,0.1341,0,4,0,35279,570331,1109,106847,5.282994923857868,0.15778273954558478
885,0.1342,4,59,4,35338,570272,1113,106843,5.282448404905702,0.15779151252002982
886,0.1343,1,30,1,35368,570242,1114,106842,5.2821705139130755,0.15779726001500552
887,0.1344,0,3,0,35371,570239,1114,106842,5.282142724813813,0.15779795918065934
888,0.1345,0,10,0,35381,570229,1114,106842,5.282050094482938,0.1578002897775861
889,0.1346,0,2,0,35383,570227,1114,106842,5.2820315684167625,0.1578007559052327
890,0.1347,2,17,2,35400,570210,1116,106840,5.281874096854274,0.15780223026364376
891,0.1348,1,12,1,35412,570198,1117,106839,5.281762940457224,0.1578037832496599
892,0.1349,0,4,0,35416,570194,1117,106839,5.281725888324873,0.15780471557516398
893,0.135,32,693,32,36109,569501,1149,106807,5.275306606395198,0.15792656600247224
894,0.1351,0,2,0,36111,569499,1149,106807,5.275288080329023,0.1579270330294275
895,0.1352,1,11,1,36122,569488,1150,106806,5.27518618696506,0.15792835660230609
896,0.1353,0,23,0,36145,569465,1150,106806,5.2749731372040465,0.15793372775115302
897,0.1354,0,2,0,36147,569463,1150,106806,5.274954611137871,0.15793419482484042
898,0.1355,0,15,0,36162,569448,1150,106806,5.274815665641557,0.15793769796555732
899,0.1356,1,2,1,36164,569446,1151,106805,5.274797139575383,0.15793691987146785
900,0.1357,3,22,3,36186,569424,1154,106802,5.2745933528474565,0.15793832239517558
901,0.1358,2,52,2,36238,569372,1156,106800,5.274111675126903,0.1579479777334761
902,0.136,2,77,2,36315,569295,1158,106798,5.273398421579162,0.15796347543902983
903,0.1361,0,5,0,36320,569290,1158,106798,5.273352106413724,0.15796464365585544
904,0.1362,1,24,1,36344,569266,1159,106797,5.273129793619622,0.15796900584708823
905,0.1363,0,6,0,36350,569260,1159,106797,5.273074215421097,0.15797040782064234
906,0.1364,0,2,0,36352,569258,1159,106797,5.273055689354923,0.15797087515069042
907,0.1365,0,14,0,36366,569244,1159,106797,5.272926006891697,0.1579741465384496
908,0.1367,16,349,16,36715,568895,1175,106781,5.26969320834414,0.158035804142814
909,0.1368,0,13,0,36728,568882,1175,106781,5.269572788914002,0.15803884480872862
910,0.1369,1,8,1,36736,568874,1176,106780,5.269498684649301,0.15803946990619458
911,0.137,2,24,2,36760,568850,1178,106778,5.2692763718552005,0.1580425914852552
912,0.1371,0,6,0,36766,568844,1178,106778,5.269220793656675,0.158043995014964
913,0.1372,0,1,0,36767,568843,1178,106778,5.269211530623587,0.15804422893900574
914,0.1373,3,26,3,36793,568817,1181,106775,5.268970691763311,0.15804657248753687
915,0.1374,0,2,0,36795,568815,1181,106775,5.268952165697136,0.15804704036471826
916,0.1375,8,156,8,36951,568659,1189,106767,5.267507132535477,0.1580735713460838
917,0.1376,0,2,0,36953,568657,1189,106767,5.2674886064693025,0.1580740394182025
918,0.1377,0,14,0,36967,568643,1189,106767,5.267358924006077,0.15807731600065145
919,0.1378,0,4,0,36971,568639,1189,106767,5.267321871873726,0.15807825219201488
920,0.1379,1,4,1,36975,568635,1190,106766,5.267284819741376,0.1580779418449188
921,0.138,2,44,2,37019,568591,1192,106764,5.266877246285524,0.15808574749576149
922,0.1382,1,12,1,37031,568579,1193,106763,5.266766089888473,0.15808730983708996
923,0.1383,6,170,6,37201,568409,1199,106757,5.265191374263589,0.15811963280141475
924,0.1384,0,2,0,37203,568407,1199,106757,5.265172848197413,0.15812010119022935
925,0.1385,0,13,0,37216,568394,1199,106757,5.265052428767276,0.1581231457851651
926,0.1386,0,1,0,37217,568393,1199,106757,5.265043165734188,0.15812337998963194
927,0.1387,1,19,1,37236,568374,1200,106756,5.264867168105525,0.15812658302845378
928,0.1388,0,3,0,37239,568371,1200,106756,5.264839379006262,0.15812728568106446
929,0.1389,0,5,0,37244,568366,1200,106756,5.264793063840824,0.15812845678262596
930,0.139,1,37,1,37281,568329,1201,106755,5.264450331616585,0.1581358764242672
931,0.1392,0,46,0,37327,568283,1201,106755,5.264024232094557,0.15814665248474902
932,0.1393,0,31,0,37358,568252,1201,106755,5.263737078068843,0.1581539154408769
933,0.1395,1,10,1,37368,568242,1202,106754,5.263644447737967,0.1581550112889558
934,0.1396,0,1,0,37369,568241,1202,106754,5.26363518470488,0.1581552455944118
935,0.1397,1,6,1,37375,568235,1203,106753,5.2635796065063545,0.1581554042442236
936,0.1398,0,7,0,37382,568228,1203,106753,5.263514765274741,0.15815704442050962
937,0.1399,0,5,0,37387,568223,1203,106753,5.263468450109304,0.158158215995828
938,0.14,88,2259,88,39646,565964,1291,106665,5.242543258364519,0.1585792465088481
939,0.1401,1,10,1,39656,565954,1292,106664,5.242450628033644,0.15858035318709876
940,0.1402,0,4,0,39660,565950,1292,106664,5.242413575901293,0.15858129625609935
941,0.1403,1,11,1,39671,565939,1293,106663,5.24231168253733,0.1585826387670569
942,0.1404,1,7,1,39678,565932,1294,106662,5.242246841305717,0.1585830382072989
943,0.1405,0,7,0,39685,565925,1294,106662,5.242182000074104,0.15858468867224612
944,0.1407,1,23,1,39708,565902,1295,106661,5.24196895031309,0.15858886082047333
945,0.1408,4,48,4,39756,565854,1299,106657,5.241524324724888,0.15859517539490062
946,0.1409,0,1,0,39757,565853,1299,106657,5.241515061691801,0.158595411220651
947,0.141,1,44,1,39801,565809,1300,106656,5.241107488235948,0.1586045370391024
948,0.1411,0,4,0,39805,565805,1300,106656,5.241070436103597,0.1586054804665252
949,0.1412,3,19,3,39824,565786,1303,106653,5.2408944384749345,0.15860620814676127
950,0.1413,0,21,0,39845,565765,1303,106653,5.2406999147800954,0.1586111615096562
951,0.1414,1,9,1,39854,565756,1304,106652,5.240616547482308,0.15861203317033706
952,0.1415,1,14,1,39868,565742,1305,106651,5.240486865019082,0.15861408432271007
953,0.1416,0,3,0,39871,565739,1305,106651,5.240459075919819,0.1586147920105891
954,0.1417,9,171,9,40042,565568,1314,106642,5.238875097261848,0.15864387616964937
955,0.1418,1,14,1,40056,565554,1315,106641,5.238745414798622,0.1586459286367795
956,0.1419,0,1,0,40057,565553,1315,106641,5.238736151765534,0.158646164648896
957,0.142,4,57,4,40114,565496,1319,106637,5.2382081588795435,0.15865461151289997
958,0.1421,0,3,0,40117,565493,1319,106637,5.238180369780281,0.15865531965542382
959,0.1422,0,3,0,40120,565490,1319,106637,5.238152580681018,0.15865602780426913
960,0.1423,1,18,1,40138,565472,1320,106636,5.237985846085442,0.15865902503764276
961,0.1425,6,191,6,40329,565281,1326,106630,5.236216606765719,0.1586966130931031
962,0.1426,0,5,0,40334,565276,1326,106630,5.236170291600281,0.15869779403666584
963,0.1427,1,28,1,40362,565248,1327,106629,5.23591092667383,0.15870315548828134
964,0.1428,0,2,0,40364,565246,1327,106629,5.235892400607655,0.15870362790697676
965,0.1429,1,8,1,40372,565238,1328,106628,5.235818296342955,0.15870426543388116
966,0.143,1,19,1,40391,565219,1329,106627,5.235642298714291,0.1587075014214567
967,0.1431,0,5,0,40396,565214,1329,106627,5.235595983548853,0.15870868256030818
968,0.1432,1,7,1,40403,565207,1330,106626,5.235531142317241,0.15870908395389927
969,0.1433,15,367,15,40770,564840,1345,106611,5.232131609174108,0.15877703659686263
970,0.1434,0,1,0,40771,564839,1345,106611,5.23212234614102,0.15877727306575323
971,0.1435,0,13,0,40784,564826,1345,106611,5.232001926710883,0.15878034722542844
972,0.1437,0,17,0,40801,564809,1345,106611,5.231844455148393,0.15878436746001012
973,0.1438,1,8,1,40809,564801,1346,106610,5.231770350883694,0.15878500650123398
974,0.1439,1,6,1,40815,564795,1347,106609,5.231714772685168,0.1587851725637619
975,0.144,5,67,5,40882,564728,1352,106604,5.231094149468302,0.15879475430934323
976,0.1442,5,57,5,40939,564671,1357,106599,5.230566156582311,0.1588019723807112
977,0.1443,1,21,1,40960,564650,1358,106598,5.230371632887473,0.15880568731675923
978,0.1444,0,4,0,40964,564646,1358,106598,5.230334580755122,0.1588066336533362
979,0.1445,0,15,0,40979,564631,1358,106598,5.230195635258809,0.15881018251595208
980,0.1446,0,4,0,40983,564627,1358,106598,5.2301585831264585,0.15881112890610452
981,0.1447,0,16,0,40999,564611,1358,106598,5.230010374597058,0.1588149145795125
982,0.1448,1,5,1,41004,564606,1359,106597,5.22996405943162,0.15881484439133914
983,0.145,40,784,40,41788,563822,1399,106557,5.222701841490978,0.15895038478233955
984,0.1451,0,4,0,41792,563818,1399,106557,5.222664789358627,0.1589513332090248
985,0.1452,0,3,0,41795,563815,1399,106557,5.222637000259365,0.15895204453646633
986,0.1453,1,15,1,41810,563800,1400,106556,5.222498054763052,0.1589543466456629
987,0.1454,0,3,0,41813,563797,1400,106556,5.222470265663789,0.15895505800675166
988,0.1455,0,14,0,41827,563783,1400,106556,5.222340583200563,0.1589583777760208
989,0.1456,0,2,0,41829,563781,1400,106556,5.222322057134388,0.15895885204009327
990,0.1457,1,24,1,41853,563757,1401,106555,5.222099744340286,0.15896328873718507
991,0.1458,3,61,3,41914,563696,1404,106552,5.221534699321946,0.15897399171649898
992,0.1459,0,2,0,41916,563694,1404,106552,5.221516173255771,0.15897446609155444
993,0.146,2,76,2,41992,563618,1406,106550,5.220812182741117,0.1589899846008762
994,0.1461,1,7,1,41999,563611,1407,106549,5.220747341509504,0.1589903903545422
995,0.1462,1,15,1,42014,563596,1408,106548,5.220608396013191,0.1589926941075351
996,0.1463,0,12,0,42026,563584,1408,106548,5.22049723961614,0.15899554117696216
997,0.1464,0,7,0,42033,563577,1408,106548,5.220432398384527,0.15899720201454953
998,0.1465,2,17,2,42050,563560,1410,106546,5.2202749268220385,0.1589987255747598
999,0.1466,0,1,0,42051,563559,1410,106546,5.220265663788951,0.15899896284910572
1000,0.1467,16,392,16,42443,563167,1426,106530,5.21663455481863,0.15907193850353218
1001,0.1468,0,9,0,42452,563158,1426,106530,5.2165511875208415,0.15907407628627063
1002,0.1469,0,3,0,42455,563155,1426,106530,5.216523398421579,0.15907478889328566
1003,0.147,1,23,1,42478,563132,1427,106529,5.216310348660565,0.15907899668638312
1004,0.1471,0,8,0,42486,563124,1427,106529,5.216236244395865,0.15908089712134493
1005,0.1472,0,2,0,42488,563122,1427,106529,5.21621771832969,0.15908137223718027
1006,0.1473,0,18,0,42506,563104,1427,106529,5.216050983734114,0.1590856484074112
1007,0.1474,0,3,0,42509,563101,1427,106529,5.216023194634851,0.15908636112480026
1008,0.1475,5,191,5,42700,562910,1432,106524,5.214253955315129,0.15912547017331058
1009,0.1476,0,10,0,42710,562900,1432,106524,5.214161324984253,0.159127847223882
1010,0.1477,1,15,1,42725,562885,1433,106523,5.21402237948794,0.1591301567952579
1011,0.1478,0,11,0,42736,562874,1433,106523,5.2139204861239765,0.159132771733366
1012,0.1479,0,4,0,42740,562870,1433,106523,5.213883433991626,0.15913372264125858
1013,0.148,2,54,2,42794,562816,1435,106521,5.213383230204898,0.15914404851367847
1014,0.1481,0,4,0,42798,562812,1435,106521,5.213346178072548,0.15914499957420297
1015,0.1482,1,11,1,42809,562801,1436,106520,5.213244284708585,0.1591463587725471
1016,0.1483,4,189,4,42998,562612,1440,106516,5.211493571455037,0.15918628423859113
1017,0.1485,0,10,0,43008,562602,1440,106516,5.211400941124162,0.15918866328510067
1018,0.1486,0,6,0,43014,562596,1440,106516,5.211345362925637,0.1591900907471395
1019,0.1487,1,21,1,43035,562575,1441,106515,5.211150839230798,0.15919383042640003
1020,0.1488,1,15,1,43050,562560,1442,106514,5.211011893734485,0.159196142728607
1021,0.1489,0,5,0,43055,562555,1442,106514,5.210965578569047,0.15919733241265102
1022,0.149,3,47,3,43102,562508,1445,106511,5.2105302160139315,0.15920474605355006
1023,0.1491,0,3,0,43105,562505,1445,106511,5.210502426914669,0.15920545995910412
1024,0.1492,0,50,0,43155,562455,1445,106511,5.210039275260291,0.15921735932767883
1025,0.1493,2,19,2,43174,562436,1447,106509,5.209863277631627,0.15921936781050758
1026,0.1494,0,2,0,43176,562434,1447,106509,5.209844751565453,0.1592198438431974
1027,0.1495,0,12,0,43188,562422,1447,106509,5.209733595168402,0.15922270009911335
1028,0.1496,0,1,0,43189,562421,1447,106509,5.209724332135314,0.1592229381250654
1029,0.1497,0,8,0,43197,562413,1447,106509,5.209650227870614,0.15922484235830187
1030,0.1498,2,11,2,43208,562402,1449,106507,5.209548334506651,0.15922494689113167
1031,0.15,79,2369,79,45577,560033,1528,106428,5.187604209122235,0.15969126475517698
1032,0.1501,1,3,1,45580,560030,1529,106427,5.187576420022972,0.1596907227322993
1033,0.1502,0,4,0,45584,560026,1529,106427,5.187539367890622,0.1596916811838194
1034,0.1503,2,11,2,45595,560015,1531,106425,5.187437474526659,0.15969179521037152
1035,0.1504,0,6,0,45601,560009,1531,106425,5.187381896328134,0.15969323293829546
1036,0.1505,0,6,0,45607,560003,1531,106425,5.1873263181296085,0.15969467069210777
1037,0.1506,0,1,0,45608,560002,1531,106425,5.18731705509652,0.15969491032026015
1038,0.1507,0,37,0,45645,559965,1531,106425,5.186974322872281,0.159703777067483
1039,0.1508,1,54,1,45699,559911,1532,106424,5.1864741190855534,0.1597154584405742
1040,0.1509,0,5,0,45704,559906,1532,106424,5.1864278039201155,0.15971665691174042
1041,0.151,0,35,0,45739,559871,1532,106424,5.1861035977620515,0.1597250467135428
1042,0.1511,0,2,0,45741,559869,1532,106424,5.186085071695876,0.15972552615741123
1043,0.1512,0,19,0,45760,559850,1532,106424,5.1859090740672125,0.15973008101771943
1044,0.1513,1,17,1,45777,559833,1533,106423,5.185751602504724,0.15973289546360558
1045,0.1514,3,13,3,45790,559820,1536,106420,5.185631183074586,0.15973222862632083
1046,0.1515,0,19,0,45809,559801,1536,106420,5.185455185445923,0.15973678404013084
1047,0.1516,0,1,0,45810,559800,1536,106420,5.185445922412835,0.15973702380594998
1048,0.1517,15,223,15,46033,559577,1551,106405,5.183380266034311,0.1597715854182245
1049,0.1518,0,8,0,46041,559569,1551,106405,5.18330616176961,0.15977350467135354
1050,0.1519,0,2,0,46043,559567,1551,106405,5.183287635703435,0.1597739844918405
1051,0.152,1,54,1,46097,559513,1552,106404,5.182787431916707,0.15978567899603105
1052,0.1521,0,9,0,46106,559504,1552,106404,5.182704064618918,0.15978783856028161
1053,0.1522,1,8,1,46114,559496,1553,106403,5.182629960354219,0.15978849645366638
1054,0.1523,1,17,1,46131,559479,1554,106402,5.18247248879173,0.15979131406362398
1055,0.1524,0,3,0,46134,559476,1554,106402,5.182444699692467,0.15979203397619385
1056,0.1525,7,206,7,46340,559270,1561,106395,5.180536514876431,0.15983264855445306
1057,0.1526,0,2,0,46342,559268,1561,106395,5.180517988810256,0.1598331287753713
1058,0.1527,3,27,3,46369,559241,1564,106392,5.180267886916892,0.15983582544735614
1059,0.1528,0,6,0,46375,559235,1564,106392,5.1802123087183665,0.15983726621666489
1060,0.1529,0,13,0,46388,559222,1564,106392,5.180091889288229,0.15984038797260874
1061,0.153,3,22,3,46410,559200,1567,106389,5.1798881025603025,0.15984188440614253
1062,0.1531,1,5,1,46415,559195,1568,106388,5.179841787394865,0.15984182288309648
1063,0.1532,0,15,0,46430,559180,1568,106388,5.179702841898552,0.15984542526082984
1064,0.1533,18,422,18,46852,558758,1586,106370,5.1757938419356035,0.15992410483395678
1065,0.1534,0,4,0,46856,558754,1586,106370,5.175756789803253,0.15992506660412195
1066,0.1535,1,26,1,46882,558728,1587,106369,5.175515950942977,0.15993005531523974
1067,0.1536,1,6,1,46888,558722,1588,106368,5.1754603727444515,0.15993023500578868
1068,0.1537,0,16,0,46904,558706,1588,106368,5.17531216421505,0.1599340825231478
1069,0.1538,0,7,0,46911,558699,1588,106368,5.175247322983438,0.15993576587020555
1070,0.1539,1,8,1,46919,558691,1589,106367,5.175173218718737,0.15993642659737947
1071,0.154,5,98,5,47017,558593,1594,106362,5.174265441476157,0.15995368107616306
1072,0.1541,0,2,0,47019,558591,1594,106362,5.174246915409982,0.15995416217386793
1073,0.1542,4,59,4,47078,558532,1598,106358,5.173700396457816,0.15996330220036398
1074,0.1543,1,27,1,47105,558505,1599,106357,5.173450294564452,0.15996853482376794
1075,0.1544,0,2,0,47107,558503,1599,106357,5.173431768498277,0.15996901603345065
1076,0.1545,1,20,1,47127,558483,1600,106356,5.173246507836526,0.15997256478636182
1077,0.1546,0,4,0,47131,558479,1600,106356,5.173209455704176,0.1599735272661638
1078,0.1547,0,18,0,47149,558461,1600,106356,5.1730427211086,0.15997785856859859
1079,0.1548,0,9,0,47158,558452,1600,106356,5.172959353810811,0.15998002430777006
1080,0.1549,0,1,0,47159,558451,1600,106356,5.172950090777724,0.15998026494907544
1081,0.155,40,856,40,48015,557595,1640,106316,5.165020934454778,0.16013592183289627
1082,0.1551,0,1,0,48016,557594,1640,106316,5.1650116714216905,0.16013616303414618
1083,0.1552,0,7,0,48023,557587,1640,106316,5.164946830190077,0.16013785146324086
1084,0.1553,1,17,1,48040,557570,1641,106315,5.164789358627589,0.16014068701657666
1085,0.1554,0,7,0,48047,557563,1641,106315,5.164724517395976,0.16014237555695474
1086,0.1555,1,9,1,48056,557554,1642,106314,5.164641150098189,0.16014328149571902
1087,0.1556,0,5,0,48061,557549,1642,106314,5.164594834932751,0.16014448764278172
1088,0.1557,2,20,2,48081,557529,1644,106312,5.164409574271,0.1601467821360838
1089,0.1558,2,80,2,48161,557449,1646,106310,5.163668531623995,0.16016355333788318
1090,0.156,2,80,2,48241,557369,1648,106308,5.16292748897699,0.16018032868398333
1091,0.1561,1,1,1,48242,557368,1649,106307,5.162918225943903,0.16017930462952498
1092,0.1562,1,13,1,48255,557355,1650,106306,5.1627978065137645,0.16018117683576405
1093,0.1563,1,14,1,48269,557341,1651,106305,5.162668124050539,0.1601832904892066
1094,0.1564,1,9,1,48278,557332,1652,106304,5.162584756752751,0.16018419736120404
1095,0.1565,2,13,2,48291,557319,1654,106302,5.162464337322613,0.1601848042783456
1096,0.1566,0,3,0,48294,557316,1654,106302,5.16243654822335,0.16018552842147138
1097,0.1567,22,393,22,48687,556923,1676,106280,5.1587961762199415,0.16025259234352077
1098,0.1568,0,7,0,48694,556916,1676,106280,5.158731334988328,0.16025428380147044
1099,0.157,0,32,0,48726,556884,1676,106280,5.158434917929527,0.1602620166354024
1100,0.1571,1,17,1,48743,556867,1677,106279,5.158277446367038,0.16026485871889448
1101,0.1572,0,2,0,48745,556865,1677,106279,5.158258920300863,0.16026534206748458
1102,0.1573,3,27,3,48772,556838,1680,106276,5.1580088184075,0.16026806853723494
1103,0.1574,0,3,0,48775,556835,1680,106276,5.157981029308237,0.1602687936107228
1104,0.1575,15,212,15,48987,556623,1695,106261,5.156017266293675,0.16030104814718715
1105,0.1577,2,25,2,49012,556598,1697,106259,5.1557856904664865,0.16030456041046562
1106,0.1578,0,6,0,49018,556592,1697,106259,5.155730112267961,0.1603060114565717
1107,0.1579,2,11,2,49029,556581,1699,106257,5.155628218903998,0.16030613815140352
1108,0.158,3,50,3,49079,556531,1702,106254,5.15516506724962,0.16031443077317684
1109,0.1581,0,4,0,49083,556527,1702,106254,5.15512801511727,0.16031539829898564
1110,0.1582,1,17,1,49100,556510,1703,106253,5.154970543554781,0.16031824347466592
1111,0.1583,3,208,3,49308,556302,1706,106250,5.15304383267257,0.16036477136888877
1112,0.1584,0,5,0,49313,556297,1706,106250,5.152997517507132,0.16036598158319335
1113,0.1585,1,9,1,49322,556288,1707,106249,5.1529141502093445,0.16036689271693505
1114,0.1586,1,6,1,49328,556282,1708,106248,5.152858572010819,0.16036707771723543
1115,0.1587,1,17,1,49345,556265,1709,106247,5.152701100448331,0.1603699253749366
1116,0.1588,1,10,1,49355,556255,1710,106246,5.152608470117455,0.16037107868516426
1117,0.1589,1,6,1,49361,556249,1711,106245,5.15255289191893,0.16037126373974708
1118,0.159,4,50,4,49411,556199,1715,106241,5.152089740264552,0.16037829841193166
1119,0.1591,0,7,0,49418,556192,1715,106241,5.15202489903294,0.1603799931464767
1120,0.1592,2,48,2,49466,556144,1717,106239,5.151580273444737,0.1603890800337569
1121,0.1593,0,35,0,49501,556109,1717,106239,5.151256067286672,0.1603975553636457
1122,0.1594,0,5,0,49506,556104,1717,106239,5.151209752121234,0.16039876619817828
1123,0.1595,0,4,0,49510,556100,1717,106239,5.1511726999888845,0.1603997348789668
1124,0.1596,1,5,1,49515,556095,1718,106238,5.1511263848234465,0.16039967810753805
1125,0.1597,0,12,0,49527,556083,1718,106238,5.151015228426396,0.16040258424540366
1126,0.1598,0,11,0,49538,556072,1718,106238,5.150913335062433,0.16040524829762498
1127,0.1599,0,3,0,49541,556069,1718,106238,5.15088554596317,0.16040597487267988
1128,0.16,97,2563,97,52104,553506,1815,106141,5.127144392159769,0.16090575717012282
1129,0.1601,0,4,0,52108,553502,1815,106141,5.127107340027418,0.16090673288430257
1130,0.1602,1,12,1,52120,553490,1816,106140,5.126996183630368,0.160908388035717
1131,0.1603,1,14,1,52134,553476,1817,106139,5.126866501167142,0.16091053114316684
1132,0.1604,1,8,1,52142,553468,1818,106138,5.126792396902442,0.16091121063180142
1133,0.1605,1,9,1,52151,553459,1819,106137,5.126709029604654,0.16091213409420313
1134,0.1607,3,34,3,52185,553425,1822,106134,5.126394086479677,0.1609166124637826
1135,0.1608,2,61,2,52246,553364,1824,106132,5.125829041461336,0.16092895180562125
1136,0.1609,0,2,0,52248,553362,1824,106132,5.125810515395161,0.1609294398432738
1137,0.161,1,40,1,52288,553322,1825,106131,5.125439994071659,0.1609379288592212
1138,0.1611,0,10,0,52298,553312,1825,106131,5.125347363740783,0.1609403693723339
1139,0.1612,1,12,1,52310,553300,1826,106130,5.1252362073437325,0.1609420256888525
1140,0.1613,0,9,0,52319,553291,1826,106130,5.125152840045945,0.16094422227984853
1141,0.1614,1,6,1,52325,553285,1827,106129,5.1250972618474195,0.1609444142829846
1142,0.1615,1,17,1,52342,553268,1828,106128,5.124939790284931,0.1609472911573622
1143,0.1617,13,186,13,52528,553082,1841,106115,5.123216866130646,0.16097615735508505
1144,0.1618,0,4,0,52532,553078,1841,106115,5.123179813998296,0.16097713416252904
1145,0.162,8,49,8,52581,553029,1849,106107,5.122725925377005,0.16097891785610252
1146,0.1621,0,3,0,52584,553026,1849,106107,5.122698136277743,0.16097965054093788
1147,0.1622,1,20,1,52604,553006,1850,106106,5.122512875615992,0.16098326232870894
1148,0.1623,0,18,0,52622,552988,1850,106106,5.122346141020416,0.1609876588164966
1149,0.1625,9,194,9,52816,552794,1859,106097,5.12054911260143,0.16102359874395006
1150,0.1626,0,2,0,52818,552792,1859,106097,5.1205305865352555,0.16102408751701727
1151,0.1627,0,19,0,52837,552773,1859,106097,5.120354588906592,0.16102873100915202
1152,0.1628,0,7,0,52844,552766,1859,106097,5.1202897476749785,0.16103044183692208
1153,0.1629,0,11,0,52855,552755,1859,106097,5.120187854311015,0.1610331303540097
1154,0.163,1,25,1,52880,552730,1860,106096,5.119956278483826,0.16103796753619318
1155,0.1631,0,4,0,52884,552726,1860,106096,5.119919226351477,0.16103894526898008
1156,0.1632,3,20,3,52904,552706,1863,106093,5.119733965689726,0.16104001372193946
1157,0.1633,24,475,24,53379,552231,1887,106069,5.115334024973137,0.16112562661400578
1158,0.1634,0,3,0,53382,552228,1887,106069,5.115306235873875,0.1611263608978926
1159,0.1635,0,14,0,53396,552214,1887,106069,5.115176553410649,0.1611297876445237
1160,0.1636,0,1,0,53397,552213,1887,106069,5.115167290377562,0.16113003241771764
1161,0.1637,2,21,2,53418,552192,1889,106067,5.1149727666827225,0.16113262408869458
1162,0.1638,0,6,0,53424,552186,1889,106067,5.114917188484197,0.16113409281841481
1163,0.1639,0,1,0,53425,552185,1889,106067,5.11490792545111,0.16113433760930465
1164,0.164,3,90,3,53515,552095,1892,106064,5.114074252473229,0.16115254824442118
1165,0.1641,2,2,2,53517,552093,1894,106062,5.114055726407055,0.16115048886660438
1166,0.1642,1,79,1,53596,552014,1895,106061,5.1133239467931375,0.16116855981461078
1167,0.1643,1,30,1,53626,551984,1896,106060,5.1130460558005115,0.1611746326993332
1168,0.1644,3,6,3,53632,551978,1899,106057,5.112990477601986,0.16117227807031542
1169,0.1645,1,21,1,53653,551957,1900,106056,5.112795953907147,0.16117614697581964
1170,0.1646,0,7,0,53660,551950,1900,106056,5.112731112675535,0.1611778616000462
1171,0.1647,1,14,1,53674,551936,1901,106055,5.112601430212309,0.16118001614003838
1172,0.1648,1,10,1,53684,551926,1902,106054,5.112508799881433,0.16118119091765706
1173,0.1649,0,5,0,53689,551921,1902,106054,5.112462484715995,0.16118241574527908
1174,0.165,43,873,43,54562,551048,1945,106011,5.10437585683056,0.16134167555729395
1175,0.1652,0,5,0,54567,551043,1945,106011,5.104329541665122,0.16134290332301454
1176,0.1653,5,12,5,54579,551031,1950,106006,5.104218385268072,0.16133946794472762
1177,0.1654,1,5,1,54584,551026,1951,106005,5.104172070102634,0.1613394192968064
1178,0.1655,0,16,0,54600,551010,1951,106005,5.104023861573234,0.1613433483253807
1179,0.1657,3,33,3,54633,550977,1954,106002,5.103718181481344,0.16134762298338304
1180,0.1658,2,57,2,54690,550920,1956,106000,5.103190188595353,0.16135906959751567
1181,0.1659,0,2,0,54692,550918,1956,106000,5.103171662529179,0.16135956085843287
1182,0.166,8,72,8,54764,550846,1964,105992,5.102504724146875,0.1613670341849893
1183,0.1661,1,4,1,54768,550842,1965,105991,5.102467672014525,0.16136674009984273
1184,0.1662,1,18,1,54786,550824,1966,105990,5.102300937418948,0.1613698855383716
1185,0.1663,0,19,0,54805,550805,1966,105990,5.102124939790285,0.16137455370397155
1186,0.1664,0,6,0,54811,550799,1966,105990,5.102069361591759,0.16137602791764175
1187,0.1665,0,25,0,54836,550774,1966,105990,5.1018377857645705,0.16138217076453643
1188,0.1666,0,3,0,54839,550771,1966,105990,5.101809996665308,0.1613829079375907
1189,0.1667,22,450,22,55289,550321,1988,105968,5.097641631775908,0.16146545195790268
1190,0.1668,0,11,0,55300,550310,1988,105968,5.097539738411945,0.16146815831095968
1191,0.1669,1,5,1,55305,550305,1989,105967,5.097493423246508,0.16146811078333373
1192,0.167,1,31,1,55336,550274,1990,105966,5.097206269220794,0.16147446056320858
1193,0.1671,1,13,1,55349,550261,1991,105965,5.0970858497906555,0.1614763816124323
1194,0.1672,0,3,0,55352,550258,1991,105965,5.097058060691393,0.1614771198205488
1195,0.1673,2,28,2,55380,550230,1993,105963,5.096798695764941,0.16148145438918124
1196,0.1674,0,2,0,55382,550228,1993,105963,5.096780169698766,0.16148194656738663
1197,0.1675,10,221,10,55603,550007,2003,105953,5.0947330393864165,0.16152356851027502
1198,0.1676,0,10,0,55613,549997,2003,105953,5.0946404090555415,0.16152603094748075
1199,0.1677,1,19,1,55632,549978,2004,105952,5.094464411426878,0.1615294314942143
1200,0.1678,0,10,0,55642,549968,2004,105952,5.094371781096002,0.16153189413343091
1201,0.1679,0,8,0,55650,549960,2004,105952,5.094297676831301,0.16153386429886937
1202,0.168,2,59,2,55709,549901,2006,105950,5.093751157879136,0.16154583891768098
1203,0.1681,1,3,1,55712,549898,2007,105949,5.093723368779873,0.1615452994372163
1204,0.1682,1,10,1,55722,549888,2008,105948,5.093630738448998,0.1615464841820211
1205,0.1683,14,236,14,55958,549652,2022,105934,5.091444662640335,0.16158673309070054
1206,0.1684,0,4,0,55962,549648,2022,105934,5.091407610507985,0.16158771900387747
1207,0.1685,2,11,2,55973,549637,2024,105932,5.091305717144022,0.16158787251990256
1208,0.1686,0,8,0,55981,549629,2024,105932,5.091231612879321,0.16158984442332597
1209,0.1687,4,14,4,55995,549615,2028,105928,5.091101930416095,0.1615881795702189
1210,0.1688,2,13,2,56008,549602,2030,105926,5.090981510985957,0.1615888261065889
1211,0.1689,0,6,0,56014,549596,2030,105926,5.090925932787432,0.1615903051308728
1212,0.169,3,42,3,56056,549554,2033,105923,5.090536885397754,0.16159682185644958
1213,0.1691,0,7,0,56063,549547,2033,105923,5.090472044166142,0.16159854760706058
1214,0.1692,7,65,7,56128,549482,2040,105916,5.089869947015451,0.1616056197913329
1215,0.1693,3,29,3,56157,549453,2043,105913,5.0896013190559115,0.16160893302368448
1216,0.1694,0,1,0,56158,549452,2043,105913,5.089592056022824,0.16160917961746507
1217,0.1695,1,12,1,56170,549440,2044,105912,5.089480899625774,0.16161085950756235
1218,0.1696,0,7,0,56177,549433,2044,105912,5.089416058394161,0.1616125857372834
1219,0.1697,0,12,0,56189,549421,2044,105912,5.08930490199711,0.16161554507403106
1220,0.1698,0,11,0,56200,549410,2044,105912,5.089203008633147,0.16161825789459228
1221,0.1699,1,4,1,56204,549406,2045,105911,5.089165956500796,0.16161796504592435
1222,0.17,124,2820,124,59024,546586,2169,105787,5.063044203193893,0.1621572321356034
1223,0.1701,0,3,0,59027,546583,2169,105787,5.063016414094631,0.16215797783466437
1224,0.1702,0,12,0,59039,546571,2169,105787,5.06290525769758,0.16216096069949323
1225,0.1703,0,19,0,59058,546552,2169,105787,5.062729260068917,0.16216568379324248
1226,0.1704,0,8,0,59066,546544,2169,105787,5.062655155804216,0.16216767254660594
1227,0.1705,0,17,0,59083,546527,2169,105787,5.062497684241728,0.16217189880946906
1228,0.1706,0,5,0,59088,546522,2169,105787,5.062451369076291,0.1621731418698807
1229,0.1707,2,32,2,59120,546490,2171,105785,5.062154952017488,0.1621785289946725
1230,0.1708,4,75,4,59195,546415,2175,105781,5.061460224535922,0.16219204042956412
1231,0.1709,0,1,0,59196,546414,2175,105781,5.0614509615028345,0.16219228911598524
1232,0.171,0,55,0,59251,546359,2175,105781,5.060941494683019,0.1622059680436716
1233,0.1711,1,7,1,59258,546352,2176,105780,5.060876653451406,0.16220642446621236
1234,0.1712,0,10,0,59268,546342,2176,105780,5.06078402312053,0.16220891182938163
1235,0.1713,0,19,0,59287,546323,2176,105780,5.0606080254918675,0.16221363802957509
1236,0.1714,1,14,1,59301,546309,2177,105779,5.060478343028641,0.16221583589944916
1237,0.1715,0,19,0,59320,546290,2177,105779,5.060302345399978,0.16222056254782852
1238,0.1716,0,2,0,59322,546288,2177,105779,5.060283819333803,0.16222106010578669
1239,0.1717,7,255,7,59577,546033,2184,105772,5.0579217458964765,0.16227552718988042
1240,0.1718,1,15,1,59592,546018,2185,105771,5.057782800400163,0.1622779764617077
1241,0.1719,0,4,0,59596,546014,2185,105771,5.057745748267813,0.16227897236051766
1242,0.172,4,74,4,59670,545940,2189,105767,5.057060283819334,0.1622922571032688
1243,0.1721,0,13,0,59683,545927,2189,105767,5.056939864389196,0.16229549451122766
1244,0.1722,2,4,2,59687,545923,2191,105765,5.056902812256846,0.1622939197898381
1245,0.1723,3,12,3,59699,545911,2194,105762,5.0567916558597945,0.16229305188338322
1246,0.1724,0,3,0,59702,545908,2194,105762,5.056763866760532,0.16229379900870072
1247,0.1725,7,255,7,59957,545653,2201,105755,5.054401793323206,0.1623483285437084
1248,0.1726,0,3,0,59960,545650,2201,105755,5.054374004223943,0.16234907622753894
1249,0.1727,1,22,1,59982,545628,2202,105754,5.054170217496017,0.1623532735015705
1250,0.1728,1,6,1,59988,545622,2203,105753,5.054114639297492,0.16235348301669544
1251,0.1729,1,11,1,59999,545611,2204,105752,5.0540127459335284,0.16235493879756757
1252,0.173,2,26,2,60025,545585,2206,105750,5.053771907073252,0.16235884759762642
1253,0.1731,1,3,1,60028,545582,2207,105749,5.05374411797399,0.1623583093695832
1254,0.1732,1,8,1,60036,545574,2208,105748,5.053670013709289,0.1623590175059341
1255,0.1733,20,495,20,60531,545079,2228,105728,5.04908481233095,0.1624567652161086
1256,0.1734,0,1,0,60532,545078,2228,105728,5.0490755492978625,0.16245701484005987
1257,0.1735,2,15,2,60547,545063,2230,105726,5.048936603801549,0.1624581853719101
1258,0.1736,0,5,0,60552,545058,2230,105726,5.048890288636111,0.1624594335447706
1259,0.1737,2,24,2,60576,545034,2232,105724,5.04866797584201,0.1624628510137409
1260,0.1738,0,14,0,60590,545020,2232,105724,5.048538293378784,0.1624663462129501
1261,0.1739,0,7,0,60597,545013,2232,105724,5.048473452147171,0.16246809386895167
1262,0.174,6,100,6,60697,544913,2238,105718,5.047547148838416,0.16248534115343413
1263,0.1741,0,2,0,60699,544911,2238,105718,5.047528622772241,0.1624858406249952
1264,0.1742,7,58,7,60757,544853,2245,105711,5.046991366853162,0.16249131522801755
1265,0.1743,2,42,2,60799,544811,2247,105709,5.046602319463485,0.16249923138412348
1266,0.1744,0,6,0,60805,544805,2247,105709,5.04654674126496,0.16250073019181754
1267,0.1745,0,16,0,60821,544789,2247,105709,5.046398532735559,0.16250472714750852
1268,0.1746,0,2,0,60823,544787,2247,105709,5.046380006669384,0.16250522678079496
1269,0.1747,3,22,3,60845,544765,2250,105706,5.046176219941458,0.16250686041345425
1270,0.1748,0,6,0,60851,544759,2250,105706,5.046120641742933,0.16250835940442607
1271,0.1749,0,5,0,60856,544754,2250,105706,5.046074326577495,0.1625096085846939
1272,0.175,38,936,38,61792,543818,2288,105668,5.037404127607544,0.1626948078942425
1273,0.1751,0,7,0,61799,543811,2288,105668,5.037339286375931,0.16269656139767413
1274,0.1752,0,9,0,61808,543802,2288,105668,5.0372559190781425,0.16269881595762697
1275,0.1753,1,24,1,61832,543778,2289,105667,5.037033606284042,0.16270353917575775
1276,0.1754,1,7,1,61839,543771,2290,105666,5.036968765052428,0.1627040036215984
1277,0.1755,0,15,0,61854,543756,2290,105666,5.036829819556115,0.16270776167114756
1278,0.1756,0,5,0,61859,543751,2290,105666,5.0367835043906775,0.16270901439290933
1279,0.1757,5,37,5,61896,543714,2295,105661,5.036440772166438,0.16271183830606353
1280,0.1758,7,81,7,61977,543633,2302,105654,5.035690466486346,0.1627231101192539
1281,0.1759,0,4,0,61981,543629,2302,105654,5.035653414353996,0.16272411259805047
1282,0.176,5,91,5,62072,543538,2307,105649,5.0348104783430285,0.16274047385422075
1283,0.1761,1,9,1,62081,543529,2308,105648,5.034727111045241,0.1627414403159693
1284,0.1762,1,16,1,62097,543513,2309,105647,5.03457890251584,0.16274416168587097
1285,0.1763,0,14,0,62111,543499,2309,105647,5.034449220052614,0.16274767155616765
1286,0.1764,0,7,0,62118,543492,2309,105647,5.034384378821001,0.16274942654808908
1287,0.1765,0,20,0,62138,543472,2309,105647,5.0341991181592505,0.1627544410192892
1288,0.1766,0,6,0,62144,543466,2309,105647,5.034143539960724,0.16275594542090513
1289,0.1767,15,500,15,62644,542966,2324,105632,5.029512023416948,0.16286205014508215
1290,0.1768,1,11,1,62655,542955,2325,105631,5.029410130052985,0.16286352156845815
1291,0.1769,0,1,0,62656,542954,2325,105631,5.029400867019897,0.16286377267436034
1292,0.177,0,37,0,62693,542917,2325,105631,5.029058134795657,0.1628730641371186
1293,0.1771,1,12,1,62705,542905,2326,105630,5.028946978398607,0.1628747870199758
1294,0.1772,0,5,0,62710,542900,2326,105630,5.028900663233169,0.16287604274281836
1295,0.1773,0,34,0,62744,542866,2326,105630,5.028585720108192,0.16288458217167107
1296,0.1774,0,6,0,62750,542860,2326,105630,5.028530141909667,0.1628860892226557
1297,0.1775,6,239,6,62989,542621,2332,105624,5.026316277001741,0.16293839520551642
1298,0.1776,1,8,1,62997,542613,2333,105623,5.026242172737041,0.16293911476684417
1299,0.1777,0,18,0,63015,542595,2333,105623,5.026075438141465,0.16294363933121264
1300,0.1778,1,14,1,63029,542581,2334,105622,5.025945755678239,0.16294586726689014
1301,0.1779,1,9,1,63038,542572,2335,105621,5.025862388380451,0.16294683836449947
1302,0.178,3,57,3,63095,542515,2338,105618,5.025334395494461,0.16295729425904867
1303,0.1781,0,7,0,63102,542508,2338,105618,5.025269554262848,0.16295905425796836
1304,0.1782,0,10,0,63112,542498,2338,105618,5.025176923931972,0.16296156860808866
1305,0.1783,9,250,9,63362,542248,2347,105609,5.022861165660084,0.16301282536115222
1306,0.1784,0,1,0,63363,542247,2347,105609,5.022851902626996,0.16301307698006964
1307,0.1785,0,17,0,63380,542230,2347,105609,5.022694431064508,0.16301735462051528
1308,0.1786,1,4,1,63384,542226,2348,105608,5.022657378932157,0.16301706918747705
1309,0.1787,1,18,1,63402,542208,2349,105607,5.022490644336582,0.1630203067233701
1310,0.1788,1,18,1,63420,542190,2350,105606,5.022323909741005,0.16302354444917844
1311,0.1789,0,5,0,63425,542185,2350,105606,5.022277594575568,0.1630248027527397
1312,0.179,5,54,5,63479,542131,2355,105601,5.02177739078884,0.16303193295992788
1313,0.1792,4,67,4,63546,542064,2359,105597,5.0211567675719735,0.16304362930607216
1314,0.1793,5,24,5,63570,542040,2364,105592,5.020934454777873,0.16304320972404082
1315,0.1794,0,3,0,63573,542037,2364,105592,5.02090666567861,0.1630439649861263
1316,0.1795,2,17,2,63590,542020,2366,105590,5.020749194116122,0.16304566019672334
1317,0.1796,0,8,0,63598,542012,2366,105590,5.020675089851421,0.16304767434319226
1318,0.1797,1,14,1,63612,541998,2367,105589,5.020545407388195,0.16304990680788836
1319,0.1798,1,15,1,63627,541983,2368,105588,5.0204064618918816,0.16305239116637404
1320,0.1799,2,6,2,63633,541977,2370,105586,5.020350883693356,0.16305131701471517
1321,0.18,127,2845,127,66478,539132,2497,105459,4.9939975545592645,0.16360606958520985
1322,0.1801,0,2,0,66480,539130,2497,105459,4.99397902849309,0.16360657721431796
1323,0.1802,0,14,0,66494,539116,2497,105459,4.993849346029864,0.16361013070627933
1324,0.1803,0,21,0,66515,539095,2497,105459,4.993654822335025,0.16361546123365925
1325,0.1804,1,7,1,66522,539088,2498,105458,4.993589981103413,0.16361594052247627
1326,0.1805,0,18,0,66540,539070,2498,105458,4.993423246507836,0.16362050989251048
1327,0.1806,2,4,2,66544,539066,2500,105456,4.9933861943754865,0.16361892999773475
1328,0.1807,3,46,3,66590,539020,2503,105453,4.9929600948534585,0.16362671516106958
1329,0.1808,4,81,4,66671,538939,2507,105449,4.9922097891733666,0.16364209141076494
1330,0.1809,0,3,0,66674,538936,2507,105449,4.992182000074104,0.16364285326318892
1331,0.181,2,43,2,66717,538893,2509,105447,4.9917836896513395,0.16365117794952974
1332,0.1811,0,3,0,66720,538890,2509,105447,4.991755900552077,0.16365193990101454
1333,0.1812,3,13,3,66733,538877,2512,105444,4.991635481121938,0.163651347697809
1334,0.1813,0,25,0,66758,538852,2512,105444,4.991403905294749,0.16365769770416083
1335,0.1814,0,11,0,66769,538841,2512,105444,4.991302011930786,0.16366049186307302
1336,0.1815,2,21,2,66790,538820,2514,105442,4.991107488235948,0.16366323017654308
1337,0.1816,0,1,0,66791,538819,2514,105442,4.991098225202861,0.1636634842090395
1338,0.1817,16,265,16,67056,538554,2530,105426,4.988643521434659,0.16371005310723935
1339,0.1818,0,12,0,67068,538542,2530,105426,4.988532365037608,0.16371310375670842
1340,0.1819,0,1,0,67069,538541,2530,105426,4.98852310200452,0.16371335798262954
1341,0.182,2,77,2,67146,538464,2532,105424,4.987809848456779,0.16373033819546257
1342,0.1821,0,5,0,67151,538459,2532,105424,4.987763533291341,0.16373160962472996
1343,0.1822,1,14,1,67165,538445,2533,105423,4.987633850828115,0.1637338709176415
1344,0.1823,0,16,0,67181,538429,2533,105423,4.987485642298714,0.16373793977497933
1345,0.1824,0,5,0,67186,538424,2533,105423,4.987439327133276,0.1637392113343698
1346,0.1825,11,276,11,67462,538148,2544,105412,4.984882730001112,0.16379513953632918
1347,0.1826,0,3,0,67465,538145,2544,105412,4.984854940901849,0.16379590308239986
1348,0.1827,1,21,1,67486,538124,2545,105411,4.98466041720701,0.1637999487207378
1349,0.1828,0,8,0,67494,538116,2545,105411,4.98458631294231,0.16380198499829843
1350,0.1829,1,19,1,67513,538097,2546,105410,4.984410315313646,0.1638055219290544
1351,0.183,2,19,2,67532,538078,2548,105408,4.984234317684983,0.16380775960937768
1352,0.1831,0,3,0,67535,538075,2548,105408,4.98420652858572,0.1638085233020919
1353,0.1832,1,11,1,67546,538064,2549,105407,4.984104635221757,0.16381002407256892
1354,0.1833,20,516,20,68062,537548,2569,105387,4.979324910148579,0.16391548134725906
1355,0.1834,0,6,0,68068,537542,2569,105387,4.979269331950054,0.16391701105409773
1356,0.1835,0,10,0,68078,537532,2569,105387,4.979176701619179,0.16391956062894392
1357,0.1836,0,9,0,68087,537523,2569,105387,4.97909333432139,0.16392185531411863
1358,0.1837,2,18,2,68105,537505,2571,105385,4.978926599725814,0.1639238438924233
1359,0.1838,0,15,0,68120,537490,2571,105385,4.978787654229501,0.1639276686758701
1360,0.1839,0,7,0,68127,537483,2571,105385,4.978722812997888,0.16392945363589415
1361,0.184,5,89,5,68216,537394,2576,105380,4.9778984030530955,0.16394564808159634
1362,0.1841,1,1,1,68217,537393,2577,105379,4.977889140020008,0.16394460244067882
1363,0.1842,1,79,1,68296,537314,2578,105378,4.977157360406092,0.16396345372277857
1364,0.1843,1,31,1,68327,537283,2579,105377,4.976870206380378,0.16397006193010302
1365,0.1844,0,4,0,68331,537279,2579,105377,4.976833154248027,0.16397108250759349
1366,0.1845,2,14,2,68345,537265,2581,105375,4.976703471784801,0.16397205278227311
1367,0.1846,0,7,0,68352,537258,2581,105375,4.976638630553189,0.16397383887848896
1368,0.1847,0,29,0,68381,537229,2581,105375,4.976370002593649,0.16398123883449217
1369,0.1848,0,13,0,68394,537216,2581,105375,4.976249583163511,0.16398455627296368
1370,0.1849,0,2,0,68396,537214,2581,105375,4.976231057097336,0.16398506666002685
1371,0.185,54,980,54,69376,536234,2635,105321,4.967153284671533,0.1641651923841292
1372,0.1851,0,6,0,69382,536228,2635,105321,4.967097706473007,0.16416672771682286
1373,0.1852,0,8,0,69390,536220,2635,105321,4.967023602208307,0.1641687748717541
1374,0.1853,3,29,3,69419,536191,2638,105318,4.966754974248768,0.16417228752831214
1375,0.1854,0,8,0,69427,536183,2638,105318,4.966680869984067,0.16417433488022623
1376,0.1855,0,11,0,69438,536172,2638,105318,4.966578976620104,0.16417715007248748
1377,0.1856,1,5,1,69443,536167,2639,105317,4.966532661454667,0.16417712678726204
1378,0.1857,3,30,3,69473,536137,2642,105314,4.96625477046204,0.16418089612456757
1379,0.1858,8,92,8,69565,536045,2650,105306,4.965402571417985,0.1641940216823549
1380,0.1859,1,4,1,69569,536041,2651,105305,4.965365519285635,0.16419374253523059
1381,0.186,8,88,8,69657,535953,2659,105297,4.96455037237393,0.16420584795321638
1382,0.1861,0,4,0,69661,535949,2659,105297,4.96451332024158,0.16420687224559685
1383,0.1862,0,17,0,69678,535932,2659,105297,4.964355848679092,0.1642112256307809
1384,0.1863,0,12,0,69690,535920,2659,105297,4.9642446922820405,0.16421429874753787
1385,0.1864,0,3,0,69693,535917,2659,105297,4.964216903182778,0.1642150670446996
1386,0.1865,1,13,1,69706,535904,2660,105296,4.96409648375264,0.1642170929507174
1387,0.1866,0,3,0,69709,535901,2660,105296,4.964068694653378,0.16421786128132226
1388,0.1867,22,533,22,70242,535368,2682,105274,4.959131498017711,0.16432578569622347
1389,0.1868,1,11,1,70253,535357,2683,105273,4.959029604653748,0.16432730281129512
1390,0.1869,0,7,0,70260,535350,2683,105273,4.958964763422135,0.1643290983932828
1391,0.187,4,46,4,70306,535304,2687,105269,4.958538663900107,0.16433568071086355
1392,0.1871,0,13,0,70319,535291,2687,105269,4.95841824446997,0.1643390158611215
1393,0.1872,1,13,1,70332,535278,2688,105268,4.958297825039831,0.16434104654466658
1394,0.1873,5,34,5,70366,535244,2693,105263,4.957982881914854,0.16434324683414858
1395,0.1874,0,4,0,70370,535240,2693,105263,4.957945829782504,0.16434427317280326
1396,0.1875,11,242,11,70612,534998,2704,105252,4.955704175775316,0.1643920343615775
1397,0.1876,0,10,0,70622,534988,2704,105252,4.95561154544444,0.16439460202424092
1398,0.1877,0,24,0,70646,534964,2704,105252,4.955389232650339,0.1644007647418996
1399,0.1878,0,14,0,70660,534950,2704,105252,4.9552595501871135,0.1644043598739148
1400,0.1879,2,12,2,70672,534938,2706,105250,4.955148393790062,0.16440483108087
1401,0.188,3,68,3,70740,534870,2709,105247,4.954518507540109,0.16441837976494922
1402,0.1881,0,8,0,70748,534862,2709,105247,4.954444403275408,0.16442043464472458
1403,0.1882,4,11,4,70759,534851,2713,105243,4.954342509911445,0.16441803860058055
1404,0.1883,14,268,14,71027,534583,2727,105229,4.951860017043981,0.16446862515864036
1405,0.1884,0,1,0,71028,534582,2727,105229,4.951850754010893,0.16446888221677963
1406,0.1885,1,18,1,71046,534564,2728,105228,4.9516840194153176,0.16447220346612648
1407,0.1886,0,10,0,71056,534554,2728,105228,4.951591389084442,0.16447477421996867
1408,0.1887,2,22,2,71078,534532,2730,105226,4.951387602356515,0.16447781817499743
1409,0.1888,1,19,1,71097,534513,2731,105225,4.9512116047278525,0.16448139707192633
1410,0.1889,1,5,1,71102,534508,2732,105224,4.9511652895624145,0.16448137657644138
1411,0.189,3,51,3,71153,534457,2735,105221,4.9506928748749495,0.1644905718189464
1412,0.1891,0,3,0,71156,534454,2735,105221,4.950665085775686,0.16449134326024933
1413,0.1892,5,73,5,71229,534381,2740,105216,4.949988884360295,0.164503585851716
1414,0.1893,2,31,2,71260,534350,2742,105214,4.9497017303345805,0.16450894671995298
1415,0.1894,0,1,0,71261,534349,2742,105214,4.949692467301493,0.16450920394081583
1416,0.1895,0,22,0,71283,534327,2742,105214,4.949488680573567,0.1645148630033102
1417,0.1896,0,6,0,71289,534321,2742,105214,4.949433102375042,0.16451640645156246
1418,0.1897,0,23,0,71312,534298,2742,105214,4.949220052614028,0.16452232327149452
1419,0.1898,0,12,0,71324,534286,2742,105214,4.949108896216977,0.1645254104769351
1420,0.1899,0,4,0,71328,534282,2742,105214,4.949071844084627,0.16452643957116228
1421,0.19,134,2947,134,74275,531335,2876,105080,4.921773685575605,0.16511238735730616
1422,0.1901,0,2,0,74277,531333,2876,105080,4.92175515950943,0.16511290624170152
1423,0.1902,3,14,3,74291,531319,2879,105077,4.921625477046204,0.1651126028447696
1424,0.1903,3,41,3,74332,531278,2882,105074,4.921245692689614,0.16511930503872072
1425,0.1904,0,3,0,74335,531275,2882,105074,4.921217903590351,0.16512008347620566
1426,0.1905,0,11,0,74346,531264,2882,105074,4.921116010226388,0.16512293780978032
1427,0.1906,0,4,0,74350,531260,2882,105074,4.921078958094038,0.1651239757737289
1428,0.1907,1,35,1,74385,531225,2883,105073,4.920754751935974,0.1651317464458477
1429,0.1908,3,74,3,74459,531151,2886,105070,4.920069287487495,0.16514701652413233
1430,0.1909,0,3,0,74462,531148,2886,105070,4.920041498388232,0.16514779525257067
1431,0.191,2,45,2,74507,531103,2888,105068,4.9196246618992925,0.1651568524814869
1432,0.1911,0,4,0,74511,531099,2888,105068,4.919587609766942,0.16515789093115488
1433,0.1912,0,24,0,74535,531075,2888,105068,4.919365296972841,0.1651641219034085
1434,0.1913,2,30,2,74565,531045,2890,105066,4.919087405980214,0.1651692864924518
1435,0.1914,0,6,0,74571,531039,2890,105066,4.919031827781689,0.1651708444360601
1436,0.1915,1,17,1,74588,531022,2891,105065,4.9188743562192005,0.16517394633124086
1437,0.1916,0,2,0,74590,531020,2891,105065,4.918855830153025,0.16517446567675703
1438,0.1917,18,298,18,74888,530722,2909,105047,4.9160954462929345,0.16522825114153097
1439,0.1918,0,21,0,74909,530701,2909,105047,4.915900922598095,0.16523370895386222
1440,0.1919,0,7,0,74916,530694,2909,105047,4.915836081366483,0.16523552830476562
1441,0.192,3,72,3,74988,530622,2912,105044,4.915169142984179,0.16525030440514357
1442,0.1921,2,4,2,74992,530618,2914,105042,4.915132090851828,0.16524871786804265
1443,0.1922,2,13,2,75005,530605,2916,105040,4.9150116714216905,0.16524947100976173
1444,0.1923,2,20,2,75025,530585,2918,105038,4.9148264107599395,0.16525204405756241
1445,0.1924,0,7,0,75032,530578,2918,105038,4.914761569528326,0.16525386396818204
1446,0.1925,12,286,12,75318,530292,2930,105026,4.912112342065286,0.16531248917864755
1447,0.1926,0,7,0,75325,530285,2930,105026,4.912047500833673,0.16531431062896754
1448,0.1927,1,37,1,75362,530248,2931,105025,4.911704768609433,0.16532262507614837
1449,0.1928,1,9,1,75371,530239,2932,105024,4.9116214013116455,0.1653236533530207
1450,0.1929,2,14,2,75385,530225,2934,105022,4.91149171884842,0.16532466898702394
1451,0.193,3,42,3,75427,530183,2937,105019,4.9111026714587425,0.16533165827563515
1452,0.1931,0,1,0,75428,530182,2937,105019,4.911093408425655,0.16533191855806273
1453,0.1932,1,8,1,75436,530174,2938,105018,4.911019304160955,0.16533268680965754
1454,0.1933,35,541,35,75977,529633,2973,104983,4.906008003260587,0.1654275971611179
1455,0.1934,0,3,0,75980,529630,2973,104983,4.905980214161325,0.16542837918542483
1456,0.1935,0,32,0,76012,529598,2973,104983,4.905683797102523,0.1654367212381083
1457,0.1936,0,3,0,76015,529595,2973,104983,4.905656008003261,0.16543750334868212
1458,0.1937,0,11,0,76026,529584,2973,104983,4.905554114639298,0.16544037115072166
1459,0.1938,0,16,0,76042,529568,2973,104983,4.9054059061098965,0.16544454267663278
1460,0.1939,0,5,0,76047,529563,2973,104983,4.9053595909444585,0.16544584632162207
1461,0.194,9,106,9,76153,529457,2982,104974,4.9043777094371785,0.16546164988785225
1462,0.1941,1,10,1,76163,529447,2983,104973,4.904285079106303,0.16546294253018506
1463,0.1942,4,72,4,76235,529375,2987,104969,4.9036181407239985,0.1654764607216274
1464,0.1943,2,34,2,76269,529341,2989,104967,4.903303197599022,0.1654826992565126
1465,0.1944,1,2,1,76271,529339,2990,104966,4.903284671532846,0.16548190539251623
1466,0.1945,2,25,2,76296,529314,2992,104964,4.9030530957056575,0.16548579644887573
1467,0.1946,0,11,0,76307,529303,2992,104964,4.902951202341694,0.16548866644488835
1468,0.1947,0,18,0,76325,529285,2992,104964,4.902784467746119,0.16549336301673317
1469,0.1948,0,24,0,76349,529261,2992,104964,4.902562154952017,0.16549962552721825
1470,0.1949,0,4,0,76353,529257,2992,104964,4.902525102819667,0.165500669325046
1471,0.195,53,1016,53,77369,528241,3045,104911,4.893113861202712,0.16569638886081067
1472,0.1951,1,5,1,77374,528236,3046,104910,4.893067546037274,0.1656963796659854
1473,0.1952,2,10,2,77384,528226,3048,104908,4.892974915706399,0.16569636127581208
1474,0.1953,1,26,1,77410,528200,3049,104907,4.892734076846122,0.1657018481867994
1475,0.1954,0,2,0,77412,528198,3049,104907,4.892715550779948,0.16570237164451393
1476,0.1955,1,13,1,77425,528185,3050,104906,4.892595131349809,0.16570445638936582
1477,0.1956,0,4,0,77429,528181,3050,104906,4.8925580792174586,0.16570550335104023
1478,0.1957,3,44,3,77473,528137,3053,104903,4.892150505761607,0.1657130671047643
1479,0.1958,9,88,9,77561,528049,3062,104894,4.891335358849902,0.16572424373126807
1480,0.1959,0,1,0,77562,528048,3062,104894,4.891326095816814,0.165724505562911
1481,0.196,4,102,4,77664,527946,3066,104890,4.890381266441883,0.1657459436568084
1482,0.1961,0,2,0,77666,527944,3066,104890,4.890362740375709,0.16574646747804322
1483,0.1962,0,15,0,77681,527929,3066,104890,4.890223794879395,0.16575039624284352
1484,0.1963,1,9,1,77690,527920,3067,104889,4.890140427581607,0.16575143526719752
1485,0.1964,1,7,1,77697,527913,3068,104888,4.890075586349995,0.1657519504551984
1486,0.1965,2,20,2,77717,527893,3070,104886,4.889890325688244,0.16575455253729976
1487,0.1966,0,1,0,77718,527892,3070,104886,4.889881062655156,0.1657548144847008
1488,0.1967,33,581,33,78299,527311,3103,104853,4.884499240431287,0.1658636050138888
1489,0.1968,2,9,2,78308,527302,3105,104851,4.884415873133499,0.16586332739067916
1490,0.1969,0,5,0,78313,527297,3105,104851,4.8843695579680615,0.16586463929333004
1491,0.197,3,41,3,78354,527256,3108,104848,4.8839897736114715,0.1658714388771468
1492,0.1971,1,20,1,78374,527236,3109,104847,4.8838045129497205,0.16587536763368102
1493,0.1972,1,7,1,78381,527229,3110,104846,4.883739671718107,0.16587588498200373
1494,0.1973,3,42,3,78423,527187,3113,104843,4.88335062432843,0.1658829485942123
1495,0.1974,0,8,0,78431,527179,3113,104843,4.883276520063729,0.1658850483052805
1496,0.1975,19,276,19,78707,526903,3132,104824,4.880719922931565,0.1659324360047932
1497,0.1976,1,6,1,78713,526897,3133,104823,4.88066434473304,0.1659326916988539
1498,0.1977,1,31,1,78744,526866,3134,104822,4.880377190707325,0.16593951444383936
1499,0.1978,2,5,2,78749,526861,3136,104820,4.880330875541888,0.16593818715459227
1500,0.1979,0,6,0,78755,526855,3136,104820,4.8802752973433625,0.16593976332766058
1501,0.198,2,74,2,78829,526781,3138,104818,4.879589832894883,0.16595656421241958
1502,0.1981,1,5,1,78834,526776,3139,104817,4.879543517729445,0.16595655746659638
1503,0.1982,0,24,0,78858,526752,3139,104817,4.879321204935344,0.16596286391510667
1504,0.1983,12,270,12,79128,526482,3151,104805,4.876820186001704,0.16601799181671728
1505,0.1984,0,2,0,79130,526480,3151,104805,4.87680165993553,0.1660185177851525
1506,0.1985,1,14,1,79144,526466,3152,104804,4.876671977472304,0.16602087854642228
1507,0.1986,0,4,0,79148,526462,3152,104804,4.876634925339953,0.1660219305332459
1508,0.1987,0,14,0,79162,526448,3152,104804,4.8765052428767275,0.1660256125921185
1509,0.1988,0,15,0,79177,526433,3152,104804,4.8763662973804145,0.1660295578364386
1510,0.1989,0,7,0,79184,526426,3152,104804,4.876301456148801,0.16603139901462224
1511,0.199,0,59,0,79243,526367,3152,104804,4.8757549371966356,0.16604691913918732
1512,0.1991,0,2,0,79245,526365,3152,104804,4.87573641113046,0.16604744529595084
1513,0.1992,5,81,5,79326,526284,3157,104799,4.874986105450368,0.16606215030352584
1514,0.1993,2,31,2,79357,526253,3159,104797,4.874698951424654,0.16606766500277315
1515,0.1994,0,2,0,79359,526251,3159,104797,4.87468042535848,0.16606819132617487
1516,0.1995,0,15,0,79374,526236,3159,104797,4.874541479862166,0.1660721388580312
1517,0.1996,0,3,0,79377,526233,3159,104797,4.874513690762903,0.16607292838692297
1518,0.1997,3,19,3,79396,526214,3162,104794,4.8743376931342395,0.1660739641969674
1519,0.1998,2,21,2,79417,526193,3164,104792,4.874143169439401,0.16607684810256979
1520,0.1999,0,2,0,79419,526191,3164,104792,4.874124643373226,0.1660773745092974
1521,0.2,131,3195,131,82614,522996,3295,104661,4.84452925265849,0.16674871785067322
1522,0.2001,0,7,0,82621,522989,3295,104661,4.844464411426878,0.16675057755118297
1523,0.2002,2,16,2,82637,522973,3297,104659,4.844316202897477,0.16675217324801794
1524,0.2003,0,15,0,82652,522958,3297,104659,4.844177257401164,0.16675615861265708
1525,0.2004,1,6,1,82658,522952,3298,104658,4.8441216792026385,0.16675642516849637
1526,0.2005,0,15,0,82673,522937,3298,104658,4.843982733706325,0.16676041077446443
1527,0.2006,1,3,1,82676,522934,3299,104657,4.843954944607062,0.16675988024047508
1528,0.2007,1,39,1,82715,522895,3300,104656,4.843593686316647,0.16676891599248508
1529,0.2008,3,97,3,82812,522798,3303,104653,4.842695172107155,0.1667907135377902
1530,0.2009,0,1,0,82813,522797,3303,104653,4.842685909074067,0.16679097936090526
1531,0.201,5,48,5,82861,522749,3308,104648,4.842241283485865,0.16679709976298898
1532,0.2011,1,6,1,82867,522743,3309,104647,4.842185705287339,0.16679736686909258
1533,0.2012,0,14,0,82881,522729,3309,104647,4.842056022824114,0.16680108898013313
1534,0.2013,4,29,4,82910,522700,3313,104643,4.841787394864575,0.16680348708760598
1535,0.2014,0,11,0,82921,522689,3313,104643,4.841685501500612,0.16680641191585954
1536,0.2015,0,27,0,82948,522662,3313,104643,4.8414353996072474,0.16681359147464153
1537,0.2017,21,281,21,83229,522381,3334,104622,4.838832487309645,0.16686044564380076
1538,0.2018,0,13,0,83242,522368,3334,104622,4.838712067879507,0.1668639053254438
1539,0.2019,1,7,1,83249,522361,3335,104621,4.838647226647893,0.16686443948949092
1540,0.202,3,87,3,83336,522274,3338,104618,4.837841342769276,0.16688360993600174
1541,0.2021,0,18,0,83354,522256,3338,104618,4.8376746081737005,0.16688840181599493
1542,0.2022,1,13,1,83367,522243,3339,104617,4.837554188743562,0.16689053377149604
1543,0.2023,2,29,2,83396,522214,3341,104615,4.837285560784023,0.16689559672574178
1544,0.2024,0,8,0,83404,522206,3341,104615,4.837211456519323,0.16689772678324433
1545,0.2025,16,279,16,83683,521927,3357,104599,4.834627070287895,0.16695077299266112
1546,0.2026,0,5,0,83688,521922,3357,104599,4.834580755122457,0.16695210535640465
1547,0.2027,4,37,4,83725,521885,3361,104595,4.834238022898218,0.16695664666070745
1548,0.2028,1,7,1,83732,521878,3362,104594,4.834173181666605,0.16695718244390811
1549,0.2029,0,8,0,83740,521870,3362,104594,4.834099077401905,0.1669593145017112
1550,0.203,2,37,2,83777,521833,3364,104592,4.833756345177665,0.16696651634273857
1551,0.2031,0,4,0,83781,521829,3364,104592,4.833719293045315,0.16696758250441796
1552,0.2032,1,18,1,83799,521811,3365,104591,4.833552558449739,0.16697105053942995
1553,0.2033,27,572,27,84371,521239,3392,104564,4.8282541035236575,0.16708772569003344
1554,0.2034,0,6,0,84377,521233,3392,104564,4.828198525325132,0.16708932768933057
1555,0.2035,1,29,1,84406,521204,3393,104563,4.8279298973655935,0.16709574010773978
1556,0.2036,0,6,0,84412,521198,3393,104563,4.827874319167068,0.1670973422760447
1557,0.2037,0,32,0,84444,521166,3393,104563,4.827577902108266,0.16710588769259535
1558,0.2038,0,11,0,84455,521155,3393,104563,4.827476008744303,0.16710882538140184
1559,0.2039,0,3,0,84458,521152,3393,104563,4.82744821964504,0.16710962658718426
1560,0.204,8,108,8,84566,521044,3401,104555,4.826447812071585,0.1671278246928144
1561,0.2041,0,4,0,84570,521040,3401,104555,4.826410759939234,0.16712889329358452
1562,0.2042,7,96,7,84666,520944,3408,104548,4.825521508762829,0.1671452232802338
1563,0.2043,2,42,2,84708,520902,3410,104546,4.825132461373152,0.16715378416750873
1564,0.2044,0,1,0,84709,520901,3410,104546,4.825123198340065,0.16715405142242268
1565,0.2045,2,27,2,84736,520874,3412,104544,4.824873096446701,0.16715860432542715
1566,0.2046,0,6,0,84742,520868,3412,104544,4.824817518248175,0.1671602079908924
1567,0.2047,3,15,3,84757,520853,3415,104541,4.8246785727518615,0.1671602221959277
1568,0.2048,2,12,2,84769,520841,3417,104539,4.824567416354811,0.1671607662541175
1569,0.2049,0,2,0,84771,520839,3417,104539,4.824548890288636,0.1671613008452488
1570,0.205,52,1065,52,85836,519774,3469,104487,4.814683760050391,0.16737710669095138
1571,0.2051,0,6,0,85842,519768,3469,104487,4.814628181851866,0.16737871542879112
1572,0.2052,0,10,0,85852,519758,3469,104487,4.81453555152099,0.1673813967272465
1573,0.2053,1,26,1,85878,519732,3470,104486,4.814294712660714,0.1673870346577638
1574,0.2054,0,7,0,85885,519725,3470,104486,4.8142298714291005,0.1673889117622086
1575,0.2055,0,14,0,85899,519711,3470,104486,4.814100188965875,0.16739266609740194
1576,0.2056,0,5,0,85904,519706,3470,104486,4.814053873800437,0.16739400697221368
1577,0.2057,1,34,1,85938,519672,3471,104485,4.81373893067546,0.16740179153642432
1578,0.2058,7,110,7,86048,519562,3478,104478,4.812719997035829,0.16742196013076086
1579,0.2059,0,2,0,86050,519560,3478,104478,4.812701470969654,0.1674224967069313
1580,0.206,10,109,10,86159,519451,3488,104468,4.811691800363111,0.16743840145916378
1581,0.2061,0,4,0,86163,519447,3488,104468,4.811654748230761,0.16743947492847583
1582,0.2062,3,12,3,86175,519435,3491,104465,4.81154359183371,0.16743869209809265
1583,0.2063,1,16,1,86191,519419,3492,104464,4.811395383304309,0.1674416517199539
1584,0.2064,0,5,0,86196,519414,3492,104464,4.811349068138871,0.16744299366222243
1585,0.2065,2,19,2,86215,519395,3494,104462,4.811173070510208,0.1674454241917619
1586,0.2067,23,596,23,86811,518799,3517,104439,4.805652302790025,0.16757482695214349
1587,0.2068,1,15,1,86826,518784,3518,104438,4.805513357293712,0.16757752454181657
1588,0.2069,0,7,0,86833,518777,3518,104438,4.805448516062099,0.16757940678578018
1589,0.207,3,33,3,86866,518744,3521,104435,4.80514283597021,0.16758427353938435
1590,0.2071,1,18,1,86884,518726,3522,104434,4.804976101374634,0.1675877784196675
1591,0.2072,3,16,3,86900,518710,3525,104431,4.804827892845233,0.16758807396720807
1592,0.2073,4,48,4,86948,518662,3529,104427,4.80438326725703,0.16759564043017933
1593,0.2074,0,4,0,86952,518658,3529,104427,4.8043462151246805,0.16759671633886228
1594,0.2075,15,292,15,87244,518366,3544,104412,4.801641409463115,0.16765524793746728
1595,0.2076,0,5,0,87249,518361,3544,104412,4.801595094297677,0.16765659397565405
1596,0.2077,2,15,2,87264,518346,3546,104410,4.801456148801363,0.16765795913648363
1597,0.2078,1,20,1,87284,518326,3547,104409,4.801270888139612,0.16766200711378035
1598,0.2079,0,12,0,87296,518314,3547,104409,4.801159731742562,0.1676652379950636
1599,0.208,3,65,3,87361,518249,3550,104406,4.800557634591871,0.1676787305972007
1600,0.2081,0,7,0,87368,518242,3550,104406,4.800492793360258,0.1676806156929758
1601,0.2082,2,15,2,87383,518227,3552,104404,4.800353847863945,0.16768198178375313
1602,0.2083,14,311,14,87694,517916,3566,104390,4.7974730445737155,0.16774705691412264
1603,0.2084,0,2,0,87696,517914,3566,104390,4.79745451850754,0.16774759603023603
1604,0.2085,1,27,1,87723,517887,3567,104389,4.797204416614176,0.16775353701572934
1605,0.2086,1,6,1,87729,517881,3568,104388,4.797148838415651,0.16775381707910889
1606,0.2087,3,38,3,87767,517843,3571,104385,4.796796843158324,0.16776004937097014
1607,0.2088,1,16,1,87783,517827,3572,104384,4.796648634628923,0.16776302572599971
1608,0.2089,0,10,0,87793,517817,3572,104384,4.796556004298047,0.16776572200944712
1609,0.209,3,72,3,87865,517745,3575,104381,4.795889065915744,0.16778112472393053
1610,0.2091,0,1,0,87866,517744,3575,104381,4.795879802882656,0.1677813944143058
1611,0.2092,6,101,6,87967,517643,3581,104375,4.794944236540813,0.16780061027172846
1612,0.2093,2,45,2,88012,517598,3583,104373,4.794527400051873,0.16781007474625023
1613,0.2094,0,7,0,88019,517591,3583,104373,4.7944625588202605,0.16781196339337967
1614,0.2095,3,17,3,88036,517574,3586,104370,4.794305087257771,0.16781253617689051
1615,0.2096,1,6,1,88042,517568,3587,104369,4.794249509059246,0.16781281705381734
1616,0.2097,1,11,1,88053,517557,3588,104368,4.794147615695283,0.16781444707963178
1617,0.2098,0,16,0,88069,517541,3588,104368,4.793999407165883,0.1678187644816203
1618,0.2099,1,3,1,88072,517538,3589,104367,4.79397161806662,0.1678182359041976
1619,0.21,149,3181,149,91253,514357,3738,104218,4.76450590981511,0.16848078244351938
1620,0.2101,1,4,1,91257,514353,3739,104217,4.764468857682759,0.16848052766865512
1621,0.2102,1,18,1,91275,514335,3740,104216,4.764302123087184,0.16848408619499444
1622,0.2103,0,9,0,91284,514326,3740,104216,4.764218755789396,0.1684865376967126
1623,0.2104,0,5,0,91289,514321,3740,104216,4.764172440623958,0.16848789967293792
1624,0.2105,0,20,0,91309,514301,3740,104216,4.763987179962207,0.1684933477980395
1625,0.2106,1,2,1,91311,514299,3741,104215,4.763968653896032,0.1684925482689155
1626,0.2107,1,41,1,91352,514258,3742,104214,4.763588869539442,0.16850237359169049
1627,0.2108,8,84,8,91436,514174,3750,104206,4.762810774760087,0.1685145056437789
1628,0.2109,0,5,0,91441,514169,3750,104206,4.76276445959465,0.16851586820295128
1629,0.211,6,73,6,91514,514096,3756,104200,4.762088258179258,0.16852769547271856
1630,0.2111,1,5,1,91519,514091,3757,104199,4.762041943013821,0.16852771353248475
1631,0.2112,2,26,2,91545,514065,3759,104197,4.761801104153544,0.16853211098207557
1632,0.2113,3,25,3,91570,514040,3762,104194,4.761569528326355,0.16853489131946803
1633,0.2114,3,11,3,91581,514029,3765,104191,4.761467634962392,0.1685338552618809
1634,0.2115,1,16,1,91597,514013,3766,104190,4.761319426432991,0.16853687219246752
1635,0.2116,0,2,0,91599,514011,3766,104190,4.761300900366816,0.16853741744189996
1636,0.2117,16,333,16,91932,513678,3782,104174,4.7582163103486605,0.1686067213507442
1637,0.2118,1,18,1,91950,513660,3783,104173,4.758049575753085,0.1686102878933304
1638,0.2119,0,3,0,91953,513657,3783,104173,4.758021786653822,0.1686111066150883
1639,0.212,4,81,4,92034,513576,3787,104169,4.75727148097373,0.1686278318723745
1640,0.2121,3,8,3,92042,513568,3790,104166,4.75719737670903,0.16862597817183447
1641,0.2122,0,20,0,92062,513548,3790,104166,4.757012116047279,0.16863143784987875
1642,0.2123,2,26,2,92088,513522,3792,104164,4.756771277187002,0.16863584410201948
1643,0.2124,0,7,0,92095,513515,3792,104164,4.7567064359553894,0.16863775520942106
1644,0.2125,15,282,15,92377,513233,3807,104149,4.754094260624699,0.16869458455218972
1645,0.2126,0,2,0,92379,513231,3807,104149,4.754075734558524,0.16869513103761055
1646,0.2127,2,28,2,92407,513203,3809,104147,4.753816369632072,0.16870008909046733
1647,0.2128,1,9,1,92416,513194,3810,104146,4.753733002334284,0.16870120193086469
1648,0.2129,0,16,0,92432,513178,3810,104146,4.753584793804883,0.16870557438233408
1649,0.213,3,42,3,92474,513136,3813,104143,4.753195746415206,0.1687130130783649
1650,0.2131,2,7,2,92481,513129,3815,104141,4.7531309051835935,0.16871223289646345
1651,0.2132,1,14,1,92495,513115,3816,104140,4.753001222720368,0.16871471272002658
1652,0.2133,35,626,35,93121,512489,3851,104105,4.747202564007559,0.16883881451976504
1653,0.2134,0,2,0,93123,512487,3851,104105,4.747184037941383,0.16883936217141968
1654,0.2135,1,22,1,93145,512465,3852,104104,4.746980251213457,0.1688440385423205
1655,0.2136,0,8,0,93153,512457,3852,104104,4.746906146948757,0.16884622932686302
1656,0.2137,2,28,2,93181,512429,3854,104102,4.746646782022306,0.16885120131834408
1657,0.2138,0,23,0,93204,512406,3854,104102,4.746433732261291,0.1688575006325952
1658,0.2139,0,2,0,93206,512404,3854,104102,4.746415206195117,0.16885804842126434
1659,0.214,4,132,4,93338,512272,3858,104098,4.74519248582756,0.1688888167821276
1660,0.2141,0,2,0,93340,512270,3858,104098,4.7451739597613845,0.1688893647950575
1661,0.2142,3,84,3,93424,512186,3861,104095,4.74439586498203,0.1689083388908631
1662,0.2143,0,50,0,93474,512136,3861,104095,4.743932713327652,0.16892204384394813
1663,0.2144,1,5,1,93479,512131,3862,104094,4.743886398162214,0.16892206580388658
1664,0.2145,3,19,3,93498,512112,3865,104091,4.74371040053355,0.16892322822186845
1665,0.2146,0,9,0,93507,512103,3865,104091,4.743627033235763,0.16892569547902123
1666,0.2147,1,22,1,93529,512081,3866,104090,4.743423246507836,0.16893037809309427
1667,0.2148,0,24,0,93553,512057,3866,104090,4.7432009337137355,0.16893695822587793
1668,0.215,59,1150,59,94703,510907,3925,104031,4.732548445663048,0.16917315241536546
1669,0.2151,1,11,1,94714,510896,3926,104030,4.732446552299085,0.16917482754022437
1670,0.2152,3,16,3,94730,510880,3929,104027,4.732298343769684,0.16917517608353783
1671,0.2153,1,36,1,94766,510844,3930,104026,4.731964874578532,0.16918372989412397
1672,0.2154,1,2,1,94768,510842,3931,104025,4.7319463485123565,0.16918292899114767
1673,0.2155,0,20,0,94788,510822,3931,104025,4.731761087850606,0.16918843224411928
1674,0.2156,0,4,0,94792,510818,3931,104025,4.731724035718256,0.16918953293767677
1675,0.2157,1,61,1,94853,510757,3932,104024,4.731158990699915,0.16920496892389322
1676,0.2158,7,113,7,94966,510644,3939,104017,4.7301122679610215,0.1692266143451431
1677,0.2159,0,2,0,94968,510642,3939,104017,4.730093741894846,0.16922716498090812
1678,0.216,6,85,6,95053,510557,3945,104011,4.729306384082404,0.1692424597440804
1679,0.2161,0,5,0,95058,510552,3945,104011,4.729260068916966,0.16924383667744397
1680,0.2162,1,25,1,95083,510527,3946,104010,4.7290284930897775,0.16924936985079825
1681,0.2163,1,34,1,95117,510493,3947,104009,4.728713549964801,0.16925738240070823
1682,0.2164,0,5,0,95122,510488,3947,104009,4.728667234799363,0.16925875960338294
1683,0.2165,2,29,2,95151,510459,3949,104007,4.728398606839824,0.16926404390153402
1684,0.2166,0,6,0,95157,510453,3949,104007,4.728343028641298,0.16926569670930572
1685,0.2167,26,636,26,95793,509817,3975,103981,4.722451739597614,0.1694058957507193
1686,0.2168,1,13,1,95806,509804,3976,103980,4.722331320167475,0.1694081305475542
1687,0.2169,0,3,0,95809,509801,3976,103980,4.722303531068213,0.16940895856991336
1688,0.217,4,47,4,95856,509754,3980,103976,4.721868168513098,0.16941651866455934
1689,0.2171,0,16,0,95872,509738,3980,103976,4.721719959983697,0.16942093548460685
1690,0.2172,1,7,1,95879,509731,3981,103975,4.721655118752084,0.16942151453627632
1691,0.2173,0,29,0,95908,509702,3981,103975,4.721386490792545,0.1694295207413672
1692,0.2174,0,8,0,95916,509694,3981,103975,4.721312386527845,0.16943172948283194
1693,0.2175,19,303,19,96219,509391,4000,103956,4.718505687502316,0.16948970158817114
1694,0.2176,0,10,0,96229,509381,4000,103956,4.71841305717144,0.16949246499069842
1695,0.2177,2,25,2,96254,509356,4002,103954,4.718181481344251,0.1694966656340187
1696,0.2178,3,16,3,96270,509340,4005,103951,4.718033272814851,0.16949702506640404
1697,0.2179,0,11,0,96281,509329,4005,103951,4.717931379450888,0.16950006522306288
1698,0.218,4,68,4,96349,509261,4009,103947,4.717301493200933,0.16951344405161053
1699,0.2181,0,5,0,96354,509256,4009,103947,4.717255178035496,0.16951482624840386
1700,0.2182,0,15,0,96369,509241,4009,103947,4.717116232539182,0.1695189729740308
1701,0.2183,21,328,21,96697,508913,4030,103926,4.714077957686465,0.16958124401351743
1702,0.2185,1,30,1,96727,508883,4031,103925,4.713800066693838,0.1695881907546899
1703,0.2186,1,7,1,96734,508876,4032,103924,4.713735225462226,0.169588772845953
1704,0.2187,3,24,3,96758,508852,4035,103921,4.713512912668124,0.1695913494883097
1705,0.2188,2,16,2,96774,508836,4037,103919,4.713364704138723,0.1695930673760312
1706,0.2189,0,4,0,96778,508832,4037,103919,4.713327652006373,0.1695941744689115
1707,0.219,4,56,4,96834,508776,4041,103915,4.71280892215347,0.16960425402037896
1708,0.2191,0,3,0,96837,508773,4041,103915,4.712781133054207,0.1696050844801922
1709,0.2192,9,88,9,96925,508685,4050,103906,4.711965986142502,0.16961724870264172
1710,0.2193,5,54,5,96979,508631,4055,103901,4.711465782355774,0.16962542365133576
1711,0.2194,2,4,2,96983,508627,4057,103899,4.711428730223425,0.16962382005008766
1712,0.2195,5,18,5,97001,508609,4062,103894,4.711261995627848,0.16962202634109547
1713,0.2196,0,6,0,97007,508603,4062,103894,4.711206417429323,0.1696236879527573
1714,0.2197,1,18,1,97025,508585,4063,103893,4.711039682833747,0.16962731722608812
1715,0.2198,1,14,1,97039,508571,4064,103892,4.7109100003705215,0.16962983886373545
1716,0.2199,0,2,0,97041,508569,4064,103892,4.710891474304346,0.1696303927923574
1717,0.22,152,3410,152,100451,505159,4216,103740,4.679304531475786,0.17037308322069833
1718,0.2201,0,13,0,100464,505146,4216,103740,4.6791841120456485,0.17037672076546348
1719,0.2202,1,13,1,100477,505133,4217,103739,4.67906369261551,0.17037899591375527
1720,0.2203,0,33,0,100510,505100,4217,103739,4.678758012523621,0.1703882307145239
1721,0.2204,0,5,0,100515,505095,4217,103739,4.678711697358183,0.17038963001409252
1722,0.2205,0,18,0,100533,505077,4217,103739,4.678544962762607,0.1703946676828467
1723,0.2206,0,7,0,100540,505070,4217,103739,4.678480121530994,0.1703966268566989
1724,0.2207,2,45,2,100585,505025,4219,103737,4.678063285042054,0.1704064971203853
1725,0.2208,11,119,11,100704,504906,4230,103726,4.676960984104635,0.1704248215670553
1726,0.2209,1,1,1,100705,504905,4231,103725,4.676951721071548,0.1704237385603733
1727,0.221,5,71,5,100776,504834,4236,103720,4.676294045722331,0.17043680593669583
1728,0.2211,0,7,0,100783,504827,4236,103720,4.676229204490719,0.17043876643874672
1729,0.2212,1,17,1,100800,504810,4237,103719,4.67607173292823,0.17044216462978756
1730,0.2213,3,25,3,100825,504785,4240,103716,4.6758401571010415,0.1704450773293717
1731,0.2214,0,8,0,100833,504777,4240,103716,4.675766052836341,0.17044731821072714
1732,0.2215,0,21,0,100854,504756,4240,103716,4.675571529141502,0.1704532008046385
1733,0.2216,0,3,0,100857,504753,4240,103716,4.675543740042239,0.17045404120834423
1734,0.2217,25,321,25,101178,504432,4265,103691,4.672570306421134,0.17050991329056786
1735,0.2218,0,8,0,101186,504424,4265,103691,4.6724962021564345,0.17051215641778283
1736,0.2219,2,2,2,101188,504422,4267,103689,4.672477676090259,0.1705099891302739
1737,0.222,5,88,5,101276,504334,4272,103684,4.671662529178554,0.17052784621507916
1738,0.2221,1,15,1,101291,504319,4273,103683,4.671523583682241,0.17053068904378604
1739,0.2222,2,8,2,101299,504311,4275,103681,4.67144947941754,0.17053020434479402
1740,0.2223,0,27,0,101326,504284,4275,103681,4.671199377524177,0.17053777766812234
1741,0.2224,0,4,0,101330,504280,4275,103681,4.671162325391826,0.17053889969915834
1742,0.2225,16,322,16,101652,503958,4291,103665,4.668179628737634,0.1706074325692082
1743,0.2226,0,2,0,101654,503956,4291,103665,4.6681611026714585,0.17060799412791855
1744,0.2227,1,51,1,101705,503905,4292,103664,4.667688687983993,0.17062095004847186
1745,0.2228,1,15,1,101720,503890,4293,103663,4.66754974248768,0.17062379743001846
1746,0.2229,0,16,0,101736,503874,4293,103663,4.667401533958279,0.1706282909518268
1747,0.223,0,36,0,101772,503838,4293,103663,4.667068064767127,0.1706384022413132
1748,0.2231,2,2,2,101774,503836,4295,103661,4.667049538700952,0.1706362335945692
1749,0.2232,3,10,3,101784,503826,4298,103658,4.666956908370077,0.17063494676403
1750,0.2233,28,648,28,102432,503178,4326,103630,4.660954462929341,0.1707788954661112
1751,0.2234,0,5,0,102437,503173,4326,103630,4.660908147763903,0.17078030266824654
1752,0.2235,0,17,0,102454,503156,4326,103630,4.660750676201415,0.17078508732897596
1753,0.2236,1,10,1,102464,503146,4327,103629,4.66065804587054,0.17078653537143093
1754,0.2237,0,14,0,102478,503132,4327,103629,4.660528363407314,0.1707904759864263
1755,0.2238,0,21,0,102499,503111,4327,103629,4.660333839712475,0.17079638724989288
1756,0.2239,0,4,0,102503,503107,4327,103629,4.660296787580125,0.17079751325123282
1757,0.224,4,102,4,102605,503005,4331,103625,4.659351958205194,0.17082076389232317
1758,0.2241,0,3,0,102608,503002,4331,103625,4.659324169105932,0.17082160866562154
1759,0.2242,6,100,6,102708,502902,4337,103619,4.658397865797177,0.17084157020119667
1760,0.2243,2,26,2,102734,502876,4339,103617,4.6581570269369,0.17084615980728549
1761,0.2244,0,8,0,102742,502868,4339,103617,4.658082922672199,0.1708484133985177
1762,0.2245,0,36,0,102778,502832,4339,103617,4.657749453481048,0.17085855529483931
1763,0.2246,0,6,0,102784,502826,4339,103617,4.657693875282522,0.17086024572795794
1764,0.2247,2,24,2,102808,502802,4341,103615,4.657471562488421,0.17086427326410705
1765,0.2248,1,19,1,102827,502783,4342,103614,4.657295564859758,0.17086825957252427
1766,0.225,73,1287,73,104114,501496,4415,103541,4.645374041276075,0.17113168285575925
1767,0.2252,1,9,1,104123,501487,4416,103540,4.6452906739782875,0.1711328585335861
1768,0.2253,2,33,2,104156,501454,4418,103538,4.644984993886398,0.17113945308367715
1769,0.2254,1,4,1,104160,501450,4419,103537,4.644947941754048,0.17113921456163522
1770,0.2255,1,20,1,104180,501430,4420,103536,4.644762681092297,0.17114350227946695
1771,0.2256,0,13,0,104193,501417,4420,103536,4.644642261662159,0.17114718002886176
1772,0.2257,1,56,1,104249,501361,4421,103535,4.644123531809256,0.17116165423477755
1773,0.2258,7,107,7,104356,501254,4428,103528,4.643132387268888,0.17118234338984956
1774,0.2259,0,2,0,104358,501252,4428,103528,4.643113861202712,0.17118290948774761
1775,0.226,7,121,7,104479,501131,4435,103521,4.6419930341991185,0.17120757063567144
1776,0.2261,0,8,0,104487,501123,4435,103521,4.641918929934418,0.1712098358703634
1777,0.2262,3,12,3,104499,501111,4438,103518,4.6418077735373675,0.1712091216266504
1778,0.2263,0,22,0,104521,501089,4438,103518,4.641603986809441,0.17121535145970854
1779,0.2264,0,6,0,104527,501083,4438,103518,4.641548408610916,0.17121705058377343
1780,0.2265,1,19,1,104546,501064,4439,103517,4.641372410982252,0.17122106053613992
1781,0.2266,0,2,0,104548,501062,4439,103517,4.641353884916077,0.1712216269503241
1782,0.2267,39,604,39,105152,500458,4478,103478,4.635759012931194,0.171339347215599
1783,0.2268,0,16,0,105168,500442,4478,103478,4.635610804401793,0.1713438866074977
1784,0.2269,1,10,1,105178,500432,4479,103477,4.635518174070918,0.17134535170033896
1785,0.227,3,40,3,105218,500392,4482,103474,4.635147652747416,0.17135258484498217
1786,0.2271,3,24,3,105242,500368,4485,103471,4.634925339953314,0.17135527847654755
1787,0.2272,0,13,0,105255,500355,4485,103471,4.634804920523176,0.1713589676496209
1788,0.2273,0,37,0,105292,500318,4485,103471,4.6344621882989365,0.17136946847325804
1789,0.2274,0,5,0,105297,500313,4485,103471,4.634415873133499,0.17137088760218885
1790,0.2275,20,329,20,105626,499984,4505,103451,4.631368335247694,0.17143685732514688
1791,0.2276,0,7,0,105633,499977,4505,103451,4.63130349401608,0.17143884605951332
1792,0.2277,3,21,3,105654,499956,4508,103448,4.631108970321242,0.1714406931342848
1793,0.2278,2,14,2,105668,499942,4510,103446,4.6309792878580165,0.1714419245990971
1794,0.2279,4,19,4,105687,499923,4514,103442,4.630803290229353,0.17144183040116678
1795,0.228,4,75,4,105762,499848,4518,103438,4.630108562747786,0.1714576502686951
1796,0.2281,0,12,0,105774,499836,4518,103438,4.629997406350736,0.17146106081150522
1797,0.2282,1,22,1,105796,499814,4519,103437,4.629793619622809,0.17146594037970928
1798,0.2283,20,326,20,106122,499488,4539,103417,4.626773870836266,0.17153116991897563
1799,0.2285,2,24,2,106146,499464,4541,103415,4.6265515580421654,0.1715352500252953
1800,0.2286,0,12,0,106158,499452,4541,103415,4.626440401645115,0.17153866441520269
1801,0.2287,1,35,1,106193,499417,4542,103414,4.62611619548705,0.17154724956082218
1802,0.2288,2,18,2,106211,499399,4544,103412,4.625949460891475,0.17154962334794818
1803,0.2289,0,3,0,106214,499396,4544,103412,4.625921671792212,0.17155047710050297
1804,0.229,3,61,3,106275,499335,4547,103409,4.625356626773871,0.1715637152754735
1805,0.2291,0,4,0,106279,499331,4547,103409,4.62531957464152,0.17156485383415734
1806,0.2292,7,109,7,106388,499222,4554,103402,4.624309904034977,0.17158626274426508
1807,0.2293,2,48,2,106436,499174,4556,103400,4.623865278446774,0.17159718142502
1808,0.2294,0,3,0,106439,499171,4556,103400,4.623837489347512,0.17159803575014396
1809,0.2295,3,28,3,106467,499143,4559,103397,4.62357812442106,0.17160188535200982
1810,0.2296,2,5,2,106472,499138,4561,103395,4.623531809255622,0.17160055963739745
1811,0.2297,3,18,3,106490,499120,4564,103392,4.623365074660047,0.17160156146267627
1812,0.2298,1,10,1,106500,499110,4565,103391,4.623272444329171,0.17160303468375987
1813,0.2299,0,4,0,106504,499106,4565,103391,4.623235392196821,0.17160417396269192
1814,0.23,162,3562,162,110066,495544,4727,103229,4.590240468338953,0.17240089315984522
1815,0.2301,0,1,0,110067,495543,4727,103229,4.590231205305865,0.17240118108395183
1816,0.2302,1,8,1,110075,495535,4728,103228,4.590157101041165,0.17240210233431258
1817,0.2303,0,21,0,110096,495514,4728,103228,4.589962577346326,0.1724081490859168
1818,0.2304,0,12,0,110108,495502,4728,103228,4.589851420949276,0.17241160456299168
1819,0.2305,0,26,0,110134,495476,4728,103228,4.589610582089,0.17241909190518187
1820,0.2306,0,5,0,110139,495471,4728,103228,4.589564266923562,0.1724205318532351
1821,0.2307,4,40,4,110179,495431,4732,103224,4.589193745600059,0.17242652278858442
1822,0.2308,8,94,8,110273,495337,4740,103216,4.588323020489829,0.17244254059373187
1823,0.2309,1,3,1,110276,495334,4741,103215,4.588295231390567,0.1724420222905727
1824,0.231,4,71,4,110347,495263,4745,103211,4.58763755604135,0.17245694883988277
1825,0.2311,0,10,0,110357,495253,4745,103211,4.587544925710475,0.17245983049941183
1826,0.2312,3,12,3,110369,495241,4748,103208,4.587433769313424,0.17245914021077818
1827,0.2313,1,30,1,110399,495211,4749,103207,4.5871558783207975,0.17246640308279496
1828,0.2314,1,9,1,110408,495202,4750,103206,4.58707251102301,0.17246761406933062
1829,0.2315,1,27,1,110435,495175,4751,103205,4.5868224091296455,0.17247401316888933
1830,0.2316,0,3,0,110438,495172,4751,103205,4.586794620030383,0.17247487787799332
1831,0.2317,23,332,23,110770,494840,4774,103182,4.583719293045315,0.17253880292029392
1832,0.2318,2,27,2,110797,494813,4776,103180,4.583469191151951,0.17254382576384675
1833,0.2319,1,3,1,110800,494810,4777,103179,4.583441402052689,0.17254330765281636
1834,0.232,2,81,2,110881,494729,4779,103177,4.582691096372597,0.17256391472907112
1835,0.2321,1,7,1,110888,494722,4780,103176,4.582626255140983,0.1725645511441751
1836,0.2322,1,15,1,110903,494707,4781,103175,4.58248730964467,0.17256749659631834
1837,0.2323,0,21,0,110924,494686,4781,103175,4.582292785949831,0.1725735580678452
1838,0.2324,0,15,0,110939,494671,4781,103175,4.582153840453518,0.1725778879510777
1839,0.2325,18,357,18,111296,494314,4799,103157,4.578846937641261,0.17265607870507524
1840,0.2326,0,1,0,111297,494313,4799,103157,4.578837674608174,0.17265636768373308
1841,0.2327,0,45,0,111342,494268,4799,103157,4.578420838119234,0.17266937272460978
1842,0.2328,1,8,1,111350,494260,4800,103156,4.578346733854533,0.17267030009239792
1843,0.2329,1,17,1,111367,494243,4801,103155,4.578189262292045,0.17267382883772628
1844,0.233,2,48,2,111415,494195,4803,103153,4.577744636703843,0.1726849340752794
1845,0.2331,1,3,1,111418,494192,4804,103152,4.57771684760458,0.17268441634970805
1846,0.2332,1,23,1,111441,494169,4805,103151,4.5775037978435655,0.1726896805732271
1847,0.2333,24,641,24,112082,493528,4829,103127,4.571566193634443,0.17284192707678642
1848,0.2334,0,2,0,112084,493526,4829,103127,4.571547667568269,0.1728425064484717
1849,0.2335,1,22,1,112106,493504,4830,103126,4.571343880840343,0.17284749342138345
1850,0.2336,0,3,0,112109,493501,4830,103126,4.57131609174108,0.17284836254477254
1851,0.2337,0,24,0,112133,493477,4830,103126,4.571093778946978,0.17285531584655123
1852,0.2338,3,20,3,112153,493457,4833,103123,4.570908518285227,0.17285695128901404
1853,0.2339,0,4,0,112157,493453,4833,103123,4.5708714661528775,0.17285811028267983
1854,0.234,4,135,4,112292,493318,4837,103119,4.569620956686057,0.1728916884767377
1855,0.2341,0,2,0,112294,493316,4837,103119,4.569602430619883,0.17289226822704906
1856,0.2342,9,109,9,112403,493207,4846,103110,4.568592760013339,0.17291138773504697
1857,0.2343,0,39,0,112442,493168,4846,103110,4.5682315017229245,0.1729226971312039
1858,0.2344,0,3,0,112445,493165,4846,103110,4.568203712623662,0.1729235671460316
1859,0.2345,4,25,4,112470,493140,4850,103106,4.567972136796473,0.1729252691003378
1860,0.2346,0,6,0,112476,493134,4850,103106,4.567916558597947,0.1729270092580169
1861,0.2347,1,25,1,112501,493109,4851,103105,4.567684982770759,0.1729328730959018
1862,0.2348,4,25,4,112526,493084,4855,103101,4.56745340694357,0.172934575677013
1863,0.2349,0,8,0,112534,493076,4855,103101,4.567379302678869,0.17293689625731956
1864,0.235,69,1250,69,113784,491826,4924,103032,4.555800511319426,0.1732043613770009
1865,0.2351,0,6,0,113790,491820,4924,103032,4.555744933120901,0.17320610841015915
1866,0.2352,0,16,0,113806,491804,4924,103032,4.5555967245915,0.17321076733755186
1867,0.2353,3,37,3,113843,491767,4927,103029,4.555253992367261,0.1732173720065367
1868,0.2354,1,9,1,113852,491758,4928,103028,4.555170625069473,0.17321860299334552
1869,0.2355,2,15,2,113867,491743,4930,103026,4.555031679573159,0.17322019136841363
1870,0.2356,0,6,0,113873,491737,4930,103026,4.554976101374634,0.1732219388226907
1871,0.2357,4,47,4,113920,491690,4934,103022,4.554540738819519,0.17323006766300328
1872,0.2358,9,138,9,114058,491552,4943,103013,4.5532624402534365,0.1732577598748665
1873,0.2359,0,3,0,114061,491549,4943,103013,4.553234651154174,0.1732586340869413
1874,0.236,7,118,7,114179,491431,4950,103006,4.552141613249843,0.17328329158514696
1875,0.2361,2,2,2,114181,491429,4952,103004,4.552123087183667,0.17328109307524986
1876,0.2362,3,10,3,114191,491419,4955,103001,4.552030456852792,0.17327983580633222
1877,0.2363,5,18,5,114209,491401,4960,102996,4.551863722257216,0.17327812892729944
1878,0.2364,3,13,3,114222,491388,4963,102993,4.551743302827077,0.17327774609215302
1879,0.2365,1,16,1,114238,491372,4964,102992,4.551595094297677,0.1732810197118264
1880,0.2366,0,3,0,114241,491369,4964,102992,4.5515673051984145,0.17328189433694338
1881,0.2367,39,688,39,114929,490681,5003,102953,4.545194338434177,0.17342840875017265
1882,0.2368,1,18,1,114947,490663,5004,102952,4.545027603838601,0.17343227512781853
1883,0.2369,0,4,0,114951,490659,5004,102952,4.544990551706251,0.17343344378726136
1884,0.237,2,55,2,115006,490604,5006,102950,4.544481084886435,0.1734467293624506
1885,0.2371,0,19,0,115025,490585,5006,102950,4.544305087257771,0.17345228166830937
1886,0.2372,0,12,0,115037,490573,5006,102950,4.544193930860721,0.1734557885709568
1887,0.2373,3,51,3,115088,490522,5009,102947,4.543721516173256,0.173466516363955
1888,0.2374,1,3,1,115091,490519,5010,102946,4.543693727073993,0.173466000522356
1889,0.2375,18,346,18,115437,490173,5028,102928,4.540488717625699,0.1735421117145309
1890,0.2376,1,4,1,115441,490169,5029,102927,4.540451665493349,0.1735418886655786
1891,0.2377,1,17,1,115458,490152,5030,102926,4.540294193930861,0.17354546956724073
1892,0.2378,0,14,0,115472,490138,5030,102926,4.540164511467635,0.17354956631999244
1893,0.2379,0,5,0,115477,490133,5030,102926,4.540118196302197,0.17355102949284978
1894,0.238,9,76,9,115553,490057,5039,102917,4.539414205787543,0.17356072947549134
1895,0.2381,0,3,0,115556,490054,5039,102917,4.539386416688281,0.17356160756596867
1896,0.2382,0,21,0,115577,490033,5039,102917,4.539191892993442,0.1735677544480985
1897,0.2383,17,373,17,115950,489660,5056,102900,4.535736781651784,0.17365330093155124
1898,0.2384,0,1,0,115951,489659,5056,102900,4.535727518618697,0.1736535939881092
1899,0.2385,3,22,3,115973,489637,5059,102897,4.535523731890771,0.17365585772293235
1900,0.2386,1,6,1,115979,489631,5060,102896,4.535468153692245,0.17365622157302538
1901,0.2387,4,22,4,116001,489609,5064,102892,4.535264366964319,0.17365709087410822
1902,0.2388,4,28,4,116029,489581,5068,102888,4.535005002037868,0.17365971890512416
1903,0.2389,0,3,0,116032,489578,5068,102888,4.534977212938605,0.17366059824530014
1904,0.239,7,75,7,116107,489503,5075,102881,4.534282485457038,0.17367282033275713
1905,0.2391,1,7,1,116114,489496,5076,102880,4.534217644225425,0.1736734776560833
1906,0.2392,12,103,12,116217,489393,5088,102868,4.533263551817407,0.173686938697635
1907,0.2393,4,39,4,116256,489354,5092,102864,4.532902293526993,0.17369279555839234
1908,0.2394,0,5,0,116261,489349,5092,102864,4.532855978361555,0.17369426203072205
1909,0.2395,1,33,1,116294,489316,5093,102863,4.5325502982696655,0.17370254602071333
1910,0.2396,1,10,1,116304,489306,5094,102862,4.53245766793879,0.17370408397616893
1911,0.2397,0,21,0,116325,489285,5094,102862,4.532263144243951,0.1737102442467833
1912,0.2398,0,17,0,116342,489268,5094,102862,4.532105672681463,0.17371523145255266
1913,0.2399,1,1,1,116343,489267,5095,102861,4.532096409648375,0.17371412937743191
1914,0.24,207,3551,207,119894,485716,5302,102654,4.49920337915447,0.17447184594727808
1915,0.2401,1,7,1,119901,485709,5303,102653,4.499138537922858,0.17447251861948937
1916,0.2402,0,15,0,119916,485694,5303,102653,4.498999592426544,0.17447696682400013
1917,0.2403,3,26,3,119942,485668,5306,102650,4.498758753566268,0.17448046804619272
1918,0.2404,0,12,0,119954,485656,5306,102650,4.498647597169217,0.1744840270199522
1919,0.2405,2,14,2,119968,485642,5308,102648,4.4985179147059915,0.17448537286032398
1920,0.2406,0,8,0,119976,485634,5308,102648,4.498443810441291,0.17448774567299358
1921,0.2407,1,39,1,120015,485595,5309,102647,4.498082552150876,0.17449791072381776
1922,0.2408,15,130,15,120145,485465,5324,102632,4.496878357849495,0.17451542857725852
1923,0.2409,0,6,0,120151,485459,5324,102632,4.4968227796509685,0.1745172090713852
1924,0.241,5,69,5,120220,485390,5329,102627,4.496183630367928,0.17453066833101763
1925,0.2411,1,6,1,120226,485384,5330,102626,4.496128052169403,0.17453104539038453
1926,0.2412,0,21,0,120247,485363,5330,102626,4.495933528474564,0.17453727875861624
1927,0.2413,0,25,0,120272,485338,5330,102626,4.495701952647375,0.1745447000156472
1928,0.2414,0,13,0,120285,485325,5330,102626,4.495581533217237,0.17454855931871874
1929,0.2415,2,23,2,120308,485302,5332,102624,4.495368483456223,0.17455257974643068
1930,0.2416,0,3,0,120311,485299,5332,102624,4.49534069435696,0.17455347043745525
1931,0.2417,20,353,20,120664,484946,5352,102604,4.492070843677054,0.17463024423453324
1932,0.2418,3,15,3,120679,484931,5355,102601,4.491931898180741,0.1746304882117059
1933,0.2419,1,5,1,120684,484926,5356,102600,4.491885583015303,0.17463056954075223
1934,0.242,8,80,8,120764,484846,5364,102592,4.491144540368298,0.17464311127301946
1935,0.2421,2,12,2,120776,484834,5366,102590,4.4910333839712475,0.1746438688238819
1936,0.2422,0,11,0,120787,484823,5366,102590,4.490931490607284,0.17464713923593791
1937,0.2423,1,38,1,120825,484785,5367,102589,4.490579495349958,0.17465703282746597
1938,0.2424,0,6,0,120831,484779,5367,102589,4.490523917151432,0.17465881695972543
1939,0.2425,22,348,22,121179,484431,5389,102567,4.487300381636963,0.1747314300900514
1940,0.2426,0,2,0,121181,484429,5389,102567,4.487281855570788,0.1747320254311784
1941,0.2427,1,48,1,121229,484381,5390,102566,4.486837229982585,0.17474490882481722
1942,0.2428,3,14,3,121243,484367,5393,102563,4.48670754751936,0.17474485884176988
1943,0.2429,1,15,1,121258,484352,5394,102562,4.486568602023047,0.17474791877515275
1944,0.243,3,42,3,121300,484310,5397,102559,4.486179554633369,0.1747562062402342
1945,0.2431,1,3,1,121303,484307,5398,102558,4.486151765534107,0.17475569338774677
1946,0.2432,2,24,2,121327,484283,5400,102556,4.485929452740005,0.17476002787817443
1947,0.2433,38,650,38,121977,483633,5438,102518,4.479908481233095,0.17490032431916008
1948,0.2434,1,6,1,121983,483627,5439,102517,4.47985290303457,0.1749007069935033
1949,0.2435,2,25,2,122008,483602,5441,102515,4.479621327207381,0.17490535166186955
1950,0.2436,1,6,1,122014,483596,5442,102514,4.479565749008856,0.17490573441845386
1951,0.2437,1,20,1,122034,483576,5443,102513,4.479380488347104,0.1749102951940746
1952,0.2438,0,27,0,122061,483549,5443,102513,4.479130386453741,0.17491835334828057
1953,0.2439,1,6,1,122067,483543,5444,102512,4.479074808255215,0.17491873629608143
1954,0.244,10,118,10,122185,483425,5454,102502,4.477981770350883,0.17493988158934476
1955,0.2441,0,1,0,122186,483424,5454,102502,4.477972507317796,0.17494018015926927
1956,0.2442,7,139,7,122325,483285,5461,102495,4.476684945718626,0.1749718324285568
1957,0.2443,2,57,2,122382,483228,5463,102493,4.4761569528326355,0.17498604284292352
1958,0.2444,0,8,0,122390,483220,5463,102493,4.476082848567935,0.1749884329014381
1959,0.2445,1,28,1,122418,483192,5464,102492,4.475823483641483,0.174995390005532
1960,0.2446,1,16,1,122434,483176,5465,102491,4.475675275112082,0.17499876209518378
1961,0.2447,4,37,4,122471,483139,5469,102487,4.475332542887843,0.17500418355742403
1962,0.2448,3,23,3,122494,483116,5472,102484,4.475119493126829,0.1750068306010929
1963,0.2449,0,6,0,122500,483110,5472,102484,4.475063914928304,0.1750086237222376
1964,0.245,78,1287,78,123787,481823,5550,102406,4.463142391344622,0.17528400678501066
1965,0.2451,0,8,0,123795,481815,5550,102406,4.463068287079921,0.1752864070274776
1966,0.2452,1,14,1,123809,481801,5551,102405,4.462938604616696,0.17528919593431083
1967,0.2453,2,38,2,123847,481763,5553,102403,4.462586609359368,0.17529777494753204
1968,0.2454,1,6,1,123853,481757,5554,102402,4.462531031160843,0.17529816368488715
1969,0.2455,2,30,2,123883,481727,5556,102400,4.462253140168217,0.175304343062382
1970,0.2456,0,4,0,123887,481723,5556,102400,4.462216088035866,0.1753055435242235
1971,0.2457,4,45,4,123932,481678,5560,102396,4.4617992515469265,0.17531340206891594
1972,0.2458,10,102,10,124034,481576,5570,102386,4.460854422171996,0.1753299016031865
1973,0.2459,0,6,0,124040,481570,5570,102386,4.46079884397347,0.17533170307351922
1974,0.246,13,142,13,124182,481428,5583,102373,4.459483493275038,0.17535598602948607
1975,0.2461,0,5,0,124187,481423,5583,102373,4.4594371781096,0.17535748788960528
1976,0.2462,0,18,0,124205,481405,5583,102373,4.459270443514024,0.17536289479905032
1977,0.2463,4,39,4,124244,481366,5587,102369,4.45890918522361,0.17536896023024146
1978,0.2464,0,10,0,124254,481356,5587,102369,4.458816554892734,0.17537196453809584
1979,0.2465,1,23,1,124277,481333,5588,102368,4.4586035051317205,0.17537746209103633
1980,0.2466,0,1,0,124278,481332,5588,102368,4.458594242098632,0.17537776254925475
1981,0.2467,39,632,39,124910,480700,5627,102329,4.452740005187299,0.17551271034545451
1982,0.2468,1,19,1,124929,480681,5628,102328,4.452564007558635,0.17551701603234254
1983,0.2469,0,5,0,124934,480676,5628,102328,4.452517692393197,0.17551852131374743
1984,0.247,1,37,1,124971,480639,5629,102327,4.452174960168958,0.1755282469303527
1985,0.2471,0,16,0,124987,480623,5629,102327,4.452026751639557,0.1755330645852989
1986,0.2472,0,12,0,124999,480611,5629,102327,4.4519155952425065,0.17553667800006176
1987,0.2473,5,49,5,125048,480562,5634,102322,4.451461706621216,0.175544362171547
1988,0.2474,1,4,1,125052,480558,5635,102321,4.451424654488866,0.17554415238840307
1989,0.2475,19,337,19,125389,480221,5654,102302,4.44830301233836,0.17561881676774993
1990,0.2476,1,14,1,125403,480207,5655,102301,4.448173329875134,0.1756216223639847
1991,0.2477,3,25,3,125428,480182,5658,102298,4.447941754047945,0.17562491416014284
1992,0.2478,1,13,1,125441,480169,5659,102297,4.4478213346178075,0.1756274185961069
1993,0.2479,0,15,0,125456,480154,5659,102297,4.447682389121494,0.1756319415710506
1994,0.248,3,77,3,125533,480077,5662,102294,4.446969135573752,0.17565091668369476
1995,0.2481,0,4,0,125537,480073,5662,102294,4.446932083441402,0.17565212314571396
1996,0.2482,1,17,1,125554,480056,5663,102293,4.446774611878913,0.17565583524656178
1997,0.2483,29,394,29,125948,479662,5692,102264,4.443124976842418,0.1757336843516186
1998,0.2484,0,4,0,125952,479658,5692,102264,4.443087924710067,0.1757348923051543
1999,0.2485,2,34,2,125986,479624,5694,102262,4.44277298158509,0.1757423275349467
2000,0.2486,0,13,0,125999,479611,5694,102262,4.442652562154952,0.17574625390763965
2001,0.2487,2,47,2,126046,479564,5696,102260,4.442217199599837,0.17575761742382576
2002,0.2488,2,21,2,126067,479543,5698,102258,4.442022675904998,0.17576112794580964
2003,0.2489,0,17,0,126084,479526,5698,102258,4.44186520434251,0.17576626376799637
2004,0.249,9,84,9,126168,479442,5707,102249,4.441087109563155,0.17577889291737367
2005,0.2491,0,4,0,126172,479438,5707,102249,4.441050057430805,0.17578010166979835
2006,0.2492,6,128,6,126300,479310,5713,102243,4.4398643891955984,0.17581028728250048
2007,0.2493,6,35,6,126335,479275,5719,102237,4.439540183037534,0.17581236500708497
2008,0.2494,0,12,0,126347,479263,5719,102237,4.439429026640483,0.1758159931212382
2009,0.2495,0,24,0,126371,479239,5719,102237,4.4392067138463815,0.1758232497987879
2010,0.2496,1,6,1,126377,479233,5720,102236,4.439151135647856,0.17582364666044106
2011,0.2497,1,15,1,126392,479218,5721,102235,4.439012190151543,0.1758267650179808
2012,0.2498,4,21,4,126413,479197,5725,102231,4.438817666456704,0.175827445530659
2013,0.2499,1,1,1,126414,479196,5726,102230,4.438808403423617,0.17582633043585943
2014,0.25,205,3717,205,130131,475479,5931,102025,4.4043777094371785,0.17666544300991854
2015,0.2501,0,5,0,130136,475474,5931,102025,4.404331394271741,0.1766669725835023
2016,0.2502,1,18,1,130154,475456,5932,102024,4.404164659676164,0.17667105354297985
2017,0.2503,4,23,4,130177,475433,5936,102020,4.4039516099151506,0.17667238718995312
2018,0.2504,0,5,0,130182,475428,5936,102020,4.403905294749713,0.17667391695875645
2019,0.2505,2,26,2,130208,475402,5938,102018,4.4036644558894364,0.17667902047036818
2020,0.2506,0,5,0,130213,475397,5938,102018,4.4036181407239985,0.1766805503840392
2021,0.2507,4,36,4,130249,475361,5942,102014,4.403284671532846,0.176685862740853
2022,0.2508,7,123,7,130372,475238,5949,102007,4.402145318463077,0.176713527185164
2023,0.2509,0,2,0,130374,475236,5949,102007,4.402126792396903,0.17671413945253558
2024,0.251,1,94,1,130468,475142,5950,102006,4.401256067286672,0.17674149438272332
2025,0.2511,2,6,2,130474,475136,5952,102004,4.401200489088147,0.17674047891326194
2026,0.2512,0,28,0,130502,475108,5952,102004,4.400941124161696,0.176749053909813
2027,0.2513,0,24,0,130526,475084,5952,102004,4.400718811367594,0.17675640456914718
2028,0.2514,0,13,0,130539,475071,5952,102004,4.400598391937456,0.17676038643157302
2029,0.2515,2,37,2,130576,475034,5954,102002,4.400255659713216,0.17676886710707823
2030,0.2516,2,6,2,130582,475028,5956,102000,4.400200081514691,0.17676785182001567
2031,0.2517,24,413,24,130995,474615,5980,101976,4.3963744488495315,0.17686020073154107
2032,0.2518,0,17,0,131012,474598,5980,101976,4.396216977287043,0.17686541536732492
2033,0.2519,1,6,1,131018,474592,5981,101975,4.396161399088517,0.1768658282558662
2034,0.252,5,89,5,131107,474503,5986,101970,4.3953369891437255,0.1768859946606346
2035,0.2521,2,8,2,131115,474495,5988,101968,4.395262884879025,0.17688559369812112
2036,0.2522,2,21,2,131136,474474,5990,101966,4.395068361184186,0.17688918187495664
2037,0.2523,6,37,6,131173,474437,5996,101960,4.394725628959947,0.1768919685563943
2038,0.2524,1,6,1,131179,474431,5997,101959,4.394670050761421,0.1768923818942036
2039,0.2525,29,316,29,131495,474115,6026,101930,4.391742932305754,0.1769479814945013
2040,0.2526,0,7,0,131502,474108,6026,101930,4.391678091074142,0.1769501317621407
2041,0.2527,6,40,6,131542,474068,6032,101924,4.391307569750639,0.17695384658120253
2042,0.2528,0,9,0,131551,474059,6032,101924,4.391224202452851,0.17695661156666082
2043,0.2529,0,11,0,131562,474048,6032,101924,4.391122309088888,0.176959991110679
2044,0.253,4,62,4,131624,473986,6036,101920,4.39054800103746,0.1769733255079822
2045,0.2531,0,1,0,131625,473985,6036,101920,4.3905387380043726,0.1769736328040215
2046,0.2532,1,32,1,131657,473953,6037,101919,4.39024232094557,0.1769820376750389
2047,0.2533,39,729,39,132386,473224,6076,101880,4.383489569824744,0.17715056754952146
2048,0.2535,1,24,1,132410,473200,6077,101879,4.383267257030642,0.17715652979851465
2049,0.2536,2,21,2,132431,473179,6079,101877,4.383072733335803,0.17716013744748338
2050,0.2537,2,24,2,132455,473155,6081,101875,4.382850420541702,0.17716466966940855
2051,0.2538,0,12,0,132467,473143,6081,101875,4.382739264144652,0.17716836690329693
2052,0.2539,0,1,0,132468,473142,6081,101875,4.382730001111564,0.17716867501308656
2053,0.254,8,137,8,132605,473005,6089,101867,4.381460965578569,0.17719944613757496
2054,0.2541,1,3,1,132608,473002,6090,101866,4.381433176479306,0.177198939582652
2055,0.2542,4,130,4,132738,472872,6094,101862,4.380228982177925,0.17723329401079455
2056,0.2543,3,59,3,132797,472813,6097,101859,4.379682463225759,0.17724719492162486
2057,0.2544,0,4,0,132801,472809,6097,101859,4.379645411093408,0.17724842865793816
2058,0.2545,1,19,1,132820,472790,6098,101858,4.3794694134647445,0.1772528574014005
2059,0.2546,1,13,1,132833,472777,6099,101857,4.379348994034607,0.17725543563381213
2060,0.2547,1,23,1,132856,472754,6100,101856,4.379135944273593,0.17726109883225144
2061,0.2548,5,21,5,132877,472733,6105,101851,4.378941420578754,0.17726041797195885
2062,0.2549,1,3,1,132880,472730,6106,101850,4.378913631479492,0.1772599115875944
2063,0.255,74,1359,74,134239,471371,6180,101776,4.366325169513505,0.17757399061671789
2064,0.2551,0,5,0,134244,471366,6180,101776,4.366278854348068,0.1775755397440774
2065,0.2552,1,21,1,134265,471345,6181,101775,4.366084330653229,0.17758061139028475
2066,0.2553,5,36,5,134301,471309,6186,101770,4.365750861462077,0.17758459130416573
2067,0.2554,1,5,1,134306,471304,6187,101769,4.365704546296639,0.177584705613421
2068,0.2555,3,18,3,134324,471286,6190,101766,4.3655378117010635,0.177585978235832
2069,0.2556,1,3,1,134327,471283,6191,101765,4.365510022601801,0.17758547277016934
2070,0.2557,5,45,5,134372,471238,6196,101760,4.365093186112861,0.1775922429048618
2071,0.2558,9,117,9,134489,471121,6205,101751,4.364009411241617,0.17761559301205157
2072,0.256,10,126,10,134615,470995,6215,101741,4.362842269072585,0.17764030897306962
2073,0.2561,1,3,1,134618,470992,6216,101740,4.362814479973323,0.17763980360797021
2074,0.2562,1,27,1,134645,470965,6217,101739,4.362564378079958,0.17764674247080517
2075,0.2563,1,28,1,134673,470937,6218,101738,4.362305013153507,0.17765399222944953
2076,0.2564,1,10,1,134683,470927,6219,101737,4.362212382822632,0.17765565846639567
2077,0.2565,4,23,4,134706,470904,6223,101733,4.361999333061617,0.17765704975403265
2078,0.2566,1,1,1,134707,470903,6224,101732,4.36199007002853,0.1776559239306015
2079,0.2567,44,644,44,135351,470259,6268,101688,4.356024676720145,0.17779269757512497
2080,0.2568,3,23,3,135374,470236,6271,101685,4.355811626959132,0.17779553469797402
2081,0.2569,0,9,0,135383,470227,6271,101685,4.355728259661343,0.17779833261061143
2082,0.257,4,51,4,135434,470176,6275,101681,4.355255844973878,0.1778084381235169
2083,0.2571,2,27,2,135461,470149,6277,101679,4.355005743080515,0.17781395804332772
2084,0.2572,1,25,1,135486,470124,6278,101678,4.354774167253326,0.17782029443758504
2085,0.2573,3,52,3,135538,470072,6281,101675,4.354292489532773,0.1778321530327225
2086,0.2574,2,5,2,135543,470067,6283,101673,4.354246174367335,0.17783083219645293
2087,0.2575,25,375,25,135918,469692,6308,101648,4.350772536959502,0.1779115762943256
2088,0.2576,0,4,0,135922,469688,6308,101648,4.350735484827152,0.1779128218771441
2089,0.2577,4,24,4,135946,469664,6312,101644,4.35051317203305,0.17791453996793324
2090,0.2578,2,18,2,135964,469646,6314,101642,4.350346437437475,0.17791726764784138
2091,0.2579,2,10,2,135974,469636,6316,101640,4.350253807106599,0.17791750397356093
2092,0.258,5,84,5,136058,469552,6321,101635,4.349475712327244,0.17793647264381018
2093,0.2581,2,2,2,136060,469550,6323,101633,4.349457186261069,0.17793421722985453
2094,0.2582,0,19,0,136079,469531,6323,101633,4.349281188632406,0.17794013628309907
2095,0.2583,26,421,26,136500,469110,6349,101607,4.345381451702545,0.1780339467722181
2096,0.2584,0,2,0,136502,469108,6349,101607,4.34536292563637,0.17803457067012432
2097,0.2585,2,29,2,136531,469079,6351,101605,4.345094297676831,0.1780407370804158
2098,0.2586,0,8,0,136539,469071,6351,101605,4.345020193412131,0.17804323293777904
2099,0.2587,3,46,3,136585,469025,6354,101602,4.3445940938901035,0.17805326421637951
2100,0.2588,4,21,4,136606,469004,6358,101598,4.3443995701952645,0.17805405519083353
2101,0.2589,0,6,0,136612,468998,6358,101598,4.344343991996739,0.1780559274863476
2102,0.259,5,73,5,136685,468925,6363,101593,4.343667790581348,0.17807150694631896
2103,0.2591,0,2,0,136687,468923,6363,101593,4.3436492645151725,0.17807213119351606
2104,0.2592,15,136,15,136823,468787,6378,101578,4.342389492015266,0.17809297555074383
2105,0.2593,2,67,2,136890,468720,6380,101576,4.3417688687983995,0.17811101603377896
2106,0.2594,0,4,0,136894,468716,6380,101576,4.341731816666049,0.1781122652956731
2107,0.2595,1,16,1,136910,468700,6381,101575,4.341583608136649,0.1781158213142782
2108,0.2596,2,9,2,136919,468691,6383,101573,4.34150024083886,0.1781157498982927
2109,0.2597,3,20,3,136939,468671,6386,101570,4.341314980177109,0.17811767305402454
2110,0.2598,1,22,1,136961,468649,6387,101569,4.341111193449183,0.17812310379539054
2111,0.2599,0,1,0,136962,468648,6387,101569,4.341101930416095,0.1781234161731411
2112,0.26,224,3641,224,140603,465007,6611,101345,4.307375226944311,0.1789434839110659
2113,0.2601,1,8,1,140611,464999,6612,101344,4.30730112267961,0.17894456186445318
2114,0.2602,1,26,1,140637,464973,6613,101343,4.307060283819334,0.17895132752738754
2115,0.2603,3,33,3,140670,464940,6616,101340,4.306754603727445,0.1789574062301335
2116,0.2604,1,10,1,140680,464930,6617,101339,4.306661973396569,0.17895911660359298
2117,0.2605,5,19,5,140699,464911,6622,101334,4.306485975767905,0.17895787159268514
2118,0.2606,0,9,0,140708,464902,6622,101334,4.306402608470117,0.1789607160265331
2119,0.2607,2,53,2,140761,464849,6624,101332,4.305911667716477,0.17897456820345437
2120,0.2608,7,123,7,140884,464726,6631,101325,4.304772314646708,0.17900330535587783
2121,0.2609,0,7,0,140891,464719,6631,101325,4.304707473415095,0.17900551900558967
2122,0.261,7,67,7,140958,464652,6638,101318,4.304086850198229,0.17901655564782587
2123,0.2611,0,4,0,140962,464648,6638,101318,4.304049798065878,0.1790178208584968
2124,0.2612,2,16,2,140978,464632,6640,101316,4.303901589536478,0.17901998063426322
2125,0.2613,6,25,6,141003,464607,6646,101310,4.303670013709289,0.17901918479211615
2126,0.2614,3,9,3,141012,464598,6649,101307,4.303586646411501,0.17901767964587695
2127,0.2615,3,31,3,141043,464567,6652,101304,4.303299492385787,0.17902313424791164
2128,0.2616,0,4,0,141047,464563,6652,101304,4.3032624402534365,0.1790243997264375
2129,0.2617,21,396,21,141443,464167,6673,101283,4.2995942791507655,0.17911928552480325
2130,0.2618,3,17,3,141460,464150,6676,101280,4.299436807588276,0.17912031551208815
2131,0.2619,0,8,0,141468,464142,6676,101280,4.299362703323577,0.17912284983605165
2132,0.262,8,90,8,141558,464052,6684,101272,4.298529030345696,0.179139749948702
2133,0.2621,1,13,1,141571,464039,6685,101271,4.298408610915558,0.17914241743468184
2134,0.2622,2,16,2,141587,464023,6687,101269,4.298260402386157,0.17914458368418446
2135,0.2623,8,38,8,141625,463985,6695,101261,4.29790840712883,0.17914500942952272
2136,0.2624,0,9,0,141634,463976,6695,101261,4.297825039831042,0.1791478618703305
2137,0.2625,29,359,29,141993,463617,6724,101232,4.29449961095261,0.17921957903793756
2138,0.2626,0,10,0,142003,463607,6724,101232,4.294406980621734,0.1792227519700304
2139,0.2627,4,51,4,142054,463556,6728,101228,4.293934565934269,0.17923312275135272
2140,0.2628,1,13,1,142067,463543,6729,101227,4.293814146504132,0.17923579510243107
2141,0.2629,0,27,0,142094,463516,6729,101227,4.2935640446107675,0.17924436425064144
2142,0.263,6,58,6,142152,463458,6735,101221,4.293026788691689,0.1792540540731991
2143,0.2631,0,9,0,142161,463449,6735,101221,4.292943421393901,0.17925691111622719
2144,0.2632,1,23,1,142184,463426,6736,101220,4.292730371632888,0.17926275932176974
2145,0.2633,57,721,57,142905,462705,6793,101163,4.286051724776761,0.1794090106195067
2146,0.2634,2,7,2,142912,462698,6795,101161,4.2859868835451485,0.17940832725911973
2147,0.2635,1,33,1,142945,462665,6796,101160,4.285681203453259,0.17941737241165256
2148,0.2636,2,9,2,142954,462656,6798,101158,4.285597836155471,0.17941732557190845
2149,0.2637,1,31,1,142985,462625,6799,101157,4.285310682129756,0.17942573547931648
2150,0.2638,2,19,2,143004,462606,6801,101155,4.285134684501093,0.1794288714543929
2151,0.2639,0,6,0,143010,462600,6801,101155,4.285079106302567,0.17943078110171973
2152,0.264,13,137,13,143147,462463,6814,101142,4.283810070769573,0.1794554696995236
2153,0.2641,0,6,0,143153,462457,6814,101142,4.283754492571047,0.17945738015858792
2154,0.2642,3,135,3,143288,462322,6817,101139,4.2825039831042275,0.17949600770949542
2155,0.2643,3,53,3,143341,462269,6820,101136,4.282013042350587,0.1795085240635067
2156,0.2644,0,5,0,143346,462264,6820,101136,4.281966727185149,0.1795101171458999
2157,0.2645,3,16,3,143362,462248,6823,101133,4.281818518655749,0.17951084612367119
2158,0.2646,1,8,1,143370,462240,6824,101132,4.281744414391048,0.17951193882550073
2159,0.2647,1,30,1,143400,462210,6825,101131,4.2814665233984215,0.17952004203493088
2160,0.2648,2,24,2,143424,462186,6827,101129,4.281244210604321,0.1795247774335851
2161,0.2649,0,5,0,143429,462181,6827,101129,4.281197895438883,0.1795263709147716
2162,0.265,96,1377,96,144806,460804,6923,101033,4.268442698877321,0.1798261773432508
2163,0.2651,0,4,0,144810,460800,6923,101033,4.26840564674497,0.17982745762530858
2164,0.2652,0,26,0,144836,460774,6923,101033,4.268164807884694,0.1798357799030628
2165,0.2653,0,42,0,144878,460732,6923,101033,4.267775760495017,0.17984922520982974
2166,0.2654,0,10,0,144888,460722,6923,101033,4.267683130164141,0.17985242676967717
2167,0.2655,3,35,3,144923,460687,6926,101030,4.267358924006077,0.17985925296902178
2168,0.2656,0,5,0,144928,460682,6926,101030,4.267312608840639,0.17986085396074858
2169,0.2657,6,52,6,144980,460630,6932,101024,4.266830931120086,0.1798687448144231
2170,0.2658,10,119,10,145099,460511,6942,101014,4.265728630182667,0.17989225769110903
2171,0.2659,0,5,0,145104,460506,6942,101014,4.265682315017229,0.17989385952414874
2172,0.266,9,135,9,145239,460371,6951,101005,4.26443180555041,0.1799239725246537
2173,0.2661,1,6,1,145245,460365,6952,101004,4.264376227351884,0.1799244347300973
2174,0.2662,2,27,2,145272,460338,6954,101002,4.26412612545852,0.1799301671001532
2175,0.2663,3,20,3,145292,460318,6957,100999,4.263940864796769,0.1799321951767005
2176,0.2664,1,10,1,145302,460308,6958,100998,4.263848234465893,0.17993393977616487
2177,0.2665,2,31,2,145333,460277,6960,100996,4.263561080440179,0.17994095564903353
2178,0.2666,1,7,1,145340,460270,6961,100995,4.263496239208567,0.17994173875085745
2179,0.2667,47,741,47,146081,459529,7008,100948,4.256632331690689,0.1801108698483613
2180,0.2668,5,27,5,146108,459502,7013,100943,4.256382229797325,0.18011223224402037
2181,0.2669,1,8,1,146116,459494,7014,100942,4.256308125532624,0.18011334032788756
2182,0.267,2,51,2,146167,459443,7016,100940,4.255835710845159,0.18012680613080698
2183,0.2671,3,15,3,146182,459428,7019,100937,4.255696765348846,0.18012723849633722
2184,0.2672,0,16,0,146198,459412,7019,100937,4.255548556819445,0.18013238178349564
2185,0.2673,3,65,3,146263,459347,7022,100934,4.254946459668754,0.1801488895750525
2186,0.2674,1,3,1,146266,459344,7023,100933,4.2549186705694915,0.18014839088522286
2187,0.2675,27,370,27,146636,458974,7050,100906,4.251491348327097,0.18022790597985283
2188,0.2676,2,7,2,146643,458967,7052,100904,4.251426507095483,0.1802272309156931
2189,0.2677,4,39,4,146682,458928,7056,100900,4.251065248805069,0.18023392899247626
2190,0.2678,1,18,1,146700,458910,7057,100899,4.250898514209493,0.18023825983505087
2191,0.2679,2,21,2,146721,458889,7059,100897,4.250703990514654,0.18024209251392495
2192,0.268,3,100,3,146821,458789,7062,100894,4.249777687205898,0.18026990278425467
2193,0.2681,0,5,0,146826,458784,7062,100894,4.249731372040461,0.18027151326298335
2194,0.2682,3,28,3,146854,458756,7065,100891,4.24947200711401,0.18027613835149656
2195,0.2683,31,400,31,147254,458356,7096,100860,4.245766793878988,0.18035964636204974
2196,0.2684,1,3,1,147257,458353,7097,100859,4.245739004779725,0.18035914823000937
2197,0.2685,4,31,4,147288,458322,7101,100855,4.245451850754011,0.1803632838975852
2198,0.2686,2,13,2,147301,458309,7103,100853,4.245331431323873,0.18036454551632622
2199,0.2687,2,40,2,147341,458269,7105,100851,4.244960910000371,0.18037451709829733
2200,0.2688,2,28,2,147369,458241,7107,100849,4.244701545073919,0.18038061850507073
2201,0.2689,3,10,3,147379,458231,7110,100846,4.2446089147430435,0.18037944683827092
2202,0.269,12,75,12,147454,458156,7122,100834,4.243914187261477,0.18038605341777134
2203,0.2691,0,2,0,147456,458154,7122,100834,4.243895661195301,0.18038669882001046
2204,0.2692,7,139,7,147595,458015,7129,100827,4.242608099596132,0.1804212997591448
2205,0.2693,4,44,4,147639,457971,7133,100823,4.242200526140279,0.18042963954516333
2206,0.2694,1,3,1,147642,457968,7134,100822,4.242172737041017,0.18042914153796596
2207,0.2695,4,38,4,147680,457930,7138,100818,4.241820741783689,0.1804355451831595
2208,0.2696,0,14,0,147694,457916,7138,100818,4.2416910593204635,0.18044006629272605
2209,0.2697,4,20,4,147714,457896,7142,100814,4.241505798658713,0.18044065794419287
2210,0.2698,1,14,1,147728,457882,7143,100813,4.241376116195487,0.18044371258020925
2211,0.2699,0,5,0,147733,457877,7143,100813,4.241329801030049,0.1804453274624568
2212,0.27,224,3658,224,151391,454219,7367,100589,4.207445625995776,0.18130416288157344
2213,0.2701,0,6,0,151397,454213,7367,100589,4.207390047797251,0.18130612362608642
2214,0.2702,2,17,2,151414,454196,7369,100587,4.207232576234762,0.18130872791704145
2215,0.2703,3,26,3,151440,454170,7372,100584,4.206991737374486,0.18131279810510606
2216,0.2704,1,15,1,151455,454155,7373,100583,4.206852791878172,0.1813162249566462
2217,0.2705,2,23,2,151478,454132,7375,100581,4.206639742117159,0.18132079111180016
2218,0.2706,0,4,0,151482,454128,7375,100581,4.206602689984809,0.1813220986138678
2219,0.2707,5,60,5,151542,454068,7380,100576,4.206046907999555,0.18133433337420038
2220,0.2708,10,123,10,151665,453945,7390,100566,4.204907554929786,0.18135979268220107
2221,0.2709,0,5,0,151670,453940,7390,100566,4.204861239764348,0.1813614280097961
2222,0.271,3,88,3,151758,453852,7393,100563,4.204046092852644,0.18138578501663916
2223,0.2711,0,10,0,151768,453842,7393,100563,4.203953462521768,0.1813890567365013
2224,0.2712,2,22,2,151790,453820,7395,100561,4.2037496757938415,0.18139330171849324
2225,0.2713,1,28,1,151818,453792,7396,100560,4.20349031086739,0.1814009870984501
2226,0.2714,1,12,1,151830,453780,7397,100559,4.20337915447034,0.18140343724688324
2227,0.2715,1,37,1,151867,453743,7398,100558,4.2030364222461,0.18141406925118303
2228,0.2716,1,3,1,151870,453740,7399,100557,4.203008633146838,0.1814135743112447
2229,0.2717,33,433,33,152303,453307,7432,100524,4.1989977398199265,0.18150663288981655
2230,0.2718,2,24,2,152327,453283,7434,100522,4.198775427025826,0.18151154287158838
2231,0.2719,0,15,0,152342,453268,7434,100522,4.198636481529512,0.18151645930767982
2232,0.272,11,93,11,152435,453175,7445,100511,4.1977750194523695,0.18153068706812164
2233,0.2721,0,12,0,152447,453163,7445,100511,4.197663863055319,0.181534621455947
2234,0.2722,1,11,1,152458,453152,7446,100510,4.197561969691356,0.18153674985821674
2235,0.2723,7,40,7,152498,453112,7453,100503,4.197191448367853,0.18153951753474887
2236,0.2724,0,8,0,152506,453104,7453,100503,4.1971173441031535,0.18154214090501022
2237,0.2725,35,404,35,152910,452700,7488,100468,4.193375078735781,0.18162294275880023
2238,0.2726,2,10,2,152920,452690,7490,100466,4.193282448404906,0.1816232672157583
2239,0.2727,3,45,3,152965,452645,7493,100463,4.192865611915966,0.1816336050102331
2240,0.2728,1,12,1,152977,452633,7494,100462,4.192754455518915,0.18163606613692043
2241,0.2729,1,19,1,152996,452614,7495,100461,4.192578457890251,0.18164082628938208
2242,0.273,5,53,5,153049,452561,7500,100456,4.192087517136612,0.18165083532694293
2243,0.2731,0,6,0,153055,452555,7500,100456,4.192031938938086,0.18165280618287882
2244,0.2732,3,16,3,153071,452539,7503,100453,4.191883730408685,0.1816536224755512
2245,0.2733,55,763,55,153834,451776,7558,100398,4.184816036162881,0.18182312097273687
2246,0.2734,0,2,0,153836,451774,7558,100398,4.184797510096706,0.18182377954695275
2247,0.2735,4,28,4,153864,451746,7562,100394,4.184538145170254,0.18182707284384395
2248,0.2736,3,12,3,153876,451734,7565,100391,4.184426988773204,0.1818265791261037
2249,0.2737,1,44,1,153920,451690,7566,100390,4.184019415317351,0.1818395884654398
2250,0.2738,2,24,2,153944,451666,7568,100388,4.1837971025232505,0.18184452970180454
2251,0.2739,0,13,0,153957,451653,7568,100388,4.183676683093112,0.18184881195418456
2252,0.274,8,129,8,154086,451524,7576,100380,4.182481751824818,0.1818794572969212
2253,0.2741,0,5,0,154091,451519,7576,100380,4.18243543665938,0.1818811050572659
2254,0.2742,10,124,10,154215,451395,7586,100370,4.181286820556523,0.18190715250151784
2255,0.2743,5,48,5,154263,451347,7591,100365,4.180842194968321,0.18191556464242215
2256,0.2744,1,6,1,154269,451341,7592,100364,4.180786616769795,0.18191606021333864
2257,0.2745,2,24,2,154293,451317,7594,100362,4.180564303975694,0.18192100841250075
2258,0.2746,0,16,0,154309,451301,7594,100362,4.180416095446293,0.18192628470642402
2259,0.2747,4,41,4,154350,451260,7598,100358,4.180036311089704,0.18193387452911253
2260,0.2748,0,19,0,154369,451241,7598,100358,4.17986031346104,0.18194014129829822
2261,0.2749,1,7,1,154376,451234,7599,100357,4.179795472229427,0.18194096712963048
2262,0.275,98,1376,98,155752,449858,7697,100259,4.167049538700952,0.1822503212952881
2263,0.2751,1,5,1,155757,449853,7698,100258,4.167003223535515,0.18225049126449025
2264,0.2752,4,21,4,155778,449832,7702,100254,4.166808699840676,0.18225150249233757
2265,0.2753,2,37,2,155815,449795,7704,100252,4.166465967616436,0.18226078862351763
2266,0.2754,1,4,1,155819,449791,7705,100251,4.166428915484086,0.18226062737027354
2267,0.2755,1,23,1,155842,449768,7706,100250,4.166215865723072,0.18226676217869234
2268,0.2756,0,18,0,155860,449750,7706,100250,4.1660491311274965,0.18227272727272728
2269,0.2757,3,42,3,155902,449708,7709,100247,4.165660083737819,0.18228218672436836
2270,0.2758,9,126,9,156028,449582,7718,100238,4.1644929415687875,0.18231057436979375
2271,0.2759,0,3,0,156031,449579,7718,100238,4.164465152469525,0.1823115691220897
2272,0.276,11,136,11,156167,449443,7729,100227,4.163205379969617,0.18234031327887643
2273,0.2761,0,6,0,156173,449437,7729,100227,4.163149801771092,0.18234230366187343
2274,0.2762,3,30,3,156203,449407,7732,100224,4.162871910778465,0.18234779333771203
2275,0.2763,2,29,2,156232,449378,7734,100222,4.162603282818926,0.18235443959243086
2276,0.2764,0,4,0,156236,449374,7734,100222,4.162566230686576,0.18235576678141763
2277,0.2765,4,23,4,156259,449351,7738,100218,4.162353180925562,0.1823574473814935
2278,0.2766,0,5,0,156264,449346,7738,100218,4.162306865760124,0.1823591064916916
2279,0.2767,36,750,36,157014,448596,7774,100182,4.1553595909444585,0.18255469424794726
2280,0.2768,3,21,3,157035,448575,7777,100179,4.15516506724962,0.1825572114280716
2281,0.2769,0,7,0,157042,448568,7777,100179,4.155100226018007,0.1825595401888302
2282,0.277,5,66,5,157108,448502,7782,100174,4.154488865834229,0.18257405098819704
2283,0.2771,0,20,0,157128,448482,7782,100174,4.154303605172478,0.18258070630777756
2284,0.2772,1,22,1,157150,448460,7783,100173,4.154099818444552,0.18258653781307357
2285,0.2773,1,40,1,157190,448420,7784,100172,4.153729297121049,0.18259836089479978
2286,0.2774,0,10,0,157200,448410,7784,100172,4.153636666790174,0.18260168944660962
2287,0.2775,22,391,22,157591,448019,7806,100150,4.15001482085294,0.18269913110737748
2288,0.2776,1,12,1,157603,448007,7807,100149,4.1499036644558895,0.1827016396792154
2289,0.2777,2,45,2,157648,447962,7809,100147,4.14948682796695,0.18271365731998562
2290,0.2778,0,23,0,157671,447939,7809,100147,4.149273778205936,0.18272132475560404
2291,0.2779,1,15,1,157686,447924,7810,100146,4.149134832709622,0.1827248344189611
2292,0.278,6,90,6,157776,447834,7816,100140,4.1483011597317425,0.18274589670312824
2293,0.2781,0,13,0,157789,447821,7816,100140,4.148180740301604,0.18275023222455614
2294,0.2782,3,30,3,157819,447791,7819,100137,4.147902849308978,0.18275576353097486
2295,0.2783,38,430,38,158249,447361,7857,100099,4.143919745081329,0.18284258210645526
2296,0.2784,0,8,0,158257,447353,7857,100099,4.143845640816629,0.18284525401313723
2297,0.2785,2,25,2,158282,447328,7859,100097,4.14361406498944,0.18285061880622916
2298,0.2786,1,13,1,158295,447315,7860,100096,4.143493645559302,0.18285346841769712
2299,0.2787,4,43,4,158338,447272,7864,100092,4.143095335136537,0.18286186157657427
2300,0.2788,8,31,8,158369,447241,7872,100084,4.142808181110823,0.1828602749737359
2301,0.2789,1,5,1,158374,447236,7873,100083,4.142761865945385,0.18286045249662444
2302,0.279,5,87,5,158461,447149,7878,100078,4.141955982066768,0.18288205808558422
2303,0.2791,0,9,0,158470,447140,7878,100078,4.14187261476898,0.1828850659152294
2304,0.2792,10,156,10,158626,446984,7888,100068,4.140427581607321,0.1829222816112545
2305,0.2793,4,70,4,158696,446914,7892,100064,4.1397791692911925,0.1829397160397676
2306,0.2794,1,10,1,158706,446904,7893,100063,4.1396865389603175,0.1829415668586953
2307,0.2795,0,18,0,158724,446886,7893,100063,4.139519804364741,0.18294758743502593
2308,0.2796,2,5,2,158729,446881,7895,100061,4.139473489199303,0.1829462721824252
2309,0.2797,0,16,0,158745,446865,7895,100061,4.139325280669903,0.1829516241685347
2310,0.2798,0,17,0,158762,446848,7895,100061,4.139167809107414,0.18295731099689344
2311,0.2799,0,5,0,158767,446843,7895,100061,4.1391214939419765,0.18295898366075217
2312,0.28,275,3823,275,162590,443020,8170,99786,4.103708918448257,0.18383363485296772
2313,0.2801,0,2,0,162592,443018,8170,99786,4.103690392382082,0.18383431220108917
2314,0.2802,2,29,2,162621,442989,8172,99784,4.103421764422542,0.18384112695362517
2315,0.2803,4,37,4,162658,442952,8176,99780,4.103079032198303,0.18384764487813507
2316,0.2804,1,12,1,162670,442940,8177,99779,4.102967875801252,0.18385020609191866
2317,0.2805,3,23,3,162693,442917,8180,99776,4.102754826040239,0.18385348622517703
2318,0.2806,1,5,1,162698,442912,8181,99775,4.102708510874801,0.18385367624431762
2319,0.2807,6,69,6,162767,442843,8187,99769,4.102069361591759,0.1838680309318629
2320,0.2808,12,118,12,162885,442725,8199,99757,4.100976323687428,0.18388997238618054
2321,0.2809,0,2,0,162887,442723,8199,99757,4.100957797621253,0.18389065034655655
2322,0.281,15,97,15,162984,442626,8214,99742,4.100059283411761,0.18390096760870847
2323,0.2811,1,7,1,162991,442619,8215,99741,4.099994442180147,0.18390183641861493
2324,0.2812,1,25,1,163016,442594,8216,99740,4.099762866352958,0.1839088089627425
2325,0.2813,1,37,1,163053,442557,8217,99739,4.099420134128719,0.18391985188900525
2326,0.2814,3,13,3,163066,442544,8220,99736,4.099299714698581,0.18391974625654645
2327,0.2815,3,30,3,163096,442514,8223,99733,4.099021823705955,0.18392540668735835
2328,0.2816,1,1,1,163097,442513,8224,99732,4.0990125606728665,0.18392424088742174
2329,0.2817,26,391,26,163488,442122,8250,99706,4.095390714735633,0.1840178063887433
2330,0.2818,2,31,2,163519,442091,8252,99704,4.095103560709918,0.1840253232311114
2331,0.2819,0,7,0,163526,442084,8252,99704,4.095038719478306,0.18402770087192777
2332,0.282,7,87,7,163613,441997,8259,99697,4.094232835599689,0.18404671271972736
2333,0.2821,0,4,0,163617,441993,8259,99697,4.094195783467338,0.18404807177536966
2334,0.2822,1,19,1,163636,441974,8260,99696,4.094019785838675,0.18405302121217715
2335,0.2823,1,33,1,163669,441941,8261,99695,4.093714105746786,0.18406272847447364
2336,0.2824,1,11,1,163680,441930,8262,99694,4.093612212382823,0.18406496019378757
2337,0.2825,30,399,30,164079,441531,8292,99664,4.089916262180888,0.18415543380851634
2338,0.2826,0,10,0,164089,441521,8292,99664,4.089823631850013,0.18415883662703142
2339,0.2827,1,38,1,164127,441483,8293,99663,4.089471636592686,0.18417026089077623
2340,0.2828,0,11,0,164138,441472,8293,99663,4.089369743228723,0.18417400463839892
2341,0.2829,2,20,2,164158,441452,8295,99661,4.089184482566972,0.1841777965046118
2342,0.283,4,66,4,164224,441386,8299,99657,4.088573122383194,0.1841942322514107
2343,0.2831,2,5,2,164229,441381,8301,99655,4.088526807217756,0.18419291877065483
2344,0.2832,1,19,1,164248,441362,8302,99654,4.088350809589092,0.18419787954515207
2345,0.2833,38,788,38,165036,440574,8340,99616,4.081051539516099,0.1844091893592995
2346,0.2834,0,3,0,165039,440571,8340,99616,4.081023750416836,0.18441021350013978
2347,0.2835,3,29,3,165068,440542,8343,99613,4.0807551224572975,0.18441558441558442
2348,0.2836,1,13,1,165081,440529,8344,99612,4.080634703027159,0.18441851294384243
2349,0.2837,5,34,5,165115,440495,8349,99607,4.080319759902182,0.18442257203269014
2350,0.2838,1,22,1,165137,440473,8350,99606,4.080115973174256,0.18442857433819868
2351,0.2839,1,5,1,165142,440468,8351,99605,4.080069658008818,0.18442877166605257
2352,0.284,5,161,5,165303,440307,8356,99600,4.078578309681722,0.18447621534819886
2353,0.2841,1,7,1,165310,440300,8357,99599,4.078513468450109,0.18447709664214973
2354,0.2842,14,140,14,165450,440160,8371,99585,4.077216643817851,0.18450379345802184
2355,0.2843,5,59,5,165509,440101,8376,99580,4.076670124865686,0.1845164087674015
2356,0.2844,0,5,0,165514,440096,8376,99580,4.076623809700248,0.18451811827837444
2357,0.2845,1,28,1,165542,440068,8377,99579,4.076364444773796,0.18452618100350784
2358,0.2846,0,6,0,165548,440062,8377,99579,4.076308866575271,0.18452823265837845
2359,0.2847,3,38,3,165586,440024,8380,99576,4.075956871317945,0.1845366938472943
2360,0.2848,6,23,6,165609,440001,8386,99570,4.07574382155693,0.18453549208537895
2361,0.2849,1,8,1,165617,439993,8387,99569,4.0756697172922305,0.18453671681845646
2362,0.285,93,1393,93,167010,438600,8480,99476,4.062766312201267,0.18487351229194388
2363,0.2851,0,7,0,167017,438593,8480,99476,4.062701470969654,0.18487591740092812
2364,0.2852,2,13,2,167030,438580,8482,99474,4.062581051539516,0.1848773543175964
2365,0.2853,1,30,1,167060,438550,8483,99473,4.06230316054689,0.1848861479899558
2366,0.2854,1,10,1,167070,438540,8484,99472,4.062210530216014,0.1848880694110912
2367,0.2855,2,21,2,167091,438519,8486,99470,4.0620160065211754,0.18489225616137134
2368,0.2856,0,4,0,167095,438515,8486,99470,4.061978954388825,0.18489363086331403
2369,0.2857,4,48,4,167143,438467,8490,99466,4.061534328800622,0.18490406797872597
2370,0.2858,14,161,14,167304,438306,8504,99452,4.0600429804735265,0.1849382064051116
2371,0.2859,1,3,1,167307,438303,8505,99451,4.060015191374264,0.18493772245301754
2372,0.286,13,141,13,167448,438162,8518,99438,4.058709103708918,0.18496651785714285
2373,0.2861,0,3,0,167451,438159,8518,99438,4.058681314609656,0.18496755004213195
2374,0.2862,2,36,2,167487,438123,8520,99436,4.058347845418504,0.18497690486067575
2375,0.2863,1,40,1,167527,438083,8521,99435,4.057977324095002,0.18498915385159195
2376,0.2864,2,13,2,167540,438070,8523,99433,4.057856904664863,0.184990595401328
2377,0.2865,0,24,0,167564,438046,8523,99433,4.057634591870762,0.18499885576924865
2378,0.2866,0,6,0,167570,438040,8523,99433,4.057579013672237,0.18500092097649556
2379,0.2867,63,728,63,168298,437312,8586,99370,4.050835525584497,0.1851562005060725
2380,0.2868,4,14,4,168312,437298,8590,99366,4.050705843121271,0.18515495729171325
2381,0.2869,1,5,1,168317,437293,8591,99365,4.050659527955834,0.18515516399643722
2382,0.287,6,54,6,168371,437239,8597,99359,4.050159324169106,0.18516468566785563
2383,0.2871,2,22,2,168393,437217,8599,99357,4.049955537441179,0.18516924040300126
2384,0.2872,2,25,2,168418,437192,8601,99355,4.049723961613991,0.18517483090950093
2385,0.2873,3,58,3,168476,437134,8604,99352,4.049186705694913,0.18519029387532945
2386,0.2874,6,12,6,168488,437122,8610,99346,4.0490755492978625,0.18518532326252451
2387,0.2875,26,384,26,168872,436738,8636,99320,4.045518544592241,0.18527845867424794
2388,0.2876,1,11,1,168883,436727,8637,99319,4.045416651228278,0.1852807408319435
2389,0.2877,2,33,2,168916,436694,8639,99317,4.045110971136389,0.18528910787278619
2390,0.2878,3,18,3,168934,436676,8642,99314,4.044944236540813,0.1852907703501931
2391,0.2879,2,13,2,168947,436663,8644,99312,4.044823817110674,0.1852922244507673
2392,0.288,9,92,9,169039,436571,8653,99303,4.04397161806662,0.18531035280681651
2393,0.2881,0,4,0,169043,436567,8653,99303,4.043934565934269,0.18531173605538656
2394,0.2882,1,14,1,169057,436553,8654,99302,4.043804883471044,0.18531505724496367
2395,0.2883,47,384,47,169441,436169,8701,99255,4.040247878765423,0.1853764493186708
2396,0.2884,1,1,1,169442,436168,8702,99254,4.040238615732336,0.18537527408287294
2397,0.2885,4,36,4,169478,436132,8706,99250,4.039905146541184,0.18538165272646448
2398,0.2886,1,14,1,169492,436118,8707,99249,4.039775464077958,0.18538497890232308
2399,0.2887,3,55,3,169547,436063,8710,99246,4.039265997258142,0.1853994608721318
2400,0.2888,1,23,1,169570,436040,8711,99245,4.039052947497129,0.18540590526541936
2401,0.2889,2,4,2,169574,436036,8713,99243,4.039015895364778,0.18540424713093545
2402,0.289,5,92,5,169666,435944,8718,99238,4.038163696320724,0.18542850843264536
2403,0.2891,1,3,1,169669,435941,8719,99237,4.03813590722146,0.1854280258157099
2404,0.2892,9,166,9,169835,435775,8728,99228,4.0365982437289265,0.18547185716715608
2405,0.2893,4,61,4,169896,435714,8732,99224,4.0360331987105855,0.1854869162407606
2406,0.2894,0,5,0,169901,435709,8732,99224,4.0359868835451485,0.18548864998046485
2407,0.2895,4,32,4,169933,435677,8736,99220,4.035690466486346,0.18549365578793675
2408,0.2896,0,11,0,169944,435666,8736,99220,4.035588573122383,0.18549747048903878
2409,0.2897,3,22,3,169966,435644,8739,99217,4.035384786394457,0.18550053191389912
2410,0.2898,2,24,2,169990,435620,8741,99215,4.035162473600356,0.18550581020314677
2411,0.2899,0,7,0,169997,435613,8741,99215,4.035097632368743,0.18550823816254947
2412,0.29,247,3951,247,173948,431662,8988,98968,3.998499388639816,0.18651037446054688
2413,0.2901,0,4,0,173952,431658,8988,98968,3.998462336507466,0.18651178042538435
2414,0.2902,1,16,1,173968,431642,8989,98967,3.998314127978065,0.18651587138552117
2415,0.2903,3,24,3,173992,431618,8992,98964,3.998091815183964,0.18651970854646407
2416,0.2904,0,7,0,173999,431611,8992,98964,3.998026973952351,0.186522169344579
2417,0.2905,0,17,0,174016,431594,8992,98964,3.9978695023898627,0.18652814583890923
2418,0.2906,1,5,1,174021,431589,8993,98963,3.9978231872244248,0.1865283704519067
2419,0.2907,3,53,3,174074,431536,8996,98960,3.9973322464707843,0.18654240559778018
2420,0.2908,10,142,10,174216,431394,9006,98950,3.996016895772352,0.1865770141643914
2421,0.2909,1,1,1,174217,431393,9007,98949,3.996007632739264,0.18657583219884527
2422,0.291,7,82,7,174299,431311,9014,98942,3.9952480640260846,0.18659394666319662
2423,0.2911,0,5,0,174304,431306,9014,98942,3.995201748860647,0.18659570616013638
2424,0.2912,4,23,4,174327,431283,9018,98938,3.994988699099633,0.18659766399293878
2425,0.2913,4,32,4,174359,431251,9022,98934,3.9946922820408313,0.1866027895923121
2426,0.2914,1,19,1,174378,431232,9023,98933,3.994516284412168,0.1866079428102572
2427,0.2915,1,26,1,174404,431206,9024,98932,3.9942754455518914,0.18661556047670608
2428,0.2916,0,10,0,174414,431196,9024,98932,3.994182815221016,0.1866190806748559
2429,0.2917,37,419,37,174833,430777,9061,98895,3.990301604357331,0.18670988838375446
2430,0.2918,0,26,0,174859,430751,9061,98895,3.9900607654970544,0.186719053858615
2431,0.2919,0,3,0,174862,430748,9061,98895,3.9900329763977918,0.18672011147131182
2432,0.292,7,91,7,174953,430657,9068,98888,3.9891900403868243,0.18674144784673635
2433,0.2921,3,13,3,174966,430644,9071,98885,3.9890696209566863,0.18674142492668014
2434,0.2922,3,24,3,174990,430620,9074,98882,3.9888473081625846,0.18674528141536764
2435,0.2923,8,45,8,175035,430575,9082,98874,3.9884304716736447,0.18674886532980514
2436,0.2924,0,6,0,175041,430569,9082,98874,3.9883748934751195,0.18675098169208015
2437,0.2925,33,370,33,175411,430199,9115,98841,3.9849475712327243,0.18683086345077876
2438,0.2926,0,7,0,175418,430192,9115,98841,3.9848827300011114,0.18683333553861478
2439,0.2927,3,48,3,175466,430144,9118,98838,3.984438104412909,0.18684567716859932
2440,0.2928,0,12,0,175478,430132,9118,98838,3.9843269480158585,0.18684991587424618
2441,0.2929,3,14,3,175492,430118,9121,98835,3.9841972655526328,0.18685024945505554
2442,0.293,8,62,8,175554,430056,9129,98827,3.983622957501204,0.18685985369164826
2443,0.2931,0,10,0,175564,430046,9129,98827,3.9835303271703286,0.18686338686225237
2444,0.2932,3,26,3,175590,430020,9132,98824,3.983289488310052,0.1868679610622414
2445,0.2933,62,765,62,176355,429255,9194,98762,3.9762032679980734,0.18704322019934963
2446,0.2934,0,1,0,176356,429254,9194,98762,3.9761940049649858,0.18704357443713826
2447,0.2935,2,46,2,176402,429208,9196,98760,3.975767905442958,0.1870567913206861
2448,0.2936,0,13,0,176415,429195,9196,98760,3.97564748601282,0.1870613972781771
2449,0.2937,6,31,6,176446,429164,9202,98754,3.975360331987106,0.18706314238196084
2450,0.2938,2,29,2,176475,429135,9204,98752,3.975091704027567,0.1870703389172304
2451,0.2939,0,8,0,176483,429127,9204,98752,3.9750175997628663,0.18707317396600356
2452,0.294,13,157,13,176640,428970,9217,98739,3.9735633035681204,0.18710880428417934
2453,0.2941,1,7,1,176647,428963,9218,98738,3.9734984623365075,0.18710974585987142
2454,0.2942,10,125,10,176772,428838,9228,98728,3.9723405832005634,0.18713867080137842
2455,0.2943,5,57,5,176829,428781,9233,98723,3.9718125903145727,0.18715118747914708
2456,0.2944,0,6,0,176835,428775,9233,98723,3.9717570121160475,0.18715331622110415
2457,0.2945,2,25,2,176860,428750,9235,98721,3.9715254362888586,0.18715910448157339
2458,0.2946,1,12,1,176872,428738,9236,98720,3.9714142798918077,0.1871618214151648
2459,0.2947,2,27,2,176899,428711,9238,98718,3.971164177998444,0.18716832028576358
2460,0.2948,2,22,2,176921,428689,9240,98716,3.9709603912705176,0.18717304538258075
2461,0.2949,1,5,1,176926,428684,9241,98715,3.9709140761050796,0.18717327867515865
2462,0.295,119,1433,119,178359,427251,9360,98596,3.9576401496906146,0.18749940572067542
2463,0.2951,0,2,0,178361,427249,9360,98596,3.9576216236244397,0.18750011885631698
2464,0.2952,3,19,3,178380,427230,9363,98593,3.957445625995776,0.18750225836450668
2465,0.2953,4,32,4,178412,427198,9367,98589,3.957149208936974,0.18750748877397122
2466,0.2954,4,11,4,178423,427187,9371,98585,3.957047315573011,0.18750523040405348
2467,0.2955,4,24,4,178447,427163,9375,98581,3.95682500277891,0.18750760826561977
2468,0.2956,0,9,0,178456,427154,9375,98581,3.956741635481122,0.18751081818787033
2469,0.2957,4,65,4,178521,427089,9379,98577,3.9561395383304307,0.1875278218488546
2470,0.2958,7,154,7,178675,426935,9386,98570,3.9547130312349474,0.18757195459605522
2471,0.2959,0,3,0,178678,426932,9386,98570,3.954685242135685,0.18757302541189186
2472,0.296,17,134,17,178812,426798,9403,98553,3.9534439957019525,0.18759457962390857
2473,0.2961,2,7,2,178819,426791,9405,98551,3.9533791544703396,0.18759398639362548
2474,0.2962,1,24,1,178843,426767,9406,98550,3.9531568416762384,0.18760101043750727
2475,0.2963,2,21,2,178864,426746,9408,98548,3.9529623179813997,0.18760541715686835
2476,0.2964,1,7,1,178871,426739,9409,98547,3.952897476749787,0.1876063706247644
2477,0.2965,2,27,2,178898,426712,9411,98545,3.952647374856423,0.1876129209130007
2478,0.2966,0,2,0,178900,426710,9411,98545,3.9526288487902477,0.1876136352819107
2479,0.2967,59,830,59,179730,425880,9470,98486,3.944940531327578,0.18781919498975908
2480,0.2968,1,21,1,179751,425859,9471,98485,3.944746007632739,0.18782516821018264
2481,0.2969,0,10,0,179761,425849,9471,98485,3.9446533773018637,0.1878287503766683
2482,0.297,7,58,7,179819,425791,9478,98478,3.9441161213827858,0.1878386858654622
2483,0.2971,3,30,3,179849,425761,9481,98475,3.943838230390159,0.18784478746213537
2484,0.2972,1,11,1,179860,425750,9482,98474,3.9437363370261957,0.1878471798315224
2485,0.2973,2,58,2,179918,425692,9484,98472,3.943199081107118,0.18786486672110256
2486,0.2974,0,7,0,179925,425685,9484,98472,3.943134239875505,0.18786737561455824
2487,0.2975,32,433,32,180358,425252,9516,98440,3.9391233465485938,0.18797308341544267
2488,0.2976,1,6,1,180364,425246,9517,98439,3.9390677683500686,0.18797368647182944
2489,0.2977,1,51,1,180415,425195,9518,98438,3.9385953536626035,0.18799044368861398
2490,0.2978,2,18,2,180433,425177,9520,98436,3.9384286190670275,0.18799380458468373
2491,0.2979,2,3,2,180436,425174,9522,98434,3.938400829967765,0.18799178011031153
2492,0.298,12,102,12,180538,425072,9534,98422,3.9374560005928343,0.18800979571876658
2493,0.2981,0,12,0,180550,425060,9534,98422,3.9373448441957835,0.1880141055470866
2494,0.2982,5,26,5,180576,425034,9539,98417,3.937104005335507,0.18801568819240005
2495,0.2983,42,465,42,181041,424569,9581,98375,3.9327966949497943,0.18811765695753274
2496,0.2984,0,6,0,181047,424563,9581,98375,3.932741116751269,0.1881198153509594
2497,0.2985,7,31,7,181078,424532,9588,98368,3.932453962725555,0.18812009944540065
2498,0.2986,1,10,1,181088,424522,9589,98367,3.932361332394679,0.18812214447043255
2499,0.2987,6,31,6,181119,424491,9595,98361,3.932074178368965,0.1881239815473595
2500,0.2988,2,21,2,181140,424470,9597,98359,3.9318796546741264,0.18812843204948462
2501,0.2989,0,9,0,181149,424461,9597,98359,3.9317962873763386,0.18813167055583183
2502,0.299,7,83,7,181232,424378,9604,98352,3.9310274556300717,0.18815067051824078
2503,0.2991,0,8,0,181240,424370,9604,98352,3.930953351365371,0.188153550070592
2504,0.2992,11,139,11,181379,424231,9615,98341,3.929665789766201,0.18818650827063066
2505,0.2993,7,74,7,181453,424157,9622,98334,3.9289803253177222,0.18820228482404483
2506,0.2994,0,8,0,181461,424149,9622,98334,3.9289062210530217,0.1882051664838856
2507,0.2995,2,27,2,181488,424122,9624,98332,3.928656119159658,0.18821178515237705
2508,0.2996,1,6,1,181494,424116,9625,98331,3.928600540961132,0.18821239283601973
2509,0.2997,2,30,2,181524,424086,9627,98329,3.9283226499685058,0.18822009322090674
2510,0.2998,1,19,1,181543,424067,9628,98328,3.928146652339842,0.1882253850055992
2511,0.2999,1,2,1,181545,424065,9629,98327,3.928128126273667,0.18822455167766736
2512,0.3,291,3803,291,185348,420262,9920,98036,3.8929008114416983,0.18914987130955552
2513,0.3001,0,4,0,185352,420258,9920,98036,3.8928637593093485,0.18915133109779392
2514,0.3002,3,14,3,185366,420244,9923,98033,3.8927340768461227,0.18915174703874568
2515,0.3003,7,26,7,185392,420218,9930,98026,3.892493237985846,0.1891502844220097
2516,0.3004,0,12,0,185404,420206,9930,98026,3.8923820815887953,0.18915466432022723
2517,0.3005,0,32,0,185436,420174,9930,98026,3.8920856645299935,0.1891663450405249
2518,0.3006,0,10,0,185446,420164,9930,98026,3.891993034199118,0.1891699955614736
2519,0.3007,3,57,3,185503,420107,9933,98023,3.8914650413131278,0.1891861115936155
2520,0.3008,17,155,17,185658,419952,9950,98006,3.8900292711845568,0.18921611404785715
2521,0.3009,0,3,0,185661,419949,9950,98006,3.890001482085294,0.1892172099892848
2522,0.301,12,89,12,185750,419860,9962,97994,3.8891770721405017,0.18923094153950729
2523,0.3011,1,7,1,185757,419853,9963,97993,3.889112230908889,0.18923193381816217
2524,0.3012,2,29,2,185786,419824,9965,97991,3.8888436029493496,0.18923940017187604
2525,0.3013,1,39,1,185825,419785,9966,97990,3.888482344658935,0.18925208826227607
2526,0.3014,0,18,0,185843,419767,9966,97990,3.8883156100633594,0.18925866767614924
2527,0.3015,2,35,2,185878,419732,9968,97988,3.887991403905295,0.18926833037162946
2528,0.3016,0,11,0,185889,419721,9968,97988,3.887889510541332,0.18927235184244431
2529,0.3017,34,458,34,186347,419263,10002,97954,3.8836470413872317,0.1893866597578966
2530,0.3018,2,28,2,186375,419235,10004,97952,3.88338767646078,0.18939377826588835
2531,0.3019,1,7,1,186382,419228,10005,97951,3.8833228352291673,0.1893947743431191
2532,0.302,8,111,8,186493,419117,10013,97943,3.882294638556449,0.18942289096043013
2533,0.3021,2,11,2,186504,419106,10015,97941,3.882192745192486,0.18942378545857533
2534,0.3022,2,24,2,186528,419082,10017,97939,3.8819704323983846,0.18942944290464023
2535,0.3023,6,60,6,186588,419022,10023,97933,3.8814146504131313,0.18944202106566335
2536,0.3024,1,15,1,186603,419007,10024,97932,3.881275704916818,0.18944595010242987
2537,0.3025,29,364,29,186967,418643,10053,97903,3.877903960872948,0.18953394276598792
2538,0.3026,0,11,0,186978,418632,10053,97903,3.877802067508985,0.18953797903336655
2539,0.3027,6,43,6,187021,418589,10059,97897,3.87740375708622,0.1895443438931549
2540,0.3028,2,18,2,187039,418571,10061,97895,3.8772370224906445,0.18954781147258484
2541,0.3029,3,11,3,187050,418560,10064,97892,3.8771351291266813,0.18954714087659646
2542,0.303,2,42,2,187092,418518,10066,97890,3.876746081737004,0.1895594181344983
2543,0.3031,1,8,1,187100,418510,10067,97889,3.8766719774723035,0.18956078536170673
2544,0.3032,3,18,3,187118,418492,10070,97886,3.8765052428767275,0.18956268469996784
2545,0.3033,61,801,61,187919,417691,10131,97825,3.869085553373597,0.18976132651556887
2546,0.3034,1,8,1,187927,417683,10132,97824,3.8690114491088963,0.18976269963356462
2547,0.3035,2,36,2,187963,417647,10134,97822,3.868677979917744,0.18977280884010483
2548,0.3036,0,10,0,187973,417637,10134,97822,3.8685853495868687,0.18977649046771905
2549,0.3037,0,32,0,188005,417605,10134,97822,3.868288932528067,0.1897882726360862
2550,0.3038,1,25,1,188030,417580,10135,97821,3.868057356700878,0.18979590648834596
2551,0.3039,1,8,1,188038,417572,10136,97820,3.867983252436178,0.18979728051657768
2552,0.304,13,159,13,188197,417413,10149,97807,3.8665104301752566,0.18983541011606692
2553,0.3041,1,12,1,188209,417401,10150,97806,3.866399273778206,0.18983825918514305
2554,0.3042,8,164,8,188373,417237,10158,97798,3.864880136351847,0.1898861242439834
2555,0.3043,5,59,5,188432,417178,10163,97793,3.8643336173996814,0.18990001378718413
2556,0.3044,1,4,1,188436,417174,10164,97792,3.864296565267331,0.1898999157225914
2557,0.3045,1,25,1,188461,417149,10165,97791,3.864064989440142,0.18990756204606363
2558,0.3046,1,6,1,188467,417143,10166,97790,3.864009411241617,0.18990820164953498
2559,0.3047,2,32,2,188499,417111,10168,97788,3.863712994182815,0.1899168574807875
2560,0.3048,2,23,2,188522,417088,10170,97786,3.8634999444218017,0.18992219455633805
2561,0.3049,1,8,1,188530,417080,10171,97785,3.863425840157101,0.18992357219853748
2562,0.305,102,1506,102,190036,415574,10273,97683,3.8494757123272443,0.19031985925179784
2563,0.3051,2,5,2,190041,415569,10275,97681,3.8494293971618068,0.1903185582075012
2564,0.3052,1,17,1,190058,415552,10276,97680,3.8492719255993184,0.19032328459643982
2565,0.3053,2,46,2,190104,415506,10278,97678,3.848845826077291,0.1903371890004365
2566,0.3054,1,8,1,190112,415498,10279,97677,3.8487717218125903,0.19033857845764116
2567,0.3055,2,34,2,190146,415464,10281,97675,3.8484567786876136,0.19034803435326492
2568,0.3056,1,5,1,190151,415459,10282,97674,3.8484104635221756,0.19034831125653584
2569,0.3057,8,56,8,190207,415403,10290,97666,3.8478917336692726,0.1903564627759619
2570,0.3058,16,132,16,190339,415271,10306,97650,3.8466690133017156,0.1903801950007896
2571,0.3059,0,3,0,190342,415268,10306,97650,3.846641224202453,0.19038130851325163
2572,0.306,11,175,11,190517,415093,10317,97639,3.845020193412131,0.1904289180312522
2573,0.3061,0,7,0,190524,415086,10317,97639,3.844955352180518,0.19043151787020332
2574,0.3062,2,25,2,190549,415061,10319,97637,3.8447237763533293,0.19043764555352274
2575,0.3063,2,36,2,190585,415025,10321,97635,3.8443903071621772,0.1904478601802364
2576,0.3064,1,7,1,190592,415018,10322,97634,3.8443254659305643,0.1904488815024617
2577,0.3065,3,37,3,190629,414981,10325,97631,3.8439827337063246,0.19045789017814643
2578,0.3066,0,2,0,190631,414979,10325,97631,3.8439642076401497,0.1904586332689569
2579,0.3067,61,791,61,191422,414188,10386,97570,3.8366371484678945,0.19065652124637036
2580,0.3068,1,29,1,191451,414159,10387,97569,3.8363685205083553,0.19066574430166025
2581,0.3069,0,4,0,191455,414155,10387,97569,3.836331468376005,0.19066723468119534
2582,0.307,4,53,4,191508,414102,10391,97565,3.8358405276223646,0.19068065753703092
2583,0.3071,3,11,3,191519,414091,10394,97562,3.8357386342584014,0.1906800116485196
2584,0.3072,2,23,2,191542,414068,10396,97560,3.835525584497388,0.1906854198753782
2585,0.3073,4,68,4,191610,414000,10400,97556,3.834895698247434,0.19070443900570025
2586,0.3074,0,3,0,191613,413997,10400,97556,3.8348679091481714,0.1907055573909253
2587,0.3075,36,431,36,192044,413566,10436,97520,3.8308755418874356,0.1908093745475321
2588,0.3076,2,9,2,192053,413557,10438,97518,3.830792174589648,0.19080956806730912
2589,0.3077,10,43,10,192096,413514,10448,97508,3.830393864166883,0.19080978901104062
2590,0.3078,3,19,3,192115,413495,10451,97505,3.830217866538219,0.19081213307240705
2591,0.3079,0,18,0,192133,413477,10451,97505,3.830051131942643,0.19081885467589857
2592,0.308,12,92,12,192225,413385,10463,97493,3.8291989328985885,0.1908342109074965
2593,0.3081,1,14,1,192239,413371,10464,97492,3.8290692504353627,0.19083785672479706
2594,0.3082,1,27,1,192266,413344,10465,97491,3.8288191485419985,0.1908463593919759
2595,0.3083,40,473,40,192739,412871,10505,97451,3.8244377338915854,0.1909598253651616
2596,0.3084,0,4,0,192743,412867,10505,97451,3.824400681759235,0.19096132215598902
2597,0.3085,7,30,7,192773,412837,10512,97444,3.8241227907666087,0.19096145065169975
2598,0.3086,1,9,1,192782,412828,10513,97443,3.8240394234688204,0.1909632332623253
2599,0.3087,5,31,5,192813,412797,10518,97438,3.8237522694431063,0.19096690740541122
2600,0.3088,2,24,2,192837,412773,10520,97436,3.823529956649005,0.19097271902298862
2601,0.3089,1,5,1,192842,412768,10521,97435,3.8234836414835676,0.1909730048627703
2602,0.309,9,78,9,192920,412690,10530,97426,3.8227611249027382,0.1909879321566075
2603,0.3091,1,7,1,192927,412683,10531,97425,3.8226962836711254,0.1909889670422734
2604,0.3092,6,136,6,193063,412547,10537,97419,3.821436511171218,0.19103038241765138
2605,0.3093,6,58,6,193121,412489,10543,97413,3.8208992552521397,0.19104259249816632
2606,0.3094,1,2,1,193123,412487,10544,97412,3.8208807291859648,0.19104175532801593
2607,0.3095,0,34,0,193157,412453,10544,97412,3.8205657860609876,0.19105449481725556
2608,0.3096,2,11,2,193168,412442,10546,97410,3.820463892697025,0.1910554435404784
2609,0.3097,3,38,3,193206,412404,10549,97407,3.8201118974396975,0.19106492406009284
2610,0.3098,3,19,3,193225,412385,10552,97404,3.819935899811034,0.19106728470014064
2611,0.3099,0,3,0,193228,412382,10552,97404,3.8199081107117716,0.19106840909715056
2612,0.31,272,3823,272,197051,408559,10824,97132,3.784495535218052,0.19207777081261088
2613,0.3101,0,9,0,197060,408550,10824,97132,3.784412167920264,0.19208118936406673
2614,0.3102,4,24,4,197084,408526,10828,97128,3.7841898551261623,0.19208391508818282
2615,0.3103,1,22,1,197106,408504,10829,97127,3.7839860683982365,0.1920906748201752
2616,0.3104,0,15,0,197121,408489,10829,97127,3.783847122901923,0.19209637353248316
2617,0.3105,3,23,3,197144,408466,10832,97124,3.783634073140909,0.19210031843984257
2618,0.3106,0,10,0,197154,408456,10832,97124,3.7835414428100336,0.1921041180426441
2619,0.3107,7,76,7,197230,408380,10839,97117,3.7828374522953796,0.1921218127901847
2620,0.3108,11,152,11,197382,408228,10850,97106,3.781429471266071,0.19216201561739366
2621,0.3109,1,9,1,197391,408219,10851,97105,3.7813461039682834,0.1921638394376677
2622,0.311,8,89,8,197480,408130,10859,97097,3.780521694023491,0.1921848990651727
2623,0.3111,1,4,1,197484,408126,10860,97096,3.7804846418911406,0.1921848217219361
2624,0.3112,0,16,0,197500,408110,10860,97096,3.78033643336174,0.19219090826316393
2625,0.3113,5,37,5,197537,408073,10865,97091,3.7799937011375007,0.19219698949252123
2626,0.3114,1,4,1,197541,408069,10866,97090,3.7799566490051504,0.19219691225930846
2627,0.3115,1,30,1,197571,408039,10867,97089,3.7796787580125235,0.19220672779968642
2628,0.3116,0,5,0,197576,408034,10867,97089,3.779632442847086,0.19220863037319624
2629,0.3117,29,462,29,198038,407572,10896,97060,3.7753529215606356,0.19233817910873666
2630,0.3118,2,16,2,198054,407556,10898,97058,3.775204713031235,0.19234107654563687
2631,0.3119,0,6,0,198060,407550,10898,97058,3.7751491348327098,0.19234336356141798
2632,0.312,18,96,18,198156,407454,10916,97040,3.7742598836563044,0.19235114788282914
2633,0.3121,0,20,0,198176,407434,10916,97040,3.7740746229945534,0.1923587736929951
2634,0.3122,2,16,2,198192,407418,10918,97038,3.7739264144651523,0.1923616727722537
2635,0.3123,3,33,3,198225,407385,10921,97035,3.7736207343732633,0.19236945402640657
2636,0.3124,0,8,0,198233,407377,10921,97035,3.7735466301085627,0.1923725050157411
2637,0.3125,36,355,36,198588,407022,10957,96999,3.770258253362481,0.19245031457022624
2638,0.3126,2,8,2,198596,407014,10959,96997,3.7701841490977808,0.1924501647781497
2639,0.3127,1,74,1,198670,406940,10960,96996,3.7694986846493017,0.19247682245364492
2640,0.3128,1,18,1,198688,406922,10961,96995,3.7693319500537257,0.1924820952656886
2641,0.3129,3,24,3,198712,406898,10964,96992,3.7691096372596244,0.19248645537716566
2642,0.313,13,55,13,198767,406843,10977,96979,3.7686001704398087,0.19248663218358864
2643,0.3131,1,9,1,198776,406834,10978,96978,3.768516803142021,0.19248846792057356
2644,0.3132,0,35,0,198811,406799,10978,96978,3.7681925969839565,0.1925018410923881
2645,0.3133,61,786,61,199597,406013,11039,96917,3.760911852977139,0.19270475016403874
2646,0.3134,0,3,0,199600,406010,11039,96917,3.760884063877876,0.19270589966337062
2647,0.3135,4,34,4,199634,405976,11043,96913,3.7605691207528995,0.19271250713378102
2648,0.3136,1,8,1,199642,405968,11044,96912,3.760495016488199,0.19271396754692968
2649,0.3137,6,54,6,199696,405914,11050,96906,3.759994812701471,0.19272503082614056
2650,0.3138,0,18,0,199714,405896,11050,96906,3.759828078105895,0.19273193026280722
2651,0.3139,0,9,0,199723,405887,11050,96906,3.759744710808107,0.19273538016639055
2652,0.314,12,140,12,199863,405747,11062,96894,3.7584478861758495,0.19276978996938174
2653,0.3141,0,2,0,199865,405745,11062,96894,3.758429360109674,0.1927705570001532
2654,0.3142,12,158,12,200023,405587,11074,96882,3.756965800881841,0.1928118948631657
2655,0.3143,8,62,8,200085,405525,11082,96874,3.7563914928304123,0.19282283603271502
2656,0.3144,3,8,3,200093,405517,11085,96871,3.756317388565712,0.19282108649091936
2657,0.3145,3,34,3,200127,405483,11088,96868,3.756002445440735,0.19282931655356514
2658,0.3146,0,12,0,200139,405471,11088,96868,3.7558912890436846,0.1928339229086334
2659,0.3147,3,42,3,200181,405429,11091,96865,3.7555022416540074,0.19284522610264107
2660,0.3148,0,26,0,200207,405403,11091,96865,3.7552614027937308,0.19285520877300566
2661,0.3149,1,10,1,200217,405393,11092,96864,3.7551687724628553,0.19285744150902825
2662,0.315,116,1471,116,201688,403922,11208,96748,3.741542850791063,0.19323706233646912
2663,0.3151,2,7,2,201695,403915,11210,96746,3.74147800955945,0.19323654129241144
2664,0.3152,1,21,1,201716,403894,11211,96745,3.7412834858646113,0.19324303540075782
2665,0.3153,4,36,4,201752,403858,11215,96741,3.7409500166734597,0.1932504859178704
2666,0.3154,2,9,2,201761,403849,11217,96739,3.7408666493756715,0.19325073713313143
2667,0.3155,3,26,3,201787,403823,11220,96736,3.7406258105153953,0.19325593985923736
2668,0.3156,1,5,1,201792,403818,11221,96735,3.7405794953499574,0.1932562585780127
2669,0.3157,2,49,2,201841,403769,11223,96733,3.7401256067286672,0.19327195495722294
2670,0.3158,11,135,11,201976,403634,11234,96722,3.7388750972618476,0.19330636586750233
2671,0.3159,0,5,0,201981,403629,11234,96722,3.7388287820964097,0.1933082975751023
2672,0.316,13,136,13,202117,403493,11247,96709,3.7375690095965024,0.1933398906841636
2673,0.3161,0,9,0,202126,403484,11247,96709,3.737485642298714,0.19334336945938868
2674,0.3162,7,33,7,202159,403451,11254,96702,3.737179962206825,0.1933448364800371
2675,0.3163,3,24,3,202183,403427,11257,96699,3.736957649412724,0.1933492759824524
2676,0.3164,0,10,0,202193,403417,11257,96699,3.736865019081848,0.1933531420710395
2677,0.3165,0,33,0,202226,403384,11257,96699,3.736559338989959,0.19336590126039077
2678,0.3166,2,6,2,202232,403378,11259,96697,3.7365037607914338,0.1933649952507124
2679,0.3167,59,798,59,203030,402580,11318,96638,3.7291118603875653,0.1935787571762236
2680,0.3168,2,15,2,203045,402565,11320,96636,3.728972914891252,0.19358134298609178
2681,0.3169,0,5,0,203050,402560,11320,96636,3.7289265997258143,0.19358328191732305
2682,0.317,6,57,6,203107,402503,11326,96630,3.7283986068398236,0.19359569493501733
2683,0.3171,1,21,1,203128,402482,11327,96629,3.728204083144985,0.19360222475561548
2684,0.3172,1,11,1,203139,402471,11328,96628,3.728102189781022,0.19360487598652773
2685,0.3173,5,55,5,203194,402416,11333,96623,3.7275927229612065,0.1936181340536511
2686,0.3174,0,12,0,203206,402404,11333,96623,3.7274815665641556,0.19362278994924123
2687,0.3175,34,386,34,203592,402018,11367,96589,3.7239060357923597,0.19371769750524961
2688,0.3176,1,11,1,203603,402007,11368,96588,3.723804142428397,0.19372035419528877
2689,0.3177,4,42,4,203645,401965,11372,96584,3.7234150950387193,0.19373020505506983
2690,0.3178,3,25,3,203670,401940,11375,96581,3.723183519211531,0.19373506833212642
2691,0.3179,1,16,1,203686,401924,11376,96580,3.7230353106821297,0.19373966908991702
2692,0.318,3,85,3,203771,401839,11379,96577,3.7222479528696875,0.19376785656961254
2693,0.3181,0,10,0,203781,401829,11379,96577,3.722155322538812,0.193771744320895
2694,0.3182,2,20,2,203801,401809,11381,96575,3.721970061877061,0.193776284952968
2695,0.3183,45,442,45,204243,401367,11426,96530,3.717875801252362,0.19387544010106508
2696,0.3184,0,6,0,204249,401361,11426,96530,3.717820223053837,0.19387777646111298
2697,0.3185,3,29,3,204278,401332,11429,96527,3.7175515950942977,0.19388421219662597
2698,0.3186,1,3,1,204281,401329,11430,96526,3.717523805995035,0.193883761336132
2699,0.3187,2,37,2,204318,401292,11432,96524,3.7171810737707953,0.19389493306763944
2700,0.3188,5,23,5,204341,401269,11437,96519,3.7169680240097818,0.19389579499706702
2701,0.3189,1,3,1,204344,401266,11438,96518,3.716940234910519,0.1938953441653408
2702,0.319,7,103,7,204447,401163,11445,96511,3.715986142502501,0.1939241350763753
2703,0.3191,0,2,0,204449,401161,11445,96511,3.715967616436326,0.19392491440145315
2704,0.3192,16,139,16,204588,401022,11461,96495,3.7146800548371557,0.19395317144941782
2705,0.3193,3,54,3,204642,400968,11464,96492,3.714179851050428,0.1939693643710047
2706,0.3194,1,9,1,204651,400959,11465,96491,3.71409648375264,0.19397125339230073
2707,0.3195,1,34,1,204685,400925,11466,96490,3.713781540627663,0.19398289154930992
2708,0.3196,0,10,0,204695,400915,11466,96490,3.7136889102967876,0.1939867914476131
2709,0.3197,6,31,6,204726,400884,11472,96484,3.7134017562710735,0.1939891589326213
2710,0.3198,0,19,0,204745,400865,11472,96484,3.71322575864241,0.1939965698131493
2711,0.3199,0,4,0,204749,400861,11472,96484,3.7131887065100595,0.1939981300706753
2712,0.32,287,3954,287,208703,396907,11759,96197,3.6765626736818704,0.19508460689834192
2713,0.3201,0,7,0,208710,396900,11759,96197,3.6764978324502575,0.19508737631743855
2714,0.3202,2,17,2,208727,396883,11761,96195,3.676340360887769,0.19509083755511297
2715,0.3203,1,30,1,208757,396853,11762,96194,3.6760624698951423,0.19510107555669134
2716,0.3204,2,11,2,208768,396842,11764,96192,3.6759605765311796,0.19510216333964797
2717,0.3205,8,30,8,208798,396812,11772,96184,3.6756826855385527,0.19510097445009697
2718,0.3206,0,9,0,208807,396803,11772,96184,3.675599318240765,0.19510453622509316
2719,0.3207,8,65,8,208872,396738,11780,96176,3.6749972210900737,0.1951172009721777
2720,0.3208,11,168,11,209040,396570,11791,96165,3.6734410315313646,0.1951657584705775
2721,0.3209,0,3,0,209043,396567,11791,96165,3.673413242432102,0.19516694673778037
2722,0.321,8,100,8,209143,396467,11799,96157,3.6724869391233463,0.19519349442982883
2723,0.3211,1,6,1,209149,396461,11800,96156,3.672431360924821,0.19519423812008113
2724,0.3212,1,20,1,209169,396441,11801,96155,3.67224610026307,0.19520052943994673
2725,0.3213,4,26,4,209195,396415,11805,96151,3.6720052614027936,0.195204297495158
2726,0.3214,1,12,1,209207,396403,11806,96150,3.671894105005743,0.19520741930310037
2727,0.3215,3,22,3,209229,396381,11809,96147,3.671690318277817,0.1952112367215671
2728,0.3216,0,3,0,209232,396378,11809,96147,3.6716625291785543,0.19521242576518957
2729,0.3217,44,499,44,209731,395879,11853,96103,3.6670402756678646,0.1953384473415694
2730,0.3218,4,24,4,209755,395855,11857,96099,3.6668179628737634,0.19534143436174928
2731,0.3219,0,9,0,209764,395846,11857,96099,3.6667345955759756,0.19534500808017155
2732,0.322,11,114,11,209878,395732,11868,96088,3.665678609803994,0.19537229067545037
2733,0.3221,2,16,2,209894,395716,11870,96086,3.6655304012745935,0.19537537464264074
2734,0.3222,3,17,3,209911,395699,11873,96083,3.6653729297121047,0.19537721998771815
2735,0.3223,2,51,2,209962,395648,11875,96081,3.6649005150246396,0.19539421103900725
2736,0.3224,0,8,0,209970,395640,11875,96081,3.664826410759939,0.19539738998334422
2737,0.3225,40,401,40,210371,395239,11915,96041,3.66111193449183,0.19549136948379742
2738,0.3226,1,11,1,210382,395228,11916,96040,3.661010041127867,0.1954941091217014
2739,0.3227,6,48,6,210430,395180,11922,96034,3.6605654155396645,0.19550338548982724
2740,0.3228,1,17,1,210447,395163,11923,96033,3.6604079439771757,0.19550851391297974
2741,0.3229,4,13,4,210460,395150,11927,96029,3.6602875245470377,0.19550713690935484
2742,0.323,10,52,10,210512,395098,11937,96019,3.659805846826485,0.19551145653683338
2743,0.3231,0,3,0,210515,395095,11937,96019,3.6597780577272223,0.1955126508305607
2744,0.3232,0,21,0,210536,395074,11937,96019,3.6595835340323837,0.19552101129521293
2745,0.3233,80,845,80,211381,394229,12017,95939,3.6517562710734004,0.19572677122945603
2746,0.3234,1,4,1,211385,394225,12018,95938,3.65171921894105,0.19572672763958113
2747,0.3235,2,42,2,211427,394183,12020,95936,3.651330171551373,0.19574021819190848
2748,0.3236,1,13,1,211440,394170,12021,95935,3.6512097521212348,0.19574376919231593
2749,0.3237,2,27,2,211467,394143,12023,95933,3.6509596502278705,0.19575127123140085
2750,0.3238,1,37,1,211504,394106,12024,95932,3.650616918003631,0.1957644101069713
2751,0.3239,0,7,0,211511,394099,12024,95932,3.6505520767720183,0.19576720656448265
2752,0.324,9,165,9,211676,393934,12033,95923,3.649023676312572,0.19581837148392287
2753,0.3241,1,4,1,211680,393930,12034,95922,3.6489866241802216,0.19581832880135225
2754,0.3242,11,148,11,211828,393782,12045,95911,3.6476156952832635,0.1958594466328904
2755,0.3243,3,49,3,211877,393733,12048,95908,3.6471618066619733,0.1958741200185442
2756,0.3244,0,6,0,211883,393727,12048,95908,3.647106228463448,0.19587652026509542
2757,0.3245,1,30,1,211913,393697,12049,95907,3.6468283374708212,0.19588688000915025
2758,0.3246,0,10,0,211923,393687,12049,95907,3.6467357071399458,0.1958908810156987
2759,0.3247,8,40,8,211963,393647,12057,95899,3.646365185816444,0.1958937464507932
2760,0.3248,0,31,0,211994,393616,12057,95899,3.6460780317907298,0.19590615200759937
2761,0.3249,2,8,2,212002,393608,12059,95897,3.646003927526029,0.19590606837519536
2762,0.325,144,1520,144,213522,392088,12203,95753,3.6319241172329466,0.19627911553149488
2763,0.3251,1,2,1,213524,392086,12204,95752,3.6319055911667717,0.1962782727052833
2764,0.3252,2,18,2,213542,392068,12206,95750,3.6317388565711957,0.19628222000828177
2765,0.3253,8,38,8,213580,392030,12214,95742,3.6313868613138687,0.1962843295638126
2766,0.3254,1,6,1,213586,392024,12215,95741,3.6313312831153435,0.19628509630662308
2767,0.3255,4,37,4,213623,391987,12219,95737,3.6309885508911037,0.19629339544496477
2768,0.3256,1,2,1,213625,391985,12220,95736,3.630970024824929,0.19629255250440314
2769,0.3257,5,48,5,213673,391937,12225,95731,3.630525399236726,0.1963036327993635
2770,0.3258,14,137,14,213810,391800,12239,95717,3.629256363703731,0.1963357175236966
2771,0.3259,0,3,0,213813,391797,12239,95717,3.6292285746044683,0.19633692570880015
2772,0.326,9,155,9,213968,391642,12248,95708,3.627792804475898,0.19638452857289423
2773,0.3261,1,3,1,213971,391639,12249,95707,3.6277650153766348,0.1963840885120633
2774,0.3262,3,33,3,214004,391606,12252,95704,3.6274593352847457,0.1963924401305124
2775,0.3263,6,25,6,214029,391581,12258,95698,3.627227759457557,0.19639262106513927
2776,0.3264,1,6,1,214035,391575,12259,95697,3.6271721812590316,0.19639339013938828
2777,0.3265,3,42,3,214077,391533,12262,95694,3.6267831338693544,0.19640537162349378
2778,0.3266,0,4,0,214081,391529,12262,95694,3.626746081737004,0.19640698407094903
2779,0.3267,77,745,77,214826,390784,12339,95617,3.619845122086776,0.1965805991352814
2780,0.3268,4,36,4,214862,390748,12343,95613,3.619511652895624,0.19658854225564962
2781,0.3269,0,5,0,214867,390743,12343,95613,3.6194653377301864,0.19659056329108718
2782,0.327,12,55,12,214922,390688,12355,95601,3.618955870910371,0.1965929724916665
2783,0.3271,1,24,1,214946,390664,12356,95600,3.6187335581162694,0.19660102331243934
2784,0.3272,1,19,1,214965,390645,12357,95599,3.618557560487606,0.1966070532489861
2785,0.3273,4,66,4,215031,390579,12361,95595,3.6179462003038276,0.19662713349541522
2786,0.3274,0,5,0,215036,390574,12361,95595,3.6178998851383897,0.19662915570511488
2787,0.3275,37,378,37,215414,390196,12398,95558,3.6143984586312943,0.19672097399095015
2788,0.3276,1,9,1,215423,390187,12399,95557,3.614315091333506,0.19672296518330643
2789,0.3277,2,43,2,215466,390144,12401,95555,3.6139167809107415,0.19673707378438085
2790,0.3278,1,23,1,215489,390121,12402,95554,3.6137037311497275,0.19674473670664538
2791,0.3279,2,20,2,215509,390101,12404,95552,3.6135184704879766,0.19674953104376994
2792,0.328,12,104,12,215613,389997,12416,95540,3.612555115046871,0.19677182171492594
2793,0.3281,1,9,1,215622,389988,12417,95539,3.612471747749083,0.19677381484448855
2794,0.3282,0,23,0,215645,389965,12417,95539,3.6122586979880693,0.1967831366991827
2795,0.3283,42,440,42,216085,389525,12459,95497,3.6081829634295453,0.19689209973980562
2796,0.3284,0,1,0,216086,389524,12459,95497,3.608173700396458,0.19689250568532085
2797,0.3285,1,37,1,216123,389487,12460,95496,3.6078309681722183,0.19690587092743456
2798,0.3286,2,17,2,216140,389470,12462,95494,3.60767349660973,0.1969094613208403
2799,0.3287,1,33,1,216173,389437,12463,95493,3.6073678165178404,0.1969212051223888
2800,0.3288,3,22,3,216195,389415,12466,95490,3.6071640297899146,0.19692517090976583
2801,0.3289,2,8,2,216203,389407,12468,95488,3.607089925525214,0.19692510749749945
2802,0.329,10,91,10,216294,389316,12478,95478,3.6062469895142466,0.1969455067513212
2803,0.3291,2,10,2,216304,389306,12480,95476,3.606154359183371,0.19694625625538903
2804,0.3292,17,140,17,216444,389166,12497,95459,3.6048575345511136,0.19697498065514574
2805,0.3293,2,63,2,216507,389103,12499,95457,3.6042739634665977,0.1969972758791481
2806,0.3294,0,5,0,216512,389098,12499,95457,3.6042276483011597,0.19699930864401358
2807,0.3295,3,29,3,216541,389069,12502,95454,3.6039590203416205,0.19700612767608555
2808,0.3296,1,7,1,216548,389062,12503,95453,3.6038941791100076,0.19700731659494547
2809,0.3297,5,22,5,216570,389040,12508,95448,3.6036903923820818,0.197007975429732
2810,0.3298,2,24,2,216594,389016,12510,95446,3.60346807958798,0.19701442011963788
2811,0.3299,0,5,0,216599,389011,12510,95446,3.6034217644225426,0.19701645347265082
2812,0.33,324,3820,324,220419,385191,12834,95122,3.5680369780280854,0.19804169364560192
2813,0.3301,1,4,1,220423,385187,12835,95121,3.567999925895735,0.19804167325965838
2814,0.3302,2,18,2,220441,385169,12837,95119,3.5678331913001595,0.19804575587980544
2815,0.3303,4,42,4,220483,385127,12841,95115,3.5674441439104823,0.19805639656673094
2816,0.3304,4,9,4,220492,385118,12845,95111,3.567360776612694,0.19805342867673548
2817,0.3305,8,25,8,220517,385093,12853,95103,3.567129200785505,0.19805037942840006
2818,0.3306,0,7,0,220524,385086,12853,95103,3.5670643595538922,0.19805326652630525
2819,0.3307,7,59,7,220583,385027,12860,95096,3.5665178406017266,0.19806591227664577
2820,0.3308,12,144,12,220727,384883,12872,95084,3.5651839638371188,0.19810528640510702
2821,0.3309,2,8,2,220735,384875,12874,95082,3.565109859572418,0.19810524692837067
2822,0.331,7,94,7,220829,384781,12881,95075,3.564239134462188,0.19813235637357873
2823,0.3311,1,12,1,220841,384769,12882,95074,3.564127978065138,0.19813564019898175
2824,0.3312,1,26,1,220867,384743,12883,95073,3.563887139204861,0.19814470547043034
2825,0.3313,2,36,2,220903,384707,12885,95071,3.563553670013709,0.1981562305899812
2826,0.3314,3,14,3,220917,384693,12888,95068,3.5634239875504834,0.19815699900575495
2827,0.3315,5,36,5,220953,384657,12893,95063,3.5630905183593318,0.19816351204869506
2828,0.3316,0,4,0,220957,384653,12893,95063,3.5630534662269815,0.19816516438893012
2829,0.3317,43,461,43,221418,384192,12936,95020,3.558783207973619,0.19828384931929918
2830,0.3318,2,31,2,221449,384161,12938,95018,3.5584960539479047,0.19829333088470072
2831,0.3319,2,12,2,221461,384149,12940,95016,3.558384897550854,0.1982949505911325
2832,0.332,7,105,7,221566,384044,12947,95009,3.5574122790766607,0.19832669871600847
2833,0.3321,3,14,3,221580,384030,12950,95006,3.557282596613435,0.19832747434430814
2834,0.3322,0,18,0,221598,384012,12950,95006,3.5571158620178593,0.19833492687122403
2835,0.3323,3,42,3,221640,383970,12953,95003,3.5567268146281816,0.19834729723804892
2836,0.3324,0,4,0,221644,383966,12953,95003,3.556689762495832,0.19834895369011354
2837,0.3325,46,423,46,222067,383543,12999,94957,3.552771499499796,0.19844723092998956
2838,0.3326,0,5,0,222072,383538,12999,94957,3.5527251843343586,0.19844930459043458
2839,0.3327,5,48,5,222120,383490,13004,94952,3.5522805587461557,0.19846083746828247
2840,0.3328,2,23,2,222143,383467,13006,94950,3.552067508985142,0.1984670277184966
2841,0.3329,0,26,0,222169,383441,13006,94950,3.5518266701248655,0.19847781417292548
2842,0.333,6,63,6,222232,383378,13012,94944,3.5512430990403496,0.19849390159766853
2843,0.3331,1,9,1,222241,383369,13013,94943,3.551159731742562,0.19849596079546405
2844,0.3332,2,23,2,222264,383346,13015,94941,3.550946681981548,0.19850215456410064
2845,0.3333,81,761,81,223025,382585,13096,94860,3.543897513801919,0.19868257076731352
2846,0.3334,1,2,1,223027,382583,13097,94859,3.543878987735744,0.19868172469116668
2847,0.3335,3,32,3,223059,382551,13100,94856,3.5435825706769424,0.1986900066400367
2848,0.3336,1,15,1,223074,382536,13101,94855,3.543443625180629,0.19869457111675753
2849,0.3337,1,32,1,223106,382504,13102,94854,3.5431472081218276,0.1987062121091508
2850,0.3338,2,30,2,223136,382474,13104,94852,3.5428693171292007,0.19871534339214708
2851,0.3339,1,5,1,223141,382469,13105,94851,3.542823001963763,0.19871574624989524
2852,0.334,9,151,9,223292,382318,13114,94842,3.5414242839675425,0.19876351747841395
2853,0.3341,0,3,0,223295,382315,13114,94842,3.5413964948682795,0.19876476715211136
2854,0.3342,17,162,17,223457,382153,13131,94825,3.539895883508096,0.1988037184104927
2855,0.3343,8,61,8,223518,382092,13139,94817,3.539330838489755,0.19881570697973827
2856,0.3344,1,4,1,223522,382088,13140,94816,3.5392937863574048,0.1988156945632664
2857,0.3345,1,19,1,223541,382069,13141,94815,3.5391177887287415,0.19882193573279874
2858,0.3346,0,7,0,223548,382062,13141,94815,3.5390529474971286,0.19882485420768878
2859,0.3347,2,36,2,223584,382026,13143,94813,3.5387194783059766,0.1988365045644337
2860,0.3348,1,18,1,223602,382008,13144,94812,3.5385527437104005,0.19884233043915944
2861,0.3349,1,5,1,223607,382003,13145,94811,3.5385064285449626,0.1988427353223689
2862,0.335,121,1504,121,225111,380499,13266,94690,3.524574826781281,0.19926808070052127
2863,0.3351,0,10,0,225121,380489,13266,94690,3.5244821964504056,0.19927227423770832
2864,0.3352,0,29,0,225150,380460,13266,94690,3.524213568490867,0.1992844364937388
2865,0.3353,5,50,5,225200,380410,13271,94685,3.523750416836489,0.19929698270872143
2866,0.3354,1,1,1,225201,380409,13272,94684,3.5237411538034014,0.19929571683859792
2867,0.3355,1,24,1,225225,380385,13273,94683,3.5235188410093,0.19930409962363282
2868,0.3356,0,9,0,225234,380376,13273,94683,3.523435473711512,0.19930787544283973
2869,0.3357,6,81,6,225315,380295,13279,94677,3.5226851680314204,0.1993317500821101
2870,0.3358,17,163,17,225478,380132,13296,94660,3.521175293638149,0.19937151426308783
2871,0.3359,0,1,0,225479,380131,13296,94660,3.521166030605061,0.19937193417735383
2872,0.336,19,137,19,225616,379994,13315,94641,3.519896995072066,0.19939743171068294
2873,0.3361,2,4,2,225620,379990,13317,94639,3.5198599429397164,0.19939573856633286
2874,0.3362,4,39,4,225659,379951,13321,94635,3.5194986846493017,0.19940537647549653
2875,0.3363,5,25,5,225684,379926,13326,94630,3.519267108822113,0.1994074461180556
2876,0.3364,1,3,1,225687,379923,13327,94629,3.51923931972285,0.19940701967329186
2877,0.3365,1,41,1,225728,379882,13328,94628,3.51885953536626,0.19942256222208174
2878,0.3366,0,2,0,225730,379880,13328,94628,3.5188410093000853,0.19942340276665516
2879,0.3367,86,851,86,226581,379029,13414,94542,3.5109581681425768,0.19963637976142964
2880,0.3368,3,29,3,226610,379000,13417,94539,3.5106895401830376,0.19964353516816988
2881,0.3369,0,5,0,226615,378995,13417,94539,3.5106432250175996,0.19964564318507225
2882,0.337,4,53,4,226668,378942,13421,94535,3.510152284263959,0.1996612295845416
2883,0.3371,0,21,0,226689,378921,13421,94535,3.5099577605691206,0.19967008549896928
2884,0.3372,1,22,1,226711,378899,13422,94534,3.5097539738411947,0.19967767350395937
2885,0.3373,2,54,2,226765,378845,13424,94532,3.5092537700544666,0.19969707019986185
2886,0.3374,1,6,1,226771,378839,13425,94531,3.5091981918559414,0.1996979107252255
2887,0.3375,47,415,47,227186,378424,13472,94484,3.5053540331246063,0.19979361736320805
2888,0.3376,0,8,0,227194,378416,13472,94484,3.5052799288599057,0.19979699725100444
2889,0.3377,2,52,2,227246,378364,13474,94482,3.504798251139353,0.19981558477813072
2890,0.3378,0,11,0,227257,378353,13474,94482,3.50469635777539,0.19982023327376358
2891,0.3379,2,19,2,227276,378334,13476,94480,3.5045203601467265,0.19982487828194598
2892,0.338,9,82,9,227358,378252,13485,94471,3.503760791433547,0.19984430628507605
2893,0.3381,0,10,0,227368,378242,13485,94471,3.5036681611026714,0.19984853388842702
2894,0.3382,3,23,3,227391,378219,13488,94468,3.503455111341658,0.19985317979974063
2895,0.3383,41,473,41,227864,377746,13529,94427,3.499073696691245,0.19998390420460296
2896,0.3384,0,5,0,227869,377741,13529,94427,3.499027381525807,0.1999860219243998
2897,0.3385,1,38,1,227907,377703,13530,94426,3.49867538626848,0.20000042361303796
2898,0.3386,2,12,2,227919,377691,13532,94424,3.498564229871429,0.20000211812799848
2899,0.3387,5,37,5,227956,377654,13537,94419,3.4982214976471897,0.200009320592366
2900,0.3388,4,24,4,227980,377630,13541,94415,3.4979991848530885,0.20001271065258608
2901,0.3389,0,14,0,227994,377616,13541,94415,3.4978695023898627,0.20001864284337256
2902,0.339,8,105,8,228099,377511,13549,94407,3.4968968839156696,0.20004958488550978
2903,0.3391,0,7,0,228106,377504,13549,94407,3.4968320426840567,0.20005255228210403
2904,0.3392,14,166,14,228272,377338,13563,94393,3.4952943791915225,0.20009920908314272
2905,0.3393,6,63,6,228335,377275,13569,94387,3.4947108081070066,0.20011576086265165
2906,0.3394,0,2,0,228337,377273,13569,94387,3.4946922820408313,0.2001166094220413
2907,0.3395,6,34,6,228371,377239,13575,94381,3.4943773389158546,0.2001208600144184
2908,0.3396,1,8,1,228379,377231,13576,94380,3.494303234651154,0.20012255863412856
2909,0.3397,2,28,2,228407,377203,13578,94378,3.4940438697247025,0.2001310485367307
2910,0.3398,1,27,1,228434,377176,13579,94377,3.4937937678313387,0.20014081131919423
2911,0.3399,0,12,0,228446,377164,13579,94377,3.493682611434288,0.20014590459790346
2912,0.34,347,3904,347,232350,373260,13926,94030,3.4575197302604765,0.20122407926555244
2913,0.3401,1,6,1,232356,373254,13927,94029,3.4574641520619513,0.20122495361483297
2914,0.3402,4,17,4,232373,373237,13931,94025,3.4573066804994625,0.20122543669290463
2915,0.3403,4,38,4,232411,373199,13935,94021,3.4569546852421356,0.2012349642566671
2916,0.3404,1,12,1,232423,373187,13936,94020,3.456843528845085,0.20123842322567942
2917,0.3405,4,32,4,232455,373155,13940,94016,3.4565471117862834,0.20124536839829527
2918,0.3406,0,5,0,232460,373150,13940,94016,3.4565007966208454,0.20124752229400256
2919,0.3407,12,84,12,232544,373066,13952,94004,3.455722701841491,0.20126319395379708
2920,0.3408,15,149,15,232693,372917,13967,93989,3.4543425099114455,0.201301760954025
2921,0.3409,0,6,0,232699,372911,13967,93989,3.45428693171292,0.20130434782608694
2922,0.341,10,92,10,232791,372819,13977,93979,3.4534347326688652,0.20132691228325741
2923,0.3411,0,10,0,232801,372809,13977,93979,3.4533421023379898,0.20133122530999084
2924,0.3412,2,25,2,232826,372784,13979,93977,3.453110526510801,0.20133858655714595
2925,0.3413,2,52,2,232878,372732,13981,93975,3.4526288487902477,0.20135759695054928
2926,0.3414,0,14,0,232892,372718,13981,93975,3.452499166327022,0.20136363733760737
2927,0.3415,6,31,6,232923,372687,13987,93969,3.452212012301308,0.201366745525612
2928,0.3416,0,4,0,232927,372683,13987,93969,3.4521749601689575,0.2013684715805354
2929,0.3417,41,458,41,233385,372225,14028,93928,3.447932491014858,0.201496075322909
2930,0.3418,2,23,2,233408,372202,14030,93926,3.4477194412538443,0.20150259156283254
2931,0.3419,1,8,1,233416,372194,14031,93925,3.4476453369891438,0.20150433687534727
2932,0.342,5,105,5,233521,372089,14036,93920,3.4466727185149506,0.20154117195161467
2933,0.3421,2,21,2,233542,372068,14038,93918,3.446478194820112,0.20154682758709488
2934,0.3422,2,15,2,233557,372053,14040,93916,3.4463392493237985,0.2015498885118967
2935,0.3423,5,48,5,233605,372005,14045,93911,3.445894623735596,0.20156208415250818
2936,0.3424,0,12,0,233617,371993,14045,93911,3.4457834673385452,0.20156727566193894
2937,0.3425,40,392,40,234009,371601,14085,93871,3.442152358368224,0.2016684139969751
2938,0.3426,5,3,5,234012,371598,14090,93866,3.4421245692689615,0.20166113813313166
2939,0.3427,6,66,6,234078,371532,14096,93860,3.441513209085183,0.20167944442534466
2940,0.3428,2,16,2,234094,371516,14098,93858,3.441365000555782,0.201682947478802
2941,0.3429,1,27,1,234121,371489,14099,93857,3.441114898662418,0.20169293385996656
2942,0.343,1,69,1,234190,371420,14100,93856,3.440475749379377,0.20172112896431366
2943,0.3431,2,15,2,234205,371405,14102,93854,3.4403368038830635,0.20172420092894494
2944,0.3432,2,27,2,234232,371378,14104,93852,3.4400867019896997,0.20173247640951789
2945,0.3433,55,802,55,235034,370576,14159,93797,3.432657749453481,0.20198633426146653
2946,0.3435,4,38,4,235072,370538,14163,93793,3.432305754196154,0.20199598992959764
2947,0.3436,1,16,1,235088,370522,14164,93792,3.4321575456667532,0.20200123192494734
2948,0.3437,5,22,5,235110,370500,14169,93787,3.431953758938827,0.20200220984003428
2949,0.3438,1,22,1,235132,370478,14170,93786,3.4317499722109006,0.20201006323988074
2950,0.3439,0,20,0,235152,370458,14170,93786,3.4315647115491497,0.20201876599374466
2951,0.344,15,152,15,235304,370306,14185,93771,3.4301567305198413,0.20205914104771405
2952,0.3441,1,14,1,235318,370292,14186,93770,3.4300270480566155,0.20206351737483352
2953,0.3442,16,142,16,235460,370150,14202,93754,3.428711697358183,0.20209784783058563
2954,0.3443,11,59,11,235519,370091,14213,93743,3.4281651784060174,0.20210463226067946
2955,0.3444,0,3,0,235522,370088,14213,93743,3.428137389306755,0.202105939447773
2956,0.3445,1,27,1,235549,370061,14214,93742,3.4278872874133905,0.20211598458828425
2957,0.3446,1,9,1,235558,370052,14215,93741,3.4278039201156028,0.20211818634606388
2958,0.3447,4,42,4,235600,370010,14219,93737,3.4274148727259255,0.2021296094637809
2959,0.3448,1,17,1,235617,369993,14220,93736,3.427257401163437,0.2021352988491123
2960,0.3449,0,6,0,235623,369987,14220,93736,3.4272018229649115,0.2021379142289686
2961,0.345,167,1629,167,237252,368358,14387,93569,3.412112342065286,0.20256230962901065
2962,0.3451,1,10,1,237262,368348,14388,93568,3.4120197117344104,0.20256496852241532
2963,0.3452,0,41,0,237303,368307,14388,93568,3.4116399273778204,0.202582949932341
2964,0.3453,5,40,5,237343,368267,14393,93563,3.4112694060543185,0.20259186280666047
2965,0.3454,1,14,1,237357,368253,14394,93562,3.4111397235910927,0.20259627773025995
2966,0.3455,2,23,2,237380,368230,14396,93560,3.4109266738300787,0.2026029147447974
2967,0.3456,0,9,0,237389,368221,14396,93560,3.410843306532291,0.20260686342660264
2968,0.3457,5,61,5,237450,368160,14401,93555,3.41027826151395,0.2026249959390533
2969,0.3458,13,160,13,237610,368000,14414,93542,3.4087961762199415,0.20267277950869042
2970,0.3459,0,8,0,237618,367992,14414,93542,3.408722071955241,0.20267629253749453
2971,0.346,14,180,14,237798,367812,14428,93528,3.4070547259994814,0.20273117440499414
2972,0.3461,0,9,0,237807,367803,14428,93528,3.406971358701693,0.2027351294406836
2973,0.3462,4,40,4,237847,367763,14432,93524,3.4066008373781913,0.20274579600118797
2974,0.3463,1,36,1,237883,367727,14433,93523,3.4062673681870392,0.202759891598916
2975,0.3464,0,12,0,237895,367715,14433,93523,3.4061562117899884,0.20276516679024711
2976,0.3465,4,37,4,237932,367678,14437,93519,3.405813479565749,0.20277451934856472
2977,0.3466,2,5,2,237937,367673,14439,93517,3.405767164400311,0.2027732604783278
2978,0.3467,70,821,70,238758,366852,14509,93447,3.398162214235429,0.20301369327328542
2979,0.3468,3,35,3,238793,366817,14512,93444,3.3978380080773647,0.2030239364186842
2980,0.3469,0,6,0,238799,366811,14512,93444,3.3977824298788395,0.20302658308980892
2981,0.347,5,67,5,238866,366744,14517,93439,3.3971618066619733,0.20304748328382405
2982,0.3471,5,28,5,238894,366716,14522,93434,3.396902441735522,0.2030511789633815
2983,0.3472,2,16,2,238910,366700,14524,93432,3.396754233206121,0.20305477558613616
2984,0.3473,5,72,5,238982,366628,14529,93427,3.396087294823817,0.20307789286063624
2985,0.3474,1,16,1,238998,366612,14530,93426,3.3959390862944163,0.20308322355979289
2986,0.3475,37,443,37,239441,366169,14567,93389,3.3918355626366297,0.20321482816097206
2987,0.3476,3,9,3,239450,366160,14570,93386,3.391752195338842,0.203213606472475
2988,0.3477,6,52,6,239502,366108,14576,93380,3.391270517618289,0.20322619959607216
2989,0.3478,2,18,2,239520,366090,14578,93378,3.391103783022713,0.2032306928882969
2990,0.3479,0,16,0,239536,366074,14578,93378,3.390955574493312,0.20323777021321052
2991,0.348,8,113,8,239649,365961,14586,93370,3.3899088517544183,0.20327389181222255
2992,0.3481,0,10,0,239659,365951,14586,93370,3.3898162214235428,0.20327831734233792
2993,0.3482,2,32,2,239691,365919,14588,93368,3.389519804364741,0.2032890110105446
2994,0.3483,43,466,43,240157,365453,14631,93325,3.3852032309459408,0.20342082663074515
2995,0.3484,0,5,0,240162,365448,14631,93325,3.3851569157805033,0.20342304364031885
2996,0.3485,6,31,6,240193,365417,14637,93319,3.384869761754789,0.20342637159499147
2997,0.3486,0,16,0,240209,365401,14637,93319,3.384721553225388,0.20343346703871643
2998,0.3487,4,53,4,240262,365348,14641,93315,3.3842306124717476,0.20345002758016234
2999,0.3488,2,29,2,240291,365319,14643,93313,3.383961984512209,0.2034594184444173
3000,0.3489,1,10,1,240301,365309,14644,93312,3.383869354181333,0.2034621179579653
3001,0.349,9,106,9,240407,365203,14653,93303,3.3828874726740525,0.20349352025927686
3002,0.3491,0,4,0,240411,365199,14653,93303,3.3828504205417023,0.20349529554941964
3003,0.3492,14,134,14,240545,365065,14667,93289,3.38160917410797,0.2035304589902128
3004,0.3493,2,55,2,240600,365010,14669,93287,3.3810997072881546,0.2035514088025887
3005,0.3494,2,5,2,240605,365005,14671,93285,3.3810533921227166,0.203550153832726
3006,0.3495,3,33,3,240638,364972,14674,93282,3.3807477120308276,0.20355959795222736
3007,0.3496,0,14,0,240652,364958,14674,93282,3.380618029567602,0.20356581703910615
3008,0.3497,2,26,2,240678,364932,14676,93280,3.3803771907073252,0.20357389156111144
3009,0.3498,3,26,3,240704,364906,14679,93277,3.3801363518470486,0.2035802288605208
3010,0.3499,0,5,0,240709,364901,14679,93277,3.380090036681611,0.2035824504886747
3011,0.35,329,3804,329,244513,361097,15008,92948,3.344853458816555,0.2047109867964629
3012,0.3501,3,4,3,244517,361093,15011,92945,3.3448164066842048,0.20470753549262397
3013,0.3502,2,26,2,244543,361067,15013,92943,3.344575567823928,0.204715755159578
3014,0.3503,4,38,4,244581,361029,15017,92939,3.344223572566601,0.20472588376273218
3015,0.3504,2,11,2,244592,361018,15019,92937,3.344121679202638,0.2047273408157196
3016,0.3505,2,28,2,244620,360990,15021,92935,3.3438623142761865,0.2047364652751005
3017,0.3506,1,3,1,244623,360987,15022,92934,3.343834525176924,0.20473606640803135
3018,0.3507,9,52,9,244675,360935,15031,92925,3.343352847456371,0.20474375358039923
3019,0.3508,24,172,24,244847,360763,15055,92901,3.341759605765312,0.2047793080341398
3020,0.3509,1,7,1,244854,360756,15056,92900,3.341694764533699,0.20478071490292205
3021,0.351,8,93,8,244947,360663,15064,92892,3.340833302456556,0.20480867810960082
3022,0.3511,0,12,0,244959,360651,15064,92892,3.340722146059506,0.20481409700954484
3023,0.3512,5,24,5,244983,360627,15069,92887,3.3404998332654046,0.20481616885035522
3024,0.3513,6,40,6,245023,360587,15075,92881,3.340129311941902,0.20482371413197845
3025,0.3514,2,6,2,245029,360581,15077,92879,3.340073733743377,0.20482291712609713
3026,0.3515,8,32,8,245061,360549,15085,92871,3.3397773166845752,0.20482334259626836
3027,0.3516,0,9,0,245070,360540,15085,92871,3.3396939493867874,0.2048274082454991
3028,0.3517,52,469,52,245539,360071,15137,92819,3.335349586868724,0.20494822142242045
3029,0.3518,0,26,0,245565,360045,15137,92819,3.335108748008448,0.2049599879875636
3030,0.3519,0,11,0,245576,360034,15137,92819,3.335006854644485,0.2049649665564764
3031,0.352,11,101,11,245677,359933,15148,92808,3.334071288302642,0.20499137475952034
3032,0.3521,0,22,0,245699,359911,15148,92808,3.3338675015747157,0.20500133636980114
3033,0.3522,2,25,2,245724,359886,15150,92806,3.3336359257475268,0.2050091452908379
3034,0.3523,6,45,6,245769,359841,15156,92800,3.333219089258587,0.2050189885582614
3035,0.3524,1,15,1,245784,359826,15157,92799,3.3330801437622735,0.20502402651201326
3036,0.3525,39,386,39,246170,359440,15196,92760,3.3295046129904775,0.20513047324192835
3037,0.3526,4,15,4,246185,359425,15200,92756,3.329365667494164,0.20513024651632863
3038,0.3527,10,49,10,246234,359376,15210,92746,3.328911778872874,0.20513489721800754
3039,0.3528,1,17,1,246251,359359,15211,92745,3.3287543073103856,0.20514085254720152
3040,0.3529,2,23,2,246274,359336,15213,92743,3.328541257549372,0.2051477728450116
3041,0.353,7,49,7,246323,359287,15220,92736,3.328087368928082,0.2051577021523241
3042,0.3531,0,6,0,246329,359281,15220,92736,3.3280317907295567,0.2051604253822312
3043,0.3532,1,17,1,246346,359264,15221,92735,3.327874319167068,0.20516638311146707
3044,0.3533,76,797,76,247143,358467,15297,92659,3.3204916817962875,0.2053949450929452
3045,0.3534,0,3,0,247146,358464,15297,92659,3.320463892697025,0.20539631098392233
3046,0.3535,4,39,4,247185,358425,15301,92655,3.3201026344066102,0.2054070231444533
3047,0.3536,1,5,1,247190,358420,15302,92654,3.3200563192411723,0.20540753845267073
3048,0.3537,3,41,3,247231,358379,15305,92651,3.3196765348845827,0.20542092543733234
3049,0.3538,3,16,3,247247,358363,15308,92648,3.3195283263551816,0.20542292760043546
3050,0.3539,0,4,0,247251,358359,15308,92648,3.3194912742228317,0.2054247495049966
3051,0.354,19,164,19,247415,358195,15327,92629,3.3179721367964725,0.20546599116284847
3052,0.3541,2,8,2,247423,358187,15329,92627,3.3178980325317724,0.20546611240999613
3053,0.3542,22,116,22,247539,358071,15351,92605,3.316823520693616,0.20548021194827326
3054,0.3543,6,53,6,247592,358018,15357,92599,3.3163325799399757,0.205493800722121
3055,0.3544,1,7,1,247599,358011,15358,92598,3.3162677387083628,0.20549522978901885
3056,0.3545,2,38,2,247637,357973,15360,92596,3.315915743451036,0.20550903413239704
3057,0.3546,1,10,1,247647,357963,15361,92595,3.31582311312016,0.20551183199499287
3058,0.3547,2,53,2,247700,357910,15363,92593,3.31533217236652,0.20553248258058215
3059,0.3548,3,24,3,247724,357886,15366,92590,3.315109859572418,0.20553814187659275
3060,0.3549,0,3,0,247727,357883,15366,92590,3.3150820704731556,0.20553951069209475
3061,0.355,127,1462,127,249189,356421,15493,92463,3.3015395160991514,0.20598417408506428
3062,0.3551,1,3,1,249192,356418,15494,92462,3.301511726999889,0.20598378185706648
3063,0.3552,2,22,2,249214,356396,15496,92460,3.3013079402719625,0.2059903398862887
3064,0.3553,4,39,4,249253,356357,15500,92456,3.300946681981548,0.2060011630679147
3065,0.3554,2,15,2,249268,356342,15502,92454,3.300807736485235,0.20600450984411625
3066,0.3555,1,26,1,249294,356316,15503,92453,3.3005668976249583,0.20601467570175303
3067,0.3556,3,9,3,249303,356307,15506,92450,3.3004835303271705,0.20601349951087114
3068,0.3557,6,55,6,249358,356252,15512,92444,3.2999740635073547,0.20602813486191096
3069,0.3558,20,143,20,249501,356109,15532,92424,3.2986494497758345,0.20605841710643363
3070,0.3559,0,2,0,249503,356107,15532,92424,3.2986309237096596,0.20605933592104
3071,0.356,15,172,15,249675,355935,15547,92409,3.2970376820186003,0.20611182484877683
3072,0.3561,4,10,4,249685,355925,15551,92405,3.296945051687725,0.20610933910289295
3073,0.3562,5,36,5,249721,355889,15556,92400,3.2966115824965727,0.2061170361084033
3074,0.3563,3,36,3,249757,355853,15559,92397,3.2962781133054206,0.20612827663134412
3075,0.3564,1,10,1,249767,355843,15560,92396,3.296185482974545,0.20613110416541175
3076,0.3565,4,39,4,249806,355804,15564,92392,3.2958242246841305,0.20614195575150157
3077,0.3566,0,2,0,249808,355802,15564,92392,3.2958056986179556,0.20614287562974962
3078,0.3567,90,784,90,250592,355018,15654,92302,3.288543480677313,0.2063444513994456
3079,0.3568,3,34,3,250626,354984,15657,92299,3.288228537552336,0.20635481339554598
3080,0.3569,2,13,2,250639,354971,15659,92297,3.288108118122198,0.20635726231252852
3081,0.357,6,53,6,250692,354918,15665,92291,3.2876171773685576,0.20637107034965754
3082,0.3571,0,16,0,250708,354902,15665,92291,3.2874689688391565,0.2063784540455687
3083,0.3572,0,26,0,250734,354876,15665,92291,3.2872281299788804,0.20639045367837966
3084,0.3573,6,52,6,250786,354824,15671,92285,3.2867464522583276,0.20640380757265006
3085,0.3574,2,5,2,250791,354819,15673,92283,3.2867001370928897,0.20640256585745534
3086,0.3575,44,428,44,251219,354391,15717,92239,3.2827355589314164,0.20652217719365024
3087,0.3576,1,18,1,251237,354373,15718,92238,3.2825688243358404,0.20652872410218287
3088,0.3577,3,41,3,251278,354332,15721,92235,3.282189039979251,0.20654235534645418
3089,0.3578,3,20,3,251298,354312,15724,92232,3.2820037793175,0.20654627539503387
3090,0.3579,2,11,2,251309,354301,15726,92230,3.2819018859535367,0.2065478096705492
3091,0.358,11,95,11,251404,354206,15737,92219,3.281021897810219,0.20657221257770061
3092,0.3581,2,11,2,251415,354195,15739,92217,3.280920004446256,0.2065737480175264
3093,0.3582,3,24,3,251439,354171,15742,92214,3.2806976916521546,0.20657952216136294
3094,0.3583,67,434,67,251873,353737,15809,92147,3.276677535292156,0.20666137381022867
3095,0.3584,0,2,0,251875,353735,15809,92147,3.276659009225981,0.20666230078810088
3096,0.3585,4,33,4,251908,353702,15813,92143,3.276353329134092,0.2066704796509998
3097,0.3586,1,12,1,251920,353690,15814,92142,3.276242172737041,0.20667426295106678
3098,0.3587,5,41,5,251961,353649,15819,92137,3.2758623883804514,0.20668437321943714
3099,0.3588,11,30,11,251991,353619,15830,92126,3.2755844973878245,0.20667870643529374
3100,0.3589,0,14,0,252005,353605,15830,92126,3.275454814924599,0.20668519802302285
3101,0.359,7,98,7,252103,353507,15837,92119,3.2745470376820185,0.20671818969270195
3102,0.3591,0,4,0,252107,353503,15837,92119,3.274509985549668,0.20672004524013626
3103,0.3592,20,154,20,252261,353349,15857,92099,3.273083478454185,0.206755895188664
3104,0.3593,12,51,12,252312,353298,15869,92087,3.27261106376672,0.20675819796355963
3105,0.3594,0,7,0,252319,353291,15869,92087,3.272546222535107,0.20676144757935955
3106,0.3595,6,34,6,252353,353257,15875,92081,3.2722312794101303,0.20676654585954937
3107,0.3596,0,12,0,252365,353245,15875,92081,3.2721201230130794,0.20677211750492897
3108,0.3597,3,28,3,252393,353217,15878,92078,3.271860758086628,0.20677977520520105
3109,0.3598,3,23,3,252416,353194,15881,92075,3.2716477083256144,0.20678511192110835
3110,0.3599,2,5,2,252421,353189,15883,92073,3.2716013931601764,0.20678387106916826
3111,0.36,358,3792,358,256213,349397,16241,91715,3.2364759716921707,0.2079177170423838
3112,0.3601,1,8,1,256221,349389,16242,91714,3.2364018674274706,0.20791969222607873
3113,0.3602,1,27,1,256248,349362,16243,91713,3.2361517655341063,0.20793062404353002
3114,0.3603,5,26,5,256274,349336,16248,91708,3.23591092667383,0.2079339022863932
3115,0.3604,2,7,2,256281,349329,16250,91706,3.2358460854422173,0.20793361071116806
3116,0.3605,5,22,5,256303,349307,16255,91701,3.235642298714291,0.2079350034466495
3117,0.3606,0,14,0,256317,349293,16255,91701,3.2355126162510652,0.20794160464768227
3118,0.3607,10,59,10,256376,349234,16265,91691,3.2349660972988996,0.20795146566876452
3119,0.3608,8,144,8,256520,349090,16273,91683,3.233632220534292,0.2080050275311782
3120,0.3609,0,3,0,256523,349087,16273,91683,3.233604431435029,0.20800644326973253
3121,0.361,11,98,11,256621,348989,16284,91672,3.232696654192449,0.20803293234481834
3122,0.3611,2,5,2,256626,348984,16286,91670,3.232650339027011,0.2080316983392866
3123,0.3612,3,34,3,256660,348950,16289,91667,3.2323353959020342,0.20804235878325167
3124,0.3613,2,41,2,256701,348909,16291,91665,3.2319556115454446,0.20805812417437253
3125,0.3614,2,14,2,256715,348895,16293,91663,3.231825929082219,0.20806114064436465
3126,0.3615,6,36,6,256751,348859,16299,91657,3.231492459891067,0.20806735737180942
3127,0.3616,1,9,1,256760,348850,16300,91656,3.2314090925932786,0.20806981062687002
3128,0.3617,45,471,45,257231,348379,16345,91611,3.227046204009041,0.20821155026250596
3129,0.3618,2,30,2,257261,348349,16347,91609,3.226768313016414,0.20822214847780923
3130,0.3619,0,8,0,257269,348341,16347,91609,3.226694208751714,0.20822593476531423
3131,0.362,12,84,12,257353,348257,16359,91597,3.225916113972359,0.20824409917836373
3132,0.3621,2,17,2,257370,348240,16361,91595,3.2257586424098705,0.20824854775086113
3133,0.3622,3,31,3,257401,348209,16364,91592,3.2254714883841564,0.2082578256984409
3134,0.3623,6,47,6,257448,348162,16370,91586,3.2250361258290416,0.20826928149758497
3135,0.3624,1,12,1,257460,348150,16371,91585,3.224924969431991,0.20827316451954017
3136,0.3625,53,383,53,257843,347767,16424,91532,3.2213772277594575,0.20835922685915514
3137,0.3626,0,7,0,257850,347760,16424,91532,3.2213123865278446,0.20836254700745746
3138,0.3627,6,64,6,257914,347696,16430,91526,3.220719552410241,0.208382093793116
3139,0.3628,1,12,1,257926,347684,16431,91525,3.2206083960131906,0.20838598480450082
3140,0.3629,1,16,1,257942,347668,16432,91524,3.2204601874837895,0.20839177398495418
3141,0.363,3,74,3,258016,347594,16435,91521,3.219774723035311,0.2084214841214716
3142,0.3631,0,3,0,258019,347591,16435,91521,3.219746933936048,0.20842290805079342
3143,0.3632,4,27,4,258046,347564,16439,91517,3.219496832042684,0.2084285131900492
3144,0.3633,75,773,75,258819,346791,16514,91442,3.212336507466005,0.20866068963314036
3145,0.3635,6,33,6,258852,346758,16520,91436,3.2120308273741154,0.20866556821864288
3146,0.3636,0,15,0,258867,346743,16520,91436,3.211891881877802,0.20867271138050889
3147,0.3637,5,36,5,258903,346707,16525,91431,3.2115584126866503,0.20868082658888296
3148,0.3638,4,34,4,258937,346673,16529,91427,3.211243469561673,0.20868979685003425
3149,0.3639,1,9,1,258946,346664,16530,91426,3.2111601022638854,0.20869227784245245
3150,0.364,15,170,15,259116,346494,16545,91411,3.209585386639001,0.20874618924195887
3151,0.3641,1,3,1,259119,346491,16546,91410,3.2095575975397383,0.20874581240965423
3152,0.3642,26,147,26,259266,346344,16572,91384,3.208195931675868,0.20876891585642227
3153,0.3643,7,60,7,259326,346284,16579,91377,3.2076401496906146,0.20878488144934093
3154,0.3644,1,3,1,259329,346281,16580,91376,3.207612360591352,0.20878450476057736
3155,0.3645,2,33,2,259362,346248,16582,91374,3.2073066804994625,0.20879663271042131
3156,0.3646,0,15,0,259377,346233,16582,91374,3.2071677350031496,0.20880378970171867
3157,0.3647,3,38,3,259415,346195,16585,91371,3.2068157397458226,0.20881649853964887
3158,0.3648,6,27,6,259442,346168,16591,91365,3.2065656378524583,0.20881853483051563
3159,0.3649,0,13,0,259455,346155,16591,91365,3.20644521842232,0.20882473944048272
3160,0.365,136,1486,136,260941,344669,16727,91229,3.192680351254215,0.20928978797792144
3161,0.3651,2,8,2,260949,344661,16729,91227,3.1926062469895142,0.2092900011012003
3162,0.3652,2,28,2,260977,344633,16731,91225,3.1923468820630627,0.20929981783057786
3163,0.3653,3,46,3,261023,344587,16734,91222,3.191920782541035,0.20931646661725664
3164,0.3654,4,15,4,261038,344572,16738,91218,3.1917818370447217,0.20931641386906538
3165,0.3655,0,29,0,261067,344543,16738,91218,3.191513209085183,0.20933034392706093
3166,0.3656,2,8,2,261075,344535,16740,91216,3.1914391048204824,0.20933055804805956
3167,0.3657,5,49,5,261124,344486,16745,91211,3.1909852161991923,0.2093450264748208
3168,0.3658,13,167,13,261291,344319,16758,91198,3.189438289673571,0.20940169958922383
3169,0.3659,0,13,0,261304,344306,16758,91198,3.1893178702434324,0.20940795032881443
3170,0.366,20,148,20,261452,344158,16778,91178,3.1879469413464743,0.20944282117720564
3171,0.3661,1,2,1,261454,344156,16779,91177,3.1879284152802994,0.2094419674134513
3172,0.3662,2,23,2,261477,344133,16781,91175,3.187715365519286,0.2094494013434166
3173,0.3663,2,29,2,261506,344104,16783,91173,3.1874467375597466,0.20945972334858032
3174,0.3664,1,9,1,261515,344095,16784,91172,3.1873633702619584,0.20946223812050993
3175,0.3665,5,31,5,261546,344064,16789,91167,3.1870762162362443,0.20946807557366087
3176,0.3666,1,5,1,261551,344059,16790,91166,3.1870299010708067,0.2094686656327187
3177,0.3667,77,810,77,262361,343249,16867,91089,3.179526844269888,0.20971915881180095
3178,0.3668,2,21,2,262382,343228,16869,91087,3.179332320575049,0.2097256599472733
3179,0.3669,0,2,0,262384,343226,16869,91087,3.179313794508874,0.2097266257284493
3180,0.367,5,70,5,262454,343156,16874,91082,3.178665382192745,0.20975133452162179
3181,0.3671,3,20,3,262474,343136,16877,91079,3.178480121530994,0.20975553585205486
3182,0.3672,0,17,0,262491,343119,16877,91079,3.1783226499685058,0.2097637483360126
3183,0.3673,12,69,12,262560,343050,16889,91067,3.1776835006854642,0.20977524492245178
3184,0.3674,0,8,0,262568,343042,16889,91067,3.177609396420764,0.20977911077632577
3185,0.3675,39,429,39,262997,342613,16928,91028,3.173635555226203,0.20991557532613384
3186,0.3676,1,13,1,263010,342600,16929,91027,3.173515135796065,0.20992004649156995
3187,0.3677,5,41,5,263051,342559,16934,91022,3.1731353514394756,0.20993078571247356
3188,0.3678,0,15,0,263066,342544,16934,91022,3.172996405943162,0.20993804864772606
3189,0.3679,1,7,1,263073,342537,16935,91021,3.1729315647115492,0.20993961592220647
3190,0.368,9,102,9,263175,342435,16944,91012,3.1719867353366187,0.20997261487563645
3191,0.3681,3,12,3,263187,342423,16947,91009,3.171875578939568,0.20997296000295318
3192,0.3682,4,27,4,263214,342396,16951,91005,3.171625477046204,0.2099787494721978
3193,0.3683,42,451,42,263665,341945,16993,90963,3.1674478491237172,0.21012085708741812
3194,0.3684,0,2,0,263667,341943,16993,90963,3.167429323057542,0.21012182783329406
3195,0.3685,7,45,7,263712,341898,17000,90956,3.167012486568602,0.21013089864018814
3196,0.3686,5,18,5,263730,341880,17005,90951,3.166845751973026,0.21013051283295328
3197,0.3687,3,39,3,263769,341841,17008,90948,3.1664844936826113,0.21014397316013114
3198,0.3688,4,31,4,263800,341810,17012,90944,3.166197339656897,0.21015172592281064
3199,0.3689,0,8,0,263808,341802,17012,90944,3.1661232353921966,0.210155610912637
3200,0.369,7,83,7,263891,341719,17019,90937,3.16535440364593,0.2101831478125809
3201,0.3691,1,8,1,263899,341711,17020,90936,3.1652802993812292,0.2101852087267449
3202,0.3692,15,154,15,264053,341557,17035,90921,3.163853792285746,0.21023265923353326
3203,0.3693,9,80,9,264133,341477,17044,90912,3.1631127496387417,0.21025511749836373
3204,0.3694,1,5,1,264138,341472,17045,90911,3.163066434473304,0.21025572235726198
3205,0.3695,2,37,2,264175,341435,17047,90909,3.1627237022490644,0.21027006272782783
3206,0.3696,0,16,0,264191,341419,17047,90909,3.1625754937196637,0.21027784459947077
3207,0.3697,2,25,2,264216,341394,17049,90907,3.162343917892475,0.21028635140793106
3208,0.3698,1,21,1,264237,341373,17050,90906,3.162149394197636,0.2102947402025081
3209,0.3699,1,3,1,264240,341370,17051,90905,3.1621216050983736,0.21029437279509572
3210,0.37,358,3888,358,268128,337482,17409,90547,3.1261069324539625,0.21154407762090888
3211,0.3701,1,6,1,268134,337476,17410,90546,3.1260513542554373,0.21154520094761484
3212,0.3702,4,24,4,268158,337452,17414,90542,3.125829041461336,0.21154969462188722
3213,0.3703,4,37,4,268195,337415,17418,90538,3.125486309237097,0.21156061530121298
3214,0.3704,0,11,0,268206,337404,17418,90538,3.1253844158731336,0.21156605334367742
3215,0.3705,4,27,4,268233,337377,17422,90534,3.1251343139797694,0.21157203250208573
3216,0.3706,1,6,1,268239,337371,17423,90533,3.125078735781244,0.21157315659587198
3217,0.3707,7,69,7,268308,337302,17430,90526,3.124439586498203,0.21159437904952458
3218,0.3708,13,171,13,268479,337131,17443,90513,3.1228556078402314,0.2116550214664534
3219,0.3709,0,2,0,268481,337129,17443,90513,3.122837081774056,0.21165601133658526
3220,0.371,9,106,9,268587,337023,17452,90504,3.121855200266775,0.21169189314359094
3221,0.3711,3,11,3,268598,337012,17455,90501,3.121753306902812,0.21169180820232367
3222,0.3712,3,17,3,268615,336995,17458,90498,3.1215958353403237,0.2116946944160489
3223,0.3713,3,48,3,268663,336947,17461,90495,3.1211512097521212,0.2117129341524698
3224,0.3714,0,8,0,268671,336939,17461,90495,3.1210771054874207,0.21171689664369236
3225,0.3715,7,50,7,268721,336889,17468,90488,3.1206139538330433,0.2117287547060324
3226,0.3716,2,7,2,268728,336882,17470,90486,3.1205491126014304,0.21172853372269332
3227,0.3717,49,474,49,269202,336408,17519,90437,3.1161584349179297,0.21187316238915765
3228,0.3718,2,28,2,269230,336380,17521,90435,3.115899069991478,0.2118833686726099
3229,0.3719,0,4,0,269234,336376,17521,90435,3.115862017859128,0.21188535440745435
3230,0.372,13,104,13,269338,336272,17534,90422,3.114898662418022,0.21191298682428156
3231,0.3721,0,13,0,269351,336259,17534,90422,3.114778242987884,0.21191944333120058
3232,0.3722,2,17,2,269368,336242,17536,90420,3.1146207714253955,0.21192419292086007
3233,0.3723,6,45,6,269413,336197,17542,90414,3.1142039349364556,0.21193546345499764
3234,0.3724,1,7,1,269420,336190,17543,90413,3.1141390937048428,0.21193709373820624
3235,0.3725,43,390,43,269810,335800,17586,90370,3.1105265108006965,0.21205152873266536
3236,0.3726,3,14,3,269824,335786,17589,90367,3.1103968283374708,0.21205294811957207
3237,0.3727,8,48,8,269872,335738,17597,90359,3.1099522027492683,0.21206204221104585
3238,0.3728,1,19,1,269891,335719,17598,90358,3.1097762051206046,0.21206964938262332
3239,0.3729,1,19,1,269910,335700,17599,90357,3.1096002074919413,0.21207725726839366
3240,0.373,6,65,6,269975,335635,17605,90351,3.10899811034125,0.2120985196696605
3241,0.3731,1,7,1,269982,335628,17606,90350,3.108933269109637,0.21210015540708674
3242,0.3732,3,28,3,270010,335600,17609,90347,3.1086739041831857,0.21210854871615484
3243,0.3733,68,804,68,270814,334796,17677,90279,3.101226425580792,0.212383696994648
3244,0.3734,0,8,0,270822,334788,17677,90279,3.101152321316092,0.2123876941752712
3245,0.3735,3,32,3,270854,334756,17680,90276,3.10085590425729,0.21239812531762314
3246,0.3736,1,13,1,270867,334743,17681,90275,3.100735484827152,0.21240276882390863
3247,0.3737,2,40,2,270907,334703,17683,90273,3.1003649635036497,0.21241905425247543
3248,0.3738,4,19,4,270926,334684,17687,90269,3.100188965874986,0.21242113833765147
3249,0.3739,1,10,1,270936,334674,17688,90268,3.1000963355441105,0.21242428378461062
3250,0.374,21,162,21,271098,334512,17709,90247,3.0985957241839266,0.2124663632789417
3251,0.3741,1,6,1,271104,334506,17710,90246,3.0985401459854014,0.21246751045315854
3252,0.3742,9,160,9,271264,334346,17719,90237,3.097058060691393,0.21253088324308791
3253,0.3743,8,66,8,271330,334280,17727,90229,3.0964467005076144,0.21254908612067117
3254,0.3744,3,4,3,271334,334276,17730,90226,3.096409648375264,0.21254552393157158
3255,0.3745,4,26,4,271360,334250,17734,90222,3.0961688095149875,0.2125511223355133
3256,0.3746,3,11,3,271371,334239,17737,90219,3.0960669161510244,0.21255106512305105
3257,0.3747,5,47,5,271418,334192,17742,90214,3.0956315535959096,0.2125653265976447
3258,0.3748,5,41,5,271459,334151,17747,90209,3.0952517692393196,0.2125765859176171
3259,0.3749,0,7,0,271466,334144,17747,90209,3.0951869280077067,0.2125800925173146
3260,0.375,139,1462,139,272928,332682,17886,90070,3.0816443736337025,0.213056354553024
3261,0.3751,0,5,0,272933,332677,17886,90070,3.081598058468265,0.21305887445682642
3262,0.3752,1,29,1,272962,332648,17887,90069,3.0813294305087258,0.21307162948260894
3263,0.3753,4,45,4,273007,332603,17891,90065,3.080912594019786,0.2130868672338573
3264,0.3754,1,6,1,273013,332597,17892,90064,3.0808570158212607,0.2130880303600285
3265,0.3755,3,33,3,273046,332564,17895,90061,3.0805513357293712,0.21309908311150547
3266,0.3756,1,7,1,273053,332557,17896,90060,3.0804864944977584,0.21310075079800386
3267,0.3757,3,73,3,273126,332484,17899,90057,3.079810293082367,0.21313198009187273
3268,0.3758,15,156,15,273282,332328,17914,90042,3.0783652599207083,0.2131827544569927
3269,0.3759,0,6,0,273288,332322,17914,90042,3.078309681722183,0.21318578287922266
3270,0.376,17,141,17,273429,332181,17931,90025,3.077003594056838,0.2132252976035395
3271,0.3761,1,7,1,273436,332174,17932,90024,3.076938752825225,0.21322696933666194
3272,0.3762,4,20,4,273456,332154,17936,90020,3.076753492163474,0.21322961622458986
3273,0.3763,5,34,5,273490,332120,17941,90015,3.0764385490384973,0.21323747142501806
3274,0.3764,2,9,2,273499,332111,17943,90013,3.076355181740709,0.21323829017066076
3275,0.3765,4,35,4,273534,332076,17947,90009,3.0760309755826447,0.21324851629411137
3276,0.3766,1,10,1,273544,332066,17948,90008,3.0759383452517692,0.21325170467737886
3277,0.3767,76,769,76,274313,331297,18024,89932,3.06881507280744,0.21349907057681214
3278,0.3768,4,26,4,274339,331271,18028,89928,3.0685742339471638,0.2135047804007132
3279,0.3769,2,17,2,274356,331254,18030,89926,3.0684167623846754,0.21350966332684362
3280,0.377,9,72,9,274428,331182,18039,89917,3.0677498240023713,0.21352936007922127
3281,0.3771,1,16,1,274444,331166,18040,89916,3.0676016154729706,0.21353560589148907
3282,0.3772,0,28,0,274472,331138,18040,89916,3.067342250546519,0.2135498059631306
3283,0.3773,7,60,7,274532,331078,18047,89909,3.066786468561266,0.21356716478181037
3284,0.3774,1,5,1,274537,331073,18048,89908,3.066740153395828,0.21356783322762785
3285,0.3775,47,428,47,274965,330645,18095,89861,3.0627755752343546,0.21369730752950017
3286,0.3776,1,12,1,274977,330633,18096,89860,3.0626644188373042,0.2137015360541079
3287,0.3777,5,50,5,275027,330583,18101,89855,3.0622012671829264,0.21371759926552786
3288,0.3778,4,18,4,275045,330565,18105,89851,3.0620345325873504,0.21371926853402345
3289,0.3779,2,14,2,275059,330551,18107,89849,3.0619048501241246,0.21372264509990485
3290,0.378,11,91,11,275150,330460,18118,89838,3.061061914113157,0.21374834046319516
3291,0.3781,1,9,1,275159,330451,18119,89837,3.0609785468153694,0.21375104690117253
3292,0.3782,2,32,2,275191,330419,18121,89835,3.0606821297565676,0.21376358107239907
3293,0.3783,46,470,46,275661,329949,18167,89789,3.056328504205417,0.21391677665591394
3294,0.3784,0,3,0,275664,329946,18167,89789,3.0563007151061545,0.21391830559757943
3295,0.3785,4,51,4,275715,329895,18171,89785,3.055828300418689,0.2139368089973313
3296,0.3786,1,14,1,275729,329881,18172,89784,3.0556986179554633,0.2139420728438159
3297,0.3787,5,62,5,275791,329819,18177,89779,3.055124309904035,0.21396431822839956
3298,0.3788,0,20,0,275811,329799,18177,89779,3.054939049242284,0.2139745172530495
3299,0.3789,0,8,0,275819,329791,18177,89779,3.0548649449775835,0.21397859713516218
3300,0.379,11,93,11,275912,329698,18188,89768,3.0540034829004408,0.21400542594632224
3301,0.3791,0,2,0,275914,329696,18188,89768,3.053984956834266,0.2140064463219728
3302,0.3792,22,145,22,276059,329551,18210,89746,3.0526418170365703,0.21403921325456657
3303,0.3793,5,58,5,276117,329493,18215,89741,3.0521045611174924,0.21405945128496257
3304,0.3794,0,5,0,276122,329488,18215,89741,3.0520582459520544,0.21406200429836678
3305,0.3795,1,36,1,276158,329452,18216,89740,3.0517247767609024,0.2140785129487204
3306,0.3796,0,10,0,276168,329442,18216,89740,3.051632146430027,0.2140836200027673
3307,0.3797,4,47,4,276215,329395,18220,89736,3.051196783874912,0.21410012621352273
3308,0.3798,2,28,2,276243,329367,18222,89734,3.0509374189484606,0.21411067976454362
3309,0.3799,1,7,1,276250,329360,18223,89733,3.0508725777168477,0.21411238078421735
3310,0.38,389,3758,389,280008,325602,18612,89344,3.0160620993738188,0.21531476384878998
3311,0.3801,0,10,0,280018,325592,18612,89344,3.0159694690429433,0.21531995295660053
3312,0.3802,3,18,3,280036,325574,18615,89341,3.0158027344473672,0.21532362050058446
3313,0.3803,2,35,2,280071,325539,18617,89339,3.015478528289303,0.21533800297918906
3314,0.3804,0,14,0,280085,325525,18617,89339,3.015348845826077,0.21534526977515522
3315,0.3805,3,27,3,280112,325498,18620,89336,3.0150987439327133,0.21535361132404768
3316,0.3806,0,8,0,280120,325490,18620,89336,3.0150246396680127,0.21535776446027974
3317,0.3807,5,51,5,280171,325439,18625,89331,3.0145522249805476,0.2153747860259903
3318,0.3808,20,157,20,280328,325282,18645,89311,3.0130979287858017,0.21541849476474517
3319,0.3809,0,1,0,280329,325281,18645,89311,3.013088665752714,0.2154190143562828
3320,0.381,14,103,14,280432,325178,18659,89297,3.012134573344696,0.21544604620302793
3321,0.3811,1,12,1,280444,325166,18660,89296,3.0120234169476454,0.21545039110943826
3322,0.3812,1,20,1,280464,325146,18661,89295,3.0118381562858945,0.21545889523478615
3323,0.3813,8,46,8,280510,325100,18669,89287,3.011412056763867,0.2154676666980383
3324,0.3814,3,14,3,280524,325086,18672,89284,3.011282374300641,0.21546926659748533
3325,0.3815,2,29,2,280553,325057,18674,89282,3.011013746341102,0.21548056060375684
3326,0.3816,0,7,0,280560,325050,18674,89282,3.010948905109489,0.21548420107546606
3327,0.3817,49,450,49,281010,324600,18723,89233,3.0067805402200896,0.2156256267624863
3328,0.3818,0,32,0,281042,324568,18723,89233,3.0064841231612878,0.21564230149274652
3329,0.3819,2,13,2,281055,324555,18725,89231,3.0063637037311497,0.21564528524406334
3330,0.382,9,95,9,281150,324460,18734,89222,3.005483715587832,0.21567774280727708
3331,0.3821,2,19,2,281169,324441,18736,89220,3.0053077179591687,0.21568385707137003
3332,0.3822,0,18,0,281187,324423,18736,89220,3.0051409833635927,0.21569324272379806
3333,0.3823,7,49,7,281236,324374,18743,89213,3.0046870947423026,0.21570552265907778
3334,0.3824,1,3,1,281239,324371,18744,89212,3.00465930564304,0.21570519097738544
3335,0.3825,37,428,37,281667,323943,18781,89175,3.0006947274815667,0.2158584230171525
3336,0.3826,1,8,1,281675,323935,18782,89174,3.000620623216866,0.21586070504394725
3337,0.3827,1,45,1,281720,323890,18783,89173,3.0002037867279263,0.21588232303546917
3338,0.3828,5,24,5,281744,323866,18788,89168,2.999981473933825,0.21588537505386965
3339,0.3829,2,22,2,281766,323844,18790,89166,2.9997776872058988,0.2158930776494516
3340,0.383,7,59,7,281825,323785,18797,89159,2.999231168253733,0.21591063195009494
3341,0.3831,1,9,1,281834,323776,18798,89158,2.999147800955945,0.21591343895150314
3342,0.3832,2,22,2,281856,323754,18800,89156,2.998944014228019,0.21592114504371412
3343,0.3833,102,822,102,282678,322932,18902,89054,2.9913298010300493,0.21615783060589439
3344,0.3834,1,2,1,282680,322930,18903,89053,2.9913112749638744,0.2161569773510072
3345,0.3835,4,34,4,282714,322896,18907,89049,2.9909963318388972,0.21616720678731385
3346,0.3836,1,18,1,282732,322878,18908,89048,2.990829597243321,0.216174749833708
3347,0.3837,5,36,5,282768,322842,18913,89043,2.9904961280521696,0.2161841290651517
3348,0.3838,3,43,3,282811,322799,18916,89040,2.9900978176294046,0.21620099116402283
3349,0.3839,1,8,1,282819,322791,18917,89039,2.990023713364704,0.21620328776436878
3350,0.384,24,141,24,282960,322650,18941,89015,2.988717625699359,0.216231644662529
3351,0.3841,0,3,0,282963,322647,18941,89015,2.9886898366000962,0.21623322045755985
3352,0.3842,15,166,15,283129,322481,18956,89000,2.9871521731075625,0.2162918822497272
3353,0.3843,4,60,4,283189,322421,18960,88996,2.9865963911223092,0.2163158061042689
3354,0.3844,0,4,0,283193,322417,18960,88996,2.986559338989959,0.2163179092542044
3355,0.3845,6,39,6,283232,322378,18966,88990,2.9861980806995443,0.2163269870286459
3356,0.3846,1,16,1,283248,322362,18967,88989,2.986049872170143,0.21633349621126483
3357,0.3847,5,48,5,283296,322314,18972,88984,2.9856052465819407,0.21634921638325497
3358,0.3848,3,42,3,283338,322272,18975,88981,2.9852161991922634,0.21636559490143537
3359,0.3849,1,8,1,283346,322264,18976,88980,2.985142094927563,0.21636789837663284
3360,0.385,154,1497,154,284843,320767,19130,88826,2.9712753343954943,0.2168640577353617
3361,0.3851,0,6,0,284849,320761,19130,88826,2.971219756196969,0.21686723455578424
3362,0.3852,2,24,2,284873,320737,19132,88824,2.970997443402868,0.2168761185757433
3363,0.3853,5,42,5,284915,320695,19137,88819,2.9706083960131906,0.2168887998945091
3364,0.3854,0,10,0,284925,320685,19137,88819,2.970515765682315,0.21689409627256387
3365,0.3855,4,45,4,284970,320640,19141,88815,2.9700989291933753,0.21691028318130198
3366,0.3856,0,6,0,284976,320634,19141,88815,2.9700433509948496,0.216913461749815
3367,0.3857,7,47,7,285023,320587,19148,88808,2.969607988439735,0.21692497465772664
3368,0.3858,14,154,14,285177,320433,19162,88794,2.9681814813442515,0.2169798180471963
3369,0.3859,0,2,0,285179,320431,19162,88794,2.968162955278076,0.21698087848982833
3370,0.386,18,135,18,285314,320296,19180,88776,2.9669124458112566,0.21701803105565767
3371,0.3861,3,10,3,285324,320286,19183,88773,2.966819815480381,0.2170175940390017
3372,0.3862,6,13,6,285337,320273,19189,88767,2.9666993960502426,0.21701300606297672
3373,0.3863,2,27,2,285364,320246,19191,88765,2.9664492941568787,0.21702350303537069
3374,0.3864,0,15,0,285379,320231,19191,88765,2.9663103486605653,0.2170314624103903
3375,0.3865,6,36,6,285415,320195,19197,88759,2.9659768794694137,0.21703908018994802
3376,0.3866,2,6,2,285421,320189,19199,88757,2.965921301270888,0.2170384353924479
3377,0.3867,89,789,89,286210,319400,19288,88668,2.958612768164808,0.21728731485928815
3378,0.3868,3,19,3,286229,319381,19291,88665,2.9584367705361445,0.2172916778990604
3379,0.3869,0,1,0,286230,319380,19291,88665,2.958427507503057,0.21729221041796862
3380,0.387,7,67,7,286297,319313,19298,88658,2.9578068842861907,0.2173144659791995
3381,0.3871,0,26,0,286323,319287,19298,88658,2.957566045425914,0.2173283163171506
3382,0.3872,5,18,5,286341,319269,19303,88653,2.9573993108303385,0.2173283127656758
3383,0.3873,8,73,8,286414,319196,19311,88645,2.9567231094149466,0.21735186016119026
3384,0.3874,2,9,2,286423,319187,19313,88643,2.956639742117159,0.2173528185763676
3385,0.3875,40,468,40,286891,318719,19353,88603,2.9523046426321833,0.2175256922042021
3386,0.3876,2,11,2,286902,318708,19355,88601,2.9522027492682206,0.21752772465130896
3387,0.3877,8,40,8,286942,318668,19363,88593,2.9518322279447182,0.21753371916289554
3388,0.3878,2,17,2,286959,318651,19365,88591,2.95167475638223,0.21753895718025154
3389,0.3879,2,11,2,286970,318640,19367,88589,2.9515728630182667,0.21754099045009073
3390,0.388,11,97,11,287067,318543,19378,88578,2.950674348808774,0.21757168016388248
3391,0.3881,1,10,1,287077,318533,19379,88577,2.950581718477898,0.21757510255213577
3392,0.3882,5,29,5,287106,318504,19384,88572,2.9503130905183594,0.21758099224714794
3393,0.3883,35,498,35,287604,318006,19419,88537,2.9457001000407574,0.21778016101617786
3394,0.3884,0,2,0,287606,318004,19419,88537,2.945681573974582,0.21778123239722438
3395,0.3885,4,40,4,287646,317964,19423,88533,2.94531105265108,0.2177949652764965
3396,0.3886,2,14,2,287660,317950,19425,88531,2.9451813701878544,0.2177986178935793
3397,0.3887,5,46,5,287706,317904,19430,88526,2.944755270665827,0.21781364564623673
3398,0.3888,3,22,3,287728,317882,19433,88523,2.9445514839379006,0.21781966265178823
3399,0.3889,1,7,1,287735,317875,19434,88522,2.9444866427062877,0.21782148982398986
3400,0.389,17,88,17,287823,317787,19451,88505,2.943671495794583,0.21783594065352013
3401,0.3891,1,5,1,287828,317782,19452,88504,2.9436251806291454,0.21783669631737249
3402,0.3892,18,136,18,287964,317646,19470,88486,2.9423654081292376,0.21787497660859032
3403,0.3893,2,72,2,288036,317574,19472,88484,2.941698469746934,0.21790975673425964
3404,0.3894,3,6,3,288042,317568,19475,88481,2.9416428915484087,0.21790719839231226
3405,0.3895,6,23,6,288065,317545,19481,88475,2.9414298417873947,0.21790798482833357
3406,0.3896,1,12,1,288077,317533,19482,88474,2.9413186853903444,0.21791249904558296
3407,0.3897,2,30,2,288107,317503,19484,88472,2.9410407943977175,0.21792474906090276
3408,0.3898,0,34,0,288141,317469,19484,88472,2.9407258512727408,0.21794300156919355
3409,0.3899,0,5,0,288146,317464,19484,88472,2.940679536107303,0.21794568601947106
3410,0.39,385,3686,385,291832,313778,19869,88087,2.9065359961465784,0.21919550097669616
3411,0.3901,2,5,2,291837,313773,19871,88085,2.9064896809811405,0.2191943422801089
3412,0.3902,2,30,2,291867,313743,19873,88083,2.906211789988514,0.2192068208627615
3413,0.3903,1,30,1,291897,313713,19874,88082,2.905933898995887,0.21922124466456774
3414,0.3904,2,16,2,291913,313697,19876,88080,2.9057856904664865,0.21922608810359975
3415,0.3905,1,20,1,291933,313677,19877,88079,2.905600429804735,0.2192350580949631
3416,0.3906,1,3,1,291936,313674,19878,88078,2.9055726407054725,0.2192347517871722
3417,0.3907,9,59,9,291995,313615,19887,88069,2.905026121753307,0.21924945977434998
3418,0.3908,16,145,16,292140,313470,19903,88053,2.9036829819556114,0.2192975246748007
3419,0.391,8,87,8,292227,313383,19911,88045,2.9028770980769942,0.21932949370746435
3420,0.3911,0,6,0,292233,313377,19911,88045,2.902821519878469,0.2193327719955558
3421,0.3912,2,31,2,292264,313346,19913,88043,2.902534365852755,0.21934582163437463
3422,0.3913,5,45,5,292309,313301,19918,88038,2.902117529363815,0.21936069008992398
3423,0.3914,2,10,2,292319,313291,19920,88036,2.902024899032939,0.21936226568359468
3424,0.3915,5,46,5,292365,313245,19925,88031,2.901598799510912,0.2193776851842622
3425,0.3916,0,11,0,292376,313234,19925,88031,2.901496906146949,0.21938369905174884
3426,0.3917,56,442,56,292818,312792,19981,87975,2.89740264552225,0.21951657696367216
3427,0.3918,4,39,4,292857,312753,19985,87971,2.8970413872318352,0.2195301504277258
3428,0.3919,1,14,1,292871,312739,19986,87970,2.8969117047686095,0.21953587266570004
3429,0.392,4,117,4,292988,312622,19990,87966,2.8958279298973655,0.21959219946678382
3430,0.3921,2,13,2,293001,312609,19992,87964,2.8957075104672274,0.21959542954717368
3431,0.3922,3,17,3,293018,312592,19995,87961,2.895550038904739,0.2195989045145087
3432,0.3923,5,35,5,293053,312557,20000,87956,2.8952258327466747,0.2196083522881904
3433,0.3924,0,8,0,293061,312549,20000,87956,2.895151728481974,0.21961273891711713
3434,0.3925,59,379,59,293440,312170,20059,87897,2.891641038941791,0.219705699295368
3435,0.3926,1,2,1,293442,312168,20060,87896,2.891622512875616,0.21970484722444408
3436,0.3927,7,57,7,293499,312111,20067,87889,2.8910945199896254,0.2197225
3437,0.3928,3,16,3,293515,312095,20070,87886,2.8909463114602247,0.21972543695825553
3438,0.3929,2,24,2,293539,312071,20072,87884,2.890723998666123,0.21973472015601755
3439,0.393,4,67,4,293606,312004,20076,87880,2.890103375449257,0.21976373148212983
3440,0.3931,0,13,0,293619,311991,20076,87880,2.889982956019119,0.21977087610754467
3441,0.3932,2,20,2,293639,311971,20078,87878,2.889797695357368,0.2197779661822338
3442,0.3933,77,757,77,294396,311214,20155,87801,2.8827855793100894,0.22004435923461524
3443,0.3934,0,1,0,294397,311213,20155,87801,2.8827763162770017,0.22004491070488755
3444,0.3935,9,38,9,294435,311175,20164,87792,2.8824243210196747,0.22004827466933355
3445,0.3936,1,10,1,294445,311165,20165,87791,2.8823316906887992,0.2200518352901072
3446,0.3937,5,29,5,294474,311136,20170,87786,2.88206306272926,0.22005805646216553
3447,0.3938,6,30,6,294504,311106,20176,87780,2.8817851717366336,0.22006287510717348
3448,0.3939,2,14,2,294518,311092,20178,87778,2.881655489273408,0.22006668839471508
3449,0.394,13,180,13,294698,310912,20191,87765,2.879988143317648,0.22014061508439162
3450,0.3941,0,2,0,294700,310910,20191,87765,2.8799696172514726,0.22014171944566377
3451,0.3942,18,139,18,294839,310771,20209,87747,2.8786820556523027,0.22018327904887608
3452,0.3943,5,65,5,294904,310706,20214,87742,2.878079958501612,0.22020941252057985
3453,0.3944,1,4,1,294908,310702,20215,87741,2.8780429063692616,0.22020966612539308
3454,0.3945,9,28,9,294936,310674,20224,87732,2.87778354144281,0.22020752699507537
3455,0.3946,3,6,3,294942,310668,20227,87729,2.877727963244285,0.22020497142297757
3456,0.3947,6,45,6,294987,310623,20233,87723,2.8773111267553446,0.22021810185115454
3457,0.3948,4,23,4,295010,310600,20237,87719,2.877098076994331,0.22022298710330163
3458,0.3949,2,4,2,295014,310596,20239,87717,2.877061024861981,0.22022128326215815
3459,0.395,161,1414,161,296428,309182,20400,87556,2.863963096076179,0.22068972470496903
3460,0.3951,2,7,2,296435,309175,20402,87554,2.863898254844566,0.2206896899394801
3461,0.3952,2,23,2,296458,309152,20404,87552,2.8636852050835526,0.2206985561022828
3462,0.3953,3,43,3,296501,309109,20407,87549,2.8632868946607877,0.22071658708509598
3463,0.3954,2,13,2,296514,309096,20409,87547,2.8631664752306496,0.22071989169101686
3464,0.3955,4,37,4,296551,309059,20413,87543,2.86282374300641,0.22073262363780313
3465,0.3956,0,6,0,296557,309053,20413,87543,2.8627681648078847,0.22073596304551735
3466,0.3957,5,67,5,296624,308986,20418,87538,2.8621475415910185,0.2207634342435767
3467,0.3958,20,152,20,296776,308834,20438,87518,2.8607395605617105,0.22080877603746166
3468,0.3959,0,11,0,296787,308823,20438,87518,2.8606376671977474,0.22081490433742662
3469,0.396,13,158,13,296945,308665,20451,87505,2.859174107969914,0.22087740111568266
3470,0.3961,1,9,1,296954,308656,20452,87504,2.8590907406721255,0.22088045234248788
3471,0.3962,5,30,5,296984,308626,20457,87499,2.858812849679499,0.22088734616598296
3472,0.3963,4,27,4,297011,308599,20461,87495,2.8585627477861353,0.22089453513559912
3473,0.3964,5,19,5,297030,308580,20466,87490,2.8583867501574716,0.22089529628601004
3474,0.3965,3,40,3,297070,308540,20469,87487,2.858016228833969,0.220911705515028
3475,0.3966,0,10,0,297080,308530,20469,87487,2.8579235985030937,0.22091728385397597
3476,0.3967,90,812,90,297892,307718,20559,87397,2.850402015636,0.22119382964453388
3477,0.3968,5,26,5,297918,307692,20564,87392,2.8501611767757233,0.22119852993287503
3478,0.3969,0,6,0,297924,307686,20564,87392,2.850105598577198,0.22120188924718664
3479,0.397,8,58,8,297982,307628,20572,87384,2.8495683426581198,0.22121859589075774
3480,0.3971,6,16,6,297998,307612,20578,87378,2.849420134128719,0.22121572698042988
3481,0.3972,4,26,4,298024,307586,20582,87374,2.8491792952684425,0.22122240226858417
3482,0.3973,3,48,3,298072,307538,20585,87371,2.84873466968024,0.22124337505602557
3483,0.3974,0,7,0,298079,307531,20585,87371,2.848669828448627,0.2212472967976865
3484,0.3975,52,449,52,298528,307082,20637,87319,2.8445107265923153,0.2213964974733837
3485,0.3976,3,13,3,298541,307069,20640,87316,2.8443903071621772,0.22139787263714392
3486,0.3977,2,49,2,298590,307020,20642,87314,2.843936418540887,0.2214214346214123
3487,0.3978,2,15,2,298605,307005,20644,87312,2.8437974730445736,0.22142590859638311
3488,0.3979,3,11,3,298616,306994,20647,87309,2.8436955796806105,0.22142616211390734
3489,0.398,12,92,12,298708,306902,20659,87297,2.842843380636556,0.2214541386457094
3490,0.3981,2,8,2,298716,306894,20661,87295,2.8427692763718553,0.2214546829059157
3491,0.3982,3,24,3,298740,306870,20664,87292,2.842546963577754,0.221462241413429
3492,0.3983,54,465,54,299205,306405,20718,87238,2.838239653192041,0.22161704895044496
3493,0.3984,2,3,2,299208,306402,20720,87236,2.8382118640927785,0.22161478312561286
3494,0.3985,5,34,5,299242,306368,20725,87231,2.8378969209678018,0.22162403867896005
3495,0.3986,3,19,3,299261,306349,20728,87228,2.837720923339138,0.2216288045287199
3496,0.3987,7,51,7,299312,306298,20735,87221,2.837248508651673,0.2216436817536129
3497,0.3988,5,21,5,299333,306277,20740,87216,2.8370539849568344,0.22164562012538977
3498,0.3989,0,8,0,299341,306269,20740,87216,2.836979880692134,0.22165012643429863
3499,0.399,12,112,12,299453,306157,20752,87204,2.8359424209863278,0.22168949133238933
3500,0.3991,0,2,0,299455,306155,20752,87204,2.835923894920153,0.221690618493539
3501,0.3992,30,164,30,299619,305991,20782,87174,2.8344047574937936,0.22172370378848574
3502,0.3993,7,75,7,299694,305916,20789,87167,2.8337100300122273,0.22175214903722623
3503,0.3994,1,5,1,299699,305911,20790,87166,2.8336637148467894,0.22175298987221334
3504,0.3995,3,41,3,299740,305870,20793,87163,2.8332839304901998,0.22177018214755503
3505,0.3996,1,11,1,299751,305859,20794,87162,2.8331820371262366,0.22177440900104575
3506,0.3997,4,37,4,299788,305822,20798,87158,2.8328393049019973,0.2217873683139091
3507,0.3998,2,20,2,299808,305802,20800,87156,2.832654044240246,0.22179469561632542
3508,0.3999,3,6,3,299814,305796,20803,87153,2.8325984660417207,0.22179214096485803
3509,0.4,373,3757,373,303571,302039,21176,86780,2.7977972507317794,0.22318868162306882
3510,0.4001,0,6,0,303577,302033,21176,86780,2.7977416725332542,0.22319212577768746
3511,0.4002,3,20,3,303597,302013,21179,86777,2.7975564118715033,0.22319761310733302
3512,0.4003,2,34,2,303631,301979,21181,86775,2.7972414687465266,0.22321313735678605
3513,0.4004,1,11,1,303642,301968,21182,86774,2.7971395753825634,0.22321745527882245
3514,0.4005,1,28,1,303670,301940,21183,86773,2.796880210456112,0.22323153586322042
3515,0.4006,1,9,1,303679,301931,21184,86772,2.7967968431583237,0.2232347061895586
3516,0.4007,13,81,13,303760,301850,21197,86759,2.7960465374782317,0.22325525142238084
3517,0.4008,11,168,11,303928,301682,21208,86748,2.7944903479195227,0.22332981489586284
3518,0.4009,1,9,1,303937,301673,21209,86747,2.794406980621735,0.2233329900623037
3519,0.401,17,74,17,304011,301599,21226,86730,2.793721516173256,0.22334154801727402
3520,0.4011,2,5,2,304016,301594,21228,86728,2.793675201007818,0.22334042366901696
3521,0.4012,1,17,1,304033,301577,21229,86727,2.7935177294453295,0.22334820140920517
3522,0.4013,2,42,2,304075,301535,21231,86725,2.7931286820556522,0.22336836140730437
3523,0.4014,2,20,2,304095,301515,21233,86723,2.7929434213939013,0.22337586738031825
3524,0.4015,4,45,4,304140,301470,21237,86719,2.7925265849049614,0.2233937592255319
3525,0.4016,0,4,0,304144,301466,21237,86719,2.792489532772611,0.2233960611564074
3526,0.4017,58,476,58,304620,300990,21295,86661,2.7880803290229355,0.22355417630807092
3527,0.4018,4,25,4,304645,300965,21299,86657,2.7878487531957465,0.22356058221669564
3528,0.4019,0,5,0,304650,300960,21299,86657,2.7878024380303086,0.22356346599865332
3529,0.402,13,112,13,304762,300848,21312,86644,2.7867649783245025,0.22360203565492964
3530,0.4021,2,18,2,304780,300830,21314,86642,2.7865982437289265,0.22360841557583516
3531,0.4022,2,32,2,304812,300798,21316,86640,2.7863018266701247,0.22362287643442305
3532,0.4023,4,49,4,304861,300749,21320,86636,2.7858479380488346,0.22364314570775842
3533,0.4024,1,12,1,304873,300737,21321,86635,2.785736781651784,0.2236480695558791
3534,0.4025,56,398,56,305271,300339,21377,86579,2.7820500944829374,0.2237657591531022
3535,0.4026,0,9,0,305280,300330,21377,86579,2.7819667271851496,0.2237709642318995
3536,0.4027,4,50,4,305330,300280,21381,86575,2.7815035755307718,0.22379185999922452
3537,0.4028,4,18,4,305348,300262,21385,86571,2.7813368409351957,0.22379424712989843
3538,0.4029,3,24,3,305372,300238,21388,86568,2.7811145281410945,0.22380211268698003
3539,0.403,10,62,10,305434,300176,21398,86558,2.7805402200896663,0.22381792136196973
3540,0.4031,2,5,2,305439,300171,21400,86556,2.7804939049242283,0.22381680099915444
3541,0.4032,1,32,1,305471,300139,21401,86555,2.7801974878654265,0.2238333152311647
3542,0.4033,98,758,98,306229,299381,21499,86457,2.7731761087850604,0.2240759075052224
3543,0.4034,1,6,1,306235,299375,21500,86456,2.773120530586535,0.2240773810295181
3544,0.4035,5,49,5,306284,299326,21505,86451,2.772666641965245,0.22409578590740245
3545,0.4036,1,9,1,306293,299317,21506,86450,2.7725832746674572,0.2240990027659183
3546,0.4037,4,44,4,306337,299273,21510,86446,2.7721757012116046,0.22411652005734745
3547,0.4038,9,46,9,306383,299227,21519,86437,2.771749601689577,0.2241251452041155
3548,0.4039,2,3,2,306386,299224,21521,86435,2.7717218125903145,0.22412286501806
3549,0.404,19,175,19,306561,299049,21540,86416,2.7701007817999925,0.22418637230358138
3550,0.4041,1,7,1,306568,299042,21541,86415,2.7700359405683797,0.2241884308755581
3551,0.4042,12,163,12,306731,298879,21553,86403,2.7685260661751085,0.22425911410343594
3552,0.4043,7,48,7,306779,298831,21560,86396,2.7680814405869056,0.22427296113719963
3553,0.4044,1,7,1,306786,298824,21561,86395,2.7680165993552928,0.22427502277925024
3554,0.4045,5,29,5,306815,298795,21566,86390,2.767747971395754,0.2242818385970378
3555,0.4046,3,15,3,306830,298780,21569,86387,2.7676090258994406,0.22428453112545987
3556,0.4047,6,25,6,306855,298755,21575,86381,2.7673774500722517,0.22428700510988325
3557,0.4048,5,25,5,306880,298730,21580,86376,2.7671458742450628,0.2242914937705463
3558,0.4049,0,10,0,306890,298720,21580,86376,2.7670532439141873,0.22429731807133804
3559,0.405,195,1543,195,308433,297177,21775,86181,2.752760383860091,0.22480553425257854
3560,0.4051,0,5,0,308438,297172,21775,86181,2.752714068694653,0.22480846634824822
3561,0.4052,3,21,3,308459,297151,21778,86178,2.7525195449998145,0.22481471529678163
3562,0.4053,6,52,6,308511,297099,21784,86172,2.752037867279262,0.22483308155326126
3563,0.4054,0,9,0,308520,297090,21784,86172,2.751954499981474,0.22483836122548023
3564,0.4055,4,29,4,308549,297061,21788,86168,2.751685872021935,0.22484728452178723
3565,0.4056,4,13,4,308562,297048,21792,86164,2.7515654525917967,0.22484682108075948
3566,0.4057,4,55,4,308617,296993,21796,86160,2.751055985771981,0.22487100453343703
3567,0.4058,21,169,21,308786,296824,21817,86139,2.7494905331801847,0.2249277345331011
3568,0.4059,0,9,0,308795,296815,21817,86139,2.7494071658823964,0.22493302067611254
3569,0.406,15,179,15,308974,296636,21832,86124,2.747749082959724,0.2250078378095935
3570,0.4061,4,14,4,308988,296622,21836,86120,2.7476194004964984,0.22500796881450166
3571,0.4062,6,44,6,309032,296578,21842,86114,2.7472118270406463,0.225021688459649
3572,0.4063,9,31,9,309063,296547,21851,86105,2.746924673014932,0.2250216907268223
3573,0.4064,2,13,2,309076,296534,21853,86103,2.7468042535847936,0.22502528506129832
3574,0.4065,4,36,4,309112,296498,21857,86099,2.746470784393642,0.2250383562861183
3575,0.4066,0,11,0,309123,296487,21857,86099,2.746368891029679,0.2250448265226642
3576,0.4067,84,785,84,309908,295702,21941,86015,2.739097410055949,0.22533709528263085
3577,0.4068,1,22,1,309930,295680,21942,86014,2.7388936233280226,0.22534805367650526
3578,0.4069,0,7,0,309937,295673,21942,86014,2.7388287820964097,0.22535218647740163
3579,0.407,7,60,7,309997,295613,21949,86007,2.7382730001111564,0.22537340810230072
3580,0.4071,2,26,2,310023,295587,21951,86005,2.73803216125088,0.22538470408184658
3581,0.4072,2,17,2,310040,295570,21953,86003,2.7378746896883914,0.2253906853996483
3582,0.4073,7,54,7,310094,295516,21960,85996,2.7373744859016638,0.22540837509698253
3583,0.4074,3,11,3,310105,295505,21963,85993,2.7372725925377006,0.2254087832701613
3584,0.4075,38,405,38,310510,295100,22001,85955,2.733521064137241,0.22557111178176378
3585,0.4076,0,5,0,310515,295095,22001,85955,2.7334747489718034,0.2255740716441412
3586,0.4077,13,45,13,310560,295050,22014,85942,2.7330579124828636,0.2255742902738115
3587,0.4078,3,18,3,310578,295032,22017,85939,2.7328911778872875,0.22557884983371437
3588,0.4079,3,15,3,310593,295017,22020,85936,2.732752232390974,0.22558163342984566
3589,0.408,14,86,14,310679,294931,22034,85922,2.7319556115454446,0.2256041044707538
3590,0.4081,0,12,0,310691,294919,22034,85922,2.731844455148394,0.2256112130784238
3591,0.4082,3,26,3,310717,294893,22037,85919,2.731603616288117,0.22562051616020504
3592,0.4083,50,489,50,311206,294404,22087,85869,2.7270739931083035,0.22580882681652392
3593,0.4084,1,2,1,311208,294402,22088,85868,2.727055467042128,0.22580797854156257
3594,0.4085,5,34,5,311242,294368,22093,85863,2.7267405239171514,0.2258179895905384
3595,0.4086,4,14,4,311256,294354,22097,85859,2.7266108414539256,0.22581815982094247
3596,0.4087,8,35,8,311291,294319,22105,85851,2.7262866352958612,0.2258226582844517
3597,0.4088,0,27,0,311318,294292,22105,85851,2.7260365334024974,0.2258386975427668
3598,0.4089,2,12,2,311330,294280,22107,85849,2.7259253770054466,0.22584175372044754
3599,0.409,12,102,12,311432,294178,22119,85837,2.724980547630516,0.2258779258713472
3600,0.4091,0,3,0,311435,294175,22119,85837,2.7249527585312534,0.2258797090618191
3601,0.4092,18,162,18,311597,294013,22137,85819,2.7234521471710695,0.22593936266559952
3602,0.4093,12,81,12,311678,293932,22149,85807,2.7227018414909776,0.22596309570520806
3603,0.4094,1,8,1,311686,293924,22150,85806,2.7226277372262775,0.22596581781792327
3604,0.4095,1,32,1,311718,293892,22151,85805,2.7223313201674757,0.22598282314582416
3605,0.4096,1,12,1,311730,293880,22152,85804,2.722220163770425,0.2259879268022882
3606,0.4097,6,21,6,311751,293859,22158,85798,2.7220256400755862,0.2259881946072376
3607,0.4098,5,29,5,311780,293830,22163,85793,2.7217570121160475,0.22599526372216647
3608,0.4099,0,11,0,311791,293819,22163,85793,2.7216551187520843,0.22600181237684794
3609,0.41,429,3519,429,315310,290300,22592,85364,2.689058505316981,0.22723497593594275
3610,0.4101,0,3,0,315313,290297,22592,85364,2.6890307162177183,0.2272367906170723
3611,0.4102,1,17,1,315330,290280,22593,85363,2.68887324465523,0.22724501721048976
3612,0.4103,4,28,4,315358,290252,22597,85359,2.6886138797287784,0.22725372792596596
3613,0.4104,2,14,2,315372,290238,22599,85357,2.6884841972655527,0.2272580838403067
3614,0.4105,3,28,3,315400,290210,22602,85354,2.688224832339101,0.22726885430978475
3615,0.4106,0,7,0,315407,290203,22602,85354,2.6881599911074883,0.22727309036977078
3616,0.4107,6,61,6,315468,290142,22608,85348,2.6875949460891473,0.22729766438520332
3617,0.4108,22,163,22,315631,289979,22630,85326,2.686085071695876,0.22735108778193736
3618,0.4109,2,2,2,315633,289977,22632,85324,2.686066545629701,0.2273481818593609
3619,0.411,8,92,8,315725,289885,22640,85316,2.685214346585646,0.22738745365817256
3620,0.4111,2,8,2,315733,289877,22642,85314,2.6851402423209456,0.22738818361847699
3621,0.4112,5,20,5,315753,289857,22647,85309,2.6849549816591947,0.22739000868948678
3622,0.4113,9,51,9,315804,289806,22656,85300,2.684482566971729,0.22740238759177406
3623,0.4114,0,15,0,315819,289791,22656,85300,2.6843436214754157,0.22741148148049406
3624,0.4115,7,48,7,315867,289743,22663,85293,2.6838989958872133,0.22742616708795957
3625,0.4116,0,7,0,315874,289736,22663,85293,2.6838341546556004,0.22743041204813494
3626,0.4117,48,452,48,316326,289284,22711,85245,2.679647263700026,0.22760587297645843
3627,0.4118,4,20,4,316346,289264,22715,85241,2.679462003038275,0.22760977824061093
3628,0.4119,1,10,1,316356,289254,22716,85240,2.6793693727073995,0.22761379354542396
3629,0.412,14,105,14,316461,289149,22730,85226,2.6783967542332063,0.22764874791318865
3630,0.4121,1,19,1,316480,289130,22731,85225,2.6782207566045426,0.2276582388374671
3631,0.4122,2,24,2,316504,289106,22733,85223,2.6779984438104414,0.22766870854248536
3632,0.4123,5,38,5,316542,289068,22738,85218,2.6776464485531144,0.22768150558663697
3633,0.4124,2,9,2,316551,289059,22740,85216,2.677563081255326,0.22768285351679915
3634,0.4125,57,425,57,316976,288634,22797,85159,2.6736262921931155,0.22782395603984024
3635,0.4126,2,11,2,316987,288623,22799,85157,2.673524398829153,0.22782652897426295
3636,0.4127,7,60,7,317047,288563,22806,85150,2.6729686168438995,0.22784864321016396
3637,0.4128,5,22,5,317069,288541,22811,85145,2.672764830115973,0.22785172578046808
3638,0.4129,4,14,4,317083,288527,22815,85141,2.6726351476527475,0.22785199695986813
3639,0.413,4,64,4,317147,288463,22819,85137,2.672042313535144,0.22788276231263382
3640,0.4131,0,6,0,317153,288457,22819,85137,2.6719867353366187,0.2278864221588141
3641,0.4132,5,33,5,317186,288424,22824,85132,2.671681055244729,0.22789621904078639
3642,0.4133,93,805,93,317991,287619,22917,85039,2.6642243136092483,0.22819582566320862
3643,0.4134,1,0,1,317991,287619,22918,85038,2.6642243136092483,0.22819375457860713
3644,0.4135,3,30,3,318021,287589,22921,85035,2.6639464226166214,0.22820591266263043
3645,0.4136,0,5,0,318026,287584,22921,85035,2.663900107451184,0.2282089748509872
3646,0.4137,2,38,2,318064,287546,22923,85033,2.663548112193857,0.22822810732757348
3647,0.4138,4,24,4,318088,287522,22927,85029,2.6633257993997557,0.2282345235954272
3648,0.4139,1,6,1,318094,287516,22928,85028,2.66327022120123,0.22823612781309052
3649,0.414,19,154,19,318248,287362,22947,85009,2.6618437141057467,0.2282911397504102
3650,0.4141,0,5,0,318253,287357,22947,85009,2.661797398940309,0.22829420516373675
3651,0.4142,21,175,21,318428,287182,22968,84988,2.660176368149987,0.2283580084370046
3652,0.4143,11,84,11,318512,287098,22979,84977,2.6593982733706323,0.22838674998320233
3653,0.4144,0,8,0,318520,287090,22979,84977,2.659324169105932,0.22839166064176614
3654,0.4145,2,17,2,318537,287073,22981,84975,2.659166697543444,0.22839794865178686
3655,0.4146,1,9,1,318546,287064,22982,84974,2.6590833302456556,0.22840139985700386
3656,0.4147,3,49,3,318595,287015,22985,84971,2.6586294416243654,0.22842526331636137
3657,0.4148,2,25,2,318620,286990,22987,84969,2.6583978657971765,0.2284364674601233
3658,0.4149,2,7,2,318627,286983,22989,84967,2.6583330245655636,0.22843661782497648
3659,0.415,171,1364,171,319991,285619,23160,84796,2.6456982474341397,0.2289216149453991
3660,0.4151,3,10,3,320001,285609,23163,84793,2.6456056171032643,0.22892155009962148
3661,0.4152,2,19,2,320020,285590,23165,84791,2.645429619474601,0.22892912973397664
3662,0.4153,4,38,4,320058,285552,23169,84787,2.6450776242172735,0.22894429158149696
3663,0.4154,1,11,1,320069,285541,23170,84786,2.6449757308533104,0.2289490099290627
3664,0.4155,4,25,4,320094,285516,23174,84782,2.644744155026122,0.22895613802937093
3665,0.4156,1,6,1,320100,285510,23175,84781,2.6446885768275963,0.2289577656491786
3666,0.4157,16,55,16,320155,285455,23191,84765,2.644179110007781,0.22895845713359625
3667,0.4158,15,167,15,320322,285288,23206,84750,2.6426321834821596,0.22903053199941628
3668,0.4159,1,3,1,320325,285285,23207,84749,2.6426043943828965,0.2290303053232946
3669,0.416,21,126,21,320451,285159,23228,84728,2.6414372522138647,0.22906455214700705
3670,0.4161,0,16,0,320467,285143,23228,84728,2.641289043684464,0.2290744610958956
3671,0.4162,8,23,8,320490,285120,23236,84720,2.6410759939234505,0.2290720311486048
3672,0.4163,6,35,6,320525,285085,23242,84714,2.640751787765386,0.2290812035727517
3673,0.4164,0,10,0,320535,285075,23242,84714,2.64065915743451,0.22908739848940882
3674,0.4165,2,40,2,320575,285035,23244,84712,2.6402886361110083,0.22910801169448297
3675,0.4166,2,5,2,320580,285030,23246,84710,2.6402423209455703,0.22910694001190027
3676,0.4167,96,792,96,321372,284238,23342,84614,2.6329059987402275,0.22939824102892217
3677,0.4168,2,30,2,321402,284208,23344,84612,2.632628107747601,0.2294127216528388
3678,0.4169,0,5,0,321407,284203,23344,84612,2.632581792582163,0.22941583178558356
3679,0.417,7,64,7,321471,284139,23351,84605,2.6319889584645595,0.22944102141322978
3680,0.4171,4,23,4,321494,284116,23355,84601,2.631775908703546,0.2294469742376945
3681,0.4172,1,14,1,321508,284102,23356,84600,2.63164622624032,0.22945359667156673
3682,0.4173,10,63,10,321571,284039,23366,84590,2.6310626551558043,0.22947190807017354
3683,0.4174,3,10,3,321581,284029,23369,84587,2.630970024824929,0.22947186231742517
3684,0.4175,47,391,47,321972,283638,23416,84540,2.627348178887695,0.22961719603018105
3685,0.4176,0,3,0,321975,283635,23416,84540,2.6273203897884323,0.22961906701975962
3686,0.4177,7,39,7,322014,283596,23423,84533,2.6269591314980176,0.2296287442717091
3687,0.4178,1,26,1,322040,283570,23424,84532,2.6267182926377415,0.22964287072604875
3688,0.4179,1,11,1,322051,283559,23425,84531,2.6266163992737783,0.22964764052269826
3689,0.418,16,80,16,322131,283479,23441,84515,2.625875356626774,0.2296640706098469
3690,0.4181,1,5,1,322136,283474,23442,84514,2.625829041461336,0.22966509777492744
3691,0.4182,4,36,4,322172,283438,23446,84510,2.625495572270184,0.2296791937991238
3692,0.4183,52,445,52,322617,282993,23498,84458,2.6213735225462225,0.22984833351929917
3693,0.4184,0,3,0,322620,282990,23498,84458,2.62134573344696,0.22985021009775533
3694,0.4185,4,33,4,322653,282957,23502,84454,2.6210400533550704,0.22986247009479846
3695,0.4186,2,14,2,322667,282943,23504,84452,2.6209103708918446,0.2298670368404578
3696,0.4187,2,45,2,322712,282898,23506,84450,2.620493534402905,0.2298910025371038
3697,0.4188,3,22,3,322734,282876,23509,84447,2.620289747674979,0.22989848171772528
3698,0.4189,0,10,0,322744,282866,23509,84447,2.620197117344103,0.22990474064353836
3699,0.419,11,85,11,322829,282781,23520,84436,2.619409759531661,0.22993488863533007
3700,0.4191,0,5,0,322834,282776,23520,84436,2.6193634443662233,0.2299380194547019
3701,0.4192,28,135,28,322969,282641,23548,84408,2.6181129348994037,0.22996384678884835
3702,0.4193,9,78,9,323047,282563,23557,84399,2.6173904183185743,0.2299938413241698
3703,0.4194,2,9,2,323056,282554,23559,84397,2.617307051020786,0.22999528547408238
3704,0.4195,3,29,3,323085,282525,23562,84394,2.6170384230612473,0.23000716779452685
3705,0.4196,0,10,0,323095,282515,23562,84394,2.6169457927303714,0.23001343657419143
3706,0.4197,6,32,6,323127,282483,23568,84388,2.61664937567157,0.23002090653117854
3707,0.4198,3,24,3,323151,282459,23571,84385,2.6164270628774684,0.23002965838340003
3708,0.4199,2,6,2,323157,282453,23573,84383,2.616371484678943,0.2300292228679846
3709,0.42,452,3555,452,326712,278898,24025,83931,2.583441402052688,0.23132384677079285
3710,0.4201,1,9,1,326721,278889,24026,83930,2.5833580347549003,0.2313274663124037
3711,0.4202,2,18,2,326739,278871,24028,83928,2.5831913001593243,0.2313347059942282
3712,0.4203,2,30,2,326769,278841,24030,83926,2.5829134091666974,0.2313495990539382
3713,0.4204,0,10,0,326779,278831,24030,83926,2.582820778835822,0.2313559765903897
3714,0.4205,3,34,3,326813,278797,24033,83923,2.5825058357108452,0.23137130569033965
3715,0.4206,0,13,0,326826,278784,24033,83923,2.582385416280707,0.23137959840863287
3716,0.4207,7,64,7,326890,278720,24040,83916,2.5817925821631036,0.23140559679678796
3717,0.4208,23,167,23,327057,278553,24063,83893,2.5802456556374818,0.23146344558913604
3718,0.4209,1,3,1,327060,278550,24064,83892,2.580217866538219,0.23146324101511415
3719,0.421,11,95,11,327155,278455,24075,83881,2.5793378783949015,0.2315005961317672
3720,0.4211,1,6,1,327161,278449,24076,83880,2.5792823001963763,0.23150230867526475
3721,0.4212,3,27,3,327188,278422,24079,83877,2.5790321983030124,0.231513197662704
3722,0.4213,12,43,12,327231,278379,24091,83865,2.5786338878802475,0.23151522178421174
3723,0.4214,3,21,3,327252,278358,24094,83862,2.578439364185409,0.23152227927778699
3724,0.4215,8,40,8,327292,278318,24102,83854,2.5780688428619065,0.2315308748329523
3725,0.4216,0,9,0,327301,278309,24102,83854,2.5779854755641187,0.23153662853466533
3726,0.4217,65,479,65,327780,277830,24167,83789,2.5735484827151804,0.23170519248158974
3727,0.4218,4,28,4,327808,277802,24171,83785,2.573289117788729,0.23171463575847584
3728,0.4219,2,10,2,327818,277792,24173,83783,2.573196487457853,0.23171679457927125
3729,0.422,17,92,17,327910,277700,24190,83766,2.5723442884137984,0.23173963802957956
3730,0.4221,0,16,0,327926,277684,24190,83766,2.5721960798843972,0.2317498962512104
3731,0.4222,4,19,4,327945,277665,24194,83762,2.572020082255734,0.2317535767942074
3732,0.4223,3,69,3,328014,277596,24197,83759,2.5713809329726924,0.23179145161959847
3733,0.4224,2,11,2,328025,277585,24199,83757,2.5712790396087293,0.23179425585733185
3734,0.4225,58,397,58,328422,277188,24257,83699,2.5676016154729706,0.23192578286277976
3735,0.4226,1,10,1,328432,277178,24258,83698,2.567508985142095,0.23193008124674402
3736,0.4227,5,58,5,328490,277120,24263,83693,2.5669717292230168,0.2319567199629725
3737,0.4228,0,12,0,328502,277108,24263,83693,2.566860572825966,0.2319644346883739
3738,0.4229,1,17,1,328519,277091,24264,83692,2.5667031012634776,0.23197323598950062
3739,0.423,12,55,12,328574,277036,24276,83680,2.566193634443662,0.23198305592211046
3740,0.4231,1,1,1,328575,277035,24277,83679,2.5661843714105745,0.231981569886392
3741,0.4232,1,18,1,328593,277017,24278,83678,2.5660176368149985,0.23199101734152122
3742,0.4233,85,726,85,329319,276291,24363,83593,2.559292674793434,0.2322776227895655
3743,0.4234,0,4,0,329323,276287,24363,83593,2.5592556226610843,0.23228020451261533
3744,0.4235,5,26,5,329349,276261,24368,83588,2.5590147838008077,0.23228632009537334
3745,0.4236,1,9,1,329358,276252,24369,83587,2.55893141650302,0.232289996359483
3746,0.4237,3,36,3,329394,276216,24372,83584,2.558597947311868,0.23230683713173986
3747,0.4238,4,26,4,329420,276190,24376,83580,2.5583571084515913,0.23231509019651445
3748,0.4239,3,18,3,329438,276172,24379,83577,2.558190373856015,0.23232031221768512
3749,0.424,17,163,17,329601,276009,24396,83560,2.556680499462744,0.23238933278452814
3750,0.4241,0,7,0,329608,276002,24396,83560,2.5566156582311312,0.23239385697042514
3751,0.4242,25,146,25,329754,275856,24421,83535,2.5552632554003485,0.23243486898670251
3752,0.4243,4,80,4,329834,275776,24425,83531,2.554522212753344,0.23247807585156982
3753,0.4244,2,8,2,329842,275768,24427,83529,2.5544481084886437,0.23247897978552562
3754,0.4245,2,25,2,329867,275743,24429,83527,2.5542165326614548,0.23249088429314999
3755,0.4246,1,5,1,329872,275738,24430,83526,2.554170217496017,0.23249198361093792
3756,0.4247,7,52,7,329924,275686,24437,83519,2.553688539775464,0.23251068331454183
3757,0.4248,5,18,5,329942,275668,24442,83514,2.553521805179888,0.23251165147473982
3758,0.4249,0,6,0,329948,275662,24442,83514,2.553466226981363,0.23251553555916876
3759,0.425,186,1413,186,331361,274249,24628,83328,2.5403775612286488,0.23303512250508282
3760,0.4251,1,5,1,331366,274244,24629,83327,2.540331246063211,0.23303623616009128
3761,0.4252,0,23,0,331389,274221,24629,83327,2.5401181963021973,0.23305122668844463
3762,0.4253,6,38,6,331427,274183,24635,83321,2.5397662010448703,0.23306312656641603
3763,0.4254,1,15,1,331442,274168,24636,83320,2.539627255548557,0.23307076041713287
3764,0.4255,5,34,5,331476,274134,24641,83315,2.53931231242358,0.23308220193650003
3765,0.4256,0,8,0,331484,274126,24641,83315,2.5392382081588796,0.23308741862293358
3766,0.4257,8,72,8,331556,274054,24649,83307,2.5385712697765754,0.2331172120069062
3767,0.4258,16,126,16,331682,273928,24665,83291,2.5374041276075436,0.23316508920298193
3768,0.4259,1,0,1,331682,273928,24666,83290,2.5374041276075436,0.23316294251689446
3769,0.426,18,147,18,331829,273781,24684,83272,2.536042461743673,0.23322027822200064
3770,0.4261,1,14,1,331843,273767,24685,83271,2.5359127792804474,0.23322727552809505
3771,0.4262,8,29,8,331872,273738,24693,83263,2.5356441513209087,0.23322903857412164
3772,0.4263,4,28,4,331900,273710,24697,83259,2.535384786394457,0.2332387406189333
3773,0.4264,0,8,0,331908,273702,24697,83259,2.5353106821297566,0.23324396782841822
3774,0.4265,4,30,4,331938,273672,24701,83255,2.5350327911371298,0.23325497930949465
3775,0.4266,1,6,1,331944,273666,24702,83254,2.5349772129386046,0.23325675221338116
3776,0.4267,106,743,106,332687,272923,24808,83148,2.528094779354552,0.23351522589595894
3777,0.4268,6,31,6,332718,272892,24814,83142,2.5278076253288377,0.2335226410960751
3778,0.4269,0,12,0,332730,272880,24814,83142,2.527696468931787,0.23353051215936094
3779,0.427,9,79,9,332809,272801,24823,83133,2.5269646893178703,0.23356296392027737
3780,0.4271,1,19,1,332828,272782,24824,83132,2.5267886916892066,0.23357327893817045
3781,0.4272,5,35,5,332863,272747,24829,83127,2.5264644855311422,0.23358548250223393
3782,0.4273,6,46,6,332909,272701,24835,83121,2.5260383860091147,0.23360275643439699
3783,0.4274,1,10,1,332919,272691,24836,83120,2.525945755678239,0.23360716785034752
3784,0.4275,69,362,69,333281,272329,24905,83051,2.5225925377005445,0.23369632506049862
3785,0.4276,2,2,2,333283,272327,24907,83049,2.5225740116343696,0.2336933276304534
3786,0.4277,4,43,4,333326,272284,24911,83045,2.5221757012116046,0.2337129814903934
3787,0.4278,6,24,6,333350,272260,24917,83039,2.5219533884175034,0.23371582807719696
3788,0.4279,1,13,1,333363,272247,24918,83038,2.5218329689873653,0.23372222300406717
3789,0.428,8,100,8,333463,272147,24926,83030,2.5209066656786097,0.23377076781435735
3790,0.4281,1,6,1,333469,272141,24927,83029,2.5208510874800845,0.2337725596193372
3791,0.4282,2,27,2,333496,272114,24929,83027,2.5206009855867206,0.2337860173846444
3792,0.4283,66,459,66,333955,271655,24995,82961,2.5163492533995333,0.23394601484422586
3793,0.4284,0,10,0,333965,271645,24995,82961,2.5162566230686574,0.23395261219494312
3794,0.4285,1,32,1,333997,271613,24996,82960,2.515960206009856,0.2339715657988623
3795,0.4286,0,20,0,334017,271593,24996,82960,2.5157749453481046,0.23398476391399875
3796,0.4287,6,45,6,334062,271548,25002,82954,2.5153581088591648,0.23400150069675207
3797,0.4288,4,19,4,334081,271529,25006,82950,2.5151821112305015,0.23400539947359364
3798,0.4289,0,4,0,334085,271525,25006,82950,2.5151450590981512,0.23400804005924253
3799,0.429,14,87,14,334172,271438,25020,82936,2.514339175219534,0.2340352283181046
3800,0.4291,1,7,1,334179,271431,25021,82935,2.514274333987921,0.23403768984609133
3801,0.4292,23,152,23,334331,271279,25044,82912,2.512866352958613,0.2340883873390346
3802,0.4293,8,49,8,334380,271230,25052,82904,2.5124124643373227,0.2341034749558077
3803,0.4294,1,6,1,334386,271224,25053,82903,2.5123568861387975,0.23410527861473426
3804,0.4295,6,26,6,334412,271198,25059,82897,2.512116047278521,0.23410949039099677
3805,0.4296,0,12,0,334424,271186,25059,82897,2.51200489088147,0.23411742444568082
3806,0.4297,4,33,4,334457,271153,25063,82893,2.511699210789581,0.2341305931997537
3807,0.4298,4,22,4,334479,271131,25067,82889,2.5114954240616547,0.2341364894638721
3808,0.4299,1,9,1,334488,271122,25068,82888,2.511412056763867,0.23414027852320557
3809,0.43,448,3431,448,337919,267691,25516,82440,2.4796305902404683,0.23545472980113158
3810,0.4301,1,7,1,337926,267684,25517,82439,2.4795657490088554,0.23545725359373706
3811,0.4302,6,30,6,337956,267654,25523,82433,2.479287858016229,0.23546432743860812
3812,0.4303,5,39,5,337995,267615,25528,82428,2.4789265997258143,0.23547964107266822
3813,0.4304,0,11,0,338006,267604,25528,82428,2.478824706361851,0.23548704118480596
3814,0.4305,2,33,2,338039,267571,25530,82426,2.4785190262699617,0.2355048757560779
3815,0.4306,0,5,0,338044,267566,25530,82426,2.478472711104524,0.23550824018834715
3816,0.4307,12,76,12,338120,267490,25542,82414,2.4777687205898697,0.23553317481366318
3817,0.4308,19,167,19,338287,267323,25561,82395,2.4762217940642484,0.2356041153157687
3818,0.4309,1,5,1,338292,267318,25562,82394,2.476175478898811,0.23560529807384362
3819,0.431,12,91,12,338383,267227,25574,82382,2.475332542887843,0.23564038683214678
3820,0.4311,0,9,0,338392,267218,25574,82382,2.475249175590055,0.23564645308924484
3821,0.4312,1,22,1,338414,267196,25575,82381,2.475045388862129,0.23565909656527748
3822,0.4313,7,37,7,338451,267159,25582,82374,2.4747026566378896,0.23566873514088799
3823,0.4314,0,7,0,338458,267152,25582,82374,2.4746378154062767,0.2356734549075033
3824,0.4315,7,32,7,338490,267120,25589,82367,2.474341398347475,0.23567972485385721
3825,0.4316,1,5,1,338495,267115,25590,82366,2.474295083182037,0.23568090969180014
3826,0.4317,64,426,64,338921,266689,25654,82302,2.470349031086739,0.23582843110567323
3827,0.4318,2,25,2,338946,266664,25656,82300,2.47011745525955,0.2358409463440355
3828,0.4319,2,8,2,338954,266656,25658,82298,2.4700433509948496,0.2358419734406254
3829,0.432,23,101,23,339055,266555,25681,82275,2.4691077846530067,0.23585987443740503
3830,0.4321,4,7,4,339062,266548,25685,82271,2.469042943421394,0.23585584500844278
3831,0.4322,1,20,1,339082,266528,25686,82270,2.468857682759643,0.2358671781374893
3832,0.4323,7,52,7,339134,266476,25693,82263,2.46837600503909,0.23588701005623117
3833,0.4324,2,4,2,339138,266472,25695,82261,2.46833895290674,0.23588533347862117
3834,0.4325,47,360,47,339498,266112,25742,82214,2.46500426099522,0.23602602160045474
3835,0.4326,1,14,1,339512,266098,25743,82213,2.4648745785319943,0.23603331505464945
3836,0.4327,5,51,5,339563,266047,25748,82208,2.4644021638445293,0.2360569123199954
3837,0.4328,1,12,1,339575,266035,25749,82207,2.4642910074474784,0.23606285284371212
3838,0.4329,4,20,4,339595,266015,25753,82203,2.4641057467857275,0.23606763579137208
3839,0.433,7,45,7,339640,265970,25760,82196,2.4636889102967876,0.23608278809533384
3840,0.4331,2,4,2,339644,265966,25762,82194,2.4636518581644373,0.23608111213235294
3841,0.4332,2,28,2,339672,265938,25764,82192,2.463392493237986,0.23609571137218854
3842,0.4333,89,764,89,340436,265174,25853,82103,2.4563155359590945,0.23641934248452964
3843,0.4334,0,5,0,340441,265169,25853,82103,2.4562692207936565,0.23642274643507108
3844,0.4335,6,24,6,340465,265145,25859,82097,2.4560469079995553,0.2364258931811244
3845,0.4336,0,8,0,340473,265137,25859,82097,2.455972803734855,0.23643134024893875
3846,0.4337,3,42,3,340515,265095,25862,82094,2.4555837563451774,0.23645334385594013
3847,0.4338,6,27,6,340542,265068,25868,82088,2.4553336544518136,0.23645853737224765
3848,0.4339,2,10,2,340552,265058,25870,82086,2.455241024120938,0.23646094992279862
3849,0.434,12,153,12,340705,264905,25882,82074,2.4538237800585425,0.23653881070612343
3850,0.4342,32,151,32,340856,264754,25914,82042,2.452425062062322,0.23657135607100427
3851,0.4343,12,55,12,340911,264699,25926,82030,2.451915595242506,0.2365824606537094
3852,0.4344,2,10,2,340921,264689,25928,82028,2.4518229649116305,0.23658488046447101
3853,0.4345,5,30,5,340951,264659,25933,82023,2.451545073919004,0.23659434294252368
3854,0.4346,0,9,0,340960,264650,25933,82023,2.451461706621216,0.23660048518344376
3855,0.4347,3,41,3,341001,264609,25936,82020,2.4510819222646263,0.2366218637217313
3856,0.4348,2,25,2,341026,264584,25938,82018,2.4508503464374374,0.23663452605582194
3857,0.4349,0,15,0,341041,264569,25938,82018,2.450711400941124,0.23664476740327825
3858,0.435,155,1361,155,342402,263208,26093,81863,2.438104412908963,0.23723523564715668
3859,0.4351,0,1,0,342403,263207,26093,81863,2.4380951498758754,0.23723592314602834
3860,0.4352,3,22,3,342425,263185,26096,81860,2.437891363147949,0.23724441739483257
3861,0.4353,5,33,5,342458,263152,26101,81855,2.43758568305606,0.2372560556742327
3862,0.4354,1,6,1,342464,263146,26102,81854,2.4375301048575344,0.23725797101449275
3863,0.4355,4,32,4,342496,263114,26106,81850,2.4372336877987326,0.23727113553878085
3864,0.4356,2,8,2,342504,263106,26108,81848,2.4371595835340325,0.23727221600561235
3865,0.4357,7,72,7,342576,263034,26115,81841,2.4364926451517284,0.23730627038782168
3866,0.4358,15,150,15,342726,262884,26130,81826,2.4351031901885953,0.23737634533375881
3867,0.4359,2,2,2,342728,262882,26132,81824,2.4350846641224204,0.23737329782481303
3868,0.436,23,168,23,342896,262714,26155,81801,2.4335284745637114,0.2374381376717995
3869,0.4361,1,10,1,342906,262704,26156,81800,2.4334358442328354,0.2374428163388524
3870,0.4362,3,30,3,342936,262674,26159,81797,2.433157953240209,0.2374568541328588
3871,0.4363,5,38,5,342974,262636,26164,81792,2.432805957982882,0.23747198253335966
3872,0.4364,1,9,1,342983,262627,26165,81791,2.4327225906850938,0.23747597396187192
3873,0.4365,4,32,4,343015,262595,26169,81787,2.432426173626292,0.23748918352294834
3874,0.4366,2,3,2,343018,262592,26171,81785,2.4323983845270294,0.23748682403296387
3875,0.4367,94,790,94,343808,261802,26265,81691,2.425080588387862,0.23782435158795084
3876,0.4368,7,27,7,343835,261775,26272,81684,2.4248304864944976,0.23782751361880167
3877,0.4369,0,13,0,343848,261762,26272,81684,2.4247100670643595,0.23783651578414075
3878,0.437,8,42,8,343890,261720,26280,81676,2.4243210196746823,0.23784784913044998
3879,0.4371,2,24,2,343914,261696,26282,81674,2.424098706880581,0.23786003436526196
3880,0.4372,3,12,3,343926,261684,26285,81671,2.42398755048353,0.23786168834005622
3881,0.4373,8,39,8,343965,261645,26293,81663,2.4236262921931155,0.237870949701143
3882,0.4374,0,8,0,343973,261637,26293,81663,2.4235521879284154,0.2378764928633848
3883,0.4375,66,350,66,344323,261287,26359,81597,2.420310126347771,0.2379726088123097
3884,0.4376,1,14,1,344337,261273,26360,81596,2.4201804438845453,0.2379801031880981
3885,0.4377,3,51,3,344388,261222,26363,81593,2.4197080291970803,0.2380088385864096
3886,0.4378,4,24,4,344412,261198,26367,81589,2.419485716402979,0.23801661089831294
3887,0.4379,6,13,6,344425,261185,26373,81583,2.419365296972841,0.23801229986463146
3888,0.438,21,105,21,344530,261080,26394,81562,2.418392678498648,0.23803853584791124
3889,0.4381,1,11,1,344541,261069,26395,81561,2.4182907851346847,0.23804395411960425
3890,0.4382,3,17,3,344558,261052,26398,81558,2.4181333135721963,0.23804909372172442
3891,0.4383,65,465,65,345023,260587,26463,81493,2.4138260031864833,0.23822789990645463
3892,0.4384,1,4,1,345027,260583,26464,81492,2.413788951054133,0.238228458671344
3893,0.4385,4,39,4,345066,260544,26468,81488,2.4134276927637184,0.23824671375777706
3894,0.4386,3,14,3,345080,260530,26471,81485,2.4132980103004926,0.23824978436618277
3895,0.4387,3,36,3,345116,260494,26474,81482,2.412964541109341,0.238268182562519
3896,0.4388,4,23,4,345139,260471,26478,81478,2.412751491348327,0.2382752983632062
3897,0.4389,1,15,1,345154,260456,26479,81477,2.4126125458520136,0.23828352338031134
3898,0.439,13,87,13,345241,260369,26492,81464,2.4118066619733964,0.23831520069741657
3899,0.4391,3,4,3,345245,260365,26495,81461,2.411769609841046,0.23831130458186328
3900,0.4392,26,138,26,345383,260227,26521,81435,2.410491311274964,0.23834959697010497
3901,0.4393,12,64,12,345447,260163,26533,81423,2.4098984771573604,0.23836749749697
3902,0.4394,0,5,0,345452,260158,26533,81423,2.4098521619919224,0.23837098667665943
3903,0.4395,5,27,5,345479,260131,26538,81418,2.4096020600985586,0.23837868065782655
3904,0.4396,0,15,0,345494,260116,26538,81418,2.409463114602245,0.2383891501285377
3905,0.4397,7,29,7,345523,260087,26545,81411,2.4091944866427064,0.23839378268686787
3906,0.4398,4,23,4,345546,260064,26549,81407,2.4089814368816924,0.23840091837959884
3907,0.4399,0,5,0,345551,260059,26549,81407,2.408935121716255,0.23840440922375875
3908,0.44,458,3528,458,349079,256531,27007,80949,2.3762551409833637,0.23986310299869623
3909,0.4401,1,7,1,349086,256524,27008,80948,2.376190299751751,0.2398658259055566
3910,0.4402,10,33,10,349119,256491,27018,80938,2.3758846196598613,0.2398667571548385
3911,0.4403,4,24,4,349143,256467,27022,80934,2.37566230686576,0.23987480772137604
3912,0.4404,0,12,0,349155,256455,27022,80934,2.3755511504687097,0.23988333940940576
3913,0.4405,3,34,3,349189,256421,27025,80931,2.3752362073437325,0.23990075647987857
3914,0.4406,2,13,2,349202,256408,27027,80929,2.3751157879135945,0.23990549509837344
3915,0.4407,12,67,12,349269,256341,27039,80917,2.3744951646967283,0.23992610998108274
3916,0.4408,21,169,21,349438,256172,27060,80896,2.3729297121049315,0.2399990506366668
3917,0.4409,0,7,0,349445,256165,27060,80896,2.3728648708733187,0.24000403487795977
3918,0.441,11,99,11,349544,256066,27071,80885,2.3719478305976507,0.2400497401699357
3919,0.4411,0,8,0,349552,256058,27071,80885,2.3718737263329506,0.2400554396440941
3920,0.4412,4,25,4,349577,256033,27075,80881,2.3716421505057617,0.24006423004090063
3921,0.4413,10,35,10,349612,255998,27085,80871,2.3713179443476973,0.24006661343133384
3922,0.4414,2,7,2,349619,255991,27087,80869,2.3712531031160844,0.2400670901858339
3923,0.4415,2,37,2,349656,255954,27089,80867,2.3709103708918446,0.24008894932323102
3924,0.4416,1,3,1,349659,255951,27090,80866,2.370882581792582,0.24008883162073175
3925,0.4417,62,454,62,350113,255497,27152,80804,2.3666771647708327,0.2402728508092453
3926,0.4418,7,27,7,350140,255470,27159,80797,2.3664270628774684,0.24027632803694682
3927,0.4419,2,6,2,350146,255464,27161,80795,2.366371484678943,0.2402760966992705
3928,0.442,15,91,15,350237,255373,27176,80780,2.365528548667976,0.24030724104797518
3929,0.4421,0,9,0,350246,255364,27176,80780,2.365445181370188,0.2403136750916274
3930,0.4422,0,15,0,350261,255349,27176,80780,2.3653062358738746,0.24032439926337804
3931,0.4423,4,30,4,350291,255319,27180,80776,2.365028344881248,0.24033680953301895
3932,0.4424,0,5,0,350296,255314,27180,80776,2.36498202971581,0.24034038501591837
3933,0.4425,43,405,43,350701,254909,27223,80733,2.3612305013153505,0.24053306797123125
3934,0.4426,1,13,1,350714,254896,27224,80732,2.3611100818852124,0.24054012180151835
3935,0.4427,9,47,9,350761,254849,27233,80723,2.3606747193300976,0.24055344307629958
3936,0.4428,0,18,0,350779,254831,27233,80723,2.3605079847345216,0.24056634699631058
3937,0.4429,1,19,1,350798,254812,27234,80722,2.360331987105858,0.24057770598508646
3938,0.443,7,65,7,350863,254747,27241,80715,2.359729889955167,0.24060847428322732
3939,0.4431,3,3,3,350866,254744,27244,80712,2.359702100855904,0.2406038347801202
3940,0.4432,3,26,3,350892,254718,27247,80709,2.359461261995628,0.24061569283331397
3941,0.4433,80,770,80,351662,253948,27327,80629,2.3523287265182113,0.24098787424120607
3942,0.4434,0,2,0,351664,253946,27327,80629,2.352310200452036,0.24098931480236122
3943,0.4435,3,28,3,351692,253918,27330,80626,2.3520508355255845,0.24100267827251423
3944,0.4436,0,13,0,351705,253905,27330,80626,2.3519304160954464,0.24101204372688928
3945,0.4437,5,38,5,351743,253867,27335,80621,2.3515784208381194,0.24102807873526105
3946,0.4438,5,20,5,351763,253847,27340,80616,2.351393160176368,0.24103114544807647
3947,0.4439,0,8,0,351771,253839,27340,80616,2.351319055911668,0.24103691079517423
3948,0.444,20,156,20,351927,253683,27360,80596,2.3498740227500092,0.24110398798608348
3949,0.4441,0,3,0,351930,253680,27360,80596,2.3498462336507466,0.24110615180270195
3950,0.4442,21,141,21,352071,253539,27381,80575,2.3485401459854014,0.24116020280503062
3951,0.4443,10,55,10,352126,253484,27391,80565,2.348030679165586,0.24117719256755746
3952,0.4444,3,4,3,352130,253480,27394,80562,2.3479936270332358,0.2411732656372552
3953,0.4445,1,25,1,352155,253455,27395,80561,2.347762051206047,0.2411890448361755
3954,0.4446,1,15,1,352170,253440,27396,80560,2.3476231057097334,0.24119760479041916
3955,0.4447,3,31,3,352201,253409,27399,80557,2.3473359516840193,0.24121317738931508
3956,0.4448,1,21,1,352222,253388,27400,80556,2.3471414279891807,0.24122607383273842
3957,0.4449,0,13,0,352235,253375,27400,80556,2.3470210085590426,0.2412354648115928
3958,0.445,200,1405,200,353640,251970,27600,80356,2.334006447071029,0.24179871571890252
3959,0.4451,4,6,4,353646,251964,27604,80352,2.3339508688725035,0.24179395515112123
3960,0.4452,3,26,3,353672,251938,27607,80349,2.3337100300122273,0.2418060291254247
3961,0.4453,5,41,5,353713,251897,27612,80344,2.3333302456556373,0.2418244587513281
3962,0.4454,0,11,0,353724,251886,27612,80344,2.3332283522916746,0.24183246546067483
3963,0.4455,8,39,8,353763,251847,27620,80336,2.33286709400126,0.2418425988084881
3964,0.4456,1,10,1,353773,251837,27621,80335,2.3327744636703844,0.2418475970280457
3965,0.4457,12,55,12,353828,251782,27633,80323,2.3322649968505687,0.24186025503982175
3966,0.4458,26,146,26,353974,251636,27659,80297,2.330912594019786,0.2419072523671946
3967,0.4459,0,1,0,353975,251635,27659,80297,2.330903330986698,0.24190798115276624
3968,0.446,20,148,20,354123,251487,27679,80277,2.32953240208974,0.2419701956812674
3969,0.4461,2,10,2,354133,251477,27681,80275,2.3294397717588646,0.24197291953025152
3970,0.4462,5,22,5,354155,251455,27686,80270,2.3292359850309383,0.24197754163840532
3971,0.4463,4,34,4,354189,251421,27690,80266,2.3289210419059616,0.24199320443671293
3972,0.4464,2,9,2,354198,251412,27692,80264,2.328837674608174,0.2419952001350716
3973,0.4465,8,41,8,354239,251371,27700,80256,2.328457890251584,0.24200683297801445
3974,0.4466,0,3,0,354242,251368,27700,80256,2.328430101152321,0.24200902226618098
3975,0.4467,95,695,95,354937,250673,27795,80161,2.3219922931564714,0.24229976362768035
3976,0.4468,2,16,2,354953,250657,27797,80159,2.3218440846270703,0.24230690172180305
3977,0.4469,3,10,3,354963,250647,27800,80156,2.321751454296195,0.24230735513281318
3978,0.447,13,62,13,355025,250585,27813,80143,2.3211771462447666,0.24232299654096418
3979,0.4471,2,18,2,355043,250567,27815,80141,2.3210104116491905,0.24233160371082646
3980,0.4472,2,20,2,355063,250547,27817,80139,2.320825150987439,0.2423416776035272
3981,0.4473,16,65,16,355128,250482,27833,80123,2.3202230538367483,0.24235265649339846
3982,0.4474,2,14,2,355142,250468,27835,80121,2.3200933713735226,0.24235833618178462
3983,0.4475,48,360,48,355502,250108,27883,80073,2.316758679462003,0.2425124401464651
3984,0.4476,2,15,2,355517,250093,27885,80071,2.3166197339656898,0.24251886941035364
3985,0.4477,3,39,3,355556,250054,27888,80068,2.316258475675275,0.24254063649196358
3986,0.4478,3,24,3,355580,250030,27891,80065,2.316036162881174,0.24255138672200427
3987,0.4479,5,10,5,355590,250020,27896,80060,2.3159435325502984,0.24254726126999515
3988,0.448,12,88,12,355678,249932,27908,80048,2.3151283856385936,0.24258439905448814
3989,0.4481,2,5,2,355683,249927,27910,80046,2.3150820704731556,0.24258348410324482
3990,0.4482,4,31,4,355714,249896,27914,80042,2.3147949164474415,0.24259709399947868
3991,0.4483,65,397,65,356111,249499,27979,79977,2.3111174923116824,0.24273998713108086
3992,0.4484,0,5,0,356116,249494,27979,79977,2.311071177146245,0.24274367091489085
3993,0.4485,4,39,4,356155,249455,27983,79973,2.31070991885583,0.2427632138130335
3994,0.4486,3,9,3,356164,249446,27986,79970,2.310626551558042,0.2427629501906404
3995,0.4487,5,36,5,356200,249410,27991,79965,2.3102930823668903,0.24277798861480077
3996,0.4488,4,21,4,356221,249389,27995,79961,2.3100985586720517,0.24278427205100955
3997,0.4489,2,9,2,356230,249380,27997,79959,2.3100151913742635,0.24278630833275136
3998,0.449,15,94,15,356324,249286,28012,79944,2.3091444662640335,0.24282112808674786
3999,0.4491,1,10,1,356334,249276,28013,79943,2.309051835933158,0.2428262038339221
4000,0.4492,15,138,15,356472,249138,28028,79928,2.3077735373670754,0.2428935228799086
4001,0.4493,10,69,10,356541,249069,28038,79918,2.3071343880840343,0.24292145282336383
4002,0.4494,2,3,2,356544,249066,28040,79916,2.3071065989847717,0.24291906548078618
4003,0.4495,3,38,3,356582,249028,28043,79913,2.3067546037274447,0.24294022332272353
4004,0.4496,2,13,2,356595,249015,28045,79911,2.306634184297306,0.24294522172160304
4005,0.4497,3,31,3,356626,248984,28048,79908,2.306347030271592,0.2429612152317478
4006,0.4498,4,20,4,356646,248964,28052,79904,2.306161769609841,0.24296678302540836
4007,0.4499,2,9,2,356655,248955,28054,79902,2.306078402312053,0.2429688283965371
4008,0.45,469,3492,469,360147,245463,28523,79433,2.2737318907703137,0.2444874667585935
4009,0.4501,0,8,0,360155,245455,28523,79433,2.2736577865056136,0.2444934869862845
4010,0.4502,3,22,3,360177,245433,28526,79430,2.2734539997776873,0.24450306744689299
4011,0.4503,4,40,4,360217,245393,28530,79426,2.273083478454185,0.24452387329558922
4012,0.4504,1,6,1,360223,245387,28531,79425,2.2730279002556597,0.24452606430796892
4013,0.4505,6,41,6,360264,245346,28537,79419,2.27264811589907,0.24454297722968915
4014,0.4506,1,3,1,360267,245343,28538,79418,2.2726203267998075,0.24454291001690473
4015,0.4507,11,49,11,360316,245294,28549,79407,2.2721664381785174,0.2445542206522308
4016,0.4508,22,157,22,360473,245137,28571,79385,2.270712141983771,0.24462131997214365
4017,0.4509,3,1,3,360474,245136,28574,79382,2.270702878950684,0.24461509068834394
4018,0.451,13,93,13,360567,245043,28587,79369,2.269841416873541,0.24465494494654946
4019,0.4511,2,16,2,360583,245027,28589,79367,2.2696932083441403,0.2446623550373928
4020,0.4512,1,24,1,360607,245003,28590,79366,2.269470895550039,0.24467812892107446
4021,0.4513,11,56,11,360663,244947,28601,79355,2.268952165697136,0.24469475982263444
4022,0.4514,1,7,1,360670,244940,28602,79354,2.2688873244655228,0.24469771256945858
4023,0.4515,9,24,9,360694,244916,28611,79345,2.2686650116714215,0.24469486000474927
4024,0.4516,0,2,0,360696,244914,28611,79345,2.2686464856052466,0.2446963692603752
4025,0.4517,57,438,57,361134,244476,28668,79288,2.264589277112898,0.24489442927564523
4026,0.4518,3,25,3,361159,244451,28671,79285,2.264357701285709,0.2449063434403341
4027,0.4519,2,3,2,361162,244448,28673,79283,2.2643299121864464,0.2449039480309269
4028,0.452,8,84,8,361246,244364,28681,79275,2.263551817407092,0.2449488473268055
4029,0.4521,2,19,2,361265,244345,28683,79273,2.263375819778428,0.24495856225549878
4030,0.4522,5,18,5,361283,244327,28688,79268,2.263209085182852,0.24496052163970394
4031,0.4523,2,40,2,361323,244287,28690,79266,2.2628385638593502,0.24498613828337243
4032,0.4524,2,6,2,361329,244281,28692,79264,2.2627829856608246,0.2449860143102196
4033,0.4525,44,383,44,361712,243898,28736,79220,2.2592352439882917,0.24517358983405443
4034,0.4526,2,6,2,361718,243892,28738,79218,2.259179665789766,0.24517347033517997
4035,0.4527,5,39,5,361757,243853,28743,79213,2.2588184074993514,0.2451913850420657
4036,0.4528,1,24,1,361781,243829,28744,79212,2.25859609470525,0.24520726471252874
4037,0.4529,1,22,1,361803,243807,28745,79211,2.2583923079773243,0.24522162851605792
4038,0.453,7,68,7,361871,243739,28752,79204,2.2577624217273704,0.2452569029209489
4039,0.4531,2,15,2,361886,243724,28754,79202,2.257623476231057,0.2452636207676062
4040,0.4532,6,22,6,361908,243702,28760,79196,2.257419689503131,0.24526630700716634
4041,0.4533,105,750,105,362658,242952,28865,79091,2.250472414687465,0.2455914272317672
4042,0.4534,1,3,1,362661,242949,28866,79090,2.2504446255882025,0.24559137247352028
4043,0.4535,4,44,4,362705,242905,28870,79086,2.2500370521323503,0.24561556068337315
4044,0.4536,1,15,1,362720,242890,28871,79085,2.249898106636037,0.24562466029971272
4045,0.4537,9,42,9,362762,242848,28880,79076,2.2495090592463596,0.24563561585964389
4046,0.4538,2,30,2,362792,242818,28882,79074,2.249231168253733,0.24565382177873324
4047,0.4539,0,5,0,362797,242813,28882,79074,2.249184853088295,0.24565763761817036
4048,0.454,18,145,18,362942,242668,28900,79056,2.2478417132905997,0.24572615036490905
4049,0.4541,0,4,0,362946,242664,28900,79056,2.24780466115825,0.24572920552032823
4050,0.4542,15,134,15,363080,242530,28915,79041,2.2465634147245175,0.24579641820935347
4051,0.4543,7,60,7,363140,242470,28922,79034,2.246007632739264,0.24582586841843337
4052,0.4544,2,6,2,363146,242464,28924,79032,2.245952054540739,0.24582576455072536
4053,0.4545,7,25,7,363171,242439,28931,79025,2.24572047871355,0.24582845979643134
4054,0.4546,2,6,2,363177,242433,28933,79023,2.2456649005150244,0.24582835598028968
4055,0.4547,2,35,2,363212,242398,28935,79021,2.24534069435696,0.2458504319906415
4056,0.4548,7,20,7,363232,242378,28942,79014,2.245155433695209,0.24584930552098372
4057,0.4549,2,15,2,363247,242363,28944,79012,2.2450164881988957,0.24585608712563206
4058,0.455,198,1398,198,364645,240965,29142,78814,2.232066767942495,0.24646396417525854
4059,0.4551,2,16,2,364661,240949,29144,78812,2.2319185594130944,0.2464715834638996
4060,0.4552,3,30,3,364691,240919,29147,78809,2.2316406684204675,0.24648763949356953
4061,0.4553,5,42,5,364733,240877,29152,78804,2.23125162103079,0.24650823789965623
4062,0.4554,2,12,2,364745,240865,29154,78802,2.23114046463374,0.24651277735893914
4063,0.4555,6,29,6,364774,240836,29160,78796,2.2308718366742006,0.24652099914902137
4064,0.4556,2,12,2,364786,240824,29162,78794,2.23076068027715,0.2465255398632117
4065,0.4557,9,68,9,364854,240756,29171,78785,2.2301307940271964,0.24655677988114202
4066,0.4558,29,115,29,364969,240641,29200,78756,2.2290655452221277,0.24657714380535822
4067,0.4559,1,1,1,364970,240640,29201,78755,2.22905628218904,0.2465755569122873
4068,0.456,18,140,18,365110,240500,29219,78737,2.2277594575567825,0.24664121013541662
4069,0.4561,1,9,1,365119,240491,29220,78736,2.2276760902589943,0.24664580376973125
4070,0.4562,5,31,5,365150,240460,29225,78731,2.22738893623328,0.24665795714791458
4071,0.4563,12,31,12,365181,240429,29237,78719,2.227101782207566,0.24665359018386454
4072,0.4564,1,7,1,365188,240422,29238,78718,2.227036940975953,0.24665663971924548
4073,0.4565,4,41,4,365229,240381,29242,78714,2.2266571566193636,0.24667888873219573
4074,0.4566,0,12,0,365241,240369,29242,78714,2.2265460002223127,0.24668816577504912
4075,0.4567,108,710,108,365951,239659,29350,78606,2.2199692467301495,0.24698286019512042
4076,0.4568,3,26,3,365977,239633,29353,78603,2.219728407869873,0.24699594011991102
4077,0.4569,1,11,1,365988,239622,29354,78602,2.2196265145059098,0.24700211172004627
4078,0.457,6,54,6,366042,239568,29360,78596,2.219126310719182,0.24702983367068557
4079,0.4571,4,24,4,366066,239544,29364,78592,2.2189039979250804,0.2470390021877436
4080,0.4572,2,16,2,366082,239528,29366,78590,2.2187557893956797,0.247046693365355
4081,0.4573,13,63,13,366145,239465,29379,78577,2.218172218311164,0.24706485306972034
4082,0.4574,1,9,1,366154,239456,29380,78576,2.2180888510133756,0.24706947728530462
4083,0.4575,53,385,53,366539,239071,29433,78523,2.2145225832746673,0.24724333583128144
4084,0.4576,2,6,2,366545,239065,29435,78521,2.214467005076142,0.24724326639083588
4085,0.4577,6,41,6,366586,239024,29441,78515,2.2140872207195526,0.24726096636948533
4086,0.4578,4,26,4,366612,238998,29445,78511,2.213846381859276,0.24727173088006954
4087,0.4579,3,16,3,366628,238982,29448,78508,2.2136981733298753,0.24727707959305806
4088,0.458,16,97,16,366725,238885,29464,78492,2.2127996591203822,0.24731470774504768
4089,0.4581,2,2,2,366727,238883,29466,78490,2.2127811330542073,0.24731152303441062
4090,0.4582,4,29,4,366756,238854,29470,78486,2.212512505094668,0.24732463603705804
4091,0.4583,53,396,53,367152,238458,29523,78433,2.2088443439919967,0.24750781814567155
4092,0.4584,0,3,0,367155,238455,29523,78433,2.208816554892734,0.24751016131882558
4093,0.4585,9,41,9,367196,238414,29532,78424,2.2084367705361445,0.24752081505374987
4094,0.4586,1,6,1,367202,238408,29533,78423,2.208381192337619,0.2475231274717436
4095,0.4587,9,33,9,367235,238375,29542,78414,2.20807551224573,0.24752753409998454
4096,0.4588,6,23,6,367258,238352,29548,78408,2.207862462484716,0.24753125394620532
4097,0.4589,1,17,1,367275,238335,29549,78407,2.2077049909222275,0.24754216365369922
4098,0.459,19,93,19,367368,238242,29568,78388,2.206843528845085,0.24756971859899568
4099,0.4591,0,2,0,367370,238240,29568,78388,2.20682500277891,0.24757128238816528
4100,0.4592,23,155,23,367525,238085,29591,78365,2.205389232650339,0.24763785748143466
4101,0.4593,9,63,9,367588,238022,29600,78356,2.204805661565823,0.24766576689908906
4102,0.4594,3,5,3,367593,238017,29603,78353,2.2047593464003854,0.2476625470177324
4103,0.4595,3,32,3,367625,237985,29606,78350,2.2044629293415836,0.24768046532947666
4104,0.4596,5,17,5,367642,237968,29611,78345,2.2043054577790953,0.24768188471545588
4105,0.4597,11,23,11,367665,237945,29622,78334,2.2040924080180813,0.2476737311044995
4106,0.4598,3,22,3,367687,237923,29625,78331,2.2038886212901554,0.2476838237619129
4107,0.4599,0,4,0,367691,237919,29625,78331,2.203851569157805,0.24768695652173914
4108,0.46,498,3268,498,370959,234651,30123,77833,2.173579977027678,0.24907835281166396
4109,0.4601,2,21,2,370980,234630,30125,77831,2.1733854533328394,0.24909028646775117
4110,0.4602,5,35,5,371015,234595,30130,77826,2.173061247174775,0.24910617404079752
4111,0.4603,4,35,4,371050,234560,30134,77822,2.1727370410167106,0.2491244693996453
4112,0.4604,4,6,4,371056,234554,30138,77818,2.172681462818185,0.24911963940430001
4113,0.4605,4,31,4,371087,234523,30142,77814,2.172394308792471,0.24913474868491406
4114,0.4606,2,4,2,371091,234519,30144,77812,2.1723572566601206,0.24913313119735153
4115,0.4607,10,70,10,371161,234449,30154,77802,2.171708844343992,0.24916493461990513
4116,0.4608,26,140,26,371301,234309,30180,77776,2.1704120197117343,0.2492141563996988
4117,0.4609,0,2,0,371303,234307,30180,77776,2.1703934936455593,0.24921575350147238
4118,0.461,17,77,17,371380,234230,30197,77759,2.1696802400978177,0.2492363512816157
4119,0.4611,2,3,2,371383,234227,30199,77757,2.169652450998555,0.2492339350735935
4120,0.4612,3,22,3,371405,234205,30202,77754,2.1694486642706288,0.2492442917178219
4121,0.4613,3,33,3,371438,234172,30205,77751,2.1691429841787393,0.24926344001564488
4122,0.4614,0,8,0,371446,234164,30205,77751,2.169068879914039,0.2492698331276149
4123,0.4615,7,30,7,371476,234134,30212,77744,2.1687909889214123,0.24927696086290152
4124,0.4616,0,5,0,371481,234129,30212,77744,2.168744673755975,0.2492809573127523
4125,0.4617,83,396,83,371877,233733,30295,77661,2.1650765126533034,0.24939786893774446
4126,0.4618,2,28,2,371905,233705,30297,77659,2.164817147726852,0.24941547513521153
4127,0.4619,0,9,0,371914,233696,30297,77659,2.1647337804290636,0.24942268471680237
4128,0.462,12,85,12,371999,233611,30309,77647,2.1639464226166214,0.24946186122123767
4129,0.4621,4,8,4,372007,233603,30313,77643,2.1638723183519213,0.24945862758075607
4130,0.4622,5,18,5,372025,233585,30318,77638,2.1637055837563453,0.2494609974198565
4131,0.4623,6,45,6,372070,233540,30324,77632,2.1632887472674054,0.24948260126232438
4132,0.4624,3,8,3,372078,233532,30327,77629,2.163214643002705,0.24948177952892553
4133,0.4625,53,349,53,372427,233183,30380,77576,2.159981844455148,0.24963396072197427
4134,0.4626,1,8,1,372435,233175,30381,77575,2.159907740190448,0.2496379726468222
4135,0.4627,9,55,9,372490,233120,30390,77566,2.1593982733706323,0.24966042885743162
4136,0.4628,2,20,2,372510,233100,30392,77564,2.1592130127088813,0.24967167100146784
4137,0.4629,6,17,6,372527,233083,30398,77558,2.159055541146393,0.24967084190432043
4138,0.463,14,61,14,372588,233022,30412,77544,2.158490496128052,0.24968605706999478
4139,0.4631,0,8,0,372596,233014,30412,77544,2.158416391863352,0.24969248900366436
4140,0.4632,3,28,3,372624,232986,30415,77541,2.1581570269369004,0.24970775488121805
4141,0.4633,104,678,104,373302,232308,30519,77437,2.1518766905035385,0.25000242134659156
4142,0.4634,1,2,1,373304,232306,30520,77436,2.1518581644373636,0.25000161424669565
4143,0.4635,5,39,5,373343,232267,30525,77431,2.151496906146949,0.25002098818849333
4144,0.4636,0,16,0,373359,232251,30525,77431,2.1513486976175478,0.25003390574847745
4145,0.4637,6,32,6,373391,232219,30531,77425,2.151052280558746,0.25004521321259254
4146,0.4638,6,36,6,373427,232183,30537,77419,2.1507188113675944,0.2500597541359552
4147,0.4639,0,5,0,373432,232178,30537,77419,2.1506724962021564,0.25006379260780953
4148,0.464,23,138,23,373570,232040,30560,77396,2.1493941976360738,0.2501195723833038
4149,0.4641,0,10,0,373580,232030,30560,77396,2.1493015673051983,0.2501276557238241
4150,0.4642,24,148,24,373728,231882,30584,77372,2.1479306384082406,0.2501891648935826
4151,0.4643,7,62,7,373790,231820,30591,77365,2.147356330356812,0.25022235878195903
4152,0.4644,1,6,1,373796,231814,30592,77364,2.1473007521582868,0.2502247896034
4153,0.4645,7,30,7,373826,231784,30599,77357,2.14702286116566,0.2502320947399407
4154,0.4646,1,14,1,373840,231770,30600,77356,2.146893178702434,0.25024100205094363
4155,0.4647,6,57,6,373897,231713,30606,77350,2.146365185816444,0.2502725981434206
4156,0.4648,4,22,4,373919,231691,30610,77346,2.1461613990885176,0.25028071072395863
4157,0.4649,1,6,1,373925,231685,30611,77345,2.1461058208899924,0.25028314403132385
4158,0.465,173,1304,173,375229,230381,30784,77172,2.1340268257438217,0.2509226052095086
4159,0.4651,0,9,0,375238,230372,30784,77172,2.1339434584460335,0.25092994823504927
4160,0.4652,5,17,5,375255,230355,30789,77167,2.133785986883545,0.250931640663107
4161,0.4653,6,34,6,375289,230321,30795,77161,2.1334710437585684,0.2509447707508082
4162,0.4654,2,5,2,375294,230316,30797,77159,2.1334247285931305,0.2509439791852996
4163,0.4655,9,28,9,375322,230288,30806,77150,2.133165363666679,0.25094490596477986
4164,0.4656,1,13,1,375335,230275,30807,77149,2.133044944236541,0.2509530810867076
4165,0.4657,11,60,11,375395,230215,30818,77138,2.1324891622512876,0.25097526297124156
4166,0.4658,23,147,23,375542,230068,30841,77115,2.131127496387417,0.2510392827728097
4167,0.4659,0,6,0,375548,230062,30841,77115,2.131071918188892,0.25104418625092373
4168,0.466,16,152,16,375700,229910,30857,77099,2.1296639371595836,0.2511294457165751
4169,0.4661,2,5,2,375705,229905,30859,77097,2.1296176219941456,0.25112865714229876
4170,0.4662,3,27,3,375732,229878,30862,77094,2.129367520100782,0.25114342676205
4171,0.4663,10,41,10,375773,229837,30872,77084,2.128987735744192,0.2511525767216971
4172,0.4664,2,12,2,375785,229825,30874,77082,2.1288765793471414,0.2511575167721818
4173,0.4665,5,33,5,375818,229792,30879,77077,2.1285708992552523,0.25117232434687115
4174,0.4666,0,5,0,375823,229787,30879,77077,2.1285245840898144,0.2511764169143334
4175,0.4667,102,722,102,376545,229065,30981,76975,2.1218366742006003,0.25151940922755195
4176,0.4668,3,28,3,376573,229037,30984,76972,2.121577309274149,0.2515350855693787
4177,0.4669,2,2,2,376575,229035,30986,76970,2.1215587832079734,0.25153183771507004
4178,0.467,9,55,9,376630,228980,30995,76961,2.121049316388158,0.2515550383897549
4179,0.4671,3,18,3,376648,228962,30998,76958,2.120882581792582,0.2515625
4180,0.4672,3,16,3,376664,228946,31001,76955,2.1207343732631814,0.25156831785446926
4181,0.4673,4,64,4,376728,228882,31005,76951,2.120141539145578,0.2516111734181727
4182,0.4674,0,9,0,376737,228873,31005,76951,2.12005817184779,0.2516185780056503
4183,0.4675,44,363,44,377100,228510,31049,76907,2.1166956908370076,0.2518098206714099
4184,0.4676,2,8,2,377108,228502,31051,76905,2.116621586572307,0.251811517090309
4185,0.4677,7,46,7,377154,228456,31058,76898,2.11619548705028,0.2518322995605101
4186,0.4678,3,15,3,377169,228441,31061,76895,2.1160565415539665,0.25183732019807686
4187,0.4679,0,11,0,377180,228430,31061,76895,2.1159546481900033,0.251846393187587
4188,0.468,12,100,12,377280,228330,31073,76883,2.115028344881248,0.25189949314085575
4189,0.4681,1,9,1,377289,228321,31074,76882,2.11494497758346,0.2519044701395465
4190,0.4682,5,21,5,377310,228300,31079,76877,2.1147504538886213,0.25190954757403083
4191,0.4683,51,421,51,377731,227879,31130,76826,2.110850716958761,0.2521323903447597
4192,0.4684,0,5,0,377736,227874,31130,76826,2.1108044017933234,0.2521365277321956
4193,0.4685,9,30,9,377766,227844,31139,76817,2.1105265108006965,0.25213926298410366
4194,0.4686,1,21,1,377787,227823,31140,76816,2.110331987105858,0.25215418905655546
4195,0.4687,8,35,8,377822,227788,31148,76808,2.1100077809477935,0.2521635215170258
4196,0.4688,6,24,6,377846,227764,31154,76802,2.1097854681536923,0.2521686596665419
4197,0.4689,4,15,4,377861,227749,31158,76798,2.109646522657379,0.2521712576383941
4198,0.469,19,91,19,377952,227658,31177,76779,2.1088035866464114,0.25219996255382887
4199,0.4691,3,10,3,377962,227648,31180,76776,2.108710956315536,0.25220087772317556
4200,0.4692,25,129,25,378091,227519,31205,76751,2.1075160250472416,0.25224636014066454
4201,0.4693,13,57,13,378148,227462,31218,76738,2.106988032161251,0.25226166995397764
4202,0.4694,2,9,2,378157,227453,31220,76736,2.106904664863463,0.2522642173122631
4203,0.4695,4,24,4,378181,227429,31224,76732,2.1066823520693614,0.25227428894565707
4204,0.4696,0,2,0,378183,227427,31224,76732,2.1066638260031865,0.2522759477773138
4205,0.4697,8,34,8,378217,227393,31232,76724,2.1063488828782098,0.2522844826168876
4206,0.4698,2,23,2,378240,227370,31234,76722,2.1061358331171958,0.25229864646225486
4207,0.4699,0,3,0,378243,227367,31234,76722,2.106108044017933,0.2523011355228239
4208,0.47,472,3203,472,381446,224164,31706,76250,2.0764385490384973,0.2538164000346189
4209,0.4701,1,8,1,381454,224156,31707,76249,2.076364444773797,0.25382067542151426
4210,0.4702,1,19,1,381473,224137,31708,76248,2.076188447145133,0.2538342460509013
4211,0.4703,3,37,3,381510,224100,31711,76245,2.0758457149208938,0.2538580632272886
4212,0.4704,2,14,2,381524,224086,31713,76243,2.075716032457668,0.2538649281288187
4213,0.4705,3,33,3,381557,224053,31716,76240,2.0754103523657785,0.25388537195339217
4214,0.4706,0,5,0,381562,224048,31716,76240,2.075364037200341,0.25388959931798805
4215,0.4707,6,60,6,381622,223988,31722,76234,2.0748082552150877,0.25392542851623134
4216,0.4708,30,171,30,381793,223817,31752,76204,2.073224276557116,0.2539955536445782
4217,0.4709,0,6,0,381799,223811,31752,76204,2.0731686983585904,0.2540006333016683
4218,0.471,13,99,13,381898,223712,31765,76191,2.072251658082923,0.25405214352640687
4219,0.4711,1,8,1,381906,223704,31766,76190,2.0721775538182223,0.2540564332730898
4220,0.4712,3,17,3,381923,223687,31769,76187,2.072020082255734,0.2540633732834457
4221,0.4713,6,34,6,381957,223653,31775,76181,2.071705139130757,0.25407725608169857
4222,0.4714,4,9,4,381966,223644,31779,76177,2.071621771832969,0.25407493137572085
4223,0.4715,7,42,7,382008,223602,31786,76170,2.0712327244432918,0.2540931107641808
4224,0.4716,1,2,1,382010,223600,31787,76169,2.0712141983771164,0.2540923177513352
4225,0.4717,59,402,59,382412,223198,31846,76110,2.0674904590759198,0.2542865543186283
4226,0.4718,2,28,2,382440,223170,31848,76108,2.0672310941494683,0.2543053615701789
4227,0.4719,0,13,0,382453,223157,31848,76108,2.06711067471933,0.2543164085342422
4228,0.472,13,73,13,382526,223084,31861,76095,2.066434473303939,0.2543460603852543
4229,0.4721,4,16,4,382542,223068,31865,76091,2.0662862647745377,0.2543496936411741
4230,0.4722,3,18,3,382560,223050,31868,76088,2.0661195301789617,0.2543575206092171
4231,0.4723,7,44,7,382604,223006,31875,76081,2.0657119567231095,0.25437748882432204
4232,0.4724,3,7,3,382611,222999,31878,76078,2.0656471154914966,0.25437596338066787
4233,0.4725,51,401,51,383012,222598,31929,76027,2.061932639223387,0.25459020510673924
4234,0.4726,1,8,1,383020,222590,31930,76026,2.0618585349586867,0.2545945294290996
4235,0.4727,10,56,10,383076,222534,31940,76016,2.0613398051057836,0.2546173170323229
4236,0.4728,1,22,1,383098,222512,31941,76015,2.0611360183778578,0.254633584231912
4237,0.4729,2,14,2,383112,222498,31943,76013,2.061006335914632,0.25464053250968977
4238,0.473,9,67,9,383179,222431,31952,76004,2.060385712697766,0.2546752224102401
4239,0.4731,2,8,2,383187,222423,31954,76002,2.0603116084330653,0.2546770545363157
4240,0.4732,2,25,2,383212,222398,31956,76000,2.0600800326058764,0.25469339606833824
4241,0.4733,108,707,108,383919,221691,32064,75892,2.0535310682129757,0.25502800899244915
4242,0.4734,1,7,1,383926,221684,32065,75891,2.053466226981363,0.2550315046626901
4243,0.4735,7,31,7,383957,221653,32072,75884,2.0531790729556487,0.25504054957870786
4244,0.4736,1,15,1,383972,221638,32073,75883,2.0530401274593353,0.2550509039698038
4245,0.4737,3,32,3,384004,221606,32076,75880,2.0527437104005335,0.2550708268624406
4246,0.4738,3,30,3,384034,221576,32079,75877,2.052465819407907,0.25508903927679333
4247,0.4739,1,12,1,384046,221564,32080,75876,2.0523546630108562,0.2550968262506724
4248,0.474,22,134,22,384180,221430,32102,75854,2.051113416577124,0.2551566851899194
4249,0.4741,3,7,3,384187,221423,32105,75851,2.051048575345511,0.25515517670566545
4250,0.4742,27,146,27,384333,221277,32132,75824,2.0496961725147282,0.2552128737365408
4251,0.4743,4,60,4,384393,221217,32136,75820,2.049140390529475,0.255254395917007
4252,0.4744,0,12,0,384405,221205,32136,75820,2.049029234132424,0.25526470835788234
4253,0.4745,5,30,5,384435,221175,32141,75815,2.0487513431397977,0.2552779554867167
4254,0.4746,1,10,1,384445,221165,32142,75814,2.048658712808922,0.25528404365291824
4255,0.4747,7,52,7,384497,221113,32149,75807,2.0481770350883695,0.25531119493466253
4256,0.4748,5,17,5,384514,221096,32154,75802,2.048019563525881,0.255313272571725
4257,0.4749,0,2,0,384516,221094,32154,75802,2.0480010374597057,0.2553149924552705
4258,0.475,198,1259,198,385775,219835,32352,75604,2.036338878802475,0.2559039260219538
4259,0.4751,2,5,2,385780,219830,32354,75602,2.0362925636370375,0.2559032196918411
4260,0.4752,2,17,2,385797,219813,32356,75600,2.0361350920745487,0.2559129083689614
4261,0.4753,7,38,7,385835,219775,32363,75593,2.0357830968172217,0.2559281980444733
4262,0.4754,4,11,4,385846,219764,32367,75589,2.0356812034532585,0.25592765267324186
4263,0.4755,5,26,5,385872,219738,32372,75584,2.0354403645929824,0.25593758676969547
4264,0.4756,1,6,1,385878,219732,32373,75583,2.035384786394457,0.2559402671723414
4265,0.4757,6,52,6,385930,219680,32379,75577,2.034903108673904,0.2559702225518785
4266,0.4758,27,146,27,386076,219534,32406,75550,2.0335507058431213,0.2560287918016565
4267,0.4759,2,1,2,386077,219533,32408,75548,2.0335414428100336,0.25602461696957785
4268,0.476,29,149,29,386226,219384,32437,75519,2.0321612508799882,0.25608081301309243
4269,0.4761,1,5,1,386231,219379,32438,75518,2.0321149357145503,0.25608263224108757
4270,0.4762,7,19,7,386250,219360,32445,75511,2.031938938085887,0.25608147291527483
4271,0.4763,3,36,3,386286,219324,32448,75508,2.031605468894735,0.25610517175883213
4272,0.4764,3,13,3,386299,219311,32451,75505,2.031485049464597,0.2561088950396179
4273,0.4765,7,39,7,386338,219272,32458,75498,2.031123791174182,0.25612511449604775
4274,0.4766,1,5,1,386343,219267,32459,75497,2.031077476008744,0.25612693544666243
4275,0.4767,110,724,110,387067,218543,32569,75387,2.024371040053355,0.25647943387881467
4276,0.4768,4,22,4,387089,218521,32573,75383,2.024167253325429,0.25648851325602917
4277,0.4769,1,9,1,387098,218512,32574,75382,2.024083886027641,0.2564938379143501
4278,0.477,6,63,6,387161,218449,32580,75376,2.0235003149431248,0.2565336509827278
4279,0.4771,5,16,5,387177,218433,32585,75371,2.023352106413724,0.25653496889082517
4280,0.4772,3,22,3,387199,218411,32588,75368,2.023148319685798,0.25654658774112515
4281,0.4773,12,56,12,387255,218355,32600,75356,2.0226295898328948,0.2565651269445135
4282,0.4774,1,9,1,387264,218346,32601,75355,2.022546222535107,0.25657045771039255
4283,0.4775,68,339,68,387603,218007,32669,75287,2.0194060543184262,0.256694647691395
4284,0.4776,1,15,1,387618,217992,32670,75286,2.019267108822113,0.25670524212521906
4285,0.4777,6,41,6,387659,217951,32676,75280,2.0188873244655228,0.2567259259764486
4286,0.4778,2,17,2,387676,217934,32678,75278,2.0187298529030344,0.2567357406927411
4287,0.4779,0,5,0,387681,217929,32678,75278,2.018683537737597,0.25674011875569136
4288,0.478,20,93,20,387774,217836,32698,75258,2.017822075660454,0.25677086531965854
4289,0.4781,1,6,1,387780,217830,32699,75257,2.017766497461929,0.2567735860000614
4290,0.4782,4,25,4,387805,217805,32703,75253,2.01753492163474,0.2567853462454531
4291,0.4783,53,379,53,388184,217426,32756,75200,2.014024232094557,0.2569833165884098
4292,0.4784,2,1,2,388185,217425,32758,75198,2.0140149690614697,0.25697911647409805
4293,0.4785,4,37,4,388222,217388,32762,75194,2.01367223683723,0.2570014560020781
4294,0.4786,2,8,2,388230,217380,32764,75192,2.0135981325725294,0.257003404290226
4295,0.4787,9,28,9,388258,217352,32773,75183,2.013338767646078,0.25700514468354213
4296,0.4788,5,24,5,388282,217328,32778,75178,2.0131164548519767,0.25701353134636556
4297,0.4789,1,7,1,388289,217321,32779,75177,2.0130516136203638,0.2570171419975521
4298,0.479,15,86,15,388375,217235,32794,75162,2.0122549927748343,0.25705462094344333
4299,0.4791,1,17,1,388392,217218,32795,75161,2.012097521212346,0.25706702601760045
4300,0.4792,36,134,36,388526,217084,32831,75125,2.0108562747786136,0.2570933817917997
4301,0.4793,10,72,10,388598,217012,32841,75115,2.0101893363963095,0.25713131617412976
4302,0.4794,1,2,1,388600,217010,32842,75114,2.0101708103301346,0.25713053360901533
4303,0.4795,6,31,6,388631,216979,32848,75108,2.0098836563044205,0.2571425636882162
4304,0.4796,1,14,1,388645,216965,32849,75107,2.0097539738411947,0.2571523459968775
4305,0.4797,7,23,7,388668,216942,32856,75100,2.0095409240801807,0.2571547928037748
4306,0.4798,6,32,6,388700,216910,32862,75094,2.009244507021379,0.25716771003136946
4307,0.4799,0,5,0,388705,216905,32862,75094,2.0091981918559414,0.2571721136031288
4308,0.48,464,3145,464,391850,213760,33326,74630,1.9800659527955833,0.25878151114809805
4309,0.4801,2,5,2,391855,213755,33328,74628,1.9800196376301455,0.25878085740144186
4310,0.4802,3,21,3,391876,213734,33331,74625,1.979825113935307,0.25879199192673025
4311,0.4803,4,35,4,391911,213699,33335,74621,1.9795009077772425,0.2588131243063263
4312,0.4804,3,14,3,391925,213685,33338,74618,1.9793712253140168,0.25881797969497367
4313,0.4805,4,36,4,391961,213649,33342,74614,1.979037756122865,0.25884001762279585
4314,0.4806,2,6,2,391967,213643,33344,74612,1.9789821779243395,0.25884026296161383
4315,0.4807,13,78,13,392045,213565,33357,74599,1.9782596613435104,0.25887688954900684
4316,0.4808,31,166,31,392211,213399,33388,74568,1.9767219978509762,0.25894633760118346
4317,0.4809,1,6,1,392217,213393,33389,74567,1.976666419652451,0.25894915960550074
4318,0.481,13,88,13,392305,213305,33402,74554,1.9758512727407462,0.2589948551200414
4319,0.4811,1,14,1,392319,213291,33403,74553,1.9757215902775205,0.2590048776420561
4320,0.4812,4,36,4,392355,213255,33407,74549,1.9753881210863686,0.25902697669247127
4321,0.4813,8,48,8,392403,213207,33415,74541,1.974943495498166,0.25904958505358855
4322,0.4814,1,20,1,392423,213187,33416,74540,1.9747582348364148,0.25906501649132685
4323,0.4815,8,43,8,392466,213144,33424,74532,1.97435992441365,0.25908313519375964
4324,0.4816,0,6,0,392472,213138,33424,74532,1.9743043462151246,0.25908853895088124
4325,0.4817,63,410,63,392882,212728,33487,74469,1.9705065026492274,0.2592958840099305
4326,0.4818,7,18,7,392900,212710,33494,74462,1.9703397680536514,0.2592940815956987
4327,0.4819,1,9,1,392909,212701,33495,74461,1.9702564007558634,0.25929962878096685
4328,0.482,17,79,17,392988,212622,33512,74444,1.9695246211419468,0.2593271233792926
4329,0.4821,3,14,3,393002,212608,33515,74441,1.969394938678721,0.25933203041989344
4330,0.4822,3,16,3,393018,212592,33518,74438,1.9692467301493202,0.25933874507891164
4331,0.4823,5,28,5,393046,212564,33523,74433,1.9689873652228687,0.2593511430433071
4332,0.4824,1,11,1,393057,212553,33524,74432,1.9688854718589055,0.2593585030576511
4333,0.4825,57,349,57,393406,212204,33581,74375,1.965652673311349,0.25952704140917515
4334,0.4826,1,4,1,393410,212200,33582,74374,1.9656156211789988,0.25952808000725813
4335,0.4827,9,48,9,393458,212152,33591,74365,1.9651709955907963,0.25954829905380833
4336,0.4828,5,30,5,393488,212122,33596,74360,1.9648931045981697,0.2595625554136036
4337,0.4829,1,8,1,393496,212114,33597,74359,1.9648190003334691,0.25956721924928355
4338,0.483,4,52,4,393548,212062,33601,74355,1.9643373226129164,0.2596040039522794
4339,0.4831,0,10,0,393558,212052,33601,74355,1.964244692282041,0.25961306811635193
4340,0.4832,0,21,0,393579,212031,33601,74355,1.9640501685872023,0.25963210492132993
4341,0.4833,110,702,110,394281,211329,33711,74245,1.9575475193597391,0.2599851527099806
4342,0.4834,0,8,0,394289,211321,33711,74245,1.9574734150950388,0.2599924360743226
4343,0.4835,8,40,8,394329,211281,33719,74237,1.9571028937715365,0.26000812558227504
4344,0.4836,1,12,1,394341,211269,33720,74236,1.9569917373744858,0.2600164620584578
4345,0.4837,5,30,5,394371,211239,33725,74231,1.9567138463818592,0.26003082635653485
4346,0.4838,4,29,4,394400,211210,33729,74227,1.9564452184223202,0.26004687549266564
4347,0.4839,1,13,1,394413,211197,33730,74226,1.956324798992182,0.2600561272217025
4348,0.484,17,144,17,394557,211053,33747,74209,1.954990922227574,0.26014330685475107
4349,0.4841,0,6,0,394563,211047,33747,74209,1.954935344029049,0.26014877864094005
4350,0.4842,18,133,18,394696,210914,33765,74191,1.9537033606284042,0.26022342645691937
4351,0.4843,8,51,8,394747,210863,33773,74183,1.953230945940939,0.26024922293243896
4352,0.4844,1,12,1,394759,210851,33774,74182,1.9531197895438883,0.26025758420954764
4353,0.4845,5,31,5,394790,210820,33779,74177,1.952832635518174,0.2602729151534928
4354,0.4846,0,12,0,394802,210808,33779,74177,1.9527214791211234,0.2602838745898907
4355,0.4847,6,37,6,394839,210771,33785,74171,1.9523787468968838,0.26030209656702064
4356,0.4848,5,32,5,394871,210739,33790,74166,1.9520823298380823,0.2603183517312789
4357,0.4849,2,12,2,394883,210727,33792,74164,1.9519711734410314,0.2603241239632
4358,0.485,245,1258,245,396141,209469,34037,73919,1.9403182778168884,0.26084026140838706
4359,0.4851,1,4,1,396145,209465,34038,73918,1.940281225684538,0.26084133487188715
4360,0.4852,6,19,6,396164,209446,34044,73912,1.9401052280558746,0.26084317365311727
4361,0.4853,4,37,4,396201,209409,34048,73908,1.939762495831635,0.2608668029098148
4362,0.4854,1,6,1,396207,209403,34049,73907,1.9397069176331099,0.260869718682715
4363,0.4855,1,21,1,396228,209382,34050,73906,1.9395123939382712,0.26088644771398717
4364,0.4856,1,9,1,396237,209373,34051,73905,1.9394290266404832,0.26089212716836463
4365,0.4857,11,59,11,396296,209314,34062,73894,1.9388825076883174,0.26091777068444394
4366,0.4858,32,126,32,396422,209188,34094,73862,1.9377153655192856,0.2609503621268327
4367,0.4859,3,7,3,396429,209181,34097,73859,1.9376505242876727,0.26094898247597514
4368,0.486,20,122,20,396551,209059,34117,73839,1.9365204342509912,0.26100926835820687
4369,0.4861,0,10,0,396561,209049,34117,73839,1.9364278039201157,0.26101849495206586
4370,0.4862,1,31,1,396592,209018,34118,73838,1.9361406498944014,0.2610444890686427
4371,0.4863,4,32,4,396624,208986,34122,73834,1.9358442328355996,0.2610635740046673
4372,0.4864,0,9,0,396633,208977,34122,73834,1.9357608655378118,0.26107188192821357
4373,0.4865,2,25,2,396658,208952,34124,73832,1.9355292897106229,0.2610897363358606
4374,0.4866,2,9,2,396667,208943,34126,73830,1.9354459224128349,0.26109282003585915
4375,0.4867,111,671,111,397338,208272,34237,73719,1.929230427211086,0.26142323691181635
4376,0.4868,6,30,6,397368,208242,34243,73713,1.9289525362184594,0.26143533542586583
4377,0.4869,0,6,0,397374,208236,34243,73713,1.928896958019934,0.2614408988859687
4378,0.487,10,52,10,397426,208184,34253,73703,1.9284152802993813,0.261462926633722
4379,0.4871,2,31,2,397457,208153,34255,73701,1.9281281262736671,0.2614864433359115
4380,0.4872,3,10,3,397467,208143,34258,73698,1.9280354959427914,0.2614878601764825
4381,0.4873,12,47,12,397514,208096,34270,73686,1.9276001333876764,0.26150002484189905
4382,0.4874,2,6,2,397520,208090,34272,73684,1.9275445551891512,0.26150035134540445
4383,0.4875,52,363,52,397883,207727,34324,73632,1.924182074178369,0.2617012428960865
4384,0.4876,1,6,1,397889,207721,34325,73631,1.9241264959798436,0.2617041997213455
4385,0.4877,4,37,4,397926,207684,34329,73627,1.9237837637556041,0.26172812296710757
4386,0.4878,6,18,6,397944,207666,34335,73621,1.923617029160028,0.26172912363529066
4387,0.4879,2,10,2,397954,207656,34337,73619,1.9235243988291526,0.26173317927295353
4388,0.488,10,80,10,398034,207576,34347,73609,1.9227833561821484,0.26178138947667906
4389,0.4881,0,11,0,398045,207565,34347,73609,1.9226814628181852,0.26179163080512424
4390,0.4882,3,20,3,398065,207545,34350,73606,1.922496202156434,0.2618023766588061
4391,0.4883,70,354,70,398419,207191,34420,73536,1.9192170884434399,0.2619484410120865
4392,0.4884,0,1,0,398420,207190,34420,73536,1.9192078254103524,0.26194937412281016
4393,0.4885,1,40,1,398460,207150,34421,73535,1.9188373040868503,0.2619840746744571
4394,0.4886,3,9,3,398469,207141,34424,73532,1.9187539367890623,0.26198458704613553
4395,0.4887,5,45,5,398514,207096,34429,73527,1.9183371003001222,0.2620134486481864
4396,0.4888,4,34,4,398548,207062,34433,73523,1.9180221571751455,0.2620346775486929
4397,0.4889,0,11,0,398559,207051,34433,73523,1.9179202638111823,0.26204495070819106
4398,0.489,15,83,15,398642,206968,34448,73508,1.9171514320649152,0.26208303027710034
4399,0.4891,3,13,3,398655,206955,34451,73505,1.9170310126347772,0.2620872851743564
4400,0.4892,17,140,17,398795,206815,34468,73488,1.9157341880025196,0.26217343374847935
4401,0.4893,11,57,11,398852,206758,34479,73477,1.915206195116529,0.26219779827644657
4402,0.4894,1,11,1,398863,206747,34480,73476,1.915104301752566,0.2622054577961124
4403,0.4895,4,25,4,398888,206722,34484,73472,1.914872725925377,0.26221832016388646
4404,0.4896,2,10,2,398898,206712,34486,73470,1.9147800955945016,0.2622224125746836
4405,0.4897,7,32,7,398930,206680,34493,73463,1.9144836785356998,0.2622339305283373
4406,0.4898,4,25,4,398955,206655,34497,73459,1.9142521027085109,0.26224679951733937
4407,0.4899,0,7,0,398962,206648,34497,73459,1.914187261476898,0.26225335318289084
4408,0.49,515,2940,515,401902,203708,35012,72944,1.8869539441994887,0.263666989575351
4409,0.4901,1,3,1,401905,203705,35013,72943,1.886926155100226,0.2636671871837136
4410,0.4902,5,34,5,401939,203671,35018,72938,1.8866112119752492,0.2636862864187355
4411,0.4903,5,26,5,401965,203645,35023,72933,1.8863703731149728,0.2636977633795891
4412,0.4904,0,6,0,401971,203639,35023,72933,1.8863147949164474,0.2637034840837106
4413,0.4905,1,29,1,402000,203610,35024,72932,1.8860461669569084,0.26372847524065063
4414,0.4906,2,8,2,402008,203602,35026,72930,1.8859720626922079,0.26373077980125265
4415,0.4907,16,47,16,402055,203555,35042,72914,1.8855367001370928,0.26373300442364245
4416,0.4908,18,126,18,402181,203429,35060,72896,1.884369557968061,0.2638053017280376
4417,0.4909,1,6,1,402187,203423,35061,72895,1.8843139797695356,0.2638083657235504
4418,0.491,11,62,11,402249,203361,35072,72884,1.8837396717181074,0.26383825951600937
4419,0.4911,3,10,3,402259,203351,35075,72881,1.883647041387232,0.26383981580700283
4420,0.4912,5,35,5,402294,203316,35080,72876,1.8833228352291675,0.2638599235314564
4421,0.4913,5,29,5,402323,203287,35085,72871,1.8830542072696284,0.26387430384055505
4422,0.4914,0,8,0,402331,203279,35085,72871,1.882980103004928,0.263881948216549
4423,0.4915,5,42,5,402373,203237,35090,72866,1.8825910556152508,0.263908758687881
4424,0.4916,1,5,1,402378,203232,35091,72865,1.8825447404498128,0.263910871903715
4425,0.4917,62,428,62,402806,202804,35153,72803,1.8785801622883398,0.26415511942730047
4426,0.4918,5,25,5,402831,202779,35158,72798,1.8783485864611509,0.26416573226357787
4427,0.4919,1,11,1,402842,202768,35159,72797,1.8782466930971877,0.26417360695298747
4428,0.492,20,85,20,402927,202683,35179,72777,1.8774593352847457,0.2642016989762579
4429,0.4921,2,12,2,402939,202671,35181,72775,1.877348178887695,0.26420786651467076
4430,0.4922,2,15,2,402954,202656,35183,72773,1.8772092333913817,0.2642169125255511
4431,0.4923,7,34,7,402988,202622,35190,72766,1.8768942902664048,0.26423083068252795
4432,0.4924,3,10,3,402998,202612,35193,72763,1.8768016599355293,0.2642324103495234
4433,0.4925,36,330,36,403328,202282,35229,72727,1.8737448590166363,0.2644531633510176
4434,0.4926,1,10,1,403338,202272,35230,72726,1.8736522286857609,0.2644601051644012
4435,0.4927,10,48,10,403386,202224,35240,72716,1.8732076030975582,0.2644795228049756
4436,0.4928,1,20,1,403406,202204,35241,72715,1.8730223424358072,0.2644960879386292
4437,0.4929,2,20,2,403426,202184,35243,72713,1.872837081774056,0.26450998010163806
4438,0.493,7,54,7,403480,202130,35250,72706,1.8723368779873282,0.26454321850121526
4439,0.4931,0,8,0,403488,202122,35250,72706,1.8722627737226278,0.2645509191203225
4440,0.4932,1,32,1,403520,202090,35251,72705,1.871966356663826,0.2645790498371513
4441,0.4933,82,661,82,404181,201429,35333,72623,1.8658434917929527,0.2649971538248216
4442,0.4934,1,2,1,404183,201427,35334,72622,1.8658249657267776,0.26499640575225597
4443,0.4935,9,35,9,404218,201392,35343,72613,1.8655007595687132,0.26500611302713456
4444,0.4936,3,5,3,404223,201387,35346,72610,1.8654544444032755,0.26500290149162214
4445,0.4937,6,31,6,404254,201356,35352,72604,1.8651672903775611,0.26501679077237555
4446,0.4938,8,40,8,404294,201316,35360,72596,1.864796769054059,0.26503402552644645
4447,0.4939,0,11,0,404305,201305,35360,72596,1.864694875690096,0.26504466942435406
4448,0.494,21,135,21,404440,201170,35381,72575,1.8634443662232762,0.2651189976072622
4449,0.4941,0,10,0,404450,201160,35381,72575,1.8633517358924006,0.26512868285020186
4450,0.4942,22,141,22,404591,201019,35403,72553,1.8620456482270555,0.26520623455616804
4451,0.4943,10,64,10,404655,200955,35413,72543,1.861452814109452,0.26524142772524845
4452,0.4944,2,6,2,404661,200949,35415,72541,1.8613972359109268,0.26524187356027645
4453,0.4945,1,27,1,404688,200922,35416,72540,1.8611471340175627,0.26526537507953574
4454,0.4946,1,7,1,404695,200915,35417,72539,1.8610822927859498,0.26526947859603445
4455,0.4947,6,35,6,404730,200880,35423,72533,1.8607580866278854,0.2652873126003518
4456,0.4948,2,24,2,404754,200856,35425,72531,1.8605357738337842,0.2653052266567174
4457,0.4949,1,5,1,404759,200851,35426,72530,1.8604894586683465,0.2653073915158698
4458,0.495,199,1207,199,405966,199644,35625,72331,1.8493089777316685,0.2659472377975917
4459,0.4951,1,2,1,405968,199642,35626,72330,1.8492904516654933,0.2659464944920801
4460,0.4952,0,20,0,405988,199622,35626,72330,1.8491051910037422,0.26596605283285285
4461,0.4953,2,33,2,406021,199589,35628,72328,1.848799510911853,0.2659929316666483
4462,0.4954,4,20,4,406041,199569,35632,72324,1.848614250250102,0.2660016991978462
4463,0.4955,0,34,0,406075,199535,35632,72324,1.848299307125125,0.2660349666555089
4464,0.4956,2,12,2,406087,199523,35634,72322,1.8481881507280744,0.266041310305505
4465,0.4957,12,59,12,406146,199464,35646,72310,1.8476416317759088,0.2660666583264036
4466,0.4958,22,143,22,406289,199321,35668,72288,1.8463170180443884,0.2661472926154877
4467,0.4959,2,4,2,406293,199317,35670,72286,1.8462799659120381,0.2661458084041782
4468,0.496,12,123,12,406416,199194,35682,72274,1.8451406128422692,0.2662339575935285
4469,0.4961,1,17,1,406433,199177,35683,72273,1.8449831412797806,0.2662479277951741
4470,0.4962,6,34,6,406467,199143,35689,72267,1.8446681981548039,0.26626506024096386
4471,0.4963,4,21,4,406488,199122,35693,72263,1.8444736744599652,0.26627484938371687
4472,0.4964,1,7,1,406495,199115,35694,72262,1.8444088332283524,0.26627901406530396
4473,0.4965,13,31,13,406526,199084,35707,72249,1.844121679202638,0.2662742828922394
4474,0.4966,0,7,0,406533,199077,35707,72249,1.8440568379710252,0.26628115256186285
4475,0.4967,105,638,105,407171,198439,35812,72144,1.8381470228611656,0.26662428903515745
4476,0.4968,7,17,7,407188,198422,35819,72137,1.8379895512986772,0.2666220676451347
4477,0.4969,1,6,1,407194,198416,35820,72136,1.8379339731001518,0.26662526981874096
4478,0.497,8,53,8,407247,198363,35828,72128,1.8374430323465116,0.26665582219001743
4479,0.4971,2,19,2,407266,198344,35830,72126,1.837267034717848,0.26666913151181276
4480,0.4972,3,14,3,407280,198330,35833,72123,1.8371373522546222,0.26667480116693104
4481,0.4973,11,66,11,407346,198264,35844,72112,1.8365259920708437,0.26671006302334527
4482,0.4974,0,12,0,407358,198252,35844,72112,1.836414835673793,0.26672190084478703
4483,0.4975,68,330,68,407688,197922,35912,72044,1.8333580347549001,0.2668632346295459
4484,0.4976,1,6,1,407694,197916,35913,72043,1.833302456556375,0.2668664500905693
4485,0.4977,10,28,10,407722,197888,35923,72033,1.8330430916299234,0.26686697218815875
4486,0.4978,4,12,4,407734,197876,35927,72029,1.8329319352328726,0.26686797206424484
4487,0.4979,2,17,2,407751,197859,35929,72027,1.8327744636703842,0.26687934905849137
4488,0.498,16,86,16,407837,197773,35945,72011,1.8319778428248545,0.2669209441627376
4489,0.4981,1,5,1,407842,197768,35946,72010,1.8319315276594168,0.2669231738688848
4490,0.4982,5,33,5,407875,197735,35951,72005,1.8316258475675276,0.2669422406762067
4491,0.4983,51,370,51,408245,197365,36002,71954,1.8281985253251325,0.26717015880795636
4492,0.4984,2,4,2,408249,197361,36004,71952,1.8281614731927822,0.2671686847645676
4493,0.4985,7,30,7,408279,197331,36011,71945,1.8278835822001556,0.2671793995751571
4494,0.4986,4,18,4,408297,197313,36015,71941,1.8277168476045798,0.26718637420428293
4495,0.4987,3,29,3,408326,197284,36018,71938,1.8274482196450406,0.2672069890276426
4496,0.4988,5,34,5,408360,197250,36023,71933,1.8271332765200636,0.26722712801328463
4497,0.4989,0,4,0,408364,197246,36023,71933,1.8270962243877136,0.2672310990084665
4498,0.499,13,88,13,408452,197158,36036,71920,1.8262810774760088,0.2672830926348494
4499,0.4991,1,4,1,408456,197154,36037,71919,1.8262440253436585,0.26728434291065994
4500,0.4992,26,147,26,408603,197007,36063,71893,1.824882359479788,0.26735961323912233
4501,0.4993,9,60,9,408663,196947,36072,71884,1.8243265774945348,0.26739475730105533
4502,0.4994,2,10,2,408673,196937,36074,71882,1.8242339471636593,0.2673992537729848
4503,0.4995,2,31,2,408704,196906,36076,71880,1.8239467931379452,0.2674246426525191
4504,0.4996,3,16,3,408720,196890,36079,71877,1.8237985846085443,0.26743238567234817
4505,0.4997,4,23,4,408743,196867,36083,71873,1.8235855348475305,0.26744437002307064
4506,0.4998,7,21,7,408764,196846,36090,71866,1.8233910111526919,0.2674461877400339
4507,0.4999,0,8,0,408772,196838,36090,71866,1.8233169068879913,0.2674541502917709
4508,0.5,507,2883,507,411655,193955,36597,71359,1.7966115824965727,0.26896055240205946
4509,0.5001,2,7,2,411662,193948,36599,71357,1.7965467412649598,0.26896213791673734
4510,0.5002,3,18,3,411680,193930,36602,71354,1.7963800066693838,0.26897212044450475
4511,0.5003,6,30,6,411710,193900,36608,71348,1.7961021156767571,0.26898600554952345
4512,0.5004,1,4,1,411714,193896,36609,71347,1.7960650635444069,0.26898730597979964
4513,0.5005,2,27,2,411741,193869,36611,71345,1.795814961651043,0.26900917749440073
4514,0.5006,0,3,0,411744,193866,36611,71345,1.7957871725517804,0.26901222045842743
4515,0.5007,9,54,9,411798,193812,36620,71336,1.7952869687650523,0.26904219530224627
4516,0.5008,24,119,24,411917,193693,36644,71312,1.7941846678276334,0.2690968094941605
4517,0.5009,2,10,2,411927,193683,36646,71310,1.794092037496758,0.26910144796277635
4518,0.501,14,74,14,412001,193609,36660,71296,1.7934065730482789,0.2691379928653668
4519,0.5011,1,13,1,412014,193596,36661,71295,1.7932861536181408,0.26914844218942885
4520,0.5012,3,26,3,412040,193570,36664,71292,1.7930453147578642,0.2691665848630608
4521,0.5013,6,42,6,412082,193528,36670,71286,1.792656267368187,0.26919271639716935
4522,0.5014,0,8,0,412090,193520,36670,71286,1.7925821631034866,0.26920084892336277
4523,0.5015,3,44,3,412134,193476,36673,71283,1.7921745896476342,0.2692373063805196
4524,0.5016,0,4,0,412138,193472,36673,71283,1.792137537515284,0.2692413741005836
4525,0.5017,61,385,61,412523,193087,36734,71222,1.7885712697765757,0.26946490660552613
4526,0.5018,2,25,2,412548,193062,36736,71220,1.7883396939493867,0.26948486843598884
4527,0.5019,0,9,0,412557,193053,36736,71220,1.7882563266515987,0.26949404592977716
4528,0.502,17,79,17,412636,192974,36753,71203,1.787524547037682,0.26952762731047747
4529,0.5021,3,8,3,412644,192966,36756,71200,1.7874504427729816,0.2695274940756948
4530,0.5022,2,18,2,412662,192948,36758,71198,1.7872837081774056,0.26954032996903227
4531,0.5023,9,44,9,412706,192904,36767,71189,1.7868761347215532,0.2695603442726615
4532,0.5024,1,10,1,412716,192894,36768,71188,1.7867835043906777,0.26956778576351287
4533,0.5025,61,312,61,413028,192582,36829,71127,1.7838934380673608,0.26971775707313744
4534,0.5026,1,14,1,413042,192568,36830,71126,1.783763755604135,0.26972930745485296
4535,0.5027,4,45,4,413087,192523,36834,71122,1.7833469191151952,0.2697642663429991
4536,0.5028,2,13,2,413100,192510,36836,71120,1.7832264996850569,0.26977202898000985
4537,0.5029,7,19,7,413119,192491,36843,71113,1.7830505020563934,0.2697720823659732
4538,0.503,12,54,12,413173,192437,36855,71101,1.7825502982696655,0.2697941093883994
4539,0.5031,1,14,1,413187,192423,36856,71100,1.7824206158064397,0.2698056716112066
4540,0.5032,6,27,6,413214,192396,36862,71094,1.7821705139130757,0.26981669133553454
4541,0.5033,110,623,110,413837,191773,36972,70984,1.7763996442995293,0.27015074764896846
4542,0.5034,0,5,0,413842,191768,36972,70984,1.7763533291340916,0.27015588844233346
4543,0.5035,2,35,2,413877,191733,36974,70982,1.7760291229760272,0.2701863235825895
4544,0.5036,3,10,3,413887,191723,36977,70979,1.7759364926451517,0.2701882741661655
4545,0.5037,4,22,4,413909,191701,36981,70975,1.7757327059172254,0.27019978985518284
4546,0.5038,4,29,4,413938,191672,36985,70971,1.7754640779576865,0.27021850953575766
4547,0.5039,0,4,0,413942,191668,36985,70971,1.7754270258253362,0.2702226249719196
4548,0.504,21,123,21,414065,191545,37006,70950,1.774287672755567,0.2702908626830987
4549,0.5041,2,12,2,414077,191533,37008,70948,1.7741765163585164,0.2702976596401263
4550,0.5042,23,142,23,414219,191391,37031,70925,1.7728611656600837,0.2703799996950243
4551,0.5043,13,40,13,414259,191351,37044,70912,1.7724906443365815,0.27038507147405466
4552,0.5044,2,12,2,414271,191339,37046,70910,1.772379487939531,0.270391879473325
4553,0.5045,3,17,3,414288,191322,37049,70907,1.7722220163770426,0.27040106166747385
4554,0.5046,0,10,0,414298,191312,37049,70907,1.7721293860461669,0.2704113736990836
4555,0.5047,8,49,8,414347,191263,37057,70899,1.7716754974248767,0.27043965181834134
4556,0.5048,4,16,4,414363,191247,37061,70895,1.7715272888954758,0.27044502597828657
4557,0.5049,1,3,1,414366,191244,37062,70894,1.7714994997962132,0.27044533795176584
4558,0.505,202,1183,202,415549,190061,37264,70692,1.7605413316536367,0.27110713970692574
4559,0.5051,0,4,0,415553,190057,37264,70692,1.7605042795212864,0.271111298605172
4560,0.5052,7,20,7,415573,190037,37271,70685,1.7603190188595355,0.2711125259855325
4561,0.5053,3,26,3,415599,190011,37274,70682,1.7600781799992589,0.2711311772851592
4562,0.5054,1,4,1,415603,190007,37275,70681,1.7600411278669088,0.2711325415822746
4563,0.5055,6,28,6,415631,189979,37281,70675,1.7597817629404573,0.27114488939360226
4564,0.5056,0,9,0,415640,189970,37281,70675,1.7596983956426693,0.2711542519518886
4565,0.5057,9,58,9,415698,189912,37290,70666,1.7591611397235911,0.2711894327226397
4566,0.5058,25,109,25,415807,189803,37315,70641,1.7581514691170477,0.27123297138732316
4567,0.5059,1,4,1,415811,189799,37316,70640,1.7581144169846974,0.27123433894309223
4568,0.506,30,161,30,415972,189638,37346,70610,1.7566230686576012,0.27131812732470567
4569,0.5061,1,12,1,415984,189626,37347,70609,1.7565119122605506,0.27132783829999807
4570,0.5062,2,22,2,416006,189604,37349,70607,1.7563081255326245,0.27134517756743565
4571,0.5063,4,32,4,416038,189572,37353,70603,1.7560117084738227,0.271367348899779
4572,0.5064,2,11,2,416049,189561,37355,70601,1.7559098151098596,0.27137322130057423
4573,0.5065,5,31,5,416080,189530,37360,70596,1.7556226610841454,0.27139155639959095
4574,0.5066,0,5,0,416085,189525,37360,70596,1.7555763459187077,0.27139677304023896
4575,0.5067,128,575,128,416660,188950,37488,70468,1.750250101893364,0.27163882228681124
4576,0.5068,3,23,3,416683,188927,37491,70465,1.7500370521323503,0.27165448433259315
4577,0.5069,2,11,2,416694,188916,37493,70463,1.7499351587683871,0.2716603888518346
4578,0.507,11,53,11,416747,188863,37504,70452,1.7494442180147467,0.2716850162929256
4579,0.5071,2,24,2,416771,188839,37506,70450,1.7492219052206455,0.27170454589280685
4580,0.5072,2,14,2,416785,188825,37508,70448,1.7490922227574197,0.2717135991792435
4581,0.5073,16,54,16,416839,188771,37524,70432,1.7485920189706918,0.271725250093556
4582,0.5074,2,14,2,416853,188757,37526,70430,1.748462336507466,0.27173430766203555
4583,0.5075,55,320,55,417173,188437,37581,70375,1.7454981659194486,0.2719155216914208
4584,0.5076,2,10,2,417183,188427,37583,70373,1.7454055355885731,0.27192040185471406
4585,0.5077,4,38,4,417221,188389,37587,70369,1.7450535403312462,0.2719490798352128
4586,0.5078,1,25,1,417246,188364,37588,70368,1.7448219645040572,0.2719725430174853
4587,0.5079,3,13,3,417259,188351,37591,70365,1.744701545073919,0.27197776712688815
4588,0.508,15,91,15,417350,188260,37606,70350,1.7438586090629515,0.2720312439580836
4589,0.5081,4,5,4,417355,188255,37610,70346,1.7438122938975138,0.27202524352187346
4590,0.5082,3,24,3,417379,188231,37613,70343,1.7435899811034126,0.27204204599070286
4591,0.5083,78,346,78,417725,187885,37691,70265,1.7403849716551187,0.27218671315126863
4592,0.5084,1,7,1,417732,187878,37692,70264,1.7403201304235059,0.2721912745698104
4593,0.5085,10,23,10,417755,187855,37702,70254,1.740107080662492,0.2721873317086967
4594,0.5086,0,15,0,417770,187840,37702,70254,1.7399681351661789,0.2722031507900222
4595,0.5087,6,38,6,417808,187802,37708,70248,1.7396161399088517,0.27222631273009107
4596,0.5088,7,26,7,417834,187776,37715,70241,1.7393753010485753,0.2722340000852657
4597,0.5089,0,8,0,417842,187768,37715,70241,1.739301196783875,0.2722424411551535
4598,0.509,16,51,16,417893,187717,37731,70225,1.7388287820964097,0.27225112622217396
4599,0.5091,0,1,0,417894,187716,37731,70225,1.738819519063322,0.2722521817004664
4600,0.5092,32,138,32,418032,187578,37763,70193,1.7375412204972396,0.27230759084613865
4601,0.5093,8,51,8,418083,187527,37771,70185,1.7370688058097743,0.2723388899236357
4602,0.5094,0,6,0,418089,187521,37771,70185,1.737013227611249,0.2723452306116272
4603,0.5095,3,28,3,418117,187493,37774,70182,1.7367538626847976,0.272366352964005
4604,0.5096,0,7,0,418124,187486,37774,70182,1.7366890214531847,0.2723737522703634
4605,0.5097,7,36,7,418160,187450,37781,70175,1.7363555522620326,0.27239204269771955
4606,0.5098,2,14,2,418174,187436,37783,70173,1.7362258697988069,0.2724011971631426
4607,0.5099,1,16,1,418190,187420,37784,70172,1.736077661269406,0.2724152924003851
4608,0.51,524,2960,524,421150,184460,38308,69648,1.7086590833302457,0.27408818297731674
4609,0.5101,1,5,1,421155,184455,38309,69647,1.7086127681648078,0.2740907194748566
4610,0.5102,9,26,9,421181,184429,38318,69638,1.7083719293045314,0.274093054194366
4611,0.5103,5,28,5,421209,184401,38323,69633,1.70811256437808,0.2741089775384397
4612,0.5104,3,10,3,421219,184391,38326,69630,1.7080199340472044,0.27411119553107816
4613,0.5105,1,25,1,421244,184366,38327,69629,1.7077883582200155,0.27413531762436266
4614,0.5106,0,10,0,421254,184356,38327,69629,1.70769572788914,0.27414611099080655
4615,0.5107,9,67,9,421321,184289,38336,69620,1.7070751046722739,0.2741927225895892
4616,0.5108,27,129,27,421450,184160,38363,69593,1.7058801734039795,0.2742548856565243
4617,0.5109,3,3,3,421453,184157,38366,69590,1.7058523843047166,0.2742495477779048
4618,0.511,18,91,18,421544,184066,38384,69572,1.7050094482937492,0.27429643823086447
4619,0.5111,0,3,0,421547,184063,38384,69572,1.7049816591944866,0.2742996826147811
4620,0.5112,6,23,6,421570,184040,38390,69566,1.7047686094334729,0.2743073902037018
4621,0.5113,4,36,4,421606,184004,38394,69562,1.704435140242321,0.27433488716941545
4622,0.5114,2,6,2,421612,183998,38396,69560,1.7043795620437956,0.27433565495862877
4623,0.5115,2,29,2,421641,183969,38398,69558,1.7041109340842566,0.2743613106296371
4624,0.5116,0,6,0,421647,183963,38398,69558,1.7040553558857312,0.2743678038505686
4625,0.5117,66,365,66,422012,183598,38464,69492,1.7006743488087739,0.2745742621201944
4626,0.5118,4,21,4,422033,183577,38468,69488,1.7004798251139353,0.27458558077964157
4627,0.5119,2,6,2,422039,183571,38470,69486,1.70042424691541,0.27458635801420234
4628,0.512,17,98,17,422137,183473,38487,69469,1.6995164696728298,0.2746439895311969
4629,0.5121,1,16,1,422153,183457,38488,69468,1.6993682611434289,0.2746584956014629
4630,0.5122,5,16,5,422169,183441,38493,69463,1.699220052614028,0.2746615316483725
4631,0.5123,7,34,7,422203,183407,38500,69456,1.698905109489051,0.2746783831560964
4632,0.5124,0,6,0,422209,183401,38500,69456,1.6988495312905258,0.27468490095192144
4633,0.5125,52,310,52,422519,183091,38552,69404,1.6959779910333839,0.274872769757817
4634,0.5126,2,8,2,422527,183083,38554,69402,1.6959038867686835,0.2748757351921896
4635,0.5127,8,50,8,422577,183033,38562,69394,1.695440735114306,0.2749072008937237
4636,0.5128,4,17,4,422594,183016,38566,69390,1.6952832635518174,0.2749142254938472
4637,0.5129,1,20,1,422614,182996,38567,69389,1.6950980028900664,0.2749331378647701
4638,0.513,9,47,9,422661,182949,38576,69380,1.6946626403349512,0.27495848673755297
4639,0.5131,2,8,2,422669,182941,38578,69378,1.6945885360702508,0.2749614575200441
4640,0.5132,7,26,7,422695,182915,38585,69371,1.6943476972099745,0.27496967727103366
4641,0.5133,94,617,94,423312,182298,38679,69277,1.6886324057949536,0.27537314916029015
4642,0.5134,0,6,0,423318,182292,38679,69277,1.6885768275964281,0.27537971689675594
4643,0.5135,13,29,13,423347,182263,38692,69264,1.6883081996368892,0.2753740155132451
4644,0.5136,2,19,2,423366,182244,38694,69262,1.6881322020082257,0.2753890563247
4645,0.5137,4,23,4,423389,182221,38698,69258,1.687919152247212,0.27540271752313317
4646,0.5138,6,20,6,423409,182201,38704,69252,1.6877338915854607,0.27540733258302746
4647,0.5139,3,10,3,423419,182191,38707,69249,1.6876412612545852,0.2754096404708877
4648,0.514,22,126,22,423545,182065,38729,69227,1.6864741190855534,0.2754842971523168
4649,0.5141,0,13,0,423558,182052,38729,69227,1.6863536996554152,0.27549854942116137
4650,0.5142,33,121,33,423679,181931,38762,69194,1.685232872651821,0.275536087605774
4651,0.5143,12,54,12,423733,181877,38774,69182,1.6847326688650932,0.2755607247698748
4652,0.5144,0,5,0,423738,181872,38774,69182,1.6846863536996555,0.27556621284663857
4653,0.5145,9,25,9,423763,181847,38783,69173,1.6844547778724666,0.27556768384989244
4654,0.5146,1,9,1,423772,181838,38784,69172,1.6843714105746785,0.27557467829966936
4655,0.5147,5,32,5,423804,181806,38789,69167,1.6840749935158768,0.27559538277025813
4656,0.5148,3,27,3,423831,181779,38792,69164,1.683824891622513,0.2756163750333741
4657,0.5149,2,6,2,423837,181773,38794,69162,1.6837693134239875,0.2756171917030307
4658,0.515,240,1088,240,424925,180685,39034,68922,1.6736911334247286,0.27612206388442634
4659,0.5151,1,11,1,424936,180674,39035,68921,1.6735892400607655,0.2761313327590697
4660,0.5152,7,30,7,424966,180644,39042,68914,1.6733113490681388,0.2761442229862397
4661,0.5153,4,37,4,425003,180607,39046,68910,1.6729686168438993,0.2761735673320856
4662,0.5154,2,9,2,425012,180598,39048,68908,1.6728852495461113,0.2761777271889253
4663,0.5155,4,24,4,425036,180574,39052,68904,1.67266293675201,0.27619269033742455
4664,0.5156,2,6,2,425042,180568,39054,68902,1.6726073585534849,0.2761935302842025
4665,0.5157,10,57,10,425099,180511,39064,68892,1.6720793656674942,0.27622763158422314
4666,0.5158,20,122,20,425221,180389,39084,68872,1.6709492756308126,0.276304756861282
4667,0.5159,0,1,0,425222,180388,39084,68872,1.670940012597725,0.27630586536146995
4668,0.516,17,127,17,425349,180261,39101,68855,1.6697636073956057,0.2763973409977681
4669,0.5161,1,8,1,425357,180253,39102,68854,1.6696895031309051,0.2764033126327241
4670,0.5162,3,24,3,425381,180229,39105,68851,1.669467190336804,0.27642123012686687
4671,0.5163,4,29,4,425410,180200,39109,68847,1.6691985623772647,0.2764417961268355
4672,0.5164,0,13,0,425423,180187,39109,68847,1.6690781429471266,0.2764562268605893
4673,0.5165,5,22,5,425445,180165,39114,68842,1.6688743562192003,0.27646612344231286
4674,0.5166,4,6,4,425451,180159,39118,68838,1.6688187780206751,0.2764611621826769
4675,0.5167,130,604,130,426055,179555,39248,68708,1.6632239060357923,0.27675489299653994
4676,0.5168,5,19,5,426074,179536,39253,68703,1.6630479084071288,0.2767615080627943
4677,0.5169,3,5,3,426079,179531,39256,68700,1.663001593241691,0.2767583420281915
4678,0.517,8,39,8,426118,179492,39264,68692,1.6626403349512764,0.2767785191632015
4679,0.5171,2,20,2,426138,179472,39266,68690,1.6624550742895254,0.2767949968165956
4680,0.5172,4,20,4,426158,179452,39270,68686,1.6622698136277743,0.2768056484698031
4681,0.5173,6,49,6,426207,179403,39276,68680,1.6618159250064841,0.27684283082677974
4682,0.5174,0,9,0,426216,179394,39276,68680,1.661732557708696,0.2768528745454985
4683,0.5175,51,299,51,426515,179095,39327,68629,1.6589629108155175,0.2770381553664562
4684,0.5176,1,13,1,426528,179082,39328,68628,1.6588424913853792,0.27704977594768077
4685,0.5177,4,40,4,426568,179042,39332,68624,1.658471970061877,0.2770828454450752
4686,0.5178,1,21,1,426589,179021,39333,68623,1.6582774463670384,0.2771034226551017
4687,0.5179,0,9,0,426598,179012,39333,68623,1.6581940790692504,0.2771134936499283
4688,0.518,16,83,16,426681,178929,39349,68607,1.6574252473229834,0.27715968586387435
4689,0.5181,0,3,0,426684,178926,39349,68607,1.6573974582237208,0.277163044927343
4690,0.5182,7,23,7,426707,178903,39356,68600,1.657184408462707,0.277168357555262
4691,0.5183,67,358,67,427065,178545,39423,68533,1.6538682426173625,0.27737394668889986
4692,0.5184,2,3,2,427068,178542,39425,68531,1.6538404535181,0.27737146511354943
4693,0.5185,9,26,9,427094,178516,39434,68522,1.6535996146578236,0.27737433107457155
4694,0.5186,3,10,3,427104,178506,39437,68519,1.653506984326948,0.2773767837263435
4695,0.5187,7,30,7,427134,178476,39444,68512,1.6532290933343214,0.2773899946556108
4696,0.5188,6,26,6,427160,178450,39450,68506,1.652988254474045,0.27740164239783605
4697,0.5189,1,9,1,427169,178441,39451,68505,1.652904887176257,0.2774088262211172
4698,0.519,10,95,10,427264,178346,39461,68495,1.6520248990329394,0.2774863171029124
4699,0.5191,2,3,2,427267,178343,39463,68493,1.6519971099336768,0.2774838354210893
4700,0.5192,17,137,17,427404,178206,39480,68476,1.6507280744006818,0.27758814992581543
4701,0.5193,8,70,8,427474,178136,39488,68468,1.650079662084553,0.277643509432126
4702,0.5194,0,6,0,427480,178130,39488,68468,1.6500240838860276,0.2776502648034453
4703,0.5195,7,36,7,427516,178094,39495,68461,1.6496906146948758,0.2776702966883657
4704,0.5196,3,8,3,427524,178086,39498,68458,1.6496165104301752,0.27767051723019015
4705,0.5197,4,42,4,427566,178044,39502,68454,1.649227463040498,0.2777061071489424
4706,0.5198,6,22,6,427588,178022,39508,68448,1.6490236763125719,0.27771331196494503
4707,0.5199,1,4,1,427592,178018,39509,68447,1.6489866241802216,0.2777148885237255
4708,0.52,532,2750,532,430342,175268,40041,67915,1.6235132831894477,0.2792752782883672
4709,0.5201,0,8,0,430350,175260,40041,67915,1.623439178924747,0.2792844659196052
4710,0.5202,3,27,3,430377,175233,40044,67912,1.6231890770313833,0.2793065866047009
4711,0.5203,5,26,5,430403,175207,40049,67907,1.6229482381711067,0.27932163511768143
4712,0.5204,1,11,1,430414,175196,40050,67906,1.6228463448071437,0.27933130949148915
4713,0.5205,2,19,2,430433,175177,40052,67904,1.62267034717848,0.27934721348028024
4714,0.5206,1,12,1,430445,175165,40053,67903,1.6225591907814294,0.27935803972550893
4715,0.5207,8,53,8,430498,175112,40061,67895,1.6220682500277892,0.27939524375841024
4716,0.5208,26,125,26,430623,174987,40087,67869,1.6209103708918449,0.27946190335013343
4717,0.5209,2,2,2,430625,174985,40089,67867,1.6208918448256697,0.2794582708810304
4718,0.521,17,59,17,430684,174926,40106,67850,1.620345325873504,0.2794757307147329
4719,0.5211,2,8,2,430692,174918,40108,67848,1.6202712216088035,0.27947900447344354
4720,0.5212,3,16,3,430708,174902,40111,67845,1.6201230130794027,0.27948852097039306
4721,0.5213,7,41,7,430749,174861,40118,67838,1.619743228722813,0.2795149547381736
4722,0.5214,4,7,4,430756,174854,40122,67834,1.6196783874912002,0.27951114187763715
4723,0.5215,6,21,6,430777,174833,40128,67828,1.6194838637963616,0.27951751620573556
4724,0.5216,1,0,1,430777,174833,40129,67827,1.6194838637963616,0.2795145471029424
4725,0.5217,71,330,71,431107,174503,40200,67756,1.6164270628774686,0.2796841397017242
4726,0.5218,6,17,6,431124,174486,40206,67750,1.6162695913149803,0.27968592612163345
4727,0.5219,1,11,1,431135,174475,40207,67749,1.6161676979510171,0.27969565360988174
4728,0.522,21,84,21,431219,174391,40228,67728,1.6153896031716626,0.2797302153073489
4729,0.5221,4,15,4,431234,174376,40232,67724,1.6152506576753491,0.27973564642709625
4730,0.5222,1,20,1,431254,174356,40233,67723,1.6150653970135982,0.2797557822033303
4731,0.5223,5,31,5,431285,174325,40238,67718,1.6147782429878839,0.27977673388612767
4732,0.5224,4,12,4,431297,174313,40242,67714,1.6146670865908332,0.2797787023761812
4733,0.5225,58,277,58,431574,174036,40300,67656,1.6121012264255807,0.27992651804776325
4734,0.5226,2,14,2,431588,174022,40302,67654,1.611971543962355,0.27993677485559176
4735,0.5227,11,47,11,431635,173975,40313,67643,1.61153618140724,0.2799584468044599
4736,0.5228,2,18,2,431653,173957,40315,67641,1.611369446811664,0.2799733441501999
4737,0.5229,4,17,4,431670,173940,40319,67637,1.6112119752491756,0.2799811240308473
4738,0.523,7,58,7,431728,173882,40326,67630,1.6106747193300974,0.280027493457882
4739,0.5231,0,7,0,431735,173875,40326,67630,1.6106098780984845,0.28003561002877786
4740,0.5232,6,26,6,431761,173849,40332,67624,1.6103690392382082,0.2800478728470678
4741,0.5233,110,584,110,432345,173265,40442,67514,1.6049594279150765,0.28039820748487204
4742,0.5234,2,2,2,432347,173263,40444,67512,1.6049409018489014,0.28039455923580103
4743,0.5235,4,33,4,432380,173230,40448,67508,1.6046352217570121,0.28042103863951684
4744,0.5236,1,8,1,432388,173222,40449,67507,1.6045611174923118,0.28042736853474237
4745,0.5237,4,31,4,432419,173191,40453,67503,1.6042739634665975,0.280451527665833
4746,0.5238,5,21,5,432440,173170,40458,67498,1.6040794397717588,0.2804610500772849
4747,0.5239,2,9,2,432449,173161,40460,67496,1.6039960724739708,0.2804655588659378
4748,0.524,21,121,21,432570,173040,40481,67475,1.6028752454703767,0.28054383302496727
4749,0.5241,0,2,0,432572,173038,40481,67475,1.6028567194042016,0.2805461659037141
4750,0.5242,21,140,21,432712,172898,40502,67454,1.601559894771944,0.28064671814671815
4751,0.5243,6,44,6,432756,172854,40508,67448,1.6011523213160916,0.28068014415194215
4752,0.5244,3,6,3,432762,172848,40511,67445,1.6010967431175664,0.2806781720649374
4753,0.5245,5,22,5,432784,172826,40516,67440,1.6008929563896401,0.2806889031323616
4754,0.5246,3,10,3,432794,172816,40519,67437,1.6008003260587647,0.2806916042671684
4755,0.5247,5,36,5,432830,172780,40524,67432,1.6004668568676128,0.2807186984830067
4756,0.5248,3,18,3,432848,172762,40527,67429,1.6003001222720368,0.28073075177671103
4757,0.5249,0,9,0,432857,172753,40527,67429,1.6002167549742488,0.2807412712026713
4758,0.525,229,1103,229,433960,171650,40756,67200,1.5899996294786765,0.2813481264391878
4759,0.5251,1,6,1,433966,171644,40757,67199,1.5899440512801513,0.28135218532676276
4760,0.5252,3,24,3,433990,171620,40760,67196,1.5897217384860498,0.2813714323998392
4761,0.5253,5,28,5,434018,171592,40765,67191,1.5894623735595983,0.281389378640858
4762,0.5254,3,6,3,434024,171586,40768,67188,1.589406795361073,0.2813874207409517
4763,0.5255,6,25,6,434049,171561,40774,67182,1.5891752195338842,0.281398826353024
4764,0.5256,2,15,2,434064,171546,40776,67180,1.589036274037571,0.28141048733694696
4765,0.5257,11,38,11,434102,171508,40787,67169,1.5886842787802438,0.28142217306233946
4766,0.5258,24,120,24,434222,171388,40811,67145,1.5875727148097374,0.2814914498203603
4767,0.5259,0,11,0,434233,171377,40811,67145,1.5874708214457742,0.2815044314570564
4768,0.526,26,105,26,434338,171272,40837,67119,1.586498202971581,0.2815500585173098
4769,0.5261,0,13,0,434351,171259,40837,67119,1.5863777835414428,0.2815654129156214
4770,0.5262,6,30,6,434381,171229,40843,67113,1.5860998925488161,0.281582767619639
4771,0.5263,5,24,5,434405,171205,40848,67108,1.5858775797547149,0.2815960522506116
4772,0.5264,1,10,1,434415,171195,40849,67107,1.5857849494238394,0.28160485434448723
4773,0.5265,6,29,6,434444,171166,40855,67101,1.5855163214643002,0.2816210385827664
4774,0.5266,2,3,2,434447,171163,40857,67099,1.5854885323650376,0.2816185543645231
4775,0.5267,99,625,99,435072,170538,40956,67000,1.5796991366853161,0.28206013353652887
4776,0.5268,3,14,3,435086,170524,40959,66997,1.5795694542220904,0.28206769085680844
4777,0.5269,2,8,2,435094,170516,40961,66995,1.57949534995739,0.28207114617849277
4778,0.527,13,44,13,435138,170472,40974,66982,1.5790877765015376,0.28208410892214913
4779,0.5271,1,22,1,435160,170450,40975,66981,1.5788839897736116,0.2821072227299721
4780,0.5272,9,20,9,435180,170430,40984,66972,1.5786987291118604,0.2821037733464756
4781,0.5273,6,45,6,435225,170385,40990,66966,1.5782818926229205,0.28213911043138645
4782,0.5274,3,8,3,435233,170377,40993,66963,1.57820778835822,0.28213954664194824
4783,0.5275,54,316,54,435549,170061,41047,66909,1.575280669902553,0.28235219648056714
4784,0.5276,2,10,2,435559,170051,41049,66907,1.5751880395716773,0.2823580550139687
4785,0.5277,8,34,8,435593,170017,41057,66899,1.5748730964467006,0.28237434364922587
4786,0.5278,2,14,2,435607,170003,41059,66897,1.5747434139834748,0.2823849725622626
4787,0.5279,3,19,3,435626,169984,41062,66894,1.5745674163548111,0.2823985342665845
4788,0.528,18,95,18,435721,169889,41080,66876,1.5736874282114937,0.2824572888729331
4789,0.5281,4,5,4,435726,169884,41084,66872,1.5736411130460557,0.28245113112233694
4790,0.5282,4,26,4,435752,169858,41088,66868,1.5734002741857793,0.28247002864070697
4791,0.5283,71,340,71,436092,169518,41159,66797,1.570250842936011,0.28266085521443834
4792,0.5284,0,6,0,436098,169512,41159,66797,1.5701952647374857,0.2826680321104994
4793,0.5285,9,27,9,436125,169485,41168,66788,1.5699451628441217,0.28267300961176267
4794,0.5286,2,14,2,436139,169471,41170,66786,1.569815480380896,0.28268368767909524
4795,0.5287,8,26,8,436165,169445,41178,66778,1.5695746415206195,0.2826905085448919
4796,0.5288,10,29,10,436194,169416,41188,66768,1.5693060135610803,0.28269484808454426
4797,0.5289,0,3,0,436197,169413,41188,66768,1.5692782244618178,0.2826984389091417
4798,0.529,11,92,11,436289,169321,41199,66757,1.5684260254177629,0.28277518447292843
4799,0.5291,1,5,1,436294,169316,41200,66756,1.568379710252325,0.2827781354840896
4800,0.5292,22,126,22,436420,169190,41222,66734,1.5672125680832931,0.28286227768264355
4801,0.5293,3,51,3,436471,169139,41225,66731,1.5667401533958278,0.28291431720863186
4802,0.5294,0,2,0,436473,169137,41225,66731,1.566721627329653,0.2829167161293605
4803,0.5295,6,32,6,436505,169105,41231,66725,1.5664252102708511,0.2829368612983929
4804,0.5296,2,12,2,436517,169093,41233,66723,1.5663140538738005,0.2829451775960919
4805,0.5297,8,44,8,436561,169049,41241,66715,1.565906480417948,0.2829736516177194
4806,0.5298,1,22,1,436583,169027,41242,66714,1.5657026936900218,0.28299701791372733
4807,0.5299,1,8,1,436591,169019,41243,66713,1.5656285894253215,0.28300358033699285
4808,0.53,512,2767,512,439358,166252,41755,66201,1.539997776872059,0.28479305494013846
4809,0.5301,0,2,0,439360,166250,41755,66201,1.5399792508058838,0.28479550528928677
4810,0.5302,3,29,3,439389,166221,41758,66198,1.5397106228463449,0.28482180888825787
4811,0.5303,7,38,7,439427,166183,41765,66191,1.5393586275890176,0.28484684172928126
4812,0.5304,2,6,2,439433,166177,41767,66189,1.5393030493904925,0.2848480414518475
4813,0.5305,1,28,1,439461,166149,41768,66188,1.539043684464041,0.28487929171849513
4814,0.5306,2,5,2,439466,166144,41770,66186,1.5389973692986032,0.28487926656049584
4815,0.5307,10,63,10,439529,166081,41780,66176,1.5384137982140873,0.2849257503541336
4816,0.5308,25,110,25,439639,165971,41805,66151,1.5373948645744562,0.28498375854076735
4817,0.5309,1,5,1,439644,165966,41806,66150,1.5373485494090184,0.2849868169363594
4818,0.531,11,71,11,439715,165895,41817,66139,1.5366908740598022,0.285040123430187
4819,0.5311,3,8,3,439723,165887,41820,66136,1.5366167697951016,0.28504070717127183
4820,0.5312,2,23,2,439746,165864,41822,66134,1.5364037200340879,0.28506280226553676
4821,0.5313,5,29,5,439775,165835,41827,66129,1.536135092074549,0.2850830301253643
4822,0.5314,0,11,0,439786,165824,41827,66129,1.5360331987105857,0.2850965497320578
4823,0.5315,8,37,8,439823,165787,41835,66121,1.5356904664863462,0.285117374131121
4824,0.5316,0,4,0,439827,165783,41835,66121,1.5356534143539962,0.28512229198288946
4825,0.5317,84,331,84,440158,165452,41919,66037,1.5325873504020155,0.2852705744117431
4826,0.5318,5,23,5,440181,165429,41924,66032,1.532374300641002,0.285283481882477
4827,0.5319,1,4,1,440185,165425,41925,66031,1.5323372485086517,0.28528532420848884
4828,0.532,12,82,12,440267,165343,41937,66019,1.5315776797954723,0.2853493659287178
4829,0.5321,2,13,2,440280,165330,41939,66017,1.531457260365334,0.2853592222937838
4830,0.5322,2,16,2,440296,165314,41941,66015,1.5313090518359331,0.285372780758141
4831,0.5323,7,34,7,440330,165280,41948,66008,1.5309941087109564,0.2853931029711874
4832,0.5324,0,13,0,440343,165267,41948,66008,1.5308736892808181,0.2854091449573019
4833,0.5325,60,270,60,440613,164997,42008,65948,1.5283726703471785,0.2855571672909134
4834,0.5326,0,5,0,440618,164992,42008,65948,1.5283263551817408,0.28556334978782366
4835,0.5327,12,59,12,440677,164933,42020,65936,1.527779836229575,0.2855991926157258
4836,0.5328,6,14,6,440691,164919,42026,65930,1.5276501537663492,0.2855979449770196
4837,0.5329,2,24,2,440715,164895,42028,65928,1.527427840972248,0.2856214502021029
4838,0.533,9,44,9,440759,164851,42037,65919,1.5270202675163955,0.28564804783984055
4839,0.5331,3,14,3,440773,164837,42040,65916,1.5268905850531698,0.28565609114507723
4840,0.5332,5,24,5,440797,164813,42045,65911,1.5266682722590685,0.28567032471697784
4841,0.5333,121,571,121,441368,164242,42166,65790,1.5213790803660752,0.2860036864436252
4842,0.5334,1,10,1,441378,164232,42167,65789,1.5212864500351995,0.28601301620286845
4843,0.5335,6,31,6,441409,164201,42173,65783,1.5209992960094854,0.28603294142201197
4844,0.5336,2,8,2,441417,164193,42175,65781,1.520925191744785,0.2860366824075765
4845,0.5337,5,34,5,441451,164159,42180,65776,1.520610248619808,0.2860634527148977
4846,0.5338,3,23,3,441474,164136,42183,65773,1.5203971988587943,0.2860827544811208
4847,0.5339,1,11,1,441485,164125,42184,65772,1.5202953054948312,0.2860933374511194
4848,0.534,25,123,25,441608,164002,42209,65747,1.519155952425062,0.28616881901553437
4849,0.5341,2,1,2,441609,164001,42211,65745,1.5191466893919745,0.28616385051317544
4850,0.5342,20,97,20,441706,163904,42231,65725,1.5182481751824817,0.28622255899733917
4851,0.5343,10,48,10,441754,163856,42241,65715,1.5178035495942792,0.2862513122302033
4852,0.5344,0,4,0,441758,163852,42241,65715,1.517766497461929,0.2862562999037318
4853,0.5345,4,16,4,441774,163836,42245,65711,1.517618288932528,0.28626381525352107
4854,0.5346,2,13,2,441787,163823,42247,65709,1.51749786950239,0.28627380931634805
4855,0.5347,6,35,6,441822,163788,42253,65703,1.5171736633443256,0.286298809103625
4856,0.5348,1,15,1,441837,163773,42254,65702,1.5170347178480121,0.2863144133347859
4857,0.5349,1,1,1,441838,163772,42255,65701,1.5170254548149247,0.28631255093191793
4858,0.535,228,1061,228,442899,162711,42483,65473,1.5071973767090296,0.2869307225747642
4859,0.5351,1,7,1,442906,162704,42484,65472,1.5071325354774168,0.2869363999719515
4860,0.5352,1,30,1,442936,162674,42485,65471,1.5068546444847901,0.28697100528172875
4861,0.5353,5,29,5,442965,162645,42490,65466,1.506586016525251,0.2869918592264292
4862,0.5354,2,14,2,442979,162631,42492,65464,1.5064563340620252,0.2870032223415682
4863,0.5355,5,26,5,443005,162605,42497,65459,1.5062154952017488,0.28702031008839624
4864,0.5356,1,5,1,443010,162600,42498,65458,1.506169180036311,0.2870234764840523
4865,0.5357,5,61,5,443071,162539,42503,65453,1.5056041350179703,0.28708463454858063
4866,0.5358,28,140,28,443211,162399,42531,65425,1.5043073103857127,0.28717343212304236
4867,0.5359,1,4,1,443215,162395,42532,65424,1.5042702582533625,0.28717534533994094
4868,0.536,23,123,23,443338,162272,42555,65401,1.5031309051835933,0.28725848036438223
4869,0.5361,2,8,2,443346,162264,42557,65399,1.503056800918893,0.28726231315584877
4870,0.5362,5,33,5,443379,162231,42562,65394,1.5027511208270037,0.28728830313014825
4871,0.5363,6,25,6,443404,162206,42568,65388,1.5025195449998148,0.28730107120574355
4872,0.5364,2,6,2,443410,162200,42570,65386,1.5024639668012894,0.2873023823961052
4873,0.5365,6,24,6,443434,162176,42576,65380,1.5022416540071881,0.28731389196505475
4874,0.5366,1,6,1,443440,162170,42577,65379,1.5021860758086627,0.2873183358309639
4875,0.5367,119,559,119,443999,161611,42696,65260,1.49700804031272,0.28765245447853627
4876,0.5368,4,18,4,444017,161593,42700,65256,1.496841305717144,0.28766271837213303
4877,0.5369,3,7,3,444024,161586,42703,65253,1.496776464485531,0.287662174493804
4878,0.537,14,44,14,444068,161542,42717,65239,1.4963688910296788,0.2876740114912625
4879,0.5371,1,17,1,444085,161525,42718,65238,1.4962114194671903,0.28769243659679933
4880,0.5372,3,9,3,444094,161516,42721,65235,1.4961280521694023,0.28769443133657624
4881,0.5373,7,41,7,444135,161475,42728,65228,1.4957482678128127,0.2877244676956194
4882,0.5374,0,7,0,444142,161468,42728,65228,1.4956834265811998,0.2877333521544271
4883,0.5375,60,315,60,444457,161153,42788,65168,1.49276557115862,0.2879449984756165
4884,0.5376,1,13,1,444470,161140,42789,65167,1.492645151728482,0.2879583928026972
4885,0.5377,9,43,9,444513,161097,42798,65158,1.492246841305717,0.28798479591611237
4886,0.5378,4,18,4,444531,161079,42802,65154,1.4920801067101412,0.2879951200753206
4887,0.5379,1,20,1,444551,161059,42803,65153,1.49189484604839,0.28801743497250365
4888,0.538,11,72,11,444623,160987,42814,65142,1.4912279076660861,0.2880745061447227
4889,0.5381,0,8,0,444631,160979,42814,65142,1.4911538034013858,0.28808469801566416
4890,0.5382,5,17,5,444648,160962,42819,65137,1.4909963318388972,0.28809061517299944
4891,0.5383,56,334,56,444982,160628,42875,65081,1.4879024787876542,0.2883402965765654
4892,0.5384,3,10,3,444992,160618,42878,65078,1.4878098484567788,0.2883436126471005
4893,0.5385,9,33,9,445025,160585,42887,65069,1.4875041683648893,0.2883573967224157
4894,0.5386,1,15,1,445040,160570,42888,65068,1.487365222868576,0.2883734122798465
4895,0.5387,8,50,8,445090,160520,42896,65060,1.4869020712141985,0.28841209327068
4896,0.5388,2,25,2,445115,160495,42898,65058,1.4866704953870096,0.2884377507725457
4897,0.5389,0,4,0,445119,160491,42898,65058,1.4866334432546593,0.28844286607344743
4898,0.539,17,75,17,445194,160416,42915,65041,1.4859387157730928,0.28848516568569615
4899,0.5391,0,2,0,445196,160414,42915,65041,1.4859201897069176,0.28848772482313545
4900,0.5392,21,101,21,445297,160313,42936,65020,1.4849846233650748,0.28855072270816967
4901,0.5393,7,57,7,445354,160256,42943,65013,1.484456630479084,0.28860162738770095
4902,0.5394,0,4,0,445358,160252,42943,65013,1.4844195783467338,0.2886067520475884
4903,0.5395,4,16,4,445374,160236,42947,65009,1.484271369817333,0.2886146196363959
4904,0.5396,3,11,3,445385,160225,42950,65006,1.48416947645337,0.28861923980269144
4905,0.5397,6,34,6,445419,160191,42956,65000,1.483854533328393,0.28864386232131833
4906,0.5398,2,16,2,445435,160175,42958,64998,1.4837063247989921,0.2886580540295684
4907,0.5399,0,6,0,445441,160169,42958,64998,1.483650746600467,0.288665745868622
4908,0.54,521,2614,521,448055,157555,43479,64477,1.4594371781096003,0.290395078186928
4909,0.5401,1,8,1,448063,157547,43480,64476,1.4593630738448997,0.29040234570292267
4910,0.5402,2,33,2,448096,157514,43482,64474,1.4590573937530105,0.2904391228354686
4911,0.5403,5,37,5,448133,157477,43487,64469,1.458714661528771,0.2904715561442873
4912,0.5404,3,16,3,448149,157461,43490,64466,1.45856645299937,0.2904829065413402
4913,0.5405,11,38,11,448187,157423,43501,64455,1.458214457742043,0.29049748059744546
4914,0.5406,2,11,2,448198,157412,43503,64453,1.45811256437808,0.2905054875712708
4915,0.5407,8,44,8,448242,157368,43511,64445,1.4577049909222275,0.290537524852015
4916,0.5408,23,107,23,448349,157261,43534,64422,1.4567138463818592,0.2906041509723344
4917,0.5409,0,3,0,448352,157258,43534,64422,1.4566860572825966,0.29060808372428726
4918,0.541,16,63,16,448415,157195,43550,64406,1.4561024861980807,0.2906394826738147
4919,0.5411,0,4,0,448419,157191,43550,64406,1.4560654340657304,0.29064472894488647
4920,0.5412,2,19,2,448438,157172,43552,64404,1.455889436437067,0.290663248727299
4921,0.5413,12,45,12,448483,157127,43564,64392,1.455472599948127,0.2906838691037789
4922,0.5414,3,9,3,448492,157118,43567,64389,1.455389232650339,0.2906860731263572
4923,0.5415,7,30,7,448522,157088,43574,64382,1.4551113416577124,0.2907030297557231
4924,0.5416,0,4,0,448526,157084,43574,64382,1.455074289525362,0.2907082802777853
4925,0.5417,58,293,58,448819,156791,43632,64324,1.4523602208307087,0.29090744635144605
4926,0.5418,5,35,5,448854,156756,43637,64319,1.4520360146726443,0.29093746466131404
4927,0.5419,0,5,0,448859,156751,43637,64319,1.4519896995072066,0.2909440448726648
4928,0.542,15,70,15,448929,156681,43652,64304,1.4513412871910778,0.29098807611376337
4929,0.5421,4,11,4,448940,156670,43656,64300,1.4512393938271146,0.29098972711227766
4930,0.5422,1,13,1,448953,156657,43657,64299,1.4511189743969766,0.2910036387335035
4931,0.5423,8,34,8,448987,156623,43665,64291,1.4508040312719996,0.2910227509347529
4932,0.5424,4,11,4,448998,156612,43669,64287,1.4507021379080367,0.29102440481849173
4933,0.5425,61,297,61,449295,156315,43730,64226,1.447951017081033,0.29122022662452784
4934,0.5426,2,11,2,449306,156304,43732,64224,1.4478491237170699,0.2912283247478778
4935,0.5427,7,56,7,449362,156248,43739,64217,1.4473303938641668,0.2912797949787948
4936,0.5428,1,15,1,449377,156233,43740,64216,1.4471914483678536,0.29129639962077397
4937,0.5429,4,13,4,449390,156220,43744,64212,1.4470710289377153,0.2913007185889526
4938,0.543,14,37,14,449427,156183,43758,64198,1.4467282967134758,0.2913046042989187
4939,0.5431,0,10,0,449437,156173,43758,64198,1.4466356663826003,0.2913178231255474
4940,0.5432,3,18,3,449455,156155,43761,64195,1.4464689317870243,0.2913319718629453
4941,0.5433,117,533,117,449988,155622,43878,64078,1.441531735151358,0.2916613563950842
4942,0.5434,1,8,1,449996,155614,43879,64077,1.4414576308866576,0.291668752930252
4943,0.5435,7,36,7,450032,155578,43886,64070,1.4411241616955055,0.2916939831002331
4944,0.5436,1,20,1,450052,155558,43887,64069,1.4409389010337545,0.291717320730147
4945,0.5437,6,32,6,450084,155526,43893,64063,1.4406424839749528,0.29174047880358306
4946,0.5438,4,35,4,450119,155491,43897,64059,1.4403182778168884,0.29177408335231153
4947,0.5439,1,6,1,450125,155485,43898,64058,1.440262699618363,0.2917788314817598
4948,0.544,14,88,14,450213,155397,43912,64044,1.4394475527066584,0.29185065689638673
4949,0.5441,2,4,2,450217,155393,43914,64042,1.439410500574308,0.29184952263768316
4950,0.5442,35,140,35,450357,155253,43949,64007,1.4381136759420505,0.291922831341786
4951,0.5443,9,40,9,450397,155213,43958,63998,1.4377431546185484,0.29194702820570134
4952,0.5444,1,9,1,450406,155204,43959,63997,1.4376597873207604,0.2919557848732442
4953,0.5445,3,21,3,450427,155183,43962,63994,1.4374652636259218,0.29197406662195396
4954,0.5446,1,15,1,450442,155168,43963,63993,1.4373263181296083,0.29199081953449746
4955,0.5447,4,33,4,450475,155135,43967,63989,1.437020638037719,0.2920218688961501
4956,0.5448,3,29,3,450504,155106,43970,63986,1.43675201007818,0.29205082796268234
4957,0.5449,2,4,2,450508,155102,43972,63984,1.4367149579458298,0.2920496973791114
4958,0.545,222,984,222,451492,154118,44194,63762,1.4276001333876764,0.29264732880484673
4959,0.5451,3,9,3,451501,154109,44197,63759,1.4275167660898884,0.29264967778654966
4960,0.5452,4,14,4,451515,154095,44201,63755,1.4273870836266627,0.29265549690153775
4961,0.5453,7,28,7,451543,154067,44208,63748,1.4271277187002112,0.29267038541881873
4962,0.5454,5,12,5,451555,154055,44213,63743,1.4270165623031605,0.2926702724542925
4963,0.5455,7,23,7,451578,154032,44220,63736,1.4268035125421468,0.2926784467874068
4964,0.5456,0,7,0,451585,154025,44220,63736,1.426738671310534,0.2926878550337296
4965,0.5457,11,40,11,451625,153985,44231,63725,1.4263681499870318,0.2927058931606265
4966,0.5458,22,113,22,451738,153872,44253,63703,1.425321427248138,0.29278639549580604
4967,0.5459,4,10,4,451748,153862,44257,63699,1.4252287969172626,0.29278685058443377
4968,0.546,22,117,22,451865,153745,44279,63677,1.4241450220460188,0.29287284635409483
4969,0.5461,2,6,2,451871,153739,44281,63675,1.4240894438474934,0.2928744239101438
4970,0.5462,8,18,8,451889,153721,44289,63667,1.4239227092519176,0.2928726516643053
4971,0.5463,5,22,5,451911,153699,44294,63662,1.4237189225239912,0.2928860283123467
4972,0.5464,0,9,0,451920,153690,44294,63662,1.4236355552262032,0.2928981559866024
4973,0.5465,7,31,7,451951,153659,44301,63655,1.423348401200489,0.2929171613425734
4974,0.5466,1,2,1,451953,153657,44302,63654,1.423329875134314,0.2929166033932935
4975,0.5467,133,544,133,452497,153113,44435,63521,1.4182907851346844,0.29321805441435783
4976,0.5468,2,20,2,452517,153093,44437,63519,1.4181055244729335,0.2932386017395158
4977,0.5469,1,6,1,452523,153087,44438,63518,1.418049946274408,0.2932434616006094
4978,0.547,14,25,14,452548,153062,44452,63504,1.4178183704472191,0.2932316245394014
4979,0.5471,4,19,4,452567,153043,44456,63500,1.4176423728185557,0.2932442978992625
4980,0.5472,2,39,2,452606,153004,44458,63498,1.417281114528141,0.29329059315849276
4981,0.5473,4,42,4,452648,152962,44462,63494,1.4168920671384637,0.293334442103707
4982,0.5474,2,9,2,452657,152953,44464,63492,1.416808699840676,0.29334010949663886
4983,0.5475,77,285,77,452942,152668,44541,63415,1.4141687354107229,0.29347519240291925
4984,0.5476,1,11,1,452953,152657,44542,63414,1.4140668420467597,0.2934868631144392
4985,0.5477,9,35,9,452988,152622,44551,63405,1.4137426358886953,0.29350497854434865
4986,0.5478,1,12,1,453000,152610,44552,63404,1.4136314794916447,0.2935180127213977
4987,0.5479,2,12,2,453012,152598,44554,63402,1.413520323094594,0.2935277777777778
4988,0.548,13,76,13,453088,152522,44567,63389,1.4128163325799399,0.293588561953768
4989,0.5481,2,10,2,453098,152512,44569,63387,1.4127237022490644,0.2935956164688118
4990,0.5482,7,20,7,453118,152492,44576,63380,1.4125384415873135,0.293599911058405
4991,0.5483,52,270,52,453388,152222,44628,63328,1.4100374226536738,0.29379726281605195
4992,0.5484,2,3,2,453391,152219,44630,63326,1.410009633554411,0.2937947992298592
4993,0.5485,4,35,4,453426,152184,44634,63322,1.4096854273963466,0.29382940614182435
4994,0.5486,2,11,2,453437,152173,44636,63320,1.4095835340323835,0.29383785088146713
4995,0.5487,5,33,5,453470,152140,44641,63315,1.4092778539404942,0.29386646863614213
4996,0.5488,6,18,6,453488,152122,44647,63309,1.4091111193449184,0.29387135556164157
4997,0.5489,4,6,4,453494,152116,44651,63305,1.409055541146393,0.2938664289925309
4998,0.549,16,72,16,453566,152044,44667,63289,1.408388602764089,0.2939122196783586
4999,0.5491,0,3,0,453569,152041,44667,63289,1.4083608136648265,0.29391631449403244
5000,0.5492,22,94,22,453663,151947,44689,63267,1.4074900885545962,0.2939725110819928
5001,0.5493,6,36,6,453699,151911,44695,63261,1.4071566193634444,0.29400200769616863
5002,0.5494,0,8,0,453707,151903,44695,63261,1.4070825150987438,0.29401293896748526
5003,0.5495,7,22,7,453729,151881,44702,63254,1.4068787283708177,0.2940200339321821
5004,0.5496,1,11,1,453740,151870,44703,63253,1.4067768350068546,0.29403178646634714
5005,0.5497,3,22,3,453762,151848,44706,63250,1.4065730482789285,0.2940520135008229
5006,0.5498,7,29,7,453791,151819,44713,63243,1.4063044203193893,0.2940686871692814
5007,0.5499,1,1,1,453792,151818,44714,63242,1.4062951572863018,0.29406677206361015
5008,0.55,522,2588,522,456380,149230,45236,62720,1.3823224276557116,0.29591884878509084
5009,0.5501,0,3,0,456383,149227,45236,62720,1.382294638556449,0.29592303736311437
5010,0.5502,8,27,8,456410,149200,45244,62712,1.382044536663085,0.29593416134999434
5011,0.5503,2,24,2,456434,149176,45246,62710,1.3818222238689837,0.29596103565124643
5012,0.5504,1,9,1,456443,149167,45247,62709,1.3817388565711957,0.29597028450603186
5013,0.5505,7,30,7,456473,149137,45254,62702,1.381460965578569,0.2959889349930844
5014,0.5506,2,5,2,456478,149132,45256,62700,1.3814146504131313,0.29598927451943047
5015,0.5507,10,52,10,456530,149080,45266,62690,1.3809329726925785,0.29602871039335127
5016,0.5508,26,116,26,456646,148964,45292,62664,1.3798584608544222,0.2961044852287977
5017,0.5509,0,6,0,456652,148958,45292,62664,1.3798028826558968,0.29611288051336815
5018,0.551,11,74,11,456726,148884,45303,62653,1.3791174182074177,0.29617986451542755
5019,0.5511,1,5,1,456731,148879,45304,62652,1.37907110304198,0.29618353811025333
5020,0.5512,9,27,9,456758,148852,45313,62643,1.3788210011486162,0.29619139932386107
5021,0.5513,6,33,6,456791,148819,45319,62637,1.378515321056727,0.2962176528450363
5022,0.5514,1,14,1,456805,148805,45320,62636,1.3783856385935012,0.2962339375996141
5023,0.5515,7,29,7,456834,148776,45327,62629,1.378117010633962,0.2962512712565928
5024,0.5516,3,2,3,456836,148774,45330,62626,1.3780984845677868,0.296244087038789
5025,0.5517,82,313,82,457149,148461,45412,62544,1.3751991552113825,0.2964100376768323
5026,0.5518,4,14,4,457163,148447,45416,62540,1.3750694727481567,0.29641636688516354
5027,0.5519,0,5,0,457168,148442,45416,62540,1.375023157582719,0.29642339156894904
5028,0.552,10,69,10,457237,148373,45426,62530,1.3743840082996777,0.2964870106162549
5029,0.5521,4,13,4,457250,148360,45430,62526,1.3742635888695394,0.2964919435145055
5030,0.5522,4,22,4,457272,148338,45434,62522,1.3740598021416133,0.29650953239116
5031,0.5523,9,35,9,457307,148303,45443,62513,1.3737355959835489,0.296528726472374
5032,0.5524,0,10,0,457317,148293,45443,62513,1.3736429656526734,0.2965427928996328
5033,0.5525,63,267,63,457584,148026,45506,62450,1.3711697358182964,0.2967084133107813
5034,0.5526,1,8,1,457592,148018,45507,62449,1.3710956315535958,0.29671634983156503
5035,0.5527,6,42,6,457634,147976,45513,62443,1.3707065841639186,0.29675552112689446
5036,0.5528,1,18,1,457652,147958,45514,62442,1.3705398495683427,0.29677756653992393
5037,0.5529,3,9,3,457661,147949,45517,62439,1.3704564822705547,0.2967802346141415
5038,0.553,11,49,11,457710,147900,45528,62428,1.3700025936492646,0.29681259746681377
5039,0.5531,3,5,3,457715,147895,45531,62425,1.3699562784838268,0.29680962343096234
5040,0.5532,5,15,5,457730,147880,45536,62420,1.3698173329875134,0.2968140751307656
5041,0.5533,121,488,121,458218,147392,45657,62299,1.3652969728407869,0.2970990648144174
5042,0.5534,0,6,0,458224,147386,45657,62299,1.3652413946422617,0.29710756611107136
5043,0.5535,10,28,10,458252,147358,45667,62289,1.3649820297158102,0.29711371972887757
5044,0.5536,1,14,1,458266,147344,45668,62288,1.3648523472525844,0.29713020912837734
5045,0.5537,3,34,3,458300,147310,45671,62285,1.3645374041276075,0.29716834848159546
5046,0.5538,4,21,4,458321,147289,45675,62281,1.3643428804327689,0.297184711552226
5047,0.5539,0,10,0,458331,147279,45675,62281,1.3642502501018934,0.2971988929184959
5048,0.554,32,122,32,458453,147157,45707,62249,1.3631201600652119,0.2972646438019923
5049,0.5541,2,4,2,458457,147153,45709,62247,1.3630831079328616,0.2972636103151862
5050,0.5542,16,121,16,458578,147032,45725,62231,1.3619622809292675,0.2973817636180309
5051,0.5543,10,37,10,458615,146995,45735,62221,1.361619548705028,0.29740077240746404
5052,0.5544,1,4,1,458619,146991,45736,62220,1.3615824965726777,0.29740310021939576
5053,0.5545,4,29,4,458648,146962,45740,62216,1.3613138686131387,0.29743089617454993
5054,0.5546,0,7,0,458655,146955,45740,62216,1.3612490273815259,0.2974408498309995
5055,0.5547,9,32,9,458687,146923,45749,62207,1.360952610322724,0.2974561277674174
5056,0.5548,8,25,8,458712,146898,45757,62199,1.3607210344955352,0.2974648129815349
5057,0.5549,1,6,1,458718,146892,45758,62198,1.36066545629701,0.2974699889999522
5058,0.555,233,945,233,459663,145947,45991,61965,1.3519118900292713,0.298034745469237
5059,0.5551,0,5,0,459668,145942,45991,61965,1.3518655748638335,0.29804191297070326
5060,0.5552,3,22,3,459690,145920,45994,61962,1.3516617881359072,0.29806332438594973
5061,0.5553,5,23,5,459713,145897,45999,61957,1.3514487383748934,0.2980794211321408
5062,0.5554,4,11,4,459724,145886,46003,61953,1.3513468450109303,0.2980816882298317
5063,0.5555,1,24,1,459748,145862,46004,61952,1.351124532216829,0.2981127354268721
5064,0.5556,1,10,1,459758,145852,46005,61951,1.3510319018859536,0.2981237037001391
5065,0.5557,9,47,9,459805,145805,46014,61942,1.3505965393308386,0.2981607435967788
5066,0.5558,16,118,16,459923,145687,46030,61926,1.349503501426507,0.2982761195108206
5067,0.5559,0,5,0,459928,145682,46030,61926,1.3494571862610694,0.2982833031482409
5068,0.556,24,114,24,460042,145568,46054,61902,1.3484012004890882,0.2983660288234444
5069,0.5561,2,4,2,460046,145564,46056,61900,1.348364148356738,0.29836501754521266
5070,0.5562,3,23,3,460069,145541,46059,61897,1.3481510985957241,0.298387952062785
5071,0.5563,7,31,7,460100,145510,46066,61890,1.34786394457001,0.29840887174541947
5072,0.5564,1,4,1,460104,145506,46067,61889,1.3478268924376597,0.29841124424407534
5073,0.5565,8,21,8,460125,145485,46075,61881,1.347632368742821,0.2984143977315471
5074,0.5566,0,3,0,460128,145482,46075,61881,1.3476045796435585,0.29841871500701667
5075,0.5567,114,546,114,460674,144936,46189,61767,1.3425469635777538,0.2988200461531763
5076,0.5568,4,23,4,460697,144913,46193,61763,1.34233391381674,0.29883972981865337
5077,0.5569,2,7,2,460704,144906,46195,61761,1.3422690725851272,0.298843066382151
5078,0.557,4,35,4,460739,144871,46199,61757,1.3419448664270628,0.29888011305341
5079,0.5571,5,16,5,460755,144855,46204,61752,1.3417966578976621,0.29888629136476497
5080,0.5572,4,15,4,460770,144840,46208,61748,1.3416577124013487,0.2988944178751912
5081,0.5573,9,42,9,460812,144798,46217,61739,1.3412686650116714,0.29892464788391426
5082,0.5574,0,5,0,460817,144793,46217,61739,1.3412223498462337,0.29893188464741544
5083,0.5575,47,250,47,461067,144543,46264,61692,1.338906591574345,0.29913448250781877
5084,0.5576,0,9,0,461076,144534,46264,61692,1.3388232242765572,0.2991475371679614
5085,0.5577,5,29,5,461105,144505,46269,61687,1.338554596317018,0.2991726158143866
5086,0.5578,9,17,9,461122,144488,46278,61678,1.3383971247545297,0.2991666909189682
5087,0.5579,7,14,7,461136,144474,46285,61671,1.338267442291304,0.2991632103616387
5088,0.558,16,77,16,461213,144397,46301,61655,1.3375541887435622,0.2992205850950246
5089,0.5581,0,3,0,461216,144394,46301,61655,1.3375263996442994,0.29922494164009533
5090,0.5582,5,20,5,461236,144374,46306,61650,1.3373411389825485,0.29923698209917293
5091,0.5583,57,320,57,461556,144054,46363,61593,1.334376968394531,0.29950838086624165
5092,0.5584,0,5,0,461561,144049,46363,61593,1.3343306532290933,0.2995156631427432
5093,0.5585,8,29,8,461590,144020,46371,61585,1.3340620252695543,0.2995306534374164
5094,0.5586,5,16,5,461606,144004,46376,61580,1.3339138167401534,0.29953692894388667
5095,0.5587,7,28,7,461634,143976,46383,61573,1.333654451813702,0.2995538776642066
5096,0.5588,5,19,5,461653,143957,46388,61568,1.3334784541850384,0.2995645298625471
5097,0.5589,4,3,4,461656,143954,46392,61564,1.3334506650857756,0.29955527009799626
5098,0.559,11,48,11,461704,143906,46403,61553,1.3330060394975731,0.2995877523009457
5099,0.5591,0,8,0,461712,143898,46403,61553,1.3329319352328726,0.29959941786606054
5100,0.5592,28,109,28,461821,143789,46431,61525,1.3319222646263293,0.2996629552782567
5101,0.5593,13,66,13,461887,143723,46444,61512,1.3313109044425506,0.2997149608984822
5102,0.5594,5,6,5,461893,143717,46449,61507,1.3312553262440254,0.2997066619888512
5103,0.5595,4,27,4,461920,143690,46453,61503,1.3310052243506614,0.29973244701329965
5104,0.5596,1,4,1,461924,143686,46454,61502,1.330968172218311,0.2997348772832719
5105,0.5597,8,17,8,461941,143669,46462,61494,1.3308107006558227,0.2997324078903116
5106,0.5598,4,19,4,461960,143650,46466,61490,1.3306347030271592,0.2997465145754119
5107,0.5599,1,5,1,461965,143645,46467,61489,1.3305883878617215,0.2997504070510008
5108,0.56,543,2428,543,464393,141217,47010,60946,1.30809774352514,0.30146960620885127
5109,0.5601,4,8,4,464401,141209,47014,60942,1.3080236392604394,0.3014677147280993
5110,0.5602,5,22,5,464423,141187,47019,60937,1.3078198525325133,0.30148324790722525
5111,0.5603,4,16,4,464439,141171,47023,60933,1.3076716440031124,0.3014932905830661
5112,0.5604,0,4,0,464443,141167,47023,60933,1.3076345918707621,0.3014992577931717
5113,0.5605,7,33,7,464476,141134,47030,60926,1.307328911778873,0.3015242997129565
5114,0.5606,1,6,1,464482,141128,47031,60925,1.3072733335803475,0.3015297966375159
5115,0.5607,18,39,18,464521,141089,47049,60907,1.306912075289933,0.30152577278757997
5116,0.5608,21,86,21,464607,141003,47070,60886,1.3061154544444034,0.30158156214553544
5117,0.5609,0,7,0,464614,140996,47070,60886,1.3060506132127905,0.3015920191002665
5118,0.561,13,41,13,464655,140955,47083,60873,1.3056708288562007,0.3016083001367501
5119,0.5611,0,8,0,464663,140947,47083,60873,1.3055967245915003,0.3016202556733723
5120,0.5612,4,25,4,464688,140922,47087,60869,1.3053651487643114,0.30164377995054287
5121,0.5613,7,43,7,464731,140879,47094,60862,1.3049668383415465,0.30168384215404903
5122,0.5614,1,8,1,464739,140871,47095,60861,1.3048927340768461,0.30169234429837605
5123,0.5615,5,29,5,464768,140842,47100,60856,1.304624106117307,0.3017184106932146
5124,0.5616,0,6,0,464774,140836,47100,60856,1.3045685279187818,0.3017273863118022
5125,0.5617,72,290,72,465064,140546,47172,60784,1.301882248323391,0.30191228331594894
5126,0.5618,6,16,6,465080,140530,47178,60778,1.30173403979399,0.30191547280783676
5127,0.5619,1,4,1,465084,140526,47179,60777,1.30169698766164,0.30191800420261994
5128,0.562,11,77,11,465161,140449,47190,60766,1.3009837341138983,0.3019953780781751
5129,0.5621,4,10,4,465171,140439,47194,60762,1.3008911037830226,0.30199651095173485
5130,0.5622,3,16,3,465187,140423,47197,60759,1.3007428952536217,0.302010120189679
5131,0.5623,8,32,8,465219,140391,47205,60751,1.3004464781948202,0.3020304063795726
5132,0.5624,1,10,1,465229,140381,47206,60750,1.3003538478639445,0.3020419527571583
5133,0.5625,59,261,59,465490,140120,47265,60691,1.2979361962280929,0.302229459541559
5134,0.5626,0,6,0,465496,140114,47265,60691,1.2978806180295677,0.3022384900774383
5135,0.5627,10,41,10,465537,140073,47275,60681,1.2975008336729779,0.3022654592187453
5136,0.5628,0,12,0,465549,140061,47275,60681,1.2973896772759272,0.30228352811070924
5137,0.5629,3,8,3,465557,140053,47278,60678,1.2973155730112267,0.3022851477848464
5138,0.563,8,59,8,465616,139994,47286,60670,1.296769054059061,0.3023462105808715
5139,0.5631,4,9,4,465625,139985,47290,60666,1.296685686761273,0.30234586421198995
5140,0.5632,4,20,4,465645,139965,47294,60662,1.296500426099522,0.3023620948326995
5141,0.5633,126,536,126,466181,139429,47420,60536,1.291535440364593,0.30273297827119744
5142,0.5634,1,5,1,466186,139424,47421,60535,1.2914891251991552,0.302737061097525
5143,0.5635,7,22,7,466208,139402,47428,60528,1.291285338471229,0.30274596108638024
5144,0.5636,4,19,4,466227,139383,47432,60524,1.2911093408425656,0.3027607837644505
5145,0.5637,7,24,7,466251,139359,47439,60517,1.2908870280484641,0.3027727190858332
5146,0.5638,4,24,4,466275,139335,47443,60513,1.2906647152543629,0.3027951242944638
5147,0.5639,3,10,3,466285,139325,47446,60510,1.2905720849234874,0.30279980984312055
5148,0.564,21,105,21,466390,139220,47467,60489,1.2895994664492942,0.30288569869159626
5149,0.5641,0,4,0,466394,139216,47467,60489,1.289562414316944,0.302891765353897
5150,0.5642,23,116,23,466510,139100,47490,60466,1.2884879024787876,0.30298748283775795
5151,0.5643,8,43,8,466553,139057,47498,60458,1.288089592056023,0.3030248352254217
5152,0.5644,5,6,5,466559,139051,47503,60453,1.2880340138574975,0.30301648087256394
5153,0.5645,5,27,5,466586,139024,47508,60448,1.2877839119641334,0.3030400256677629
5154,0.5646,0,4,0,466590,139020,47508,60448,1.2877468598317834,0.3030461026330038
5155,0.5647,5,28,5,466618,138992,47513,60443,1.2874874949053319,0.3030711760724045
5156,0.5648,8,41,8,466659,138951,47521,60435,1.287107710548742,0.3031055339893473
5157,0.5649,2,2,2,466661,138949,47523,60433,1.287089184482567,0.3031015838942332
5158,0.565,211,885,211,467546,138064,47734,60222,1.2788914002000815,0.3037128188576097
5159,0.5651,0,3,0,467549,138061,47734,60222,1.278863611100819,0.303717413999183
5160,0.5652,4,12,4,467561,138049,47738,60218,1.2787524547037683,0.3037217489546924
5161,0.5653,6,20,6,467581,138029,47744,60212,1.2785671940420171,0.3037313169324206
5162,0.5654,1,12,1,467593,138017,47745,60211,1.2784560376449665,0.303746191254515
5163,0.5655,1,15,1,467608,138002,47746,60210,1.278317092148653,0.30376566504550684
5164,0.5656,1,3,1,467611,137999,47747,60209,1.2782893030493905,0.3037667500807233
5165,0.5657,11,44,11,467655,137955,47758,60198,1.277881729593538,0.30379555192199964
5166,0.5658,21,105,21,467760,137850,47779,60177,1.276909111119345,0.3038828038600797
5167,0.5659,1,11,1,467771,137839,47780,60176,1.2768072177553818,0.30389616948210996
5168,0.566,22,114,22,467885,137725,47802,60154,1.2757512319834006,0.3039938548304772
5169,0.5661,0,10,0,467895,137715,47802,60154,1.275658601652525,0.30400921822013555
5170,0.5662,3,25,3,467920,137690,47805,60151,1.2754270258253362,0.3040370802816403
5171,0.5663,3,39,3,467959,137651,47808,60148,1.2750657675349217,0.3040864716201801
5172,0.5664,0,7,0,467966,137644,47808,60148,1.2750009263033089,0.30409723345736933
5173,0.5665,9,22,9,467988,137622,47817,60139,1.2747971395753825,0.30409939270129094
5174,0.5666,3,7,3,467995,137615,47820,60136,1.2747322983437697,0.30409960000202274
5175,0.5667,115,553,115,468548,137062,47935,60021,1.2696098410463523,0.3045468153011675
5176,0.5668,11,30,11,468578,137032,47946,60010,1.2693319500537257,0.3045543589691538
5177,0.5669,1,9,1,468587,137023,47947,60009,1.2692485827559377,0.3045647407527711
5178,0.567,13,45,13,468632,136978,47960,59996,1.2688317462669976,0.30458842283753185
5179,0.5671,3,10,3,468642,136968,47963,59993,1.268739115936122,0.30459329511933836
5180,0.5672,5,14,5,468656,136954,47968,59988,1.2686094334728963,0.3045972926039138
5181,0.5673,8,44,8,468700,136910,47976,59980,1.268201860017044,0.30463710701406876
5182,0.5674,0,7,0,468707,136903,47976,59980,1.268137018785431,0.30464793811553054
5183,0.5675,66,255,66,468962,136648,48042,59914,1.2657749453481049,0.30480967837120093
5184,0.5676,3,7,3,468969,136641,48045,59911,1.265710104116492,0.3048099230737922
5185,0.5677,6,30,6,468999,136611,48051,59905,1.2654322131238653,0.30483522970139837
5186,0.5678,4,25,4,469024,136586,48055,59901,1.2652006372966764,0.30485986350242
5187,0.5679,2,17,2,469041,136569,48057,59899,1.265043165734188,0.3048791660728465
5188,0.568,15,86,15,469127,136483,48072,59884,1.2642465448886584,0.3049595909699695
5189,0.5681,0,7,0,469134,136476,48072,59884,1.2641817036570455,0.30497046241597064
5190,0.5682,2,16,2,469150,136460,48074,59882,1.2640334951276446,0.304988234814762
5191,0.5683,59,276,59,469426,136184,48133,59823,1.2614768979954796,0.30520848745197876
5192,0.5684,0,5,0,469431,136179,48133,59823,1.2614305828300418,0.3052162733033336
5193,0.5685,7,32,7,469463,136147,48140,59816,1.26113416577124,0.3052412955506907
5194,0.5686,2,10,2,469473,136137,48142,59814,1.2610415354403646,0.3052497818332134
5195,0.5687,5,29,5,469502,136108,48147,59809,1.2607729074808256,0.3052772347473675
5196,0.5688,7,21,7,469523,136087,48154,59802,1.260578383785987,0.30528513596986045
5197,0.5689,2,5,2,469528,136082,48156,59800,1.260532068620549,0.3052858353498535
5198,0.569,11,42,11,469570,136040,48167,59789,1.2601430212308717,0.3053122877612611
5199,0.5691,1,3,1,469573,136037,48168,59788,1.2601152321316091,0.30531341759223796
5200,0.5692,23,97,23,469670,135940,48191,59765,1.2592167179221163,0.3053831021179837
5201,0.5693,10,33,10,469703,135907,48201,59755,1.258911037830227,0.3053991066226452
5202,0.5694,1,8,1,469711,135899,48202,59754,1.2588369335655267,0.3054080438327038
5203,0.5695,1,27,1,469738,135872,48203,59753,1.2585868316721627,0.3054466453674121
5204,0.5696,1,9,1,469747,135863,48204,59752,1.2585034643743747,0.30545714796922524
5205,0.5697,10,26,10,469773,135837,48214,59742,1.2582626255140983,0.30546224287883667
5206,0.5698,2,12,2,469785,135825,48216,59740,1.2581514691170477,0.30547388336358755
5207,0.5699,0,8,0,469793,135817,48216,59740,1.2580773648523473,0.30548637993014827
5208,0.57,539,2285,539,472078,133532,48755,59201,1.236911334247286,0.3071658719575786
5209,0.5701,2,5,2,472083,133527,48757,59199,1.2368650190818482,0.30716665110052616
5210,0.5702,1,17,1,472100,133510,48758,59198,1.2367075475193596,0.3071901529775619
5211,0.5703,11,31,11,472131,133479,48769,59187,1.2364203934936455,0.307200024913581
5212,0.5704,1,7,1,472138,133472,48770,59186,1.2363555522620326,0.30720759065286674
5213,0.5705,5,21,5,472159,133451,48775,59181,1.236161028567194,0.3072230989659039
5214,0.5706,2,5,2,472164,133446,48777,59179,1.2361147134017563,0.30722388059701494
5215,0.5707,4,48,4,472212,133398,48781,59175,1.2356700878135536,0.3072860681403935
5216,0.5708,24,109,24,472321,133289,48805,59151,1.2346604172070104,0.30737372687590936
5217,0.5709,1,2,1,472323,133287,48806,59150,1.2346418911408352,0.3073733221781674
5218,0.571,13,67,13,472390,133220,48819,59137,1.234021267923969,0.3074335740316183
5219,0.5711,4,8,4,472398,133212,48823,59133,1.2339471636592685,0.30743195820010916
5220,0.5712,4,19,4,472417,133193,48827,59129,1.233771166030605,0.30744792587431496
5221,0.5713,4,35,4,472452,133158,48831,59125,1.2334469598725406,0.3074894816494438
5222,0.5714,1,8,1,472460,133150,48832,59124,1.2333728556078403,0.3074986737676441
5223,0.5715,2,22,2,472482,133128,48834,59122,1.233169068879914,0.3075266579973992
5224,0.5716,1,8,1,472490,133120,48835,59121,1.2330949646152136,0.3075358534339709
5225,0.5717,57,258,57,472748,132862,48892,59064,1.2307051020786246,0.3077436095161677
5226,0.5718,4,20,4,472768,132842,48896,59060,1.2305198414168736,0.3077612531396233
5227,0.5719,0,3,0,472771,132839,48896,59060,1.2304920523176108,0.3077660644401482
5228,0.572,17,58,17,472829,132781,48913,59043,1.2299547963985327,0.3077977729585453
5229,0.5721,1,14,1,472843,132767,48914,59042,1.229825113935307,0.30781663008513677
5230,0.5722,2,14,2,472857,132753,48916,59040,1.2296954314720812,0.30783188124696936
5231,0.5723,11,38,11,472895,132715,48927,59029,1.2293434362147542,0.3078531792389853
5232,0.5724,2,11,2,472906,132704,48929,59027,1.229241542850791,0.3078636214279381
5233,0.5725,44,221,44,473127,132483,48973,58983,1.2271944125384415,0.3080599166431638
5234,0.5726,1,7,1,473134,132476,48974,58982,1.2271295713068286,0.30806756573243216
5235,0.5727,11,46,11,473180,132430,48985,58971,1.2267034717848013,0.30810183854838796
5236,0.5728,5,14,5,473194,132416,48990,58966,1.2265737893215753,0.3081063004880292
5237,0.5729,3,12,3,473206,132404,48993,58963,1.2264626329245247,0.30811477422962164
5238,0.573,6,40,6,473246,132364,48999,58957,1.2260921116010226,0.30815749447264024
5239,0.5731,1,4,1,473250,132360,49000,58956,1.2260550594686723,0.30816032114407577
5240,0.5732,2,17,2,473267,132343,49002,58954,1.225897587906184,0.30818047329545156
5241,0.5733,109,475,109,473742,131868,49111,58845,1.2214976471895957,0.3085526419279231
5242,0.5734,0,4,0,473746,131864,49111,58845,1.2214605950572455,0.30855911362337385
5243,0.5735,3,37,3,473783,131827,49114,58842,1.221117862833006,0.3086081114391957
5244,0.5736,3,12,3,473795,131815,49117,58839,1.2210067064359553,0.3086166563512961
5245,0.5737,2,26,2,473821,131789,49119,58837,1.220765867575679,0.30865149559871163
5246,0.5738,4,27,4,473848,131762,49123,58833,1.2205157656823151,0.3086807104068837
5247,0.5739,1,3,1,473851,131759,49124,58832,1.2204879765830523,0.3086819419594839
5248,0.574,23,95,23,473946,131664,49147,58809,1.2196079884397346,0.3087524216030619
5249,0.5741,0,2,0,473948,131662,49147,58809,1.2195894623735597,0.3087556635918329
5250,0.5742,22,102,22,474050,131560,49169,58787,1.2186446329986291,0.30884122155852206
5251,0.5743,15,46,15,474096,131514,49184,58772,1.2182185334766016,0.3088613981060089
5252,0.5744,1,9,1,474105,131505,49185,58771,1.2181351661788136,0.3088723748659841
5253,0.5745,2,19,2,474124,131486,49187,58769,1.21795916855015,0.30889595542824105
5254,0.5746,3,10,3,474134,131476,49190,58766,1.2178665382192746,0.30890129414114653
5255,0.5747,11,40,11,474174,131436,49201,58755,1.2174960168957722,0.3089262898875341
5256,0.5748,5,21,5,474195,131415,49206,58750,1.2173014932009336,0.30894223437541085
5257,0.5749,0,2,0,474197,131413,49206,58750,1.2172829671347587,0.3089454836114281
5258,0.575,192,882,192,475079,130531,49398,58558,1.2091129719515359,0.30968485739519486
5259,0.5751,0,7,0,475086,130524,49398,58558,1.209048130719923,0.30969632223056665
5260,0.5752,5,27,5,475113,130497,49403,58553,1.208798028826559,0.3097222956889712
5261,0.5753,6,30,6,475143,130467,49409,58547,1.2085201378339323,0.30974954236194147
5262,0.5754,4,7,4,475150,130460,49413,58543,1.2084552966023194,0.30974640614170146
5263,0.5755,6,20,6,475170,130440,49419,58537,1.2082700359405685,0.3097572720489795
5264,0.5756,0,7,0,475177,130433,49419,58537,1.2082051947089556,0.30976874636185636
5265,0.5757,7,42,7,475219,130391,49426,58530,1.2078161473192783,0.3098120378359208
5266,0.5758,21,87,21,475306,130304,49447,58509,1.207010263440661,0.30987802746632914
5267,0.5759,2,5,2,475311,130299,49449,58507,1.2069639482752232,0.30987892333930067
5268,0.576,26,109,26,475420,130190,49475,58481,1.2059542776686798,0.30996284537634294
5269,0.5761,1,6,1,475426,130184,49476,58480,1.2058986994701546,0.3099690454988763
5270,0.5762,6,40,6,475466,130144,49482,58474,1.2055281781466523,0.31001283016467146
5271,0.5763,1,25,1,475491,130119,49483,58473,1.2052966023194636,0.31005026724357343
5272,0.5764,1,4,1,475495,130115,49484,58472,1.2052595501871133,0.31005318500214757
5273,0.5765,6,23,6,475518,130092,49490,58466,1.2050465004260995,0.3100690503717689
5274,0.5766,1,7,1,475525,130085,49491,58465,1.2049816591944866,0.31007690267833465
5275,0.5767,130,494,130,476019,129591,49621,58335,1.200405720849235,0.31041473771590944
5276,0.5768,4,6,4,476025,129585,49625,58331,1.2003501426507095,0.3104099704123119
5277,0.5769,0,6,0,476031,129579,49625,58331,1.2002945644521843,0.3104198818583364
5278,0.577,9,27,9,476058,129552,49634,58322,1.2000444625588202,0.310431459382352
5279,0.5771,8,13,8,476071,129539,49642,58314,1.199924043128682,0.3104235758811411
5280,0.5772,4,9,4,476080,129530,49646,58310,1.1998406758308942,0.31042376490630325
5281,0.5773,9,35,9,476115,129495,49655,58301,1.1995164696728298,0.3104485718545656
5282,0.5774,2,5,2,476120,129490,49657,58299,1.1994701545073918,0.3104494938468174
5283,0.5775,62,240,62,476360,129250,49719,58237,1.1972470265663788,0.3106188695749572
5284,0.5776,4,9,4,476369,129241,49723,58233,1.1971636592685908,0.31061907251138826
5285,0.5777,7,31,7,476400,129210,49730,58226,1.1968765052428767,0.3106447000576197
5286,0.5778,2,10,2,476410,129200,49732,58224,1.1967838749120012,0.31065391838825335
5287,0.5779,3,10,3,476420,129190,49735,58221,1.1966912445811257,0.3106594596901996
5288,0.578,18,72,18,476492,129118,49753,58203,1.1960243061988218,0.31071262698789776
5289,0.5781,1,6,1,476498,129112,49754,58202,1.1959687280002964,0.31071889981528344
5290,0.5782,4,18,4,476516,129094,49758,58198,1.1958019934047204,0.3107340409627747
5291,0.5783,58,297,58,476813,128797,49816,58140,1.193050872577717,0.31101387098327243
5292,0.5784,0,3,0,476816,128794,49816,58140,1.193023083478454,0.31101886227224584
5293,0.5785,5,25,5,476841,128769,49821,58135,1.1927915076512654,0.31104203227325256
5294,0.5786,1,9,1,476850,128760,49822,58134,1.1927081403534774,0.31105332434428073
5295,0.5787,6,27,6,476877,128733,49828,58128,1.1924580384601133,0.3110761475107165
5296,0.5788,2,19,2,476896,128714,49830,58126,1.1922820408314498,0.31110040676514666
5297,0.5789,4,14,4,476910,128700,49834,58122,1.192152358368224,0.3111089700356489
5298,0.579,20,49,20,476959,128651,49854,58102,1.191698469746934,0.31111682275519004
5299,0.5791,1,7,1,476966,128644,49855,58101,1.191633628515321,0.3111247958446009
5300,0.5792,21,104,21,477070,128540,49876,58080,1.1906702730742154,0.31122066230843426
5301,0.5793,7,39,7,477109,128501,49883,58073,1.190309014783801,0.31125987543816397
5302,0.5794,0,10,0,477119,128491,49883,58073,1.1902163844529252,0.3112765592504449
5303,0.5795,3,20,3,477139,128471,49886,58070,1.1900311237911743,0.3112988565516428
5304,0.5796,0,17,0,477156,128454,49886,58070,1.1898736522286857,0.3113272286676245
5305,0.5797,4,24,4,477180,128430,49890,58066,1.1896513394345845,0.31135252230610844
5306,0.5798,6,24,6,477204,128406,49896,58060,1.1894290266404832,0.31137043750603327
5307,0.5799,0,11,0,477215,128395,49896,58060,1.18932713327652,0.3113888069507388
5308,0.58,596,2336,596,479551,126059,50492,57464,1.1676886879839934,0.3131160671959373
5309,0.5801,1,9,1,479560,126050,50493,57463,1.1676053206862056,0.3131276803278242
5310,0.5802,8,18,8,479578,126032,50501,57455,1.1674385860906296,0.31312845051693033
5311,0.5803,5,24,5,479602,126008,50506,57450,1.167216273296528,0.31315069389178996
5312,0.5804,1,9,1,479611,125999,50507,57449,1.1671329059987403,0.31316231302603464
5313,0.5805,2,12,2,479623,125987,50509,57447,1.1670217496016895,0.31317531101104484
5314,0.5806,0,6,0,479629,125981,50509,57447,1.1669661714031643,0.3131855550951872
5315,0.5807,7,39,7,479668,125942,50516,57440,1.1666049131127496,0.31322594365859247
5316,0.5808,23,112,23,479780,125830,50539,57417,1.1655674534069436,0.3133311868679978
5317,0.5809,0,2,0,479782,125828,50539,57417,1.1655489273407684,0.3133346066741248
5318,0.581,20,57,20,479839,125771,50559,57397,1.165020934454778,0.31335713661774983
5319,0.5811,2,7,2,479846,125764,50561,57395,1.164956093223165,0.31336161477186486
5320,0.5812,5,15,5,479861,125749,50566,57390,1.1648171477268516,0.3133685342827033
5321,0.5813,4,26,4,479887,125723,50570,57386,1.1645763088665753,0.313398030681179
5322,0.5814,3,12,3,479899,125711,50573,57383,1.1644651524695246,0.3134073208297377
5323,0.5815,5,15,5,479914,125696,50578,57378,1.1643262069732112,0.3134142477905109
5324,0.5816,1,4,1,479918,125692,50579,57377,1.1642891548408612,0.3134173453725098
5325,0.5817,61,238,61,480156,125454,50640,57316,1.162084552966023,0.3135963232477978
5326,0.5818,6,19,6,480175,125435,50646,57310,1.1619085553373596,0.3136063914197379
5327,0.5819,0,3,0,480178,125432,50646,57310,1.161880766238097,0.3136115397664467
5328,0.582,20,51,20,480229,125381,50666,57290,1.1614083515506317,0.3136239468771726
5329,0.5821,4,8,4,480237,125373,50670,57286,1.1613342472859314,0.31362265204561507
5330,0.5822,5,18,5,480255,125355,50675,57281,1.1611675126903553,0.3136347708009374
5331,0.5823,5,29,5,480284,125326,50680,57276,1.1608988847308161,0.3136657867931348
5332,0.5824,5,16,5,480300,125310,50685,57271,1.1607506762014155,0.3136744787245113
5333,0.5825,62,244,62,480544,125066,50747,57209,1.1584904961280522,0.31386092442737623
5334,0.5826,1,5,1,480549,125061,50748,57208,1.1584441809626145,0.3138657698237221
5335,0.5827,9,42,9,480591,125019,50757,57199,1.1580551335729372,0.31390422461008244
5336,0.5828,4,17,4,480608,125002,50761,57195,1.1578976620104486,0.3139184509075342
5337,0.5829,0,19,0,480627,124983,50761,57195,1.1577216643817851,0.3139511905938148
5338,0.583,10,44,10,480671,124939,50771,57185,1.1573140909259327,0.3139893698798621
5339,0.5831,1,7,1,480678,124932,50772,57184,1.1572492496943199,0.31399767181356936
5340,0.5832,5,16,5,480694,124916,50777,57179,1.157101041164919,0.3140064252176062
5341,0.5833,118,431,118,481125,124485,50895,57061,1.1531086739041831,0.31430601610611086
5342,0.5834,2,5,2,481130,124480,50897,57059,1.1530623587387454,0.31430711858058047
5343,0.5835,8,27,8,481157,124453,50905,57051,1.1528122568453814,0.3143236512693935
5344,0.5836,5,5,5,481162,124448,50910,57046,1.1527659416799436,0.3143134208293387
5345,0.5837,3,29,3,481191,124419,50913,57043,1.1524973137204046,0.31435231618741116
5346,0.5838,6,22,6,481213,124397,50919,57037,1.1522935269924783,0.3143677590749253
5347,0.5839,1,3,1,481216,124394,50920,57036,1.1522657378932157,0.3143691781954473
5348,0.584,26,107,26,481323,124287,50946,57010,1.1512745933528474,0.3144563892397558
5349,0.5841,0,12,0,481335,124275,50946,57010,1.1511634369557968,0.31447720440190857
5350,0.5842,22,91,22,481426,124184,50968,56988,1.1503205009448294,0.3145519175148478
5351,0.5843,5,39,5,481465,124145,50973,56983,1.1499592426544147,0.3146007243496312
5352,0.5844,0,5,0,481470,124140,50973,56983,1.149912927488977,0.31460940907560053
5353,0.5845,2,25,2,481495,124115,50975,56981,1.149681351661788,0.31464527101647743
5354,0.5846,2,7,2,481502,124108,50977,56979,1.1496165104301752,0.31464986442980447
5355,0.5847,4,29,4,481531,124079,50981,56975,1.1493478824706362,0.31468512156594164
5356,0.5848,1,18,1,481549,124061,50982,56974,1.1491811478750602,0.3147126246305963
5357,0.5849,1,8,1,481557,124053,50983,56973,1.1491070436103599,0.314722747008717
5358,0.585,176,858,176,482415,123195,51159,56797,1.1411593612212383,0.31555291346282055
5359,0.5851,1,5,1,482420,123190,51160,56796,1.1411130460558006,0.3155578767237452
5360,0.5852,5,17,5,482437,123173,51165,56791,1.1409555744933122,0.31556866928941346
5361,0.5853,1,35,1,482472,123138,51166,56790,1.1406313683352476,0.3156262505002001
5362,0.5854,2,5,2,482477,123133,51168,56788,1.1405850531698098,0.31562741425403373
5363,0.5855,5,26,5,482503,123107,51173,56783,1.1403442143095335,0.3156540107843682
5364,0.5856,2,5,2,482508,123102,51175,56781,1.1402978991440957,0.3156551758643118
5365,0.5857,7,29,7,482537,123073,51182,56774,1.1400292711845568,0.31567943863395
5366,0.5858,24,106,24,482643,122967,51206,56750,1.139047389677276,0.3157742450630714
5367,0.5859,1,2,1,482645,122965,51207,56749,1.1390288636111008,0.31577395194586955
5368,0.586,23,95,23,482740,122870,51230,56726,1.138148875467783,0.3158533597630237
5369,0.5861,1,13,1,482753,122857,51231,56725,1.138028456037645,0.3158724148299941
5370,0.5862,0,17,0,482770,122840,51231,56725,1.1378709844751564,0.3159023194943335
5371,0.5863,5,38,5,482808,122802,51236,56720,1.1375189892178295,0.315950134245385
5372,0.5864,3,9,3,482817,122793,51239,56717,1.1374356219200414,0.3159545429223999
5373,0.5865,7,31,7,482848,122762,51246,56710,1.1371484678943273,0.3159824373718463
5374,0.5866,0,12,0,482860,122750,51246,56710,1.1370373114972767,0.3160035662543185
5375,0.5867,119,441,119,483301,122309,51365,56591,1.1329523139056652,0.31632755729457795
5376,0.5868,6,24,6,483325,122285,51371,56585,1.132730001111564,0.3163470677028009
5377,0.5869,2,11,2,483336,122274,51373,56583,1.1326281077476008,0.3163588788808937
5378,0.587,10,39,10,483375,122235,51383,56573,1.1322668494571864,0.31638964699566013
5379,0.5871,3,7,3,483382,122228,51386,56570,1.1322020082255735,0.3163905636528373
5380,0.5872,1,18,1,483400,122210,51387,56569,1.1320352736299975,0.3164185950251428
5381,0.5873,3,28,3,483428,122182,51390,56566,1.131775908703546,0.31645668762727414
5382,0.5874,0,4,0,483432,122178,51390,56566,1.1317388565711957,0.31646376941323906
5383,0.5875,57,274,57,483706,121904,51447,56509,1.1292007855052058,0.31673140410171907
5384,0.5876,2,5,2,483711,121899,51449,56507,1.129154470339768,0.31673262110018724
5385,0.5877,5,33,5,483744,121866,51454,56502,1.1288487902478788,0.3167720667384284
5386,0.5878,2,13,2,483757,121853,51456,56500,1.1287283708177405,0.3167874944632274
5387,0.5879,4,17,4,483774,121836,51460,56496,1.1285708992552521,0.3168023686158401
5388,0.588,14,51,14,483825,121785,51474,56482,1.1280984845677868,0.31683934771999306
5389,0.5881,1,2,1,483827,121783,51475,56481,1.1280799585016117,0.3168390701431585
5390,0.5882,4,17,4,483844,121766,51479,56477,1.1279224869391233,0.31685395779918424
5391,0.5883,66,259,66,484103,121507,51545,56411,1.1255233613694469,0.31706179251115685
5392,0.5884,2,3,2,484106,121504,51547,56409,1.125495572270184,0.3170594616469848
5393,0.5885,3,16,3,484122,121488,51550,56406,1.1253473637407834,0.317076461263449
5394,0.5886,0,14,0,484136,121474,51550,56406,1.1252176812775576,0.31710141668540587
5395,0.5887,8,25,8,484161,121449,51558,56398,1.1249861054503687,0.317115273240482
5396,0.5888,6,23,6,484184,121426,51564,56392,1.124773055689355,0.3171332486025037
5397,0.5889,1,6,1,484190,121420,51565,56391,1.1247174774908295,0.317140109442048
5398,0.589,18,61,18,484251,121359,51583,56373,1.1241524324724887,0.3171797987981905
5399,0.5891,1,6,1,484257,121353,51584,56372,1.1240968542739636,0.31718666479110985
5400,0.5892,21,90,21,484347,121263,51605,56351,1.1232631812960836,0.3172666569076762
5401,0.5893,7,42,7,484389,121221,51612,56344,1.1228741339064063,0.3173147861346549
5402,0.5894,0,6,0,484395,121215,51612,56344,1.122818555707881,0.31732550870414905
5403,0.5895,5,18,5,484413,121197,51617,56339,1.122651821112305,0.3173384552992069
5404,0.5896,1,3,1,484416,121194,51618,56338,1.1226240320130423,0.31733997251199786
5405,0.5897,5,24,5,484440,121170,51623,56333,1.122401719218941,0.3173636501918277
5406,0.5898,0,24,0,484464,121146,51623,56333,1.1221794064248398,0.31740656641067394
5407,0.5899,0,12,0,484476,121134,51623,56333,1.1220682500277892,0.31742802887297356
5408,0.59,547,2153,547,486629,118981,52170,55786,1.102124939790285,0.31920213770334216
5409,0.5901,0,6,0,486635,118975,52170,55786,1.1020693615917596,0.31921309674355264
5410,0.5902,5,25,5,486660,118950,52175,55781,1.1018377857645707,0.3192392878195626
5411,0.5903,5,19,5,486679,118931,52180,55776,1.1016617881359072,0.3192545232875615
5412,0.5904,0,6,0,486685,118925,52180,55776,1.1016062099373818,0.31926548789073905
5413,0.5905,10,29,10,486714,118896,52190,55766,1.1013375819778428,0.31927952273534027
5414,0.5906,0,4,0,486718,118892,52190,55766,1.1013005298454925,0.31928683484295023
5415,0.5907,8,42,8,486760,118850,52198,55758,1.1009114824558153,0.31933244753963164
5416,0.5908,21,74,21,486834,118776,52219,55737,1.1002260180073362,0.31938594832476663
5417,0.5909,1,5,1,486839,118771,52220,55736,1.1001797028418985,0.3193911992069086
5418,0.591,14,55,14,486894,118716,52234,55722,1.0996702360220831,0.3194372785746225
5419,0.5911,3,12,3,486906,118704,52237,55719,1.0995590796250325,0.31944754992174196
5420,0.5912,4,15,4,486921,118689,52241,55715,1.099420134128719,0.3194594160684388
5421,0.5913,7,33,7,486954,118656,52248,55708,1.0991144540368298,0.31949255580280334
5422,0.5914,1,19,1,486973,118637,52249,55707,1.0989384564081663,0.3195234708392603
5423,0.5915,6,12,6,486985,118625,52255,55701,1.0988273000111157,0.3195220449043746
5424,0.5916,2,1,2,486986,118624,52257,55699,1.098818036978028,0.31951607074224286
5425,0.5917,66,272,66,487258,118352,52323,55633,1.0962984919782133,0.31975745035491565
5426,0.5918,4,21,4,487279,118331,52327,55629,1.0961039682833746,0.31978040928949186
5427,0.5919,1,10,1,487289,118321,52328,55628,1.0960113379524992,0.31979488240806214
5428,0.592,15,53,15,487342,118268,52343,55613,1.0955203971988587,0.31983367935542123
5429,0.5921,0,6,0,487348,118262,52343,55613,1.0954648190003335,0.3198447160316319
5430,0.5922,2,19,2,487367,118243,52345,55611,1.0952888213716698,0.319871846491884
5431,0.5923,7,32,7,487399,118211,52352,55604,1.0949924043128683,0.31990334551103183
5432,0.5924,1,7,1,487406,118204,52353,55603,1.0949275630812554,0.31991231653500724
5433,0.5925,54,221,54,487627,117983,52407,55549,1.092880432768906,0.3201081068621349
5434,0.5926,1,4,1,487631,117979,52408,55548,1.0928433806365556,0.3201115676522962
5435,0.5927,4,28,4,487659,117951,52412,55544,1.092584015710104,0.32014755468457307
5436,0.5928,3,11,3,487670,117940,52415,55541,1.092482122346141,0.3201560977859247
5437,0.5929,3,11,3,487681,117929,52418,55538,1.092380228982178,0.32016464226625235
5438,0.593,8,40,8,487721,117889,52426,55530,1.0920097076586757,0.3202071284000023
5439,0.5931,2,6,2,487727,117883,52428,55528,1.0919541294601505,0.320210367277739
5440,0.5932,5,15,5,487742,117868,52433,55523,1.091815183963837,0.32021846577965407
5441,0.5933,111,424,111,488166,117444,52544,55412,1.087887657934714,0.3205674087101402
5442,0.5934,1,10,1,488176,117434,52545,55411,1.0877950276038386,0.32058202435708294
5443,0.5935,5,20,5,488196,117414,52550,55406,1.0876097669420874,0.3205994676542067
5444,0.5936,2,6,2,488202,117408,52552,55404,1.0875541887435622,0.3206027359211166
5445,0.5937,4,24,4,488226,117384,52556,55400,1.0873318759494608,0.32063153995740346
5446,0.5938,3,20,3,488246,117364,52559,55397,1.0871466152877098,0.3206568612128895
5447,0.5939,1,5,1,488251,117359,52560,55396,1.087100300122272,0.3206622094874244
5448,0.594,15,93,15,488344,117266,52575,55381,1.0862388380451296,0.32077591849264686
5449,0.5941,0,2,0,488346,117264,52575,55381,1.0862203119789544,0.3207796345101219
5450,0.5942,31,86,31,488432,117178,52606,55350,1.0854236911334247,0.3208174904942966
5451,0.5943,6,37,6,488469,117141,52612,55344,1.0850809589091852,0.3208626837116271
5452,0.5944,3,9,3,488478,117132,52615,55341,1.0849975916113972,0.32086761406133135
5453,0.5945,4,21,4,488499,117111,52619,55337,1.0848030679165586,0.3208909352384487
5454,0.5946,3,6,3,488505,117105,52622,55334,1.0847474897180334,0.3208902858402102
5455,0.5947,10,36,10,488541,117069,52632,55324,1.0844140205268813,0.3209179026990655
5456,0.5948,1,15,1,488556,117054,52633,55323,1.084275075030568,0.3209418889991124
5457,0.5949,1,6,1,488562,117048,52634,55322,1.0842194968320427,0.3209491210767535
5458,0.595,233,862,233,489424,116186,52867,55089,1.076234762310571,0.32164063640344476
5459,0.5951,1,11,1,489435,116175,52868,55088,1.0761328689466079,0.32165733404179536
5460,0.5952,7,23,7,489458,116152,52875,55081,1.075919819185594,0.32167280839557794
5461,0.5953,12,35,12,489493,116117,52887,55069,1.0755956130275297,0.3216910261353148
5462,0.5954,4,13,4,489506,116104,52891,55065,1.0754751935973916,0.32169960682132864
5463,0.5955,1,24,1,489530,116080,52892,55064,1.0752528808032902,0.3217407563221615
5464,0.5956,2,3,2,489533,116077,52894,55062,1.0752250917040276,0.3217384698987373
5465,0.5957,8,36,8,489569,116041,52902,55054,1.0748916225128755,0.321774452789386
5466,0.5958,22,91,22,489660,115950,52924,55032,1.074048686501908,0.3218584412394287
5467,0.5959,2,12,2,489672,115938,52926,55030,1.0739375301048575,0.32187309905947314
5468,0.596,24,84,24,489756,115854,52950,55006,1.073159435325503,0.32193608802528384
5469,0.5961,2,6,2,489762,115848,52952,55004,1.0731038571269778,0.3219394563715965
5470,0.5962,0,24,0,489786,115824,52952,55004,1.0728815443328763,0.32198468635118366
5471,0.5963,8,28,8,489814,115796,52960,54996,1.0726221794064248,0.32200571455337484
5472,0.5964,4,7,4,489821,115789,52964,54992,1.072557338174812,0.3220030331242937
5473,0.5965,11,26,11,489847,115763,52975,54981,1.0723164993145355,0.32200838682472005
5474,0.5966,2,1,2,489848,115762,52977,54979,1.072307236281448,0.32200233101598325
5475,0.5967,126,427,126,490275,115335,53103,54853,1.0683519211530623,0.3223082708534092
5476,0.5968,4,17,4,490292,115318,53107,54849,1.068194449590574,0.3223245400106954
5477,0.5969,1,4,1,490296,115314,53108,54848,1.0681573974582237,0.32232813436607466
5478,0.597,4,46,4,490342,115268,53112,54844,1.0677312979361961,0.32239936042136946
5479,0.5971,1,15,1,490357,115253,53113,54843,1.067592352439883,0.3224238077321042
5480,0.5972,2,12,2,490369,115241,53115,54841,1.0674811960428323,0.3224385884455733
5481,0.5973,9,32,9,490401,115209,53124,54832,1.0671847789840305,0.32246340588446315
5482,0.5974,0,7,0,490408,115202,53124,54832,1.0671199377524176,0.32247668113436134
5483,0.5975,77,217,77,490625,114985,53201,54755,1.0651098595724184,0.3225815953811712
5484,0.5976,2,12,2,490637,114973,53203,54753,1.0649987031753678,0.32259642011241646
5485,0.5977,9,21,9,490658,114952,53212,54744,1.0648041794805292,0.32260041485951346
5486,0.5978,8,29,8,490687,114923,53220,54736,1.06453555152099,0.3226236156054203
5487,0.5979,0,12,0,490699,114911,53220,54736,1.0644243951239394,0.32264643642386837
5488,0.598,24,69,24,490768,114842,53244,54712,1.063785245840898,0.3226818594666006
5489,0.5981,2,6,2,490774,114836,53246,54710,1.0637296676423729,0.3226852889481321
5490,0.5982,2,17,2,490791,114819,53248,54708,1.0635721960798843,0.32270965686881736
5491,0.5983,73,224,73,491015,114595,53321,54635,1.0614972766682722,0.3228446492938604
5492,0.5984,1,2,1,491017,114593,53322,54634,1.061478750602097,0.3228444633539565
5493,0.5985,5,27,5,491044,114566,53327,54629,1.0612286487087332,0.3228759715121605
5494,0.5986,1,8,1,491052,114558,53328,54628,1.0611545444440327,0.3228872365325736
5495,0.5987,6,24,6,491076,114534,53334,54622,1.0609322316499314,0.3229090307172078
5496,0.5988,6,23,6,491099,114511,53340,54616,1.0607191818889177,0.32292892323520195
5497,0.5989,0,4,0,491103,114507,53340,54616,1.0606821297565674,0.3229365609645051
5498,0.599,12,49,12,491152,114458,53352,54604,1.0602282411352772,0.3229821012409649
5499,0.5991,2,5,2,491157,114453,53354,54602,1.0601819259698395,0.3229836443760906
5500,0.5992,23,104,23,491261,114349,53377,54579,1.059218570528734,0.32309031066489863
5501,0.5993,9,39,9,491300,114310,53386,54570,1.0588573122383194,0.3231288488867835
5502,0.5994,1,2,1,491302,114308,53387,54569,1.0588387861721442,0.32312866761015413
5503,0.5995,4,15,4,491317,114293,53391,54565,1.0586998406758308,0.32314133769202524
5504,0.5996,0,5,0,491322,114288,53391,54565,1.058653525510393,0.32315090640971733
5505,0.5997,9,15,9,491337,114273,53400,54556,1.0585145800140798,0.3231435357669595
5506,0.5998,7,20,7,491357,114253,53407,54549,1.0583293193523287,0.32315375410243957
5507,0.5999,2,7,2,491364,114246,53409,54547,1.0582644781207158,0.3231591357461506
5508,0.6,583,2000,583,493364,112246,53992,53964,1.0397384119456075,0.324673605679562
5509,0.6001,0,5,0,493369,112241,53992,53964,1.0396920967801697,0.3246833729430523
5510,0.6002,7,20,7,493389,112221,53999,53957,1.0395068361184185,0.32469400281625727
5511,0.6003,3,22,3,493411,112199,54002,53954,1.0393030493904925,0.3247248018392686
5512,0.6004,1,4,1,493415,112195,54003,53953,1.0392659972581422,0.32472855526398153
5513,0.6005,6,34,6,493449,112161,54009,53947,1.0389510541331655,0.3247706311556337
5514,0.6006,0,3,0,493452,112158,54009,53947,1.0389232650339026,0.32477649679419646
5515,0.6007,11,36,11,493488,112122,54020,53936,1.0385897958427508,0.32480217755242147
5516,0.6008,24,88,24,493576,112034,54044,53912,1.037774648931046,0.3248767671411182
5517,0.6009,0,2,0,493578,112032,54044,53912,1.0377561228648708,0.3248806826399267
5518,0.601,13,59,13,493637,111973,54057,53899,1.0372096039127052,0.32494332979646956
5519,0.6011,1,7,1,493644,111966,54058,53898,1.0371447626810923,0.3249529735204746
5520,0.6012,5,22,5,493666,111944,54063,53893,1.036940975953166,0.32497572917985734
5521,0.6013,7,36,7,493702,111908,54070,53886,1.0366075067620142,0.325017793165012
5522,0.6014,1,4,1,493706,111904,54071,53885,1.036570454629664,0.3250215635536736
5523,0.6015,8,15,8,493721,111889,54079,53877,1.0364315091333507,0.3250183994305225
5524,0.6016,0,2,0,493723,111887,54079,53877,1.0364129830671756,0.32502232088993993
5525,0.6017,55,233,55,493956,111654,54134,53822,1.0342546963577754,0.32525562619352655
5526,0.6018,4,24,4,493980,111630,54138,53818,1.034032383563674,0.3252864948503457
5527,0.6019,2,5,2,493985,111625,54140,53816,1.0339860683982363,0.32528816919626935
5528,0.602,20,55,20,494040,111570,54160,53796,1.033476601578421,0.32531475635862267
5529,0.6021,2,8,2,494048,111562,54162,53794,1.0334024973137204,0.3253223348411911
5530,0.6022,5,15,5,494063,111547,54167,53789,1.0332635518174071,0.32533144626699567
5531,0.6023,12,25,12,494088,111522,54179,53777,1.0330319759902182,0.3253316716979534
5532,0.6024,1,5,1,494093,111517,54180,53776,1.0329856608247805,0.32533743110718544
5533,0.6025,54,212,54,494305,111305,54234,53722,1.031021897810219,0.3255346094881444
5534,0.6026,2,4,2,494309,111301,54236,53720,1.0309848456778687,0.325534325934275
5535,0.6027,11,35,11,494344,111266,54247,53709,1.0306606395198044,0.32555841794211243
5536,0.6028,3,7,3,494351,111259,54250,53706,1.0305957982881915,0.3255599672657837
5537,0.6029,2,18,2,494369,111241,54252,53704,1.0304290636926154,0.32558731698444937
5538,0.603,7,33,7,494402,111208,54259,53697,1.0301233836007262,0.32562384403141204
5539,0.6031,4,4,4,494406,111204,54263,53693,1.030086331468376,0.32561538414889296
5540,0.6032,6,15,6,494421,111189,54269,53687,1.0299473859720627,0.3256204662898178
5541,0.6033,106,402,106,494823,110787,54375,53581,1.0262236466708659,0.3259819429572666
5542,0.6034,2,8,2,494831,110779,54377,53579,1.0261495424061655,0.3259896080507185
5543,0.6035,8,29,8,494860,110750,54385,53571,1.0258809144466263,0.3260143256187584
5544,0.6036,1,5,1,494865,110745,54386,53570,1.0258345992811886,0.32602014423515807
5545,0.6037,5,25,5,494890,110720,54391,53565,1.0256030234539997,0.3260492436923639
5546,0.6038,6,10,6,494900,110710,54397,53559,1.0255103931231242,0.32604447582928003
5547,0.6039,1,12,1,494912,110698,54398,53558,1.0253992367260736,0.32606419248003116
5548,0.604,18,99,18,495011,110599,54416,53540,1.0244821964504056,0.3261869513034684
5549,0.6041,1,3,1,495014,110596,54417,53539,1.024454407351143,0.32618880799342004
5550,0.6042,20,82,20,495096,110514,54437,53519,1.0236948386379636,0.3262697140209592
5551,0.6043,9,32,9,495128,110482,54446,53510,1.0233984215791618,0.3262964047026684
5552,0.6044,0,3,0,495131,110479,54446,53510,1.0233706324798992,0.32630237393971545
5553,0.6045,4,19,4,495150,110460,54450,53506,1.0231946348512357,0.3263237500457412
5554,0.6046,5,4,5,495154,110456,54455,53501,1.0231575827188855,0.32631116695231066
5555,0.6047,10,31,10,495185,110425,54465,53491,1.0228704286931714,0.32633177969203736
5556,0.6048,7,16,7,495201,110409,54472,53484,1.0227222201637705,0.3263348648203401
5557,0.6049,0,4,0,495205,110405,54472,53484,1.0226851680314202,0.32634282959808164
5558,0.605,212,748,212,495953,109657,54684,53272,1.0157564192819297,0.3269645060118211
5559,0.6051,1,2,1,495955,109655,54685,53271,1.0157378932157546,0.3269643887409008
5560,0.6052,3,19,3,495974,109636,54688,53268,1.015561895587091,0.3269901291558218
5561,0.6053,6,18,6,495992,109618,54694,53262,1.015395160991515,0.32700147347740666
5562,0.6054,1,8,1,496000,109610,54695,53261,1.0153210567268147,0.3270134032455133
5563,0.6055,7,15,7,496015,109595,54702,53254,1.0151821112305013,0.32701459634385227
5564,0.6056,1,7,1,496022,109588,54703,53253,1.0151172699988884,0.32702452085162825
5565,0.6057,12,34,12,496056,109554,54715,53241,1.0148023268739117,0.32704321385791946
5566,0.6058,24,93,24,496149,109461,54739,53217,1.0139408647967691,0.3271308966178586
5567,0.6059,1,1,1,496150,109460,54740,53216,1.0139316017636815,0.3271287713000074
5568,0.606,18,112,18,496262,109348,54758,53198,1.0128941420578754,0.3272796623724976
5569,0.6061,0,6,0,496268,109342,54758,53198,1.01283856385935,0.32729174357081336
5570,0.6062,2,19,2,496287,109323,54760,53196,1.0126625662306865,0.32732172853635577
5571,0.6063,4,22,4,496309,109301,54764,53192,1.0124587795027604,0.32734948582400475
5572,0.6064,3,6,3,496315,109295,54767,53189,1.012403201304235,0.3273491543782772
5573,0.6065,3,25,3,496340,109270,54770,53186,1.0121716254770463,0.3273871078938297
5574,0.6066,0,1,0,496341,109269,54770,53186,1.0121623624439586,0.32738912314179314
5575,0.6067,121,423,121,496764,108846,54891,53065,1.0082440994479231,0.3277417840665551
5576,0.6068,6,23,6,496787,108823,54897,53059,1.0080310496869094,0.327763432623763
5577,0.6069,1,2,1,496789,108821,54898,53058,1.0080125236207345,0.3277633294003546
5578,0.607,13,44,13,496833,108777,54911,53045,1.007604950164882,0.3277984452052255
5579,0.6071,6,15,6,496848,108762,54917,53039,1.0074660046685686,0.3278039072688055
5580,0.6072,4,18,4,496866,108744,54921,53035,1.0072992700729928,0.327823759573245
5581,0.6073,11,39,11,496905,108705,54932,53024,1.0069380117825781,0.3278570942749909
5582,0.6074,1,6,1,496911,108699,54933,53023,1.0068824335840527,0.3278651018414316
5583,0.6075,71,209,71,497120,108490,55004,52952,1.0049464596687538,0.32799395448520213
5584,0.6076,4,13,4,497133,108477,55008,52948,1.0048260402386158,0.3280037168963915
5585,0.6077,4,32,4,497165,108445,55012,52944,1.004529623179814,0.32805209772661087
5586,0.6078,2,16,2,497181,108429,55014,52942,1.004381414650413,0.32807629623662243
5587,0.6079,3,13,3,497194,108416,55017,52939,1.004260995220275,0.328090235815438
5588,0.608,21,54,21,497248,108362,55038,52918,1.003760791433547,0.3281125992063492
5589,0.6081,0,5,0,497253,108357,55038,52918,1.0037144762681092,0.328122771663308
5590,0.6082,5,14,5,497267,108343,55043,52913,1.0035847938048834,0.32813042615468574
5591,0.6083,62,222,62,497489,108121,55105,52851,1.0015284004594465,0.32832418060283775
5592,0.6084,1,11,1,497500,108110,55106,52850,1.0014265070954833,0.3283424453280318
5593,0.6085,7,20,7,497520,108090,55113,52843,1.0012412464337324,0.32835403553031384
5594,0.6086,2,4,2,497524,108086,55115,52841,1.001204194301382,0.32835384988224475
5595,0.6087,3,22,3,497546,108064,55118,52838,1.0010004075734558,0.3283862226696996
5596,0.6088,2,15,2,497561,108049,55120,52836,1.0008614620771425,0.3284084905367188
5597,0.6089,0,4,0,497565,108045,55120,52836,1.0008244099447923,0.3284166557890615
5598,0.609,14,58,14,497623,107987,55134,52822,1.000287154025714,0.32847663998905535
5599,0.6091,2,5,2,497628,107982,55136,52820,1.0002408388602764,0.32847850151117525
5600,0.6092,28,98,28,497726,107884,55164,52792,0.9993330616176961,0.3285618262839503
5601,0.6093,13,37,13,497763,107847,55177,52779,0.9989903293934566,0.3285831683538157
5602,0.6094,1,5,1,497768,107842,55178,52778,0.9989440142280188,0.3285892167849583
5603,0.6095,2,15,2,497783,107827,55180,52776,0.9988050687317055,0.328611545238881
5604,0.6096,1,6,1,497789,107821,55181,52775,0.9987494905331802,0.32861964183416775
5605,0.6097,5,32,5,497821,107789,55186,52770,0.9984530734743785,0.3286642293487129
5606,0.6098,5,23,5,497844,107766,55191,52765,0.9982400237133647,0.3286904087061066
5607,0.6099,1,3,1,497847,107763,55192,52764,0.998212234614102,0.32869236950793324
5608,0.61,554,2006,554,499853,105757,55746,52210,0.9796305902404684,0.33051206897643176
5609,0.6101,2,5,2,499858,105752,55748,52208,0.9795842750750305,0.33051405419093444
5610,0.6102,7,11,7,499869,105741,55755,52201,0.9794823817110675,0.33050740145116564
5611,0.6103,4,15,4,499884,105726,55759,52197,0.9793434362147542,0.3305218365912502
5612,0.6104,2,4,2,499888,105722,55761,52195,0.9793063840824039,0.33052172976943583
5613,0.6105,9,38,9,499926,105684,55770,52186,0.9789543888250769,0.3305631215557104
5614,0.6106,2,4,2,499930,105680,55772,52184,0.9789173366927266,0.33056301626716666
5615,0.6107,9,38,9,499968,105642,55781,52175,0.9785653414353996,0.33060443424979563
5616,0.6108,21,85,21,500053,105557,55802,52154,0.9777779836229575,0.33069348365047463
5617,0.6109,0,6,0,500059,105551,55802,52154,0.9777224054244322,0.3307060651215878
5618,0.611,17,48,17,500107,105503,55819,52137,0.9772777798362295,0.3307345851306775
5619,0.6111,0,11,0,500118,105492,55819,52137,0.9771758864722665,0.3307576651504482
5620,0.6112,5,21,5,500139,105471,55824,52132,0.9769813627774279,0.3307805054472313
5621,0.6113,4,31,4,500170,105440,55828,52128,0.9766942087517136,0.3308285946385053
5622,0.6114,4,12,4,500182,105428,55832,52124,0.976583052354663,0.3308368030872347
5623,0.6115,8,32,8,500214,105396,55840,52116,0.9762866352958612,0.3308700289501752
5624,0.6116,2,2,2,500216,105394,55842,52114,0.9762681092296862,0.33086573380399725
5625,0.6117,63,226,63,500442,105168,55905,52051,0.9741746637518989,0.3310732163415363
5626,0.6118,2,6,2,500448,105162,55907,52049,0.9741190855533736,0.33107734191627813
5627,0.6119,1,6,1,500454,105156,55908,52048,0.9740635073548483,0.33108572300959266
5628,0.612,17,41,17,500495,105115,55925,52031,0.9736837229982586,0.33109974164153083
5629,0.6121,3,6,3,500501,105109,55928,52028,0.9736281447997333,0.3310996137128748
5630,0.6122,3,12,3,500513,105097,55931,52025,0.9735169884026825,0.3311121294280877
5631,0.6123,11,39,11,500552,105058,55942,52014,0.973155730112268,0.33114749923601916
5632,0.6124,1,3,1,500555,105055,55943,52013,0.9731279410130053,0.33114956579315963
5633,0.6125,60,226,60,500781,104829,56003,51953,0.971034495535218,0.33137094819558366
5634,0.6126,3,5,3,500786,104824,56006,51950,0.9709881803697803,0.33136872185438915
5635,0.6127,8,37,8,500823,104787,56014,51942,0.9706454481455408,0.3314128208563827
5636,0.6128,1,19,1,500842,104768,56015,51941,0.9704694505168773,0.3314487361925607
5637,0.6129,1,12,1,500854,104756,56016,51940,0.9703582941198265,0.3314698524531577
5638,0.613,13,56,13,500910,104700,56029,51927,0.9698395642669235,0.33153287747323257
5639,0.6131,4,17,4,500927,104683,56033,51923,0.9696820927044352,0.33155179239620447
5640,0.6132,4,18,4,500945,104665,56037,51919,0.9695153581088591,0.33157282991876563
5641,0.6133,124,412,124,501357,104253,56161,51795,0.9656989884767868,0.33191710243002154
5642,0.6134,1,4,1,501361,104249,56162,51794,0.9656619363444366,0.33192132937715885
5643,0.6135,8,32,8,501393,104217,56170,51786,0.9653655192856349,0.3319551547085633
5644,0.6136,4,6,4,501399,104211,56174,51782,0.9653099410871095,0.33195079266377336
5645,0.6137,5,22,5,501421,104189,56179,51777,0.9651061543591833,0.3319761999410128
5646,0.6138,4,14,4,501435,104175,56183,51773,0.9649764718959576,0.3319888680842332
5647,0.6139,0,5,0,501440,104170,56183,51773,0.9649301567305199,0.3319995126424399
5648,0.614,24,75,24,501515,104095,56207,51749,0.9642354292489532,0.3320564153897487
5649,0.6141,1,1,1,501516,104094,56208,51748,0.9642261662158658,0.3320542600839312
5650,0.6142,28,99,28,501615,103995,56236,51720,0.9633091259401979,0.3321452653886909
5651,0.6143,3,38,3,501653,103957,56239,51717,0.9629571306828708,0.33221347174223054
5652,0.6144,2,6,2,501659,103951,56241,51715,0.9629015524843455,0.33221769686379815
5653,0.6145,4,24,4,501683,103927,56245,51711,0.9626792396902442,0.33225176370809184
5654,0.6146,2,9,2,501692,103918,56247,51709,0.9625958723924561,0.3322623966278345
5655,0.6147,4,21,4,501713,103897,56251,51705,0.9624013486976175,0.3322900733923729
5656,0.6148,2,16,2,501729,103881,56253,51703,0.9622531401682167,0.3323156622788976
5657,0.6149,1,11,1,501740,103870,56254,51702,0.9621512468042536,0.33233486745686885
5658,0.615,199,738,199,502478,103132,56453,51503,0.9553151283856386,0.33306172599993533
5659,0.6151,1,4,1,502482,103128,56454,51502,0.9552780762532884,0.3330660285843627
5660,0.6152,2,23,2,502505,103105,56456,51500,0.9550650264922746,0.33310694996927653
5661,0.6153,7,21,7,502526,103084,56463,51493,0.954870502797436,0.3331220039203763
5662,0.6154,0,9,0,502535,103075,56463,51493,0.954787135499648,0.33314140054862584
5663,0.6155,9,24,9,502559,103051,56472,51484,0.9545648227055467,0.333154301614521
5664,0.6156,0,6,0,502565,103045,56472,51484,0.9545092445070213,0.33316723721760966
5665,0.6157,9,44,9,502609,103001,56481,51475,0.9541016710511689,0.3332232838758124
5666,0.6158,23,81,23,502690,102920,56504,51452,0.9533513653710771,0.33329878475371183
5667,0.6159,3,6,3,502696,102914,56507,51449,0.9532957871725518,0.333298782739387
5668,0.616,19,75,19,502771,102839,56526,51430,0.9526010596909852,0.3333787086193597
5669,0.6161,1,2,1,502773,102837,56527,51429,0.9525825336248102,0.3333787095017697
5670,0.6162,4,19,4,502792,102818,56531,51425,0.9524065359961466,0.33340248828147795
5671,0.6163,5,26,5,502818,102792,56536,51420,0.9521656971358702,0.33343708660804605
5672,0.6164,0,3,0,502821,102789,56536,51420,0.9521379080366075,0.3334435733322958
5673,0.6165,4,16,4,502837,102773,56540,51416,0.9519896995072067,0.3334608824235192
5674,0.6166,1,6,1,502843,102767,56541,51415,0.9519341213086813,0.33346953600290563
5675,0.6167,121,386,121,503229,102381,56662,51294,0.9483585905368854,0.3337823328452904
5676,0.6168,2,13,2,503242,102368,56664,51292,0.9482381711067472,0.33380190029936224
5677,0.6169,1,4,1,503246,102364,56665,51291,0.948201118974397,0.33380625427093163
5678,0.617,15,29,15,503275,102335,56680,51276,0.9479324910148579,0.3338042197498877
5679,0.6171,3,9,3,503284,102326,56683,51273,0.9478491237170699,0.333810766997181
5680,0.6172,5,15,5,503299,102311,56688,51268,0.9477101782207566,0.33382168134966367
5681,0.6173,10,33,10,503332,102278,56698,51258,0.9474044981288673,0.33385004168403504
5682,0.6174,2,8,2,503340,102270,56700,51256,0.9473303938641668,0.3338587600797259
5683,0.6175,52,217,52,503557,102053,56752,51204,0.9453203156841676,0.33410545684699555
5684,0.6176,0,6,0,503563,102047,56752,51204,0.9452647374856423,0.33411853756256077
5685,0.6177,7,41,7,503604,102006,56759,51197,0.9448849531290526,0.33417752916065613
5686,0.6178,0,11,0,503615,101995,56759,51197,0.9447830597650895,0.33420152488380594
5687,0.6179,4,10,4,503625,101985,56763,51193,0.9446904294342139,0.33420595646894463
5688,0.618,8,79,8,503704,101906,56771,51185,0.9439586498202972,0.3343436256866831
5689,0.6181,0,3,0,503707,101903,56771,51185,0.9439308607210345,0.3343501776755853
5690,0.6182,3,21,3,503728,101882,56774,51182,0.9437363370261959,0.33438300318820885
5691,0.6183,70,226,70,503954,101656,56844,51112,0.9416428915484086,0.334572685379137
5692,0.6185,4,21,4,503975,101635,56848,51108,0.94144836785357,0.3346012583228037
5693,0.6186,1,12,1,503987,101623,56849,51107,0.9413372114565193,0.33462319125253714
5694,0.6187,2,33,2,504020,101590,56851,51105,0.94103153136463,0.3346867939356233
5695,0.6188,6,15,6,504035,101575,56857,51099,0.9408925858683167,0.33469353000510893
5696,0.6189,1,6,1,504041,101569,56858,51098,0.9408370076697914,0.3347023259774542
5697,0.619,10,46,10,504087,101523,56868,51088,0.940410908147764,0.33475961758981987
5698,0.6191,1,5,1,504092,101518,56869,51087,0.9403645929823261,0.33476622653255134
5699,0.6192,13,73,13,504165,101445,56882,51074,0.9396883915669346,0.33486975393229695
5700,0.6193,6,28,6,504193,101417,56888,51068,0.9394290266404831,0.3349050726300948
5701,0.6194,3,6,3,504199,101411,56891,51065,0.9393734484419578,0.33490516540307985
5702,0.6195,5,30,5,504229,101381,56896,51060,0.9390955574493313,0.3349492590576026
5703,0.6196,1,7,1,504236,101374,56897,51059,0.9390307162177183,0.33496027763017194
5704,0.6197,6,20,6,504256,101354,56903,51053,0.9388454555559672,0.3349780521892039
5705,0.6198,7,15,7,504271,101339,56910,51046,0.9387065100596539,0.33498047708107753
5706,0.6199,1,5,1,504276,101334,56911,51045,0.9386601948942161,0.3349871045222767
5707,0.62,577,2004,577,506280,99330,57488,50468,0.9200970765867575,0.33690703480687323
5708,0.6201,1,6,1,506286,99324,57489,50467,0.9200414983882322,0.33691610310365777
5709,0.6202,8,21,8,506307,99303,57497,50459,0.9198469746933936,0.3369279256420187
5710,0.6203,1,26,1,506333,99277,57498,50458,0.9196061358331172,0.336982001536047
5711,0.6204,0,14,0,506347,99263,57498,50458,0.9194764533698915,0.3370135117986121
5712,0.6205,4,27,4,506374,99236,57502,50454,0.9192263514765274,0.3370565836061193
5713,0.6206,0,3,0,506377,99233,57502,50454,0.9191985623772648,0.33706333883369965
5714,0.6207,12,35,12,506412,99198,57514,50442,0.9188743562192004,0.33708901363271854
5715,0.6208,22,88,22,506500,99110,57536,50420,0.9180592093074956,0.33718986156624087
5716,0.6209,1,2,1,506502,99108,57537,50419,0.9180406832413205,0.3371899389407933
5717,0.621,14,43,14,506545,99065,57551,50405,0.9176423728185558,0.33722486117615574
5718,0.6211,2,4,2,506549,99061,57553,50403,0.9176053206862055,0.3372250173954932
5719,0.6212,3,15,3,506564,99046,57556,50400,0.9174663751898922,0.3372455602692611
5720,0.6213,7,29,7,506593,99017,57563,50393,0.9171977472303531,0.3372799678736363
5721,0.6214,0,6,0,506599,99011,57563,50393,0.9171421690318278,0.3372935128912211
5722,0.6215,4,31,4,506630,98980,57567,50389,0.9168550150061135,0.33734576786347903
5723,0.6216,1,3,1,506633,98977,57568,50388,0.916827225906851,0.33734810698624174
5724,0.6217,60,229,60,506862,98748,57628,50328,0.914705991329801,0.3375996136198986
5725,0.6218,2,23,2,506885,98725,57630,50326,0.9144929415687872,0.33764282024273573
5726,0.6219,5,5,5,506890,98720,57635,50321,0.9144466264033495,0.337631926785247
5727,0.622,15,37,15,506927,98683,57650,50306,0.91410389417911,0.33764908818771855
5728,0.6221,6,11,6,506938,98672,57656,50300,0.9140020008151469,0.33764734312488254
5729,0.6222,7,16,7,506954,98656,57663,50293,0.913853792285746,0.33765248507878537
5730,0.6223,3,25,3,506979,98631,57666,50290,0.9136222164585572,0.33769582530334874
5731,0.6224,2,4,2,506983,98627,57668,50288,0.913585164326207,0.3376960010744384
5732,0.6225,49,211,49,507194,98416,57717,50239,0.911630664344733,0.3379570145639232
5733,0.6226,0,2,0,507196,98414,57717,50239,0.9116121382785579,0.33796156148883644
5734,0.6227,6,30,6,507226,98384,57723,50233,0.9113342472859313,0.3380030548322197
5735,0.6228,0,12,0,507238,98372,57723,50233,0.9112230908888806,0.33803034891154404
5736,0.6229,4,14,4,507252,98358,57727,50229,0.9110934084256549,0.3380443780411476
5737,0.623,8,50,8,507302,98308,57735,50221,0.9106302567712772,0.33812252152778244
5738,0.6231,2,5,2,507307,98303,57737,50219,0.9105839416058394,0.33812499158373843
5739,0.6232,5,22,5,507329,98281,57742,50214,0.9103801548779132,0.33815279975756757
5740,0.6233,100,361,100,507690,97920,57842,50114,0.9070361999333062,0.3385303376251402
5741,0.6234,0,2,0,507692,97918,57842,50114,0.9070176738671311,0.3385349113705145
5742,0.6235,4,31,4,507723,97887,57846,50110,0.9067305198414168,0.3385879443502233
5743,0.6236,3,7,3,507730,97880,57849,50107,0.906665678609804,0.3385905518727996
5744,0.6237,4,19,4,507749,97861,57853,50103,0.9064896809811405,0.3386161498742937
5745,0.6238,3,28,3,507777,97833,57856,50100,0.906230316054689,0.33866682890227334
5746,0.6239,1,1,1,507778,97832,57857,50099,0.9062210530216014,0.3386646477073771
5747,0.624,23,83,23,507861,97749,57880,50076,0.9054522212753344,0.338751902587519
5748,0.6241,0,2,0,507863,97747,57880,50076,0.9054336952091593,0.3387564857972034
5749,0.6242,19,64,19,507927,97683,57899,50057,0.9048408610915558,0.33881819412481384
5750,0.6243,5,40,5,507967,97643,57904,50052,0.9044703397680537,0.33888757236196215
5751,0.6244,1,5,1,507972,97638,57905,50051,0.9044240246026158,0.3388945689929514
5752,0.6245,5,20,5,507992,97618,57910,50046,0.9042387639408648,0.3389180842994907
5753,0.6246,0,6,0,507998,97612,57910,50046,0.9041831857423395,0.3389318560457273
5754,0.6247,5,22,5,508020,97590,57915,50041,0.9039793990144133,0.33895997453109444
5755,0.6248,1,13,1,508033,97577,57916,50040,0.9038589795842751,0.33898534721610657
5756,0.6249,0,2,0,508035,97575,57916,50040,0.9038404535180999,0.3389899400467432
5757,0.625,214,709,214,508744,96866,58130,49826,0.897272963059024,0.3396640580263409
5758,0.6251,1,3,1,508747,96863,58131,49825,0.8972451739597613,0.33966650305410123
5759,0.6252,2,17,2,508764,96846,58133,49823,0.897087702397273,0.3396968684589109
5760,0.6253,7,26,7,508790,96820,58140,49816,0.8968468635369966,0.3397255789846968
5761,0.6254,1,5,1,508795,96815,58141,49815,0.8968005483715588,0.33973266043783673
5762,0.6255,3,27,3,508822,96788,58144,49812,0.8965504464781948,0.33978171896316506
5763,0.6256,1,7,1,508829,96781,58145,49811,0.8964856052465819,0.3397934402968784
5764,0.6257,11,33,11,508862,96748,58156,49800,0.8961799251546927,0.33982040014193304
5765,0.6258,18,74,18,508936,96674,58174,49782,0.8954944607062136,0.33991096301961
5766,0.6259,2,4,2,508940,96670,58176,49780,0.8954574085738635,0.3399112325025606
5767,0.626,13,85,13,509025,96585,58189,49767,0.8946700507614214,0.34005001639881927
5768,0.6261,0,5,0,509030,96580,58189,49767,0.8946237355959835,0.34006163433483433
5769,0.6262,3,21,3,509051,96559,58192,49764,0.8944292119011449,0.3400969088933387
5770,0.6263,5,21,5,509072,96538,58197,49759,0.8942346882063062,0.34012317409106135
5771,0.6264,1,7,1,509079,96531,58198,49758,0.8941698469746934,0.3401349383754076
5772,0.6265,7,21,7,509100,96510,58205,49751,0.8939753232798547,0.340152193681159
5773,0.6266,1,3,1,509103,96507,58206,49750,0.8939475341805921,0.340154659264172
5774,0.6267,118,401,118,509504,96106,58324,49632,0.8902330579124829,0.340556340830806
5775,0.6268,3,15,3,509519,96091,58327,49629,0.8900941124161695,0.3405778204776283
5776,0.6269,3,2,3,509521,96089,58330,49626,0.8900755863499944,0.3405689187798099
5777,0.627,6,42,6,509563,96047,58336,49620,0.8896865389603171,0.3406399527689868
5778,0.6271,5,5,5,509568,96042,58341,49615,0.8896402237948794,0.340629011993931
5779,0.6272,2,8,2,509576,96034,58343,49613,0.889566119530179,0.3406386674631129
5780,0.6273,11,26,11,509602,96008,58354,49602,0.8893252806699026,0.34064968065380125
5781,0.6274,1,3,1,509605,96005,58355,49601,0.8892974915706399,0.3406521709270222
5782,0.6275,55,186,55,509791,95819,58410,49546,0.8875745674163548,0.340838578750043
5783,0.6276,0,5,0,509796,95814,58410,49546,0.887528252250917,0.34085030269675287
5784,0.6277,6,36,6,509832,95778,58416,49540,0.8871947830597651,0.3409075269409158
5785,0.6278,4,13,4,509845,95765,58420,49536,0.8870743636296269,0.34091988355207464
5786,0.6279,0,3,0,509848,95762,58420,49536,0.8870465745303642,0.3409269226004487
5787,0.628,13,47,13,509895,95715,58433,49523,0.8866112119752492,0.3409782563791845
5788,0.6281,1,1,1,509896,95714,58434,49522,0.8866019489421616,0.3409760665399763
5789,0.6282,3,21,3,509917,95693,58437,49519,0.886407425247323,0.34101176211332396
5790,0.6283,58,225,58,510142,95468,58495,49461,0.8843232428026233,0.3412774530977237
5791,0.6284,1,3,1,510145,95465,58496,49460,0.8842954537033606,0.341279972399517
5792,0.6285,4,24,4,510169,95441,58500,49456,0.8840731409092594,0.3413183157691326
5793,0.6286,1,8,1,510177,95433,58501,49455,0.8839990366445589,0.34133261553751865
5794,0.6287,4,25,4,510202,95408,58505,49451,0.88376746081737,0.34137333545033444
5795,0.6288,7,19,7,510221,95389,58512,49444,0.8835914631887065,0.3413862862745369
5796,0.6289,0,10,0,510231,95379,58512,49444,0.8834988328578309,0.3414098589312471
5797,0.629,8,54,8,510285,95325,58520,49436,0.882998629071103,0.3415008185906425
5798,0.6291,0,8,0,510293,95317,58520,49436,0.8829245248064026,0.3415196921652746
5799,0.6292,27,91,27,510384,95226,58547,49409,0.8820815887954352,0.3416116431016006
5800,0.6293,11,32,11,510416,95194,58558,49398,0.8817851717366334,0.34163715834900965
5801,0.6294,0,10,0,510426,95184,58558,49398,0.8816925414057579,0.3416607876499149
5802,0.6295,6,16,6,510442,95168,58564,49392,0.881544332876357,0.34167127836192585
5803,0.6296,3,8,3,510450,95160,58567,49389,0.8814702286116566,0.3416765249154266
5804,0.6297,4,23,4,510473,95137,58571,49385,0.8812571788506428,0.34171268042235786
5805,0.6298,7,14,7,510487,95123,58578,49378,0.881127496387417,0.34171389817371506
5806,0.6299,0,1,0,510488,95122,58578,49378,0.8811182333543296,0.34171626297577856
5807,0.63,571,1880,571,512368,93242,59149,48807,0.8637037311497276,0.34359270392611
5808,0.6301,0,5,0,512373,93237,59149,48807,0.8636574159842899,0.3436047985131368
5809,0.6302,4,13,4,512386,93224,59153,48803,0.8635369965541517,0.34361776281974554
5810,0.6303,3,21,3,512407,93203,59156,48800,0.8633424728593131,0.3436547115201791
5811,0.6304,0,5,0,512412,93198,59156,48800,0.8632961576938752,0.34366681220862266
5812,0.6305,2,16,2,512428,93182,59158,48798,0.8631479491644745,0.3436962952528525
5813,0.6306,3,4,3,512432,93178,59161,48795,0.8631108970321242,0.3436921104717094
5814,0.6307,8,36,8,512468,93142,59169,48787,0.8627774278409722,0.3437422936820523
5815,0.6308,35,63,35,512531,93079,59204,48752,0.8621938567564563,0.3437330343859946
5816,0.6309,1,9,1,512540,93070,59205,48751,0.8621104894586683,0.34375022034818536
5817,0.631,10,46,10,512586,93024,59215,48741,0.8616843899366409,0.3438154692625119
5818,0.6311,2,7,2,512593,93017,59217,48739,0.861619548705028,0.3438231891419058
5819,0.6312,5,13,5,512606,93004,59222,48734,0.8614991292748898,0.3438315765708561
5820,0.6313,7,18,7,512624,92986,59229,48727,0.8613323946793138,0.343842837283806
5821,0.6314,1,2,1,512626,92984,59230,48726,0.8613138686131386,0.3438430597699527
5822,0.6315,9,17,9,512643,92967,59239,48717,0.8611563970506503,0.3438426357245702
5823,0.6316,1,3,1,512646,92964,59240,48716,0.8611286079513876,0.343845285149633
5824,0.6317,55,218,55,512864,92746,59295,48661,0.8591092667383008,0.3441201637825567
5825,0.6318,0,16,0,512880,92730,59295,48661,0.8589610582088999,0.3441591048935222
5826,0.6319,1,9,1,512889,92721,59296,48660,0.8588776909111119,0.34417637447747573
5827,0.632,10,42,10,512931,92679,59306,48650,0.8584886435214346,0.3442322524039652
5828,0.6321,2,5,2,512936,92674,59308,48648,0.8584423283559969,0.34423515093191437
5829,0.6322,2,11,2,512947,92663,59310,48646,0.8583404349920338,0.3442526661429916
5830,0.6323,1,22,1,512969,92641,59311,48645,0.8581366482641076,0.3443016293192531
5831,0.6324,5,6,5,512975,92635,59316,48640,0.8580810700655823,0.34429304547867634
5832,0.6325,48,201,48,513176,92434,59364,48592,0.8562192004149839,0.3445605774821664
5833,0.6326,3,2,3,513178,92432,59367,48589,0.8562006743488088,0.34455152069549927
5834,0.6327,7,33,7,513211,92399,59374,48582,0.8558949942569195,0.3445996269000787
5835,0.6328,3,18,3,513229,92381,59377,48579,0.8557282596613435,0.34462968217934165
5836,0.6329,2,7,2,513236,92374,59379,48577,0.8556634184297306,0.34463749813765066
5837,0.633,4,33,4,513269,92341,59383,48573,0.8553577383378413,0.3446996040137956
5838,0.6331,2,6,2,513275,92335,59385,48571,0.855302160139316,0.34470498062538146
5839,0.6332,4,10,4,513285,92325,59389,48567,0.8552095298084404,0.34471084234732985
5840,0.6333,106,314,106,513599,92011,59495,48461,0.8523009374189484,0.3449869013041745
5841,0.6334,1,4,1,513603,92007,59496,48460,0.8522638852865982,0.34499206219254347
5842,0.6335,1,22,1,513625,91985,59497,48459,0.852060098558672,0.345041440004557
5843,0.6336,3,9,3,513634,91976,59500,48456,0.851976731260884,0.34504956135353765
5844,0.6337,7,20,7,513654,91956,59507,48449,0.851791470599133,0.3450660589010363
5845,0.6338,9,24,9,513678,91932,59516,48440,0.8515691578050317,0.3450830649987177
5846,0.6339,3,4,3,513682,91928,59519,48437,0.8515321056726814,0.34507890143554304
5847,0.634,23,65,23,513747,91863,59542,48414,0.8509300085219904,0.3451314185504395
5848,0.6341,2,7,2,513754,91856,59544,48412,0.8508651672903775,0.3451393047594605
5849,0.6342,17,70,17,513824,91786,59561,48395,0.8502167549742488,0.3452322354670034
5850,0.6343,9,27,9,513851,91759,59570,48386,0.8499666530808848,0.3452566984194941
5851,0.6344,3,11,3,513862,91748,59573,48383,0.8498647597169217,0.345269783274222
5852,0.6345,6,19,6,513881,91729,59579,48377,0.8496887620882582,0.3452885672276705
5853,0.6346,4,7,4,513888,91722,59583,48373,0.8496239208566453,0.34528712659266925
5854,0.6347,8,32,8,513920,91690,59591,48365,0.8493275037978436,0.34532862089893257
5855,0.6348,0,17,0,513937,91673,59591,48365,0.8491700322353551,0.34537054228138075
5856,0.6349,0,1,0,513938,91672,59591,48365,0.8491607692022676,0.3453730085620229
5857,0.635,201,637,201,514575,91035,59792,48164,0.8432602171254956,0.3460082328177645
5858,0.6351,2,8,2,514583,91027,59794,48162,0.8431861128607951,0.346018722743895
5859,0.6352,4,13,4,514596,91014,59798,48158,0.843065693430657,0.34603224786595005
5860,0.6353,11,38,11,514634,90976,59809,48147,0.8427136981733299,0.3460750558857989
5861,0.6354,4,2,4,514636,90974,59813,48143,0.8426951721071547,0.3460612290374289
5862,0.6355,3,21,3,514657,90953,59816,48140,0.8425006484123161,0.34609937236237626
5863,0.6356,0,8,0,514665,90945,59816,48140,0.8424265441476156,0.3461192795772369
5864,0.6357,5,44,5,514709,90901,59821,48135,0.8420189706917633,0.3462052993469317
5865,0.6358,22,80,22,514789,90821,59843,48113,0.841277928044759,0.34630112139577063
5866,0.6359,2,0,2,514789,90821,59845,48111,0.841277928044759,0.3462917110528892
5867,0.636,18,78,18,514867,90743,59863,48093,0.8405554114639298,0.3464015096948918
5868,0.6361,0,9,0,514876,90734,59863,48093,0.8404720441661417,0.3464239665194811
5869,0.6362,3,18,3,514894,90716,59866,48090,0.8403053095705658,0.34645476420327653
5870,0.6363,6,16,6,514910,90700,59872,48084,0.8401571010411649,0.34646645146414573
5871,0.6364,0,7,0,514917,90693,59872,48084,0.840092259809552,0.3464839274519553
5872,0.6365,2,25,2,514942,90668,59874,48082,0.8398606839823631,0.34653693693693693
5873,0.6366,0,2,0,514944,90666,59874,48082,0.8398421579161881,0.34654193213595874
5874,0.6367,106,344,106,515288,90322,59980,47976,0.8366556745340694,0.34690306439717133
5875,0.6368,4,16,4,515304,90306,59984,47972,0.8365074660046685,0.3469243118934321
5876,0.6369,2,9,2,515313,90297,59986,47970,0.8364240987068806,0.346937447113194
5877,0.637,6,31,6,515344,90266,59992,47964,0.8361369446811664,0.34698690588150183
5878,0.6371,4,10,4,515354,90256,59996,47960,0.8360443143502908,0.34699311223013257
5879,0.6372,5,8,5,515362,90248,60001,47955,0.8359702100855905,0.3469895733088283
5880,0.6373,12,24,12,515386,90224,60013,47943,0.8357478972914891,0.3469931315002859
5881,0.6374,1,8,1,515394,90216,60014,47942,0.8356737930267887,0.3470084975173352
5882,0.6375,49,200,49,515594,90016,60063,47893,0.8338211864092778,0.3472797279365379
5883,0.6376,0,6,0,515600,90010,60063,47893,0.8337656082107525,0.3472948376757576
5884,0.6377,8,33,8,515633,89977,60071,47885,0.8334599281188633,0.34734009371690533
5885,0.6378,1,18,1,515651,89959,60072,47884,0.8332931935232872,0.3473807157418222
5886,0.6379,0,5,0,515656,89954,60072,47884,0.8332468783578495,0.34739331679217633
5887,0.638,17,61,17,515717,89893,60089,47867,0.8326818333395087,0.3474666085946574
5888,0.6381,1,2,1,515719,89891,60090,47866,0.8326633072733336,0.34746691638174465
5889,0.6382,4,28,4,515747,89863,60094,47862,0.8324039423468821,0.3475186059175894
5890,0.6383,58,192,58,515939,89671,60152,47804,0.8306254399940717,0.3477286779414439
5891,0.6384,2,7,2,515946,89664,60154,47802,0.8305605987624588,0.34773689494129456
5892,0.6385,6,19,6,515965,89645,60160,47796,0.8303846011337952,0.3477564918765143
5893,0.6386,1,8,1,515973,89637,60161,47795,0.8303104968690949,0.34777198905640605
5894,0.6387,7,27,7,516000,89610,60168,47788,0.8300603949757308,0.347807100540037
5895,0.6388,3,24,3,516024,89586,60171,47785,0.8298380821816296,0.34785362267145176
5896,0.6389,1,2,1,516026,89584,60172,47784,0.8298195561154544,0.3478539397821909
5897,0.639,12,49,12,516075,89535,60184,47772,0.8293656674941643,0.34792108195503507
5898,0.6391,1,8,1,516083,89527,60185,47771,0.8292915632294638,0.3479366050488718
5899,0.6392,21,63,21,516146,89464,60206,47750,0.828707992144948,0.34799656011777225
5900,0.6393,15,34,15,516180,89430,60221,47735,0.8283930490199711,0.3480115189734991
5901,0.6394,2,7,2,516187,89423,60223,47733,0.8283282077883583,0.3480197731050774
5902,0.6395,3,17,3,516204,89406,60226,47730,0.8281707362258698,0.3480486524326216
5903,0.6396,4,5,4,516209,89401,60230,47726,0.828124421060432,0.3480423257272455
5904,0.6397,3,13,3,516222,89388,60233,47723,0.8280040016302939,0.34806106001706644
5905,0.6398,5,11,5,516233,89377,60238,47718,0.8279021082663307,0.3480652102556621
5906,0.6399,1,0,1,516233,89377,60239,47717,0.8279021082663307,0.3480604548703809
5907,0.64,615,1875,615,518108,87502,60854,47102,0.8105339212271666,0.3499301655225699
5908,0.6401,4,11,4,518119,87491,60858,47098,0.8104320278632036,0.34993944527413084
5909,0.6402,4,14,4,518133,87477,60862,47094,0.8103023453999778,0.3499565285239762
5910,0.6403,7,16,7,518149,87461,60869,47087,0.8101541368705769,0.3499643249992568
5911,0.6404,1,5,1,518154,87456,60870,47086,0.8101078217051392,0.3499724992939008
5912,0.6405,4,14,4,518168,87442,60874,47082,0.8099781392419134,0.34998959293508963
5913,0.6406,1,4,1,518172,87438,60875,47081,0.8099410871095631,0.3499951679688371
5914,0.6407,7,36,7,518208,87402,60882,47074,0.8096076179184112,0.35005502840655583
5915,0.6408,19,65,19,518273,87337,60901,47055,0.8090055207677201,0.35013244836002144
5916,0.6409,0,4,0,518277,87333,60901,47055,0.80896846863537,0.35014286989909815
5917,0.641,7,41,7,518318,87292,60908,47048,0.8085886842787803,0.35021587018013994
5918,0.6411,3,8,3,518326,87284,60911,47045,0.8085145800140798,0.3502222156049699
5919,0.6412,9,15,9,518341,87269,60920,47036,0.8083756345177665,0.35021778787089086
5920,0.6413,6,23,6,518364,87246,60926,47030,0.8081625847567527,0.3502487413983139
5921,0.6414,3,9,3,518373,87237,60929,47027,0.8080792174589647,0.35025770124530775
5922,0.6415,7,25,7,518398,87212,60936,47020,0.8078476416317759,0.3502890517909291
5923,0.6416,0,1,0,518399,87211,60936,47020,0.8078383785986883,0.35029166138969386
5924,0.6417,71,194,71,518593,87017,61007,46949,0.8060413501797028,0.3504545929564218
5925,0.6418,6,20,6,518613,86997,61013,46943,0.8058560895179517,0.3504778258921905
5926,0.6419,1,6,1,518619,86991,61014,46942,0.8058005113194264,0.3504886771744081
5927,0.642,10,48,10,518667,86943,61024,46932,0.8053558857312239,0.35056582633053224
5928,0.6421,2,7,2,518674,86936,61026,46930,0.805291044499611,0.35057445505206697
5929,0.6422,2,9,2,518683,86927,61028,46928,0.805207677201823,0.35058832318553657
5930,0.6423,8,22,8,518705,86905,61036,46920,0.8050038904738968,0.35060713618531664
5931,0.6424,2,7,2,518712,86898,61038,46918,0.8049390492422839,0.3506157709093083
5932,0.6425,71,182,71,518894,86716,61109,46847,0.8032531772203491,0.35074833599125504
5933,0.6426,0,2,0,518896,86714,61109,46847,0.8032346511541739,0.3507535882480664
5934,0.6427,4,28,4,518924,86686,61113,46843,0.8029752862277224,0.3508076897153427
5935,0.6428,6,22,6,518946,86664,61119,46837,0.8027714994997962,0.3508363233234208
5936,0.6429,1,9,1,518955,86655,61120,46836,0.8026881322020082,0.3508551138278985
5937,0.643,10,39,10,518994,86616,61130,46826,0.8023268739115936,0.3509090091575366
5938,0.6431,3,7,3,519001,86609,61133,46823,0.8022620326799808,0.3509128245098627
5939,0.6432,4,18,4,519019,86591,61137,46819,0.8020952980844047,0.35094070909227193
5940,0.6433,116,338,116,519357,86253,61253,46703,0.7989643929008114,0.3512665844339481
5941,0.6434,1,0,1,519357,86253,61254,46702,0.7989643929008114,0.3512617050881877
5942,0.6435,1,19,1,519376,86234,61255,46701,0.798788395272148,0.3513070297513822
5943,0.6436,5,5,5,519381,86229,61260,46696,0.7987420801067101,0.3512958435207824
5944,0.6437,5,25,5,519406,86204,61265,46691,0.7985105042795213,0.3513375221039166
5945,0.6438,4,19,4,519425,86185,61269,46687,0.7983345066508578,0.3513682340899512
5946,0.6439,2,6,2,519431,86179,61271,46685,0.7982789284523324,0.35137433766859344
5947,0.644,18,60,18,519491,86119,61289,46667,0.7977231464670792,0.351445182474056
5948,0.6441,1,4,1,519495,86115,61290,46666,0.7976860943347289,0.35145088529232343
5949,0.6442,26,83,26,519578,86032,61316,46640,0.796917262588462,0.35154365653642067
5950,0.6443,4,19,4,519597,86013,61320,46636,0.7967412649597985,0.35157445589488046
5951,0.6444,1,5,1,519602,86008,61321,46635,0.7966949497943606,0.3515828200508131
5952,0.6445,5,9,5,519611,85999,61326,46630,0.7966115824965727,0.3515822331465969
5953,0.6446,3,8,3,519619,85991,61329,46627,0.7965374782318723,0.35158877377128295
5954,0.6447,6,29,6,519648,85962,61335,46621,0.7962688502723332,0.3516363334665832
5955,0.6448,6,16,6,519664,85946,61341,46615,0.7961206417429323,0.35164942931933224
5956,0.6449,1,7,1,519671,85939,61342,46614,0.7960558005113194,0.35166310834156905
5957,0.645,211,617,211,520288,85322,61553,46403,0.7903405090962985,0.35227177832605805
5958,0.6451,1,2,1,520290,85320,61554,46402,0.7903219830301234,0.3522722096536645
5959,0.6452,6,16,6,520306,85304,61560,46396,0.7901737745007226,0.35228549734244496
5960,0.6453,5,20,5,520326,85284,61565,46391,0.7899885138389714,0.35231441048034934
5961,0.6454,1,4,1,520330,85280,61566,46390,0.7899514617066212,0.3523201944254576
5962,0.6455,5,15,5,520345,85265,61571,46385,0.7898125162103079,0.3523357387011014
5963,0.6456,1,12,1,520357,85253,61572,46384,0.7897013598132573,0.3523629374719874
5964,0.6457,6,24,6,520381,85229,61578,46378,0.7894790470191559,0.35239766881700824
5965,0.6458,18,56,18,520437,85173,61596,46360,0.7889603171662529,0.35245907871028564
5966,0.6459,0,1,0,520438,85172,61596,46360,0.7889510541331654,0.3524617583553812
5967,0.646,18,75,18,520513,85097,61614,46342,0.7882563266515988,0.3525741979169044
5968,0.6461,1,7,1,520520,85090,61615,46341,0.788191485419986,0.35258805000342386
5969,0.6462,4,16,4,520536,85074,61619,46337,0.7880432768905851,0.35261127302889406
5970,0.6463,2,22,2,520558,85052,61621,46335,0.7878394901626589,0.35266046108062443
5971,0.6464,3,10,3,520568,85042,61624,46332,0.7877468598317833,0.3526725227213908
5972,0.6465,9,23,9,520591,85019,61633,46323,0.7875338100707696,0.3526899240151665
5973,0.6466,1,8,1,520599,85011,61634,46322,0.7874597058060692,0.3527064789504542
5974,0.6467,109,365,109,520964,84646,61743,46213,0.7840786987291118,0.3531511015673358
5975,0.6468,3,18,3,520982,84628,61746,46210,0.7839119641335359,0.3531848545529586
5976,0.6469,1,1,1,520983,84627,61747,46209,0.7839027011004484,0.35318261029074566
5977,0.647,9,40,9,521023,84587,61756,46200,0.7835321797769461,0.35324611773341386
5978,0.6471,2,11,2,521034,84576,61758,46198,0.7834302864129831,0.35326593971278697
5979,0.6472,8,19,8,521053,84557,61766,46190,0.7832542887843196,0.3532777042685492
5980,0.6473,9,32,9,521085,84525,61775,46181,0.7829578717255178,0.3533196639787003
5981,0.6474,2,6,2,521091,84519,61777,46179,0.7829022935269925,0.3533259881559014
5982,0.6475,55,186,55,521277,84333,61832,46124,0.7811793693727074,0.3535571107721318
5983,0.6476,1,2,1,521279,84331,61833,46123,0.7811608433065322,0.35355757585049136
5984,0.6477,8,23,8,521302,84308,61841,46115,0.7809477935455186,0.3535802734180321
5985,0.6478,2,12,2,521314,84296,61843,46113,0.7808366371484678,0.3536028955056783
5986,0.6479,2,6,2,521320,84290,61845,46111,0.7807810589499425,0.35360925146279554
5987,0.648,18,60,18,521380,84230,61863,46093,0.7802252769646894,0.3536827728029588
5988,0.6481,1,4,1,521384,84226,61864,46092,0.7801882248323391,0.3536886692552065
5989,0.6482,4,12,4,521396,84214,61868,46088,0.7800770684352885,0.35370140135991773
5990,0.6483,57,176,57,521572,84038,61925,46031,0.7784467746118789,0.35389677786405677
5991,0.6484,2,3,2,521575,84035,61927,46029,0.7784189855126162,0.3538950055357363
5992,0.6485,9,22,9,521597,84013,61936,46020,0.77821519878469,0.35391016126675534
5993,0.6486,4,14,4,521611,83999,61940,46016,0.7780855163214643,0.35392839287774486
5994,0.6487,5,24,5,521635,83975,61945,46011,0.777863203527363,0.3539688889572723
5995,0.6488,9,22,9,521657,83953,61954,46002,0.7776594167994368,0.353984071409334
5996,0.6489,2,10,2,521667,83943,61956,46000,0.7775667864685613,0.35400136983138764
5997,0.649,9,47,9,521714,83896,61965,45991,0.7771314239134463,0.3540847043968988
5998,0.6491,0,2,0,521716,83894,61965,45991,0.7771128978472711,0.35409015667706045
5999,0.6492,12,81,12,521797,83813,61977,45979,0.7763625921671792,0.35425141765285995
6000,0.6493,6,26,6,521823,83787,61983,45973,0.7761217533069028,0.35429254007398275
6001,0.6494,4,7,4,521830,83780,61987,45969,0.7760569120752899,0.3542917479132787
6002,0.6495,2,9,2,521839,83771,61989,45967,0.7759735447775019,0.3543063713021628
6003,0.6496,1,8,1,521847,83763,61990,45966,0.7758994405128015,0.35432324306824226
6004,0.6497,8,27,8,521874,83736,61998,45958,0.7756493386194375,0.3543571792064398
6005,0.6498,3,14,3,521888,83722,62001,45955,0.7755196561562118,0.3543804992404204
6006,0.6499,0,3,0,521891,83719,62001,45955,0.7754918670569492,0.35438869781143484
6007,0.65,605,1723,605,523614,81996,62606,45350,0.7595316610470932,0.3561164072683869
6008,0.6501,4,8,4,523622,81988,62610,45346,0.7594575567823928,0.35611855435311857
6009,0.6502,7,8,7,523630,81980,62617,45339,0.7593834525176923,0.35610553020366165
6010,0.6503,4,20,4,523650,81960,62621,45335,0.7591981918559413,0.3561412467103971
6011,0.6504,1,3,1,523653,81957,62622,45334,0.7591704027566787,0.3561445820992843
6012,0.6505,7,20,7,523673,81937,62629,45327,0.7589851420949275,0.3561651370379683
6013,0.6506,2,16,2,523689,81921,62631,45325,0.7588369335655267,0.3561998019584113
6014,0.6507,8,27,8,523716,81894,62639,45317,0.7585868316721628,0.35623491679178687
6015,0.6508,30,89,30,523805,81805,62669,45287,0.7577624217273704,0.3563324206086929
6016,0.6509,3,3,3,523808,81802,62672,45284,0.7577346326281077,0.35632563775710935
6017,0.651,16,41,16,523849,81761,62688,45268,0.757354848271518,0.35635957143644365
6018,0.6511,4,5,4,523854,81756,62692,45264,0.7573085331060803,0.35635333018422294
6019,0.6512,3,20,3,523874,81736,62695,45261,0.7571232724443292,0.3563942455333591
6020,0.6513,5,26,5,523900,81710,62700,45256,0.7568824335840527,0.3564418820786667
6021,0.6514,1,3,1,523903,81707,62701,45255,0.7568546444847901,0.35644523558230023
6022,0.6515,10,22,10,523925,81685,62711,45245,0.7566508577568639,0.35645631450405735
6023,0.6516,0,1,0,523926,81684,62711,45245,0.7566415947237763,0.3564591228166928
6024,0.6517,64,169,64,524095,81515,62775,45181,0.7550761421319797,0.35660952200543033
6025,0.6518,2,19,2,524114,81496,62777,45179,0.7549001445033162,0.3566528517860667
6026,0.6519,1,4,1,524118,81492,62778,45178,0.7548630923709659,0.35665903528854503
6027,0.652,6,38,6,524156,81454,62784,45172,0.7545110971136388,0.35673558352944895
6028,0.6521,3,10,3,524166,81444,62787,45169,0.7544184667827634,0.35674851713489136
6029,0.6522,5,19,5,524185,81425,62792,45164,0.7542424691540999,0.35677665515961104
6030,0.6523,12,28,12,524213,81397,62804,45152,0.7539831042276482,0.35679460130068197
6031,0.6524,1,9,1,524222,81388,62805,45151,0.7538997369298603,0.3568148950126048
6032,0.6525,59,159,59,524381,81229,62864,45092,0.7524269146689392,0.35696360858447923
6033,0.6526,1,1,1,524382,81228,62865,45091,0.7524176516358516,0.3569613438991759
6034,0.6527,4,18,4,524400,81210,62869,45087,0.7522509170402757,0.35699185253806504
6035,0.6528,7,10,7,524410,81200,62876,45080,0.7521582867094001,0.35698447893569846
6036,0.6529,1,10,1,524420,81190,62877,45079,0.7520656563785246,0.35700765825341135
6037,0.653,8,40,8,524460,81150,62885,45071,0.7516951350550224,0.3570800421482955
6038,0.6531,2,11,2,524471,81139,62887,45069,0.7515932416910593,0.3571009761663286
6039,0.6532,3,19,3,524490,81120,62890,45066,0.7514172440623957,0.35713946079596787
6040,0.6533,102,285,102,524775,80835,62992,44964,0.7487772796324429,0.35742732454153053
6041,0.6534,0,1,0,524776,80834,62992,44964,0.7487680165993553,0.3574301658213962
6042,0.6535,5,35,5,524811,80799,62997,44959,0.7484438104412909,0.3575040951669079
6043,0.6536,3,14,3,524825,80785,63000,44956,0.7483141279780652,0.35752857063328586
6044,0.6537,2,15,2,524840,80770,63002,44954,0.7481751824817519,0.3575610066494862
6045,0.6538,4,20,4,524860,80750,63006,44950,0.7479899218200008,0.35759745425616546
6046,0.6539,4,10,4,524870,80740,63010,44946,0.7478972914891252,0.35760546122877646
6047,0.654,18,81,18,524951,80659,63028,44928,0.7471469858090333,0.35774403401625965
6048,0.6541,2,5,2,524956,80654,63030,44926,0.7471006706435955,0.3577480490523969
6049,0.6542,17,65,17,525021,80589,63047,44909,0.7464985734929045,0.35784634018072004
6050,0.6543,5,34,5,525055,80555,63052,44904,0.7461836303679277,0.3579177261097251
6051,0.6544,0,5,0,525060,80550,63052,44904,0.7461373152024899,0.3579319910086566
6052,0.6545,2,20,2,525080,80530,63054,44902,0.7459520545407389,0.3579788251801773
6053,0.6546,0,15,0,525095,80515,63054,44902,0.7458131090444255,0.35802163980959517
6054,0.6547,5,18,5,525113,80497,63059,44897,0.7456463744488495,0.35804743448649856
6055,0.6548,7,14,7,525127,80483,63066,44890,0.7455166919856238,0.358051574102877
6056,0.6549,1,6,1,525133,80477,63067,44889,0.7454611137870985,0.35806358980903913
6057,0.655,215,585,215,525718,79892,63282,44674,0.7400422394308792,0.35863718831783953
6058,0.6551,0,4,0,525722,79888,63282,44674,0.740005187298529,0.35864870506253915
6059,0.6552,5,21,5,525743,79867,63287,44669,0.7398106636036904,0.3586834329029357
6060,0.6553,2,25,2,525768,79842,63289,44667,0.7395790877765015,0.3587451509529432
6061,0.6554,2,10,2,525778,79832,63291,44665,0.739486457445626,0.35876366498791135
6062,0.6555,4,22,4,525800,79810,63295,44661,0.7392826707176998,0.3588064689767094
6063,0.6556,0,2,0,525802,79808,63295,44661,0.7392641446515247,0.3588122343716106
6064,0.6557,9,34,9,525836,79774,63304,44652,0.7389492015265479,0.35886390304277244
6065,0.6558,14,57,14,525893,79717,63318,44638,0.7384212086405573,0.3589562140645732
6066,0.6559,2,3,2,525896,79714,63320,44636,0.7383934195412946,0.3589545637314033
6067,0.656,20,82,20,525978,79632,63340,44616,0.7376338508281152,0.3590882750627777
6068,0.6561,0,5,0,525983,79627,63340,44616,0.7375875356626774,0.35910272610931804
6069,0.6562,4,13,4,525996,79614,63344,44612,0.7374671162325391,0.3591196689903885
6070,0.6563,6,17,6,526013,79597,63350,44606,0.7373096446700508,0.35913786301458095
6071,0.6564,3,6,3,526019,79591,63353,44603,0.7372540664715255,0.35913973299837354
6072,0.6565,5,18,5,526037,79573,63358,44598,0.7370873318759494,0.35916598883797346
6073,0.6566,1,5,1,526042,79568,63359,44597,0.7370410167105117,0.3591752909435026
6074,0.6567,111,317,111,526359,79251,63470,44486,0.7341046352217571,0.35952059610302495
6075,0.6568,3,20,3,526379,79231,63473,44483,0.7339193745600059,0.3595631860581664
6076,0.6569,2,7,2,526386,79224,63475,44481,0.733854533328393,0.3595731781253789
6077,0.657,6,25,6,526411,79199,63481,44475,0.7336229575012042,0.3596147937319081
6078,0.6571,1,10,1,526421,79189,63482,44474,0.7335303271703286,0.3596386954869282
6079,0.6572,5,5,5,526426,79184,63487,44469,0.7334840120048909,0.3596273442617648
6080,0.6573,15,29,15,526455,79155,63502,44454,0.7332153840453518,0.35963400723248307
6081,0.6574,3,9,3,526464,79146,63505,44451,0.7331320167475638,0.3596446515692128
6082,0.6575,42,163,42,526627,78983,63547,44409,0.7316221423542925,0.35990177645228216
6083,0.6576,0,10,0,526637,78973,63547,44409,0.731529512023417,0.35993094616718807
6084,0.6577,0,13,0,526650,78960,63547,44409,0.7314090925932788,0.35996887386620624
6085,0.6578,1,14,1,526664,78946,63548,44408,0.7312794101300529,0.36000453977982066
6086,0.6579,1,3,1,526667,78943,63549,44407,0.7312516210307903,0.36000810701256586
6087,0.658,11,41,11,526708,78902,63560,44396,0.7308718366742006,0.36007072296387616
6088,0.6581,0,3,0,526711,78899,63560,44396,0.7308440475749379,0.36007948416399693
6089,0.6582,7,16,7,526727,78883,63567,44389,0.730695839045537,0.36008988253618013
6090,0.6583,47,164,47,526891,78719,63614,44342,0.7291767016191781,0.36032536709436785
6091,0.6584,1,6,1,526897,78713,63615,44341,0.7291211234206528,0.36033773790368456
6092,0.6585,10,23,10,526920,78690,63625,44331,0.7289080736596392,0.36035311044455826
6093,0.6586,4,14,4,526934,78676,63629,44327,0.7287783911964133,0.36037332422786433
6094,0.6587,11,26,11,526960,78650,63640,44316,0.7285375523361369,0.3603923035635867
6095,0.6588,3,31,3,526991,78619,63643,44313,0.7282503983104228,0.36046757557023396
6096,0.6589,2,6,2,526997,78613,63645,44311,0.7281948201118974,0.3604747648953825
6097,0.659,9,44,9,527041,78569,63654,44302,0.7277872466560451,0.36055700694224024
6098,0.6591,0,4,0,527045,78565,63654,44302,0.7277501945236948,0.3605687450658029
6099,0.6592,14,70,14,527115,78495,63668,44288,0.727101782207566,0.3607014000309489
6100,0.6593,11,27,11,527142,78468,63679,44277,0.7268516803142021,0.36072345105706954
6101,0.6594,5,6,5,527148,78462,63684,44272,0.7267961021156768,0.360715042286571
6102,0.6595,4,19,4,527167,78443,63688,44268,0.7266201044870132,0.36075005500729357
6103,0.6596,1,7,1,527174,78436,63689,44267,0.7265552632554003,0.36076542545822027
6104,0.6597,7,19,7,527193,78417,63696,44260,0.7263792656267368,0.3607848251913562
6105,0.6598,4,18,4,527211,78399,63700,44256,0.7262125310311608,0.36081692552280786
6106,0.6599,1,4,1,527215,78395,63701,44255,0.7261754788988106,0.3608234814512841
6107,0.66,610,1644,610,528859,76751,64311,43645,0.7109470525028715,0.362512043589488
6108,0.6601,3,8,3,528867,76743,64314,43642,0.7108729482381712,0.36252024753914525
6109,0.6602,1,15,1,528882,76728,64315,43641,0.7107340027418578,0.3625601276076066
6110,0.6603,7,9,7,528891,76719,64322,43634,0.7106506354440698,0.36255016493149317
6111,0.6604,4,6,4,528897,76713,64326,43630,0.7105950572455445,0.36254705300682216
6112,0.6605,3,11,3,528908,76702,64329,43627,0.7104931638815813,0.3625643028696324
6113,0.6606,3,8,3,528916,76694,64332,43624,0.7104190596168809,0.3625725161654948
6114,0.6607,8,26,8,528942,76668,64340,43616,0.7101782207566045,0.3626084932326826
6115,0.6608,14,59,14,529001,76609,64354,43602,0.7096317018044388,0.3627122309938358
6116,0.661,15,41,15,529042,76568,64369,43587,0.7092519174478491,0.3627564395988515
6117,0.6611,0,7,0,529049,76561,64369,43587,0.7091870762162362,0.3627775743249992
6118,0.6612,7,12,7,529061,76549,64376,43580,0.7090759198191856,0.36277668173380284
6119,0.6613,6,25,6,529086,76524,64382,43574,0.7088443439919967,0.3628203633699146
6120,0.6614,1,3,1,529089,76521,64383,43573,0.7088165548927341,0.3628241211051343
6121,0.6615,2,20,2,529109,76501,64385,43571,0.708631294230983,0.3628739423012859
6122,0.6616,0,2,0,529111,76499,64385,43571,0.7086127681648079,0.36287998667443994
6123,0.6617,48,169,48,529280,76330,64433,43523,0.7070473155730113,0.363136508890057
6124,0.6618,5,17,5,529297,76313,64438,43518,0.7068898440105228,0.36316145237876674
6125,0.6619,0,2,0,529299,76311,64438,43518,0.7068713179443477,0.36316751370703254
6126,0.662,10,43,10,529342,76268,64448,43508,0.7064730075215828,0.3632447234838365
6127,0.6621,3,11,3,529353,76257,64451,43505,0.7063711141576198,0.36326213657086553
6128,0.6622,2,14,2,529367,76243,64453,43503,0.706241431694394,0.363293972241244
6129,0.6623,6,23,6,529390,76220,64459,43497,0.7060283819333802,0.3633318576309129
6130,0.6624,3,6,3,529396,76214,64462,43494,0.7059728037348549,0.36333411300832025
6131,0.6625,58,155,58,529551,76059,64520,43436,0.7045370336062841,0.3634963806016988
6132,0.6626,2,4,2,529555,76055,64522,43434,0.7044999814739338,0.3634978952037426
6133,0.6627,8,23,8,529578,76032,64530,43426,0.7042869317129201,0.36352525573841854
6134,0.6628,3,13,3,529591,76019,64533,43423,0.7041665122827818,0.3635488354180272
6135,0.6629,2,13,2,529604,76006,64535,43421,0.7040460928526436,0.3635777504249458
6136,0.663,10,31,10,529635,75975,64545,43411,0.7037589388269295,0.3636188497813814
6137,0.6631,2,4,2,529639,75971,64547,43409,0.7037218866945792,0.3636203719215949
6138,0.6632,4,24,4,529663,75947,64551,43405,0.703499573900478,0.36367216301360683
6139,0.6633,109,265,109,529928,75682,64660,43296,0.7010448701322761,0.3638992082569887
6140,0.6634,3,4,3,529932,75678,64663,43293,0.7010078179999258,0.3638954030814232
6141,0.6635,9,25,9,529957,75653,64672,43284,0.700776242172737,0.3639237579558926
6142,0.6636,0,12,0,529969,75641,64672,43284,0.7006650857756864,0.3639604792936725
6143,0.6637,6,14,6,529983,75627,64678,43278,0.7005354033124607,0.363971237542576
6144,0.6638,6,20,6,530003,75607,64684,43272,0.7003501426507095,0.36400037012424397
6145,0.6639,2,3,2,530006,75604,64686,43270,0.7003223535514469,0.3639988559314905
6146,0.664,16,67,16,530073,75537,64702,43254,0.6997017303345807,0.36411849382528977
6147,0.6641,3,7,3,530080,75530,64705,43251,0.6996368891029678,0.3641238918682281
6148,0.6642,18,80,18,530160,75450,64723,43233,0.6988958464559636,0.3642728950228761
6149,0.6643,7,25,7,530185,75425,64730,43226,0.6986642706287747,0.3643121423333979
6150,0.6644,2,1,2,530186,75424,64732,43224,0.6986550075956871,0.3643044973366597
6151,0.6645,4,11,4,530197,75413,64736,43220,0.6985531142317241,0.36431684269975473
6152,0.6646,0,5,0,530202,75408,64736,43220,0.6985067990662862,0.3643321981319756
6153,0.6647,7,25,7,530227,75383,64743,43213,0.6982752232390974,0.36437147964518196
6154,0.6648,7,17,7,530244,75366,64750,43206,0.6981177516766089,0.3643861957291772
6155,0.6649,2,5,2,530249,75361,64752,43204,0.6980714365111712,0.36439084046725423
6156,0.665,193,606,193,530855,74755,64945,43011,0.6924580384601133,0.3652242582748841
6157,0.6651,0,4,0,530859,74751,64945,43011,0.6924209863277632,0.36523666377948744
6158,0.6652,6,16,6,530875,74735,64951,43005,0.6922727777983623,0.3652539493799898
6159,0.6653,3,17,3,530892,74718,64954,43002,0.6921153062358739,0.36529051987767586
6160,0.6654,0,5,0,530897,74713,64954,43002,0.6920689910704361,0.3653060357643461
6161,0.6655,4,14,4,530911,74699,64958,42998,0.6919393086072103,0.3653279182986822
6162,0.6656,1,6,1,530917,74693,64959,42997,0.691883730408685,0.36534115048007476
6163,0.6657,4,25,4,530942,74668,64963,42993,0.6916521545814962,0.36539720043174884
6164,0.6658,22,52,22,530994,74616,64985,42971,0.6911704768609434,0.36544005714917466
6165,0.6659,1,3,1,530997,74613,64986,42970,0.6911426877616806,0.3654439842494238
6166,0.666,15,65,15,531062,74548,65001,42955,0.6905405906109897,0.36556513450720407
6167,0.6661,3,5,3,531067,74543,65004,42952,0.6904942754455519,0.3655644921060471
6168,0.6662,5,25,5,531092,74518,65009,42947,0.6902626996183631,0.36561528966075
6169,0.6663,4,21,4,531113,74497,65013,42943,0.6900681759235244,0.3656590599455041
6170,0.6664,1,6,1,531119,74491,65014,42942,0.6900125977249991,0.3656723408241295
6171,0.6665,6,21,6,531140,74470,65020,42936,0.6898180740301605,0.3657053302216241
6172,0.6666,0,4,0,531144,74466,65020,42936,0.6897810218978102,0.3657177901568968
6173,0.6667,122,300,122,531444,74166,65142,42814,0.6870021119715439,0.3659941870405197
6174,0.6668,4,17,4,531461,74149,65146,42810,0.6868446404090556,0.3660257013141357
6175,0.6669,1,4,1,531465,74145,65147,42809,0.6868075882767053,0.36603279922020626
6176,0.667,10,25,10,531490,74120,65157,42799,0.6865760124495165,0.36605684277149136
6177,0.6671,2,8,2,531498,74112,65159,42797,0.686501908184816,0.3660710467115449
6178,0.6672,5,22,5,531520,74090,65164,42792,0.6862981214568898,0.36611283174483666
6179,0.6673,7,20,7,531540,74070,65171,42785,0.6861128607951388,0.36613752085918444
6180,0.6674,3,6,3,531546,74064,65174,42782,0.6860572825966135,0.36614004758399943
6181,0.6675,47,150,47,531696,73914,65221,42735,0.6846678276334803,0.36635547668646967
6182,0.6676,1,0,1,531696,73914,65222,42734,0.6846678276334803,0.36635004457856113
6183,0.6677,5,17,5,531713,73897,65227,42729,0.6845103560709919,0.3663762797317922
6184,0.6678,2,19,2,531732,73878,65229,42727,0.6843343584423284,0.36642511041550535
6185,0.6679,5,9,5,531741,73869,65234,42722,0.6842509911445404,0.3664262250087914
6186,0.668,16,52,16,531793,73817,65250,42706,0.6837693134239875,0.3665027505299383
6187,0.6681,1,1,1,531794,73816,65251,42705,0.6837600503909,0.3665004591447035
6188,0.6682,4,12,4,531806,73804,65255,42701,0.6836488939938493,0.3665164585210935
6189,0.6683,50,139,50,531945,73665,65305,42651,0.6823613323946793,0.36668214175177966
6190,0.6684,3,5,3,531950,73660,65308,42648,0.6823150172292416,0.36668156962547716
6191,0.6685,5,23,5,531973,73637,65313,42643,0.6821019674682278,0.3667268661850705
6192,0.6686,1,8,1,531981,73629,65314,42642,0.6820278632035274,0.3667466522176639
6193,0.6687,7,19,7,532000,73610,65321,42635,0.6818518655748639,0.3667684631597058
6194,0.6688,4,15,4,532015,73595,65325,42631,0.6817129200785506,0.3667940047837833
6195,0.6689,1,2,1,532017,73593,65326,42630,0.6816943940123754,0.36679486848558374
6196,0.669,13,38,13,532055,73555,65339,42617,0.6813423987550483,0.36684398994594225
6197,0.6691,0,1,0,532056,73554,65339,42617,0.6813331357219607,0.3668471477391087
6198,0.6692,8,59,8,532115,73495,65347,42609,0.6807866167697951,0.3669899400537449
6199,0.6693,10,24,10,532139,73471,65357,42599,0.6805643039756938,0.36701128629275437
6200,0.6694,2,7,2,532146,73464,65359,42597,0.6804994627440809,0.36702251402279834
6201,0.6695,4,13,4,532159,73451,65363,42593,0.6803790433139427,0.36704181172658645
6202,0.6696,2,1,2,532160,73450,65365,42591,0.6803697802808552,0.3670340655457985
6203,0.6697,4,21,4,532181,73429,65369,42587,0.6801752565860165,0.3670786788029237
6204,0.6698,2,12,2,532193,73417,65371,42585,0.6800641001889659,0.36710573955621456
6205,0.6699,2,2,2,532195,73415,65373,42583,0.6800455741227908,0.3671011569164986
6206,0.67,623,1651,623,533846,71764,65996,41960,0.6647523064952388,0.36896345538320846
6207,0.6701,0,8,0,533854,71756,65996,41960,0.6646782022305384,0.36898941221991627
6208,0.6702,6,21,6,533875,71735,66002,41954,0.6644836785356998,0.36902426795908133
6209,0.6703,5,19,5,533894,71716,66007,41949,0.6643076809070362,0.36905819733427175
6210,0.6704,1,5,1,533899,71711,66008,41948,0.6642613657415984,0.3690688814788094
6211,0.6705,9,25,9,533924,71686,66017,41939,0.6640297899144095,0.3691001100110011
6212,0.6706,0,5,0,533929,71681,66017,41939,0.6639834747489718,0.3691163527547967
6213,0.6707,9,26,9,533955,71655,66026,41930,0.6637426358886954,0.3691508561869965
6214,0.6708,21,60,21,534015,71595,66047,41909,0.6631868539034421,0.36922927826332114
6215,0.6709,0,3,0,534018,71592,66047,41909,0.6631590648041795,0.36923903754151943
6216,0.671,10,46,10,534064,71546,66057,41899,0.662732965282152,0.36933315703644937
6217,0.6711,2,0,2,534064,71546,66059,41897,0.662732965282152,0.36932203838050826
6218,0.6712,7,18,7,534082,71528,66066,41890,0.662566230686576,0.3693417270627237
6219,0.6713,9,20,9,534102,71508,66075,41881,0.6623809700248249,0.3693568159168879
6220,0.6714,3,5,3,534107,71503,66078,41878,0.6623346548593871,0.3693564177419497
6221,0.6715,6,18,6,534125,71485,66084,41872,0.6621679202638112,0.36938168794163573
6222,0.6716,0,2,0,534127,71483,66084,41872,0.6621493941976361,0.36938820519606547
6223,0.6717,59,171,59,534298,71312,66143,41813,0.6605654155396643,0.36961767955801106
6224,0.6718,6,16,6,534314,71296,66149,41807,0.6604172070102634,0.3696365259984262
6225,0.6719,2,5,2,534319,71291,66151,41805,0.6603708918448257,0.3696417203084105
6226,0.672,15,43,15,534362,71248,66166,41790,0.6599725814220608,0.3696986853978308
6227,0.6721,1,3,1,534365,71245,66167,41789,0.6599447923227981,0.36970292124493515
6228,0.6722,4,24,4,534389,71221,66171,41785,0.6597224795286969,0.36975912783392034
6229,0.6723,8,19,8,534408,71202,66179,41777,0.6595464819000334,0.3697766841625435
6230,0.6724,0,2,0,534410,71200,66179,41777,0.6595279558338583,0.36978323021499954
6231,0.6725,47,136,47,534546,71064,66226,41730,0.6582681833339509,0.36996648757912654
6232,0.6726,1,3,1,534549,71061,66227,41729,0.6582403942346882,0.36997074208706443
6233,0.6727,7,34,7,534583,71027,66234,41722,0.6579254511097113,0.3700431932877453
6234,0.6728,3,18,3,534601,71009,66237,41719,0.6577587165141354,0.37008551557731884
6235,0.6729,2,8,2,534609,71001,66239,41717,0.657684612249435,0.3701006050497702
6236,0.673,8,34,8,534643,70967,66247,41709,0.6573696691244582,0.37016756008378005
6237,0.6731,0,6,0,534649,70961,66247,41709,0.6573140909259327,0.3701872725659004
6238,0.6732,5,21,5,534670,70940,66252,41704,0.6571195672310941,0.3702283299598736
6239,0.6733,105,329,105,534999,70611,66357,41599,0.6540720293452889,0.3707245343552268
6240,0.6734,0,3,0,535002,70608,66357,41599,0.6540442402460261,0.3707344461575481
6241,0.6735,3,31,3,535033,70577,66360,41596,0.653757086220312,0.37082007256648214
6242,0.6736,2,3,2,535036,70574,66362,41594,0.6537292971210493,0.37081877184223666
6243,0.6737,5,21,5,535057,70553,66367,41589,0.6535347734262107,0.3708601594407091
6244,0.6738,11,19,11,535076,70534,66378,41578,0.6533587757975472,0.3708612815755673
6245,0.6739,1,3,1,535079,70531,66379,41577,0.6533309866982845,0.3708655938916045
6246,0.674,16,62,16,535141,70469,66395,41561,0.6527566786468562,0.3709809872355619
6247,0.6741,1,4,1,535145,70465,66396,41560,0.6527196265145059,0.370988618611917
6248,0.6742,29,67,29,535212,70398,66425,41531,0.6520990032976398,0.37104771774964485
6249,0.6743,6,33,6,535245,70365,66431,41525,0.6517933232057505,0.3711234247922066
6250,0.6744,1,9,1,535254,70356,66432,41524,0.6517099559079625,0.3711476582052199
6251,0.6745,3,15,3,535269,70341,66435,41521,0.6515710104116492,0.3711805617636016
6252,0.6746,0,5,0,535274,70336,66435,41521,0.6515246952462114,0.37119715350849747
6253,0.6747,2,21,2,535295,70315,66437,41519,0.6513301715513727,0.37125561099486737
6254,0.6748,2,16,2,535311,70299,66439,41517,0.651181963021972,0.37129748873148744
6255,0.6749,1,7,1,535318,70292,66440,41516,0.6511171217903591,0.37131511161991987
6256,0.675,199,545,199,535863,69747,66639,41317,0.646068768757642,0.37201073255060146
6257,0.6751,0,3,0,535866,69744,66639,41317,0.6460409796583794,0.37202078137239897
6258,0.6752,3,12,3,535878,69732,66642,41314,0.6459298232613286,0.37204401779442753
6259,0.6753,5,21,5,535899,69711,66647,41309,0.64573529956649,0.3720861106107008
6260,0.6754,0,1,0,535900,69710,66647,41309,0.6457260365334025,0.3720894621641341
6261,0.6755,8,26,8,535926,69684,66655,41301,0.6454851976731261,0.37213136910393296
6262,0.6756,0,7,0,535933,69677,66655,41301,0.6454203564415132,0.37215484150011713
6263,0.6757,14,25,14,535958,69652,66669,41287,0.6451887806143244,0.37215947502681657
6264,0.6758,24,40,24,535998,69612,66693,41263,0.6448182592908221,0.37215783540022546
6265,0.6759,0,4,0,536002,69608,66693,41263,0.644781207158472,0.3721712620973925
6266,0.676,20,45,20,536047,69563,66713,41243,0.644364370669532,0.37220908615056947
6267,0.6761,3,1,3,536048,69562,66716,41240,0.6443551076364444,0.3721954477356004
6268,0.6762,0,21,0,536069,69541,66716,41240,0.6441605839416058,0.3722660022928119
6269,0.6763,11,15,11,536084,69526,66727,41229,0.6440216384452925,0.37225407430815766
6270,0.6764,1,7,1,536091,69519,66728,41228,0.6439567972136796,0.3722719351314257
6271,0.6765,9,10,9,536101,69509,66737,41219,0.6438641668828041,0.37225453363196304
6272,0.6766,2,13,2,536114,69496,66739,41217,0.6437437474526659,0.3722869039769494
6273,0.6767,96,248,96,536362,69248,66835,41121,0.6414465152469525,0.3725774447535087
6274,0.6768,7,24,7,536386,69224,66842,41114,0.6412242024528512,0.3726186807808733
6275,0.6769,1,4,1,536390,69220,66843,41113,0.641187150320501,0.37262650340333353
6276,0.677,9,25,9,536415,69195,66852,41104,0.6409555744933121,0.37265977026083646
6277,0.6771,0,9,0,536424,69186,66852,41104,0.6408722071955241,0.37269018043340285
6278,0.6772,6,11,6,536435,69175,66858,41098,0.640770313831561,0.37269322499614593
6279,0.6773,6,20,6,536455,69155,66864,41092,0.64058505316981,0.37272669551098897
6280,0.6774,1,3,1,536458,69152,66865,41091,0.6405572640705472,0.372731148462941
6281,0.6775,51,161,51,536619,68991,66916,41040,0.6390659157434511,0.3729857949123429
6282,0.6776,3,7,3,536626,68984,66919,41037,0.6390010745118382,0.3729924287181538
6283,0.6777,7,10,7,536636,68974,66926,41030,0.6389084441809626,0.3729864368568416
6284,0.6778,5,12,5,536648,68962,66931,41025,0.638797287783912,0.3729986271104767
6285,0.6779,3,9,3,536657,68953,66934,41022,0.638713920486124,0.37301204819277106
6286,0.678,18,31,18,536688,68922,66952,41004,0.6384267664604097,0.3730145734403144
6287,0.6781,2,5,2,536693,68917,66954,41002,0.638380451294972,0.37302013300703246
6288,0.6782,5,8,5,536701,68909,66959,40997,0.6383063470302716,0.37301876148708896
6289,0.6783,59,152,59,536853,68757,67018,40938,0.6368983660009634,0.3731984137836729
6290,0.6784,0,1,0,536854,68756,67018,40938,0.6368891029678758,0.37320181596076357
6291,0.6785,8,22,8,536876,68734,67026,40930,0.6366853162399496,0.37323096002334405
6292,0.6786,2,4,2,536880,68730,67028,40928,0.6366482641075993,0.3732331430447391
6293,0.6787,2,11,2,536891,68719,67030,40926,0.6365463707436363,0.3732591545442109
6294,0.6788,1,12,1,536903,68707,67031,40925,0.6364352143465857,0.3732942936368943
6295,0.6789,2,4,2,536907,68703,67033,40923,0.6363981622142354,0.37329648076186306
6296,0.679,12,31,12,536938,68672,67045,40911,0.6361110081885213,0.3733334550067072
6297,0.6791,1,2,1,536940,68670,67046,40910,0.6360924821223461,0.3733345501003833
6298,0.6792,21,68,21,537008,68602,67067,40889,0.6354625958723925,0.3734462193239627
6299,0.6793,6,33,6,537041,68569,67073,40883,0.6351569157805032,0.3735244673464167
6300,0.6794,4,3,4,537044,68566,67077,40879,0.6351291266812406,0.3735118095847229
6301,0.6795,4,17,4,537061,68549,67081,40875,0.6349716551187521,0.3735469366866501
6302,0.6796,0,3,0,537064,68546,67081,40875,0.6349438660194894,0.37355717823818096
6303,0.6797,9,20,9,537084,68526,67090,40866,0.6347586053577383,0.37357393593681437
6304,0.6798,4,11,4,537095,68515,67094,40862,0.6346567119937753,0.3735885972370791
6305,0.6799,2,0,2,537095,68515,67096,40860,0.6346567119937753,0.37357714285714283
6306,0.68,657,1613,657,538708,66902,67753,40203,0.6197154396235504,0.375360627421689
6307,0.6801,2,8,2,538716,66894,67755,40201,0.6196413353588499,0.37537700172743826
6308,0.6802,2,15,2,538731,66879,67757,40199,0.6195023898625366,0.3754179196473599
6309,0.6803,7,17,7,538748,66862,67764,40192,0.6193449183000481,0.37543669549946757
6310,0.6804,1,5,1,538753,66857,67765,40191,0.6192986031346104,0.3754483969807937
6311,0.6805,8,22,8,538775,66835,67773,40183,0.6190948164066842,0.37547889140144647
6312,0.6806,3,2,3,538777,66833,67776,40180,0.6190762903405091,0.3754684010353882
6313,0.6807,13,24,13,538801,66809,67789,40167,0.6188539775464078,0.375476742446904
6314,0.6808,27,52,27,538853,66757,67816,40140,0.618372299825855,0.3755016511221082
6315,0.6809,1,3,1,538856,66754,67817,40139,0.6183445107265924,0.3755063474689643
6316,0.681,12,57,12,538913,66697,67829,40127,0.6178165178406018,0.37563656107241816
6317,0.6811,1,1,1,538914,66696,67830,40126,0.6178072548075142,0.3756342326487053
6318,0.6812,1,14,1,538928,66682,67831,40125,0.6176775723442884,0.37567762412575956
6319,0.6813,9,25,9,538953,66657,67840,40116,0.6174459965170995,0.3757129611418617
6320,0.6814,1,5,1,538958,66652,67841,40115,0.6173996813516618,0.375724708945648
6321,0.6815,8,19,8,538977,66633,67849,40107,0.6172236837229983,0.37574480044969083
6322,0.6816,0,3,0,538980,66630,67849,40107,0.6171958946237356,0.3757553613086371
6323,0.6817,51,148,51,539128,66482,67900,40056,0.6158249657267776,0.37597852409468924
6324,0.6818,4,16,4,539144,66466,67904,40052,0.6156767571973767,0.37601156612028014
6325,0.6819,0,4,0,539148,66462,67904,40052,0.6156397050650265,0.37602568676418124
6326,0.682,14,41,14,539189,66421,67918,40038,0.6152599207084368,0.376088447195634
6327,0.6821,4,8,4,539197,66413,67922,40034,0.6151858164437364,0.3760932670718761
6328,0.6822,8,10,8,539207,66403,67930,40026,0.6150931861128608,0.37608170705352867
6329,0.6823,12,21,12,539228,66382,67942,40014,0.6148986624180222,0.3760855671265837
6330,0.6824,0,4,0,539232,66378,67942,40014,0.614861610285672,0.37609970674486803
6331,0.6825,57,166,57,539398,66212,67999,39957,0.613323946793138,0.37635279601390237
6332,0.6826,2,12,2,539410,66200,68001,39955,0.6132127903960873,0.3763835900334417
6333,0.6827,7,37,7,539447,66163,68008,39948,0.6128700581718478,0.3764736926426101
6334,0.6828,4,8,4,539455,66155,68012,39944,0.6127959539071474,0.3764785718998294
6335,0.6829,3,17,3,539472,66138,68015,39941,0.6126384823446589,0.3765212718822764
6336,0.683,7,27,7,539499,66111,68022,39934,0.612388380451295,0.3765759818944788
6337,0.6831,2,2,2,539501,66109,68024,39932,0.6123698543851198,0.3765713261851548
6338,0.6832,6,6,6,539507,66103,68030,39926,0.6123142761865945,0.3765573569495138
6339,0.6833,112,279,112,539786,65824,68142,39814,0.609729889955167,0.376890891535243
6340,0.6834,1,8,1,539794,65816,68143,39813,0.6096557856904665,0.376913537002149
6341,0.6835,11,26,11,539820,65790,68154,39802,0.60941494683019,0.37694143495719373
6342,0.6836,0,12,0,539832,65778,68154,39802,0.6093037904331394,0.37698427732525097
6343,0.6837,4,12,4,539844,65766,68158,39798,0.6091926340360888,0.377003523928612
6344,0.6838,2,13,2,539857,65753,68160,39796,0.6090722146059506,0.37703815289581144
6345,0.6839,0,3,0,539860,65750,68160,39796,0.6090444255066879,0.3770488696871506
6346,0.684,13,54,13,539914,65696,68173,39783,0.60854422171996,0.37716512291546184
6347,0.6841,1,3,1,539917,65693,68174,39782,0.6085164326206973,0.377169945484712
6348,0.6842,17,81,17,539998,65612,68191,39765,0.6077661269406054,0.3773593858242311
6349,0.6843,7,24,7,540022,65588,68198,39758,0.6075438141465042,0.3774039830653276
6350,0.6844,1,5,1,540027,65583,68199,39757,0.6074974989810663,0.37741598632997914
6351,0.6845,2,8,2,540035,65575,68201,39755,0.607423394716366,0.37743283015285295
6352,0.6846,0,13,0,540048,65562,68201,39755,0.6073029752862277,0.3774794192770398
6353,0.6847,6,18,6,540066,65544,68207,39749,0.6071362406906518,0.3775084763469556
6354,0.6848,4,17,4,540083,65527,68211,39745,0.6069787691281633,0.37754578615396306
6355,0.6849,2,10,2,540093,65517,68213,39743,0.6068861387972878,0.37756982709481285
6356,0.685,238,505,238,540598,65012,68451,39505,0.6022083070880729,0.3779767884650344
6357,0.6851,0,3,0,540601,65009,68451,39505,0.6021805179888102,0.3779876380197868
6358,0.6852,10,17,10,540618,64992,68461,39495,0.6020230464263219,0.377989606362514
6359,0.6853,6,12,6,540630,64980,68467,39489,0.6019118900292711,0.37799730063463804
6360,0.6854,2,5,2,540635,64975,68469,39487,0.6018655748638334,0.37800348452068694
6361,0.6855,8,19,8,540654,64956,68477,39479,0.6016895772351699,0.37802460860822523
6362,0.6856,4,3,4,540657,64953,68481,39475,0.6016617881359072,0.378011644386563
6363,0.6857,5,19,5,540676,64934,68486,39470,0.6014857905072437,0.3780506494004061
6364,0.6858,18,52,18,540728,64882,68504,39452,0.6010041127866909,0.3781317691260759
6365,0.6859,1,1,1,540729,64881,68505,39451,0.6009948497536033,0.37812943296399953
6366,0.686,18,48,18,540777,64833,68523,39433,0.6005502241654007,0.3781961521493104
6367,0.6861,1,3,1,540780,64830,68524,39432,0.600522435066138,0.37820107038038786
6368,0.6862,5,13,5,540793,64817,68529,39427,0.6004020156359998,0.378218410651932
6369,0.6863,3,18,3,540811,64799,68532,39424,0.6002352810404239,0.3782658338370609
6370,0.6864,0,6,0,540817,64793,68532,39424,0.6001797028418986,0.37828761142615885
6371,0.6865,7,16,7,540833,64777,68539,39417,0.6000314943124977,0.3783039330479682
6372,0.6866,2,1,2,540834,64776,68541,39415,0.6000222312794101,0.3782956301407991
6373,0.6867,95,280,95,541114,64496,68636,39320,0.5974285820148949,0.37874701394775373
6374,0.6868,3,12,3,541126,64484,68639,39317,0.5973174256178443,0.3787728441922525
6375,0.6869,1,1,1,541127,64483,68640,39316,0.5973081625847567,0.37877050838640064
6376,0.687,12,34,12,541161,64449,68652,39304,0.5969932194597799,0.3788227810280185
6377,0.6871,1,15,1,541176,64434,68653,39303,0.5968542739634666,0.378871569449666
6378,0.6872,1,17,1,541193,64417,68654,39302,0.5966968024009782,0.37892767959583107
6379,0.6873,7,21,7,541214,64396,68661,39295,0.5965022787061396,0.3789624943341274
6380,0.6874,2,10,2,541224,64386,68663,39293,0.596409648375264,0.37898706584747155
6381,0.6875,51,147,51,541371,64239,68714,39242,0.5950479825113936,0.37921937360481633
6382,0.6876,0,6,0,541377,64233,68714,39242,0.5949924043128682,0.3792413626479826
6383,0.6877,5,24,5,541401,64209,68719,39237,0.5947700915187669,0.3792993445855809
6384,0.6878,4,15,4,541416,64194,68723,39233,0.5946311460224536,0.3793303489417657
6385,0.6879,2,6,2,541422,64188,68725,39231,0.5945755678239283,0.37934035331998955
6386,0.688,9,42,9,541464,64146,68734,39222,0.594186520434251,0.3794404457859299
6387,0.6881,1,2,1,541466,64144,68735,39221,0.5941679943680759,0.37944178396942874
6388,0.6882,8,13,8,541479,64131,68743,39213,0.5940475749379377,0.3794414770088249
6389,0.6883,59,144,59,541623,63987,68802,39154,0.5927136981733299,0.37961625347824823
6390,0.6884,1,3,1,541626,63984,68803,39153,0.5926859090740673,0.37962128043282234
6391,0.6885,7,11,7,541637,63973,68810,39146,0.5925840157101041,0.3796196627197704
6392,0.6886,3,10,3,541647,63963,68813,39143,0.5924913853792286,0.3796384303532287
6393,0.6887,8,15,8,541662,63948,68821,39135,0.5923524398829153,0.3796455283606414
6394,0.6888,3,15,3,541677,63933,68824,39132,0.592213494386602,0.3796827244942512
6395,0.6889,2,3,2,541680,63930,68826,39130,0.5921857052873393,0.37968173879293615
6396,0.689,12,31,12,541711,63899,68838,39118,0.5918985512616252,0.37972373491753786
6397,0.6891,1,4,1,541715,63895,68839,39117,0.5918614991292749,0.3797324583543665
6398,0.6892,15,55,15,541770,63840,68854,39102,0.5913520323094594,0.3798449612403101
6399,0.6893,4,31,4,541801,63809,68858,39098,0.5910648782837452,0.3799352813705579
6400,0.6894,1,7,1,541808,63802,68859,39097,0.5910000370521323,0.379955101604486
6401,0.6895,1,25,1,541833,63777,68860,39096,0.5907684612249435,0.3800414102825814
6402,0.6896,4,7,4,541840,63770,68864,39092,0.5907036199933307,0.380043164628337
6403,0.6897,4,17,4,541857,63753,68868,39088,0.5905461484308422,0.3800818739607744
6404,0.6898,3,11,3,541868,63742,68871,39085,0.5904442550668791,0.380104447275521
6405,0.6899,0,1,0,541869,63741,68871,39085,0.5904349920337916,0.3801081438546671
6406,0.69,620,1541,620,543410,62200,69491,38465,0.5761606580458706,0.3821089753141608
6407,0.6901,0,1,0,543411,62199,69491,38465,0.576151395012783,0.3821127711992371
6408,0.6902,2,18,2,543429,62181,69493,38463,0.575984660417207,0.38216883271730057
6409,0.6903,7,23,7,543452,62158,69500,38456,0.5757716106561933,0.3822132108851651
6410,0.6904,2,6,2,543458,62152,69502,38454,0.5757160324576679,0.3822237242311592
6411,0.6905,2,11,2,543469,62141,69504,38452,0.5756141390937048,0.3822532382968994
6412,0.6906,0,4,0,543473,62137,69504,38452,0.5755770869613547,0.38226843889490897
6413,0.6907,6,29,6,543502,62108,69510,38446,0.5753084590018156,0.38234182628239555
6414,0.6908,23,50,23,543552,62058,69533,38423,0.5748453073474379,0.38239070072949116
6415,0.6909,1,3,1,543555,62055,69534,38422,0.5748175182481752,0.3823959712172935
6416,0.691,12,41,12,543596,62014,69546,38410,0.5744377338915855,0.382478292041743
6417,0.6911,0,11,0,543607,62003,69546,38410,0.5743358405276223,0.38252019160865625
6418,0.6912,3,12,3,543619,61991,69549,38407,0.5742246841305717,0.38254746110480287
6419,0.6913,10,16,10,543635,61975,69559,38397,0.5740764756011708,0.38254692543737295
6420,0.6914,2,6,2,543641,61969,69561,38395,0.5740208974026455,0.38255749073372924
6421,0.6915,9,25,9,543666,61944,69570,38386,0.5737893215754567,0.3825974284859962
6422,0.6916,1,2,1,543668,61942,69571,38385,0.5737707955092816,0.3825989015917948
6423,0.6917,55,140,55,543808,61802,69626,38330,0.572473970877024,0.3827947109815044
6424,0.6918,2,21,2,543829,61781,69628,38328,0.5722794471821854,0.3828626796791497
6425,0.6919,2,6,2,543835,61775,69630,38326,0.57222386898366,0.3828732979690513
6426,0.692,17,32,17,543867,61743,69647,38309,0.5719274519248583,0.38289089673369847
6427,0.6921,0,3,0,543870,61740,69647,38309,0.5718996628255956,0.3829023778348609
6428,0.6922,0,9,0,543879,61731,69647,38309,0.5718162955278077,0.38293682526989203
6429,0.6923,3,23,3,543902,61708,69650,38306,0.5716032457667939,0.38300637910692503
6430,0.6924,6,5,6,543907,61703,69656,38300,0.5715569306013562,0.38298851034468967
6431,0.6925,58,124,58,544031,61579,69714,38242,0.5704083144984994,0.3831057593091634
6432,0.6926,1,5,1,544036,61574,69715,38241,0.5703619993330616,0.3831187697239894
6433,0.6927,10,28,10,544064,61546,69725,38231,0.5701026344066101,0.3831644567385269
6434,0.6928,1,4,1,544068,61542,69726,38230,0.5700655822742599,0.38317363588982883
6435,0.6929,2,11,2,544079,61531,69728,38228,0.5699636889102968,0.38320352048436734
6436,0.693,5,26,5,544105,61505,69733,38223,0.5697228500500203,0.3832725012032729
6437,0.6931,2,2,2,544107,61503,69735,38221,0.5697043239838453,0.3832678191809394
6438,0.6932,3,10,3,544117,61493,69738,38218,0.5696116936529697,0.38328770145721136
6439,0.6933,102,243,102,544360,61250,69840,38116,0.567360776612694,0.3835919731095143
6440,0.6934,0,2,0,544362,61248,69840,38116,0.567342250546519,0.3835996940541846
6441,0.6935,8,21,8,544383,61227,69848,38108,0.5671477268516804,0.3836311471284039
6442,0.6936,2,5,2,544388,61222,69850,38106,0.5671014116862425,0.3836380476804124
6443,0.6937,3,12,3,544400,61210,69853,38103,0.5669902552891919,0.3836657839356378
6444,0.6938,4,13,4,544413,61197,69857,38099,0.5668698358590537,0.3836911859490815
6445,0.6939,2,6,2,544419,61191,69859,38097,0.5668142576605284,0.38370195794053663
6446,0.694,23,53,23,544472,61138,69882,38074,0.566323316906888,0.38376406079909686
6447,0.6941,0,7,0,544479,61131,69882,38074,0.5662584756752751,0.383791139559498
6448,0.6942,26,58,26,544537,61073,69908,38048,0.5657212197561969,0.38385407733981697
6449,0.6943,5,28,5,544565,61045,69913,38043,0.5654618548297454,0.3839314548683998
6450,0.6944,0,4,0,544569,61041,69913,38043,0.5654248026973953,0.3839469540995519
6451,0.6945,5,23,5,544592,61018,69918,38038,0.5652117529363815,0.38400500726861575
6452,0.6946,0,5,0,544597,61013,69918,38038,0.5651654377709437,0.3840243914750987
6453,0.6947,8,18,8,544615,60995,69926,38030,0.5649987031753677,0.38404443322393333
6454,0.6948,8,20,8,544635,60975,69934,38022,0.5648134425136166,0.3840722446134731
6455,0.6949,1,0,1,544635,60975,69935,38021,0.5648134425136166,0.3840660228696109
6456,0.695,204,492,204,545127,60483,70139,37817,0.56025603023454,0.3847100712105799
6457,0.6951,1,7,1,545134,60476,70140,37816,0.5601911890029271,0.384731209050584
6458,0.6952,4,9,4,545143,60467,70144,37812,0.5601078217051392,0.38474139948513925
6459,0.6953,8,18,8,545161,60449,70152,37804,0.5599410871095631,0.38476178844411874
6460,0.6954,1,3,1,545164,60446,70153,37803,0.5599132980103005,0.38476727498498714
6461,0.6955,7,15,7,545179,60431,70160,37796,0.5597743525139872,0.384782188196728
6462,0.6956,1,7,1,545186,60424,70161,37795,0.5597095112823743,0.3848033476211324
6463,0.6957,5,29,5,545215,60395,70166,37790,0.5594408833228353,0.38488567500127313
6464,0.6958,23,48,23,545263,60347,70189,37767,0.5589962577346326,0.3849297755671973
6465,0.6959,4,7,4,545270,60340,70193,37763,0.5589314165030197,0.3849321631346646
6466,0.696,19,53,19,545323,60287,70212,37744,0.5584404757493794,0.38502106476522735
6467,0.6961,1,1,1,545324,60286,70213,37743,0.5584312127162918,0.38501871895051465
6468,0.6962,6,17,6,545341,60269,70219,37737,0.5582737411538033,0.38504785421300736
6469,0.6963,3,16,3,545357,60253,70222,37734,0.5581255326244026,0.3850918999459112
6470,0.6964,1,4,1,545361,60249,70223,37733,0.5580884804920523,0.38510134514502664
6471,0.6965,5,22,5,545383,60227,70228,37728,0.5578846937641261,0.385156449390026
6472,0.6966,1,4,1,545387,60223,70229,37727,0.5578476416317759,0.38516590096988257
6473,0.6967,105,252,105,545639,59971,70334,37622,0.5555133572937122,0.38549895996639105
6474,0.6968,1,12,1,545651,59959,70335,37621,0.5554022008966616,0.38554006968641114
6475,0.6969,3,3,3,545654,59956,70338,37618,0.555374411797399,0.3855330313403161
6476,0.697,3,28,3,545682,59928,70341,37615,0.5551150468709474,0.3856248013696524
6477,0.6971,1,7,1,545689,59921,70342,37614,0.5550502056393345,0.38564617829497105
6478,0.6972,5,16,5,545705,59905,70347,37609,0.5549019971099337,0.38567795393481963
6479,0.6973,10,33,10,545738,59872,70357,37599,0.5545963170180443,0.38574550379087114
6480,0.6974,0,1,0,545739,59871,70357,37599,0.5545870539849568,0.3857494613727301
6481,0.6975,62,141,62,545880,59730,70419,37537,0.5532809663196117,0.3859171147460084
6482,0.6976,3,6,3,545886,59724,70422,37534,0.5532253881210863,0.3859219807110983
6483,0.6977,11,13,11,545899,59711,70433,37523,0.5531049686909482,0.3859041076166773
6484,0.6978,2,6,2,545905,59705,70435,37521,0.5530493904924229,0.38591529014872566
6485,0.6979,2,3,2,545908,59702,70437,37519,0.5530216013931601,0.38591456578311273
6486,0.698,12,48,12,545956,59654,70449,37507,0.5525769758049576,0.3860293739257521
6487,0.6981,1,5,1,545961,59649,70450,37506,0.5525306606395198,0.3860429211054501
6488,0.6982,7,12,7,545973,59637,70457,37499,0.5524195042424691,0.38604636797891617
6489,0.6983,50,141,50,546114,59496,70507,37449,0.551113416577124,0.3862911960389912
6490,0.6984,1,4,1,546118,59492,70508,37448,0.5510763644447738,0.3863008046214153
6491,0.6985,5,17,5,546135,59475,70513,37443,0.5509188928822853,0.38633690336160464
6492,0.6986,1,9,1,546144,59466,70514,37442,0.5508355255844974,0.38636645065422875
6493,0.6987,6,18,6,546162,59448,70520,37436,0.5506687909889214,0.3864002312043268
6494,0.6988,5,20,5,546182,59428,70525,37431,0.5504835303271703,0.386448342435912
6495,0.6989,3,4,3,546186,59424,70528,37428,0.5504464781948201,0.38644529798042376
6496,0.699,10,31,10,546217,59393,70538,37418,0.550159324169106,0.38650566567848693
6497,0.6991,1,2,1,546219,59391,70539,37417,0.5501407981029308,0.3865073134451698
6498,0.6992,16,76,16,546295,59315,70555,37401,0.5494368075882767,0.3867095413375243
6499,0.6993,10,26,10,546321,59289,70565,37391,0.5491959687280003,0.3867501034340091
6500,0.6994,1,3,1,546324,59286,70566,37390,0.5491681796287377,0.38675576151268154
6501,0.6995,1,11,1,546335,59275,70567,37389,0.5490662862647745,0.38679342878424233
6502,0.6996,3,4,3,546339,59271,70570,37386,0.5490292341324243,0.38679040317824886
6503,0.6997,6,17,6,546356,59254,70576,37380,0.5488717625699359,0.38682037378148476
6504,0.6998,4,10,4,546366,59244,70580,37376,0.5487791322390604,0.38683502380459533
6505,0.6999,1,4,1,546370,59240,70581,37375,0.5487420801067101,0.38684469285307665
6506,0.7,662,1429,662,547799,57811,71243,36713,0.5355052058245952,0.3883987135542296
6507,0.7001,0,3,0,547802,57808,71243,36713,0.5354774167253326,0.3884110409327028
6508,0.7002,3,10,3,547812,57798,71246,36710,0.535384786394457,0.3884327252719347
6509,0.7003,6,13,6,547825,57785,71252,36704,0.5352643669643188,0.3884473324937294
6510,0.7004,0,5,0,547830,57780,71252,36704,0.535218051798881,0.3884678887430676
6511,0.7005,1,11,1,547841,57769,71253,36703,0.5351161584349179,0.38850664747226693
6512,0.7006,1,0,1,547841,57769,71254,36702,0.5351161584349179,0.388500174656773
6513,0.7007,10,19,10,547860,57750,71264,36692,0.5349401608062544,0.3885135850574956
6514,0.7008,24,56,24,547916,57694,71288,36668,0.5344214309533514,0.3885886267777283
6515,0.701,8,36,8,547952,57658,71296,36660,0.5340879617621994,0.38868508662185375
6516,0.7011,3,4,3,547956,57654,71299,36657,0.5340509096298492,0.38868212615707604
6517,0.7012,4,13,4,547969,57641,71303,36653,0.533930490199711,0.388709780049632
6518,0.7013,7,19,7,547988,57622,71310,36646,0.5337544925710475,0.3887427334832605
6519,0.7014,3,6,3,547994,57616,71313,36643,0.5336989143725221,0.38874802406136283
6520,0.7015,2,15,2,548009,57601,71315,36641,0.5335599688762088,0.3887969270601218
6521,0.7016,0,6,0,548015,57595,71315,36641,0.5335043906776835,0.38882168173521797
6522,0.7017,49,132,49,548147,57463,71364,36592,0.5322816703101263,0.3890489607144756
6523,0.7018,6,13,6,548160,57450,71370,36586,0.5321612508799881,0.3890637628142414
6524,0.7019,0,1,0,548161,57449,71370,36586,0.5321519878469005,0.38906790024990695
6525,0.702,11,33,11,548194,57416,71381,36575,0.5318463077550113,0.38913300209594537
6526,0.7021,0,4,0,548198,57412,71381,36575,0.5318092556226611,0.389149563237469
6527,0.7022,9,11,9,548209,57401,71390,36566,0.531707362258698,0.38913661178924513
6528,0.7023,5,25,5,548234,57376,71395,36561,0.5314757864315092,0.38920766045328253
6529,0.7024,1,7,1,548241,57369,71396,36560,0.5314109451998963,0.3892301632083808
6530,0.7025,51,117,51,548358,57252,71447,36509,0.5303271703286524,0.3893836456522435
6531,0.7026,5,6,5,548364,57246,71452,36504,0.5302715921301271,0.389376
6532,0.7027,8,36,8,548400,57210,71460,36496,0.5299381229389751,0.3894734595436792
6533,0.7028,3,15,3,548415,57195,71463,36493,0.5297991774426618,0.38951626675774914
6534,0.7029,1,4,1,548419,57191,71464,36492,0.5297621253103116,0.3895263815206601
6535,0.703,6,32,6,548451,57159,71470,36486,0.5294657082515098,0.38962037481979817
6536,0.7031,2,3,2,548454,57156,71472,36484,0.5294379191522472,0.3896198205894917
6537,0.7032,7,19,7,548473,57137,71479,36477,0.5292619215235836,0.3896532569914756
6538,0.7033,98,238,98,548711,56899,71577,36379,0.5270573196487458,0.39000621797208346
6539,0.7034,1,4,1,548715,56895,71578,36378,0.5270202675163955,0.39001640346080857
6540,0.7035,4,28,4,548743,56867,71582,36374,0.526760902589944,0.3901073562059609
6541,0.7036,1,12,1,548755,56855,71583,36373,0.5266497461928934,0.3901510275882782
6542,0.7037,5,21,5,548776,56834,71588,36368,0.5264552224980548,0.3902062187506706
6543,0.7038,1,23,1,548799,56811,71589,36367,0.526242172737041,0.39029599261628284
6544,0.7039,4,3,4,548802,56808,71593,36363,0.5262143836377784,0.39028238400360626
6545,0.704,17,49,17,548851,56759,71610,36346,0.5257604950164882,0.3903764566886848
6546,0.7041,1,3,1,548854,56756,71611,36345,0.5257327059172255,0.3903824878357912
6547,0.7042,18,53,18,548907,56703,71629,36327,0.5252417651635851,0.390486939696872
6548,0.7043,9,28,9,548935,56675,71638,36318,0.5249824002371336,0.39054552493198413
6549,0.7044,1,10,1,548945,56665,71639,36317,0.5248897699062581,0.3905809726613753
6550,0.7045,4,11,4,548956,56654,71643,36313,0.524787876542295,0.39060096593414867
6551,0.7046,1,4,1,548960,56650,71644,36312,0.5247508244099448,0.390611217486715
6552,0.7047,9,19,9,548979,56631,71653,36303,0.5245748267812813,0.39063206146297375
6553,0.7048,8,18,8,548997,56613,71661,36295,0.5244080921857053,0.3906552718818616
6554,0.7049,3,9,3,549006,56604,71664,36292,0.5243247248879173,0.39067344126765413
6555,0.705,178,484,178,549490,56120,71842,36114,0.519841416873541,0.39154758548908214
6556,0.7051,3,7,3,549497,56113,71845,36111,0.5197765756419281,0.3915575121443442
6557,0.7052,1,11,1,549508,56102,71846,36110,0.5196746822779651,0.39159762286904093
6558,0.7053,3,13,3,549521,56089,71849,36107,0.5195542628478269,0.3916330426482711
6559,0.7054,0,1,0,549522,56088,71849,36107,0.5195449998147393,0.39163729052551655
6560,0.7055,4,5,4,549527,56083,71853,36103,0.5194986846493016,0.39163213503134964
6561,0.7056,1,7,1,549534,56076,71854,36102,0.5194338434176887,0.3916552756623055
6562,0.7057,8,24,8,549558,56052,71862,36094,0.5192115306235874,0.391704468994856
6563,0.7058,21,54,21,549612,55998,71883,36073,0.5187113268368595,0.3917954621976518
6564,0.7059,0,3,0,549615,55995,71883,36073,0.5186835377375968,0.3918082287005257
6565,0.706,23,59,23,549674,55936,71906,36050,0.5181370187854311,0.39190746417933164
6566,0.7061,1,6,1,549680,55930,71907,36049,0.5180814405869058,0.39192641798671435
6567,0.7062,2,14,2,549694,55916,71909,36047,0.51795175812368,0.39197285864967435
6568,0.7063,5,21,5,549715,55895,71914,36042,0.5177572344288414,0.3920293244286849
6569,0.7064,0,4,0,549719,55891,71914,36042,0.5177201822964912,0.3920463816039942
6570,0.7065,3,9,3,549728,55882,71917,36039,0.5176368149987032,0.3920649253163042
6571,0.7067,122,249,122,549977,55633,72039,35917,0.5153303197599022,0.3923211359912616
6572,0.7068,4,8,4,549985,55625,72043,35913,0.5152562154952017,0.3923288688850532
6573,0.7069,2,5,2,549990,55620,72045,35911,0.515209900329764,0.39233702242955937
6574,0.707,11,28,11,550018,55592,72056,35900,0.5149505354033125,0.39238403357670615
6575,0.7071,5,15,5,550033,55577,72061,35895,0.5148115899069992,0.3924151652964842
6576,0.7072,3,5,3,550038,55572,72064,35892,0.5147652747415614,0.3924166885331934
6577,0.7073,8,29,8,550067,55543,72072,35884,0.5144966467820223,0.39248799588742933
6578,0.7074,1,5,1,550072,55538,72073,35883,0.5144503316165845,0.392502816639503
6579,0.7075,55,131,55,550203,55407,72128,35828,0.513236874282115,0.392700169890941
6580,0.7076,0,4,0,550207,55403,72128,35828,0.5131998221497647,0.3927173877300479
6581,0.7077,3,18,3,550225,55385,72131,35825,0.5130330875541887,0.39277491503124656
6582,0.7078,0,10,0,550235,55375,72131,35825,0.5129404572233132,0.39281798245614036
6583,0.7079,4,15,4,550250,55360,72135,35821,0.5128015117269998,0.3928559678003093
6584,0.708,19,50,19,550300,55310,72154,35802,0.5123383600726222,0.392944946878567
6585,0.7081,2,2,2,550302,55308,72156,35800,0.5123198340064471,0.3929402467401326
6586,0.7082,7,18,7,550320,55290,72163,35793,0.5121530994108711,0.3929712460063898
6587,0.7083,49,117,49,550437,55173,72212,35744,0.5110693245396273,0.3931497959677508
6588,0.7085,5,15,5,550452,55158,72217,35739,0.510930379043314,0.3931812931119839
6589,0.7086,4,5,4,550457,55153,72221,35735,0.5108840638778762,0.3931762168823167
6590,0.7087,3,16,3,550473,55137,72224,35732,0.5107358553484753,0.3932254124068714
6591,0.7088,4,27,4,550500,55110,72228,35728,0.5104857534551114,0.39331557277791235
6592,0.7089,1,3,1,550503,55107,72229,35727,0.5104579643558487,0.39332188387608163
6593,0.709,14,20,14,550523,55087,72243,35713,0.5102727036940976,0.3933149779735683
6594,0.7091,0,9,0,550532,55078,72243,35713,0.5101893363963096,0.39335396680287693
6595,0.7092,16,60,16,550592,55018,72259,35697,0.5096335544110564,0.3935071377390729
6596,0.7093,6,24,6,550616,54994,72265,35691,0.5094112416169551,0.3935711528918785
6597,0.7094,1,1,1,550617,54993,72266,35690,0.5094019785838675,0.3935688056195759
6598,0.7095,11,12,11,550629,54981,72277,35679,0.5092908221868169,0.39354731965585704
6599,0.7096,7,4,7,550633,54977,72284,35672,0.5092537700544666,0.393517854581959
6600,0.7097,7,20,7,550653,54957,72291,35665,0.5090685093927155,0.3935578557083269
6601,0.7098,4,19,4,550672,54938,72295,35661,0.508892511764052,0.3936136160443272
6602,0.7099,2,6,2,550678,54932,72297,35659,0.5088369335655267,0.39362629841816515
6603,0.71,638,1461,638,552139,53471,72935,35021,0.49530364222461004,0.3957532884328527
6604,0.7101,1,2,1,552141,53469,72936,35020,0.4952851161584349,0.3957554046265638
6605,0.7102,4,20,4,552161,53449,72940,35016,0.49509985549668384,0.3958175549652405
6606,0.7103,2,15,2,552176,53434,72942,35014,0.4949609100003705,0.39587102026049203
6607,0.7104,0,3,0,552179,53431,72942,35014,0.49493312090110786,0.3958844479620103
6608,0.7105,6,12,6,552191,53419,72948,35008,0.4948219645040572,0.3958971807253441
6609,0.7106,2,5,2,552196,53414,72950,35006,0.49477564933861945,0.39590590364171
6610,0.7107,8,16,8,552212,53398,72958,34998,0.49462744080921855,0.39592289243857187
6611,0.7108,20,62,20,552274,53336,72978,34978,0.4940531327577902,0.3960640442059017
6612,0.7109,1,2,1,552276,53334,72979,34977,0.4940346066916151,0.3960661752216598
6613,0.711,9,38,9,552314,53296,72988,34968,0.49368261143428804,0.3961751110305447
6614,0.7111,1,7,1,552321,53289,72989,34967,0.49361777020267517,0.3961996918056563
6615,0.7112,3,7,3,552328,53282,72992,34964,0.4935529289710623,0.3962105931147021
6616,0.7113,3,16,3,552344,53266,72995,34961,0.4934047204416614,0.3962619152867036
6617,0.7114,2,4,2,552348,53262,72997,34959,0.4933676683093112,0.39626619512361
6618,0.7115,5,13,5,552361,53249,73002,34954,0.493247248879173,0.3962903756108069
6619,0.7116,1,5,1,552366,53244,73003,34953,0.49320093371373525,0.39630599680261236
6620,0.7117,60,136,60,552502,53108,73063,34893,0.49194116121382786,0.39650685787661505
6621,0.7118,3,13,3,552515,53095,73066,34890,0.4918207417836897,0.3965448656020913
6622,0.7119,1,4,1,552519,53091,73067,34889,0.49178368965133945,0.39655603546260515
6623,0.712,17,30,17,552549,53061,73084,34872,0.4915057986587128,0.3965746648016103
6624,0.7121,0,2,0,552551,53059,73084,34872,0.4914872725925377,0.3965836849347784
6625,0.7122,2,9,2,552560,53050,73086,34870,0.4914039052947497,0.3966105550500455
6626,0.7123,7,22,7,552582,53028,73093,34863,0.4912001185668235,0.39666177424309657
6627,0.7124,0,7,0,552589,53021,73093,34863,0.4911352773352106,0.39669336853124576
6628,0.7125,56,143,56,552732,52878,73149,34807,0.4898106636036904,0.3969550094086788
6629,0.7126,5,4,5,552736,52874,73154,34802,0.4897736114713402,0.396938728956613
6630,0.7127,7,17,7,552753,52857,73161,34795,0.4896161399088518,0.3969675535070506
6631,0.7128,0,14,0,552767,52843,73161,34795,0.489486457445626,0.39703096830142176
6632,0.7129,3,7,3,552774,52836,73164,34792,0.4894216162140131,0.397042041356644
6633,0.713,11,22,11,552796,52814,73175,34781,0.48921782948608694,0.3970660425823392
6634,0.7131,0,4,0,552800,52810,73175,34781,0.4891807773537367,0.39708417531481544
6635,0.7132,3,18,3,552818,52792,73178,34778,0.48901404275816074,0.3971451410300331
6636,0.7133,107,231,107,553049,52561,73285,34671,0.4868742821149357,0.39745735509904623
6637,0.7134,1,1,1,553050,52560,73286,34670,0.48686501908184815,0.39745500401238104
6638,0.7135,2,18,2,553068,52542,73288,34668,0.48669828448627217,0.3975232198142415
6639,0.7136,0,2,0,553070,52540,73288,34668,0.4866797584200971,0.3975323364828915
6640,0.7137,5,19,5,553089,52521,73293,34663,0.48650376079143354,0.3975844191594788
6641,0.7138,1,12,1,553101,52509,73294,34662,0.4863926043943829,0.39763224007984305
6642,0.7139,3,8,3,553109,52501,73297,34659,0.4863185001296825,0.3976480036714089
6643,0.714,20,51,20,553160,52450,73317,34639,0.4858460854422172,0.39774253924146563
6644,0.7141,0,5,0,553165,52445,73317,34639,0.48579977027677945,0.3977653759588443
6645,0.7142,20,44,20,553209,52401,73337,34619,0.48539219682092705,0.39782808549758675
6646,0.7143,9,16,9,553225,52385,73346,34610,0.48524398829152615,0.3978389562618541
6647,0.7144,1,4,1,553229,52381,73347,34609,0.485206936159176,0.3978503276238648
6648,0.7145,4,14,4,553243,52367,73351,34605,0.48507725369595023,0.3978866761716415
6649,0.7146,3,5,3,553248,52362,73354,34602,0.48503093853051243,0.3978887815647854
6650,0.7147,6,18,6,553266,52344,73360,34596,0.48486420393493646,0.3979296066252588
6651,0.7148,4,15,4,553281,52329,73364,34592,0.48472525843862313,0.3979705709782446
6652,0.7149,2,2,2,553283,52327,73366,34590,0.48470673237244805,0.3979658754904104
6653,0.715,190,415,190,553698,51912,73556,34400,0.48086257364111307,0.3985540828621744
6654,0.7151,0,9,0,553707,51903,73556,34400,0.48077920634332505,0.39859564557431376
6655,0.7152,2,19,2,553726,51884,73558,34398,0.48060320871466156,0.39866947914976475
6656,0.7153,4,13,4,553739,51871,73562,34394,0.4804827892845233,0.3987016750710021
6657,0.7154,2,2,2,553741,51869,73564,34392,0.48046426321834823,0.39869697777674734
6658,0.7155,5,18,5,553759,51851,73569,34387,0.48029752862277225,0.3987453326839676
6659,0.7156,2,8,2,553767,51843,73571,34385,0.4802234243580718,0.39876838150020877
6660,0.7157,5,20,5,553787,51823,73576,34380,0.48003816369632074,0.3988260269364175
6661,0.7158,15,69,15,553856,51754,73591,34365,0.4793990144132795,0.3990408620629594
6662,0.7159,1,0,1,553856,51754,73592,34364,0.4793990144132795,0.39903388374091364
6663,0.716,29,44,29,553900,51710,73621,34335,0.4789914409574271,0.399035388459527
6664,0.7161,1,2,1,553902,51708,73622,34334,0.478972914891252,0.3990376792729132
6665,0.7162,5,9,5,553911,51699,73627,34329,0.478889547593464,0.3990444971404659
6666,0.7163,5,19,5,553930,51680,73632,34324,0.4787135499648005,0.3990977163852844
6667,0.7164,1,5,1,553935,51675,73633,34323,0.4786672347993627,0.39911393288216007
6668,0.7165,5,15,5,553950,51660,73638,34318,0.4785282893030494,0.39914861941426877
6669,0.7167,76,242,76,554192,51418,73714,34242,0.4762866352958613,0.3997431706747607
6670,0.7168,8,26,8,554218,51392,73722,34234,0.47604579643558487,0.39980846939013853
6671,0.7169,1,13,1,554231,51379,73723,34233,0.4759253770054467,0.39986216885483344
6672,0.717,14,23,14,554254,51356,73737,34219,0.4757123272444329,0.3998714577855682
6673,0.7171,5,10,5,554264,51346,73742,34214,0.4756196969135574,0.3998831229546517
6674,0.7172,3,17,3,554281,51329,73745,34211,0.47546222535106897,0.39994154781388824
6675,0.7173,7,29,7,554310,51300,73752,34204,0.4751935973915299,0.40002806886227543
6676,0.7174,1,3,1,554313,51297,73753,34203,0.47516580829226723,0.40003508771929824
6677,0.7175,59,121,59,554434,51176,73812,34144,0.4740449812886732,0.40018752930145335
6678,0.7176,1,1,1,554435,51175,73813,34143,0.4740357182555856,0.400185189526243
6679,0.7177,6,17,6,554452,51158,73819,34137,0.4738782466930972,0.400222756316314
6680,0.7178,2,11,2,554463,51147,73821,34135,0.4737763533291341,0.40026031284444546
6681,0.7179,2,9,2,554472,51138,73823,34133,0.47369298603134613,0.4002884919843792
6682,0.718,15,37,15,554509,51101,73838,34118,0.4733502538071066,0.40035672795972727
6683,0.7181,1,2,1,554511,51099,73839,34117,0.4733317277409315,0.400359087495306
6684,0.7182,9,16,9,554527,51083,73848,34108,0.4731835192115306,0.40037093120165274
6685,0.7183,42,126,42,554653,50957,73890,34066,0.47201637704249877,0.40066805452642223
6686,0.7184,1,5,1,554658,50952,73891,34065,0.47197006187706103,0.40068456896855925
6687,0.7185,4,18,4,554676,50934,73895,34061,0.47180332728148505,0.40074122007176893
6688,0.7186,5,5,5,554681,50929,73900,34056,0.47175701211604726,0.4007295405071483
6689,0.7187,3,14,3,554695,50915,73903,34053,0.4716273296528215,0.4007744091893419
6690,0.7188,3,16,3,554711,50899,73906,34050,0.47147912112342066,0.4008287325336378
6691,0.7189,3,5,3,554716,50894,73909,34047,0.47143280595798287,0.4008311651617005
6692,0.719,12,36,12,554752,50858,73921,34035,0.4710993367668309,0.4009164477636554
6693,0.7191,2,8,2,554760,50850,73923,34033,0.4710252325021305,0.4009401175736013
6694,0.7192,20,62,20,554822,50788,73943,34013,0.47045092445070213,0.40109196825509136
6695,0.7193,12,25,12,554847,50763,73955,34001,0.4702193486235133,0.40112547779717805
6696,0.7194,0,3,0,554850,50760,73955,34001,0.4701915595242506,0.40113967508641946
6697,0.7195,4,8,4,554858,50752,73959,33997,0.4701174552595502,0.40114927609765305
6698,0.7196,4,3,4,554861,50749,73963,33993,0.4700896661602875,0.40113521040334194
6699,0.7197,5,15,5,554876,50734,73968,33988,0.4699507206639742,0.4011708883170841
6700,0.7198,6,14,6,554890,50720,73974,33982,0.46982103820074844,0.40119477698283396
6701,0.7199,0,2,0,554892,50718,73974,33982,0.46980251213457336,0.4012042502951594
6702,0.72,685,1369,685,556261,49349,74659,33297,0.45712141983771165,0.40288701207559957
6703,0.7201,0,2,0,556263,49347,74659,33297,0.45710289377153657,0.4028967620153913
6704,0.7202,4,14,4,556277,49333,74663,33293,0.4569732113083108,0.4029361218018541
6705,0.7203,1,15,1,556292,49318,74664,33292,0.4568342658119975,0.4030020578622443
6706,0.7204,2,4,2,556296,49314,74666,33290,0.45679721367964726,0.403007118299356
6707,0.7205,9,9,9,556305,49305,74675,33281,0.4567138463818593,0.40298597825297267
6708,0.7206,2,3,2,556308,49302,74677,33279,0.4566860572825966,0.4029861590438479
6709,0.7207,8,34,8,556342,49268,74685,33271,0.4563711141576198,0.40309429481820713
6710,0.7208,19,69,19,556411,49199,74704,33252,0.4557319648745785,0.40329407769463077
6711,0.7209,2,5,2,556416,49194,74706,33250,0.45568564970914077,0.4033040609383339
6712,0.721,7,43,7,556459,49151,74713,33243,0.45528733928637594,0.4034638444546933
6713,0.7211,2,1,2,556460,49150,74715,33241,0.45527807625328837,0.4034542607809105
6714,0.7212,3,5,3,556465,49145,74718,33238,0.45523176108785063,0.403457023900562
6715,0.7213,6,16,6,556481,49129,74724,33232,0.45508355255844973,0.4034919440026226
6716,0.7214,0,2,0,556483,49127,74724,33232,0.45506502649227465,0.4035017423718112
6717,0.7215,5,16,5,556499,49111,74729,33227,0.45491681796287375,0.40354392868420413
6718,0.7216,1,4,1,556503,49107,74730,33226,0.45487976583052353,0.40355628970157775
6719,0.7217,63,105,63,556608,49002,74793,33163,0.45390714735633036,0.4036146777825108
6720,0.7218,5,8,5,556616,48994,74798,33158,0.4538330430916299,0.4036176842925309
6721,0.7219,1,0,1,556616,48994,74799,33157,0.4538330430916299,0.40361042470572484
6722,0.722,12,27,12,556643,48967,74811,33145,0.453582941198266,0.4036559820732658
6723,0.7221,0,2,0,556645,48965,74811,33145,0.45356441513209084,0.4036658141517477
6724,0.7222,0,14,0,556659,48951,74811,33145,0.4534347326688651,0.4037346521145975
6725,0.7223,4,17,4,556676,48934,74815,33141,0.45327726110637667,0.4037892171794091
6726,0.7224,1,3,1,556679,48931,74816,33140,0.453249472007114,0.4037967126025027
6727,0.7225,53,138,53,556817,48793,74869,33087,0.45197117344103155,0.4040913531998046
6728,0.7226,2,3,2,556820,48790,74871,33085,0.4519433843417689,0.4040916030534351
6729,0.7227,5,21,5,556841,48769,74876,33080,0.4517488606469302,0.40415887793375604
6730,0.7228,1,6,1,556847,48763,74877,33079,0.4516932824484049,0.40418122724273603
6731,0.7229,2,7,2,556854,48756,74879,33077,0.451628441216792,0.4042012391089169
6732,0.723,10,24,10,556878,48732,74889,33067,0.45140612842269073,0.4042469956845438
6733,0.7231,2,6,2,556884,48726,74891,33065,0.4513505502241654,0.4042620826252277
6734,0.7232,7,6,7,556890,48720,74898,33058,0.45129497202564006,0.4042407493457898
6735,0.7233,98,212,98,557102,48508,74996,32960,0.4493312090110786,0.4045760298522119
6736,0.7234,1,3,1,557105,48505,74997,32959,0.44930341991181594,0.4045836197584209
6737,0.7235,10,25,10,557130,48480,75007,32949,0.4490718440846271,0.40463471244888183
6738,0.7236,2,3,2,557133,48477,75009,32947,0.4490440549853644,0.4046349970524661
6739,0.7237,4,12,4,557145,48465,75013,32943,0.44893289858831376,0.4046653891509434
6740,0.7238,3,17,3,557162,48448,75016,32940,0.44877542702582535,0.40472796972526665
6741,0.7239,0,1,0,557163,48447,75016,32940,0.4487661639927378,0.4047329426075417
6742,0.724,24,36,24,557199,48411,75040,32916,0.4484326948015858,0.40473643439448154
6743,0.7242,31,63,31,557262,48348,75071,32885,0.4478491237170699,0.4048231630002585
6744,0.7243,6,19,6,557281,48329,75077,32879,0.44767312608840637,0.4048739040488622
6745,0.7244,2,2,2,557283,48327,75079,32877,0.4476546000222313,0.4048692182651101
6746,0.7245,2,13,2,557296,48314,75081,32875,0.4475341805920931,0.4049193856310584
6747,0.7246,2,5,2,557301,48309,75083,32873,0.4474878654266553,0.40492966421127835
6748,0.7247,6,22,6,557323,48287,75089,32867,0.4472840786987291,0.40499544076693694
6749,0.7248,5,14,5,557337,48273,75094,32862,0.44715439623550335,0.4050286559437974
6750,0.7249,2,4,2,557341,48269,75096,32860,0.4471173441031531,0.4050339582639993
6751,0.725,180,425,180,557766,47844,75276,32680,0.4431805550409426,0.40584173662510553
6752,0.7251,2,1,2,557767,47843,75278,32678,0.44317129200785504,0.4058320189764161
6753,0.7252,4,16,4,557783,47827,75282,32674,0.4430230834784542,0.4058831567309723
6754,0.7253,7,17,7,557800,47810,75289,32667,0.44286561191596574,0.4059172185841918
6755,0.7254,0,2,0,557802,47808,75289,32667,0.44284708584979066,0.4059273066169618
6756,0.7255,3,22,3,557824,47786,75292,32664,0.44264329912186445,0.4060161591050342
6757,0.7256,0,4,0,557828,47782,75292,32664,0.44260624698951423,0.4060363473634488
6758,0.7257,5,22,5,557850,47760,75297,32659,0.4424024602615881,0.40611049627575574
6759,0.7258,14,47,14,557897,47713,75311,32645,0.441967097706473,0.406244555613629
6760,0.7259,0,4,0,557901,47709,75311,32645,0.4419300455741228,0.4062647783557757
6761,0.726,19,57,19,557958,47652,75330,32626,0.4414020526881322,0.4064127158125514
6762,0.7261,3,6,3,557964,47646,75333,32623,0.4413464744896069,0.40642090969116346
6763,0.7262,4,11,4,557975,47635,75337,32619,0.4412445811256438,0.40644703067759863
6764,0.7263,5,11,5,557986,47624,75342,32614,0.4411426877616807,0.40646576435105564
6765,0.7264,0,2,0,557988,47622,75342,32614,0.44112416169550556,0.4064758961064859
6766,0.7265,2,17,2,558005,47605,75344,32612,0.44096669013301715,0.4065472406098458
6767,0.7266,0,1,0,558006,47604,75344,32612,0.4409574270999296,0.4065523087663309
6768,0.7267,92,223,92,558229,47381,75436,32520,0.438891770721405,0.4070036670379595
6769,0.7268,1,18,1,558247,47363,75437,32519,0.438725036125829,0.4070879547332315
6770,0.7269,2,0,2,558247,47363,75439,32517,0.438725036125829,0.4070731096644967
6771,0.727,10,20,10,558267,47343,75449,32507,0.43853977546407796,0.40710081402629933
6772,0.7271,1,7,1,558274,47336,75450,32506,0.4384749342324651,0.4071290799328674
6773,0.7272,4,15,4,558289,47321,75454,32502,0.43833598873615176,0.4071758766270373
6774,0.7273,8,15,8,558304,47306,75462,32494,0.43819704323983844,0.40719298245614033
6775,0.7274,1,5,1,558309,47301,75463,32493,0.4381507280744007,0.4072110685013911
6776,0.7275,60,133,60,558442,47168,75523,32433,0.43691874467375597,0.4074446300925868
6777,0.7276,1,8,1,558450,47160,75524,32432,0.4368446404090555,0.40747813850638254
6778,0.7277,9,31,9,558481,47129,75533,32423,0.43655748638334135,0.40756989139179406
6779,0.7278,2,9,2,558490,47120,75535,32421,0.4364741190855534,0.4076011113765228
6780,0.7279,1,2,1,558492,47118,75536,32420,0.43645559301937825,0.4076039125952375
6781,0.728,17,42,17,558534,47076,75553,32403,0.436066545629701,0.40769259804476654
6782,0.7281,1,1,1,558535,47075,75554,32402,0.4360572825966134,0.4076902751739497
6783,0.7282,3,13,3,558548,47062,75557,32399,0.43593686316647523,0.40773461194799965
6784,0.7283,45,114,45,558662,46948,75602,32354,0.43488087739449405,0.40798466621270585
6785,0.7284,0,2,0,558664,46946,75602,32354,0.43486235132831896,0.4079949558638083
6786,0.7285,6,15,6,558679,46931,75608,32348,0.43472340583200564,0.40802734645997046
6787,0.7286,1,3,1,558682,46928,75609,32347,0.434695616732743,0.40803532008830024
6788,0.7287,7,17,7,558699,46911,75616,32340,0.4345381451702546,0.40807056062384073
6789,0.7288,3,3,3,558702,46908,75619,32337,0.43451035607099187,0.40806360022714366
6790,0.7289,1,4,1,558706,46904,75620,32336,0.43447330393864164,0.40807672892478547
6791,0.729,12,17,12,558723,46887,75632,32324,0.43431583237615323,0.4080746360985217
6792,0.7291,2,2,2,558725,46885,75634,32322,0.43429730630997815,0.4080699938136781
6793,0.7292,14,44,14,558769,46841,75648,32308,0.43388973285412574,0.40819214393106673
6794,0.7293,8,15,8,558784,46826,75656,32300,0.4337507873578124,0.4082096908727852
6795,0.7294,6,7,6,558791,46819,75662,32294,0.43368594612619954,0.40820092778683653
6796,0.7295,4,23,4,558814,46796,75666,32290,0.4334728963651858,0.40828970993601904
6797,0.7296,0,3,0,558817,46793,75666,32290,0.43344510726592317,0.40830519833592555
6798,0.7297,6,16,6,558833,46777,75672,32284,0.4332968987365223,0.4083429250831636
6799,0.7298,7,19,7,558852,46758,75679,32277,0.4331209011078588,0.40838868855570315
6800,0.7299,0,3,0,558855,46755,75679,32277,0.43309311200859607,0.4084041907075615
6801,0.73,683,1374,683,560229,45381,76362,31594,0.4203657045462966,0.4104449496589802
6802,0.7301,1,2,1,560231,45379,76363,31593,0.42034717848012154,0.41044795510055604
6803,0.7302,3,13,3,560244,45366,76366,31590,0.4202267590499833,0.4104943084359894
6804,0.7303,7,9,7,560253,45357,76373,31583,0.42014339175219534,0.41048869248765274
6805,0.7304,0,2,0,560255,45355,76373,31583,0.42012486568602025,0.410499363123554
6806,0.7305,3,21,3,560276,45334,76376,31580,0.41993034199118157,0.41058844943703354
6807,0.7306,2,4,2,560280,45330,76378,31578,0.4198932898588314,0.4105944765173974
6808,0.7307,11,23,11,560303,45307,76389,31567,0.4196802400978176,0.4106329838436923
6809,0.7308,21,41,21,560344,45266,76410,31546,0.41930045574122793,0.4106910378586679
6810,0.7309,0,1,0,560345,45265,76410,31546,0.41929119270814036,0.41069638463240943
6811,0.731,10,28,10,560373,45237,76420,31536,0.41903182778168885,0.41076941112109727
6812,0.7311,0,3,0,560376,45234,76420,31536,0.4190040386824262,0.4107854630715123
6813,0.7312,7,12,7,560388,45222,76427,31529,0.4188928822853755,0.41079595054136103
6814,0.7313,3,9,3,560397,45213,76430,31526,0.41880951498758756,0.410821094880048
6815,0.7314,2,1,2,560398,45212,76432,31524,0.4188002519545,0.4108110925771476
6816,0.7315,6,10,6,560408,45202,76438,31518,0.41870762162362446,0.41081856100104275
6817,0.7316,0,3,0,560411,45199,76438,31518,0.41867983252436175,0.4108346259629548
6818,0.7317,42,126,42,560537,45073,76480,31476,0.41751269035532995,0.411187605324694
6819,0.7318,2,11,2,560548,45062,76482,31474,0.41741079699136685,0.4112313159820215
6820,0.7319,2,9,2,560557,45053,76484,31472,0.4173274296935789,0.4112642927147991
6821,0.732,15,30,15,560587,45023,76499,31457,0.41704953870095224,0.41131014644351466
6822,0.7321,1,5,1,560592,45018,76500,31456,0.41700322353551444,0.4113293406909538
6823,0.7322,4,19,4,560611,44999,76504,31452,0.41682722590685095,0.4114007665040353
6824,0.7323,4,16,4,560627,44983,76508,31448,0.41667901737745006,0.4114560845730136
6825,0.7324,2,12,2,560639,44971,76510,31446,0.41656786098039944,0.41150529332478375
6826,0.7325,41,148,41,560787,44823,76551,31405,0.4151969320834414,0.4119877210473842
6827,0.7326,2,2,2,560789,44821,76553,31403,0.4151784060172663,0.41198310243492864
6828,0.7327,6,18,6,560807,44803,76559,31397,0.4150116714216903,0.41203412073490814
6829,0.7328,2,7,2,560814,44796,76561,31395,0.41494683019007744,0.41205654211127296
6830,0.7329,3,3,3,560817,44793,76564,31392,0.4149190410908148,0.41204961606615476
6831,0.733,5,26,5,560843,44767,76569,31387,0.41467820223053836,0.4121516926228432
6832,0.7331,1,2,1,560845,44765,76570,31386,0.4146596761643633,0.41215479770456065
6833,0.7332,3,14,3,560859,44751,76573,31383,0.4145299937011375,0.4122074237528568
6834,0.7333,95,243,95,561102,44508,76668,31288,0.41227907666086183,0.41279223178004115
6835,0.7334,2,4,2,561106,44504,76670,31286,0.4122420245285116,0.4127985222324845
6836,0.7335,9,22,9,561128,44482,76679,31277,0.4120382378005854,0.4128486384455972
6837,0.7336,0,6,0,561134,44476,76679,31277,0.4119826596020601,0.4128813380328172
6838,0.7337,7,16,7,561150,44460,76686,31270,0.41183445107265926,0.4129143008054932
6839,0.7338,2,11,2,561161,44449,76688,31268,0.41173255770869616,0.4129587807229552
6840,0.734,11,43,11,561204,44406,76699,31257,0.4113342472859313,0.4131081241822291
6841,0.7341,0,1,0,561205,44405,76699,31257,0.41132498425284375,0.41311358409769766
6842,0.7342,13,41,13,561246,44364,76712,31244,0.41094519989625405,0.41323669452967937
6843,0.7343,8,21,8,561267,44343,76720,31236,0.41075067620141537,0.4132894057873219
6844,0.7344,0,6,0,561273,44337,76720,31236,0.41069509800289006,0.4133222182525505
6845,0.7345,4,19,4,561292,44318,76724,31232,0.41051910037422656,0.41339510258107215
6846,0.7346,1,6,1,561298,44312,76725,31231,0.4104635221757012,0.41342017129317077
6847,0.7347,6,25,6,561323,44287,76731,31225,0.41023194634851234,0.4135104354274817
6848,0.7348,4,12,4,561335,44275,76735,31221,0.41012078995146173,0.41354508848150895
6849,0.7349,0,4,0,561339,44271,76735,31221,0.4100837378191115,0.4135670004768717
6850,0.735,189,429,189,561768,43842,76924,31032,0.40610989662455077,0.4144562865614232
6851,0.7351,0,3,0,561771,43839,76924,31032,0.40608210752528806,0.41447289337660775
6852,0.7352,5,18,5,561789,43821,76929,31027,0.4059153729297121,0.4145334544677213
6853,0.7353,9,13,9,561802,43808,76938,31018,0.4057949534995739,0.4145350546601449
6854,0.7354,2,4,2,561806,43804,76940,31016,0.4057579013672237,0.4145415664260893
6855,0.7355,4,9,4,561815,43795,76944,31012,0.4056745340694357,0.4145601347467483
6856,0.7356,0,2,0,561817,43793,76944,31012,0.40565600800326057,0.4145712185014371
6857,0.7357,4,24,4,561841,43769,76948,31008,0.4054336952091593,0.4146729609371866
6858,0.7358,20,44,20,561885,43725,76968,30988,0.4050261217533069,0.414760483450002
6859,0.7359,1,2,1,561887,43723,76969,30987,0.4050075956871318,0.41476375317895864
6860,0.736,27,43,27,561930,43680,76996,30960,0.40460928526436696,0.41479099678456594
6861,0.7361,0,4,0,561934,43676,76996,30960,0.40457223313201673,0.4148132268610322
6862,0.7362,6,10,6,561944,43666,77002,30954,0.4044796028011412,0.4148217636022514
6863,0.7363,3,15,3,561959,43651,77005,30951,0.4043406573048279,0.41488163856196886
6864,0.7364,3,2,3,561961,43649,77008,30948,0.4043221312386528,0.4148692306661126
6865,0.7365,5,13,5,561974,43636,77013,30943,0.4042017118085146,0.41490231834698776
6866,0.7367,120,191,120,562165,43445,77133,30823,0.4024324724887917,0.41502396725372975
6867,0.7368,7,12,7,562177,43433,77140,30816,0.4023213160917411,0.41503589273929614
6868,0.7369,1,1,1,562178,43432,77141,30815,0.40231205305865353,0.41503360405134215
6869,0.737,3,12,3,562190,43420,77144,30812,0.40220089666160286,0.41507705571721093
6870,0.7371,2,2,2,562192,43418,77146,30810,0.4021823705954278,0.4150724793878321
6871,0.7372,3,8,3,562200,43410,77149,30807,0.4021082663307273,0.4150935769432879
6872,0.7373,3,12,3,562212,43398,77152,30804,0.4019971099336767,0.41513705830031533
6873,0.7374,0,3,0,562215,43395,77152,30804,0.401969320834414,0.4151538430437068
6874,0.7375,61,125,61,562340,43270,77213,30743,0.4008114416984698,0.41537297501790227
6875,0.7376,1,2,1,562342,43268,77214,30742,0.40079291563229463,0.41537630049993246
6876,0.7377,7,9,7,562351,43259,77221,30735,0.40070954833450667,0.4153715166094548
6877,0.7378,2,9,2,562360,43250,77223,30733,0.40062618103671865,0.41540624197450765
6878,0.7379,2,5,2,562365,43245,77225,30731,0.4005798658712809,0.4154185141126852
6879,0.738,11,38,11,562403,43207,77236,30720,0.4002278706139538,0.4155450647260135
6880,0.7381,2,6,2,562409,43201,77238,30718,0.4001722924154285,0.4155629811009348
6881,0.7382,2,9,2,562418,43192,77240,30716,0.4000889251176405,0.4155977702007902
6882,0.7383,62,105,62,562523,43087,77302,30654,0.3991163066434473,0.4156981868973841
6883,0.7384,0,3,0,562526,43084,77302,30654,0.3990885175441847,0.41571509940600504
6884,0.7385,11,22,11,562548,43062,77313,30643,0.39888473081625847,0.41575198426158333
6885,0.7386,2,6,2,562554,43056,77315,30641,0.39882915261773316,0.415769977068266
6886,0.7387,6,16,6,562570,43040,77321,30635,0.39868094408833227,0.4158126908720733
6887,0.7388,4,10,4,562580,43030,77325,30631,0.39858831375745674,0.4158374173578963
6888,0.7389,2,4,2,562584,43026,77327,30629,0.3985512616251065,0.415844138211934
6889,0.739,10,16,10,562600,43010,77337,30619,0.3984030530957057,0.4158551657634899
6890,0.7391,6,5,6,562605,43005,77343,30613,0.3983567379302679,0.41583580102692275
6891,0.7392,11,47,11,562652,42958,77354,30602,0.3979213753751528,0.4160141381185427
6892,0.7393,7,21,7,562673,42937,77361,30595,0.3977268516803142,0.4160773540771365
6893,0.7394,2,1,2,562674,42936,77363,30593,0.39771758864722667,0.4160671299759279
6894,0.7395,3,13,3,562687,42923,77366,30590,0.39759716921708843,0.41611687728701047
6895,0.7397,1,10,1,562697,42913,77367,30589,0.3975045388862129,0.41616554651574106
6896,0.7398,1,12,1,562709,42901,77368,30588,0.39739338248916223,0.41622555756643853
6897,0.7399,1,3,1,562712,42898,77369,30587,0.3973655933898996,0.4162346057018439
6898,0.74,669,1279,669,563991,41619,78038,29918,0.38551817407091776,0.41821714637180757
6899,0.7401,0,1,0,563992,41618,78038,29918,0.38550891103783025,0.4182229926191009
6900,0.7402,1,15,1,564007,41603,78039,29917,0.3853699655415169,0.4183025727069351
6901,0.7403,8,11,8,564018,41592,78047,29909,0.3852680721775538,0.41830184193228065
6902,0.7404,1,3,1,564021,41589,78048,29908,0.38524028307829117,0.4183112578150132
6903,0.7405,6,14,6,564035,41575,78054,29902,0.3851106006150654,0.41834436252220997
6904,0.7406,0,4,0,564039,41571,78054,29902,0.3850735484827152,0.41836777524379837
6905,0.7407,6,23,6,564062,41548,78060,29896,0.3848604987217014,0.4184536140193718
6906,0.7408,15,41,15,564103,41507,78075,29881,0.3844807143651117,0.4185717487532919
6907,0.7409,2,0,2,564103,41507,78077,29879,0.3844807143651117,0.4185554590535959
6908,0.741,6,22,6,564125,41485,78083,29873,0.3842769276371855,0.41863561198464083
6909,0.7411,0,2,0,564127,41483,78083,29873,0.38425840157101043,0.4186473457032345
6910,0.7412,7,18,7,564145,41465,78090,29866,0.38409166697543445,0.4186959386521989
6911,0.7413,1,20,1,564165,41445,78091,29865,0.38390640631368333,0.41880521665965503
6912,0.7414,0,7,0,564172,41438,78091,29865,0.38384156508207046,0.41884633185139475
6913,0.7415,5,15,5,564187,41423,78096,29860,0.3837026195857572,0.4188937053715472
6914,0.7416,0,5,0,564192,41418,78096,29860,0.3836563044203194,0.4189230898734532
6915,0.7417,46,110,46,564302,41308,78142,29814,0.38263737078068844,0.419195185737184
6916,0.7418,7,12,7,564314,41296,78149,29807,0.38252621438363776,0.41920875349844594
6917,0.7419,1,1,1,564315,41295,78150,29806,0.38251695135055025,0.41920648092150603
6918,0.742,13,26,13,564341,41269,78163,29793,0.3822761124902738,0.4192536095240776
6919,0.7421,0,4,0,564345,41265,78163,29793,0.3822390603579236,0.419277210166343
6920,0.7422,3,14,3,564359,41251,78166,29790,0.38210937789469784,0.41933531341056574
6921,0.7423,6,14,6,564373,41237,78172,29784,0.3819796954314721,0.4193689190521113
6922,0.7424,1,2,1,564375,41235,78173,29783,0.38196116936529695,0.4193725534371568
6923,0.7425,55,91,55,564466,41144,78228,29728,0.38111823335432954,0.419460435715092
6924,0.7426,4,6,4,564472,41138,78232,29724,0.38106265515580423,0.41946318195930116
6925,0.7427,7,11,7,564483,41127,78239,29717,0.38096076179184113,0.4194709502569025
6926,0.7428,6,16,6,564499,41111,78245,29711,0.38081255326244023,0.41951653441021153
6927,0.7429,2,8,2,564507,41103,78247,29709,0.38073844899773984,0.4195475343162176
6928,0.743,10,20,10,564527,41083,78257,29699,0.3805531883359887,0.4195840750473284
6929,0.7431,0,1,0,564528,41082,78257,29699,0.3805439253029012,0.4195900029668979
6930,0.7432,6,17,6,564545,41065,78263,29693,0.38038645374041274,0.4196415952966449
6931,0.7433,108,216,108,564761,40849,78371,29585,0.37838563859350105,0.4200386177130363
6932,0.7434,0,5,0,564766,40844,78371,29585,0.3783393234280633,0.42006843771741753
6933,0.7435,5,10,5,564776,40834,78376,29580,0.3782466930971877,0.4200869145340415
6934,0.7436,4,8,4,564784,40826,78380,29576,0.37817258883248733,0.420101701656203
6935,0.7437,7,14,7,564798,40812,78387,29569,0.3780429063692616,0.4201275912533212
6936,0.7438,2,18,2,564816,40794,78389,29567,0.3778761717736856,0.42021858700132175
6937,0.7439,2,7,2,564823,40787,78391,29565,0.3778113305420727,0.42024391630657265
6938,0.744,24,32,24,564855,40755,78415,29541,0.377514913483271,0.42023728234892455
6939,0.7441,0,1,0,564856,40754,78415,29541,0.3775056504501834,0.42024326054484673
6940,0.7442,13,68,13,564924,40686,78428,29528,0.3768757642002297,0.4205429116700373
6941,0.7443,10,28,10,564952,40658,78438,29518,0.3766163992737782,0.4206281349749202
6942,0.7444,0,1,0,564953,40657,78438,29518,0.37660713624069064,0.42063412896330604
6943,0.7445,7,7,7,564960,40650,78445,29511,0.37654229500907777,0.42061829221362296
6944,0.7446,2,4,2,564964,40646,78447,29509,0.37650524287672754,0.42062575725179957
6945,0.7447,3,13,3,564977,40633,78450,29506,0.37638482344658936,0.42067893753831676
6946,0.7448,4,17,4,564994,40616,78454,29502,0.37622735188410095,0.42074788214153286
6947,0.7449,4,7,4,565001,40609,78458,29498,0.37616251065248807,0.4207568431112442
6948,0.745,211,375,211,565376,40234,78669,29287,0.3726888732446552,0.42126839372276004
6949,0.7451,1,2,1,565378,40232,78670,29286,0.37267034717848013,0.42127218849794296
6950,0.7452,4,15,4,565393,40217,78674,29282,0.3725314016821668,0.4213298033065224
6951,0.7453,6,16,6,565409,40201,78680,29276,0.37238319315276597,0.42137685852872175
6952,0.7454,2,5,2,565414,40196,78682,29274,0.3723368779873282,0.4213905282855909
6953,0.7455,2,3,2,565417,40193,78684,29272,0.3723090888880655,0.4213920679478874
6954,0.7456,0,4,0,565421,40189,78684,29272,0.3722720367557153,0.42141633434589193
6955,0.7457,9,23,9,565444,40166,78693,29263,0.3720589869947015,0.421480937360469
6956,0.7458,24,33,24,565477,40133,78717,29239,0.3717533069028123,0.4214812892809779
6957,0.7459,1,2,1,565479,40131,78718,29238,0.37173478083663714,0.4214851014141764
6958,0.746,20,48,20,565527,40083,78738,29218,0.37129015524843456,0.42161007777665543
6959,0.7461,0,3,0,565530,40080,78738,29218,0.3712623661491719,0.4216283298219285
6960,0.7462,3,10,3,565540,40070,78741,29215,0.3711697358182963,0.42166414086743165
6961,0.7463,6,11,6,565551,40059,78747,29209,0.3710678424543333,0.4216810071028469
6962,0.7464,2,9,2,565560,40050,78749,29207,0.37098447515654526,0.42171910420607306
6963,0.7465,10,16,10,565576,40034,78759,29197,0.3708362666271444,0.4217330386676489
6964,0.7466,1,6,1,565582,40028,78760,29196,0.37078068842861905,0.42176123887669015
6965,0.7467,97,247,97,565829,39781,78857,29099,0.3684927192559932,0.42245934959349596
6966,0.7468,4,11,4,565840,39770,78861,29095,0.3683908258920301,0.4224932839613737
6967,0.7469,1,1,1,565841,39769,78862,29094,0.3683815628589425,0.4224910329204362
6968,0.747,13,14,13,565855,39755,78875,29081,0.36825188039571677,0.42246789470625834
6969,0.7471,3,10,3,565865,39745,78878,29078,0.36815925006484124,0.42250410473242955
6970,0.7472,5,17,5,565882,39728,78883,29073,0.3680017785023528,0.4225665324631909
6971,0.7473,6,20,6,565902,39708,78889,29067,0.3678165178406017,0.422639040348964
6972,0.7474,0,4,0,565906,39704,78889,29067,0.3677794657082515,0.4226636227479606
6973,0.7475,52,90,52,565996,39614,78941,29015,0.36694579273037164,0.42278045724110797
6974,0.7476,0,4,0,566000,39610,78941,29015,0.3669087405980214,0.42280510018214934
6975,0.7477,5,18,5,566018,39592,78946,29010,0.36674200600244544,0.4228739686889595
6976,0.7478,3,7,3,566025,39585,78949,29007,0.36667716477083256,0.42289188243526943
6977,0.7479,2,5,2,566030,39580,78951,29005,0.36663084960539477,0.42290588321061456
6978,0.748,13,27,13,566057,39553,78964,28992,0.36638074771203083,0.4229630169961339
6979,0.7481,3,6,3,566063,39547,78967,28989,0.3663251695135055,0.4229747869732695
6980,0.7482,4,16,4,566079,39531,78971,28985,0.3661769609841046,0.42303987389806763
6981,0.7483,50,111,50,566190,39420,79021,28935,0.3651487643113861,0.42330480579328505
6982,0.7484,0,1,0,566191,39419,79021,28935,0.3651395012782986,0.42331099862480615
6983,0.7485,7,12,7,566203,39407,79028,28928,0.3650283448812479,0.4233262603351138
6984,0.7486,3,5,3,566208,39402,79031,28925,0.3649820297158101,0.4233319185680624
6985,0.7487,5,19,5,566227,39383,79036,28920,0.3648060320871466,0.42340746380100436
6986,0.7488,4,9,4,566236,39374,79040,28916,0.3647226647893586,0.423429491872895
6987,0.7489,0,9,0,566245,39365,79040,28916,0.36463929749157065,0.4234853033786851
6988,0.749,8,33,8,566278,39332,79048,28908,0.36433361739968134,0.4236225087924971
6989,0.7491,1,5,1,566283,39327,79049,28907,0.3642873022342436,0.42364510361403407
6990,0.7492,12,41,12,566324,39286,79061,28895,0.36390751787765385,0.4237984189143603
6991,0.7493,7,20,7,566344,39266,79068,28888,0.3637222572159028,0.42386360301669745
6992,0.7494,1,7,1,566351,39259,79069,28887,0.3636574159842899,0.4238986881108209
6993,0.7495,9,11,9,566362,39248,79078,28878,0.3635555226203268,0.4238910254528374
6994,0.7496,1,5,1,566367,39243,79079,28877,0.363509207454889,0.4239136817381092
6995,0.7497,1,14,1,566381,39229,79080,28876,0.36337952499166326,0.42399236473093016
6996,0.7498,1,14,1,566395,39215,79081,28875,0.3632498425284375,0.42407108239095315
6997,0.7499,2,2,2,566397,39213,79083,28873,0.3632313164622624,0.42406662162559117
6998,0.75,709,1221,709,567618,37992,79792,28164,0.3519211530623587,0.42572102303645926
6999,0.7501,0,3,0,567621,37989,79792,28164,0.35189336396309606,0.4257403292367693
7000,0.7502,8,10,8,567631,37979,79800,28156,0.35180073363222053,0.42573523852725487
7001,0.7503,5,14,5,567645,37965,79805,28151,0.3516710511689948,0.4257819589811846
7002,0.7504,1,4,1,567649,37961,79806,28150,0.35163399903664455,0.4257990349563613
7003,0.7505,2,21,2,567670,37940,79808,28148,0.3514394753418059,0.4259169592059073
7004,0.7506,1,0,1,567670,37940,79809,28147,0.3514394753418059,0.42590827242876816
7005,0.7507,7,18,7,567688,37922,79816,28140,0.35127274074622994,0.4259634888438134
7006,0.7508,21,38,21,567726,37884,79837,28119,0.3509207454889029,0.4260260897231944
7007,0.7509,1,6,1,567732,37878,79838,28118,0.3508651672903776,0.4260561246136129
7008,0.751,17,35,17,567767,37843,79855,28101,0.35054096113231314,0.42613429576610456
7009,0.7511,0,2,0,567769,37841,79855,28101,0.35052243506613806,0.4261472202844924
7010,0.7512,7,11,7,567780,37830,79862,28094,0.35042054170217496,0.42615739336205327
7011,0.7513,1,10,1,567790,37820,79863,28093,0.3503279113712994,0.42621334182938114
7012,0.7514,4,3,4,567793,37817,79867,28089,0.3503001222720368,0.42619791824720055
7013,0.7515,5,14,5,567807,37803,79872,28084,0.350170439808811,0.42624493450908374
7014,0.7516,1,4,1,567811,37799,79873,28083,0.3501333876764608,0.4262621049755624
7015,0.7517,50,87,50,567898,37712,79923,28033,0.34932750379784355,0.4263898395315233
7016,0.7518,2,11,2,567909,37701,79925,28031,0.34922561043388045,0.42644374125235807
7017,0.7519,1,1,1,567910,37700,79926,28030,0.34921634740079294,0.4264415031188194
7018,0.752,18,21,18,567931,37679,79944,28012,0.3490218237059543,0.42642066645354765
7019,0.7521,1,6,1,567937,37673,79945,28011,0.34896624550742894,0.4264508860605322
7020,0.7522,1,12,1,567949,37661,79946,28010,0.3488550891103783,0.42652007735530145
7021,0.7523,4,13,4,567962,37648,79950,28006,0.3487346696802401,0.4265695921040607
7022,0.7524,3,2,3,567964,37646,79953,28003,0.348716143614065,0.426556383189386
7023,0.7525,44,112,44,568076,37534,79997,27959,0.3476786839082589,0.4269005847953216
7024,0.7526,3,4,3,568080,37530,80000,27956,0.3476416317759087,0.42690040619369024
7025,0.7527,9,20,9,568100,37510,80009,27947,0.3474563711141576,0.42695204485387356
7026,0.7528,2,13,2,568113,37497,80011,27945,0.34733595168401943,0.4270193453745301
7027,0.7529,4,1,4,568114,37496,80015,27941,0.34732668865093186,0.42699084615737276
7028,0.753,2,16,2,568130,37480,80017,27939,0.347178480121531,0.42707776028370964
7029,0.7531,0,1,0,568131,37479,80017,27939,0.34716921708844345,0.4270842887278731
7030,0.7532,9,8,9,568139,37471,80026,27930,0.347095112823743,0.42705769024938456
7031,0.7533,94,177,94,568316,37294,80120,27836,0.3454555559672459,0.4273913711039459
7032,0.7534,2,4,2,568320,37290,80122,27834,0.3454185038348957,0.42740003685277317
7033,0.7535,7,8,7,568328,37282,80129,27827,0.34534439957019525,0.42739099049286583
7034,0.7536,2,4,2,568332,37278,80131,27825,0.345307347437845,0.4273996590018893
7035,0.7537,5,7,5,568339,37271,80136,27820,0.34524250620623215,0.4274016377072099
7036,0.7538,7,9,7,568348,37262,80143,27813,0.3451591389084442,0.42739915482136
7037,0.7539,1,2,1,568350,37260,80144,27812,0.34514061284226905,0.4274034915170888
7038,0.754,12,37,12,568387,37223,80156,27800,0.3447978806180296,0.4275410239453732
7039,0.7541,2,3,2,568390,37220,80158,27798,0.3447700915187669,0.42754314189916637
7040,0.7542,26,61,26,568451,37159,80184,27772,0.3442050465004261,0.4277155749949947
7041,0.7543,2,22,2,568473,37137,80186,27770,0.3440012597724999,0.4278429137073043
7042,0.7544,1,4,1,568477,37133,80187,27769,0.3439642076401497,0.42786046654956705
7043,0.7545,3,12,3,568489,37121,80190,27766,0.34385305124309906,0.4279131413071956
7044,0.7546,1,4,1,568493,37117,80191,27765,0.34381599911074884,0.4279307049721032
7045,0.7547,6,18,6,568511,37099,80197,27759,0.34364926451517286,0.4279965463011502
7046,0.7548,2,15,2,568526,37084,80199,27757,0.34351031901885953,0.42807791366573616
7047,0.7549,1,4,1,568530,37080,80200,27756,0.3434732668865093,0.4280955024986119
7048,0.755,198,384,198,568914,36696,80398,27558,0.3399162621808885,0.42889158651601456
7049,0.7551,2,0,2,568914,36696,80400,27556,0.3399162621808885,0.4288738093755836
7050,0.7552,8,16,8,568930,36680,80408,27548,0.33976805365148766,0.4289095098710843
7051,0.7553,0,19,0,568949,36661,80408,27548,0.3395920560228241,0.4290364279150898
7052,0.7554,1,4,1,568953,36657,80409,27547,0.3395550038904739,0.4290542645318049
7053,0.7555,4,7,4,568960,36650,80413,27543,0.339490162658861,0.42906547442867604
7054,0.7557,5,17,5,568977,36633,80418,27538,0.3393326910963726,0.4291346558414237
7055,0.7558,22,31,22,569008,36602,80440,27516,0.33904553707065843,0.42914626158021146
7056,0.7559,0,4,0,569012,36598,80440,27516,0.3390084849383082,0.4291730355304614
7057,0.756,12,40,12,569052,36558,80452,27504,0.338637963614806,0.429334082607474
7058,0.7561,2,1,2,569053,36557,80454,27502,0.33862870058171846,0.42932296788897734
7059,0.7562,5,18,5,569071,36539,80459,27497,0.3384619659861425,0.4293990880129927
7060,0.7563,8,5,8,569076,36534,80467,27489,0.33841565082070474,0.42936132327444826
7061,0.7564,0,5,0,569081,36529,80467,27489,0.33836933565526695,0.42939485769627295
7062,0.7565,7,9,7,569090,36520,80474,27482,0.338285968357479,0.4293928314740164
7063,0.7566,1,3,1,569093,36517,80475,27481,0.33825817925821633,0.42940404387637116
7064,0.7567,120,221,120,569314,36296,80595,27361,0.33621104894586684,0.42981918720643447
7065,0.7568,2,10,2,569324,36286,80597,27359,0.3361184186149913,0.42986880351952234
7066,0.7569,1,3,1,569327,36283,80598,27358,0.33609062951572866,0.42988010873493504
7067,0.757,11,23,11,569350,36260,80609,27347,0.3358775797547149,0.4299369566242709
7068,0.7571,6,8,6,569358,36252,80615,27341,0.33580347549001444,0.4299372572452943
7069,0.7572,1,15,1,569373,36237,80616,27340,0.3356645299937011,0.4300297277317269
7070,0.7573,7,13,7,569386,36224,80623,27333,0.3355441105635629,0.4300549113394276
7071,0.7574,3,3,3,569389,36221,80626,27330,0.33551632146430027,0.43004830765841606
7072,0.7575,62,89,62,569478,36132,80688,27268,0.33469191151950795,0.4300946372239748
7073,0.7576,1,3,1,569481,36129,80689,27267,0.3346641224202453,0.4301060003785728
7074,0.7577,5,13,5,569494,36116,80694,27262,0.3345437029901071,0.43014926315125124
7075,0.7578,3,12,3,569506,36104,80697,27259,0.33443254659305643,0.4302037466660354
7076,0.7579,0,10,0,569516,36094,80697,27259,0.3343399162621809,0.43027165248685934
7077,0.758,17,35,17,569551,36059,80714,27242,0.3340157101041165,0.43035655044944
7078,0.7581,1,6,1,569557,36053,80715,27241,0.33396013190559115,0.4303883464467406
7079,0.7582,3,9,3,569566,36044,80718,27238,0.3338767646078032,0.4304225530166556
7080,0.7583,30,85,30,569651,35959,80748,27208,0.3330894067953611,0.4307312362467744
7081,0.7584,0,1,0,569652,35958,80748,27208,0.3330801437622735,0.4307380552829054
7082,0.7585,6,13,6,569665,35945,80754,27202,0.33295972433213533,0.43077264161401174
7083,0.7586,1,4,1,569669,35941,80755,27201,0.3329226721997851,0.43079091571378797
7084,0.7587,4,6,4,569675,35935,80759,27197,0.3328670940012598,0.4307957929417728
7085,0.7588,6,11,6,569686,35924,80765,27191,0.3327652006372967,0.4308167630515725
7086,0.7589,1,0,1,569686,35924,80766,27190,0.3327652006372967,0.4308077447159109
7087,0.759,12,36,12,569722,35888,80778,27178,0.33243173144614474,0.4309453588304316
7088,0.7591,3,5,3,569727,35883,80781,27175,0.33238541628070695,0.43095245646864794
7089,0.7592,15,59,15,569786,35824,80796,27160,0.33183889732854127,0.4312206274609425
7090,0.7593,11,19,11,569805,35805,80807,27149,0.3316628996998777,0.43125138990373924
7091,0.7594,0,2,0,569807,35803,80807,27149,0.33164437363370264,0.4312650908628797
7092,0.7595,3,4,3,569811,35799,80810,27146,0.3316073215013524,0.4312653904202081
7093,0.7596,1,1,1,569812,35798,80811,27145,0.33159805846826484,0.4312632063930858
7094,0.7597,9,13,9,569825,35785,80820,27136,0.33147763903812666,0.43127095882137917
7095,0.7598,1,10,1,569835,35775,80821,27135,0.3313850087072511,0.4313304721030043
7096,0.7599,0,1,0,569836,35774,80821,27135,0.33137574567416356,0.43133732852215106
7097,0.76,756,1189,756,571025,34585,81577,26379,0.32036199933306164,0.4326979856964766
7098,0.7601,0,2,0,571027,34583,81577,26379,0.3203434732668865,0.4327121813588793
7099,0.7602,3,10,3,571037,34573,81580,26376,0.32025084293601097,0.4327552543930171
7100,0.7603,1,15,1,571052,34558,81581,26375,0.32011189743969765,0.432852477311145
7101,0.7605,2,14,2,571066,34544,81583,26373,0.3199822149764719,0.43293333552210383
7102,0.7606,0,3,0,571069,34541,81583,26373,0.31995442587720924,0.4329546573858226
7103,0.7607,7,18,7,571087,34523,81590,26366,0.31978769128163326,0.43301745799733943
7104,0.7608,24,33,24,571120,34490,81614,26342,0.31948201118974395,0.433028669121515
7105,0.7609,0,3,0,571123,34487,81614,26342,0.3194542220904813,0.43305002548126714
7106,0.761,7,38,7,571161,34449,81621,26335,0.31910222683315426,0.43325546196367465
7107,0.7611,0,5,0,571166,34444,81621,26335,0.31905591166771646,0.43329110383520625
7108,0.7612,2,8,2,571174,34436,81623,26333,0.31898180740301607,0.433329493656305
7109,0.7613,4,11,4,571185,34425,81627,26329,0.31887991403905297,0.43337064226223787
7110,0.7614,1,5,1,571190,34420,81628,26328,0.3188335988736152,0.4333969842628564
7111,0.7615,4,11,4,571201,34409,81632,26324,0.3187317055096521,0.43343816376599215
7112,0.7616,2,1,2,571202,34408,81634,26322,0.3187224424765645,0.43342664251605467
7113,0.7617,46,85,46,571287,34323,81680,26276,0.3179350846641224,0.4336045149259889
7114,0.7618,3,8,3,571295,34315,81683,26273,0.317860980399422,0.4336337228494091
7115,0.7619,5,4,5,571299,34311,81688,26268,0.3178239282670718,0.43361560936958354
7116,0.762,16,28,16,571327,34283,81704,26252,0.3175645633406203,0.43366647394069546
7117,0.7621,2,17,2,571344,34266,81706,26250,0.3174070917781318,0.433769581598255
7118,0.7622,5,7,5,571351,34259,81711,26245,0.31734225054651893,0.4337729736876901
7119,0.7623,4,10,4,571361,34249,81715,26241,0.3172496202156434,0.4338072408662589
7120,0.7624,1,1,1,571362,34248,81716,26240,0.31724035718255583,0.43380505224176696
7121,0.7625,36,107,36,571469,34141,81752,26204,0.3162492126421876,0.4342364736100754
7122,0.7626,2,6,2,571475,34135,81754,26202,0.3161936344436622,0.4342609012711935
7123,0.7627,8,20,8,571495,34115,81762,26194,0.31600837378191116,0.4343298678472533
7124,0.7628,2,2,2,571497,34113,81764,26192,0.315989847715736,0.43432551198076447
7125,0.7629,2,7,2,571504,34106,81766,26190,0.31592500648412314,0.434357171288311
7126,0.763,11,24,11,571528,34082,81777,26179,0.31570269369002185,0.43442690960986374
7127,0.7631,0,4,0,571532,34078,81777,26179,0.31566564155767163,0.43445574787991437
7128,0.7632,7,15,7,571547,34063,81784,26172,0.31552669606135836,0.434498215323317
7129,0.7633,96,190,96,571737,33873,81880,26076,0.31376671977472304,0.4349697242656258
7130,0.7634,0,1,0,571738,33872,81880,26076,0.31375745674163547,0.4349769800493761
7131,0.7635,5,11,5,571749,33861,81885,26071,0.31365556337767236,0.4350096776346526
7132,0.7636,0,4,0,571753,33857,81885,26071,0.3136185112453222,0.43503871312241355
7133,0.7637,2,10,2,571763,33847,81887,26069,0.3135258809144466,0.43509246278122704
7134,0.7638,4,13,4,571776,33834,81891,26065,0.3134054614843084,0.435149167765739
7135,0.7639,2,2,2,571778,33832,81893,26063,0.31338693541813334,0.43514483679772936
7136,0.764,20,48,20,571826,33784,81913,26043,0.3129423098299307,0.4353051297908971
7137,0.7642,20,42,20,571868,33742,81933,26023,0.31255326244025344,0.4354220697732787
7138,0.7643,9,23,9,571891,33719,81942,26014,0.31234021267923967,0.43550466241441077
7139,0.7644,0,2,0,571893,33717,81942,26014,0.3123216866130646,0.43551924461334984
7140,0.7645,4,8,4,571901,33709,81946,26010,0.31224758234836414,0.4355397779601132
7141,0.7646,0,2,0,571903,33707,81946,26010,0.31222905628218905,0.4355543647537552
7142,0.7647,6,14,6,571917,33693,81952,26004,0.3120993738189633,0.435599778883361
7143,0.7648,1,9,1,571926,33684,81953,26003,0.3120160065211753,0.435656005495334
7144,0.7649,0,4,0,571930,33680,81953,26003,0.31197895438882506,0.4356852034917816
7145,0.765,192,330,192,572260,33350,82145,25811,0.3089221534699322,0.4362840384712902
7146,0.7651,0,7,0,572267,33343,82145,25811,0.3088573122383193,0.43633566622713593
7147,0.7652,2,5,2,572272,33338,82147,25809,0.30881099707288157,0.4363534921466854
7148,0.7653,5,8,5,572280,33330,82152,25804,0.3087368928081811,0.43636486623600634
7149,0.7654,2,2,2,572282,33328,82154,25802,0.308718366742006,0.43636056147471675
7150,0.7655,6,13,6,572295,33315,82160,25796,0.3085979473118678,0.4363993165400687
7151,0.7656,1,0,1,572295,33315,82161,25795,0.3085979473118678,0.43638978176281507
7152,0.7657,9,14,9,572309,33301,82170,25786,0.30846826484864204,0.4364073315619341
7153,0.7658,20,42,20,572351,33259,82190,25766,0.30807921745896477,0.43652689538331213
7154,0.7659,2,5,2,572356,33254,82192,25764,0.308032902293527,0.4365447829475753
7155,0.766,17,35,17,572391,33219,82209,25747,0.3077086961354626,0.4366414543974494
7156,0.7661,1,1,1,572392,33218,82210,25746,0.307699433102375,0.4366393053388508
7157,0.7662,3,10,3,572402,33208,82213,25743,0.3076068027714995,0.4366847042458991
7158,0.7663,8,12,8,572414,33196,82221,25735,0.30749564637444887,0.43669715429909556
7159,0.7664,1,2,1,572416,33194,82222,25734,0.30747712030827373,0.4367024165082813
7160,0.7665,6,19,6,572435,33175,82228,25728,0.30730112267961024,0.43678590224606556
7161,0.7666,1,3,1,572438,33172,82229,25727,0.30727333358034753,0.43679858741234995
7162,0.7667,107,195,107,572633,32977,82336,25620,0.30546704212827447,0.43722374865607455
7163,0.7668,2,7,2,572640,32970,82338,25618,0.3054022008966616,0.43725677613163105
7164,0.7669,1,1,1,572641,32969,82339,25617,0.305392937863574,0.4372546342129519
7165,0.767,5,16,5,572657,32953,82344,25612,0.3052447293341732,0.43732604798087593
7166,0.7671,3,9,3,572666,32944,82347,25609,0.3051613620363852,0.43736443905521494
7167,0.7672,4,6,4,572672,32938,82351,25605,0.30510578383785986,0.43737082144748307
7168,0.7673,2,21,2,572693,32917,82353,25603,0.3049112601430212,0.43750854408749146
7169,0.7674,0,7,0,572700,32910,82353,25603,0.30484641891140835,0.4375608839061405
7170,0.7675,47,112,47,572812,32798,82400,25556,0.3038089592056023,0.43794769852966375
7171,0.7676,2,11,2,572823,32787,82402,25554,0.3037070658416392,0.4380110042680105
7172,0.7677,5,11,5,572834,32776,82407,25549,0.3036051724776761,0.4380454350621517
7173,0.7678,2,9,2,572843,32767,82409,25547,0.3035218051798881,0.4380937682203245
7174,0.7679,1,5,1,572848,32762,82410,25546,0.30347549001445034,0.43812169856623445
7175,0.768,17,41,17,572889,32721,82427,25529,0.3030957056578606,0.4382660944206009
7176,0.7681,0,2,0,572891,32719,82427,25529,0.3030771795916855,0.43828114270017854
7177,0.7682,3,9,3,572900,32710,82430,25526,0.3029938122938975,0.43831993955628823
7178,0.7683,36,92,36,572992,32618,82466,25490,0.3021416132498425,0.4386659324017347
7179,0.7684,1,1,1,572993,32617,82467,25489,0.302132350216755,0.4386638212921213
7180,0.7685,6,10,6,573003,32607,82473,25483,0.3020397198858794,0.4386813565157514
7181,0.7686,2,8,2,573011,32599,82475,25481,0.301965615621179,0.4387224517906336
7182,0.7687,9,16,9,573027,32583,82484,25472,0.3018174070917781,0.4387563517354233
7183,0.7688,1,8,1,573035,32575,82485,25471,0.3017433028270777,0.4388071529476622
7184,0.7689,1,1,1,573036,32574,82486,25470,0.30173403979399016,0.4388050444490387
7185,0.769,7,23,7,573059,32551,82493,25463,0.3015209900329764,0.43891129727307204
7186,0.7691,0,3,0,573062,32548,82493,25463,0.30149320093371373,0.43893399527675786
7187,0.7692,15,39,15,573101,32509,82508,25448,0.3011319426432991,0.43908414859292233
7188,0.7693,6,23,6,573124,32486,82514,25442,0.30091889288228535,0.4392003866869217
7189,0.7695,1,9,1,573133,32477,82515,25441,0.3008355255844974,0.4392589523118892
7190,0.7696,0,2,0,573135,32475,82515,25441,0.3008169995183223,0.43927412114096276
7191,0.7697,2,21,2,573156,32454,82517,25439,0.3006224758234836,0.4394140915136545
7192,0.7698,9,8,9,573164,32446,82526,25430,0.3005483715587832,0.43938765636878846
7193,0.7699,1,3,1,573167,32443,82527,25429,0.30052058245952057,0.4394007464749793
7194,0.77,711,1165,711,574332,31278,83238,24718,0.28972914891251994,0.44142438745624685
7195,0.7701,3,8,3,574340,31270,83241,24715,0.2896550446478195,0.4414575332678396
7196,0.7702,5,10,5,574350,31260,83246,24710,0.28956241431694396,0.441486510630695
7197,0.7703,10,11,10,574361,31249,83256,24700,0.28946052095298086,0.4414734847807825
7198,0.7704,2,1,2,574362,31248,83258,24698,0.2894512579198933,0.4414614092160297
7199,0.7705,4,11,4,574373,31237,83262,24694,0.2893493645559302,0.4415082869964778
7200,0.7706,0,7,0,574380,31230,83262,24694,0.2892845233243173,0.44156355053286606
7201,0.7707,5,14,5,574394,31216,83267,24689,0.28915484086109156,0.4416241838833736
7202,0.7708,27,39,27,574433,31177,83294,24662,0.28879358257067694,0.4416626372248787
7203,0.7709,1,4,1,574437,31173,83295,24661,0.2887565304383267,0.44168427839667584
7204,0.771,10,26,10,574463,31147,83305,24651,0.2885156915780503,0.4417900283164271
7205,0.7711,4,5,4,574468,31142,83309,24647,0.28846937641261255,0.4417896001003782
7206,0.7712,1,14,1,574482,31128,83310,24646,0.2883396939493868,0.4418904866066626
7207,0.7713,5,12,5,574494,31116,83315,24641,0.28822853755233613,0.4419355417257026
7208,0.7714,3,5,3,574499,31111,83318,24638,0.2881822223868984,0.44194514699815246
7209,0.7715,4,10,4,574509,31101,83322,24634,0.2880895920560228,0.4419843904189468
7210,0.7716,1,0,1,574509,31101,83323,24633,0.2880895920560228,0.44197437829691033
7211,0.7717,47,92,47,574601,31009,83370,24586,0.2872373930119678,0.44223401385016636
7212,0.7718,3,12,3,574613,30997,83373,24583,0.2871262366149172,0.44229938826916154
7213,0.7719,2,8,2,574621,30989,83375,24581,0.28705213235021676,0.4423429908223862
7214,0.772,6,26,6,574647,30963,83381,24575,0.28681129348994033,0.44248982678526416
7215,0.7721,1,2,1,574649,30961,83382,24574,0.28679276742376525,0.4424957234176645
7216,0.7722,7,11,7,574660,30950,83389,24567,0.28669087405980215,0.4425131040942414
7217,0.7723,8,15,8,574675,30935,83397,24559,0.2865519285634888,0.44255234800158577
7218,0.7724,1,2,1,574677,30933,83398,24558,0.28653340249731374,0.44255825268962534
7219,0.7725,49,81,49,574758,30852,83447,24509,0.2857830968172218,0.44271237875038383
7220,0.7726,1,1,1,574759,30851,83448,24508,0.2857738337841343,0.44271030907350206
7221,0.7727,6,9,6,574768,30842,83454,24502,0.2856904664863463,0.4427218849378433
7222,0.7728,5,13,5,574781,30829,83459,24497,0.2855700470562081,0.4427755485666775
7223,0.7729,3,6,3,574787,30823,83462,24494,0.2855144688576828,0.4427933546649312
7224,0.773,6,19,6,574806,30804,83468,24488,0.28533847122901923,0.4428850466613615
7225,0.7731,0,2,0,574808,30802,83468,24488,0.28531994516284415,0.44290106710074156
7226,0.7732,3,14,3,574822,30788,83471,24485,0.28519026269961834,0.4429830115969823
7227,0.7733,85,175,85,574997,30613,83556,24400,0.2835692319092964,0.4435315289113482
7228,0.7734,1,1,1,574998,30612,83557,24399,0.2835599688762088,0.44352947592299724
7229,0.7735,2,11,2,575009,30601,83559,24397,0.2834580755122457,0.4435979490163279
7230,0.7736,2,5,2,575014,30596,83561,24395,0.283411760346808,0.44361804658944193
7231,0.7737,4,14,4,575028,30582,83565,24391,0.2832820778835822,0.4436905389918687
7232,0.7738,5,10,5,575038,30572,83570,24386,0.28318944755270664,0.4437206594126424
7233,0.7739,0,2,0,575040,30570,83570,24386,0.28317092148653156,0.4437368076279205
7234,0.774,17,29,17,575069,30541,83587,24369,0.2829022935269925,0.44379894372609724
7235,0.7741,0,2,0,575071,30539,83587,24369,0.2828837674608174,0.44381510890944853
7236,0.7742,13,48,13,575119,30491,83600,24356,0.28243914187261476,0.44407169033857824
7237,0.7743,5,17,5,575136,30474,83605,24351,0.28228167031012635,0.4441586867305062
7238,0.7744,3,1,3,575137,30473,83608,24348,0.2822724072770388,0.44413637109866655
7239,0.7745,6,8,6,575145,30465,83614,24342,0.28219830301233834,0.44414034703596256
7240,0.7746,1,8,1,575153,30457,83615,24341,0.28212419874763794,0.44419504361473044
7241,0.7747,6,18,6,575171,30439,83621,24335,0.28195746415206197,0.4442801329097747
7242,0.7748,6,13,6,575184,30426,83627,24329,0.2818370447219237,0.4443247192037257
7243,0.7749,1,4,1,575188,30422,83628,24328,0.28179999258957356,0.4443470319634703
7244,0.775,199,356,199,575544,30066,83827,24129,0.27850235281040425,0.4452255743149737
7245,0.7751,0,3,0,575547,30063,83827,24129,0.2784745637111416,0.4452502214348981
7246,0.7752,2,7,2,575554,30056,83829,24127,0.2784097224795287,0.44528726722403705
7247,0.7753,3,6,3,575560,30050,83832,24124,0.27835414428100336,0.4453058662827186
7248,0.7754,2,5,2,575565,30045,83834,24122,0.2783078291155656,0.4453264902985212
7249,0.7755,6,11,6,575576,30034,83840,24116,0.2782059357516025,0.4453554939981533
7250,0.7756,0,2,0,575578,30032,83840,24116,0.2781874096854274,0.4453719435620891
7251,0.7757,6,15,6,575593,30017,83846,24110,0.2780484641891141,0.4454338869695346
7252,0.7758,19,36,19,575629,29981,83865,24091,0.27771499499796215,0.445535582186714
7253,0.776,19,48,19,575677,29933,83884,24072,0.2772703694097595,0.44573650587908525
7254,0.7761,1,6,1,575683,29927,83885,24071,0.2772147912112342,0.44577576947294345
7255,0.7762,4,7,4,575690,29920,83889,24067,0.27714994997962134,0.4457925056032008
7256,0.7763,3,7,3,575697,29913,83892,24064,0.27708510874800846,0.4458195157196584
7257,0.7764,1,6,1,575703,29907,83893,24063,0.27702953054948315,0.44585881045025016
7258,0.7765,4,19,4,575722,29888,83897,24059,0.2768535329208196,0.4459747529983132
7259,0.7766,2,3,2,575725,29885,83899,24057,0.27682574382155695,0.4459790144970524
7260,0.7767,120,184,120,575909,29701,84019,23937,0.275121345733447,0.4462694358477199
7261,0.7768,5,9,5,575918,29692,84024,23932,0.27503797843565897,0.44629270475906313
7262,0.7769,2,2,2,575920,29690,84026,23930,0.2750194523694839,0.4462886982469228
7263,0.777,2,18,2,575938,29672,84028,23928,0.2748527177739079,0.4464179104477612
7264,0.7771,3,4,3,575942,29668,84031,23925,0.2748156656415577,0.44642024144944303
7265,0.7772,1,6,1,575948,29662,84032,23924,0.2747600874430323,0.44645989624155563
7266,0.7773,6,6,6,575954,29656,84038,23918,0.274704509244507,0.4464479038339493
7267,0.7774,3,0,3,575954,29656,84041,23915,0.274704509244507,0.4464169046685707
7268,0.7775,52,92,52,576046,29564,84093,23863,0.27385231020045203,0.4466468265109402
7269,0.7776,0,2,0,576048,29562,84093,23863,0.27383378413427695,0.4466635470285447
7270,0.7777,4,15,4,576063,29547,84097,23859,0.2736948386379636,0.44674755645433095
7271,0.7778,5,6,5,576069,29541,84102,23854,0.2736392604394383,0.4467459499953179
7272,0.7779,2,2,2,576071,29539,84104,23852,0.2736207343732632,0.44674196025547375
7273,0.778,4,28,4,576099,29511,84108,23848,0.27336136944681166,0.4469349125733241
7274,0.7781,0,3,0,576102,29508,84108,23848,0.273333580347549,0.4469600419821576
7275,0.7782,0,10,0,576112,29498,84108,23848,0.2732409500166735,0.4470438270910659
7276,0.7783,48,93,48,576205,29405,84156,23800,0.27237948793953093,0.4473263790997087
7277,0.7784,0,2,0,576207,29403,84156,23800,0.2723609618733558,0.4473431949326166
7278,0.7785,6,18,6,576225,29385,84162,23794,0.2721942272777798,0.44743225709396567
7279,0.7786,2,7,2,576232,29378,84164,23792,0.27212938604616693,0.4474703780327252
7280,0.7787,3,9,3,576241,29369,84167,23789,0.27204601874837897,0.4475149554159299
7281,0.7788,0,11,0,576252,29358,84167,23789,0.27194412538441587,0.44760757897905806
7282,0.7789,0,1,0,576253,29357,84167,23789,0.2719348623513283,0.44761600120422984
7283,0.779,20,26,20,576279,29331,84187,23769,0.27169402349105193,0.4476271186440678
7284,0.7791,0,2,0,576281,29329,84187,23769,0.2716754974248768,0.4476439790575916
7285,0.7792,16,33,16,576314,29296,84203,23753,0.27136981733298754,0.4477558483666045
7286,0.7793,8,12,8,576326,29284,84211,23745,0.27125866093593687,0.44777385958626414
7287,0.7794,1,2,1,576328,29282,84212,23744,0.27124013486976173,0.4477803341756874
7288,0.7795,3,7,3,576335,29275,84215,23741,0.27117529363814885,0.4478082088426136
7289,0.7796,2,4,2,576339,29271,84217,23739,0.2711382415057987,0.4478211658177702
7290,0.7797,5,16,5,576355,29255,84222,23734,0.2709900329763978,0.4479042820207968
7291,0.7798,2,11,2,576366,29244,84224,23732,0.2708881396124347,0.44797644216248866
7292,0.7799,1,3,1,576369,29241,84225,23731,0.27086035051317203,0.4479913916786227
7293,0.78,782,1193,782,577562,28048,85007,22949,0.2598095520397199,0.45000686314881266
7294,0.7801,2,1,2,577563,28047,85009,22947,0.2598002890066323,0.44999411695493585
7295,0.7802,5,12,5,577575,28035,85014,22942,0.2596891326095817,0.4500460992212174
7296,0.7803,2,8,2,577583,28027,85016,22940,0.25961502834488126,0.450095159613083
7297,0.7804,0,2,0,577585,28025,85016,22940,0.2595965022787061,0.4501128225252624
7298,0.7805,3,6,3,577591,28019,85019,22937,0.2595409240801808,0.45013344846534264
7299,0.7806,1,0,1,577591,28019,85020,22936,0.2595409240801808,0.4501226572465901
7300,0.7807,10,20,10,577611,27999,85030,22926,0.25935566341842975,0.45019145802650956
7301,0.7808,10,30,10,577641,27969,85040,22916,0.2590777724258031,0.4503488257836298
7302,0.7809,1,1,1,577642,27968,85041,22915,0.25906850939271553,0.45034687420159975
7303,0.781,7,18,7,577660,27950,85048,22908,0.25890177479713955,0.45043061072004403
7304,0.7811,0,1,0,577661,27949,85048,22908,0.25889251176405204,0.4504394675265942
7305,0.7812,2,12,2,577673,27937,85050,22906,0.25878135536700136,0.4505241626182562
7306,0.7813,4,6,4,577679,27931,85054,22902,0.25872577716847606,0.45053410186296305
7307,0.7814,1,2,1,577681,27929,85055,22901,0.2587072511023009,0.4505410190832186
7308,0.7815,4,15,4,577696,27914,85059,22897,0.25856830560598765,0.45063076892798803
7309,0.7817,36,98,36,577794,27816,85095,22861,0.2576605283634073,0.45111194427452295
7310,0.7818,2,8,2,577802,27808,85097,22859,0.25758642409870686,0.4511615055164111
7311,0.7819,1,1,1,577803,27807,85098,22858,0.25757716106561934,0.45115957761768477
7312,0.782,14,20,14,577823,27787,85112,22844,0.2573919004038682,0.4511860322727183
7313,0.7821,2,7,2,577830,27780,85114,22842,0.25732705917225535,0.4512267393623326
7314,0.7822,4,7,4,577837,27773,85118,22838,0.25726221794064247,0.4512457766098279
7315,0.7823,10,11,10,577848,27762,85128,22828,0.25716032457667937,0.4512354220201621
7316,0.7824,0,3,0,577851,27759,85128,22828,0.2571325354774167,0.45126218198351353
7317,0.7825,42,96,42,577947,27663,85170,22786,0.2562432843010115,0.45166405677020355
7318,0.7826,0,3,0,577950,27660,85170,22786,0.25621549520174886,0.45169091702018
7319,0.7827,8,7,8,577957,27653,85178,22778,0.256150653970136,0.451666633618211
7320,0.7828,2,10,2,577967,27643,85180,22776,0.25605802363926045,0.45173446518177673
7321,0.7829,1,5,1,577972,27638,85181,22775,0.25601170847382265,0.45176839307321526
7322,0.783,3,19,3,577991,27619,85184,22772,0.25583571084515916,0.45190609434224366
7323,0.7831,0,7,0,577998,27612,85184,22772,0.2557708696135463,0.4519688790092093
7324,0.7832,5,7,5,578005,27605,85189,22767,0.2557060283819334,0.45197728897006273
7325,0.7833,86,143,86,578148,27462,85275,22681,0.25438141465041314,0.45232634664858506
7326,0.7834,2,0,2,578148,27462,85277,22679,0.25438141465041314,0.45230450130631616
7327,0.7835,2,8,2,578156,27454,85279,22677,0.2543073103857127,0.4523548303444974
7328,0.7836,0,1,0,578157,27453,85279,22677,0.2542980473526251,0.4523638539796529
7329,0.7837,1,9,1,578166,27444,85280,22676,0.25421468005483716,0.4524341580207502
7330,0.7838,2,2,2,578168,27442,85282,22674,0.254196153988662,0.45243036156117805
7331,0.7839,1,0,1,578168,27442,85283,22673,0.254196153988662,0.45241943529881273
7332,0.784,18,32,18,578200,27410,85301,22655,0.2538997369298603,0.4525117347448317
7333,0.7841,0,3,0,578203,27407,85301,22655,0.25387194783059763,0.45253885182373854
7334,0.7842,12,32,12,578235,27375,85313,22643,0.2535755307717959,0.45269702906953496
7335,0.7843,4,14,4,578249,27361,85317,22639,0.25344584830857014,0.45278
7336,0.7844,1,3,1,578252,27358,85318,22638,0.2534180592093075,0.45279622369789585
7337,0.7845,2,8,2,578260,27350,85320,22636,0.25334395494460704,0.45284679710318887
7338,0.7846,1,2,1,578262,27348,85321,22635,0.25332542887843196,0.452853970349919
7339,0.7847,2,7,2,578269,27341,85323,22633,0.2532605876468191,0.45289550566294473
7340,0.7848,2,6,2,578275,27335,85325,22631,0.25320500944829377,0.4529279910339031
7341,0.7849,0,3,0,578278,27332,85325,22631,0.25317722034903106,0.4529551868382603
7342,0.785,171,272,171,578550,27060,85496,22460,0.25065767534921635,0.4535541195476575
7343,0.7851,0,1,0,578551,27059,85496,22460,0.2506484123161288,0.45356327874149316
7344,0.7852,2,10,2,578561,27049,85498,22458,0.25055578198525325,0.4536328196012685
7345,0.7853,5,11,5,578572,27038,85503,22453,0.25045388862129014,0.453678446586248
7346,0.7854,1,2,1,578574,27036,85504,22452,0.25043536255511506,0.4536857419980601
7347,0.7855,5,13,5,578587,27023,85509,22447,0.2503149431249768,0.45374974732160905
7348,0.7856,2,1,2,578588,27022,85511,22445,0.2503056800918893,0.4537368346574484
7349,0.7857,9,13,9,578601,27009,85520,22436,0.25018526066175106,0.4537566993629285
7350,0.7858,15,30,15,578631,26979,85535,22421,0.24990736966912447,0.4538663967611336
7351,0.7859,3,5,3,578636,26974,85538,22418,0.24986105450368667,0.4538791707159054
7352,0.786,23,35,23,578671,26939,85561,22395,0.2495368483456223,0.4539465682896177
7353,0.7861,2,3,2,578674,26936,85563,22393,0.24950905924635963,0.45395203632751524
7354,0.7862,4,5,4,578679,26931,85567,22389,0.24946274408092187,0.45395377128953773
7355,0.7863,4,6,4,578685,26925,85571,22385,0.24940716588239653,0.45396471303995134
7356,0.7864,1,0,1,578685,26925,85572,22384,0.24940716588239653,0.4539536392950577
7357,0.7865,6,7,6,578692,26918,85578,22378,0.24934232465078365,0.45395163907822134
7358,0.7866,0,4,0,578696,26914,85578,22378,0.24930527251843343,0.45398847683194027
7359,0.7867,96,154,96,578850,26760,85674,22282,0.2478787654229501,0.45434525508747603
7360,0.7868,6,9,6,578859,26751,85680,22276,0.2477953981251621,0.45436188222816
7361,0.7869,0,2,0,578861,26749,85680,22276,0.247776872058987,0.45438041815400304
7362,0.787,9,17,9,578878,26732,85689,22267,0.24761940049649858,0.4544378456703198
7363,0.7871,3,4,3,578882,26728,85692,22264,0.24758234836414836,0.4544415414761594
7364,0.7872,3,11,3,578893,26717,85695,22261,0.24748045500018526,0.4545101882477847
7365,0.7873,5,9,5,578902,26708,85700,22256,0.24739708770239727,0.45453802793889386
7366,0.7874,0,3,0,578905,26705,85700,22256,0.2473692986031346,0.4545658789648904
7367,0.7875,56,81,56,578986,26624,85756,22200,0.24661899292304273,0.4546944125839751
7368,0.7876,0,7,0,578993,26617,85756,22200,0.24655415169142983,0.45475961243009605
7369,0.7877,5,7,5,579000,26610,85761,22195,0.24648931045981695,0.4547689785882594
7370,0.7878,1,7,1,579007,26603,85762,22194,0.24642446922820407,0.45482304240014754
7371,0.7879,1,4,1,579011,26599,85763,22193,0.24638741709585388,0.4548491555992786
7372,0.788,8,22,8,579033,26577,85771,22185,0.24618363036792767,0.4549649317091178
7373,0.7881,0,1,0,579034,26576,85771,22185,0.24617436733484013,0.454974262217756
7374,0.7882,5,11,5,579045,26565,85776,22180,0.24607247397087703,0.45502102779772285
7375,0.7883,39,86,39,579131,26479,85815,22141,0.24527585312534736,0.4553887289181407
7376,0.7884,0,1,0,579132,26478,85815,22141,0.24526659009225982,0.4553980953948045
7377,0.7885,6,14,6,579146,26464,85821,22135,0.24513690762903406,0.45546204654416755
7378,0.7886,1,1,1,579147,26463,85822,22134,0.2451276445959465,0.4554602135934317
7379,0.7887,4,13,4,579160,26450,85826,22130,0.24500722516580828,0.45553725813091805
7380,0.7888,1,7,1,579167,26443,85827,22129,0.2449423839341954,0.45559169892118917
7381,0.7889,1,4,1,579171,26439,85828,22128,0.2449053318018452,0.4556180122305269
7382,0.789,10,23,10,579194,26416,85838,22118,0.24469228204083146,0.4557217620637079
7383,0.7891,1,2,1,579196,26414,85839,22117,0.24467375597465635,0.45572932764624674
7384,0.7892,17,31,17,579227,26383,85856,22100,0.24438660194894216,0.4558298785141183
7385,0.7893,5,17,5,579244,26366,85861,22095,0.24422913038645375,0.4559336373578754
7386,0.7894,0,8,0,579252,26358,85861,22095,0.2441550261217533,0.4560089158566033
7387,0.7895,5,5,5,579257,26353,85866,22090,0.24410871095631553,0.4559998348574614
7388,0.7896,1,8,1,579265,26345,85867,22089,0.2440346066916151,0.4560639220382376
7389,0.7897,3,12,3,579277,26333,85870,22086,0.24392345029456444,0.45614324955079616
7390,0.7898,2,8,2,579285,26325,85872,22084,0.24384934602986402,0.45619616187072654
7391,0.79,765,1089,765,580374,25236,86637,21319,0.2337619029975175,0.45793147889592956
7392,0.7901,1,1,1,580375,25235,86638,21318,0.23375263996442996,0.4579296715571499
7393,0.7902,4,5,4,580380,25230,86642,21314,0.23370632479899217,0.4579322791337229
7394,0.7903,3,8,3,580388,25222,86645,21311,0.23363222053429175,0.4579760600004298
7395,0.7904,1,4,1,580392,25218,86646,21310,0.23359516840194153,0.45800378266850067
7396,0.7905,2,11,2,580403,25207,86648,21308,0.23349327503797843,0.4580887885628292
7397,0.7906,1,4,1,580407,25203,86649,21307,0.23345622290562823,0.45811653407869274
7398,0.7907,6,16,6,580423,25187,86655,21301,0.23330801437622736,0.45820426776802614
7399,0.7908,18,37,18,580460,25150,86673,21283,0.23296528215198783,0.45835935649215
7400,0.7909,1,1,1,580461,25149,86674,21282,0.2329560191189003,0.45835756283517476
7401,0.791,4,22,4,580483,25127,86678,21278,0.2327522323909741,0.45852817584312033
7402,0.7911,0,5,0,580488,25122,86678,21278,0.23270591722553632,0.45857758620689654
7403,0.7912,5,7,5,580495,25115,86683,21273,0.23264107599392345,0.45858842804173494
7404,0.7913,3,8,3,580503,25107,86686,21270,0.23256697172922303,0.4586325118054208
7405,0.7914,1,4,1,580507,25103,86687,21269,0.2325299195968728,0.45866039851634605
7406,0.7915,3,8,3,580515,25095,86690,21266,0.23245581533217236,0.4587045145704364
7407,0.7916,1,0,1,580515,25095,86691,21265,0.23245581533217236,0.45869283865401206
7408,0.7917,43,92,43,580607,25003,86734,21222,0.23160361628811738,0.4591022174148188
7409,0.7918,6,10,6,580617,24993,86740,21216,0.23151098595724184,0.459131338051029
7410,0.7919,0,2,0,580619,24991,86740,21216,0.23149245989106673,0.4591512108554981
7411,0.792,16,27,16,580646,24964,86756,21200,0.23124235799770276,0.4592323022268434
7412,0.7921,1,4,1,580650,24960,86757,21199,0.23120530586535254,0.4592603825906107
7413,0.7922,4,10,4,580660,24950,86761,21195,0.231112675534477,0.45931303499837467
7414,0.7923,6,12,6,580672,24938,86767,21189,0.23100151913742636,0.4593621956771522
7415,0.7924,2,0,2,580672,24938,86769,21187,0.23100151913742636,0.4593387533875339
7416,0.7925,45,84,45,580756,24854,86814,21142,0.2302234243580718,0.45964866510131314
7417,0.7926,1,6,1,580762,24848,86815,21141,0.23016784615954647,0.4596968840374872
7418,0.7927,9,9,9,580771,24839,86824,21132,0.2300844788617585,0.45968110330425704
7419,0.7928,3,7,3,580778,24832,86827,21129,0.2300196376301456,0.4597158460433846
7420,0.7929,5,7,5,580785,24825,86832,21124,0.22995479639853272,0.459727088728808
7421,0.793,10,16,10,580801,24809,86842,21114,0.22980658786913186,0.4597696143544629
7422,0.7931,0,1,0,580802,24808,86842,21114,0.22979732483604431,0.4597796263228953
7423,0.7932,1,12,1,580814,24796,86843,21113,0.22968616843899367,0.4598880393822562
7424,0.7933,87,138,87,580952,24658,86930,21026,0.22840786987291117,0.4602486647403905
7425,0.7935,3,13,3,580965,24645,86933,21023,0.228287450442773,0.4603442235263204
7426,0.7936,1,1,1,580966,24644,86934,21022,0.22827818740968542,0.4603424867516314
7427,0.7937,1,13,1,580979,24631,86935,21021,0.22815776797954723,0.4604617541400158
7428,0.7938,5,15,5,580994,24616,86940,21016,0.2280188224832339,0.46055399719495094
7429,0.7939,0,5,0,580999,24611,86940,21016,0.22797250731779614,0.46060446665351656
7430,0.794,23,35,23,581034,24576,86963,20993,0.22764830115973175,0.4606859926704558
7431,0.7941,0,1,0,581035,24575,86963,20993,0.22763903812664418,0.4606961025280899
7432,0.7942,10,29,10,581064,24546,86973,20983,0.22737041016710513,0.46087109314942126
7433,0.7943,7,18,7,581082,24528,86980,20976,0.22720367557152915,0.4609704641350211
7434,0.7945,0,7,0,581089,24521,86980,20976,0.22713883433991627,0.4610413873442205
7435,0.7946,6,3,6,581092,24518,86986,20970,0.2271110452406536,0.4610007034822371
7436,0.7947,6,7,6,581099,24511,86992,20964,0.22704620400904071,0.46100054975261134
7437,0.7948,5,13,5,581112,24498,86997,20959,0.22692578457890253,0.4610731020524892
7438,0.7949,1,4,1,581116,24494,86998,20958,0.2268887324465523,0.4611018217020153
7439,0.795,187,280,187,581396,24214,87185,20771,0.2242950831820371,0.46173168834055794
7440,0.7951,0,3,0,581399,24211,87185,20771,0.22426729408277446,0.4617624827708861
7441,0.7952,3,6,3,581405,24205,87188,20768,0.22421171588424915,0.46178818402152405
7442,0.7953,3,10,3,581415,24195,87191,20765,0.2241190855533736,0.4618549822064057
7443,0.7954,2,2,2,581417,24193,87193,20763,0.22410055948719848,0.4618515882195925
7444,0.7955,7,6,7,581423,24187,87200,20756,0.22404498128867317,0.4618294283870681
7445,0.7956,1,3,1,581426,24184,87201,20755,0.2240171921894105,0.46184828322837623
7446,0.7957,5,13,5,581439,24171,87206,20750,0.2238967727592723,0.46192204091627526
7447,0.7958,9,36,9,581475,24135,87215,20741,0.22356330356812035,0.46218468669221857
7448,0.7959,1,3,1,581478,24132,87216,20740,0.2235355144688577,0.46220360135496524
7449,0.796,14,33,14,581511,24099,87230,20726,0.2232298343769684,0.46237590630228664
7450,0.7961,1,3,1,581514,24096,87231,20725,0.22320204527770574,0.4623948595524419
7451,0.7962,3,6,3,581520,24090,87234,20722,0.2231464670791804,0.4624207801481746
7452,0.7963,8,10,8,581530,24080,87242,20714,0.22305383674830487,0.4624280037505023
7453,0.7964,1,0,1,581530,24080,87243,20713,0.22305383674830487,0.46241600250039067
7454,0.7965,5,6,5,581536,24074,87248,20708,0.22299825854977953,0.46241793577776785
7455,0.7966,1,1,1,581537,24073,87249,20707,0.222988995516692,0.46241625725770436
7456,0.7967,95,153,95,581690,23920,87344,20612,0.2215717514542962,0.46285816940626967
7457,0.7968,5,8,5,581698,23912,87349,20607,0.22149764718959575,0.4628810170938251
7458,0.7969,1,9,1,581707,23903,87350,20606,0.22141427989180779,0.4629625469006268
7459,0.797,6,13,6,581720,23890,87356,20600,0.22129386046166957,0.46302539896605976
7460,0.7971,3,2,3,581722,23888,87359,20597,0.22127533439549446,0.4630100033719231
7461,0.7972,4,8,4,581730,23880,87363,20593,0.22120123013079404,0.4630449935916174
7462,0.7973,6,13,6,581743,23867,87369,20587,0.22108081070065583,0.46310793179466414
7463,0.7974,1,9,1,581752,23858,87370,20586,0.22099744340286784,0.46318963189631895
7464,0.7975,44,76,44,581828,23782,87414,20542,0.22029345288821373,0.46345095208013715
7465,0.7976,0,2,0,581830,23780,87414,20542,0.2202749268220386,0.46347186498804205
7466,0.7977,6,9,6,581839,23771,87420,20536,0.22019155952425062,0.46349335319475476
7467,0.7978,2,3,2,581842,23768,87422,20534,0.22016377042498797,0.4635005191639204
7468,0.7979,3,10,3,581852,23758,87425,20531,0.2200711400941124,0.46356883198988463
7469,0.798,14,20,14,581872,23738,87439,20517,0.21988587943236132,0.46360863179301776
7470,0.7981,3,8,3,581880,23730,87442,20514,0.2198117751676609,0.4636560889612151
7471,0.7982,2,7,2,581887,23723,87444,20512,0.21974693393604802,0.4637052108059229
7472,0.7983,46,75,46,581962,23648,87490,20466,0.21905220645448145,0.4639343519064243
7473,0.7984,1,5,1,581967,23643,87491,20465,0.21900589128904369,0.463974789153895
7474,0.7985,3,14,3,581981,23629,87494,20462,0.21887620882581793,0.4640856410605339
7475,0.7986,2,7,2,581988,23622,87496,20460,0.21881136759420505,0.4641350210970464
7476,0.7987,4,13,4,582001,23609,87500,20456,0.21869094816406684,0.464223306479065
7477,0.7988,0,4,0,582005,23605,87500,20456,0.21865389603171662,0.46426545017135334
7478,0.7989,2,2,2,582007,23603,87502,20454,0.2186353699655415,0.4642622057788774
7479,0.799,7,18,7,582025,23585,87509,20447,0.21846863536996555,0.464366824127907
7480,0.7992,14,39,14,582064,23546,87523,20433,0.21810737707955094,0.4646081084153801
7481,0.7993,4,9,4,582073,23537,87527,20429,0.21802400978176295,0.4646545057544466
7482,0.7994,1,4,1,582077,23533,87528,20428,0.21798695764941273,0.4646846068105821
7483,0.7995,2,6,2,582083,23527,87530,20426,0.2179313794508874,0.46472368211498644
7484,0.7996,0,2,0,582085,23525,87530,20426,0.21791285338471228,0.4647448294691816
7485,0.7997,5,3,5,582088,23522,87535,20421,0.21788506428544963,0.46471565437043444
7486,0.7998,1,5,1,582093,23517,87536,20420,0.21783874912001186,0.4647563556911032
7487,0.7999,2,3,2,582096,23514,87538,20418,0.2178109600207492,0.46476372575798963
7488,0.8,779,986,779,583082,22528,88317,19639,0.20867760939642077,0.4657433538074798
7489,0.8001,0,3,0,583085,22525,88317,19639,0.2086498202971581,0.4657764917939474
7490,0.8002,3,10,3,583095,22515,88320,19636,0.20855718996628256,0.46584897155464877
7491,0.8003,0,9,0,583104,22506,88320,19636,0.20847382266849457,0.46594845996867734
7492,0.8004,0,3,0,583107,22503,88320,19636,0.20844603356923191,0.46598163221718597
7493,0.8005,5,5,5,583112,22498,88325,19631,0.20839971840379415,0.4659735574070118
7494,0.8007,8,20,8,583132,22478,88333,19623,0.20821445774204306,0.46609344196099856
7495,0.8008,9,28,9,583160,22450,88342,19614,0.20795509281559155,0.46628946367440094
7496,0.8009,4,2,4,583162,22448,88346,19610,0.20793656674941643,0.4662608778353702
7497,0.801,9,16,9,583178,22432,88355,19601,0.20778835822001557,0.466324078700069
7498,0.8011,2,7,2,583185,22425,88357,19599,0.2077235169884027,0.46637635636778985
7499,0.8012,4,6,4,583191,22419,88361,19595,0.20766793878987735,0.4663921549959537
7500,0.8013,2,5,2,583196,22414,88363,19593,0.2076216236244396,0.46642226295617395
7501,0.8014,0,4,0,583200,22410,88363,19593,0.20758457149208936,0.4664666809513606
7502,0.8015,4,6,4,583206,22404,88367,19589,0.20752899329356406,0.4664825089895935
7503,0.8017,36,78,36,583284,22326,88403,19553,0.2068064767127348,0.46689271472575755
7504,0.8018,5,12,5,583296,22314,88408,19548,0.20669532031568416,0.4669628780278057
7505,0.8019,0,5,0,583301,22309,88408,19548,0.2066490051502464,0.46701865876675347
7506,0.802,8,19,8,583320,22290,88416,19540,0.20647300752158287,0.46712885488883577
7507,0.8021,2,5,2,583325,22285,88418,19538,0.2064266923561451,0.4671592186117686
7508,0.8022,3,3,3,583328,22282,88421,19535,0.20639890325688243,0.46715450654040225
7509,0.8023,7,2,7,583330,22280,88428,19528,0.20638037719070731,0.46708763872942977
7510,0.8024,2,4,2,583334,22276,88430,19526,0.20634332505835712,0.4671068369934453
7511,0.8025,51,92,51,583426,22184,88481,19475,0.2054911260143021,0.4674860174272066
7512,0.8026,1,4,1,583430,22180,88482,19474,0.20545407388195192,0.4675181255101551
7513,0.8027,5,7,5,583437,22173,88487,19469,0.20538923265033904,0.467532779405408
7514,0.8028,0,7,0,583444,22166,88487,19469,0.20532439141872616,0.46761138465233576
7515,0.8029,0,4,0,583448,22162,88487,19469,0.20528733928637594,0.46765631380461675
7516,0.803,10,22,10,583470,22140,88497,19459,0.20508355255844973,0.46777566768431933
7517,0.8031,0,2,0,583472,22138,88497,19459,0.20506502649227462,0.46779815852104717
7518,0.8032,5,13,5,583485,22125,88502,19454,0.20494460706213644,0.46788042040453115
7519,0.8033,85,126,85,583611,21999,88587,19369,0.2037774648931046,0.4682121446528718
7520,0.8034,1,5,1,583616,21994,88588,19368,0.20373114972766682,0.46825588704608095
7521,0.8035,0,11,0,583627,21983,88588,19368,0.20362925636370374,0.4683804502914077
7522,0.8036,0,1,0,583628,21982,88588,19368,0.20361999333061617,0.4683917775090689
7523,0.8037,8,7,8,583635,21975,88596,19360,0.2035551520990033,0.46836821095923553
7524,0.8038,5,9,5,583644,21966,88601,19355,0.2034717848012153,0.4684058953074708
7525,0.8039,1,2,1,583646,21964,88602,19354,0.2034532587350402,0.4684157025993514
7526,0.804,24,29,24,583675,21935,88626,19330,0.20318463077550114,0.4684357203441173
7527,0.8041,2,3,2,583678,21932,88628,19328,0.20315684167623846,0.4684440135724673
7528,0.8042,22,38,22,583716,21894,88650,19306,0.20280484641891142,0.46859223300970876
7529,0.8043,10,20,10,583736,21874,88660,19296,0.20261958575716033,0.46869079426767063
7530,0.8045,2,4,2,583740,21870,88662,19294,0.2025825336248101,0.46871052375862404
7531,0.8046,1,1,1,583741,21869,88663,19293,0.20257327059172256,0.4687090034497838
7532,0.8047,8,6,8,583747,21863,88671,19285,0.20251769239319722,0.46867405463205986
7533,0.8048,7,10,7,583757,21853,88678,19278,0.2024250620623217,0.4686975760375386
7534,0.8049,2,0,2,583757,21853,88680,19276,0.2024250620623217,0.46867174013469814
7535,0.805,198,269,198,584026,21584,88878,19078,0.1999333061617696,0.4691849884412965
7536,0.8051,0,1,0,584027,21583,88878,19078,0.19992404312868206,0.4691965273849635
7537,0.8052,2,4,2,584031,21579,88880,19076,0.19988699099633184,0.4692165785266265
7538,0.8053,4,7,4,584038,21572,88884,19072,0.19982214976471896,0.46924515303611847
7539,0.8054,0,5,0,584043,21567,88884,19072,0.1997758345992812,0.469302886389921
7540,0.8055,2,8,2,584051,21559,88886,19070,0.19970173033458075,0.46936916980481924
7541,0.8056,1,1,1,584052,21558,88887,19069,0.1996924673014932,0.46936766189972184
7542,0.8057,6,12,6,584064,21546,88893,19063,0.19958131090444256,0.4694279593193627
7543,0.8058,21,32,21,584096,21514,88914,19042,0.19928489384564083,0.46952362165894074
7544,0.8059,0,3,0,584099,21511,88914,19042,0.19925710474637814,0.46955835573200505
7545,0.806,18,34,18,584133,21477,88932,19024,0.1989421616214013,0.4697167971161206
7546,0.8061,4,8,4,584141,21469,88936,19020,0.19886805735670088,0.46975721800982984
7547,0.8062,4,9,4,584150,21460,88940,19016,0.1987846900589129,0.4698092696906809
7548,0.8063,6,9,6,584159,21451,88946,19010,0.1987013227611249,0.4698351498974321
7549,0.8064,0,3,0,584162,21448,88946,19010,0.19867353366186224,0.46986998863018437
7550,0.8065,4,11,4,584173,21437,88950,19006,0.19857164029789914,0.46994535519125685
7551,0.8066,0,1,0,584174,21436,88950,19006,0.1985623772648116,0.4699569754215914
7552,0.8067,114,146,114,584320,21290,89064,18892,0.19720997443402868,0.47016076850330996
7553,0.8068,3,5,3,584325,21285,89067,18889,0.19716365926859092,0.47017971822571814
7554,0.8069,0,2,0,584327,21283,89067,18889,0.1971451332024158,0.47020312655581004
7555,0.807,6,12,6,584339,21271,89073,18883,0.19703397680536514,0.4702644817452807
7556,0.8071,2,2,2,584341,21269,89075,18881,0.19701545073919005,0.47026151930261517
7557,0.8072,2,5,2,584346,21264,89077,18879,0.19696913557375226,0.4702937000224198
7558,0.8073,6,8,6,584354,21256,89083,18873,0.19689503130905184,0.47030825587480374
7559,0.8074,2,7,2,584361,21249,89085,18871,0.19683019007743896,0.4703639082751745
7560,0.8075,43,78,43,584439,21171,89128,18828,0.19610767349660974,0.4707117677941949
7561,0.8076,2,1,2,584440,21170,89130,18826,0.19609841046352217,0.47069706970697067
7562,0.8077,8,15,8,584455,21155,89138,18818,0.19595946496720887,0.4707677682435644
7563,0.8078,0,8,0,584463,21147,89138,18818,0.19588536070250842,0.470862004253722
7564,0.8079,1,5,1,584468,21142,89139,18817,0.19583904553707066,0.4709076803723817
7565,0.808,11,19,11,584487,21123,89150,18806,0.19566304790840713,0.4709860001502667
7566,0.8081,4,7,4,584494,21116,89154,18802,0.19559820667679426,0.4710155819429831
7567,0.8082,8,4,8,584498,21112,89162,18794,0.19556115454444403,0.4709567483586428
7568,0.8083,41,68,41,584566,21044,89203,18753,0.19493126829449034,0.4712164233484936
7569,0.8084,1,1,1,584567,21043,89204,18752,0.1949220052614028,0.47121497675587387
7570,0.8085,2,9,2,584576,21034,89206,18750,0.1948386379636148,0.4712949929619948
7571,0.8086,0,2,0,584578,21032,89206,18750,0.1948201118974397,0.471318686843296
7572,0.8087,5,5,5,584583,21027,89211,18745,0.19477379673200193,0.4713114754098361
7573,0.8088,4,6,4,584589,21021,89215,18741,0.1947182185334766,0.4713294099894372
7574,0.8089,2,2,2,584591,21019,89217,18739,0.19469969246730148,0.47132652547914883
7575,0.809,2,17,2,584608,21002,89219,18737,0.19454222090481307,0.47150154759807744
7576,0.8091,0,1,0,584609,21001,89219,18737,0.19453295787172553,0.47151341285419496
7577,0.8092,11,17,11,584626,20984,89230,18726,0.1943754863092371,0.47156887433895744
7578,0.8093,8,16,8,584642,20968,89238,18718,0.19422727777983623,0.4716524719044499
7579,0.8094,2,3,2,584645,20965,89240,18716,0.19419948868057357,0.4716615004662181
7580,0.8095,3,5,3,584650,20960,89243,18713,0.1941531735151358,0.47168099211050335
7581,0.8096,0,1,0,584651,20959,89243,18713,0.19414391048204824,0.47169288162936074
7582,0.8097,7,11,7,584662,20948,89250,18706,0.19404201711808514,0.4717304685529833
7583,0.8098,3,8,3,584670,20940,89253,18703,0.19396791285338472,0.47178568725878467
7584,0.8099,0,1,0,584671,20939,89253,18703,0.19395864982029715,0.47179758841632613
7585,0.81,785,969,785,585640,19970,90038,17918,0.18498277075845715,0.4729201858108108
7586,0.8101,1,1,1,585641,19969,90039,17917,0.1849735077253696,0.4729187562688064
7587,0.8102,0,9,0,585650,19960,90039,17917,0.18489014042758162,0.47303112706919764
7588,0.8103,6,11,6,585661,19949,90045,17911,0.18478824706361852,0.4730850501848917
7589,0.8104,1,0,1,585661,19949,90046,17910,0.18478824706361852,0.4730711323595446
7590,0.8105,0,13,0,585674,19936,90046,17910,0.1846678276334803,0.47323363103102045
7591,0.8107,4,14,4,585688,19922,90050,17906,0.18453814517025455,0.47335307179866765
7592,0.8108,11,24,11,585712,19898,90061,17895,0.18431583237615326,0.4735003836689334
7593,0.8109,0,5,0,585717,19893,90061,17895,0.18426951721071547,0.47356303588440773
7594,0.811,9,18,9,585735,19875,90070,17886,0.1841027826151395,0.4736633034082784
7595,0.8111,0,2,0,585737,19873,90070,17886,0.1840842565489644,0.47368839217140285
7596,0.8112,0,4,0,585741,19869,90070,17886,0.18404720441661418,0.47373857767183153
7597,0.8113,5,12,5,585753,19857,90075,17881,0.18393604801956354,0.47381949228893955
7598,0.8114,0,5,0,585758,19852,90075,17881,0.18388973285412574,0.47388227811199746
7599,0.8115,4,8,4,585766,19844,90079,17877,0.18381562858942532,0.47392699027067153
7600,0.8116,2,2,2,585768,19842,90081,17875,0.1837971025232502,0.4739242251504627
7601,0.8117,33,74,33,585842,19768,90114,17842,0.1831116380747712,0.47439510768412657
7602,0.8118,3,15,3,585857,19753,90117,17839,0.18297269257845789,0.47454245584166843
7603,0.8119,0,3,0,585860,19750,90117,17839,0.18294490347919523,0.47458032935167205
7604,0.812,8,22,8,585882,19728,90125,17831,0.18274111675126903,0.47474639899890836
7605,0.8121,0,3,0,585885,19725,90125,17831,0.18271332765200637,0.47478432207902865
7606,0.8122,2,4,2,585889,19721,90127,17829,0.18267627551965615,0.4748069241011984
7607,0.8123,2,4,2,585893,19717,90129,17827,0.18263922338730593,0.4748295333475389
7608,0.8124,2,4,2,585897,19713,90131,17825,0.18260217125495573,0.4748521498215142
7609,0.8125,54,85,54,585982,19628,90185,17771,0.18181481344251363,0.47517313297146985
7610,0.8126,3,2,3,585984,19626,90188,17768,0.18179628737633852,0.4751564422099802
7611,0.8127,3,17,3,586001,19609,90191,17765,0.18163881581385008,0.4753304436239097
7612,0.8128,4,4,4,586005,19605,90195,17761,0.18160176368149988,0.4753251619118985
7613,0.8129,4,10,4,586015,19595,90199,17757,0.18150913335062432,0.4753962304562005
7614,0.813,6,11,6,586026,19584,90205,17751,0.18140723998666122,0.4754519887505022
7615,0.8131,2,8,2,586034,19576,90207,17749,0.1813331357219608,0.47552578700602816
7616,0.8132,0,8,0,586042,19568,90207,17749,0.18125903145726036,0.47562772998901304
7617,0.8133,79,125,79,586167,19443,90286,17670,0.1801011523213161,0.4761134912294883
7618,0.8134,0,1,0,586168,19442,90286,17670,0.18009188928822853,0.47612632032765684
7619,0.8135,2,9,2,586177,19433,90288,17668,0.18000852199044054,0.47621357914881
7620,0.8136,1,1,1,586178,19432,90289,17667,0.179999258957353,0.47621229682740773
7621,0.8137,6,14,6,586192,19418,90295,17661,0.17986957649412724,0.47630734377949785
7622,0.8138,2,3,2,586195,19415,90297,17659,0.17984178739486456,0.47631763500026975
7623,0.8139,1,2,1,586197,19413,90298,17658,0.17982326132868948,0.4763292061179898
7624,0.814,14,24,14,586221,19389,90312,17644,0.17960094853458816,0.47643993195258283
7625,0.8142,14,25,14,586246,19364,90326,17630,0.1793693727073993,0.47656376709736714
7626,0.8143,4,16,4,586262,19348,90330,17626,0.17922116417799844,0.4767133661491859
7627,0.8144,2,2,2,586264,19346,90332,17624,0.17920263811182333,0.47671084663240465
7628,0.8145,4,10,4,586274,19336,90336,17620,0.1791100077809478,0.4767832016451997
7629,0.8146,1,1,1,586275,19335,90337,17619,0.17910074474786025,0.47678194512096117
7630,0.8147,3,7,3,586282,19328,90340,17616,0.17903590351624735,0.47682979644867907
7631,0.8148,0,7,0,586289,19321,90340,17616,0.17897106228463447,0.4769201613558221
7632,0.8149,0,4,0,586293,19317,90340,17616,0.17893401015228427,0.4769718138250345
7633,0.815,185,252,185,586545,19065,90525,17431,0.17659972581422062,0.4776139850942569
7634,0.8151,0,2,0,586547,19063,90525,17431,0.1765811997480455,0.4776401600263057
7635,0.8152,2,3,2,586550,19060,90527,17429,0.17655341064878283,0.4776507988708926
7636,0.8153,5,11,5,586561,19049,90532,17424,0.17645151728481975,0.4777232473336441
7637,0.8154,4,5,4,586566,19044,90536,17420,0.17640520211938196,0.4777314611671786
7638,0.8155,2,12,2,586578,19032,90538,17418,0.17629404572233132,0.47786008230452676
7639,0.8156,0,3,0,586581,19029,90538,17418,0.17626625662306866,0.47789941558976046
7640,0.8157,5,8,5,586589,19021,90543,17413,0.17619215235836821,0.4779327002250645
7641,0.8158,15,21,15,586610,19000,90558,17398,0.17599762866352958,0.47799329633496346
7642,0.8159,1,6,1,586616,18994,90559,17397,0.17594205046500427,0.47805776153444535
7643,0.816,18,34,18,586650,18960,90577,17379,0.17562710734002743,0.47824651201188806
7644,0.8161,0,5,0,586655,18955,90577,17379,0.17558079217458963,0.4783123245445038
7645,0.8162,3,6,3,586661,18949,90580,17376,0.17552521397606433,0.47834824501032347
7646,0.8163,2,5,2,586666,18944,90582,17374,0.17547889881062656,0.47838537364392314
7647,0.8164,1,2,1,586668,18942,90583,17373,0.17546037274445145,0.47839735646427095
7648,0.8165,5,7,5,586675,18935,90588,17368,0.17539553151283857,0.47841776161749716
7649,0.8166,0,1,0,586676,18934,90588,17368,0.175386268479751,0.47843094044405265
7650,0.8167,100,119,100,586795,18815,90688,17268,0.17428396754233205,0.4785633123631627
7651,0.8168,3,2,3,586797,18813,90691,17265,0.17426544147615694,0.47854648262098787
7652,0.8169,4,2,4,586799,18811,90695,17261,0.17424691540998186,0.47851519183854513
7653,0.817,5,17,5,586816,18794,90700,17256,0.17408944384749342,0.4786685159500694
7654,0.8171,6,8,6,586824,18786,90706,17250,0.174015339582793,0.4786879786879787
7655,0.8172,2,7,2,586831,18779,90708,17248,0.17395049835118012,0.47875204707580427
7656,0.8173,3,12,3,586843,18767,90711,17245,0.17383934195412945,0.47886815505942465
7657,0.8174,3,1,3,586844,18766,90714,17242,0.1738300789210419,0.47883803599200175
7658,0.8175,45,59,45,586903,18707,90759,17197,0.1732835599688762,0.4789717023172905
7659,0.8176,0,4,0,586907,18703,90759,17197,0.17324650783652598,0.479025069637883
7660,0.8177,4,15,4,586922,18688,90763,17193,0.17310756234021268,0.47916724728965193
7661,0.8178,3,5,3,586927,18683,90766,17190,0.17306124717477492,0.4791904775179104
7662,0.8179,2,4,2,586931,18679,90768,17188,0.1730241950424247,0.47921487718515626
7663,0.818,11,26,11,586957,18653,90779,17177,0.1727833561821483,0.4794027351381524
7664,0.8181,4,1,4,586958,18652,90783,17173,0.17277409314906073,0.47935799023028614
7665,0.8182,3,5,3,586963,18647,90786,17170,0.17272777798362296,0.4793812993829746
7666,0.8183,29,46,29,587009,18601,90815,17141,0.17230167846159547,0.47957584914106655
7667,0.8184,0,3,0,587012,18598,90815,17141,0.17227388936233282,0.4796161056548868
7668,0.8185,3,5,3,587017,18593,90818,17138,0.17222757419689502,0.47963952870056814
7669,0.8186,2,4,2,587021,18589,90820,17136,0.17219052206454483,0.47966410076976906
7670,0.8187,3,3,3,587024,18586,90823,17133,0.17216273296528214,0.47966068478960777
7671,0.8188,4,4,4,587028,18582,90827,17129,0.17212568083293195,0.4796561283638095
7672,0.8189,0,2,0,587030,18580,90827,17129,0.17210715476675684,0.4796829930829763
7673,0.819,9,12,9,587042,18568,90836,17120,0.17199599836970617,0.4797130688186505
7674,0.8192,8,29,8,587071,18539,90844,17112,0.1717273704101671,0.4799865361420437
7675,0.8193,8,12,8,587083,18527,90852,17104,0.17161621401311644,0.48003143330246134
7676,0.8194,1,3,1,587086,18524,90853,17103,0.1715884249138538,0.48005725994330145
7677,0.8195,1,8,1,587094,18516,90854,17102,0.17151432064915337,0.4801504857094727
7678,0.8196,1,5,1,587099,18511,90855,17101,0.17146800548371557,0.48020330225766594
7679,0.8197,3,7,3,587106,18504,90858,17098,0.1714031642521027,0.48025391831919556
7680,0.8198,3,5,3,587111,18499,90861,17095,0.17135684908666493,0.4802775748721695
7681,0.8199,1,3,1,587114,18496,90862,17094,0.17132905998740228,0.4803034560269739
7682,0.82,774,930,774,588044,17566,91636,16320,0.1627144392159769,0.48161482618190404
7683,0.8201,1,3,1,588047,17563,91637,16319,0.1626866501167142,0.48164216988371406
7684,0.8202,2,11,2,588058,17552,91639,16317,0.1625847567527511,0.4817679884259943
7685,0.8203,1,3,1,588061,17549,91640,16316,0.16255696765348845,0.48179536394507605
7686,0.8204,0,4,0,588065,17545,91640,16316,0.16251991552113823,0.48185227843241485
7687,0.8205,5,4,5,588069,17541,91645,16311,0.16248286338878803,0.48183268344558666
7688,0.8206,2,2,2,588071,17539,91647,16309,0.16246433732261292,0.48183053651619
7689,0.8207,6,10,6,588081,17529,91653,16303,0.16237170699173736,0.4818810593520927
7690,0.8208,11,32,11,588113,17497,91664,16292,0.16207528993293563,0.48216875314451446
7691,0.8209,0,4,0,588117,17493,91664,16292,0.16203823780058543,0.4822258398697647
7692,0.821,10,28,10,588145,17465,91674,16282,0.1617788728741339,0.482472516075503
7693,0.8211,2,1,2,588146,17464,91676,16280,0.16176960984104635,0.4824561403508772
7694,0.8212,3,13,3,588159,17451,91679,16277,0.16164919041090814,0.48259606261859583
7695,0.8213,3,11,3,588170,17440,91682,16274,0.16154729704694507,0.48270748057186924
7696,0.8214,1,1,1,588171,17439,91683,16273,0.1615380340138575,0.4827064546748932
7697,0.8215,0,5,0,588176,17434,91683,16273,0.16149171884841973,0.48277805797015455
7698,0.8216,3,8,3,588184,17426,91686,16270,0.16141761458371928,0.48284662867996203
7699,0.8217,43,51,43,588235,17375,91729,16227,0.16094519989625403,0.48291768347122194
7700,0.8218,2,5,2,588240,17370,91731,16225,0.16089888473081626,0.4829587736270278
7701,0.8219,0,3,0,588243,17367,91731,16225,0.1608710956315536,0.4830019052155275
7702,0.822,7,10,7,588253,17357,91738,16218,0.16077846530067805,0.4830379746835443
7703,0.8221,0,4,0,588257,17353,91738,16218,0.16074141316832782,0.4830955288790921
7704,0.8222,1,4,1,588261,17349,91739,16217,0.16070436103597763,0.48313769886194363
7705,0.8223,5,6,5,588267,17343,91744,16212,0.1606487828374523,0.48314707197139023
7706,0.8224,1,1,1,588268,17342,91745,16211,0.16063951980436475,0.48314606741573035
7707,0.8225,37,66,37,588334,17276,91782,16174,0.16002815962058617,0.48352765321375185
7708,0.8226,1,4,1,588338,17272,91783,16173,0.15999110748823595,0.483570040364778
7709,0.8227,4,14,4,588352,17258,91787,16169,0.1598614250250102,0.48371077272863255
7710,0.8228,2,7,2,588359,17251,91789,16167,0.1597965837933973,0.4837811957627626
7711,0.8229,4,6,4,588365,17245,91793,16163,0.15974100559487198,0.48380627394636017
7712,0.823,4,6,4,588371,17239,91797,16159,0.15968542739634667,0.4838313671477334
7713,0.8231,1,3,1,588374,17236,91798,16158,0.159657638297084,0.48385937593579686
7714,0.8232,1,2,1,588376,17234,91799,16157,0.15963911223090888,0.48387289988320203
7715,0.8233,88,140,88,588516,17094,91887,16069,0.1583422875986513,0.4845460302143956
7716,0.8234,1,2,1,588518,17092,91888,16068,0.15832376153247618,0.48455971049457175
7717,0.8235,2,7,2,588525,17085,91890,16066,0.1582589203008633,0.48463093119362916
7718,0.8236,0,3,0,588528,17082,91890,16066,0.15823113120160065,0.4846747918426451
7719,0.8237,1,6,1,588534,17076,91891,16065,0.15817555300307531,0.4847469901330678
7720,0.8238,5,7,5,588541,17069,91896,16060,0.15811071177146244,0.48477165021582297
7721,0.8239,3,2,3,588543,17067,91899,16057,0.15809218570528735,0.48475425673227873
7722,0.824,21,18,21,588561,17049,91920,16036,0.15792545110971137,0.4846909475593169
7723,0.8241,2,3,2,588564,17046,91922,16034,0.1578976620104487,0.4847037484885127
7724,0.8242,17,29,17,588593,17017,91939,16017,0.15762903405090964,0.4848640794333111
7725,0.8243,6,9,6,588602,17008,91945,16011,0.15754566675312165,0.48490263181804416
7726,0.8244,0,4,0,588606,17004,91945,16011,0.15750861462077143,0.484961381190368
7727,0.8245,2,3,2,588609,17001,91947,16009,0.15748082552150877,0.48497425022720386
7728,0.8246,1,5,1,588614,16996,91948,16008,0.157434510356071,0.48503211731911283
7729,0.8247,4,11,4,588625,16985,91952,16004,0.1573326169921079,0.48513140743884325
7730,0.8248,6,11,6,588636,16974,91958,15998,0.1572307236281448,0.48519956326580127
7731,0.8249,3,6,3,588642,16968,91961,15995,0.15717514542961947,0.48524102781906986
7732,0.825,178,228,178,588870,16740,92139,15817,0.15506317388565713,0.4858248610129926
7733,0.8251,0,4,0,588874,16736,92139,15817,0.1550261217533069,0.48588455749086107
7734,0.8252,0,5,0,588879,16731,92139,15817,0.15497980658786914,0.4859591987218877
7735,0.8253,7,10,7,588889,16721,92146,15810,0.15488717625699358,0.48599797116596477
7736,0.8254,3,5,3,588894,16716,92149,15807,0.15484086109155581,0.4860252744211789
7737,0.8255,2,4,2,588898,16712,92151,15805,0.1548038089592056,0.4860534489651567
7738,0.8256,1,2,1,588900,16710,92152,15804,0.1547852828930305,0.48606754013655656
7739,0.8257,5,8,5,588908,16702,92157,15799,0.15471117862833006,0.48610811975016155
7740,0.8258,14,18,14,588926,16684,92171,15785,0.15454444403275408,0.4861560257476362
7741,0.8259,2,1,2,588927,16683,92173,15783,0.15453518099966654,0.4861393457771207
7742,0.826,16,30,16,588957,16653,92189,15767,0.15425729000703992,0.4863355953115361
7743,0.8261,0,1,0,588958,16652,92189,15767,0.15424802697395235,0.48635059687220455
7744,0.8262,4,8,4,588966,16644,92193,15763,0.15417392270925193,0.48640725769123955
7745,0.8263,5,11,5,588977,16633,92198,15758,0.15407202934528882,0.48649316168071377
7746,0.8264,1,4,1,588981,16629,92199,15757,0.1540349772129386,0.48653739270054963
7747,0.8265,4,12,4,588993,16617,92203,15753,0.15392382081588796,0.4866543095458758
7748,0.8267,79,119,79,589112,16498,92282,15674,0.152821519878469,0.48719383314683573
7749,0.8268,3,5,3,589117,16493,92285,15671,0.15277520471303124,0.48722173858972767
7750,0.8269,0,5,0,589122,16488,92285,15671,0.15272888954759348,0.487297490593613
7751,0.827,6,8,6,589130,16480,92291,15665,0.15265478528289303,0.4873230673510655
7752,0.8271,6,2,6,589132,16478,92297,15659,0.15263625921671792,0.48725767806578085
7753,0.8272,0,5,0,589137,16473,92297,15659,0.15258994405128015,0.48733349931532427
7754,0.8273,2,6,2,589143,16467,92299,15657,0.15253436585275482,0.4873926036608143
7755,0.8274,0,3,0,589146,16464,92299,15657,0.15250657675349216,0.4874381245913888
7756,0.8275,40,63,40,589209,16401,92339,15617,0.15192300566897626,0.48775688675120243
7757,0.8276,0,2,0,589211,16399,92339,15617,0.15190447960280115,0.48778735632183906
7758,0.8277,3,3,3,589214,16396,92342,15614,0.15187669050353847,0.4877850671665105
7759,0.8278,1,3,1,589217,16393,92343,15613,0.15184890140427582,0.48781478472786355
7760,0.8279,1,2,1,589219,16391,92344,15612,0.1518303753381007,0.48782926600631193
7761,0.828,10,21,10,589240,16370,92354,15602,0.15163585164326207,0.4879894908044539
7762,0.8281,0,6,0,589246,16364,92354,15602,0.15158027344473674,0.48808108615403867
7763,0.8282,2,8,2,589254,16356,92356,15600,0.15150616918003632,0.488171235448742
7764,0.8283,40,57,40,589311,16299,92396,15560,0.15097817629404572,0.4884020214068238
7765,0.8284,0,2,0,589313,16297,92396,15560,0.1509596502278706,0.48843268355463476
7766,0.8285,1,5,1,589318,16292,92397,15559,0.15091333506243285,0.48849329691375465
7767,0.8286,0,2,0,589320,16290,92397,15559,0.15089480899625773,0.4885239724952118
7768,0.8287,1,13,1,589333,16277,92398,15558,0.15077438956611952,0.48870739751845454
7769,0.8288,1,2,1,589335,16275,92399,15557,0.1507558634999444,0.4887220407137472
7770,0.8289,0,1,0,589336,16274,92399,15557,0.15074660046685687,0.4887373943639848
7771,0.829,10,17,10,589353,16257,92409,15547,0.15058912890436846,0.48883788202741796
7772,0.8291,0,1,0,589354,16256,92409,15547,0.1505798658712809,0.4888532528377826
7773,0.8292,17,18,17,589372,16238,92426,15530,0.1504131312757049,0.48885671115588014
7774,0.8293,10,21,10,589393,16217,92436,15520,0.15021860758086628,0.4890191259413303
7775,0.8294,1,4,1,589397,16213,92437,15519,0.15018155544851605,0.48906466658262954
7776,0.8295,4,5,4,589402,16208,92441,15515,0.1501352402830783,0.4890773255997226
7777,0.8296,0,6,0,589408,16202,92441,15515,0.15007966208455298,0.4891698458240061
7778,0.8297,2,5,2,589413,16197,92443,15513,0.15003334691911518,0.4892147587511826
7779,0.8298,3,6,3,589419,16191,92446,15510,0.14997776872058988,0.4892590139112331
7780,0.8299,0,3,0,589422,16188,92446,15510,0.1499499796213272,0.4893053189475677
7781,0.83,739,922,739,590344,15266,93185,14771,0.14140946311460226,0.49176016246629156
7782,0.8301,0,2,0,590346,15264,93185,14771,0.14139093704842715,0.4917929082736807
7783,0.8302,1,2,1,590348,15262,93186,14770,0.14137241098225203,0.49180873734683006
7784,0.8303,1,5,1,590353,15257,93187,14769,0.14132609581681427,0.4918737094518084
7785,0.8304,2,7,2,590360,15250,93189,14767,0.1412612545852014,0.4919545590831862
7786,0.8305,2,9,2,590369,15241,93191,14765,0.1411778872874134,0.49206825301606344
7787,0.8306,3,0,3,590369,15241,93194,14762,0.1411778872874134,0.4920174649201747
7788,0.8307,3,13,3,590382,15228,93197,14759,0.1410574678572752,0.4921799446426785
7789,0.8308,11,15,11,590397,15213,93208,14748,0.14091852236096186,0.4922399118854511
7790,0.8309,3,6,3,590403,15207,93211,14745,0.14086294416243655,0.49228766025641024
7791,0.831,13,8,13,590411,15199,93224,14732,0.1407888398977361,0.4921987237312485
7792,0.8311,2,3,2,590414,15196,93226,14730,0.14076105079847345,0.49221412818285104
7793,0.8312,2,4,2,590418,15192,93228,14728,0.14072399866612323,0.49224598930481284
7794,0.8313,4,10,4,590428,15182,93232,14724,0.1406313683352477,0.492342673710961
7795,0.8314,2,5,2,590433,15177,93234,14722,0.14058505316980993,0.49239104986788856
7796,0.8315,3,7,3,590440,15170,93237,14719,0.14052021193819705,0.4924554183813443
7797,0.8316,0,1,0,590441,15169,93237,14719,0.14051094890510948,0.4924718950749465
7798,0.8317,45,54,45,590495,15115,93282,14674,0.14001074511838157,0.4925979388364833
7799,0.8318,1,5,1,590500,15110,93283,14673,0.13996442995294378,0.4926636000402914
7800,0.832,7,14,7,590514,15096,93290,14666,0.13983474748971803,0.492776023116726
7801,0.8321,0,2,0,590516,15094,93290,14666,0.1398162214235429,0.4928091397849462
7802,0.8322,3,3,3,590519,15091,93293,14663,0.13978843232428026,0.49280768972239025
7803,0.8323,5,10,5,590529,15081,93298,14658,0.13969580199340473,0.4928881267023101
7804,0.8324,1,0,1,590529,15081,93299,14657,0.13969580199340473,0.4928710740466743
7805,0.8325,33,51,33,590580,15030,93332,14624,0.13922338730593944,0.49315438052202065
7806,0.8326,1,2,1,590582,15028,93333,14623,0.13920486123976436,0.4931705507402786
7807,0.8327,4,14,4,590596,15014,93337,14619,0.13907517877653858,0.4933351331286066
7808,0.8328,3,3,3,590599,15011,93340,14616,0.13904738967727592,0.4933337833732744
7809,0.8329,1,3,1,590602,15008,93341,14615,0.13901960057801327,0.49336664078587583
7810,0.833,2,11,2,590613,14997,93343,14613,0.13891770721405017,0.49351570415400203
7811,0.8331,1,1,1,590614,14996,93344,14612,0.13890844418096263,0.4935152661442853
7812,0.8332,3,11,3,590625,14985,93347,14609,0.13880655081699952,0.4936473609515442
7813,0.8333,84,107,84,590732,14878,93431,14525,0.13781540627663122,0.49399721116892836
7814,0.8334,2,4,2,590736,14874,93433,14523,0.137778354144281,0.4940300030615369
7815,0.8335,2,11,2,590747,14863,93435,14521,0.1376764607803179,0.49418050639803973
7816,0.8336,3,7,3,590754,14856,93438,14518,0.13761161954870502,0.4942466126506434
7817,0.8337,4,5,4,590759,14851,93442,14514,0.13756530438326725,0.4942618763834497
7818,0.8338,2,1,2,590760,14850,93444,14512,0.1375560413501797,0.49424426129010285
7819,0.8339,0,3,0,590763,14847,93444,14512,0.13752825225091703,0.49429476480806567
7820,0.834,17,27,17,590790,14820,93461,14495,0.13727815035755309,0.49445676274944567
7821,0.8341,1,1,1,590791,14819,93462,14494,0.13726888732446552,0.4944563845392829
7822,0.8342,11,9,11,590800,14810,93473,14483,0.13718552002667753,0.4944184617485406
7823,0.8343,2,10,2,590810,14800,93475,14481,0.137092889695802,0.4945527816672928
7824,0.8344,1,6,1,590816,14794,93476,14480,0.13703731149727666,0.4946368791419007
7825,0.8345,4,5,4,590821,14789,93480,14476,0.1369909963318389,0.49465231505211005
7826,0.8346,3,3,3,590824,14786,93483,14473,0.13696320723257624,0.4946512184285177
7827,0.8347,4,4,4,590828,14782,93487,14469,0.13692615510022602,0.49464975556391233
7828,0.8348,5,3,5,590831,14779,93492,14464,0.13689836600096336,0.49461409568101766
7829,0.8349,1,0,1,590831,14779,93493,14463,0.13689836600096336,0.4945968128035018
7830,0.835,170,234,170,591065,14545,93663,14293,0.1347308162584757,0.49563076496289615
7831,0.8351,1,0,1,591065,14545,93664,14292,0.1347308162584757,0.495613274612477
7832,0.8352,3,9,3,591074,14536,93667,14289,0.1346474489606877,0.49571552471812663
7833,0.8353,5,4,5,591078,14532,93672,14284,0.13461039682833748,0.4956968350916158
7834,0.8354,0,2,0,591080,14530,93672,14284,0.13459187076216236,0.495731241757479
7835,0.8355,4,5,4,591085,14525,93676,14280,0.1345455555967246,0.4957472660996355
7836,0.8356,1,2,1,591087,14523,93677,14279,0.13452702953054949,0.49576418304284425
7837,0.8357,3,11,3,591098,14512,93680,14276,0.13442513616658638,0.495901069890232
7838,0.8358,11,18,11,591116,14494,93691,14265,0.1342584015710104,0.496018637643868
7839,0.836,14,40,14,591156,14454,93705,14251,0.13388788024750825,0.49646403065668004
7840,0.8361,1,4,1,591160,14450,93706,14250,0.13385082811515803,0.4965156794425087
7841,0.8362,1,8,1,591168,14442,93707,14249,0.1337767238504576,0.49663657592973404
7842,0.8363,1,12,1,591180,14430,93708,14248,0.13366556745340694,0.4968268359020852
7843,0.8364,1,3,1,591183,14427,93709,14247,0.13363777835414428,0.49686126804770875
7844,0.8365,6,10,6,591193,14417,93715,14241,0.13354514802326875,0.496929304208249
7845,0.8367,76,122,76,591315,14295,93791,14165,0.13241505798658712,0.4977160927617709
7846,0.8368,2,5,2,591320,14290,93793,14163,0.13236874282114935,0.49776824939373704
7847,0.8369,3,3,3,591323,14287,93796,14160,0.1323409537218867,0.4977677786761346
7848,0.837,12,13,12,591336,14274,93808,14148,0.1322205342917485,0.49778340721975933
7849,0.8371,2,0,2,591336,14274,93810,14146,0.1322205342917485,0.49774806474313865
7850,0.8372,0,2,0,591338,14272,93810,14146,0.13220200822557338,0.49778309522133857
7851,0.8373,7,11,7,591349,14261,93817,14139,0.13210011486161027,0.49785211267605634
7852,0.8374,0,2,0,591351,14259,93817,14139,0.1320815887954352,0.4978871751531798
7853,0.8375,34,72,34,591423,14187,93851,14105,0.13141465041313127,0.4985508270889297
7854,0.8376,4,6,4,591429,14181,93855,14101,0.13135907221460594,0.4985856728661339
7855,0.8377,0,11,0,591440,14170,93855,14101,0.13125717885064286,0.4987796682112412
7856,0.8378,0,3,0,591443,14167,93855,14101,0.13122938975138018,0.4988326022357436
7857,0.8379,0,1,0,591444,14166,93855,14101,0.13122012671829264,0.4988502494074362
7858,0.838,14,30,14,591474,14136,93869,14087,0.13094223572566602,0.49913191368741805
7859,0.8381,1,1,1,591475,14135,93870,14086,0.13093297269257845,0.4991318521668261
7860,0.8382,1,12,1,591487,14123,93871,14085,0.1308218162955278,0.49932643221781053
7861,0.8383,40,47,40,591534,14076,93911,14045,0.13038645374041277,0.49944881049749296
7862,0.8385,4,5,4,591539,14071,93915,14041,0.13034013857497498,0.4994664200341491
7863,0.8386,4,10,4,591549,14061,93919,14037,0.13024750824409945,0.49957292333973946
7864,0.8387,1,7,1,591556,14054,93920,14036,0.13018266701248657,0.4996796012815949
7865,0.8388,2,8,2,591564,14046,93922,14034,0.13010856274778612,0.4997863247863248
7866,0.8389,2,2,2,591566,14044,93924,14032,0.13009003668161104,0.49978629434392363
7867,0.839,9,8,9,591574,14036,93933,14023,0.1300159324169106,0.4997683452724616
7868,0.8392,12,20,12,591594,14016,93945,14011,0.1298306717551595,0.49991080029971097
7869,0.8393,7,11,7,591605,14005,93952,14004,0.12972877839119643,0.49998214859509443
7870,0.8394,0,1,0,591606,14004,93952,14004,0.12971951535810886,0.5
7871,0.8395,5,1,5,591607,14003,93957,13999,0.1297102523250213,0.49992857653024786
7872,0.8396,1,0,1,591607,14003,93958,13998,0.1297102523250213,0.49991071747437593
7873,0.8397,3,11,3,591618,13992,93961,13995,0.1296083589610582,0.5000535963125737
7874,0.8398,2,4,2,591622,13988,93963,13993,0.129571306828708,0.5000893463421607
7875,0.8399,2,2,2,591624,13986,93965,13991,0.12955278076253288,0.500089359116417
7876,0.84,744,825,744,592449,13161,94709,13247,0.12191077846530068,0.5016282944562254
7877,0.8401,0,2,0,592451,13159,94709,13247,0.12189225239912557,0.5016662879648565
7878,0.8402,2,7,2,592458,13152,94711,13245,0.1218274111675127,0.5017615638140698
7879,0.8403,0,6,0,592464,13146,94711,13245,0.12177183296898736,0.5018756394225304
7880,0.8404,1,3,1,592467,13143,94712,13244,0.1217440438697247,0.5019138211998333
7881,0.8405,4,8,4,592475,13135,94716,13240,0.12166993960502427,0.5019905213270143
7882,0.8407,5,10,5,592485,13125,94721,13235,0.12157730927414873,0.5020864946889226
7883,0.8408,10,27,10,592512,13098,94731,13225,0.12132720738078476,0.5024123390191088
7884,0.8409,0,5,0,592517,13093,94731,13225,0.12128089221534699,0.502507789345695
7885,0.841,11,15,11,592532,13078,94742,13214,0.12114194671903368,0.5025863380495968
7886,0.8411,1,1,1,592533,13077,94743,13213,0.12113268368594612,0.502586534804108
7887,0.8412,2,5,2,592538,13072,94745,13211,0.12108636852050836,0.50264429479131
7888,0.8413,3,0,3,592538,13072,94748,13208,0.12108636852050836,0.5025875190258752
7889,0.8414,0,3,0,592541,13069,94748,13208,0.12105857942124569,0.5026448985805076
7890,0.8415,2,7,2,592548,13062,94750,13206,0.12099373818963281,0.5027409776153495
7891,0.8416,1,2,1,592550,13060,94751,13205,0.1209752121234577,0.5027603274319437
7892,0.8417,33,42,33,592592,13018,94784,13172,0.12058616473378043,0.5029400534555174
7893,0.8418,6,10,6,592602,13008,94790,13166,0.12049353440290489,0.5030182623977993
7894,0.8419,1,0,1,592602,13008,94791,13165,0.12049353440290489,0.5029992740610553
7895,0.842,11,9,11,592611,12999,94802,13154,0.1204101671051169,0.5029633311665965
7896,0.8421,1,10,1,592621,12989,94803,13153,0.12031753677424135,0.5031367148649682
7897,0.8422,0,1,0,592622,12988,94803,13153,0.1203082737411538,0.5031559618989327
7898,0.8423,3,11,3,592633,12977,94806,13150,0.12020638037719071,0.5033107513300418
7899,0.8424,3,0,3,592633,12977,94809,13147,0.12020638037719071,0.503253713060787
7900,0.8425,32,46,32,592679,12931,94841,13115,0.11978028085516322,0.5035322122398833
7901,0.8426,3,0,3,592679,12931,94844,13112,0.11978028085516322,0.5034750220788695
7902,0.8427,4,13,4,592692,12918,94848,13108,0.11965986142502501,0.5036501959578883
7903,0.8428,1,5,1,592697,12913,94849,13107,0.11961354625958724,0.5037279016141429
7904,0.8429,2,5,2,592702,12908,94851,13105,0.11956723109414946,0.5037865682543343
7905,0.843,6,15,6,592717,12893,94857,13099,0.11942828559783615,0.503962757771622
7906,0.8431,0,2,0,592719,12891,94857,13099,0.11940975953166105,0.5040015390534821
7907,0.8432,1,5,1,592724,12886,94858,13098,0.11936344436622327,0.5040794334975369
7908,0.8433,76,100,76,592824,12786,94934,13022,0.11843714105746786,0.50457222566646
7909,0.8434,0,1,0,592825,12785,94934,13022,0.1184278780243803,0.5045917774247297
7910,0.8435,10,5,10,592830,12780,94944,13012,0.11838156285894254,0.5044975186104218
7911,0.8436,1,2,1,592832,12778,94945,13011,0.11836303679276743,0.504517429911978
7912,0.8437,6,8,6,592840,12770,94951,13005,0.11828893252806699,0.5045586808923376
7913,0.8438,1,4,1,592844,12766,94952,13004,0.11825188039571677,0.5046177726038029
7914,0.8439,2,0,2,592844,12766,94954,13002,0.11825188039571677,0.5045793231915554
7915,0.844,16,18,16,592862,12748,94970,12986,0.1180851458001408,0.504624232532836
7916,0.8441,0,2,0,592864,12746,94970,12986,0.11806661973396569,0.5046634540649775
7917,0.8442,4,10,4,592874,12736,94974,12982,0.11797398940309015,0.5047826425071934
7918,0.8443,4,9,4,592883,12727,94978,12978,0.11789062210530216,0.5048823186150554
7919,0.8444,1,2,1,592885,12725,94979,12977,0.11787209603912706,0.5049023422301766
7920,0.8445,3,4,3,592889,12721,94982,12974,0.11783504390677683,0.5049231367970423
7921,0.8446,0,4,0,592893,12717,94982,12974,0.11779799177442662,0.5050017515861586
7922,0.8447,2,6,2,592899,12711,94984,12972,0.11774241357590129,0.5050811821048943
7923,0.8448,2,3,2,592902,12708,94986,12970,0.11771462447663864,0.5051016434301737
7924,0.8449,0,11,0,592913,12697,94986,12970,0.11761273111267553,0.5053181127517824
7925,0.845,179,190,179,593103,12507,95165,12791,0.11585275482604024,0.5056130919440271
7926,0.8451,1,3,1,593106,12504,95166,12790,0.11582496572677757,0.5056535146675101
7927,0.8452,1,2,1,593108,12502,95167,12789,0.11580643966060247,0.5056739551619153
7928,0.8453,3,5,3,593113,12497,95170,12786,0.11576012449516469,0.505715302772614
7929,0.8455,0,7,0,593120,12490,95170,12786,0.11569528326355182,0.5058553568602627
7930,0.8456,1,1,1,593121,12489,95171,12785,0.11568602023046426,0.505855820210493
7931,0.8457,4,11,4,593132,12478,95175,12781,0.11558412686650117,0.5059978621481452
7932,0.8458,10,23,10,593155,12455,95185,12771,0.11537107710548743,0.5062633790533576
7933,0.8459,1,2,1,593157,12453,95186,12770,0.11535255103931231,0.5062839471910557
7934,0.846,23,22,23,593179,12431,95209,12747,0.11514876431138613,0.5062753197235682
7935,0.8462,0,7,0,593186,12424,95209,12747,0.11508392307977323,0.5064161137817329
7936,0.8463,0,5,0,593191,12419,95209,12747,0.11503760791433547,0.5065167289199713
7937,0.8464,0,2,0,593193,12417,95209,12747,0.11501908184816036,0.5065569861707201
7938,0.8465,4,10,4,593203,12407,95213,12743,0.11492645151728482,0.5066799204771372
7939,0.8466,0,5,0,593208,12402,95213,12743,0.11488013635184705,0.5067806721018095
7940,0.8467,82,119,82,593327,12283,95295,12661,0.1137778354144281,0.5075769724182168
7941,0.8468,1,4,1,593331,12279,95296,12660,0.11374078328207789,0.5076386382773969
7942,0.8469,0,3,0,593334,12276,95296,12660,0.11371299418281522,0.5076997112608277
7943,0.847,4,3,4,593337,12273,95300,12656,0.11368520508355257,0.507681816358458
7944,0.8471,2,3,2,593340,12270,95302,12654,0.1136574159842899,0.5077034183919115
7945,0.8472,3,1,3,593341,12269,95305,12651,0.11364815295120234,0.5076645264847512
7946,0.8473,1,10,1,593351,12259,95306,12650,0.1135555226203268,0.5078485687903971
7947,0.8474,0,4,0,593355,12255,95306,12650,0.11351847048797659,0.5079301345111423
7948,0.8475,43,42,43,593397,12213,95349,12607,0.1131294230982993,0.5079371474617245
7949,0.8476,0,2,0,593399,12211,95349,12607,0.1131108970321242,0.5079780804254976
7950,0.8477,3,8,3,593407,12203,95352,12604,0.11303679276742376,0.5080823960978756
7951,0.8478,0,4,0,593411,12199,95352,12604,0.11299974063507355,0.5081643349594807
7952,0.8479,1,4,1,593415,12195,95353,12603,0.11296268850272333,0.5082264698766029
7953,0.848,9,20,9,593435,12175,95362,12594,0.11277742784097225,0.5084581533368323
7954,0.8481,0,1,0,593436,12174,95362,12594,0.1127681648078847,0.5084786821705426
7955,0.8482,3,5,3,593441,12169,95365,12591,0.11272184964244693,0.5085218093699515
7956,0.8483,38,47,38,593488,12122,95403,12553,0.11228648708733188,0.5087335359675785
7957,0.8484,1,3,1,593491,12119,95404,12552,0.11225869798806921,0.5087754853877021
7958,0.8485,6,10,6,593501,12109,95410,12546,0.11216606765719367,0.5088622997363618
7959,0.8486,1,1,1,593502,12108,95411,12545,0.11215680462410611,0.5088630186995498
7960,0.8487,4,12,4,593514,12096,95415,12541,0.11204564822705547,0.5090311320371799
7961,0.8488,4,3,4,593517,12093,95419,12537,0.1120178591277928,0.5090133982947624
7962,0.8489,0,2,0,593519,12091,95419,12537,0.11199933306161769,0.5090547344485951
7963,0.849,6,10,6,593529,12081,95425,12531,0.11190670273074216,0.5091418820087762
7964,0.8491,0,3,0,593532,12078,95425,12531,0.11187891363147949,0.5092039497744728
7965,0.8492,11,22,11,593554,12056,95436,12520,0.1116751269035533,0.5094401041666666
7966,0.8493,5,9,5,593563,12047,95441,12515,0.11159175960576531,0.5095269114892924
7967,0.8494,1,1,1,593564,12046,95442,12514,0.11158249657267776,0.509527687296417
7968,0.8495,1,4,1,593568,12042,95443,12513,0.11154544444032755,0.5095907147220525
7969,0.8497,5,8,5,593576,12034,95448,12508,0.11147134017562711,0.5096569146768805
7970,0.8498,2,6,2,593582,12028,95450,12506,0.11141576197710178,0.5097415831091546
7971,0.8499,1,3,1,593585,12025,95451,12505,0.11138797287783912,0.5097839380350591
7972,0.85,746,790,746,594375,11235,96197,11759,0.1040701767386713,0.5113942767678524
7973,0.8501,1,1,1,594376,11234,96198,11758,0.10406091370558376,0.5113952679192763
7974,0.8502,5,3,5,594379,11231,96203,11753,0.1040331246063211,0.5113557257222415
7975,0.8503,1,6,1,594385,11225,96204,11752,0.10397754640779577,0.5114679897288593
7976,0.8504,1,1,1,594386,11224,96205,11751,0.10396828337470822,0.5114689880304679
7977,0.8505,4,5,4,594391,11219,96209,11747,0.10392196820927044,0.5114952538535226
7978,0.8506,1,1,1,594392,11218,96210,11746,0.1039127051761829,0.5114962550078384
7979,0.8507,6,6,6,594398,11212,96216,11740,0.10385712697765756,0.5115022655977692
7980,0.8508,15,11,15,594409,11201,96231,11725,0.10375523361369447,0.5114280729302975
7981,0.8509,1,2,1,594411,11199,96232,11724,0.10373670754751936,0.5114513807093313
7982,0.851,5,11,5,594422,11188,96237,11719,0.10363481418355626,0.511590343563103
7983,0.8511,1,2,1,594424,11186,96238,11718,0.10361628811738116,0.5116136919315404
7984,0.8512,1,2,1,594426,11184,96239,11717,0.10359776205120605,0.511637046417187
7985,0.8513,2,9,2,594435,11175,96241,11715,0.10351439475341806,0.5117955439056356
7986,0.8514,1,0,1,594435,11175,96242,11714,0.10351439475341806,0.5117742146882782
7987,0.8515,2,8,2,594443,11167,96244,11712,0.10344029048871763,0.5119104855981468
7988,0.8516,1,2,1,594445,11165,96245,11711,0.10342176442254251,0.5119339045287638
7989,0.8517,42,44,42,594489,11121,96287,11669,0.10301419096669014,0.512022817025011
7990,0.8518,1,6,1,594495,11115,96288,11668,0.10295861276816481,0.5121362419347759
7991,0.8519,0,6,0,594501,11109,96288,11668,0.10290303456963948,0.5122711507222197
7992,0.852,3,11,3,594512,11098,96291,11665,0.10280114120567639,0.5124544216491675
7993,0.8521,0,4,0,594516,11094,96291,11665,0.10276408907332617,0.5125444878948987
7994,0.8522,3,5,3,594521,11089,96294,11662,0.1027177739078884,0.5125928530614039
7995,0.8523,1,6,1,594527,11083,96295,11661,0.10266219570936308,0.5127066479071404
7996,0.8524,1,2,1,594529,11081,96296,11660,0.10264366964318797,0.5127303108922211
7997,0.8525,40,54,40,594583,11027,96336,11620,0.10214346585646004,0.5130922417980306
7998,0.8526,0,1,0,594584,11026,96336,11620,0.10213420282337249,0.5131148988783891
7999,0.8527,6,6,6,594590,11020,96342,11614,0.10207862462484717,0.5131218520809402
8000,0.8528,0,7,0,594597,11013,96342,11614,0.10201378339323428,0.5132805939806426
8001,0.8529,1,1,1,594598,11012,96343,11613,0.10200452036014673,0.5132817679558012
8002,0.853,3,8,3,594606,11004,96346,11610,0.1019304160954463,0.5133987795171133
8003,0.8531,2,2,2,594608,11002,96348,11608,0.10191189002927119,0.5134011499336577
8004,0.8532,3,6,3,594614,10996,96351,11605,0.10185631183074587,0.5134728551833989
8005,0.8533,73,87,73,594701,10909,96424,11532,0.10105042795212865,0.5138808430996836
8006,0.8535,4,4,4,594705,10905,96428,11528,0.10101337581977843,0.5138857932510141
8007,0.8537,0,7,0,594712,10898,96428,11528,0.10094853458816555,0.5140461963792027
8008,0.8538,1,9,1,594721,10889,96429,11527,0.10086516729037756,0.5142309064953604
8009,0.8539,1,0,1,594721,10889,96430,11526,0.10086516729037756,0.5142092348873523
8010,0.854,13,23,13,594744,10866,96443,11513,0.10065211752936382,0.5144555163322758
8011,0.8541,0,1,0,594745,10865,96443,11513,0.10064285449627626,0.5144785056752167
8012,0.8542,15,20,15,594765,10845,96458,11498,0.10045759383452518,0.5146130779214967
8013,0.8543,7,14,7,594779,10831,96465,11491,0.10032791137129941,0.5147836215392886
8014,0.8544,1,6,1,594785,10825,96466,11490,0.10027233317277409,0.5149002912838898
8015,0.8545,2,5,2,594790,10820,96468,11488,0.10022601800733633,0.5149722072798996
8016,0.8546,0,2,0,594792,10818,96468,11488,0.10020749194116121,0.5150183807047432
8017,0.8547,4,5,4,594797,10813,96472,11484,0.10016117677572345,0.5150468672915639
8018,0.8548,1,4,1,594801,10809,96473,11483,0.10012412464337322,0.5151175309528082
8019,0.8549,0,3,0,594804,10806,96473,11483,0.10009633554411056,0.5151868634752569
8020,0.855,142,168,142,594972,10638,96615,11341,0.09854014598540146,0.5159925383320442
8021,0.8551,0,3,0,594975,10635,96615,11341,0.0985123568861388,0.516062977793957
8022,0.8552,2,4,2,594979,10631,96617,11339,0.09847530475378859,0.5161128812016386
8023,0.8553,6,5,6,594984,10626,96623,11333,0.09842898958835081,0.5160981829773669
8024,0.8554,0,1,0,594985,10625,96623,11333,0.09841972655526325,0.5161216868567264
8025,0.8555,6,8,6,594993,10617,96629,11327,0.09834562229056282,0.5161775428363106
8026,0.8556,1,2,1,594995,10615,96630,11326,0.09832709622438772,0.5162025431839934
8027,0.8557,7,11,7,595006,10604,96637,11319,0.09822520286042462,0.5163070747616658
8028,0.8558,21,17,21,595023,10587,96658,11298,0.0980677312979362,0.5162440027416039
8029,0.8559,0,2,0,595025,10585,96658,11298,0.09804920523176108,0.5162911849380798
8030,0.856,14,18,14,595043,10567,96672,11284,0.09788247063618512,0.5164065717816119
8031,0.8561,0,4,0,595047,10563,96672,11284,0.0978454185038349,0.5165011214354374
8032,0.8562,1,2,1,595049,10561,96673,11283,0.09782689243765978,0.516526277238601
8033,0.8563,1,8,1,595057,10553,96674,11282,0.09775278817295935,0.5166933821845661
8034,0.8564,1,1,1,595058,10552,96675,11281,0.0977435251398718,0.5166949113726927
8035,0.8565,4,3,4,595061,10549,96679,11277,0.09771573604060914,0.5166773572803078
8036,0.8566,2,2,2,595063,10547,96681,11275,0.09769720997443403,0.5166804142608377
8037,0.8567,68,90,68,595153,10457,96749,11207,0.09686353699655414,0.5173098227474151
8038,0.8568,5,8,5,595161,10449,96754,11202,0.09678943273185373,0.5173894970209229
8039,0.8569,0,5,0,595166,10444,96754,11202,0.09674311756641595,0.5175090085928116
8040,0.857,2,4,2,595170,10440,96756,11200,0.09670606543406574,0.5175600739371534
8041,0.8571,1,1,1,595171,10439,96757,11199,0.09669680240097818,0.5175616970145115
8042,0.8572,0,1,0,595172,10438,96757,11199,0.09668753936789062,0.5175856172297454
8043,0.8573,3,5,3,595177,10433,96760,11196,0.09664122420245286,0.5176383559110453
8044,0.8575,30,38,30,595215,10395,96790,11166,0.09628922894512579,0.5178795046611938
8045,0.8576,1,4,1,595219,10391,96791,11165,0.09625217681277558,0.5179532380775654
8046,0.8577,9,6,9,595225,10385,96800,11156,0.09619659861425026,0.5178961051018987
8047,0.8578,1,6,1,595231,10379,96801,11155,0.09614102041572492,0.5180180180180181
8048,0.8579,0,3,0,595234,10376,96801,11155,0.09611323131646227,0.5180901955320236
8049,0.858,9,19,9,595253,10357,96810,11146,0.09593723368779873,0.5183462772636376
8050,0.8581,0,5,0,595258,10352,96810,11146,0.09589091852236097,0.5184668341241045
8051,0.8582,1,5,1,595263,10347,96811,11145,0.09584460335692319,0.5185650474595198
8052,0.8583,30,31,30,595294,10316,96841,11115,0.09555744933120901,0.5186412206616583
8053,0.8585,5,10,5,595304,10306,96846,11110,0.09546481900033348,0.518771012327232
8054,0.8586,5,2,5,595306,10304,96851,11105,0.09544629293415836,0.5187070858050352
8055,0.8587,1,6,1,595312,10298,96852,11104,0.09539071473563304,0.5188300158863658
8056,0.8588,3,3,3,595315,10295,96855,11101,0.09536292563637037,0.5188352963170686
8057,0.8589,0,5,0,595320,10290,96855,11101,0.09531661047093261,0.5189565705203123
8058,0.859,2,10,2,595330,10280,96857,11099,0.09522398014005706,0.5191543103045044
8059,0.8591,1,5,1,595335,10275,96858,11098,0.09517766497461928,0.5192532634632481
8060,0.8592,5,18,5,595353,10257,96863,11093,0.09501093037904332,0.5195784543325527
8061,0.8593,5,15,5,595368,10242,96868,11088,0.09487198488273,0.5198312236286919
8062,0.8594,4,1,4,595369,10241,96872,11084,0.09486272184964245,0.5197655334114889
8063,0.8595,2,5,2,595374,10236,96874,11082,0.09481640668420467,0.5198423867154517
8064,0.8596,0,5,0,595379,10231,96874,11082,0.0947700915187669,0.5199643410125275
8065,0.8597,1,5,1,595384,10226,96875,11081,0.09472377635332914,0.520063828788661
8066,0.8598,1,4,1,595388,10222,96876,11080,0.09468672422097892,0.5201389540888179
8067,0.8599,1,0,1,595388,10222,96877,11079,0.09468672422097892,0.5201164264588517
8068,0.86,663,691,663,596079,9531,97540,10416,0.08828596835747897,0.5221837870356445
8069,0.8601,1,0,1,596079,9531,97541,10415,0.08828596835747897,0.522159831545172
8070,0.8602,3,2,3,596081,9529,97544,10412,0.08826744229130387,0.522140313926082
8071,0.8603,2,2,2,596083,9527,97546,10410,0.08824891622512876,0.5221447559813412
8072,0.8605,3,6,3,596089,9521,97549,10407,0.08819333802660344,0.5222300281011641
8073,0.8606,0,2,0,596091,9519,97549,10407,0.08817481196042833,0.5222824450466726
8074,0.8607,5,10,5,596101,9509,97554,10402,0.08808218162955278,0.5224247903169102
8075,0.8608,13,21,13,596122,9488,97567,10389,0.08788765793471415,0.5226643859737385
8076,0.8609,1,0,1,596122,9488,97568,10388,0.08788765793471415,0.5226403702958342
8077,0.861,8,7,8,596129,9481,97576,10380,0.08782281670310127,0.5226322944464025
8078,0.8611,4,2,4,596131,9479,97580,10376,0.08780429063692616,0.5225887685721481
8079,0.8612,2,6,2,596137,9473,97582,10374,0.08774871243840084,0.5226986446314305
8080,0.8613,6,7,6,596144,9466,97588,10368,0.08768387120678794,0.5227387314712111
8081,0.8614,2,7,2,596151,9459,97590,10366,0.08761902997517507,0.522875157629256
8082,0.8615,3,3,3,596154,9456,97593,10363,0.08759124087591241,0.5228820828497907
8083,0.8616,0,2,0,596156,9454,97593,10363,0.0875727148097373,0.5229348539133067
8084,0.8617,33,40,33,596196,9414,97626,10330,0.08720219348623513,0.5231969205834684
8085,0.8618,2,4,2,596200,9410,97628,10328,0.08716514135388492,0.5232546357280373
8086,0.8619,0,3,0,596203,9407,97628,10328,0.08713735225462226,0.5233341778566
8087,0.862,11,5,11,596208,9402,97639,10317,0.08709103708918449,0.5232009736802069
8088,0.8621,1,2,1,596210,9400,97640,10316,0.08707251102300938,0.523229864069791
8089,0.8622,2,4,2,596214,9396,97642,10314,0.08703545889065915,0.5232876712328767
8090,0.8623,3,11,3,596225,9385,97645,10311,0.08693356552669607,0.5235073111291633
8091,0.8624,0,2,0,596227,9383,97645,10311,0.08691503946052095,0.5235604752716564
8092,0.8625,42,42,42,596269,9341,97687,10269,0.08652599207084367,0.5236613972463029
8093,0.8626,0,1,0,596270,9340,97687,10269,0.08651672903775612,0.5236881024019583
8094,0.8627,5,7,5,596277,9333,97692,10264,0.08645188780614324,0.5237536357605757
8095,0.8628,0,4,0,596281,9329,97692,10264,0.08641483567379303,0.5238605624457714
8096,0.8629,1,5,1,596286,9324,97693,10263,0.08636852050835525,0.5239699800888344
8097,0.863,8,9,8,596295,9315,97701,10255,0.08628515321056726,0.5240163515585079
8098,0.8631,0,1,0,596296,9314,97701,10255,0.08627589017747972,0.5240431294394194
8099,0.8632,4,1,4,596297,9313,97705,10251,0.08626662714439216,0.523972602739726
8100,0.8633,78,83,78,596380,9230,97783,10173,0.08549779539812516,0.5243003659227955
8101,0.8634,0,1,0,596381,9229,97783,10173,0.0854885323650376,0.5243273889289763
8102,0.8635,6,9,6,596390,9220,97789,10167,0.08540516506724961,0.5244235828132253
8103,0.8636,1,2,1,596392,9218,97790,10166,0.08538663900107452,0.524453157243087
8104,0.8637,2,5,2,596397,9213,97792,10164,0.08534032383563674,0.52453940238427
8105,0.8638,7,5,7,596402,9208,97799,10157,0.08529400867019897,0.5245029692744643
8106,0.8639,1,0,1,596402,9208,97800,10156,0.08529400867019897,0.5244784135509193
8107,0.864,20,19,20,596421,9189,97820,10136,0.08511801104153544,0.5245019404915912
8108,0.8641,0,1,0,596422,9188,97820,10136,0.08510874800844788,0.5245290830055889
8109,0.8642,12,12,12,596434,9176,97832,10124,0.08499759161139724,0.524559585492228
8110,0.8643,5,6,5,596440,9170,97837,10119,0.08494201341287191,0.5245995126756182
8111,0.8644,0,2,0,596442,9168,97837,10119,0.0849234873466968,0.5246539119614247
8112,0.8645,0,1,0,596443,9167,97837,10119,0.08491422431360925,0.524681115835321
8113,0.8646,0,6,0,596449,9161,97837,10119,0.08485864611508392,0.524844398340249
8114,0.8647,7,8,7,596457,9153,97844,10112,0.08478454185038349,0.5248896963405139
8115,0.8648,3,7,3,596464,9146,97847,10109,0.08471970061877061,0.5250064918203065
8116,0.8649,0,2,0,596466,9144,97847,10109,0.0847011745525955,0.5250610294499558
8117,0.865,128,145,128,596611,8999,97975,9981,0.08335803475490014,0.5258693361433088
8118,0.8651,0,1,0,596612,8998,97975,9981,0.08334877172181258,0.5258970441013752
8119,0.8652,2,2,2,596614,8996,97977,9979,0.08333024565563749,0.5259025032938076
8120,0.8653,2,4,2,596618,8992,97979,9977,0.08329319352328726,0.5259634139912489
8121,0.8654,0,3,0,596621,8989,97979,9977,0.08326540442402461,0.5260466097226616
8122,0.8655,1,4,1,596625,8985,97980,9976,0.08322835229167438,0.5261325879436739
8123,0.8656,1,3,1,596628,8982,97981,9975,0.08320056319241172,0.5261908529830669
8124,0.8657,3,8,3,596636,8974,97984,9972,0.08312645892771128,0.5263380133009606
8125,0.8658,11,11,11,596647,8963,97995,9961,0.0830245655637482,0.5263686324244345
8126,0.8659,1,2,1,596649,8961,97996,9960,0.08300603949757308,0.5263992389408594
8127,0.866,12,23,12,596672,8938,98008,9948,0.08279298973655934,0.5267393836704437
8128,0.8661,2,3,2,596675,8935,98010,9946,0.08276520063729667,0.5267729463481807
8129,0.8662,2,6,2,596681,8929,98012,9944,0.08270962243877135,0.5268902665183066
8130,0.8663,1,3,1,596684,8926,98013,9943,0.0826818333395087,0.5269489639090572
8131,0.8665,2,6,2,596690,8920,98015,9941,0.08262625514098336,0.5270664333810509
8132,0.8666,0,5,0,596695,8915,98015,9941,0.0825799399755456,0.527206194314807
8133,0.8667,74,96,74,596791,8819,98089,9867,0.08169068879914039,0.5280423846730172
8134,0.8668,3,4,3,596795,8815,98092,9864,0.08165363666679018,0.5280796616521227
8135,0.8669,1,0,1,596795,8815,98093,9863,0.08165363666679018,0.5280543955455617
8136,0.867,6,5,6,596800,8810,98099,9857,0.0816073215013524,0.5280441420688916
8137,0.8671,4,3,4,596803,8807,98103,9853,0.08157953240208975,0.5280278670953912
8138,0.8672,3,3,3,596806,8804,98106,9850,0.08155174330282708,0.528036882170044
8139,0.8673,1,8,1,596814,8796,98107,9849,0.08147763903812665,0.5282381335478681
8140,0.8674,1,1,1,596815,8795,98108,9848,0.08146837600503909,0.5282411629029663
8141,0.8675,30,39,30,596854,8756,98138,9818,0.08110711771462448,0.5285883493054808
8142,0.8677,5,5,5,596859,8751,98143,9813,0.08106080254918671,0.5286037491919845
8143,0.8678,2,2,2,596861,8749,98145,9811,0.0810422764830116,0.5286099137931034
8144,0.8679,1,4,1,596865,8745,98146,9810,0.08100522435066138,0.5286984640258691
8145,0.868,9,12,9,596877,8733,98155,9801,0.08089406795361073,0.5288119132405309
8146,0.8681,1,2,1,596879,8731,98156,9800,0.08087554188743562,0.5288435594409369
8147,0.8682,2,2,2,596881,8729,98158,9798,0.08085701582126051,0.5288497867976467
8148,0.8683,24,39,24,596920,8690,98182,9774,0.0804957575308459,0.5293544194107452
8149,0.8684,0,2,0,596922,8688,98182,9774,0.0804772314646708,0.5294117647058824
8150,0.8685,3,2,3,596924,8686,98185,9771,0.08045870539849569,0.529392642357913
8151,0.8686,1,3,1,596927,8683,98186,9770,0.08043091629923302,0.5294532054408497
8152,0.8687,5,6,5,596933,8677,98191,9765,0.0803753381007077,0.5294978852619022
8153,0.8688,4,5,4,596938,8672,98195,9761,0.08032902293526993,0.5295394130092769
8154,0.8689,0,1,0,596939,8671,98195,9761,0.08031975990218237,0.5295681423611112
8155,0.869,9,7,9,596946,8664,98204,9752,0.0802549186705695,0.5295395308427454
8156,0.8692,7,18,7,596964,8646,98211,9745,0.08008818407499352,0.529878745038334
8157,0.8693,5,11,5,596975,8635,98216,9740,0.07998629071103042,0.5300680272108843
8158,0.8694,1,5,1,596980,8630,98217,9739,0.07993997554559265,0.5301867276389569
8159,0.8695,5,2,5,596982,8628,98222,9734,0.07992144947941754,0.5301165450386668
8160,0.8696,0,5,0,596987,8623,98222,9734,0.07987513431397977,0.5302609358827696
8161,0.8697,0,4,0,596991,8619,98222,9734,0.07983808218162955,0.530376505203509
8162,0.8698,0,3,0,596994,8616,98222,9734,0.0798102930823669,0.5304632152588555
8163,0.87,659,619,659,597613,7997,98881,9075,0.07407647560117085,0.5315721649484536
8164,0.8702,2,6,2,597619,7991,98883,9073,0.07402089740264552,0.5317041725269573
8165,0.8703,2,5,2,597624,7986,98885,9071,0.07397458223720775,0.5318051239960133
8166,0.8704,0,3,0,597627,7983,98885,9071,0.07394679313794508,0.5318986747977014
8167,0.8705,6,4,6,597631,7979,98891,9065,0.07390974100559487,0.5318587186106548
8168,0.8706,1,1,1,597632,7978,98892,9064,0.07390047797250732,0.5318624574580448
8169,0.8707,1,2,1,597634,7976,98893,9063,0.0738819519063322,0.5318974118199424
8170,0.8708,5,20,5,597654,7956,98898,9058,0.07369669124458113,0.5323850946279535
8171,0.871,4,8,4,597662,7948,98902,9054,0.0736225869798807,0.5325255852252676
8172,0.8711,2,1,2,597663,7947,98904,9052,0.07361332394679314,0.5325019118771692
8173,0.8712,4,3,4,597666,7944,98908,9048,0.07358553484753047,0.5324858757062146
8174,0.8713,2,6,2,597672,7938,98910,9046,0.07352995664900515,0.5326189354686764
8175,0.8714,1,0,1,597672,7938,98911,9045,0.07352995664900515,0.5325914149443561
8176,0.8715,3,2,3,597674,7936,98914,9042,0.07351143058283004,0.5325715631994346
8177,0.8717,21,41,21,597715,7895,98935,9021,0.07313164622624033,0.5332820997871838
8178,0.8718,1,2,1,597717,7893,98936,9020,0.07311312016006521,0.5333175663690652
8179,0.8719,1,1,1,597718,7892,98937,9019,0.07310385712697766,0.5333215067116078
8180,0.872,5,11,5,597729,7881,98942,9014,0.07300196376301456,0.533530630364013
8181,0.8721,0,2,0,597731,7879,98942,9014,0.07298343769683946,0.5335937962469662
8182,0.8722,4,3,4,597734,7876,98946,9010,0.07295564859757679,0.5335781120454814
8183,0.8723,2,1,2,597735,7875,98948,9008,0.07294638556448924,0.5335544630693597
8184,0.8724,0,3,0,597738,7872,98948,9008,0.07291859646522657,0.533649289099526
8185,0.8725,31,35,31,597773,7837,98979,8977,0.07259439030716218,0.5339003211609373
8186,0.8726,1,1,1,597774,7836,98980,8976,0.07258512727407462,0.5339043540328337
8187,0.8727,8,8,8,597782,7828,98988,8968,0.07251102300937419,0.5339366515837104
8188,0.8728,4,1,4,597783,7827,98992,8964,0.07250175997628663,0.5338574236197963
8189,0.8729,2,3,2,597786,7824,98994,8962,0.07247397087702397,0.5338972953651853
8190,0.873,3,6,3,597792,7818,98997,8959,0.07241839267849864,0.534004887643798
8191,0.8732,1,12,1,597804,7806,98998,8958,0.072307236281448,0.5343593414459556
8192,0.8733,55,76,55,597880,7730,99053,8903,0.07160324576679387,0.5352612276799135
8193,0.8734,0,3,0,597883,7727,99053,8903,0.07157545666753122,0.5353577871316897
8194,0.8735,3,0,3,597883,7727,99056,8900,0.07157545666753122,0.5352739520057738
8195,0.8736,0,1,0,597884,7726,99056,8900,0.07156619363444366,0.5353061469986767
8196,0.8737,8,9,8,597893,7717,99064,8892,0.07148282633665567,0.5353723884640857
8197,0.8738,1,6,1,597899,7711,99065,8891,0.07142724813813035,0.5355378870015661
8198,0.874,12,21,12,597920,7690,99077,8879,0.0712327244432917,0.5358802583137184
8199,0.8741,0,2,0,597922,7688,99077,8879,0.07121419837711661,0.5359449508058188
8200,0.8742,9,9,9,597931,7679,99086,8870,0.07113083107932862,0.5359840473744637
8201,0.8743,5,7,5,597938,7672,99091,8865,0.07106598984771574,0.5360706294974905
8202,0.8744,1,0,1,597938,7672,99092,8864,0.07106598984771574,0.5360425737784228
8203,0.8745,2,6,2,597944,7666,99094,8862,0.0710104116491904,0.5361810261374637
8204,0.8746,3,1,3,597945,7665,99097,8859,0.07100114861610286,0.5361292665214233
8205,0.8747,0,5,0,597950,7660,99097,8859,0.07095483345066508,0.5362915430716145
8206,0.8748,1,3,1,597953,7657,99098,8858,0.07092704435140243,0.5363608840448078
8207,0.8749,0,6,0,597959,7651,99098,8858,0.0708714661528771,0.5365558180386456
8208,0.875,160,173,160,598132,7478,99258,8698,0.06926896142873022,0.5377101879327398
8209,0.8751,3,3,3,598135,7475,99261,8695,0.06924117232946755,0.5377241805813234
8210,0.8752,1,7,1,598142,7468,99262,8694,0.06917633109785468,0.5379284741987378
8211,0.8753,0,1,0,598143,7467,99262,8694,0.06916706806476712,0.537961759792092
8212,0.8754,1,0,1,598143,7467,99263,8693,0.06916706806476712,0.5379331683168317
8213,0.8755,2,0,2,598143,7467,99265,8691,0.06916706806476712,0.5378759747493501
8214,0.8756,1,4,1,598147,7463,99266,8690,0.06913001593241691,0.5379805608865226
8215,0.8757,1,3,1,598150,7460,99267,8689,0.06910222683315424,0.5380518917580036
8216,0.8758,12,7,12,598157,7453,99279,8677,0.06903738560154137,0.5379417234965902
8217,0.876,18,29,18,598186,7424,99297,8659,0.0687687576420023,0.5383945781259715
8218,0.8761,0,3,0,598189,7421,99297,8659,0.06874096854273963,0.5384950248756218
8219,0.8762,1,3,1,598192,7418,99298,8658,0.06871317944347698,0.5385668076635979
8220,0.8763,3,9,3,598201,7409,99301,8655,0.06862981214568899,0.5387823705179283
8221,0.8765,0,2,0,598203,7407,99301,8655,0.06861128607951388,0.538849458348898
8222,0.8766,0,3,0,598206,7404,99301,8655,0.06858349698025121,0.5389501214272371
8223,0.8767,54,74,54,598280,7330,99355,8601,0.0678980325317722,0.5398907789843701
8224,0.8768,1,5,1,598285,7325,99356,8600,0.06785171736633443,0.5400313971742543
8225,0.8769,1,2,1,598287,7323,99357,8599,0.06783319130015933,0.5400703429217435
8226,0.877,6,8,6,598295,7315,99363,8593,0.0677590870354589,0.5401684686949962
8227,0.8771,6,4,6,598299,7311,99369,8587,0.06772203490310867,0.5401308340671782
8228,0.8772,2,6,2,598305,7305,99371,8585,0.06766645670458335,0.5402769037130271
8229,0.8773,3,3,3,598308,7302,99374,8582,0.06763866760532068,0.5402921178544448
8230,0.8774,1,0,1,598308,7302,99375,8581,0.06763866760532068,0.5402631744632627
8231,0.8775,32,36,32,598344,7266,99407,8549,0.06730519841416874,0.5405627568763832
8232,0.8777,7,10,7,598354,7256,99414,8542,0.06721256808329319,0.5407013546018483
8233,0.8778,1,2,1,598356,7254,99415,8541,0.06719404201711808,0.5407407407407407
8234,0.8779,1,5,1,598361,7249,99416,8540,0.06714772685168031,0.5408828931534613
8235,0.878,8,12,8,598373,7237,99424,8532,0.06703657045462966,0.5410615765108757
8236,0.8781,0,2,0,598375,7235,99424,8532,0.06701804438845456,0.5411302086636646
8237,0.8782,5,1,5,598376,7234,99429,8527,0.067008781355367,0.5410189708774824
8238,0.8783,25,22,25,598398,7212,99454,8502,0.06680499462744081,0.5410462008400153
8239,0.8784,1,4,1,598402,7208,99455,8501,0.06676794249509059,0.5411547520529633
8240,0.8785,0,8,0,598410,7200,99455,8501,0.06669383823039016,0.5414304821348959
8241,0.8786,5,4,5,598414,7196,99460,8496,0.06665678609803995,0.5414223808309967
8242,0.8787,1,3,1,598417,7193,99461,8495,0.06662899699877728,0.5414966853646099
8243,0.8788,2,5,2,598422,7188,99463,8493,0.06658268183333951,0.5416108666539123
8244,0.8789,1,1,1,598423,7187,99464,8492,0.06657341880025196,0.5416161745009248
8245,0.879,4,9,4,598432,7178,99468,8488,0.06649005150246397,0.5418102897995659
8246,0.8792,3,9,3,598441,7169,99471,8485,0.06640668420467598,0.5420339849239811
8247,0.8793,8,7,8,598448,7162,99479,8477,0.0663418429730631,0.5420423300722552
8248,0.8794,1,4,1,598452,7158,99480,8476,0.06630479084071288,0.5421517206089292
8249,0.8795,2,4,2,598456,7154,99482,8474,0.06626773870836267,0.5422318914768365
8250,0.8796,2,1,2,598457,7153,99484,8472,0.06625847567527511,0.542208
8251,0.8797,2,6,2,598463,7147,99486,8470,0.06620289747674979,0.5423576871358136
8252,0.8798,1,5,1,598468,7142,99487,8469,0.06615658231131201,0.5425020818653513
8253,0.8799,1,0,1,598468,7142,99488,8468,0.06615658231131201,0.5424727738629084
8254,0.88,622,549,622,599017,6593,100110,7846,0.061071177146244764,0.5433894314010665
8255,0.8801,0,1,0,599018,6592,100110,7846,0.061061914113157215,0.5434270674608671
8256,0.8802,2,4,2,599022,6588,100112,7844,0.061024861980807,0.5435144124168514
8257,0.8803,3,5,3,599027,6583,100115,7841,0.060978546815369225,0.5436078757626178
8258,0.8804,1,2,1,599029,6581,100116,7840,0.06096002074919411,0.5436516191664933
8259,0.8805,1,1,1,599030,6580,100117,7839,0.060950757716106564,0.5436576739024898
8260,0.8806,3,2,3,599032,6578,100120,7836,0.06093223164993145,0.5436381295962259
8261,0.8807,1,6,1,599038,6572,100121,7835,0.06087665345140613,0.543832859026862
8262,0.8808,9,7,9,599045,6565,100130,7826,0.060811812219793246,0.5438121047877146
8263,0.8809,0,1,0,599046,6564,100130,7826,0.0608025491867057,0.5438498957609451
8264,0.881,5,6,5,599052,6558,100135,7821,0.06074697098818037,0.543918214062174
8265,0.8811,1,2,1,599054,6556,100136,7820,0.06072844492200526,0.5439621591541458
8266,0.8812,0,2,0,599056,6554,100136,7820,0.06070991885583015,0.5440378461110338
8267,0.8813,1,1,1,599057,6553,100137,7819,0.060700655822742595,0.5440439743946562
8268,0.8814,0,2,0,599059,6551,100137,7819,0.06068212975656749,0.5441196938065415
8269,0.8815,5,2,5,599061,6549,100142,7814,0.06066360369039238,0.5440367611223282
8270,0.8816,1,0,1,599061,6549,100143,7813,0.06066360369039238,0.5440050132293552
8271,0.8817,20,34,20,599095,6515,100163,7793,0.06034866056541554,0.5446603298853788
8272,0.8818,3,6,3,599101,6509,100166,7790,0.06029308236689022,0.5447933421917617
8273,0.882,5,13,5,599114,6496,100171,7785,0.06017266293675201,0.5451298928646453
8274,0.8821,1,3,1,599117,6493,100172,7784,0.06014487383748935,0.5452125796736009
8275,0.8822,1,2,1,599119,6491,100173,7783,0.06012634777131424,0.5452571108308814
8276,0.8823,0,6,0,599125,6485,100173,7783,0.06007076957278892,0.5454864031398935
8277,0.8824,1,3,1,599128,6482,100174,7782,0.06004298047352625,0.5455692652832305
8278,0.8825,20,27,20,599155,6455,100194,7762,0.05979287858016229,0.5459660969262151
8279,0.8826,2,0,2,599155,6455,100196,7760,0.05979287858016229,0.5459022159690468
8280,0.8827,3,10,3,599165,6445,100199,7757,0.05970024824928675,0.5461906773693846
8281,0.8828,3,6,3,599171,6439,100202,7754,0.05964467005076142,0.5463256534911576
8282,0.8829,0,1,0,599172,6438,100202,7754,0.059635407017673864,0.5463641488162345
8283,0.883,4,4,4,599176,6434,100206,7750,0.05959835488532365,0.54639029892837
8284,0.8832,2,4,2,599180,6430,100208,7748,0.05956130275297344,0.5464804626886726
8285,0.8833,70,57,70,599237,6373,100278,7678,0.059033309866982846,0.5464379759447726
8286,0.8835,4,2,4,599239,6371,100282,7674,0.059014783800807734,0.5463866144535422
8287,0.8836,1,3,1,599242,6368,100283,7673,0.05898699470154507,0.546471049070579
8288,0.8837,1,0,1,599242,6368,100284,7672,0.05898699470154507,0.5464387464387465
8289,0.8838,1,3,1,599245,6365,100285,7671,0.05895920560228241,0.5465232259903107
8290,0.8839,0,2,0,599247,6363,100285,7671,0.0589406795361073,0.5466011115861479
8291,0.884,7,12,7,599259,6351,100292,7664,0.05882952313905665,0.5468426685693899
8292,0.8842,6,16,6,599275,6335,100298,7658,0.05868131460965578,0.5472736368184092
8293,0.8843,0,6,0,599281,6329,100298,7658,0.05862573641113046,0.5475084006577536
8294,0.8844,0,1,0,599282,6328,100298,7658,0.058616473378042905,0.5475475475475475
8295,0.8845,3,0,3,599282,6328,100301,7655,0.058616473378042905,0.5474504755774869
8296,0.8846,0,4,0,599286,6324,100301,7655,0.05857942124569269,0.5476071249731741
8297,0.8847,1,2,1,599288,6322,100302,7654,0.05856089517951758,0.5476531196336577
8298,0.8848,0,2,0,599290,6320,100302,7654,0.05854236911334247,0.547731501359668
8299,0.8849,0,2,0,599292,6318,100302,7654,0.058523843047167366,0.5478099055253364
8300,0.885,133,127,133,599419,6191,100435,7521,0.057347437845047984,0.5484976662777129
8301,0.8851,2,1,2,599420,6190,100437,7519,0.05733817481196043,0.5484718068422204
8302,0.8852,1,5,1,599425,6185,100438,7518,0.057291859646522655,0.5486389841640517
8303,0.8853,3,2,3,599427,6183,100441,7515,0.05727333358034755,0.5486202365308804
8304,0.8855,2,4,2,599431,6179,100443,7513,0.057236281447997334,0.5487145778556821
8305,0.8856,0,2,0,599433,6177,100443,7513,0.05721775538182222,0.5487947406866326
8306,0.8857,10,6,10,599439,6171,100453,7503,0.0571621771832969,0.54870557261957
8307,0.8858,4,22,4,599461,6149,100457,7499,0.056958390455370704,0.549457796014068
8308,0.8859,0,1,0,599462,6148,100457,7499,0.056949127422283155,0.5494980581812853
8309,0.886,10,12,10,599474,6136,100467,7489,0.056837971025232505,0.5496513761467889
8310,0.8862,2,7,2,599481,6129,100469,7487,0.05677312979361962,0.5498678025851939
8311,0.8863,0,3,0,599484,6126,100469,7487,0.05674534069435696,0.5499889811209873
8312,0.8864,0,1,0,599485,6125,100469,7487,0.0567360776612694,0.550029385836027
8313,0.8865,2,1,2,599486,6124,100471,7485,0.056726814628181854,0.5500036740392388
8314,0.8866,1,0,1,599486,6124,100472,7484,0.056726814628181854,0.5499706055261611
8315,0.8867,75,67,75,599553,6057,100547,7409,0.056106191411315724,0.5502005049754939
8316,0.8868,1,5,1,599558,6052,100548,7408,0.05605987624587795,0.5503714710252601
8317,0.8869,1,1,1,599559,6051,100549,7407,0.056050613212790396,0.5503789567543469
8318,0.887,2,2,2,599561,6049,100551,7405,0.05603208714661529,0.5503939348892523
8319,0.8871,1,6,1,599567,6043,100552,7404,0.05597650894808996,0.5506060831412211
8320,0.8873,1,5,1,599572,6038,100553,7403,0.05593019378265219,0.550777471914292
8321,0.8875,21,20,21,599592,6018,100574,7382,0.055744933120901105,0.5508955223880597
8322,0.8876,0,2,0,599594,6016,100574,7382,0.055726407054726,0.5509777578743096
8323,0.8877,1,5,1,599599,6011,100575,7381,0.05568009188928823,0.5511499402628435
8324,0.8878,1,1,1,599600,6010,100576,7380,0.05567082885620067,0.5511575802837939
8325,0.8879,0,2,0,599602,6008,100576,7380,0.055652302790025567,0.5512399163429937
8326,0.888,7,11,7,599613,5997,100583,7373,0.05555040942606247,0.5514584891548242
8327,0.8882,3,5,3,599618,5992,100586,7370,0.0555040942606247,0.5515641371052238
8328,0.8883,19,32,19,599650,5960,100605,7351,0.055207677201822965,0.552250018781459
8329,0.8884,0,1,0,599651,5959,100605,7351,0.05519841416873541,0.5522915101427498
8330,0.8885,2,6,2,599657,5953,100607,7349,0.05514283597021009,0.5524733122838671
8331,0.8886,0,3,0,599660,5950,100607,7349,0.055115046870947426,0.5525979396947139
8332,0.8887,1,5,1,599665,5945,100608,7348,0.05506873170550965,0.5527721357105243
8333,0.8888,0,5,0,599670,5940,100608,7348,0.05502241654007188,0.5529801324503312
8334,0.889,6,12,6,599682,5928,100614,7342,0.05491126014302123,0.5532780708364733
8335,0.8891,2,2,2,599684,5926,100616,7340,0.054892734076846125,0.5532941353836877
8336,0.8892,9,8,9,599692,5918,100625,7331,0.05481862981214569,0.553324779228621
8337,0.8893,4,2,4,599694,5916,100629,7327,0.05480010374597058,0.5532734274711169
8338,0.8894,1,0,1,599694,5916,100630,7326,0.05480010374597058,0.5532396918894427
8339,0.8895,2,7,2,599701,5909,100632,7324,0.0547352625143577,0.5534648227915061
8340,0.8896,1,0,1,599701,5909,100633,7323,0.0547352625143577,0.5534310761789601
8341,0.8897,3,3,3,599704,5906,100636,7320,0.05470747341509504,0.5534553152880689
8342,0.8898,0,1,0,599705,5905,100636,7320,0.054698210382007485,0.5534971644612476
8343,0.89,614,522,614,600227,5383,101250,6706,0.0498629071103042,0.5547191661841343
8344,0.8901,1,0,1,600227,5383,101251,6705,0.0498629071103042,0.5546823295830576
8345,0.8902,0,4,0,600231,5379,101251,6705,0.049825854977953984,0.5548659384309831
8346,0.8903,1,3,1,600234,5376,101252,6704,0.04979806587869132,0.5549668874172186
8347,0.8904,2,1,2,600235,5375,101254,6702,0.04978880284560377,0.5549391405150286
8348,0.8905,4,3,4,600238,5372,101258,6698,0.0497610137463411,0.5549295774647888
8349,0.8906,3,4,3,600242,5368,101261,6695,0.04972396161399088,0.5550029014341374
8350,0.8907,4,6,4,600248,5362,101265,6691,0.04966838341546556,0.5551315025304904
8351,0.8908,4,10,4,600258,5352,101269,6687,0.049575753084590016,0.5554448043857463
8352,0.8909,2,5,2,600263,5347,101271,6685,0.04952943791915225,0.5556017287234043
8353,0.891,2,5,2,600268,5342,101273,6683,0.04948312275371448,0.5557588357588358
8354,0.8912,2,4,2,600272,5338,101275,6681,0.04944607062136426,0.5558698727015559
8355,0.8913,3,3,3,600275,5335,101278,6678,0.0494182815221016,0.5558977774078082
8356,0.8914,1,2,1,600277,5333,101279,6677,0.04939975545592649,0.5559533721898418
8357,0.8916,0,1,0,600278,5332,101279,6677,0.04939049242283893,0.5559996669164793
8358,0.8917,18,24,18,600302,5308,101297,6659,0.04916817962873763,0.5564468956296482
8359,0.8918,1,1,1,600303,5307,101298,6658,0.04915891659565008,0.5564563309653155
8360,0.8919,4,5,4,600308,5302,101302,6654,0.04911260143021231,0.5565406490465038
8361,0.892,6,10,6,600318,5292,101308,6648,0.049019971099336763,0.5567839195979899
8362,0.8921,0,1,0,600319,5291,101308,6648,0.049010708066249214,0.5568305553228914
8363,0.8922,0,1,0,600320,5290,101308,6648,0.04900144503316166,0.5568771988607807
8364,0.8923,3,2,3,600322,5288,101311,6645,0.04898291896698655,0.5568591301433001
8365,0.8925,17,17,17,600339,5271,101328,6628,0.04882544740449813,0.5570215984536515
8366,0.8926,1,0,1,600339,5271,101329,6627,0.04882544740449813,0.5569843671205245
8367,0.8927,4,8,4,600347,5263,101333,6623,0.0487513431397977,0.5572101632172304
8368,0.8928,2,5,2,600352,5258,101335,6621,0.048705027974359924,0.5573701490024413
8369,0.8929,1,4,1,600356,5254,101336,6620,0.04866797584200971,0.5575206333164898
8370,0.893,8,11,8,600367,5243,101344,6612,0.04856608247804661,0.5577393504850274
8371,0.8931,1,1,1,600368,5242,101345,6611,0.04855681944495906,0.5577490930566101
8372,0.8932,2,6,2,600374,5236,101347,6609,0.048501241246433735,0.557956943858168
8373,0.8933,34,47,34,600421,5189,101381,6575,0.04806587869131868,0.5589085345120707
8374,0.8934,1,4,1,600425,5185,101382,6574,0.048028826558968465,0.5590611446551578
8375,0.8935,0,3,0,600428,5182,101382,6574,0.048001037459705805,0.5592038108200068
8376,0.8936,2,5,2,600433,5177,101384,6572,0.04795472229426803,0.5593667546174143
8377,0.8937,0,1,0,600434,5176,101384,6572,0.04794545926118048,0.5594143684031324
8378,0.8938,0,1,0,600435,5175,101384,6572,0.04793619622809293,0.5594619902953946
8379,0.8939,2,3,2,600438,5172,101386,6570,0.047908407128830266,0.5595298926928973
8380,0.894,11,12,11,600450,5160,101397,6559,0.047797250731779616,0.5596893932929431
8381,0.8941,0,1,0,600451,5159,101397,6559,0.04778798769869206,0.55973715651135
8382,0.8942,7,11,7,600462,5148,101404,6552,0.047686094334728965,0.56
8383,0.8943,1,4,1,600466,5144,101405,6551,0.04764904220237875,0.5601539119281744
8384,0.8944,0,3,0,600469,5141,101405,6551,0.04762125310311609,0.5602976394115634
8385,0.8945,1,1,1,600470,5140,101406,6550,0.04761199007002853,0.5603079555175363
8386,0.8946,0,3,0,600473,5137,101406,6550,0.04758420097076587,0.5604517840335416
8387,0.8947,3,6,3,600479,5131,101409,6547,0.04752862277224054,0.5606268196609009
8388,0.8948,2,5,2,600484,5126,101411,6545,0.04748230760680277,0.5607917059377945
8389,0.8949,0,1,0,600485,5125,101411,6545,0.04747304457371522,0.5608397600685519
8390,0.895,100,115,100,600600,5010,101511,6445,0.04640779576864649,0.5626364033173287
8391,0.8951,1,0,1,600600,5010,101512,6444,0.04640779576864649,0.5625982189628077
8392,0.8952,2,1,2,600601,5009,101514,6442,0.04639853273555893,0.5625709545017903
8393,0.8953,2,4,2,600605,5005,101516,6440,0.046361480603208716,0.5626911314984709
8394,0.8954,1,0,1,600605,5005,101517,6439,0.046361480603208716,0.562652918559944
8395,0.8955,3,5,3,600610,5000,101520,6436,0.04631516543777094,0.5627841902763204
8396,0.8956,1,1,1,600611,4999,101521,6435,0.04630590240468339,0.5627951722931608
8397,0.8957,2,1,2,600612,4998,101523,6433,0.04629663937159584,0.5627679118187385
8398,0.8958,2,8,2,600620,4990,101525,6431,0.046222535106895404,0.5630855441730146
8399,0.896,14,17,14,600637,4973,101539,6417,0.04606506354440698,0.5633889376646181
8400,0.8961,1,4,1,600641,4969,101540,6416,0.046028011412056764,0.5635485287659201
8401,0.8962,2,4,2,600645,4965,101542,6414,0.04599095927970655,0.5636699182704983
8402,0.8963,0,1,0,600646,4964,101542,6414,0.04598169624661899,0.5637194586043242
8403,0.8964,0,2,0,600648,4962,101542,6414,0.04596317018044389,0.5638185654008439
8404,0.8965,4,6,4,600654,4956,101546,6410,0.04590759198191856,0.563962695759282
8405,0.8966,1,0,1,600654,4956,101547,6409,0.04590759198191856,0.5639243290805104
8406,0.8967,49,49,49,600703,4907,101596,6360,0.04545370336062841,0.564480340818319
8407,0.8968,3,5,3,600708,4902,101599,6357,0.045407388195190634,0.5646149746869171
8408,0.8969,0,2,0,600710,4900,101599,6357,0.04538886212901552,0.5647152882650796
8409,0.897,3,2,3,600712,4898,101602,6354,0.04537033606284042,0.5646996089584074
8410,0.8971,2,2,2,600714,4896,101604,6352,0.045351809996665306,0.5647226173541963
8411,0.8972,0,5,0,600719,4891,101604,6352,0.04530549483122754,0.5649737614515699
8412,0.8973,2,4,2,600723,4887,101606,6350,0.04526844269887732,0.5650974459375279
8413,0.8974,2,1,2,600724,4886,101608,6348,0.04525917966578977,0.5650703222360691
8414,0.8975,30,28,30,600752,4858,101638,6318,0.04499981473933825,0.5653185397279885
8415,0.8976,2,0,2,600752,4858,101640,6316,0.04499981473933825,0.5652407374261679
8416,0.8977,3,3,3,600755,4855,101643,6313,0.04497202564007559,0.5652757879656161
8417,0.8978,3,4,3,600759,4851,101646,6310,0.04493497350772537,0.5653615267449154
8418,0.8979,0,2,0,600761,4849,101646,6310,0.04491644744155026,0.5654628550945425
8419,0.898,7,8,7,600769,4841,101653,6303,0.044842343176849826,0.5655958363244795
8420,0.8981,0,3,0,600772,4838,101653,6303,0.044814554077587165,0.5657481375100978
8421,0.8982,1,2,1,600774,4836,101654,6302,0.044796028011412053,0.565810738014006
8422,0.8983,18,29,18,600803,4807,101672,6284,0.04452740005187299,0.5665855197908214
8423,0.8985,2,8,2,600811,4799,101674,6282,0.04445329578717255,0.5669163432903167
8424,0.8986,1,0,1,600811,4799,101675,6281,0.04445329578717255,0.5668772563176895
8425,0.8987,0,8,0,600819,4791,101675,6281,0.04437919152247212,0.5672868497109826
8426,0.8988,2,1,2,600820,4790,101677,6279,0.044369928489384564,0.5672599150781462
8427,0.8989,1,0,1,600820,4790,101678,6278,0.044369928489384564,0.567220816769064
8428,0.899,2,5,2,600825,4785,101680,6276,0.04432361332394679,0.5673989693517765
8429,0.8991,0,3,0,600828,4782,101680,6276,0.04429582422468413,0.5675529028757461
8430,0.8992,2,6,2,600834,4776,101682,6274,0.04424024602615881,0.5677828054298643
8431,0.8993,1,4,1,600838,4772,101683,6273,0.04420319389380859,0.5679492983250339
8432,0.8994,1,0,1,600838,4772,101684,6272,0.04420319389380859,0.5679101774719305
8433,0.8995,0,1,0,600839,4771,101684,6272,0.044193930860721035,0.5679616046364213
8434,0.8996,1,7,1,600846,4764,101685,6271,0.04412908962910816,0.568282736746715
8435,0.8997,0,2,0,600848,4762,101685,6271,0.044110563562933046,0.5683857518354029
8436,0.8998,2,1,2,600849,4761,101687,6269,0.04410130052984549,0.5683590208522212
8437,0.9,571,506,571,601355,4255,102258,5698,0.03941420578754307,0.5724907063197026
8438,0.9001,0,1,0,601356,4254,102258,5698,0.03940494275445552,0.572548231511254
8439,0.9002,2,0,2,601356,4254,102260,5696,0.03940494275445552,0.5724623115577889
8440,0.9003,1,0,1,601356,4254,102261,5695,0.03940494275445552,0.5724193386269977
8441,0.9005,2,4,2,601360,4250,102263,5693,0.0393678906221053,0.5725636125917731
8442,0.9006,2,1,2,601361,4249,102265,5691,0.03935862758901775,0.5725352112676056
8443,0.9007,5,5,5,601366,4244,102270,5686,0.03931231242357998,0.5726082578046324
8444,0.9008,4,8,4,601374,4236,102274,5682,0.039238208158879545,0.572897761645493
8445,0.901,11,9,11,601383,4227,102285,5671,0.039154840861091555,0.5729440290967872
8446,0.9011,0,1,0,601384,4226,102285,5671,0.039145577828004,0.5730019197736688
8447,0.9012,0,3,0,601387,4223,102285,5671,0.03911778872874134,0.5731756620173842
8448,0.9013,6,5,6,601392,4218,102291,5665,0.039071473563303566,0.5732065162400081
8449,0.9015,1,4,1,601396,4214,102292,5664,0.03903442143095335,0.5733954241749342
8450,0.9017,18,23,18,601419,4191,102310,5646,0.038821371669939604,0.5739554742299482
8451,0.9018,0,2,0,601421,4189,102310,5646,0.0388028456037645,0.5740721911540417
8452,0.9019,0,1,0,601422,4188,102310,5646,0.03879358257067694,0.574130567419158
8453,0.902,4,2,4,601424,4186,102314,5642,0.03877505650450183,0.5740740740740741
8454,0.9021,0,4,0,601428,4182,102314,5642,0.038738004372151615,0.5743078175895765
8455,0.9022,6,2,6,601430,4180,102320,5636,0.03871947830597651,0.5741646291768541
8456,0.9023,4,1,4,601431,4179,102324,5632,0.038710215272888954,0.5740495362348385
8457,0.9024,0,1,0,601432,4178,102324,5632,0.0387009522398014,0.5741080530071355
8458,0.9025,17,16,17,601448,4162,102341,5615,0.03855274371040053,0.574307047151478
8459,0.9027,1,0,1,601448,4162,102342,5614,0.03855274371040053,0.5742635024549918
8460,0.9028,2,5,2,601453,4157,102344,5612,0.038506428544962765,0.5744702630770806
8461,0.9029,0,4,0,601457,4153,102344,5612,0.03846937641261255,0.5747055811571941
8462,0.903,4,2,4,601459,4151,102348,5608,0.038450850346437436,0.5746490419100317
8463,0.9031,0,1,0,601460,4150,102348,5608,0.03844158731334988,0.5747079319532691
8464,0.9032,1,2,1,601462,4148,102349,5607,0.038423061247174775,0.5747821629933367
8465,0.9033,56,43,56,601505,4105,102405,5551,0.038024750824409946,0.5748757249378624
8466,0.9034,0,1,0,601506,4104,102405,5551,0.03801548779132239,0.5749352667011911
8467,0.9035,1,1,1,601507,4103,102406,5550,0.038006224758234834,0.574950792499741
8468,0.9036,0,1,0,601508,4102,102406,5550,0.037996961725147285,0.5750103605470369
8469,0.9037,3,0,3,601508,4102,102409,5547,0.037996961725147285,0.5748782257228728
8470,0.9038,1,0,1,601508,4102,102410,5546,0.037996961725147285,0.5748341625207297
8471,0.904,8,10,8,601518,4092,102418,5538,0.03790433139427174,0.5750778816199377
8472,0.9042,5,5,5,601523,4087,102423,5533,0.03785801622883397,0.5751559251559252
8473,0.9043,2,4,2,601527,4083,102425,5531,0.03782096409648375,0.5753068441855628
8474,0.9044,0,1,0,601528,4082,102425,5531,0.0378117010633962,0.575366690939353
8475,0.9045,1,3,1,601531,4079,102426,5530,0.03778391196413353,0.5755021334165886
8476,0.9046,1,2,1,601533,4077,102427,5529,0.03776538589795843,0.575577763897564
8477,0.9047,1,4,1,601537,4073,102428,5528,0.03772833376560821,0.5757733569419852
8478,0.9048,4,5,4,601542,4068,102432,5524,0.03768201860017044,0.5758965804837365
8479,0.9049,1,1,1,601543,4067,102433,5523,0.03767275556708288,0.5759124087591241
8480,0.905,94,72,94,601615,3995,102527,5429,0.03700581718477899,0.5760823429541596
8481,0.9051,2,0,2,601615,3995,102529,5427,0.03700581718477899,0.5759923583103375
8482,0.9052,2,2,2,601617,3993,102531,5425,0.036987291118603875,0.5760246336801869
8483,0.9053,0,1,0,601618,3992,102531,5425,0.03697802808551632,0.576085802272486
8484,0.9054,2,1,2,601619,3991,102533,5423,0.03696876505242877,0.5760569364775866
8485,0.9055,4,3,4,601622,3988,102537,5419,0.0369409759531661,0.5760603805676624
8486,0.9056,3,4,3,601626,3984,102540,5416,0.036903923820815886,0.5761702127659575
8487,0.9057,7,6,7,601632,3978,102547,5409,0.036848345622290564,0.576222435282838
8488,0.9058,3,5,3,601637,3973,102550,5406,0.03680203045685279,0.5763940718626719
8489,0.9059,0,1,0,601638,3972,102550,5406,0.036792767423765235,0.5764555342290467
8490,0.906,10,8,10,601646,3964,102560,5396,0.0367186631590648,0.5764957264957264
8491,0.9061,0,4,0,601650,3960,102560,5396,0.036681611026714585,0.5767421975203079
8492,0.9062,1,1,1,601651,3959,102561,5395,0.036672347993627036,0.5767586059439812
8493,0.9063,0,1,0,601652,3958,102561,5395,0.03666308496053948,0.5768202715706191
8494,0.9064,0,1,0,601653,3957,102561,5395,0.036653821927451924,0.5768819503849444
8495,0.9065,3,2,3,601655,3955,102564,5392,0.03663529586127682,0.5768695838236867
8496,0.9066,1,1,1,601656,3954,102565,5391,0.03662603282818926,0.5768860353130016
8497,0.9067,42,27,42,601683,3927,102607,5349,0.0363759309348253,0.5766494178525227
8498,0.9068,2,4,2,601687,3923,102609,5347,0.036338878802475084,0.57680690399137
8499,0.9069,0,1,0,601688,3922,102609,5347,0.03632961576938753,0.5768691336713777
8500,0.907,1,0,1,601688,3922,102610,5346,0.03632961576938753,0.5768234786361675
8501,0.9071,1,2,1,601690,3920,102611,5345,0.03631108970321242,0.576902320561252
8502,0.9072,2,0,2,601690,3920,102613,5343,0.03631108970321242,0.576810968368779
8503,0.9073,1,7,1,601697,3913,102614,5342,0.03624624847159954,0.5772015126958401
8504,0.9074,0,1,0,601698,3912,102614,5342,0.03623698543851198,0.5772638858871839
8505,0.9075,28,18,28,601716,3894,102642,5314,0.03607025084293601,0.5771068635968722
8506,0.9076,1,1,1,601717,3893,102643,5313,0.036060987809848455,0.5771236150336737
8507,0.9077,3,4,3,601721,3889,102646,5310,0.03602393567749824,0.5772366561582781
8508,0.9078,0,3,0,601724,3886,102646,5310,0.03599614657823558,0.5774249673771205
8509,0.9079,1,3,1,601727,3883,102647,5309,0.035968357478972916,0.5775674499564839
8510,0.908,8,7,8,601734,3876,102655,5301,0.03590351624736004,0.577639751552795
8511,0.9082,2,1,2,601735,3875,102657,5299,0.03589425321427248,0.5776106387617179
8512,0.9083,15,14,15,601749,3861,102672,5284,0.03576457075104672,0.5778020776380536
8513,0.9085,1,3,1,601752,3858,102673,5283,0.03573678165178406,0.5779455201837873
8514,0.9087,0,5,0,601757,3853,102673,5283,0.03569046648634629,0.5782618213660246
8515,0.9088,2,2,2,601759,3851,102675,5281,0.03567194042017118,0.5782961016206746
8516,0.9089,0,1,0,601760,3850,102675,5281,0.035662677387083626,0.5783594348921257
8517,0.909,5,2,5,601762,3848,102680,5276,0.03564415132090852,0.578255151249452
8518,0.9092,2,7,2,601769,3841,102682,5274,0.035579310089295636,0.5786066922654964
8519,0.9093,3,3,3,601772,3838,102685,5271,0.035551520990032975,0.5786584696454057
8520,0.9094,0,2,0,601774,3836,102685,5271,0.03553299492385787,0.5787855495772483
8521,0.9095,0,4,0,601778,3832,102685,5271,0.035495942791507654,0.5790398769636383
8522,0.9096,0,2,0,601780,3830,102685,5271,0.03547741672533254,0.5791671244918141
8523,0.9097,1,5,1,601785,3825,102686,5270,0.03543110155989477,0.5794392523364486
8524,0.9098,1,3,1,601788,3822,102687,5269,0.03540331246063211,0.5795842041579584
8525,0.9099,0,2,0,601790,3820,102687,5269,0.035384786394457,0.5797117394652878
8526,0.91,575,438,575,602228,3382,103262,4694,0.031327577902108265,0.5812283308568599
8527,0.9102,1,0,1,602228,3382,103263,4693,0.031327577902108265,0.5811764705882353
8528,0.9103,2,3,2,602231,3379,103265,4691,0.031299788802845604,0.5812887236679058
8529,0.9105,2,0,2,602231,3379,103267,4689,0.031299788802845604,0.581184928111056
8530,0.9106,1,3,1,602234,3376,103268,4688,0.031271999703582944,0.5813492063492064
8531,0.9107,2,2,2,602236,3374,103270,4686,0.03125347363740783,0.5813895781637717
8532,0.9108,4,3,4,602239,3371,103274,4682,0.03122568453814517,0.5813982366819819
8533,0.9109,2,5,2,602244,3366,103276,4680,0.031179369372707398,0.5816554809843401
8534,0.911,3,8,3,602252,3358,103279,4677,0.031105265108006964,0.5820784069695084
8535,0.9111,0,2,0,602254,3356,103279,4677,0.031086739041831856,0.5822233287688285
8536,0.9112,0,2,0,602256,3354,103279,4677,0.031068212975656748,0.5823683227493462
8537,0.9113,0,5,0,602261,3349,103279,4677,0.03102189781021898,0.5827311238474956
8538,0.9114,1,1,1,602262,3348,103280,4676,0.031012634777131422,0.5827517447657029
8539,0.9115,1,3,1,602265,3345,103281,4675,0.03098484567786876,0.5829177057356608
8540,0.9116,1,1,1,602266,3344,103282,4674,0.030975582644781206,0.5829383886255924
8541,0.9117,12,16,12,602282,3328,103294,4662,0.030827374115380342,0.5834793491864831
8542,0.9118,1,2,1,602284,3326,103295,4661,0.030808848049205233,0.5835733066232628
8543,0.912,0,5,0,602289,3321,103295,4661,0.03076253288376746,0.5839388624404911
8544,0.9121,2,2,2,602291,3319,103297,4659,0.030744006817592352,0.5839809476059162
8545,0.9122,3,6,3,602297,3313,103300,4656,0.030688428619067027,0.5842640230894717
8546,0.9123,3,1,3,602298,3312,103303,4653,0.030679165585979475,0.584180790960452
8547,0.9124,0,1,0,602299,3311,103303,4653,0.03066990255289192,0.5842541436464088
8548,0.9125,20,20,20,602319,3291,103323,4633,0.030484641891140835,0.5846794548207975
8549,0.9127,2,4,2,602323,3287,103325,4631,0.030447589758790618,0.5848699166456176
8550,0.9128,0,1,0,602324,3286,103325,4631,0.030438326725703065,0.5849437918403436
8551,0.9129,3,2,3,602326,3284,103328,4628,0.030419800659527957,0.5849342770475228
8552,0.913,0,3,0,602329,3281,103328,4628,0.030392011560265293,0.585156151220129
8553,0.9131,0,4,0,602333,3277,103328,4628,0.030354959427915076,0.5854522454142947
8554,0.9132,1,0,1,602333,3277,103329,4627,0.030354959427915076,0.5853997975708503
8555,0.9133,42,42,42,602375,3235,103371,4585,0.0299659120382378,0.5863171355498721
8556,0.9135,0,1,0,602376,3234,103371,4585,0.029956649005150247,0.5863921217547001
8557,0.9136,1,0,1,602376,3234,103372,4584,0.029956649005150247,0.5863392171910975
8558,0.9137,1,2,1,602378,3232,103373,4583,0.029938122938975138,0.5864363403710813
8559,0.9138,1,6,1,602384,3226,103374,4582,0.029882544740449813,0.5868340163934426
8560,0.9139,1,2,1,602386,3224,103375,4581,0.029864018674274705,0.5869314541960282
8561,0.914,5,6,5,602392,3218,103380,4576,0.02980844047574938,0.5871182961252245
8562,0.9142,5,6,5,602398,3212,103385,4571,0.029752862277224054,0.5873056661955545
8563,0.9143,6,8,6,602406,3204,103391,4565,0.02967875801252362,0.5875917106448706
8564,0.9144,3,3,3,602409,3201,103394,4562,0.02965096891326096,0.5876594100218987
8565,0.9145,1,4,1,602413,3197,103395,4561,0.029613916780910743,0.5879092549626193
8566,0.9147,1,1,1,602414,3196,103396,4560,0.029604653747823187,0.5879319236719959
8567,0.9148,5,2,5,602416,3194,103401,4555,0.02958612768164808,0.5878177829397342
8568,0.915,91,80,91,602496,3114,103492,4464,0.028845085034643742,0.5890736342042755
8569,0.9151,1,0,1,602496,3114,103493,4463,0.028845085034643742,0.5890194008182658
8570,0.9152,2,6,2,602502,3108,103495,4461,0.028789506836118417,0.5893777249306381
8571,0.9153,0,1,0,602503,3107,103495,4461,0.028780243803030865,0.5894556025369979
8572,0.9154,0,2,0,602505,3105,103495,4461,0.028761717736855756,0.5896114195083267
8573,0.9155,2,5,2,602510,3100,103497,4459,0.028715402571417987,0.5898928429686466
8574,0.9156,2,0,2,602510,3100,103499,4457,0.028715402571417987,0.5897843059415112
8575,0.9157,1,3,1,602513,3097,103500,4456,0.028687613472155322,0.5899642526148551
8576,0.9158,5,12,5,602525,3085,103505,4451,0.028576457075104672,0.590631634819533
8577,0.9159,1,0,1,602525,3085,103506,4450,0.028576457075104672,0.5905773059057731
8578,0.916,9,6,9,602531,3079,103515,4441,0.028520878876579347,0.5905585106382979
8579,0.9162,1,6,1,602537,3073,103516,4440,0.02846530067805402,0.5909756422201518
8580,0.9165,2,4,2,602541,3069,103518,4438,0.028428248545703805,0.5911815638737179
8581,0.9167,33,31,33,602572,3038,103551,4405,0.028141094519989626,0.5918312508397152
8582,0.9168,1,1,1,602573,3037,103552,4404,0.02813183148690207,0.5918559333422927
8583,0.9169,0,3,0,602576,3034,103552,4404,0.02810404238763941,0.5920946490992203
8584,0.917,2,11,2,602587,3023,103554,4402,0.02800214902367631,0.5928619528619529
8585,0.9171,6,1,6,602588,3022,103560,4396,0.02799288599058876,0.5926125640334322
8586,0.9172,1,5,1,602593,3017,103561,4395,0.027946570825150986,0.5929573664328116
8587,0.9173,3,0,3,602593,3017,103564,4392,0.027946570825150986,0.5927925496018356
8588,0.9175,22,22,22,602615,2995,103586,4370,0.027742784097224794,0.593346911065852
8589,0.9176,0,1,0,602616,2994,103586,4370,0.02773352106413724,0.593427485062466
8590,0.9177,2,2,2,602618,2992,103588,4368,0.027714994997962133,0.5934782608695652
8591,0.9178,4,2,4,602620,2990,103592,4364,0.027696468931787024,0.593418547729127
8592,0.9179,0,1,0,602621,2989,103592,4364,0.02768720589869947,0.593499252005984
8593,0.918,11,10,11,602631,2979,103603,4353,0.02759457556782393,0.5936988543371522
8594,0.9181,0,1,0,602632,2978,103603,4353,0.027585312534736374,0.5937798390396944
8595,0.9182,3,4,3,602636,2974,103606,4350,0.027548260402386157,0.5939377389404696
8596,0.9183,9,8,9,602644,2966,103615,4341,0.027474156137685724,0.5940878609552483
8597,0.9185,1,2,1,602646,2964,103616,4340,0.027455630071510615,0.5941949616648412
8598,0.9186,1,3,1,602649,2961,103617,4339,0.027427840972247954,0.5943835616438357
8599,0.9187,1,1,1,602650,2960,103618,4338,0.0274185779391604,0.5944094272403398
8600,0.9188,2,0,2,602650,2960,103620,4336,0.0274185779391604,0.5942982456140351
8601,0.919,1,1,1,602651,2959,103621,4335,0.027409314906072846,0.5943241020016452
8602,0.9192,7,7,7,602658,2952,103628,4328,0.027344473674459965,0.5945054945054945
8603,0.9193,1,4,1,602662,2948,103629,4327,0.027307421542109748,0.5947766323024055
8604,0.9194,1,4,1,602666,2944,103630,4326,0.02727036940975953,0.5950481430536451
8605,0.9195,2,1,2,602667,2943,103632,4324,0.02726110637667198,0.5950185771294895
8606,0.9196,1,0,1,602667,2943,103633,4323,0.02726110637667198,0.5949628406275805
8607,0.9197,1,4,1,602671,2939,103634,4322,0.027224054244321762,0.5952348161410274
8608,0.9198,1,1,1,602672,2938,103635,4321,0.027214791211234206,0.5952610552417689
8609,0.9199,0,3,0,602675,2935,103635,4321,0.027187002111971545,0.5955071664829107
8610,0.92,556,357,556,603032,2578,104191,3765,0.0238800992997147,0.593567712438909
8611,0.9201,1,0,1,603032,2578,104192,3764,0.0238800992997147,0.5935036266162094
8612,0.9202,0,1,0,603033,2577,104192,3764,0.023870836266627143,0.5935972244125532
8613,0.9204,1,1,1,603034,2576,104193,3763,0.02386157323353959,0.5936267550086765
8614,0.9205,1,1,1,603035,2575,104194,3762,0.023852310200452035,0.5936563042449109
8615,0.9207,4,6,4,603041,2569,104198,3758,0.02379673200192671,0.5939623834360677
8616,0.9208,4,7,4,603048,2562,104202,3754,0.023731890770313832,0.5943635212159595
8617,0.9209,0,3,0,603051,2559,104202,3754,0.023704101671051168,0.5946459686361476
8618,0.921,3,10,3,603061,2549,104205,3751,0.023611471340175626,0.5953968253968254
8619,0.9211,1,2,1,603063,2547,104206,3750,0.023592945274000517,0.5955216769890423
8620,0.9213,2,0,2,603063,2547,104208,3748,0.023592945274000517,0.5953931691818903
8621,0.9214,0,1,0,603064,2546,104208,3748,0.023583682240912965,0.5954877661264697
8622,0.9215,2,1,2,603065,2545,104210,3746,0.02357441920782541,0.5954538229216341
8623,0.9217,13,17,13,603082,2528,104223,3733,0.02341694764533699,0.5962306340840121
8624,0.9218,0,2,0,603084,2526,104223,3733,0.02339842157916188,0.596421153538904
8625,0.922,2,3,2,603087,2523,104225,3731,0.02337063247989922,0.5965781899584266
8626,0.9221,2,0,2,603087,2523,104227,3729,0.02337063247989922,0.5964491362763915
8627,0.9223,0,1,0,603088,2522,104227,3729,0.023361369446811664,0.5965445528715405
8628,0.9224,0,1,0,603089,2521,104227,3729,0.02335210641372411,0.59664
8629,0.9225,14,18,14,603107,2503,104241,3715,0.023185371818148136,0.5974589900289482
8630,0.9226,1,1,1,603108,2502,104242,3714,0.02317610878506058,0.5974903474903475
8631,0.9227,0,1,0,603109,2501,104242,3714,0.023166845751973027,0.597586484312148
8632,0.9228,1,2,1,603111,2499,104243,3713,0.02314831968579792,0.5977141017385705
8633,0.9229,0,1,0,603112,2498,104243,3713,0.023139056652710363,0.5978103364997585
8634,0.923,4,4,4,603116,2494,104247,3709,0.023102004520360146,0.5979364823472513
8635,0.9231,1,0,1,603116,2494,104248,3708,0.023102004520360146,0.5978716543050628
8636,0.9232,2,3,2,603119,2491,104250,3706,0.023074215421097485,0.5980313054703889
8637,0.9233,39,25,39,603144,2466,104289,3667,0.02284263959390863,0.5979129300505462
8638,0.9235,2,4,2,603148,2462,104291,3665,0.02280558746155841,0.598172025461074
8639,0.9236,1,1,1,603149,2461,104292,3664,0.02279632442847086,0.598204081632653
8640,0.9237,0,6,0,603155,2455,104292,3664,0.022740746229945534,0.5987906520673313
8641,0.9238,2,4,2,603159,2451,104294,3662,0.022703694097595317,0.5990512023556356
8642,0.9239,1,2,1,603161,2449,104295,3661,0.02268516803142021,0.5991816693944354
8643,0.924,3,7,3,603168,2442,104298,3658,0.022620326799807328,0.599672131147541
8644,0.9242,3,9,3,603177,2433,104301,3655,0.02253695950201934,0.6003613666228647
8645,0.9243,4,3,4,603180,2430,104305,3651,0.022509170402756677,0.600394671928959
8646,0.9246,2,1,2,603181,2429,104307,3649,0.022499907369669125,0.6003619611714379
8647,0.9247,2,1,2,603182,2428,104309,3647,0.02249064433658157,0.6003292181069959
8648,0.9248,0,1,0,603183,2427,104309,3647,0.022481381303494016,0.6004280540006586
8649,0.9249,3,0,3,603183,2427,104312,3644,0.022481381303494016,0.6002306045132597
8650,0.925,67,59,67,603242,2368,104379,3577,0.02193486235132832,0.601682085786375
8651,0.9252,0,2,0,603244,2366,104379,3577,0.02191633628515321,0.6018845700824499
8652,0.9253,1,2,1,603246,2364,104380,3576,0.021897810218978103,0.602020202020202
8653,0.9254,2,1,2,603247,2363,104382,3574,0.021888547185890547,0.6019875357924878
8654,0.9255,3,7,3,603254,2356,104385,3571,0.02182370595427767,0.6024970474101569
8655,0.9257,2,1,2,603255,2355,104387,3569,0.021814442921190114,0.6024645509790681
8656,0.9258,3,4,3,603259,2351,104390,3566,0.021777390788839897,0.6026702720973466
8657,0.926,7,9,7,603268,2342,104397,3559,0.02169402349105191,0.6031181155736316
8658,0.9261,0,1,0,603269,2341,104397,3559,0.021684760457964355,0.6032203389830508
8659,0.9262,1,0,1,603269,2341,104398,3558,0.021684760457964355,0.6031530767926767
8660,0.9263,1,2,1,603271,2339,104399,3557,0.021666234391789246,0.6032903663500678
8661,0.9265,0,2,0,603273,2337,104399,3557,0.021647708325614138,0.6034950797421106
8662,0.9267,32,28,32,603301,2309,104431,3525,0.02138834339916262,0.604216660953034
8663,0.9268,2,3,2,603304,2306,104433,3523,0.02136055429989996,0.6043918339337794
8664,0.927,4,3,4,603307,2303,104437,3519,0.021332765200637295,0.6044314668498798
8665,0.9271,0,1,0,603308,2302,104437,3519,0.021323502167549743,0.6045353032125065
8666,0.9272,3,2,3,603310,2300,104440,3516,0.021304976101374634,0.6045392022008254
8667,0.9273,1,2,1,603312,2298,104441,3515,0.021286450035199526,0.6046791673834508
8668,0.9275,18,15,18,603327,2283,104459,3497,0.021147504538886214,0.6050173010380623
8669,0.9276,2,0,2,603327,2283,104461,3495,0.021147504538886214,0.6048805815160956
8670,0.9277,0,1,0,603328,2282,104461,3495,0.02113824150579866,0.6049852864808725
8671,0.9278,0,2,0,603330,2280,104461,3495,0.02111971543962355,0.6051948051948052
8672,0.9279,0,2,0,603332,2278,104461,3495,0.02110118937344844,0.605404469080201
8673,0.928,4,11,4,603343,2267,104465,3491,0.020999296009485347,0.6062869051754082
8674,0.9281,0,1,0,603344,2266,104465,3491,0.02099003297639779,0.6063922181691853
8675,0.9282,0,3,0,603347,2263,104465,3491,0.02096224387713513,0.6067083767813695
8676,0.9283,5,9,5,603356,2254,104470,3486,0.02087887657934714,0.6073170731707317
8677,0.9285,2,2,2,603358,2252,104472,3484,0.020860350513172032,0.6073919107391911
8678,0.9286,0,3,0,603361,2249,104472,3484,0.02083256141390937,0.6077097505668935
8679,0.9288,3,0,3,603361,2249,104475,3481,0.02083256141390937,0.6075043630017452
8680,0.9289,1,0,1,603361,2249,104476,3480,0.02083256141390937,0.6074358526793506
8681,0.929,3,1,3,603362,2248,104479,3477,0.020823298380821816,0.6073362445414847
8682,0.9292,5,3,5,603365,2245,104484,3472,0.020795509281559155,0.6073115270246633
8683,0.9293,0,2,0,603367,2243,104484,3472,0.020776983215384046,0.6075240594925634
8684,0.9294,3,1,3,603368,2242,104487,3469,0.02076772018229649,0.607424268954649
8685,0.9295,1,0,1,603368,2242,104488,3468,0.02076772018229649,0.6073555166374781
8686,0.9297,1,1,1,603369,2241,104489,3467,0.020758457149208938,0.6073931324456903
8687,0.9298,1,0,1,603369,2241,104490,3466,0.020758457149208938,0.6073243385316278
8688,0.9299,1,5,1,603374,2236,104491,3465,0.020712141983771165,0.6077881073495878
8689,0.93,436,344,436,603718,1892,104927,3029,0.017525658601652526,0.615525299735826
8690,0.9302,0,2,0,603720,1890,104927,3029,0.017507132535477418,0.6157755641390527
8691,0.9303,1,1,1,603721,1889,104928,3028,0.01749786950238986,0.6158226560911124
8692,0.9305,0,4,0,603725,1885,104928,3028,0.017460817370039645,0.6163240382658254
8693,0.9307,2,0,2,603725,1885,104930,3026,0.017460817370039645,0.6161677866015068
8694,0.9308,7,4,7,603729,1881,104937,3019,0.017423765237689428,0.6161224489795918
8695,0.9309,0,2,0,603731,1879,104937,3019,0.01740523917151432,0.6163740302164149
8696,0.931,2,4,2,603735,1875,104939,3017,0.017368187039164103,0.616721177432543
8697,0.9311,1,1,1,603736,1874,104940,3016,0.01735892400607655,0.6167689161554192
8698,0.9312,1,0,1,603736,1874,104941,3015,0.01735892400607655,0.6166905297606873
8699,0.9314,1,0,1,603736,1874,104942,3014,0.01735892400607655,0.6166121112929623
8700,0.9315,1,2,1,603738,1872,104943,3013,0.017340397939901442,0.6167860798362333
8701,0.9317,11,9,11,603747,1863,104954,3002,0.017257030642113452,0.6170606372045221
8702,0.9318,0,3,0,603750,1860,104954,3002,0.01722924154285079,0.6174413821472645
8703,0.9319,2,4,2,603754,1856,104956,3000,0.017192189410500575,0.6177924217462932
8704,0.932,5,4,5,603758,1852,104961,2995,0.017155137278150358,0.6179079843201981
8705,0.9321,0,1,0,603759,1851,104961,2995,0.017145874245062802,0.61803549319026
8706,0.9324,2,0,2,603759,1851,104963,2993,0.017145874245062802,0.6178777869529315
8707,0.9325,15,6,15,603765,1845,104978,2978,0.017090296046537477,0.6174580136844288
8708,0.9326,1,0,1,603765,1845,104979,2977,0.017090296046537477,0.6173786810452094
8709,0.9327,1,9,1,603774,1836,104980,2976,0.01700692874874949,0.6184538653366584
8710,0.9328,0,1,0,603775,1835,104980,2976,0.016997665715661938,0.6185824152982747
8711,0.9329,1,1,1,603776,1834,104981,2975,0.016988402682574382,0.61863173216885
8712,0.933,1,1,1,603777,1833,104982,2974,0.01697913964948683,0.618681090076971
8713,0.9331,1,0,1,603777,1833,104983,2973,0.01697913964948683,0.6186017478152309
8714,0.9332,0,1,0,603778,1832,104983,2973,0.016969876616399274,0.6187304890738814
8715,0.9333,24,19,24,603797,1813,105007,2949,0.016793878987735746,0.619277614447711
8716,0.9334,1,1,1,603798,1812,105008,2948,0.01678461595464819,0.619327731092437
8717,0.9335,2,3,2,603801,1809,105010,2946,0.01675682685538553,0.6195583596214511
8718,0.9338,1,0,1,603801,1809,105011,2945,0.01675682685538553,0.6194783340344973
8719,0.934,3,4,3,603805,1805,105014,2942,0.016719774723035312,0.6197598483252581
8720,0.9341,0,1,0,603806,1804,105014,2942,0.016710511689947756,0.6198904340497261
8721,0.9342,10,5,10,603811,1799,105024,2932,0.016664196524509987,0.6197421264003382
8722,0.9343,1,0,1,603811,1799,105025,2931,0.016664196524509987,0.619661733615222
8723,0.9346,1,1,1,603812,1798,105026,2930,0.01665493349142243,0.6197123519458545
8724,0.9347,3,1,3,603813,1797,105029,2927,0.01664567045833488,0.619602032176122
8725,0.9348,1,1,1,603814,1796,105030,2926,0.016636407425247322,0.6196526895383312
8726,0.935,58,41,58,603855,1755,105088,2868,0.0162566230686576,0.6203763789746918
8727,0.9351,0,1,0,603856,1754,105088,2868,0.016247360035570046,0.6205106014712246
8728,0.9352,0,3,0,603859,1751,105088,2868,0.016219570936307385,0.6209136176661615
8729,0.9353,1,3,1,603862,1748,105089,2867,0.01619178183704472,0.6212351029252438
8730,0.9354,0,1,0,603863,1747,105089,2867,0.016182518803957168,0.6213697442566103
8731,0.9356,3,2,3,603865,1745,105092,2864,0.01616399273778206,0.6213929268821871
8732,0.9357,0,1,0,603866,1744,105092,2864,0.016154729704694504,0.6215277777777778
8733,0.9358,3,4,3,603870,1740,105095,2861,0.016117677572344287,0.6218213431862638
8734,0.936,4,12,4,603882,1728,105099,2857,0.016006521175293636,0.6231188658669574
8735,0.9361,3,1,3,603883,1727,105102,2854,0.015997258142206084,0.6230080768391181
8736,0.9362,1,5,1,603888,1722,105103,2853,0.015950942976768315,0.6236065573770492
8737,0.9364,0,2,0,603890,1720,105103,2853,0.015932416910593206,0.623879291493549
8738,0.9365,1,0,1,603890,1720,105104,2852,0.015932416910593206,0.6237970253718286
8739,0.9367,32,24,32,603914,1696,105136,2820,0.015710104116491905,0.6244464127546502
8740,0.9368,1,2,1,603916,1694,105137,2819,0.015691578050316797,0.6246399290937292
8741,0.937,0,2,0,603918,1692,105137,2819,0.01567305198414169,0.6249168698736423
8742,0.9371,1,1,1,603919,1691,105138,2818,0.015663788951054133,0.6249722776668885
8743,0.9372,3,1,3,603920,1690,105141,2815,0.01565452591796658,0.6248612652608213
8744,0.9373,1,1,1,603921,1689,105142,2814,0.015645262884879024,0.6249167221852099
8745,0.9374,1,1,1,603922,1688,105143,2813,0.015635999851791472,0.6249722283936903
8746,0.9375,18,12,18,603934,1676,105161,2795,0.01552484345474082,0.6251397897562067
8747,0.9377,0,1,0,603935,1675,105161,2795,0.015515580421653265,0.6252796420581656
8748,0.9378,0,1,0,603936,1674,105161,2795,0.015506317388565711,0.6254195569478631
8749,0.9379,0,1,0,603937,1673,105161,2795,0.015497054355478157,0.6255595344673232
8750,0.938,10,5,10,603942,1668,105171,2785,0.015450739190040386,0.6254210644509319
8751,0.9383,5,7,5,603949,1661,105176,2780,0.015385897958427508,0.6259851384823238
8752,0.9385,4,4,4,603953,1657,105180,2776,0.015348845826077291,0.6262124971802391
8753,0.9386,0,3,0,603956,1654,105180,2776,0.015321056726814629,0.6266365688487585
8754,0.9387,1,2,1,603958,1652,105181,2775,0.01530253066063952,0.6268353286650101
8755,0.9388,1,2,1,603960,1650,105182,2774,0.015284004594464412,0.6270343580470162
8756,0.939,1,2,1,603962,1648,105183,2773,0.015265478528289304,0.6272336575435422
8757,0.9391,1,1,1,603963,1647,105184,2772,0.01525621549520175,0.6272912423625254
8758,0.9392,1,2,1,603965,1645,105185,2771,0.015237689429026641,0.6274909420289855
8759,0.9393,2,0,2,603965,1645,105187,2769,0.015237689429026641,0.6273221567739012
8760,0.9395,0,1,0,603966,1644,105187,2769,0.015228426395939087,0.6274643099932019
8761,0.94,421,290,421,604256,1354,105608,2348,0.012542146800548371,0.6342517558076716
8762,0.9403,3,1,3,604257,1353,105611,2345,0.012532883767460817,0.6341265548945376
8763,0.9404,0,1,0,604258,1352,105611,2345,0.012523620734373263,0.6342980795239384
8764,0.9407,2,1,2,604259,1351,105613,2343,0.012514357701285709,0.6342717920952896
8765,0.9408,5,1,5,604260,1350,105618,2338,0.012505094668198154,0.6339479392624728
8766,0.941,2,4,2,604264,1346,105620,2336,0.012468042535847938,0.6344378055404671
8767,0.9411,1,1,1,604265,1345,105621,2335,0.012458779502760383,0.6345108695652174
8768,0.9412,0,1,0,604266,1344,105621,2335,0.01244951646967283,0.6346833378635499
8769,0.9413,2,0,2,604266,1344,105623,2333,0.01244951646967283,0.6344846342126734
8770,0.9414,0,2,0,604268,1342,105623,2333,0.01243099040349772,0.6348299319727891
8771,0.9415,1,1,1,604269,1341,105624,2332,0.012421727370410167,0.6349033487612306
8772,0.9416,0,1,0,604270,1340,105624,2332,0.012412464337322612,0.6350762527233116
8773,0.9417,5,2,5,604272,1338,105629,2327,0.012393938271147504,0.634924965893588
8774,0.9419,1,0,1,604272,1338,105630,2326,0.012393938271147504,0.634825327510917
8775,0.942,7,4,7,604276,1334,105637,2319,0.012356886138797287,0.6348206953189159
8776,0.9422,1,2,1,604278,1332,105638,2318,0.012338360072622179,0.6350684931506849
8777,0.9423,1,0,1,604278,1332,105639,2317,0.012338360072622179,0.6349684845163058
8778,0.9425,9,14,9,604292,1318,105648,2308,0.012208677609396422,0.6365140650854937
8779,0.9427,0,1,0,604293,1317,105648,2308,0.012199414576308867,0.6366896551724138
8780,0.9428,0,1,0,604294,1316,105648,2308,0.012190151543221313,0.6368653421633554
8781,0.943,3,0,3,604294,1316,105651,2305,0.012190151543221313,0.6365644849489092
8782,0.9431,1,0,1,604294,1316,105652,2304,0.012190151543221313,0.63646408839779
8783,0.9432,1,0,1,604294,1316,105653,2303,0.012190151543221313,0.6363636363636364
8784,0.9433,25,19,25,604313,1297,105678,2278,0.012014153914557783,0.6372027972027972
8785,0.9434,0,1,0,604314,1296,105678,2278,0.012004890881470229,0.6373810856183548
8786,0.9435,2,4,2,604318,1292,105680,2276,0.011967838749120012,0.6378923766816144
8787,0.9436,3,0,3,604318,1292,105683,2273,0.011967838749120012,0.6375876577840113
8788,0.9437,0,1,0,604319,1291,105683,2273,0.011958575716032458,0.6377665544332211
8789,0.9438,2,2,2,604321,1289,105685,2271,0.01194004964985735,0.6379213483146068
8790,0.944,2,6,2,604327,1283,105687,2269,0.011884471451332024,0.638795045045045
8791,0.9441,1,1,1,604328,1282,105688,2268,0.01187520841824447,0.6388732394366197
8792,0.9442,1,3,1,604331,1279,105689,2267,0.011847419318981808,0.6393119007332205
8793,0.9443,2,1,2,604332,1278,105691,2265,0.011838156285894253,0.6392887383573242
8794,0.9444,0,2,0,604334,1276,105691,2265,0.011819630219719145,0.639649816436035
8795,0.9447,0,2,0,604336,1274,105691,2265,0.011801104153544037,0.640011302627861
8796,0.9448,0,2,0,604338,1272,105691,2265,0.011782578087368928,0.640373197625106
8797,0.945,61,40,61,604378,1232,105752,2204,0.01141205676386676,0.6414435389988359
8798,0.9451,1,0,1,604378,1232,105753,2203,0.01141205676386676,0.6413391557496361
8799,0.9453,0,1,0,604379,1231,105753,2203,0.011402793730779206,0.6415259172976121
8800,0.9454,1,2,1,604381,1229,105754,2202,0.011384267664604097,0.6417953949285923
8801,0.9457,2,2,2,604383,1227,105756,2200,0.011365741598428989,0.6419608987452582
8802,0.9458,2,1,2,604384,1226,105758,2198,0.011356478565341435,0.6419392523364486
8803,0.9459,2,0,2,604384,1226,105760,2196,0.011356478565341435,0.6417299824663939
8804,0.946,8,7,8,604391,1219,105768,2188,0.011291637333728555,0.6422072204285295
8805,0.9461,0,1,0,604392,1218,105768,2188,0.011282374300641001,0.6423957721667646
8806,0.9462,3,3,3,604395,1215,105771,2185,0.011254585201378339,0.6426470588235295
8807,0.9464,1,1,1,604396,1214,105772,2184,0.011245322168290784,0.6427310182460271
8808,0.9465,1,0,1,604396,1214,105773,2183,0.011245322168290784,0.6426258463350015
8809,0.9467,27,14,27,604410,1200,105800,2156,0.011115639705065027,0.6424314660309892
8810,0.9468,1,2,1,604412,1198,105801,2155,0.011097113638889919,0.642708022666269
8811,0.9469,0,2,0,604414,1196,105801,2155,0.01107858757271481,0.6430916144434498
8812,0.947,0,3,0,604417,1193,105801,2155,0.011050798473452148,0.6436678614097969
8813,0.9471,0,1,0,604418,1192,105801,2155,0.011041535440364594,0.643860173289513
8814,0.9472,2,1,2,604419,1191,105803,2153,0.01103227240727704,0.6438397129186603
8815,0.9473,1,2,1,604421,1189,105804,2152,0.011013746341101931,0.6441185273870099
8816,0.9474,1,1,1,604422,1188,105805,2151,0.011004483308014377,0.6442048517520216
8817,0.9475,11,4,11,604426,1184,105816,2140,0.01096743117566416,0.6438026474127557
8818,0.9476,1,1,1,604427,1183,105817,2139,0.010958168142576606,0.643889223359422
8819,0.9477,1,0,1,604427,1183,105818,2138,0.010958168142576606,0.6437819933754894
8820,0.9478,2,0,2,604427,1183,105820,2136,0.010958168142576606,0.6435673395601085
8821,0.9479,1,1,1,604428,1182,105821,2135,0.010948905109489052,0.6436539041302382
8822,0.948,7,8,7,604436,1174,105828,2128,0.010874800844788618,0.6444579043004239
8823,0.9482,0,1,0,604437,1173,105828,2128,0.010865537811701064,0.6446531354135111
8824,0.9483,6,6,6,604443,1167,105834,2122,0.010809959613175739,0.6451809060504713
8825,0.9484,0,1,0,604444,1166,105834,2122,0.010800696580088184,0.6453771289537713
8826,0.9485,0,1,0,604445,1165,105834,2122,0.01079143354700063,0.6455734712503803
8827,0.9486,1,4,1,604449,1161,105835,2121,0.010754381414650413,0.6462522851919561
8828,0.9487,0,1,0,604450,1160,105835,2121,0.010745118381562859,0.6464492532764401
8829,0.9488,1,0,1,604450,1160,105836,2120,0.010745118381562859,0.6463414634146342
8830,0.949,1,0,1,604450,1160,105837,2119,0.010745118381562859,0.6462336078072584
8831,0.9492,2,4,2,604454,1156,105839,2117,0.010708066249212642,0.6468072105102353
8832,0.9493,0,2,0,604456,1154,105839,2117,0.010689540183037534,0.6472026903087741
8833,0.9494,0,2,0,604458,1152,105839,2117,0.010671014116862425,0.6475986540226369
8834,0.9495,1,1,1,604459,1151,105840,2116,0.010661751083774871,0.6476890113253749
8835,0.9497,0,3,0,604462,1148,105840,2116,0.010633961984512209,0.6482843137254902
8836,0.9498,0,2,0,604464,1146,105840,2116,0.0106154359183371,0.6486817903126916
8837,0.95,372,216,372,604680,930,106212,1744,0.008614620771425396,0.6522064323111444
8838,0.9501,1,0,1,604680,930,106213,1743,0.008614620771425396,0.6520763187429854
8839,0.9505,0,2,0,604682,928,106213,1743,0.008596094705250287,0.6525645825533508
8840,0.9506,1,0,1,604682,928,106214,1742,0.008596094705250287,0.652434456928839
8841,0.9507,1,0,1,604682,928,106215,1741,0.008596094705250287,0.652304233795429
8842,0.9508,2,3,2,604685,925,106217,1739,0.008568305605987625,0.6527777777777778
8843,0.951,1,1,1,604686,924,106218,1738,0.00855904257290007,0.6528925619834711
8844,0.9511,1,1,1,604687,923,106219,1737,0.008549779539812516,0.6530075187969925
8845,0.9513,1,0,1,604687,923,106220,1736,0.008549779539812516,0.6528770214366303
8846,0.9514,0,3,0,604690,920,106220,1736,0.008521990440549854,0.6536144578313253
8847,0.9515,2,2,2,604692,918,106222,1734,0.008503464374374745,0.6538461538461539
8848,0.9516,1,0,1,604692,918,106223,1733,0.008503464374374745,0.6537155790267823
8849,0.9517,4,4,4,604696,914,106227,1729,0.008466412242024528,0.6541808550889141
8850,0.9518,0,1,0,604697,913,106227,1729,0.008457149208936974,0.6544284632853898
8851,0.9519,0,1,0,604698,912,106227,1729,0.00844788617584942,0.6546762589928058
8852,0.952,2,4,2,604702,908,106229,1727,0.008410834043499203,0.6554079696394687
8853,0.9521,1,1,1,604703,907,106230,1726,0.008401571010411649,0.6555260159513863
8854,0.9522,4,2,4,604705,905,106234,1722,0.00838304494423654,0.6555005709935288
8855,0.9523,2,1,2,604706,904,106236,1720,0.008373781911148986,0.6554878048780488
8856,0.9524,0,1,0,604707,903,106236,1720,0.008364518878061432,0.6557377049180327
8857,0.9525,6,9,6,604716,894,106242,1714,0.008281151580273444,0.6572085889570553
8858,0.9527,0,1,0,604717,893,106242,1714,0.00827188854718589,0.6574606827771384
8859,0.9528,0,2,0,604719,891,106242,1714,0.008253362481010782,0.6579654510556622
8860,0.9532,1,1,1,604720,890,106243,1713,0.008244099447923228,0.6580868228966577
8861,0.9533,18,17,18,604737,873,106261,1695,0.008086627885434806,0.6600467289719626
8862,0.9535,1,1,1,604738,872,106262,1694,0.008077364852347252,0.6601714731098987
8863,0.9536,1,1,1,604739,871,106263,1693,0.008068101819259698,0.6602964118564743
8864,0.9538,1,0,1,604739,871,106264,1692,0.008068101819259698,0.6601638704642997
8865,0.954,2,1,2,604740,870,106266,1690,0.008058838786172143,0.66015625
8866,0.9542,1,5,1,604745,865,106267,1689,0.008012523620734372,0.6613155833985904
8867,0.9543,0,1,0,604746,864,106267,1689,0.008003260587646818,0.6615746180963572
8868,0.9545,0,3,0,604749,861,106267,1689,0.007975471488384157,0.6623529411764706
8869,0.9547,2,2,2,604751,859,106269,1687,0.007956945422209049,0.6626080125687352
8870,0.955,48,25,48,604776,834,106317,1639,0.007725369595020193,0.6627577840679337
8871,0.9551,3,1,3,604777,833,106320,1636,0.007716106561932639,0.6626164439044148
8872,0.9552,1,0,1,604777,833,106321,1635,0.007716106561932639,0.6624797406807131
8873,0.9557,3,1,3,604778,832,106324,1632,0.0077068435288450855,0.6623376623376623
8874,0.9558,0,1,0,604779,831,106324,1632,0.007697580495757531,0.6626065773447016
8875,0.956,7,4,7,604783,827,106331,1625,0.0076605283634073144,0.6627243066884176
8876,0.9563,1,2,1,604785,825,106332,1624,0.007642002297232206,0.6631278072682728
8877,0.9565,1,1,1,604786,824,106333,1623,0.007632739264144652,0.663261136085002
8878,0.9566,1,0,1,604786,824,106334,1622,0.007632739264144652,0.6631234668847097
8879,0.9567,24,10,24,604796,814,106358,1598,0.00754010893326911,0.6625207296849088
8880,0.9571,1,0,1,604796,814,106359,1597,0.00754010893326911,0.6623807548734965
8881,0.9573,1,0,1,604796,814,106360,1596,0.00754010893326911,0.6622406639004149
8882,0.9574,1,1,1,604797,813,106361,1595,0.007530845900181556,0.6623754152823921
8883,0.9575,6,7,6,604804,806,106367,1589,0.007466004668568676,0.6634655532359082
8884,0.958,3,5,3,604809,801,106370,1586,0.007419689503130905,0.6644323418516966
8885,0.9583,7,3,7,604812,798,106377,1579,0.0073919004038682425,0.6642827092974337
8886,0.9586,2,0,2,604812,798,106379,1577,0.0073919004038682425,0.664
8887,0.9588,1,0,1,604812,798,106380,1576,0.0073919004038682425,0.6638584667228307
8888,0.959,2,1,2,604813,797,106382,1574,0.007382637370780688,0.6638549135385913
8889,0.9592,0,1,0,604814,796,106382,1574,0.007373374337693134,0.6641350210970464
8890,0.9593,1,0,1,604814,796,106383,1573,0.007373374337693134,0.6639932460953989
8891,0.9597,0,2,0,604816,794,106383,1573,0.007354848271518026,0.6645542881284326
8892,0.9598,0,1,0,604817,793,106383,1573,0.0073455852384304715,0.6648351648351648
8893,0.96,356,196,356,605013,597,106739,1217,0.005530030753269851,0.6708930540242558
8894,0.9604,1,0,1,605013,597,106740,1216,0.005530030753269851,0.670711527854385
8895,0.9608,1,1,1,605014,596,106741,1215,0.005520767720182297,0.6709000552181116
8896,0.9612,1,0,1,605014,596,106742,1214,0.005520767720182297,0.6707182320441989
8897,0.9614,3,3,3,605017,593,106745,1211,0.005492978620919634,0.6712860310421286
8898,0.9616,0,1,0,605018,592,106745,1211,0.00548371558783208,0.6716583471991125
8899,0.9617,2,1,2,605019,591,106747,1209,0.005474452554744526,0.6716666666666666
8900,0.9618,0,1,0,605020,590,106747,1209,0.005465189521656972,0.6720400222345748
8901,0.9619,1,0,1,605020,590,106748,1208,0.005465189521656972,0.6718576195773082
8902,0.962,0,1,0,605021,589,106748,1208,0.005455926488569417,0.6722314969393434
8903,0.9621,1,0,1,605021,589,106749,1207,0.005455926488569417,0.6720489977728286
8904,0.9623,2,1,2,605022,588,106751,1205,0.005446663455481863,0.6720580033463469
8905,0.9625,2,4,2,605026,584,106753,1203,0.005409611323131646,0.6731952993844432
8906,0.9627,1,3,1,605029,581,106754,1202,0.005381822223868984,0.6741446999439148
8907,0.9628,2,1,2,605030,580,106756,1200,0.0053725591907814296,0.6741573033707865
8908,0.9633,10,6,10,605036,574,106766,1190,0.005316980992256104,0.6746031746031746
8909,0.964,3,0,3,605036,574,106769,1187,0.005316980992256104,0.6740488358886996
8910,0.9642,0,1,0,605037,573,106769,1187,0.00530771795916855,0.6744318181818182
8911,0.9643,1,0,1,605037,573,106770,1186,0.00530771795916855,0.6742467310972143
8912,0.9645,1,0,1,605037,573,106771,1185,0.00530771795916855,0.674061433447099
8913,0.9648,1,0,1,605037,573,106772,1184,0.00530771795916855,0.6738759248719408
8914,0.965,19,16,19,605053,557,106791,1165,0.005159509429767683,0.6765389082462253
8915,0.9651,1,0,1,605053,557,106792,1164,0.005159509429767683,0.6763509587449158
8916,0.9655,0,1,0,605054,556,106792,1164,0.005150246396680129,0.6767441860465117
8917,0.9656,0,1,0,605055,555,106792,1164,0.0051409833635925745,0.6771378708551483
8918,0.9657,4,1,4,605056,554,106796,1160,0.00513172033050502,0.676779463243874
8919,0.9658,1,0,1,605056,554,106797,1159,0.00513172033050502,0.676590776415645
8920,0.966,2,3,2,605059,551,106799,1157,0.005103931231242358,0.677400468384075
8921,0.9664,0,1,0,605060,550,106799,1157,0.0050946681981548034,0.6777973052138254
8922,0.9667,18,14,18,605074,536,106817,1139,0.0049649857349290455,0.68
8923,0.9668,1,0,1,605074,536,106818,1138,0.0049649857349290455,0.6798088410991637
8924,0.9671,1,1,1,605075,535,106819,1137,0.004955722701841491,0.6800239234449761
8925,0.9673,0,1,0,605076,534,106819,1137,0.004946459668753937,0.6804308797127468
8926,0.9674,0,2,0,605078,532,106819,1137,0.004927933602578829,0.6812462552426602
8927,0.9675,3,4,3,605082,528,106822,1134,0.004890881470228612,0.6823104693140795
8928,0.9677,1,0,1,605082,528,106823,1133,0.004890881470228612,0.6821192052980133
8929,0.968,3,1,3,605083,527,106826,1130,0.004881618437141058,0.6819553409776705
8930,0.9683,1,1,1,605084,526,106827,1129,0.004872355404053503,0.6821752265861027
8931,0.9685,0,1,0,605085,525,106827,1129,0.004863092370965949,0.6825876662636033
8932,0.9687,1,0,1,605085,525,106828,1128,0.004863092370965949,0.6823956442831216
8933,0.9688,1,0,1,605085,525,106829,1127,0.004863092370965949,0.6822033898305084
8934,0.9691,1,0,1,605085,525,106830,1126,0.004863092370965949,0.6820109024833434
8935,0.9692,1,1,1,605086,524,106831,1125,0.004853829337878395,0.6822316555488175
8936,0.9693,0,1,0,605087,523,106831,1125,0.004844566304790841,0.6826456310679612
8937,0.9694,1,0,1,605087,523,106832,1124,0.004844566304790841,0.6824529447480268
8938,0.9695,0,2,0,605089,521,106832,1124,0.004826040238615732,0.6832826747720365
8939,0.9697,1,0,1,605089,521,106833,1123,0.004826040238615732,0.6830900243309003
8940,0.9698,1,0,1,605089,521,106834,1122,0.004826040238615732,0.6828971393791844
8941,0.9699,0,1,0,605090,520,106834,1122,0.004816777205528178,0.6833130328867235
8942,0.97,311,152,311,605242,368,107145,811,0.0034087961762199414,0.6878710771840543
8943,0.9704,1,0,1,605242,368,107146,810,0.0034087961762199414,0.6876061120543294
8944,0.971,4,3,4,605245,365,107150,806,0.0033810070769572788,0.6883005977796754
8945,0.9717,3,1,3,605246,364,107153,803,0.0033717440438697246,0.68808911739503
8946,0.972,1,0,1,605246,364,107154,802,0.0033717440438697246,0.6878216123499142
8947,0.9721,0,1,0,605247,363,107154,802,0.0033624810107821704,0.688412017167382
8948,0.9722,1,0,1,605247,363,107155,801,0.0033624810107821704,0.6881443298969072
8949,0.9724,2,4,2,605251,359,107157,799,0.0033254288784319535,0.6899827288428325
8950,0.9725,3,6,3,605257,353,107160,796,0.0032698506799066288,0.6927763272410792
8951,0.9726,0,2,0,605259,351,107160,796,0.0032513246137315203,0.6939843068875327
8952,0.9729,1,0,1,605259,351,107161,795,0.0032513246137315203,0.693717277486911
8953,0.973,1,1,1,605260,350,107162,794,0.003242061580643966,0.6940559440559441
8954,0.9731,0,1,0,605261,349,107162,794,0.003232798547556412,0.694663167104112
8955,0.9733,16,7,16,605268,342,107178,778,0.0031679573159435325,0.6946428571428571
8956,0.9736,0,1,0,605269,341,107178,778,0.0031586942828559783,0.6952636282394995
8957,0.974,1,0,1,605269,341,107179,777,0.0031586942828559783,0.6949910554561717
8958,0.9741,3,0,3,605269,341,107182,774,0.0031586942828559783,0.694170403587444
8959,0.9742,1,0,1,605269,341,107183,773,0.0031586942828559783,0.6938958707360862
8960,0.9747,1,0,1,605269,341,107184,772,0.0031586942828559783,0.6936208445642408
8961,0.9748,0,1,0,605270,340,107184,772,0.003149431249768424,0.6942446043165468
8962,0.975,18,13,18,605283,327,107202,754,0.00302901181963022,0.6975023126734505
8963,0.9755,1,0,1,605283,327,107203,753,0.00302901181963022,0.6972222222222222
8964,0.9757,2,0,2,605283,327,107205,751,0.00302901181963022,0.6966604823747681
8965,0.976,3,3,3,605286,324,107208,748,0.0030012227203675573,0.6977611940298507
8966,0.9767,12,9,12,605295,315,107220,736,0.0029178554225795694,0.7002854424357755
8967,0.977,1,0,1,605295,315,107221,735,0.0029178554225795694,0.7
8968,0.9775,2,4,2,605299,311,107223,733,0.0028808032902293526,0.7021072796934866
8969,0.9777,1,1,1,605300,310,107224,732,0.0028715402571417984,0.7024952015355086
8970,0.978,0,3,0,605303,307,107224,732,0.002843751157879136,0.7045235803657363
8971,0.9783,3,4,3,605307,303,107227,729,0.002806699025528919,0.7063953488372093
8972,0.9786,1,0,1,605307,303,107228,728,0.002806699025528919,0.7061105722599418
8973,0.979,1,0,1,605307,303,107229,727,0.002806699025528919,0.7058252427184466
8974,0.9792,1,0,1,605307,303,107230,726,0.002806699025528919,0.7055393586005831
8975,0.9793,1,0,1,605307,303,107231,725,0.002806699025528919,0.7052529182879378
8976,0.98,279,123,279,605430,180,107510,446,0.0016673459557597539,0.7124600638977636
8977,0.9804,1,0,1,605430,180,107511,445,0.0016673459557597539,0.712
8978,0.9807,1,0,1,605430,180,107512,444,0.0016673459557597539,0.7115384615384616
8979,0.9813,2,0,2,605430,180,107514,442,0.0016673459557597539,0.7106109324758842
8980,0.9815,0,1,0,605431,179,107514,442,0.0016580829226721999,0.711755233494364
8981,0.9817,1,2,1,605433,177,107515,441,0.0016395568564970915,0.7135922330097088
8982,0.982,3,0,3,605433,177,107518,438,0.0016395568564970915,0.7121951219512195
8983,0.9825,4,3,4,605436,174,107522,434,0.0016117677572344289,0.7138157894736842
8984,0.9833,3,3,3,605439,171,107525,431,0.0015839786579717663,0.7159468438538206
8985,0.9835,2,0,2,605439,171,107527,429,0.0015839786579717663,0.715
8986,0.9838,1,0,1,605439,171,107528,428,0.0015839786579717663,0.7145242070116862
8987,0.984,0,1,0,605440,170,107528,428,0.001574715624884212,0.7157190635451505
8988,0.9843,0,1,0,605441,169,107528,428,0.0015654525917966578,0.7169179229480737
8989,0.985,6,10,6,605451,159,107534,422,0.001472822260921116,0.7263339070567987
8990,0.9857,0,1,0,605452,158,107534,422,0.0014635592278335618,0.7275862068965517
8991,0.986,2,1,2,605453,157,107536,420,0.0014542961947460076,0.7279029462738301
8992,0.9867,8,0,8,605453,157,107544,412,0.0014542961947460076,0.7240773286467487
8993,0.9875,1,3,1,605456,154,107545,411,0.001426507095483345,0.727433628318584
8994,0.988,2,0,2,605456,154,107547,409,0.001426507095483345,0.7264653641207816
8995,0.9883,1,1,1,605457,153,107548,408,0.0014172440623957908,0.7272727272727273
8996,0.99,230,95,230,605552,58,107778,178,0.000537255919078143,0.7542372881355932
8997,0.9917,2,0,2,605552,58,107780,176,0.000537255919078143,0.7521367521367521
8998,0.9925,1,1,1,605553,57,107781,175,0.0005279928859905888,0.7543103448275862
8999,0.9927,1,0,1,605553,57,107782,174,0.0005279928859905888,0.7532467532467533
9000,0.9933,1,3,1,605556,54,107783,173,0.0005002037867279261,0.762114537444934
9001,0.9938,0,2,0,605558,52,107783,173,0.00048167772055281784,0.7688888888888888
9002,0.995,3,6,3,605564,46,107786,170,0.00042609952202749267,0.7870370370370371
9003,0.996,0,1,0,605565,45,107786,170,0.00041683648893993847,0.7906976744186046
9004,0.9967,2,2,2,605567,43,107788,168,0.0003983104227648301,0.7962085308056872
9005,0.9975,2,0,2,605567,43,107790,166,0.0003983104227648301,0.7942583732057417
9006,0.998,2,0,2,605567,43,107792,164,0.0003983104227648301,0.7922705314009661
9007,1.0,164,43,164,605610,0,107956,0,0.0,
