,y_proba,y_test,Neg,Pos,TN,FP,FN,TP,FP/P,Prec
0,0.0,3,573,3,573,605037,3,107953,5.6044777501945235,0.1514088556641748
1,0.0033,0,1,0,574,605036,3,107953,5.604468487161436,0.15140906802208728
2,0.005,0,6,0,580,605030,3,107953,5.604412908962911,0.15141034218207167
3,0.01,3,774,3,1354,604256,6,107950,5.597243321353144,0.151571315040873
4,0.0186,0,1,0,1355,604255,6,107950,5.597234058320057,0.15157152786065808
5,0.02,10,1152,10,2507,603103,16,107940,5.586563044203194,0.15180516508846864
6,0.0233,0,4,0,2511,603099,16,107940,5.586525992070844,0.15180601907912225
7,0.024,0,1,0,2512,603098,16,107940,5.586516729037756,0.15180623257828696
8,0.025,0,6,0,2518,603092,16,107940,5.586461150839231,0.15180751358588643
9,0.026,0,2,0,2520,603090,16,107940,5.586442624773055,0.15180794059322392
10,0.0267,0,1,0,2521,603089,16,107940,5.586433361739968,0.15180815409779347
11,0.0275,0,1,0,2522,603088,16,107940,5.586424098706881,0.1518083676029636
12,0.0283,0,1,0,2523,603087,16,107940,5.586414835673793,0.15180858110873427
13,0.03,15,1608,15,4131,601479,31,107925,5.571519878469006,0.15213474973357918
14,0.0333,0,8,0,4139,601471,31,107925,5.571445774204306,0.15213646538745637
15,0.034,0,3,0,4142,601468,31,107925,5.571417985105043,0.15213710876763656
16,0.035,0,8,0,4150,601460,31,107925,5.571343880840343,0.15213882447472107
17,0.0367,0,3,0,4153,601457,31,107925,5.57131609174108,0.15213946787485444
18,0.04,19,2095,19,6248,599362,50,107906,5.551910037422654,0.15256734363777238
19,0.041,0,1,0,6249,599361,50,107906,5.5519007743895665,0.1525675593517017
20,0.0433,0,18,0,6267,599343,50,107906,5.55173403979399,0.15257144230674063
21,0.045,0,21,0,6288,599322,50,107906,5.551539516099152,0.1525759726707653
22,0.046,0,1,0,6289,599321,50,107906,5.551530253066064,0.15257618840909637
23,0.0467,0,2,0,6291,599319,50,107906,5.551511726999889,0.1525766198875888
24,0.0475,0,1,0,6292,599318,50,107906,5.551502463966801,0.15257683562775018
25,0.05,27,2646,27,8938,596672,77,107879,5.5269924784171325,0.15311737546323828
26,0.0504,0,1,0,8939,596671,77,107879,5.526983215384045,0.15311759278972395
27,0.052,0,1,0,8940,596670,77,107879,5.526973952350958,0.1531178101168265
28,0.0525,0,2,0,8942,596668,77,107879,5.526955426284783,0.15311824477288244
29,0.0533,0,10,0,8952,596658,77,107879,5.526862795953907,0.15312041809017837
30,0.0538,0,1,0,8953,596657,77,107879,5.5268535329208195,0.1531206354253012
31,0.054,0,1,0,8954,596656,77,107879,5.526844269887732,0.15312085276104098
32,0.0547,0,1,0,8955,596655,77,107879,5.526835006854644,0.1531210700973977
33,0.055,0,30,0,8985,596625,77,107879,5.526557115862018,0.15312759047500085
34,0.056,0,6,0,8991,596619,77,107879,5.526501537663493,0.15312889461716003
35,0.0567,0,4,0,8995,596615,77,107879,5.526464485531142,0.1531297640576073
36,0.0575,0,2,0,8997,596613,77,107879,5.526445959464967,0.15313019878153336
37,0.058,0,3,0,9000,596610,77,107879,5.526418170365704,0.15313085087205053
38,0.0583,0,2,0,9002,596608,77,107879,5.52639964429953,0.15313128560214737
39,0.0592,0,1,0,9003,596607,77,107879,5.526390381266442,0.15313150296812145
40,0.06,39,3245,39,12248,593362,116,107840,5.496331838897328,0.15379305820576666
41,0.062,0,2,0,12250,593360,116,107840,5.496313312831154,0.1537934968625214
42,0.0625,0,2,0,12252,593358,116,107840,5.496294786764978,0.15379393552177845
43,0.0633,0,13,0,12265,593345,116,107840,5.49617436733484,0.15379678686794498
44,0.064,0,2,0,12267,593343,116,107840,5.496155841268665,0.15379722554597017
45,0.065,0,34,0,12301,593309,116,107840,5.495840898143689,0.1538046834552998
46,0.066,0,6,0,12307,593303,116,107840,5.4957853199451625,0.15380599963202943
47,0.0667,1,10,1,12317,593293,117,107839,5.4956926896142875,0.15380698641625257
48,0.0675,0,4,0,12321,593289,117,107839,5.495655637481937,0.15380786389931653
49,0.068,0,1,0,12322,593288,117,107839,5.4956463744488495,0.15380808327164694
50,0.0686,0,1,0,12323,593287,117,107839,5.495637111415762,0.1538083026446031
51,0.07,45,3773,45,16096,589514,162,107794,5.46068768757642,0.15458592185949394
52,0.0717,0,2,0,16098,589512,162,107794,5.4606691615102445,0.1545863652399377
53,0.072,0,6,0,16104,589506,162,107794,5.460613583311719,0.15458769539652947
54,0.0725,0,7,0,16111,589499,162,107794,5.460548742080107,0.1545892472748185
55,0.0733,0,17,0,16128,589482,162,107794,5.4603912705176185,0.1545930162518142
56,0.074,0,3,0,16131,589479,162,107794,5.460363481418356,0.15459368138447924
57,0.075,0,46,0,16177,589433,162,107794,5.459937381896328,0.15460388080209173
58,0.0757,0,1,0,16178,589432,162,107794,5.459928118863241,0.15460410254350812
59,0.076,0,1,0,16179,589431,162,107794,5.4599188558301535,0.15460432428556062
60,0.0767,0,14,0,16193,589417,162,107794,5.459789173366928,0.15460742874108413
61,0.0775,0,6,0,16199,589411,162,107794,5.459733595168402,0.1546087592601889
62,0.0783,0,2,0,16201,589409,162,107794,5.459715069102227,0.15460920277164614
63,0.0786,0,1,0,16202,589408,162,107794,5.459705806069139,0.15460942452832896
64,0.0792,0,1,0,16203,589407,162,107794,5.459696543036052,0.1546096462856479
65,0.08,59,4379,59,20582,585028,221,107735,5.419133721145652,0.15551494522657822
66,0.0817,0,1,0,20583,585027,221,107735,5.419124458112564,0.15551516971196458
67,0.082,0,1,0,20584,585026,221,107735,5.419115195079477,0.15551539419799904
68,0.0825,0,5,0,20589,585021,221,107735,5.419068879914039,0.1555165166378927
69,0.0833,0,20,0,20609,585001,221,107735,5.418883619252288,0.1555210065594974
70,0.0837,0,1,0,20610,585000,221,107735,5.4188743562192005,0.15552123106238316
71,0.084,0,8,0,20618,584992,221,107735,5.4188002519545,0.15552302710880334
72,0.085,0,48,0,20666,584944,221,107735,5.4183556263662975,0.15553380425853822
73,0.0858,0,1,0,20667,584943,221,107735,5.418346363333209,0.15553402879837386
74,0.086,0,2,0,20669,584941,221,107735,5.418327837267035,0.15553447787999006
75,0.0862,0,1,0,20670,584940,221,107735,5.418318574233947,0.15553470242177067
76,0.0867,0,18,0,20688,584922,221,107735,5.418151839638371,0.15553874428468925
77,0.0873,0,1,0,20689,584921,221,107735,5.418142576605284,0.15553896883878865
78,0.0875,0,4,0,20693,584917,221,107735,5.418105524472933,0.15553986706167022
79,0.0878,0,1,0,20694,584916,221,107735,5.418096261439846,0.15554009161901158
80,0.088,0,1,0,20695,584915,221,107735,5.418086998406758,0.15554031617700137
81,0.0886,0,2,0,20697,584913,221,107735,5.418068472340583,0.15554076529492614
82,0.09,71,5080,71,25777,579833,292,107664,5.371012264255808,0.15660286517613894
83,0.0914,0,1,0,25778,579832,292,107664,5.371003001222721,0.15660309296344996
84,0.092,0,4,0,25782,579828,292,107664,5.37096594909037,0.15660400411932066
85,0.0925,0,12,0,25794,579816,292,107664,5.3708547926933194,0.15660673765054983
86,0.0933,0,24,0,25818,579792,292,107664,5.370632479899218,0.15661220499930179
87,0.0938,0,1,0,25819,579791,292,107664,5.3706232168661305,0.15661243281378417
88,0.094,1,5,1,25824,579786,293,107663,5.370576901700693,0.15661234506123364
89,0.095,1,66,1,25890,579720,294,107662,5.3699655415169145,0.15662615547104813
90,0.0957,0,1,0,25891,579719,294,107662,5.369956278483826,0.156626383330351
91,0.096,0,5,0,25896,579714,294,107662,5.369909963318389,0.15662752263681012
92,0.0967,0,30,0,25926,579684,294,107662,5.3696320723257625,0.15663435882364923
93,0.0975,0,6,0,25932,579678,294,107662,5.369576494127237,0.15663572613262722
94,0.098,0,3,0,25935,579675,294,107662,5.369548705027975,0.15663640979606802
95,0.0983,0,1,0,25936,579674,294,107662,5.3695394419948865,0.15663663768520783
96,0.0986,0,2,0,25938,579672,294,107662,5.369520915928712,0.15663709346547675
97,0.0992,0,1,0,25939,579671,294,107662,5.369511652895624,0.1566373213566059
98,0.1,69,5482,69,31421,574189,363,107593,5.318731705509652,0.15781144119381268
99,0.1017,0,2,0,31423,574187,363,107593,5.318713179443477,0.15781190413329813
100,0.102,0,5,0,31428,574182,363,107593,5.318666864278039,0.15781306149389462
101,0.1025,0,13,0,31441,574169,363,107593,5.318546444847901,0.15781607071089324
102,0.1033,0,36,0,31477,574133,363,107593,5.318212975656749,0.1578244045261586
103,0.1038,0,1,0,31478,574132,363,107593,5.318203712623662,0.15782463603359126
104,0.104,0,12,0,31490,574120,363,107593,5.318092556226611,0.15782741417576018
105,0.105,2,80,2,31570,574040,365,107591,5.317351513579607,0.15784346662637116
106,0.1057,0,2,0,31572,574038,365,107591,5.317332987513431,0.15784392976237807
107,0.106,0,5,0,31577,574033,365,107591,5.3172866723479935,0.1578450876142859
108,0.1067,0,33,0,31610,574000,365,107591,5.316980992256104,0.15785272986292365
109,0.1073,0,1,0,31611,573999,365,107591,5.316971729223017,0.15785296145776787
110,0.1075,0,9,0,31620,573990,365,107591,5.316888361925229,0.15785504584194687
111,0.108,0,2,0,31622,573988,365,107591,5.316869835859054,0.15785550904590664
112,0.1083,0,3,0,31625,573985,365,107591,5.316842046759791,0.15785620385694332
113,0.109,0,1,0,31626,573984,365,107591,5.316832783726704,0.15785643546198144
114,0.11,89,6046,89,37672,567938,454,107502,5.260828485679351,0.1591584744758972
115,0.1117,0,3,0,37675,567935,454,107502,5.260800696580088,0.15915918138923393
116,0.112,0,5,0,37680,567930,454,107502,5.2607543814146505,0.1591603595920833
117,0.1125,0,16,0,37696,567914,454,107502,5.260606172885249,0.15916412995842563
118,0.1129,0,1,0,37697,567913,454,107502,5.260596909852162,0.1591643656122532
119,0.113,0,1,0,37698,567912,454,107502,5.260587646819075,0.1591646012667786
120,0.1133,1,50,1,37748,567862,455,107501,5.260124495164697,0.15917513988773443
121,0.114,0,9,0,37757,567853,455,107501,5.260041127866908,0.15917726111046948
122,0.115,0,81,0,37838,567772,455,107501,5.259290822186816,0.1591963546595229
123,0.1153,0,1,0,37839,567771,455,107501,5.259281559153729,0.15919659041097514
124,0.1157,0,3,0,37842,567768,455,107501,5.259253770054467,0.15919729766952134
125,0.116,0,6,0,37848,567762,455,107501,5.259198191855941,0.1591987122054666
126,0.1167,1,47,1,37895,567715,456,107500,5.258762829300826,0.15920854838829113
127,0.1168,0,1,0,37896,567714,456,107500,5.258753566267739,0.15920878417805318
128,0.117,0,1,0,37897,567713,456,107500,5.258744303234651,0.15920901996851364
129,0.1171,0,1,0,37898,567712,456,107500,5.258735040201564,0.1592092557596725
130,0.1175,0,11,0,37909,567701,456,107500,5.2586331468376,0.15921184950851672
131,0.118,0,1,0,37910,567700,456,107500,5.258623883804513,0.15921208530805686
132,0.1183,0,5,0,37915,567695,456,107500,5.258577568639075,0.15921326431623456
133,0.1186,0,1,0,37916,567694,456,107500,5.258568305605988,0.15921350011996552
134,0.12,101,6509,101,44425,561185,557,107399,5.198275223239097,0.16063650939896856
135,0.1208,0,1,0,44426,561184,557,107399,5.19826596020601,0.16063674966309344
136,0.1217,1,1,1,44427,561183,558,107398,5.198256697172923,0.1606357344884165
137,0.1219,0,1,0,44428,561182,558,107398,5.198247434139835,0.16063597475246044
138,0.122,0,5,0,44433,561177,558,107398,5.198201118974397,0.1606371760834611
139,0.1223,0,1,0,44434,561176,558,107398,5.198191855941309,0.16063741635181744
140,0.1224,0,1,0,44435,561175,558,107398,5.198182592908222,0.16063765662089255
141,0.1225,0,13,0,44448,561162,558,107398,5.198062173478084,0.16064078018427666
142,0.1233,3,42,3,44490,561120,561,107395,5.197673126088406,0.1606471058988953
143,0.1238,0,1,0,44491,561119,561,107395,5.197663863055319,0.16064734620366963
144,0.124,0,14,0,44505,561105,561,107395,5.197534180592093,0.1606507105459985
145,0.125,3,107,3,44612,560998,564,107392,5.196543036051724,0.16067266117087328
146,0.1257,0,2,0,44614,560996,564,107392,5.19652450998555,0.16067314194749158
147,0.126,0,7,0,44621,560989,564,107392,5.196459668753937,0.160674824688314
148,0.1265,0,1,0,44622,560988,564,107392,5.196450405720849,0.16067506508273738
149,0.1267,2,42,2,44664,560946,566,107390,5.196061358331172,0.16068265064279044
150,0.1271,0,1,0,44665,560945,566,107390,5.196052095298084,0.16068289106510955
151,0.1275,0,22,0,44687,560923,566,107390,5.195848308570159,0.160688180538161
152,0.128,0,7,0,44694,560916,566,107390,5.195783467338545,0.16068986362534526
153,0.1283,0,2,0,44696,560914,566,107390,5.19576494127237,0.16069034451387393
154,0.1286,0,1,0,44697,560913,566,107390,5.195755678239283,0.1606905849592176
155,0.1292,0,1,0,44698,560912,566,107390,5.195746415206195,0.16069082540528085
156,0.13,127,6963,127,51661,553949,693,107263,5.131247915817555,0.1622217987574333
157,0.1315,0,1,0,51662,553948,693,107263,5.131238652784468,0.16222204409787497
158,0.1317,0,6,0,51668,553942,693,107263,5.131183074585943,0.16222351615610892
159,0.132,0,5,0,51673,553937,693,107263,5.131136759420505,0.16222474289171204
160,0.1325,0,12,0,51685,553925,693,107263,5.131025603023454,0.16222768713285782
161,0.1333,1,49,1,51734,553876,694,107262,5.130571714402164,0.16223844341120916
162,0.1338,0,2,0,51736,553874,694,107262,5.1305531883359885,0.1622389341981075
163,0.134,0,20,0,51756,553854,694,107262,5.1303679276742375,0.16224384223041038
164,0.1343,0,1,0,51757,553853,694,107262,5.13035866464115,0.1622440876398206
165,0.1347,0,1,0,51758,553852,694,107262,5.130349401608062,0.16224433304997324
166,0.135,2,103,2,51861,553749,696,107260,5.129395309200045,0.1622670795707774
167,0.1357,0,1,0,51862,553748,696,107260,5.129386046166957,0.1622673250550674
168,0.1358,0,1,0,51863,553747,696,107260,5.1293767831338695,0.1622675705401002
169,0.136,0,8,0,51871,553739,696,107260,5.129302678869169,0.16226953444710204
170,0.1362,0,1,0,51872,553738,696,107260,5.129293415836082,0.16226977993881977
171,0.1365,0,1,0,51873,553737,696,107260,5.1292841528029935,0.16227002543128033
172,0.1367,1,55,1,51928,553682,697,107259,5.128774685983179,0.16228226120031894
173,0.1371,0,1,0,51929,553681,697,107259,5.1287654229500905,0.16228250673283506
174,0.1375,0,13,0,51942,553668,697,107259,5.128645003519953,0.162285698723157
175,0.138,0,6,0,51948,553662,697,107259,5.128589425321427,0.16228717199181142
176,0.1383,0,4,0,51952,553658,697,107259,5.128552373189077,0.16228815418577522
177,0.1386,0,1,0,51953,553657,697,107259,5.12854311015599,0.1622883997361238
178,0.14,138,7400,138,59353,546257,835,107121,5.059996665308089,0.1639495054929918
179,0.1407,0,1,0,59354,546256,835,107121,5.059987402275001,0.16394975641934137
180,0.1417,0,5,0,59359,546251,835,107121,5.059941087109563,0.1639510110626106
181,0.142,0,5,0,59364,546246,835,107121,5.059894771944125,0.16395226572508254
182,0.1425,2,19,2,59383,546227,837,107119,5.059718774315462,0.16395447435202787
183,0.1429,0,1,0,59384,546226,837,107119,5.0597095112823745,0.16395472529827274
184,0.1433,0,57,0,59441,546169,837,107119,5.059181518396383,0.16396903050415743
185,0.144,0,14,0,59455,546155,837,107119,5.0590518359331575,0.16397254444536288
186,0.1443,0,3,0,59458,546152,837,107119,5.059024046833895,0.16397329745235897
187,0.145,3,117,3,59575,546035,840,107116,5.057940271962652,0.16399883028579915
188,0.1457,0,3,0,59578,546032,840,107116,5.057912482863388,0.1639995835553351
189,0.1458,0,1,0,59579,546031,840,107116,5.057903219830301,0.1639998346467181
190,0.146,1,9,1,59588,546022,841,107115,5.057819852532513,0.164000814530489
191,0.1467,0,57,0,59645,545965,841,107115,5.057291859646523,0.16401512831506093
192,0.1471,0,1,0,59646,545964,841,107115,5.057282596613435,0.16401537945639041
193,0.1473,0,1,0,59647,545963,841,107115,5.057273333580348,0.164015630598489
194,0.1475,0,22,0,59669,545941,841,107115,5.057069546852421,0.16402115591924735
195,0.148,0,2,0,59671,545939,841,107115,5.057051020786246,0.16402165823959428
196,0.1483,0,4,0,59675,545935,841,107115,5.057013968653896,0.16402266288951842
197,0.1486,0,2,0,59677,545933,841,107115,5.056995442587721,0.16402316521909568
198,0.1487,0,1,0,59678,545932,841,107115,5.056986179554634,0.16402341638503815
199,0.149,0,1,0,59679,545931,841,107115,5.0569769165215455,0.1640236675517498
200,0.1493,0,1,0,59680,545930,841,107115,5.056967653488458,0.1640239187192307
201,0.15,167,7730,167,67410,538200,1008,106948,4.985364407721664,0.16577281491998735
202,0.1507,0,1,0,67411,538199,1008,106948,4.985355144688577,0.165773071873542
203,0.1508,0,1,0,67412,538198,1008,106948,4.98534588165549,0.16577332882789322
204,0.1517,0,4,0,67416,538194,1008,106948,4.985308829523139,0.16577435665326393
205,0.152,0,6,0,67422,538188,1008,106948,4.985253251324614,0.16577589841521786
206,0.1525,0,20,0,67442,538168,1008,106948,4.985067990662863,0.1657810378288556
207,0.1527,0,1,0,67443,538167,1008,106948,4.9850587276297755,0.16578129480790246
208,0.1529,0,1,0,67444,538166,1008,106948,4.985049464596687,0.16578155178774603
209,0.1533,3,57,3,67501,538109,1011,106945,4.984521471710697,0.16579232126302604
210,0.1538,0,1,0,67502,538108,1011,106945,4.984512208677609,0.16579257828426502
211,0.154,0,10,0,67512,538098,1011,106945,4.984419578346734,0.1657951485404849
212,0.155,2,163,2,67675,537935,1013,106943,4.982909703953463,0.16583446791486142
213,0.1557,1,1,1,67676,537934,1014,106942,4.982900440920375,0.1658334315434285
214,0.1558,0,1,0,67677,537933,1014,106942,4.9828911778872875,0.16583368869936035
215,0.156,1,12,1,67689,537921,1015,106941,4.982780021490237,0.16583548107967286
216,0.1562,0,1,0,67690,537920,1015,106941,4.982770758457149,0.16583573824436584
217,0.1565,0,2,0,67692,537918,1015,106941,4.9827522323909745,0.16583625257614457
218,0.1567,3,60,3,67752,537858,1018,106938,4.982196450405721,0.16584780302607335
219,0.157,0,1,0,67753,537857,1018,106938,4.9821871873726336,0.1658480602361991
220,0.1571,0,2,0,67755,537855,1018,106938,4.982168661306458,0.165848574658844
221,0.1573,0,1,0,67756,537854,1018,106938,4.982159398273371,0.16584883187136318
222,0.1575,0,20,0,67776,537834,1018,106938,4.981974137611619,0.16585397628929296
223,0.158,1,4,1,67780,537830,1019,106937,4.981937085479269,0.16585371149578065
224,0.1582,0,1,0,67781,537829,1019,106937,4.981927822446182,0.16585396872663882
225,0.1583,0,7,0,67788,537822,1019,106937,4.981862981214569,0.16585576936498753
226,0.1586,0,2,0,67790,537820,1019,106937,4.981844455148393,0.16585628384026851
227,0.159,0,1,0,67791,537819,1019,106937,4.981835192115306,0.16585654107910588
228,0.16,191,8240,191,76031,529579,1210,106746,4.90550779947386,0.16775389934388873
229,0.1603,0,1,0,76032,529578,1210,106746,4.905498536440772,0.1677541629735795
230,0.1607,1,1,1,76033,529577,1211,106745,4.905489273407684,0.16775311870405235
231,0.1608,0,1,0,76034,529576,1211,106745,4.905480010374597,0.16775338233375922
232,0.1617,0,2,0,76036,529574,1211,106745,4.905461484308422,0.16775390959565878
233,0.162,0,8,0,76044,529566,1211,106745,4.905387380043721,0.16775601867640194
234,0.1625,0,23,0,76067,529543,1211,106745,4.9051743302827076,0.16776208257895794
235,0.1627,0,1,0,76068,529542,1211,106745,4.90516506724962,0.16776234623683967
236,0.163,0,1,0,76069,529541,1211,106745,4.905155804216533,0.1677626098955501
237,0.1633,1,64,1,76133,529477,1212,106744,4.9045629700989295,0.16777817770868927
238,0.164,0,11,0,76144,529466,1212,106744,4.904461076734966,0.16778107857468447
239,0.1642,0,1,0,76145,529465,1212,106744,4.904451813701878,0.16778134229474906
240,0.165,4,140,4,76285,529325,1216,106740,4.903154989069621,0.1678130379756786
241,0.1657,0,4,0,76289,529321,1216,106740,4.903117936937271,0.16781409330237193
242,0.166,0,13,0,76302,529308,1216,106740,4.902997517507132,0.1678175232057958
243,0.1667,1,65,1,76367,529243,1217,106739,4.9023954203564415,0.16783336635313578
244,0.1674,0,3,0,76370,529240,1217,106739,4.902367631257179,0.167834158046099
245,0.1675,0,26,0,76396,529214,1217,106739,4.902126792396903,0.16784101969799656
246,0.168,0,7,0,76403,529207,1217,106739,4.902061951165289,0.16784286716167726
247,0.1683,0,5,0,76408,529202,1217,106739,4.9020156359998515,0.16784418680349278
248,0.1686,0,2,0,76410,529200,1217,106739,4.901997109933677,0.1678447146660293
249,0.1687,0,3,0,76413,529197,1217,106739,4.901969320834414,0.16784550646605947
250,0.169,0,1,0,76414,529196,1217,106739,4.901960057801326,0.167845770401063
251,0.1693,0,2,0,76416,529194,1217,106739,4.901941531735152,0.16784629827356026
252,0.17,214,8439,214,84855,520755,1431,106525,4.823770795509281,0.1698204948348425
253,0.171,0,1,0,84856,520754,1431,106525,4.823761532476194,0.16982076556046033
254,0.1717,0,5,0,84861,520749,1431,106525,4.823715217310756,0.16982211920149728
255,0.172,0,7,0,84868,520742,1431,106525,4.823650376079144,0.16982401433520336
256,0.1725,0,16,0,84884,520726,1431,106525,4.8235021675497425,0.16982834622822443
257,0.1729,0,1,0,84885,520725,1431,106525,4.823492904516655,0.16982861697887605
258,0.1733,1,87,1,84972,520638,1432,106524,4.822687020638038,0.1698508519329934
259,0.174,0,15,0,84987,520623,1432,106524,4.822548075141724,0.16985491439805978
260,0.1742,0,1,0,84988,520622,1432,106524,4.822538812108637,0.16985518523597376
261,0.1743,0,2,0,84990,520620,1432,106524,4.822520286042462,0.16985572691439288
262,0.175,4,179,4,85169,520441,1436,106520,4.820862203119789,0.16989892513250426
263,0.1754,0,1,0,85170,520440,1436,106520,4.820852940086702,0.16989919612096466
264,0.1757,0,4,0,85174,520436,1436,106520,4.8208158879543515,0.16990028008345084
265,0.1758,0,1,0,85175,520435,1436,106520,4.820806624921264,0.16990055107623353
266,0.176,0,13,0,85188,520422,1436,106520,4.820686205491126,0.1699040740610774
267,0.1762,0,1,0,85189,520421,1436,106520,4.8206769424580385,0.16990434506596314
268,0.1767,0,60,0,85249,520361,1436,106520,4.820121160472786,0.1699206069413493
269,0.1771,0,1,0,85250,520360,1436,106520,4.8201118974396975,0.16992087799897906
270,0.1773,0,2,0,85252,520358,1436,106520,4.820093371373522,0.16992142011683295
271,0.1775,0,29,0,85281,520329,1436,106520,4.819824743413983,0.16992928121445516
272,0.178,0,12,0,85293,520317,1436,106520,4.819713587016933,0.16993253429519956
273,0.1783,0,3,0,85296,520314,1436,106520,4.81968579791767,0.16993334758484702
274,0.1786,0,1,0,85297,520313,1436,106520,4.819676534884582,0.16993361868312612
275,0.1788,0,1,0,85298,520312,1436,106520,4.819667271851495,0.1699338897822702
276,0.179,0,4,0,85302,520308,1436,106520,4.819630219719145,0.16993497418749642
277,0.1792,0,1,0,85303,520307,1436,106520,4.819620956686057,0.16993524529096546
278,0.1793,0,2,0,85305,520305,1436,106520,4.819602430619883,0.16993578750049854
279,0.1795,0,1,0,85306,520304,1436,106520,4.8195931675867945,0.1699360586065626
280,0.18,230,8746,230,94052,511558,1666,106290,4.738578680203045,0.1720326034882366
281,0.1808,0,1,0,94053,511557,1666,106290,4.738569417169958,0.17203288192707902
282,0.181,0,3,0,94056,511554,1666,106290,4.738541628070696,0.1720337172490143
283,0.1817,0,1,0,94057,511553,1666,106290,4.738532365037608,0.17203399569146208
284,0.182,0,7,0,94064,511546,1666,106290,4.738467523805995,0.17203594481383408
285,0.1821,0,1,0,94065,511545,1666,106290,4.738458260772908,0.1720362232634927
286,0.1825,0,31,0,94096,511514,1666,106290,4.738171106747194,0.17204485565001199
287,0.1829,0,1,0,94097,511513,1666,106290,4.7381618437141055,0.17204513412851669
288,0.1833,2,86,2,94183,511427,1668,106288,4.737365222868576,0.17206640602867018
289,0.184,0,14,0,94197,511413,1668,106288,4.73723554040535,0.1720703058599549
290,0.1843,0,1,0,94198,511412,1668,106288,4.737226277372263,0.17207058442609682
291,0.1847,0,1,0,94199,511411,1668,106288,4.737217014339175,0.17207086299314067
292,0.185,2,181,2,94380,511230,1670,106286,4.735540405350328,0.17211861716943366
293,0.1857,0,3,0,94383,511227,1670,106286,4.735512616251065,0.17211945335563786
294,0.1858,0,2,0,94385,511225,1670,106286,4.73549409018489,0.17212001081762107
295,0.186,0,15,0,94400,511210,1670,106286,4.735355144688577,0.17212419189759934
296,0.1867,2,69,2,94469,511141,1672,106284,4.734715995405535,0.17214074583957567
297,0.187,1,2,1,94471,511139,1673,106283,4.734697469339361,0.17213996261875994
298,0.1871,0,3,0,94474,511136,1673,106283,4.734669680240097,0.17214079903598692
299,0.1875,0,29,0,94503,511107,1673,106283,4.734401052280559,0.17214888482158766
300,0.188,0,12,0,94515,511095,1673,106283,4.734289895883508,0.17215223088610218
301,0.1883,0,9,0,94524,511086,1673,106283,4.73420652858572,0.17215474051985116
302,0.1886,0,2,0,94526,511084,1673,106283,4.734188002519545,0.17215529822617665
303,0.1887,0,1,0,94527,511083,1673,106283,4.734178739486458,0.17215557708069443
304,0.189,0,1,0,94528,511082,1673,106283,4.73416947645337,0.1721558559361156
305,0.1892,0,1,0,94529,511081,1673,106283,4.7341602134202825,0.17215613479244013
306,0.19,250,9147,250,103676,501934,1923,106033,4.6494312497684245,0.17440584768581188
307,0.1907,0,1,0,103677,501933,1923,106033,4.649421986735336,0.174406134553577
308,0.1908,0,1,0,103678,501932,1923,106033,4.649412723702249,0.17440642142228582
309,0.191,0,1,0,103679,501931,1923,106033,4.649403460669162,0.17440670829193833
310,0.1913,0,2,0,103681,501929,1923,106033,4.6493849346029865,0.1744072820340745
311,0.1917,0,9,0,103690,501920,1923,106033,4.649301567305199,0.17440986392040175
312,0.192,0,8,0,103698,501912,1923,106033,4.649227463040498,0.1744121589946459
313,0.1925,1,25,1,103723,501887,1924,106032,4.648995887213309,0.17441797344712043
314,0.1927,0,1,0,103724,501886,1924,106032,4.648986624180221,0.17441826035748242
315,0.1933,2,80,2,103804,501806,1926,106030,4.648245581533217,0.17443849985851448
316,0.194,0,14,0,103818,501792,1926,106030,4.648115899069992,0.17444251771077718
317,0.1943,0,2,0,103820,501790,1926,106030,4.648097373003816,0.17444309170478103
318,0.1946,0,1,0,103821,501789,1926,106030,4.648088109970729,0.17444337870319948
319,0.195,2,166,2,103987,501623,1928,106028,4.646550446478195,0.17448831648429772
320,0.1957,0,5,0,103992,501618,1928,106028,4.646504131312757,0.17448975225707072
321,0.196,0,14,0,104006,501604,1928,106028,4.6463744488495315,0.17449377254654133
322,0.1967,0,67,0,104073,501537,1928,106028,4.645753825632665,0.1745130150683466
323,0.1971,0,1,0,104074,501536,1928,106028,4.645744562599577,0.17451330230230888
324,0.1973,0,1,0,104075,501535,1928,106028,4.64573529956649,0.1745135895372167
325,0.1975,1,35,1,104110,501500,1929,106027,4.645411093408426,0.1745222846062809
326,0.198,1,8,1,104118,501492,1930,106026,4.6453369891437255,0.1745232240032394
327,0.1983,0,6,0,104124,501486,1930,106026,4.6452814109452,0.17452494765535495
328,0.199,0,2,0,104126,501484,1930,106026,4.645262884879025,0.1745255222136261
329,0.1992,0,1,0,104127,501483,1930,106026,4.645253621845937,0.17452580949418034
330,0.2,315,9389,315,113516,492094,2245,105711,4.558283004186891,0.1768319100710098
331,0.2007,0,1,0,113517,492093,2245,105711,4.558273741153803,0.176832205873497
332,0.2008,0,1,0,113518,492092,2245,105711,4.558264478120716,0.17683250167697384
333,0.201,0,2,0,113520,492090,2245,105711,4.55824595205454,0.17683309328689648
334,0.2017,0,7,0,113527,492083,2245,105711,4.558181110822928,0.1768351639527998
335,0.202,0,9,0,113536,492074,2245,105711,4.55809774352514,0.17683782630878994
336,0.2025,1,31,1,113567,492043,2246,105710,4.557810589499426,0.17684562018091085
337,0.2033,5,96,5,113663,491947,2251,105705,4.55692133832302,0.17686714007482615
338,0.2037,0,2,0,113665,491945,2251,105705,4.556902812256846,0.17686773195013805
339,0.204,0,22,0,113687,491923,2251,105705,4.5566990255289195,0.17687424284002756
340,0.2043,0,3,0,113690,491920,2251,105705,4.556671236429657,0.1768751307257896
341,0.2047,0,1,0,113691,491919,2251,105705,4.556661973396569,0.17687542668969117
342,0.205,9,220,9,113911,491699,2260,105696,4.554624106117307,0.17692816310816126
343,0.2057,0,2,0,113913,491697,2260,105696,4.554605580051132,0.17692875544239722
344,0.206,0,24,0,113937,491673,2260,105696,4.55438326725703,0.17693586376259898
345,0.2067,0,88,0,114025,491585,2260,105696,4.553568120345326,0.1769619324907372
346,0.207,0,1,0,114026,491584,2260,105696,4.553558857312239,0.17696222877042594
347,0.2071,0,1,0,114027,491583,2260,105696,4.553549594279151,0.17696252505110677
348,0.2073,0,1,0,114028,491582,2260,105696,4.553540331246063,0.1769628213327797
349,0.2075,0,33,0,114061,491549,2260,105696,4.553234651154174,0.17697259918458924
350,0.208,0,18,0,114079,491531,2260,105696,4.553067916558598,0.1769779330137452
351,0.2081,0,1,0,114080,491530,2260,105696,4.55305865352551,0.17697822934701438
352,0.2083,0,12,0,114092,491518,2260,105696,4.55294749712846,0.17698178542365048
353,0.2086,0,2,0,114094,491516,2260,105696,4.5529289710622844,0.17698237811698359
354,0.2088,0,2,0,114096,491514,2260,105696,4.552910444996109,0.17698297081428643
355,0.209,0,2,0,114098,491512,2260,105696,4.552891918929935,0.17698356351555908
356,0.2092,0,1,0,114099,491511,2260,105696,4.5528826558968465,0.17698385986768406
357,0.21,319,9397,319,123496,482114,2579,105377,4.4658379339731,0.17936785414585074
358,0.2108,0,1,0,123497,482113,2579,105377,4.465828670940013,0.17936815945803333
359,0.211,0,1,0,123498,482112,2579,105377,4.465819407906925,0.1793684647712553
360,0.2117,0,5,0,123503,482107,2579,105377,4.465773092741487,0.179369991352956
361,0.2118,0,2,0,123505,482105,2579,105377,4.4657545666753125,0.17937060199291213
362,0.212,0,12,0,123517,482093,2579,105377,4.465643410278261,0.17937426591996186
363,0.2125,1,40,1,123557,482053,2580,105376,4.465272888954759,0.17938508313345103
364,0.2133,6,96,6,123653,481957,2586,105370,4.464383637778354,0.17940602083677407
365,0.2135,0,1,0,123654,481956,2586,105370,4.464374374745266,0.17940632629919329
366,0.2138,0,1,0,123655,481955,2586,105370,4.464365111712179,0.1794066317626527
367,0.214,1,14,1,123669,481941,2587,105369,4.464235429248953,0.17940951116105633
368,0.2142,0,3,0,123672,481938,2587,105369,4.464207640149691,0.1794104275957889
369,0.2143,0,2,0,123674,481936,2587,105369,4.464189114083515,0.17941103855747864
370,0.2146,0,1,0,123675,481935,2587,105369,4.464179851050428,0.17941134403988396
371,0.215,4,184,4,123859,481751,2591,105365,4.462475452962318,0.1794619802560312
372,0.2157,0,4,0,123863,481747,2591,105365,4.462438400829968,0.17946320293231957
373,0.2158,0,1,0,123864,481746,2591,105365,4.46242913779688,0.17946350860399482
374,0.216,1,21,1,123885,481725,2592,105364,4.462234614102042,0.17946853032504442
375,0.2163,0,1,0,123886,481724,2592,105364,4.4622253510689545,0.17946883601776906
376,0.2165,0,1,0,123887,481723,2592,105364,4.462216088035866,0.17946914171153508
377,0.2167,1,85,1,123972,481638,2593,105363,4.461428730223425,0.17949373169722027
378,0.217,0,1,0,123973,481637,2593,105363,4.461419467190336,0.1794940374787053
379,0.2171,0,5,0,123978,481632,2593,105363,4.461373152024899,0.1794955664017581
380,0.2175,1,30,1,124008,481602,2594,105362,4.4610952610322725,0.17950334262407916
381,0.218,0,4,0,124012,481598,2594,105362,4.461058208899922,0.17950456589886873
382,0.2183,1,6,1,124018,481592,2595,105361,4.461002630701397,0.17950500295594365
383,0.2187,0,1,0,124019,481591,2595,105361,4.460993367668309,0.17950530878163803
384,0.2188,0,1,0,124020,481590,2595,105361,4.460984104635222,0.17950561460837447
385,0.22,365,9651,365,133671,471939,2960,104996,4.371586572307236,0.1819893055543519
386,0.2205,0,1,0,133672,471938,2960,104996,4.371577309274149,0.18198962099650914
387,0.2207,0,2,0,133674,471936,2960,104996,4.371558783207973,0.1819902518841042
388,0.221,0,2,0,133676,471934,2960,104996,4.371540257141799,0.18199088277607336
389,0.2217,2,9,2,133685,471925,2962,104994,4.37145688984401,0.18199088606892821
390,0.222,0,10,0,133695,471915,2962,104994,4.371364259513135,0.18199404065459196
391,0.2223,0,1,0,133696,471914,2962,104994,4.371354996480047,0.18199435611917325
392,0.2225,2,29,2,133725,471885,2964,104992,4.371086368520508,0.18200066912010707
393,0.2229,0,1,0,133726,471884,2964,104992,4.371077105487421,0.1820009846136778
394,0.223,0,1,0,133727,471883,2964,104992,4.371067842454333,0.18200130010834237
395,0.2233,1,91,1,133818,471792,2965,104991,4.370224906443366,0.1820285965432407
396,0.224,1,16,1,133834,471776,2966,104990,4.370076697913965,0.18203222797460322
397,0.2247,0,1,0,133835,471775,2966,104990,4.370067434880878,0.18203254358360857
398,0.225,2,232,2,134067,471543,2968,104988,4.367918411204565,0.18210295716969252
399,0.2253,0,1,0,134068,471542,2968,104988,4.367909148171477,0.18210327303002447
400,0.2257,0,1,0,134069,471541,2968,104988,4.36789988513839,0.18210358889145212
401,0.2258,0,1,0,134070,471540,2968,104988,4.367890622105302,0.18210390475397553
402,0.226,1,14,1,134084,471526,2969,104987,4.367760939642077,0.18210690825705578
403,0.2262,0,2,0,134086,471524,2969,104987,4.367742413575901,0.18210754001224608
404,0.2267,8,102,8,134188,471422,2977,104979,4.366797584200971,0.18212841407284164
405,0.2271,0,2,0,134190,471420,2977,104979,4.366779058134796,0.18212904602540947
406,0.2273,0,4,0,134194,471416,2977,104979,4.366742006002445,0.1821303099437018
407,0.2275,1,39,1,134233,471377,2978,104978,4.36638074771203,0.18214121504975234
408,0.228,0,5,0,134238,471372,2978,104978,4.366334432546593,0.18214279517654203
409,0.2282,0,1,0,134239,471371,2978,104978,4.366325169513505,0.18214311120518992
410,0.2283,1,14,1,134253,471357,2979,104977,4.3661954870502795,0.1821461166615192
411,0.2285,0,1,0,134254,471356,2979,104977,4.366186224017192,0.1821464327047037
412,0.2286,0,2,0,134256,471354,2979,104977,4.366167697951017,0.18214706479436296
413,0.2288,0,1,0,134257,471353,2979,104977,4.36615843491793,0.1821473808408377
414,0.23,351,10091,351,144348,461262,3330,104626,4.27268516803142,0.1848881757520923
415,0.2308,0,3,0,144351,461259,3330,104626,4.272657378932157,0.1848891559239068
416,0.231,0,2,0,144353,461257,3330,104626,4.272638852865982,0.18488980937755684
417,0.2317,0,7,0,144360,461250,3330,104626,4.27257401163437,0.1848920965017071
418,0.232,0,8,0,144368,461242,3330,104626,4.272499907369669,0.18489471042716676
419,0.2325,3,34,3,144402,461208,3333,104623,4.272184964244692,0.1849014988574327
420,0.2327,0,2,0,144404,461206,3333,104623,4.272166438178517,0.184902152417073
421,0.2329,0,1,0,144405,461205,3333,104623,4.27215717514543,0.18490247919862574
422,0.2333,1,92,1,144497,461113,3334,104622,4.271304976101375,0.18493110732056528
423,0.2338,0,1,0,144498,461112,3334,104622,4.271295713068287,0.1849314342075958
424,0.234,2,21,2,144519,461091,3336,104620,4.271101189373448,0.18493541755419288
425,0.2342,0,1,0,144520,461090,3336,104620,4.271091926340361,0.18493574446271058
426,0.2343,0,4,0,144524,461086,3336,104620,4.27105487420801,0.18493705210833897
427,0.2345,0,1,0,144525,461085,3336,104620,4.271045611174923,0.18493737902263546
428,0.235,12,244,12,144769,460841,3348,104608,4.26878543110156,0.18499988504710416
429,0.2358,0,3,0,144772,460838,3348,104608,4.2687576420022975,0.18500086657258163
430,0.236,1,27,1,144799,460811,3349,104607,4.268507540108933,0.18500825937624907
431,0.2367,6,87,6,144886,460724,3355,104601,4.267701656230316,0.18502808119223454
432,0.2368,0,1,0,144887,460723,3355,104601,4.267692393197229,0.18502840848787597
433,0.2371,0,7,0,144894,460716,3355,104601,4.2676275519656155,0.18503069958978768
434,0.2375,1,45,1,144939,460671,3356,104600,4.267210715476676,0.18504398775100792
435,0.2379,0,2,0,144941,460669,3356,104600,4.2671921894105,0.18504464246226132
436,0.238,0,10,0,144951,460659,3356,104600,4.267099559079625,0.18504791608802337
437,0.2381,0,1,0,144952,460658,3356,104600,4.267090296046537,0.1850482434569701
438,0.2383,0,7,0,144959,460651,3356,104600,4.267025454814925,0.18505053507202995
439,0.239,0,2,0,144961,460649,3356,104600,4.267006928748749,0.1850511898296149
440,0.2392,0,1,0,144962,460648,3356,104600,4.266997665715662,0.18505151721014493
441,0.24,410,10155,410,155117,450493,3766,104190,4.172931564711549,0.1878370168186153
442,0.2407,0,1,0,155118,450492,3766,104190,4.172922301678462,0.18783735545772173
443,0.2408,0,3,0,155121,450489,3766,104190,4.172894512579199,0.1878383713823671
444,0.241,0,3,0,155124,450486,3766,104190,4.172866723479936,0.18783938731800187
445,0.2412,0,1,0,155125,450485,3766,104190,4.172857460446849,0.18783972596565557
446,0.2414,0,1,0,155126,450484,3766,104190,4.172848197413761,0.18784006461453034
447,0.2415,0,2,0,155128,450482,3766,104190,4.172829671347586,0.1878407419159431
448,0.2417,1,4,1,155132,450478,3767,104189,4.172792619215236,0.18784063230731232
449,0.242,0,11,0,155143,450467,3767,104189,4.172690725851273,0.1878443575837997
450,0.2425,2,41,2,155184,450426,3769,104187,4.172310941494683,0.18785531532798547
451,0.2427,0,2,0,155186,450424,3769,104187,4.172292415428508,0.18785599275888867
452,0.243,0,1,0,155187,450423,3769,104187,4.17228315239542,0.18785633147617245
453,0.2433,2,109,2,155296,450314,3771,104185,4.171273481788877,0.18789032982926931
454,0.244,4,16,4,155312,450298,3775,104181,4.171125273259476,0.1878898930347227
455,0.2442,0,1,0,155313,450297,3775,104181,4.171116010226388,0.18789023189378118
456,0.2443,0,2,0,155315,450295,3775,104181,4.171097484160214,0.18789090961556495
457,0.2447,0,1,0,155316,450294,3775,104181,4.171088221127126,0.18789124847829028
458,0.245,3,240,3,155556,450054,3778,104178,4.168865093186112,0.18796821547655135
459,0.2456,0,1,0,155557,450053,3778,104178,4.168855830153025,0.18796855462794396
460,0.2457,0,5,0,155562,450048,3778,104178,4.168809514987587,0.1879702504032651
461,0.2458,0,1,0,155563,450047,3778,104178,4.1688002519545,0.187970589562001
462,0.246,2,19,2,155582,450028,3780,104176,4.168624254325836,0.18797410339874848
463,0.2462,1,0,1,155582,450028,3781,104175,4.168624254325836,0.18797263818492502
464,0.2467,4,103,4,155685,449925,3785,104171,4.167670161917818,0.18800171811382865
465,0.247,0,1,0,155686,449924,3785,104171,4.167660898884731,0.18800205740892806
466,0.2471,0,3,0,155689,449921,3785,104171,4.167633109785468,0.18800307530157448
467,0.2475,1,49,1,155738,449872,3786,104170,4.167179221164178,0.1880182368845683
468,0.248,0,11,0,155749,449861,3786,104170,4.167077327800215,0.18802196988977152
469,0.2483,0,20,0,155769,449841,3786,104170,4.1668920671384635,0.18802875755174536
470,0.2486,0,1,0,155770,449840,3786,104170,4.166882804105376,0.18802909694770853
471,0.2488,0,3,0,155773,449837,3786,104170,4.166855015006114,0.18803011514294946
472,0.249,0,1,0,155774,449836,3786,104170,4.166845751973026,0.18803045454381362
473,0.2492,0,2,0,155776,449834,3786,104170,4.166827225906851,0.1880311333492177
474,0.2493,0,2,0,155778,449832,3786,104170,4.166808699840676,0.1880318121595229
475,0.25,420,10155,420,165933,439677,4206,103750,4.072742598836563,0.1909180073864567
476,0.2505,0,1,0,165934,439676,4206,103750,4.072733335803475,0.1909183587093735
477,0.2508,0,1,0,165935,439675,4206,103750,4.072724072770388,0.1909187100335833
478,0.251,1,6,1,165941,439669,4207,103749,4.072668494571863,0.1909193291352145
479,0.2517,1,12,1,165953,439657,4208,103748,4.072557338174812,0.1909220562931883
480,0.252,1,6,1,165959,439651,4209,103747,4.072501759976286,0.19092267546071204
481,0.2525,2,33,2,165992,439618,4211,103745,4.072196079884398,0.19093129270855763
482,0.253,0,1,0,165993,439617,4211,103745,4.07218681685131,0.1909316440973053
483,0.2533,3,122,3,166115,439495,4214,103742,4.0710567268146285,0.19097005542700515
484,0.254,0,29,0,166144,439466,4214,103742,4.070788098855089,0.19098025065904772
485,0.2542,0,4,0,166148,439462,4214,103742,4.070751046722739,0.1909816569833801
486,0.2544,0,1,0,166149,439461,4214,103742,4.070741783689652,0.19098200856769937
487,0.2547,0,1,0,166150,439460,4214,103742,4.070732520656564,0.19098236015331313
488,0.255,5,268,5,166418,439192,4219,103737,4.068250027789099,0.1910691821582564
489,0.2555,0,1,0,166419,439191,4219,103737,4.068240764756012,0.19106953408186722
490,0.2557,0,5,0,166424,439186,4219,103737,4.068194449590574,0.1910712937193672
491,0.256,2,12,2,166436,439174,4221,103735,4.068083293193523,0.1910725370181743
492,0.2562,0,2,0,166438,439172,4221,103735,4.068064767127348,0.19107324090498004
493,0.2567,2,95,2,166533,439077,4223,103733,4.06718477898403,0.19110370111088595
494,0.2571,0,1,0,166534,439076,4223,103733,4.067175515950943,0.19110405317524212
495,0.2575,1,32,1,166566,439044,4224,103732,4.066879098892141,0.19111382964611554
496,0.2579,0,1,0,166567,439043,4224,103732,4.066869835859054,0.19111418175118602
497,0.258,0,12,0,166579,439031,4224,103732,4.066758679462003,0.19111840711323358
498,0.2583,0,22,0,166601,439009,4224,103732,4.066554892734077,0.19112615409559994
499,0.2587,0,1,0,166602,439008,4224,103732,4.06654562970099,0.19112650624608468
500,0.259,0,1,0,166603,439007,4224,103732,4.0665363666679015,0.1911268583978671
501,0.2592,0,2,0,166605,439005,4224,103732,4.066517840601727,0.19112756270532505
502,0.26,468,10369,468,176974,428636,4692,103264,3.970469450516877,0.19414175596916713
503,0.2603,0,1,0,176975,428635,4692,103264,3.9704601874837895,0.1941421209665745
504,0.2607,1,1,1,176976,428634,4693,103263,3.9704509244507022,0.19414097090226115
505,0.261,0,3,0,176979,428631,4693,103263,3.9704231353514396,0.19414206590034858
506,0.2614,0,2,0,176981,428629,4693,103263,3.9704046092852643,0.19414279590593578
507,0.2615,0,1,0,176982,428628,4693,103263,3.9703953462521766,0.19414316091078812
508,0.2617,0,14,0,176996,428614,4693,103263,3.970265663788951,0.19414827112283478
509,0.2618,0,1,0,176997,428613,4693,103263,3.9702564007558636,0.19414863614827516
510,0.262,0,8,0,177005,428605,4693,103263,3.970182296491163,0.19415155640121234
511,0.2625,0,56,0,177061,428549,4693,103263,3.96966356663826,0.1941720006318022
512,0.2627,0,1,0,177062,428548,4693,103263,3.9696543036051724,0.19417236574647762
513,0.2629,0,1,0,177063,428547,4693,103263,3.969645040572085,0.1941727308625261
514,0.263,0,2,0,177065,428545,4693,103263,3.9696265145059098,0.1941734610987424
515,0.2633,3,123,3,177188,428422,4696,103260,3.9684871614361406,0.19421383458533484
516,0.264,2,20,2,177208,428402,4698,103258,3.9683019007743896,0.19421810931798517
517,0.2642,0,1,0,177209,428401,4698,103258,3.968292637741302,0.194218474623772
518,0.2643,1,4,1,177213,428397,4699,103257,3.9682555856089516,0.1942184202507646
519,0.2647,0,1,0,177214,428396,4699,103257,3.9682463225758644,0.19421878556125893
520,0.265,3,276,3,177490,428120,4702,103254,3.965689725443699,0.1943151151542981
521,0.2657,0,1,0,177491,428119,4702,103254,3.965680462410612,0.1943154808392598
522,0.2658,0,3,0,177494,428116,4702,103254,3.965652673311349,0.19431657790240323
523,0.266,1,22,1,177516,428094,4703,103253,3.965448886583423,0.19432310712208783
524,0.2662,0,2,0,177518,428092,4703,103253,3.9654303605172476,0.19432383856063387
525,0.2664,0,1,0,177519,428091,4703,103253,3.9654210974841604,0.19432420428197175
526,0.2667,2,125,2,177644,427966,4705,103251,3.964263218348216,0.19436689714372846
527,0.2671,0,2,0,177646,427964,4705,103251,3.964244692282041,0.194367628926141
528,0.2673,0,2,0,177648,427962,4705,103251,3.9642261662158655,0.19436836071406385
529,0.2675,1,50,1,177698,427912,4706,103250,3.963763014561488,0.19438514050327396
530,0.268,0,8,0,177706,427904,4706,103250,3.9636889102967876,0.19438806824386148
531,0.2683,1,12,1,177718,427892,4707,103249,3.9635777538997368,0.1943909432711841
532,0.2686,0,3,0,177721,427889,4707,103249,3.963549964800474,0.19439204123975312
533,0.2687,0,2,0,177723,427887,4707,103249,3.9635314387342993,0.19439277322568985
534,0.2688,0,3,0,177726,427884,4707,103249,3.9635036496350367,0.1943938712149311
535,0.269,0,5,0,177731,427879,4707,103249,3.9634573344695987,0.19439570122456357
536,0.2693,0,1,0,177732,427878,4707,103249,3.963448071436511,0.1943960672306247
537,0.2697,0,1,0,177733,427877,4707,103249,3.9634388084034238,0.19439643323806405
538,0.27,500,10377,500,188110,417500,5207,102749,3.8673163140538738,0.1974996588172202
539,0.2705,0,3,0,188113,417497,5207,102749,3.867288524954611,0.19750079769954984
540,0.2708,0,3,0,188116,417494,5207,102749,3.8672607358553486,0.19750193659501425
541,0.271,0,2,0,188118,417492,5207,102749,3.867242209789173,0.19750269586595443
542,0.2717,0,19,0,188137,417473,5207,102749,3.86706621216051,0.19750990923105904
543,0.272,1,14,1,188151,417459,5208,102748,3.866936529697284,0.19751368205349024
544,0.2724,0,2,0,188153,417457,5208,102748,3.866918003631109,0.19751444142213165
545,0.2725,4,48,4,188201,417409,5212,102744,3.8664733780429064,0.19752649701145625
546,0.2729,0,1,0,188202,417408,5212,102744,3.8664641150098187,0.1975268767591012
547,0.273,0,2,0,188204,417406,5212,102744,3.8664455889436438,0.1975276362587715
548,0.2733,1,125,1,188329,417281,5213,102743,3.8652877098076996,0.19757357352737567
549,0.2735,0,1,0,188330,417280,5213,102743,3.865278446774612,0.19757395345975082
550,0.2738,0,2,0,188332,417278,5213,102743,3.8652599207084366,0.1975747133288848
551,0.274,2,28,2,188360,417250,5215,102741,3.865000555781985,0.19758226584690888
552,0.2742,0,3,0,188363,417247,5215,102741,3.8649727666827225,0.19758340577090241
553,0.2743,0,4,0,188367,417243,5215,102741,3.864935714550372,0.19758492569002123
554,0.275,17,267,17,188634,416976,5232,102724,3.8624624847159956,0.19766018857032905
555,0.2756,0,2,0,188636,416974,5232,102724,3.8624439586498203,0.19766094924359917
556,0.2757,0,2,0,188638,416972,5232,102724,3.8624254325836453,0.19766170992272405
557,0.2758,0,3,0,188641,416969,5232,102724,3.8623976434843827,0.1976628509523892
558,0.276,1,16,1,188657,416953,5233,102723,3.8622494349549816,0.19766739276010437
559,0.2762,0,2,0,188659,416951,5233,102723,3.8622309088888067,0.19766815349623032
560,0.2765,0,1,0,188660,416950,5233,102723,3.862221645855719,0.1976685338664891
561,0.2767,4,110,4,188770,416840,5237,102719,3.861202712216088,0.1977042068369521
562,0.277,0,2,0,188772,416838,5237,102719,3.861184186149913,0.19770496788610298
563,0.2773,0,2,0,188774,416836,5237,102719,3.8611656600837376,0.19770572894111307
564,0.2775,1,54,1,188828,416782,5238,102718,3.86066545629701,0.1977247353224254
565,0.2779,1,0,1,188828,416782,5239,102717,3.86066545629701,0.19772319099748026
566,0.278,0,8,0,188836,416774,5239,102717,3.8605913520323094,0.19772623587319127
567,0.2783,0,7,0,188843,416767,5239,102717,3.8605265108006965,0.19772890021636855
568,0.2786,0,3,0,188846,416764,5239,102717,3.860498721701434,0.19773004209971107
569,0.279,0,1,0,188847,416763,5239,102717,3.8604894586683463,0.19773042273042274
570,0.2791,0,1,0,188848,416762,5239,102717,3.860480195635259,0.19773080336259982
571,0.2792,0,3,0,188851,416759,5239,102717,3.860452406535996,0.19773194526792384
572,0.2795,0,1,0,188852,416758,5239,102717,3.8604431435029087,0.19773232590596276
573,0.28,561,10663,561,199515,406095,5800,102156,3.7616714216903184,0.20099517757958174
574,0.2807,0,2,0,199517,406093,5800,102156,3.761652895624143,0.2009959685114973
575,0.2808,0,1,0,199518,406092,5800,102156,3.761643632591056,0.2009963639797894
576,0.281,0,3,0,199521,406089,5800,102156,3.761615843491793,0.20099755039400288
577,0.2817,0,15,0,199536,406074,5800,102156,3.76147689799548,0.20100348267516677
578,0.282,1,6,1,199542,406068,5801,102155,3.761421319796954,0.20100428355269243
579,0.2825,3,50,3,199592,406018,5804,102152,3.7609581681425768,0.20101934392034163
580,0.2827,0,2,0,199594,406016,5804,102152,3.7609396420764014,0.20102013507344027
581,0.2829,0,4,0,199598,406012,5804,102152,3.760902589944051,0.20102171739832023
582,0.283,0,1,0,199599,406011,5804,102152,3.760893326910964,0.20102211298343248
583,0.2833,5,135,5,199734,405876,5809,102147,3.759642817444144,0.20106766819612498
584,0.2835,0,2,0,199736,405874,5809,102147,3.759624291377969,0.2010684597683954
585,0.2836,0,1,0,199737,405873,5809,102147,3.7596150283448813,0.20106885555686785
586,0.2837,0,1,0,199738,405872,5809,102147,3.7596057653117936,0.20106925134689843
587,0.2838,0,1,0,199739,405871,5809,102147,3.7595965022787063,0.2010696471384872
588,0.284,1,16,1,199755,405855,5810,102146,3.7594482937493052,0.20107440733384382
589,0.2842,0,2,0,199757,405853,5810,102146,3.7594297676831303,0.2010751989669271
590,0.2843,0,7,0,199764,405846,5810,102146,3.7593649264515174,0.2010779697318068
591,0.285,11,255,11,200019,405591,5821,102135,3.757002853014191,0.20116165018139706
592,0.2855,0,1,0,200020,405590,5821,102135,3.7569935899811036,0.20116204638337684
593,0.2857,0,2,0,200022,405588,5821,102135,3.756975063914928,0.2011628387920185
594,0.286,1,28,1,200050,405560,5822,102134,3.7567156989884767,0.20117235972849787
595,0.2862,0,3,0,200053,405557,5822,102134,3.756687909889214,0.20117354847732183
596,0.2867,1,122,1,200175,405435,5823,102133,3.7555578198525326,0.20122032909876114
597,0.287,0,5,0,200180,405430,5823,102133,3.7555115046870946,0.20122231131898896
598,0.2871,0,1,0,200181,405429,5823,102133,3.7555022416540074,0.201222707767721
599,0.2873,0,1,0,200182,405428,5823,102133,3.7554929786209197,0.20122310421801518
600,0.2875,1,52,1,200234,405376,5824,102132,3.755011300900367,0.20124214790702807
601,0.2877,0,2,0,200236,405374,5824,102132,3.7549927748341916,0.20124294097015602
602,0.288,0,12,0,200248,405362,5824,102132,3.754881618437141,0.2012476994801909
603,0.2883,0,14,0,200262,405348,5824,102132,3.7547519359739154,0.2012532513596595
604,0.2886,0,4,0,200266,405344,5824,102132,3.754714883841565,0.20125483766720004
605,0.2887,0,1,0,200267,405343,5824,102132,3.7547056208084775,0.20125523424799252
606,0.2888,0,1,0,200268,405342,5824,102132,3.75469635777539,0.20125563083034795
607,0.2889,0,2,0,200270,405340,5824,102132,3.754677831709215,0.20125642399974777
608,0.289,1,2,1,200272,405338,5825,102131,3.75465930564304,0.20125564320185074
609,0.2891,0,1,0,200273,405337,5825,102131,3.7546500426099523,0.20125603978970102
610,0.2892,0,1,0,200274,405336,5825,102131,3.7546407795768646,0.2012564363791143
611,0.2893,0,1,0,200275,405335,5825,102131,3.754631516543777,0.20125683297009062
612,0.29,534,10801,534,211076,394534,6359,101597,3.6545814961651044,0.20477857662593146
613,0.2907,0,1,0,211077,394533,6359,101597,3.6545722331320167,0.20477898937778405
614,0.2908,0,4,0,211081,394529,6359,101597,3.6545351809996665,0.2047806404018334
615,0.291,0,4,0,211085,394525,6359,101597,3.654498128867316,0.20478229145250562
616,0.2912,0,1,0,211086,394524,6359,101597,3.654488865834229,0.2047827042193336
617,0.2913,0,2,0,211088,394522,6359,101597,3.6544703397680536,0.20478352975798145
618,0.2917,1,16,1,211104,394506,6360,101596,3.654322131238653,0.20478853139072206
619,0.292,0,12,0,211116,394494,6360,101596,3.654210974841602,0.20479348505311537
620,0.2925,1,63,1,211179,394431,6361,101595,3.653627403757086,0.204817892610468
621,0.2926,0,1,0,211180,394430,6361,101595,3.6536181407239985,0.2048183055289552
622,0.2929,0,2,0,211182,394428,6361,101595,3.6535996146578236,0.20481913137092433
623,0.2933,6,110,6,211292,394318,6367,101589,3.6525806810181924,0.20485494255979447
624,0.2935,0,1,0,211293,394317,6367,101589,3.652571417985105,0.2048553556520792
625,0.2938,0,1,0,211294,394316,6367,101589,3.6525621549520175,0.20485576874602998
626,0.294,1,22,1,211316,394294,6368,101588,3.652358368224091,0.20486325375795048
627,0.2942,0,1,0,211317,394293,6368,101588,3.6523491051910035,0.20486366688782187
628,0.2943,0,2,0,211319,394291,6368,101588,3.6523305791248286,0.20486449315256341
629,0.2945,0,1,0,211320,394290,6368,101588,3.652321316091741,0.2048649062874336
630,0.295,8,288,8,211608,394002,6376,101580,3.6496535625625253,0.2049711248592564
631,0.2955,0,1,0,211609,394001,6376,101580,3.649644299529438,0.20497153845688193
632,0.2957,0,1,0,211610,394000,6376,101580,3.6496350364963503,0.2049719520561766
633,0.2958,0,3,0,211613,393997,6376,101580,3.6496072473970878,0.20497319286407562
634,0.296,0,28,0,211641,393969,6376,101580,3.6493478824706362,0.20498477446226307
635,0.2962,0,1,0,211642,393968,6376,101580,3.6493386194375486,0.20498518811497574
636,0.2967,7,129,7,211771,393839,6383,101573,3.648143688169254,0.2050273307873043
637,0.297,0,2,0,211773,393837,6383,101573,3.6481251621030792,0.20502815849498396
638,0.2971,0,3,0,211776,393834,6383,101573,3.648097373003816,0.20502940006903414
639,0.2973,0,2,0,211778,393832,6383,101573,3.6480788469376413,0.20503022779342153
640,0.2975,2,53,2,211831,393779,6385,101571,3.647587906184001,0.20504895528414252
641,0.2977,0,1,0,211832,393778,6385,101571,3.647578643150913,0.20504936923260167
642,0.298,2,10,2,211842,393768,6387,101569,3.6474860128200377,0.2050502990893069
643,0.2983,2,15,2,211857,393753,6389,101567,3.6473470673237243,0.20505329887749335
644,0.2986,0,2,0,211859,393751,6389,101567,3.6473285412575494,0.205054126843765
645,0.2987,0,1,0,211860,393750,6389,101567,3.6473192782244617,0.20505454082940824
646,0.2988,0,1,0,211861,393749,6389,101567,3.6473100151913744,0.20505495481672306
647,0.299,0,5,0,211866,393744,6389,101567,3.6472637000259365,0.20505702477837157
648,0.2992,0,3,0,211869,393741,6389,101567,3.647235910926674,0.20505826677542055
649,0.2993,0,1,0,211870,393740,6389,101567,3.647226647893586,0.20505868077778025
650,0.2995,0,1,0,211871,393739,6389,101567,3.6472173848604985,0.20505909478181164
651,0.3,590,10905,590,222776,382834,6979,100977,3.54620400904072,0.20871166633251415
652,0.301,0,4,0,222780,382830,6979,100977,3.5461669569083702,0.20871339191041055
653,0.3012,0,1,0,222781,382829,6979,100977,3.5461576938752826,0.208713823309343
654,0.3014,1,0,1,222781,382829,6980,100976,3.5461576938752826,0.20871218776159817
655,0.3017,1,10,1,222791,382819,6981,100975,3.546065063544407,0.208714866244724
656,0.302,2,13,2,222804,382806,6983,100973,3.5459446441142686,0.2087172035164817
657,0.3021,0,1,0,222805,382805,6983,100973,3.5459353810811813,0.2087176349482614
658,0.3025,2,39,2,222844,382766,6985,100971,3.5455741227907667,0.20873119070900095
659,0.3027,1,0,1,222844,382766,6986,100970,3.5455741227907667,0.20872955496386458
660,0.3029,0,1,0,222845,382765,6986,100970,3.545564859757679,0.20872998645952845
661,0.3033,1,137,1,222982,382628,6987,100969,3.544295824224684,0.2087874821390538
662,0.3038,0,1,0,222983,382627,6987,100969,3.544286561191597,0.20878791387852672
663,0.304,3,18,3,223001,382609,6990,100966,3.5441198265960208,0.20879077702528046
664,0.3042,0,4,0,223005,382605,6990,100966,3.5440827744636705,0.2087925040997082
665,0.3043,0,1,0,223006,382604,6990,100966,3.544073511430583,0.20879293587277953
666,0.3045,1,0,1,223006,382604,6991,100965,3.544073511430583,0.2087912996904268
667,0.3047,1,0,1,223006,382604,6992,100964,3.544073511430583,0.20878966350130695
668,0.305,16,318,16,223324,382286,7008,100948,3.5411278669087407,0.20890086376372524
669,0.3056,0,1,0,223325,382285,7008,100948,3.541118603875653,0.20890129606214808
670,0.3057,0,6,0,223331,382279,7008,100948,3.541063025677128,0.20890388989025863
671,0.3058,0,2,0,223333,382277,7008,100948,3.5410444996109525,0.20890475451394278
672,0.306,2,21,2,223354,382256,7010,100946,3.540849975916114,0.20891055914503665
673,0.3063,0,1,0,223355,382255,7010,100946,3.5408407128830266,0.20891099149215336
674,0.3067,7,130,7,223485,382125,7017,100939,3.5396365185816445,0.20895574913469023
675,0.3071,0,6,0,223491,382119,7017,100939,3.539580940383119,0.2089583445466176
676,0.3075,2,51,2,223542,382068,7019,100937,3.539108525695654,0.20897713274189708
677,0.308,2,8,2,223550,382060,7021,100935,3.5390344214309533,0.20897731860578267
678,0.3081,0,1,0,223551,382059,7021,100935,3.5390251583978656,0.20897775127641338
679,0.3083,2,13,2,223564,382046,7023,100933,3.5389047389677275,0.20898010058408337
680,0.3085,0,1,0,223565,382045,7023,100933,3.53889547593464,0.20898053327480756
681,0.3086,1,2,1,223567,382043,7024,100932,3.538876949868465,0.20897976085718722
682,0.3088,0,1,0,223568,382042,7024,100932,3.5388676868353772,0.20898019355079156
683,0.3092,0,3,0,223571,382039,7024,100932,3.5388398977361146,0.20898149164235533
684,0.3093,0,2,0,223573,382037,7024,100932,3.5388213716699397,0.2089823570456903
685,0.31,664,10851,664,234424,371186,7688,100268,3.438308199636889,0.21267822523512367
686,0.3105,0,1,0,234425,371185,7688,100268,3.4382989366038017,0.21267867634737714
687,0.3107,0,1,0,234426,371184,7688,100268,3.438289673570714,0.21267912746154433
688,0.3108,0,3,0,234429,371181,7688,100268,3.4382618844714514,0.2126804808155283
689,0.3117,1,10,1,234439,371171,7689,100267,3.438169254140576,0.21268332209113394
690,0.312,1,8,1,234447,371163,7690,100266,3.4380951498758754,0.2126852611952171
691,0.3125,2,64,2,234511,371099,7692,100264,3.437502315758272,0.2127107982595155
692,0.3127,0,1,0,234512,371098,7692,100264,3.437493052725184,0.21271124952796364
693,0.3129,0,2,0,234514,371096,7692,100264,3.437474526659009,0.2127121520706042
694,0.313,0,5,0,234519,371091,7692,100264,3.4374282114935713,0.21271440846071432
695,0.3133,9,109,9,234628,370982,7701,100255,3.4364185408870283,0.2127485744964848
696,0.3137,0,1,0,234629,370981,7701,100255,3.4364092778539406,0.21274902596575812
697,0.3138,0,1,0,234630,370980,7701,100255,3.436400014820853,0.21274947743694758
698,0.314,1,14,1,234644,370966,7702,100254,3.436270332357627,0.21275412758371887
699,0.3142,1,0,1,234644,370966,7703,100253,3.436270332357627,0.21275245692554842
700,0.3143,0,1,0,234645,370965,7703,100253,3.4362610693245395,0.21275290842030653
701,0.3144,0,1,0,234646,370964,7703,100253,3.436251806291452,0.2127533599169809
702,0.3147,0,1,0,234647,370963,7703,100253,3.4362425432583645,0.21275381141557162
703,0.315,18,291,18,234938,370672,7721,100235,3.4335470006298863,0.21285519221417393
704,0.3157,0,2,0,234940,370670,7721,100235,3.4335284745637114,0.2128560962402183
705,0.3158,0,2,0,234942,370668,7721,100235,3.433509948497536,0.21285700027394178
706,0.316,1,19,1,234961,370649,7722,100234,3.4333339508688727,0.21286391736376128
707,0.3162,0,1,0,234962,370648,7722,100234,3.433324687835785,0.2128643694173912
708,0.3165,0,1,0,234963,370647,7722,100234,3.4333154248026974,0.21286482147294114
709,0.3167,9,125,9,235088,370522,7731,100225,3.4321575456667532,0.21290629573847522
710,0.317,0,1,0,235089,370521,7731,100225,3.4321482826336656,0.21290674801272874
711,0.3171,0,1,0,235090,370520,7731,100225,3.432139019600578,0.21290720028890375
712,0.3173,0,1,0,235091,370519,7731,100225,3.4321297565674906,0.2129076525670003
713,0.3175,2,47,2,235138,370472,7733,100223,3.4316943940123754,0.21292556751187075
714,0.3176,0,1,0,235139,370471,7733,100223,3.4316851309792877,0.21292601987703264
715,0.318,1,11,1,235150,370460,7734,100222,3.4315832376153246,0.21292932383222643
716,0.3183,0,17,0,235167,370443,7734,100222,3.4314257660528362,0.2129370146494853
717,0.3186,0,3,0,235170,370440,7734,100222,3.4313979769535736,0.21293837191020307
718,0.3187,0,1,0,235171,370439,7734,100222,3.431388713920486,0.21293882433428732
719,0.319,0,2,0,235173,370437,7734,100222,3.431370187854311,0.21293972918822332
720,0.3192,0,4,0,235177,370433,7734,100222,3.4313331357219607,0.21294153891916584
721,0.3193,0,2,0,235179,370431,7734,100222,3.431314609655786,0.21294244379617255
722,0.32,693,10779,693,245958,359652,8427,99529,3.331468376005039,0.2167533064303619
723,0.3205,0,1,0,245959,359651,8427,99529,3.3314591129719515,0.21675377847467225
724,0.3207,1,1,1,245960,359650,8428,99528,3.331449849938864,0.21675254476477532
725,0.3208,1,3,1,245963,359647,8429,99527,3.3314220608396012,0.2167522551363971
726,0.321,0,2,0,245965,359645,8429,99527,3.3314035347734263,0.21675319923688727
727,0.3211,0,1,0,245966,359644,8429,99527,3.3313942717403386,0.2167536712902165
728,0.3213,0,3,0,245969,359641,8429,99527,3.331366482641076,0.21675508746254094
729,0.3215,0,1,0,245970,359640,8429,99527,3.3313572196079884,0.21675555952409473
730,0.3217,1,15,1,245985,359625,8430,99526,3.331218274111675,0.21676093485585352
731,0.322,0,17,0,246002,359608,8430,99526,3.3310608025491866,0.21676896069557036
732,0.3224,1,0,1,246002,359608,8431,99525,3.3310608025491866,0.2167672548041635
733,0.3225,2,57,2,246059,359551,8433,99523,3.3305328096631963,0.21679075704570505
734,0.3227,0,1,0,246060,359550,8433,99523,3.3305235466301086,0.2167912292816175
735,0.3229,0,3,0,246063,359547,8433,99523,3.330495757530846,0.2167926460016991
736,0.3233,5,116,5,246179,359431,8438,99518,3.3294212456926897,0.2168389080268178
737,0.3239,0,1,0,246180,359430,8438,99518,3.329411982659602,0.21683938049626536
738,0.324,4,25,4,246205,359405,8442,99514,3.329180406832413,0.21684436687084213
739,0.3242,0,1,0,246206,359404,8442,99514,3.3291711437993254,0.21684483938307061
740,0.3243,0,2,0,246208,359402,8442,99514,3.3291526177331505,0.21684578441370533
741,0.325,19,320,19,246528,359082,8461,99495,3.326188447145133,0.21696465370046905
742,0.3253,0,1,0,246529,359081,8461,99495,3.326179184112046,0.2169651268273961
743,0.3257,0,7,0,246536,359074,8461,99495,3.326114342880433,0.21696843877366329
744,0.3258,0,4,0,246540,359070,8461,99495,3.3260772907480827,0.2169703313597854
745,0.326,3,27,3,246567,359043,8464,99492,3.3258271888547184,0.21697798423239228
746,0.3267,11,131,11,246698,358912,8475,99481,3.324613731520249,0.21702120233075112
747,0.3271,0,2,0,246700,358910,8475,99481,3.3245952054540737,0.21702214921322627
748,0.3273,0,1,0,246701,358909,8475,99481,3.3245859424209865,0.21702262265756234
749,0.3275,1,49,1,246750,358860,8476,99480,3.3241320537996963,0.21704411572195315
750,0.328,1,14,1,246764,358846,8477,99479,3.3240023713364706,0.21704903725522282
751,0.3281,1,0,1,246764,358846,8478,99478,3.3240023713364706,0.2170473289637898
752,0.3283,1,18,1,246782,358828,8479,99477,3.3238356367408946,0.2170541451653375
753,0.3286,0,1,0,246783,358827,8479,99477,3.323826373707807,0.21705461876832843
754,0.3288,0,2,0,246785,358825,8479,99477,3.323807847641632,0.21705556598051068
755,0.329,0,3,0,246788,358822,8479,99477,3.323780058542369,0.217056986814285
756,0.3291,0,1,0,246789,358821,8479,99477,3.3237707955092817,0.21705746042967677
757,0.3292,0,1,0,246790,358820,8479,99477,3.323761532476194,0.21705793404713536
758,0.3293,0,1,0,246791,358819,8479,99477,3.3237522694431063,0.21705840766666085
759,0.33,766,10804,766,257595,348015,9245,98711,3.223674459965171,0.22096542399591695
760,0.3303,0,1,0,257596,348014,9245,98711,3.2236651969320835,0.22096591863002965
761,0.3307,0,1,0,257597,348013,9245,98711,3.223655933898996,0.22096641326635685
762,0.3308,0,2,0,257599,348011,9245,98711,3.223637407832821,0.22096740254565478
763,0.3312,0,2,0,257601,348009,9245,98711,3.2236188817666456,0.2209683918338109
764,0.3314,0,1,0,257602,348008,9245,98711,3.2236096187335583,0.2209688864812108
765,0.3315,0,1,0,257603,348007,9245,98711,3.2236003557004707,0.22096938113082526
766,0.3317,2,20,2,257623,347987,9247,98709,3.2234150950387193,0.22097578666475634
767,0.332,0,9,0,257632,347978,9247,98709,3.2233317277409315,0.22098023895927127
768,0.3321,0,1,0,257633,347977,9247,98709,3.223322464707844,0.2209807336697367
769,0.3325,3,46,3,257679,347931,9250,98706,3.2228963651858162,0.2209982603322161
770,0.3327,0,2,0,257681,347929,9250,98706,3.2228778391196413,0.2209992499468246
771,0.3328,0,1,0,257682,347928,9250,98706,3.2228685760865536,0.2209997447574524
772,0.3329,0,2,0,257684,347926,9250,98706,3.2228500500203787,0.22100073438535528
773,0.333,0,2,0,257686,347924,9250,98706,3.2228315239542034,0.22100172402212123
774,0.3333,4,114,4,257800,347810,9254,98702,3.2217755381822224,0.22105116995735838
775,0.3338,0,1,0,257801,347809,9254,98702,3.2217662751491347,0.2210516650205706
776,0.334,1,28,1,257829,347781,9255,98701,3.221506910222683,0.2210637830864402
777,0.335,24,310,24,258139,347471,9279,98677,3.2186353699655417,0.22117548436841586
778,0.3357,0,2,0,258141,347469,9279,98677,3.2186168438993663,0.22117647586216171
779,0.3358,0,2,0,258143,347467,9279,98677,3.2185983178331914,0.22117746736479701
780,0.336,0,28,0,258171,347439,9279,98677,3.21833895290674,0.2211913493351505
781,0.3362,0,1,0,258172,347438,9279,98677,3.218329689873652,0.2211918451520348
782,0.3365,0,1,0,258173,347437,9279,98677,3.2183204268405645,0.2211923409711419
783,0.3367,9,152,9,258325,347285,9288,98668,3.2169124458112566,0.22125201534690875
784,0.337,0,2,0,258327,347283,9288,98668,3.216893919745081,0.22125300761742883
785,0.3371,0,5,0,258332,347278,9288,98668,3.2168476045796437,0.2212554883326681
786,0.3373,0,2,0,258334,347276,9288,98668,3.2168290785134683,0.22125648063433973
787,0.3375,3,46,3,258380,347230,9291,98665,3.216402978991441,0.22127406676459704
788,0.338,0,20,0,258400,347210,9291,98665,3.21621771832969,0.22128399215026634
789,0.3383,2,11,2,258411,347199,9293,98663,3.2161158249657267,0.22128595843556975
790,0.3384,0,1,0,258412,347198,9293,98663,3.2161065619326394,0.2212864547471073
791,0.3386,0,3,0,258415,347195,9293,98663,3.2160787728333764,0.22128794369507782
792,0.3388,0,1,0,258416,347194,9293,98663,3.216069509800289,0.22128844001552067
793,0.339,0,2,0,258418,347192,9293,98663,3.216050983734114,0.22128943266308554
794,0.3392,0,4,0,258422,347188,9293,98663,3.2160139316017635,0.22129141798493218
795,0.3393,0,3,0,258425,347185,9293,98663,3.215986142502501,0.22129290699969498
796,0.3395,1,1,1,258426,347184,9294,98662,3.2159768794694137,0.22129165676040605
797,0.34,794,10745,794,269171,336439,10088,97868,3.1164455889436438,0.22534290260115541
798,0.3408,0,2,0,269173,336437,10088,97868,3.1164270628774684,0.2253439403184398
799,0.341,0,4,0,269177,336433,10088,97868,3.1163900107451186,0.22534601578168137
800,0.3412,0,1,0,269178,336432,10088,97868,3.116380747712031,0.22534653465346535
801,0.3414,0,1,0,269179,336431,10088,97868,3.116371484678943,0.22534705352763879
802,0.3415,0,2,0,269181,336429,10088,97868,3.1163529586127683,0.22534809128315417
803,0.3417,1,18,1,269199,336411,10089,97867,3.1161862240171923,0.22535564776479583
804,0.342,3,16,3,269215,336395,10092,97864,3.116038015487791,0.2253585993612107
805,0.3421,0,1,0,269216,336394,10092,97864,3.116028752454704,0.22535911831215544
806,0.3423,0,1,0,269217,336393,10092,97864,3.116019489421616,0.22535963726549024
807,0.3425,4,47,4,269264,336346,10096,97860,3.115584126866501,0.22537689483793408
808,0.3427,0,3,0,269267,336343,10096,97860,3.1155563377672384,0.22537845201438036
809,0.3429,0,3,0,269270,336340,10096,97860,3.115528548667976,0.22538000921234455
810,0.343,0,3,0,269273,336337,10096,97860,3.115500759568713,0.22538156643182702
811,0.3433,13,123,13,269396,336214,10109,97847,3.114361406498944,0.22542223328057578
812,0.3438,1,1,1,269397,336213,10110,97846,3.1143521434658563,0.22542096811723752
813,0.344,1,27,1,269424,336186,10111,97845,3.1141020415724925,0.22543320638387582
814,0.3442,1,0,1,269424,336186,10112,97844,3.1141020415724925,0.22543142179112044
815,0.3443,0,2,0,269426,336184,10112,97844,3.1140835155063176,0.22543246057858018
816,0.345,16,303,16,269729,335881,10128,97828,3.1112768164807885,0.22556137871245466
817,0.3456,0,2,0,269731,335879,10128,97828,3.1112582904146135,0.22556241886803763
818,0.3457,0,4,0,269735,335875,10128,97828,3.1112212382822633,0.22556449920798335
819,0.3458,1,2,1,269737,335873,10129,97827,3.111202712216088,0.2255637537468296
820,0.346,2,35,2,269772,335838,10131,97825,3.1108785060580235,0.2255783869041168
821,0.3462,1,1,1,269773,335837,10132,97824,3.1108692430249363,0.22557712129981713
822,0.3467,8,127,8,269900,335710,10140,97816,3.109692837822817,0.22562891268343768
823,0.347,0,3,0,269903,335707,10140,97816,3.109665048723554,0.22563047404635972
824,0.3471,1,1,1,269904,335706,10141,97815,3.1096557856904665,0.22562920827364763
825,0.3475,5,51,5,269955,335655,10146,97810,3.109183371003001,0.22564682269618078
826,0.3477,0,1,0,269956,335654,10146,97810,3.109174107969914,0.22564734326264696
827,0.3479,0,1,0,269957,335653,10146,97810,3.109164844936826,0.22564786383151503
828,0.348,1,12,1,269969,335641,10147,97809,3.1090536885397753,0.22565232437420693
829,0.3483,1,19,1,269988,335622,10148,97808,3.108877690911112,0.22566042959647464
830,0.3485,0,1,0,269989,335621,10148,97808,3.1088684278780243,0.2256609502363709
831,0.3486,0,3,0,269992,335618,10148,97808,3.1088406387787617,0.2256625121704743
832,0.3488,0,2,0,269994,335616,10148,97808,3.108822112712587,0.22566355347188896
833,0.3489,0,1,0,269995,335615,10148,97808,3.108812849679499,0.22566407412620004
834,0.349,0,4,0,269999,335611,10148,97808,3.108775797547149,0.22566615676746982
835,0.3492,0,1,0,270000,335610,10148,97808,3.108766534514061,0.2256666774337937
836,0.3493,0,1,0,270001,335609,10148,97808,3.108757271480974,0.2256671981025202
837,0.3495,1,0,1,270001,335609,10149,97807,3.108757271480974,0.22566541152149436
838,0.3496,0,1,0,270002,335608,10149,97807,3.1087480084478862,0.2256659321897027
839,0.3497,0,2,0,270004,335606,10149,97807,3.108729482381711,0.22566697353332735
840,0.35,818,10968,818,280972,324638,10967,96989,3.0071325354774165,0.2300350783986794
841,0.3505,0,1,0,280973,324637,10967,96989,3.0071232724443293,0.23003562398903293
842,0.3507,0,1,0,280974,324636,10967,96989,3.0071140094112416,0.2300361695819745
843,0.3508,1,1,1,280975,324635,10968,96988,3.007104746378154,0.23003488898850394
844,0.351,0,4,0,280979,324631,10968,96988,3.0070676942458037,0.2300370713843541
845,0.3513,0,1,0,280980,324630,10968,96988,3.0070584312127164,0.23003761698978697
846,0.3517,0,20,0,281000,324610,10968,96988,3.006873170550965,0.23004852964198122
847,0.352,1,10,1,281010,324600,10969,96987,3.0067805402200896,0.23005216005237353
848,0.3525,4,57,4,281067,324543,10973,96983,3.006252547334099,0.2300759620996095
849,0.3527,0,1,0,281068,324542,10973,96983,3.0062432843010116,0.23007650791767986
850,0.3529,0,3,0,281071,324539,10973,96983,3.006215495201749,0.23007814538742935
851,0.353,0,4,0,281075,324535,10973,96983,3.0061784430693987,0.23008032871668588
852,0.3533,10,122,10,281197,324413,10983,96973,3.0050483530327172,0.23012867062503264
853,0.354,0,20,0,281217,324393,10983,96973,3.004863092370966,0.23013959360745764
854,0.3541,0,1,0,281218,324392,10983,96973,3.0048538293378786,0.23014013978379788
855,0.3542,1,4,1,281222,324388,10984,96972,3.0048167772055283,0.2301404974368711
856,0.3543,0,6,0,281228,324382,10984,96972,3.0047611990070027,0.23014377459333482
857,0.355,26,357,26,281585,324025,11010,96946,3.001454296194746,0.23029139774473775
858,0.3557,1,2,1,281587,324023,11011,96945,3.001435770128571,0.23029066342334809
859,0.3558,0,3,0,281590,324020,11011,96945,3.0014079810293084,0.23029230458589195
860,0.356,1,23,1,281613,323997,11012,96944,3.0011949312682944,0.2303030590985435
861,0.3562,0,2,0,281615,323995,11012,96944,3.0011764052021195,0.23030415333338083
862,0.3567,9,127,9,281742,323868,11021,96935,3.0,0.23035719802377835
863,0.357,0,4,0,281746,323864,11021,96935,2.9999629478676497,0.23035938773618758
864,0.3571,0,3,0,281749,323861,11021,96935,2.999935158768387,0.23036103004781414
865,0.3573,0,2,0,281751,323859,11021,96935,2.999916632702212,0.23036212493524147
866,0.3575,1,47,1,281798,323812,11022,96934,2.999481270147097,0.2303860286253464
867,0.3576,0,1,0,281799,323811,11022,96934,2.9994720071140093,0.23038657619223044
868,0.358,0,10,0,281809,323801,11022,96934,2.999379376783134,0.23039205200423069
869,0.3583,2,19,2,281828,323782,11024,96932,2.9992033791544706,0.23039879823347928
870,0.3586,0,1,0,281829,323781,11024,96932,2.999194116121383,0.2303993458723643
871,0.3587,1,2,1,281831,323779,11025,96931,2.9991755900552075,0.23039861187040955
872,0.3588,0,2,0,281833,323777,11025,96931,2.9991570639890326,0.23039970716031072
873,0.359,0,2,0,281835,323775,11025,96931,2.9991385379228577,0.23040080246062572
874,0.3592,0,3,0,281838,323772,11025,96931,2.9991107488235946,0.23040244543062446
875,0.3593,0,1,0,281839,323771,11025,96931,2.9991014857905074,0.2304029930924978
876,0.3594,0,1,0,281840,323770,11025,96931,2.9990922227574197,0.23040354075697467
877,0.36,816,10732,816,292572,313038,11841,96115,2.8996813516617883,0.23491212333772452
878,0.3608,1,1,1,292573,313037,11842,96114,2.8996720886287006,0.23491082754288758
879,0.361,0,2,0,292575,313035,11842,96114,2.8996535625625253,0.23491197583276507
880,0.3613,0,1,0,292576,313034,11842,96114,2.899644299529438,0.23491254998191363
881,0.3617,2,16,2,292592,313018,11844,96112,2.899496091000037,0.2349179967247574
882,0.362,1,11,1,292603,313007,11845,96111,2.8993941976360738,0.23492244291378037
883,0.3623,0,1,0,292604,313006,11845,96111,2.8993849346029865,0.23492301713201846
884,0.3625,3,44,3,292648,312962,11848,96108,2.898977361147134,0.23494267484782555
885,0.3627,0,1,0,292649,312961,11848,96108,2.8989680981140467,0.2349432491829007
886,0.3629,1,3,1,292652,312958,11849,96107,2.8989403090147836,0.2349431019520125
887,0.363,0,3,0,292655,312955,11849,96107,2.898912519915521,0.23494482498985483
888,0.3633,10,143,10,292798,312812,11859,96097,2.897587906184001,0.2350082781254509
889,0.3635,0,1,0,292799,312811,11859,96097,2.897578643150913,0.2350088528470952
890,0.3638,0,1,0,292800,312810,11859,96097,2.897569380117826,0.2350094275715505
891,0.364,0,17,0,292817,312793,11859,96097,2.897411908555337,0.23501919831739587
892,0.3642,0,4,0,292821,312789,11859,96097,2.8973748564229873,0.23502149743449274
893,0.3643,0,6,0,292827,312783,11859,96097,2.8973192782244617,0.2350249461944825
894,0.3645,0,1,0,292828,312782,11859,96097,2.8973100151913744,0.23502552099765456
895,0.365,23,329,23,293157,312453,11882,96074,2.8942624773055687,0.23517172671573727
896,0.3652,0,1,0,293158,312452,11882,96074,2.8942532142724815,0.23517230237487943
897,0.3657,0,5,0,293163,312447,11882,96074,2.8942068991070435,0.23517518071286422
898,0.3658,0,2,0,293165,312445,11882,96074,2.8941883730408686,0.23517633206778632
899,0.366,1,33,1,293198,312412,11883,96073,2.893882692948979,0.23519345875613548
900,0.3662,0,1,0,293199,312411,11883,96073,2.8938734299158915,0.23519403452766816
901,0.3665,0,1,0,293200,312410,11883,96073,2.8938641668828042,0.2351946103020199
902,0.3667,8,156,8,293356,312254,11891,96065,2.8924191337211456,0.23526948292878852
903,0.367,0,2,0,293358,312252,11891,96065,2.8924006076549706,0.23527063531520853
904,0.3671,0,3,0,293361,312249,11891,96065,2.892372818555708,0.2352723639160058
905,0.3673,0,1,0,293362,312248,11891,96065,2.8923635555226204,0.23527294012191627
906,0.3675,5,62,5,293424,312186,11896,96060,2.891789247471192,0.23529930483091077
907,0.368,5,15,5,293439,312171,11901,96055,2.8916503019748787,0.23529858460754582
908,0.3682,0,2,0,293441,312169,11901,96055,2.8916317759087034,0.235299737399075
909,0.3683,1,14,1,293455,312155,11902,96054,2.8915020934454776,0.23530593397009866
910,0.3687,0,2,0,293457,312153,11902,96054,2.8914835673793027,0.2353070868456445
911,0.3688,0,2,0,293459,312151,11902,96054,2.8914650413131278,0.23530823973248735
912,0.3689,0,2,0,293461,312149,11902,96054,2.8914465152469524,0.23530939263062742
913,0.369,1,4,1,293465,312145,11903,96053,2.891409463114602,0.2353098251338811
914,0.3692,0,2,0,293467,312143,11903,96053,2.891390937048427,0.2353109780595596
915,0.3693,0,1,0,293468,312142,11903,96053,2.8913816740153395,0.23531155452663555
916,0.3695,0,1,0,293469,312141,11903,96053,2.891372410982252,0.23531213099653597
917,0.3696,0,1,0,293470,312140,11903,96053,2.8913631479491646,0.23531270746926086
918,0.3699,0,1,0,293471,312139,11903,96053,2.891353884916077,0.2353132839448103
919,0.37,967,10639,967,304110,301500,12870,95086,2.792804475897588,0.23976136323521255
920,0.3707,0,1,0,304111,301499,12870,95086,2.7927952128645,0.2397619678000933
921,0.3708,1,4,1,304115,301495,12871,95085,2.7927581607321503,0.23976246911089819
922,0.3712,0,1,0,304116,301494,12871,95085,2.7927488976990626,0.23976307368771418
923,0.3713,0,3,0,304119,301491,12871,95085,2.7927211085998,0.23976488743645608
924,0.3714,0,1,0,304120,301490,12871,95085,2.7927118455667124,0.23976549202546807
925,0.3715,1,0,1,304120,301490,12872,95084,2.7927118455667124,0.2397635750200467
926,0.3717,0,20,0,304140,301470,12872,95084,2.7925265849049614,0.23977566737443073
927,0.3719,0,1,0,304141,301469,12872,95084,2.7925173218718737,0.23977627202416826
928,0.372,1,8,1,304149,301461,12873,95083,2.792443217607173,0.2397791922207876
929,0.3725,6,59,6,304208,301402,12879,95077,2.7918966986550076,0.23980336915700454
930,0.3727,0,2,0,304210,301400,12879,95077,2.7918781725888326,0.23980457882802786
931,0.3729,0,1,0,304211,301399,12879,95077,2.791868909555745,0.2398051836681161
932,0.373,0,1,0,304212,301398,12879,95077,2.7918596465226573,0.23980578851125545
933,0.3733,6,155,6,304367,301243,12885,95071,2.7904238763940863,0.23988806855170394
934,0.3735,0,1,0,304368,301242,12885,95071,2.790414613360999,0.23988867385122364
935,0.3738,0,2,0,304370,301240,12885,95071,2.7903960872948237,0.23988988445942708
936,0.374,2,33,2,304403,301207,12887,95069,2.7900904072029347,0.2399060250936216
937,0.3742,0,1,0,304404,301206,12887,95069,2.790081144169847,0.23990663049649866
938,0.3743,0,2,0,304406,301204,12887,95069,2.790062618103672,0.23990784131141915
939,0.3745,0,1,0,304407,301203,12887,95069,2.7900533550705844,0.23990844672346268
940,0.375,32,329,32,304736,300874,12919,95037,2.787005817184779,0.24004637405881624
941,0.3751,0,1,0,304737,300873,12919,95037,2.7869965541516915,0.2400469803743275
942,0.3753,0,1,0,304738,300872,12919,95037,2.7869872911186038,0.24004758669290166
943,0.3757,0,4,0,304742,300868,12919,95037,2.7869502389862535,0.24005001199782777
944,0.3758,0,2,0,304744,300866,12919,95037,2.7869317129200786,0.24005122466866885
945,0.376,2,23,2,304767,300843,12921,95035,2.786718663159065,0.24006133202653343
946,0.3762,0,3,0,304770,300840,12921,95035,2.786690874059802,0.24006315124723712
947,0.3763,0,1,0,304771,300839,12921,95035,2.7866816110267147,0.24006375766026564
948,0.3767,16,132,16,304903,300707,12937,95019,2.7854588906591573,0.24011310856501722
949,0.3769,0,1,0,304904,300706,12937,95019,2.78544962762607,0.24011371533261736
950,0.377,0,3,0,304907,300703,12937,95019,2.785421838526807,0.24011553565381757
951,0.3771,0,2,0,304909,300701,12937,95019,2.785403312460632,0.2401167492166178
952,0.3773,0,2,0,304911,300699,12937,95019,2.785384786394457,0.24011796279168499
953,0.3775,5,56,5,304967,300643,12942,95014,2.784866056541554,0.2401423455164448
954,0.3778,0,1,0,304968,300642,12942,95014,2.7848567935084665,0.2401429524637564
955,0.378,0,13,0,304981,300629,12942,95014,2.7847363740783284,0.24015084305800938
956,0.3783,1,25,1,305006,300604,12943,95013,2.7845047982511395,0.24016409810498537
957,0.379,1,2,1,305008,300602,12944,95012,2.784486272184964,0.24016339158877087
958,0.3791,0,1,0,305009,300601,12944,95012,2.784477009151877,0.24016399865525148
959,0.3792,0,4,0,305013,300597,12944,95012,2.7844399570195266,0.24016642695186408
960,0.3795,0,1,0,305014,300596,12944,95012,2.784430693986439,0.2401670340336899
961,0.3797,0,1,0,305015,300595,12944,95012,2.7844214309533513,0.24016764111858485
962,0.38,948,10623,948,315638,289972,13892,94064,2.6860202304642633,0.24493537064233561
963,0.3807,0,1,0,315639,289971,13892,94064,2.6860109674311756,0.24493600843673102
964,0.3808,0,2,0,315641,289969,13892,94064,2.6859924413650007,0.24493728403548654
965,0.381,1,0,1,315641,289969,13893,94063,2.6859924413650007,0.2449353178901758
966,0.3812,1,0,1,315641,289969,13894,94062,2.6859924413650007,0.2449333517346256
967,0.3817,0,24,0,315665,289945,13894,94062,2.6857701285708995,0.24494865979005592
968,0.382,1,9,1,315674,289936,13895,94061,2.6856867612731112,0.24495243452422805
969,0.3823,0,1,0,315675,289935,13895,94061,2.6856774982400236,0.2449530724278378
970,0.3825,5,50,5,315725,289885,13900,94056,2.685214346585646,0.24497513940944052
971,0.3827,1,1,1,315726,289884,13901,94055,2.6852050835525585,0.24497381094392598
972,0.3829,0,1,0,315727,289883,13901,94055,2.685195820519471,0.24497444899957807
973,0.383,0,3,0,315730,289880,13901,94055,2.685168031420208,0.24497636318647686
974,0.3833,12,116,12,315846,289764,13913,94043,2.684093519582052,0.24502679732261268
975,0.3838,0,1,0,315847,289763,13913,94043,2.684084256548964,0.24502743573576233
976,0.3839,0,1,0,315848,289762,13913,94043,2.684074993515877,0.24502807415223876
977,0.384,3,19,3,315867,289743,13916,94040,2.6838989958872133,0.24503430323907
978,0.3842,0,2,0,315869,289741,13916,94040,2.6838804698210383,0.2450355801876591
979,0.3843,0,4,0,315873,289737,13916,94040,2.683843417688688,0.24503813412476516
980,0.3845,0,1,0,315874,289736,13916,94040,2.6838341546556004,0.24503877261736012
981,0.3847,0,2,0,315876,289734,13916,94040,2.6838156285894255,0.24504004961253237
982,0.385,34,313,34,316189,289421,13950,94006,2.680916299233021,0.24517313595547524
983,0.3853,0,1,0,316190,289420,13950,94006,2.680907036199933,0.24517377538299437
984,0.3856,0,1,0,316191,289419,13950,94006,2.680897773166846,0.24517441481384886
985,0.3857,0,4,0,316195,289415,13950,94006,2.6808607210344957,0.2451769725706208
986,0.3858,0,2,0,316197,289413,13950,94006,2.6808421949683203,0.24517825146901953
987,0.386,2,42,2,316239,289371,13952,94004,2.680453147578643,0.2452011737854581
988,0.3861,0,1,0,316240,289370,13952,94004,2.6804438845455554,0.2452018133728422
989,0.3867,6,161,6,316401,289209,13958,93998,2.678952536218459,0.24529301395851327
990,0.3868,0,2,0,316403,289207,13958,93998,2.6789340101522843,0.24529429417674614
991,0.3871,0,1,0,316404,289206,13958,93998,2.6789247471191966,0.2452949342908738
992,0.3872,1,0,1,316404,289206,13959,93997,2.6789247471191966,0.24529296482543195
993,0.3875,1,53,1,316457,289153,13960,93996,2.678433806365556,0.2453249258121514
994,0.388,1,16,1,316473,289137,13961,93995,2.6782855978361555,0.24533320108996376
995,0.3883,0,33,0,316506,289104,13961,93995,2.677979917744266,0.24535433399721743
996,0.3885,0,1,0,316507,289103,13961,93995,2.677970654711179,0.24535497444518112
997,0.3886,0,2,0,316509,289101,13961,93995,2.6779521286450034,0.24535625535113914
998,0.389,0,4,0,316513,289097,13961,93995,2.677915076512653,0.24535881720317834
999,0.3893,0,1,0,316514,289096,13961,93995,2.677905813479566,0.2453594576745473
1000,0.39,989,10466,989,326980,278630,14950,93006,2.5809589091852234,0.25026100808317814
1001,0.3907,0,1,0,326981,278629,14950,93006,2.580949646152136,0.2502616814885573
1002,0.3908,0,1,0,326982,278628,14950,93006,2.5809403831190485,0.2502623548975605
1003,0.391,0,5,0,326987,278623,14950,93006,2.5808940679536105,0.2502657219969378
1004,0.3915,0,1,0,326988,278622,14950,93006,2.5808848049205233,0.25026639542768575
1005,0.3916,0,1,0,326989,278621,14950,93006,2.5808755418874356,0.2502670688620579
1006,0.3917,2,18,2,327007,278603,14952,93004,2.5807088072918596,0.2502751562806944
1007,0.392,0,17,0,327024,278586,14952,93004,2.5805513357293712,0.25028660620576443
1008,0.3925,2,64,2,327088,278522,14954,93002,2.5799585016117677,0.2503256855546344
1009,0.3927,0,2,0,327090,278520,14954,93002,2.5799399755455927,0.2503270331232067
1010,0.3929,1,3,1,327093,278517,14955,93001,2.57991218644633,0.2503270366442541
1011,0.393,0,4,0,327097,278513,14955,93001,2.57987513431398,0.2503297318539813
1012,0.3933,15,131,15,327228,278382,14970,92986,2.57866167697951,0.250387755541673
1013,0.3935,0,2,0,327230,278380,14970,92986,2.578643150913335,0.2503891040105987
1014,0.3938,0,1,0,327231,278379,14970,92986,2.5786338878802475,0.25038977825050823
1015,0.394,2,23,2,327254,278356,14972,92984,2.578420838119234,0.25040124952873377
1016,0.3942,0,2,0,327256,278354,14972,92984,2.5784023120530586,0.25040259817201577
1017,0.3943,0,4,0,327260,278350,14972,92984,2.5783652599207083,0.25040529550216245
1018,0.3945,0,1,0,327261,278349,14972,92984,2.578355996887621,0.25040596984377905
1019,0.3947,0,3,0,327264,278346,14972,92984,2.578328207788358,0.2504079928904209
1020,0.395,34,347,34,327611,277999,15006,92950,2.5751139353069767,0.2505735289756813
1021,0.3953,0,1,0,327612,277998,15006,92950,2.5751046722738895,0.2505742044707075
1022,0.3957,0,4,0,327616,277994,15006,92950,2.5750676201415392,0.2505769064872326
1023,0.3958,0,1,0,327617,277993,15006,92950,2.5750583571084515,0.2505775820004691
1024,0.396,1,30,1,327647,277963,15007,92949,2.574780466115825,0.2505958286601674
1025,0.3962,0,4,0,327651,277959,15007,92949,2.574743413983475,0.25059853117215053
1026,0.3965,2,0,2,327651,277959,15009,92947,2.574743413983475,0.2505944902482031
1027,0.3967,16,157,16,327808,277802,15025,92931,2.573289117788729,0.2506682706961614
1028,0.397,0,2,0,327810,277800,15025,92931,2.5732705917225536,0.2506696229880965
1029,0.3971,1,0,1,327810,277800,15026,92930,2.5732705917225536,0.2506676017586923
1030,0.3973,0,1,0,327811,277799,15026,92930,2.573261328689466,0.25066827790650315
1031,0.3975,5,46,5,327857,277753,15031,92925,2.572835229167439,0.25068927748612
1032,0.398,1,18,1,327875,277735,15032,92924,2.5726684945718628,0.25069942993425226
1033,0.3983,2,10,2,327885,277725,15034,92922,2.5725758642409873,0.25070215056374395
1034,0.3986,0,2,0,327887,277723,15034,92922,2.572557338174812,0.2507035033522643
1035,0.3988,0,2,0,327889,277721,15034,92922,2.572538812108637,0.250704856155384
1036,0.3989,0,1,0,327890,277720,15034,92922,2.5725295490755493,0.25070553256241873
1037,0.399,0,3,0,327893,277717,15034,92922,2.5725017599762867,0.25070756180542253
1038,0.3992,0,2,0,327895,277715,15034,92922,2.5724832339101114,0.2507089146523418
1039,0.3993,0,1,0,327896,277714,15034,92922,2.572473970877024,0.2507095910812765
1040,0.3995,0,1,0,327897,277713,15034,92922,2.5724647078439364,0.25071026751386133
1041,0.4,1076,10499,1076,338396,267214,16110,91846,2.475212123457705,0.2557956887428285
1042,0.4007,0,1,0,338397,267213,16110,91846,2.4752028604246172,0.2557964011485578
1043,0.4008,1,2,1,338399,267211,16111,91845,2.4751843343584423,0.2557957533086761
1044,0.4014,0,2,0,338401,267209,16111,91845,2.4751658082922674,0.2557971781403354
1045,0.4015,0,1,0,338402,267208,16111,91845,2.4751565452591797,0.25579789056211755
1046,0.4017,1,17,1,338419,267191,16112,91844,2.4749990736966914,0.25580792958903725
1047,0.402,1,12,1,338431,267179,16113,91843,2.4748879172996405,0.25581440691656776
1048,0.4022,0,1,0,338432,267178,16113,91843,2.474878654266553,0.2558151194498372
1049,0.4025,7,47,7,338479,267131,16120,91836,2.474443291711438,0.2558341017419429
1050,0.4026,0,1,0,338480,267130,16120,91836,2.4744340286783504,0.2558348144392505
1051,0.4027,0,4,0,338484,267126,16120,91836,2.474396976546,0.25583766526818996
1052,0.4029,0,1,0,338485,267125,16120,91836,2.474387713512913,0.2558383779853522
1053,0.4033,9,149,9,338634,266976,16129,91827,2.473007521582867,0.25592595379637295
1054,0.4037,1,0,1,338634,266976,16130,91826,2.473007521582867,0.2559238800229653
1055,0.404,3,29,3,338663,266947,16133,91823,2.472738893623328,0.2559383449006327
1056,0.4042,0,3,0,338666,266944,16133,91823,2.4727111045240653,0.2559404850501858
1057,0.4043,0,5,0,338671,266939,16133,91823,2.4726647893586278,0.25594405204564585
1058,0.4045,0,1,0,338672,266938,16133,91823,2.47265552632554,0.25594476545666894
1059,0.4047,1,0,1,338672,266938,16134,91822,2.47265552632554,0.25594269149292004
1060,0.405,25,310,25,338982,266628,16159,91797,2.469783986068398,0.2561121573550952
1061,0.4053,0,1,0,338983,266627,16159,91797,2.469774723035311,0.25611287190589915
1062,0.4057,2,4,2,338987,266623,16161,91795,2.4697376709029606,0.2561115792175616
1063,0.4058,0,6,0,338993,266617,16161,91795,2.469682092704435,0.25611586665625036
1064,0.406,4,26,4,339019,266591,16165,91791,2.469441253844159,0.25612614472825085
1065,0.4062,0,4,0,339023,266587,16165,91791,2.4694042017118085,0.2561290034544531
1066,0.4065,1,2,1,339025,266585,16166,91790,2.4693856756456336,0.2561283571677712
1067,0.4067,10,160,10,339185,266425,16176,91780,2.4679035903516247,0.2562219957845368
1068,0.407,0,1,0,339186,266424,16176,91780,2.467894327318537,0.2562227110808366
1069,0.4071,0,6,0,339192,266418,16176,91780,2.4678387491200118,0.25622700294250667
1070,0.4073,0,2,0,339194,266416,16176,91780,2.467820223053837,0.256228433595015
1071,0.4075,6,67,6,339261,266349,16182,91774,2.4671995998369707,0.2562639093272423
1072,0.4076,0,1,0,339262,266348,16182,91774,2.467190336803883,0.2562646249043622
1073,0.408,2,11,2,339273,266337,16184,91772,2.46708844343992,0.25626834287884415
1074,0.4083,0,19,0,339292,266318,16184,91772,2.4669124458112566,0.2562819402943394
1075,0.4086,0,1,0,339293,266317,16184,91772,2.466903182778169,0.25628265598775724
1076,0.4087,1,2,1,339295,266315,16185,91771,2.466884656711994,0.25628201046675936
1077,0.4088,0,2,0,339297,266313,16185,91771,2.4668661306458186,0.2562834418739737
1078,0.409,0,2,0,339299,266311,16185,91771,2.4668476045796437,0.25628487329717775
1079,0.4092,1,1,1,339300,266310,16186,91770,2.466838341546556,0.2562835120643432
1080,0.4093,0,3,0,339303,266307,16186,91770,2.4668105524472934,0.25628565922971874
1081,0.4098,0,1,0,339304,266306,16186,91770,2.4668012894142057,0.2562863749595058
1082,0.41,1091,10492,1091,349796,255814,17277,90679,2.369613546259587,0.26170514267243494
1083,0.411,0,1,0,349797,255813,17277,90679,2.3696042832265,0.2617058979716703
1084,0.4113,0,1,0,349798,255812,17277,90679,2.369595020193412,0.26170665327526543
1085,0.4117,2,21,2,349819,255791,17279,90677,2.3694004964985735,0.2617182539224402
1086,0.412,1,9,1,349828,255782,17280,90676,2.3693171292007853,0.2617229216817046
1087,0.4121,0,1,0,349829,255781,17280,90676,2.369307866167698,0.2617236771085589
1088,0.4125,5,45,5,349874,255736,17285,90671,2.368891029678758,0.2617470201237273
1089,0.4127,0,1,0,349875,255735,17285,90671,2.3688817666456705,0.26174777573136726
1090,0.4129,1,0,1,349875,255735,17286,90670,2.3688817666456705,0.26174564454901056
1091,0.413,0,3,0,349878,255732,17286,90670,2.368853977546408,0.2617479113861929
1092,0.4131,0,1,0,349879,255731,17286,90670,2.3688447145133202,0.2617486670073123
1093,0.4133,9,130,9,350009,255601,17295,90661,2.367640520211938,0.261827748930001
1094,0.4136,0,1,0,350010,255600,17295,90661,2.3676312571788505,0.261828505087203
1095,0.4137,0,1,0,350011,255599,17295,90661,2.3676219941457632,0.2618292612487726
1096,0.4138,0,1,0,350012,255598,17295,90661,2.3676127311126756,0.2618300174147098
1097,0.414,7,25,7,350037,255573,17302,90654,2.3673811552854866,0.26183399908152744
1098,0.4142,0,3,0,350040,255570,17302,90654,2.367353366186224,0.2618362678497158
1099,0.4143,1,7,1,350047,255563,17303,90653,2.367288524954611,0.2618394297201747
1100,0.4147,1,1,1,350048,255562,17304,90652,2.3672792619215235,0.2618380539204076
1101,0.415,42,372,42,350420,255190,17346,90610,2.3638334136129533,0.26203007518796995
1102,0.4152,0,1,0,350421,255189,17346,90610,2.363824150579866,0.26203083294052326
1103,0.4153,0,2,0,350423,255187,17346,90610,2.3638056245136907,0.2620323484587778
1104,0.4156,0,1,0,350424,255186,17346,90610,2.363796361480603,0.2620331062244792
1105,0.4157,0,3,0,350427,255183,17346,90610,2.3637685723813404,0.2620353795478798
1106,0.4158,0,4,0,350431,255179,17346,90610,2.36373152024899,0.26203841070710754
1107,0.416,3,35,3,350466,255144,17349,90607,2.3634073140909257,0.2620585334532655
1108,0.4165,0,1,0,350467,255143,17349,90607,2.3633980510578385,0.262059291395517
1109,0.4167,12,168,12,350635,254975,17361,90595,2.3618418614991294,0.26216106722227045
1110,0.4171,0,2,0,350637,254973,17361,90595,2.361823335432954,0.26216258449856467
1111,0.4172,0,1,0,350638,254972,17361,90595,2.3618140723998664,0.2621633431432978
1112,0.4175,4,62,4,350700,254910,17365,90591,2.361239764348438,0.2622018460149175
1113,0.4178,0,1,0,350701,254909,17365,90591,2.3612305013153505,0.2622026049204052
1114,0.418,3,15,3,350716,254894,17368,90588,2.3610915558190375,0.26220758245002634
1115,0.4183,2,18,2,350734,254876,17370,90586,2.3609248212234615,0.2622169732126833
1116,0.4185,1,1,1,350735,254875,17371,90585,2.360915558190374,0.2622155965958432
1117,0.4187,0,1,0,350736,254874,17371,90585,2.360906295157286,0.2622163556312037
1118,0.4189,0,1,0,350737,254873,17371,90585,2.360897032124199,0.26221711467095854
1119,0.4192,2,3,2,350740,254870,17373,90583,2.3608692430249363,0.2622151204360651
1120,0.4197,0,1,0,350741,254869,17373,90583,2.3608599799918486,0.2622158794854278
1121,0.4198,0,2,0,350743,254867,17373,90583,2.3608414539256732,0.2622173975973368
1122,0.42,1146,10026,1146,360769,244841,18519,89437,2.2679702841898552,0.26755275549093865
1123,0.4204,0,1,0,360770,244840,18519,89437,2.2679610211567676,0.2675535558832944
1124,0.4207,0,3,0,360773,244837,18519,89437,2.267933232057505,0.2675559570890946
1125,0.421,1,1,1,360774,244836,18520,89436,2.2679239690244173,0.26755456634118324
1126,0.4212,0,1,0,360775,244835,18520,89436,2.2679147059913296,0.2675553667533229
1127,0.4214,0,1,0,360776,244834,18520,89436,2.2679054429582424,0.2675561671702516
1128,0.4217,0,16,0,360792,244818,18520,89436,2.2677572344288413,0.26756897449245187
1129,0.422,2,18,2,360810,244800,18522,89434,2.267590499833265,0.26757900153784475
1130,0.4222,1,0,1,360810,244800,18523,89433,2.267590499833265,0.2675768101892991
1131,0.4225,4,55,4,360865,244745,18527,89429,2.26708103301345,0.26761208232836786
1132,0.4227,0,1,0,360866,244744,18527,89429,2.267071769980362,0.2676128831473518
1133,0.4229,0,3,0,360869,244741,18527,89429,2.2670439808810996,0.26761528563306103
1134,0.423,0,2,0,360871,244739,18527,89429,2.2670254548149247,0.26761688731416533
1135,0.4233,13,143,13,361014,244596,18540,89416,2.2657008410834045,0.26770295677999595
1136,0.4238,0,1,0,361015,244595,18540,89416,2.265691578050317,0.2677037582594585
1137,0.424,0,27,0,361042,244568,18540,89416,2.265441476156953,0.2677254000191626
1138,0.4242,0,5,0,361047,244563,18540,89416,2.265395160991515,0.2677294081364397
1139,0.4243,0,3,0,361050,244560,18540,89416,2.2653673718922525,0.2677318130644118
1140,0.4244,0,1,0,361051,244559,18540,89416,2.2653581088591648,0.2677326147166704
1141,0.4247,0,2,0,361053,244557,18540,89416,2.26533958279299,0.2677342180355897
1142,0.425,29,349,29,361402,244208,18569,89387,2.262106784245433,0.2679506587328947
1143,0.4253,0,2,0,361404,244206,18569,89387,2.2620882581792583,0.26795226518542054
1144,0.4254,1,0,1,361404,244206,18570,89386,2.2620882581792583,0.2679500707451018
1145,0.4257,1,2,1,361406,244204,18571,89385,2.262069732113083,0.26794948274673325
1146,0.4258,1,4,1,361410,244200,18572,89384,2.262032679980733,0.26795050122308023
1147,0.426,3,30,3,361440,244170,18575,89381,2.2617547889881062,0.2679680168849741
1148,0.4262,2,2,2,361442,244168,18577,89379,2.2617362629219313,0.26796523428482344
1149,0.4267,10,162,10,361604,244006,18587,89369,2.2602356515617474,0.2680734908136483
1150,0.4271,1,3,1,361607,244003,18588,89368,2.260207862462485,0.26807370767103317
1151,0.4272,0,1,0,361608,244002,18588,89368,2.260198599429397,0.26807451180370157
1152,0.4273,0,1,0,361609,244001,18588,89368,2.2601893363963095,0.26807531594119427
1153,0.4274,0,1,0,361610,244000,18588,89368,2.2601800733632222,0.26807612008351134
1154,0.4275,6,53,6,361663,243947,18594,89362,2.259689132609582,0.2681055717067346
1155,0.4276,0,1,0,361664,243946,18594,89362,2.259679869576494,0.26810637608458243
1156,0.4279,0,2,0,361666,243944,18594,89362,2.259661343510319,0.26810798485475806
1157,0.428,2,18,2,361684,243926,18596,89360,2.259494608914743,0.2681180727663328
1158,0.4283,1,18,1,361702,243908,18597,89359,2.259327874319167,0.2681303579412303
1159,0.4286,1,1,1,361703,243907,18598,89358,2.2593186112860795,0.2681289664381198
1160,0.4289,0,1,0,361704,243906,18598,89358,2.259309348252992,0.2681297709923664
1161,0.429,1,2,1,361706,243904,18599,89357,2.259290822186817,0.2681291840329351
1162,0.4291,0,2,0,361708,243902,18599,89357,2.259272296120642,0.2681307931668762
1163,0.4292,0,2,0,361710,243900,18599,89357,2.2592537700544666,0.2681324023201313
1164,0.4293,0,3,0,361713,243897,18599,89357,2.259225980955204,0.2681348160862285
1165,0.4295,0,1,0,361714,243896,18599,89357,2.2592167179221163,0.26813562068458496
1166,0.43,1170,9953,1170,371667,233943,19769,88187,2.1670217496016897,0.27376214571756746
1167,0.4302,0,1,0,371668,233942,19769,88187,2.167012486568602,0.2737629955700977
1168,0.4308,0,6,0,371674,233936,19769,88187,2.166956908370077,0.2737680947960872
1169,0.431,1,5,1,371679,233931,19770,88186,2.166910593204639,0.27377008974999767
1170,0.4313,0,1,0,371680,233930,19770,88186,2.166901330171551,0.2737709396614884
1171,0.4317,1,16,1,371696,233914,19771,88185,2.1667531216421505,0.27378228432873125
1172,0.4319,0,1,0,371697,233913,19771,88185,2.166743858609063,0.27378313432557794
1173,0.432,2,14,2,371711,233899,19773,88183,2.166614176145837,0.27379052539415427
1174,0.4324,0,1,0,371712,233898,19773,88183,2.16660491311275,0.27379137546145227
1175,0.4325,5,51,5,371763,233847,19778,88178,2.1661324984252843,0.2738234609114199
1176,0.4327,0,2,0,371765,233845,19778,88178,2.1661139723591094,0.2738251615567832
1177,0.4329,0,3,0,371768,233842,19778,88178,2.166086183259847,0.273827712564437
1178,0.433,0,2,0,371770,233840,19778,88178,2.1660676571936714,0.2738294132626127
1179,0.4333,16,149,16,371919,233691,19794,88162,2.164687465263626,0.2739200815279025
1180,0.4335,0,1,0,371920,233690,19794,88162,2.1646782022305384,0.2739209326025627
1181,0.4338,0,1,0,371921,233689,19794,88162,2.1646689391974507,0.27392178368251147
1182,0.434,2,29,2,371950,233660,19796,88160,2.1644003112379115,0.273941955130197
1183,0.4342,1,3,1,371953,233657,19797,88159,2.164372522138649,0.2739422527158376
1184,0.4343,0,4,0,371957,233653,19797,88159,2.1643354700062987,0.273945657713199
1185,0.4344,0,1,0,371958,233652,19797,88159,2.1643262069732114,0.2739465089757653
1186,0.4345,0,1,0,371959,233651,19797,88159,2.1643169439401237,0.27394736024362204
1187,0.435,46,334,46,372293,233317,19843,88113,2.1612230908888805,0.27412811498615564
1188,0.4354,0,1,0,372294,233316,19843,88113,2.1612138278557933,0.2741289678280429
1189,0.4356,0,1,0,372295,233315,19843,88113,2.1612045648227056,0.2741298206752368
1190,0.4357,1,2,1,372297,233313,19844,88112,2.1611860387565303,0.27412926810297894
1191,0.4358,0,2,0,372299,233311,19844,88112,2.1611675126903553,0.2741309738257685
1192,0.436,2,39,2,372338,233272,19846,88110,2.1608062543999407,0.27415972269759975
1193,0.4362,0,3,0,372341,233269,19846,88110,2.160778465300678,0.27416228191636666
1194,0.4367,13,137,13,372478,233132,19859,88097,2.159509429767683,0.27424983423040883
1195,0.437,1,2,1,372480,233130,19860,88096,2.159490903701508,0.2742492824366645
1196,0.4371,0,2,0,372482,233128,19860,88096,2.159472377635333,0.27425098996339003
1197,0.4372,0,1,0,372483,233127,19860,88096,2.159463114602245,0.27425184373472633
1198,0.4375,6,46,6,372529,233081,19866,88090,2.159037015080218,0.27427756553362537
1199,0.438,3,18,3,372547,233063,19869,88087,2.158870280484642,0.27428615911567805
1200,0.4383,1,23,1,372570,233040,19870,88086,2.158657230723628,0.2743035444031315
1201,0.4386,0,5,0,372575,233035,19870,88086,2.1586109155581905,0.2743078154340576
1202,0.4392,0,3,0,372578,233032,19870,88086,2.158583126458928,0.27431037811645564
1203,0.4393,0,3,0,372581,233029,19870,88086,2.158555337359665,0.27431294084673713
1204,0.44,1229,9785,1229,382366,223244,21099,86857,2.0679165585979473,0.2800926149867301
1205,0.4408,2,3,2,382369,223241,21101,86855,2.0678887694986847,0.2800906815953769
1206,0.4415,0,1,0,382370,223240,21101,86855,2.067879506465597,0.28009158483690483
1207,0.4417,1,18,1,382388,223222,21102,86854,2.067712771870021,0.28010552251706033
1208,0.442,2,13,2,382401,223209,21104,86852,2.067592352439883,0.28011262299999035
1209,0.4423,0,1,0,382402,223208,21104,86852,2.0675830894067952,0.2801135264142424
1210,0.4425,2,44,2,382446,223164,21106,86850,2.067175515950943,0.2801486384485862
1211,0.4427,0,1,0,382447,223163,21106,86850,2.0671662529178554,0.28014954211597576
1212,0.4429,0,1,0,382448,223162,21106,86850,2.0671569898847677,0.28015044578919523
1213,0.443,0,1,0,382449,223161,21106,86850,2.0671477268516805,0.28015134946824466
1214,0.4433,20,149,20,382598,223012,21126,86830,2.0657675349216347,0.2802396059927318
1215,0.4435,1,1,1,382599,223011,21127,86829,2.065758271888547,0.2802381874515879
1216,0.4438,0,2,0,382601,223009,21127,86829,2.065739745822372,0.28023999638520775
1217,0.4439,1,0,1,382601,223009,21128,86828,2.065739745822372,0.2802376733572814
1218,0.444,1,22,1,382623,222987,21129,86827,2.0655359590944458,0.280255249924148
1219,0.4442,0,2,0,382625,222985,21129,86827,2.065517433028271,0.2802570591197242
1220,0.4443,0,2,0,382627,222983,21129,86827,2.0654989069620955,0.28025886833865915
1221,0.4445,0,3,0,382630,222980,21129,86827,2.065471117862833,0.2802615822108603
1222,0.4446,0,1,0,382631,222979,21129,86827,2.0654618548297456,0.2802624868466072
1223,0.4447,0,2,0,382633,222977,21129,86827,2.0654433287635703,0.2802642961356212
1224,0.445,32,351,32,382984,222626,21161,86795,2.0621920041498387,0.28050778712498503
1225,0.4452,0,1,0,382985,222625,21161,86795,2.0621827411167515,0.28050869368495895
1226,0.4455,0,1,0,382986,222624,21161,86795,2.062173478083664,0.28050960025079263
1227,0.4457,0,5,0,382991,222619,21161,86795,2.062127162918226,0.2805141331678592
1228,0.4458,0,3,0,382994,222616,21161,86795,2.0620993738189632,0.28051685298841994
1229,0.446,4,28,4,383022,222588,21165,86791,2.0618400088925117,0.28053293856402667
1230,0.4462,0,1,0,383023,222587,21165,86791,2.061830745859424,0.28053384532836856
1231,0.4463,1,0,1,383023,222587,21166,86790,2.061830745859424,0.28053151979623564
1232,0.4467,9,138,9,383161,222449,21175,86781,2.060552447293342,0.2806357727258028
1233,0.4468,0,1,0,383162,222448,21175,86781,2.060543184260254,0.2806366802596134
1234,0.447,0,2,0,383164,222446,21175,86781,2.0605246581940793,0.28063849534484375
1235,0.4471,0,1,0,383165,222445,21175,86781,2.0605153951609916,0.2806394028962636
1236,0.4473,0,1,0,383166,222444,21175,86781,2.060506132127904,0.28064031045355325
1237,0.4475,1,43,1,383209,222401,21176,86780,2.060107821705139,0.2806770144349103
1238,0.4478,0,1,0,383210,222400,21176,86780,2.0600985586720517,0.2806779222459409
1239,0.448,2,12,2,383222,222388,21178,86778,2.059987402275001,0.2806841632003519
1240,0.4482,0,1,0,383223,222387,21178,86778,2.059978139241913,0.2806850710785503
1241,0.4483,2,17,2,383240,222370,21180,86776,2.059820667679425,0.280695852445123
1242,0.4485,0,1,0,383241,222369,21180,86776,2.0598114046463376,0.2806967604198677
1243,0.4487,1,1,1,383242,222368,21181,86775,2.05980214161325,0.2806953416380122
1244,0.4488,0,2,0,383244,222366,21181,86775,2.0597836155470746,0.2806971576076936
1245,0.449,1,0,1,383244,222366,21182,86774,2.0597836155470746,0.28069483082098723
1246,0.4492,0,4,0,383248,222362,21182,86774,2.0597465634147247,0.28069846281248384
1247,0.4493,0,1,0,383249,222361,21182,86774,2.059737300381637,0.2806993708250441
1248,0.45,1276,9638,1276,392887,212723,22458,85498,1.9704601874837897,0.2866934253456329
1249,0.4507,0,3,0,392890,212720,22458,85498,1.970432398384527,0.2866963094112361
1250,0.451,0,1,0,392891,212719,22458,85498,1.9704231353514394,0.2866972707793318
1251,0.4515,1,0,1,392891,212719,22459,85497,1.9704231353514394,0.28669487887973816
1252,0.4517,1,18,1,392909,212701,22460,85496,1.9702564007558634,0.2867097925197101
1253,0.452,2,13,2,392922,212688,22462,85494,1.9701359813257253,0.2867175080990804
1254,0.4524,0,1,0,392923,212687,22462,85494,1.9701267182926376,0.28671846965433745
1255,0.4525,8,66,8,392989,212621,22470,85486,1.9695153581088591,0.28676280664325227
1256,0.4529,0,3,0,392992,212618,22470,85486,1.9694875690095965,0.2867656925099965
1257,0.453,0,3,0,392995,212615,22470,85486,1.969459779910334,0.2867685784348258
1258,0.4533,21,136,21,393131,212479,22491,85465,1.9682000074104264,0.286849206562307
1259,0.4538,0,2,0,393133,212477,22491,85465,1.9681814813442513,0.28685113209953617
1260,0.454,4,18,4,393151,212459,22495,85461,1.9680147467486755,0.28685888829215894
1261,0.4542,0,3,0,393154,212456,22495,85461,1.9679869576494127,0.28686177693787196
1262,0.4543,0,8,0,393162,212448,22495,85461,1.9679128533847123,0.2868694802775344
1263,0.4544,0,1,0,393163,212447,22495,85461,1.9679035903516247,0.2868704432240826
1264,0.4547,0,1,0,393164,212446,22495,85461,1.9678943273185372,0.28687140617709556
1265,0.4548,0,1,0,393165,212445,22495,85461,1.9678850642854497,0.28687236913657327
1266,0.455,51,283,51,393448,212162,22546,85410,1.9652636259216718,0.2870229725915073
1267,0.4553,0,2,0,393450,212160,22546,85410,1.9652450998554967,0.2870249017038008
1268,0.4556,0,2,0,393452,212158,22546,85410,1.9652265737893215,0.287026830842026
1269,0.4557,1,6,1,393458,212152,22547,85409,1.9651709955907963,0.28703022237457193
1270,0.4558,0,1,0,393459,212151,22547,85409,1.9651617325577087,0.2870311869874983
1271,0.456,1,20,1,393479,212131,22548,85408,1.9649764718959577,0.28704808445279445
1272,0.4565,0,1,0,393480,212130,22548,85408,1.96496720886287,0.28704904919707736
1273,0.4567,29,166,29,393646,211964,22577,85379,1.963429545370336,0.28713976787750173
1274,0.4569,0,1,0,393647,211963,22577,85379,1.9634202823372484,0.28714073356606196
1275,0.457,1,1,1,393648,211962,22578,85378,1.963411019304161,0.28713930180937647
1276,0.4571,0,3,0,393651,211959,22578,85378,1.9633832302048984,0.2871421989190716
1277,0.4572,0,1,0,393652,211958,22578,85378,1.9633739671718107,0.28714316463529477
1278,0.4575,13,47,13,393699,211911,22591,85365,1.9629386046166957,0.2871573890929641
1279,0.458,1,7,1,393706,211904,22592,85364,1.9628737633850828,0.28716175303093505
1280,0.4583,4,12,4,393718,211892,22596,85360,1.9627626069880322,0.2871637533136867
1281,0.4585,0,1,0,393719,211891,22596,85360,1.9627533439549447,0.2871647193785723
1282,0.4586,1,1,1,393720,211890,22597,85359,1.962744080921857,0.2871632873449532
1283,0.4587,1,1,1,393721,211889,22598,85358,1.9627348178887696,0.2871618552920635
1284,0.4588,0,2,0,393723,211887,22598,85358,1.9627162918225944,0.2871637874480647
1285,0.4591,0,1,0,393724,211886,22598,85358,1.9627070287895068,0.2871647535358157
1286,0.4592,0,3,0,393727,211883,22598,85358,1.9626792396902442,0.2871676518380708
1287,0.4593,2,0,2,393727,211883,22600,85356,1.9626792396902442,0.28716285547993364
1288,0.4595,0,1,0,393728,211882,22600,85356,1.9626699766571567,0.2871638215840505
1289,0.46,1301,9322,1301,403050,202560,23901,84055,1.8763199822149765,0.2932679727160128
1290,0.4603,1,2,1,403052,202558,23902,84054,1.8763014561488014,0.2932675533473825
1291,0.4608,0,2,0,403054,202556,23902,84054,1.8762829300826263,0.29326959980461254
1292,0.461,0,3,0,403057,202553,23902,84054,1.8762551409833637,0.29327266954400977
1293,0.4612,0,1,0,403058,202552,23902,84054,1.876245877950276,0.29327369280475635
1294,0.4613,0,2,0,403060,202550,23902,84054,1.8762273518841008,0.29327573934767137
1295,0.4617,2,24,2,403084,202526,23904,84052,1.8760050390899996,0.29329536810222695
1296,0.462,2,19,2,403103,202507,23906,84050,1.875829041461336,0.29330988250156165
1297,0.4623,0,2,0,403105,202505,23906,84050,1.875810515395161,0.29331192964701364
1298,0.4624,0,1,0,403106,202504,23906,84050,1.8758012523620735,0.2933129532304557
1299,0.4625,3,55,3,403161,202449,23909,84047,1.875291785542258,0.2933618619457165
1300,0.4627,0,1,0,403162,202448,23909,84047,1.8752825225091705,0.29336288591423937
1301,0.4629,0,1,0,403163,202447,23909,84047,1.8752732594760828,0.29336390988991046
1302,0.463,1,3,1,403166,202444,23910,84046,1.8752454703768202,0.2933645153408496
1303,0.4632,0,1,0,403167,202443,23910,84046,1.8752362073437325,0.29336553934007936
1304,0.4633,15,150,15,403317,202293,23925,84031,1.8738467523805995,0.2934822089660664
1305,0.4636,0,1,0,403318,202292,23925,84031,1.873837489347512,0.29348323397002685
1306,0.4638,1,2,1,403320,202290,23926,84030,1.873818963281337,0.2934828164291702
1307,0.464,5,25,5,403345,202265,23931,84025,1.873587387454148,0.29349610534772436
1308,0.4642,2,0,2,403345,202265,23933,84023,1.873587387454148,0.2934911697311798
1309,0.4643,0,8,0,403353,202257,23933,84023,1.8735132831894477,0.293499371244935
1310,0.4644,0,2,0,403355,202255,23933,84023,1.8734947571232725,0.29350142169499577
1311,0.4647,0,1,0,403356,202254,23933,84023,1.8734854940901848,0.2935024469307698
1312,0.4648,0,1,0,403357,202253,23933,84023,1.8734762310570974,0.2935034721737065
1313,0.465,49,332,49,403689,201921,23982,83974,1.8704009040720293,0.29372322006331
1314,0.4653,0,1,0,403690,201920,23982,83974,1.8703916410389418,0.29372424744835496
1315,0.4655,0,1,0,403691,201919,23982,83974,1.8703823780058542,0.2937252748405872
1316,0.4657,0,6,0,403697,201913,23982,83974,1.870326799807329,0.293731439344916
1317,0.4658,0,1,0,403698,201912,23982,83974,1.8703175367742413,0.29373246678746073
1318,0.466,5,35,5,403733,201877,23987,83969,1.869993330616177,0.2937560784478355
1319,0.4663,0,1,0,403734,201876,23987,83969,1.8699840675830894,0.2937571061239483
1320,0.4667,18,137,18,403871,201739,24005,83951,1.8687150320500945,0.2938534775455914
1321,0.4669,1,0,1,403871,201739,24006,83950,1.8687150320500945,0.2938510058140145
1322,0.4671,0,2,0,403873,201737,24006,83950,1.8686965059839193,0.2938530629675134
1323,0.4673,0,1,0,403874,201736,24006,83950,1.8686872429508319,0.293854091555064
1324,0.4675,9,65,9,403939,201671,24015,83941,1.8680851458001408,0.293898715740235
1325,0.4677,0,1,0,403940,201670,24015,83941,1.8680758827670532,0.2938997447577299
1326,0.468,1,13,1,403953,201657,24016,83940,1.867955463336915,0.2939106503219572
1327,0.4683,2,14,2,403967,201643,24018,83938,1.8678257808736893,0.2939201137330565
1328,0.4686,0,3,0,403970,201640,24018,83938,1.8677979917744265,0.2939232013670521
1329,0.469,0,2,0,403972,201638,24018,83938,1.8677794657082516,0.2939252598257557
1330,0.4692,0,3,0,403975,201635,24018,83938,1.8677516766089888,0.29392834756787234
1331,0.4693,0,5,0,403980,201630,24018,83938,1.867705361443551,0.29393349394890184
1332,0.47,1383,9145,1383,413125,192485,25401,82555,1.782994923857868,0.3001563408958697
1333,0.4703,0,1,0,413126,192484,25401,82555,1.7829856608247805,0.30015743221870356
1334,0.4707,0,1,0,413127,192483,25401,82555,1.7829763977916928,0.30015852354947314
1335,0.4708,0,2,0,413129,192481,25401,82555,1.782957871725518,0.30016070623482016
1336,0.471,1,6,1,413135,192475,25402,82554,1.7829022935269925,0.3001647099033193
1337,0.4714,0,1,0,413136,192474,25402,82554,1.782893030493905,0.30016580130023124
1338,0.4715,0,1,0,413137,192473,25402,82554,1.7828837674608173,0.30016689270507985
1339,0.4717,2,17,2,413154,192456,25404,82552,1.782726295898329,0.30018035838957413
1340,0.4718,0,1,0,413155,192455,25404,82552,1.7827170328652413,0.3001814499267291
1341,0.472,1,13,1,413168,192442,25405,82551,1.7825966134351032,0.30019309582425735
1342,0.4725,7,54,7,413222,192388,25412,82544,1.7820964096483753,0.300234239739281
1343,0.4727,1,0,1,413222,192388,25413,82543,1.7820964096483753,0.3002316944978922
1344,0.4729,0,1,0,413223,192387,25413,82543,1.7820871466152877,0.3002327865274797
1345,0.473,1,2,1,413225,192385,25414,82542,1.7820686205491125,0.3002324253347252
1346,0.4733,17,134,17,413359,192251,25431,82525,1.7808273741153804,0.3003355460447783
1347,0.4735,0,3,0,413362,192248,25431,82525,1.7807995850161176,0.30033882513929683
1348,0.4738,0,1,0,413363,192247,25431,82525,1.7807903219830301,0.3003399181867148
1349,0.474,4,30,4,413393,192217,25435,82521,1.7805124309904035,0.30036252720773976
1350,0.4742,1,2,1,413395,192215,25436,82520,1.7804939049242283,0.3003621671792819
1351,0.4743,0,3,0,413398,192212,25436,82520,1.7804661158249657,0.3003654470538561
1352,0.4747,0,1,0,413399,192211,25436,82520,1.7804568527918783,0.3003665403612989
1353,0.475,51,325,51,413724,191886,25487,82469,1.777446367038423,0.3005922982996483
1354,0.4755,1,0,1,413724,191886,25488,82468,1.777446367038423,0.30058974901040264
1355,0.4757,1,5,1,413729,191881,25489,82467,1.7774000518729853,0.300592677912724
1356,0.4758,0,4,0,413733,191877,25489,82467,1.777362999740635,0.3005970606246173
1357,0.476,1,26,1,413759,191851,25490,82466,1.7771221608803587,0.30062300185551755
1358,0.4762,0,2,0,413761,191849,25490,82466,1.7771036348141835,0.30062519366421814
1359,0.4767,20,146,20,413907,191703,25510,82446,1.7757512319834006,0.30073427223881904
1360,0.4771,0,2,0,413909,191701,25510,82446,1.7757327059172254,0.3007364662024388
1361,0.4773,0,2,0,413911,191699,25510,82446,1.7757141798510505,0.3007386601980704
1362,0.4774,0,1,0,413912,191698,25510,82446,1.7757049168179628,0.30073975720789076
1363,0.4775,6,47,6,413959,191651,25516,82440,1.7752695542628478,0.30077601964311124
1364,0.478,4,13,4,413972,191638,25520,82436,1.7751491348327095,0.30078008129191386
1365,0.4783,2,19,2,413991,191619,25522,82434,1.774973137204046,0.3007958314632571
1366,0.4785,0,1,0,413992,191618,25522,82434,1.7749638741709586,0.3007969290499613
1367,0.479,0,1,0,413993,191617,25522,82434,1.774954611137871,0.30079802664467564
1368,0.4791,0,2,0,413995,191615,25522,82434,1.774936085071696,0.3008002218581349
1369,0.4792,0,1,0,413996,191614,25522,82434,1.7749268220386083,0.30080131947687994
1370,0.4793,0,1,0,413997,191613,25522,82434,1.7749175590055208,0.30080241710363553
1371,0.4795,0,1,0,413998,191612,25522,82434,1.7749082959724332,0.30080351473840156
1372,0.48,1430,9043,1430,423041,182569,26952,81004,1.6911426877616806,0.30733041700022384
1373,0.4805,0,1,0,423042,182568,26952,81004,1.6911334247285932,0.3073315830209582
1374,0.4807,0,1,0,423043,182567,26952,81004,1.6911241616955055,0.3073327490505405
1375,0.4808,1,3,1,423046,182564,26953,81003,1.691096372596243,0.3073336191556606
1376,0.481,1,1,1,423047,182563,26954,81002,1.6910871095631554,0.3073321571528845
1377,0.4812,0,2,0,423049,182561,26954,81002,1.6910685834969803,0.3073344892871913
1378,0.4813,0,1,0,423050,182560,26954,81002,1.6910593204638926,0.3073356553676175
1379,0.4814,0,1,0,423051,182559,26954,81002,1.6910500574308052,0.30733682145689234
1380,0.4815,1,1,1,423052,182558,26955,81001,1.6910407943977175,0.30733535944513374
1381,0.4817,2,24,2,423076,182534,26957,80999,1.6908184816036163,0.3073580917759825
1382,0.482,3,13,3,423089,182521,26960,80996,1.6906980621734782,0.30736536921716623
1383,0.4823,0,1,0,423090,182520,26960,80996,1.6906887991403905,0.30736653561833055
1384,0.4825,5,59,5,423149,182461,26965,80991,1.6901422801882249,0.3074222249214278
1385,0.4827,0,3,0,423152,182458,26965,80991,1.6901144910889623,0.3074257256622724
1386,0.4829,0,2,0,423154,182456,26965,80991,1.6900959650227871,0.30742805953379615
1387,0.483,1,0,1,423154,182456,26966,80990,1.6900959650227871,0.30742543063853695
1388,0.4833,18,132,18,423286,182324,26984,80972,1.68887324465523,0.3075322070977151
1389,0.4835,0,2,0,423288,182322,26984,80972,1.6888547185890548,0.30753454313429096
1390,0.4837,1,1,1,423289,182321,26985,80971,1.6888454555559673,0.30753308114185013
1391,0.484,4,21,4,423310,182300,26989,80967,1.6886509318611287,0.3075470909760813
1392,0.4842,0,4,0,423314,182296,26989,80967,1.6886138797287784,0.30755176382552807
1393,0.4843,0,3,0,423317,182293,26989,80967,1.6885860906295158,0.30755526855580034
1394,0.4847,0,2,0,423319,182291,26989,80967,1.6885675645633407,0.3075576050870249
1395,0.485,40,328,40,423647,181963,27029,80927,1.6855292897106229,0.3078359770246111
1396,0.4855,0,2,0,423649,181961,27029,80927,1.6855107636444477,0.30783831897994585
1397,0.4857,0,2,0,423651,181959,27029,80927,1.6854922375782726,0.30784066097091517
1398,0.4858,0,3,0,423654,181956,27029,80927,1.68546444847901,0.3078441740241857
1399,0.4859,1,1,1,423655,181955,27030,80926,1.6854551854459223,0.30784271210167335
1400,0.486,3,24,3,423679,181931,27033,80923,1.685232872651821,0.3078629201001316
1401,0.4862,0,1,0,423680,181930,27033,80923,1.6852236096187336,0.30786409133622217
1402,0.4865,0,1,0,423681,181929,27033,80923,1.685214346585646,0.30786526258122443
1403,0.4867,18,137,18,423818,181792,27051,80905,1.683945311052651,0.30797839335812743
1404,0.4868,0,1,0,423819,181791,27051,80905,1.6839360480195635,0.30797956573377594
1405,0.487,0,2,0,423821,181789,27051,80905,1.6839175219533884,0.3079819105118503
1406,0.4871,1,2,1,423823,181787,27052,80904,1.6838989958872133,0.30798162099196397
1407,0.4873,0,2,0,423825,181785,27052,80904,1.6838804698210381,0.30798396583031645
1408,0.4875,9,72,9,423897,181713,27061,80895,1.6832135314387342,0.3080446901846098
1409,0.4878,1,0,1,423897,181713,27062,80894,1.6832135314387342,0.30804205523843614
1410,0.488,1,10,1,423907,181703,27063,80893,1.6831209011078587,0.30805115081722495
1411,0.4882,0,2,0,423909,181701,27063,80893,1.6831023750416836,0.30805349703344326
1412,0.4883,2,13,2,423922,181688,27065,80891,1.6829819556115455,0.30806347803899015
1413,0.4886,1,3,1,423925,181685,27066,80890,1.6829541665122827,0.30806436256307723
1414,0.489,0,4,0,423929,181681,27066,80890,1.6829171143799326,0.30806905560781656
1415,0.4892,0,3,0,423932,181678,27066,80890,1.6828893252806698,0.30807257548520767
1416,0.4893,0,2,0,423934,181676,27066,80890,1.682870799214495,0.3080749221148207
1417,0.4895,1,0,1,423934,181676,27067,80889,1.682870799214495,0.30807228686230076
1418,0.49,1445,8913,1445,432847,172763,28512,79444,1.6003093853051242,0.31499522217860726
1419,0.4904,0,1,0,432848,172762,28512,79444,1.6003001222720368,0.31499647113867235
1420,0.4905,0,1,0,432849,172761,28512,79444,1.600290859238949,0.3149977201086418
1421,0.4907,0,3,0,432852,172758,28512,79444,1.6002630701396865,0.31500146707797716
1422,0.4908,0,4,0,432856,172754,28512,79444,1.6002260180073362,0.31500646317575876
1423,0.491,0,3,0,432859,172751,28512,79444,1.6001982289080736,0.3150102103530998
1424,0.4912,0,1,0,432860,172750,28512,79444,1.6001889658749862,0.3150114594320246
1425,0.4913,0,1,0,432861,172749,28512,79444,1.6001797028418985,0.31501270852085506
1426,0.4914,0,4,0,432865,172745,28512,79444,1.6001426507095484,0.31501770497523685
1427,0.4917,1,25,1,432890,172720,28513,79443,1.5999110748823595,0.3150462201036631
1428,0.492,1,5,1,432895,172715,28514,79442,1.5998647597169218,0.3150497507505245
1429,0.4925,12,59,12,432954,172656,28526,79430,1.599318240764756,0.31509088168323507
1430,0.4927,1,1,1,432955,172655,28527,79429,1.5993089777316685,0.3150894146395646
1431,0.493,0,2,0,432957,172653,28527,79429,1.5992904516654933,0.3150919145357463
1432,0.4933,19,108,19,433065,172545,28546,79410,1.5982900440920376,0.3151753289277847
1433,0.4938,0,1,0,433066,172544,28546,79410,1.5982807810589499,0.31517657985187775
1434,0.494,5,17,5,433083,172527,28551,79405,1.5981233094964615,0.315184256069098
1435,0.4942,0,3,0,433086,172524,28551,79405,1.598095520397199,0.3151880093200862
1436,0.4943,0,2,0,433088,172522,28551,79405,1.5980769943310238,0.3151905115370722
1437,0.4945,0,1,0,433089,172521,28551,79405,1.5980677312979361,0.3151917626604638
1438,0.4947,0,1,0,433090,172520,28551,79405,1.5980584682648487,0.31519301379378784
1439,0.495,51,312,51,433402,172208,28602,79354,1.5951684019415318,0.31544509902131485
1440,0.4957,1,3,1,433405,172205,28603,79353,1.5951406128422692,0.3154461396576535
1441,0.4958,0,5,0,433410,172200,28603,79353,1.5950942976768312,0.31545240963136995
1442,0.496,5,22,5,433432,172178,28608,79348,1.594890510948905,0.31546639313629604
1443,0.4967,17,130,17,433562,172048,28625,79331,1.593686316647523,0.31558324283253575
1444,0.497,0,1,0,433563,172047,28625,79331,1.5936770536144356,0.31558449824566986
1445,0.4971,0,4,0,433567,172043,28625,79331,1.5936400014820853,0.3155895199980905
1446,0.4973,0,3,0,433570,172040,28625,79331,1.5936122123828227,0.3155932864172876
1447,0.4975,10,43,10,433613,171997,28635,79321,1.5932139019600577,0.3156200510906501
1448,0.4977,0,1,0,433614,171996,28635,79321,1.5932046389269703,0.31562130695496127
1449,0.4978,1,0,1,433614,171996,28636,79320,1.5932046389269703,0.31561858377500834
1450,0.498,4,5,4,433619,171991,28640,79316,1.5931583237615325,0.3156139701639827
1451,0.4983,3,18,3,433637,171973,28643,79313,1.5929915891659565,0.3156284074719642
1452,0.4987,1,0,1,433637,171973,28644,79312,1.5929915891659565,0.3156256839843206
1453,0.499,0,2,0,433639,171971,28644,79312,1.5929730630997814,0.315628196097627
1454,0.4992,1,2,1,433641,171969,28645,79311,1.5929545370336062,0.3156279847182426
1455,0.4993,0,1,0,433642,171968,28645,79311,1.5929452740005188,0.3156292408040465
1456,0.5,1541,8626,1541,442268,163342,30186,77770,1.5130423505872763,0.3225471979826802
1457,0.5003,0,1,0,442269,163341,30186,77770,1.5130330875541886,0.32254853573665243
1458,0.5007,0,1,0,442270,163340,30186,77770,1.5130238245211012,0.3225498735017212
1459,0.5008,0,2,0,442272,163338,30186,77770,1.513005298454926,0.32255254906514924
1460,0.501,2,2,2,442274,163336,30188,77768,1.512986772388751,0.322549605149645
1461,0.5012,0,1,0,442275,163335,30188,77768,1.5129775093556634,0.3225509429579889
1462,0.5013,0,3,0,442278,163332,30188,77768,1.5129497202564008,0.32255495644960597
1463,0.5014,0,1,0,442279,163331,30188,77768,1.5129404572233132,0.3225562943023405
1464,0.5015,0,2,0,442281,163329,30188,77768,1.512921931157138,0.3225589700411038
1465,0.5017,2,17,2,442298,163312,30190,77766,1.5127644595946497,0.3225760957034653
1466,0.502,2,12,2,442310,163300,30192,77764,1.512653303197599,0.32258653303686985
1467,0.5025,7,51,7,442361,163249,30199,77757,1.5121808885101338,0.32263512111731657
1468,0.5027,1,0,1,442361,163249,30200,77756,1.5121808885101338,0.3226323105329765
1469,0.5029,0,2,0,442363,163247,30200,77756,1.5121623624439586,0.32263498794620815
1470,0.503,0,1,0,442364,163246,30200,77756,1.5121530994108712,0.3226363266694882
1471,0.5033,18,116,18,442480,163130,30218,77738,1.5110785875727148,0.3227410864041716
1472,0.5038,1,3,1,442483,163127,30219,77737,1.5110507984734523,0.3227422944068022
1473,0.504,7,21,7,442504,163106,30226,77730,1.5108562747786136,0.32275075154877175
1474,0.5042,1,2,1,442506,163104,30227,77729,1.5108377487124385,0.3227506197240411
1475,0.5043,1,3,1,442509,163101,30228,77728,1.5108099596131757,0.3227518280605741
1476,0.505,45,279,45,442788,162822,30273,77683,1.5082255733817482,0.3229995218394628
1477,0.5057,0,4,0,442792,162818,30273,77683,1.508188521249398,0.3230048939505449
1478,0.5058,2,2,2,442794,162816,30275,77681,1.5081699951832228,0.32300195012827604
1479,0.506,3,21,3,442815,162795,30278,77678,1.5079754714883842,0.32302171137716085
1480,0.5062,1,1,1,442816,162794,30279,77677,1.5079662084552965,0.3230202394467524
1481,0.5063,0,1,0,442817,162793,30279,77677,1.507956945422209,0.32302158273381293
1482,0.5065,0,1,0,442818,162792,30279,77677,1.5079476823891216,0.3230229260320457
1483,0.5067,15,137,15,442955,162655,30294,77662,1.5066786468561266,0.3231648198005135
1484,0.507,0,3,0,442958,162652,30294,77662,1.5066508577568638,0.3231688540825753
1485,0.5071,1,4,1,442962,162648,30295,77661,1.5066138056245137,0.32317141680086886
1486,0.5073,0,1,0,442963,162647,30295,77661,1.506604542591426,0.32317276162258435
1487,0.5075,4,48,4,443011,162599,30299,77657,1.5061599170032236,0.32322605887053807
1488,0.5079,0,1,0,443012,162598,30299,77657,1.506150653970136,0.32322740421635343
1489,0.508,4,10,4,443022,162588,30303,77653,1.5060580236392604,0.32322959028642073
1490,0.5083,0,20,0,443042,162568,30303,77653,1.5058727629775093,0.3232565013050483
1491,0.5086,1,5,1,443047,162563,30304,77652,1.5058264478120715,0.32326041254709326
1492,0.5087,0,3,0,443050,162560,30304,77652,1.505798658712809,0.3232644497360665
1493,0.5088,0,1,0,443051,162559,30304,77652,1.5057893956797215,0.32326579548813333
1494,0.509,1,1,1,443052,162558,30305,77651,1.5057801326466338,0.32326432398453014
1495,0.5092,0,6,0,443058,162552,30305,77651,1.5057245544481086,0.3232723987627132
1496,0.5093,1,1,1,443059,162551,30306,77650,1.505715291415021,0.32327092726508216
1497,0.51,1538,8373,1538,451432,154178,31844,76112,1.4281559153729297,0.3305050154153459
1498,0.5107,1,2,1,451434,154176,31845,76111,1.4281373893067546,0.3305049785702189
1499,0.5108,0,4,0,451438,154172,31845,76111,1.4281003371744043,0.3305107194191495
1500,0.511,1,2,1,451440,154170,31846,76110,1.4280818111082292,0.3305106826472121
1501,0.5112,0,2,0,451442,154168,31846,76110,1.4280632850420543,0.33051355318354336
1502,0.5113,0,2,0,451444,154166,31846,76110,1.4280447589758791,0.33051642376973717
1503,0.5115,0,1,0,451445,154165,31846,76110,1.4280354959427914,0.33051785908153297
1504,0.5117,3,14,3,451459,154151,31849,76107,1.4279058134795657,0.33052923242623494
1505,0.512,4,11,4,451470,154140,31853,76103,1.4278039201156028,0.33053339298045975
1506,0.5125,9,44,9,451514,154096,31862,76094,1.4273963466597503,0.33057039836656676
1507,0.5129,0,2,0,451516,154094,31862,76094,1.4273778205935752,0.33057327054407704
1508,0.513,1,2,1,451518,154092,31863,76093,1.4273592945274,0.33057323457219195
1509,0.5133,23,113,23,451631,153979,31886,76070,1.4263125717885063,0.3306686836282705
1510,0.5135,0,1,0,451632,153978,31886,76070,1.4263033087554189,0.3306701210182223
1511,0.5137,0,1,0,451633,153977,31886,76070,1.4262940457223314,0.3306715584206706
1512,0.5138,0,2,0,451635,153975,31886,76070,1.4262755196561563,0.33067443326305723
1513,0.514,3,30,3,451665,153945,31889,76067,1.4259976286635296,0.3307088325826479
1514,0.5142,1,4,1,451669,153941,31890,76066,1.4259605765311794,0.33071167399253065
1515,0.5143,0,3,0,451672,153938,31890,76066,1.4259327874319168,0.33071598754804266
1516,0.5148,1,0,1,451672,153938,31891,76065,1.4259327874319168,0.33071307765550884
1517,0.515,48,305,48,451977,153633,31939,76017,1.4231075623402127,0.3310124101894187
1518,0.5158,0,1,0,451978,153632,31939,76017,1.423098299307125,0.3310138515734882
1519,0.516,4,22,4,452000,153610,31943,76013,1.422894512579199,0.3310339121081076
1520,0.5162,1,1,1,452001,153609,31944,76012,1.4228852495461113,0.33103244041268004
1521,0.5165,0,2,0,452003,153607,31944,76012,1.4228667234799364,0.3310353237319211
1522,0.5167,24,123,24,452126,153484,31968,75988,1.4217273704101672,0.33114279737832936
1523,0.517,0,2,0,452128,153482,31968,75988,1.421708844343992,0.33114568353161633
1524,0.5171,1,6,1,452134,153476,31969,75987,1.4216532661454666,0.33115142746325116
1525,0.5175,11,59,11,452193,153417,31980,75976,1.421106747193301,0.3312045267292376
1526,0.518,6,15,6,452208,153402,31986,75970,1.4209678016969876,0.33120869155781874
1527,0.5183,2,13,2,452221,153389,31988,75968,1.4208473822668495,0.33122163265128163
1528,0.5191,0,1,0,452222,153388,31988,75968,1.4208381192337618,0.33122307678892204
1529,0.5192,0,4,0,452226,153384,31988,75968,1.4208010671014117,0.3312288534654156
1530,0.5193,0,1,0,452227,153383,31988,75968,1.420791804068324,0.3312302976660228
1531,0.5197,0,2,0,452229,153381,31988,75968,1.420773278002149,0.331233186105019
1532,0.52,1585,7927,1585,460156,145454,33573,74383,1.347345214717107,0.3383552359247988
1533,0.5207,0,1,0,460157,145453,33573,74383,1.3473359516840193,0.33835677505049216
1534,0.521,0,2,0,460159,145451,33573,74383,1.3473174256178444,0.33835985334388674
1535,0.5211,0,1,0,460160,145450,33573,74383,1.3473081625847567,0.33836139251158837
1536,0.5213,0,2,0,460162,145448,33573,74383,1.3472896365185816,0.3383644708890011
1537,0.5217,2,15,2,460177,145433,33575,74381,1.3471506910222684,0.33838154075718563
1538,0.522,3,10,3,460187,145423,33578,74378,1.3470580606913929,0.3383879054235422
1539,0.5221,0,2,0,460189,145421,33578,74378,1.3470395346252177,0.3383909844903753
1540,0.5222,0,1,0,460190,145420,33578,74378,1.34703027159213,0.3383925240448048
1541,0.5223,0,2,0,460192,145418,33578,74378,1.347011745525955,0.33839560319569056
1542,0.5224,0,1,0,460193,145417,33578,74378,1.3470024824928675,0.3383971427921472
1543,0.5225,11,37,11,460230,145380,33589,74367,1.346659750268628,0.33842100233450284
1544,0.5227,0,2,0,460232,145378,33589,74367,1.3466412242024528,0.33842408245921407
1545,0.5229,0,1,0,460233,145377,33589,74367,1.3466319611693653,0.338425622542595
1546,0.523,0,2,0,460235,145375,33589,74367,1.3466134351031902,0.33842870275140846
1547,0.5233,20,103,20,460338,145272,33609,74347,1.3456593426951722,0.33852717661040255
1548,0.5235,0,1,0,460339,145271,33609,74347,1.3456500796620845,0.33852871804679036
1549,0.524,6,21,6,460360,145250,33615,74341,1.3454555559672459,0.3385430186118739
1550,0.5242,3,2,3,460362,145248,33618,74338,1.3454370299010707,0.33853706520452126
1551,0.5243,1,4,1,460366,145244,33619,74337,1.3453999777687207,0.3385402197822216
1552,0.525,57,306,57,460672,144938,33676,74280,1.342565489643929,0.33884078862137235
1553,0.5257,0,5,0,460677,144933,33676,74280,1.3425191744784912,0.33884851719560427
1554,0.5258,0,1,0,460678,144932,33676,74280,1.3425099114454038,0.33885006295275805
1555,0.526,2,23,2,460701,144909,33678,74278,1.34229686168439,0.3388795868368106
1556,0.5262,0,2,0,460703,144907,33678,74278,1.3422783356182149,0.33888267901544356
1557,0.5263,0,1,0,460704,144906,33678,74278,1.3422690725851272,0.3388842251259216
1558,0.5267,18,123,18,460827,144783,33696,74260,1.3411297195153582,0.3390201923823176
1559,0.5274,0,1,0,460828,144782,33696,74260,1.3411204564822705,0.3390217401228988
1560,0.5275,7,37,7,460865,144745,33703,74253,1.340777724258031,0.3390578909396433
1561,0.5277,0,2,0,460867,144743,33703,74253,1.3407591981918558,0.3390609874152953
1562,0.528,2,7,2,460874,144736,33705,74251,1.340694356960243,0.3390657892934284
1563,0.5283,6,15,6,460889,144721,33711,74245,1.3405554114639298,0.3390709059854041
1564,0.5286,0,1,0,460890,144720,33711,74245,1.3405461484308423,0.339072454501861
1565,0.5288,0,1,0,460891,144719,33711,74245,1.3405368853977546,0.33907400303246193
1566,0.529,0,2,0,460893,144717,33711,74245,1.3405183593315795,0.33907710013609665
1567,0.5292,0,2,0,460895,144715,33711,74245,1.3404998332654043,0.33908019729630984
1568,0.5295,0,1,0,460896,144714,33711,74245,1.3404905702323169,0.3390817458976338
1569,0.5298,0,2,0,460898,144712,33711,74245,1.3404720441661417,0.33908484314271753
1570,0.53,1584,7715,1584,468613,136997,35295,72661,1.2690077438956613,0.3465691745604747
1571,0.5303,0,1,0,468614,136996,35295,72661,1.2689984808625736,0.34657082758982527
1572,0.5307,0,1,0,468615,136995,35295,72661,1.2689892178294861,0.34657248063494484
1573,0.5308,0,3,0,468618,136992,35295,72661,1.2689614287302233,0.3465774398649197
1574,0.531,0,1,0,468619,136991,35295,72661,1.2689521656971359,0.34657909297311734
1575,0.5312,1,1,1,468620,136990,35296,72660,1.2689429026640484,0.34657762938230385
1576,0.5313,0,3,0,468623,136987,35296,72660,1.2689151135647856,0.3465825888278869
1577,0.5314,0,1,0,468624,136986,35296,72660,1.2689058505316981,0.3465842420079563
1578,0.5315,1,0,1,468624,136986,35297,72659,1.2689058505316981,0.3465811252355172
1579,0.5317,2,15,2,468639,136971,35299,72657,1.2687669050353847,0.3465996908809892
1580,0.532,4,15,4,468654,136956,35303,72653,1.2686279595390715,0.3466120252470075
1581,0.5322,0,1,0,468655,136955,35303,72653,1.268618696505984,0.34661367886721883
1582,0.5323,0,2,0,468657,136953,35303,72653,1.2686001704398089,0.3466169861549765
1583,0.5325,6,44,6,468701,136909,35309,72647,1.2681925969839565,0.3466710569012579
1584,0.5326,0,1,0,468702,136908,35309,72647,1.2681833339508688,0.3466727112213977
1585,0.5327,0,1,0,468703,136907,35309,72647,1.2681740709177813,0.3466743655573265
1586,0.5328,0,2,0,468705,136905,35309,72647,1.2681555448516062,0.3466776742765519
1587,0.5329,0,1,0,468706,136904,35309,72647,1.2681462818185187,0.3466793286598489
1588,0.5333,24,127,24,468833,136777,35333,72623,1.2669698766163993,0.3468147086914995
1589,0.5335,1,0,1,468833,136777,35334,72622,1.2669698766163993,0.34681158935811535
1590,0.5337,0,2,0,468835,136775,35334,72622,1.2669513505502241,0.3468149018371801
1591,0.534,6,23,6,468858,136752,35340,72616,1.2667383007892103,0.3468342822207787
1592,0.5342,0,3,0,468861,136749,35340,72616,1.2667105116899477,0.34683925202397725
1593,0.5343,1,4,1,468865,136745,35341,72615,1.2666734595575975,0.34684275888421856
1594,0.5344,1,0,1,468865,136745,35342,72614,1.2666734595575975,0.34683963908883786
1595,0.5345,0,1,0,468866,136744,35342,72614,1.26666419652451,0.3468412957708805
1596,0.5346,0,1,0,468867,136743,35342,72614,1.2666549334914223,0.3468429524687496
1597,0.5347,0,2,0,468869,136741,35342,72614,1.2666364074252474,0.3468462659119677
1598,0.535,54,289,54,469158,136452,35396,72560,1.263959390862944,0.3471571010276922
1599,0.5353,0,2,0,469160,136450,35396,72560,1.2639408647967691,0.34716042294627053
1600,0.5354,0,1,0,469161,136449,35396,72560,1.2639316017636815,0.3471620839294002
1601,0.5356,0,1,0,469162,136448,35396,72560,1.263922338730594,0.3471637449284238
1602,0.5357,0,3,0,469165,136445,35396,72560,1.2638945496313312,0.34716872802086074
1603,0.5358,0,6,0,469171,136439,35396,72560,1.263838971432806,0.3471786946349026
1604,0.536,1,22,1,469193,136417,35397,72559,1.2636351847048797,0.3472121200520634
1605,0.5362,0,2,0,469195,136415,35397,72559,1.2636166586387048,0.3472154430694728
1606,0.5367,30,111,30,469306,136304,35427,72529,1.2625884619659862,0.3473062207601289
1607,0.537,0,1,0,469307,136303,35427,72529,1.2625791989328985,0.3473078838492185
1608,0.5371,0,4,0,469311,136299,35427,72529,1.2625421468005484,0.34731453636485526
1609,0.5373,0,1,0,469312,136298,35427,72529,1.2625328837674608,0.3473161995335852
1610,0.5375,11,34,11,469346,136264,35438,72518,1.262217940642484,0.34733837208188445
1611,0.5377,1,0,1,469346,136264,35439,72517,1.262217940642484,0.34733524602334503
1612,0.538,3,15,3,469361,136249,35442,72514,1.2620789951461706,0.34735082366128095
1613,0.5383,2,11,2,469372,136238,35444,72512,1.2619771017822075,0.34736287425149703
1614,0.5388,0,1,0,469373,136237,35444,72512,1.26196783874912,0.3473645382732372
1615,0.5389,0,1,0,469374,136236,35444,72512,1.2619585757160325,0.34736620231092036
1616,0.539,1,2,1,469376,136234,35445,72511,1.2619400496498574,0.3473664039857242
1617,0.5392,3,3,3,469379,136231,35448,72508,1.2619122605505946,0.34736201668111855
1618,0.5393,1,1,1,469380,136230,35449,72507,1.2619029975175071,0.34736055419020107
1619,0.54,1617,7465,1617,476845,128765,37066,70890,1.1927544555189151,0.35506248278280034
1620,0.5404,1,0,1,476845,128765,37067,70889,1.1927544555189151,0.35505925250683684
1621,0.5406,0,1,0,476846,128764,37067,70889,1.1927451924858277,0.3550610308885917
1622,0.5407,0,3,0,476849,128761,37067,70889,1.1927174033865648,0.3550663661407463
1623,0.5408,0,2,0,476851,128759,37067,70889,1.1926988773203897,0.3550699230645937
1624,0.541,1,2,1,476853,128757,37068,70888,1.1926803512542148,0.35507024969320544
1625,0.5413,0,1,0,476854,128756,37068,70888,1.192671088221127,0.35507202821021416
1626,0.5414,0,2,0,476856,128754,37068,70888,1.192652562154952,0.35507558529768285
1627,0.5415,0,1,0,476857,128753,37068,70888,1.1926432991218645,0.3550773638681433
1628,0.5417,2,17,2,476874,128736,37070,70886,1.192485827559376,0.3551011411567863
1629,0.542,1,9,1,476883,128727,37071,70885,1.1924024602615881,0.3551139210067531
1630,0.5422,0,1,0,476884,128726,37071,70885,1.1923931972285005,0.3551157000365711
1631,0.5423,0,1,0,476885,128725,37071,70885,1.192383934195413,0.3551174790842142
1632,0.5425,14,36,14,476921,128689,37085,70871,1.192050465004261,0.3551362998596913
1633,0.5427,1,2,1,476923,128687,37086,70870,1.1920319389380858,0.3551366276302009
1634,0.5429,0,2,0,476925,128685,37086,70870,1.1920134128719109,0.35514018691588783
1635,0.543,1,2,1,476927,128683,37087,70869,1.1919948868057357,0.3551405147530468
1636,0.5433,20,127,20,477054,128556,37107,70849,1.1908184816036163,0.3553020235199719
1637,0.5435,0,2,0,477056,128554,37107,70849,1.1907999555374411,0.35530558717772553
1638,0.5437,1,2,1,477058,128552,37108,70848,1.190781429471266,0.35530591775325976
1639,0.544,5,10,5,477068,128542,37113,70843,1.1906887991403905,0.35530757078014896
1640,0.5442,0,3,0,477071,128539,37113,70843,1.190661010041128,0.355312916913262
1641,0.5443,0,1,0,477072,128538,37113,70843,1.1906517470080402,0.3553146989933845
1642,0.5444,1,1,1,477073,128537,37114,70842,1.1906424839749528,0.35531324763390326
1643,0.5446,0,1,0,477074,128536,37114,70842,1.1906332209418653,0.3553150297424992
1644,0.545,56,252,56,477326,128284,37170,70786,1.1882989366038015,0.355583463103431
1645,0.5457,0,3,0,477329,128281,37170,70786,1.1882711475045389,0.3555888218539487
1646,0.5458,0,1,0,477330,128280,37170,70786,1.1882618844714514,0.35559060814001386
1647,0.546,3,12,3,477342,128268,37173,70783,1.1881507280744006,0.35560233307041916
1648,0.5462,0,1,0,477343,128267,37173,70783,1.1881414650413131,0.35560411956794774
1649,0.5467,22,115,22,477458,128152,37195,70761,1.1870762162362445,0.3557384384127734
1650,0.5471,1,3,1,477461,128149,37196,70760,1.1870484271369817,0.3557405647808797
1651,0.5475,10,44,10,477505,128105,37206,70750,1.1866408536811293,0.35578687988735513
1652,0.5478,0,1,0,477506,128104,37206,70750,1.1866315906480418,0.3557886690737928
1653,0.5479,0,1,0,477507,128103,37206,70750,1.1866223276149543,0.35579045827822564
1654,0.548,2,22,2,477529,128081,37208,70748,1.186418540887028,0.35582334568900914
1655,0.5483,5,16,5,477545,128065,37213,70743,1.1862703323576271,0.35583578125628745
1656,0.5488,0,2,0,477547,128063,37213,70743,1.186251806291452,0.35583936098508095
1657,0.549,1,1,1,477548,128062,37214,70742,1.1862425432583645,0.355837910706022
1658,0.5492,0,6,0,477554,128056,37214,70742,1.1861869650598391,0.3558486503888369
1659,0.5493,0,1,0,477555,128055,37214,70742,1.1861777020267517,0.355850440399
1660,0.5497,0,2,0,477557,128053,37214,70742,1.1861591759605765,0.35585402047335196
1661,0.5499,0,1,0,477558,128052,37214,70742,1.186149912927489,0.3558558105375414
1662,0.55,1609,7214,1609,484772,120838,38823,69133,1.119326392233873,0.3639134394197009
1663,0.5507,1,0,1,484772,120838,38824,69132,1.119326392233873,0.36391009106701055
1664,0.5508,0,6,0,484778,120832,38824,69132,1.1192708140353478,0.36392158514244805
1665,0.551,0,1,0,484779,120831,38824,69132,1.11926155100226,0.36392350089227904
1666,0.5512,1,1,1,484780,120830,38825,69131,1.1192522879691726,0.3639220682140018
1667,0.5517,3,14,3,484794,120816,38828,69128,1.1191226055059469,0.36393884513330244
1668,0.552,0,12,0,484806,120804,38828,69128,1.1190114491088963,0.36396183897394857
1669,0.5525,7,43,7,484849,120761,38835,69121,1.1186131386861313,0.3640208129259224
1670,0.5527,1,1,1,484850,120760,38836,69120,1.1186038756530439,0.3640193806614704
1671,0.553,0,1,0,484851,120759,38836,69120,1.1185946126199562,0.36402129777384545
1672,0.5532,0,2,0,484853,120757,38836,69120,1.1185760865537813,0.36402513205917514
1673,0.5533,31,105,31,484958,120652,38867,69089,1.1176034680795879,0.3641226724851245
1674,0.5535,0,3,0,484961,120649,38867,69089,1.1175756789803253,0.36412842972941634
1675,0.5538,0,3,0,484964,120646,38867,69089,1.1175478898810627,0.3641341871557699
1676,0.554,8,13,8,484977,120633,38875,69081,1.1174274704509244,0.36413232550049024
1677,0.5542,0,1,0,484978,120632,38875,69081,1.117418207417837,0.36413424488569573
1678,0.5543,0,3,0,484981,120629,38875,69081,1.1173904183185743,0.36414000316272205
1679,0.5546,0,1,0,484982,120628,38875,69081,1.1173811552854866,0.3641419226288684
1680,0.555,58,266,58,485248,120362,38933,69023,1.1149171884841973,0.36445864244792353
1681,0.5553,0,1,0,485249,120361,38933,69023,1.1149079254511096,0.3644605668905504
1682,0.5554,0,1,0,485250,120360,38933,69023,1.1148986624180222,0.36446249135350056
1683,0.5557,1,3,1,485253,120357,38934,69022,1.1148708733187596,0.3644649089920213
1684,0.5558,0,3,0,485256,120354,38934,69022,1.1148430842194967,0.3644706826630618
1685,0.556,4,20,4,485276,120334,38938,69018,1.1146578235577458,0.3644957539397524
1686,0.5562,1,1,1,485277,120333,38939,69017,1.114648560524658,0.3644943226828624
1687,0.5565,0,1,0,485278,120332,38939,69017,1.1146392974915706,0.36449624766964706
1688,0.5567,22,105,22,485383,120227,38961,68995,1.1136666790173775,0.36462462081576136
1689,0.557,0,6,0,485389,120221,38961,68995,1.113611100818852,0.36463618298663963
1690,0.5571,1,4,1,485393,120217,38962,68994,1.113574048686502,0.3646405335841997
1691,0.5572,1,0,1,485393,120217,38963,68993,1.113574048686502,0.36463717562496695
1692,0.5573,0,1,0,485394,120216,38963,68993,1.1135647856534143,0.36463910279109346
1693,0.5574,0,1,0,485395,120215,38963,68993,1.1135555226203269,0.3646410299775908
1694,0.5575,9,42,9,485437,120173,38972,68984,1.1131664752306496,0.36469176398441505
1695,0.558,1,5,1,485442,120168,38973,68983,1.1131201600652119,0.3646980454768941
1696,0.5582,0,2,0,485444,120166,38973,68983,1.1131016339990367,0.3647019016753988
1697,0.5583,3,13,3,485457,120153,38976,68980,1.1129812145688984,0.36471689234559806
1698,0.5586,0,5,0,485462,120148,38976,68980,1.1129348994034607,0.3647265344105579
1699,0.5587,0,4,0,485466,120144,38976,68980,1.1128978472711104,0.3647342484296017
1700,0.5588,0,1,0,485467,120143,38976,68980,1.112888584238023,0.36473617698534816
1701,0.559,0,3,0,485470,120140,38976,68980,1.1128607951387601,0.3647419627749577
1702,0.5592,0,2,0,485472,120138,38976,68980,1.1128422690725852,0.3647458200700092
1703,0.5593,1,2,1,485474,120136,38977,68979,1.11282374300641,0.3647463183777067
1704,0.5597,1,1,1,485475,120135,38978,68978,1.1128144799733224,0.3647448879770296
1705,0.5599,0,1,0,485476,120134,38978,68978,1.112805216940235,0.3647468167012141
1706,0.56,1773,7084,1773,492560,113050,40751,67205,1.047185890548001,0.3728329311253502
1707,0.5605,0,1,0,492561,113049,40751,67205,1.0471766275149135,0.37283499950070453
1708,0.5607,0,1,0,492562,113048,40751,67205,1.047167364481826,0.3728370678990086
1709,0.5608,2,0,2,492562,113048,40753,67203,1.047167364481826,0.37283010912560816
1710,0.561,1,1,1,492563,113047,40754,67202,1.0471581014487383,0.37282869807876884
1711,0.5615,1,0,1,492563,113047,40755,67201,1.0471581014487383,0.3728252185877236
1712,0.5617,5,6,5,492569,113041,40760,67196,1.0471025232502131,0.37282023114011
1713,0.562,5,13,5,492582,113028,40765,67191,1.0469821038200748,0.37282972383599955
1714,0.5622,1,0,1,492582,113028,40766,67190,1.0469821038200748,0.37282624377143236
1715,0.5623,0,3,0,492585,113025,40766,67190,1.0469543147208122,0.37283245012901256
1716,0.5625,7,27,7,492612,112998,40773,67183,1.0467042128274482,0.3728639534690117
1717,0.5626,0,1,0,492613,112997,40773,67183,1.0466949497943607,0.3728660228660229
1718,0.5629,1,1,1,492614,112996,40774,67182,1.046685686761273,0.3728646116618011
1719,0.563,1,1,1,492615,112995,40775,67181,1.0466764237281856,0.3728632004262499
1720,0.5633,21,93,21,492708,112902,40796,67160,1.045814961651043,0.3729826393131255
1721,0.5636,0,1,0,492709,112901,40796,67160,1.0458056986179554,0.3729847107369169
1722,0.564,2,23,2,492732,112878,40798,67158,1.0455926488569418,0.3730253949210158
1723,0.5642,1,2,1,492734,112876,40799,67157,1.0455741227907667,0.3730260563341165
1724,0.5643,2,1,2,492735,112875,40801,67155,1.045564859757679,0.37302116313947675
1725,0.5646,0,1,0,492736,112874,40801,67155,1.0455555967245915,0.3730232351454488
1726,0.565,55,245,55,492981,112629,40856,67100,1.0432861536181408,0.3733398616806414
1727,0.5657,0,3,0,492984,112626,40856,67100,1.043258364518878,0.3733460934978801
1728,0.5658,1,3,1,492987,112623,40857,67099,1.0432305754196154,0.37334883876208813
1729,0.566,4,21,4,493008,112602,40861,67095,1.0430360517247768,0.37337852050952436
1730,0.5662,0,2,0,493010,112600,40861,67095,1.0430175256586016,0.37338267620134113
1731,0.5665,0,1,0,493011,112599,40861,67095,1.0430082626255142,0.3733847540819393
1732,0.5667,24,95,24,493106,112504,40885,67071,1.0421282744821965,0.3734985382152304
1733,0.567,0,2,0,493108,112502,40885,67071,1.0421097484160213,0.37350269806708136
1734,0.5671,2,2,2,493110,112500,40887,67069,1.0420912223498462,0.373499880268866
1735,0.5675,14,48,14,493158,112452,40901,67055,1.0416465967616437,0.37355089216576515
1736,0.5676,0,1,0,493159,112451,40901,67055,1.041637333728556,0.37355297315967156
1737,0.5678,0,1,0,493160,112450,40901,67055,1.0416280706954686,0.3735550541767639
1738,0.568,4,12,4,493172,112438,40905,67051,1.041516914298418,0.37356606811559484
1739,0.5682,1,0,1,493172,112438,40906,67050,1.041516914298418,0.37356257799964343
1740,0.5683,2,20,2,493192,112418,40908,67048,1.0413316536366668,0.3735972273299678
1741,0.5685,1,0,1,493192,112418,40909,67047,1.0413316536366668,0.3735937369403505
1742,0.569,0,3,0,493195,112415,40909,67047,1.0413038645374042,0.37359998216892715
1743,0.5692,0,5,0,493200,112410,40909,67047,1.0412575493719665,0.3736103913472308
1744,0.5693,1,0,1,493200,112410,40910,67046,1.0412575493719665,0.37360690085592013
1745,0.5695,0,2,0,493202,112408,40910,67046,1.0412390233057913,0.37361106467395544
1746,0.5697,0,1,0,493203,112407,40910,67046,1.0412297602727036,0.37361314661777734
1747,0.57,1699,6794,1699,499997,105613,42609,65347,0.9782967134758606,0.3822356106691624
1748,0.5708,1,1,1,499998,105612,42610,65346,0.978287450442773,0.38223423296950126
1749,0.571,1,1,1,499999,105611,42611,65345,0.9782781874096854,0.382232855237605
1750,0.5712,0,1,0,500000,105610,42611,65345,0.9782689243765978,0.3822350911058466
1751,0.5715,1,0,1,500000,105610,42612,65344,0.9782689243765978,0.3822314774734724
1752,0.5717,2,14,2,500014,105596,42614,65342,0.9781392419133721,0.382255554645544
1753,0.572,1,11,1,500025,105585,42615,65341,0.978037348549409,0.3822765407252261
1754,0.5723,0,1,0,500026,105584,42615,65341,0.9780280855163215,0.3822787772414802
1755,0.5725,10,39,10,500065,105545,42625,65331,0.9776668272259068,0.382329876635689
1756,0.5727,0,1,0,500066,105544,42625,65331,0.9776575641928194,0.3823321141185077
1757,0.5729,0,3,0,500069,105541,42625,65331,0.9776297750935566,0.3823388267240976
1758,0.573,0,2,0,500071,105539,42625,65331,0.9776112490273815,0.3823433019254404
1759,0.5732,1,0,1,500071,105539,42626,65330,0.9776112490273815,0.38233968712873606
1760,0.5733,26,91,26,500162,105448,42652,65304,0.9767683130164141,0.3824494002998501
1761,0.5735,1,0,1,500162,105448,42653,65303,0.9767683130164141,0.3824457836264502
1762,0.5738,0,2,0,500164,105446,42653,65303,0.976749786950239,0.3824502632519078
1763,0.574,11,23,11,500187,105423,42664,65292,0.9765367371892253,0.3824619980669537
1764,0.5742,1,4,1,500191,105419,42665,65291,0.976499685056875,0.38246734227637513
1765,0.5743,1,1,1,500192,105418,42666,65290,0.9764904220237874,0.3824659652740352
1766,0.5744,1,0,1,500192,105418,42667,65289,0.9764904220237874,0.3824623477654695
1767,0.5746,0,1,0,500193,105417,42667,65289,0.9764811589906999,0.3824645882394292
1768,0.5747,0,1,0,500194,105416,42667,65289,0.9764718959576124,0.38246682873963855
1769,0.5748,0,1,0,500195,105415,42667,65289,0.9764626329245248,0.382469069266098
1770,0.575,72,225,72,500420,105190,42739,65217,0.9743784504798251,0.38271315145504586
1771,0.5753,0,1,0,500421,105189,42739,65217,0.9743691874467375,0.3827153973451639
1772,0.5755,1,0,1,500421,105189,42740,65216,0.9743691874467375,0.38271177488923447
1773,0.5757,0,3,0,500424,105186,42740,65216,0.9743413983474749,0.382718512693513
1774,0.5758,0,1,0,500425,105185,42740,65216,0.9743321353143873,0.38272075868099364
1775,0.576,6,20,6,500445,105165,42746,65210,0.9741468746526363,0.3827439471753485
1776,0.5762,0,2,0,500447,105163,42746,65210,0.9741283485864611,0.38274844018711884
1777,0.5765,0,1,0,500448,105162,42746,65210,0.9741190855533736,0.3827506867325617
1778,0.5767,16,77,16,500525,105085,42762,65194,0.9734058320056319,0.3828657673582767
1779,0.577,0,3,0,500528,105082,42762,65194,0.9733780429063693,0.38287251286147195
1780,0.5771,0,3,0,500531,105079,42762,65194,0.9733502538071066,0.3828792586023621
1781,0.5773,1,1,1,500532,105078,42763,65193,0.973340990774019,0.38287788290431135
1782,0.5775,12,36,12,500568,105042,42775,65181,0.9730075215828671,0.3829153522144481
1783,0.5777,0,2,0,500570,105040,42775,65181,0.9729889955166919,0.3829198512521957
1784,0.5778,0,1,0,500571,105039,42775,65181,0.9729797324836045,0.38292210081071554
1785,0.578,3,9,3,500580,105030,42778,65178,0.9728963651858165,0.38293147208121825
1786,0.5783,1,18,1,500598,105012,42779,65177,0.9727296305902404,0.38296834695544363
1787,0.5786,0,2,0,500600,105010,42779,65177,0.9727111045240654,0.38297284751479255
1788,0.5788,0,2,0,500602,105008,42779,65177,0.9726925784578903,0.38297734817992185
1789,0.5789,0,3,0,500605,105005,42779,65177,0.9726647893586275,0.38298409937596223
1790,0.579,1,0,1,500605,105005,42780,65176,0.9726647893586275,0.38298047373091004
1791,0.5792,0,6,0,500611,104999,42780,65176,0.9726092111601022,0.3829939767886
1792,0.5793,1,2,1,500613,104997,42781,65175,0.9725906850939272,0.382994852267118
1793,0.5797,0,2,0,500615,104995,42781,65175,0.9725721590277521,0.3829993535875889
1794,0.58,1773,6500,1773,507115,98495,44554,63402,0.9123624439586498,0.3916193629282816
1795,0.5807,0,1,0,507116,98494,44554,63402,0.9123531809255623,0.3916217818846667
1796,0.5808,0,5,0,507121,98489,44554,63402,0.9123068657601245,0.39163387711484887
1797,0.581,1,2,1,507123,98487,44555,63401,0.9122883396939494,0.39163495750148253
1798,0.5815,0,1,0,507124,98486,44555,63401,0.9122790766608618,0.39163737668867793
1799,0.5817,5,20,5,507144,98466,44560,63396,0.9120938159991108,0.39166697557178337
1800,0.582,3,8,3,507152,98458,44563,63393,0.9120197117344103,0.39167505915935025
1801,0.5822,0,1,0,507153,98457,44563,63393,0.9120104487013228,0.3916774791473587
1802,0.5825,12,33,12,507186,98424,44575,63381,0.9117047686094335,0.3917122462223046
1803,0.5827,0,1,0,507187,98423,44575,63381,0.9116955055763459,0.39171466712813036
1804,0.5829,0,1,0,507188,98422,44575,63381,0.9116862425432584,0.39171708806388017
1805,0.583,1,0,1,507188,98422,44576,63380,0.9116862425432584,0.3917133286362344
1806,0.5833,30,98,30,507286,98324,44606,63350,0.9107784653006781,0.39183789601296437
1807,0.5837,0,1,0,507287,98323,44606,63350,0.9107692022675905,0.3918403196575804
1808,0.5838,0,1,0,507288,98322,44606,63350,0.9107599392345029,0.3918427433321787
1809,0.584,4,15,4,507303,98307,44610,63346,0.9106209937381896,0.39186405448708034
1810,0.5842,1,1,1,507304,98306,44611,63345,0.910611730705102,0.3918627165931544
1811,0.5843,0,1,0,507305,98305,44611,63345,0.9106024676720145,0.39186514073615836
1812,0.585,68,222,68,507527,98083,44679,63277,0.9085460743265775,0.3921479920674269
1813,0.5852,0,1,0,507528,98082,44679,63277,0.90853681129349,0.3921504223501633
1814,0.5857,0,2,0,507530,98080,44679,63277,0.9085182852273148,0.39215528300600533
1815,0.5858,1,3,1,507533,98077,44680,63276,0.9084904961280522,0.3921588070875658
1816,0.586,2,21,2,507554,98056,44682,63274,0.9082959724332136,0.39220231822971546
1817,0.5863,0,1,0,507555,98055,44682,63274,0.908286709400126,0.3922047493011176
1818,0.5865,0,1,0,507556,98054,44682,63274,0.9082774463670384,0.39220718040265795
1819,0.5867,21,99,21,507655,97955,44703,63253,0.9073604060913706,0.3923688650687311
1820,0.587,0,1,0,507656,97954,44703,63253,0.907351143058283,0.39237129901307016
1821,0.5871,1,4,1,507660,97950,44704,63252,0.9073140909259327,0.392377265790747
1822,0.5874,0,1,0,507661,97949,44704,63252,0.9073048278928453,0.3923796998777923
1823,0.5875,6,31,6,507692,97918,44710,63246,0.9070176738671311,0.3924325531756472
1824,0.5877,0,1,0,507693,97917,44710,63246,0.9070084108340435,0.39243498817966904
1825,0.5878,0,1,0,507694,97916,44710,63246,0.9069991478009559,0.392437423213909
1826,0.588,1,14,1,507708,97902,44711,63245,0.9068694653377302,0.39246774683984187
1827,0.5882,0,2,0,507710,97900,44711,63245,0.906850939271555,0.3924726178286636
1828,0.5883,6,20,6,507730,97880,44717,63239,0.906665678609804,0.39249871213202664
1829,0.5888,0,1,0,507731,97879,44717,63239,0.9066564155767164,0.39250114822676546
1830,0.589,1,0,1,507731,97879,44718,63238,0.9066564155767164,0.3924973776820571
1831,0.5892,1,3,1,507734,97876,44719,63237,0.9066286264774538,0.39250091550650784
1832,0.5893,0,1,0,507735,97875,44719,63237,0.9066193634443662,0.39250335170564576
1833,0.59,1854,6315,1854,514050,91560,46573,61383,0.8481233094964615,0.40134559934093095
1834,0.5907,0,2,0,514052,91558,46573,61383,0.8481047834302864,0.4013508477125166
1835,0.5908,2,4,2,514056,91554,46575,61381,0.8480677312979362,0.4013535161996927
1836,0.591,4,2,4,514058,91552,46579,61377,0.8480492052317611,0.40134310693197495
1837,0.5913,2,0,2,514058,91552,46581,61375,0.8480492052317611,0.4013352776161175
1838,0.5914,0,1,0,514059,91551,46581,61375,0.8480399421986735,0.401337901991813
1839,0.5915,1,1,1,514060,91550,46582,61374,0.8480306791655859,0.4013366116502315
1840,0.5917,4,11,4,514071,91539,46586,61370,0.8479287858016229,0.40134982244341405
1841,0.592,0,5,0,514076,91534,46586,61370,0.8478824706361852,0.401362946685502
1842,0.5922,1,0,1,514076,91534,46587,61369,0.8478824706361852,0.4013590315428736
1843,0.5924,1,0,1,514076,91534,46588,61368,0.8478824706361852,0.40135511634903404
1844,0.5925,8,38,8,514114,91496,46596,61360,0.8475304753788581,0.4014235620453237
1845,0.5927,0,2,0,514116,91494,46596,61360,0.8475119493126829,0.4014288144242218
1846,0.5929,0,1,0,514117,91493,46596,61360,0.8475026862795954,0.4014314406652143
1847,0.593,2,1,2,514118,91492,46598,61358,0.8474934232465078,0.4014262348707884
1848,0.5933,25,89,25,514207,91403,46623,61333,0.8466690133017155,0.401562172637754
1849,0.5935,0,1,0,514208,91402,46623,61333,0.8466597502686279,0.4015648017808623
1850,0.5938,0,2,0,514210,91400,46623,61333,0.8466412242024528,0.4015700601703627
1851,0.594,4,13,4,514223,91387,46627,61329,0.8465208047723146,0.4015885696325205
1852,0.5942,0,1,0,514224,91386,46627,61329,0.846511541739227,0.4015911992928003
1853,0.5943,0,3,0,514227,91383,46627,61329,0.8464837526399644,0.4015990884802766
1854,0.5948,1,0,1,514227,91383,46628,61328,0.8464837526399644,0.40159516996156136
1855,0.595,67,193,67,514420,91190,46695,61261,0.8446959872540665,0.4018405914031394
1856,0.5953,0,2,0,514422,91188,46695,61261,0.8446774611878913,0.40184586320671173
1857,0.5957,0,4,0,514426,91184,46695,61261,0.8446404090555412,0.40185640722883664
1858,0.5958,0,2,0,514428,91182,46695,61261,0.844621882989366,0.40186167944740003
1859,0.596,7,16,7,514444,91166,46702,61254,0.8444736744599651,0.4018763941739929
1860,0.5962,0,1,0,514445,91165,46702,61254,0.8444644114268777,0.4018790308294898
1861,0.5965,0,1,0,514446,91164,46702,61254,0.8444551483937901,0.4018816675195843
1862,0.5967,34,101,34,514547,91063,46736,61220,0.8435195820519471,0.4020146700550948
1863,0.597,0,1,0,514548,91062,46736,61220,0.8435103190188595,0.4020173099906752
1864,0.5971,1,3,1,514551,91059,46737,61219,0.8434825299195968,0.40202130314293594
1865,0.5972,0,1,0,514552,91058,46737,61219,0.8434732668865094,0.40202394320875773
1866,0.5975,17,46,17,514598,91012,46754,61202,0.8430471673644818,0.40207865242356156
1867,0.598,1,7,1,514605,91005,46755,61201,0.8429823261328689,0.40209321577335977
1868,0.5982,0,1,0,514606,91004,46755,61201,0.8429730630997814,0.4020958575605269
1869,0.5983,2,16,2,514622,90988,46757,61199,0.8428248545703805,0.40213027393929834
1870,0.5985,0,1,0,514623,90987,46757,61199,0.842815591537293,0.40213291629979103
1871,0.5987,1,0,1,514623,90987,46758,61198,0.842815591537293,0.4021289877451786
1872,0.599,0,1,0,514624,90986,46758,61198,0.8428063285042054,0.4021316301319455
1873,0.5992,1,1,1,514625,90985,46759,61197,0.8427970654711179,0.402130343930294
1874,0.5997,0,1,0,514626,90984,46759,61197,0.8427878024380303,0.40213298637806294
1875,0.6,1847,5962,1847,520588,85022,48606,59350,0.7875615991700322,0.41109079322860387
1876,0.6005,0,1,0,520589,85021,48606,59350,0.7875523361369446,0.4110936406896122
1877,0.6008,1,2,1,520591,85019,48607,59349,0.7875338100707696,0.41109525656655216
1878,0.6009,0,1,0,520592,85018,48607,59349,0.787524547037682,0.41109810413737213
1879,0.601,3,4,3,520596,85014,48610,59346,0.7874874949053318,0.41109725685785536
1880,0.6014,0,1,0,520597,85013,48610,59346,0.7874782318722442,0.41110010460033664
1881,0.6017,0,9,0,520606,85004,48610,59346,0.7873948645744563,0.4111257360581919
1882,0.602,4,13,4,520619,84991,48614,59342,0.7872744451443181,0.4111464460656953
1883,0.6022,0,1,0,520620,84990,48614,59342,0.7872651821112305,0.4111492946817061
1884,0.6024,0,1,0,520621,84989,48614,59342,0.787255919078143,0.4111521433371902
1885,0.6025,10,37,10,520658,84952,48624,59332,0.7869131868539034,0.41121676693188436
1886,0.6027,0,1,0,520659,84951,48624,59332,0.7869039238208159,0.4112196170026961
1887,0.6029,0,2,0,520661,84949,48624,59332,0.7868853977546407,0.4112253172628413
1888,0.603,1,0,1,520661,84949,48625,59331,0.7868853977546407,0.41122123648461323
1889,0.6032,0,1,0,520662,84948,48625,59331,0.7868761347215533,0.4112240866654191
1890,0.6033,23,74,23,520736,84874,48648,59308,0.7861906702730742,0.4113412215117005
1891,0.6035,0,1,0,520737,84873,48648,59308,0.7861814072399866,0.41134407446196103
1892,0.604,5,18,5,520755,84855,48653,59303,0.7860146726444107,0.4113750190762913
1893,0.6042,1,4,1,520759,84851,48654,59302,0.7859776205120604,0.41138235069682905
1894,0.6043,0,4,0,520763,84847,48654,59302,0.7859405683797103,0.41139376617250206
1895,0.6047,0,2,0,520765,84845,48654,59302,0.7859220423135351,0.41139947414791844
1896,0.6048,0,1,0,520766,84844,48654,59302,0.7859127792804476,0.4114023281950245
1897,0.605,55,210,55,520976,84634,48709,59247,0.7839675423320612,0.41177778858918135
1898,0.6054,0,1,0,520977,84633,48709,59247,0.7839582792989737,0.41178065054211843
1899,0.6055,1,2,1,520979,84631,48710,59246,0.7839397532327985,0.4117822862584013
1900,0.6057,0,1,0,520980,84630,48710,59246,0.783930490199711,0.4117851483221663
1901,0.6058,2,1,2,520981,84629,48712,59244,0.7839212271666235,0.4117798336032473
1902,0.606,2,22,2,521003,84607,48714,59242,0.7837174404386973,0.4118346321489896
1903,0.6062,0,1,0,521004,84606,48714,59242,0.7837081774056097,0.4118374951337523
1904,0.6063,1,0,1,521004,84606,48715,59241,0.7837081774056097,0.4118334063275564
1905,0.6065,0,1,0,521005,84605,48715,59241,0.7836989143725221,0.41183626934360357
1906,0.6067,20,90,20,521095,84515,48735,59221,0.7828652413946423,0.4120123003283798
1907,0.6071,0,1,0,521096,84514,48735,59221,0.7828559783615547,0.41201516680001393
1908,0.6074,1,0,1,521096,84514,48736,59220,0.7828559783615547,0.41201107601541737
1909,0.6075,6,30,6,521126,84484,48742,59214,0.7825780873689281,0.41207254102353547
1910,0.608,6,5,6,521131,84479,48748,59208,0.7825317722034904,0.412062329925463
1911,0.6083,5,18,5,521149,84461,48753,59203,0.7823650376079143,0.41209349593495936
1912,0.6088,0,3,0,521152,84458,48753,59203,0.7823372485086517,0.41210210147500015
1913,0.609,1,1,1,521153,84457,48754,59202,0.7823279854755641,0.4121008777730598
1914,0.6092,0,3,0,521156,84454,48754,59202,0.7823001963763014,0.4121094837667762
1915,0.61,1847,5646,1847,526802,78808,50601,57355,0.7300011115639705,0.4212230929107026
1916,0.6102,0,1,0,526803,78807,50601,57355,0.729991848530883,0.42122618645437054
1917,0.6108,0,1,0,526804,78806,50601,57355,0.7299825854977954,0.4212292800434779
1918,0.611,0,5,0,526809,78801,50601,57355,0.7299362703323576,0.4212447486706425
1919,0.6114,0,1,0,526810,78800,50601,57355,0.7299270072992701,0.42124784253240793
1920,0.6115,1,1,1,526811,78799,50602,57354,0.7299177442661825,0.42124668571386603
1921,0.6117,5,13,5,526824,78786,50607,57349,0.7297973248360443,0.42126565541558014
1922,0.612,3,5,3,526829,78781,50610,57346,0.7297510096706066,0.42126837438568393
1923,0.6121,0,1,0,526830,78780,50610,57346,0.729741746637519,0.421271469080117
1924,0.6125,8,44,8,526874,78736,50618,57338,0.7293341731816666,0.42137366432970297
1925,0.6129,0,1,0,526875,78735,50618,57338,0.729324910148579,0.421376761003285
1926,0.613,0,1,0,526876,78734,50618,57338,0.7293156471154915,0.4213798577223823
1927,0.6132,0,1,0,526877,78733,50618,57338,0.7293063840824039,0.42138295448699575
1928,0.6133,21,89,21,526966,78644,50639,57317,0.7284819741376116,0.4215694206426843
1929,0.6135,0,1,0,526967,78643,50639,57317,0.728472711104524,0.4215725213298029
1930,0.6136,0,1,0,526968,78642,50639,57317,0.7284634480714365,0.4215756220625336
1931,0.614,8,9,8,526977,78633,50647,57309,0.7283800807736486,0.4215694928719601
1932,0.6142,0,6,0,526983,78627,50647,57309,0.7283245025751232,0.4215881002824859
1933,0.6143,0,1,0,526984,78626,50647,57309,0.7283152395420357,0.4215912016772722
1934,0.6145,0,2,0,526986,78624,50647,57309,0.7282967134758606,0.4215974046037386
1935,0.6147,0,1,0,526987,78623,50647,57309,0.728287450442773,0.42160050613542066
1936,0.6148,0,1,0,526988,78622,50647,57309,0.7282781874096854,0.4216036077127366
1937,0.615,69,205,69,527193,78417,50716,57240,0.7263792656267368,0.4219465269024083
1938,0.6153,1,1,1,527194,78416,50717,57239,0.7263700025936493,0.42194537613799715
1939,0.6157,0,3,0,527197,78413,50717,57239,0.7263422134943867,0.42195470763424053
1940,0.6158,1,1,1,527198,78412,50718,57238,0.7263329504612991,0.421953556948028
1941,0.616,5,14,5,527212,78398,50723,57233,0.7262032679980733,0.42197580199216994
1942,0.6163,0,1,0,527213,78397,50723,57233,0.7261940049649858,0.42197891321978914
1943,0.6165,0,1,0,527214,78396,50723,57233,0.7261847419318982,0.4219820244932868
1944,0.6167,39,85,39,527299,78311,50762,57194,0.7253973841194561,0.4220803660381536
1945,0.617,0,2,0,527301,78309,50762,57194,0.725378858053281,0.42208659586872616
1946,0.6172,0,1,0,527302,78308,50762,57194,0.7253695950201934,0.42208971085297636
1947,0.6173,0,1,0,527303,78307,50762,57194,0.7253603319871058,0.4220928258832038
1948,0.6175,11,38,11,527341,78269,50773,57183,0.7250083367297788,0.42216430912795677
1949,0.6178,1,1,1,527342,78268,50774,57182,0.7249990736966913,0.42216315983757846
1950,0.618,3,11,3,527353,78257,50777,57179,0.7248971803327281,0.4221846480994713
1951,0.6182,0,1,0,527354,78256,50777,57179,0.7248879172996406,0.42218776534869124
1952,0.6183,2,7,2,527361,78249,50779,57177,0.7248230760680278,0.42220105445040096
1953,0.6185,0,2,0,527363,78247,50779,57177,0.7248045500018526,0.4222072896975425
1954,0.6187,2,2,2,527365,78245,50781,57175,0.7247860239356775,0.422204991877123
1955,0.619,1,4,1,527369,78241,50782,57174,0.7247489718033273,0.4222131964701104
1956,0.6192,0,2,0,527371,78239,50782,57174,0.7247304457371522,0.4222194324030928
1957,0.6193,0,2,0,527373,78237,50782,57174,0.724711919670977,0.4222256685202827
1958,0.6195,2,1,2,527374,78236,50784,57172,0.7247026566378895,0.42222025286541415
1959,0.62,1790,5481,1790,532855,72755,52574,55382,0.673931972285005,0.43220927600927134
1960,0.6203,0,2,0,532857,72753,52574,55382,0.6739134462188299,0.4322160221641238
1961,0.6205,0,1,0,532858,72752,52574,55382,0.6739041831857423,0.43221939532052384
1962,0.6207,0,1,0,532859,72751,52574,55382,0.6738949201526547,0.43222276852957475
1963,0.6208,0,1,0,532860,72750,52574,55382,0.6738856571195673,0.4322261417912777
1964,0.621,1,1,1,532861,72749,52575,55381,0.6738763940864797,0.4322250838991649
1965,0.6211,0,1,0,532862,72748,52575,55381,0.6738671310533921,0.43222845725791975
1966,0.6213,1,0,1,532862,72748,52576,55380,0.6738671310533921,0.432224025974026
1967,0.6214,1,1,1,532863,72747,52577,55379,0.6738578680203046,0.4322229680158594
1968,0.6217,5,8,5,532871,72739,52582,55374,0.6737837637556041,0.4322277988962869
1969,0.622,2,7,2,532878,72732,52584,55372,0.6737189225239912,0.4322425529257478
1970,0.6223,1,1,1,532879,72731,52585,55371,0.6737096594909037,0.43224149505862514
1971,0.6225,12,30,12,532909,72701,52597,55359,0.6734317684982771,0.4322895517726066
1972,0.6227,1,0,1,532909,72701,52598,55358,0.6734317684982771,0.4322851185781554
1973,0.6229,1,1,1,532910,72700,52599,55357,0.6734225054651896,0.4322840610040841
1974,0.623,0,1,0,532911,72699,52599,55357,0.673413242432102,0.43228743674642345
1975,0.6233,23,72,23,532983,72627,52622,55334,0.6727463040497981,0.43242863059838543
1976,0.6235,0,1,0,532984,72626,52622,55334,0.6727370410167105,0.432432010003126
1977,0.6238,1,3,1,532987,72623,52623,55333,0.6727092519174479,0.4324377129638313
1978,0.624,6,10,6,532997,72613,52629,55327,0.6726166215865723,0.4324448960450211
1979,0.6242,0,3,0,533000,72610,52629,55327,0.6725888324873096,0.4324550364632593
1980,0.6243,0,2,0,533002,72608,52629,55327,0.6725703064211346,0.4324617970062923
1981,0.6244,1,0,1,533002,72608,52630,55326,0.6725703064211346,0.43245736082667624
1982,0.6245,1,0,1,533002,72608,52631,55325,0.6725703064211346,0.4324529245777086
1983,0.6247,1,0,1,533002,72608,52632,55324,0.6725703064211346,0.4324484882593878
1984,0.625,71,171,71,533173,72437,52703,55253,0.6709863277631628,0.4327120369645234
1985,0.6251,0,1,0,533174,72436,52703,55253,0.6709770647300752,0.4327154257610287
1986,0.6256,0,1,0,533175,72435,52703,55253,0.6709678016969877,0.43271881461061334
1987,0.6257,0,1,0,533176,72434,52703,55253,0.6709585386639001,0.43272220351327856
1988,0.6258,1,2,1,533178,72432,52704,55252,0.670940012597725,0.4327245387049278
1989,0.626,5,12,5,533190,72420,52709,55247,0.6708288562006743,0.43274299544909806
1990,0.6267,28,79,28,533269,72341,52737,55219,0.6700970765867575,0.4328864847914707
1991,0.627,0,3,0,533272,72338,52737,55219,0.670069287487495,0.4328966658043071
1992,0.6271,1,3,1,533275,72335,52738,55218,0.6700414983882322,0.43290240135473096
1993,0.6273,0,2,0,533277,72333,52738,55218,0.6700229723220571,0.4329091892654703
1994,0.6275,11,29,11,533306,72304,52749,55207,0.669754344362518,0.43295872512959666
1995,0.6278,1,1,1,533307,72303,52750,55206,0.6697450813294306,0.43295767357598286
1996,0.628,5,10,5,533317,72293,52755,55201,0.669652450998555,0.4329693946381791
1997,0.6283,3,6,3,533323,72287,52758,55198,0.6695968728000297,0.4329764285994431
1998,0.6285,0,2,0,533325,72285,52758,55198,0.6695783467338545,0.43298322129225075
1999,0.629,0,4,0,533329,72281,52758,55198,0.6695412946015044,0.4329968073172836
2000,0.6292,1,2,1,533331,72279,52759,55197,0.6695227685353292,0.4329991527817001
2001,0.6293,0,3,0,533334,72276,52759,55197,0.6694949794360665,0.43300934315502104
2002,0.63,1766,5136,1766,538470,67140,54525,53431,0.6219200414983882,0.4431496794419885
2003,0.6307,0,1,0,538471,67139,54525,53431,0.6219107784653006,0.44315335489756985
2004,0.6308,0,2,0,538473,67137,54525,53431,0.6218922523991256,0.4431607059916396
2005,0.631,1,2,1,538475,67135,54526,53430,0.6218737263329505,0.4431634388089412
2006,0.6315,1,0,1,538475,67135,54527,53429,0.6218737263329505,0.4431588202116718
2007,0.6317,4,4,4,538479,67131,54531,53425,0.6218366742006003,0.44315504827631974
2008,0.632,1,6,1,538485,67125,54532,53424,0.6217810960020749,0.4431724858771122
2009,0.6325,7,34,7,538519,67091,54539,53417,0.621466152877098,0.4432651774156073
2010,0.6327,0,1,0,538520,67090,54539,53417,0.6214568898440105,0.4432688557511182
2011,0.6329,0,1,0,538521,67089,54539,53417,0.6214476268109229,0.4432725341476773
2012,0.633,0,1,0,538522,67088,54539,53417,0.6214383637778355,0.4432762126052861
2013,0.6333,22,64,22,538586,67024,54561,53395,0.620845529660232,0.44341009309162177
2014,0.6335,0,1,0,538587,67023,54561,53395,0.6208362666271444,0.4434137753492003
2015,0.6338,0,1,0,538588,67022,54561,53395,0.6208270035940568,0.4434174576679373
2016,0.634,4,15,4,538603,67007,54565,53391,0.6206880580977435,0.44345421020282727
2017,0.6342,0,5,0,538608,67002,54565,53391,0.6206417429323058,0.44347262714609653
2018,0.6343,1,1,1,538609,67001,54566,53390,0.6206324798992182,0.44347168808299625
2019,0.6347,0,1,0,538610,67000,54566,53390,0.6206232168661306,0.4434753717086137
2020,0.635,51,196,51,538806,66804,54617,53339,0.6188076623809701,0.44396261122162756
2021,0.6355,1,2,1,538808,66802,54618,53338,0.6187891363147949,0.4439653737306476
2022,0.6357,1,2,1,538810,66800,54619,53337,0.6187706102486198,0.44396813637763555
2023,0.6358,0,1,0,538811,66799,54619,53337,0.6187613472155322,0.44397183192381967
2024,0.636,3,20,3,538831,66779,54622,53334,0.6185760865537812,0.4440318699890936
2025,0.6367,27,68,27,538899,66711,54649,53307,0.6179462003038275,0.44415837624356347
2026,0.6371,1,2,1,538901,66709,54650,53306,0.6179276742376524,0.44416114652335126
2027,0.6373,1,0,1,538901,66709,54651,53305,0.6179276742376524,0.44415651507324144
2028,0.6375,11,30,11,538931,66679,54662,53294,0.6176497832450257,0.4442166154051328
2029,0.6377,1,0,1,538931,66679,54663,53293,0.6176497832450257,0.4442119827959857
2030,0.6378,0,1,0,538932,66678,54663,53293,0.6176405202119382,0.4442156854573189
2031,0.6379,1,0,1,538932,66678,54664,53292,0.6176405202119382,0.4442110527631908
2032,0.638,3,12,3,538944,66666,54667,53289,0.6175293638148875,0.44424159059647367
2033,0.6383,4,10,4,538954,66656,54671,53285,0.617436733484012,0.44426009454648535
2034,0.6386,0,1,0,538955,66655,54671,53285,0.6174274704509245,0.44426379856594966
2035,0.6387,0,1,0,538956,66654,54671,53285,0.6174182074178369,0.44426750264717896
2036,0.639,0,1,0,538957,66653,54671,53285,0.6174089443847494,0.4442712067901749
2037,0.6392,0,1,0,538958,66652,54671,53285,0.6173996813516618,0.444274910994939
2038,0.64,1798,4835,1798,543793,61817,56469,51487,0.5726129163733373,0.4544146720327614
2039,0.6405,1,0,1,543793,61817,56470,51486,0.5726129163733373,0.4544098567557788
2040,0.6408,4,0,4,543793,61817,56474,51482,0.5726129163733373,0.45439059479783583
2041,0.641,0,3,0,543796,61814,56474,51482,0.5725851272740746,0.45440262674763454
2042,0.6413,1,0,1,543796,61814,56475,51481,0.5725851272740746,0.45439781102431703
2043,0.6417,5,11,5,543807,61803,56480,51476,0.5724832339101116,0.4544178532649476
2044,0.6419,0,1,0,543808,61802,56480,51476,0.572473970877024,0.4544218647928106
2045,0.642,3,5,3,543813,61797,56483,51473,0.5724276557115862,0.45442747417674584
2046,0.6425,10,37,10,543850,61760,56493,51463,0.5720849234873467,0.45452779028995877
2047,0.6427,1,4,1,543854,61756,56494,51462,0.5720478713549965,0.4545390308961473
2048,0.6429,0,1,0,543855,61755,56494,51462,0.5720386083219089,0.45454304565568776
2049,0.643,1,2,1,543857,61753,56495,51461,0.5720200822557339,0.45454625752998745
2050,0.6433,22,64,22,543921,61689,56517,51439,0.5714272481381304,0.45469733399335266
2051,0.6435,0,1,0,543922,61688,56517,51439,0.5714179851050428,0.4547013533462392
2052,0.6437,0,1,0,543923,61687,56517,51439,0.5714087220719553,0.45470537277018547
2053,0.6438,0,1,0,543924,61686,56517,51439,0.5713994590388677,0.45470939226519336
2054,0.644,3,15,3,543939,61671,56520,51436,0.5712605135425544,0.4547552317716852
2055,0.6442,0,2,0,543941,61669,56520,51436,0.5712419874763792,0.45476327306485126
2056,0.6443,0,4,0,543945,61665,56520,51436,0.571204935344029,0.45477935650436335
2057,0.6444,0,1,0,543946,61664,56520,51436,0.5711956723109415,0.4547833775419982
2058,0.6447,0,1,0,543947,61663,56520,51436,0.5711864092778539,0.45478739865073964
2059,0.645,63,139,63,544086,61524,56583,51373,0.5698988476786839,0.45504309237623675
2060,0.6456,0,1,0,544087,61523,56583,51373,0.5698895846455964,0.455047123015873
2061,0.6457,0,2,0,544089,61521,56583,51373,0.5698710585794212,0.4550551845093628
2062,0.6458,0,1,0,544090,61520,56583,51373,0.5698617955463336,0.45505921536322
2063,0.646,4,15,4,544105,61505,56587,51369,0.5697228500500203,0.4551003774119815
2064,0.6462,0,1,0,544106,61504,56587,51369,0.5697135870169329,0.45510440938045416
2065,0.6465,0,1,0,544107,61503,56587,51369,0.5697043239838453,0.45510844142037
2066,0.6466,1,0,1,544107,61503,56588,51368,0.5697043239838453,0.45510361386007037
2067,0.6467,24,75,24,544182,61428,56612,51344,0.5690095965022787,0.4552903202922711
2068,0.647,1,0,1,544182,61428,56613,51343,0.5690095965022787,0.4552854900639349
2069,0.6471,0,1,0,544183,61427,56613,51343,0.5690003334691911,0.45528952735656647
2070,0.6475,9,26,9,544209,61401,56622,51334,0.5687594946089147,0.45535104448485386
2071,0.648,3,6,3,544215,61395,56625,51331,0.5687039164103894,0.4553607863314586
2072,0.6483,2,20,2,544235,61375,56627,51329,0.5685186557486384,0.4554319278818853
2073,0.6485,0,1,0,544236,61374,56627,51329,0.5685093927155508,0.455435968873943
2074,0.6488,0,2,0,544238,61372,56627,51329,0.5684908666493756,0.4554440510731937
2075,0.649,1,2,1,544240,61370,56628,51328,0.5684723405832005,0.455447301638006
2076,0.6492,1,2,1,544242,61368,56629,51327,0.5684538145170255,0.4554505523758818
2077,0.6493,0,1,0,544243,61367,56629,51327,0.5684445514839379,0.45545459385592846
2078,0.65,1808,4587,1808,548830,56780,58437,49519,0.5259550187113269,0.4658463391000856
2079,0.6505,0,1,0,548831,56779,58437,49519,0.5259457556782393,0.46585072155637924
2080,0.6507,0,3,0,548834,56776,58437,49519,0.5259179665789766,0.46586386942001035
2081,0.6508,1,6,1,548840,56770,58438,49518,0.5258623883804513,0.46588514225500527
2082,0.651,1,2,1,548842,56768,58439,49517,0.5258438623142762,0.46588888366185255
2083,0.6512,0,1,0,548843,56767,58439,49517,0.5258345992811886,0.46589326709570583
2084,0.6513,0,1,0,548844,56766,58439,49517,0.5258253362481011,0.4658976506120452
2085,0.6515,1,0,1,548844,56766,58440,49516,0.5258253362481011,0.4658926252799157
2086,0.6517,6,15,6,548859,56751,58446,49510,0.5256863907517878,0.4659282333123159
2087,0.6518,0,1,0,548860,56750,58446,49510,0.5256771277187002,0.46593261810653114
2088,0.652,1,10,1,548870,56740,58447,49509,0.5255844973878246,0.4659714444371241
2089,0.6521,0,1,0,548871,56739,58447,49509,0.5255752343547371,0.4659758301332731
2090,0.6523,0,1,0,548872,56738,58447,49509,0.5255659713216495,0.4659802159119787
2091,0.6525,10,29,10,548901,56709,58457,49499,0.5252973433621105,0.46605717083458875
2092,0.6526,1,0,1,548901,56709,58458,49498,0.5252973433621105,0.46605214345570445
2093,0.653,1,2,1,548903,56707,58459,49497,0.5252788172959354,0.46605589243343
2094,0.6532,0,1,0,548904,56706,58459,49497,0.5252695542628478,0.46606028078302875
2095,0.6533,21,61,21,548965,56645,58480,49476,0.5247045092445071,0.4662225195767096
2096,0.6535,1,1,1,548966,56644,58481,49475,0.5246952462114195,0.46622188298042766
2097,0.6537,0,1,0,548967,56643,58481,49475,0.5246859831783319,0.4662262764092802
2098,0.6538,0,1,0,548968,56642,58481,49475,0.5246767201452444,0.4662306699209363
2099,0.654,6,12,6,548980,56630,58487,49469,0.5245655637481937,0.4662532163356865
2100,0.6542,0,2,0,548982,56628,58487,49469,0.5245470376820186,0.4662620055232476
2101,0.6543,1,0,1,548982,56628,58488,49468,0.5245470376820186,0.4662569748152616
2102,0.655,77,155,77,549137,56473,58565,49391,0.5231112675534477,0.4665514244691302
2103,0.6552,0,1,0,549138,56472,58565,49391,0.5231020045203602,0.4665558315936635
2104,0.6553,3,2,3,549140,56470,58568,49388,0.523083478454185,0.4665495286138034
2105,0.6557,0,1,0,549141,56469,58568,49388,0.5230742154210974,0.466553935970224
2106,0.6558,0,4,0,549145,56465,58568,49388,0.5230371632887473,0.4665715662286378
2107,0.656,5,12,5,549157,56453,58573,49383,0.5229260068916967,0.46659926679012814
2108,0.6562,1,0,1,549157,56453,58574,49382,0.5229260068916967,0.4665942268625691
2109,0.6567,21,70,21,549227,56383,58595,49361,0.5222775945755678,0.4667971705250416
2110,0.657,0,2,0,549229,56381,58595,49361,0.5222590685093927,0.46680599950823704
2111,0.6573,1,2,1,549231,56379,58596,49360,0.5222405424432176,0.4668097863607562
2112,0.6575,12,31,12,549262,56348,58608,49348,0.5219533884175034,0.46688616409324857
2113,0.6578,0,3,0,549265,56345,58608,49348,0.5219255993182408,0.46689941623380926
2114,0.658,2,11,2,549276,56334,58610,49346,0.5218237059542776,0.46693792581377747
2115,0.6581,1,0,1,549276,56334,58611,49345,0.5218237059542776,0.4669328816510376
2116,0.6583,7,9,7,549285,56325,58618,49338,0.5217403386564897,0.46693733851963315
2117,0.6586,1,1,1,549286,56324,58619,49337,0.5217310756234022,0.46693671269437165
2118,0.6587,0,2,0,549288,56322,58619,49337,0.521712549557227,0.46694555125450743
2119,0.6589,0,1,0,549289,56321,58619,49337,0.5217032865241394,0.4669499706600541
2120,0.659,1,3,1,549292,56318,58620,49336,0.5216754974248768,0.46695818426183583
2121,0.6592,1,1,1,549293,56317,58621,49335,0.5216662343917893,0.46695755877787454
2122,0.6594,1,0,1,549293,56317,58622,49334,0.5216662343917893,0.46695251346414135
2123,0.66,1796,4281,1796,553574,52036,60418,47538,0.4820111897439698,0.4774137827143632
2124,0.6602,1,0,1,553574,52036,60419,47537,0.4820111897439698,0.47740853444206766
2125,0.6606,0,1,0,553575,52035,60419,47537,0.4820019267108822,0.47741332904832684
2126,0.6608,1,1,1,553576,52034,60420,47536,0.48199266367779464,0.47741287536406546
2127,0.6611,0,1,0,553577,52033,60420,47536,0.4819834006447071,0.47741767015838266
2128,0.6615,0,1,0,553578,52032,60420,47536,0.48197413761161956,0.47742246504901176
2129,0.6617,2,12,2,553590,52020,60422,47534,0.4818629812145689,0.4774695140325853
2130,0.662,3,4,3,553594,52016,60425,47531,0.48182592908221866,0.47747295247471044
2131,0.6623,0,1,0,553595,52015,60425,47531,0.48181666604913115,0.4774777489803709
2132,0.6624,0,1,0,553596,52014,60425,47531,0.4818074030160436,0.47748254558239994
2133,0.6625,19,27,19,553623,51987,60444,47512,0.48155730112267964,0.4775123368074051
2134,0.6627,0,2,0,553625,51985,60444,47512,0.4815387750565045,0.4775219353347337
2135,0.6633,22,61,22,553686,51924,60466,47490,0.4809737300381637,0.4776993180035005
2136,0.664,5,10,5,553696,51914,60471,47485,0.48088109970728815,0.4777211038340426
2137,0.6642,0,3,0,553699,51911,60471,47485,0.4808533106080255,0.4777355225562397
2138,0.6643,1,1,1,553700,51910,60472,47484,0.4808440475749379,0.4777350745517838
2139,0.6645,1,0,1,553700,51910,60473,47483,0.4808440475749379,0.4777298200074452
2140,0.6647,0,1,0,553701,51909,60473,47483,0.48083478454185036,0.47773462652929816
2141,0.6648,0,1,0,553702,51908,60473,47483,0.48082552150876284,0.47773943314787054
2142,0.665,55,128,55,553830,51780,60528,47428,0.4796398532735559,0.478066284977018
2143,0.6655,1,0,1,553830,51780,60529,47427,0.4796398532735559,0.4780610239196831
2144,0.6657,2,0,2,553830,51780,60531,47425,0.4796398532735559,0.4780505014868202
2145,0.6658,2,1,2,553831,51779,60533,47423,0.47963059024046834,0.4780447974839217
2146,0.666,5,11,5,553842,51768,60538,47418,0.47952869687650523,0.4780715020264957
2147,0.6663,0,1,0,553843,51767,60538,47418,0.47951943384341766,0.4780763220244997
2148,0.6666,0,1,0,553844,51766,60538,47418,0.47951017081033015,0.4780811421196967
2149,0.6667,26,72,26,553916,51694,60564,47392,0.47884323242802623,0.4782915850877016
2150,0.667,0,1,0,553917,51693,60564,47392,0.47883396939493866,0.47829641217136803
2151,0.6673,1,1,1,553918,51692,60565,47391,0.47882470636185115,0.478295974082335
2152,0.6675,16,34,16,553952,51658,60581,47375,0.4785097632368743,0.47837589490371896
2153,0.668,0,13,0,553965,51645,60581,47375,0.4783893438067361,0.47843869925267624
2154,0.6682,0,1,0,553966,51644,60581,47375,0.4783800807736485,0.4784435310394975
2155,0.6683,6,6,6,553972,51638,60587,47369,0.4783245025751232,0.4784409183189067
2156,0.6685,0,2,0,553974,51636,60587,47369,0.47830597650894807,0.4784505833038735
2157,0.6687,0,1,0,553975,51635,60587,47369,0.47829671347586056,0.4784554159427902
2158,0.6688,0,1,0,553976,51634,60587,47369,0.478287450442773,0.47846024867933296
2159,0.669,1,0,1,553976,51634,60588,47368,0.478287450442773,0.47845498070746045
2160,0.6691,0,1,0,553977,51633,60588,47368,0.4782781874096854,0.478459813537237
2161,0.6692,1,3,1,553980,51630,60589,47367,0.47825039831042276,0.4784690445165005
2162,0.6693,0,2,0,553982,51628,60589,47367,0.4782318722442477,0.4784787110460124
2163,0.6695,0,1,0,553983,51627,60589,47367,0.4782226092111601,0.47848354445723984
2164,0.67,1768,4004,1768,557987,47623,62357,45599,0.4411334247285931,0.48914419343073523
2165,0.6703,0,1,0,557988,47622,62357,45599,0.44112416169550556,0.4891494405766941
2166,0.6704,0,1,0,557989,47621,62357,45599,0.44111489866241804,0.4891546878352285
2167,0.6707,0,3,0,557992,47618,62357,45599,0.44108710956315533,0.4891704302863212
2168,0.6708,0,1,0,557993,47617,62357,45599,0.4410778465300678,0.48917567799519396
2169,0.671,1,1,1,557994,47616,62358,45598,0.44106858349698025,0.4891754457484927
2170,0.6711,1,0,1,557994,47616,62359,45597,0.44106858349698025,0.4891699655627434
2171,0.6713,0,2,0,557996,47614,62359,45597,0.44105005743080516,0.48918046153350997
2172,0.6714,0,2,0,557998,47612,62359,45597,0.44103153136463,0.48919095795470396
2173,0.6715,1,1,1,557999,47611,62360,45596,0.44102226833154246,0.4891907260184321
2174,0.6717,7,15,7,558014,47596,62367,45589,0.4408833228352292,0.4892310994258733
2175,0.6718,1,0,1,558014,47596,62368,45588,0.4408833228352292,0.48922561813186816
2176,0.672,1,2,1,558016,47594,62369,45587,0.44086479676905405,0.4892306371470579
2177,0.6721,2,0,2,558016,47594,62371,45585,0.44086479676905405,0.489219673960871
2178,0.6725,8,20,8,558036,47574,62379,45577,0.440679536107303,0.4892808450794946
2179,0.6733,23,48,23,558084,47526,62402,45554,0.44023491051910035,0.4894069617533305
2180,0.6738,1,0,1,558084,47526,62403,45553,0.44023491051910035,0.48940147616540786
2181,0.674,8,6,8,558090,47520,62411,45545,0.44017933232057505,0.48938913662493955
2182,0.6742,1,0,1,558090,47520,62412,45544,0.44017933232057505,0.48938364996131695
2183,0.6743,1,0,1,558090,47520,62413,45543,0.44017933232057505,0.48937816317978144
2184,0.6745,1,0,1,558090,47520,62414,45542,0.44017933232057505,0.48937267628032927
2185,0.6747,0,1,0,558091,47519,62414,45542,0.4401700692874875,0.48937793490291315
2186,0.675,81,126,81,558217,47393,62495,45461,0.4390029271184557,0.4895965709608633
2187,0.6753,2,2,2,558219,47391,62497,45459,0.43898440105228054,0.48959612277867526
2188,0.6757,0,2,0,558221,47389,62497,45459,0.43896587498610545,0.4896066689643288
2189,0.6758,0,2,0,558223,47387,62497,45459,0.43894734891993037,0.4896172156043341
2190,0.676,5,13,5,558236,47374,62502,45454,0.43882692948979213,0.48965829275649586
2191,0.6767,20,58,20,558294,47316,62522,45434,0.438289673570714,0.4898544474393531
2192,0.677,1,1,1,558295,47315,62523,45433,0.43828041053762645,0.4898542286626127
2193,0.6771,0,1,0,558296,47314,62523,45433,0.4382711475045389,0.489859510280656
2194,0.6775,10,30,10,558326,47284,62533,45423,0.4379932565119123,0.48996300171508084
2195,0.6778,0,1,0,558327,47283,62533,45423,0.4379839934788247,0.48996828684227556
2196,0.678,3,5,3,558332,47278,62536,45420,0.4379376783133869,0.48997820880709403
2197,0.6783,6,11,6,558343,47267,62542,45414,0.4378357849494238,0.49000334480637886
2198,0.6785,1,0,1,558343,47267,62543,45413,0.4378357849494238,0.48999784203711694
2199,0.6787,0,2,0,558345,47265,62543,45413,0.43781725888324874,0.49000841623686314
2200,0.679,1,1,1,558346,47264,62544,45412,0.43780799585016117,0.4900082006128879
2201,0.6792,1,3,1,558349,47261,62545,45411,0.4377802067508985,0.4900185600828729
2202,0.6793,1,1,1,558350,47260,62546,45410,0.43777094371781095,0.490018344663861
2203,0.6797,1,0,1,558350,47260,62547,45409,0.43777094371781095,0.490012841403274
2204,0.6798,0,1,0,558351,47259,62547,45409,0.43776168068472343,0.49001812923555055
2205,0.68,1817,3706,1817,562057,43553,64364,43592,0.4034328800622476,0.5002237649893855
2206,0.6807,0,1,0,562058,43552,64364,43592,0.40342361702916,0.5002295051868172
2207,0.6808,2,4,2,562062,43548,64366,43590,0.4033865648968098,0.5002409970391792
2208,0.681,1,1,1,562063,43547,64367,43589,0.4033773018637223,0.500241002570694
2209,0.6813,1,0,1,562063,43547,64368,43588,0.4033773018637223,0.500235267114248
2210,0.6815,1,1,1,562064,43546,64369,43587,0.4033680388306347,0.500235272514432
2211,0.6817,3,9,3,562073,43537,64372,43584,0.4032846715328467,0.5002697397871926
2212,0.682,4,2,4,562075,43535,64376,43580,0.4032661454666716,0.5002582792860013
2213,0.6823,1,0,1,562075,43535,64377,43579,0.4032661454666716,0.5002525426452694
2214,0.6825,9,18,9,562093,43517,64386,43570,0.40309941087109563,0.5003042934077416
2215,0.6827,1,1,1,562094,43516,64387,43569,0.40309014783800806,0.5003043003961647
2216,0.6829,2,1,2,562095,43515,64389,43567,0.40308088480492055,0.5002985691646954
2217,0.683,0,1,0,562096,43514,64389,43567,0.403071621771833,0.5003043143739736
2218,0.6833,23,62,23,562158,43452,64412,43544,0.4024973137204046,0.5005287599429858
2219,0.6835,1,1,1,562159,43451,64413,43543,0.4024880506873171,0.5005287720992252
2220,0.6838,1,0,1,562159,43451,64414,43542,0.4024880506873171,0.5005230305886681
2221,0.684,5,10,5,562169,43441,64419,43537,0.4023954203564415,0.5005518636896686
2222,0.6842,0,1,0,562170,43440,64419,43537,0.402386157323354,0.5005576186808006
2223,0.6843,0,1,0,562171,43439,64419,43537,0.4023768942902664,0.5005633738042679
2224,0.685,61,120,61,562291,43319,64480,43476,0.4012653303197599,0.5009044299786855
2225,0.6852,0,1,0,562292,43318,64480,43476,0.40125606728667235,0.5009102011659792
2226,0.6855,1,0,1,562292,43318,64481,43475,0.40125606728667235,0.5009044508197665
2227,0.6857,1,5,1,562297,43313,64482,43474,0.40120975212123455,0.5009275582748568
2228,0.6858,0,1,0,562298,43312,64482,43474,0.40120048908814704,0.5009333302606411
2229,0.686,5,9,5,562307,43303,64487,43469,0.401117121790359,0.5009565297561426
2230,0.6863,0,1,0,562308,43302,64487,43469,0.4011078587572715,0.5009623030736076
2231,0.6867,29,40,29,562348,43262,64516,43440,0.4007373374337693,0.5010265045789024
2232,0.6868,0,1,0,562349,43261,64516,43440,0.40072807440068176,0.5010322833646671
2233,0.687,0,1,0,562350,43260,64516,43440,0.4007188113675942,0.501038062283737
2234,0.6871,1,1,1,562351,43259,64517,43439,0.40070954833450667,0.5010380862303628
2235,0.6873,0,2,0,562353,43257,64517,43439,0.40069102226833153,0.501049644735628
2236,0.6874,0,1,0,562354,43256,64517,43439,0.40068175923524396,0.5010554241882461
2237,0.6875,6,26,6,562380,43230,64523,43433,0.4004409203749676,0.5011712033970668
2238,0.688,3,7,3,562387,43223,64526,43430,0.4003760791433547,0.5011944191199381
2239,0.6882,0,1,0,562388,43222,64526,43430,0.40036681611026714,0.5012002031112958
2240,0.6883,2,8,2,562396,43214,64528,43428,0.4002927118455667,0.5012349668751875
2241,0.6885,0,1,0,562397,43213,64528,43428,0.4002834488124792,0.501240752068882
2242,0.6886,1,1,1,562398,43212,64529,43427,0.4002741857793916,0.5012407807107654
2243,0.6887,2,0,2,562398,43212,64531,43425,0.4002741857793916,0.501229266941376
2244,0.6888,1,1,1,562399,43211,64532,43424,0.40026492274630404,0.5012292953194436
2245,0.689,1,2,1,562401,43209,64533,43423,0.40024639668012896,0.5012351094283868
2246,0.6892,2,5,2,562406,43204,64535,43421,0.40020008151469116,0.5012525252525253
2247,0.6893,1,1,1,562407,43203,64536,43420,0.4001908184816036,0.5012525541715249
2248,0.69,1732,3485,1732,565892,39718,66268,41688,0.3679091481714773,0.5120998452202541
2249,0.6903,0,1,0,565893,39717,66268,41688,0.3678998851383897,0.512106135986733
2250,0.6905,0,1,0,565894,39716,66268,41688,0.36789062210530216,0.5121124269077687
2251,0.6906,0,1,0,565895,39715,66268,41688,0.3678813590722146,0.5121187179833667
2252,0.6907,3,2,3,565897,39713,66271,41685,0.3678628330060395,0.5121133197375857
2253,0.6908,0,1,0,565898,39712,66271,41685,0.36785356997295193,0.5121196112878853
2254,0.691,1,0,1,565898,39712,66272,41684,0.36785356997295193,0.5121136173767753
2255,0.6912,0,1,0,565899,39711,66272,41684,0.36784430693986436,0.5121199090853247
2256,0.6917,1,4,1,565903,39707,66273,41683,0.3678072548075142,0.5121390834254822
2257,0.692,4,2,4,565905,39705,66277,41679,0.36778872874133905,0.5121276909466234
2258,0.6922,1,0,1,565905,39705,66278,41678,0.36778872874133905,0.5121216961773344
2259,0.6925,9,10,9,565915,39695,66287,41669,0.3676960984104635,0.5121306720416892
2260,0.6927,0,1,0,565916,39694,66287,41669,0.36768683537737595,0.5121369664343743
2261,0.693,1,0,1,565916,39694,66288,41668,0.36768683537737595,0.5121309702318035
2262,0.6933,25,51,25,565967,39643,66313,41643,0.3672144206899107,0.5123022414683955
2263,0.694,4,6,4,565973,39637,66317,41639,0.36715884249138536,0.5123160588611644
2264,0.6942,0,2,0,565975,39635,66317,41639,0.3671403164252103,0.5123286659940448
2265,0.6943,1,1,1,565976,39634,66318,41638,0.3671310533921227,0.5123289693867507
2266,0.6946,2,0,2,565976,39634,66320,41636,0.3671310533921227,0.5123169681309216
2267,0.6948,0,2,0,565978,39632,66320,41636,0.3671125273259476,0.5123295762169612
2268,0.695,49,93,49,566071,39539,66369,41587,0.3662510652488051,0.5126223405566649
2269,0.6958,1,3,1,566074,39536,66370,41586,0.3662232761495424,0.5126352900569513
2270,0.696,7,5,7,566079,39531,66377,41579,0.3661769609841046,0.5126248304771298
2271,0.6962,0,1,0,566080,39530,66377,41579,0.36616769795101706,0.5126311506737846
2272,0.6967,20,62,20,566142,39468,66397,41559,0.3655933898995887,0.5129031063719501
2273,0.697,1,0,1,566142,39468,66398,41558,0.3655933898995887,0.5128970947597068
2274,0.6973,0,1,0,566143,39467,66398,41558,0.36558412686650116,0.5129034248688676
2275,0.6975,7,23,7,566166,39444,66405,41551,0.36537107710548744,0.5130069757392431
2276,0.698,2,4,2,566170,39440,66407,41549,0.3653340249731372,0.513020286705602
2277,0.6982,1,0,1,566170,39440,66408,41548,0.3653340249731372,0.5130142737195634
2278,0.6983,2,13,2,566183,39427,66410,41546,0.365213605542999,0.5130846084497301
2279,0.6986,0,2,0,566185,39425,66410,41546,0.3651950794768239,0.5130972817428462
2280,0.699,3,1,3,566186,39424,66413,41543,0.3651858164437363,0.5130855780750182
2281,0.6993,1,1,1,566187,39423,66414,41542,0.3651765534106488,0.5130859013153832
2282,0.6995,0,1,0,566188,39422,66414,41542,0.36516729037756124,0.5130922385257646
2283,0.6998,0,2,0,566190,39420,66414,41542,0.3651487643113861,0.5131049134161706
2284,0.7,1714,3216,1714,569406,36204,68128,39828,0.33535884990181186,0.5238320707070707
2285,0.7002,0,1,0,569407,36203,68128,39828,0.3353495868687243,0.5238389604240375
2286,0.7007,2,2,2,569409,36201,68130,39826,0.3353310608025492,0.5238402146605811
2287,0.7008,1,2,1,569411,36199,68131,39825,0.33531253473637407,0.5238477322950648
2288,0.701,4,0,4,569411,36199,68135,39821,0.33531253473637407,0.5238226782425678
2289,0.7013,0,2,0,569413,36197,68135,39821,0.335294008670199,0.5238364597858401
2290,0.7014,1,0,1,569413,36197,68136,39820,0.335294008670199,0.523830195877238
2291,0.7015,1,0,1,569413,36197,68137,39819,0.335294008670199,0.5238239318038308
2292,0.7016,0,1,0,569414,36196,68137,39819,0.3352847456371114,0.5238308228639085
2293,0.7017,5,7,5,569421,36189,68142,39814,0.33521990440549854,0.5238477428522559
2294,0.702,3,3,3,569424,36186,68145,39811,0.3351921153062359,0.5238496256431175
2295,0.7023,0,1,0,569425,36185,68145,39811,0.3351828522731483,0.5238565187641455
2296,0.7025,11,11,11,569436,36174,68156,39800,0.3350809589091852,0.5238634269618554
2297,0.7027,0,1,0,569437,36173,68156,39800,0.3350716958760977,0.5238703223513617
2298,0.7029,0,1,0,569438,36172,68156,39800,0.3350624328430101,0.5238772179223925
2299,0.703,0,2,0,569440,36170,68156,39800,0.335043906776835,0.5238910096090562
2300,0.7033,24,40,24,569480,36130,68180,39776,0.33467338545333286,0.5240165467815456
2301,0.7035,0,3,0,569483,36127,68180,39776,0.33464559635407015,0.5240372580793908
2302,0.7037,1,1,1,569484,36126,68181,39775,0.33463633332098264,0.5240378914638806
2303,0.704,1,6,1,569490,36120,68182,39774,0.3345807551224573,0.5240730492529053
2304,0.7042,0,2,0,569492,36118,68182,39774,0.3345622290562822,0.5240868602751279
2305,0.7043,1,2,1,569494,36116,68183,39773,0.3345437029901071,0.5240944010330878
2306,0.7045,0,2,0,569496,36114,68183,39773,0.33452517692393197,0.5241082135280087
2307,0.7047,0,2,0,569498,36112,68183,39773,0.3345066508577569,0.5241220267510048
2308,0.705,55,103,55,569601,36009,68238,39718,0.3335525584497388,0.524489283874972
2309,0.7053,1,0,1,569601,36009,68239,39717,0.3335525584497388,0.5244830045162824
2310,0.7054,0,1,0,569602,36008,68239,39717,0.33354329541665123,0.5244899306701882
2311,0.7057,1,3,1,569605,36005,68240,39716,0.3335155063173886,0.5245044307391609
2312,0.7058,0,1,0,569606,36004,68240,39716,0.333506243284301,0.5245113576333862
2313,0.706,5,8,5,569614,35996,68245,39711,0.33343213901960056,0.5245353798195675
2314,0.7062,0,2,0,569616,35994,68245,39711,0.3334136129534255,0.5245492371705964
2315,0.7065,1,1,1,569617,35993,68246,39710,0.3334043499203379,0.5245498857376855
2316,0.7067,31,47,31,569664,35946,68277,39679,0.33296898736522285,0.5246809917355372
2317,0.707,2,1,2,569665,35945,68279,39677,0.33295972433213533,0.5246753590225067
2318,0.7071,0,1,0,569666,35944,68279,39677,0.33295046129904776,0.5246822972454741
2319,0.7072,0,1,0,569667,35943,68279,39677,0.3329411982659602,0.5246892356519439
2320,0.7073,0,1,0,569668,35942,68279,39677,0.3329319352328727,0.5246961742419233
2321,0.7075,3,24,3,569692,35918,68282,39674,0.33270962243877134,0.5248438988252725
2322,0.708,5,6,5,569698,35912,68287,39669,0.332654044240246,0.5248541300062185
2323,0.7083,3,10,3,569708,35902,68290,39666,0.3325614139093705,0.5249047215752699
2324,0.7085,2,1,2,569709,35901,68292,39664,0.3325521508762829,0.524899093495666
2325,0.7087,1,1,1,569710,35900,68293,39663,0.33254288784319536,0.5248997525243836
2326,0.709,0,2,0,569712,35898,68293,39663,0.33252436177702027,0.5249136459284551
2327,0.7092,1,1,1,569713,35897,68294,39662,0.3325150987439327,0.5249143053772548
2328,0.7093,1,1,1,569714,35896,68295,39661,0.33250583571084513,0.5249149648609659
2329,0.7095,0,1,0,569715,35895,68295,39661,0.3324965726777576,0.5249219122240457
2330,0.7097,0,1,0,569716,35894,68295,39661,0.33248730964467005,0.5249288597710278
2331,0.71,1699,3044,1699,572760,32850,69994,37962,0.3042906369261551,0.5360955770208439
2332,0.7103,0,2,0,572762,32848,69994,37962,0.30427211085998,0.5361107188250247
2333,0.7105,0,1,0,572763,32847,69994,37962,0.30426284782689245,0.5361182900478753
2334,0.7107,3,2,3,572765,32845,69997,37959,0.3042443217607173,0.536113778882549
2335,0.7108,1,3,1,572768,32842,69998,37958,0.30421653266145465,0.5361299435028248
2336,0.711,1,1,1,572769,32841,69999,37957,0.30420726962836714,0.5361309641515297
2337,0.7114,0,1,0,572770,32840,69999,37957,0.30419800659527957,0.5361385369436558
2338,0.7115,1,1,1,572771,32839,70000,37956,0.304188743562192,0.5361395578783812
2339,0.7117,1,6,1,572777,32833,70001,37955,0.3041331653636667,0.5361784483245748
2340,0.7118,0,1,0,572778,32832,70001,37955,0.3041239023305791,0.5361860228573043
2341,0.712,0,4,0,572782,32828,70001,37955,0.3040868501982289,0.5362163231284348
2342,0.7125,9,13,9,572795,32815,70010,37946,0.3039664307680907,0.53625584714744
2343,0.7127,1,1,1,572796,32814,70011,37945,0.30395716773500314,0.5362568719173533
2344,0.7132,1,0,1,572796,32814,70012,37944,0.30395716773500314,0.5362503179852455
2345,0.7133,17,34,17,572830,32780,70029,37927,0.3036422246100263,0.5363966792538221
2346,0.7137,0,1,0,572831,32779,70029,37927,0.30363296157693875,0.536404265550307
2347,0.714,4,8,4,572839,32771,70033,37923,0.3035588573122383,0.536438735960619
2348,0.7142,0,2,0,572841,32769,70033,37923,0.3035403312460632,0.53645391274826
2349,0.7143,1,3,1,572844,32766,70034,37922,0.30351254214680057,0.5364701222272521
2350,0.7145,0,3,0,572847,32763,70034,37922,0.30348475304753786,0.5364928909952607
2351,0.715,56,85,56,572932,32678,70090,37866,0.30269739523509576,0.5367713767294171
2352,0.7152,0,1,0,572933,32677,70090,37866,0.30268813220200824,0.5367789858667763
2353,0.7153,0,1,0,572934,32676,70090,37866,0.3026788691689207,0.536786595219869
2354,0.7157,2,0,2,572934,32676,70092,37864,0.3026788691689207,0.5367734618656081
2355,0.7158,2,1,2,572935,32675,70094,37862,0.3026696061358331,0.5367679373945589
2356,0.716,5,5,5,572940,32670,70099,37857,0.30262329097039536,0.5367731507082394
2357,0.7162,0,1,0,572941,32669,70099,37857,0.3026140279373078,0.5367807617049032
2358,0.7163,1,0,1,572941,32669,70100,37856,0.3026140279373078,0.5367741935483871
2359,0.7165,1,0,1,572941,32669,70101,37855,0.3026140279373078,0.5367676252056037
2360,0.7167,30,41,30,572982,32628,70131,37825,0.30223424358071804,0.5368827445247186
2361,0.717,1,0,1,572982,32628,70132,37824,0.30223424358071804,0.5368761710100494
2362,0.7175,10,14,10,572996,32614,70142,37814,0.3021045611174923,0.5369171352303062
2363,0.718,5,9,5,573005,32605,70147,37809,0.3020211938197043,0.5369528786888971
2364,0.7183,2,7,2,573012,32598,70149,37807,0.30195635258809145,0.53699311128471
2365,0.719,0,1,0,573013,32597,70149,37807,0.3019470895550039,0.537000738594398
2366,0.7192,2,3,2,573016,32594,70151,37805,0.3019193004557412,0.537010468898706
2367,0.7197,1,0,1,573016,32594,70152,37804,0.3019193004557412,0.5370038921560272
2368,0.7198,0,1,0,573017,32593,70152,37804,0.30191003742265365,0.5370115203772888
2369,0.72,1683,2733,1683,575750,29860,71835,36121,0.2765941679943681,0.547445476728149
2370,0.7202,0,3,0,575753,29857,71835,36121,0.27656637889510544,0.5474703689108491
2371,0.7205,1,0,1,575753,29857,71836,36120,0.27656637889510544,0.5474635100110644
2372,0.7207,0,1,0,575754,29856,71836,36120,0.27655711586201787,0.5474718079301564
2373,0.7208,0,1,0,575755,29855,71836,36120,0.2765478528289303,0.5474801061007958
2374,0.721,0,1,0,575756,29854,71836,36120,0.2765385897958427,0.5474884045229939
2375,0.7213,0,1,0,575757,29853,71836,36120,0.2765293267627552,0.5474967031967624
2376,0.7214,0,1,0,575758,29852,71836,36120,0.27652006372966764,0.5475050021221124
2377,0.7215,1,1,1,575759,29851,71837,36119,0.2765108006965801,0.5475064423222678
2378,0.7217,5,5,5,575764,29846,71842,36114,0.27646448553114233,0.547513644633111
2379,0.722,5,3,5,575767,29843,71847,36109,0.2764366964318797,0.5475042455118875
2380,0.7221,1,0,1,575767,29843,71848,36108,0.2764366964318797,0.5474973844217677
2381,0.7225,7,14,7,575781,29829,71855,36101,0.27630701396865387,0.5475655998786592
2382,0.7227,1,1,1,575782,29828,71856,36100,0.27629775093556636,0.5475670428346074
2383,0.7229,1,0,1,575782,29828,71857,36099,0.27629775093556636,0.5475601801993114
2384,0.723,1,2,1,575784,29826,71858,36098,0.2762792248693912,0.547569929009162
2385,0.7232,0,1,0,575785,29825,71858,36098,0.2762699618363037,0.5475782352138101
2386,0.7233,15,34,15,575819,29791,71873,36083,0.2759550187113268,0.5477578407262349
2387,0.724,6,6,6,575825,29785,71879,36077,0.2758994405128015,0.5477665421639185
2388,0.7242,4,2,4,575827,29783,71883,36073,0.2758809144466264,0.5477557094266278
2389,0.7244,0,1,0,575828,29782,71883,36073,0.27587165141353887,0.547764027029079
2390,0.725,54,82,54,575910,29700,71937,36019,0.2751120827003594,0.5480758989029048
2391,0.7258,1,4,1,575914,29696,71938,36018,0.2750750305680092,0.5481023830538394
2392,0.726,7,9,7,575923,29687,71945,36011,0.2749916632702212,0.5481293190051447
2393,0.7262,0,1,0,575924,29686,71945,36011,0.27498240023713366,0.5481376622981262
2394,0.7265,0,1,0,575925,29685,71945,36011,0.2749731372040461,0.5481460058451048
2395,0.7267,30,41,30,575966,29644,71975,35981,0.2745933528474564,0.5482819047619047
2396,0.7271,0,1,0,575967,29643,71975,35981,0.2745840898143688,0.5482902596610996
2397,0.7272,0,1,0,575968,29642,71975,35981,0.27457482678128126,0.5482986148149277
2398,0.7275,9,11,9,575979,29631,71984,35972,0.27447293341731815,0.5483285825343354
2399,0.728,3,3,3,575982,29628,71987,35969,0.2744451443180555,0.5483330030336753
2400,0.7282,0,1,0,575983,29627,71987,35969,0.27443588128496793,0.5483413622781877
2401,0.7283,2,6,2,575989,29621,71989,35967,0.2743803030864426,0.5483777520278099
2402,0.7284,0,2,0,575991,29619,71989,35967,0.27436177702026754,0.5483944744305187
2403,0.7287,2,1,2,575992,29618,71991,35965,0.27435251398717997,0.5483890642392083
2404,0.7292,1,2,1,575994,29616,71992,35964,0.27433398792100483,0.5483989021043001
2405,0.7293,0,1,0,575995,29615,71992,35964,0.2743247248879173,0.5484072645206545
2406,0.73,1622,2515,1622,578510,27100,73614,34342,0.25102819667271853,0.5589336284626152
2407,0.7301,1,0,1,578510,27100,73615,34341,0.25102819667271853,0.558926449764815
2408,0.7305,0,1,0,578511,27099,73615,34341,0.25101893363963096,0.558935546875
2409,0.7307,0,1,0,578512,27098,73615,34341,0.2510096706065434,0.5589446442813197
2410,0.7308,1,3,1,578515,27095,73616,34340,0.25098188150728074,0.5589647595019126
2411,0.731,1,1,1,578516,27094,73617,34339,0.25097261847419317,0.5589666791463871
2412,0.7312,0,1,0,578517,27093,73617,34339,0.25096335544110565,0.5589757780961062
2413,0.7315,0,1,0,578518,27092,73617,34339,0.2509540924080181,0.5589848773420586
2414,0.7317,3,6,3,578524,27086,73620,34336,0.2508985142094928,0.559017941454202
2415,0.732,2,7,2,578531,27079,73622,34334,0.2508336729778799,0.5590672984547246
2416,0.7322,0,2,0,578533,27077,73622,34334,0.25081514691170476,0.5590855058540001
2417,0.7323,0,1,0,578534,27076,73622,34334,0.25080588387861724,0.5590946099983716
2418,0.7324,0,1,0,578535,27075,73622,34334,0.25079662084552967,0.5591037144392516
2419,0.7325,10,8,10,578543,27067,73632,34324,0.2507225165808292,0.5591047547686143
2420,0.7327,0,2,0,578545,27065,73632,34324,0.25070399051465414,0.5591229699131767
2421,0.7329,2,1,2,578546,27064,73634,34322,0.25069472748156657,0.5591177141367738
2422,0.7333,17,34,17,578580,27030,73651,34305,0.2503797843565897,0.5593054536561507
2423,0.7334,0,1,0,578581,27029,73651,34305,0.2503705213235022,0.5593145726676884
2424,0.7337,0,1,0,578582,27028,73651,34305,0.2503612582904146,0.5593236919765868
2425,0.7339,1,2,1,578584,27026,73652,34304,0.25034273222423953,0.5593347464536116
2426,0.734,4,5,4,578589,27021,73656,34300,0.25029641705880173,0.5593516087474112
2427,0.7342,1,5,1,578594,27016,73657,34299,0.25025010189336394,0.5593900350648292
2428,0.7343,0,1,0,578595,27015,73657,34299,0.2502408388602764,0.5593991584303748
2429,0.7347,1,0,1,578595,27015,73658,34298,0.2502408388602764,0.5593919723386558
2430,0.7348,0,1,0,578596,27014,73658,34298,0.25023157582718886,0.5594010960334029
2431,0.735,56,62,56,578658,26952,73714,34242,0.2496572677757605,0.5595646632022747
2432,0.7353,1,0,1,578658,26952,73715,34241,0.2496572677757605,0.5595574657232036
2433,0.7356,0,1,0,578659,26951,73715,34241,0.24964800474267293,0.559566610014381
2434,0.7357,1,1,1,578660,26950,73716,34240,0.2496387417095854,0.5595685569537506
2435,0.7358,1,4,1,578664,26946,73717,34239,0.24960168957723516,0.5595979406717333
2436,0.736,5,6,5,578670,26940,73722,34234,0.24954611137870986,0.5596168306797005
2437,0.7367,21,49,21,578719,26891,73743,34213,0.24909222275741968,0.5599142445666405
2438,0.7368,1,0,1,578719,26891,73744,34212,0.24909222275741968,0.5599070422074203
2439,0.737,0,1,0,578720,26890,73744,34212,0.24908295972433214,0.5599162056888481
2440,0.7371,0,3,0,578723,26887,73744,34212,0.24905517062506946,0.559943697932863
2441,0.7373,2,0,2,578723,26887,73746,34210,0.24905517062506946,0.5599292927639655
2442,0.7374,0,2,0,578725,26885,73746,34210,0.24903664455889438,0.5599476225550373
2443,0.7375,17,15,17,578740,26870,73763,34193,0.24889769906258105,0.5599626615135188
2444,0.7378,1,0,1,578740,26870,73764,34192,0.24889769906258105,0.5599554551111985
2445,0.7379,0,1,0,578741,26869,73764,34192,0.2488884360294935,0.559964625538396
2446,0.738,6,1,6,578742,26868,73770,34186,0.24887917299640594,0.5599305532807023
2447,0.7383,6,8,6,578750,26860,73776,34180,0.24880506873170552,0.5599606815203145
2448,0.7385,0,2,0,578752,26858,73776,34180,0.2487865426655304,0.5599790294570596
2449,0.7387,0,1,0,578753,26857,73776,34180,0.24877727963244284,0.5599882038763373
2450,0.739,1,1,1,578754,26856,73777,34179,0.2487680165993553,0.5599901695748342
2451,0.7392,2,4,2,578758,26852,73779,34177,0.24873096446700507,0.5600124530960691
2452,0.7398,1,0,1,578758,26852,73780,34176,0.24873096446700507,0.5600052434947893
2453,0.74,1640,2381,1640,581139,24471,75420,32536,0.22667568268553856,0.5707369270440472
2454,0.7405,0,1,0,581140,24470,75420,32536,0.226666419652451,0.5707469389187103
2455,0.7408,1,3,1,581143,24467,75421,32535,0.22663863055318834,0.5707694466860812
2456,0.741,2,3,2,581146,24464,75423,32533,0.22661084145392568,0.570784427250557
2457,0.7414,0,1,0,581147,24463,75423,32533,0.2266015784208381,0.5707944417152081
2458,0.7417,5,2,5,581149,24461,75428,32528,0.226583052354663,0.570776816578638
2459,0.742,6,4,6,581153,24457,75434,32522,0.2265460002223128,0.5707716878148089
2460,0.7421,0,1,0,581154,24456,75434,32522,0.22653673718922523,0.5707817052195584
2461,0.7425,10,10,10,581164,24446,75444,32512,0.2264441068583497,0.5708065592190738
2462,0.7427,1,1,1,581165,24445,75445,32511,0.22643484382526213,0.5708090455790434
2463,0.7429,1,0,1,581165,24445,75446,32510,0.22643484382526213,0.5708015099640067
2464,0.743,1,0,1,581165,24445,75447,32509,0.22643484382526213,0.5707939740843487
2465,0.7433,17,36,17,581201,24409,75464,32492,0.2261013746341102,0.5710268712324915
2466,0.7435,0,1,0,581202,24408,75464,32492,0.22609211160102263,0.57103690685413
2467,0.744,5,3,5,581205,24405,75469,32487,0.22606432250175998,0.5710293187091331
2468,0.7442,3,0,3,581205,24405,75472,32484,0.22606432250175998,0.5710066972525444
2469,0.7443,0,1,0,581206,24404,75472,32484,0.2260550594686724,0.5710167346364787
2470,0.7445,0,1,0,581207,24403,75472,32484,0.22604579643558487,0.5710267723733015
2471,0.7447,1,1,1,581208,24402,75473,32483,0.22603653340249732,0.5710292695789752
2472,0.7449,1,0,1,581208,24402,75474,32482,0.22603653340249732,0.5710217284297869
2473,0.745,57,65,57,581273,24337,75531,32425,0.22543443625180629,0.5712448469046193
2474,0.7453,1,0,1,581273,24337,75532,32424,0.22543443625180629,0.5712372932118884
2475,0.7457,1,1,1,581274,24336,75533,32423,0.22542517321871874,0.5712398033791998
2476,0.7458,0,1,0,581275,24335,75533,32423,0.22541591018563117,0.5712498678600374
2477,0.746,3,6,3,581281,24329,75536,32420,0.22536033198710587,0.5712875997814939
2478,0.7462,2,0,2,581281,24329,75538,32418,0.22536033198710587,0.5712724901756921
2479,0.7467,18,32,18,581313,24297,75556,32400,0.22506391492830413,0.5714588073443039
2480,0.7475,13,10,13,581323,24287,75569,32387,0.22497128459742857,0.571461340297138
2481,0.748,3,2,3,581325,24285,75572,32384,0.22495275853125346,0.5714588222837883
2482,0.7483,3,6,3,581331,24279,75575,32381,0.22489718033272815,0.5714966466643134
2483,0.7485,1,0,1,581331,24279,75576,32380,0.22489718033272815,0.5714890838172223
2484,0.749,0,1,0,581332,24278,75576,32380,0.22488791729964058,0.5714991704613647
2485,0.7493,1,0,1,581332,24278,75577,32379,0.22488791729964058,0.5714916073918492
2486,0.75,1652,2335,1652,583667,21943,77229,30727,0.20325873504020156,0.5833871273970002
2487,0.7507,0,2,0,583669,21941,77229,30727,0.20324020897402645,0.5834092807777018
2488,0.7508,0,1,0,583670,21940,77229,30727,0.2032309459409389,0.5834203580989994
2489,0.751,0,2,0,583672,21938,77229,30727,0.2032124198747638,0.5834425140036077
2490,0.7515,0,1,0,583673,21937,77229,30727,0.20320315684167622,0.5834535925869664
2491,0.7517,5,3,5,583676,21934,77234,30722,0.20317536774241357,0.5834472804618657
2492,0.752,4,2,4,583678,21932,77238,30718,0.20315684167623846,0.5834377967711301
2493,0.7522,1,0,1,583678,21932,77239,30717,0.20315684167623846,0.5834298847081616
2494,0.7525,11,10,11,583688,21922,77250,30706,0.20306421134536293,0.5834536748498897
2495,0.7527,2,1,2,583689,21921,77252,30704,0.20305494831227539,0.5834489311163895
2496,0.7528,2,1,2,583690,21920,77254,30702,0.20304568527918782,0.5834441868420053
2497,0.7533,18,17,18,583707,21903,77272,30684,0.2028882137166994,0.5834902162131326
2498,0.7535,0,1,0,583708,21902,77272,30684,0.20287895068361184,0.5835013121363101
2499,0.7537,0,1,0,583709,21901,77272,30684,0.2028696876505243,0.5835124084815061
2500,0.7538,0,2,0,583711,21899,77272,30684,0.20285116158434918,0.5835346024380503
2501,0.754,2,4,2,583715,21895,77274,30682,0.20281410945199896,0.5835631549917264
2502,0.7542,3,0,3,583715,21895,77277,30679,0.20281410945199896,0.5835393920949519
2503,0.7543,0,1,0,583716,21894,77277,30679,0.20280484641891142,0.583550491697259
2504,0.7548,0,1,0,583717,21893,77277,30679,0.20279558338582385,0.5835615917218291
2505,0.755,52,80,52,583797,21813,77329,30627,0.2020545407388195,0.5840389016018307
2506,0.7553,1,0,1,583797,21813,77330,30626,0.2020545407388195,0.5840309693167299
2507,0.7556,0,1,0,583798,21812,77330,30626,0.20204527770573197,0.5840421068690644
2508,0.7557,4,4,4,583802,21808,77334,30622,0.20200822557338174,0.5840549303833683
2509,0.7558,1,2,1,583804,21806,77335,30621,0.20198969950720663,0.5840692772807904
2510,0.756,4,5,4,583809,21801,77339,30617,0.20194338434176887,0.5840932504101645
2511,0.7562,0,2,0,583811,21799,77339,30617,0.20192485827559375,0.5841155372405372
2512,0.7563,1,1,1,583812,21798,77340,30616,0.2019155952425062,0.5841187468996832
2513,0.7566,0,1,0,583813,21797,77340,30616,0.20190633220941864,0.5841298914391467
2514,0.7567,25,31,25,583844,21766,77365,30591,0.20161917818370448,0.5842771740168459
2515,0.7568,0,1,0,583845,21765,77365,30591,0.2016099151506169,0.5842883337153335
2516,0.7575,8,15,8,583860,21750,77373,30583,0.2014709696543036,0.584392257275524
2517,0.7578,2,0,2,583860,21750,77375,30581,0.2014709696543036,0.5843763734688808
2518,0.758,4,3,4,583863,21747,77379,30577,0.20144318055504093,0.5843781056494152
2519,0.7583,3,5,3,583868,21742,77382,30574,0.20139686538960316,0.5844101230980961
2520,0.7585,1,3,1,583871,21739,77383,30573,0.2013690762903405,0.584435693531121
2521,0.7587,0,1,0,583872,21738,77383,30573,0.20135981325725297,0.584446865859953
2522,0.7588,0,1,0,583873,21737,77383,30573,0.2013505502241654,0.5844580386159434
2523,0.759,0,1,0,583874,21736,77383,30573,0.20134128719107786,0.5844692117991168
2524,0.7592,0,1,0,583875,21735,77383,30573,0.20133202415799029,0.5844803854094975
2525,0.7593,1,2,1,583877,21733,77384,30572,0.20131349809181517,0.5844947901730236
2526,0.7595,1,0,1,583877,21733,77385,30571,0.20131349809181517,0.5844868461303151
2527,0.76,1610,2075,1610,585952,19658,78995,28961,0.18209270443514025,0.5956724737242641
2528,0.7608,1,2,1,585954,19656,78996,28960,0.18207417836896514,0.5956886621688333
2529,0.761,1,1,1,585955,19655,78997,28959,0.18206491533587757,0.5956925988398404
2530,0.7615,0,1,0,585956,19654,78997,28959,0.18205565230279003,0.5957048526114413
2531,0.7617,5,10,5,585966,19644,79002,28954,0.1819630219719145,0.5957858348080168
2532,0.762,2,3,2,585969,19641,79004,28952,0.18193523287265181,0.5958059802852262
2533,0.7623,0,1,0,585970,19640,79004,28952,0.18192596983956427,0.5958182416858743
2534,0.7625,6,10,6,585980,19630,79010,28946,0.1818333395086887,0.5958909749670619
2535,0.7627,1,1,1,585981,19629,79011,28945,0.18182407647560117,0.5958949232099477
2536,0.7628,0,1,0,585982,19628,79011,28945,0.18181481344251363,0.5959071912379306
2537,0.7629,0,1,0,585983,19627,79011,28945,0.18180555040942606,0.5959194597710615
2538,0.7633,24,23,24,586006,19604,79035,28921,0.1815925006484123,0.5960020607934055
2539,0.7635,1,2,1,586008,19602,79036,28920,0.1815739745822372,0.5960183009768765
2540,0.764,6,4,6,586012,19598,79042,28914,0.18153692244988698,0.5960174802110818
2541,0.7642,1,2,1,586014,19596,79043,28913,0.1815183963837119,0.5960337257003855
2542,0.7643,0,3,0,586017,19593,79043,28913,0.1814906072844492,0.5960705892054591
2543,0.7647,0,1,0,586018,19592,79043,28913,0.18148134425136167,0.5960828780538089
2544,0.765,52,59,52,586077,19533,79095,28861,0.18093482529919597,0.5963755837500516
2545,0.7655,0,1,0,586078,19532,79095,28861,0.18092556226610843,0.5963879073419709
2546,0.7657,3,0,3,586078,19532,79098,28858,0.18092556226610843,0.596362884893573
2547,0.7658,3,3,3,586081,19529,79101,28855,0.18089777316684574,0.5963748346560847
2548,0.766,4,3,4,586084,19526,79105,28851,0.1808699840675831,0.5963784443020443
2549,0.7662,1,1,1,586085,19525,79106,28850,0.18086072103449555,0.5963824289405685
2550,0.7665,0,1,0,586086,19524,79106,28850,0.18085145800140798,0.5963947575143672
2551,0.7667,21,22,21,586108,19502,79127,28829,0.1806476712734818,0.596490865076245
2552,0.7668,0,1,0,586109,19501,79127,28829,0.18063840824039423,0.5965032071177323
2553,0.7671,1,0,1,586109,19501,79128,28828,0.18063840824039423,0.596494858159697
2554,0.7673,0,1,0,586110,19500,79128,28828,0.1806291452073067,0.5965072007945704
2555,0.7675,13,16,13,586126,19484,79141,28815,0.18048093667790582,0.5965962028199342
2556,0.7678,0,1,0,586127,19483,79141,28815,0.18047167364481825,0.5966085552196778
2557,0.7679,1,0,1,586127,19483,79142,28814,0.18047167364481825,0.5966002029111539
2558,0.768,5,4,5,586131,19479,79147,28809,0.18043462151246803,0.5966078528827038
2559,0.7683,7,7,7,586138,19472,79154,28802,0.18036978028085515,0.5966358702407093
2560,0.7685,1,0,1,586138,19472,79155,28801,0.18036978028085515,0.5966275143454933
2561,0.7687,0,1,0,586139,19471,79155,28801,0.1803605172477676,0.5966398740470666
2562,0.769,1,1,1,586140,19470,79156,28800,0.18035125421468007,0.5966438781852083
2563,0.7692,2,2,2,586142,19468,79158,28798,0.18033272814850496,0.596651887457009
2564,0.7693,1,0,1,586142,19468,79159,28797,0.18033272814850496,0.5966435305086502
2565,0.77,1615,1911,1615,588053,17557,80774,27182,0.1626310719181889,0.6075683408212075
2566,0.7702,1,2,1,588055,17555,80775,27181,0.1626125458520138,0.607586731044349
2567,0.7705,1,1,1,588056,17554,80776,27180,0.16260328281892622,0.6075915411096705
2568,0.7707,1,0,1,588056,17554,80777,27179,0.16260328281892622,0.6075827688730915
2569,0.7708,0,2,0,588058,17552,80777,27179,0.1625847567527511,0.6076099349444457
2570,0.7709,0,1,0,588059,17551,80777,27179,0.16257549371966357,0.6076235188911245
2571,0.771,1,1,1,588060,17550,80778,27178,0.16256623068657602,0.6076283312466464
2572,0.7712,1,1,1,588061,17549,80779,27177,0.16255696765348845,0.6076331440325538
2573,0.7714,0,1,0,588062,17548,80779,27177,0.1625477046204009,0.6076467300167692
2574,0.7715,1,0,1,588062,17548,80780,27176,0.1625477046204009,0.6076379572489043
2575,0.7717,2,6,2,588068,17542,80782,27174,0.16249212642187558,0.6077019411396368
2576,0.7718,1,1,1,588069,17541,80783,27173,0.16248286338878803,0.6077067585096391
2577,0.772,2,2,2,588071,17539,80785,27171,0.16246433732261292,0.607716394542608
2578,0.7725,10,10,10,588081,17529,80795,27161,0.16237170699173736,0.6077646005817856
2579,0.7727,0,1,0,588082,17528,80795,27161,0.16236244395864982,0.6077782004520128
2580,0.7728,1,0,1,588082,17528,80796,27160,0.16236244395864982,0.6077694235588973
2581,0.7729,1,0,1,588082,17528,80797,27159,0.16236244395864982,0.6077606462729653
2582,0.773,0,1,0,588083,17527,80797,27159,0.16235318092556228,0.6077742469677304
2583,0.7733,24,31,24,588114,17496,80821,27135,0.1620660268998481,0.6079854809437386
2584,0.7735,1,1,1,588115,17495,80822,27134,0.16205676386676054,0.6079903201953887
2585,0.7736,0,1,0,588116,17494,80822,27134,0.16204750083367297,0.6080039437124675
2586,0.7738,0,1,0,588117,17493,80822,27134,0.16203823780058543,0.6080175678400968
2587,0.774,5,3,5,588120,17490,80827,27129,0.16201044870132275,0.6080145229610704
2588,0.7742,1,2,1,588122,17488,80828,27128,0.16199192263514764,0.6080329926483773
2589,0.7743,1,1,1,588123,17487,80829,27127,0.1619826596020601,0.6080378356569687
2590,0.7745,0,2,0,588125,17485,80829,27127,0.16196413353588499,0.608065094593383
2591,0.775,40,48,40,588173,17437,80869,27087,0.16151950794768238,0.608368520348576
2592,0.7752,1,1,1,588174,17436,80870,27086,0.16151024491459484,0.6083733884371771
2593,0.7753,0,1,0,588175,17435,80870,27086,0.16150098188150727,0.6083870533006895
2594,0.7755,0,1,0,588176,17434,80870,27086,0.16149171884841973,0.6084007187780772
2595,0.7758,1,2,1,588178,17432,80871,27085,0.16147319278224462,0.6084192555652896
2596,0.776,4,2,4,588180,17430,80875,27081,0.1614546667160695,0.6084114039226258
2597,0.7767,26,23,26,588203,17407,80901,27055,0.16124161695505576,0.6084971436282668
2598,0.7768,0,2,0,588205,17405,80901,27055,0.16122309088888065,0.6085245164192533
2599,0.777,1,2,1,588207,17403,80902,27054,0.16120456482270554,0.6085430865780417
2600,0.7771,0,1,0,588208,17402,80902,27054,0.161195301789618,0.608556775238438
2601,0.7773,0,1,0,588209,17401,80902,27054,0.16118603875653043,0.6085704645146778
2602,0.7775,10,13,10,588222,17388,80912,27044,0.16106561932639224,0.6086604249189773
2603,0.7777,0,1,0,588223,17387,80912,27044,0.16105635629330467,0.6086741239224865
2604,0.778,3,2,3,588225,17385,80915,27041,0.16103783022712956,0.6086751001665691
2605,0.7783,2,5,2,588230,17380,80917,27039,0.1609915150616918,0.6087259956324996
2606,0.7785,0,1,0,588231,17379,80917,27039,0.16098225202860425,0.6087397001215723
2607,0.7787,0,1,0,588232,17378,80917,27039,0.16097298899551668,0.6087534052277281
2608,0.7788,0,2,0,588234,17376,80917,27039,0.1609544629293416,0.6087808172914556
2609,0.779,2,1,2,588235,17375,80919,27037,0.16094519989625403,0.6087769071422138
2610,0.78,1512,1714,1512,589949,15661,82431,25525,0.14506836118418615,0.6197494294177633
2611,0.7802,1,1,1,589950,15660,82432,25524,0.1450590981510986,0.6197552447552448
2612,0.7807,0,1,0,589951,15659,82432,25524,0.14504983511801103,0.6197702935677343
2613,0.7808,2,1,2,589952,15658,82434,25522,0.1450405720849235,0.6197668771248179
2614,0.7812,0,1,0,589953,15657,82434,25522,0.14503130905183592,0.6197819276815852
2615,0.7815,0,1,0,589954,15656,82434,25522,0.14502204601874838,0.6197969789693526
2616,0.7817,4,6,4,589960,15650,82438,25518,0.14496646782022304,0.6198503692188108
2617,0.7818,0,2,0,589962,15648,82438,25518,0.14494794175404793,0.619880483894476
2618,0.782,2,0,2,589962,15648,82440,25516,0.14494794175404793,0.6198620153532213
2619,0.7825,8,11,8,589973,15637,82448,25508,0.14484604839008486,0.6199538218495565
2620,0.783,3,1,3,589974,15636,82451,25505,0.1448367853569973,0.6199411779003914
2621,0.7833,23,17,23,589991,15619,82474,25482,0.14467931379450888,0.6199849152088757
2622,0.7835,1,3,1,589994,15616,82475,25481,0.14465152469524623,0.6200209261016619
2623,0.784,6,4,6,589998,15612,82481,25475,0.144614472562896,0.6200257989144985
2624,0.7842,1,0,1,589998,15612,82482,25474,0.144614472562896,0.6200165506498564
2625,0.7847,1,0,1,589998,15612,82483,25473,0.144614472562896,0.6200073019350127
2626,0.7848,1,0,1,589998,15612,82484,25472,0.144614472562896,0.6199980527699348
2627,0.785,48,40,48,590038,15572,82532,25424,0.14424395123939382,0.6201580642013855
2628,0.7855,1,0,1,590038,15572,82533,25423,0.14424395123939382,0.6201487986339798
2629,0.7857,0,1,0,590039,15571,82533,25423,0.14423468820630628,0.6201639264282578
2630,0.7858,0,1,0,590040,15570,82533,25423,0.1442254251732187,0.620179054960603
2631,0.786,2,2,2,590042,15568,82535,25421,0.14420689910704362,0.6201907828929712
2632,0.7863,1,1,1,590043,15567,82536,25420,0.14419763607395605,0.620196647717569
2633,0.7867,24,16,24,590059,15551,82560,25396,0.1440494275445552,0.6202163772681759
2634,0.7868,1,0,1,590059,15551,82561,25395,0.1440494275445552,0.6202071020368289
2635,0.7873,1,0,1,590059,15551,82562,25394,0.1440494275445552,0.6201978263524239
2636,0.7875,7,10,7,590069,15541,82569,25387,0.14395679721367965,0.6202844018764659
2637,0.7877,0,1,0,590070,15540,82569,25387,0.14394753418059208,0.6202995577491631
2638,0.788,5,8,5,590078,15532,82574,25382,0.14387342991589167,0.6203744439556143
2639,0.7883,3,7,3,590085,15525,82577,25379,0.1438085886842788,0.6204527674555056
2640,0.7888,0,1,0,590086,15524,82577,25379,0.14379932565119122,0.620467936337188
2641,0.789,1,0,1,590086,15524,82578,25378,0.14379932565119122,0.6204586572783727
2642,0.7891,1,0,1,590086,15524,82579,25377,0.14379932565119122,0.6204493777658248
2643,0.7892,1,0,1,590086,15524,82580,25376,0.14379932565119122,0.620440097799511
2644,0.7893,2,1,2,590087,15523,82582,25374,0.14379006261810368,0.6204367068489132
2645,0.7895,0,1,0,590088,15522,82582,25374,0.1437807995850161,0.6204518779342723
2646,0.7897,0,1,0,590089,15521,82582,25374,0.14377153655192856,0.6204670497615845
2647,0.79,1587,1666,1587,591755,13855,84169,23787,0.12833932342806328,0.6319271027044259
2648,0.7902,1,0,1,591755,13855,84170,23786,0.12833932342806328,0.6319173241943625
2649,0.7903,1,0,1,591755,13855,84171,23785,0.12833932342806328,0.6319075451647184
2650,0.7905,0,1,0,591756,13854,84171,23785,0.12833006039497574,0.6319243338027046
2651,0.7906,1,0,1,591756,13854,84172,23784,0.12833006039497574,0.631914554439662
2652,0.7908,0,1,0,591757,13853,84172,23784,0.12832079736188817,0.6319313441560167
2653,0.791,1,0,1,591757,13853,84173,23783,0.12832079736188817,0.63192156445956
2654,0.7912,1,1,1,591758,13852,84174,23782,0.12831153432880063,0.631928575224531
2655,0.7915,0,1,0,591759,13851,84174,23782,0.12830227129571306,0.6319453670980256
2656,0.7917,0,6,0,591765,13845,84174,23782,0.12824669309718775,0.6320461370824142
2657,0.7918,0,1,0,591766,13844,84174,23782,0.12823743006410018,0.63206293520438
2658,0.792,4,1,4,591767,13843,84178,23778,0.12822816703101264,0.63204061561362
2659,0.7925,3,8,3,591775,13835,84181,23775,0.1281540627663122,0.6321457059292741
2660,0.7927,1,0,1,591775,13835,84182,23774,0.1281540627663122,0.6321359249115903
2661,0.7932,0,1,0,591776,13834,84182,23774,0.12814479973322465,0.6321527334609658
2662,0.7933,14,17,14,591793,13817,84196,23760,0.12798732817073621,0.6323016738962663
2663,0.7938,1,0,1,591793,13817,84197,23759,0.12798732817073621,0.6322918884394294
2664,0.794,5,4,5,591797,13813,84202,23754,0.12795027603838602,0.6323102723134666
2665,0.7942,2,0,2,591797,13813,84204,23752,0.12795027603838602,0.6322906961267137
2666,0.7943,2,1,2,591798,13812,84206,23750,0.12794101300529845,0.6322879505883606
2667,0.7947,0,1,0,591799,13811,84206,23750,0.1279317499722109,0.6323047842176726
2668,0.795,52,23,52,591822,13788,84258,23698,0.12771870021119716,0.6321826815344396
2669,0.7955,0,1,0,591823,13787,84258,23698,0.1277094371781096,0.6321995464852608
2670,0.7957,0,2,0,591825,13785,84258,23698,0.12769091111193448,0.6322332790865193
2671,0.7958,1,1,1,591826,13784,84259,23697,0.12768164807884694,0.6322403351031189
2672,0.796,4,5,4,591831,13779,84263,23693,0.12763533291340917,0.6322854397950469
2673,0.7963,0,1,0,591832,13778,84263,23693,0.1276260698803216,0.6323023137893304
2674,0.7965,2,0,2,591832,13778,84265,23691,0.1276260698803216,0.6322826870212709
2675,0.7967,21,17,21,591849,13761,84286,23670,0.1274685983178332,0.6323635489300312
2676,0.7975,6,7,6,591856,13754,84292,23664,0.12740375708622032,0.6324228980704474
2677,0.7976,0,1,0,591857,13753,84292,23664,0.12739449405313275,0.6324398000908678
2678,0.7977,1,1,1,591858,13752,84293,23663,0.1273852310200452,0.6324468795937458
2679,0.798,2,4,2,591862,13748,84295,23661,0.12734817888769498,0.6324948541794755
2680,0.7983,2,3,2,591865,13745,84297,23659,0.12732038978843233,0.6325259330552883
2681,0.7986,2,0,2,591865,13745,84299,23657,0.12732038978843233,0.632506283086466
2682,0.799,0,1,0,591866,13744,84299,23657,0.12731112675534478,0.6325231945669901
2683,0.7992,1,1,1,591867,13743,84300,23656,0.1273018637222572,0.6325302815583305
2684,0.8,1503,1405,1503,593272,12338,85803,22153,0.11428730223424358,0.6422834942448755
2685,0.8008,3,2,3,593274,12336,85806,22150,0.11426877616806848,0.6422896247752711
2686,0.8012,0,2,0,593276,12334,85806,22150,0.11425025010189337,0.6423268762324557
2687,0.8015,1,0,1,593276,12334,85807,22149,0.11425025010189337,0.6423165037844735
2688,0.8017,5,3,5,593279,12331,85812,22144,0.1142224610026307,0.6423205221174765
2689,0.8018,2,5,2,593284,12326,85814,22142,0.11417614583719293,0.6423929441801091
2690,0.802,4,1,4,593285,12325,85818,22138,0.11416688280410538,0.6423700780547253
2691,0.8025,12,6,12,593291,12319,85830,22126,0.11411130460558006,0.6423573813325592
2692,0.8027,0,1,0,593292,12318,85830,22126,0.1141020415724925,0.6423760306584602
2693,0.803,1,2,1,593294,12316,85831,22125,0.11408351550631739,0.6424029499724166
2694,0.8033,19,20,19,593314,12296,85850,22106,0.11389825484456631,0.6425789198302424
2695,0.804,2,2,2,593316,12294,85852,22104,0.1138797287783912,0.6425954997383568
2696,0.8041,1,0,1,593316,12294,85853,22103,0.1138797287783912,0.642585109166497
2697,0.8043,1,1,1,593317,12293,85854,22102,0.11387046574530364,0.642593400203518
2698,0.8045,0,1,0,593318,12292,85854,22102,0.11386120271221609,0.6426120835029365
2699,0.805,57,45,57,593363,12247,85911,22045,0.11344436622327615,0.6428613087600606
2700,0.8053,2,0,2,593363,12247,85913,22043,0.11344436622327615,0.6428404782735492
2701,0.8057,1,2,1,593365,12245,85914,22042,0.11342584015710104,0.6428675591331992
2702,0.8058,1,1,1,593366,12244,85915,22041,0.11341657712401348,0.6428758932477759
2703,0.806,4,5,4,593371,12239,85919,22037,0.11337026195857572,0.6429279962656086
2704,0.8062,1,0,1,593371,12239,85920,22036,0.11337026195857572,0.6429175784099198
2705,0.8067,23,18,23,593389,12221,85943,22013,0.11320352736299974,0.6430157153706841
2706,0.8069,1,0,1,593389,12221,85944,22012,0.11320352736299974,0.6430052872958841
2707,0.8071,0,1,0,593390,12220,85944,22012,0.11319426432991218,0.6430240710446365
2708,0.8072,1,0,1,593390,12220,85945,22011,0.11319426432991218,0.6430136426046565
2709,0.8075,7,8,7,593398,12212,85952,22004,0.11312016006521175,0.6430909516015899
2710,0.8078,1,1,1,593399,12211,85953,22003,0.1131108970321242,0.6430993160694453
2711,0.808,3,2,3,593401,12209,85956,22000,0.1130923709659491,0.6431056154813061
2712,0.8083,2,1,2,593402,12208,85958,21998,0.11308310793286154,0.6431035490849558
2713,0.8087,0,1,0,593403,12207,85958,21998,0.11307384489977398,0.6431223505335477
2714,0.809,3,0,3,593403,12207,85961,21995,0.11307384489977398,0.643091047307175
2715,0.8092,1,1,1,593404,12206,85962,21994,0.11306458186668643,0.6430994152046784
2716,0.8093,1,1,1,593405,12205,85963,21993,0.11305531883359887,0.6431077840809404
2717,0.8098,1,0,1,593405,12205,85964,21992,0.11305531883359887,0.6430973477205603
2718,0.81,1524,1344,1524,594749,10861,87488,20468,0.10060580236392605,0.6533243959270963
2719,0.8105,1,0,1,594749,10861,87489,20467,0.10060580236392605,0.6533133299284984
2720,0.8106,0,1,0,594750,10860,87489,20467,0.1005965393308385,0.6533341845692214
2721,0.8107,2,0,2,594750,10860,87491,20465,0.1005965393308385,0.6533120510774142
2722,0.8108,1,1,1,594751,10859,87492,20464,0.10058727629775094,0.6533218401813364
2723,0.811,0,1,0,594752,10858,87492,20464,0.10057801326466338,0.6533426984228338
2724,0.8112,0,2,0,594754,10856,87492,20464,0.10055948719848827,0.6533844189016603
2725,0.8113,0,1,0,594755,10855,87492,20464,0.10055022416540071,0.6534052811392446
2726,0.8117,2,3,2,594758,10852,87494,20462,0.10052243506613806,0.6534457431180941
2727,0.812,4,1,4,594759,10851,87498,20458,0.1005131720330505,0.6534223386246766
2728,0.8121,1,1,1,594760,10850,87499,20457,0.10050390899996295,0.6534321397770466
2729,0.8123,0,1,0,594761,10849,87499,20457,0.10049464596687539,0.6534530122021338
2730,0.8125,8,8,8,594769,10841,87507,20449,0.10042054170217496,0.6535314797059764
2731,0.8127,0,1,0,594770,10840,87507,20449,0.1004112786690874,0.6535523666464252
2732,0.8129,0,1,0,594771,10839,87507,20449,0.10040201563599985,0.6535732549220148
2733,0.813,1,0,1,594771,10839,87508,20448,0.10040201563599985,0.6535621823760668
2734,0.8133,21,15,21,594786,10824,87529,20427,0.10026307013968654,0.6536430834213305
2735,0.814,2,2,2,594788,10822,87531,20425,0.10024454407351142,0.6536627516241559
2736,0.8142,2,1,2,594789,10821,87533,20423,0.10023528104042388,0.6536615030085776
2737,0.815,31,31,31,594820,10790,87564,20392,0.0999481270147097,0.6539670322622025
2738,0.8151,0,1,0,594821,10789,87564,20392,0.09993886398162215,0.6539880055161797
2739,0.8153,0,1,0,594822,10788,87564,20392,0.09992960094853459,0.6540089801154586
2740,0.8155,3,0,3,594822,10788,87567,20389,0.09992960094853459,0.6539756872053116
2741,0.8157,0,2,0,594824,10786,87567,20389,0.09991107488235948,0.6540176423416199
2742,0.8158,0,1,0,594825,10785,87567,20389,0.09990181184927192,0.6540386219285302
2743,0.816,6,3,6,594828,10782,87573,20383,0.09987402275000927,0.65403497513236
2744,0.8167,23,16,23,594844,10766,87596,20360,0.0997258142206084,0.6541155304247253
2745,0.817,1,0,1,594844,10766,87597,20359,0.0997258142206084,0.6541044176706827
2746,0.8171,2,1,2,594845,10765,87599,20357,0.09971655118752085,0.6541032067347857
2747,0.8173,1,0,1,594845,10765,87600,20356,0.09971655118752085,0.6540920921564217
2748,0.8175,5,4,5,594849,10761,87605,20351,0.09967949905517062,0.6541205965543841
2749,0.8177,1,0,1,594849,10761,87606,20350,0.09967949905517062,0.6541094789624249
2750,0.818,1,2,1,594851,10759,87607,20349,0.09966097298899551,0.6541404140414041
2751,0.8182,0,1,0,594852,10758,87607,20349,0.09965170995590797,0.6541614427620793
2752,0.8183,2,4,2,594856,10754,87609,20347,0.09961465782355775,0.6542233368701971
2753,0.8185,0,1,0,594857,10753,87609,20347,0.09960539479047019,0.6542443729903537
2754,0.8187,1,0,1,594857,10753,87610,20346,0.09960539479047019,0.6542332550885881
2755,0.819,0,1,0,594858,10752,87610,20346,0.09959613175738263,0.6542542928805711
2756,0.8192,0,1,0,594859,10751,87610,20346,0.09958686872429508,0.6542753320255973
2757,0.8196,1,0,1,594859,10751,87611,20345,0.09958686872429508,0.6542642140468228
2758,0.8197,0,1,0,594860,10750,87611,20345,0.09957760569120754,0.654285254864126
2759,0.8198,0,1,0,594861,10749,87611,20345,0.09956834265811998,0.6543062970347977
2760,0.82,1523,1284,1523,596145,9465,89134,18822,0.0876746081737004,0.6653939972425496
2761,0.8202,1,0,1,596145,9465,89135,18821,0.0876746081737004,0.6653821678568903
2762,0.8207,0,1,0,596146,9464,89135,18821,0.08766534514061285,0.6654056920629309
2763,0.8208,1,2,1,596148,9462,89136,18820,0.08764681907443773,0.6654409164839827
2764,0.821,1,0,1,596148,9462,89137,18819,0.08764681907443773,0.6654290866659595
2765,0.8215,1,1,1,596149,9461,89138,18818,0.08763755604135018,0.6654407864493087
2766,0.8217,5,3,5,596152,9458,89143,18813,0.08760976694208751,0.6654522302005589
2767,0.822,5,0,5,596152,9458,89148,18808,0.08760976694208751,0.665393051722918
2768,0.8225,9,11,9,596163,9447,89157,18799,0.08750787357812442,0.6655455639736599
2769,0.8229,0,1,0,596164,9446,89157,18799,0.08749861054503687,0.6655691272791645
2770,0.8233,21,11,21,596175,9435,89178,18778,0.08739671718107377,0.6655796973026619
2771,0.8235,1,0,1,596175,9435,89179,18777,0.08739671718107377,0.6655678434708635
2772,0.8238,0,1,0,596176,9434,89179,18777,0.08738745414798621,0.6655914359646946
2773,0.824,2,0,2,596176,9434,89181,18775,0.08738745414798621,0.6655677266120742
2774,0.8243,0,3,0,596179,9431,89181,18775,0.08735966504872356,0.6656385166276678
2775,0.8245,0,1,0,596180,9430,89181,18775,0.087350402015636,0.6656621166459847
2776,0.8247,1,0,1,596180,9430,89182,18774,0.087350402015636,0.6656502623741313
2777,0.8248,0,1,0,596181,9429,89182,18774,0.08734113898254844,0.6656738644825019
2778,0.825,46,17,46,596198,9412,89228,18728,0.08718366742006002,0.6655294953802416
2779,0.8252,0,1,0,596199,9411,89228,18728,0.08717440438697246,0.6655531468779985
2780,0.8257,1,1,1,596200,9410,89229,18727,0.08716514135388492,0.665564914525358
2781,0.8258,1,2,1,596202,9408,89230,18726,0.08714661528770981,0.6656003412241416
2782,0.826,3,4,3,596206,9404,89233,18723,0.08710956315535959,0.6656593308920254
2783,0.8261,1,0,1,596206,9404,89234,18722,0.08710956315535959,0.6656474436464481
2784,0.8262,1,0,1,596206,9404,89235,18721,0.08710956315535959,0.6656355555555555
2785,0.8267,23,15,23,596221,9389,89258,18698,0.08697061765904628,0.6657172357318333
2786,0.8268,1,0,1,596221,9389,89259,18697,0.08697061765904628,0.6657053336181727
2787,0.8273,0,1,0,596222,9388,89259,18697,0.08696135462595872,0.6657290368524124
2788,0.8275,5,8,5,596230,9380,89264,18692,0.08688725036125829,0.6658592191507552
2789,0.828,0,2,0,596232,9378,89264,18692,0.08686872429508319,0.6659066619166369
2790,0.8283,6,4,6,596236,9374,89270,18686,0.08683167216273296,0.6659301496792587
2791,0.8286,1,0,1,596236,9374,89271,18685,0.08683167216273296,0.6659182437007733
2792,0.8292,1,2,1,596238,9372,89272,18684,0.08681314609655785,0.6659538066723696
2793,0.8293,0,1,0,596239,9371,89272,18684,0.0868038830634703,0.6659775441097844
2794,0.83,1499,1130,1499,597369,8241,90771,17185,0.07633665567453407,0.6758829544560686
2795,0.8307,1,0,1,597369,8241,90772,17184,0.07633665567453407,0.6758702064896756
2796,0.8308,2,0,2,597369,8241,90774,17182,0.07633665567453407,0.6758447075482831
2797,0.831,1,2,1,597371,8239,90775,17181,0.07631812960835896,0.6758851298190401
2798,0.8312,1,0,1,597371,8239,90776,17180,0.07631812960835896,0.6758723789291475
2799,0.8317,1,1,1,597372,8238,90777,17179,0.0763088665752714,0.675886217885667
2800,0.832,1,1,1,597373,8237,90778,17178,0.07629960354218385,0.6759000590202636
2801,0.8322,1,1,1,597374,8236,90779,17177,0.0762903405090963,0.6759139023334514
2802,0.8325,6,3,6,597377,8233,90785,17171,0.07626255140983364,0.6759171783971029
2803,0.833,1,0,1,597377,8233,90786,17170,0.07626255140983364,0.6759044207377082
2804,0.8332,0,1,0,597378,8232,90786,17170,0.07625328837674608,0.6759310290528305
2805,0.8333,22,16,22,597394,8216,90808,17148,0.07610507984734521,0.6760763286547863
2806,0.8334,0,1,0,597395,8215,90808,17148,0.07609581681425766,0.6761029846626976
2807,0.8338,1,1,1,597396,8214,90809,17147,0.0760865537811701,0.6761168723630772
2808,0.834,5,1,5,597397,8213,90814,17142,0.07607729074808255,0.6760796687043975
2809,0.8342,0,1,0,597398,8212,90814,17142,0.076068027714995,0.6761063343062239
2810,0.8343,1,0,1,597398,8212,90815,17141,0.076068027714995,0.6760935589476591
2811,0.8344,1,0,1,597398,8212,90816,17140,0.076068027714995,0.6760807825812559
2812,0.8345,0,1,0,597399,8211,90816,17140,0.07605876468190745,0.6761074513825884
2813,0.835,43,17,43,597416,8194,90859,17097,0.07590129311941902,0.6760112292910522
2814,0.8357,2,0,2,597416,8194,90861,17095,0.07590129311941902,0.6759856063901301
2815,0.8358,2,1,2,597417,8193,90863,17093,0.07589203008633147,0.6759867120145535
2816,0.836,4,2,4,597419,8191,90867,17089,0.07587350402015636,0.6759889240506329
2817,0.8361,1,1,1,597420,8190,90868,17088,0.0758642409870688,0.6760028483266081
2818,0.8367,19,14,19,597434,8176,90887,17069,0.07573455852384305,0.6761338878985937
2819,0.8373,2,0,2,597434,8176,90889,17067,0.07573455852384305,0.6761082280236105
2820,0.8375,9,2,9,597436,8174,90898,17058,0.07571603245766793,0.6760462904248573
2821,0.8378,1,0,1,597436,8174,90899,17057,0.07571603245766793,0.6760334509135587
2822,0.838,4,2,4,597438,8172,90903,17053,0.07569750639149284,0.67603567888999
2823,0.8382,0,2,0,597440,8170,90903,17053,0.07567898032531772,0.6760892835903739
2824,0.8383,2,2,2,597442,8168,90905,17051,0.07566045425914261,0.6761172132122606
2825,0.8387,1,0,1,597442,8168,90906,17050,0.07566045425914261,0.6761043698945198
2826,0.8388,0,1,0,597443,8167,90906,17050,0.07565119122605506,0.6761311813459174
2827,0.84,1482,1049,1482,598492,7118,92388,15568,0.06593426951721072,0.6862382085867936
2828,0.8408,0,3,0,598495,7115,92388,15568,0.06590648041794805,0.6863289688312834
2829,0.8409,1,0,1,598495,7115,92389,15567,0.06590648041794805,0.6863151397583988
2830,0.8417,1,0,1,598495,7115,92390,15566,0.06590648041794805,0.6863013094660729
2831,0.842,1,1,1,598496,7114,92391,15565,0.0658972173848605,0.6863177388773756
2832,0.8422,0,1,0,598497,7113,92391,15565,0.06588795435177294,0.6863480024693536
2833,0.8423,0,1,0,598498,7112,92391,15565,0.06587869131868539,0.6863782687304317
2834,0.8425,6,3,6,598501,7109,92397,15559,0.06585090221942273,0.686386094935592
2835,0.843,0,1,0,598502,7108,92397,15559,0.06584163918633518,0.6864163762297614
2836,0.8433,16,11,16,598513,7097,92413,15543,0.06573974582237208,0.6865282685512367
2837,0.8437,2,0,2,598513,7097,92415,15541,0.06573974582237208,0.6865005742556763
2838,0.8438,0,1,0,598514,7096,92415,15541,0.06573048278928452,0.6865309007377303
2839,0.8439,0,1,0,598515,7095,92415,15541,0.06572121975619696,0.6865612298992755
2840,0.844,1,2,1,598517,7093,92416,15540,0.06570269369002187,0.6866080501921973
2841,0.8441,0,1,0,598518,7092,92416,15540,0.06569343065693431,0.6866383881230117
2842,0.8443,1,0,1,598518,7092,92417,15539,0.06569343065693431,0.6866245415580399
2843,0.845,36,26,36,598544,7066,92453,15503,0.0654525917966579,0.6869156808010989
2844,0.8455,0,1,0,598545,7065,92453,15503,0.06544332876357034,0.6869461183977313
2845,0.8458,1,0,1,598545,7065,92454,15502,0.06544332876357034,0.6869322462002039
2846,0.846,2,0,2,598545,7065,92456,15500,0.06544332876357034,0.6869044981165522
2847,0.8467,13,11,13,598556,7054,92469,15487,0.06534143539960725,0.6870591366842642
2848,0.8471,1,0,1,598556,7054,92470,15486,0.06534143539960725,0.6870452528837622
2849,0.8472,0,1,0,598557,7053,92470,15486,0.0653321723665197,0.6870757353919872
2850,0.8473,2,1,2,598558,7052,92472,15484,0.06532290933343214,0.6870784522541711
2851,0.8475,8,3,8,598561,7049,92480,15476,0.06529512023416947,0.6870588235294117
2852,0.8478,1,0,1,598561,7049,92481,15475,0.06529512023416947,0.6870449298526017
2853,0.848,4,1,4,598562,7048,92485,15471,0.06528585720108192,0.687019849904525
2854,0.8483,4,0,4,598562,7048,92489,15467,0.06528585720108192,0.6869642460581834
2855,0.8485,1,2,1,598564,7046,92490,15466,0.06526733113490682,0.6870113717128643
2856,0.8486,1,2,1,598566,7044,92491,15465,0.06524880506873171,0.6870585099293616
2857,0.849,1,0,1,598566,7044,92492,15464,0.06524880506873171,0.6870446063621823
2858,0.8492,0,1,0,598567,7043,92492,15464,0.06523954203564415,0.6870751321810992
2859,0.8496,1,0,1,598567,7043,92493,15463,0.06523954203564415,0.6870612281169466
2860,0.8497,1,0,1,598567,7043,92494,15462,0.06523954203564415,0.6870473228171518
2861,0.85,1439,924,1439,599491,6119,93933,14023,0.05668049946274408,0.6962069307913812
2862,0.8502,0,2,0,599493,6117,93933,14023,0.05666197339656897,0.6962760675273089
2863,0.8507,1,0,1,599493,6117,93934,14022,0.05666197339656897,0.6962609861462833
2864,0.8508,3,2,3,599495,6115,93937,14019,0.056643447330393865,0.6962848912287672
2865,0.851,0,2,0,599497,6113,93937,14019,0.05662492126421875,0.6963540631829922
2866,0.8515,0,1,0,599498,6112,93937,14019,0.056615658231131204,0.6963886543142417
2867,0.8517,2,1,2,599499,6111,93939,14017,0.05660639519804365,0.6963930842607313
2868,0.852,2,1,2,599500,6110,93941,14015,0.05659713216495609,0.6963975155279503
2869,0.8522,1,1,1,599501,6109,93942,14014,0.056587869131868536,0.6964170352333151
2870,0.8525,3,2,3,599503,6107,93945,14011,0.05656934306569343,0.6964409981111442
2871,0.8529,1,0,1,599503,6107,93946,14010,0.05656934306569343,0.6964259084356514
2872,0.8533,21,8,21,599511,6099,93967,13989,0.056495238800993,0.6963859020310633
2873,0.8535,1,0,1,599511,6099,93968,13988,0.056495238800993,0.6963707870762185
2874,0.8536,1,0,1,599511,6099,93969,13987,0.056495238800993,0.6963556706163497
2875,0.854,2,2,2,599513,6097,93971,13985,0.056476712734817885,0.6963947813962753
2876,0.8542,0,1,0,599514,6096,93971,13985,0.056467449701730336,0.6964294606842288
2877,0.8545,2,0,2,599514,6096,93973,13983,0.056467449701730336,0.6963992230688779
2878,0.855,34,23,34,599537,6073,94007,13949,0.05625439994071659,0.696683647987214
2879,0.8552,1,0,1,599537,6073,94008,13948,0.05625439994071659,0.6966684980770191
2880,0.8557,0,2,0,599539,6071,94008,13948,0.05623587387454148,0.6967380988061341
2881,0.8558,1,1,1,599540,6070,94009,13947,0.056226610841453924,0.6967577559074787
2882,0.856,5,2,5,599542,6068,94014,13942,0.05620808477527882,0.696751624187906
2883,0.8567,18,11,18,599553,6057,94032,13924,0.056106191411315724,0.6968620189179721
2884,0.8575,6,3,6,599556,6054,94038,13918,0.056078402312053056,0.6968756258762268
2885,0.858,2,2,2,599558,6052,94040,13916,0.05605987624587795,0.6969150641025641
2886,0.8582,1,1,1,599559,6051,94041,13915,0.056050613212790396,0.6969347891415406
2887,0.8583,4,4,4,599563,6047,94045,13911,0.05601356108044018,0.6970137288305441
2888,0.8585,0,1,0,599564,6046,94045,13911,0.05600429804735262,0.697048654607406
2889,0.8586,0,1,0,599565,6045,94045,13911,0.055995035014265074,0.697083583884546
2890,0.8592,1,0,1,599565,6045,94046,13910,0.055995035014265074,0.6970684039087948
2891,0.8595,0,1,0,599566,6044,94046,13910,0.05598577198117752,0.6971033376766563
2892,0.8598,0,1,0,599567,6043,94046,13910,0.05597650894808996,0.6971382749461233
2893,0.86,1392,849,1392,600416,5194,95438,12518,0.048112193856756455,0.7067524841915086
2894,0.8608,2,1,2,600417,5193,95440,12516,0.0481029308236689,0.7067592749449433
2895,0.8613,1,0,1,600417,5193,95441,12515,0.0481029308236689,0.7067427151569912
2896,0.8617,1,1,1,600418,5192,95442,12514,0.04809366779058135,0.7067660679995482
2897,0.862,3,1,3,600419,5191,95445,12511,0.048084404757493794,0.7067562987233081
2898,0.8625,4,4,4,600423,5187,95449,12507,0.04804735262514358,0.7068497795863005
2899,0.8627,0,1,0,600424,5186,95449,12507,0.04803808959205602,0.7068897304018539
2900,0.8633,14,5,14,600429,5181,95463,12493,0.04799177442661825,0.7068575308362567
2901,0.8638,0,1,0,600430,5180,95463,12493,0.0479825113935307,0.7068975273015334
2902,0.864,0,2,0,600432,5178,95463,12493,0.04796398532735559,0.7069775338124611
2903,0.8643,1,1,1,600433,5177,95464,12492,0.04795472229426803,0.7070009621370762
2904,0.8645,0,1,0,600434,5176,95464,12492,0.04794545926118048,0.7070409780393933
2905,0.8647,1,0,1,600434,5176,95465,12491,0.04794545926118048,0.7070243957661176
2906,0.865,29,21,29,600455,5155,95494,12462,0.04775093556634184,0.7073849123006187
2907,0.8652,1,0,1,600455,5155,95495,12461,0.04775093556634184,0.7073683015440508
2908,0.8659,1,0,1,600455,5155,95496,12460,0.04775093556634184,0.7073516889015043
2909,0.866,3,3,3,600458,5152,95499,12457,0.04772314646707918,0.7074223408484298
2910,0.8663,1,0,1,600458,5152,95500,12456,0.04772314646707918,0.7074057246706043
2911,0.8665,1,0,1,600458,5152,95501,12455,0.04772314646707918,0.7073891066053274
2912,0.8667,17,7,17,600465,5145,95518,12438,0.047658305235466304,0.7073878177785361
2913,0.867,1,1,1,600466,5144,95519,12437,0.04764904220237875,0.7074114100449349
2914,0.8673,0,1,0,600467,5143,95519,12437,0.04763977916929119,0.7074516496018203
2915,0.8675,7,1,7,600468,5142,95526,12430,0.047630516136203636,0.7073753699066697
2916,0.868,1,2,1,600470,5140,95527,12429,0.04761199007002853,0.7074392395696967
2917,0.8683,3,1,3,600471,5139,95530,12426,0.047602727036940976,0.7074295473953885
2918,0.8685,1,0,1,600471,5139,95531,12425,0.047602727036940976,0.7074128900022774
2919,0.8686,0,2,0,600473,5137,95531,12425,0.04758420097076587,0.707493451770869
2920,0.869,1,0,1,600473,5137,95532,12424,0.04758420097076587,0.7074767951711178
2921,0.8691,0,1,0,600474,5136,95532,12424,0.047574937937678315,0.7075170842824602
2922,0.8692,0,1,0,600475,5135,95532,12424,0.04756567490459076,0.7075573779828008
2923,0.8693,1,2,1,600477,5133,95533,12423,0.047547148838415654,0.7076213260423787
2924,0.8695,1,0,1,600477,5133,95534,12422,0.047547148838415654,0.7076046710338935
2925,0.8699,1,0,1,600477,5133,95535,12421,0.047547148838415654,0.7075880141278341
2926,0.87,1379,738,1379,601215,4395,96914,11042,0.04071103041980066,0.7152944224914167
2927,0.8702,0,1,0,601216,4394,96914,11042,0.040701767386713106,0.715340761855403
2928,0.8703,0,1,0,601217,4393,96914,11042,0.04069250435362555,0.7153871072238419
2929,0.8708,2,1,2,601218,4392,96916,11040,0.040683241320537994,0.7153965785381027
2930,0.8712,1,0,1,601218,4392,96917,11039,0.040683241320537994,0.7153781349232066
2931,0.8713,0,1,0,601219,4391,96917,11039,0.040673978287450445,0.7154244977316915
2932,0.8717,2,1,2,601220,4390,96919,11037,0.04066471525436289,0.7154339793867894
2933,0.872,1,0,1,601220,4390,96920,11036,0.04066471525436289,0.7154155322183327
2934,0.8725,2,1,2,601221,4389,96922,11034,0.04065545222127533,0.7154250145886014
2935,0.8727,1,1,1,601222,4388,96923,11033,0.04064618918818778,0.7154529537643474
2936,0.8733,11,6,11,601228,4382,96934,11022,0.040590610989662455,0.7155284341729421
2937,0.8738,0,1,0,601229,4381,96934,11022,0.0405813479565749,0.7155748880088294
2938,0.874,2,2,2,601231,4379,96936,11020,0.040562821890399794,0.7156308851224106
2939,0.8742,1,1,1,601232,4378,96937,11019,0.04055355885731224,0.7156588945898552
2940,0.8743,1,1,1,601233,4377,96938,11018,0.04054429582422468,0.715686911334849
2941,0.875,41,12,41,601245,4365,96979,10977,0.04043313942717403,0.7154868987094251
2942,0.876,3,4,3,601249,4361,96982,10974,0.040396087294823815,0.7156178676230844
2943,0.8763,1,1,1,601250,4360,96983,10973,0.040386824261736266,0.7156459923041806
2944,0.8767,14,5,14,601255,4355,96997,10959,0.040340509096298494,0.7156196943972836
2945,0.8768,1,0,1,601255,4355,96998,10958,0.040340509096298494,0.7156011232286292
2946,0.8772,0,1,0,601256,4354,96998,10958,0.04033124606321094,0.7156478578892372
2947,0.8773,1,0,1,601256,4354,96999,10957,0.04033124606321094,0.7156292861341519
2948,0.8775,3,5,3,601261,4349,97002,10954,0.040284930897773165,0.7158073580343723
2949,0.878,2,0,2,601261,4349,97004,10952,0.040284930897773165,0.7157702110973139
2950,0.8783,4,1,4,601262,4348,97008,10948,0.040275667864685616,0.7157426778242678
2951,0.8788,1,0,1,601262,4348,97009,10947,0.040275667864685616,0.7157240928407976
2952,0.879,1,0,1,601262,4348,97010,10946,0.040275667864685616,0.7157055054269649
2953,0.8791,1,0,1,601262,4348,97011,10945,0.040275667864685616,0.7156869155822926
2954,0.8792,1,5,1,601267,4343,97012,10944,0.04022935269924784,0.7159024007326487
2955,0.8798,0,2,0,601269,4341,97012,10944,0.04021082663307273,0.7159960745829245
2956,0.88,1336,696,1336,601965,3645,98348,9608,0.03376375560413502,0.7249679317890289
2957,0.8802,0,1,0,601966,3644,98348,9608,0.03375449257104746,0.7250226380923634
2958,0.8813,1,0,1,601966,3644,98349,9607,0.03375449257104746,0.7250018866500642
2959,0.8816,0,1,0,601967,3643,98349,9607,0.03374522953795991,0.7250566037735849
2960,0.8817,2,3,2,601970,3640,98351,9605,0.033717440438697246,0.7251793129482824
2961,0.882,2,1,2,601971,3639,98353,9603,0.03370817740560969,0.7251925690983235
2962,0.8825,3,3,3,601974,3636,98356,9600,0.03368038830634703,0.7252946509519492
2963,0.8827,1,0,1,601974,3636,98357,9599,0.03368038830634703,0.7252738949754439
2964,0.8833,16,2,16,601976,3634,98373,9583,0.033661862240171925,0.7250510705909057
2965,0.8836,0,1,0,601977,3633,98373,9583,0.03365259920708437,0.7251059322033898
2966,0.884,1,0,1,601977,3633,98374,9582,0.03365259920708437,0.7250851305334847
2967,0.8842,1,0,1,601977,3633,98375,9581,0.03365259920708437,0.7250643257151506
2968,0.8843,1,0,1,601977,3633,98376,9580,0.03365259920708437,0.7250435177476727
2969,0.885,21,10,21,601987,3623,98397,9559,0.03355996887620882,0.7251555150963435
2970,0.8857,2,0,2,601987,3623,98399,9557,0.03355996887620882,0.725113808801214
2971,0.886,2,1,2,601988,3622,98401,9555,0.033550705843121274,0.7251271154283979
2972,0.8867,14,6,14,601994,3616,98415,9541,0.033495127644595946,0.7251653112411643
2973,0.8871,2,0,2,601994,3616,98417,9539,0.033495127644595946,0.7251235271759787
2974,0.8872,1,0,1,601994,3616,98418,9538,0.033495127644595946,0.725102630378592
2975,0.8875,3,3,3,601997,3613,98421,9535,0.033467338545333285,0.7252053544265288
2976,0.8882,3,0,3,601997,3613,98424,9532,0.033467338545333285,0.7251426397869912
2977,0.8883,2,2,2,601999,3611,98426,9530,0.03344881247915817,0.7252111711437486
2978,0.8885,1,0,1,601999,3611,98427,9529,0.03344881247915817,0.7251902587519026
2979,0.889,1,0,1,601999,3611,98428,9528,0.03344881247915817,0.7251693431768019
2980,0.8892,1,0,1,601999,3611,98429,9527,0.03344881247915817,0.7251484244177195
2981,0.89,1286,627,1286,602626,2984,99715,8241,0.0276408907332617,0.7341648106904232
2982,0.8908,0,1,0,602627,2983,99715,8241,0.027631627700174147,0.7342302209550963
2983,0.8913,1,0,1,602627,2983,99716,8240,0.027631627700174147,0.7342065401407823
2984,0.8917,2,0,2,602627,2983,99718,8238,0.027631627700174147,0.734159165849746
2985,0.8918,0,1,0,602628,2982,99718,8238,0.02762236466708659,0.7342245989304813
2986,0.8923,0,1,0,602629,2981,99718,8238,0.02761310163399904,0.7342900436759069
2987,0.8925,6,0,6,602629,2981,99724,8232,0.02761310163399904,0.7341478640863284
2988,0.8929,1,2,1,602631,2979,99725,8231,0.02759457556782393,0.7342551293487957
2989,0.8933,10,5,10,602636,2974,99735,8221,0.027548260402386157,0.7343456900401966
2990,0.894,2,3,2,602639,2971,99737,8219,0.027520471303123496,0.7344950848972297
2991,0.8942,0,1,0,602640,2970,99737,8219,0.02751120827003594,0.7345607292876932
2992,0.8943,2,0,2,602640,2970,99739,8217,0.02751120827003594,0.7345132743362832
2993,0.895,31,18,31,602658,2952,99770,8186,0.027344473674459965,0.7349613934279045
2994,0.8955,1,0,1,602658,2952,99771,8185,0.027344473674459965,0.7349375954027116
2995,0.8958,0,1,0,602659,2951,99771,8185,0.027335210641372412,0.735003591954023
2996,0.896,2,0,2,602659,2951,99773,8183,0.027335210641372412,0.734955990659242
2997,0.8963,1,1,1,602660,2950,99774,8182,0.027325947608284856,0.73499820337765
2998,0.8967,18,2,18,602662,2948,99792,8164,0.027307421542109748,0.7347012239020878
2999,0.8975,1,1,1,602663,2947,99793,8163,0.027298158509022195,0.7347434743474347
3000,0.898,0,2,0,602665,2945,99793,8163,0.027279632442847087,0.73487576521426
3001,0.8983,1,1,1,602666,2944,99794,8162,0.02727036940975953,0.734918062308662
3002,0.899,0,1,0,602667,2943,99794,8162,0.02726110637667198,0.734984241332733
3003,0.9,1234,561,1234,603228,2382,101028,6928,0.02206454481455408,0.7441460794844253
3004,0.9006,1,0,1,603228,2382,101029,6927,0.02206454481455408,0.7441185949081534
3005,0.9007,0,1,0,603229,2381,101029,6927,0.022055281781466523,0.7441985388912763
3006,0.9014,1,0,1,603229,2381,101030,6926,0.022055281781466523,0.7441710540453422
3007,0.9017,2,1,2,603230,2380,101032,6924,0.02204601874837897,0.7441960447119519
3008,0.9025,1,1,1,603231,2379,101033,6923,0.022036755715291415,0.7442485486992044
3009,0.903,0,1,0,603232,2378,101033,6923,0.022027492682203862,0.744328566820772
3010,0.9033,12,4,12,603236,2374,101045,6911,0.021990440549853645,0.7443187937533656
3011,0.904,1,1,1,603237,2373,101046,6910,0.02198117751676609,0.7443714316492513
3012,0.9042,1,0,1,603237,2373,101047,6909,0.02198117751676609,0.744343891402715
3013,0.9045,1,2,1,603239,2371,101048,6908,0.02196265145059098,0.7444767755146029
3014,0.905,20,8,20,603247,2363,101068,6888,0.021888547185890547,0.7445681547940763
3015,0.906,2,1,2,603248,2362,101070,6886,0.021879284152802995,0.7445934256055363
3016,0.9067,8,3,8,603251,2359,101078,6878,0.02185149505354033,0.7446140521814442
3017,0.9075,5,3,5,603254,2356,101083,6873,0.02182370595427767,0.7447177375663668
3018,0.9076,0,1,0,603255,2355,101083,6873,0.021814442921190114,0.7447984395318595
3019,0.908,1,0,1,603255,2355,101084,6872,0.021814442921190114,0.7447707814024059
3020,0.9082,0,1,0,603256,2354,101084,6872,0.02180517988810256,0.7448515066117494
3021,0.9083,2,2,2,603258,2352,101086,6870,0.021786653821927453,0.7449577098243331
3022,0.9085,1,0,1,603258,2352,101087,6869,0.021786653821927453,0.7449300509706106
3023,0.9092,0,4,0,603262,2348,101087,6869,0.021749601689577236,0.7452533362265379
3024,0.9093,1,0,1,603262,2348,101088,6868,0.021749601689577236,0.7452256944444444
3025,0.91,1189,460,1189,603722,1888,102277,5679,0.01748860646930231,0.7504955728822519
3026,0.9108,1,0,1,603722,1888,102278,5678,0.01748860646930231,0.7504625958234206
3027,0.911,1,1,1,603723,1887,102279,5677,0.017479343436214753,0.7505288207297726
3028,0.9116,1,1,1,603724,1886,102280,5676,0.0174700804031272,0.7505950806664904
3029,0.9117,3,0,3,603724,1886,102283,5673,0.0174700804031272,0.7504960973673767
3030,0.912,1,0,1,603724,1886,102284,5672,0.0174700804031272,0.7504630854723472
3031,0.9125,2,0,2,603724,1886,102286,5670,0.0174700804031272,0.7503970354685019
3032,0.9126,1,0,1,603724,1886,102287,5669,0.0174700804031272,0.7503639973527465
3033,0.9133,12,3,12,603727,1883,102299,5657,0.017442291303864536,0.7502652519893899
3034,0.9137,1,0,1,603727,1883,102300,5656,0.017442291303864536,0.7502321262766946
3035,0.914,2,2,2,603729,1881,102302,5654,0.017423765237689428,0.7503649635036497
3036,0.915,28,8,28,603737,1873,102330,5626,0.017349660972988994,0.7502333644485931
3037,0.916,1,0,1,603737,1873,102331,5625,0.017349660972988994,0.7502000533475593
3038,0.9163,1,0,1,603737,1873,102332,5624,0.017349660972988994,0.7501667333600107
3039,0.9167,8,1,8,603738,1872,102340,5616,0.017340397939901442,0.75
3040,0.9175,4,2,4,603740,1870,102344,5612,0.017321871873726333,0.7500668270515904
3041,0.9179,0,2,0,603742,1868,102344,5612,0.017303345807551225,0.7502673796791444
3042,0.918,1,0,1,603742,1868,102345,5611,0.017303345807551225,0.7502339885011365
3043,0.9183,4,0,4,603742,1868,102349,5607,0.017303345807551225,0.7501003344481605
3044,0.9194,1,0,1,603742,1868,102350,5606,0.017303345807551225,0.75006689858175
3045,0.9198,1,0,1,603742,1868,102351,5605,0.017303345807551225,0.7500334537668941
3046,0.92,1096,423,1096,604165,1445,103447,4509,0.013385082811515802,0.757306012764528
3047,0.9208,0,2,0,604167,1443,103447,4509,0.013366556745340694,0.7575604838709677
3048,0.9209,0,1,0,604168,1442,103447,4509,0.01335729371225314,0.7576877835657873
3049,0.9219,0,1,0,604169,1441,103447,4509,0.013348030679165585,0.7578151260504201
3050,0.922,2,0,2,604169,1441,103449,4507,0.013348030679165585,0.75773369199731
3051,0.9225,7,1,7,604170,1440,103456,4500,0.013338767646078031,0.7575757575757576
3052,0.9227,1,0,1,604170,1440,103457,4499,0.013338767646078031,0.7575349385418421
3053,0.9228,0,1,0,604171,1439,103457,4499,0.013329504612990477,0.7576625126305153
3054,0.9229,0,1,0,604172,1438,103457,4499,0.013320241579902923,0.7577901296951323
3055,0.9232,1,0,1,604172,1438,103458,4498,0.013320241579902923,0.7577493261455526
3056,0.9233,5,1,5,604173,1437,103463,4493,0.013310978546815368,0.757672849915683
3057,0.924,1,1,1,604174,1436,103464,4492,0.013301715513727814,0.7577597840755735
3058,0.925,22,4,22,604178,1432,103486,4470,0.013264663381377599,0.7573703829210437
3059,0.9258,1,0,1,604178,1432,103487,4469,0.013264663381377599,0.7573292662260633
3060,0.926,0,1,0,604179,1431,103487,4469,0.013255400348290045,0.7574576271186441
3061,0.9267,10,4,10,604183,1427,103497,4459,0.013218348215939828,0.7575603126061842
3062,0.9271,2,0,2,604183,1427,103499,4457,0.013218348215939828,0.7574779061862679
3063,0.9275,2,0,2,604183,1427,103501,4455,0.013218348215939828,0.7573954437266236
3064,0.928,0,1,0,604184,1426,103501,4455,0.013209085182852274,0.7575242305730318
3065,0.9283,2,0,2,604184,1426,103503,4453,0.013209085182852274,0.7574417417928219
3066,0.9292,1,0,1,604184,1426,103504,4452,0.013209085182852274,0.7574004763525009
3067,0.93,951,402,951,604586,1024,104455,3501,0.009485345881655489,0.7737016574585636
3068,0.9307,1,0,1,604586,1024,104456,3500,0.009485345881655489,0.7736516357206012
3069,0.9311,1,0,1,604586,1024,104457,3499,0.009485345881655489,0.7736015918638072
3070,0.9315,1,0,1,604586,1024,104458,3498,0.009485345881655489,0.7735515258735073
3071,0.9317,0,3,0,604589,1021,104458,3498,0.009457556782392827,0.7740650586412923
3072,0.932,1,1,1,604590,1020,104459,3497,0.009448293749305272,0.7741864069072393
3073,0.9325,2,0,2,604590,1020,104461,3495,0.009448293749305272,0.7740863787375415
3074,0.9327,1,0,1,604590,1020,104462,3494,0.009448293749305272,0.7740363314133806
3075,0.9333,2,3,2,604593,1017,104464,3492,0.00942050465004261,0.7744510978043913
3076,0.934,1,1,1,604594,1016,104465,3491,0.009411241616955055,0.774572886620812
3077,0.9342,1,0,1,604594,1016,104466,3490,0.009411241616955055,0.7745228584110075
3078,0.935,14,6,14,604600,1010,104480,3476,0.00935566341842973,0.7748551047703968
3079,0.936,1,0,1,604600,1010,104481,3475,0.00935566341842973,0.7748049052396878
3080,0.9367,2,0,2,604600,1010,104483,3473,0.00935566341842973,0.7747044389917466
3081,0.9375,2,1,2,604601,1009,104485,3471,0.009346400385342176,0.7747767857142858
3082,0.9383,2,1,2,604602,1008,104487,3469,0.009337137352254622,0.7748492293946839
3083,0.939,1,0,1,604602,1008,104488,3468,0.009337137352254622,0.774798927613941
3084,0.9392,1,0,1,604602,1008,104489,3467,0.009337137352254622,0.7747486033519553
3085,0.94,853,299,853,604901,709,105342,2614,0.00656749045907592,0.7866385795967499
3086,0.9417,0,1,0,604902,708,105342,2614,0.006558227425988366,0.7868753762793498
3087,0.9423,1,0,1,604902,708,105343,2613,0.006558227425988366,0.7868112014453478
3088,0.9425,2,1,2,604903,707,105345,2611,0.006548964392900812,0.7869198312236287
3089,0.9433,5,3,5,604906,704,105350,2606,0.006521175293638149,0.7873111782477341
3090,0.944,3,0,3,604906,704,105353,2603,0.006521175293638149,0.787118234048987
3091,0.945,16,3,16,604909,701,105369,2587,0.0064933861943754865,0.7868004866180048
3092,0.9454,1,2,1,604911,699,105370,2586,0.006474860128200378,0.7872146118721461
3093,0.9467,5,1,5,604912,698,105375,2581,0.006465597095112824,0.7871302226288502
3094,0.9475,4,0,4,604912,698,105379,2577,0.006465597095112824,0.7868702290076336
3095,0.948,2,1,2,604913,697,105381,2575,0.00645633406202527,0.7869804400977995
3096,0.9483,0,1,0,604914,696,105381,2575,0.0064470710289377155,0.7872210333231427
3097,0.9485,1,0,1,604914,696,105382,2574,0.0064470710289377155,0.7871559633027523
3098,0.9497,0,1,0,604915,695,105382,2574,0.006437807995850161,0.7873967574181707
3099,0.95,775,253,775,605168,442,106157,1799,0.004094260624698951,0.8027666220437305
3100,0.9506,1,0,1,605168,442,106158,1798,0.004094260624698951,0.8026785714285715
3101,0.9508,0,1,0,605169,441,106158,1798,0.004084997591611397,0.8030370701205896
3102,0.9517,2,1,2,605170,440,106160,1796,0.004075734558523843,0.8032200357781754
3103,0.9525,3,1,3,605171,439,106163,1793,0.0040664715254362886,0.8033154121863799
3104,0.9533,6,1,6,605172,438,106169,1787,0.004057208492348734,0.8031460674157304
3105,0.955,8,4,8,605176,434,106177,1779,0.0040201563599985175,0.8038861274288296
3106,0.956,0,1,0,605177,433,106177,1779,0.004010893326910963,0.804249547920434
3107,0.9567,4,1,4,605178,432,106181,1775,0.004001630293823409,0.8042591753511554
3108,0.9577,1,0,1,605178,432,106182,1774,0.004001630293823409,0.8041704442429737
3109,0.9583,1,0,1,605178,432,106183,1773,0.004001630293823409,0.8040816326530612
3110,0.9585,0,1,0,605179,431,106183,1773,0.003992367260735855,0.8044464609800362
3111,0.9592,2,0,2,605179,431,106185,1771,0.003992367260735855,0.804268846503179
3112,0.9597,1,0,1,605179,431,106186,1770,0.003992367260735855,0.8041799182189914
3113,0.96,622,170,622,605349,261,106808,1148,0.0024176516358516433,0.8147622427253371
3114,0.9607,1,0,1,605349,261,106809,1147,0.0024176516358516433,0.8146306818181818
3115,0.9617,1,0,1,605349,261,106810,1146,0.0024176516358516433,0.814498933901919
3116,0.962,1,0,1,605349,261,106811,1145,0.0024176516358516433,0.8143669985775249
3117,0.9625,1,0,1,605349,261,106812,1144,0.0024176516358516433,0.8142348754448399
3118,0.9627,0,1,0,605350,260,106812,1144,0.002408388602764089,0.8148148148148148
3119,0.9628,0,1,0,605351,259,106812,1144,0.002399125569676535,0.8153955808980755
3120,0.9633,1,1,1,605352,258,106813,1143,0.0023898625365889807,0.815845824411135
3121,0.9638,0,1,0,605353,257,106813,1143,0.0023805995035014265,0.8164285714285714
3122,0.965,5,3,5,605356,254,106818,1138,0.002352810404238764,0.8175287356321839
3123,0.966,1,1,1,605357,253,106819,1137,0.0023435473711512097,0.8179856115107914
3124,0.9667,4,0,4,605357,253,106823,1133,0.0023435473711512097,0.8174603174603174
3125,0.9675,0,2,0,605359,251,106823,1133,0.0023250213049761013,0.8186416184971098
3126,0.968,1,0,1,605359,251,106824,1132,0.0023250213049761013,0.8185104844540854
3127,0.97,468,129,468,605488,122,107292,664,0.0011300900366816111,0.8447837150127226
3128,0.9725,1,0,1,605488,122,107293,663,0.0011300900366816111,0.8445859872611465
3129,0.974,1,0,1,605488,122,107294,662,0.0011300900366816111,0.8443877551020408
3130,0.9742,1,0,1,605488,122,107295,661,0.0011300900366816111,0.8441890166028098
3131,0.975,13,0,13,605488,122,107308,648,0.0011300900366816111,0.8415584415584415
3132,0.9757,0,1,0,605489,121,107308,648,0.001120827003594057,0.8426527958387516
3133,0.9767,2,1,2,605490,120,107310,646,0.0011115639705065027,0.8433420365535248
3134,0.9783,0,1,0,605491,119,107310,646,0.0011023009374189485,0.8444444444444444
3135,0.98,305,66,305,605557,53,107615,341,0.000490940753640372,0.8654822335025381
3136,0.982,1,0,1,605557,53,107616,340,0.000490940753640372,0.8651399491094147
3137,0.9833,5,0,5,605557,53,107621,335,0.000490940753640372,0.8634020618556701
3138,0.985,6,0,6,605557,53,107627,329,0.000490940753640372,0.8612565445026178
3139,0.9867,1,1,1,605558,52,107628,328,0.00048167772055281784,0.8631578947368421
3140,0.9875,0,1,0,605559,51,107628,328,0.00047241468746526364,0.8654353562005277
3141,0.99,200,35,200,605594,16,107828,128,0.00014820852940086702,0.8888888888888888
3142,0.9933,0,1,0,605595,15,107828,128,0.00013894549631331284,0.8951048951048951
3143,0.995,1,0,1,605595,15,107829,127,0.00013894549631331284,0.8943661971830986
3144,0.9967,0,1,0,605596,14,107829,127,0.00012968246322575864,0.900709219858156
3145,1.0,127,14,127,605610,0,107956,0,0.0,
