,y_proba,y_test,Neg,Pos,TN,FP,FN,TP,FP/P,Prec
0,0.0,143,3686,143,3686,601924,143,107813,5.575641928192968,0.15190556501915498
1,0.0007,1,25,1,3711,601899,144,107812,5.575410352365779,0.1519097209991109
2,0.0008,1,8,1,3719,601891,145,107811,5.575336248101078,0.15191023838174333
3,0.0009,0,22,0,3741,601869,145,107811,5.575132461373152,0.1519149475820088
4,0.001,0,17,0,3758,601852,145,107811,5.574974989810664,0.1519185867094663
5,0.0011,0,8,0,3766,601844,145,107811,5.574900885545963,0.15192029930036427
6,0.0012,4,54,4,3820,601790,149,107807,5.5744006817592355,0.15192707973680836
7,0.0013,0,11,0,3831,601779,149,107807,5.574298788395272,0.1519294349099334
8,0.0014,3,48,3,3879,601731,152,107804,5.57385416280707,0.15193612718188673
9,0.0015,0,12,0,3891,601719,152,107804,5.573743006410019,0.15193869684280847
10,0.0016,0,2,0,3893,601717,152,107804,5.573724480343844,0.15193912512807936
11,0.0017,3,70,3,3963,601647,155,107801,5.573076068027715,0.1519505305533316
12,0.0018,1,20,1,3983,601627,156,107800,5.5728908073659635,0.15195361890652598
13,0.0019,0,7,0,3990,601620,156,107800,5.572825966134351,0.15195511826562544
14,0.002,0,73,0,4063,601547,156,107800,5.57214976471896,0.15197075620253558
15,0.0021,1,20,1,4083,601527,157,107799,5.571964504057209,0.15197384559426835
16,0.0022,0,12,0,4095,601515,157,107799,5.5718533476601575,0.1519764166504538
17,0.0023,0,6,0,4101,601509,157,107799,5.571797769461632,0.15197770221116919
18,0.0024,1,47,1,4148,601462,158,107798,5.571362406906517,0.15198657755971012
19,0.0025,6,88,6,4236,601374,164,107792,5.570547259994813,0.1519982627480731
20,0.0026,0,13,0,4249,601361,164,107792,5.570426840564674,0.15200104913890233
21,0.0027,2,27,2,4276,601334,166,107790,5.570176738671311,0.1520044449207755
22,0.0028,1,24,1,4300,601310,167,107789,5.569954425877209,0.152008393750379
23,0.0029,2,38,2,4338,601272,169,107787,5.569602430619883,0.1520141483289825
24,0.003,1,23,1,4361,601249,170,107786,5.569389380858868,0.1520178834613242
25,0.0031,4,22,4,4383,601227,174,107782,5.569185594130942,0.15201781641699894
26,0.0032,0,11,0,4394,601216,174,107782,5.56908370076698,0.1520201749511282
27,0.0033,9,107,9,4501,601109,183,107773,5.568092556226611,0.15203235517335748
28,0.0034,0,2,0,4503,601107,183,107773,5.568074030160436,0.1520327841101456
29,0.0035,1,11,1,4514,601096,184,107772,5.567972136796473,0.15203394708182624
30,0.0036,0,28,0,4542,601068,184,107772,5.5677127718700214,0.1520399525986118
31,0.0037,3,31,3,4573,601037,187,107769,5.567425617844307,0.152043013179911
32,0.0038,2,54,2,4627,600983,189,107767,5.566925414057579,0.15205220458553792
33,0.0039,0,22,0,4649,600961,189,107767,5.5667216273296525,0.15205692451829192
34,0.004,0,25,0,4674,600936,189,107767,5.566490051502464,0.152062288433942
35,0.0041,0,12,0,4686,600924,189,107767,5.566378895105413,0.1520648632478753
36,0.0042,2,22,2,4708,600902,191,107765,5.566175108377487,0.15206719093735138
37,0.0043,1,51,1,4759,600851,192,107764,5.565702693690022,0.1520769388172703
38,0.0044,5,51,5,4810,600800,197,107759,5.565230279002557,0.15208190143657763
39,0.0045,1,51,1,4861,600749,198,107758,5.564757864315092,0.1520916518820562
40,0.0046,5,19,5,4880,600730,203,107753,5.564581866686428,0.1520897466841124
41,0.0047,0,17,0,4897,600713,203,107753,5.56442439512394,0.15209339615450848
42,0.0048,0,22,0,4919,600691,203,107753,5.564220608396013,0.15209811925854408
43,0.0049,1,21,1,4940,600670,204,107752,5.564026084701174,0.1521014310679228
44,0.005,9,268,9,5208,600402,213,107743,5.56154359183371,0.15214821823214172
45,0.0051,0,13,0,5221,600389,213,107743,5.561423172403572,0.15215101139335604
46,0.0052,3,17,3,5238,600372,216,107740,5.5612657008410835,0.15215107214677903
47,0.0053,1,34,1,5272,600338,217,107739,5.560950757716107,0.15215718064560776
48,0.0054,0,7,0,5279,600331,217,107739,5.5608859164844935,0.15215868487578912
49,0.0055,0,8,0,5287,600323,217,107739,5.560811812219793,0.15216040403241524
50,0.0056,2,36,2,5323,600287,219,107737,5.560478343028641,0.1521657457939279
51,0.0057,2,51,2,5374,600236,221,107735,5.560005928341176,0.15217431222465327
52,0.0058,0,15,0,5389,600221,221,107735,5.559866982844863,0.15217753645706794
53,0.0059,2,10,2,5399,600211,223,107733,5.559774352513987,0.152177290859164
54,0.006,3,58,3,5457,600153,226,107730,5.559237096594909,0.15218616635799984
55,0.0061,0,34,0,5491,600119,226,107730,5.558922153469932,0.15219347629226007
56,0.0062,1,57,1,5548,600062,227,107729,5.5583941605839415,0.15220453495452754
57,0.0063,1,29,1,5577,600033,228,107728,5.558125532624403,0.15220957357073928
58,0.0064,1,17,1,5594,600016,229,107727,5.557968061061914,0.15221203176859396
59,0.0065,0,15,0,5609,600001,229,107727,5.5578291155656006,0.15221525783916984
60,0.0066,1,22,1,5631,599979,230,107726,5.557625328837674,0.15221879172819183
61,0.0067,3,90,3,5721,599889,233,107723,5.5567916558597945,0.15223455792157284
62,0.0068,1,19,1,5740,599870,234,107722,5.556615658231131,0.15223744756865537
63,0.007,2,35,2,5775,599835,236,107720,5.556291452073067,0.15224258184876088
64,0.0071,0,18,0,5793,599817,236,107720,5.556124717477491,0.15224645495571257
65,0.0072,0,6,0,5799,599811,236,107720,5.556069139278965,0.15224774603515606
66,0.0073,1,17,1,5816,599794,237,107719,5.555911667716477,0.15225020600328193
67,0.0074,2,31,2,5847,599763,239,107717,5.555624513690763,0.1522544806920337
68,0.0075,3,98,3,5945,599665,242,107714,5.554716736448182,0.15227197867055708
69,0.0076,0,19,0,5964,599646,242,107714,5.554540738819519,0.15227606876272337
70,0.0077,3,26,3,5990,599620,245,107711,5.554299899959243,0.15227807066281557
71,0.0078,0,28,0,6018,599592,245,107711,5.554040535032791,0.15228409889396766
72,0.0079,2,28,2,6046,599564,247,107709,5.5537811701063395,0.15228773048030958
73,0.008,6,43,6,6089,599521,253,107703,5.553382859683575,0.15228979785753877
74,0.0081,0,19,0,6108,599502,253,107703,5.553206862054911,0.1522938893248775
75,0.0082,0,19,0,6127,599483,253,107703,5.553030864426248,0.15229798101206754
76,0.0083,1,59,1,6186,599424,254,107702,5.552484345474082,0.15230948939792907
77,0.0084,0,10,0,6196,599414,254,107702,5.552391715143206,0.15231164335130304
78,0.0085,2,51,2,6247,599363,256,107700,5.551919300455741,0.15232023171909717
79,0.0086,1,4,1,6251,599359,257,107699,5.551882248323391,0.15231989454896203
80,0.0087,0,29,0,6280,599330,257,107699,5.5516136203638515,0.15232614220915974
81,0.0088,3,27,3,6307,599303,260,107696,5.551363518470488,0.1523283625577971
82,0.0089,1,37,1,6344,599266,261,107695,5.551020786246249,0.1523351358844406
83,0.009,2,47,2,6391,599219,263,107693,5.550585423691134,0.15234286587297996
84,0.0091,1,21,1,6412,599198,264,107692,5.5503908999962945,0.1523461924769059
85,0.0092,0,36,0,6448,599162,264,107692,5.5500574308051425,0.1523539514524923
86,0.0093,2,30,2,6478,599132,266,107690,5.5497795398125165,0.15235801941648675
87,0.0094,0,7,0,6485,599125,266,107690,5.549714698580903,0.1523595283065583
88,0.0095,3,17,3,6502,599108,269,107687,5.549557227018415,0.15235959507353616
89,0.0096,0,4,0,6506,599104,269,107687,5.549520174886065,0.15236045733462933
90,0.0097,0,6,0,6512,599098,269,107687,5.54946459668754,0.1523617507445687
91,0.0098,1,35,1,6547,599063,270,107686,5.549140390529475,0.15236809673589916
92,0.0099,0,19,0,6566,599044,270,107686,5.548964392900811,0.15237219305816932
93,0.01,19,320,19,6886,598724,289,107667,5.546000222312794,0.15241841982697968
94,0.0101,0,18,0,6904,598706,289,107667,5.545833487717218,0.15242230379700245
95,0.0102,2,44,2,6948,598662,291,107665,5.545425914261366,0.15242939884784243
96,0.0103,0,27,0,6975,598635,291,107665,5.545175812368002,0.15243522582472038
97,0.0104,2,15,2,6990,598620,293,107663,5.545036866871689,0.15243606316448222
98,0.0105,2,52,2,7042,598568,295,107661,5.5445551891511355,0.15244488685681273
99,0.0106,1,9,1,7051,598559,296,107660,5.544471821853348,0.1524456294718777
100,0.0107,4,16,4,7067,598543,300,107656,5.544323613323947,0.15244428270218452
101,0.0108,1,37,1,7104,598506,301,107655,5.543980881099707,0.15245106994014113
102,0.0109,1,21,1,7125,598485,302,107654,5.543786357404868,0.15245440345314448
103,0.011,3,26,3,7151,598459,305,107651,5.543545518544592,0.15245641613912847
104,0.0111,1,15,1,7166,598444,306,107650,5.543406573048279,0.15245845454004708
105,0.0112,0,14,0,7180,598430,306,107650,5.543276890585053,0.15246147745297983
106,0.0113,0,20,0,7200,598410,306,107650,5.543091629923302,0.1524657961079795
107,0.0114,0,19,0,7219,598391,306,107650,5.542915632294639,0.15246989905685362
108,0.0115,3,17,3,7236,598374,309,107647,5.54275816073215,0.15246996902358428
109,0.0116,0,28,0,7264,598346,309,107647,5.542498795805699,0.15247601605115066
110,0.0117,2,32,2,7296,598314,311,107645,5.542202378746897,0.15248052648949867
111,0.0118,0,3,0,7299,598311,311,107645,5.542174589647634,0.1524811744641309
112,0.0119,1,13,1,7312,598298,312,107644,5.542054170217496,0.15248278187159853
113,0.012,1,63,1,7375,598235,313,107643,5.54147059913298,0.15249519038700737
114,0.0121,0,24,0,7399,598211,313,107643,5.541248286338879,0.15250037543174652
115,0.0122,2,28,2,7427,598183,315,107641,5.540988921412428,0.1525040236659564
116,0.0123,3,23,3,7450,598160,318,107638,5.540775871651413,0.15250539106089844
117,0.0124,3,18,3,7468,598142,321,107635,5.540609137055838,0.15250567813912894
118,0.0125,3,81,3,7549,598061,324,107632,5.539858831375746,0.15251958004401348
119,0.0126,0,4,0,7553,598057,324,107632,5.539821779243395,0.15252044455843863
120,0.0127,2,39,2,7592,598018,326,107630,5.539460520952981,0.15252647212207787
121,0.0128,1,20,1,7612,597998,327,107629,5.539275260291229,0.15252959424738566
122,0.0129,3,32,3,7644,597966,330,107626,5.538978843232428,0.15253290853637796
123,0.013,1,20,1,7664,597946,331,107625,5.538793582570677,0.1525360311010515
124,0.0131,0,5,0,7669,597941,331,107625,5.538747267405239,0.15253711204905
125,0.0132,1,25,1,7694,597916,332,107624,5.53851569157805,0.15254131587153102
126,0.0133,1,42,1,7736,597874,333,107623,5.538126644188373,0.15254919581514875
127,0.0134,0,1,0,7737,597873,333,107623,5.538117381155286,0.15254941204485922
128,0.0135,1,15,1,7752,597858,334,107622,5.537978435658972,0.15255145432896752
129,0.0136,0,16,0,7768,597842,334,107622,5.537830227129572,0.15255491421248993
130,0.0137,2,34,2,7802,597808,336,107620,5.537515284004594,0.15255986436603028
131,0.0138,2,22,2,7824,597786,338,107618,5.537311497276669,0.15256221966419242
132,0.0139,0,2,0,7826,597784,338,107618,5.537292971210493,0.1525626522181678
133,0.014,6,42,6,7868,597742,344,107612,5.536903923820816,0.15256452788245334
134,0.0141,2,23,2,7891,597719,346,107610,5.536690874059802,0.15256709989239065
135,0.0142,1,23,1,7914,597696,347,107609,5.536477824298788,0.1525708735936935
136,0.0143,1,44,1,7958,597652,348,107608,5.536070250842936,0.15257919065309247
137,0.0144,2,7,2,7965,597645,350,107606,5.536005409611323,0.15257830190953292
138,0.0145,2,37,2,8002,597608,352,107604,5.535662677387084,0.1525839038473537
139,0.0146,2,18,2,8020,597590,354,107602,5.535495942791508,0.15258539518315578
140,0.0147,1,11,1,8031,597579,355,107601,5.535394049427545,0.15258657364077258
141,0.0148,3,14,3,8045,597565,358,107598,5.535264366964319,0.15258599784730623
142,0.0149,1,19,1,8064,597546,359,107597,5.535088369335655,0.1525889074981954
143,0.015,5,108,5,8172,597438,364,107592,5.534087961762199,0.15260627207352878
144,0.0151,0,10,0,8182,597428,364,107592,5.533995331431324,0.15260843664009532
145,0.0152,0,5,0,8187,597423,364,107592,5.533949016265886,0.1526095189464054
146,0.0153,1,57,1,8244,597366,365,107591,5.533421023379896,0.15262065629534852
147,0.0154,0,4,0,8248,597362,365,107591,5.533383971247545,0.15262152228588288
148,0.0155,2,32,2,8280,597330,367,107589,5.533087554188744,0.15262604639682006
149,0.0156,2,30,2,8310,597300,369,107587,5.532809663196117,0.15263013788025598
150,0.0157,0,7,0,8317,597293,369,107587,5.532744821964504,0.1526316536147997
151,0.0158,0,21,0,8338,597272,369,107587,5.5325502982696655,0.15263620099906505
152,0.0159,2,16,2,8354,597256,371,107585,5.532402089740264,0.15263726145329232
153,0.016,8,35,8,8389,597221,379,107577,5.5320778835822,0.15263522314194988
154,0.0161,0,10,0,8399,597211,379,107577,5.5319852532513245,0.15263738883181893
155,0.0162,1,26,1,8425,597185,380,107576,5.531744414391048,0.15264181758071177
156,0.0163,2,25,2,8450,597160,382,107574,5.5315128385638594,0.1526448276938533
157,0.0164,0,20,0,8470,597140,382,107574,5.5313275779021085,0.15264915980099727
158,0.0165,4,23,4,8493,597117,386,107570,5.531114528141095,0.1526493322567324
159,0.0166,0,3,0,8496,597114,386,107570,5.5310867390418315,0.15264998211964512
160,0.0167,3,59,3,8555,597055,389,107567,5.530540220089666,0.1526591562568299
161,0.0168,1,15,1,8570,597040,390,107566,5.530401274593353,0.15266120356624838
162,0.0169,1,35,1,8605,597005,391,107565,5.530077068435288,0.15266758448415346
163,0.017,1,5,1,8610,597000,392,107564,5.530030753269851,0.1526674652693013
164,0.0171,2,26,2,8636,596974,394,107562,5.529789914409574,0.1526706939035053
165,0.0172,0,8,0,8644,596966,394,107562,5.529715810144874,0.15267242749755866
166,0.0173,5,53,5,8697,596913,399,107557,5.529224869391234,0.15267789969764503
167,0.0174,3,19,3,8716,596894,402,107554,5.52904887176257,0.15267840919414918
168,0.0175,2,23,2,8739,596871,404,107552,5.5288358220015565,0.1526809885537525
169,0.0176,0,7,0,8746,596864,404,107552,5.528770980769943,0.152682505792032
170,0.0177,3,42,3,8788,596822,407,107549,5.528381933380266,0.1526880010676192
171,0.0178,0,12,0,8800,596810,407,107549,5.528270776983216,0.1526906023774808
172,0.0179,3,27,3,8827,596783,410,107546,5.528020675089851,0.1526928466668276
173,0.018,3,38,3,8865,596745,413,107543,5.527668679832525,0.15269747603253214
174,0.0181,0,6,0,8871,596739,413,107543,5.527613101633999,0.15269877691038533
175,0.0182,1,10,1,8881,596729,414,107542,5.527520471303124,0.15269974200272338
176,0.0183,4,59,4,8940,596670,418,107538,5.526973952350958,0.15270772271828778
177,0.0184,0,29,0,8969,596641,418,107538,5.526705324391418,0.1527140116362459
178,0.0185,1,9,1,8978,596632,419,107537,5.526621957093631,0.15271476023511402
179,0.0186,0,12,0,8990,596620,419,107537,5.52651080069658,0.15271736274722825
180,0.0187,3,24,3,9014,596596,422,107534,5.5262884879024785,0.1527189581469331
181,0.0188,2,27,2,9041,596569,424,107532,5.526038386009115,0.1527224077227557
182,0.0189,1,14,1,9055,596555,425,107531,5.525908703545889,0.15272424107282348
183,0.019,4,44,4,9099,596511,429,107527,5.525501130090037,0.15272897201571506
184,0.0191,1,17,1,9116,596494,430,107526,5.525343658527548,0.15273145649271327
185,0.0192,0,6,0,9122,596488,430,107526,5.525288080329023,0.1527327581553776
186,0.0193,0,34,0,9156,596454,430,107526,5.5249731372040465,0.15274013466291655
187,0.0194,0,23,0,9179,596431,430,107526,5.524760087443032,0.15274512505735435
188,0.0195,0,19,0,9198,596412,430,107526,5.524584089814369,0.15274924780307356
189,0.0196,0,33,0,9231,596379,430,107526,5.52427840972248,0.15275640889040423
190,0.0197,0,13,0,9244,596366,430,107526,5.524157990292341,0.15275923010916448
191,0.0198,1,28,1,9272,596338,431,107525,5.52389862536589,0.15276410324168196
192,0.0199,0,12,0,9284,596326,431,107525,5.523787468968839,0.15276670772649326
193,0.02,1,100,1,9384,596226,432,107524,5.522861165660084,0.15278721136767318
194,0.0202,2,34,2,9418,596192,434,107522,5.522546222535107,0.15279218546170745
195,0.0203,3,21,3,9439,596171,437,107519,5.522351698840268,0.15279313333996505
196,0.0204,1,11,1,9450,596160,438,107518,5.522249805476305,0.1527943178556101
197,0.0205,1,22,1,9472,596138,439,107517,5.522046018748379,0.15279789101193056
198,0.0206,0,16,0,9488,596122,439,107517,5.521897810218978,0.15280136547292006
199,0.0207,2,16,2,9504,596106,441,107515,5.521749601689577,0.15280243199108612
200,0.0208,0,32,0,9536,596074,441,107515,5.521453184630776,0.1528093816134135
201,0.0209,0,29,0,9565,596045,441,107515,5.521184556671236,0.15281568025470466
202,0.021,3,36,3,9601,596009,444,107512,5.520851087480085,0.1528198873949747
203,0.0211,1,3,1,9604,596006,445,107511,5.520823298380821,0.15281933485615842
204,0.0212,0,15,0,9619,595991,445,107511,5.520684352884508,0.1528225932548877
205,0.0213,0,19,0,9638,595972,445,107511,5.520508355255845,0.15282672075942133
206,0.0214,3,48,3,9686,595924,448,107508,5.520063729667642,0.15283353614848344
207,0.0215,2,21,2,9707,595903,450,107506,5.519869205972804,0.15283569018878063
208,0.0216,0,6,0,9713,595897,450,107506,5.519813627774278,0.15283699387122318
209,0.0217,4,36,4,9749,595861,454,107502,5.519480158583127,0.1528399986919983
210,0.0218,0,5,0,9754,595856,454,107502,5.519433843417689,0.15284108519416856
211,0.0219,0,12,0,9766,595844,454,107502,5.519322687020638,0.15284369286240343
212,0.022,1,42,1,9808,595802,455,107501,5.518933639630961,0.15285161587537663
213,0.0221,2,18,2,9826,595784,457,107499,5.518766905035385,0.15285311887248804
214,0.0222,3,28,3,9854,595756,460,107496,5.518507540108933,0.15285559088349554
215,0.0223,0,48,0,9902,595708,460,107496,5.518062914520731,0.15286602465287455
216,0.0224,1,14,1,9916,595694,461,107495,5.517933232057505,0.15286786340514427
217,0.0225,8,56,8,9972,595638,469,107487,5.517414502204602,0.1528704
218,0.0226,0,25,0,9997,595613,469,107487,5.517182926377413,0.15287583558526524
219,0.0227,1,30,1,10027,595583,470,107486,5.516905035384786,0.15288115391234716
220,0.0228,2,42,2,10069,595541,472,107484,5.516515987995109,0.15288787738700615
221,0.0229,3,22,3,10091,595519,475,107481,5.516312201267183,0.1528890469416785
222,0.023,0,12,0,10103,595507,475,107481,5.516201044870132,0.15289165675658759
223,0.0231,2,17,2,10120,595490,477,107479,5.516043573307644,0.15289294407007992
224,0.0232,0,32,0,10152,595458,477,107479,5.5157471562488425,0.1528999042588454
225,0.0233,5,73,5,10225,595385,482,107474,5.51507095483345,0.15290975857177613
226,0.0234,0,38,0,10263,595347,482,107474,5.514718959576124,0.15291802606922672
227,0.0235,2,23,2,10286,595324,484,107472,5.51450590981511,0.15292061992384703
228,0.0236,0,20,0,10306,595304,484,107472,5.514320649153359,0.1529249718260157
229,0.0237,2,15,2,10321,595289,486,107470,5.514181703657045,0.15292582521177245
230,0.0238,0,29,0,10350,595260,486,107470,5.5139130756975065,0.15293213609779005
231,0.0239,0,35,0,10385,595225,486,107470,5.513588869539442,0.15293975337806587
232,0.024,1,24,1,10409,595201,487,107469,5.513366556745341,0.15294377161398665
233,0.0241,0,14,0,10423,595187,487,107469,5.513236874282115,0.15294681892704254
234,0.0242,0,25,0,10448,595162,487,107469,5.513005298454926,0.15295226085954078
235,0.0243,0,24,0,10472,595138,487,107469,5.512782985660825,0.15295748547908006
236,0.0244,0,19,0,10491,595119,487,107469,5.512606988032161,0.15296162188935764
237,0.0245,0,4,0,10495,595115,487,107469,5.512569935899811,0.1529624927410815
238,0.0246,1,19,1,10514,595096,488,107468,5.512393938271147,0.15296542379057282
239,0.0247,1,10,1,10524,595086,489,107467,5.512301307940272,0.1529663954178546
240,0.0248,3,40,3,10564,595046,492,107464,5.5119307866167695,0.15297148795034946
241,0.0249,3,8,3,10572,595038,495,107461,5.511856682352069,0.15296961276813206
242,0.025,4,69,4,10641,594969,499,107457,5.511217533069028,0.1529798156674155
243,0.0252,1,41,1,10682,594928,500,107456,5.510837748712438,0.1529875395794893
244,0.0253,0,12,0,10694,594916,500,107456,5.510726592315388,0.15299015336602256
245,0.0254,3,34,3,10728,594882,503,107453,5.510411649190411,0.15299394163753766
246,0.0255,2,23,2,10751,594859,505,107451,5.510198599429398,0.15299653998946333
247,0.0256,1,18,1,10769,594841,506,107450,5.510031864833821,0.1529992552944577
248,0.0257,1,43,1,10812,594798,507,107449,5.509633554411057,0.1530074176180176
249,0.0258,3,25,3,10837,594773,510,107446,5.509401978583868,0.1530092464031876
250,0.0259,1,10,1,10847,594763,511,107445,5.509309348252992,0.1530102191943128
251,0.026,1,23,1,10870,594740,512,107444,5.509096298491978,0.15301402481400886
252,0.0261,1,24,1,10894,594716,513,107443,5.508873985697877,0.15301804861861773
253,0.0262,5,49,5,10943,594667,518,107438,5.508420097076587,0.15302269603549326
254,0.0263,3,18,3,10961,594649,521,107435,5.50825336248101,0.15302300009685452
255,0.0264,1,31,1,10992,594618,522,107434,5.507966208455296,0.15302855059169407
256,0.0265,0,15,0,11007,594603,522,107434,5.507827262958983,0.15303182026018572
257,0.0266,2,40,2,11047,594563,524,107432,5.507456741635481,0.15303812705218697
258,0.0267,0,27,0,11074,594536,524,107432,5.507206639742117,0.15304401340232032
259,0.0268,3,33,3,11107,594503,527,107429,5.506900959650228,0.15304758865531135
260,0.0269,2,30,2,11137,594473,529,107427,5.506623068657602,0.15305171676877047
261,0.027,0,16,0,11153,594457,529,107427,5.5064748601282005,0.15305520570350656
262,0.0271,7,31,7,11184,594426,536,107420,5.506187706102486,0.15305351886311241
263,0.0272,0,13,0,11197,594413,536,107420,5.506067286672348,0.15305635386195862
264,0.0273,0,13,0,11210,594400,536,107420,5.505946867242209,0.1530591889658317
265,0.0274,0,24,0,11234,594376,536,107420,5.505724554448109,0.15306442327969952
266,0.0275,4,59,4,11293,594317,540,107416,5.505178035495943,0.15307246488336732
267,0.0276,6,20,6,11313,594297,546,107410,5.504992774834192,0.15306958602379625
268,0.0277,3,42,3,11355,594255,549,107407,5.504603727444515,0.15307512734051437
269,0.0278,1,18,1,11373,594237,550,107406,5.504436992848938,0.15307784728130971
270,0.0279,2,21,2,11394,594216,552,107404,5.5042424691541,0.15308001482283856
271,0.028,3,33,3,11427,594183,555,107401,5.503936789062211,0.15308359369654953
272,0.0281,0,7,0,11434,594176,555,107401,5.503871947830597,0.1530851210914839
273,0.0282,0,20,0,11454,594156,555,107401,5.503686687168846,0.15308948524496227
274,0.0283,1,36,1,11490,594120,556,107400,5.503353217977694,0.15309613410879233
275,0.0284,2,27,2,11517,594093,558,107398,5.503103116084331,0.15309961211191592
276,0.0285,3,20,3,11537,594073,561,107395,5.50291785542258,0.15310035525497956
277,0.0286,0,7,0,11544,594066,561,107395,5.502853014190967,0.15310188306976438
278,0.0287,0,20,0,11564,594046,561,107395,5.502667753529216,0.15310624842288945
279,0.0288,1,19,1,11583,594027,562,107394,5.502491755900552,0.15310918834765427
280,0.0289,0,40,0,11623,593987,562,107394,5.50212123457705,0.15311792021739967
281,0.029,1,35,1,11658,593952,563,107393,5.501797028418985,0.15312435391996806
282,0.0291,2,47,2,11705,593905,565,107391,5.501361665863871,0.15313220095366292
283,0.0292,1,56,1,11761,593849,566,107390,5.500842936010968,0.1531432222109723
284,0.0293,3,10,3,11771,593839,569,107387,5.500750305680092,0.15314178310558935
285,0.0294,1,14,1,11785,593825,570,107386,5.500620623216866,0.15314363294357905
286,0.0295,0,35,0,11820,593790,570,107386,5.500296417058801,0.15315127728273642
287,0.0296,6,51,6,11871,593739,576,107380,5.499824002371336,0.1531551705202683
288,0.0297,0,10,0,11881,593729,576,107380,5.499731372040461,0.15315735499045086
289,0.0298,1,32,1,11913,593697,577,107379,5.499434954981659,0.1531631378053164
290,0.0299,1,10,1,11923,593687,578,107378,5.499342324650784,0.1531641145970773
291,0.03,1,75,1,11998,593612,579,107377,5.498647597169217,0.153179293826294
292,0.0301,3,29,3,12027,593583,582,107374,5.498378969209678,0.1531820068848731
293,0.0302,0,17,0,12044,593566,582,107374,5.498221497647189,0.1531857220304163
294,0.0303,1,39,1,12083,593527,583,107373,5.497860239356775,0.15319303752318447
295,0.0304,1,19,1,12102,593508,584,107372,5.497684241728112,0.1531959821938135
296,0.0305,1,15,1,12117,593493,585,107371,5.497545296231798,0.15319805268925213
297,0.0306,1,19,1,12136,593474,586,107370,5.497369298603134,0.15320099765425688
298,0.0307,4,36,4,12172,593438,590,107366,5.497035829411983,0.15320403422354895
299,0.0308,1,34,1,12206,593404,591,107365,5.496720886287005,0.15321025901545302
300,0.0309,0,18,0,12224,593386,591,107365,5.49655415169143,0.15321419448563042
301,0.031,2,20,2,12244,593366,593,107363,5.496368891029679,0.1532161506088659
302,0.0311,0,27,0,12271,593339,593,107363,5.496118789136315,0.1532220544539619
303,0.0312,1,10,1,12281,593329,594,107362,5.4960261588054395,0.15322303269201404
304,0.0313,0,41,0,12322,593288,594,107362,5.4956463744488495,0.1532319988582031
305,0.0314,0,27,0,12349,593261,594,107362,5.495396272555485,0.15323790397974374
306,0.0315,0,22,0,12371,593239,594,107362,5.49519248582756,0.15324271589678004
307,0.0316,0,11,0,12382,593228,594,107362,5.495090592463597,0.15324512196862644
308,0.0317,4,25,4,12407,593203,598,107358,5.494859016636408,0.15324575590134193
309,0.0318,1,16,1,12423,593187,599,107357,5.494710808107007,0.15324804723186553
310,0.0319,2,20,2,12443,593167,601,107355,5.494525547445256,0.1532500049962742
311,0.032,1,13,1,12456,593154,602,107354,5.494405128015117,0.15325164023822713
312,0.0321,0,28,0,12484,593126,602,107354,5.494145763088666,0.1532577661032435
313,0.0322,0,19,0,12503,593107,602,107354,5.493969765460002,0.15326192321913712
314,0.0323,2,33,2,12536,593074,604,107352,5.493664085368113,0.1532667262494539
315,0.0324,0,16,0,12552,593058,604,107352,5.493515876838712,0.15327022743821475
316,0.0325,0,18,0,12570,593040,604,107352,5.493349142243136,0.1532741664667786
317,0.0326,1,27,1,12597,593013,605,107351,5.493099040349772,0.15327886641803404
318,0.0327,2,32,2,12629,592981,607,107349,5.49280262329097,0.15328345208687333
319,0.0328,3,32,3,12661,592949,610,107346,5.492506206232169,0.15328682912201286
320,0.0329,4,18,4,12679,592931,614,107342,5.492339471636592,0.15328593277193323
321,0.033,1,7,1,12686,592924,615,107341,5.49227463040498,0.1532862559174027
322,0.0331,3,37,3,12723,592887,618,107338,5.491931898180741,0.15329072798029206
323,0.0332,0,14,0,12737,592873,618,107338,5.491802215717515,0.15329379287100603
324,0.0333,1,27,1,12764,592846,619,107337,5.4915521138241505,0.15329849482206795
325,0.0334,0,22,0,12786,592824,619,107337,5.491348327096224,0.15330331166688804
326,0.0335,1,12,1,12798,592812,620,107336,5.491237170699174,0.15330472985711593
327,0.0336,1,42,1,12840,592770,621,107335,5.490848123309497,0.15331271737810756
328,0.0337,1,31,1,12871,592739,622,107334,5.4905609692837825,0.15331829680619022
329,0.0338,0,17,0,12888,592722,622,107334,5.490403497721294,0.1533220199526895
330,0.0339,0,29,0,12917,592693,622,107334,5.4901348697617545,0.1533283716199518
331,0.034,5,21,5,12938,592672,627,107329,5.489940346066916,0.15332692381868027
332,0.0341,3,19,3,12957,592653,630,107326,5.489764348438253,0.15332745696656613
333,0.0342,1,4,1,12961,592649,631,107325,5.489727296305903,0.1533271235788758
334,0.0343,5,15,5,12976,592634,636,107320,5.489588350809589,0.15332436131517213
335,0.0344,1,21,1,12997,592613,637,107319,5.489393827114751,0.15332775183875005
336,0.0345,2,16,2,13013,592597,639,107317,5.4892456185853495,0.15332883754289814
337,0.0346,0,22,0,13035,592575,639,107317,5.489041831857423,0.15333365719282405
338,0.0347,2,38,2,13073,592537,641,107315,5.488689836600097,0.15333956322193834
339,0.0348,1,4,1,13077,592533,642,107314,5.488652784467746,0.15333922986024087
340,0.0349,0,16,0,13093,592517,642,107314,5.488504575938345,0.15334273560330994
341,0.035,3,64,3,13157,592453,645,107311,5.487911741820742,0.15335313048399174
342,0.0351,0,11,0,13168,592442,645,107311,5.487809848456779,0.15335554116952696
343,0.0352,1,38,1,13206,592404,646,107310,5.487457853199452,0.15336265960092266
344,0.0353,3,18,3,13224,592386,649,107307,5.487291118603876,0.1533629749047082
345,0.0354,2,26,2,13250,592360,651,107305,5.487050279743599,0.1533662538500568
346,0.0355,2,32,2,13282,592328,653,107303,5.486753862684798,0.15337084834720016
347,0.0356,3,12,3,13294,592316,656,107300,5.486642706287747,0.15336984860266203
348,0.0357,0,26,0,13320,592290,656,107300,5.48640186742747,0.15337554853557084
349,0.0358,1,30,1,13350,592260,657,107299,5.486123976434844,0.15338091569117115
350,0.0359,3,21,3,13371,592239,660,107296,5.485929452740005,0.15338188939795722
351,0.036,3,32,3,13403,592207,663,107293,5.485633035681204,0.15338527519656897
352,0.0361,3,30,3,13433,592177,666,107290,5.485355144688577,0.1533882227467486
353,0.0362,2,29,2,13462,592148,668,107288,5.485086516729038,0.15339216168455727
354,0.0363,0,22,0,13484,592126,668,107288,5.484882730001112,0.1533969866202278
355,0.0364,2,14,2,13498,592112,670,107286,5.484753047537886,0.15339763625289177
356,0.0365,6,47,6,13545,592065,676,107280,5.484317684982771,0.15340068206679106
357,0.0366,0,10,0,13555,592055,676,107280,5.484225054651895,0.15340287558895235
358,0.0367,1,44,1,13599,592011,677,107279,5.483817481196043,0.15341131719315307
359,0.0368,0,22,0,13621,591989,677,107279,5.483613694468117,0.15341614373888124
360,0.0369,1,20,1,13641,591969,678,107278,5.483428433806366,0.15341932106966494
361,0.037,2,37,2,13678,591932,680,107276,5.483085701582126,0.15342501802038877
362,0.0371,2,24,2,13702,591908,682,107274,5.482863388788025,0.15342786284543938
363,0.0372,0,18,0,13720,591890,682,107274,5.4826966541924484,0.15343181285077606
364,0.0373,0,7,0,13727,591883,682,107274,5.482631812960836,0.1534333490188899
365,0.0374,1,15,1,13742,591868,683,107273,5.482492867464523,0.15343543004916033
366,0.0375,2,39,2,13781,591829,685,107271,5.482131609174108,0.1534415677299385
367,0.0376,2,26,2,13807,591803,687,107269,5.481890770313831,0.1534448526045958
368,0.0377,0,26,0,13833,591777,687,107269,5.481649931453555,0.15345055976287683
369,0.0378,2,21,2,13854,591756,689,107267,5.481455407758716,0.15345274762060762
370,0.0379,2,42,2,13896,591714,691,107265,5.481066360369039,0.15345954599494405
371,0.038,4,38,4,13934,591676,695,107261,5.480714365111712,0.15346304459486335
372,0.0381,0,10,0,13944,591666,695,107261,5.480621734780836,0.15346524028975844
373,0.0382,5,30,5,13974,591636,700,107256,5.48034384378821,0.15346577153551622
374,0.0383,2,34,2,14008,591602,702,107254,5.480028900663233,0.15347081516077704
375,0.0384,2,11,2,14019,591591,704,107252,5.4799270072992705,0.15347080817866102
376,0.0385,0,12,0,14031,591579,704,107252,5.479815850902219,0.15347344350780087
377,0.0386,3,32,3,14063,591547,707,107249,5.479519433843418,0.15347683730301834
378,0.0387,4,29,4,14092,591518,711,107245,5.479250805883878,0.15347836104659235
379,0.0388,1,25,1,14117,591493,712,107244,5.479019230056689,0.15348264082194016
380,0.0389,4,7,4,14124,591486,716,107240,5.478954388825077,0.1534793323849406
381,0.039,1,20,1,14144,591466,717,107239,5.478769128163326,0.15348251407961871
382,0.0391,3,14,3,14158,591452,720,107236,5.4786394457001,0.1534819547494733
383,0.0392,4,37,4,14195,591415,724,107232,5.478296713475861,0.15348523646419437
384,0.0393,3,33,3,14228,591382,727,107229,5.477991033383971,0.15348885144951913
385,0.0394,1,19,1,14247,591363,728,107228,5.477815035755308,0.15349181423751523
386,0.0395,0,14,0,14261,591349,728,107228,5.477685353292082,0.15349489032705055
387,0.0396,0,24,0,14285,591325,728,107228,5.47746304049798,0.15350016391025448
388,0.0397,2,29,2,14314,591296,730,107226,5.4771944125384415,0.15350411296995656
389,0.0398,0,12,0,14326,591284,730,107226,5.477083256141391,0.15350675008231807
390,0.0399,2,19,2,14345,591265,732,107224,5.476907258512727,0.1535085019234376
391,0.04,6,51,6,14396,591214,738,107218,5.476434843825262,0.15351243929258682
392,0.0401,0,20,0,14416,591194,738,107218,5.476249583163511,0.15351683533501714
393,0.0402,0,4,0,14420,591190,738,107218,5.476212531031161,0.1535177145737162
394,0.0403,1,11,1,14431,591179,739,107217,5.4761106376671975,0.15351892049782645
395,0.0404,0,5,0,14436,591174,739,107217,5.47606432250176,0.15352001958788128
396,0.0405,4,26,4,14462,591148,743,107213,5.475823483641483,0.15352088676200418
397,0.0406,3,34,3,14496,591114,746,107210,5.475508540516507,0.1535247249127912
398,0.0407,4,35,4,14531,591079,750,107206,5.475184334358443,0.15352757112067422
399,0.0408,0,25,0,14556,591054,750,107206,5.474952758531254,0.15353306791166615
400,0.0409,1,7,1,14563,591047,751,107205,5.4748879172996405,0.15353339482020817
401,0.041,4,58,4,14621,590989,755,107201,5.474350661380562,0.1535412996462281
402,0.0411,1,28,1,14649,590961,756,107200,5.474091296454111,0.15354624506381767
403,0.0412,0,9,0,14658,590952,756,107200,5.474007929156323,0.15354822445541946
404,0.0413,0,16,0,14674,590936,756,107200,5.473859720626922,0.15355174349983383
405,0.0414,2,16,2,14690,590920,758,107198,5.4737115120975215,0.15355283777241097
406,0.0415,1,22,1,14712,590898,759,107197,5.473507725369595,0.15355646437805742
407,0.0416,0,18,0,14730,590880,759,107197,5.473340990774019,0.15356042385009103
408,0.0417,5,79,5,14809,590801,764,107192,5.472609211160102,0.15357174069080923
409,0.0418,6,53,6,14862,590748,770,107186,5.472118270406462,0.1535761261093456
410,0.0419,1,29,1,14891,590719,771,107185,5.471849642446923,0.15358129484857516
411,0.042,1,31,1,14922,590688,772,107184,5.471562488421209,0.15358690418873375
412,0.0421,4,23,4,14945,590665,776,107180,5.471349438660195,0.15358711461714278
413,0.0422,0,18,0,14963,590647,776,107180,5.471182704064619,0.15359107629828023
414,0.0423,1,19,1,14982,590628,777,107179,5.471006706435955,0.15359404534491627
415,0.0424,2,17,2,14999,590611,779,107177,5.470849234873467,0.1535953613418402
416,0.0425,0,11,0,15010,590600,779,107177,5.470747341509504,0.1535977826726877
417,0.0426,1,26,1,15036,590574,780,107176,5.470506502649227,0.1536022930849158
418,0.0427,0,7,0,15043,590567,780,107176,5.470441661417615,0.15360383407644362
419,0.0428,1,24,1,15067,590543,781,107175,5.470219348623513,0.15360790462622434
420,0.0429,2,35,2,15102,590508,783,107173,5.4698951424654485,0.15361318424896192
421,0.043,1,4,1,15106,590504,784,107172,5.469858090333099,0.15361285181086923
422,0.0431,0,19,0,15125,590485,784,107172,5.469682092704435,0.1536170353053148
423,0.0432,0,17,0,15142,590468,784,107172,5.469524621141947,0.15362077862507884
424,0.0433,3,30,3,15172,590438,787,107169,5.46924673014932,0.15362374517457536
425,0.0434,2,10,2,15182,590428,789,107167,5.469154099818445,0.15362352081078562
426,0.0435,4,48,4,15230,590380,793,107163,5.468709474230242,0.15362923862758282
427,0.0436,2,29,2,15259,590351,795,107161,5.468440846270703,0.1536331991420936
428,0.0437,5,26,5,15285,590325,800,107156,5.4682000074104264,0.15363285881622582
429,0.0438,6,17,6,15302,590308,806,107150,5.468042535847938,0.15362932248250075
430,0.0439,0,16,0,15318,590292,806,107150,5.467894327318537,0.15363284688906031
431,0.044,2,25,2,15343,590267,808,107148,5.467662751491348,0.15363592695884087
432,0.0441,4,26,4,15369,590241,812,107144,5.467421912631072,0.15363680033267132
433,0.0442,0,15,0,15384,590226,812,107144,5.467282967134759,0.15364010496580008
434,0.0443,4,48,4,15432,590178,816,107140,5.466838341546556,0.15364582586423983
435,0.0444,2,28,2,15460,590150,818,107138,5.466578976620104,0.15364956804075217
436,0.0445,1,17,1,15477,590133,819,107137,5.466421505057616,0.15365210033416038
437,0.0446,3,18,3,15495,590115,822,107134,5.46625477046204,0.1536524254606317
438,0.0447,1,23,1,15518,590092,823,107133,5.466041720701027,0.15365628025386352
439,0.0448,1,13,1,15531,590079,824,107132,5.465921301270888,0.1536579313866247
440,0.0449,0,48,0,15579,590031,824,107132,5.465476675682686,0.15366851080737218
441,0.045,1,41,1,15620,589990,825,107131,5.4650968913260956,0.1536763345244226
442,0.0451,0,14,0,15634,589976,825,107131,5.46496720886287,0.15367942080627509
443,0.0452,0,14,0,15648,589962,825,107131,5.464837526399644,0.15368250721209364
444,0.0453,0,15,0,15663,589947,825,107131,5.464698580903331,0.1536858142130436
445,0.0454,0,12,0,15675,589935,825,107131,5.464587424506281,0.15368845991627766
446,0.0455,0,16,0,15691,589919,825,107131,5.4644392159768795,0.15369198766229109
447,0.0456,0,14,0,15705,589905,825,107131,5.464309533513654,0.15369507457290585
448,0.0457,0,11,0,15716,589894,825,107131,5.464207640149691,0.1536975000896668
449,0.0458,0,29,0,15745,589865,825,107131,5.463939012190152,0.15370389500083215
450,0.0459,1,22,1,15767,589843,826,107130,5.463735225462226,0.15370753242952023
451,0.046,1,45,1,15812,589798,827,107129,5.463318388973286,0.1537162428776615
452,0.0461,0,12,0,15824,589786,827,107129,5.463207232576234,0.15371888967808126
453,0.0462,3,22,3,15846,589764,830,107126,5.463003445848309,0.15372009929831107
454,0.0463,5,44,5,15890,589720,835,107121,5.462595872392456,0.15372373324761315
455,0.0464,1,30,1,15920,589690,836,107120,5.4623179813998295,0.1537291370674933
456,0.0465,0,17,0,15937,589673,836,107120,5.462160509837341,0.15373288767252255
457,0.0466,1,13,1,15950,589660,837,107119,5.462040090407203,0.15373454136821
458,0.0467,8,62,8,16012,589598,845,107111,5.461465782355774,0.15373850488510984
459,0.0468,4,27,4,16039,589571,849,107107,5.461215680462411,0.15373960423610333
460,0.0469,3,12,3,16051,589559,852,107104,5.46110452406536,0.15373860819363164
461,0.047,1,35,1,16086,589524,853,107103,5.460780317907296,0.15374511754497025
462,0.0471,2,69,2,16155,589455,855,107101,5.460141168624254,0.1537579175256548
463,0.0472,3,20,3,16175,589435,858,107098,5.459955907962503,0.15375868767165374
464,0.0473,2,20,2,16195,589415,860,107096,5.459770647300752,0.15376067283933778
465,0.0474,5,23,5,16218,589392,865,107091,5.459557597539739,0.15375967539767663
466,0.0475,1,45,1,16263,589347,866,107090,5.459140761050798,0.1537683954183939
467,0.0476,1,8,1,16271,589339,867,107089,5.459066656786098,0.15376894668221266
468,0.0477,1,18,1,16289,589321,868,107088,5.458899922190522,0.1537717059946095
469,0.0478,1,15,1,16304,589306,869,107087,5.458760976694209,0.15377380301065635
470,0.0479,4,59,4,16363,589247,873,107083,5.458214457742043,0.15378197119181997
471,0.048,0,4,0,16367,589243,873,107083,5.458177405609693,0.15378285458248003
472,0.0481,0,41,0,16408,589202,873,107083,5.457797621253103,0.1537919099219429
473,0.0482,0,16,0,16424,589186,873,107083,5.457649412723702,0.15379544400224626
474,0.0483,0,13,0,16437,589173,873,107083,5.457528993293564,0.1537983155620921
475,0.0484,1,22,1,16459,589151,874,107082,5.4573252065656375,0.1538019599760425
476,0.0485,2,49,2,16508,589102,876,107080,5.456871317944348,0.1538103541889908
477,0.0486,0,17,0,16525,589085,876,107080,5.456713846381859,0.15381411016066593
478,0.0487,2,21,2,16546,589064,878,107078,5.45651932268702,0.15381631908432475
479,0.0488,3,22,3,16568,589042,881,107075,5.456315535959094,0.1538175335468032
480,0.0489,1,26,1,16594,589016,882,107074,5.456074697098818,0.15382206323894898
481,0.049,1,31,1,16625,588985,883,107073,5.455787543073104,0.15382769826652376
482,0.0491,4,79,4,16704,588906,887,107069,5.455055763459187,0.15384029598764323
483,0.0492,2,43,2,16747,588863,889,107067,5.454657453036423,0.15384736970672339
484,0.0493,0,28,0,16775,588835,889,107067,5.45439808810997,0.15385355984032234
485,0.0494,2,15,2,16790,588820,891,107065,5.454259142613657,0.15385444434065973
486,0.0495,1,36,1,16826,588784,892,107064,5.453925673422505,0.15386118807555674
487,0.0496,3,21,3,16847,588763,895,107061,5.453731149727667,0.15386218354066544
488,0.0497,2,46,2,16893,588717,897,107059,5.453305050205639,0.15386992365358967
489,0.0498,1,15,1,16908,588702,898,107058,5.453166104709326,0.1538720248361504
490,0.0499,2,21,2,16929,588681,900,107056,5.452971581014487,0.15387423696023067
491,0.05,3,51,3,16980,588630,903,107053,5.452499166327022,0.15388186860969724
492,0.0501,0,43,0,17023,588587,903,107053,5.452100855904257,0.1538913805991605
493,0.0502,3,13,3,17036,588574,906,107050,5.451980436474119,0.15389060756960657
494,0.0503,0,28,0,17064,588546,906,107050,5.451721071547667,0.15389680216677495
495,0.0504,4,70,4,17134,588476,910,107046,5.451072659231539,0.15390742492688944
496,0.0505,3,58,3,17192,588418,913,107043,5.45053540331246,0.15391661070858034
497,0.0506,4,32,4,17224,588386,917,107039,5.450238986253659,0.15391882661681705
498,0.0507,3,26,3,17250,588360,920,107036,5.449998147393383,0.1539209313829818
499,0.0508,1,40,1,17290,588320,921,107035,5.44962762606988,0.1539285688605101
500,0.0509,0,9,0,17299,588311,921,107035,5.449544258772092,0.15393056118824297
501,0.051,2,51,2,17350,588260,923,107033,5.449071844084627,0.15393941834593475
502,0.0511,1,10,1,17360,588250,924,107032,5.448979213753751,0.15394041554362115
503,0.0512,0,16,0,17376,588234,924,107032,5.448831005224351,0.15394395813976233
504,0.0513,0,50,0,17426,588184,924,107032,5.448367853569973,0.15395502980368692
505,0.0514,2,17,2,17443,588167,926,107030,5.448210382007485,0.15395636057117623
506,0.0515,1,22,1,17465,588145,927,107029,5.448006595279558,0.15396001576583704
507,0.0516,2,47,2,17512,588098,929,107027,5.447571232724443,0.1539679913684589
508,0.0517,3,25,3,17537,588073,932,107024,5.447339656897254,0.15396987758543051
509,0.0518,0,9,0,17546,588064,932,107024,5.4472562895994665,0.15397187118753308
510,0.0519,2,32,2,17578,588032,934,107022,5.446959872540664,0.15397652556492014
511,0.052,1,38,1,17616,587994,935,107021,5.446607877283338,0.15398372696992152
512,0.0521,0,16,0,17632,587978,935,107021,5.446459668753937,0.15398727192413225
513,0.0522,1,14,1,17646,587964,936,107020,5.446329986290711,0.15398915658489978
514,0.0523,1,38,1,17684,587926,937,107019,5.445977991033384,0.1539963594241271
515,0.0524,2,18,2,17702,587908,939,107017,5.445811256437808,0.15399791344389682
516,0.0525,4,51,4,17753,587857,943,107013,5.445338841750343,0.15400434613668743
517,0.0526,2,30,2,17783,587827,945,107011,5.445060950757716,0.1540085602687245
518,0.0527,2,22,2,17805,587805,947,107009,5.44485716402979,0.15401100150543887
519,0.0528,1,34,1,17839,587771,948,107008,5.444542220904813,0.1540173206156202
520,0.0529,1,27,1,17866,587744,949,107007,5.4442921190114495,0.1540220884892573
521,0.053,2,26,2,17892,587718,951,107005,5.4440512801511725,0.15402541732460276
522,0.0531,0,10,0,17902,587708,951,107005,5.443958649820297,0.154027634433212
523,0.0532,1,47,1,17949,587661,952,107004,5.443523287265182,0.15403683790028286
524,0.0533,1,48,1,17997,587613,953,107003,5.44307866167698,0.15404626441083993
525,0.0534,1,72,1,18069,587541,954,107002,5.442411723294676,0.15406101566065744
526,0.0535,2,14,2,18083,587527,956,107000,5.44228204083145,0.15406168514686974
527,0.0536,2,38,2,18121,587489,958,106998,5.441930045574122,0.15406767873264726
528,0.0537,2,32,2,18153,587457,960,106996,5.441633628515321,0.15407234182874868
529,0.0538,2,27,2,18180,587430,962,106994,5.441383526621957,0.15407589599437807
530,0.0539,0,21,0,18201,587409,962,106994,5.441189002927119,0.1540805555275539
531,0.054,2,8,2,18209,587401,964,106992,5.441114898662418,0.1540798942385652
532,0.0541,1,3,1,18212,587398,965,106991,5.441087109563155,0.1540793416946409
533,0.0542,1,13,1,18225,587385,966,106990,5.440966690133017,0.15408100810081007
534,0.0543,2,20,2,18245,587365,968,106988,5.440781429471266,0.1540830096507108
535,0.0544,3,27,3,18272,587338,971,106985,5.440531327577902,0.15408534644538638
536,0.0545,3,12,3,18284,587326,974,106982,5.440420171180851,0.15408435449397098
537,0.0546,3,50,3,18334,587276,977,106979,5.4399570195264735,0.15409179624201483
538,0.0547,1,27,1,18361,587249,978,106978,5.43970691763311,0.1540965707182233
539,0.0548,1,29,1,18390,587220,979,106977,5.4394382896735705,0.15410178954965234
540,0.0549,0,5,0,18395,587215,979,106977,5.4393919745081325,0.15410289948602116
541,0.055,2,42,2,18437,587173,981,106975,5.439002927118455,0.1541097863856123
542,0.0551,3,29,3,18466,587144,984,106972,5.4387342991589165,0.1541125690806724
543,0.0552,3,32,3,18498,587112,987,106969,5.438437882100115,0.15411601815926385
544,0.0553,0,18,0,18516,587094,987,106969,5.438271147504539,0.1541200150418622
545,0.0554,2,14,2,18530,587080,989,106967,5.438141465041313,0.15412068635121254
546,0.0555,1,15,1,18545,587065,990,106966,5.438002519545,0.15412279854934433
547,0.0556,0,17,0,18562,587048,990,106966,5.437845047982512,0.1541265738155138
548,0.0557,2,11,2,18573,587037,992,106964,5.437743154618548,0.15412657906832988
549,0.0558,0,8,0,18581,587029,992,106964,5.437669050353848,0.15412835576151346
550,0.0559,0,14,0,18595,587015,992,106964,5.437539367890622,0.15413146507315062
551,0.056,2,36,2,18631,586979,994,106962,5.43720589869947,0.1541370231763219
552,0.0561,1,10,1,18641,586969,995,106961,5.437113268368595,0.1541380254492528
553,0.0562,1,26,1,18667,586943,996,106960,5.436872429508318,0.15414258188824662
554,0.0563,5,44,5,18711,586899,1001,106955,5.436464856052466,0.15414626131722237
555,0.0564,1,20,1,18731,586879,1002,106954,5.436279595390714,0.1541494855390274
556,0.0565,0,18,0,18749,586861,1002,106954,5.436112860795139,0.1541534847185489
557,0.0566,2,20,2,18769,586841,1004,106952,5.435927600133388,0.15415549018223015
558,0.0567,3,32,3,18801,586809,1007,106949,5.435631183074586,0.15415894303200828
559,0.0568,2,25,2,18826,586784,1009,106947,5.435399607247397,0.15416205993389367
560,0.0569,2,30,2,18856,586754,1011,106945,5.435121716254771,0.15416628826047032
561,0.057,0,16,0,18872,586738,1011,106945,5.43497350772537,0.15416984415071439
562,0.0571,0,17,0,18889,586721,1011,106945,5.434816036162881,0.15417362246383706
563,0.0572,3,59,3,18948,586662,1014,106942,5.434269517210716,0.15418307852895888
564,0.0573,1,9,1,18957,586653,1015,106941,5.434186149912928,0.1541838597219699
565,0.0574,1,26,1,18983,586627,1016,106940,5.433945311052651,0.15418842015263126
566,0.0575,2,42,2,19025,586585,1018,106938,5.4335562636629735,0.15419531868445602
567,0.0576,3,22,3,19047,586563,1021,106935,5.433352476935047,0.15419655139596652
568,0.0577,4,27,4,19074,586536,1025,106931,5.433102375041684,0.1541976763133646
569,0.0578,1,42,1,19116,586494,1026,106930,5.4327133276520065,0.15420579616511687
570,0.0579,4,38,4,19154,586456,1030,106926,5.432361332394679,0.15420936799628487
571,0.058,1,32,1,19186,586424,1031,106925,5.432064915335878,0.15421526532813923
572,0.0581,1,25,1,19211,586399,1032,106924,5.431833339508689,0.15421960615759178
573,0.0582,3,38,3,19249,586361,1035,106921,5.431481344251361,0.15422439930648713
574,0.0583,1,32,1,19281,586329,1036,106920,5.43118492719256,0.15423029820454123
575,0.0584,0,16,0,19297,586313,1036,106920,5.431036718663159,0.1542338578803952
576,0.0585,2,23,2,19320,586290,1038,106918,5.430823668902145,0.15423653506595422
577,0.0586,2,18,2,19338,586272,1040,106916,5.430656934306569,0.1542380999094041
578,0.0587,1,13,1,19351,586259,1041,106915,5.430536514876431,0.15423977240923636
579,0.0588,1,47,1,19398,586212,1042,106914,5.430101152321316,0.15424901100232857
580,0.0589,2,14,2,19412,586198,1044,106912,5.42997146985809,0.15424968619699614
581,0.059,4,44,4,19456,586154,1048,106908,5.429563896402238,0.15425459771275873
582,0.0591,0,34,0,19490,586120,1048,106908,5.429248953277261,0.15426216545363247
583,0.0592,3,35,3,19525,586085,1051,106905,5.428924747119197,0.15426629532893693
584,0.0593,3,21,3,19546,586064,1054,106902,5.428730223424358,0.15426730893001966
585,0.0594,2,26,2,19572,586038,1056,106900,5.428489384564082,0.15427065624918823
586,0.0595,0,45,0,19617,585993,1056,106900,5.428072548075142,0.15428067537123336
587,0.0596,3,14,3,19631,585979,1059,106897,5.427942865611916,0.15428013093251894
588,0.0597,2,38,2,19669,585941,1061,106895,5.427590870354589,0.15428615141245547
589,0.0598,1,11,1,19680,585930,1062,106894,5.427488976990626,0.15428738034479175
590,0.0599,1,19,1,19699,585911,1063,106893,5.427312979361962,0.15429039093307775
591,0.06,5,88,5,19787,585823,1068,106888,5.4264978324502575,0.15430388719105081
592,0.0601,0,9,0,19796,585814,1068,106888,5.42641446515247,0.15430589199973438
593,0.0602,1,32,1,19828,585782,1069,106887,5.4261180480936675,0.1543117997196352
594,0.0603,2,26,2,19854,585756,1071,106885,5.425877209233391,0.15431515027265208
595,0.0604,2,16,2,19870,585740,1073,106883,5.42572900070399,0.15431627306630014
596,0.0605,1,37,1,19907,585703,1074,106882,5.425386268479751,0.15432329605752362
597,0.0606,0,13,0,19920,585690,1074,106882,5.425265849049612,0.15432619280017096
598,0.0607,2,10,2,19930,585680,1076,106880,5.425173218718737,0.15432597897655076
599,0.0608,3,37,3,19967,585643,1079,106877,5.424830486494498,0.15433056085022814
600,0.0609,2,21,2,19988,585622,1081,106875,5.424635962799659,0.15433279855363993
601,0.061,6,29,6,20017,585593,1087,106869,5.42436733484012,0.15433193445994148
602,0.0611,1,66,1,20083,585527,1088,106868,5.423755974656341,0.1543454242159461
603,0.0612,0,19,0,20102,585508,1088,106868,5.423579977027678,0.15434965972246295
604,0.0613,1,29,1,20131,585479,1089,106867,5.423311349068139,0.15435490347311892
605,0.0614,2,41,2,20172,585438,1091,106865,5.422931564711549,0.15436160178418987
606,0.0615,1,14,1,20186,585424,1092,106864,5.422801882248323,0.154363501895165
607,0.0616,0,12,0,20198,585412,1092,106864,5.422690725851273,0.15436617765168806
608,0.0617,1,40,1,20238,585372,1093,106863,5.422320204527771,0.15437387592363866
609,0.0618,5,24,5,20262,585348,1098,106858,5.422097891733669,0.1543731201405362
610,0.0619,0,11,0,20273,585337,1098,106858,5.421995998369706,0.15437557335721871
611,0.062,1,31,1,20304,585306,1099,106857,5.421708844343992,0.15438126568452806
612,0.0621,4,49,4,20353,585257,1103,106853,5.421254955722702,0.15438730837583622
613,0.0622,1,29,1,20382,585228,1104,106852,5.4209863277631625,0.15439255577389896
614,0.0623,1,21,1,20403,585207,1105,106851,5.420791804068324,0.15439601883079163
615,0.0624,0,9,0,20412,585198,1105,106851,5.4207084367705365,0.15439802672932118
616,0.0625,4,23,4,20435,585175,1109,106847,5.420495387009522,0.15439827057521294
617,0.0626,6,37,6,20472,585138,1115,106841,5.420152654785283,0.15439919419519957
618,0.0627,1,33,1,20505,585105,1116,106840,5.419846974693393,0.15440533568419457
619,0.0628,0,31,0,20536,585074,1116,106840,5.419559820667679,0.15441225354596091
620,0.0629,7,38,7,20574,585036,1123,106833,5.419207825410353,0.15441217918420974
621,0.063,2,35,2,20609,585001,1125,106831,5.418883619252288,0.15441754645636513
622,0.0631,4,85,4,20694,584916,1129,106827,5.418096261439846,0.15443163140067914
623,0.0632,2,49,2,20743,584867,1131,106825,5.417642372818555,0.1544401265303054
624,0.0633,3,19,3,20762,584848,1134,106822,5.417466375189893,0.15444070149059522
625,0.0634,1,20,1,20782,584828,1135,106821,5.417281114528141,0.15444394483328971
626,0.0635,0,10,0,20792,584818,1135,106821,5.417188484197266,0.1544461778471139
627,0.0636,5,30,5,20822,584788,1140,106816,5.416910593204639,0.15444676433334684
628,0.0637,1,30,1,20852,584758,1141,106815,5.416632702212012,0.15445224148426848
629,0.0638,1,50,1,20902,584708,1142,106814,5.416169550557634,0.1544621863078832
630,0.0639,4,17,4,20919,584691,1146,106810,5.416012078995146,0.15446109260868748
631,0.064,4,42,4,20961,584649,1150,106806,5.4156230316054685,0.15446558344360806
632,0.0641,0,26,0,20987,584623,1150,106806,5.415382192745192,0.1544713918565753
633,0.0642,5,35,5,21022,584588,1155,106801,5.4150579865871284,0.15447309691071162
634,0.0643,0,16,0,21038,584572,1155,106801,5.414909778057727,0.15447667178209157
635,0.0644,0,17,0,21055,584555,1155,106801,5.414752306495239,0.15448047026423434
636,0.0645,1,50,1,21105,584505,1156,106800,5.414289154840861,0.15449042029205634
637,0.0646,1,27,1,21132,584478,1157,106799,5.414039052947497,0.15449523128933842
638,0.0647,2,17,2,21149,584461,1159,106797,5.4138815813850085,0.15449658448799147
639,0.0648,1,21,1,21170,584440,1160,106796,5.41368705769017,0.1545000549739886
640,0.0649,0,18,0,21188,584422,1160,106796,5.413520323094594,0.15450407830814591
641,0.065,1,23,1,21211,584399,1161,106795,5.41330727333358,0.15450799630783832
642,0.0651,6,46,6,21257,584353,1167,106789,5.412881173811553,0.1545109398647456
643,0.0652,2,13,2,21270,584340,1169,106787,5.412760754381415,0.15451139949676398
644,0.0653,2,31,2,21301,584309,1171,106785,5.412473600355701,0.15451588351222845
645,0.0654,3,20,3,21321,584289,1174,106782,5.41228833969395,0.15451668497158758
646,0.0655,3,80,3,21401,584209,1177,106779,5.411547297046945,0.1545309035757495
647,0.0656,0,14,0,21415,584195,1177,106779,5.411417614583719,0.1545340345657
648,0.0657,0,26,0,21441,584169,1177,106779,5.411176775723443,0.1545398495979437
649,0.0658,2,17,2,21458,584152,1179,106777,5.411019304160955,0.15454120466791813
650,0.0659,1,21,1,21479,584131,1180,106776,5.410824780466116,0.15454467822731568
651,0.066,3,57,3,21536,584074,1183,106773,5.410296787580125,0.15455375792324494
652,0.0661,0,21,0,21557,584053,1183,106773,5.410102263885286,0.15455845610906363
653,0.0662,1,24,1,21581,584029,1184,106772,5.4098799510911855,0.1545626019649653
654,0.0663,5,40,5,21621,583989,1189,106767,5.409509429767684,0.15456543265639386
655,0.0664,2,22,2,21643,583967,1191,106765,5.409305643039757,0.15456790766896567
656,0.0665,3,33,3,21676,583934,1194,106762,5.408999962947868,0.15457162051032583
657,0.0666,0,12,0,21688,583922,1194,106762,5.408888806550817,0.15457430605023426
658,0.0667,1,21,1,21709,583901,1195,106761,5.408694282855978,0.15457778189620971
659,0.0668,5,52,5,21761,583849,1200,106756,5.408212605135425,0.1545833001498686
660,0.0669,2,34,2,21795,583815,1202,106754,5.407897662010448,0.15458846255768793
661,0.067,1,16,1,21811,583799,1203,106753,5.407749453481048,0.15459082009754516
662,0.0671,1,27,1,21838,583772,1204,106752,5.407499351587684,0.1545956404122087
663,0.0672,0,20,0,21858,583752,1204,106752,5.407314090925933,0.15460011817455077
664,0.0673,2,49,2,21907,583703,1206,106750,5.406860202304642,0.15460864099366647
665,0.0674,1,13,1,21920,583690,1207,106749,5.406739782874505,0.1546103276321297
666,0.0675,0,21,0,21941,583669,1207,106749,5.406545259179666,0.15461503031496862
667,0.0676,1,13,1,21954,583656,1208,106748,5.406424839749527,0.15461671716849845
668,0.0677,2,20,2,21974,583636,1210,106746,5.406239579087776,0.1546187473022182
669,0.0678,2,16,2,21990,583620,1212,106744,5.406091370558376,0.15461988168560353
670,0.0679,0,26,0,22016,583594,1212,106744,5.405850531698099,0.154625705089391
671,0.068,2,12,2,22028,583582,1214,106742,5.4057393753010485,0.1546259437597418
672,0.0681,1,31,1,22059,583551,1215,106741,5.405452221275334,0.1546316631222729
673,0.0682,2,38,2,22097,583513,1217,106739,5.405100226018007,0.15463772651147698
674,0.0683,3,50,3,22147,583463,1220,106736,5.40463707436363,0.1546452544845762
675,0.0684,0,4,0,22151,583459,1220,106736,5.404600022231279,0.1546461507255196
676,0.0685,0,25,0,22176,583434,1220,106736,5.40436844640409,0.15465175246678356
677,0.0686,0,22,0,22198,583412,1220,106736,5.404164659676164,0.15465668233480354
678,0.0687,2,22,2,22220,583390,1222,106734,5.403960872948238,0.15465916270119573
679,0.0688,2,18,2,22238,583372,1224,106732,5.403794138352662,0.15466074678599168
680,0.0689,4,54,4,22292,583318,1228,106728,5.4032939345659345,0.15466794967292036
681,0.069,0,26,0,22318,583292,1228,106728,5.4030530957056575,0.1546737775716646
682,0.0691,6,61,6,22379,583231,1234,106722,5.402488050687317,0.15468010139821117
683,0.0692,3,20,3,22399,583211,1237,106719,5.402302790025566,0.15468090965750148
684,0.0693,1,9,1,22408,583202,1238,106718,5.402219422727778,0.15468170222634509
685,0.0694,0,25,0,22433,583177,1238,106718,5.401987846900589,0.15468730748882076
686,0.0695,1,26,1,22459,583151,1239,106717,5.401747008040313,0.15469191207593336
687,0.0696,1,11,1,22470,583140,1240,106716,5.40164511467635,0.1546931533537434
688,0.0697,3,15,3,22485,583125,1243,106713,5.401506169180037,0.15469284092787003
689,0.0698,0,13,0,22498,583112,1243,106713,5.401385749749898,0.15469575617004314
690,0.0699,2,44,2,22542,583068,1245,106711,5.400978176294045,0.15470317304527972
691,0.07,1,29,1,22571,583039,1246,106710,5.400709548334507,0.15470845191511695
692,0.0701,4,22,4,22593,583017,1250,106706,5.40050576160658,0.15470848442055724
693,0.0702,5,22,5,22615,582995,1255,106701,5.400301974878654,0.15470729132835337
694,0.0703,1,16,1,22631,582979,1256,106700,5.400153766349254,0.1547096547814273
695,0.0704,2,19,2,22650,582960,1258,106698,5.39997776872059,0.1547114656829907
696,0.0705,0,16,0,22666,582944,1258,106698,5.399829560191189,0.1547150550575516
697,0.0706,1,22,1,22688,582922,1259,106697,5.399625773463263,0.1547187649992242
698,0.0707,1,30,1,22718,582892,1260,106696,5.399347882470636,0.15472427014391202
699,0.0708,3,22,3,22740,582870,1263,106693,5.39914409574271,0.1547255290669598
700,0.0709,0,3,0,22743,582867,1263,106693,5.399116306643448,0.1547262022159058
701,0.071,0,31,0,22774,582836,1263,106693,5.398829152617733,0.154733158431335
702,0.0711,2,27,2,22801,582809,1265,106691,5.398579050724369,0.15473676577229878
703,0.0712,1,27,1,22828,582782,1266,106690,5.398328948831005,0.15474159936879234
704,0.0713,3,26,3,22854,582756,1269,106687,5.398088109970729,0.15474375691681547
705,0.0714,0,16,0,22870,582740,1269,106687,5.397939901441328,0.15474734816013877
706,0.0715,3,65,3,22935,582675,1272,106684,5.397337804290637,0.1547582609351586
707,0.0716,0,43,0,22978,582632,1272,106684,5.3969394938678725,0.1547679148605284
708,0.0717,3,23,3,23001,582609,1275,106681,5.396726444106858,0.15476940039751047
709,0.0718,0,20,0,23021,582589,1275,106681,5.396541183445107,0.1547738912182454
710,0.0719,1,31,1,23052,582558,1276,106680,5.396254029419393,0.1547796261958859
711,0.072,6,85,6,23137,582473,1282,106674,5.395466671606951,0.15479135801215124
712,0.0721,0,21,0,23158,582452,1282,106674,5.395272147912112,0.15479607502836926
713,0.0722,4,34,4,23192,582418,1286,106670,5.3949572047871355,0.15479880653849726
714,0.0723,0,11,0,23203,582407,1286,106670,5.394855311423172,0.1548012776511188
715,0.0724,4,22,4,23225,582385,1290,106666,5.394651524695246,0.15480131369085887
716,0.0725,1,15,1,23240,582370,1291,106665,5.394512579198933,0.1548034570087151
717,0.0726,0,13,0,23253,582357,1291,106665,5.3943921597687945,0.15480637773539888
718,0.0727,2,23,2,23276,582334,1293,106663,5.394179110007781,0.1548090920570046
719,0.0728,3,41,3,23317,582293,1296,106660,5.393799325651191,0.1548146245099448
720,0.0729,3,22,3,23339,582271,1299,106657,5.393595538923265,0.15481588787217243
721,0.073,0,20,0,23359,582251,1299,106657,5.393410278261514,0.15482038240229465
722,0.0731,0,11,0,23370,582240,1299,106657,5.3933083848975505,0.1548228545051002
723,0.0732,2,29,2,23399,582211,1301,106655,5.393039756938012,0.15482691844277408
724,0.0733,3,28,3,23427,582183,1304,106652,5.39278039201156,0.15482953101976527
725,0.0734,0,18,0,23445,582165,1304,106652,5.392613657415985,0.15483357698779213
726,0.0735,2,29,2,23474,582136,1306,106650,5.392345029456445,0.15483764188006144
727,0.0736,2,30,2,23504,582106,1308,106648,5.392067138463819,0.1548419319524823
728,0.0737,2,25,2,23529,582081,1310,106646,5.39183556263663,0.1548450982755141
729,0.0738,1,25,1,23554,582056,1311,106645,5.391603986809441,0.1548494920146769
730,0.0739,1,22,1,23576,582034,1312,106644,5.391400200081515,0.15485321151539616
731,0.074,1,19,1,23595,582015,1313,106643,5.391224202452851,0.15485625666150687
732,0.0741,1,31,1,23626,581984,1314,106642,5.390937048427137,0.15486200056344082
733,0.0742,2,33,2,23659,581951,1316,106640,5.390631368335248,0.154866967474161
734,0.0743,1,20,1,23679,581931,1317,106639,5.390446107673497,0.15487023831999652
735,0.0744,5,24,5,23703,581907,1322,106634,5.390223794879395,0.15486949941978764
736,0.0745,1,34,1,23737,581873,1323,106633,5.389908851754418,0.1548759197450712
737,0.0746,0,19,0,23756,581854,1323,106633,5.3897328541257545,0.15488019381629572
738,0.0747,2,43,2,23799,581811,1325,106631,5.38933454370299,0.15488741244723594
739,0.0748,3,30,3,23829,581781,1328,106628,5.389056652710363,0.1548904793516645
740,0.0749,2,37,2,23866,581744,1330,106626,5.388713920486124,0.15489634934700816
741,0.075,1,70,1,23936,581674,1331,106625,5.388065508169995,0.15491087448913918
742,0.0751,3,21,3,23957,581653,1334,106622,5.387870984475157,0.15491191747484653
743,0.0752,0,26,0,23983,581627,1334,106622,5.38763014561488,0.154917769586298
744,0.0753,5,26,5,24009,581601,1339,106617,5.387389306754604,0.154917482541869
745,0.0754,2,32,2,24041,581569,1341,106615,5.387092889695802,0.154922230101252
746,0.0755,5,78,5,24119,581491,1346,106610,5.386370373114973,0.15493365072859944
747,0.0756,2,33,2,24152,581458,1348,106608,5.3860646930230835,0.15493862507375747
748,0.0757,2,17,2,24169,581441,1350,106606,5.385907221460595,0.1549399968316118
749,0.0758,0,10,0,24179,581431,1350,106606,5.385814591129719,0.15494224874534362
750,0.0759,1,19,1,24198,581412,1351,106605,5.385638593501056,0.154945299316732
751,0.076,4,17,4,24215,581395,1355,106601,5.385481121938567,0.15494421479194648
752,0.0761,0,19,0,24234,581376,1355,106601,5.385305124309904,0.15494849391767457
753,0.0762,2,73,2,24307,581303,1357,106599,5.384628922894513,0.15496248012071487
754,0.0763,2,48,2,24355,581255,1359,106597,5.38418429730631,0.15497083674976594
755,0.0764,3,20,3,24375,581235,1362,106594,5.383999036644559,0.1549716571996819
756,0.0765,1,32,1,24407,581203,1363,106593,5.383702619585757,0.1549776387184572
757,0.0766,3,18,3,24425,581185,1366,106590,5.383535884990181,0.1549780087964814
758,0.0767,0,29,0,24454,581156,1366,106590,5.383267257030642,0.15498454371235892
759,0.0768,3,44,3,24498,581112,1369,106587,5.3828596835747895,0.1549907735797202
760,0.0769,3,28,3,24526,581084,1372,106584,5.382600318648338,0.15499339797693074
761,0.077,2,25,2,24551,581059,1374,106582,5.382368742821149,0.15499657524784008
762,0.0771,1,16,1,24567,581043,1375,106581,5.382220534291749,0.15499895291612859
763,0.0772,0,6,0,24573,581037,1375,106581,5.382164956093223,0.15500030540212734
764,0.0773,1,29,1,24602,581008,1376,106580,5.381896328133684,0.15500561382688471
765,0.0774,1,11,1,24613,580997,1377,106579,5.381794434769721,0.15500686469568456
766,0.0775,4,50,4,24663,580947,1381,106575,5.381331283115343,0.15501322139509718
767,0.0776,3,45,3,24708,580902,1384,106572,5.380914446626403,0.15501968074428996
768,0.0777,2,16,2,24724,580886,1386,106570,5.380766238097002,0.15502083042405623
769,0.0778,2,34,2,24758,580852,1388,106568,5.380451294972025,0.1550260393936749
770,0.0779,4,45,4,24803,580807,1392,106564,5.3800344584830855,0.15503127132218264
771,0.078,3,67,3,24870,580740,1395,106561,5.379413835266219,0.15504269599491344
772,0.0781,0,42,0,24912,580698,1395,106561,5.379024787876542,0.1550521710155851
773,0.0782,2,29,2,24941,580669,1397,106559,5.378756159917003,0.15505625498378994
774,0.0783,2,40,2,24981,580629,1399,106557,5.378385638593501,0.15506282141952835
775,0.0784,0,3,0,24984,580626,1399,106557,5.378357849494239,0.15506349836942998
776,0.0785,1,36,1,25020,580590,1400,106556,5.378024380303087,0.1550703926094309
777,0.0786,1,58,1,25078,580532,1401,106555,5.377487124384008,0.15508225304801285
778,0.0787,1,14,1,25092,580518,1402,106554,5.377357441920783,0.15508418331703228
779,0.0788,2,31,2,25123,580487,1404,106552,5.3770702878950685,0.15508872130985285
780,0.0789,3,42,3,25165,580445,1407,106549,5.376681240505391,0.15509451319807743
781,0.079,3,20,3,25185,580425,1410,106546,5.37649597984364,0.1550953388134288
782,0.0791,3,39,3,25224,580386,1413,106543,5.376134721553226,0.1551004543409872
783,0.0792,0,43,0,25267,580343,1413,106543,5.37573641113046,0.15511016384087026
784,0.0793,0,11,0,25278,580332,1413,106543,5.375634517766497,0.15511264786169246
785,0.0794,1,10,1,25288,580322,1414,106542,5.375541887435622,0.15511367606978965
786,0.0795,3,55,3,25343,580267,1417,106539,5.375032420615806,0.15512240720086895
787,0.0796,2,19,2,25362,580248,1419,106537,5.3748564229871425,0.15512423829873978
788,0.0797,3,26,3,25388,580222,1422,106534,5.374615584126866,0.15512642044627203
789,0.0798,3,25,3,25413,580197,1425,106531,5.374384008299677,0.15512837688284153
790,0.0799,2,17,2,25430,580180,1427,106529,5.374226536737189,0.15512975656355166
791,0.08,4,65,4,25495,580115,1431,106525,5.373624439586498,0.1551395199813585
792,0.0801,2,11,2,25506,580104,1433,106523,5.373522546222535,0.15513954446883096
793,0.0802,0,36,0,25542,580068,1433,106523,5.373189077031383,0.15514767889471315
794,0.0803,0,60,0,25602,580008,1433,106523,5.37263329504613,0.15516123816695823
795,0.0804,4,50,4,25652,579958,1437,106519,5.372170143391752,0.15516761668635656
796,0.0805,4,75,4,25727,579883,1441,106515,5.371475415910186,0.1551796479593472
797,0.0806,1,30,1,25757,579853,1442,106514,5.371197524917559,0.1551851997546502
798,0.0807,1,16,1,25773,579837,1443,106513,5.3710493163881585,0.15518758650834122
799,0.0808,4,28,4,25801,579809,1447,106509,5.370789951461707,0.15518899402317876
800,0.0809,1,14,1,25815,579795,1448,106508,5.370660268998481,0.15519092878801347
801,0.081,0,18,0,25833,579777,1448,106508,5.370493534402905,0.15519499916215568
802,0.0811,1,11,1,25844,579766,1449,106507,5.370391641038942,0.15519625571747686
803,0.0812,4,61,4,25905,579705,1453,106503,5.369826596020601,0.155205127308338
804,0.0813,2,16,2,25921,579689,1455,106501,5.3696783874912,0.1552062839738265
805,0.0814,3,33,3,25954,579656,1458,106498,5.369372707399311,0.1552100548856379
806,0.0815,0,5,0,25959,579651,1458,106498,5.369326392233873,0.15521118590860003
807,0.0816,8,21,8,25980,579630,1466,106490,5.369131868539035,0.15520608639888067
808,0.0817,9,62,9,26042,579568,1475,106481,5.368557560487606,0.1552090302587716
809,0.0818,0,14,0,26056,579554,1475,106481,5.36842787802438,0.15521219762840088
810,0.0819,2,26,2,26082,579528,1477,106479,5.368187039164104,0.15521561733335082
811,0.082,5,96,5,26178,579432,1482,106474,5.367297787987699,0.15523118328167418
812,0.0821,0,14,0,26192,579418,1482,106474,5.367168105524473,0.15523435176383454
813,0.0822,3,23,3,26215,579395,1485,106471,5.3669550557634595,0.1552358623987776
814,0.0823,1,8,1,26223,579387,1486,106470,5.366880951498759,0.15523644141563037
815,0.0824,0,25,0,26248,579362,1486,106470,5.36664937567157,0.15524210010614845
816,0.0825,4,20,4,26268,579342,1490,106466,5.366464115009819,0.15524170030095888
817,0.0826,1,42,1,26310,579300,1491,106465,5.366075067620142,0.15524997630383586
818,0.0827,2,11,2,26321,579289,1493,106463,5.365973174256179,0.15525000291650626
819,0.0828,1,11,1,26332,579278,1494,106462,5.3658712808922155,0.15525126141103043
820,0.0829,3,37,3,26369,579241,1497,106459,5.365528548667976,0.15525594283214234
821,0.083,0,9,0,26378,579232,1497,106459,5.3654451813701876,0.15525798063559243
822,0.0831,3,14,3,26392,579218,1500,106456,5.365315498906962,0.15525745470879748
823,0.0832,2,18,2,26410,579200,1502,106454,5.365148764311386,0.15525906652626542
824,0.0833,2,47,2,26457,579153,1504,106452,5.364713401756271,0.1552672457172862
825,0.0834,5,41,5,26498,579112,1509,106447,5.364333617399681,0.15527037060267607
826,0.0835,2,49,2,26547,579063,1511,106445,5.363879728778391,0.1552790047672675
827,0.0836,0,5,0,26552,579058,1511,106445,5.363833413612953,0.1552801373589904
828,0.0837,12,114,12,26666,578944,1523,106433,5.362777427840972,0.15529117551362243
829,0.0838,6,24,6,26690,578920,1529,106427,5.362555115046871,0.15528921845430124
830,0.0839,0,11,0,26701,578909,1529,106427,5.362453221682908,0.15529171092719485
831,0.084,3,40,3,26741,578869,1532,106424,5.362082700359406,0.1552970773085381
832,0.0841,0,11,0,26752,578858,1532,106424,5.361980806995443,0.1552995701039864
833,0.0842,4,16,4,26768,578842,1536,106420,5.361832598466042,0.15529826548094014
834,0.0843,3,50,3,26818,578792,1539,106417,5.361369446811664,0.15530589936793007
835,0.0844,2,50,2,26868,578742,1541,106415,5.360906295157286,0.1553147672723186
836,0.0845,6,31,6,26899,578711,1547,106409,5.360619141131572,0.15531439747781411
837,0.0846,3,63,3,26962,578648,1550,106406,5.3600355700470566,0.1553249816802763
838,0.0847,2,12,2,26974,578636,1552,106404,5.359924413650005,0.15532523648254118
839,0.0848,4,70,4,27044,578566,1556,106400,5.3592760013338765,0.15533617727011267
840,0.0849,0,13,0,27057,578553,1556,106400,5.359155581903739,0.15533912545824313
841,0.085,1,27,1,27084,578526,1557,106399,5.358905480010375,0.1553440157681498
842,0.0851,0,33,0,27117,578493,1557,106399,5.358599799918485,0.1553515006745589
843,0.0852,1,6,1,27123,578487,1558,106398,5.35854422171996,0.1553516283755667
844,0.0853,0,26,0,27149,578461,1558,106398,5.358303382859684,0.155357526147718
845,0.0854,3,24,3,27173,578437,1561,106395,5.358081070065582,0.155359270594832
846,0.0855,0,28,0,27201,578409,1561,106395,5.357821705139131,0.15536562286435243
847,0.0856,2,38,2,27239,578371,1563,106393,5.357469709881804,0.15537177772195968
848,0.0857,2,27,2,27266,578344,1565,106391,5.35721960798844,0.1553754372129364
849,0.0858,3,17,3,27283,578327,1568,106388,5.357062136425951,0.15537559422533462
850,0.0859,4,23,4,27306,578304,1572,106384,5.356849086664938,0.15537587923258478
851,0.086,2,34,2,27340,578270,1574,106382,5.356534143539961,0.15538112793068595
852,0.0861,3,27,3,27367,578243,1577,106379,5.356284041646597,0.1553835547207072
853,0.0862,4,34,4,27401,578209,1581,106375,5.35596909852162,0.15538633681184486
854,0.0863,1,25,1,27426,578184,1582,106374,5.355737522694431,0.15539077769889476
855,0.0864,5,89,5,27515,578095,1587,106369,5.354913112749639,0.15540481310923585
856,0.0865,1,12,1,27527,578083,1588,106368,5.354801956352588,0.1554063037383246
857,0.0866,1,15,1,27542,578068,1589,106367,5.3546630108562745,0.1554084756039653
858,0.0867,6,71,6,27613,577997,1595,106361,5.3540053355070585,0.15541719392481712
859,0.0868,3,37,3,27650,577960,1598,106358,5.353662603282819,0.15542189449934096
860,0.0869,4,40,4,27690,577920,1602,106354,5.353292081959316,0.15542604278403097
861,0.087,0,37,0,27727,577883,1602,106354,5.352949349735077,0.15543444742099594
862,0.0871,1,16,1,27743,577867,1603,106353,5.352801141205676,0.15543684779749203
863,0.0872,1,87,1,27830,577780,1604,106352,5.351995257327059,0.15545537995591494
864,0.0873,1,7,1,27837,577773,1605,106351,5.351930416095446,0.15545573609462612
865,0.0874,1,20,1,27857,577753,1606,106350,5.3517451554336954,0.1554590463716721
866,0.0875,2,68,2,27925,577685,1608,106348,5.351115269183741,0.15547203132012638
867,0.0876,3,16,3,27941,577669,1611,106345,5.350967060654341,0.15547196402412816
868,0.0877,1,12,1,27953,577657,1612,106344,5.35085590425729,0.15547345691015071
869,0.0878,1,20,1,27973,577637,1613,106343,5.350670643595539,0.15547676832655927
870,0.0879,1,18,1,27991,577619,1614,106342,5.350503908999963,0.15547962530027296
871,0.088,2,20,2,28011,577599,1616,106340,5.350318648338212,0.15548170231555739
872,0.0881,2,30,2,28041,577569,1618,106338,5.350040757345585,0.15548605292824902
873,0.0882,4,38,4,28079,577531,1622,106334,5.349688762088258,0.15548975309454352
874,0.0883,4,30,4,28109,577501,1626,106330,5.349410871095632,0.15549163462902385
875,0.0884,0,18,0,28127,577483,1626,106330,5.349244136500055,0.15549572763313946
876,0.0885,6,76,6,28203,577407,1632,106324,5.348540145985401,0.1555056008868985
877,0.0886,2,87,2,28290,577320,1634,106322,5.347734262106784,0.15552291989082004
878,0.0887,1,36,1,28326,577284,1635,106321,5.347400792915632,0.15552987470834767
879,0.0888,0,31,0,28357,577253,1635,106321,5.347113638889918,0.15553692796975893
880,0.0889,0,24,0,28381,577229,1635,106321,5.346891326095816,0.1555423889986102
881,0.089,2,24,2,28405,577205,1637,106319,5.346669013301716,0.1555453795331254
882,0.0891,4,29,4,28434,577176,1641,106315,5.346400385342177,0.15554703719580798
883,0.0892,4,57,4,28491,577119,1645,106311,5.345872392456186,0.1555550678196743
884,0.0893,2,29,2,28520,577090,1647,106309,5.345603764496647,0.15555919748199806
885,0.0894,3,18,3,28538,577072,1650,106306,5.3454370299010705,0.15555958781230886
886,0.0895,2,17,2,28555,577055,1652,106304,5.345279558338582,0.15556098624588247
887,0.0896,4,42,4,28597,577013,1656,106300,5.344890510948905,0.15556560463506475
888,0.0897,0,9,0,28606,577004,1656,106300,5.344807143651117,0.1555676536358634
889,0.0898,0,21,0,28627,576983,1656,106300,5.344612619956279,0.15557243484764
890,0.0899,2,48,2,28675,576935,1658,106298,5.3441679943680755,0.15558089260910993
891,0.09,1,25,1,28700,576910,1659,106297,5.343936418540887,0.15558534968172164
892,0.0901,1,63,1,28763,576847,1660,106296,5.343352847456371,0.15559846181546177
893,0.0902,1,23,1,28786,576824,1661,106295,5.343139797695358,0.15560246457791396
894,0.0903,5,30,5,28816,576794,1666,106290,5.342861906702731,0.15560311762535795
895,0.0904,2,34,2,28850,576760,1668,106288,5.342546963577754,0.15560839062554901
896,0.0905,2,31,2,28881,576729,1670,106286,5.34225980955204,0.15561298068124418
897,0.0906,2,15,2,28896,576714,1672,106284,5.342120864055726,0.1556139256630327
898,0.0907,1,16,1,28912,576698,1673,106283,5.341972655526326,0.1556163348614383
899,0.0908,0,17,0,28929,576681,1673,106283,5.3418151839638375,0.1556202083858007
900,0.0909,1,13,1,28942,576668,1674,106282,5.341694764533699,0.15562193425580204
901,0.091,0,15,0,28957,576653,1674,106282,5.341555819037386,0.1556253523395345
902,0.0911,4,41,4,28998,576612,1678,106278,5.341176034680796,0.1556297500329482
903,0.0912,0,27,0,29025,576585,1678,106278,5.340925932787432,0.15563590354141313
904,0.0913,5,78,5,29103,576507,1683,106273,5.340203416206602,0.15564749992676996
905,0.0914,2,22,2,29125,576485,1685,106271,5.339999629478677,0.15565004188904968
906,0.0915,0,9,0,29134,576476,1685,106271,5.339916262180888,0.15565209367452365
907,0.0916,0,15,0,29149,576461,1685,106271,5.339777316684575,0.15565551343719058
908,0.0917,4,37,4,29186,576424,1689,106267,5.339434584460336,0.15565900238907499
909,0.0918,5,67,5,29253,576357,1694,106262,5.33881396124347,0.1556680959656851
910,0.0919,1,22,1,29275,576335,1695,106261,5.338610174515543,0.15567187619030876
911,0.092,0,15,0,29290,576320,1695,106261,5.33847122901923,0.1556752971442217
912,0.0921,0,17,0,29307,576303,1695,106261,5.338313757456741,0.15567917440708856
913,0.0922,5,29,5,29336,576274,1700,106256,5.3380451294972024,0.15567960382693802
914,0.0923,2,27,2,29363,576247,1702,106254,5.337795027603838,0.15568328837613424
915,0.0924,2,19,2,29382,576228,1704,106252,5.337619029975175,0.15568514828273355
916,0.0925,2,26,2,29408,576202,1706,106250,5.337378191114898,0.1556886052059339
917,0.0926,0,34,0,29442,576168,1706,106250,5.337063247989922,0.15569636205375592
918,0.0927,2,22,2,29464,576146,1708,106248,5.336859461261995,0.15569890708300482
919,0.0928,3,20,3,29484,576126,1711,106245,5.336674200600244,0.15569975863569818
920,0.0929,1,40,1,29524,576086,1712,106244,5.336303679276742,0.1557076487916404
921,0.093,4,39,4,29563,576047,1716,106240,5.335942420986328,0.1557115993709392
922,0.0931,3,17,3,29580,576030,1719,106237,5.335784949423839,0.15571176680097382
923,0.0932,1,40,1,29620,575990,1720,106236,5.3354144281003375,0.15571965888136777
924,0.0933,0,27,0,29647,575963,1720,106236,5.335164326206973,0.15572582193758713
925,0.0934,0,11,0,29658,575952,1720,106236,5.33506243284301,0.15572833295220673
926,0.0935,2,29,2,29687,575923,1722,106234,5.334793804883471,0.15573247800726225
927,0.0936,2,31,2,29718,575892,1724,106232,5.334506650857757,0.15573708006168965
928,0.0937,0,21,0,29739,575871,1724,106232,5.334312127162918,0.1557418747608499
929,0.0938,0,34,0,29773,575837,1724,106232,5.333997184037941,0.155749638233082
930,0.0939,2,21,2,29794,575816,1726,106230,5.333802660343102,0.15575195807907385
931,0.094,2,25,2,29819,575791,1728,106228,5.333571084515914,0.1557551915709093
932,0.0941,0,41,0,29860,575750,1728,106228,5.333191300159324,0.15576455545486806
933,0.0942,2,21,2,29881,575729,1730,106226,5.332996776464485,0.15576687611352655
934,0.0943,2,13,2,29894,575716,1732,106224,5.332876357034348,0.1557673695633047
935,0.0944,3,58,3,29952,575658,1735,106221,5.332339101115269,0.15577690470010075
936,0.0945,1,22,1,29974,575636,1736,106220,5.332135314387343,0.15578069269757838
937,0.0946,1,46,1,30020,575590,1737,106219,5.331709214865316,0.15578996463819045
938,0.0947,4,19,4,30039,575571,1741,106215,5.331533217236652,0.15578935325747376
939,0.0948,4,31,4,30070,575540,1745,106211,5.331246063210938,0.15579148398755557
940,0.0949,0,18,0,30088,575522,1745,106211,5.3310793286153615,0.15579559739663476
941,0.095,4,38,4,30126,575484,1749,106207,5.330727333358035,0.15579932843473068
942,0.0951,1,24,1,30150,575460,1750,106206,5.330505020563933,0.15580357535801992
943,0.0952,4,91,4,30241,575369,1754,106202,5.329662084552966,0.1558194230681763
944,0.0953,2,25,2,30266,575344,1756,106200,5.329430508725777,0.15582266148627236
945,0.0954,0,15,0,30281,575329,1756,106200,5.3292915632294635,0.15582609103941286
946,0.0955,4,23,4,30304,575306,1760,106196,5.32907851346845,0.15582639522701328
947,0.0956,0,7,0,30311,575299,1760,106196,5.3290136722368375,0.1558279958033441
948,0.0957,1,20,1,30331,575279,1761,106195,5.328828411575087,0.15583133032221333
949,0.0958,5,57,5,30388,575222,1766,106190,5.328300418689095,0.1558381713265983
950,0.0959,3,43,3,30431,575179,1769,106187,5.327902108266331,0.15584428926597452
951,0.096,3,21,3,30452,575158,1772,106184,5.327707584571492,0.15584537574375276
952,0.0961,2,24,2,30476,575134,1774,106182,5.327485271777391,0.15584838753236382
953,0.0962,1,19,1,30495,575115,1775,106181,5.327309274148727,0.15585149479814941
954,0.0963,4,64,4,30559,575051,1779,106177,5.326716440031124,0.15586118010416483
955,0.0964,0,12,0,30571,575039,1779,106177,5.326605283634073,0.1558639256858324
956,0.0965,2,62,2,30633,574977,1781,106175,5.326030975582645,0.1558756342196749
957,0.0966,2,25,2,30658,574952,1783,106173,5.325799399755456,0.15587887685813911
958,0.0967,3,47,3,30705,574905,1786,106170,5.325364037200341,0.15588591564805637
959,0.0968,2,68,2,30773,574837,1788,106168,5.324734150950388,0.15589900220996908
960,0.0969,0,31,0,30804,574806,1788,106168,5.324446996924673,0.15590609920496232
961,0.097,3,32,3,30836,574774,1791,106165,5.324150579865871,0.15590970703690052
962,0.0971,1,9,1,30845,574765,1792,106164,5.3240672125680835,0.15591052811673464
963,0.0972,2,34,2,30879,574731,1794,106162,5.323752269443107,0.15591583405909593
964,0.0973,6,54,6,30933,574677,1800,106156,5.323252065656378,0.15592076177271078
965,0.0974,3,36,3,30969,574641,1803,106153,5.322918596465226,0.15592528723813665
966,0.0975,0,80,0,31049,574561,1803,106153,5.322177553818222,0.15594361214842062
967,0.0976,3,34,3,31083,574527,1806,106150,5.321862610693246,0.15594768149944835
968,0.0977,3,52,3,31135,574475,1809,106147,5.321380932972692,0.15595587565491564
969,0.0978,3,52,3,31187,574423,1812,106144,5.32089925525214,0.15596407113480376
970,0.0979,0,20,0,31207,574403,1812,106144,5.320713994590388,0.15596865462635204
971,0.098,0,32,0,31239,574371,1812,106144,5.320417577531587,0.15597598877320853
972,0.0981,8,52,8,31291,574319,1820,106136,5.319935899811034,0.1559779853186471
973,0.0982,3,69,3,31360,574250,1823,106133,5.319296750527993,0.15599008205672393
974,0.0983,0,41,0,31401,574209,1823,106133,5.318916966171403,0.15599948261315633
975,0.0984,2,30,2,31431,574179,1825,106131,5.318639075178776,0.15600388058385148
976,0.0985,0,59,0,31490,574120,1825,106131,5.318092556226611,0.15601741122027016
977,0.0986,0,6,0,31496,574114,1825,106131,5.318036978028085,0.15601878734867586
978,0.0987,2,58,2,31554,574056,1827,106129,5.317499722109007,0.1560296095915082
979,0.0988,1,21,1,31575,574035,1828,106128,5.317305198414169,0.15603318616272863
980,0.0989,4,42,4,31617,573993,1832,106124,5.3169161510244916,0.15603785819204638
981,0.099,2,15,2,31632,573978,1834,106122,5.316777205528179,0.1560388178209087
982,0.0991,2,49,2,31681,573929,1836,106120,5.316323316906888,0.15604757892445986
983,0.0992,0,30,0,31711,573899,1836,106120,5.316045425914261,0.15605446318411692
984,0.0993,0,15,0,31726,573884,1836,106120,5.315906480417948,0.1560579055417321
985,0.0994,4,49,4,31775,573835,1840,106116,5.3154525917966575,0.1560641869781793
986,0.0995,4,43,4,31818,573792,1844,106112,5.315054281373893,0.156069092107121
987,0.0996,3,15,3,31833,573777,1847,106109,5.31491533587758,0.15606881153605162
988,0.0997,1,27,1,31860,573750,1848,106108,5.314665233984216,0.1560737683457428
989,0.0998,6,96,6,31956,573654,1854,106102,5.313775982807811,0.15608836111781285
990,0.0999,1,30,1,31986,573624,1855,106101,5.313498091815184,0.15609400860642172
991,0.1,1,32,1,32018,573592,1856,106100,5.313201674756383,0.15610011593486461
992,0.1001,5,29,5,32047,573563,1861,106095,5.312933046796843,0.1561005682269612
993,0.1002,5,37,5,32084,573526,1866,106090,5.312590314572604,0.1561028580845654
994,0.1003,1,17,1,32101,573509,1867,106089,5.312432843010115,0.15610552120518306
995,0.1004,0,29,0,32130,573480,1867,106089,5.312164215050577,0.15611218286884776
996,0.1005,8,50,8,32180,573430,1875,106081,5.311701063396199,0.15611373472982779
997,0.1006,1,18,1,32198,573412,1876,106080,5.311534328800622,0.15611662830467468
998,0.1007,1,12,1,32210,573400,1877,106079,5.311423172403572,0.15611814345991562
999,0.1008,2,46,2,32256,573354,1879,106077,5.310997072881545,0.15612622915351226
1000,0.1009,1,9,1,32265,573345,1880,106076,5.310913705583756,0.1561270552426257
1001,0.101,3,65,3,32330,573280,1883,106073,5.310311608433065,0.15613826685095966
1002,0.1011,1,36,1,32366,573244,1884,106072,5.309978139241913,0.156145299094972
1003,0.1012,6,53,6,32419,573191,1890,106066,5.309487198488273,0.15615002863422828
1004,0.1013,1,26,1,32445,573165,1891,106065,5.309246359627997,0.15615476348217835
1005,0.1014,5,23,5,32468,573142,1896,106060,5.309033309866983,0.15615383935854135
1006,0.1015,2,24,2,32492,573118,1898,106058,5.308810997072881,0.1561568724454339
1007,0.1016,2,11,2,32503,573107,1900,106056,5.308709103708918,0.15615691667537837
1008,0.1017,6,38,6,32541,573069,1906,106050,5.308357108451592,0.156158199078512
1009,0.1018,1,20,1,32561,573049,1907,106049,5.308171847789841,0.1561615554750566
1010,0.1019,7,103,7,32664,572946,1914,106042,5.3072177553818225,0.15617654509358045
1011,0.102,3,18,3,32682,572928,1917,106039,5.307051020786246,0.15617695705387744
1012,0.1021,2,68,2,32750,572860,1919,106037,5.306421134536293,0.156190114258864
1013,0.1022,2,39,2,32789,572821,1921,106035,5.306059876245878,0.1561966013410797
1014,0.1023,0,14,0,32803,572807,1921,106035,5.305930193782652,0.15619982263914137
1015,0.1024,1,26,1,32829,572781,1922,106034,5.305689354922376,0.15620456236235203
1016,0.1025,5,58,5,32887,572723,1927,106029,5.305152099003298,0.15621169440384705
1017,0.1026,7,37,7,32924,572686,1934,106022,5.304809366779058,0.15621150774707238
1018,0.1027,2,36,2,32960,572650,1936,106020,5.304475897587906,0.15621730738061207
1019,0.1028,2,49,2,33009,572601,1938,106018,5.304022008966616,0.1562261003597011
1020,0.1029,1,27,1,33036,572574,1939,106017,5.303771907073252,0.15623107291431804
1021,0.103,0,55,0,33091,572519,1939,106017,5.3032624402534365,0.1562437365150854
1022,0.1031,5,21,5,33112,572498,1944,106012,5.303067916558598,0.15624235457104538
1023,0.1032,3,41,3,33153,572457,1947,106009,5.302688132202008,0.15624806548891176
1024,0.1033,2,27,2,33180,572430,1949,106007,5.302438030308644,0.15625179640850956
1025,0.1034,1,47,1,33227,572383,1950,106006,5.302002667753529,0.1562613780589013
1026,0.1035,1,11,1,33238,572372,1951,106005,5.3019007743895665,0.1562626681034292
1027,0.1036,0,16,0,33254,572356,1951,106005,5.301752565860165,0.15626635375559622
1028,0.1037,4,64,4,33318,572292,1955,106001,5.301159731742562,0.15627612256060433
1029,0.1038,1,15,1,33333,572277,1956,106000,5.301020786246249,0.15627833466268207
1030,0.1039,3,33,3,33366,572244,1959,105997,5.300715106154359,0.15628220647233063
1031,0.104,3,33,3,33399,572211,1962,105994,5.30040942606247,0.15628607869302055
1032,0.1041,6,55,6,33454,572156,1968,105988,5.299899959242654,0.1562912891657229
1033,0.1042,2,45,2,33499,572111,1970,105986,5.299483122753714,0.15629917253726236
1034,0.1043,4,66,4,33565,572045,1974,105982,5.298871762569936,0.156309409507291
1035,0.1044,7,64,7,33629,571981,1981,105975,5.298278928452333,0.1563154541002661
1036,0.1045,1,32,1,33661,571949,1982,105974,5.29798251139353,0.15632158814496633
1037,0.1046,5,82,5,33743,571867,1987,105969,5.297222942680351,0.15633427554747756
1038,0.1047,2,43,2,33786,571824,1989,105967,5.296824632257587,0.1563417041536403
1039,0.1048,1,28,1,33814,571796,1990,105966,5.296565267331135,0.15634691823973607
1040,0.1049,4,49,4,33863,571747,1994,105962,5.296111378709845,0.1563532430585989
1041,0.105,3,30,3,33893,571717,1997,105959,5.295833487717218,0.1563564299163612
1042,0.1051,1,51,1,33944,571666,1998,105958,5.295361073029753,0.1563669527643649
1043,0.1052,5,44,5,33988,571622,2003,105953,5.2949534995739,0.15637088145223776
1044,0.1053,0,15,0,34003,571607,2003,105953,5.294814554077587,0.1563743432315957
1045,0.1054,1,25,1,34028,571582,2004,105952,5.294582978250398,0.15637886807156542
1046,0.1055,0,32,0,34060,571550,2004,105952,5.294286561191597,0.15638625421031968
1047,0.1056,3,117,3,34177,571433,2007,105949,5.293202786320353,0.15640952963025295
1048,0.1057,0,32,0,34209,571401,2007,105949,5.292906369261551,0.15641691887502768
1049,0.1058,2,21,2,34230,571380,2009,105947,5.292711845566712,0.15641927754245732
1050,0.1059,0,39,0,34269,571341,2009,105947,5.292350587276298,0.15642828457022714
1051,0.106,2,29,2,34298,571312,2011,105945,5.292081959316759,0.15643249165383302
1052,0.1061,3,55,3,34353,571257,2014,105942,5.291572492496943,0.1564414596005015
1053,0.1062,3,44,3,34397,571213,2017,105939,5.2911649190410905,0.15644788762345824
1054,0.1063,1,35,1,34432,571178,2018,105938,5.290840712883027,0.1564547285841717
1055,0.1064,4,36,4,34468,571142,2022,105934,5.2905072436918745,0.15645806379195246
1056,0.1065,4,34,4,34502,571108,2026,105930,5.290192300566898,0.15646093719997992
1057,0.1066,3,19,3,34521,571089,2029,105927,5.290016302938234,0.15646159027260803
1058,0.1067,2,27,2,34548,571062,2031,105925,5.28976620104487,0.1564653383299827
1059,0.1068,4,32,4,34580,571030,2035,105921,5.2894697839860685,0.1564677502507567
1060,0.1069,1,8,1,34588,571022,2036,105920,5.289395679721368,0.15646835327103356
1061,0.107,1,51,1,34639,570971,2037,105919,5.288923265033903,0.15647889612787896
1062,0.1071,2,28,2,34667,570943,2039,105917,5.288663900107451,0.15648287681352127
1063,0.1072,2,32,2,34699,570911,2041,105915,5.288367483048649,0.1564877826797434
1064,0.1073,4,135,4,34834,570776,2045,105911,5.2871169735818295,0.15651401608129017
1065,0.1074,1,42,1,34876,570734,2046,105910,5.286727926192152,0.15652248449701764
1066,0.1075,1,13,1,34889,570721,2047,105909,5.286607506762014,0.15652424515614147
1067,0.1076,2,21,2,34910,570700,2049,105907,5.2864129830671756,0.1565266099818654
1068,0.1077,2,18,2,34928,570682,2051,105905,5.2862462484716,0.15652828091583196
1069,0.1078,5,36,5,34964,570646,2056,105900,5.285912779280448,0.15653037635282746
1070,0.1079,1,11,1,34975,570635,2057,105899,5.285810885916485,0.15653167468301668
1071,0.108,1,22,1,34997,570613,2058,105898,5.285607099188558,0.15653551826947382
1072,0.1081,6,33,6,35030,570580,2064,105892,5.285301419096669,0.1565356733168557
1073,0.1082,2,20,2,35050,570560,2066,105890,5.285116158434918,0.1565378076724074
1074,0.1083,1,64,1,35114,570496,2067,105889,5.284523324317314,0.15655137236928673
1075,0.1084,2,40,2,35154,570456,2069,105887,5.2841528029938125,0.15655813692165071
1076,0.1085,2,30,2,35184,570426,2071,105885,5.283874912001186,0.15656258733038497
1077,0.1086,0,20,0,35204,570406,2071,105885,5.283689651339435,0.15656721736648868
1078,0.1087,5,22,5,35226,570384,2076,105880,5.283485864611508,0.15656607478736115
1079,0.1088,2,12,2,35238,570372,2078,105878,5.283374708214458,0.15656635859519408
1080,0.1089,0,23,0,35261,570349,2078,105878,5.283161658453444,0.15657168376891192
1081,0.109,1,51,1,35312,570298,2079,105877,5.2826892437659785,0.15658224572041263
1082,0.1091,1,56,1,35368,570242,2080,105876,5.2821705139130755,0.1565939673252302
1083,0.1092,6,57,6,35425,570185,2086,105870,5.281642521027085,0.15659968493687643
1084,0.1093,2,17,2,35442,570168,2088,105868,5.281485049464597,0.15660112775059315
1085,0.1094,2,18,2,35460,570150,2090,105866,5.28131831486902,0.15660280230053727
1086,0.1095,1,64,1,35524,570086,2091,105865,5.280725480751418,0.1566163819566803
1087,0.1096,1,54,1,35578,570032,2092,105864,5.280225276964689,0.1566276468569129
1088,0.1097,1,67,1,35645,569965,2093,105863,5.279604653747823,0.15664192664405735
1089,0.1098,0,35,0,35680,569930,2093,105863,5.279280447589759,0.15665003928717816
1090,0.1099,5,72,5,35752,569858,2098,105858,5.278613509207455,0.15666049050192685
1091,0.11,6,41,6,35793,569817,2104,105852,5.278233724850865,0.1566625078255773
1092,0.1101,0,15,0,35808,569802,2104,105852,5.278094779354552,0.1566659858448259
1093,0.1102,3,39,3,35847,569763,2107,105849,5.277733521064137,0.1566712847018703
1094,0.1103,0,37,0,35884,569726,2107,105849,5.277390788839898,0.1566798652999297
1095,0.1104,0,73,0,35957,569653,2107,105849,5.2767145874245065,0.1566967973447895
1096,0.1105,4,33,4,35990,569620,2111,105845,5.276408907332617,0.1566994588912823
1097,0.1106,3,45,3,36035,569575,2114,105842,5.275992070843677,0.15670615338376143
1098,0.1107,1,20,1,36055,569555,2115,105841,5.275806810181926,0.15670954521495536
1099,0.1108,3,44,3,36099,569511,2118,105838,5.275399236726074,0.15671600905605843
1100,0.1109,1,33,1,36132,569478,2119,105837,5.275093556634184,0.1567224184269563
1101,0.111,1,32,1,36164,569446,2120,105836,5.274797139575383,0.156728596349377
1102,0.1111,1,68,1,36232,569378,2121,105835,5.2741672533254285,0.15674313142667573
1103,0.1112,1,34,1,36266,569344,2122,105834,5.273852310200452,0.15674977561472678
1104,0.1113,6,157,6,36423,569187,2128,105828,5.272398014005706,0.15677873825026112
1105,0.1114,0,13,0,36436,569174,2128,105828,5.272277594575568,0.15678175768368094
1106,0.1115,0,33,0,36469,569141,2128,105828,5.271971914483679,0.1567894229216453
1107,0.1116,0,19,0,36488,569122,2128,105828,5.271795916855015,0.15679383658048746
1108,0.1117,1,26,1,36514,569096,2129,105827,5.271555077994739,0.15679862739897737
1109,0.1118,2,20,2,36534,569076,2131,105825,5.271369817332988,0.15680077522481076
1110,0.1119,8,49,8,36583,569027,2139,105817,5.270915928711697,0.15680216464842245
1111,0.112,0,35,0,36618,568992,2139,105817,5.270591722553633,0.15681029743231048
1112,0.1121,7,78,7,36696,568914,2146,105810,5.269869205972804,0.15681967737919505
1113,0.1122,2,32,2,36728,568882,2148,105808,5.269572788914002,0.1568246157494553
1114,0.1123,2,59,2,36787,568823,2150,105806,5.269026269961836,0.15683583124947192
1115,0.1124,8,86,8,36873,568737,2158,105798,5.268229649116306,0.15684582712535303
1116,0.1125,1,40,1,36913,568697,2159,105797,5.267859127792804,0.1568538786112256
1117,0.1126,0,19,0,36932,568678,2159,105797,5.267683130164141,0.15685829719411393
1118,0.1127,0,19,0,36951,568659,2159,105797,5.267507132535477,0.15686271602595278
1119,0.1128,1,56,1,37007,568603,2160,105796,5.266988402682574,0.15687449121365837
1120,0.1129,2,30,2,37037,568573,2162,105794,5.266710511689948,0.15687896946321514
1121,0.113,3,38,3,37075,568535,2165,105791,5.2663585164326205,0.15688405904562483
1122,0.1131,1,33,1,37108,568502,2166,105790,5.266052836340731,0.15689048661410784
1123,0.1132,3,21,3,37129,568481,2169,105787,5.265858312645893,0.15689162172904542
1124,0.1133,6,40,6,37169,568441,2175,105781,5.265487791322391,0.15689342679414198
1125,0.1134,0,29,0,37198,568412,2175,105781,5.265219163362851,0.15690017546904225
1126,0.1135,2,50,2,37248,568362,2177,105779,5.2647560117084735,0.1569093112568439
1127,0.1136,2,38,2,37286,568324,2179,105777,5.264404016451147,0.15691565507245947
1128,0.1137,4,34,4,37320,568290,2183,105773,5.26408907332617,0.15691856695887477
1129,0.1138,2,74,2,37394,568216,2185,105771,5.263403608877691,0.15693329396561062
1130,0.1139,2,33,2,37427,568183,2187,105769,5.263097928785801,0.15693847633065855
1131,0.114,0,9,0,37436,568174,2187,105769,5.2630145614880135,0.15694057212553583
1132,0.1141,1,21,1,37457,568153,2188,105768,5.262820037793175,0.1569442115618893
1133,0.1142,2,61,2,37518,568092,2190,105766,5.262254992774834,0.15695591652840807
1134,0.1143,3,31,3,37549,568061,2193,105763,5.26196783874912,0.15695938405280904
1135,0.1144,1,19,1,37568,568042,2194,105762,5.2617918411204565,0.15696255884500537
1136,0.1145,1,41,1,37609,568001,2195,105761,5.2614120567638665,0.15697085914610798
1137,0.1146,1,46,1,37655,567955,2196,105760,5.260985957241839,0.15698032550856075
1138,0.1147,9,109,9,37764,567846,2205,105751,5.259976286635296,0.15699446404897885
1139,0.1148,2,41,2,37805,567805,2207,105749,5.259596502278706,0.1570015173245204
1140,0.1149,0,26,0,37831,567779,2207,105749,5.25935566341843,0.1570075780071504
1141,0.115,3,149,3,37980,567630,2210,105746,5.257975471488384,0.15703856389298104
1142,0.1151,6,39,6,38019,567591,2216,105740,5.25761421319797,0.15704014815892928
1143,0.1152,1,33,1,38052,567558,2217,105739,5.25730853310608,0.15704659310824198
1144,0.1153,3,45,3,38097,567513,2220,105736,5.25689169661714,0.15705333390766268
1145,0.1154,1,12,1,38109,567501,2221,105735,5.25678054022009,0.1570548812006488
1146,0.1155,0,22,0,38131,567479,2221,105735,5.256576753492164,0.1570600136063718
1147,0.1156,2,26,2,38157,567453,2223,105733,5.256335914631887,0.157063575297169
1148,0.1157,2,44,2,38201,567409,2225,105731,5.255928341176035,0.15707133731467451
1149,0.1158,3,17,3,38218,567392,2228,105728,5.255770869613547,0.15707154742096505
1150,0.1159,1,11,1,38229,567381,2229,105727,5.255668976249583,0.1570728620072856
1151,0.116,3,54,3,38283,567327,2232,105724,5.255168772462855,0.1570817070326023
1152,0.1161,1,66,1,38349,567261,2233,105723,5.254557412279077,0.1570958596341072
1153,0.1162,1,98,1,38447,567163,2234,105722,5.2536496350364965,0.1571174866433343
1154,0.1163,1,16,1,38463,567147,2235,105721,5.253501426507095,0.1571199700387
1155,0.1164,2,63,2,38526,567084,2237,105719,5.25291785542258,0.15713217687792713
1156,0.1165,1,50,1,38576,567034,2238,105718,5.252454703768202,0.15714260232596855
1157,0.1166,0,11,0,38587,567023,2238,105718,5.252352810404239,0.15714517176744097
1158,0.1167,3,43,3,38630,566980,2241,105715,5.251954499981474,0.1571514579415634
1159,0.1168,3,25,3,38655,566955,2244,105712,5.251722924154285,0.15715353956712608
1160,0.1169,2,11,2,38666,566944,2246,105710,5.251621030790322,0.15715360348708252
1161,0.117,5,52,5,38718,566892,2251,105705,5.251139353069769,0.15715948777648428
1162,0.1171,4,42,4,38760,566850,2255,105701,5.250750305680092,0.1571642893996143
1163,0.1172,2,42,2,38802,566808,2257,105699,5.250361258290415,0.1571715982138476
1164,0.1173,3,52,3,38854,566756,2260,105696,5.2498795805698615,0.15717999202917085
1165,0.1174,5,49,5,38903,566707,2265,105691,5.249425691948572,0.15718517901599946
1166,0.1175,6,117,6,39020,566590,2271,105685,5.248341917077328,0.15720501282957122
1167,0.1176,1,49,1,39069,566541,2272,105684,5.247888028456038,0.15721521811893338
1168,0.1177,0,9,0,39078,566532,2272,105684,5.247804661158249,0.15721732300332036
1169,0.1178,0,20,0,39098,566512,2272,105684,5.247619400496498,0.15722200072597872
1170,0.1179,2,14,2,39112,566498,2274,105682,5.247489718033273,0.15722276771102978
1171,0.118,2,27,2,39139,566471,2276,105680,5.247239616139908,0.15722657557602385
1172,0.1181,1,17,1,39156,566454,2277,105679,5.24708214457742,0.15722929836803132
1173,0.1182,3,20,3,39176,566434,2280,105676,5.246896883915669,0.15723021529213968
1174,0.1183,1,37,1,39213,566397,2281,105675,5.24655415169143,0.1572376173981359
1175,0.1184,9,87,9,39300,566310,2290,105666,5.245748267812813,0.1572466873816922
1176,0.1185,1,37,1,39337,566273,2291,105665,5.245405535588573,0.1572540918953832
1177,0.1186,2,26,2,39363,566247,2293,105663,5.245164696728296,0.1572576684377372
1178,0.1187,3,21,3,39384,566226,2296,105660,5.244970173033458,0.1572588206927961
1179,0.1188,0,47,0,39431,566179,2296,105660,5.244534810478343,0.1572698220853508
1180,0.1189,2,36,2,39467,566143,2298,105658,5.244201341287191,0.15727574088160035
1181,0.119,1,51,1,39518,566092,2299,105657,5.243728926599726,0.15728642692434228
1182,0.1191,1,24,1,39542,566068,2300,105656,5.243506613805624,0.15729079205149735
1183,0.1192,2,28,2,39570,566040,2302,105654,5.243247248879173,0.1572948396144673
1184,0.1193,4,52,4,39622,565988,2306,105650,5.24276557115862,0.15730199899350544
1185,0.1194,2,13,2,39635,565975,2308,105648,5.242645151728482,0.1573025343086821
1186,0.1195,2,44,2,39679,565931,2310,105646,5.242237578272629,0.15731033075879608
1187,0.1196,3,36,3,39715,565895,2313,105643,5.241904109081478,0.15731499930011406
1188,0.1197,2,20,2,39735,565875,2315,105641,5.241718848419726,0.15731717486999566
1189,0.1198,5,44,5,39779,565831,2320,105636,5.241311274963874,0.15732120863720778
1190,0.1199,2,28,2,39807,565803,2322,105634,5.241051910037423,0.1573252591084495
1191,0.12,2,41,2,39848,565762,2324,105632,5.240672125680833,0.15733235626174794
1192,0.1201,4,98,4,39946,565664,2328,105628,5.239764348438253,0.15735030359366714
1193,0.1202,2,32,2,39978,565632,2330,105626,5.239467931379451,0.15735529408960489
1194,0.1203,5,49,5,40027,565583,2335,105621,5.239014042758161,0.1573605044070059
1195,0.1204,3,24,3,40051,565559,2338,105618,5.23879172996406,0.15736236492013284
1196,0.1205,6,55,6,40106,565504,2344,105612,5.238282263144244,0.1573677277847645
1197,0.1206,0,23,0,40129,565481,2344,105612,5.2380692133832305,0.1573731211620446
1198,0.1207,2,31,2,40160,565450,2346,105610,5.237782059357516,0.15737787977230053
1199,0.1208,1,40,1,40200,565410,2347,105609,5.237411538034014,0.15738600546333265
1200,0.1209,4,99,4,40299,565311,2351,105605,5.236494497758346,0.15740420559354673
1201,0.121,3,48,3,40347,565263,2354,105602,5.236049872170144,0.15741169982038114
1202,0.1211,2,37,2,40384,565226,2356,105600,5.235707139945904,0.1574178699096338
1203,0.1212,2,21,2,40405,565205,2358,105598,5.235512616251065,0.15742028583652726
1204,0.1213,2,21,2,40426,565184,2360,105596,5.235318092556227,0.15742270192909746
1205,0.1214,3,17,3,40443,565167,2363,105593,5.235160620993738,0.1574229232512374
1206,0.1215,0,14,0,40457,565153,2363,105593,5.235030938530512,0.157426209026964
1207,0.1216,1,12,1,40469,565141,2364,105592,5.234919782133462,0.1574277693210264
1208,0.1217,2,53,2,40522,565088,2366,105590,5.234428841379821,0.15743769737489527
1209,0.1218,2,58,2,40580,565030,2368,105588,5.233891585460743,0.15744880095672947
1210,0.1219,0,24,0,40604,565006,2368,105588,5.233669272666642,0.157454435918007
1211,0.122,3,43,3,40647,564963,2371,105585,5.2332709622438776,0.1574607634352798
1212,0.1221,3,29,3,40676,564934,2374,105582,5.233002334284338,0.15746380399572865
1213,0.1222,3,33,3,40709,564901,2377,105579,5.2326966541924484,0.157467784273953
1214,0.1223,2,10,2,40719,564891,2379,105577,5.232604023861573,0.15746761963285347
1215,0.1224,4,120,4,40839,564771,2383,105573,5.231492459891067,0.15749078085281587
1216,0.1225,3,29,3,40868,564742,2386,105570,5.231223831931528,0.1574938237716168
1217,0.1226,1,11,1,40879,564731,2387,105569,5.231121938567565,0.1574951514247352
1218,0.1227,1,42,1,40921,564689,2388,105568,5.230732891177888,0.15750376348176892
1219,0.1228,2,13,2,40934,564676,2390,105566,5.230612471747749,0.1575043044154201
1220,0.1229,1,37,1,40971,564639,2391,105565,5.23026973952351,0.1575117426932695
1221,0.123,2,42,2,41013,564597,2393,105563,5.2298806921338326,0.15751909991643787
1222,0.1231,0,17,0,41030,564580,2393,105563,5.229723220571344,0.15752309581686297
1223,0.1232,1,20,1,41050,564560,2394,105562,5.229537959909592,0.157526539943473
1224,0.1233,1,50,1,41100,564510,2395,105561,5.229074808255215,0.157537037119947
1225,0.1234,1,11,1,41111,564499,2396,105560,5.228972914891252,0.1575383660244844
1226,0.1235,8,228,8,41339,564271,2404,105552,5.2268609433472895,0.15758192836017873
1227,0.1236,2,39,2,41378,564232,2406,105550,5.226499685056875,0.15758858852581886
1228,0.1237,3,66,3,41444,564166,2409,105547,5.225888324873097,0.15760034522250577
1229,0.1238,0,22,0,41466,564144,2409,105547,5.22568453814517,0.1576055225469657
1230,0.1239,0,4,0,41470,564140,2409,105547,5.22564748601282,0.15760646391523203
1231,0.124,0,36,0,41506,564104,2409,105547,5.2253140168216685,0.15761493673570262
1232,0.1241,0,29,0,41535,564075,2409,105547,5.225045388862129,0.15762176272583636
1233,0.1242,0,50,0,41585,564025,2409,105547,5.224582237207751,0.15763353306291183
1234,0.1243,2,9,2,41594,564016,2411,105545,5.224498869909963,0.15763313574117968
1235,0.1244,2,23,2,41617,563993,2413,105543,5.22428582014895,0.15763603450747982
1236,0.1245,2,19,2,41636,563974,2415,105541,5.224109822520286,0.15763799168054488
1237,0.1246,2,45,2,41681,563929,2417,105539,5.223692986031346,0.1576460712087807
1238,0.1247,3,64,3,41745,563865,2420,105536,5.2231001519137426,0.15765736830390154
1239,0.1248,4,48,4,41793,563817,2424,105532,5.22265552632554,0.15766364034307961
1240,0.1249,4,85,4,41878,563732,2428,105528,5.221868168513098,0.15767863012879899
1241,0.125,2,39,2,41917,563693,2430,105526,5.221506910222684,0.15768530182197457
1242,0.1251,8,35,8,41952,563658,2438,105518,5.221182704064619,0.15768347938360014
1243,0.1252,1,31,1,41983,563627,2439,105517,5.220895550038905,0.1576895257224155
1244,0.1253,3,44,3,42027,563583,2442,105514,5.220487976583052,0.15769611879891854
1245,0.1254,3,27,3,42054,563556,2445,105511,5.220237874689689,0.15769870580973205
1246,0.1255,4,52,4,42106,563504,2449,105507,5.2197561969691355,0.1577059271073271
1247,0.1256,6,59,6,42165,563445,2455,105501,5.21920967801697,0.1577122817088375
1248,0.1257,3,56,3,42221,563389,2458,105498,5.218690948164067,0.1577217078519989
1249,0.1258,2,60,2,42281,563329,2460,105496,5.218135166178814,0.15773333831719807
1250,0.1259,2,50,2,42331,563279,2462,105494,5.217672014524436,0.15774261221670133
1251,0.126,2,42,2,42373,563237,2464,105492,5.217282967134759,0.1577500003738435
1252,0.1261,6,95,6,42468,563142,2470,105486,5.216402978991441,0.1577648557942533
1253,0.1262,2,21,2,42489,563121,2472,105484,5.216208455296602,0.15776729159967395
1254,0.1263,4,99,4,42588,563022,2476,105480,5.215291415020935,0.15778561619860523
1255,0.1264,1,35,1,42623,562987,2477,105479,5.21496720886287,0.15779261772476086
1256,0.1265,2,48,2,42671,562939,2479,105477,5.214522583274667,0.15780142905017236
1257,0.1266,1,10,1,42681,562929,2480,105476,5.214429952943792,0.1578025299032772
1258,0.1267,7,61,7,42742,562868,2487,105469,5.213864907925451,0.15780811177594536
1259,0.1268,1,10,1,42752,562858,2488,105468,5.213772277594575,0.15780921286916863
1260,0.1269,3,27,3,42779,562831,2491,105465,5.213522175701212,0.15781180794139124
1261,0.127,3,59,3,42838,562772,2494,105462,5.2129756567490455,0.15782196057069828
1262,0.1271,3,106,3,42944,562666,2497,105459,5.2119937752417655,0.15784321796071094
1263,0.1272,1,17,1,42961,562649,2498,105458,5.211836303679276,0.157845973773662
1264,0.1273,4,86,4,43047,562563,2502,105454,5.211039682833747,0.1578612520340051
1265,0.1274,3,13,3,43060,562550,2505,105451,5.210919263403609,0.15786054212493694
1266,0.1275,3,53,3,43113,562497,2508,105448,5.210428322649968,0.15786928564477615
1267,0.1276,2,22,2,43135,562475,2510,105446,5.210224535922042,0.1578719638999223
1268,0.1277,3,42,3,43177,562433,2513,105443,5.209835488532365,0.15787810911007433
1269,0.1278,3,40,3,43217,562393,2516,105440,5.209464967208863,0.1578837823228262
1270,0.1279,0,11,0,43228,562382,2516,105440,5.2093630738449,0.157886382898437
1271,0.128,1,35,1,43263,562347,2517,105439,5.209038867686836,0.15789339698645974
1272,0.1281,1,20,1,43283,562327,2518,105438,5.208853607025084,0.15789686491505245
1273,0.1282,2,42,2,43325,562285,2520,105436,5.208464559635407,0.15790427439005214
1274,0.1283,2,50,2,43375,562235,2522,105434,5.20800140798103,0.1579135769370751
1275,0.1284,0,66,0,43441,562169,2522,105434,5.207390047797251,0.1579291884548152
1276,0.1285,3,38,3,43479,562131,2525,105431,5.207038052539923,0.157934394108712
1277,0.1286,1,9,1,43488,562122,2526,105430,5.206954685242136,0.15793526197210106
1278,0.1287,4,74,4,43562,562048,2530,105426,5.206269220793657,0.15794772530465606
1279,0.1288,2,40,2,43602,562008,2532,105424,5.205898699470154,0.15795466804108882
1280,0.1289,1,37,1,43639,561971,2533,105423,5.205555967245915,0.15796216327986168
1281,0.129,3,16,3,43655,561955,2536,105420,5.205407758716514,0.15796216519947556
1282,0.1291,0,11,0,43666,561944,2536,105420,5.2053058653525515,0.15796476885178104
1283,0.1292,1,47,1,43713,561897,2537,105419,5.204870502797436,0.15797463270774265
1284,0.1293,0,19,0,43732,561878,2537,105419,5.2046945051687725,0.15797913073189299
1285,0.1294,1,19,1,43751,561859,2538,105418,5.204518507540109,0.1579823671428807
1286,0.1295,2,24,2,43775,561835,2540,105416,5.204296194746008,0.15798552568673557
1287,0.1296,0,14,0,43789,561821,2540,105416,5.204166512282782,0.15798884054691212
1288,0.1297,4,37,4,43826,561784,2544,105412,5.203823780058542,0.15799255391219372
1289,0.1298,3,26,3,43852,561758,2547,105409,5.203582941198266,0.1579949248089309
1290,0.1299,4,85,4,43937,561673,2551,105405,5.202795583385824,0.15801000782517186
1291,0.13,2,27,2,43964,561646,2553,105403,5.20254548149246,0.15801387904037034
1292,0.1301,6,28,6,43992,561618,2559,105397,5.202286116566008,0.15801293823976972
1293,0.1302,7,74,7,44066,561544,2566,105390,5.20160065211753,0.15802163332503666
1294,0.1303,4,21,4,44087,561523,2570,105386,5.201406128422691,0.15802155916324417
1295,0.1304,3,52,3,44139,561471,2573,105383,5.2009244507021375,0.15803009354371422
1296,0.1305,1,19,1,44158,561452,2574,105382,5.200748453073475,0.15803333363325806
1297,0.1306,0,11,0,44169,561441,2574,105382,5.2006465597095115,0.15803594057193587
1298,0.1307,0,22,0,44191,561419,2574,105382,5.200442772981585,0.15804115470732646
1299,0.1308,3,38,3,44229,561381,2577,105379,5.200090777724258,0.15804637350770892
1300,0.1309,4,36,4,44265,561345,2581,105375,5.199757308533106,0.15804985601151908
1301,0.131,2,63,2,44328,561282,2583,105373,5.19917373744859,0.15806226608965657
1302,0.1311,0,76,0,44404,561206,2583,105373,5.198469746933936,0.15808028755781386
1303,0.1312,2,31,2,44435,561175,2585,105371,5.198182592908222,0.1580851134055264
1304,0.1313,3,35,3,44470,561140,2588,105368,5.197858386750157,0.15808962533082874
1305,0.1314,2,15,2,44485,561125,2590,105366,5.197719441253844,0.15809065688809001
1306,0.1315,6,73,6,44558,561052,2596,105360,5.197043239838453,0.15810039435064194
1307,0.1316,2,42,2,44600,561010,2598,105358,5.196654192448776,0.15810783230887437
1308,0.1317,1,59,1,44659,560951,2599,105357,5.19610767349661,0.15812056886604994
1309,0.1318,0,27,0,44686,560924,2599,105357,5.195857571603246,0.15812697645587973
1310,0.1319,1,10,1,44696,560914,2600,105356,5.19576494127237,0.15812808621129573
1311,0.132,4,40,4,44736,560874,2604,105352,5.195394419948868,0.15813252559942123
1312,0.1321,1,42,1,44778,560832,2605,105351,5.195005372559191,0.1581412314634267
1313,0.1322,4,27,4,44805,560805,2609,105347,5.194755270665826,0.158142586076451
1314,0.1323,4,28,4,44833,560777,2613,105343,5.194495905739375,0.15814417822614543
1315,0.1324,1,35,1,44868,560742,2614,105342,5.194171699581311,0.15815122416992453
1316,0.1325,5,129,5,44997,560613,2619,105337,5.192976768313017,0.15817553870410692
1317,0.1326,0,11,0,45008,560602,2619,105337,5.192874874949053,0.1581781514523102
1318,0.1327,5,51,5,45059,560551,2624,105332,5.192402460261588,0.15818394522761506
1319,0.1328,4,97,4,45156,560454,2628,105328,5.191503946052095,0.1582019339663734
1320,0.1329,3,19,3,45175,560435,2631,105325,5.191327948423432,0.15820265561163183
1321,0.133,2,36,2,45211,560399,2633,105323,5.1909944792322795,0.1582086817019717
1322,0.1331,1,87,1,45298,560312,2634,105322,5.190188595353662,0.15822809531965012
1323,0.1332,4,29,4,45327,560283,2638,105318,5.189919967394124,0.15822993054397455
1324,0.1333,5,50,5,45377,560233,2643,105313,5.189456815739746,0.15823549386518737
1325,0.1334,1,17,1,45394,560216,2644,105312,5.1892993441772575,0.1582382709668113
1326,0.1335,1,48,1,45442,560168,2645,105311,5.188854718589055,0.15824841955944516
1327,0.1336,1,10,1,45452,560158,2646,105310,5.188762088258179,0.1582495326597222
1328,0.1337,2,49,2,45501,560109,2648,105308,5.188308199636889,0.15825865585039156
1329,0.1338,1,29,1,45530,560080,2649,105307,5.18803957167735,0.15826428830139452
1330,0.1339,0,23,0,45553,560057,2649,105307,5.187826521916336,0.15826975910929958
1331,0.134,7,40,7,45593,560017,2656,105300,5.187456000592834,0.15827041846217668
1332,0.1341,9,135,9,45728,559882,2665,105291,5.186205491126015,0.15829115132454263
1333,0.1342,5,27,5,45755,559855,2670,105286,5.18595538923265,0.1582912495245369
1334,0.1343,2,26,2,45781,559829,2672,105284,5.185714550372374,0.1582949062790834
1335,0.1344,6,46,6,45827,559783,2678,105278,5.185288450850346,0.15829826136249156
1336,0.1345,4,53,4,45880,559730,2682,105274,5.184797510096706,0.15830581470186644
1337,0.1346,1,51,1,45931,559679,2683,105273,5.184325095409241,0.15831669052803812
1338,0.1347,3,44,3,45975,559635,2686,105270,5.183917521953388,0.1583233695039141
1339,0.1348,3,30,3,46005,559605,2689,105267,5.183639630960762,0.15832671551817493
1340,0.1349,1,11,1,46016,559594,2690,105266,5.183537737596799,0.15832806906717203
1341,0.135,6,61,6,46077,559533,2696,105260,5.182972692578458,0.15833500051895855
1342,0.1351,3,125,3,46202,559408,2699,105257,5.1818148134425135,0.158360978838964
1343,0.1352,2,31,2,46233,559377,2701,105255,5.181527659416799,0.15836583252085365
1344,0.1353,2,9,2,46242,559368,2703,105253,5.181444292119012,0.1583654443660372
1345,0.1354,1,26,1,46268,559342,2704,105252,5.181203453258735,0.1583703734911841
1346,0.1355,2,134,2,46402,559208,2706,105250,5.179962206825003,0.15839977846605804
1347,0.1356,8,107,8,46509,559101,2714,105242,5.178971062284634,0.15841515602632977
1348,0.1357,1,26,1,46535,559075,2715,105241,5.178730223424358,0.15842008923464135
1349,0.1358,3,53,3,46588,559022,2718,105238,5.1782392826707175,0.15842892843163822
1350,0.1359,3,15,3,46603,559007,2721,105235,5.1781003371744045,0.15842870520081537
1351,0.136,7,39,7,46642,558968,2728,105228,5.17773907888399,0.1584291383868617
1352,0.1361,3,43,3,46685,558925,2731,105225,5.177340768461225,0.158435594368742
1353,0.1362,3,88,3,46773,558837,2734,105222,5.17652562154952,0.15845278808057717
1354,0.1363,3,39,3,46812,558798,2737,105219,5.1761643632591054,0.15845829248347557
1355,0.1364,2,43,2,46855,558755,2739,105217,5.175766052836341,0.1584660196514311
1356,0.1365,1,11,1,46866,558744,2740,105216,5.175664159472378,0.15846737755286464
1357,0.1366,2,22,2,46888,558722,2742,105214,5.1754603727444515,0.15847009350298824
1358,0.1367,1,27,1,46915,558695,2743,105213,5.175210270851087,0.1584752706700326
1359,0.1368,3,41,3,46956,558654,2746,105210,5.174830486494498,0.15848125519684755
1360,0.1369,1,48,1,47004,558606,2747,105209,5.174385860906296,0.15849144716524935
1361,0.137,12,157,12,47161,558449,2759,105197,5.172931564711549,0.15851372569110642
1362,0.1371,2,19,2,47180,558430,2761,105195,5.172755567082886,0.15851572800904126
1363,0.1372,6,18,6,47198,558412,2767,105189,5.1725888324873095,0.15851241936042892
1364,0.1373,12,120,12,47318,558292,2779,105177,5.171477268516803,0.15852586933225216
1365,0.1374,4,84,4,47402,558208,2783,105173,5.170699173737448,0.15854086867124623
1366,0.1375,4,31,4,47433,558177,2787,105169,5.170412019711734,0.15854320369761785
1367,0.1376,5,49,5,47482,558128,2792,105164,5.1699581310904446,0.1585485728758978
1368,0.1377,1,29,1,47511,558099,2793,105163,5.169689503130905,0.15855423648573264
1369,0.1378,1,13,1,47524,558086,2794,105162,5.169569083700767,0.15855607555544834
1370,0.1379,3,35,3,47559,558051,2797,105159,5.1692448775427025,0.15856063690233863
1371,0.138,0,13,0,47572,558038,2797,105159,5.169124458112564,0.15856374501090928
1372,0.1381,8,38,8,47610,558000,2805,105151,5.168772462855237,0.15856268029453321
1373,0.1382,4,28,4,47638,557972,2809,105147,5.168513097928786,0.1585642999220351
1374,0.1383,3,53,3,47691,557919,2812,105144,5.1680221571751455,0.15857316725560014
1375,0.1384,1,35,1,47726,557884,2813,105143,5.167697951017081,0.15858026897848806
1376,0.1385,1,37,1,47763,557847,2814,105142,5.167355218792841,0.15858784987382898
1377,0.1386,1,48,1,47811,557799,2815,105141,5.166910593204639,0.15859806317313785
1378,0.1387,4,48,4,47859,557751,2819,105137,5.166465967616436,0.158604470136735
1379,0.1388,1,14,1,47873,557737,2820,105136,5.166336285153211,0.15860655057605302
1380,0.1389,1,28,1,47901,557709,2821,105135,5.166076920226759,0.15861198109962524
1381,0.139,5,31,5,47932,557678,2826,105130,5.165789766201045,0.15861305234698433
1382,0.1391,0,35,0,47967,557643,2826,105130,5.16546556004298,0.15862142845287905
1383,0.1392,1,27,1,47994,557616,2827,105129,5.165215458149617,0.15862662109861259
1384,0.1393,0,18,0,48012,557598,2827,105129,5.16504872355404,0.15863092947774876
1385,0.1394,4,51,4,48063,557547,2831,105125,5.164576308866575,0.1586380592510322
1386,0.1395,2,14,2,48077,557533,2833,105123,5.1644466264033495,0.1586388714506471
1387,0.1396,4,74,4,48151,557459,2837,105119,5.163761161954871,0.15865150970904557
1388,0.1397,1,16,1,48167,557443,2838,105118,5.16361295342547,0.15865407109684995
1389,0.1398,4,62,4,48229,557381,2842,105114,5.163038645374042,0.1586638389723696
1390,0.1399,10,28,10,48257,557353,2852,105104,5.16277928044759,0.15865784496201263
1391,0.14,0,31,0,48288,557322,2852,105104,5.162492126421876,0.15866526978107742
1392,0.1401,4,100,4,48388,557222,2856,105100,5.16156582311312,0.15868414457016375
1393,0.1402,2,17,2,48405,557205,2858,105098,5.161408351550632,0.15868567709945447
1394,0.1403,3,51,3,48456,557154,2861,105095,5.160935936863167,0.15869408636328633
1395,0.1404,3,22,3,48478,557132,2864,105092,5.160732150135241,0.15869554712604797
1396,0.1405,2,23,2,48501,557109,2866,105090,5.160519100374226,0.15869851811917565
1397,0.1406,0,27,0,48528,557082,2866,105090,5.160268998480863,0.15870498903608127
1398,0.1407,1,43,1,48571,557039,2867,105089,5.159870688058097,0.15871402508276344
1399,0.1408,1,54,1,48625,556985,2868,105088,5.15937048427137,0.15872569943193576
1400,0.1409,8,52,8,48677,556933,2876,105080,5.158888806550817,0.15872800080965177
1401,0.141,2,31,2,48708,556902,2878,105078,5.158601652525102,0.15873289223239373
1402,0.1411,6,40,6,48748,556862,2884,105072,5.1582311312016005,0.15873485876235396
1403,0.1412,3,47,3,48795,556815,2887,105069,5.157795768646485,0.15874231738491942
1404,0.1413,5,68,5,48863,556747,2892,105064,5.157165882396532,0.15875227217438212
1405,0.1414,4,69,4,48932,556678,2896,105060,5.15652673311349,0.15876374033227653
1406,0.1415,1,66,1,48998,556612,2897,105059,5.155915372929712,0.15877830523024283
1407,0.1416,3,21,3,49019,556591,2900,105056,5.155720849234873,0.15877953047470933
1408,0.1417,1,47,1,49066,556544,2901,105055,5.155285486679759,0.15878953867826281
1409,0.1418,5,19,5,49085,556525,2906,105050,5.155109489051095,0.15878774137474966
1410,0.1419,2,19,2,49104,556506,2908,105048,5.154933491422431,0.15878975865915707
1411,0.142,2,61,2,49165,556445,2910,105046,5.15436844640409,0.1588018582263402
1412,0.1421,1,12,1,49177,556433,2911,105045,5.15425729000704,0.15880346738667045
1413,0.1422,2,33,2,49210,556400,2913,105043,5.1539516099151506,0.15880884671846252
1414,0.1423,0,72,0,49282,556328,2913,105043,5.153284671532846,0.15882613540660234
1415,0.1424,3,43,3,49325,556285,2916,105040,5.152886361110082,0.15883264658072807
1416,0.1425,4,38,4,49363,556247,2920,105036,5.1525343658527545,0.158836685655007
1417,0.1426,1,15,1,49378,556232,2921,105035,5.1523954203564415,0.1588390166150738
1418,0.1427,2,43,2,49421,556189,2923,105033,5.151997109933677,0.1588468018305501
1419,0.1428,4,51,4,49472,556138,2927,105029,5.151524695246211,0.15885396579079114
1420,0.1429,0,16,0,49488,556122,2927,105029,5.151376486716811,0.15885781009179445
1421,0.143,3,78,3,49566,556044,2930,105026,5.1506539701359815,0.15887273662395812
1422,0.1431,4,91,4,49657,555953,2934,105022,5.149811034125014,0.15888951927077424
1423,0.1432,3,46,3,49703,555907,2937,105019,5.1493849346029865,0.15889676000036312
1424,0.1433,4,47,4,49750,555860,2941,105015,5.148949572047871,0.1589029695479478
1425,0.1434,14,36,14,49786,555824,2955,105001,5.148616102856719,0.15889380698369462
1426,0.1435,3,50,3,49836,555774,2958,104998,5.148152951202341,0.15890201158644737
1427,0.1436,4,19,4,49855,555755,2962,104994,5.147976953573679,0.1589014890677095
1428,0.1437,7,57,7,49912,555698,2969,104987,5.147448960687687,0.15890628665703022
1429,0.1438,4,49,4,49961,555649,2973,104983,5.146995072066398,0.15891298029765435
1430,0.1439,6,50,6,50011,555599,2979,104977,5.14653192041202,0.158917369083951
1431,0.144,2,80,2,50091,555519,2981,104975,5.145790877765015,0.15893407055930864
1432,0.1441,4,34,4,50125,555485,2985,104971,5.1454759346400385,0.15893715856923096
1433,0.1442,3,82,3,50207,555403,2988,104968,5.144716365926859,0.1589530733481634
1434,0.1443,4,58,4,50265,555345,2992,104964,5.144179110007781,0.1589619405460171
1435,0.1444,0,21,0,50286,555324,2992,104964,5.143984586312943,0.15896699621983135
1436,0.1445,2,36,2,50322,555288,2994,104962,5.143651117121791,0.15897311624384702
1437,0.1446,2,30,2,50352,555258,2996,104960,5.143373226129164,0.15897779218379385
1438,0.1447,4,70,4,50422,555188,3000,104956,5.142724813813035,0.15898955379432367
1439,0.1448,2,49,2,50471,555139,3002,104954,5.1422709251917444,0.15899880774375733
1440,0.1449,1,6,1,50477,555133,3003,104953,5.142215346993219,0.15899897892092849
1441,0.145,8,104,8,50581,555029,3011,104945,5.141251991552114,0.1590138399391491
1442,0.1451,7,51,7,50632,554978,3018,104938,5.140779576864649,0.15901720825074706
1443,0.1452,5,50,5,50682,554928,3023,104933,5.140316425210271,0.15902288512277585
1444,0.1453,3,17,3,50699,554911,3026,104930,5.1401589536477825,0.15902315860942257
1445,0.1454,2,33,2,50732,554878,3028,104928,5.139853273555893,0.1590285629412282
1446,0.1455,4,87,4,50819,554791,3032,104924,5.139047389677276,0.15904443585487674
1447,0.1456,4,9,4,50828,554782,3036,104920,5.138964022379488,0.15904150661965555
1448,0.1457,1,37,1,50865,554745,3037,104919,5.138621290155249,0.15904915229571417
1449,0.1458,2,41,2,50906,554704,3039,104917,5.138241505798659,0.1590564884986985
1450,0.1459,1,35,1,50941,554669,3040,104916,5.137917299640594,0.15906365366101413
1451,0.146,2,12,2,50953,554657,3042,104914,5.137806143243544,0.15906399765908447
1452,0.1461,6,71,6,51024,554586,3048,104908,5.1371484678943276,0.15907347147964954
1453,0.1462,1,27,1,51051,554559,3049,104907,5.136898366000963,0.15907870913739297
1454,0.1463,2,45,2,51096,554514,3051,104905,5.136481529512023,0.15908701447789644
1455,0.1464,5,49,5,51145,554465,3056,104900,5.136027640890733,0.15909246017001205
1456,0.1465,2,29,2,51174,554436,3058,104898,5.135759012931194,0.15909690687875946
1457,0.1466,2,73,2,51247,554363,3060,104896,5.135082811515803,0.15911197268448363
1458,0.1467,9,137,9,51384,554226,3069,104887,5.133813775982808,0.1591335628336871
1459,0.1468,7,39,7,51423,554187,3076,104880,5.133452517692393,0.15913404858686597
1460,0.1469,0,43,0,51466,554144,3076,104880,5.133054207269629,0.1591444317657627
1461,0.147,0,16,0,51482,554128,3076,104880,5.1329059987402275,0.1591482956200835
1462,0.1471,0,24,0,51506,554104,3076,104880,5.132683685946126,0.15915409175336578
1463,0.1472,1,34,1,51540,554070,3077,104879,5.132368742821149,0.15916102763643317
1464,0.1473,3,93,3,51633,553977,3080,104876,5.131507280744007,0.15917966526675906
1465,0.1474,3,41,3,51674,553936,3083,104873,5.131127496387417,0.15918574275700545
1466,0.1475,4,22,4,51696,553914,3087,104869,5.130923709659491,0.15918595349303186
1467,0.1476,2,26,2,51722,553888,3089,104867,5.130682870799214,0.15918968356976418
1468,0.1477,2,55,2,51777,553833,3091,104865,5.130173403979399,0.15920042265195886
1469,0.1478,5,119,5,51896,553714,3096,104860,5.12907110304198,0.15922280563763525
1470,0.1479,2,26,2,51922,553688,3098,104858,5.128830264181704,0.15922653846504267
1471,0.148,5,34,5,51956,553654,3103,104853,5.128515321056727,0.15922837570443443
1472,0.1481,1,4,1,51960,553650,3104,104852,5.128478268924376,0.1592280661258432
1473,0.1482,5,118,5,52078,553532,3109,104847,5.127385231020045,0.1592502190987258
1474,0.1483,1,22,1,52100,553510,3110,104846,5.127181444292119,0.15925426365066925
1475,0.1484,0,19,0,52119,553491,3110,104846,5.127005446663455,0.15925885982407187
1476,0.1485,3,56,3,52175,553435,3113,104843,5.126486716810552,0.15926857649807527
1477,0.1486,8,60,8,52235,553375,3121,104835,5.125930934825299,0.1592728764376111
1478,0.1487,7,57,7,52292,553318,3128,104828,5.125402941939309,0.15927772864987405
1479,0.1488,2,44,2,52336,553274,3130,104826,5.124995368483456,0.15928582282327913
1480,0.1489,0,13,0,52349,553261,3130,104826,5.124874949053318,0.15928896939158502
1481,0.149,11,185,11,52534,553076,3141,104815,5.1231612879321204,0.15931970493592404
1482,0.1491,1,50,1,52584,553026,3142,104814,5.122698136277743,0.15933053630062022
1483,0.1492,2,45,2,52629,552981,3144,104812,5.122281299788803,0.15933888016442863
1484,0.1493,2,19,2,52648,552962,3146,104810,5.122105302160139,0.15934092664327457
1485,0.1494,1,35,1,52683,552927,3147,104809,5.121781096002075,0.1593481275162071
1486,0.1495,6,54,6,52737,552873,3153,104803,5.121280892215347,0.15935354186559947
1487,0.1496,0,47,0,52784,552826,3153,104803,5.120845529660232,0.1593649306828014
1488,0.1497,1,23,1,52807,552803,3154,104802,5.120632479899218,0.15936922620722166
1489,0.1498,4,14,4,52821,552789,3158,104798,5.120502797435992,0.15936750574448705
1490,0.1499,2,26,2,52847,552763,3160,104796,5.120261958575716,0.1593712503364717
1491,0.15,2,16,2,52863,552747,3162,104794,5.120113750046315,0.15937257144421413
1492,0.1501,14,77,14,52940,552670,3176,104780,5.1194004964985735,0.15937333637538975
1493,0.1502,6,39,6,52979,552631,3182,104774,5.119039238208159,0.15937511883846336
1494,0.1503,2,27,2,53006,552604,3184,104772,5.118789136314795,0.1593791072384754
1495,0.1504,1,11,1,53017,552593,3185,104771,5.118687242950831,0.15938049543327593
1496,0.1505,7,74,7,53091,552519,3192,104764,5.118001778502353,0.15938948672033204
1497,0.1506,8,90,8,53181,552429,3200,104756,5.117168105524473,0.15940108188713983
1498,0.1507,0,14,0,53195,552415,3200,104756,5.117038423061247,0.1594044776778038
1499,0.1508,4,42,4,53237,552373,3204,104752,5.11664937567157,0.15940954917253186
1500,0.1509,0,25,0,53262,552348,3204,104752,5.116417799844381,0.15941561406178664
1501,0.151,10,119,10,53381,552229,3214,104742,5.115315498906962,0.15943169485411077
1502,0.1511,5,69,5,53450,552160,3219,104737,5.114676349623921,0.15944204342537718
1503,0.1512,1,38,1,53488,552122,3220,104736,5.114324354366594,0.15944998766856763
1504,0.1513,2,57,2,53545,552065,3222,104734,5.1137963614806035,0.15946126592762777
1505,0.1514,5,63,5,53608,552002,3227,104729,5.113212790396087,0.15947016358295862
1506,0.1515,1,22,1,53630,551980,3228,104728,5.113009003668161,0.15947422598780583
1507,0.1516,1,36,1,53666,551944,3229,104727,5.112675534477009,0.1594816886995162
1508,0.1517,3,37,3,53703,551907,3232,104724,5.112332802252769,0.15948683507175263
1509,0.1518,1,16,1,53719,551891,3233,104723,5.112184593723369,0.15948944128513862
1510,0.1519,1,18,1,53737,551873,3234,104722,5.112017859127793,0.159492533449082
1511,0.152,7,50,7,53787,551823,3241,104715,5.111554707473415,0.15949571845041718
1512,0.1521,12,131,12,53918,551692,3253,104703,5.110341250138945,0.15951218397458847
1513,0.1522,5,68,5,53986,551624,3258,104698,5.109711363888992,0.15952230764777045
1514,0.1523,1,25,1,54011,551599,3259,104697,5.109479788061803,0.15952710362397454
1515,0.1524,2,58,2,54069,551541,3261,104695,5.108942532142724,0.1595386415862586
1516,0.1525,1,40,1,54109,551501,3262,104694,5.1085720108192225,0.15954708585100466
1517,0.1526,1,21,1,54130,551480,3263,104693,5.108377487124384,0.15955091111642813
1518,0.1527,6,124,6,54254,551356,3269,104687,5.107228871021527,0.15957338162285095
1519,0.1528,8,43,8,54297,551313,3277,104679,5.1068305605987625,0.15957359236088245
1520,0.1529,1,49,1,54346,551264,3278,104678,5.106376671977472,0.159584231532666
1521,0.153,2,19,2,54365,551245,3280,104676,5.106200674348809,0.15958629164182883
1522,0.1531,1,34,1,54399,551211,3281,104675,5.1058857312238315,0.15959328297905429
1523,0.1532,2,99,2,54498,551112,3283,104673,5.104968690948164,0.15961481278162812
1524,0.1533,2,38,2,54536,551074,3285,104671,5.104616695690837,0.15962149921082128
1525,0.1534,2,15,2,54551,551059,3287,104669,5.1044777501945235,0.15962258741429372
1526,0.1535,4,34,4,54585,551025,3291,104665,5.104162807069547,0.15962573777242295
1527,0.1536,1,50,1,54635,550975,3292,104664,5.103699655415169,0.15963662930362593
1528,0.1537,2,17,2,54652,550958,3294,104662,5.103542183852681,0.15963820505780787
1529,0.1538,5,24,5,54676,550934,3299,104657,5.103319871058579,0.15963763993099356
1530,0.1539,2,29,2,54705,550905,3301,104655,5.10305124309904,0.15964213801940325
1531,0.154,4,18,4,54723,550887,3305,104651,5.102884508503465,0.15964139378647768
1532,0.1541,3,59,3,54782,550828,3308,104648,5.102337989551299,0.15965191708010668
1533,0.1542,3,61,3,54843,550767,3311,104645,5.101772944532958,0.15966292957712094
1534,0.1543,0,9,0,54852,550758,3311,104645,5.10168957723517,0.15966512206993255
1535,0.1544,6,26,6,54878,550732,3317,104639,5.101448738374893,0.1596637629678457
1536,0.1545,5,65,5,54943,550667,3322,104634,5.100846641224202,0.15967318835161246
1537,0.1546,3,33,3,54976,550634,3325,104631,5.100540961132313,0.15967738243306143
1538,0.1547,3,120,3,55096,550514,3328,104628,5.099429397161806,0.1597027819923009
1539,0.1548,3,83,3,55179,550431,3331,104625,5.09866056541554,0.15971916904814246
1540,0.1549,10,176,10,55355,550255,3341,104615,5.09703027159213,0.159749263212546
1541,0.155,8,29,8,55384,550226,3349,104607,5.096761643632591,0.15974607266280105
1542,0.1551,4,16,4,55400,550210,3353,104603,5.09661343510319,0.15974484318423735
1543,0.1552,3,27,3,55427,550183,3356,104600,5.096363333209826,0.15974758049613383
1544,0.1553,4,54,4,55481,550129,3360,104596,5.0958631294230985,0.15975562258963688
1545,0.1554,1,23,1,55504,550106,3361,104595,5.095650079662085,0.1597599514893058
1546,0.1555,1,5,1,55509,550101,3362,104594,5.095603764496647,0.15975988819221165
1547,0.1556,1,53,1,55562,550048,3363,104593,5.095112823743007,0.15977153890452936
1548,0.1557,6,101,6,55663,549947,3369,104587,5.094177257401164,0.15978849074303245
1549,0.1558,2,42,2,55705,549905,3371,104585,5.093788210011486,0.15979617717612188
1550,0.1559,3,58,3,55763,549847,3374,104582,5.093250954092408,0.1598064877931754
1551,0.156,2,22,2,55785,549825,3376,104580,5.093047167364482,0.15980929241066313
1552,0.1561,8,133,8,55918,549692,3384,104572,5.0918151839638375,0.15983150532506757
1553,0.1562,4,21,4,55939,549671,3388,104568,5.091620660268998,0.15983149888649256
1554,0.1563,5,54,5,55993,549617,3393,104563,5.091120456482271,0.15983827081231466
1555,0.1564,0,44,0,56037,549573,3393,104563,5.090712883026418,0.15984902222167868
1556,0.1565,3,29,3,56066,549544,3396,104560,5.090444255066879,0.1598522559103751
1557,0.1566,1,31,1,56097,549513,3397,104559,5.090157101041165,0.1598585476828239
1558,0.1567,0,29,0,56126,549484,3397,104559,5.089888473081626,0.15986563574566198
1559,0.1568,1,68,1,56194,549416,3398,104558,5.089258586831672,0.15988097386134617
1560,0.1569,3,51,3,56245,549365,3401,104555,5.088786172144207,0.1598895889405432
1561,0.157,2,23,2,56268,549342,3403,104553,5.088573122383194,0.1598926433142936
1562,0.1571,6,48,6,56316,549294,3409,104547,5.08812849679499,0.15989667212670972
1563,0.1572,2,31,2,56347,549263,3411,104545,5.087841342769276,0.15990168367471796
1564,0.1573,4,27,4,56374,549236,3415,104541,5.087591240875913,0.15990314740347245
1565,0.1574,4,70,4,56444,549166,3419,104537,5.086942828559784,0.15991512965368065
1566,0.1575,3,61,3,56505,549105,3422,104534,5.086377783541443,0.15992619779419526
1567,0.1576,6,34,6,56539,549071,3428,104528,5.086062840416466,0.15992680527356987
1568,0.1577,1,23,1,56562,549048,3429,104527,5.085849790655452,0.1599311479172245
1569,0.1578,4,77,4,56639,548971,3433,104523,5.085136537107711,0.1599448502970188
1570,0.1579,3,27,3,56666,548944,3436,104520,5.084886435214346,0.15994760231627145
1571,0.158,2,47,2,56713,548897,3438,104518,5.084451072659231,0.15995653604523924
1572,0.1581,9,118,9,56831,548779,3447,104509,5.0833580347549,0.1599738553287371
1573,0.1582,3,45,3,56876,548734,3450,104506,5.08294119826596,0.1599810176964056
1574,0.1583,0,25,0,56901,548709,3450,104506,5.082709622438771,0.1599871405280038
1575,0.1584,4,50,4,56951,548659,3454,104502,5.082246470784393,0.1599942433795037
1576,0.1585,4,31,4,56982,548628,3458,104498,5.081959316758679,0.1599966928280301
1577,0.1586,4,36,4,57018,548592,3462,104494,5.081625847567527,0.1600003674860585
1578,0.1587,2,22,2,57040,548570,3464,104492,5.081422060839602,0.16000318499621782
1579,0.1588,3,21,3,57061,548549,3467,104489,5.081227537144763,0.16000447140901447
1580,0.1589,4,43,4,57104,548506,3471,104485,5.080829226721998,0.16000986231050657
1581,0.159,4,17,4,57121,548489,3475,104481,5.08067175515951,0.16000888249077294
1582,0.1591,4,29,4,57150,548460,3479,104477,5.08040312719997,0.16001084331260138
1583,0.1592,5,44,5,57194,548416,3484,104472,5.079995553744118,0.16001519403021652
1584,0.1593,2,72,2,57266,548344,3486,104470,5.079328615361814,0.16003026895869268
1585,0.1594,4,40,4,57306,548304,3490,104466,5.078958094038312,0.16003492807573877
1586,0.1595,7,68,7,57374,548236,3497,104459,5.078328207788358,0.1600425926351512
1587,0.1596,4,48,4,57422,548188,3501,104455,5.077883582200156,0.16004921526776508
1588,0.1597,1,35,1,57457,548153,3502,104454,5.077559376042092,0.1600565118057269
1589,0.1598,7,52,7,57509,548101,3509,104447,5.077077698321538,0.16006025610376554
1590,0.1599,3,48,3,57557,548053,3512,104444,5.076633072733336,0.1600681688957957
1591,0.16,3,89,3,57646,547964,3515,104441,5.0758086627885435,0.1600861428100643
1592,0.1601,3,15,3,57661,547949,3518,104438,5.0756697172922305,0.1600859612469286
1593,0.1602,7,99,7,57760,547850,3525,104431,5.074752677016562,0.16010124470895212
1594,0.1603,2,48,2,57808,547802,3527,104429,5.07430805142836,0.1601104516651309
1595,0.1604,3,61,3,57869,547741,3530,104426,5.073743006410019,0.1601215639552446
1596,0.1605,1,28,1,57897,547713,3531,104425,5.073483641483567,0.16012715100178182
1597,0.1606,4,80,4,57977,547633,3535,104421,5.072742598836563,0.16014164471040743
1598,0.1607,0,37,0,58014,547596,3535,104421,5.072399866612323,0.16015073226618323
1599,0.1608,0,11,0,58025,547585,3535,104421,5.072297973248361,0.16015343417085118
1600,0.1609,7,83,7,58108,547502,3542,104414,5.0715291415020936,0.160164806508814
1601,0.161,2,44,2,58152,547458,3544,104412,5.071121568046241,0.16017304063693683
1602,0.1611,9,65,9,58217,547393,3553,104403,5.07051947089555,0.16017741747417905
1603,0.1612,0,19,0,58236,547374,3553,104403,5.070343473266886,0.16018208681803744
1604,0.1613,8,177,8,58413,547197,3561,104395,5.0687039164103895,0.16021528809439037
1605,0.1614,1,20,1,58433,547177,3562,104394,5.068518655748639,0.16021891704818048
1606,0.1615,3,12,3,58445,547165,3565,104391,5.068407499351587,0.1602180012155517
1607,0.1616,2,29,2,58474,547136,3567,104389,5.0681388713920486,0.16022255477533479
1608,0.1617,3,47,3,58521,547089,3570,104386,5.067703508836933,0.16023024674776468
1609,0.1618,9,113,9,58634,546976,3579,104377,5.06665678609804,0.16024644087000445
1610,0.1619,1,34,1,58668,546942,3580,104376,5.066341842973063,0.16025351671533722
1611,0.162,2,43,2,58711,546899,3582,104374,5.065943532550298,0.16026151859512064
1612,0.1621,6,40,6,58751,546859,3588,104368,5.065573011226796,0.16026362543322067
1613,0.1622,3,40,3,58791,546819,3591,104365,5.065202489903294,0.16026960121870315
1614,0.1623,1,49,1,58840,546770,3592,104364,5.0647486012820035,0.16028037239646525
1615,0.1624,2,56,2,58896,546714,3594,104362,5.0642298714291005,0.16029157886329706
1616,0.1625,10,96,10,58992,546618,3604,104352,5.063340620252696,0.16030231807917417
1617,0.1626,7,54,7,59046,546564,3611,104345,5.062840416465968,0.16030658663499814
1618,0.1627,5,36,5,59082,546528,3616,104340,5.062506947274816,0.1603090027471008
1619,0.1628,5,42,5,59124,546486,3621,104335,5.062117899885139,0.16031289709459284
1620,0.1629,0,30,0,59154,546456,3621,104335,5.061840008892512,0.1603202871582428
1621,0.163,0,20,0,59174,546436,3621,104335,5.061654748230761,0.16032521424587143
1622,0.1631,2,32,2,59206,546404,3623,104333,5.0613583311719585,0.1603305175516376
1623,0.1632,0,29,0,59235,546375,3623,104333,5.06108970321242,0.16033766297632732
1624,0.1633,6,40,6,59275,546335,3629,104327,5.060719181888918,0.16033977702708935
1625,0.1634,3,36,3,59311,546299,3632,104324,5.060385712697766,0.16034477723658708
1626,0.1635,7,44,7,59355,546255,3639,104317,5.059978139241913,0.16034658731085874
1627,0.1636,3,63,3,59418,546192,3642,104314,5.059394568157398,0.16035824419759387
1628,0.1637,6,31,6,59449,546161,3648,104308,5.059107414131684,0.16035814158707026
1629,0.1638,6,69,6,59518,546092,3654,104302,5.058468264848642,0.16036740806342
1630,0.1639,1,26,1,59544,546066,3655,104301,5.058227425988366,0.16037252812642708
1631,0.164,2,13,2,59557,546053,3657,104299,5.058107006558227,0.16037315177011835
1632,0.1641,3,140,3,59697,545913,3660,104296,5.05681018192597,0.16040380862153553
1633,0.1642,4,35,4,59732,545878,3664,104292,5.056485975767905,0.16040727809649785
1634,0.1643,5,38,5,59770,545840,3669,104287,5.0561339805105785,0.16041019677693744
1635,0.1644,3,40,3,59810,545800,3672,104284,5.055763459187077,0.16041619236898616
1636,0.1645,10,141,10,59951,545659,3682,104274,5.054457371521731,0.16043807592474918
1637,0.1646,4,58,4,60009,545601,3686,104270,5.0539201156026525,0.16044722721894036
1638,0.1647,1,94,1,60103,545507,3687,104269,5.053049390492423,0.16046914629041392
1639,0.1648,2,35,2,60138,545472,3689,104267,5.052725184334358,0.16047520619818112
1640,0.1649,4,63,4,60201,545409,3693,104263,5.052141613249843,0.1604855988868229
1641,0.165,4,64,4,60265,545345,3697,104259,5.051548779132239,0.16049624078669467
1642,0.1651,3,121,3,60386,545224,3700,104256,5.050427952128645,0.16052226396501817
1643,0.1652,10,109,10,60495,545115,3710,104246,5.049418281522102,0.16053628105168002
1644,0.1653,2,60,2,60555,545055,3712,104244,5.048862499536848,0.1605485300300786
1645,0.1654,4,57,4,60612,544998,3716,104240,5.048334506650858,0.1605574535070344
1646,0.1655,0,41,0,60653,544957,3716,104240,5.047954722294268,0.1605675935039749
1647,0.1656,2,61,2,60714,544896,3718,104238,5.047389677275927,0.1605800959432105
1648,0.1657,6,84,6,60798,544812,3724,104232,5.046611582496572,0.16059311849427774
1649,0.1658,4,118,4,60916,544694,3728,104228,5.045518544592241,0.16061714659080753
1650,0.1659,3,44,3,60960,544650,3731,104225,5.045110971136389,0.16062415719514544
1651,0.166,1,58,1,61018,544592,3732,104224,5.044573715217311,0.16063722226332272
1652,0.1661,7,98,7,61116,544494,3739,104217,5.043665937974731,0.1606524322849466
1653,0.1662,1,37,1,61153,544457,3740,104216,5.043323205750491,0.16066030187783367
1654,0.1663,3,38,3,61191,544419,3743,104213,5.042971210493164,0.1606658320896903
1655,0.1664,0,57,0,61248,544362,3743,104213,5.042443217607174,0.16067995220290637
1656,0.1665,7,98,7,61346,544264,3750,104206,5.041535440364593,0.1606951747960584
1657,0.1666,4,29,4,61375,544235,3754,104202,5.041266812405054,0.16069718415204562
1658,0.1667,3,58,3,61433,544177,3757,104199,5.040729556485976,0.16070767579305834
1659,0.1668,3,29,3,61462,544148,3760,104196,5.040460928526437,0.1607109805905507
1660,0.1669,5,121,5,61583,544027,3765,104191,5.039340101522843,0.16073450598409794
1661,0.167,2,38,2,61621,543989,3767,104189,5.038988106265515,0.16074133957030323
1662,0.1671,0,28,0,61649,543961,3767,104189,5.038728741339064,0.16074828357633264
1663,0.1672,3,47,3,61696,543914,3770,104186,5.0382933787839494,0.16075605616417218
1664,0.1673,7,59,7,61755,543855,3777,104179,5.037746859831783,0.16076162670477168
1665,0.1674,10,74,10,61829,543781,3787,104169,5.037061395383304,0.16076703449340227
1666,0.1675,7,69,7,61898,543712,3794,104162,5.036422246100263,0.1607750889833517
1667,0.1676,3,28,3,61926,543684,3797,104159,5.036162881173811,0.16077815149658173
1668,0.1677,3,37,3,61963,543647,3800,104156,5.035820148949572,0.16078344805442396
1669,0.1678,0,44,0,62007,543603,3800,104156,5.035412575493719,0.1607943695108829
1670,0.1679,0,28,0,62035,543575,3800,104156,5.035153210567268,0.16080132030117442
1671,0.168,2,20,2,62055,543555,3802,104154,5.034967949905517,0.1608036942515852
1672,0.1681,1,14,1,62069,543541,3803,104153,5.034838267442291,0.16080587437895055
1673,0.1682,1,23,1,62092,543518,3804,104152,5.034625217681278,0.16081028919048282
1674,0.1683,8,75,8,62167,543443,3812,104144,5.033930490199711,0.1608185463883617
1675,0.1684,10,215,10,62382,543228,3822,104134,5.0319389380858865,0.16085899388595562
1676,0.1685,1,39,1,62421,543189,3823,104133,5.031577679795472,0.1608673890274083
1677,0.1686,2,27,2,62448,543162,3825,104131,5.0313275779021085,0.1608715064120885
1678,0.1687,4,31,4,62479,543131,3829,104127,5.031040423876394,0.16087402550451288
1679,0.1688,3,34,3,62513,543097,3832,104124,5.030725480751418,0.1608785870668597
1680,0.1689,2,59,2,62572,543038,3834,104122,5.030178961799251,0.160890660733049
1681,0.169,9,49,9,62621,542989,3843,104113,5.0297250731779615,0.16089117326171146
1682,0.1691,4,33,4,62654,542956,3847,104109,5.029419393086072,0.160894191464536
1683,0.1692,2,49,2,62703,542907,3849,104107,5.028965504464782,0.16090378260748608
1684,0.1693,4,78,4,62781,542829,3853,104103,5.028242987883953,0.16091799447237112
1685,0.1694,3,24,3,62805,542805,3856,104100,5.028020675089851,0.1609200732719642
1686,0.1695,4,62,4,62867,542743,3860,104096,5.027446367038423,0.16093030877853684
1687,0.1696,2,29,2,62896,542714,3862,104094,5.027177739078884,0.1609349296854708
1688,0.1697,0,47,0,62943,542667,3862,104094,5.026742376523769,0.16094662479648586
1689,0.1698,2,40,2,62983,542627,3864,104092,5.026371855200267,0.16095398465175756
1690,0.1699,6,52,6,63035,542575,3870,104086,5.025890177479714,0.16095914242547485
1691,0.17,3,57,3,63092,542518,3873,104083,5.025362184593724,0.16096943864918242
1692,0.1701,1,8,1,63100,542510,3874,104082,5.025288080329023,0.16097013263387114
1693,0.1702,2,24,2,63124,542486,3876,104080,5.0250657675349215,0.1609735123715135
1694,0.1703,4,55,4,63179,542431,3880,104076,5.024556300715106,0.1609820156626301
1695,0.1704,7,36,7,63215,542395,3887,104069,5.0242228315239545,0.16098189535689536
1696,0.1705,5,31,5,63246,542364,3892,104064,5.02393567749824,0.16098312573093987
1697,0.1706,6,65,6,63311,542299,3898,104058,5.023333580347549,0.16099152635463065
1698,0.1707,2,54,2,63365,542245,3900,104056,5.022833376560821,0.16100238124341446
1699,0.1708,14,212,14,63577,542033,3914,104042,5.020869613546259,0.16103703130441513
1700,0.1709,0,19,0,63596,542014,3914,104042,5.020693615917596,0.16104176727714006
1701,0.171,1,56,1,63652,541958,3915,104041,5.020174886064693,0.1610544288768249
1702,0.1711,0,28,0,63680,541930,3915,104041,5.019915521138241,0.1610614098775332
1703,0.1712,7,93,7,63773,541837,3922,104034,5.019054059061099,0.16107550888644945
1704,0.1713,1,21,1,63794,541816,3923,104033,5.018859535366261,0.16107944736308333
1705,0.1714,5,42,5,63836,541774,3928,104028,5.018470487976583,0.16108342804760592
1706,0.1715,5,48,5,63884,541726,3933,104023,5.018025862388381,0.16108890606102372
1707,0.1716,1,44,1,63928,541682,3934,104022,5.017618288932528,0.1610985838712475
1708,0.1717,14,169,14,64097,541513,3948,104008,5.016052836340731,0.16112256611326356
1709,0.1718,3,47,3,64144,541466,3951,104005,5.015617473785617,0.16113039935179116
1710,0.1719,1,23,1,64167,541443,3952,104004,5.015404424024602,0.1611348414354703
1711,0.172,0,13,0,64180,541430,3952,104004,5.015284004594465,0.1611380869306544
1712,0.1721,6,46,6,64226,541384,3958,103998,5.014857905072437,0.1611417733993201
1713,0.1722,9,139,9,64365,541245,3967,103989,5.013570343473267,0.16116478672853568
1714,0.1723,2,69,2,64434,541176,3969,103987,5.012931194190226,0.16117942287452938
1715,0.1724,1,14,1,64448,541162,3970,103986,5.012801511727,0.16118162034137903
1716,0.1725,3,39,3,64487,541123,3973,103983,5.012440253436585,0.16118746376564472
1717,0.1726,5,58,5,64545,541065,3978,103978,5.011902997517507,0.16119545518670847
1718,0.1727,4,37,4,64582,541028,3982,103974,5.011560265293268,0.16119950015658865
1719,0.1728,8,99,8,64681,540929,3990,103966,5.0106432250176,0.16121384101287806
1720,0.1729,8,62,8,64743,540867,3998,103958,5.010068916966171,0.16121893537006166
1721,0.173,1,15,1,64758,540852,3999,103957,5.009929971469858,0.16122138493724497
1722,0.1731,1,32,1,64790,540820,4000,103956,5.009633554411057,0.1612280854126084
1723,0.1732,1,63,1,64853,540757,4001,103955,5.00904998332654,0.16124253930437157
1724,0.1733,3,81,3,64934,540676,4004,103952,5.008299677646448,0.1612588966039328
1725,0.1734,2,17,2,64951,540659,4006,103950,5.00814220608396,0.16126054709133755
1726,0.1735,10,155,10,65106,540504,4016,103940,5.0067064359553894,0.16128631812849525
1727,0.1736,2,44,2,65150,540460,4018,103938,5.006298862499537,0.16129472779245124
1728,0.1737,2,13,2,65163,540447,4020,103936,5.006178443069398,0.1612953786800707
1729,0.1738,1,26,1,65189,540421,4021,103935,5.005937604209122,0.16130058539068465
1730,0.1739,8,98,8,65287,540323,4029,103927,5.005029826966542,0.16131470702367093
1731,0.174,5,47,5,65334,540276,4034,103922,5.004594464411427,0.16131996684249253
1732,0.1741,13,266,13,65600,540010,4047,103909,5.002130497610137,0.16136967537842492
1733,0.1742,4,41,4,65641,539969,4051,103905,5.001750713253548,0.16137474102075872
1734,0.1743,2,43,2,65684,539926,4053,103903,5.001352402830783,0.16138291378611402
1735,0.1744,1,29,1,65713,539897,4054,103902,5.001083774871244,0.16138888069102314
1736,0.1745,5,70,5,65783,539827,4059,103897,5.000435362555115,0.16139991673450113
1737,0.1746,5,52,5,65835,539775,4064,103892,4.999953684834562,0.16140644152954867
1738,0.1747,4,27,4,65862,539748,4068,103888,4.999703582941199,0.16140800079548068
1739,0.1748,0,27,0,65889,539721,4068,103888,4.999453481047834,0.16141477201219995
1740,0.1749,1,60,1,65949,539661,4069,103887,4.998897699062581,0.16142851815249212
1741,0.175,1,19,1,65968,539642,4070,103886,4.998721701433918,0.16143198120361507
1742,0.1751,1,34,1,66002,539608,4071,103885,4.998406758308941,0.16143920757490757
1743,0.1752,3,30,3,66032,539578,4074,103882,4.998128867316314,0.16144282472880986
1744,0.1753,13,100,13,66132,539478,4087,103869,4.997202564007559,0.16145097435753955
1745,0.1754,2,31,2,66163,539447,4089,103867,4.9969154099818445,0.16145614738681266
1746,0.1755,7,79,7,66242,539368,4096,103860,4.996183630367928,0.1614668515674069
1747,0.1756,3,21,3,66263,539347,4099,103857,4.995989106673089,0.16146821226236155
1748,0.1757,4,25,4,66288,539322,4103,103853,4.9957575308459,0.16146927352586776
1749,0.1758,5,61,5,66349,539261,4108,103848,4.99519248582756,0.16147806981398177
1750,0.1759,4,39,4,66388,539222,4112,103844,4.994831227537145,0.16148264719328964
1751,0.176,7,51,7,66439,539171,4119,103837,4.994358812849679,0.1614863267642082
1752,0.1761,7,45,7,66484,539126,4126,103830,4.993941976360739,0.1614884999906681
1753,0.1762,2,56,2,66540,539070,4128,103828,4.993423246507836,0.16149995800266917
1754,0.1763,1,35,1,66575,539035,4129,103827,4.993099040349772,0.16150744638818285
1755,0.1764,8,116,8,66691,538919,4137,103819,4.992024528511616,0.16152615840357967
1756,0.1765,12,170,12,66861,538749,4149,103807,4.990449812886732,0.16155323427063167
1757,0.1766,3,53,3,66914,538696,4152,103804,4.989958872133092,0.1615626459143969
1758,0.1767,4,94,4,67008,538602,4156,103800,4.989088147022861,0.16158106606143816
1759,0.1768,6,29,6,67037,538573,4162,103794,4.988819519063322,0.16158052951038893
1760,0.1769,7,104,7,67141,538469,4169,103787,4.987856163622216,0.1615975561146957
1761,0.177,4,57,4,67198,538412,4173,103783,4.987328170736226,0.16160667709963483
1762,0.1771,4,44,4,67242,538368,4177,103779,4.986920597280373,0.16161252797256703
1763,0.1772,4,63,4,67305,538305,4181,103775,4.986337026195858,0.16162316222277598
1764,0.1773,4,57,4,67362,538248,4185,103771,4.985809033309867,0.16163228814100516
1765,0.1774,8,73,8,67435,538175,4193,103763,4.985132831894475,0.1616402207066726
1766,0.1775,0,32,0,67467,538143,4193,103763,4.984836414835674,0.1616482787199372
1767,0.1776,3,21,3,67488,538122,4196,103760,4.984641891140835,0.1616496490009067
1768,0.1777,1,32,1,67520,538090,4197,103759,4.984345474082033,0.16165640205094967
1769,0.1778,0,35,0,67555,538055,4197,103759,4.984021267923969,0.16166521764872688
1770,0.1779,4,52,4,67607,538003,4201,103755,4.983539590203416,0.1616730917261647
1771,0.178,2,41,2,67648,537962,4203,103753,4.983159805846826,0.16168080845858365
1772,0.1781,1,20,1,67668,537942,4204,103752,4.982974545185075,0.16168454122993203
1773,0.1782,5,44,5,67712,537898,4209,103747,4.982566971729223,0.1616890959954492
1774,0.1783,10,170,10,67882,537728,4219,103737,4.980992256104339,0.1617188778811003
1775,0.1784,1,7,1,67889,537721,4220,103736,4.980927414872726,0.16171933582453696
1776,0.1785,9,127,9,68016,537594,4229,103727,4.979751009670607,0.16173959686334924
1777,0.1786,1,96,1,68112,537498,4230,103726,4.978861758494201,0.16176250421069704
1778,0.1787,5,46,5,68158,537452,4235,103721,4.978435658972174,0.16176757287034857
1779,0.1788,4,101,4,68259,537351,4239,103717,4.977500092630331,0.1617878290602557
1780,0.1789,6,64,6,68323,537287,4245,103711,4.976907258512727,0.16179613664941234
1781,0.179,10,147,10,68470,537140,4255,103701,4.9755455926488565,0.16182017068196322
1782,0.1791,1,20,1,68490,537120,4256,103700,4.975360331987106,0.1618239131113261
1783,0.1792,0,20,0,68510,537100,4256,103700,4.975175071325355,0.16182896379525594
1784,0.1793,3,54,3,68564,537046,4259,103697,4.974674867538627,0.161838677909864
1785,0.1794,1,72,1,68636,536974,4260,103696,4.974007929156323,0.16185555746328062
1786,0.1795,2,46,2,68682,536928,4262,103694,4.973581829634296,0.16186456287795298
1787,0.1796,9,73,9,68755,536855,4271,103685,4.972905628218904,0.16187123364661068
1788,0.1797,2,31,2,68786,536824,4273,103683,4.97261847419319,0.16187645099897424
1789,0.1798,1,21,1,68807,536803,4274,103682,4.972423950498351,0.16188044997150597
1790,0.1799,3,32,3,68839,536771,4277,103679,4.97212753343955,0.16188461238191895
1791,0.18,6,89,6,68928,536682,4283,103673,4.971303123494757,0.16189925900477078
1792,0.1801,8,125,8,69053,536557,4291,103665,4.970145244358813,0.16192039636251176
1793,0.1802,5,100,5,69153,536457,4296,103660,4.969218941050057,0.1619391454999633
1794,0.1803,0,15,0,69168,536442,4296,103660,4.969079995553744,0.1619429403438827
1795,0.1804,1,27,1,69195,536415,4297,103659,4.96882989366038,0.16194846220905706
1796,0.1805,5,59,5,69254,536356,4302,103654,4.968283374708214,0.16195684442430586
1797,0.1806,4,91,4,69345,536265,4306,103650,4.967440438697247,0.16197463725651062
1798,0.1807,6,50,6,69395,536215,4312,103644,4.9669772870428694,0.16197943609451457
1799,0.1808,4,45,4,69440,536170,4316,103640,4.96656045055393,0.16198558947187447
1800,0.1809,0,24,0,69464,536146,4316,103640,4.966338137759828,0.16199166596330647
1801,0.181,10,139,10,69603,536007,4326,103630,4.9650505761606585,0.16201376718357444
1802,0.1811,2,21,2,69624,535986,4328,103628,4.964856052465819,0.16201646618116552
1803,0.1812,9,152,9,69776,535834,4337,103619,4.9634480714365115,0.16204318378364008
1804,0.1813,3,37,3,69813,535797,4340,103616,4.963105339212271,0.16204862897688974
1805,0.1814,5,119,5,69932,535678,4345,103611,4.962003038274853,0.16207223962871253
1806,0.1815,6,27,6,69959,535651,4351,103605,4.9617529363814885,0.1620712202935913
1807,0.1816,5,96,5,70055,535555,4356,103600,4.960863685205084,0.16208900814356456
1808,0.1817,11,99,11,70154,535456,4367,103589,4.959946644929416,0.1620996956395872
1809,0.1818,2,34,2,70188,535422,4369,103587,4.9596317018044385,0.16210569804181163
1810,0.1819,3,39,3,70227,535383,4372,103584,4.959270443514024,0.1621116583485532
1811,0.182,3,63,3,70290,535320,4375,103581,4.958686872429508,0.16212370930707573
1812,0.1821,4,44,4,70334,535276,4379,103577,4.958279298973656,0.1621296291948226
1813,0.1822,3,64,3,70398,535212,4382,103574,4.957686464856052,0.16214193798862217
1814,0.1823,6,73,6,70471,535139,4388,103568,4.957010263440661,0.16215259892251063
1815,0.1824,4,145,4,70616,534994,4392,103564,4.955667123642965,0.16218417121075923
1816,0.1825,3,67,3,70683,534927,4395,103561,4.9550465004261,0.16219725351142072
1817,0.1826,1,65,1,70748,534862,4396,103560,4.954444403275408,0.16221245508456789
1818,0.1827,5,93,5,70841,534769,4401,103555,4.953582941198266,0.16222952607139948
1819,0.1828,8,21,8,70862,534748,4409,103547,4.953388417503428,0.1622243633429684
1820,0.1829,3,41,3,70903,534707,4412,103544,4.953008633146838,0.16223084648516023
1821,0.183,3,28,3,70931,534679,4415,103541,4.952749268220386,0.16223402588449123
1822,0.1831,3,63,3,70994,534616,4418,103538,4.95216569713587,0.16224610360508593
1823,0.1832,1,37,1,71031,534579,4419,103537,4.9518229649116305,0.16225419829623455
1824,0.1833,10,146,10,71177,534433,4429,103527,4.950470562080848,0.1622781992601417
1825,0.1834,7,78,7,71255,534355,4436,103520,4.9497480455000185,0.1622888496962571
1826,0.1835,3,35,3,71290,534320,4439,103517,4.9494238393419545,0.1622938148774687
1827,0.1836,1,13,1,71303,534307,4440,103516,4.949303419911816,0.16229580933895454
1828,0.1837,4,86,4,71389,534221,4444,103512,4.948506799066286,0.16231244109995877
1829,0.1838,5,70,5,71459,534151,4449,103507,4.947858386750157,0.16232369075585973
1830,0.1839,9,137,9,71596,534014,4458,103498,4.946589351217162,0.16234674798278306
1831,0.184,11,98,11,71694,533916,4469,103487,4.945681573974582,0.16235725278983626
1832,0.1841,3,40,3,71734,533876,4472,103484,4.94531105265108,0.1623634994351701
1833,0.1842,3,33,3,71767,533843,4475,103481,4.945005372559191,0.16236796354758334
1834,0.1843,3,36,3,71803,533807,4478,103478,4.944671903368039,0.162373192527676
1835,0.1844,13,135,13,71938,533672,4491,103465,4.943421393901219,0.1623905062804389
1836,0.1845,5,53,5,71991,533619,4496,103460,4.942930453147579,0.16239744207547258
1837,0.1846,3,54,3,72045,533565,4499,103457,4.942430249360851,0.16240726379936643
1838,0.1847,4,41,4,72086,533524,4503,103453,4.942050465004261,0.16241245759266032
1839,0.1848,5,58,5,72144,533466,4508,103448,4.9415132090851825,0.1624206721786615
1840,0.1849,2,46,2,72190,533420,4510,103446,4.941087109563155,0.1624297732961094
1841,0.185,6,103,6,72293,533317,4516,103440,4.940133017155137,0.16244815526174036
1842,0.1851,3,46,3,72339,533271,4519,103437,4.93970691763311,0.1624559452684747
1843,0.1852,1,41,1,72380,533230,4520,103436,4.93932713327652,0.16246509158648334
1844,0.1853,2,69,2,72449,533161,4522,103434,4.9386879839934785,0.1624800697460709
1845,0.1854,5,41,5,72490,533120,4527,103429,4.938308199636889,0.1624839564589686
1846,0.1855,7,86,7,72576,533034,4534,103422,4.9375115787913595,0.1624967004789019
1847,0.1856,4,90,4,72666,532944,4538,103418,4.93667790581348,0.16251441789421744
1848,0.1857,2,24,2,72690,532920,4540,103416,4.936455593019378,0.16251791506373992
1849,0.1858,5,115,5,72805,532805,4545,103411,4.935390344214309,0.16254070944459115
1850,0.1859,7,32,7,72837,532773,4552,103404,4.935093927155508,0.16253967056338095
1851,0.186,5,42,5,72879,532731,4557,103399,4.934704879765831,0.16254381965950357
1852,0.1861,1,26,1,72905,532705,4558,103398,4.934464040905554,0.16254914691488642
1853,0.1862,5,31,5,72936,532674,4563,103393,4.93417688687984,0.162550486033704
1854,0.1863,9,91,9,73027,532583,4572,103384,4.933333950868873,0.16256189393474818
1855,0.1864,8,121,8,73148,532462,4580,103376,4.932213123865279,0.1625822929739965
1856,0.1865,6,130,6,73278,532332,4586,103370,4.931008929563896,0.16260763691163468
1857,0.1866,6,64,6,73342,532268,4592,103364,4.930416095446293,0.16261610491605205
1858,0.1867,0,17,0,73359,532251,4592,103364,4.930258623883804,0.1626204542057692
1859,0.1868,5,55,5,73414,532196,4597,103359,4.929749157063989,0.16262793936008685
1860,0.1869,1,35,1,73449,532161,4598,103358,4.929424950905925,0.16263557816524762
1861,0.187,9,111,9,73560,532050,4607,103349,4.928396754233206,0.16265212881984392
1862,0.1871,6,125,6,73685,531925,4613,103343,4.927238875097262,0.16267622483739147
1863,0.1872,3,18,3,73703,531907,4616,103340,4.927072140501686,0.1626768800167494
1864,0.1873,6,68,6,73771,531839,4622,103334,4.926442254251732,0.16268638622863377
1865,0.1874,7,78,7,73849,531761,4629,103327,4.925719737670903,0.16269713803441413
1866,0.1875,4,131,4,73980,531630,4633,103323,4.924506280336433,0.16272543007120213
1867,0.1876,0,33,0,74013,531597,4633,103323,4.924200600244544,0.16273388773388772
1868,0.1877,17,117,17,74130,531480,4650,103306,4.923116825373301,0.16274145932645018
1869,0.1878,5,71,5,74201,531409,4655,103301,4.922459150024084,0.1627530683304186
1870,0.1879,2,42,2,74243,531367,4657,103299,4.9220701026344065,0.16276120037941216
1871,0.188,6,170,6,74413,531197,4663,103293,4.920495387009522,0.16279689199199357
1872,0.1881,6,104,6,74517,531093,4669,103287,4.919532031568417,0.16281566253664995
1873,0.1882,3,38,3,74555,531055,4672,103284,4.91918003631109,0.16282145666591522
1874,0.1883,4,40,4,74595,531015,4676,103280,4.918809514987587,0.16282644510834865
1875,0.1884,5,84,5,74679,530931,4681,103275,4.918031420208233,0.16284141115032025
1876,0.1885,2,28,2,74707,530903,4683,103273,4.917772055281781,0.16284596074275912
1877,0.1886,4,46,4,74753,530857,4687,103269,4.917345955759754,0.16285249303766128
1878,0.1887,3,24,3,74777,530833,4690,103266,4.917123642965652,0.16285469619097334
1879,0.1888,6,112,6,74889,530721,4696,103260,4.916086183259846,0.16287554358884573
1880,0.1889,14,180,14,75069,530541,4710,103246,4.914418837304087,0.162903309787042
1881,0.189,8,87,8,75156,530454,4718,103238,4.91361295342547,0.16291510702360137
1882,0.1891,3,78,3,75234,530376,4721,103235,4.91289043684464,0.16293119911112655
1883,0.1892,5,44,5,75278,530332,4726,103230,4.912482863388788,0.16293590840359745
1884,0.1893,6,162,6,75440,530170,4732,103224,4.910982252028604,0.16296965238066669
1885,0.1894,7,108,7,75548,530062,4739,103217,4.909981844455149,0.16298819319762695
1886,0.1895,6,44,6,75592,530018,4745,103211,4.909574270999296,0.16299158756152987
1887,0.1896,4,35,4,75627,529983,4749,103207,4.909250064841232,0.1629953094647736
1888,0.1897,3,83,3,75710,529900,4752,103204,4.908481233094965,0.16301271197149284
1889,0.1898,5,87,5,75797,529813,4757,103199,4.907675349216348,0.16302850498884697
1890,0.1899,4,69,4,75866,529744,4761,103195,4.907036199933306,0.1630409881520968
1891,0.19,4,51,4,75917,529693,4765,103191,4.906563785245841,0.1630488367536547
1892,0.1901,6,92,6,76009,529601,4771,103185,4.905711586201786,0.16306460635981201
1893,0.1902,4,71,4,76080,529530,4775,103181,4.90505391085257,0.1630776136340288
1894,0.1903,0,11,0,76091,529519,4775,103181,4.904952017488607,0.16308044886992257
1895,0.1904,4,24,4,76115,529495,4779,103177,4.904729704694505,0.16308134388751203
1896,0.1905,9,132,9,76247,529363,4788,103168,4.903506984326948,0.16310346844660578
1897,0.1906,2,39,2,76286,529324,4790,103166,4.903145726036533,0.16311087922338693
1898,0.1907,4,120,4,76406,529204,4794,103162,4.902034162066027,0.16313653801754047
1899,0.1908,0,21,0,76427,529183,4794,103162,4.901839638371189,0.1631419557361883
1900,0.1909,3,50,3,76477,529133,4797,103159,4.901376486716811,0.16315088598305846
1901,0.191,6,94,6,76571,529039,4803,103153,4.90050576160658,0.1631672023689006
1902,0.1911,5,71,5,76642,528968,4808,103148,4.899848086257364,0.1631789102000266
1903,0.1912,3,24,3,76666,528944,4811,103145,4.899625773463263,0.1631811343022897
1904,0.1913,2,91,2,76757,528853,4813,103143,4.898782837452296,0.16320198229102717
1905,0.1914,4,31,4,76788,528822,4817,103139,4.898495683426582,0.16320469142874322
1906,0.1915,4,37,4,76825,528785,4821,103135,4.898152951202341,0.1632089505000633
1907,0.1916,3,86,3,76911,528699,4824,103132,4.897356330356812,0.16322719208142683
1908,0.1917,7,128,7,77039,528571,4831,103125,4.896170662121605,0.16325099414908437
1909,0.1918,11,143,11,77182,528428,4842,103114,4.894846048390085,0.16327338482634568
1910,0.1919,2,29,2,77211,528399,4844,103112,4.8945774204305454,0.1632782326831995
1911,0.192,10,183,10,77394,528216,4854,103102,4.892882285375523,0.16331230853547657
1912,0.1921,10,105,10,77499,528111,4864,103092,4.89190966690133,0.16332621993241478
1913,0.1922,8,165,8,77664,527946,4872,103084,4.890381266441883,0.1633583189388777
1914,0.1923,4,88,4,77752,527858,4876,103080,4.889566119530179,0.16337579920689513
1915,0.1924,3,37,3,77789,527821,4879,103077,4.88922338730594,0.16338140238200152
1916,0.1925,1,68,1,77857,527753,4880,103076,4.888593501055985,0.16339768780446048
1917,0.1926,5,50,5,77907,527703,4885,103071,4.888130349401608,0.1634040084087169
1918,0.1927,5,113,5,78020,527590,4890,103066,4.887083626662714,0.16342665415059873
1919,0.1928,3,38,3,78058,527552,4893,103063,4.886731631405388,0.1634325222203722
1920,0.1929,2,31,2,78089,527521,4895,103061,4.886444477379674,0.16343790339717912
1921,0.193,4,46,4,78135,527475,4899,103057,4.886018377857646,0.16344451986576414
1922,0.1931,1,58,1,78193,527417,4900,103056,4.885481121938567,0.1634582289804639
1923,0.1932,7,118,7,78311,527299,4907,103049,4.884388084034236,0.16347953828678763
1924,0.1933,8,104,8,78415,527195,4915,103041,4.8834247285931305,0.16349589677517629
1925,0.1934,1,19,1,78434,527176,4916,103040,4.883248730964467,0.16349949858461227
1926,0.1935,9,90,9,78524,527086,4925,103031,4.882415057986587,0.16351090353061415
1927,0.1936,3,27,3,78551,527059,4928,103028,4.882164956093223,0.163513927441766
1928,0.1937,2,58,2,78609,527001,4930,103026,4.881627700174145,0.16352632506225923
1929,0.1938,3,61,3,78670,526940,4933,103023,4.881062655155804,0.1635381760516094
1930,0.1939,2,35,2,78705,526905,4935,103021,4.8807384489977395,0.16354460682683364
1931,0.194,3,51,3,78756,526854,4938,103018,4.880266034310274,0.16355386491223614
1932,0.1941,6,119,6,78875,526735,4944,103012,4.879163733372856,0.1635768014774187
1933,0.1942,7,105,7,78980,526630,4951,103005,4.878191114898662,0.16359478110333764
1934,0.1943,7,149,7,79129,526481,4958,102998,4.876810922968617,0.1636242035079804
1935,0.1944,6,39,6,79168,526442,4964,102992,4.876449664678202,0.16362636908714814
1936,0.1945,4,61,4,79229,526381,4968,102988,4.875884619659861,0.16363691252667353
1937,0.1946,5,40,5,79269,526341,4973,102983,4.875514098336359,0.16364066839974323
1938,0.1947,5,45,5,79314,526296,4978,102978,4.8750972618474195,0.1636457250736563
1939,0.1948,9,189,9,79503,526107,4987,102969,4.873346548593871,0.16368292543349294
1940,0.1949,2,23,2,79526,526084,4989,102967,4.873133498832858,0.16368625119425928
1941,0.195,4,102,4,79628,525982,4993,102963,4.872188669457928,0.16370747839636215
1942,0.1951,3,85,3,79713,525897,4996,102960,4.871401311645485,0.16372561647560574
1943,0.1952,2,34,2,79747,525863,4998,102958,4.871086368520508,0.16373180921120636
1944,0.1953,1,52,1,79799,525811,4999,102957,4.870604690799955,0.16374402005191105
1945,0.1954,5,64,5,79863,525747,5004,102952,4.8700118566823525,0.1637540381009036
1946,0.1955,6,193,6,80056,525554,5010,102946,4.8682240912964545,0.16379634049323788
1947,0.1956,4,31,4,80087,525523,5014,102942,4.8679369372707395,0.1637990978017869
1948,0.1957,4,70,4,80157,525453,5018,102938,4.867288524954611,0.16381202149617038
1949,0.1958,5,40,5,80197,525413,5023,102933,4.866918003631109,0.16381579575584151
1950,0.1959,3,71,3,80268,525342,5026,102930,4.866260328281893,0.1638303155321262
1951,0.196,2,8,2,80276,525334,5028,102928,4.866186224017192,0.16382973982192142
1952,0.1961,8,196,8,80472,525138,5036,102920,4.864370669532032,0.16387021580809416
1953,0.1962,3,72,3,80544,525066,5039,102917,4.8637037311497275,0.16388500962605676
1954,0.1963,5,63,5,80607,525003,5044,102912,4.863120160065212,0.16389479467762355
1955,0.1964,9,50,9,80657,524953,5053,102903,4.862657008410834,0.16389586147142018
1956,0.1965,9,92,9,80749,524861,5062,102894,4.861804809366779,0.16390789400323375
1957,0.1966,5,156,5,80905,524705,5067,102889,4.8603597762051205,0.1639419752260219
1958,0.1967,4,56,4,80961,524649,5071,102885,4.8598410463522175,0.16395127594680128
1959,0.1968,7,27,7,80988,524622,5078,102878,4.859590944458853,0.16394900398406376
1960,0.1969,5,33,5,81021,524589,5083,102873,4.859285264366965,0.16395096436118842
1961,0.197,3,135,3,81156,524454,5086,102870,4.858034754900144,0.16398224840752149
1962,0.1971,9,117,9,81273,524337,5095,102861,4.856950980028901,0.16400084183941913
1963,0.1972,4,61,4,81334,524276,5099,102857,4.85638593501056,0.1640114616835663
1964,0.1973,2,30,2,81364,524246,5101,102855,4.856108044017933,0.16401664165740448
1965,0.1974,1,59,1,81423,524187,5102,102854,4.8555615250657675,0.16403074121149971
1966,0.1975,5,42,5,81465,524145,5107,102849,4.85517247767609,0.1640350625364836
1967,0.1976,4,113,4,81578,524032,5111,102845,4.854125754937197,0.16405929711889256
1968,0.1977,4,29,4,81607,524003,5115,102841,4.853857126977657,0.16406155279463472
1969,0.1978,2,23,2,81630,523980,5117,102839,4.853644077216644,0.1640649054990356
1970,0.1979,1,41,1,81671,523939,5118,102838,4.853264292860054,0.16407430393904052
1971,0.198,7,44,7,81715,523895,5125,102831,4.852856719404202,0.16407648637522618
1972,0.1981,6,107,6,81822,523788,5131,102825,4.851865574863833,0.16409649975343632
1973,0.1982,5,43,5,81865,523745,5136,102820,4.851467264441069,0.16410109086846536
1974,0.1983,5,58,5,81923,523687,5141,102815,4.85093000852199,0.16410961178096797
1975,0.1984,6,43,6,81966,523644,5147,102809,4.850531698099226,0.16411287039889663
1976,0.1985,5,30,5,81996,523614,5152,102804,4.850253807106599,0.16411405802515253
1977,0.1986,3,32,3,82028,523582,5155,102801,4.8499573900477975,0.16411843871880302
1978,0.1987,3,29,3,82057,523553,5158,102798,4.849688762088258,0.16412203381171261
1979,0.1988,1,40,1,82097,523513,5159,102797,4.849318240764756,0.16413118104453067
1980,0.1989,6,120,6,82217,523393,5165,102791,4.848206676794249,0.16415462547749543
1981,0.199,8,50,8,82267,523343,5173,102783,4.8477435251398715,0.16415705465034194
1982,0.1991,5,89,5,82356,523254,5178,102778,4.84691911519508,0.1641737163595471
1983,0.1992,9,121,9,82477,523133,5187,102769,4.845798288191485,0.164193436033117
1984,0.1993,5,68,5,82545,523065,5192,102764,4.845168401941532,0.16420459901986006
1985,0.1994,10,102,10,82647,522963,5202,102754,4.844223572566602,0.16421800909996054
1986,0.1995,3,54,3,82701,522909,5205,102751,4.843723368779873,0.1642281750471502
1987,0.1996,5,56,5,82757,522853,5210,102746,4.84320463892697,0.1642361960297251
1988,0.1997,0,77,0,82834,522776,5210,102746,4.842491385379229,0.1642564130438258
1989,0.1998,0,16,0,82850,522760,5210,102746,4.842343176849828,0.16426061460641464
1990,0.1999,9,78,9,82928,522682,5219,102737,4.841620660268998,0.16426907401278182
1991,0.2,8,43,8,82971,522639,5227,102729,4.841222349846234,0.1642696780135856
1992,0.2001,1,16,1,82987,522623,5228,102728,4.841074141316833,0.1642725445389869
1993,0.2002,3,66,3,83053,522557,5231,102725,4.840462781133054,0.16428587421355484
1994,0.2003,6,55,6,83108,522502,5237,102719,4.839953314313239,0.16429230624051336
1995,0.2004,5,96,5,83204,522406,5242,102714,4.839064063136833,0.16431085231635525
1996,0.2005,5,60,5,83264,522346,5247,102709,4.83850828115158,0.1643199398452936
1997,0.2006,2,50,2,83314,522296,5249,102707,4.8380451294972024,0.16433041121402617
1998,0.2007,4,86,4,83400,522210,5253,102703,4.8372485086516726,0.16434767719666576
1999,0.2008,4,54,4,83454,522156,5257,102699,4.836748304864945,0.1643565307151259
2000,0.2009,1,28,1,83482,522128,5258,102698,4.836488939938493,0.1643625585362965
2001,0.201,4,24,4,83506,522104,5262,102694,4.836266627144393,0.16436352229040427
2002,0.2011,5,84,5,83590,522020,5267,102689,4.835488532365037,0.16437893483205782
2003,0.2012,4,57,4,83647,521963,5271,102685,4.834960539479047,0.16438858365031186
2004,0.2013,6,82,6,83729,521881,5277,102679,4.834200970765868,0.16440213910593057
2005,0.2014,6,66,6,83795,521815,5283,102673,4.833589610582089,0.16441148588924046
2006,0.2015,5,34,5,83829,521781,5288,102668,4.833274667457112,0.1644137471594958
2007,0.2016,1,26,1,83855,521755,5289,102667,4.833033828596836,0.16441925492695644
2008,0.2017,7,163,7,84018,521592,5296,102660,4.831523954203565,0.16445281713154303
2009,0.2018,9,139,9,84157,521453,5305,102651,4.8302363926043945,0.1644773947931755
2010,0.2019,12,48,12,84205,521405,5317,102639,4.829791767016192,0.16447397939888855
2011,0.202,13,177,13,84382,521228,5330,102626,4.828152210159694,0.16450323312826398
2012,0.2021,5,29,5,84411,521199,5335,102621,4.827883582200156,0.16450418389920168
2013,0.2022,1,47,1,84458,521152,5336,102620,4.82744821964504,0.1645152395426534
2014,0.2023,4,45,4,84503,521107,5340,102616,4.8270313831561005,0.16452175084131898
2015,0.2024,7,50,7,84553,521057,5347,102609,4.826568231501723,0.16452556336244079
2016,0.2025,2,66,2,84619,520991,5349,102607,4.825956871317945,0.16454029679376778
2017,0.2026,4,76,4,84695,520915,5353,102603,4.825252880803291,0.1645549927989248
2018,0.2027,2,102,2,84797,520813,5355,102601,4.82430805142836,0.16457923626995866
2019,0.2028,1,22,1,84819,520791,5356,102600,4.824104264700433,0.16458370428831984
2020,0.2029,4,62,4,84881,520729,5360,102596,4.823529956649005,0.16459471383307264
2021,0.203,1,39,1,84920,520690,5361,102595,4.82316869835859,0.16460367247727764
2022,0.2031,9,94,9,85014,520596,5370,102586,4.822297973248361,0.16461643628988
2023,0.2032,5,23,5,85037,520573,5375,102581,4.822084923487346,0.16461580925421324
2024,0.2033,14,135,14,85172,520438,5389,102567,4.820834414020527,0.1646327076026677
2025,0.2034,3,34,3,85206,520404,5392,102564,4.82051947089555,0.1646376699926802
2026,0.2035,3,21,3,85227,520383,5395,102561,4.820324947200711,0.16463919710278935
2027,0.2036,4,26,4,85253,520357,5399,102557,4.820084108340435,0.1646407048163952
2028,0.2037,8,91,8,85344,520266,5407,102549,4.819241172329468,0.16465403049059513
2029,0.2038,4,41,4,85385,520225,5411,102545,4.818861387972878,0.16465950511424762
2030,0.2039,6,86,6,85471,520139,5417,102539,4.818064767127348,0.1646741975788449
2031,0.204,4,44,4,85515,520095,5421,102535,4.817657193671495,0.16468046833592984
2032,0.2041,4,29,4,85544,520066,5425,102531,4.817388565711957,0.16468277232302758
2033,0.2042,8,129,8,85673,519937,5433,102523,4.816193634443662,0.1647061658580471
2034,0.2043,2,37,2,85710,519900,5435,102521,4.815850902219423,0.16471327284908446
2035,0.2044,2,26,2,85736,519874,5437,102519,4.815610063359146,0.16471746950881516
2036,0.2045,1,28,1,85764,519846,5438,102518,4.815350698432694,0.16472353799384284
2037,0.2046,9,190,9,85954,519656,5447,102509,4.81359072214606,0.1647617593403679
2038,0.2047,3,139,3,86093,519517,5450,102506,4.81230316054689,0.1647945493976911
2039,0.2048,5,74,5,86167,519443,5455,102501,4.81161769609841,0.16480744247070475
2040,0.2049,5,47,5,86214,519396,5460,102496,4.811182333543296,0.16481318299640452
2041,0.205,2,38,2,86252,519358,5462,102494,4.810830338285968,0.16482056823810168
2042,0.2051,7,57,7,86309,519301,5469,102487,4.810302345399978,0.16482627519347431
2043,0.2052,5,30,5,86339,519271,5474,102482,4.810024454407351,0.16482751188976974
2044,0.2053,6,62,6,86401,519209,5480,102476,4.809450146355923,0.1648358895582168
2045,0.2054,6,109,6,86510,519100,5486,102470,4.8084404757493795,0.1648567337548466
2046,0.2055,3,16,3,86526,519084,5489,102467,4.808292267219978,0.16485694657397382
2047,0.2056,4,74,4,86600,519010,5493,102463,4.8076068027715,0.16487120116239964
2048,0.2057,3,19,3,86619,518991,5496,102460,4.807430805142836,0.16487221035930427
2049,0.2058,5,68,5,86687,518923,5501,102455,4.806800918892883,0.16488353305073564
2050,0.2059,6,109,6,86796,518814,5507,102449,4.805791248286339,0.1649043963667561
2051,0.206,3,46,3,86842,518768,5510,102446,4.805365148764311,0.16491257441075055
2052,0.2061,1,19,1,86861,518749,5511,102445,4.8051891511356475,0.16491627414302135
2053,0.2062,5,101,5,86962,518648,5516,102440,4.804253584793805,0.16493636972538514
2054,0.2063,10,65,10,87027,518583,5526,102430,4.803651487643114,0.16494018643732095
2055,0.2064,9,120,9,87147,518463,5535,102421,4.802539923672607,0.16495996031464816
2056,0.2065,4,34,4,87181,518429,5539,102417,4.8022249805476305,0.1649636141651875
2057,0.2066,10,198,10,87379,518231,5549,102407,4.8003908999962945,0.16500278745420036
2058,0.2067,1,43,1,87422,518188,5550,102406,4.79999258957353,0.16501287476192164
2059,0.2068,1,26,1,87448,518162,5551,102405,4.799751750713254,0.16501844281117106
2060,0.2069,5,61,5,87509,518101,5556,102400,4.799186705694913,0.16502793710243818
2061,0.207,3,16,3,87525,518085,5559,102397,4.799038497165512,0.16502815553070033
2062,0.2071,14,105,14,87630,517980,5573,102383,4.798065878691319,0.1650372443230818
2063,0.2072,7,93,7,87723,517887,5580,102376,4.797204416614176,0.16505256641134486
2064,0.2073,5,78,5,87801,517809,5585,102371,4.7964819000333465,0.16506659356960882
2065,0.2074,5,59,5,87860,517750,5590,102366,4.795935381081181,0.1650755665069116
2066,0.2075,9,77,9,87937,517673,5599,102357,4.79522212753344,0.16508394755092495
2067,0.2076,9,100,9,88037,517573,5608,102348,4.794295824224684,0.16509845609359902
2068,0.2077,3,135,3,88172,517438,5611,102345,4.793045314757864,0.1651303762768582
2069,0.2078,12,131,12,88303,517307,5623,102333,4.791831857423395,0.16514911884319927
2070,0.2079,11,71,11,88374,517236,5634,102322,4.791174182074179,0.16515322213578068
2071,0.208,7,48,7,88422,517188,5641,102315,4.790729556485976,0.16515658519813464
2072,0.2081,11,165,11,88587,517023,5652,102304,4.78920115602653,0.16518575808902244
2073,0.2082,6,118,6,88705,516905,5658,102298,4.788108118122198,0.16520914788849536
2074,0.2083,7,31,7,88736,516874,5665,102291,4.7878209640964835,0.16520798171731282
2075,0.2084,4,73,4,88809,516801,5669,102287,4.787144762681092,0.16522206859121805
2076,0.2085,5,53,5,88862,516748,5674,102282,4.786653821927452,0.16522947191573914
2077,0.2086,4,26,4,88888,516722,5678,102278,4.7864129830671756,0.16523101777059773
2078,0.2087,3,65,3,88953,516657,5681,102275,4.785810885916485,0.16524432409376152
2079,0.2088,0,48,0,89001,516609,5681,102275,4.785366260328282,0.16525714027184416
2080,0.2089,2,44,2,89045,516565,5683,102273,4.78495868687243,0.1652661924445493
2081,0.209,6,51,6,89096,516514,5689,102267,4.784486272184965,0.1652717197199009
2082,0.2091,4,43,4,89139,516471,5693,102263,4.784087961762199,0.16527780920395518
2083,0.2092,9,183,9,89322,516288,5702,102254,4.782392826707177,0.1653145623094309
2084,0.2093,11,90,11,89412,516198,5713,102243,4.781559153729297,0.1653237738118915
2085,0.2094,3,67,3,89479,516131,5716,102240,4.780938530512431,0.165337637114289
2086,0.2095,10,99,10,89578,516032,5726,102230,4.780021490236763,0.16535061187651837
2087,0.2096,4,149,4,89727,515883,5730,102226,4.7786412983067175,0.16538506962364244
2088,0.2097,10,61,10,89788,515822,5740,102216,4.7780762532883765,0.1653878887705934
2089,0.2098,10,62,10,89850,515760,5750,102206,4.777501945236948,0.16539097620257426
2090,0.2099,3,27,3,89877,515733,5753,102203,4.777251843343584,0.16539415085057352
2091,0.21,3,33,3,89910,515700,5756,102200,4.776946163251695,0.16539893186599774
2092,0.2101,8,137,8,90047,515563,5764,102192,4.7756771277187005,0.1654248043318144
2093,0.2102,7,110,7,90157,515453,5771,102185,4.774658194079069,0.16544480747622395
2094,0.2103,5,88,5,90245,515365,5776,102180,4.7738430471673645,0.16546162627824693
2095,0.2104,8,115,8,90360,515250,5784,102172,4.772777798362296,0.16548163168788932
2096,0.2105,2,21,2,90381,515229,5786,102170,4.772583274667457,0.16548455698826853
2097,0.2106,10,153,10,90534,515076,5796,102160,4.771166030605062,0.16551205697658594
2098,0.2107,2,69,2,90603,515007,5798,102158,4.77052688132202,0.16552785721808594
2099,0.2108,3,63,3,90666,514944,5801,102155,4.769943310237504,0.16554069930432555
2100,0.2109,6,104,6,90770,514840,5807,102149,4.768979954796398,0.16556048811242988
2101,0.211,4,54,4,90824,514786,5811,102145,4.768479751009671,0.16556956936837344
2102,0.2111,6,78,6,90902,514708,5817,102139,4.767757234428841,0.16558238914998372
2103,0.2112,12,83,12,90985,514625,5829,102127,4.766988402682574,0.165588437491893
2104,0.2113,6,73,6,91058,514552,5835,102121,4.766312201267183,0.1655999208656776
2105,0.2114,2,51,2,91109,514501,5837,102119,4.7658397865797175,0.16561091109597484
2106,0.2115,8,83,8,91192,514418,5845,102111,4.76507095483345,0.16562237948255476
2107,0.2116,6,31,6,91223,514387,5851,102105,4.764783800807736,0.16562258715441563
2108,0.2117,6,51,6,91274,514336,5857,102099,4.764311386120271,0.16562816842002806
2109,0.2118,3,55,3,91329,514281,5860,102096,4.763801919300456,0.16563888659051199
2110,0.2119,4,38,4,91367,514243,5864,102092,4.763449924043129,0.16564368403546773
2111,0.212,4,50,4,91417,514193,5868,102088,4.762986772388751,0.16565170758144418
2112,0.2121,10,60,10,91477,514133,5878,102078,4.762430990403498,0.165654296985935
2113,0.2122,6,72,6,91549,514061,5884,102072,4.761764052021194,0.16566553000731984
2114,0.2123,4,56,4,91605,514005,5888,102068,4.761245322168291,0.16567517161115647
2115,0.2124,4,61,4,91666,513944,5892,102064,4.76068027714995,0.16568615992000105
2116,0.2125,11,90,11,91756,513854,5903,102053,4.75984660417207,0.165695470257685
2117,0.2126,6,41,6,91797,513813,5909,102047,4.75946681981548,0.1656983730068522
2118,0.2127,2,37,2,91834,513776,5911,102045,4.759124087591241,0.16570561900292455
2119,0.2128,5,96,5,91930,513680,5916,102040,4.758234836414836,0.1657246800493731
2120,0.2129,0,17,0,91947,513663,5916,102040,4.758077364852348,0.16572925582626688
2121,0.213,12,214,12,92161,513449,5928,102028,4.7560950757716105,0.1657706136866203
2122,0.2131,8,63,8,92224,513386,5936,102020,4.755511504687095,0.16577673925831077
2123,0.2132,2,72,2,92296,513314,5938,102018,4.754844566304791,0.1657934253378664
2124,0.2133,6,118,6,92414,513196,5944,102012,4.75375152840046,0.16581708950468785
2125,0.2134,8,94,8,92508,513102,5952,102004,4.752880803290229,0.16583158024795727
2126,0.2135,13,240,13,92748,512862,5965,101991,4.750657675349216,0.16587867343901713
2127,0.2136,8,49,8,92797,512813,5973,101983,4.750203786727926,0.1658810402149656
2128,0.2137,3,30,3,92827,512783,5976,101980,4.749925895735299,0.16588506465093053
2129,0.2138,8,71,8,92898,512712,5984,101972,4.749268220386083,0.16589336960129106
2130,0.2139,1,51,1,92949,512661,5985,101971,4.748795805698618,0.16590577776620807
2131,0.214,6,108,6,93057,512553,5991,101965,4.747795398125162,0.1659267914039947
2132,0.2141,5,67,5,93124,512486,5996,101960,4.747174774908296,0.1659380970825752
2133,0.2142,19,190,19,93314,512296,6015,101941,4.745414798621661,0.16596362641781592
2134,0.2143,5,61,5,93375,512235,6020,101936,4.74484975360332,0.1659733201339692
2135,0.2144,3,59,3,93434,512176,6023,101933,4.744303234651154,0.16598519155394237
2136,0.2145,15,130,15,93564,512046,6038,101918,4.743099040349772,0.16599996090976019
2137,0.2146,10,111,10,93675,511935,6048,101908,4.742070843677054,0.16601639181354189
2138,0.2147,8,87,8,93762,511848,6056,101900,4.741264959798436,0.1660290542698306
2139,0.2148,1,30,1,93792,511818,6057,101899,4.74098706880581,0.16603581129413067
2140,0.2149,9,158,9,93950,511660,6066,101890,4.739523509577976,0.16606633526199985
2141,0.215,5,25,5,93975,511635,6071,101885,4.7392919337507875,0.1660663059068979
2142,0.2151,5,63,5,94038,511572,6076,101880,4.738708362666271,0.1660765634475069
2143,0.2152,2,31,2,94069,511541,6078,101878,4.738421208640557,0.16608223742662032
2144,0.2153,5,66,5,94135,511475,6083,101873,4.737809848456779,0.16609331081213274
2145,0.2154,10,71,10,94206,511404,6093,101863,4.737152173107562,0.16609894222255558
2146,0.2155,9,72,9,94278,511332,6102,101854,4.736485234725259,0.16610620594729822
2147,0.2156,2,43,2,94321,511289,6104,101852,4.7360869243024935,0.16611513501788333
2148,0.2157,8,112,8,94433,511177,6112,101844,4.735049464596687,0.16613460224038
2149,0.2158,5,41,5,94474,511136,6117,101839,4.734669680240097,0.16613891267996247
2150,0.2159,3,133,3,94607,511003,6120,101836,4.733437696839453,0.1661708866439636
2151,0.216,5,55,5,94662,510948,6125,101831,4.732928230019637,0.16617899764841812
2152,0.2161,4,81,4,94743,510867,6129,101827,4.732177924339545,0.16619552337708546
2153,0.2162,2,62,2,94805,510805,6131,101825,4.731603616288117,0.16620962081517393
2154,0.2163,0,28,0,94833,510777,6131,101825,4.731344251361666,0.16621721770415376
2155,0.2164,7,46,7,94879,510731,6138,101818,4.730918151839639,0.1662201717740132
2156,0.2165,5,118,5,94997,510613,6143,101813,4.729825113935307,0.16624539127992607
2157,0.2166,9,113,9,95110,510500,6152,101804,4.728778391196413,0.16626381666623116
2158,0.2167,4,89,4,95199,510411,6156,101800,4.727953981251621,0.16628253984328933
2159,0.2168,3,59,3,95258,510352,6159,101797,4.727407462299455,0.1662944805921434
2160,0.2169,3,47,3,95305,510305,6162,101794,4.72697209974434,0.1663031633771661
2161,0.217,9,74,9,95379,510231,6171,101785,4.726286635295861,0.16631101147682414
2162,0.2171,9,96,9,95475,510135,6180,101776,4.725397384119456,0.1663248413576484
2163,0.2172,3,99,3,95574,510036,6183,101773,4.724480343843788,0.1663476673275483
2164,0.2173,1,26,1,95600,510010,6184,101772,4.724239504983512,0.16635337424115126
2165,0.2174,5,54,5,95654,509956,6189,101767,4.723739301196784,0.16636124520412016
2166,0.2175,1,32,1,95686,509924,6190,101766,4.723442884137982,0.16636858539456262
2167,0.2176,8,56,8,95742,509868,6198,101758,4.722924154285079,0.16637291416650044
2168,0.2177,6,47,6,95789,509821,6204,101752,4.7224887917299645,0.1663775215714232
2169,0.2178,2,43,2,95832,509778,6206,101750,4.722090481307199,0.16638649415889378
2170,0.2179,5,92,5,95924,509686,6211,101745,4.721238282263144,0.16640471287847688
2171,0.218,7,110,7,96034,509576,6218,101738,4.720219348623513,0.16642511049967773
2172,0.2181,10,135,10,96169,509441,6228,101728,4.718968839156694,0.16644823281285537
2173,0.2182,3,45,3,96214,509396,6231,101725,4.718552002667754,0.16645639734193393
2174,0.2183,7,68,7,96282,509328,6238,101718,4.7179221164178,0.16646537249241464
2175,0.2184,0,12,0,96294,509316,6238,101718,4.717810960020749,0.16646864167951375
2176,0.2185,4,79,4,96373,509237,6242,101714,4.717079180406833,0.1664847099030855
2177,0.2186,2,40,2,96413,509197,6244,101712,4.71670865908333,0.1664928819185836
2178,0.2187,0,24,0,96437,509173,6244,101712,4.716486346289229,0.16649942296831646
2179,0.2188,3,43,3,96480,509130,6247,101709,4.7160880358664645,0.16650705013923472
2180,0.2189,5,75,5,96555,509055,6252,101704,4.715393308384898,0.16652067345712465
2181,0.219,8,58,8,96613,508997,6260,101696,4.714856052465819,0.16652557013098235
2182,0.2191,7,72,7,96685,508925,6267,101689,4.714189114083515,0.16653565100046838
2183,0.2192,4,31,4,96716,508894,6271,101685,4.713901960057801,0.16653864610476285
2184,0.2193,2,38,2,96754,508856,6273,101683,4.713549964800475,0.16654628123674328
2185,0.2194,4,45,4,96799,508811,6277,101679,4.713133128311535,0.16655309669282053
2186,0.2195,11,173,11,96972,508638,6288,101668,4.711530623587388,0.1665852867250199
2187,0.2196,6,34,6,97006,508604,6294,101662,4.711215680462411,0.1665863738107645
2188,0.2197,4,64,4,97070,508540,6298,101658,4.710622846344807,0.1665983828200027
2189,0.2198,7,77,7,97147,508463,6305,101651,4.709909592797065,0.16660984668439013
2190,0.2199,7,131,7,97278,508332,6312,101644,4.708696135462596,0.1666360643697457
2191,0.22,0,72,0,97350,508260,6312,101644,4.708029197080292,0.16665573598467956
2192,0.2201,7,74,7,97424,508186,6319,101637,4.707343732631813,0.16666639336332018
2193,0.2202,6,88,6,97512,508098,6325,101631,4.7065285857201085,0.16668224735907264
2194,0.2203,11,53,11,97565,508045,6336,101620,4.706037644966468,0.1666817022463156
2195,0.2204,8,82,8,97647,507963,6344,101612,4.705278076253288,0.1666931878767994
2196,0.2205,8,85,8,97732,507878,6352,101604,4.704490718440846,0.16670549745521607
2197,0.2206,11,58,11,97790,507820,6363,101593,4.703953462521768,0.16670632231343932
2198,0.2207,7,63,7,97853,507757,6370,101586,4.703369891437252,0.16671398539082258
2199,0.2208,6,107,6,97960,507650,6376,101580,4.702378746896884,0.1667350590089129
2200,0.2209,8,35,8,97995,507615,6384,101572,4.7020545407388195,0.1667336958930509
2201,0.221,3,22,3,98017,507593,6387,101569,4.701850754010893,0.16673561384327978
2202,0.2211,4,103,4,98120,507490,6391,101565,4.700896661602875,0.16675833873788082
2203,0.2212,5,88,5,98208,507402,6396,101560,4.7000815146911705,0.16677559519313193
2204,0.2213,5,105,5,98313,507297,6401,101555,4.699108896216977,0.16679751400997286
2205,0.2214,7,43,7,98356,507254,6408,101548,4.698710585794212,0.1667997148498198
2206,0.2215,19,238,19,98594,507016,6427,101529,4.696505983919375,0.16683893549367754
2207,0.2216,6,82,6,98676,506934,6433,101523,4.695746415206195,0.16685320408837437
2208,0.2217,11,138,11,98814,506796,6444,101512,4.694468116640112,0.16687599045220514
2209,0.2218,8,22,8,98836,506774,6452,101504,4.694264329912186,0.16687106882050642
2210,0.2219,5,73,5,98909,506701,6457,101499,4.693588128496795,0.16688424860243342
2211,0.222,4,77,4,98986,506624,6461,101495,4.692874874949053,0.16689989952624404
2212,0.2221,5,50,5,99036,506574,6466,101490,4.692411723294676,0.1669067729712662
2213,0.2222,4,41,4,99077,506533,6470,101486,4.692031938938086,0.1669125471407966
2214,0.2223,6,28,6,99105,506505,6476,101480,4.691772574011634,0.1669120126318906
2215,0.2224,6,83,6,99188,506422,6482,101474,4.691003742265368,0.16692657954650136
2216,0.2225,3,25,3,99213,506397,6485,101471,4.690772166438179,0.16692933334210716
2217,0.2226,9,93,9,99306,506304,6494,101462,4.689910704361036,0.16694254038560893
2218,0.2227,4,80,4,99386,506224,6498,101458,4.689169661714032,0.16695903449501548
2219,0.2228,5,75,5,99461,506149,6503,101453,4.688474934232465,0.16697278810800492
2220,0.2229,4,15,4,99476,506134,6507,101449,4.688335988736152,0.16697142612614244
2221,0.223,2,23,2,99499,506111,6509,101447,4.688122938975138,0.1669750048555035
2222,0.2231,1,22,1,99521,506089,6510,101446,4.687919152247212,0.16697968018303472
2223,0.2232,2,76,2,99597,506013,6512,101444,4.687215161732558,0.1669978286528923
2224,0.2233,6,124,6,99721,505889,6518,101438,4.686066545629701,0.16702369563678215
2225,0.2234,7,37,7,99758,505852,6525,101431,4.6857238134054615,0.1670242703978211
2226,0.2235,6,149,6,99907,505703,6531,101425,4.684343621475416,0.16705702916024298
2227,0.2236,2,49,2,99956,505654,6533,101423,4.683889732854126,0.1670677689980019
2228,0.2237,8,117,8,100073,505537,6541,101415,4.682805957982882,0.16708899550541065
2229,0.2238,3,36,3,100109,505501,6544,101412,4.68247248879173,0.16709478953326096
2230,0.2239,3,23,3,100132,505478,6547,101409,4.682259439030716,0.16709700487899723
2231,0.224,5,71,5,100203,505407,6552,101404,4.6816017636815,0.1671096931334468
2232,0.2241,3,43,3,100246,505364,6555,101401,4.681203453258735,0.16711741778118383
2233,0.2242,3,9,3,100255,505355,6558,101398,4.681120085960947,0.1671157785787627
2234,0.2243,4,27,4,100282,505328,6562,101394,4.680869984067583,0.16711772442733244
2235,0.2244,10,79,10,100361,505249,6572,101384,4.680138204453666,0.16712575807778343
2236,0.2245,5,52,5,100413,505197,6577,101379,4.679656526733114,0.16713321990978872
2237,0.2246,11,117,11,100530,505080,6588,101368,4.67857275186187,0.16715035749149143
2238,0.2247,2,39,2,100569,505041,6590,101366,4.678211493571455,0.1671583606389768
2239,0.2248,8,111,8,100680,504930,6598,101358,4.677183296898736,0.16717797482384608
2240,0.2249,5,56,5,100736,504874,6603,101353,4.676664567045833,0.16718654893299045
2241,0.225,6,55,6,100791,504819,6609,101347,4.676155100226018,0.16719347505468798
2242,0.2251,3,36,3,100827,504783,6612,101344,4.675821631034866,0.16719928331851247
2243,0.2252,4,52,4,100879,504731,6616,101340,4.675339953314313,0.16720813238052967
2244,0.2253,1,49,1,100928,504682,6617,101339,4.674886064693023,0.1672202778451572
2245,0.2254,2,35,2,100963,504647,6619,101337,4.674561858534958,0.1672271875165021
2246,0.2255,1,62,1,101025,504585,6620,101336,4.67398755048353,0.1672429244076373
2247,0.2256,5,84,5,101109,504501,6625,101331,4.673209455704176,0.16725924018539792
2248,0.2257,7,32,7,101141,504469,6632,101324,4.672913038645374,0.16725845296990885
2249,0.2258,5,56,5,101197,504413,6637,101319,4.672394308792471,0.16726704219027558
2250,0.2259,2,36,2,101233,504377,6639,101317,4.672060839601319,0.16727423418425805
2251,0.226,10,125,10,101358,504252,6649,101307,4.670902960465375,0.16729501171644712
2252,0.2261,6,107,6,101465,504145,6655,101301,4.669911815925007,0.16731632548567502
2253,0.2262,1,23,1,101488,504122,6656,101300,4.669698766163993,0.16732130646061755
2254,0.2263,2,47,2,101535,504075,6658,101298,4.669263403608878,0.16733154600552055
2255,0.2264,5,46,5,101581,504029,6663,101293,4.66883730408685,0.16733738406996607
2256,0.2265,3,31,3,101612,503998,6666,101290,4.668550150061136,0.16734182736152048
2257,0.2266,9,76,9,101688,503922,6675,101281,4.667846159546482,0.16735045926738631
2258,0.2267,5,22,5,101710,503900,6680,101276,4.667642372818555,0.16734966356894523
2259,0.2268,9,90,9,101800,503810,6689,101267,4.666808699840676,0.16736217043450669
2260,0.2269,11,172,11,101972,503638,6700,101256,4.665215458149617,0.1673946178999957
2261,0.227,9,107,9,102079,503531,6709,101247,4.664224313609248,0.16741184368479012
2262,0.2271,4,43,4,102122,503488,6713,101243,4.663826003186483,0.16741824050693616
2263,0.2272,4,53,4,102175,503435,6717,101239,4.663335062432843,0.16742740716485247
2264,0.2273,5,46,5,102221,503389,6722,101234,4.662908962910816,0.16743326006453607
2265,0.2274,1,40,1,102261,503349,6723,101233,4.662538441587313,0.16744296059095376
2266,0.2275,3,43,3,102304,503306,6726,101230,4.6621401311645485,0.1674507390792277
2267,0.2276,5,76,5,102380,503230,6731,101225,4.6614361406498945,0.16746490640328893
2268,0.2277,7,37,7,102417,503193,6738,101218,4.661093408425655,0.16746551601476478
2269,0.2278,5,41,5,102458,503152,6743,101213,4.660713624069065,0.16746998916217848
2270,0.2279,6,99,6,102557,503053,6749,101207,4.659796583793398,0.16748916029523714
2271,0.228,8,106,8,102663,502947,6757,101199,4.658814702286117,0.16750752301595973
2272,0.2281,3,44,3,102707,502903,6760,101196,4.658407128830264,0.1675155893322121
2273,0.2282,17,146,17,102853,502757,6777,101179,4.6570547259994814,0.16753265246648652
2274,0.2283,9,155,9,103008,502602,6786,101170,4.65561895587091,0.16756325235353742
2275,0.2284,4,46,4,103054,502556,6790,101166,4.655192856348883,0.16757050430496157
2276,0.2285,9,77,9,103131,502479,6799,101157,4.654479602801141,0.1675794684213665
2277,0.2286,2,31,2,103162,502448,6801,101155,4.654192448775427,0.16758531683904818
2278,0.2287,13,77,13,103239,502371,6814,101142,4.6534791952276855,0.16758876776473747
2279,0.2288,7,77,7,103316,502294,6821,101135,4.652765941679943,0.1676004964958595
2280,0.2289,7,92,7,103408,502202,6828,101128,4.651913742635888,0.1676163956706943
2281,0.229,3,50,3,103458,502152,6831,101125,4.651450590981511,0.1676261485188396
2282,0.2291,5,69,5,103527,502083,6836,101120,4.65081144169847,0.1676384235489545
2283,0.2292,6,84,6,103611,501999,6842,101114,4.650033346919115,0.16765349113681846
2284,0.2293,7,97,7,103708,501902,6849,101107,4.649134832709622,0.16767079761661932
2285,0.2294,3,39,3,103747,501863,6852,101104,4.648773574419208,0.16767750142213422
2286,0.2295,5,165,5,103912,501698,6857,101099,4.647245173959761,0.16771649493942406
2287,0.2296,12,146,12,104058,501552,6869,101087,4.645892771128978,0.1677405544612944
2288,0.2297,5,81,5,104139,501471,6874,101082,4.645142465448886,0.16775619738014746
2289,0.2298,7,40,7,104179,501431,6881,101075,4.6447719441253845,0.1677576654838292
2290,0.2299,4,42,4,104221,501389,6885,101071,4.644382896735707,0.16776383494339872
2291,0.23,10,69,10,104290,501320,6895,101061,4.643743747452666,0.16776923574946753
2292,0.2301,3,18,3,104308,501302,6898,101058,4.64357701285709,0.16777010425659075
2293,0.2302,9,81,9,104389,501221,6907,101049,4.642826707176998,0.1677802314576519
2294,0.2303,4,22,4,104411,501199,6911,101045,4.642622920449072,0.16778083301784658
2295,0.2304,9,74,9,104485,501125,6920,101036,4.641937456000593,0.16778901323732356
2296,0.2305,4,21,4,104506,501104,6924,101032,4.641742932305754,0.16778933662827003
2297,0.2306,4,71,4,104577,501033,6928,101028,4.641085256956538,0.1678035946523691
2298,0.2307,1,52,1,104629,500981,6929,101027,4.640603579235985,0.1678167067547275
2299,0.2308,0,81,0,104710,500900,6929,101027,4.639853273555893,0.16783928948194715
2300,0.2309,4,89,4,104799,500811,6933,101023,4.639028863611101,0.16785857894369544
2301,0.231,6,108,6,104907,500703,6939,101017,4.638028456037645,0.16788040949278735
2302,0.2311,3,24,3,104931,500679,6942,101014,4.637806143243544,0.167882956923215
2303,0.2312,4,51,4,104982,500628,6946,101010,4.6373337285560785,0.16789165577972137
2304,0.2313,12,172,12,105154,500456,6958,100998,4.635740486865019,0.1679230664356709
2305,0.2314,8,49,8,105203,500407,6966,100990,4.635286598243729,0.16792567970907737
2306,0.2315,7,62,7,105265,500345,6973,100983,4.634712290192301,0.16793330761248437
2307,0.2316,4,68,4,105333,500277,6977,100979,4.6340824039423465,0.16794676477240975
2308,0.2317,11,79,11,105412,500198,6988,100968,4.63335062432843,0.16795361015094
2309,0.2318,4,72,4,105484,500126,6992,100964,4.632683685946126,0.16796819111946631
2310,0.2319,2,58,2,105542,500068,6994,100962,4.632146430027048,0.1679816315325358
2311,0.232,2,63,2,105605,500005,6996,100960,4.631562858942532,0.1679964723403193
2312,0.2321,8,118,8,105723,499887,7004,100952,4.630469821038201,0.16801838762130952
2313,0.2322,5,83,5,105806,499804,7009,100947,4.629700989291933,0.1680346765964601
2314,0.2323,3,75,3,105881,499729,7012,100944,4.629006261810368,0.16805150223166349
2315,0.2324,11,155,11,106036,499574,7023,100933,4.627570491681796,0.16807963937139783
2316,0.2325,9,132,9,106168,499442,7032,100924,4.626347771314239,0.16810412315154422
2317,0.2326,9,74,9,106242,499368,7041,100915,4.6256623068657605,0.16811237366375525
2318,0.2327,5,73,5,106315,499295,7046,100910,4.624986105450368,0.16812589032080705
2319,0.2328,5,26,5,106341,499269,7051,100905,4.624745266590092,0.16812624338941706
2320,0.2329,11,134,11,106475,499135,7062,100894,4.62350402015636,0.1681485394872581
2321,0.233,5,27,5,106502,499108,7067,100889,4.623253918262996,0.16814917407920374
2322,0.2331,2,54,2,106556,499054,7069,100887,4.622753714476268,0.16816153588436197
2323,0.2332,2,71,2,106627,498983,7071,100885,4.622096039127052,0.16817866597318076
2324,0.2333,7,97,7,106724,498886,7078,100878,4.621197524917559,0.16819615715514769
2325,0.2334,7,113,7,106837,498773,7085,100871,4.6201508021786655,0.16821814276470706
2326,0.2335,1,62,1,106899,498711,7086,100870,4.619576494127237,0.16823415018154345
2327,0.2336,8,98,8,106997,498613,7094,100862,4.618668716884657,0.1682505525668293
2328,0.2337,6,74,6,107071,498539,7100,100856,4.6179832524361775,0.1682629985235112
2329,0.2338,10,108,10,107179,498431,7110,100846,4.616982844862722,0.1682794433959588
2330,0.2339,5,68,5,107247,498363,7115,100841,4.616352958612768,0.16829160018958486
2331,0.234,8,66,8,107313,498297,7123,100833,4.61574159842899,0.16829903359871815
2332,0.2341,7,60,7,107373,498237,7130,100826,4.615185816443736,0.16830617147111407
2333,0.2342,3,24,3,107397,498213,7133,100823,4.614963503649635,0.1683087493906877
2334,0.2343,5,75,5,107472,498138,7138,100818,4.6142687761680685,0.16832288181435698
2335,0.2344,7,117,7,107589,498021,7145,100811,4.6131850012968245,0.16834604697143773
2336,0.2345,7,42,7,107631,497979,7152,100804,4.612795953907147,0.16834813279602126
2337,0.2346,3,51,3,107682,497928,7155,100801,4.612323539219682,0.16835830567752688
2338,0.2347,2,47,2,107729,497881,7157,100799,4.611888176664567,0.1683687445713904
2339,0.2348,5,59,5,107788,497822,7162,100794,4.611341657712401,0.1683783928261189
2340,0.2349,9,61,9,107849,497761,7171,100785,4.61077661269406,0.16838304825360123
2341,0.235,6,72,6,107921,497689,7177,100779,4.610109674311756,0.16839496848620145
2342,0.2351,6,28,6,107949,497661,7183,100773,4.609850309385305,0.16839450967023933
2343,0.2352,11,120,11,108069,497541,7194,100762,4.608738745414799,0.16841299475349447
2344,0.2353,4,49,4,108118,497492,7198,100758,4.608284856793508,0.16842122858336817
2345,0.2354,11,180,11,108298,497312,7209,100747,4.606617510837749,0.16845662384480461
2346,0.2355,4,75,4,108373,497237,7213,100743,4.605922783356182,0.1684721897053413
2347,0.2356,9,130,9,108503,497107,7222,100734,4.6047185890548,0.16849630587396983
2348,0.2357,10,119,10,108622,496988,7232,100724,4.603616288117381,0.16851594078753648
2349,0.2358,5,53,5,108675,496935,7237,100719,4.603125347363741,0.16852392856067222
2350,0.2359,3,107,3,108782,496828,7240,100716,4.602134202823373,0.16854993105110253
2351,0.236,4,47,4,108829,496781,7244,100712,4.6016988402682575,0.16855762326922658
2352,0.2361,1,23,1,108852,496758,7245,100711,4.601485790507244,0.16856272040892498
2353,0.2362,7,86,7,108938,496672,7252,100704,4.600689169661714,0.16857724448253697
2354,0.2363,12,128,12,109066,496544,7264,100692,4.599503501426507,0.16859666865359757
2355,0.2364,3,60,3,109126,496484,7267,100689,4.598947719441254,0.16860943143779106
2356,0.2365,6,57,6,109183,496427,7273,100683,4.598419726555263,0.1686171727152451
2357,0.2366,9,150,9,109333,496277,7282,100674,4.59703027159213,0.1686470078783686
2358,0.2367,15,136,15,109469,496141,7297,100659,4.595770499092223,0.16866454423592495
2359,0.2368,6,71,6,109540,496070,7303,100653,4.595112823743007,0.168676253471041
2360,0.2369,0,29,0,109569,496041,7303,100653,4.594844195783467,0.16868445132681073
2361,0.237,8,35,8,109604,496006,7311,100645,4.594519989625403,0.16868320006167759
2362,0.2371,9,65,9,109669,495941,7320,100636,4.593917892474712,0.16868903762632484
2363,0.2372,9,68,9,109737,495873,7329,100627,4.593288006224758,0.16869572506286673
2364,0.2373,2,54,2,109791,495819,7331,100625,4.59278780243803,0.16870821066185593
2365,0.2374,10,80,10,109871,495739,7341,100615,4.592046759791026,0.16871690304751877
2366,0.2375,5,41,5,109912,495698,7346,100610,4.591666975434436,0.16872153316742355
2367,0.2376,5,74,5,109986,495624,7351,100605,4.590981510985957,0.16873550263405504
2368,0.2377,4,56,4,110042,495568,7355,100601,4.590462781133054,0.16874577510739405
2369,0.2378,11,153,11,110195,495415,7366,100590,4.589045537070659,0.16877375189805455
2370,0.2379,3,29,3,110224,495386,7369,100587,4.588776909111119,0.16877778020145207
2371,0.238,8,64,8,110288,495322,7377,100579,4.588184074993515,0.16878474780206779
2372,0.2381,2,55,2,110343,495267,7379,100577,4.5876746081737005,0.1687975376105155
2373,0.2382,5,34,5,110377,495233,7384,100572,4.587359665048724,0.16880019469457289
2374,0.2383,5,61,5,110438,495172,7389,100567,4.586794620030383,0.16881050258586394
2375,0.2384,4,129,4,110567,495043,7393,100563,4.5855996887620885,0.16884148245652328
2376,0.2385,12,81,12,110648,494962,7405,100551,4.5848493830819965,0.168847699378519
2377,0.2386,0,36,0,110684,494926,7405,100551,4.5845159138908445,0.16885790719037008
2378,0.2387,6,58,6,110742,494868,7411,100545,4.583978657971766,0.16886598042031328
2379,0.2388,22,312,22,111054,494556,7433,100523,4.58108859164845,0.168923789950578
2380,0.2389,6,63,6,111117,494493,7439,100517,4.580505020563933,0.1689332952387355
2381,0.239,4,42,4,111159,494451,7443,100513,4.580115973174256,0.1689396333223523
2382,0.2391,2,51,2,111210,494400,7445,100511,4.579643558486791,0.16895132213053718
2383,0.2392,0,28,0,111238,494372,7445,100511,4.579384193560339,0.16895927434470306
2384,0.2393,3,42,3,111280,494330,7448,100508,4.578995146170662,0.16896701286736893
2385,0.2394,4,74,4,111354,494256,7452,100504,4.5783096817221836,0.1689824467011904
2386,0.2395,9,64,9,111418,494192,7461,100495,4.57771684760458,0.168988055901676
2387,0.2396,7,48,7,111466,494144,7468,100488,4.577272222016377,0.16899191432684416
2388,0.2397,6,49,6,111515,494095,7474,100482,4.576818333395087,0.16899745533379193
2389,0.2398,11,107,11,111622,493988,7485,100471,4.575827188854719,0.16901249707717436
2390,0.2399,2,27,2,111649,493961,7487,100469,4.575577086961355,0.16901737799236244
2391,0.24,5,37,5,111686,493924,7492,100464,4.575234354737115,0.16902090890125643
2392,0.2401,4,63,4,111749,493861,7496,100460,4.574650783652599,0.16903323288256683
2393,0.2402,5,96,5,111845,493765,7501,100455,4.573761532476194,0.1690535491905355
2394,0.2403,17,114,17,111959,493651,7518,100438,4.572705546704213,0.1690622112175112
2395,0.2404,5,43,5,112002,493608,7523,100433,4.572307236281448,0.16906745493997888
2396,0.2405,5,74,5,112076,493534,7528,100428,4.571621771832969,0.16908152373384155
2397,0.2406,3,84,3,112160,493450,7531,100425,4.570843677053614,0.16910124184382236
2398,0.2407,2,32,2,112192,493418,7533,100423,4.570547259994813,0.16910755572619607
2399,0.2408,3,75,3,112267,493343,7536,100420,4.569852532513246,0.16912471811143504
2400,0.2409,3,57,3,112324,493286,7539,100417,4.569324539627256,0.1691367569306539
2401,0.241,3,86,3,112410,493200,7542,100414,4.568527918781726,0.16915706165959699
2402,0.2411,6,84,6,112494,493116,7548,100408,4.567749824002371,0.16917260296129558
2403,0.2412,6,51,6,112545,493065,7554,100402,4.567277409314906,0.16917874119369739
2404,0.2413,5,59,5,112604,493006,7559,100397,4.566730890362741,0.16918856156777098
2405,0.2414,8,35,8,112639,492971,7567,100389,4.566406684204676,0.1691873398948362
2406,0.2415,7,58,7,112697,492913,7574,100382,4.565869428285598,0.16919407714543355
2407,0.2416,8,45,8,112742,492868,7582,100374,4.5654525917966575,0.16919570765387482
2408,0.2417,6,200,6,112942,492668,7588,100368,4.563599985179147,0.169244362905456
2409,0.2418,10,81,10,113023,492587,7598,100358,4.562849679499055,0.16925347207582492
2410,0.2419,1,33,1,113056,492554,7599,100357,4.562543999407166,0.16926149118501765
2411,0.242,17,132,17,113188,492422,7616,100340,4.561321279039609,0.16927535840691543
2412,0.2421,9,65,9,113253,492357,7625,100331,4.560719181888918,0.16928130820937828
2413,0.2422,3,54,3,113307,492303,7628,100328,4.560218978102189,0.16929252772804662
2414,0.2423,10,105,10,113412,492198,7638,100318,4.559246359627997,0.16930850812467513
2415,0.2424,8,44,8,113456,492154,7646,100310,4.558838786172144,0.16930986524075725
2416,0.2425,12,206,12,113662,491948,7658,100298,4.556930601356108,0.16935192470696298
2417,0.2426,7,24,7,113686,491924,7665,100291,4.556708288562007,0.16934896954653292
2418,0.2427,7,97,7,113783,491827,7672,100284,4.555809774352514,0.16936689235633184
2419,0.2428,5,48,5,113831,491779,7677,100279,4.555365148764311,0.16937360866671847
2420,0.2429,17,136,17,113967,491643,7694,100262,4.554105376264404,0.16938866878975511
2421,0.243,3,47,3,114014,491596,7697,100259,4.553670013709289,0.16939790996105464
2422,0.2431,6,49,6,114063,491547,7703,100253,4.5532161250879986,0.16940351470091247
2423,0.2432,7,45,7,114108,491502,7710,100246,4.552799288599059,0.16940657171633872
2424,0.2433,19,144,19,114252,491358,7729,100227,4.551465411834451,0.16942113136742817
2425,0.2434,3,29,3,114281,491329,7732,100224,4.551196783874912,0.16942522478966382
2426,0.2435,3,64,3,114345,491265,7735,100221,4.550603949757309,0.1694393442955539
2427,0.2436,6,97,6,114442,491168,7741,100215,4.549705435547816,0.1694587094995967
2428,0.2437,5,32,5,114474,491136,7746,100210,4.549409018489014,0.16946085709550754
2429,0.2438,8,111,8,114585,491025,7754,100202,4.548380821816296,0.16948143437292276
2430,0.2439,8,79,8,114664,490946,7762,100194,4.547649042202378,0.16949284433467537
2431,0.244,3,21,3,114685,490925,7765,100191,4.54745451850754,0.16949465079612125
2432,0.2441,8,38,8,114723,490887,7773,100183,4.547102523250213,0.16949430693488082
2433,0.2442,3,19,3,114742,490868,7776,100180,4.54692652562155,0.16949554012533669
2434,0.2443,5,35,5,114777,490833,7781,100175,4.546602319463485,0.16949855162705074
2435,0.2444,7,40,7,114817,490793,7788,100168,4.546231798139983,0.16950018698357422
2436,0.2445,13,82,13,114899,490711,7801,100155,4.545472229426804,0.16950543778115512
2437,0.2446,1,31,1,114930,490680,7802,100154,4.545185075401089,0.16951292579641658
2438,0.2447,2,29,2,114959,490651,7804,100152,4.54491644744155,0.1695184350790365
2439,0.2448,11,74,11,115033,490577,7815,100141,4.544230982993072,0.16952420613558417
2440,0.2449,8,143,8,115176,490434,7823,100133,4.542906369261551,0.16955400488005595
2441,0.245,5,42,5,115218,490392,7828,100128,4.542517321871873,0.16955903271692746
2442,0.2451,12,94,12,115312,490298,7840,100116,4.541646596761644,0.1695691497830336
2443,0.2452,8,77,8,115389,490221,7848,100108,4.540933343213902,0.16958001385667992
2444,0.2453,2,49,2,115438,490172,7850,100106,4.540479454592612,0.16959127733034265
2445,0.2454,4,56,4,115494,490116,7854,100102,4.539960724739709,0.16960174037389575
2446,0.2455,4,46,4,115540,490070,7858,100098,4.539534625217681,0.16960933158016023
2447,0.2456,5,100,5,115640,489970,7863,100093,4.538608321908926,0.16963103939748805
2448,0.2457,4,34,4,115674,489936,7867,100089,4.5382933787839494,0.16963518494979027
2449,0.2458,5,92,5,115766,489844,7872,100084,4.537441179739894,0.16965460191752213
2450,0.2459,4,100,4,115866,489744,7876,100080,4.536514876431139,0.169677734375
2451,0.246,4,73,4,115939,489671,7880,100076,4.535838675015747,0.1696931056876932
2452,0.2461,9,90,9,116029,489581,7889,100067,4.535005002037868,0.16970633327001872
2453,0.2462,3,66,3,116095,489515,7892,100064,4.534393641854089,0.1697211060773874
2454,0.2463,12,123,12,116218,489392,7904,100052,4.5332542887843195,0.16973961903081547
2455,0.2464,7,175,7,116393,489217,7911,100045,4.531633257993998,0.16978016569878934
2456,0.2465,12,88,12,116481,489129,7923,100033,4.530818111082293,0.16978861501590395
2457,0.2466,4,39,4,116520,489090,7927,100029,4.530456852791878,0.16979421814607915
2458,0.2467,1,23,1,116543,489067,7928,100028,4.5302438030308645,0.1697994381211859
2459,0.2468,8,52,8,116595,489015,7936,100020,4.529762125310311,0.16980315261402124
2460,0.2469,0,45,0,116640,488970,7936,100020,4.529345288821371,0.1698161259104569
2461,0.247,4,64,4,116704,488906,7940,100016,4.528752454703768,0.16982894169346704
2462,0.2471,4,42,4,116746,488864,7944,100012,4.528363407314091,0.1698354152656926
2463,0.2472,6,70,6,116816,488794,7950,100006,4.527714994997962,0.16984714673913043
2464,0.2473,5,48,5,116864,488746,7955,100001,4.527270369409759,0.16985394405406737
2465,0.2474,4,42,4,116906,488704,7959,99997,4.526881322020082,0.16986042150429506
2466,0.2475,7,75,7,116981,488629,7966,99990,4.526186594538515,0.16987219236891776
2467,0.2476,3,38,3,117019,488591,7969,99987,4.525834599281189,0.1698789285362348
2468,0.2477,2,28,2,117047,488563,7971,99985,4.525575234354737,0.16988418956482734
2469,0.2478,6,62,6,117109,488501,7977,99979,4.525000926303309,0.16989362425231103
2470,0.2479,6,65,6,117174,488436,7983,99973,4.524398829152617,0.16990392737024756
2471,0.248,15,68,15,117242,488368,7998,99958,4.523768942902664,0.16990240104975812
2472,0.2481,8,133,8,117375,488235,8006,99950,4.52253695950202,0.16992952897472735
2473,0.2482,12,127,12,117502,488108,8018,99938,4.5213605542999,0.16994928968141948
2474,0.2483,5,39,5,117541,488069,8023,99933,4.520999296009485,0.1699535035595117
2475,0.2484,10,156,10,117697,487913,8033,99923,4.5195542628478265,0.16998448546873618
2476,0.2485,0,13,0,117710,487900,8033,99923,4.519433843417689,0.1699882447607528
2477,0.2486,26,167,26,117877,487733,8059,99897,4.517886916892067,0.16999982982488981
2478,0.2487,2,19,2,117896,487714,8061,99895,4.517710919263403,0.17000250166352115
2479,0.2488,8,168,8,118064,487546,8069,99887,4.516154729704694,0.17003981730682477
2480,0.2489,12,107,12,118171,487439,8081,99875,4.515163585164326,0.17005383832157925
2481,0.249,1,68,1,118239,487371,8082,99874,4.514533698914373,0.17007211640797282
2482,0.2491,11,170,11,118409,487201,8093,99863,4.512958983289488,0.1701058146982271
2483,0.2492,3,51,3,118460,487150,8096,99860,4.512486568602023,0.17011635236196998
2484,0.2493,1,47,1,118507,487103,8097,99859,4.512051206046908,0.17012856028158552
2485,0.2494,10,148,10,118655,486955,8107,99849,4.51068027714995,0.17015732680758822
2486,0.2495,3,78,3,118733,486877,8110,99846,4.509957760569121,0.17017570471926274
2487,0.2496,5,62,5,118795,486815,8115,99841,4.509383452517692,0.17018661702940052
2488,0.2497,2,47,2,118842,486768,8117,99839,4.508948089962577,0.17019742348795702
2489,0.2498,10,187,10,119029,486581,8127,99829,4.507215902775204,0.17023754710867822
2490,0.2499,4,61,4,119090,486520,8131,99825,4.506650857756864,0.17024959708021728
2491,0.25,7,74,7,119164,486446,8138,99818,4.505965393308385,0.17026117926394935
2492,0.2501,7,63,7,119227,486383,8145,99811,4.505381822223869,0.17026956945993987
2493,0.2502,5,23,5,119250,486360,8150,99806,4.505168772462855,0.17026917289641502
2494,0.2503,6,39,6,119289,486321,8156,99800,4.50480751417244,0.17027200868080142
2495,0.2504,9,52,9,119341,486269,8165,99791,4.504325836451888,0.17027437463740913
2496,0.2505,3,46,3,119387,486223,8168,99788,4.50389973692986,0.17028349297197493
2497,0.2506,2,41,2,119428,486182,8170,99786,4.503519952573271,0.1702925757037927
2498,0.2507,9,111,9,119539,486071,8179,99777,4.502491755900552,0.1703120946047439
2499,0.2508,10,93,10,119632,485978,8189,99767,4.50163029382341,0.17032497076372824
2500,0.2509,2,21,2,119653,485957,8191,99765,4.5014357701285705,0.17032824445726813
2501,0.251,1,54,1,119707,485903,8192,99764,4.500935566341843,0.17034253253128484
2502,0.2511,4,40,4,119747,485863,8196,99760,4.500565045018341,0.17034850065656573
2503,0.2512,1,22,1,119769,485841,8197,99759,4.500361258290415,0.1703534836065574
2504,0.2513,6,103,6,119872,485738,8203,99753,4.499407165882396,0.17037495025542665
2505,0.2514,9,153,9,120025,485585,8212,99744,4.49798992182,0.17040672852361663
2506,0.2515,7,74,7,120099,485511,8219,99737,4.497304457371522,0.17041835256164908
2507,0.2516,5,77,5,120176,485434,8224,99732,4.49659120382378,0.1704336889019526
2508,0.2517,4,37,4,120213,485397,8228,99728,4.49624847159954,0.1704387951292459
2509,0.2518,7,99,7,120312,485298,8235,99721,4.495331431323873,0.1704577116298787
2510,0.2519,2,56,2,120368,485242,8237,99719,4.49481270147097,0.1704711938060828
2511,0.252,8,83,8,120451,485159,8245,99711,4.4940438697247025,0.17048403918819566
2512,0.2521,2,64,2,120515,485095,8247,99709,4.493451035607099,0.17049985978208082
2513,0.2522,4,21,4,120536,485074,8251,99705,4.493256511912261,0.1705003086636148
2514,0.2523,5,92,5,120628,484982,8256,99700,4.492404312868206,0.170520043374005
2515,0.2524,8,142,8,120770,484840,8264,99692,4.491088962169773,0.17055011530591996
2516,0.2525,4,50,4,120820,484790,8268,99688,4.490625810515395,0.170559028740175
2517,0.2526,16,180,16,121000,484610,8284,99672,4.488958464559635,0.17058885948908234
2518,0.2527,7,32,7,121032,484578,8291,99665,4.488662047500834,0.17058826549911596
2519,0.2528,4,56,4,121088,484522,8295,99661,4.488143317647931,0.17059893903109127
2520,0.2529,5,75,5,121163,484447,8300,99656,4.487448590166364,0.17061374449369374
2521,0.253,8,97,8,121260,484350,8308,99648,4.486550075956871,0.17063072133808677
2522,0.2531,3,48,3,121308,484302,8311,99645,4.486105450368669,0.17064048620850866
2523,0.2532,12,115,12,121423,484187,8323,99633,4.4850402015636,0.17065705183104382
2524,0.2533,6,65,6,121488,484122,8329,99627,4.484438104412909,0.17066753005144333
2525,0.2534,1,39,1,121527,484083,8330,99626,4.484076846122495,0.1706775122535373
2526,0.2535,6,138,6,121665,483945,8336,99620,4.482798547556412,0.17070934685939013
2527,0.2536,6,43,6,121708,483902,8342,99614,4.482400237133647,0.1707133994611973
2528,0.2537,8,135,8,121843,483767,8350,99606,4.4811497276668275,0.1707415324329374
2529,0.2538,3,59,3,121902,483708,8353,99603,4.480603208714662,0.17075453745943417
2530,0.2539,3,77,3,121979,483631,8356,99600,4.47988995516692,0.17077281557393212
2531,0.254,8,109,8,122088,483522,8364,99592,4.478880284560376,0.17079336116093938
2532,0.2541,10,53,10,122141,483469,8374,99582,4.478389343806736,0.17079466461767495
2533,0.2542,4,73,4,122214,483396,8378,99578,4.4777131423913445,0.1708103620401596
2534,0.2543,10,104,10,122318,483292,8388,99568,4.476749786950239,0.1708266135950314
2535,0.2544,3,74,3,122392,483218,8391,99565,4.47606432250176,0.17084403628794936
2536,0.2545,10,48,10,122440,483170,8401,99555,4.475619696913557,0.17084388004633402
2537,0.2546,4,33,4,122473,483137,8405,99551,4.4753140168216685,0.1708478636937778
2538,0.2547,4,69,4,122542,483068,8409,99547,4.474674867538627,0.17086240484711174
2539,0.2548,7,55,7,122597,483013,8416,99540,4.474165400718811,0.1708685733315252
2540,0.2549,9,244,9,122841,482769,8425,99531,4.471905220645448,0.17092735703245748
2541,0.255,6,60,6,122901,482709,8431,99525,4.471349438660195,0.170936427621884
2542,0.2551,6,70,6,122971,482639,8437,99519,4.4707010263440665,0.17094843667870235
2543,0.2552,4,63,4,123034,482576,8441,99515,4.47011745525955,0.1709612414553738
2544,0.2553,11,145,11,123179,482431,8452,99504,4.468774315461855,0.17098816878173678
2545,0.2554,5,47,5,123226,482384,8457,99499,4.468338952906739,0.17099485635428427
2546,0.2555,7,81,7,123307,482303,8464,99492,4.4675886472266475,0.1710086886274375
2547,0.2556,3,43,3,123350,482260,8467,99489,4.467190336803883,0.17101705374654705
2548,0.2557,14,129,14,123479,482131,8481,99475,4.465995405535589,0.17103503058771746
2549,0.2558,3,29,3,123508,482102,8484,99472,4.46572677757605,0.17103928304910468
2550,0.2559,4,44,4,123552,482058,8488,99468,4.465319204120197,0.17104652242548055
2551,0.256,6,51,6,123603,482007,8494,99462,4.464846789432732,0.1710529710096325
2552,0.2561,6,79,6,123682,481928,8500,99456,4.464115009818815,0.17106765924070838
2553,0.2562,8,87,8,123769,481841,8508,99448,4.463309125940198,0.17108185429278724
2554,0.2563,9,76,9,123845,481765,8517,99439,4.462605135425544,0.17109138959814454
2555,0.2564,2,18,2,123863,481747,8519,99437,4.462438400829968,0.1710938360312741
2556,0.2565,2,35,2,123898,481712,8521,99435,4.462114194671903,0.17110128762602234
2557,0.2566,5,52,5,123950,481660,8526,99430,4.461632516951351,0.1711094666919066
2558,0.2567,15,76,15,124026,481584,8541,99415,4.460928526436696,0.1711104494155756
2559,0.2568,1,32,1,124058,481552,8542,99414,4.460632109377895,0.17111844755114758
2560,0.2569,2,50,2,124108,481502,8544,99412,4.460168957723517,0.17113032221636937
2561,0.257,6,83,6,124191,481419,8550,99406,4.4594001259772496,0.17114621443636208
2562,0.2571,1,14,1,124205,481405,8551,99405,4.459270443514024,0.17114891272533186
2563,0.2572,8,161,8,124366,481244,8559,99397,4.457779095186928,0.1711849490476904
2564,0.2573,11,160,11,124526,481084,8570,99386,4.4562970098929195,0.17121642806691129
2565,0.2574,18,202,18,124728,480882,8588,99368,4.454425877209234,0.17125032313657906
2566,0.2575,11,40,11,124768,480842,8599,99357,4.454055355885731,0.1712464171775546
2567,0.2576,9,89,9,124857,480753,8608,99348,4.4532309459409385,0.17125983233954087
2568,0.2577,17,224,17,125081,480529,8625,99331,4.451156026529326,0.1713016935122271
2569,0.2578,17,223,17,125304,480306,8642,99314,4.449090370150802,0.17134329388219868
2570,0.2579,2,42,2,125346,480264,8644,99312,4.448701322761125,0.1713528510497329
2571,0.258,6,50,6,125396,480214,8650,99306,4.448238171106747,0.17135905577029265
2572,0.2581,11,196,11,125592,480018,8661,99295,4.446422616621587,0.171401297744052
2573,0.2582,13,169,13,125761,479849,8674,99282,4.44485716402979,0.17143271556867098
2574,0.2583,9,58,9,125819,479791,8683,99273,4.444319908110712,0.17143700868988573
2575,0.2584,2,28,2,125847,479763,8685,99271,4.444060543184261,0.1714424368862623
2576,0.2585,2,49,2,125896,479714,8687,99269,4.44360665456297,0.17145408414409405
2577,0.2586,2,39,2,125935,479675,8689,99267,4.443245396272555,0.17146277174570165
2578,0.2587,3,69,3,126004,479606,8692,99264,4.442606246989515,0.17147891581875033
2579,0.2588,8,106,8,126110,479500,8700,99256,4.441624365482234,0.17149886999011674
2580,0.2589,2,39,2,126149,479461,8702,99254,4.441263107191819,0.17150756417234736
2581,0.259,6,87,6,126236,479374,8708,99248,4.440457223313202,0.17152476055179375
2582,0.2591,10,154,10,126390,479220,8718,99238,4.439030716217719,0.17155610260381912
2583,0.2592,3,42,3,126432,479178,8721,99235,4.4386416688280415,0.17156426290557095
2584,0.2593,13,135,13,126567,479043,8734,99222,4.437391159361221,0.17158569168114965
2585,0.2594,2,34,2,126601,479009,8736,99220,4.437076216236244,0.17159291560955953
2586,0.2595,6,53,6,126654,478956,8742,99214,4.436585275482604,0.17160004842866286
2587,0.2596,9,59,9,126713,478897,8751,99205,4.436038756530438,0.17160466492072332
2588,0.2597,6,41,6,126754,478856,8757,99199,4.435658972173848,0.17160823797043534
2589,0.2598,11,72,11,126826,478784,8768,99188,4.434992033791545,0.17161384980587294
2590,0.2599,5,45,5,126871,478739,8773,99183,4.434575197302605,0.17162004561169153
2591,0.26,2,29,2,126900,478710,8775,99181,4.434306569343065,0.17162579102287456
2592,0.2601,3,32,3,126932,478678,8778,99178,4.434010152284264,0.17163099457304243
2593,0.2602,9,58,9,126990,478620,8787,99169,4.433472896365186,0.17163532016012767
2594,0.2603,14,97,14,127087,478523,8801,99155,4.432574382155693,0.1716440646865555
2595,0.2604,5,75,5,127162,478448,8806,99150,4.431879654674127,0.1716591816453658
2596,0.2605,13,130,13,127292,478318,8819,99137,4.430675460372744,0.17167917846412276
2597,0.2606,2,55,2,127347,478263,8821,99135,4.430165993552929,0.17169266260014757
2598,0.2607,9,78,9,127425,478185,8830,99126,4.4294434769721,0.17170294693847857
2599,0.2608,0,24,0,127449,478161,8830,99126,4.429221164177998,0.1717100852782065
2600,0.2609,2,34,2,127483,478127,8832,99124,4.428906221053022,0.17171732920341412
2601,0.261,12,117,12,127600,478010,8844,99112,4.427822446181778,0.1717349191332162
2602,0.2611,3,65,3,127665,477945,8847,99109,4.427220349031087,0.17174995754296826
2603,0.2612,11,105,11,127770,477840,8858,99098,4.426247730556893,0.1717654236677078
2604,0.2613,2,40,2,127810,477800,8860,99096,4.425877209233391,0.17177446194808077
2605,0.2614,14,137,14,127947,477663,8874,99082,4.424608173700396,0.1717951607729586
2606,0.2615,13,149,13,128096,477514,8887,99069,4.423227981770351,0.17182088268297885
2607,0.2616,9,85,9,128181,477429,8896,99060,4.422440623957908,0.17183328736541373
2608,0.2617,4,39,4,128220,477390,8900,99056,4.422079365667495,0.17183916620117062
2609,0.2618,4,37,4,128257,477353,8904,99052,4.421736633443254,0.17184444964911824
2610,0.2619,4,34,4,128291,477319,8908,99048,4.421421690318278,0.17184883936797216
2611,0.262,7,121,7,128412,477198,8915,99041,4.420300863314684,0.17187486442257466
2612,0.2621,5,57,5,128469,477141,8920,99036,4.419772870428694,0.17188468126981812
2613,0.2622,5,58,5,128527,477083,8925,99031,4.419235614509615,0.17189479859888843
2614,0.2623,9,28,9,128555,477055,8934,99022,4.418976249583164,0.17189021606486632
2615,0.2624,5,69,5,128624,476986,8939,99017,4.418337100300122,0.17190361855754224
2616,0.2625,4,87,4,128711,476899,8943,99013,4.417531216421505,0.1719238355859923
2617,0.2626,8,44,8,128755,476855,8951,99005,4.417123642965652,0.1719254679956934
2618,0.2627,9,94,9,128849,476761,8960,98996,4.416252917855423,0.17194059299322456
2619,0.2628,4,47,4,128896,476714,8964,98992,4.415817555300308,0.17194887668358502
2620,0.2629,2,33,2,128929,476681,8966,98990,4.415511875208418,0.17195585673066735
2621,0.263,3,58,3,128987,476623,8969,98987,4.41497461928934,0.17196886780980178
2622,0.2631,7,99,7,129086,476524,8976,98980,4.414057579013672,0.1719883788818149
2623,0.2632,5,55,5,129141,476469,8981,98975,4.4135481121938565,0.1719976227052502
2624,0.2633,10,125,10,129266,476344,8991,98965,4.412390233057913,0.1720206011030594
2625,0.2634,9,87,9,129353,476257,9000,98956,4.411584349179296,0.17203366405140358
2626,0.2635,13,39,13,129392,476218,9013,98943,4.411223090888881,0.17202661515645185
2627,0.2636,6,83,6,129475,476135,9019,98937,4.410454259142614,0.1720428050748428
2628,0.2637,2,38,2,129513,476097,9021,98935,4.410102263885286,0.17205129453665188
2629,0.2638,10,136,10,129649,475961,9031,98925,4.408842491385379,0.17207759451439067
2630,0.2639,2,61,2,129710,475900,9033,98923,4.408277446367038,0.17209297470699678
2631,0.264,6,85,6,129795,475815,9039,98917,4.407490088554597,0.17210978334249702
2632,0.2641,15,206,15,130001,475609,9054,98902,4.40558190373856,0.17214988050707472
2633,0.2642,3,85,3,130086,475524,9057,98899,4.404794545926118,0.17217103075608045
2634,0.2643,3,24,3,130110,475500,9060,98896,4.404572233132017,0.17217390093245774
2635,0.2644,4,117,4,130227,475383,9064,98892,4.403488458260773,0.17220321274650646
2636,0.2645,3,61,3,130288,475322,9067,98889,4.402923413242432,0.17221718148903453
2637,0.2646,2,44,2,130332,475278,9069,98887,4.40251583978658,0.1722274955805387
2638,0.2647,9,121,9,130453,475157,9078,98878,4.401395012782985,0.17225082094297386
2639,0.2648,4,72,4,130525,475085,9082,98874,4.400728074400682,0.17226666016213701
2640,0.2649,11,45,11,130570,475040,9093,98863,4.400311237911742,0.1722643025040817
2641,0.265,2,27,2,130597,475013,9095,98861,4.400061136018378,0.17226952257812692
2642,0.2651,5,73,5,130670,474940,9100,98856,4.3993849346029865,0.1722842264498184
2643,0.2652,5,62,5,130732,474878,9105,98851,4.398810626551558,0.17229563086404906
2644,0.2653,10,116,10,130848,474762,9115,98841,4.3977361147134015,0.17231604437215287
2645,0.2654,2,66,2,130914,474696,9117,98839,4.3971247545296235,0.17233298752473694
2646,0.2655,7,83,7,130997,474613,9124,98832,4.396355922783356,0.1723478276033447
2647,0.2656,7,64,7,131061,474549,9131,98825,4.395763088665753,0.17235696072720424
2648,0.2657,4,45,4,131106,474504,9135,98821,4.395346252176813,0.17236471460340994
2649,0.2658,2,41,2,131147,474463,9137,98819,4.394966467820223,0.17237415443010595
2650,0.2659,2,22,2,131169,474441,9139,98817,4.394762681092297,0.17237788221010436
2651,0.266,12,186,12,131355,474255,9151,98805,4.393039756938012,0.17241650088995916
2652,0.2661,10,97,10,131452,474158,9161,98795,4.392141242728519,0.17243124654203748
2653,0.2662,10,79,10,131531,474079,9171,98785,4.391409463114602,0.1724405792648866
2654,0.2663,9,43,9,131574,474036,9180,98776,4.391011152691838,0.17244052149745467
2655,0.2664,10,100,10,131674,473936,9190,98766,4.390084849383082,0.17245618139975066
2656,0.2665,15,78,15,131752,473858,9205,98751,4.389362332802253,0.17245799489704144
2657,0.2666,5,83,5,131835,473775,9210,98746,4.388593501055985,0.17247576944775825
2658,0.2667,2,37,2,131872,473738,9212,98744,4.388250768831746,0.1724840256986246
2659,0.2668,9,75,9,131947,473663,9221,98735,4.387556041350179,0.17249361458286017
2660,0.2669,6,132,6,132079,473531,9227,98729,4.386333320982622,0.17252472652290918
2661,0.267,4,83,4,132162,473448,9231,98725,4.385564489236356,0.17254396834523825
2662,0.2671,5,55,5,132217,473393,9236,98720,4.38505502241654,0.17255332425587253
2663,0.2672,7,54,7,132271,473339,9243,98713,4.3845548186298124,0.17255948759902945
2664,0.2673,6,61,6,132332,473278,9249,98707,4.3839897736114715,0.17256921073105064
2665,0.2674,14,99,14,132431,473179,9263,98693,4.383072733335803,0.17257882882882883
2666,0.2675,5,64,5,132495,473115,9268,98688,4.3824798992182,0.1725909098063494
2667,0.2676,2,38,2,132533,473077,9270,98686,4.382127903960873,0.17259948615073029
2668,0.2677,11,116,11,132649,472961,9281,98675,4.381053392122717,0.1726185894520289
2669,0.2678,5,67,5,132716,472894,9286,98670,4.380432768905851,0.17263158631404357
2670,0.2679,6,76,6,132792,472818,9292,98664,4.379728778391196,0.17264585761231324
2671,0.268,5,46,5,132838,472772,9297,98659,4.379302678869169,0.17265251622680602
2672,0.2681,2,53,2,132891,472719,9299,98657,4.3788117381155285,0.17266563523844194
2673,0.2682,6,80,6,132971,472639,9305,98651,4.378070695468524,0.17268112517285442
2674,0.2683,7,54,7,133025,472585,9312,98644,4.377570491681796,0.1726873110433819
2675,0.2684,8,85,8,133110,472500,9320,98636,4.376783133869354,0.17270142312864187
2676,0.2685,3,60,3,133170,472440,9323,98633,4.376227351884101,0.1727152220469187
2677,0.2686,8,65,8,133235,472375,9331,98625,4.37562525473341,0.172723292469352
2678,0.2687,6,71,6,133306,472304,9337,98619,4.374967579384194,0.17273607824522746
2679,0.2688,7,71,7,133377,472233,9344,98612,4.374309904034977,0.17274741830093984
2680,0.2689,9,68,9,133445,472165,9353,98603,4.3736800177850235,0.1727549547276652
2681,0.269,5,62,5,133507,472103,9358,98598,4.373105709733595,0.17276647491418448
2682,0.2691,17,215,17,133722,471888,9375,98581,4.371114157619771,0.17280693604735753
2683,0.2692,10,82,10,133804,471806,9385,98571,4.370354588906592,0.1728172769939882
2684,0.2693,11,198,11,134002,471608,9396,98560,4.368520508355256,0.17286133209860954
2685,0.2694,6,73,6,134075,471535,9402,98554,4.3678443069398645,0.1728747616600215
2686,0.2695,7,50,7,134125,471485,9409,98547,4.367381155285487,0.17287976815336684
2687,0.2696,5,57,5,134182,471428,9414,98542,4.366853162399496,0.17288980121760794
2688,0.2697,2,43,2,134225,471385,9416,98540,4.366454851976731,0.17289994297495284
2689,0.2698,10,159,10,134384,471226,9426,98530,4.36498202971581,0.17293367687220496
2690,0.2699,1,24,1,134408,471202,9427,98529,4.364759716921709,0.1729395100494795
2691,0.27,12,85,12,134493,471117,9439,98517,4.363972359109267,0.17294789285751905
2692,0.2701,4,41,4,134534,471076,9443,98513,4.363592574752677,0.1729545338832035
2693,0.2702,5,63,5,134597,471013,9448,98508,4.363009003668161,0.1729664051018312
2694,0.2703,7,98,7,134695,470915,9455,98501,4.3621012264255805,0.17298600671565253
2695,0.2704,2,48,2,134743,470867,9457,98499,4.361656600837378,0.17299768514452918
2696,0.2705,5,64,5,134807,470803,9462,98494,4.3610637667197745,0.17300987006782048
2697,0.2706,5,51,5,134858,470752,9467,98489,4.360591352032309,0.17301810656646308
2698,0.2707,9,77,9,134935,470675,9476,98480,4.359878098484568,0.17302843689328917
2699,0.2708,6,30,6,134965,470645,9482,98474,4.359600207491941,0.1730288393112864
2700,0.2709,8,48,8,135013,470597,9490,98466,4.359155581903739,0.17303180842894372
2701,0.271,4,60,4,135073,470537,9494,98462,4.358599799918485,0.1730442408510384
2702,0.2711,6,65,6,135138,470472,9500,98456,4.357997702767794,0.17305528994881603
2703,0.2712,5,48,5,135186,470424,9505,98451,4.357553077179592,0.17306262359920896
2704,0.2713,6,41,6,135227,470383,9511,98445,4.357173292823002,0.17306637507295702
2705,0.2714,5,42,5,135269,470341,9516,98440,4.3567842454333245,0.1730718853126247
2706,0.2715,3,64,3,135333,470277,9519,98437,4.356191411315721,0.17308699979251435
2707,0.2716,0,20,0,135353,470257,9519,98437,4.35600615065397,0.17309308696768386
2708,0.2717,3,61,3,135414,470196,9522,98434,4.355441105635629,0.1731072929673074
2709,0.2718,4,65,4,135479,470131,9526,98430,4.354839008484938,0.173121265792061
2710,0.2719,9,81,9,135560,470050,9535,98421,4.354088702804846,0.17313284230857862
2711,0.272,9,50,9,135610,470000,9544,98412,4.3536255511504685,0.17313497955708185
2712,0.2721,12,59,12,135669,469941,9556,98400,4.353079032198303,0.17313549435990014
2713,0.2722,14,105,14,135774,469836,9570,98386,4.35210641372411,0.17314711503602465
2714,0.2723,4,46,4,135820,469790,9574,98382,4.351680314202082,0.1731553121237935
2715,0.2724,2,66,2,135886,469724,9576,98380,4.351068954018304,0.1731725177080253
2716,0.2725,10,89,10,135975,469635,9586,98370,4.350244544073512,0.17318509520162675
2717,0.2726,2,48,2,136023,469587,9588,98368,4.349799918485309,0.1731968201706121
2718,0.2727,8,52,8,136075,469535,9596,98360,4.349318240764756,0.17320103188089347
2719,0.2728,2,30,2,136105,469505,9598,98358,4.349040349772129,0.17320727006337797
2720,0.2729,7,96,7,136201,469409,9605,98351,4.348151098595724,0.17322636325207835
2721,0.273,7,70,7,136271,469339,9612,98344,4.347502686279595,0.17323752869118858
2722,0.2731,8,101,8,136372,469238,9620,98336,4.3465671199377525,0.1732567030906983
2723,0.2732,9,96,9,136468,469142,9629,98327,4.3456778687613475,0.17327290125099346
2724,0.2733,8,140,8,136608,469002,9637,98319,4.34438104412909,0.17330400249594144
2725,0.2734,18,126,18,136734,468876,9655,98301,4.343213901960058,0.17331626635071593
2726,0.2735,4,80,4,136814,468796,9659,98297,4.3424728593130535,0.1733348851070283
2727,0.2736,7,97,7,136911,468699,9666,98290,4.34157434510356,0.17335433315284776
2728,0.2737,4,81,4,136992,468618,9670,98286,4.3408240394234685,0.1733732695482833
2729,0.2738,8,71,8,137063,468547,9678,98278,4.3401663640742525,0.17338331936664755
2730,0.2739,5,25,5,137088,468522,9683,98273,4.339934788247064,0.17338367487363157
2731,0.274,6,39,6,137127,468483,9689,98267,4.339573529956649,0.17338685487428318
2732,0.2741,6,51,6,137178,468432,9695,98261,4.339101115269184,0.17339370699832185
2733,0.2742,9,66,9,137244,468366,9704,98252,4.338489755085405,0.17340077441945015
2734,0.2743,7,86,7,137330,468280,9711,98245,4.337693134239876,0.17341688363267288
2735,0.2744,3,22,3,137352,468258,9714,98242,4.33748934751195,0.17341924095322153
2736,0.2745,10,49,10,137401,468209,9724,98232,4.337035458890659,0.1734196500606418
2737,0.2746,8,120,8,137521,468089,9732,98224,4.335923894920152,0.17344472049908796
2738,0.2747,12,118,12,137639,467971,9744,98212,4.334830857015821,0.17346335018889653
2739,0.2748,8,47,8,137686,467924,9752,98204,4.334395494460706,0.173466071277167
2740,0.2749,9,49,9,137735,467875,9761,98195,4.333941605839416,0.1734679456604307
2741,0.275,5,71,5,137806,467804,9766,98190,4.333283930490199,0.17348240440711385
2742,0.2751,11,106,11,137912,467698,9777,98179,4.332302048982919,0.17349883455238507
2743,0.2752,2,56,2,137968,467642,9779,98177,4.331783319130016,0.1735130845729818
2744,0.2753,10,93,10,138061,467549,9789,98167,4.330921857052873,0.1735269994131331
2745,0.2754,5,61,5,138122,467488,9794,98162,4.330356812034532,0.17353840714222576
2746,0.2755,7,75,7,138197,467413,9801,98155,4.329662084552966,0.17355119101505034
2747,0.2756,5,52,5,138249,467361,9806,98150,4.329180406832413,0.17355984233728433
2748,0.2757,9,119,9,138368,467242,9815,98141,4.328078105894995,0.17358321704048407
2749,0.2758,5,51,5,138419,467191,9820,98136,4.327605691207529,0.17359156735836073
2750,0.2759,7,50,7,138469,467141,9827,98129,4.327142539553151,0.17359668830824207
2751,0.276,17,132,17,138601,467009,9844,98112,4.325919819185594,0.17361237681841588
2752,0.2761,10,130,10,138731,466879,9854,98102,4.324715624884212,0.1736376975508911
2753,0.2762,18,131,18,138862,466748,9872,98084,4.3235021675497425,0.1736516344683021
2754,0.2763,16,234,16,139096,466514,9888,98068,4.3213346178072545,0.17370018881225402
2755,0.2764,3,49,3,139145,466465,9891,98065,4.320880729185965,0.17371087453279718
2756,0.2765,6,53,6,139198,466412,9897,98059,4.320389788432324,0.17371840183109497
2757,0.2766,9,212,9,139410,466200,9906,98050,4.318426025417763,0.1737704918032787
2758,0.2767,7,72,7,139482,466128,9913,98043,4.3177590870354585,0.17378241703313357
2759,0.2768,14,81,14,139563,466047,9927,98029,4.317008781355367,0.17378686559967096
2760,0.2769,11,158,11,139721,465889,9938,98018,4.315545222127533,0.1738194418583206
2761,0.277,10,74,10,139795,465815,9948,98008,4.314859757679055,0.1738276019247175
2762,0.2771,11,120,11,139915,465695,9959,97997,4.313748193708548,0.17384848463345232
2763,0.2772,6,43,6,139958,465652,9965,97991,4.313349883285783,0.17385295302168216
2764,0.2773,11,123,11,140081,465529,9976,97980,4.312210530216014,0.17387477396101925
2765,0.2774,10,92,10,140173,465437,9986,97970,4.3113583311719585,0.1738885033377292
2766,0.2775,14,81,14,140254,465356,10000,97956,4.3106080254918675,0.17389297582867044
2767,0.2776,7,107,7,140361,465249,10007,97949,4.3096168809514985,0.17391574543943694
2768,0.2777,6,135,6,140496,465114,10013,97943,4.308366371484679,0.17394864107896713
2769,0.2778,9,73,9,140569,465041,10022,97934,4.307690170069288,0.17395799102979706
2770,0.2779,8,98,8,140667,464943,10030,97926,4.306782392826707,0.1739765380577008
2771,0.278,6,43,6,140710,464900,10036,97920,4.306384082403943,0.17398102412849578
2772,0.2781,1,37,1,140747,464863,10037,97919,4.306041350179703,0.1739909947368608
2773,0.2782,6,40,6,140787,464823,10043,97913,4.305670828856201,0.17399455517329618
2774,0.2783,3,21,3,140808,464802,10046,97910,4.305476305161362,0.1739966448200856
2775,0.2784,6,91,6,140899,464711,10052,97904,4.304633369150395,0.17401597895541357
2776,0.2785,1,51,1,140950,464660,10053,97903,4.30416095446293,0.1740302863857026
2777,0.2786,7,71,7,141021,464589,10060,97896,4.303503279113713,0.17404197445265207
2778,0.2787,7,32,7,141053,464557,10067,97889,4.303206862054911,0.1740415968821896
2779,0.2788,2,54,2,141107,464503,10069,97887,4.302706658268184,0.17405537082807304
2780,0.2789,6,107,6,141214,464396,10075,97881,4.301715513727815,0.1740796795885302
2781,0.279,14,81,14,141295,464315,10089,97867,4.300965208047723,0.17408419337509917
2782,0.2791,8,52,8,141347,464263,10097,97859,4.3004835303271705,0.17408854305648952
2783,0.2792,8,117,8,141464,464146,10105,97851,4.2993997554559265,0.17411302907310894
2784,0.2793,15,157,15,141621,463989,10120,97836,4.2979454592611805,0.17413963422773995
2785,0.2794,2,12,2,141633,463977,10122,97834,4.29783430286413,0.17414041376904332
2786,0.2795,7,59,7,141692,463918,10129,97827,4.2972877839119645,0.17414841253593713
2787,0.2796,3,99,3,141791,463819,10132,97824,4.296370743636296,0.1741746981623558
2788,0.2797,5,86,5,141877,463733,10137,97819,4.295574122790766,0.17419401943186028
2789,0.2798,11,125,11,142002,463608,10148,97808,4.2944162436548226,0.1742166236801231
2790,0.2799,4,64,4,142066,463544,10152,97804,4.293823409537219,0.17423060205077778
2791,0.28,6,50,6,142116,463494,10158,97798,4.293360257882841,0.17423729538279542
2792,0.2801,5,58,5,142174,463436,10163,97793,4.292823001963763,0.17424794513469546
2793,0.2802,8,54,8,142228,463382,10171,97785,4.292322798177035,0.17425294074669395
2794,0.2803,7,83,7,142311,463299,10178,97778,4.291553966430768,0.17426841592152237
2795,0.2804,1,24,1,142335,463275,10179,97777,4.291331653636667,0.17427439880795362
2796,0.2805,19,125,19,142460,463150,10198,97758,4.2901737745007225,0.17428526603293232
2797,0.2806,13,79,13,142539,463071,10211,97745,4.289441994886806,0.1742906764428975
2798,0.2807,3,42,3,142581,463029,10214,97742,4.289052947497129,0.17429931291026105
2799,0.2808,3,21,3,142602,463008,10217,97739,4.2888584238022895,0.17430142292335046
2800,0.2809,5,56,5,142658,462952,10222,97734,4.2883396939493865,0.17431146845114734
2801,0.281,2,30,2,142688,462922,10224,97732,4.2880618029567605,0.17431785022491592
2802,0.2811,5,63,5,142751,462859,10229,97727,4.287478231872244,0.1743300760275854
2803,0.2812,4,48,4,142799,462811,10233,97723,4.287033606284042,0.17433911234644106
2804,0.2813,1,35,1,142834,462776,10234,97722,4.286709400125977,0.1743485257752927
2805,0.2814,7,125,7,142959,462651,10241,97715,4.285551520990033,0.17437710353590333
2806,0.2815,5,49,5,143008,462602,10246,97710,4.285097632368743,0.17438498550807408
2807,0.2816,6,53,6,143061,462549,10252,97704,4.284606691615102,0.17439264046778866
2808,0.2817,29,305,29,143366,462244,10281,97675,4.281781466523398,0.1744448750622858
2809,0.2818,3,39,3,143405,462205,10284,97672,4.2814202082329835,0.17445260298244078
2810,0.2819,5,53,5,143458,462152,10289,97667,4.280929267479343,0.1744617456713688
2811,0.282,4,56,4,143514,462096,10293,97663,4.28041053762644,0.17447330011665735
2812,0.2821,1,32,1,143546,462064,10294,97662,4.280114120567639,0.17448180002358296
2813,0.2822,6,98,6,143644,461966,10300,97656,4.2792063433250584,0.17450350415101623
2814,0.2823,9,76,9,143720,461890,10309,97647,4.2785023528104045,0.17451392848015412
2815,0.2824,2,54,2,143774,461836,10311,97645,4.278002149023676,0.17452782132011632
2816,0.2825,7,58,7,143832,461778,10318,97638,4.277464893104598,0.17453558711227424
2817,0.2826,4,49,4,143881,461729,10322,97634,4.277011004483308,0.17454497347876066
2818,0.2827,4,79,4,143960,461650,10326,97630,4.276279224869391,0.17456372478901444
2819,0.2828,10,167,10,144127,461483,10336,97620,4.274732298343769,0.17460110212250696
2820,0.2829,13,114,13,144241,461369,10349,97607,4.273676312571789,0.17461751488435998
2821,0.283,10,122,10,144363,461247,10359,97597,4.272546222535107,0.1746408657872322
2822,0.2831,7,99,7,144462,461148,10366,97590,4.271629182259439,0.17466146923960782
2823,0.2832,2,72,2,144534,461076,10368,97588,4.270962243877135,0.17468102473042832
2824,0.2833,5,90,5,144624,460986,10373,97583,4.270128570899256,0.1747017825908706
2825,0.2834,5,46,5,144670,460940,10378,97578,4.269702471377228,0.17470878288613795
2826,0.2835,1,15,1,144685,460925,10379,97577,4.269563525880915,0.17471199745032248
2827,0.2836,11,97,11,144782,460828,10390,97566,4.2686650116714215,0.17472608946371201
2828,0.2837,4,64,4,144846,460764,10394,97562,4.268072177553818,0.17474020554299818
2829,0.2838,8,46,8,144892,460718,10402,97554,4.267646078031791,0.1747427777140892
2830,0.2839,4,50,4,144942,460668,10406,97550,4.267182926377413,0.17475251604211975
2831,0.284,5,60,5,145002,460608,10411,97545,4.26662714439216,0.1747639088206997
2832,0.2841,15,108,15,145110,460500,10426,97530,4.265626736818704,0.17477554970162895
2833,0.2842,17,193,17,145303,460307,10443,97513,4.263838971432806,0.17481087089025132
2834,0.2843,6,45,6,145348,460262,10449,97507,4.263422134943866,0.1748160977035296
2835,0.2844,6,48,6,145396,460214,10455,97501,4.262977509355664,0.17482226585263083
2836,0.2845,16,88,16,145484,460126,10471,97485,4.262162362443958,0.1748261781062425
2837,0.2846,14,93,14,145577,460033,10485,97471,4.261300900366816,0.17483462002066352
2838,0.2847,7,129,7,145706,459904,10492,97464,4.260105969098522,0.1748647213331228
2839,0.2848,7,71,7,145777,459833,10499,97457,4.259448293749306,0.17487663514507706
2840,0.2849,12,159,12,145936,459674,10511,97445,4.257975471488384,0.17490877173458452
2841,0.285,2,77,2,146013,459597,10513,97443,4.257262217940642,0.17492998707453683
2842,0.2851,6,92,6,146105,459505,10519,97437,4.256410018896587,0.1749499947929946
2843,0.2852,6,42,6,146147,459463,10525,97431,4.25602097150691,0.1749543001001986
2844,0.2853,7,115,7,146262,459348,10532,97424,4.254955722701841,0.17498006365262622
2845,0.2854,13,95,13,146357,459253,10545,97411,4.254075734558524,0.17499065863788568
2846,0.2855,6,141,6,146498,459112,10551,97405,4.252769646893179,0.17502609983163137
2847,0.2856,6,62,6,146560,459050,10557,97399,4.252195338841751,0.17503670596945992
2848,0.2857,2,15,2,146575,459035,10559,97397,4.252056393345437,0.17503845932656642
2849,0.2858,10,140,10,146715,458895,10569,97387,4.250759568713179,0.17506768149967103
2850,0.2859,7,74,7,146789,458821,10576,97380,4.250074104264701,0.17508059136894755
2851,0.286,4,47,4,146836,458774,10580,97376,4.249638741709585,0.1750894542839162
2852,0.2861,2,48,2,146884,458726,10582,97374,4.249194116121383,0.17510160043157705
2853,0.2862,8,122,8,147006,458604,10590,97366,4.248064026084701,0.17512815439681997
2854,0.2863,5,52,5,147058,458552,10595,97361,4.247582348364149,0.17513711677906435
2855,0.2864,9,69,9,147127,458483,10604,97352,4.246943199081107,0.17514550181258826
2856,0.2865,6,52,6,147179,458431,10610,97346,4.246461521360554,0.1751529840205694
2857,0.2866,2,34,2,147213,458397,10612,97344,4.246146578235577,0.17516073134787608
2858,0.2867,7,60,7,147273,458337,10619,97337,4.245590796250324,0.1751692539150653
2859,0.2868,9,98,9,147371,458239,10628,97328,4.244683019007744,0.17518679115210226
2860,0.2869,11,164,11,147535,458075,10639,97317,4.243163881581385,0.17522218541138512
2861,0.287,9,91,9,147626,457984,10648,97308,4.242320945570418,0.17523753268550601
2862,0.2871,25,179,25,147805,457805,10673,97283,4.240662862647746,0.17525689620384516
2863,0.2872,15,118,15,147923,457687,10688,97268,4.239569824743414,0.17527186889027038
2864,0.2873,1,43,1,147966,457644,10689,97267,4.239171514320649,0.17528396445556135
2865,0.2874,5,81,5,148047,457563,10694,97262,4.238421208640557,0.1753021222908124
2866,0.2875,7,45,7,148092,457518,10701,97255,4.238004372151617,0.175305935941367
2867,0.2876,16,99,16,148191,457419,10717,97239,4.23708733187595,0.17531343638782818
2868,0.2877,1,17,1,148208,457402,10718,97238,4.236929860313461,0.17531732294821867
2869,0.2878,9,57,9,148265,457345,10727,97229,4.23640186742747,0.175321958836873
2870,0.2879,6,56,6,148321,457289,10733,97223,4.235883137574567,0.17533074126439102
2871,0.288,10,83,10,148404,457206,10743,97213,4.235114305828301,0.17534211489865967
2872,0.2881,6,45,6,148449,457161,10749,97207,4.234697469339361,0.17534742265065806
2873,0.2882,7,68,7,148517,457093,10756,97200,4.234067583089407,0.17535851977203393
2874,0.2883,8,63,8,148580,457030,10764,97192,4.233484012004891,0.17536654986629907
2875,0.2884,3,54,3,148634,456976,10767,97189,4.232983808218163,0.17537917407270398
2876,0.2885,15,120,15,148754,456856,10782,97174,4.231872244247657,0.17539483421475371
2877,0.2886,10,141,10,148895,456715,10792,97164,4.230566156582311,0.17542459634685553
2878,0.2887,4,63,4,148958,456652,10796,97160,4.229982585497796,0.17543859649122806
2879,0.2888,13,219,13,149177,456433,10809,97147,4.227953981251621,0.17548863759528885
2880,0.2889,4,14,4,149191,456419,10813,97143,4.227824298788395,0.1754871179741384
2881,0.289,4,64,4,149255,456355,10817,97139,4.227231464670791,0.17550145078356766
2882,0.2891,4,87,4,149342,456268,10821,97135,4.226425580792174,0.17552308173248066
2883,0.2892,10,89,10,149431,456179,10831,97125,4.225601170847383,0.17553641397857236
2884,0.2893,7,58,7,149489,456121,10838,97118,4.225063914928304,0.1755443849764749
2885,0.2894,11,170,11,149659,455951,10849,97107,4.22348919930342,0.1755819461973247
2886,0.2895,14,204,14,149863,455747,10863,97093,4.221599540553559,0.17562585919976847
2887,0.2896,5,63,5,149926,455684,10868,97088,4.221015969469043,0.17563841873322092
2888,0.2897,11,108,11,150034,455576,10879,97077,4.220015561895587,0.17565633408305031
2889,0.2898,10,109,10,150143,455467,10889,97067,4.219005891289044,0.1756760669931624
2890,0.2899,5,75,5,150218,455392,10894,97062,4.218311163807477,0.1756924558424774
2891,0.29,10,100,10,150318,455292,10904,97052,4.217384860498722,0.17570934055588547
2892,0.2901,3,28,3,150346,455264,10907,97049,4.217125495572271,0.17571377099579405
2893,0.2902,14,189,14,150535,455075,10921,97035,4.215374782318722,0.1757530202314756
2894,0.2903,3,44,3,150579,455031,10924,97032,4.21496720886287,0.17576254883953463
2895,0.2904,12,145,12,150724,454886,10936,97020,4.213624069065174,0.1757908049559164
2896,0.2905,8,69,8,150793,454817,10944,97012,4.212984919782134,0.17580083685344555
2897,0.2906,17,149,17,150942,454668,10961,96995,4.211604727852088,0.17582292087741974
2898,0.2907,12,109,12,151051,454559,10973,96983,4.210595057245545,0.17583973659304278
2899,0.2908,5,52,5,151103,454507,10978,96978,4.210113379524992,0.17584884448353083
2900,0.2909,10,87,10,151190,454420,10988,96968,4.2093074956463745,0.17586164370642815
2901,0.291,11,80,11,151270,454340,10999,96957,4.20856645299937,0.17587071941258522
2902,0.2911,6,85,6,151355,454255,11005,96951,4.207779095186928,0.1758888691342257
2903,0.2912,10,81,10,151436,454174,11015,96941,4.207028789506836,0.17589976683632272
2904,0.2913,8,38,8,151474,454136,11023,96933,4.206676794249509,0.17589993267630732
2905,0.2914,2,48,2,151522,454088,11025,96931,4.206232168661306,0.1759122643683793
2906,0.2915,8,86,8,151608,454002,11033,96923,4.205435547815777,0.17592775786177792
2907,0.2916,10,82,10,151690,453920,11043,96913,4.204675979102597,0.17593898695248833
2908,0.2917,7,43,7,151733,453877,11050,96906,4.204277668679833,0.17594224948845552
2909,0.2918,6,82,6,151815,453795,11056,96900,4.2035180999666535,0.175959469397761
2910,0.2919,1,28,1,151843,453767,11057,96899,4.203258735040202,0.17596692005680395
2911,0.292,11,72,11,151915,453695,11068,96888,4.202591796657898,0.17597346812378878
2912,0.2921,9,58,9,151973,453637,11077,96879,4.2020545407388195,0.17597853650030154
2913,0.2922,13,86,13,152059,453551,11090,96866,4.20125791989329,0.17598657018224365
2914,0.2923,12,114,12,152173,453437,11102,96854,4.200201934121309,0.17600505914143608
2915,0.2924,4,37,4,152210,453400,11106,96850,4.199859201897069,0.17601090413448434
2916,0.2925,6,106,6,152316,453294,11112,96844,4.198877320389788,0.17603583100967393
2917,0.2926,13,149,13,152465,453145,11125,96831,4.197497128459743,0.176064046431117
2918,0.2927,6,60,6,152525,453085,11131,96825,4.19694134647449,0.176074266698187
2919,0.2928,11,65,11,152590,453020,11142,96814,4.196339249323799,0.17607859826784084
2920,0.2929,1,19,1,152609,453001,11143,96813,4.196163251695135,0.17608318449512017
2921,0.293,4,39,4,152648,452962,11147,96809,4.195801993404721,0.17608968097626101
2922,0.2931,6,79,6,152727,452883,11153,96803,4.195070213790804,0.17610599505899732
2923,0.2932,3,42,3,152769,452841,11156,96800,4.194681166401127,0.176114955034286
2924,0.2933,4,89,4,152858,452752,11160,96796,4.193856756456334,0.1761374802565017
2925,0.2934,3,29,3,152887,452723,11163,96793,4.193588128496795,0.17614227793185275
2926,0.2935,3,60,3,152947,452663,11166,96790,4.193032346511542,0.17615701433971603
2927,0.2936,2,36,2,152983,452627,11168,96788,4.19269887732039,0.17616555791159688
2928,0.2937,4,58,4,153041,452569,11172,96784,4.192161621401311,0.17617815867029032
2929,0.2938,2,42,2,153083,452527,11174,96782,4.191772574011634,0.17618862971478713
2930,0.2939,6,84,6,153167,452443,11180,96776,4.1909944792322795,0.17620657697566908
2931,0.294,12,99,12,153266,452344,11192,96764,4.190077438956612,0.1762203428105218
2932,0.2941,13,122,13,153388,452222,11205,96751,4.18894734891993,0.17623999723119352
2933,0.2942,2,66,2,153454,452156,11207,96749,4.188335988736152,0.17625818675362767
2934,0.2943,12,59,12,153513,452097,11219,96737,4.187789469783986,0.1762591238880973
2935,0.2944,16,176,16,153689,451921,11235,96721,4.186159175960577,0.17629164373124917
2936,0.2945,8,112,8,153801,451809,11243,96713,4.185121716254771,0.17631562635591644
2937,0.2946,7,67,7,153868,451742,11250,96706,4.1845010930379045,0.17632665266351596
2938,0.2947,18,140,18,154008,451602,11268,96688,4.183204268405647,0.1763446351383392
2939,0.2948,8,61,8,154069,451541,11276,96680,4.182639223387306,0.17635223751005524
2940,0.2949,8,34,8,154103,451507,11284,96672,4.182324280262329,0.17635115537078216
2941,0.295,5,49,5,154152,451458,11289,96667,4.181870391641039,0.1763594070695553
2942,0.2951,16,118,16,154270,451340,11305,96651,4.1807773537367074,0.17637333459856092
2943,0.2952,7,44,7,154314,451296,11312,96644,4.180369780280855,0.17637697558126803
2944,0.2953,13,155,13,154469,451141,11325,96631,4.178934010152284,0.17640733735933928
2945,0.2954,8,126,8,154595,451015,11333,96623,4.1777668679832525,0.1764358937838499
2946,0.2955,8,67,8,154662,450948,11341,96615,4.177146244766386,0.17644545011258977
2947,0.2956,2,60,2,154722,450888,11343,96613,4.176590462781133,0.17646177815200337
2948,0.2957,7,78,7,154800,450810,11350,96606,4.175867946200304,0.17647639089832962
2949,0.2958,9,84,9,154884,450726,11359,96597,4.17508985142095,0.17648993373200103
2950,0.2959,5,114,5,154998,450612,11364,96592,4.174033865648968,0.17651917749139262
2951,0.296,13,200,13,155198,450412,11377,96579,4.172181259031457,0.17656414822181718
2952,0.2961,9,114,9,155312,450298,11386,96570,4.171125273259476,0.17658740317590352
2953,0.2962,4,61,4,155373,450237,11390,96566,4.170560228241135,0.17660107936496325
2954,0.2963,2,57,2,155430,450180,11392,96564,4.170032235355145,0.17661647864448443
2955,0.2964,4,53,4,155483,450127,11396,96560,4.169541294601505,0.1766275766572097
2956,0.2965,4,96,4,155579,450031,11400,96556,4.168652043425099,0.17665257314937968
2957,0.2966,6,63,6,155642,449968,11406,96550,4.168068472340583,0.17666389762093837
2958,0.2967,5,144,5,155786,449824,11411,96545,4.166734595575975,0.1767029242142215
2959,0.2968,6,88,6,155874,449736,11417,96539,4.165919448664271,0.17672234680334997
2960,0.2969,4,60,4,155934,449676,11421,96535,4.165363666679017,0.17673573033131884
2961,0.297,12,114,12,156048,449562,11433,96523,4.1643076809070365,0.17675453455048207
2962,0.2971,18,143,18,156191,449419,11451,96505,4.162983067175516,0.17677369011071137
2963,0.2972,6,59,6,156250,449360,11457,96499,4.16243654822335,0.17678374818405485
2964,0.2973,9,75,9,156325,449285,11466,96490,4.161741820741784,0.1767944665842151
2965,0.2974,2,25,2,156350,449260,11468,96488,4.161510244914595,0.17679954850956853
2966,0.2975,4,48,4,156398,449212,11472,96484,4.161065619326393,0.17680906585351552
2967,0.2976,4,19,4,156417,449193,11476,96480,4.160889621697729,0.17680918792023795
2968,0.2977,19,193,19,156610,449000,11495,96461,4.159101856311831,0.17684307402362406
2969,0.2978,10,84,10,156694,448916,11505,96451,4.158323761532476,0.176855218595918
2970,0.2979,4,43,4,156737,448873,11509,96447,4.157925451109711,0.1768631262378053
2971,0.298,13,184,13,156921,448689,11522,96434,4.156221053021602,0.17690319432495052
2972,0.2981,8,93,8,157014,448596,11530,96426,4.1553595909444585,0.1769212985897817
2973,0.2982,4,56,4,157070,448540,11534,96422,4.1548408610915555,0.17693343756078406
2974,0.2983,2,25,2,157095,448515,11536,96420,4.154609285264367,0.1769385339535908
2975,0.2984,9,104,9,157199,448411,11545,96411,4.153645929823261,0.17695871312098263
2976,0.2985,1,46,1,157245,448365,11546,96410,4.153219830301234,0.17697214446331055
2977,0.2986,2,32,2,157277,448333,11548,96408,4.152923413242432,0.17697951870705528
2978,0.2987,10,80,10,157357,448253,11558,96398,4.152182370595428,0.17699040302872848
2979,0.2988,13,104,13,157461,448149,11571,96385,4.1512190151543225,0.17700455802576148
2980,0.2989,4,64,4,157525,448085,11575,96381,4.150626181036719,0.1770193180106747
2981,0.299,1,33,1,157558,448052,11576,96380,4.150320500944829,0.17702853616245923
2982,0.2991,3,45,3,157603,448007,11579,96377,4.1499036644558895,0.17703863449329885
2983,0.2992,5,79,5,157682,447928,11584,96372,4.149171884841973,0.17705677016351276
2984,0.2993,3,69,3,157751,447859,11587,96369,4.148532735558931,0.17707468193477732
2985,0.2994,7,53,7,157804,447806,11594,96362,4.148041794805291,0.17708134252657268
2986,0.2995,3,75,3,157879,447731,11597,96359,4.147347067323724,0.17710121487253946
2987,0.2996,0,36,0,157915,447695,11597,96359,4.147013598132572,0.17711293364261635
2988,0.2997,9,75,9,157990,447620,11606,96350,4.146318870651006,0.17712373844145818
2989,0.2998,10,98,10,158088,447522,11616,96340,4.145411093408426,0.17714052461837745
2990,0.2999,7,101,7,158189,447421,11623,96333,4.144475527066582,0.17716283466420477
2991,0.3,6,50,6,158239,447371,11629,96327,4.144012375412205,0.17717004660675595
2992,0.3001,11,161,11,158400,447210,11640,96316,4.142521027085109,0.17720587423600712
2993,0.3002,17,97,17,158497,447113,11657,96299,4.141622512875616,0.17721176565846908
2994,0.3003,6,65,6,158562,447048,11663,96293,4.141020415724925,0.1772238796630477
2995,0.3004,12,73,12,158635,446975,11675,96281,4.1403442143095335,0.17722951978441104
2996,0.3005,6,57,6,158692,446918,11681,96275,4.139816221423543,0.17723902922165785
2997,0.3006,12,141,12,158833,446777,11693,96263,4.1385101337581975,0.1772668680023571
2998,0.3007,3,36,3,158869,446741,11696,96260,4.1381766645670455,0.1772740750017035
2999,0.3008,6,44,6,158913,446697,11702,96254,4.137769091111194,0.17727934933354944
3000,0.3009,2,32,2,158945,446665,11704,96252,4.1374726740523915,0.1772867675906262
3001,0.301,5,69,5,159014,446596,11709,96247,4.136833524769351,0.17730172443966302
3002,0.3011,3,39,3,159053,446557,11712,96244,4.136472266478936,0.1773099165255775
3003,0.3012,4,62,4,159115,446495,11716,96240,4.135897958427507,0.1773241084507172
3004,0.3013,7,121,7,159236,446374,11723,96233,4.134777131423913,0.17735303820260337
3005,0.3014,10,60,10,159296,446314,11733,96223,4.13422134943866,0.17735748898231826
3006,0.3015,4,40,4,159336,446274,11737,96219,4.1338508281151585,0.17736450055576755
3007,0.3016,2,32,2,159368,446242,11739,96217,4.133554411056356,0.1773719304131741
3008,0.3017,7,94,7,159462,446148,11746,96210,4.132683685946126,0.17739205469450067
3009,0.3018,12,97,12,159559,446051,11758,96198,4.131785171736634,0.17740558304395213
3010,0.3019,13,123,13,159682,445928,11771,96185,4.130645818666864,0.17742610857883873
3011,0.302,4,55,4,159737,445873,11775,96181,4.130136351847049,0.1774380412283647
3012,0.3021,4,67,4,159804,445806,11779,96177,4.1295157286301825,0.17745390538079608
3013,0.3022,3,46,3,159850,445760,11782,96174,4.129089629108155,0.1774644144858968
3014,0.3023,3,28,3,159878,445732,11785,96171,4.128830264181704,0.1774690304353362
3015,0.3024,5,67,5,159945,445665,11790,96166,4.128209640964838,0.17748338504072303
3016,0.3025,15,208,15,160153,445457,11805,96151,4.126282930082627,0.177528766192523
3017,0.3026,3,54,3,160207,445403,11808,96148,4.125782726295898,0.1775419120267528
3018,0.3027,7,56,7,160263,445347,11815,96141,4.125263996442995,0.177549640989274
3019,0.3028,9,102,9,160365,445245,11824,96132,4.124319167068065,0.1775694202007104
3020,0.3029,8,79,8,160444,445166,11832,96124,4.1235873874541475,0.1775831809196549
3021,0.303,6,72,6,160516,445094,11838,96118,4.122920449071844,0.17759768815177787
3022,0.3031,5,47,5,160563,445047,11843,96113,4.122485086516729,0.17760551408086334
3023,0.3032,5,114,5,160677,444933,11848,96108,4.121429100744748,0.17763533632386455
3024,0.3033,8,84,8,160761,444849,11856,96100,4.120651005965393,0.17765075820456272
3025,0.3034,6,55,6,160816,444794,11862,96094,4.120141539145578,0.17765970034461848
3026,0.3035,6,85,6,160901,444709,11868,96088,4.119354181333136,0.1776785004354684
3027,0.3036,5,58,5,160959,444651,11873,96083,4.118816925414057,0.17768995476518953
3028,0.3037,1,75,1,161034,444576,11874,96082,4.118122197932491,0.1777130829470756
3029,0.3038,10,81,10,161115,444495,11884,96072,4.117371892252399,0.1777245003857061
3030,0.3039,10,105,10,161220,444390,11894,96062,4.116399273778206,0.17774381443680476
3031,0.304,10,51,10,161271,444339,11904,96052,4.115926859090741,0.1777453732575117
3032,0.3041,5,64,5,161335,444275,11909,96047,4.115334024973137,0.17775881789007295
3033,0.3042,6,44,6,161379,444231,11915,96041,4.1149264515172845,0.1777641632362958
3034,0.3043,15,119,15,161498,444112,11930,96026,4.113824150579866,0.17778049313323632
3035,0.3044,6,87,6,161585,444025,11936,96020,4.113018266701249,0.17779999814830247
3036,0.3045,7,78,7,161663,443947,11943,96013,4.11229575012042,0.17781502333506186
3037,0.3046,11,100,11,161763,443847,11954,96002,4.111369446811664,0.17783120835641078
3038,0.3047,7,92,7,161855,443755,11961,95995,4.110517247767609,0.17785085687818433
3039,0.3048,4,51,4,161906,443704,11965,95991,4.110044833080144,0.1778615699608112
3040,0.3049,7,86,7,161992,443618,11972,95984,4.109248212234614,0.1778792517448045
3041,0.305,12,171,12,162163,443447,11984,95972,4.107664233576642,0.17791735181741838
3042,0.3051,10,64,10,162227,443383,11994,95962,4.107071399459039,0.17792322168556304
3043,0.3052,5,52,5,162279,443331,11999,95957,4.106589721738486,0.17793275578169734
3044,0.3053,5,63,5,162342,443268,12004,95952,4.10600615065397,0.17794592188717034
3045,0.3054,9,70,9,162412,443198,12013,95943,4.105357738337841,0.17795530297269174
3046,0.3055,9,93,9,162505,443105,12022,95934,4.104496276260699,0.1779722802988281
3047,0.3056,5,84,5,162589,443021,12027,95929,4.103718181481344,0.17799239261527044
3048,0.3057,5,44,5,162633,442977,12032,95924,4.103310608025492,0.17799929857246508
3049,0.3058,8,89,8,162722,442888,12040,95916,4.102486198080699,0.17801649579438905
3050,0.3059,7,11,7,162733,442877,12047,95909,4.102384304716736,0.17800945087660036
3051,0.306,7,97,7,162830,442780,12054,95902,4.101485790507244,0.17803082338002754
3052,0.3061,16,143,16,162973,442637,12070,95886,4.100161176775724,0.17805367644464581
3053,0.3062,11,133,11,163106,442504,12081,95875,4.098929193375079,0.17808086868172793
3054,0.3063,2,40,2,163146,442464,12083,95873,4.098558672051577,0.1780910470578838
3055,0.3064,8,54,8,163200,442410,12091,95865,4.098058468264848,0.17809669778458967
3056,0.3065,3,57,3,163257,442353,12094,95862,4.097530475378858,0.1781109779549065
3057,0.3066,4,60,4,163317,442293,12098,95858,4.096974693393605,0.17812472707474297
3058,0.3067,7,59,7,163376,442234,12105,95851,4.0964281744414395,0.17813356625811907
3059,0.3068,15,107,15,163483,442127,12120,95836,4.0954370299010705,0.17814608067841098
3060,0.3069,4,84,4,163567,442043,12124,95832,4.094658935121716,0.17816778991401347
3061,0.307,10,80,10,163647,441963,12134,95822,4.093917892474712,0.17817901205872236
3062,0.3071,21,107,21,163754,441856,12155,95801,4.092926747934343,0.17818237277669594
3063,0.3072,13,144,13,163898,441712,12168,95788,4.091592871169736,0.17821023255813953
3064,0.3073,5,73,5,163971,441639,12173,95783,4.090916669754344,0.17822679384171097
3065,0.3074,7,42,7,164013,441597,12180,95776,4.090527622364667,0.1782300189998381
3066,0.3075,10,61,10,164074,441536,12190,95766,4.089962577346326,0.17823495911051884
3067,0.3076,7,54,7,164128,441482,12197,95759,4.0894623735595985,0.1782421669232244
3068,0.3077,9,93,9,164221,441389,12206,95750,4.088600911482456,0.17825925877659227
3069,0.3078,5,71,5,164292,441318,12211,95745,4.087943236133239,0.178275174420878
3070,0.3079,3,46,3,164338,441272,12214,95742,4.087517136611212,0.17828585474494146
3071,0.308,12,73,12,164411,441199,12226,95730,4.086840935195821,0.17829172944653762
3072,0.3081,5,53,5,164464,441146,12231,95725,4.08634999444218,0.17830167768421093
3073,0.3082,7,160,7,164624,440986,12238,95718,4.084867909148172,0.17834411519198665
3074,0.3083,17,141,17,164765,440845,12255,95701,4.083561821482826,0.17836494913763218
3075,0.3084,5,70,5,164835,440775,12260,95696,4.082913409166697,0.17838056483947873
3076,0.3085,2,134,2,164969,440641,12262,95694,4.081672162732965,0.1784220682968667
3077,0.3086,5,50,5,165019,440591,12267,95689,4.081209011078587,0.17843104348474678
3078,0.3087,5,38,5,165057,440553,12272,95684,4.080857015821261,0.17843602735357686
3079,0.3088,3,31,3,165088,440522,12275,95681,4.080569861795547,0.17844174687571684
3080,0.3089,15,164,15,165252,440358,12290,95666,4.079050724369187,0.1784733519394654
3081,0.309,5,47,5,165299,440311,12295,95661,4.078615361814072,0.17848133857738838
3082,0.3091,9,112,9,165411,440199,12304,95652,4.077577902108266,0.17850484556341223
3083,0.3092,5,55,5,165466,440144,12309,95647,4.077068435288451,0.17851550324660176
3084,0.3093,6,70,6,165536,440074,12315,95641,4.076420022972322,0.17852962862716182
3085,0.3094,8,110,8,165646,439964,12323,95633,4.075401089332691,0.17855402476115437
3086,0.3095,10,72,10,165718,439892,12333,95623,4.074734150950388,0.17856269198808625
3087,0.3096,2,53,2,165771,439839,12335,95621,4.074243210196747,0.17857729802412878
3088,0.3097,3,41,3,165812,439798,12338,95618,4.073863425840157,0.1785863702242742
3089,0.3098,1,48,1,165860,439750,12339,95617,4.073418800251955,0.17860084764283193
3090,0.3099,19,111,19,165971,439639,12358,95598,4.072390603579236,0.17860872846981804
3091,0.31,12,113,12,166084,439526,12370,95586,4.071343880840343,0.1786280255348413
3092,0.3101,8,62,8,166146,439464,12378,95578,4.070769572788914,0.1786364434941556
3093,0.3102,1,34,1,166180,439430,12379,95577,4.070454629663937,0.178646260703131
3094,0.3103,20,122,20,166302,439308,12399,95557,4.069324539627256,0.17865629644863656
3095,0.3104,15,233,15,166535,439075,12414,95542,4.067166252917856,0.17871111468584053
3096,0.3105,10,127,10,166662,438948,12424,95532,4.065989847715736,0.17873821284238886
3097,0.3106,11,92,11,166754,438856,12435,95521,4.065137648671681,0.1787520795243807
3098,0.3107,19,137,19,166891,438719,12454,95502,4.063868613138686,0.17876871182525583
3099,0.3108,10,74,10,166965,438645,12464,95492,4.063183148690207,0.17877810374491937
3100,0.3109,14,136,14,167101,438509,12478,95478,4.0619233761902995,0.17880210566923913
3101,0.311,8,75,8,167176,438434,12486,95470,4.061228648708733,0.17881491803769967
3102,0.3111,7,70,7,167246,438364,12493,95463,4.060580236392604,0.1788275977048744
3103,0.3112,4,91,4,167337,438273,12497,95459,4.059737300381637,0.178851933179948
3104,0.3113,10,60,10,167397,438213,12507,95449,4.059181518396383,0.178856654586611
3105,0.3114,7,72,7,167469,438141,12514,95442,4.05851458001408,0.1788700164735383
3106,0.3115,1,35,1,167504,438106,12515,95441,4.058190373856015,0.17888021111542188
3107,0.3116,3,53,3,167557,438053,12518,95438,4.057699433102375,0.17889336464907563
3108,0.3117,20,181,20,167738,437872,12538,95418,4.056022824113528,0.17892328751711076
3109,0.3118,8,60,8,167798,437812,12546,95410,4.055467042128274,0.17893110186751485
3110,0.3119,17,183,17,167981,437629,12563,95393,4.053771907073252,0.17896634660483057
3111,0.312,4,47,4,168028,437582,12567,95389,4.053336544518137,0.17897596679744301
3112,0.3121,8,85,8,168113,437497,12575,95381,4.052549186705695,0.1789921895818555
3113,0.3122,9,141,9,168254,437356,12584,95372,4.05124309904035,0.17902569416287487
3114,0.3123,7,83,7,168337,437273,12591,95365,4.050474267294082,0.17904280205317682
3115,0.3124,12,71,12,168408,437202,12603,95353,4.049816591944866,0.17904817342809662
3116,0.3125,10,102,10,168510,437100,12613,95343,4.048871762569936,0.17906705506504922
3117,0.3126,9,75,9,168585,437025,12622,95334,4.0481770350883695,0.17907840385905
3118,0.3127,4,66,4,168651,436959,12626,95330,4.0475656749045905,0.17909443929895227
3119,0.3128,3,45,3,168696,436914,12629,95327,4.047148838415651,0.17910495433459656
3120,0.3129,6,59,6,168755,436855,12635,95321,4.046602319463485,0.1791155557559905
3121,0.313,9,92,9,168847,436763,12644,95312,4.04575012041943,0.1791326410750364
3122,0.3131,6,87,6,168934,436676,12650,95306,4.044944236540813,0.17915267809813115
3123,0.3132,7,64,7,168998,436612,12657,95299,4.044351402423209,0.1791634314763184
3124,0.3133,8,66,8,169064,436546,12665,95291,4.043740042239431,0.17917331814070853
3125,0.3134,9,82,9,169146,436464,12674,95282,4.042980473526251,0.17918705547385405
3126,0.3135,4,94,4,169240,436370,12678,95278,4.0421097484160216,0.17921256169495606
3127,0.3136,9,131,9,169371,436239,12687,95269,4.040896291081552,0.17924283359798912
3128,0.3137,11,91,11,169462,436148,12698,95258,4.040053355070584,0.17925653831533706
3129,0.3138,9,75,9,169537,436073,12707,95249,4.039358627589018,0.17926793921576747
3130,0.3139,11,104,11,169641,435969,12718,95238,4.038395272147912,0.17928604103485082
3131,0.314,13,47,13,169688,435922,12731,95225,4.037959909592797,0.17928181840432122
3132,0.3141,5,34,5,169722,435888,12736,95220,4.03764496646782,0.17928556903680606
3133,0.3142,5,68,5,169790,435820,12741,95215,4.037015080217866,0.17930079938233826
3134,0.3143,11,176,11,169966,435644,12752,95204,4.035384786394457,0.1793432394960516
3135,0.3144,6,38,6,170004,435606,12758,95198,4.03503279113713,0.17934680220947846
3136,0.3145,4,112,4,170116,435494,12762,95194,4.033995331431324,0.1793784671972986
3137,0.3146,22,192,22,170308,435302,12784,95172,4.032216829078513,0.17940935842284447
3138,0.3147,6,31,6,170339,435271,12790,95166,4.031929675052799,0.1794105614804397
3139,0.3148,11,80,11,170419,435191,12801,95155,4.031188632405795,0.17942060466186224
3140,0.3149,3,35,3,170454,435156,12804,95152,4.030864426247731,0.17942780421943474
3141,0.315,10,126,10,170580,435030,12814,95142,4.029697284078699,0.17945496933070776
3142,0.3151,8,69,8,170649,434961,12822,95134,4.029058134795657,0.1794659447834822
3143,0.3152,11,74,11,170723,434887,12833,95123,4.028372670347179,0.17947397218920397
3144,0.3153,2,27,2,170750,434860,12835,95121,4.0281225684538144,0.17948001909502417
3145,0.3154,16,141,16,170891,434719,12851,95105,4.02681648078847,0.17950300477139577
3146,0.3155,3,59,3,170950,434660,12854,95102,4.026269961836304,0.17951834974951017
3147,0.3156,3,69,3,171019,434591,12857,95099,4.0256308125532625,0.17953708773055937
3148,0.3157,16,147,16,171166,434444,12873,95083,4.024269146689392,0.17956213753028646
3149,0.3158,18,140,18,171306,434304,12891,95065,4.022972322057134,0.1795817284351747
3150,0.3159,6,101,6,171407,434203,12897,95059,4.022036755715291,0.17960669762801787
3151,0.316,6,27,6,171434,434176,12903,95053,4.021786653821928,0.17960655973123166
3152,0.3161,11,145,11,171579,434031,12914,95042,4.020443514024232,0.17963872660294516
3153,0.3162,14,80,14,171659,433951,12928,95028,4.019702471377228,0.17964418247227207
3154,0.3163,14,107,14,171766,433844,12942,95014,4.0187113268368595,0.17965881200624742
3155,0.3164,6,110,6,171876,433734,12948,95008,4.017692393197229,0.17968687942323477
3156,0.3165,4,45,4,171921,433689,12952,95004,4.017275556708289,0.17969596722483558
3157,0.3166,10,72,10,171993,433617,12962,94994,4.016608618325985,0.17970492479346817
3158,0.3167,15,122,15,172115,433495,12977,94979,4.015478528289303,0.17972312734401313
3159,0.3168,13,98,13,172213,433397,12990,94966,4.014570751046723,0.17973627979249115
3160,0.3169,6,57,6,172270,433340,12996,94960,4.014042758160732,0.17974635623698657
3161,0.317,11,122,11,172392,433218,13007,94949,4.01291266812405,0.1797707921926209
3162,0.3171,6,75,6,172467,433143,13013,94943,4.012217940642484,0.17978700438943657
3163,0.3172,10,41,10,172508,433102,13023,94933,4.0118381562858945,0.17978543088999782
3164,0.3173,10,94,10,172602,433008,13033,94923,4.010967431175664,0.17980190593088868
3165,0.3174,14,125,14,172727,432883,13047,94909,4.0098095520397194,0.17982273319792647
3166,0.3175,6,78,6,172805,432805,13053,94903,4.009087035458891,0.17983998726568481
3167,0.3176,5,30,5,172835,432775,13058,94898,4.008809144466264,0.17984244029920046
3168,0.3177,8,95,8,172930,432680,13066,94890,4.007929156322946,0.17986238792956386
3169,0.3178,0,90,0,173020,432590,13066,94890,4.007095483345067,0.17989307651474937
3170,0.3179,12,121,12,173141,432469,13078,94878,4.005974656341473,0.17991569118625877
3171,0.318,7,89,7,173230,432380,13085,94871,4.00515024639668,0.17993517319075733
3172,0.3181,2,29,2,173259,432351,13087,94869,4.004881618437141,0.1799419597132127
3173,0.3182,3,35,3,173294,432316,13090,94866,4.004557412279077,0.1799492395415625
3174,0.3183,18,199,18,173493,432117,13108,94848,4.002714068694654,0.1799891833423472
3175,0.3184,3,23,3,173516,432094,13111,94845,4.002501018933639,0.17999237103345928
3176,0.3185,5,142,5,173658,431952,13116,94840,4.001185668235207,0.1800331060456499
3177,0.3186,17,175,17,173833,431777,13133,94823,3.9995646374448848,0.18006646410938093
3178,0.3187,8,39,8,173872,431738,13141,94815,3.9992033791544706,0.18006734364821775
3179,0.3188,4,47,4,173919,431691,13145,94811,3.9987680165993553,0.18007718869064124
3180,0.3189,6,49,6,173968,431642,13151,94805,3.998314127978065,0.18008460490799644
3181,0.319,6,42,6,174010,431600,13157,94799,3.997925080588388,0.18008962782984012
3182,0.3191,15,140,15,174150,431460,13172,94784,3.9966282559561304,0.18011416757245688
3183,0.3192,18,110,18,174260,431350,13190,94766,3.9956093223164992,0.1801237749849843
3184,0.3193,12,130,12,174390,431220,13202,94754,3.994405128015117,0.1801495891431896
3185,0.3194,9,66,9,174456,431154,13211,94745,3.9937937678313387,0.18015816725264738
3186,0.3195,2,61,2,174517,431093,13213,94743,3.9932287228129977,0.18017594839455647
3187,0.3196,1,29,1,174546,431064,13214,94742,3.992960094853459,0.18018432653868538
3188,0.3197,10,67,10,174613,430997,13224,94732,3.9923394716365928,0.18019169572155996
3189,0.3198,20,215,20,174828,430782,13244,94712,3.9903479195227685,0.18023421770752854
3190,0.3199,2,12,2,174840,430770,13246,94710,3.990236763125718,0.1802352135190683
3191,0.32,8,121,8,174961,430649,13254,94702,3.989115936122124,0.18026424238271174
3192,0.3201,13,161,13,175122,430488,13267,94689,3.9876245877950276,0.180299213408051
3193,0.3202,10,177,10,175299,430311,13277,94679,3.9859850309385303,0.1803443875121431
3194,0.3203,10,124,10,175423,430187,13287,94669,3.984836414835674,0.18037137805417106
3195,0.3204,3,55,3,175478,430132,13290,94666,3.9843269480158585,0.18038559598169202
3196,0.3205,5,55,5,175533,430077,13295,94661,3.9838174811960427,0.18039669320689564
3197,0.3206,2,30,2,175563,430047,13297,94659,3.9835395902034163,0.18040388331751495
3198,0.3207,16,129,16,175692,429918,13313,94643,3.982344658935122,0.1804232491550077
3199,0.3208,11,49,11,175741,429869,13324,94632,3.9818907703138318,0.18042291625754764
3200,0.3209,12,145,12,175886,429724,13336,94620,3.9805476305161362,0.18045405306440046
3201,0.321,28,177,28,176063,429547,13364,94592,3.978908073659639,0.18047121088108306
3202,0.3211,5,61,5,176124,429486,13369,94587,3.9783430286412984,0.18048439816590436
3203,0.3212,9,61,9,176185,429425,13378,94578,3.9777779836229574,0.18049133306488704
3204,0.3213,8,118,8,176303,429307,13386,94570,3.976684945718626,0.18051947308242203
3205,0.3214,10,82,10,176385,429225,13396,94560,3.9759253770054466,0.18053208854778202
3206,0.3215,11,57,11,176442,429168,13407,94549,3.975397384119456,0.18053452532570072
3207,0.3216,9,85,9,176527,429083,13416,94540,3.974610026307014,0.180549746668882
3208,0.3217,12,103,12,176630,428980,13428,94528,3.973655933898996,0.1805664860899929
3209,0.3218,17,102,17,176732,428878,13445,94511,3.9727111045240653,0.18057505985032166
3210,0.3219,16,184,16,176916,428694,13461,94495,3.9710067064359555,0.1806135067824438
3211,0.322,15,60,15,176976,428634,13476,94480,3.9704509244507022,0.18061072729844738
3212,0.3221,15,132,15,177108,428502,13491,94465,3.969228204083145,0.1806328123954284
3213,0.3222,9,95,9,177203,428407,13500,94456,3.968348215939827,0.1806515282205855
3214,0.3223,5,78,5,177281,428329,13505,94451,3.9676256993589982,0.18067064539576877
3215,0.3224,7,88,7,177369,428241,13512,94444,3.9668105524472934,0.18069009058993465
3216,0.3225,1,96,1,177465,428145,13513,94443,3.965921301270888,0.18072171576844473
3217,0.3226,6,89,6,177554,428056,13519,94437,3.965096891326096,0.180743091295003
3218,0.3227,12,88,12,177642,427968,13531,94425,3.964281744414391,0.1807547191482275
3219,0.3228,7,57,7,177699,427911,13538,94418,3.9637537515284005,0.1807634651723339
3220,0.3229,9,92,9,177791,427819,13547,94409,3.9629015524843454,0.1807811913570318
3221,0.323,14,181,14,177972,427638,13561,94395,3.9612249434954983,0.18082190206366264
3222,0.3231,18,154,18,178126,427484,13579,94377,3.959798436400015,0.18084700715324578
3223,0.3232,2,42,2,178168,427442,13581,94375,3.9594093890103377,0.18085842354695228
3224,0.3233,25,173,25,178341,427269,13606,94350,3.9578068842861907,0.1808791474236943
3225,0.3234,10,56,10,178397,427213,13616,94340,3.9572881544332876,0.18088286329481376
3226,0.3235,6,88,6,178485,427125,13622,94334,3.956473007521583,0.1809039636865027
3227,0.3236,4,52,4,178537,427073,13626,94330,3.95599132980103,0.18091572162032055
3228,0.3237,6,58,6,178595,427015,13632,94324,3.9554540738819517,0.1809264221552579
3229,0.3238,13,54,13,178649,426961,13645,94311,3.954953870095224,0.18092473794871008
3230,0.3239,8,101,8,178750,426860,13653,94303,3.954018303753381,0.18094722764279123
3231,0.324,9,76,9,178826,426784,13662,94294,3.9533143132387267,0.18095947247820865
3232,0.3241,9,80,9,178906,426704,13671,94285,3.9525732705917225,0.18097311075665706
3233,0.3242,3,23,3,178929,426681,13674,94282,3.952360220830709,0.18097638411940964
3234,0.3243,13,81,13,179010,426600,13687,94269,3.951609915150617,0.18098408620977635
3235,0.3244,7,34,7,179044,426566,13694,94262,3.9512949720256403,0.18098489328530723
3236,0.3245,9,80,9,179124,426486,13703,94253,3.9505539293786356,0.18099854245600963
3237,0.3246,1,23,1,179147,426463,13704,94252,3.950340879617622,0.18100496432789528
3238,0.3247,21,185,21,179332,426278,13725,94231,3.9486272184964246,0.18103625489664923
3239,0.3248,14,117,14,179449,426161,13739,94217,3.9475434436251806,0.18105492545803242
3240,0.3249,13,93,13,179542,426068,13752,94204,3.9466819815480383,0.18106682658301812
3241,0.325,10,67,10,179609,426001,13762,94194,3.946061358331172,0.18107440479051126
3242,0.3251,8,53,8,179662,425948,13770,94186,3.9455704175775317,0.1810802600868238
3243,0.3252,15,157,15,179819,425791,13785,94171,3.9441161213827858,0.18111131198049088
3244,0.3253,9,99,9,179918,425692,13794,94162,3.943199081107118,0.18113162541790578
3245,0.3254,1,44,1,179962,425648,13795,94161,3.942791507651265,0.1811453822461712
3246,0.3255,11,74,11,180036,425574,13806,94150,3.942106043202786,0.18115384319369512
3247,0.3256,10,88,10,180124,425486,13816,94140,3.9412908962910818,0.18116876368772925
3248,0.3257,8,43,8,180167,425443,13824,94132,3.940892585868317,0.1811711494971852
3249,0.3258,7,68,7,180235,425375,13831,94125,3.940262699618363,0.18118383060635226
3250,0.3259,7,40,7,180275,425335,13838,94118,3.939892178294861,0.18118674836799478
3251,0.326,4,23,4,180298,425312,13842,94114,3.939679128533847,0.1811884657294783
3252,0.3261,5,74,5,180372,425238,13847,94109,3.938993664085368,0.1812063995748507
3253,0.3262,8,74,8,180446,425164,13855,94101,3.938308199636889,0.18121960848507024
3254,0.3263,4,40,4,180486,425124,13859,94097,3.937937678313387,0.18122726160921843
3255,0.3264,2,76,2,180562,425048,13861,94095,3.9372336877987326,0.18125063807082056
3256,0.3265,3,45,3,180607,425003,13864,94092,3.9368168513097928,0.18126161877883623
3257,0.3266,9,41,9,180648,424962,13873,94083,3.936437066953203,0.1812617403115337
3258,0.3267,9,53,9,180701,424909,13882,94074,3.9359461261995627,0.18126605303063878
3259,0.3268,5,51,5,180752,424858,13887,94069,3.9354737115120977,0.18127597908761733
3260,0.3269,7,44,7,180796,424814,13894,94062,3.935066138056245,0.18128030589196648
3261,0.327,18,149,18,180945,424665,13912,94044,3.9336859461261997,0.1813039681208539
3262,0.3271,10,91,10,181036,424574,13922,94034,3.9328430101152323,0.181319995063709
3263,0.3272,7,45,7,181081,424529,13929,94027,3.932426173626292,0.1813246785303805
3264,0.3273,7,62,7,181143,424467,13936,94020,3.9318518655748638,0.18133530831052658
3265,0.3274,5,64,5,181207,424403,13941,94015,3.93125903145726,0.18134979881099808
3266,0.3275,8,115,8,181322,424288,13949,94007,3.9301937826521915,0.18137740090103127
3267,0.3276,11,69,11,181391,424219,13960,93996,3.9295546333691505,0.1813841745221578
3268,0.3277,9,113,9,181504,424106,13969,93987,3.9285079106302567,0.1814095152800752
3269,0.3278,10,75,10,181579,424031,13979,93977,3.92781318314869,0.18141997806983676
3270,0.3279,3,53,3,181632,423978,13982,93974,3.92732224239505,0.18143380081551957
3271,0.328,5,63,5,181695,423915,13987,93969,3.926738671310534,0.18144796904326066
3272,0.3281,11,57,11,181752,423858,13998,93958,3.9262106784245434,0.18145055386469325
3273,0.3282,17,187,17,181939,423671,14015,93941,3.9244784912371706,0.18148922358832484
3274,0.3283,3,45,3,181984,423626,14018,93938,3.9240616547482308,0.18150025890517887
3275,0.3284,8,106,8,182090,423520,14026,93930,3.92307977324095,0.18152478500338196
3276,0.3285,16,136,16,182226,423384,14042,93914,3.9218200007410426,0.18154719330057337
3277,0.3286,7,62,7,182288,423322,14049,93907,3.9212456926896144,0.1815578786185616
3278,0.3287,9,47,9,182335,423275,14058,93898,3.920810330134499,0.18156013558325745
3279,0.3288,23,198,23,182533,423077,14081,93875,3.9189762495831637,0.18159326204367138
3280,0.3289,13,162,13,182695,422915,14094,93862,3.91747563822298,0.18162960038856218
3281,0.329,15,155,15,182850,422760,14109,93847,3.916039868094409,0.18166033367724402
3282,0.3291,3,30,3,182880,422730,14112,93844,3.9157619771017824,0.18166613108673685
3283,0.3292,13,81,13,182961,422649,14125,93831,3.9150116714216905,0.1816740241635688
3284,0.3293,10,84,10,183045,422565,14135,93821,3.914233576642336,0.18168772972156488
3285,0.3294,8,132,8,183177,422433,14143,93813,3.9130108562747785,0.18172150486396021
3286,0.3295,8,48,8,183225,422385,14151,93805,3.912566230686576,0.18172572114918925
3287,0.3296,13,99,13,183324,422286,14164,93792,3.911649190410908,0.1817399695394882
3288,0.3297,9,88,9,183412,422198,14173,93783,3.9108340434992033,0.18175669259139388
3289,0.3298,12,111,12,183523,422087,14185,93771,3.909805846826485,0.1817767680253093
3290,0.3299,14,69,14,183592,422018,14199,93757,3.909166697543444,0.1817788764480636
3291,0.33,9,70,9,183662,421948,14208,93748,3.908518285227315,0.18178927119853558
3292,0.3301,3,44,3,183706,421904,14211,93745,3.9081107117714624,0.18180002288378336
3293,0.3302,6,93,6,183799,421811,14217,93739,3.90724924969432,0.1818232955096499
3294,0.3303,3,48,3,183847,421763,14220,93736,3.906804624106117,0.18183546427830122
3295,0.3304,14,121,14,183968,421642,14234,93722,3.9056837971025233,0.18185593095365607
3296,0.3305,11,73,11,184041,421569,14245,93711,3.905007595687132,0.1818642291569632
3297,0.3306,3,31,3,184072,421538,14248,93708,3.9047204416614174,0.18187040753348885
3298,0.3307,2,55,2,184127,421483,14250,93706,3.904210974841602,0.1818866474245374
3299,0.3308,8,85,8,184212,421398,14258,93698,3.90342361702916,0.1819039557674686
3300,0.3309,12,110,12,184322,421288,14270,93686,3.902404683389529,0.1819237476066753
3301,0.331,7,88,7,184410,421200,14277,93679,3.9015895364778244,0.18194371881548868
3302,0.3311,14,76,14,184486,421124,14291,93665,3.9008855459631704,0.18194833222932114
3303,0.3312,5,35,5,184521,421089,14296,93660,3.900561339805106,0.1819527575575669
3304,0.3313,9,77,9,184598,421012,14305,93651,3.899848086257364,0.18196567462592025
3305,0.3314,7,71,7,184669,420941,14312,93644,3.899190410908148,0.1819796535071951
3306,0.3315,29,185,29,184854,420756,14341,93615,3.89747674978695,0.18199898516829294
3307,0.3316,7,72,7,184926,420684,14348,93608,3.8968098114046463,0.1820133309481773
3308,0.3317,13,152,13,185078,420532,14361,93595,3.895401830375338,0.1820464593378679
3309,0.3318,12,134,12,185212,420398,14373,93583,3.894160583941606,0.18207482377753265
3310,0.3319,5,24,5,185236,420374,14378,93578,3.8939382711475043,0.1820753689060457
3311,0.332,16,108,16,185344,420266,14394,93562,3.8929378635740486,0.18208816958203913
3312,0.3321,8,80,8,185424,420186,14402,93554,3.8921968209270443,0.18210378790828044
3313,0.3322,7,52,7,185476,420134,14409,93547,3.8917151432064916,0.18211107671881965
3314,0.3323,6,83,6,185559,420051,14415,93541,3.8909463114602247,0.18213095219551706
3315,0.3324,9,145,9,185704,419906,14424,93532,3.8896031716625292,0.18216805144924997
3316,0.3325,16,116,16,185820,419790,14440,93516,3.888528659824373,0.18218372666596533
3317,0.3326,9,86,9,185906,419704,14449,93507,3.8877320389788435,0.18219991387557943
3318,0.3327,2,45,2,185951,419659,14451,93505,3.887315202489903,0.18221270393090708
3319,0.3328,14,106,14,186057,419553,14465,93491,3.8863333209826227,0.18222803502233725
3320,0.3329,10,101,10,186158,419452,14475,93481,3.8853977546407794,0.18224797390692352
3321,0.333,10,77,10,186235,419375,14485,93471,3.8846845010930378,0.1822593917082321
3322,0.3331,6,83,6,186318,419292,14491,93465,3.883915669346771,0.18227932529443772
3323,0.3332,5,34,5,186352,419258,14496,93460,3.883600726221794,0.18228343845934802
3324,0.3333,11,136,11,186488,419122,14507,93449,3.8823409537218865,0.18231425500077061
3325,0.3334,5,50,5,186538,419072,14512,93444,3.881877802067509,0.18232406402922055
3326,0.3335,12,117,12,186655,418955,14524,93432,3.880794027196265,0.1823465466532133
3327,0.3336,5,42,5,186697,418913,14529,93427,3.880404979806588,0.18235351524378343
3328,0.3337,3,105,3,186802,418808,14532,93424,3.8794323613323947,0.18238610629558483
3329,0.3338,4,55,4,186857,418753,14536,93420,3.8789228945125793,0.18239930648433245
3330,0.3339,12,132,12,186989,418621,14548,93408,3.877700174145022,0.18242716721123217
3331,0.334,6,50,6,187039,418571,14554,93402,3.8772370224906445,0.18243540186689533
3332,0.3341,5,59,5,187098,418512,14559,93397,3.8766905035384784,0.18244844298498367
3333,0.3342,8,72,8,187170,418440,14567,93389,3.8760235651561747,0.18246132985821437
3334,0.3343,10,149,10,187319,418291,14577,93379,3.874643373226129,0.18249848535188695
3335,0.3344,13,113,13,187432,418178,14590,93366,3.8735966504872357,0.18251802386500476
3336,0.3345,2,52,2,187484,418126,14592,93364,3.873114972766683,0.18253338286183504
3337,0.3346,2,78,2,187562,418048,14594,93362,3.8723924561858536,0.1825580258501007
3338,0.3347,7,51,7,187613,417997,14601,93355,3.871920041498388,0.18256504325787323
3339,0.3348,8,111,8,187724,417886,14609,93347,3.8708918448256697,0.18259189058609285
3340,0.3349,9,140,9,187864,417746,14618,93338,3.869595020193412,0.18262751328548732
3341,0.335,6,59,6,187923,417687,14624,93332,3.8690485012412466,0.18263900168095512
3342,0.3351,6,65,6,187988,417622,14630,93326,3.8684464040905553,0.1826526378418156
3343,0.3352,6,72,6,188060,417550,14636,93320,3.8677794657082516,0.18266878070742068
3344,0.3353,18,83,18,188143,417467,14654,93302,3.8670106339619843,0.18266966084472627
3345,0.3354,21,109,21,188252,417358,14675,93281,3.8660009633554413,0.18267504048848598
3346,0.3355,8,106,8,188358,417252,14683,93273,3.8650190818481605,0.18270016159835464
3347,0.3356,6,102,6,188460,417150,14689,93267,3.86407425247323,0.182727064341509
3348,0.3357,15,151,15,188611,416999,14704,93252,3.862675534477009,0.18275711365582822
3349,0.3358,18,153,18,188764,416846,14722,93234,3.8612582904146135,0.18278309284818067
3350,0.3359,11,58,11,188822,416788,14733,93223,3.860721034495535,0.18278625362982368
3351,0.336,5,75,5,188897,416713,14738,93218,3.860026307013969,0.18280512461489887
3352,0.3361,7,70,7,188967,416643,14745,93211,3.8593778946978397,0.1828190030871583
3353,0.3362,8,100,8,189067,416543,14753,93203,3.8584515913890844,0.18284204289979716
3354,0.3363,5,69,5,189136,416474,14758,93198,3.8578124421060433,0.18285877976424053
3355,0.3364,3,67,3,189203,416407,14761,93195,3.857191818889177,0.18287801068284662
3356,0.3365,3,42,3,189245,416365,14764,93192,3.8568027714995,0.18288827353956477
3357,0.3366,8,81,8,189326,416284,14772,93184,3.856052465819408,0.18290452000910754
3358,0.3367,8,96,8,189422,416188,14780,93176,3.8551632146430026,0.18292615889619213
3359,0.3368,2,100,2,189522,416088,14782,93174,3.8542369113342474,0.18295886989408203
3360,0.3369,10,156,10,189678,415932,14792,93164,3.8527918781725887,0.1829988842968713
3361,0.337,11,64,11,189742,415868,14803,93153,3.852199044054985,0.1830042375461916
3362,0.3371,9,75,9,189817,415793,14812,93144,3.851504316573419,0.1830167584592985
3363,0.3372,4,51,4,189868,415742,14816,93140,3.8510319018859533,0.18302867855416383
3364,0.3373,3,83,3,189951,415659,14819,93137,3.8502630701396865,0.1830537189757781
3365,0.3374,11,110,11,190061,415549,14830,93126,3.8492441365000554,0.18307563768614538
3366,0.3375,14,86,14,190147,415463,14844,93112,3.848447515654526,0.18308410755542448
3367,0.3376,5,74,5,190221,415389,14849,93107,3.847762051206047,0.1831027186054561
3368,0.3377,0,44,0,190265,415345,14849,93107,3.8473544777501947,0.18311856379756594
3369,0.3378,20,95,20,190360,415250,14869,93087,3.846474489606877,0.18312064634287883
3370,0.3379,3,35,3,190395,415215,14872,93084,3.8461502834488126,0.18312843424834596
3371,0.338,7,85,7,190480,415130,14879,93077,3.8453629256363704,0.18314781181683842
3372,0.3381,12,46,12,190526,415084,14891,93065,3.844936826114343,0.1831451011415943
3373,0.3382,6,88,6,190614,414996,14897,93059,3.844121679202638,0.1831671767820413
3374,0.3383,2,30,2,190644,414966,14899,93057,3.8438437882100116,0.18317477751991543
3375,0.3384,5,55,5,190699,414911,14904,93052,3.843334321390196,0.1831865706754232
3376,0.3385,10,56,10,190755,414855,14914,93042,3.842815591537293,0.1831906863005688
3377,0.3386,11,47,11,190802,414808,14925,93031,3.842380228982178,0.18318994799532923
3378,0.3387,5,30,5,190832,414778,14930,93026,3.842102337989551,0.18319272790289168
3379,0.3388,12,47,12,190879,414731,14942,93014,3.8416669754344364,0.1831903809983358
3380,0.3389,11,133,11,191012,414598,14953,93003,3.8404349920337917,0.18322067923428048
3381,0.339,11,54,11,191066,414544,14964,92992,3.8399347882470636,0.18322247091831909
3382,0.3391,7,96,7,191162,414448,14971,92985,3.839045537070658,0.18324586694203965
3383,0.3392,12,143,12,191305,414305,14983,92973,3.837720923339138,0.18327820248463367
3384,0.3393,9,42,9,191347,414263,14992,92964,3.837331875949461,0.1832788869677679
3385,0.3394,9,54,9,191401,414209,15001,92955,3.836831672162733,0.18328390816382867
3386,0.3395,5,28,5,191429,414181,15006,92950,3.8365723072362816,0.18328597541858022
3387,0.3396,5,60,5,191489,414121,15011,92945,3.8360165252510283,0.18329960991271355
3388,0.3397,4,100,4,191589,414021,15015,92941,3.8350902219422727,0.18332932251332448
3389,0.3398,10,122,10,191711,413899,15025,92931,3.833960131905591,0.18335733875263896
3390,0.3399,4,74,4,191785,413825,15029,92927,3.833274667457112,0.18337766797171004
3391,0.34,15,106,15,191891,413719,15044,92912,3.8322927859498312,0.1833918571899469
3392,0.3401,2,25,2,191916,413694,15046,92910,3.8320612101226423,0.1833976833976834
3393,0.3402,16,193,16,192109,413501,15062,92894,3.830273444736745,0.18344177963842456
3394,0.3403,4,79,4,192188,413422,15066,92890,3.829541665122828,0.18346395108154656
3395,0.3404,17,104,17,192292,413318,15083,92873,3.8285783096817223,0.1834742221809554
3396,0.3405,10,70,10,192362,413248,15093,92863,3.8279298973655935,0.183483465089674
3397,0.3406,9,88,9,192450,413160,15102,92854,3.8271147504538887,0.1835008517550898
3398,0.3407,6,23,6,192473,413137,15108,92848,3.8269017006928747,0.18349951085506488
3399,0.3408,7,90,7,192563,413047,15115,92841,3.826068027714995,0.18352085837181353
3400,0.3409,4,33,4,192596,413014,15119,92837,3.8257623476231055,0.18352637436715555
3401,0.341,17,185,17,192781,412829,15136,92820,3.824048686501908,0.1835660705350945
3402,0.3411,4,49,4,192830,412780,15140,92816,3.823594797880618,0.18357740171995032
3403,0.3412,7,63,7,192893,412717,15147,92809,3.823011226796102,0.1835889746521445
3404,0.3413,7,90,7,192983,412627,15154,92802,3.8221775538182223,0.18361035872496434
3405,0.3414,8,90,8,193073,412537,15162,92794,3.821343880840342,0.1836301354953486
3406,0.3415,5,35,5,193108,412502,15167,92789,3.8210196746822778,0.1836347767919872
3407,0.3416,32,202,32,193310,412300,15199,92757,3.819148541998592,0.18365649817743343
3408,0.3417,12,151,12,193461,412149,15211,92745,3.8177498240023713,0.18369202248392733
3409,0.3418,11,94,11,193555,412055,15222,92734,3.8168790988921413,0.18370844055635127
3410,0.3419,12,94,12,193649,411961,15234,92722,3.8160083737819113,0.18372324805868237
3411,0.342,24,139,24,193788,411822,15258,92698,3.814720812182741,0.18373503528105922
3412,0.3421,4,37,4,193825,411785,15262,92694,3.8143780799585016,0.18374203881628373
3413,0.3422,10,33,10,193858,411752,15272,92684,3.814072399866612,0.1837378775503731
3414,0.3423,4,43,4,193901,411709,15276,92680,3.8136740894438477,0.18374706823503287
3415,0.3424,12,102,12,194003,411607,15288,92668,3.812729260068917,0.1837648108670864
3416,0.3425,10,64,10,194067,411543,15298,92658,3.8121364259513135,0.18377194809212993
3417,0.3426,10,49,10,194116,411494,15308,92648,3.8116825373300234,0.1837736193374089
3418,0.3427,9,56,9,194172,411438,15317,92639,3.8111638074771204,0.1837794622646937
3419,0.3428,9,32,9,194204,411406,15326,92630,3.8108673904183186,0.18377655564285092
3420,0.3429,19,121,19,194325,411285,15345,92611,3.8097465634147247,0.18378990902884723
3421,0.343,1,37,1,194362,411248,15346,92610,3.809403831190485,0.18380178542367095
3422,0.3431,11,114,11,194476,411134,15357,92599,3.808347845418504,0.18382555838112652
3423,0.3432,4,57,4,194533,411077,15361,92595,3.8078198525325133,0.1838398799218539
3424,0.3433,8,76,8,194609,411001,15369,92587,3.8071158620178593,0.183854658967251
3425,0.3434,16,191,16,194800,410810,15385,92571,3.8053466226981363,0.18389847848846103
3426,0.3435,7,45,7,194845,410765,15392,92564,3.8049297862091964,0.18390357003073537
3427,0.3436,12,75,12,194920,410690,15404,92552,3.8042350587276297,0.1839115177191093
3428,0.3437,11,60,11,194980,410630,15415,92541,3.8036792767423764,0.183915607219017
3429,0.3438,12,123,12,195103,410507,15427,92529,3.802539923672607,0.18394110958261436
3430,0.3439,23,214,23,195317,410293,15450,92506,3.8005576345918706,0.18398206838120204
3431,0.344,10,142,10,195459,410151,15460,92496,3.799242283893438,0.18401780971536685
3432,0.3441,12,60,12,195519,410091,15472,92484,3.798686501908185,0.18402029547828683
3433,0.3442,6,67,6,195586,410024,15478,92478,3.7980658786913186,0.18403508841755853
3434,0.3443,11,100,11,195686,409924,15489,92467,3.7971395753825634,0.18405385446793435
3435,0.3444,10,75,10,195761,409849,15499,92457,3.7964448479009967,0.1840650917966339
3436,0.3445,7,56,7,195817,409793,15506,92450,3.7959261180480937,0.1840742429461436
3437,0.3446,5,94,5,195911,409699,15511,92445,3.7950553929378636,0.18410057672699465
3438,0.3447,7,37,7,195948,409662,15518,92438,3.794712660713624,0.1841027683728341
3439,0.3448,7,90,7,196038,409572,15525,92431,3.793878987735744,0.18412439766296218
3440,0.3449,14,174,14,196212,409398,15539,92417,3.79226721997851,0.18416547931010432
3441,0.345,6,65,6,196277,409333,15545,92411,3.7916651228278186,0.18417958161931183
3442,0.3451,2,28,2,196305,409305,15547,92409,3.791405757901367,0.18418660830672454
3443,0.3452,5,38,5,196343,409267,15552,92404,3.79105376264404,0.18419242890260748
3444,0.3453,5,39,5,196382,409228,15557,92399,3.7906925043536255,0.18419861769801069
3445,0.3454,20,170,20,196552,409058,15577,92379,3.7891177887287415,0.18422852721279043
3446,0.3455,14,76,14,196628,408982,15591,92365,3.788413798214087,0.18423367448094832
3447,0.3456,14,161,14,196789,408821,15605,92351,3.786922449886991,0.18427007095368456
3448,0.3457,8,93,8,196882,408728,15613,92343,3.7860609878098486,0.18429124814647027
3449,0.3458,13,135,13,197017,408593,15626,92330,3.7848104783430285,0.1843197457493467
3450,0.3459,9,142,9,197159,408451,15635,92321,3.783495127644596,0.18435735224812888
3451,0.346,15,113,15,197272,408338,15650,92306,3.7824484049057023,0.184374525611013
3452,0.3461,1,57,1,197329,408281,15651,92305,3.7819204120197116,0.1843938903604975
3453,0.3462,6,67,6,197396,408214,15657,92299,3.7812997888028455,0.18440879657471435
3454,0.3463,11,61,11,197457,408153,15668,92288,3.780734743784505,0.18441334742756887
3455,0.3464,7,72,7,197529,408081,15675,92281,3.7800678054022008,0.18442847378497967
3456,0.3465,8,96,8,197625,407985,15683,92273,3.779178554225796,0.18445082337513843
3457,0.3466,13,85,13,197710,407900,15696,92260,3.7783911964133536,0.18446097248880358
3458,0.3467,3,40,3,197750,407860,15699,92257,3.7780206750898513,0.18447083382488497
3459,0.3468,18,196,18,197946,407664,15717,92239,3.7762051206046907,0.18451379567636123
3460,0.3469,8,49,8,197995,407615,15725,92231,3.7757512319834006,0.18451883180019446
3461,0.347,6,37,6,198032,407578,15731,92225,3.7754084997591613,0.18452270194456616
3462,0.3471,4,42,4,198074,407536,15735,92221,3.775019452369484,0.18453168239764525
3463,0.3472,9,72,9,198146,407464,15744,92212,3.77435251398718,0.1845435842425892
3464,0.3473,20,198,20,198344,407266,15764,92192,3.7725184334358444,0.18458408915264146
3465,0.3474,8,110,8,198454,407156,15772,92184,3.7714994997962132,0.18461168742740416
3466,0.3475,5,136,5,198590,407020,15777,92179,3.770239727296306,0.18465381541229048
3467,0.3476,7,53,7,198643,406967,15784,92172,3.7697487865426655,0.18466198794323826
3468,0.3477,6,68,6,198711,406899,15790,92166,3.7691189002927117,0.18467734663821345
3469,0.3478,6,26,6,198737,406873,15796,92160,3.7688780614324355,0.18467716563834455
3470,0.3479,6,80,6,198817,406793,15802,92154,3.7681370187854313,0.1846969718226585
3471,0.348,3,49,3,198866,406744,15805,92151,3.767683130164141,0.18471020956313453
3472,0.3481,7,69,7,198935,406675,15812,92144,3.7670439808810996,0.18472431884110269
3473,0.3482,4,58,4,198993,406617,15816,92140,3.7665067249620217,0.18473926180484684
3474,0.3483,7,66,7,199059,406551,15823,92133,3.765895364778243,0.1847522679692952
3475,0.3484,18,190,18,199249,406361,15841,92115,3.764135388491608,0.18479324982546802
3476,0.3485,3,22,3,199271,406339,15844,92112,3.7639316017636815,0.18479649955562333
3477,0.3486,16,145,16,199416,406194,15860,92096,3.762588461965986,0.18482409841658473
3478,0.3487,11,116,11,199532,406078,15871,92085,3.76151395012783,0.18484913572465236
3479,0.3488,8,72,8,199604,406006,15879,92077,3.760847011745526,0.18486276383654934
3480,0.3489,4,65,4,199669,405941,15883,92073,3.760244914594835,0.18488034472926465
3481,0.349,17,165,17,199834,405776,15900,92056,3.7587165141353887,0.18491378617686288
3482,0.3491,13,89,13,199923,405687,15913,92043,3.757892104190596,0.1849255620517148
3483,0.3492,10,139,10,200062,405548,15923,92033,3.7566045425914263,0.18496084054656428
3484,0.3493,11,69,11,200131,405479,15934,92022,3.7559653933083847,0.18496847242518105
3485,0.3494,11,93,11,200224,405386,15945,92011,3.7551039312312424,0.18498503207699282
3486,0.3495,10,88,10,200312,405298,15955,92001,3.7542887843195376,0.18500137744093595
3487,0.3496,6,68,6,200380,405230,15961,91995,3.7536588980695837,0.18501684348132133
3488,0.3497,4,51,4,200431,405179,15965,91991,3.7531864833821187,0.18502926564354244
3489,0.3498,8,66,8,200497,405113,15973,91983,3.75257512319834,0.18504071648132353
3490,0.3499,12,98,12,200595,405015,15985,91971,3.75166734595576,0.18505752677137788
3491,0.35,8,54,8,200649,404961,15993,91963,3.751167142169032,0.18506451690801812
3492,0.3501,17,154,17,200803,404807,16010,91946,3.7497406350735485,0.18509400043884988
3493,0.3502,9,68,9,200871,404739,16019,91937,3.7491107488235946,0.1851045752160362
3494,0.3503,15,114,15,200985,404625,16034,91922,3.7480547630516137,0.1851224556789186
3495,0.3504,15,122,15,201107,404503,16049,91907,3.746924673014932,0.18514332910295925
3496,0.3505,11,66,11,201173,404437,16060,91896,3.7463133128311537,0.18514988928803847
3497,0.3506,9,98,9,201271,404339,16069,91887,3.745405535588573,0.18517167580900637
3498,0.3507,5,35,5,201306,404304,16074,91882,3.7450813294305085,0.1851765265444813
3499,0.3508,18,147,18,201453,404157,16092,91864,3.743719663566638,0.1852018362125797
3500,0.3509,6,71,6,201524,404086,16098,91858,3.743061988217422,0.18521849241043345
3501,0.351,8,61,8,201585,404025,16106,91850,3.742496943199081,0.18522813208974037
3502,0.3511,5,79,5,201664,403946,16111,91845,3.7417651635851645,0.18524942969920793
3503,0.3512,10,74,10,201738,403872,16121,91835,3.7410796991366855,0.18526064792306746
3504,0.3513,9,55,9,201793,403817,16130,91826,3.7405702323168697,0.18526641150989726
3505,0.3514,10,71,10,201864,403746,16140,91816,3.7399125569676537,0.18527651434129333
3506,0.3515,10,104,10,201968,403642,16150,91806,3.7389492015265477,0.18529896174775154
3507,0.3516,14,122,14,202090,403520,16164,91792,3.7378191114898662,0.18532157508802533
3508,0.3517,14,108,14,202198,403412,16178,91778,3.7368187039164105,0.18533896080292414
3509,0.3518,11,87,11,202285,403325,16189,91767,3.7360128200377933,0.18535342926163217
3510,0.3519,8,60,8,202345,403265,16197,91759,3.73545703805254,0.18536272988784383
3511,0.352,15,99,15,202444,403166,16212,91744,3.734539997776872,0.18537511870845205
3512,0.3521,6,82,6,202526,403084,16218,91738,3.7337804290636925,0.18539596056763846
3513,0.3522,17,94,17,202620,402990,16235,91721,3.7329097039534624,0.18540319499667482
3514,0.3523,7,67,7,202687,402923,16242,91714,3.7322890807365963,0.18541678038642478
3515,0.3524,6,57,6,202744,402866,16248,91708,3.731761087850606,0.1854282675595563
3516,0.3525,2,34,2,202778,402832,16250,91706,3.731446144725629,0.1854377216715399
3517,0.3526,14,63,14,202841,402769,16264,91692,3.730862573641113,0.18543828532482845
3518,0.3527,23,210,23,203051,402559,16287,91669,3.7289173366927266,0.18547917155644764
3519,0.3528,10,53,10,203104,402506,16297,91659,3.728426395939086,0.1854825817287748
3520,0.3529,23,200,23,203304,402306,16320,91636,3.7265737893215753,0.18551975738042117
3521,0.353,10,72,10,203376,402234,16330,91626,3.7259068509392717,0.1855303122342364
3522,0.3531,9,26,9,203402,402208,16339,91617,3.725666012078995,0.18552523667291043
3523,0.3532,20,125,20,203527,402083,16359,91597,3.724508132943051,0.18553921568627452
3524,0.3533,7,82,7,203609,402001,16366,91590,3.7237485642298713,0.1855584887082625
3525,0.3534,4,39,4,203648,401962,16370,91586,3.7233873059394567,0.18556655077115095
3526,0.3535,14,118,14,203766,401844,16384,91572,3.7222942680351254,0.1855878204192811
3527,0.3536,10,93,10,203859,401751,16394,91562,3.721432805957983,0.1856062986379844
3528,0.3537,12,71,12,203930,401680,16406,91550,3.7207751306087666,0.1856132027654441
3529,0.3538,16,217,16,204147,401463,16422,91534,3.7187650524287674,0.18566847262762248
3530,0.3539,16,106,16,204253,401357,16438,91518,3.7177831709214866,0.18568196804463608
3531,0.354,6,84,6,204337,401273,16444,91512,3.717005076142132,0.18570370445528983
3532,0.3541,9,146,9,204483,401127,16453,91503,3.715652673311349,0.18574386456366848
3533,0.3542,7,56,7,204539,401071,16460,91496,3.715133943458446,0.18575341019597333
3534,0.3543,13,128,13,204667,400943,16473,91483,3.713948275223239,0.18578019844606092
3535,0.3544,13,76,13,204743,400867,16486,91470,3.713244284708585,0.1857873773451924
3536,0.3545,9,149,9,204892,400718,16495,91461,3.7118640927785393,0.1858287330422468
3537,0.3546,4,88,4,204980,400630,16499,91457,3.7110489458668345,0.18585534671714554
3538,0.3547,5,43,5,205023,400587,16504,91452,3.7106506354440696,0.18586331571277886
3539,0.3548,9,85,9,205108,400502,16513,91443,3.709863277631628,0.18588053542570815
3540,0.3549,24,189,24,205297,400313,16537,91419,3.70811256437808,0.18591224488135813
3541,0.355,6,126,6,205423,400187,16543,91413,3.7069454222090483,0.1859499593165175
3542,0.3551,23,116,23,205539,400071,16566,91390,3.705870910370892,0.1859557523384358
3543,0.3552,2,46,2,205585,400025,16568,91388,3.7054448108488645,0.18596984613756656
3544,0.3553,5,22,5,205607,400003,16573,91383,3.705241024120938,0.18596988925203403
3545,0.3554,20,157,20,205764,399846,16593,91363,3.7037867279261922,0.18599618492332184
3546,0.3555,9,95,9,205859,399751,16602,91354,3.7029067397828745,0.18601724682094462
3547,0.3556,10,114,10,205973,399637,16612,91344,3.701850754010893,0.18604385913100507
3548,0.3557,7,144,7,206117,399493,16619,91337,3.7005168772462853,0.1860868325082004
3549,0.3558,9,67,9,206184,399426,16628,91328,3.6998962540294196,0.18609731148396141
3550,0.3559,9,54,9,206238,399372,16637,91319,3.6993960502426915,0.18610286310529436
3551,0.356,9,80,9,206318,399292,16646,91310,3.698655007595687,0.18611827917538046
3552,0.3561,6,81,6,206399,399211,16652,91304,3.6979047019155953,0.18613905792891144
3553,0.3562,11,108,11,206507,399103,16663,91293,3.6969042943421395,0.18616179577321185
3554,0.3563,3,56,3,206563,399047,16666,91290,3.6963855644892365,0.18617807752627274
3555,0.3564,15,154,15,206717,398893,16681,91275,3.694959057393753,0.18621166620424018
3556,0.3565,9,114,9,206831,398779,16690,91266,3.693903071621772,0.1862400391800753
3557,0.3566,7,29,7,206860,398750,16697,91259,3.6936344436622326,0.18623943641851476
3558,0.3567,4,71,4,206931,398679,16701,91255,3.6929767683130166,0.18625978192981096
3559,0.3568,8,58,8,206989,398621,16709,91247,3.692439512393938,0.18626854581234129
3560,0.3569,9,59,9,207048,398562,16718,91238,3.6918929934417726,0.18627603103307472
3561,0.357,8,83,8,207131,398479,16726,91230,3.6911241616955057,0.1862943094776694
3562,0.3571,8,75,8,207206,398404,16734,91222,3.690429434213939,0.18630955055491336
3563,0.3572,13,133,13,207339,398271,16747,91209,3.6891974508132943,0.18633856337337582
3564,0.3573,6,77,6,207416,398194,16753,91203,3.6884841972655527,0.18635790574932007
3565,0.3574,7,81,7,207497,398113,16760,91196,3.6877338915854607,0.18637711548326313
3566,0.3575,17,116,17,207613,397997,16777,91179,3.6866593797473044,0.1863930364531375
3567,0.3576,4,36,4,207649,397961,16781,91175,3.6863259105561523,0.1864001014032907
3568,0.3577,10,64,10,207713,397897,16791,91165,3.685733076438549,0.18640785830835355
3569,0.3578,11,73,11,207786,397824,16802,91154,3.6850568750231574,0.1864173848312194
3570,0.3579,3,87,3,207873,397737,16805,91151,3.6842509911445402,0.18644556626466594
3571,0.358,11,96,11,207969,397641,16816,91140,3.6833617399681353,0.1864638764600097
3572,0.3581,3,46,3,208015,397595,16819,91137,3.6829356404461078,0.18647643289164614
3573,0.3582,15,78,15,208093,397517,16834,91122,3.6822131238652784,0.18648122642687137
3574,0.3583,3,52,3,208145,397465,16837,91119,3.6817314461447257,0.18649607846347813
3575,0.3584,10,50,10,208195,397415,16847,91109,3.681268294490348,0.18649851389082214
3576,0.3585,10,103,10,208298,397312,16857,91099,3.6803142020823296,0.18652118809772916
3577,0.3586,11,84,11,208382,397228,16868,91088,3.679536107302975,0.18653494868077228
3578,0.3587,11,151,11,208533,397077,16879,91077,3.678137389306755,0.18657431876006342
3579,0.3588,16,81,16,208614,396996,16895,91061,3.677387083626663,0.18657861684188526
3580,0.3589,13,101,13,208715,396895,16908,91048,3.6764515172848196,0.1865955654656384
3581,0.359,9,68,9,208783,396827,16917,91039,3.675821631034866,0.1866065681970049
3582,0.3591,4,53,4,208836,396774,16921,91035,3.6753306902812257,0.18662017305953765
3583,0.3592,16,109,16,208945,396665,16937,91019,3.6743210196746823,0.1866351982021145
3584,0.3593,11,82,11,209027,396583,16948,91008,3.6735614509615027,0.1866482359190387
3585,0.3594,15,141,15,209168,396442,16963,90993,3.672255363296158,0.1866771979853724
3586,0.3595,9,97,9,209265,396345,16972,90984,3.671356849086665,0.1866993345358064
3587,0.3596,9,56,9,209321,396289,16981,90975,3.670838119233762,0.18670576935706312
3588,0.3597,7,38,7,209359,396251,16988,90968,3.670486123976435,0.1867086464197825
3589,0.3598,13,107,13,209466,396144,17001,90955,3.6694949794360667,0.18672795468682957
3590,0.3599,18,112,18,209578,396032,17019,90937,3.6684575197302607,0.186740839765981
3591,0.36,7,51,7,209629,395981,17026,90930,3.667985105042795,0.18674870766936874
3592,0.3601,23,90,23,209719,395891,17049,90907,3.6671514320649155,0.18674480996224307
3593,0.3602,3,41,3,209760,395850,17052,90904,3.6667716477083254,0.18675552743274837
3594,0.3603,9,94,9,209854,395756,17061,90895,3.6659009225980954,0.18677656061530748
3595,0.3604,29,263,29,210117,395493,17090,90866,3.6634647448960687,0.18682907070702917
3596,0.3605,9,95,9,210212,395398,17099,90857,3.662584756752751,0.18685052081726666
3597,0.3606,9,138,9,210350,395260,17108,90848,3.6613064581866688,0.18688851037218066
3598,0.3607,9,61,9,210411,395199,17117,90839,3.660741413168328,0.18689690929515798
3599,0.3608,12,84,12,210495,395115,17129,90827,3.6599633183889733,0.18690913730445197
3600,0.3609,10,67,10,210562,395048,17139,90817,3.659342695172107,0.1869181768598273
3601,0.361,8,74,8,210636,394974,17147,90809,3.658657230723628,0.18693326032405416
3602,0.3611,11,98,11,210734,394876,17158,90798,3.6577494534810477,0.18695256488920553
3603,0.3612,12,105,12,210839,394771,17170,90786,3.6567768350068546,0.18697289916528853
3604,0.3613,1,37,1,210876,394734,17171,90785,3.6564341027826153,0.18698547327704992
3605,0.3614,10,90,10,210966,394644,17181,90775,3.655600429804735,0.18700339294506396
3606,0.3615,5,52,5,211018,394592,17186,90770,3.6551187520841824,0.18701505268232782
3607,0.3616,8,54,8,211072,394538,17194,90762,3.6546185482974547,0.18702246033381414
3608,0.3617,18,110,18,211182,394428,17212,90744,3.6535996146578236,0.1870347010956939
3609,0.3618,18,173,18,211355,394255,17230,90726,3.6519971099336765,0.18707124609005302
3610,0.3619,14,91,14,211446,394164,17244,90712,3.651154173922709,0.18708288304638712
3611,0.362,4,27,4,211473,394137,17248,90708,3.6509040720293453,0.1870865946848993
3612,0.3621,8,51,8,211524,394086,17256,90700,3.6504316573418802,0.18709286159253774
3613,0.3622,6,74,6,211598,394012,17262,90694,3.649746192893401,0.18711136235161108
3614,0.3623,14,106,14,211704,393906,17276,90680,3.6487643113861203,0.18712880685781264
3615,0.3624,0,43,0,211747,393863,17276,90680,3.6483660009633554,0.18714541330697174
3616,0.3625,6,61,6,211808,393802,17282,90674,3.647800955945015,0.1871589098324788
3617,0.3626,5,125,5,211933,393677,17287,90669,3.6466430768090703,0.18719882067777993
3618,0.3627,10,89,10,212022,393588,17297,90659,3.6458186668642782,0.18721644119633163
3619,0.3628,6,48,6,212070,393540,17303,90653,3.6453740412760753,0.18722492890231787
3620,0.3629,10,92,10,212162,393448,17313,90643,3.6445218422320202,0.18724372070540457
3621,0.363,15,136,15,212298,393312,17328,90628,3.643262069732113,0.18727114931603092
3622,0.3631,7,84,7,212382,393228,17335,90621,3.6424839749527584,0.18729190305239857
3623,0.3632,21,232,21,212614,392996,17356,90600,3.640334951276446,0.18734646274989866
3624,0.3633,4,63,4,212677,392933,17360,90596,3.63975138019193,0.18736414982348526
3625,0.3634,12,99,12,212776,392834,17372,90584,3.6388343399162624,0.18738234819555746
3626,0.3635,5,45,5,212821,392789,17377,90579,3.638417503427322,0.18739138710051143
3627,0.3636,3,24,3,212845,392765,17380,90576,3.638195190633221,0.18739564820695948
3628,0.3637,13,110,13,212955,392655,17393,90563,3.63717625699359,0.1874164455794279
3629,0.3638,3,61,3,213016,392594,17396,90560,3.636611211975249,0.18743506211270114
3630,0.3639,6,40,6,213056,392554,17402,90554,3.636240690651747,0.18744048949717249
3631,0.364,4,47,4,213103,392507,17406,90550,3.635805328096632,0.1874519984184061
3632,0.3641,16,148,16,213251,392359,17422,90534,3.634434399199674,0.1874825271851114
3633,0.3642,13,95,13,213346,392264,17435,90521,3.6335544110563562,0.18749754031297575
3634,0.3643,10,79,10,213425,392185,17445,90511,3.6328226314424397,0.1875113943351509
3635,0.3644,4,62,4,213487,392123,17449,90507,3.632248323391011,0.18752874873091188
3636,0.3645,11,59,11,213546,392064,17460,90496,3.6317018044388454,0.18753315649867375
3637,0.3646,20,103,20,213649,391961,17480,90476,3.6307477120308276,0.18753951293122212
3638,0.3647,8,75,8,213724,391886,17488,90468,3.630052984549261,0.18755519804956525
3639,0.3648,4,21,4,213745,391865,17492,90464,3.629858460854422,0.18755662628620715
3640,0.3649,15,115,15,213860,391750,17507,90449,3.6287932120493536,0.18757608373306456
3641,0.365,9,101,9,213961,391649,17516,90440,3.6278576457075107,0.187600214898079
3642,0.3651,19,88,19,214049,391561,17535,90421,3.627042498795806,0.18760244158495545
3643,0.3652,4,25,4,214074,391536,17539,90417,3.626810922968617,0.1876054304050395
3644,0.3653,12,80,12,214154,391456,17551,90405,3.6260698803216127,0.18761634579266634
3645,0.3654,16,125,16,214279,391331,17567,90389,3.624912001185668,0.18763804699825626
3646,0.3655,21,143,21,214422,391188,17588,90368,3.623587387454148,0.18765834087831945
3647,0.3656,8,86,8,214508,391102,17596,90360,3.6227907666086185,0.1876783629860716
3648,0.3657,18,121,18,214629,390981,17614,90342,3.6216699396050243,0.18769516520091498
3649,0.3658,7,57,7,214686,390924,17621,90335,3.6211419467190336,0.18770558057096076
3650,0.3659,9,96,9,214782,390828,17630,90326,3.6202526955426286,0.18772783765696638
3651,0.366,31,217,31,214999,390611,17661,90295,3.6182426173626294,0.18776018598229174
3652,0.3661,8,127,8,215126,390484,17669,90287,3.61706621216051,0.18779626890973042
3653,0.3662,20,183,20,215309,390301,17689,90267,3.6153710771054874,0.18783397979058114
3654,0.3663,12,99,12,215408,390202,17701,90255,3.6144540368298195,0.18785239886191687
3655,0.3664,7,50,7,215458,390152,17708,90248,3.6139908851754416,0.1878601165695254
3656,0.3665,7,69,7,215527,390083,17715,90241,3.6133517358924006,0.1878752675277521
3657,0.3666,3,44,3,215571,390039,17718,90238,3.6129441624365484,0.18788740664241677
3658,0.3667,21,171,21,215742,389868,17739,90217,3.6113601837785763,0.1879188060447629
3659,0.3668,9,113,9,215855,389755,17748,90208,3.610313461039683,0.18794782097786705
3660,0.3669,13,63,13,215918,389692,17761,90195,3.609729889955167,0.18795049667942662
3661,0.367,6,40,6,215958,389652,17767,90189,3.6093593686316647,0.18795601042845442
3662,0.3671,11,65,11,216023,389587,17778,90178,3.608757271480974,0.18796285681531583
3663,0.3672,13,113,13,216136,389474,17791,90165,3.60771054874208,0.18798513048355117
3664,0.3673,4,97,4,216233,389377,17795,90161,3.606812034532587,0.18801638243476013
3665,0.3674,14,100,14,216333,389277,17809,90147,3.605885731223832,0.1880318882659191
3666,0.3675,19,86,19,216419,389191,17828,90128,3.6050891103783025,0.1880334391084017
3667,0.3676,13,82,13,216501,389109,17841,90115,3.604329541665123,0.18804358713253091
3668,0.3677,15,79,15,216580,389030,17856,90100,3.603597762051206,0.1880491724584142
3669,0.3678,7,82,7,216662,388948,17863,90093,3.6028381933380267,0.18806949718291335
3670,0.3679,13,130,13,216792,388818,17876,90080,3.6016339990366446,0.18809850949471496
3671,0.368,13,92,13,216884,388726,17889,90067,3.6007817999925895,0.18811260816260889
3672,0.3681,10,103,10,216987,388623,17899,90057,3.5998277075845717,0.18813612434194033
3673,0.3682,15,109,15,217096,388514,17914,90042,3.5988180369780283,0.1881535285316661
3674,0.3683,9,72,9,217168,388442,17923,90033,3.598151098595724,0.18816657087622132
3675,0.3684,11,106,11,217274,388336,17934,90022,3.5971692170884433,0.18818959858516007
3676,0.3685,19,104,19,217378,388232,17953,90003,3.596205861647338,0.18819827072464373
3677,0.3686,23,199,23,217577,388033,17976,89980,3.5943625180629146,0.18823755839276338
3678,0.3687,11,72,11,217649,387961,17987,89969,3.5936955796806105,0.1882472328583684
3679,0.3688,5,90,5,217739,387871,17992,89964,3.5928619067027308,0.18827419506733495
3680,0.3689,9,99,9,217838,387772,18001,89955,3.591944866427063,0.18829791910442575
3681,0.369,15,61,15,217899,387711,18016,89940,3.5913798214087223,0.18829647587883203
3682,0.3691,9,59,9,217958,387652,18025,89931,3.590833302456556,0.18830444132224136
3683,0.3692,17,111,17,218069,387541,18042,89914,3.589805105783838,0.18831931805091578
3684,0.3693,12,69,12,218138,387472,18054,89902,3.5891659565007967,0.1883261342259947
3685,0.3694,5,36,5,218174,387436,18059,89897,3.5888324873096447,0.18833183542725937
3686,0.3695,21,154,21,218328,387282,18080,89876,3.5874059802141613,0.1883568964577771
3687,0.3696,5,27,5,218355,387255,18085,89871,3.5871558783207975,0.1883590498107418
3688,0.3697,12,109,12,218464,387146,18097,89859,3.586146207714254,0.18838167314808021
3689,0.3698,17,147,17,218611,386999,18114,89842,3.5847845418503836,0.18841081198974083
3690,0.3699,14,87,14,218698,386912,18128,89828,3.583978657971766,0.18842136174854218
3691,0.37,5,45,5,218743,386867,18133,89823,3.583561821482826,0.18843063626256057
3692,0.3701,24,111,24,218854,386756,18157,89799,3.582533624810108,0.18843365403783405
3693,0.3702,9,54,9,218908,386702,18166,89790,3.5820334210233797,0.1884396799946274
3694,0.3703,12,94,12,219002,386608,18178,89778,3.5811626959131497,0.18845641979403258
3695,0.3704,20,90,20,219092,386518,18198,89758,3.58032902293527,0.18845795295164988
3696,0.3705,19,137,19,219229,386381,18217,89739,3.579059987402275,0.18847979500966142
3697,0.3706,16,138,16,219367,386243,18233,89723,3.5777816888361924,0.18850716227629705
3698,0.3707,23,150,23,219517,386093,18256,89700,3.5763922338730594,0.18852736379055599
3699,0.3708,11,96,11,219613,385997,18267,89689,3.575502982696654,0.18854664631710835
3700,0.3709,12,95,12,219708,385902,18279,89677,3.5746229945533368,0.18856383482029274
3701,0.371,24,155,24,219863,385747,18303,89653,3.5731872244247658,0.1885843500210349
3702,0.3711,7,52,7,219915,385695,18310,89646,3.572705546704213,0.18859303110819392
3703,0.3712,16,109,16,220024,385586,18326,89630,3.5716958760976696,0.18860896939496988
3704,0.3713,18,129,18,220153,385457,18344,89612,3.5705009448293747,0.18862944119696295
3705,0.3714,9,66,9,220219,385391,18353,89603,3.5698895846455962,0.18864027756140078
3706,0.3715,10,102,10,220321,385289,18363,89593,3.5689447552706657,0.1886637101427302
3707,0.3716,9,54,9,220375,385235,18372,89584,3.568444551483938,0.18866978785600408
3708,0.3717,19,103,19,220478,385132,18391,89565,3.5674904590759198,0.18867825160049462
3709,0.3718,10,77,10,220555,385055,18401,89555,3.566777205528178,0.1886917679779187
3710,0.3719,10,79,10,220634,384976,18411,89545,3.5660454259142615,0.18870608466221728
3711,0.372,8,56,8,220690,384920,18419,89537,3.5655266960613585,0.18871467804247805
3712,0.3721,10,111,10,220801,384809,18429,89527,3.5644984993886397,0.18874173581596168
3713,0.3722,6,68,6,220869,384741,18435,89521,3.5638686131386863,0.18875853431225778
3714,0.3723,8,57,8,220926,384684,18443,89513,3.5633406202526956,0.1887675375424138
3715,0.3724,23,184,23,221110,384500,18466,89490,3.5616362221645854,0.18880145150741576
3716,0.3725,13,59,13,221169,384441,18479,89477,3.56108970321242,0.18880270426529483
3717,0.3726,21,109,21,221278,384332,18500,89456,3.5600800326058764,0.1888101851460991
3718,0.3727,5,65,5,221343,384267,18505,89451,3.5594779354551855,0.1888275303028384
3719,0.3728,13,128,13,221471,384139,18518,89438,3.5582922672199784,0.18885630003146267
3720,0.3729,9,100,9,221571,384039,18527,89429,3.557365963911223,0.18888076913328883
3721,0.373,13,102,13,221673,383937,18540,89416,3.5564211345362926,0.1888991936250536
3722,0.3731,17,129,17,221802,383808,18557,89399,3.555226203267998,0.18892155018839535
3723,0.3732,4,50,4,221852,383758,18561,89395,3.5547630516136204,0.18893465749979393
3724,0.3733,17,162,17,222014,383596,18578,89378,3.5532624402534365,0.18897021823609755
3725,0.3734,12,100,12,222114,383496,18590,89366,3.5523361369446813,0.1889895995026033
3726,0.3735,11,48,11,222162,383448,18601,89355,3.5518915113564784,0.1889899175766651
3727,0.3736,7,63,7,222225,383385,18608,89348,3.5513079402719625,0.18900309477019797
3728,0.3737,20,161,20,222386,383224,18628,89328,3.5498165919448663,0.18903316460410707
3729,0.3738,8,67,8,222453,383157,18636,89320,3.549195968728,0.18904623928783834
3730,0.3739,9,101,9,222554,383056,18645,89311,3.5482604023861573,0.18907120946213432
3731,0.374,5,57,5,222611,382999,18650,89306,3.5477324095001666,0.18908544266946148
3732,0.3741,7,74,7,222685,382925,18657,89299,3.547046945051688,0.18910305278850714
3733,0.3742,4,43,4,222728,382882,18661,89295,3.546648634628923,0.1891134045072081
3734,0.3743,4,59,4,222787,382823,18665,89291,3.5461021156767574,0.18913016771373015
3735,0.3744,19,169,19,222956,382654,18684,89272,3.5445366630849606,0.1891652504841861
3736,0.3745,12,119,12,223075,382535,18696,89260,3.5434343621475417,0.1891923398933859
3737,0.3746,17,76,17,223151,382459,18713,89243,3.5427303716328873,0.1891936010447274
3738,0.3747,6,64,6,223215,382395,18719,89237,3.542137537515284,0.18920895952776742
3739,0.3748,21,181,21,223396,382214,18740,89216,3.5404609285264366,0.18924548713488748
3740,0.3749,9,74,9,223470,382140,18749,89207,3.5397754640779575,0.18925971736321648
3741,0.375,12,79,12,223549,382061,18761,89195,3.539043684464041,0.1892707997351758
3742,0.3751,11,100,11,223649,381961,18772,89184,3.5381173811552853,0.18929204385061923
3743,0.3752,9,89,9,223738,381872,18781,89175,3.5372929712104932,0.18931231915286584
3744,0.3753,5,83,5,223821,381789,18786,89170,3.536524139464226,0.18933707605120614
3745,0.3754,30,169,30,223990,381620,18816,89140,3.5349586868724296,0.18935338601410484
3746,0.3755,6,72,6,224062,381548,18822,89134,3.5342917484901255,0.1893720176254881
3747,0.3756,14,73,14,224135,381475,18836,89120,3.533615547074734,0.18937727770163304
3748,0.3757,13,78,13,224213,381397,18849,89107,3.532893030493905,0.18938627514325065
3749,0.3758,9,91,9,224304,381306,18858,89098,3.5320500944829374,0.18940740299827383
3750,0.3759,10,77,10,224381,381229,18868,89088,3.5313368409351957,0.1894211776312572
3751,0.376,14,109,14,224490,381120,18882,89074,3.5303271703286523,0.189440954159347
3752,0.3761,20,92,20,224582,381028,18902,89054,3.5294749712845976,0.1894435438923422
3753,0.3762,12,94,12,224676,380934,18914,89042,3.528604246174367,0.1894607384206853
3754,0.3763,10,63,10,224739,380871,18924,89032,3.5280206750898513,0.18946889038801626
3755,0.3764,26,194,26,224933,380677,18950,89006,3.526223646670866,0.18950228132591557
3756,0.3765,19,86,19,225019,380591,18969,88987,3.525427025825336,0.18950419312659453
3757,0.3766,19,153,19,225172,380438,18988,88968,3.5240097817629406,0.18953315466781423
3758,0.3767,6,59,6,225231,380379,18994,88962,3.523463262810775,0.1895466196219806
3759,0.3768,19,142,19,225373,380237,19013,88943,3.522147912112342,0.18957116671639881
3760,0.3769,5,51,5,225424,380186,19018,88938,3.521675497424877,0.18958313793368065
3761,0.377,17,133,17,225557,380053,19035,88921,3.5204435140242323,0.18960752621680518
3762,0.3771,5,24,5,225581,380029,19040,88916,3.5202212012301306,0.1896085894934374
3763,0.3772,22,181,22,225762,379848,19062,88894,3.5185445922412835,0.18964376992033996
3764,0.3773,35,151,35,225913,379697,19097,88859,3.5171458742450628,0.18964435414336814
3765,0.3774,8,44,8,225957,379653,19105,88851,3.5167383007892106,0.1896483274422417
3766,0.3775,15,133,15,226090,379520,19120,88836,3.515506317388566,0.18967622919317784
3767,0.3776,6,54,6,226144,379466,19126,88830,3.515006113601838,0.18968771887865793
3768,0.3777,11,82,11,226226,379384,19137,88819,3.514246544888658,0.1897019028071157
3769,0.3778,4,34,4,226260,379350,19141,88815,3.5139316017636815,0.18970875652814712
3770,0.3779,4,33,4,226293,379317,19145,88811,3.513625921671792,0.1897152060974776
3771,0.378,13,133,13,226426,379184,19158,88798,3.5123939382711473,0.1897466141860157
3772,0.3781,10,87,10,226513,379097,19168,88788,3.51158805439253,0.18976457890293555
3773,0.3782,9,79,9,226592,379018,19177,88779,3.5108562747786136,0.18978103750130934
3774,0.3783,18,128,18,226720,378890,19195,88761,3.5096706065434065,0.18980179663894656
3775,0.3784,9,93,9,226813,378797,19204,88752,3.508809144466264,0.1898239542807278
3776,0.3785,4,40,4,226853,378757,19208,88748,3.508438623142762,0.18983326381536025
3777,0.3786,5,50,5,226903,378707,19213,88743,3.507975471488384,0.18984490319820302
3778,0.3787,24,150,24,227053,378557,19237,88719,3.506586016525251,0.1898642344139224
3779,0.3788,15,131,15,227184,378426,19252,88704,3.5053725591907816,0.18989146490270375
3780,0.3789,15,111,15,227295,378315,19267,88689,3.504344362518063,0.18991057892437752
3781,0.379,13,89,13,227384,378226,19280,88676,3.5035199525732708,0.18992422392707678
3782,0.3791,10,89,10,227473,378137,19290,88666,3.5026955426284783,0.18994308091421863
3783,0.3792,4,41,4,227514,378096,19294,88662,3.5023157582718887,0.18995282351882561
3784,0.3793,16,136,16,227650,377960,19310,88646,3.501055985771981,0.18998041173924038
3785,0.3794,5,29,5,227679,377931,19315,88641,3.500787357812442,0.18998353951801653
3786,0.3795,11,65,11,227744,377866,19326,88630,3.500185260661751,0.18999091096172313
3787,0.3796,6,55,6,227799,377811,19332,88624,3.4996757938419356,0.19000289429395306
3788,0.3797,16,152,16,227951,377659,19348,88608,3.498267812812627,0.19003703886399853
3789,0.3798,5,44,5,227995,377615,19353,88603,3.497860239356775,0.19004628735913243
3790,0.3799,5,63,5,228058,377552,19358,88598,3.497276668272259,0.19006328435053094
3791,0.38,10,84,10,228142,377468,19368,88588,3.4964985734929046,0.19008016204061315
3792,0.3801,19,122,19,228264,377346,19387,88569,3.495368483456223,0.19009690608802035
3793,0.3802,11,122,11,228386,377224,19398,88558,3.494238393419541,0.19012757040847436
3794,0.3803,20,144,20,228530,377080,19418,88538,3.4929045166549333,0.19015158348689268
3795,0.3804,14,116,14,228646,376964,19432,88524,3.4918300048167774,0.19017461244973016
3796,0.3805,18,87,18,228733,376877,19450,88506,3.49102412093816,0.19017884194308773
3797,0.3806,21,232,21,228965,376645,19471,88485,3.4888750972618476,0.19023713800442887
3798,0.3807,15,102,15,229067,376543,19486,88470,3.487930267886917,0.1902527456221654
3799,0.3808,19,174,19,229241,376369,19505,88451,3.4863185001296824,0.1902908652811841
3800,0.3809,28,162,28,229403,376207,19533,88423,3.4848178887694985,0.19030841745044444
3801,0.381,8,87,8,229490,376120,19541,88415,3.4840120048908814,0.19033011506129785
3802,0.3811,6,75,6,229565,376045,19547,88409,3.483317277409315,0.1903503899202074
3803,0.3812,16,120,16,229685,375925,19563,88393,3.4822057134388085,0.19037168492283305
3804,0.3813,16,117,16,229802,375808,19579,88377,3.4811219385675645,0.19039176190527485
3805,0.3814,6,64,6,229866,375744,19585,88371,3.480529104449961,0.19040754985294592
3806,0.3815,9,59,9,229925,375685,19594,88362,3.4799825854977953,0.19041605699422687
3807,0.3816,5,29,5,229954,375656,19599,88357,3.4797139575382565,0.19041923394387658
3808,0.3817,9,102,9,230056,375554,19608,88348,3.478769128163326,0.1904453957948015
3809,0.3818,3,29,3,230085,375525,19611,88345,3.4785005002037868,0.19045206631168216
3810,0.3819,3,36,3,230121,375489,19614,88342,3.4781670310126347,0.19046161209578488
3811,0.382,15,135,15,230256,375354,19629,88327,3.476916521545815,0.19049087627053946
3812,0.3821,13,80,13,230336,375274,19642,88314,3.476175478898811,0.19050104834465084
3813,0.3822,13,61,13,230397,375213,19655,88301,3.47561043388047,0.1905034152150744
3814,0.3823,7,55,7,230452,375158,19662,88294,3.4751009670606545,0.19051379646651648
3815,0.3824,10,101,10,230553,375057,19672,88284,3.474165400718811,0.1905378544096033
3816,0.3825,10,103,10,230656,374954,19682,88274,3.4732113083107934,0.1905627466388042
3817,0.3826,9,64,9,230720,374890,19691,88265,3.47261847419319,0.19057335017434768
3818,0.3827,5,70,5,230790,374820,19696,88260,3.471970061877061,0.19059341798393367
3819,0.3828,10,107,10,230897,374713,19706,88250,3.470978917336693,0.19061998475040123
3820,0.3829,3,32,3,230929,374681,19709,88247,3.470682500277891,0.19062791622023295
3821,0.383,4,84,4,231013,374597,19713,88243,3.4699044054985366,0.19065551810560885
3822,0.3831,15,173,15,231186,374424,19728,88228,3.4683019007743896,0.1907005697586955
3823,0.3832,1,58,1,231244,374366,19729,88227,3.467764644855311,0.19072273034827592
3824,0.3833,3,42,3,231286,374324,19732,88224,3.467375597465634,0.19073479941541202
3825,0.3834,10,97,10,231383,374227,19742,88214,3.4664770832561413,0.1907573074186761
3826,0.3835,5,107,5,231490,374120,19747,88209,3.4654859387157733,0.19079270389700842
3827,0.3836,5,83,5,231573,374037,19752,88204,3.464717106969506,0.19081820954869863
3828,0.3837,15,106,15,231679,373931,19767,88189,3.4637352254622256,0.19083571366744567
3829,0.3838,11,101,11,231780,373830,19778,88178,3.4627996591203822,0.19085816695814792
3830,0.3839,11,62,11,231842,373768,19789,88167,3.462225351068954,0.19086451557037246
3831,0.384,9,68,9,231910,373700,19798,88158,3.461595464819,0.1908768495944641
3832,0.3841,18,109,18,232019,373591,19816,88140,3.4605857942124567,0.19089036690194075
3833,0.3842,2,44,2,232063,373547,19818,88138,3.4601782207566045,0.19090505431192265
3834,0.3843,28,133,28,232196,373414,19846,88110,3.45894623735596,0.19091098187743216
3835,0.3844,6,37,6,232233,373377,19852,88104,3.4586035051317205,0.19091576901324214
3836,0.3845,14,68,14,232301,373309,19866,88090,3.4579736188817667,0.19091935613211125
3837,0.3846,14,100,14,232401,373209,19880,88076,3.457047315573011,0.1909361891238605
3838,0.3847,16,98,16,232499,373111,19896,88060,3.4561395383304307,0.1909486936515956
3839,0.3848,14,102,14,232601,373009,19910,88046,3.4551947089555,0.1909663706065437
3840,0.3849,26,137,26,232738,372872,19936,88020,3.4539256734225057,0.190977495812468
3841,0.385,13,59,13,232797,372813,19949,88007,3.4533791544703396,0.1909791241699579
3842,0.3851,11,140,11,232937,372673,19960,87996,3.452082329838082,0.1910178457851516
3843,0.3852,10,54,10,232991,372619,19970,87986,3.4515821260513544,0.19102267669695291
3844,0.3853,9,53,9,233044,372566,19979,87977,3.451091185297714,0.19102885072620798
3845,0.3854,8,97,8,233141,372469,19987,87969,3.450192671088221,0.1910550388977452
3846,0.3855,15,112,15,233253,372357,20002,87954,3.449155211382415,0.19107516439972105
3847,0.3856,18,133,18,233386,372224,20020,87936,3.44792322798177,0.19109874826147427
3848,0.3857,10,153,10,233539,372071,20030,87926,3.4465059839193746,0.19114472485690123
3849,0.3858,10,124,10,233663,371947,20040,87916,3.4453573678165177,0.19117867712775327
3850,0.3859,9,84,9,233747,371863,20049,87907,3.444579273037163,0.1911977727994432
3851,0.386,8,80,8,233827,371783,20057,87899,3.443838230390159,0.19121697173263255
3852,0.3861,9,115,9,233942,371668,20066,87890,3.4427729815850903,0.19124898271817703
3853,0.3862,6,90,6,234032,371578,20072,87884,3.4419393086072105,0.19127588353334987
3854,0.3863,11,56,11,234088,371522,20083,87873,3.4414205787543075,0.19127983543573612
3855,0.3864,5,37,5,234125,371485,20088,87868,3.4410778465300678,0.19128643984038418
3856,0.3865,18,114,18,234239,371371,20106,87850,3.440021860758087,0.19130222703230035
3857,0.3866,8,121,8,234360,371250,20114,87842,3.4389010337544925,0.19133855523511628
3858,0.3867,15,155,15,234515,371095,20129,87827,3.4374652636259215,0.19137674811841665
3859,0.3868,9,87,9,234602,371008,20138,87818,3.4366593797473044,0.1913971745280346
3860,0.3869,8,84,8,234686,370924,20146,87810,3.43588128496795,0.19141812030501337
3861,0.387,9,62,9,234748,370862,20155,87801,3.4353069769165216,0.19142812914928825
3862,0.3871,15,104,15,234852,370758,20170,87786,3.4343436214754157,0.19144509578142993
3863,0.3872,12,77,12,234929,370681,20182,87774,3.433630367927674,0.19145608620257168
3864,0.3873,11,80,11,235009,370601,20193,87763,3.43288932528067,0.1914700980007156
3865,0.3874,11,129,11,235138,370472,20204,87752,3.4316943940123754,0.19150459164076958
3866,0.3875,8,125,8,235263,370347,20212,87744,3.4305365148764313,0.19154272840985742
3867,0.3876,9,58,9,235321,370289,20221,87735,3.429999258957353,0.1915510977590694
3868,0.3877,15,143,15,235464,370146,20236,87720,3.4286746452258328,0.19158443736813827
3869,0.3878,9,65,9,235529,370081,20245,87711,3.428072548075142,0.19159574653991332
3870,0.3879,9,67,9,235596,370014,20254,87702,3.4274519248582758,0.1916078965996382
3871,0.388,13,96,13,235692,369918,20267,87689,3.4265626736818704,0.19162512811211366
3872,0.3881,8,66,8,235758,369852,20275,87681,3.425951313498092,0.19163863590167265
3873,0.3882,24,152,24,235910,369700,20299,87657,3.4245433324687835,0.19165990681240255
3874,0.3883,32,208,32,236118,369492,20331,87625,3.422616621586572,0.19169052999560288
3875,0.3884,1,45,1,236163,369447,20332,87624,3.4221997850976322,0.19170763404372626
3876,0.3885,19,131,19,236294,369316,20351,87605,3.420986327763163,0.19172898597350527
3877,0.3886,17,118,17,236412,369198,20368,87588,3.4198932898588312,0.1917484336209954
3878,0.3887,9,113,9,236525,369085,20377,87579,3.418846567119938,0.1917799519997197
3879,0.3888,11,77,11,236602,369008,20388,87568,3.4181333135721963,0.1917928231006448
3880,0.3889,6,82,6,236684,368926,20394,87562,3.4173737448590167,0.19181665235449782
3881,0.389,17,94,17,236778,368832,20411,87545,3.4165030197487867,0.1918260560895926
3882,0.3891,10,111,10,236889,368721,20421,87535,3.415474823076068,0.19185501122177023
3883,0.3892,11,73,11,236962,368648,20432,87524,3.4147986216606765,0.19186622589724928
3884,0.3893,6,70,6,237032,368578,20438,87518,3.4141502093445477,0.19188504174559742
3885,0.3894,12,103,12,237135,368475,20450,87506,3.41319611693653,0.19190711893697326
3886,0.3895,5,54,5,237189,368421,20455,87501,3.412695913149802,0.19192098648453024
3887,0.3896,32,169,32,237358,368252,20487,87469,3.411130460558005,0.19193541662552308
3888,0.3897,17,104,17,237462,368148,20504,87452,3.4101671051168996,0.19194907813871817
3889,0.3898,11,74,11,237536,368074,20515,87441,3.4094816406684205,0.19196074772510235
3890,0.3899,5,60,5,237596,368014,20520,87436,3.408925858683167,0.19197716544077287
3891,0.39,5,62,5,237658,367952,20525,87431,3.408351550631739,0.1919944310613264
3892,0.3901,7,80,7,237738,367872,20532,87424,3.4076105079847343,0.19201574360416082
3893,0.3902,23,138,23,237876,367734,20555,87401,3.406332209418652,0.1920331330264647
3894,0.3903,5,78,5,237954,367656,20560,87396,3.4056096928378228,0.19205717148809368
3895,0.3904,10,72,10,238026,367584,20570,87386,3.404942754455519,0.19206980680044838
3896,0.3905,11,71,11,238097,367513,20581,87375,3.4042850791063026,0.1920802483248624
3897,0.3906,2,53,2,238150,367460,20583,87373,3.403794138352662,0.19209907812317928
3898,0.3907,5,44,5,238194,367416,20588,87368,3.40338656489681,0.1921087813115677
3899,0.3908,15,120,15,238314,367296,20603,87353,3.4022750009263034,0.19213283214083832
3900,0.3909,15,126,15,238440,367170,20618,87338,3.4011078587572716,0.19215943393735643
3901,0.391,35,205,35,238645,366965,20653,87303,3.399208936974323,0.19218390905808905
3902,0.3911,6,81,6,238726,366884,20659,87297,3.398458631294231,0.19220751198310806
3903,0.3912,14,111,14,238837,366773,20673,87283,3.3974304346215125,0.19222959282555455
3904,0.3913,18,110,18,238947,366663,20691,87265,3.3964115009818814,0.1922441444458152
3905,0.3914,22,155,22,239102,366508,20713,87243,3.3949757308533104,0.19227065064319418
3906,0.3915,16,140,16,239242,366368,20729,87227,3.393678906221053,0.1923015024416054
3907,0.3916,10,57,10,239299,366311,20739,87217,3.3931509133350626,0.19230786191811752
3908,0.3917,4,94,4,239393,366217,20743,87213,3.392280188224832,0.19234060384182786
3909,0.3918,10,103,10,239496,366114,20753,87203,3.3913260958168143,0.19236648967499564
3910,0.3919,9,104,9,239600,366010,20762,87194,3.390362740375709,0.19239459492855315
3911,0.392,30,151,30,239751,365859,20792,87164,3.388964022379488,0.19240524211794985
3912,0.3921,18,115,18,239866,365744,20810,87146,3.387898773574419,0.19242200092737752
3913,0.3922,8,33,8,239899,365711,20818,87138,3.38759309348253,0.1924217564795329
3914,0.3923,15,120,15,240019,365591,20833,87123,3.3864815295120234,0.19244600343704857
3915,0.3924,15,86,15,240105,365505,20848,87108,3.385684908666494,0.1924558066162483
3916,0.3925,10,69,10,240174,365436,20858,87098,3.3850457593834524,0.1924673063239447
3917,0.3926,10,128,10,240302,365308,20868,87088,3.3838600911482457,0.1925039125014368
3918,0.3927,30,264,30,240566,365044,20898,87058,3.3814146504131313,0.19256274026657702
3919,0.3928,12,103,12,240669,364941,20910,87046,3.380460558005113,0.19258518497213414
3920,0.3929,26,154,26,240823,364787,20936,87020,3.3790340509096297,0.19260436425287789
3921,0.393,18,136,18,240959,364651,20954,87002,3.3777742784097224,0.19263018290590342
3922,0.3931,12,101,12,241060,364550,20966,86990,3.3768387120678796,0.19265181379279797
3923,0.3932,18,143,18,241203,364407,20984,86972,3.3755140983363594,0.1926806519576675
3924,0.3933,27,225,27,241428,364182,21011,86945,3.3734299158916596,0.1927284334566541
3925,0.3934,13,130,13,241558,364052,21024,86932,3.3722257215902776,0.19276071878381495
3926,0.3935,8,41,8,241599,364011,21032,86924,3.371845937233688,0.19276392384711766
3927,0.3936,17,105,17,241704,363906,21049,86907,3.370873318759495,0.19277838039275708
3928,0.3937,5,40,5,241744,363866,21054,86902,3.3705027974359925,0.19278653320555142
3929,0.3938,27,242,27,241986,363624,21081,86875,3.3682611434288043,0.19284171551990126
3930,0.3939,5,62,5,242048,363562,21086,86870,3.367686835377376,0.19285929951690822
3931,0.394,11,149,11,242197,363413,21097,86859,3.3663066434473303,0.19290340061118613
3932,0.3941,22,145,22,242342,363268,21119,86837,3.3649635036496353,0.1929260950222726
3933,0.3942,14,114,14,242456,363154,21133,86823,3.363907517877654,0.19294986188182953
3934,0.3943,14,115,14,242571,363039,21147,86809,3.362842269072585,0.19297407124184168
3935,0.3944,7,30,7,242601,363009,21154,86802,3.3625643780799583,0.19297438257401442
3936,0.3945,2,21,2,242622,362988,21156,86800,3.3623698543851197,0.19297980381868793
3937,0.3946,13,113,13,242735,362875,21169,86787,3.3613231316462264,0.19300496817609672
3938,0.3947,13,94,13,242829,362781,21182,86774,3.360452406535996,0.19302198841076176
3939,0.3948,16,167,16,242996,362614,21198,86758,3.3589054800103746,0.19306498847280204
3940,0.3949,24,149,24,243145,362465,21222,86734,3.3575252880803292,0.19308591515119133
3941,0.395,13,52,13,243197,362413,21235,86721,3.357043610359776,0.19308491452439583
3942,0.3951,10,63,10,243260,362350,21245,86711,3.35646003927526,0.19309403399538147
3943,0.3952,16,149,16,243409,362201,21261,86695,3.355079847345215,0.19312936626746507
3944,0.3953,10,59,10,243468,362142,21271,86685,3.354533328393049,0.19313677653082367
3945,0.3954,10,51,10,243519,362091,21281,86675,3.3540609137055837,0.19314074595669012
3946,0.3955,19,160,19,243679,361931,21300,86656,3.352578828411575,0.19317545983276377
3947,0.3956,8,51,8,243730,361880,21308,86648,3.3521064137241097,0.19318303428102593
3948,0.3957,29,167,29,243897,361713,21337,86619,3.3505594871984883,0.19320280506410428
3949,0.3958,15,97,15,243994,361616,21352,86604,3.3496609729889957,0.19321761634911427
3950,0.3959,13,102,13,244096,361514,21365,86591,3.348716143614065,0.1932381919416208
3951,0.396,15,107,15,244203,361407,21380,86576,3.3477249990736966,0.19325733342559873
3952,0.3961,13,124,13,244327,361283,21393,86563,3.34657638297084,0.19328742469509608
3953,0.3962,17,122,17,244449,361161,21410,86546,3.345446292934158,0.19330946355540565
3954,0.3963,7,83,7,244532,361078,21417,86539,3.3446774611878913,0.1933326929048718
3955,0.3964,3,23,3,244555,361055,21420,86536,3.344464411426878,0.19333722081096358
3956,0.3965,6,79,6,244634,360976,21426,86530,3.3437326318129608,0.19336053594812136
3957,0.3966,9,87,9,244721,360889,21435,86521,3.3429267479343436,0.193381909210791
3958,0.3967,7,58,7,244779,360831,21442,86514,3.3423894920152657,0.1933943600576736
3959,0.3968,8,51,8,244830,360780,21450,86506,3.3419170773278,0.19340198441265768
3960,0.3969,2,40,2,244870,360740,21452,86504,3.341546556004298,0.1934156746652834
3961,0.397,10,91,10,244961,360649,21462,86494,3.3407036199933304,0.1934369989019173
3962,0.3971,13,81,13,245042,360568,21475,86481,3.339953314313239,0.19344859288355415
3963,0.3972,21,136,21,245178,360432,21496,86460,3.3386935418133312,0.19346956311592062
3964,0.3973,17,126,17,245304,360306,21513,86443,3.3375263996442994,0.19349343814983358
3965,0.3974,18,136,18,245440,360170,21531,86425,3.336266627144392,0.1935198557977586
3966,0.3975,13,76,13,245516,360094,21544,86412,3.335562636629738,0.19352931427573203
3967,0.3976,14,91,14,245607,360003,21558,86398,3.3347197006187708,0.19354347324490762
3968,0.3977,17,122,17,245729,359881,21575,86381,3.333589610582089,0.19356566322026075
3969,0.3978,6,39,6,245768,359842,21581,86375,3.3332283522916746,0.19357173751784446
3970,0.3979,30,224,30,245992,359618,21611,86345,3.331153432880062,0.19361471691597734
3971,0.398,7,82,7,246074,359536,21618,86338,3.330393864166883,0.19363766445228922
3972,0.3981,22,148,22,246222,359388,21640,86316,3.3290229352699248,0.19366216143449463
3973,0.3982,16,131,16,246353,359257,21656,86300,3.327809477935455,0.19369014514416785
3974,0.3983,20,74,20,246427,359183,21676,86280,3.3271240134869764,0.19368611983486844
3975,0.3984,13,107,13,246534,359076,21689,86267,3.326132868946608,0.1937091185894917
3976,0.3985,15,118,15,246652,358958,21704,86252,3.3250398310422766,0.19373329440039533
3977,0.3986,22,179,22,246831,358779,21726,86230,3.3233817481196044,0.19377136192751157
3978,0.3987,19,130,19,246961,358649,21745,86211,3.3221775538182223,0.1937935530279189
3979,0.3988,13,124,13,247085,358525,21758,86198,3.3210289377153654,0.19382402079496674
3980,0.3989,14,102,14,247187,358423,21772,86184,3.320084108340435,0.1938431018854854
3981,0.399,21,101,21,247288,358322,21793,86163,3.319148541998592,0.19384906127315882
3982,0.3991,10,80,10,247368,358242,21803,86153,3.3184074993515877,0.19386581757220492
3983,0.3992,12,141,12,247509,358101,21815,86141,3.3171014116862425,0.19390557398895197
3984,0.3993,12,87,12,247596,358014,21827,86129,3.3162955278076254,0.19392177744555245
3985,0.3994,11,100,11,247696,357914,21838,86118,3.3153692244988697,0.19394548140674547
3986,0.3995,19,118,19,247814,357796,21857,86099,3.3142761865945385,0.19396253618535916
3987,0.3996,10,59,10,247873,357737,21867,86089,3.313729667642373,0.19397015947691212
3988,0.3997,27,189,27,248062,357548,21894,86062,3.311978954388825,0.19400374202565315
3989,0.3998,10,70,10,248132,357478,21904,86052,3.3113305420726964,0.19401618830744255
3990,0.3999,17,151,17,248283,357327,21921,86035,3.3099318240764757,0.19405136209237597
3991,0.4,8,109,8,248392,357218,21929,86027,3.3089221534699322,0.19408453564055997
3992,0.4001,16,92,16,248484,357126,21945,86011,3.308069954425877,0.19409573111701348
3993,0.4002,12,79,12,248563,357047,21957,85999,3.3073381748119606,0.19410851243437477
3994,0.4003,6,78,6,248641,356969,21963,85993,3.3066156582311312,0.19413177654065134
3995,0.4004,18,156,18,248797,356813,21981,85975,3.3051706250694726,0.19416741194431647
3996,0.4005,14,125,14,248922,356688,21995,85961,3.3040127459335284,0.19419675634645056
3997,0.4006,15,105,15,249027,356583,22010,85946,3.3030401274593353,0.19421552033878006
3998,0.4007,9,55,9,249082,356528,22019,85937,3.30253066063952,0.1942232718972122
3999,0.4008,20,155,20,249237,356373,22039,85917,3.301094890510949,0.19425490063080783
4000,0.4009,7,59,7,249296,356314,22046,85910,3.3005483715587833,0.19426806324396687
4001,0.401,21,177,21,249473,356137,22067,85889,3.298908814702286,0.1943075746675535
4002,0.4011,16,114,16,249587,356023,22083,85873,3.297852828930305,0.1943285297898148
4003,0.4012,15,74,15,249661,355949,22098,85858,3.297167364481826,0.19433372490702955
4004,0.4013,21,97,21,249758,355852,22119,85837,3.296268850272333,0.19433809762072407
4005,0.4014,13,98,13,249856,355754,22132,85824,3.2953610730297527,0.19435750875270055
4006,0.4015,15,104,15,249960,355650,22147,85809,3.294397717588647,0.19437592165976908
4007,0.4016,14,127,14,250087,355523,22161,85795,3.2932213123865277,0.1944063011252657
4008,0.4017,8,78,8,250165,355445,22169,85787,3.292498795805699,0.19442606157305
4009,0.4018,22,101,22,250266,355344,22191,85765,3.2915632294638555,0.19443040155607796
4010,0.4019,4,54,4,250320,355290,22195,85761,3.291063025677128,0.19444690069855866
4011,0.402,5,99,5,250419,355191,22200,85756,3.29014598540146,0.19448142293745052
4012,0.4021,15,152,15,250571,355039,22215,85741,3.2887380043721515,0.19452107627387813
4013,0.4022,19,163,19,250734,354876,22234,85722,3.2872281299788804,0.19455830484931844
4014,0.4023,31,212,31,250946,354664,22265,85691,3.2852643669643187,0.19459526972556232
4015,0.4024,12,74,12,251020,354590,22277,85679,3.2845789025158396,0.1946060249529265
4016,0.4025,13,120,13,251140,354470,22290,85666,3.2834673385453335,0.19463529454532236
4017,0.4026,10,92,10,251232,354378,22300,85656,3.2826151395012784,0.1946576855424808
4018,0.4027,7,116,7,251348,354262,22307,85649,3.281540627663122,0.19469619991316425
4019,0.4028,7,87,7,251435,354175,22314,85642,3.280734743784505,0.19472189569752874
4020,0.4029,14,96,14,251531,354079,22328,85628,3.2798454926080995,0.19473876922587086
4021,0.403,11,77,11,251608,354002,22339,85617,3.279132239060358,0.19475272906766997
4022,0.4031,4,37,4,251645,353965,22343,85613,3.2787895068361186,0.19476179426631907
4023,0.4032,4,62,4,251707,353903,22347,85609,3.27821519878469,0.19478193996978466
4024,0.4033,16,118,16,251825,353785,22363,85593,3.2771221608803587,0.1948049287856925
4025,0.4034,6,53,6,251878,353732,22369,85587,3.2766312201267183,0.19481743334570095
4026,0.4035,6,68,6,251946,353664,22375,85581,3.2760013338767644,0.19483659461120786
4027,0.4036,12,109,12,252055,353555,22387,85569,3.2749916632702214,0.19486295442745102
4028,0.4037,12,104,12,252159,353451,22399,85557,3.2740283078291155,0.19488710911874044
4029,0.4038,24,147,24,252306,353304,22423,85533,3.272666641965245,0.19490836005168205
4030,0.4039,13,105,13,252411,353199,22436,85520,3.271694023491052,0.19493115183067067
4031,0.404,8,71,8,252482,353128,22444,85512,3.2710363481418354,0.1949480211563013
4032,0.4041,18,89,18,252571,353039,22462,85494,3.2702119381970434,0.19495454161944484
4033,0.4042,11,142,11,252713,352897,22473,85483,3.2688965874986105,0.19499749076143985
4034,0.4043,18,111,18,252824,352786,22491,85465,3.267868390825892,0.19501381628336273
4035,0.4044,5,34,5,252858,352752,22496,85460,3.2675534477009154,0.1950197621242686
4036,0.4045,17,130,17,252988,352622,22513,85443,3.2663492533995333,0.19504639722415623
4037,0.4046,9,59,9,253047,352563,22522,85434,3.2658027344473672,0.19505613052144194
4038,0.4047,19,186,19,253233,352377,22541,85415,3.2640798102930826,0.19510406768511074
4039,0.4048,16,131,16,253364,352246,22557,85399,3.262866352958613,0.1951330416204915
4040,0.4049,21,186,21,253550,352060,22578,85378,3.2611434288043277,0.19517737370781688
4041,0.405,12,101,12,253651,351959,22590,85366,3.260207862462485,0.19520036586062997
4042,0.4051,23,125,23,253776,351834,22613,85343,3.2590499833265403,0.19521383787344715
4043,0.4052,9,84,9,253860,351750,22622,85334,3.2582718885471857,0.19523478324532584
4044,0.4053,10,73,10,253933,351677,22632,85324,3.2575956871317944,0.195248981123613
4045,0.4054,16,103,16,254036,351574,22648,85308,3.2566415947237766,0.19526554080964653
4046,0.4055,10,95,10,254131,351479,22658,85298,3.255761606580459,0.19528958713485373
4047,0.4056,8,89,8,254220,351390,22666,85290,3.2549371966356664,0.19531464688101127
4048,0.4057,9,68,9,254288,351322,22675,85281,3.2543073103857125,0.19532847919047738
4049,0.4058,14,69,14,254357,351253,22689,85267,3.2536681611026714,0.19533354714560616
4050,0.4059,20,132,20,254489,351121,22709,85247,3.2524454407351144,0.19535575477578557
4051,0.406,43,246,43,254735,350875,22752,85204,3.250166734595576,0.19538661572788416
4052,0.4061,9,74,9,254809,350801,22761,85195,3.249481270147097,0.19540316883641135
4053,0.4062,16,143,16,254952,350658,22777,85179,3.248156656415577,0.19543774392720215
4054,0.4063,21,152,21,255104,350506,22798,85158,3.2467486753862684,0.1954671489955562
4055,0.4064,12,107,12,255211,350399,22810,85146,3.2457575308459004,0.19549300301920583
4056,0.4065,23,160,23,255371,350239,22833,85123,3.2442754455518914,0.19552234692049375
4057,0.4066,10,99,10,255470,350140,22843,85113,3.2433584052762234,0.1955483362550057
4058,0.4067,21,137,21,255607,350003,22864,85092,3.242089369743229,0.1955710821774555
4059,0.4068,16,146,16,255753,349857,22880,85076,3.2407369669124457,0.19560713949045025
4060,0.4069,18,128,18,255881,349729,22898,85058,3.239551298677239,0.19563142412261636
4061,0.407,15,86,15,255967,349643,22913,85043,3.238754677831709,0.19564237173499952
4062,0.4071,16,77,16,256044,349566,22929,85027,3.2380414242839675,0.19564742184066472
4063,0.4072,12,103,12,256147,349463,22941,85015,3.2370873318759497,0.19567158751421246
4064,0.4073,19,166,19,256313,349297,22960,84996,3.2355496683834155,0.19571119037147733
4065,0.4074,10,69,10,256382,349228,22970,84986,3.2349105191003744,0.19572376754319298
4066,0.4075,12,126,12,256508,349102,22982,84974,3.2337433769313426,0.19575834646467438
4067,0.4076,22,185,22,256693,348917,23004,84952,3.2320297158101448,0.1958010367184565
4068,0.4077,28,150,28,256843,348767,23032,84924,3.2306402608470117,0.1958168373334932
4069,0.4078,4,65,4,256908,348702,23036,84920,3.230038163696321,0.1958387720180249
4070,0.4079,15,123,15,257031,348579,23051,84905,3.2288988106265517,0.19586651410432682
4071,0.408,11,82,11,257113,348497,23062,84894,3.228139241913372,0.19588316324058413
4072,0.4081,15,150,15,257263,348347,23077,84879,3.226749786950239,0.19592314404029307
4073,0.4082,7,41,7,257304,348306,23084,84872,3.2263700025936495,0.19592869443969915
4074,0.4083,17,129,17,257433,348177,23101,84855,3.2251750713253546,0.19595549520589703
4075,0.4084,7,83,7,257516,348094,23108,84848,3.224406239579088,0.19598006199444729
4076,0.4085,9,80,9,257596,348014,23117,84839,3.2236651969320835,0.19599956567241072
4077,0.4086,13,130,13,257726,347884,23130,84826,3.2224610026307015,0.19603429548658455
4078,0.4087,16,80,16,257806,347804,23146,84810,3.221719959983697,0.19604081236390872
4079,0.4088,32,148,32,257954,347656,23178,84778,3.220349031086739,0.19604841432449807
4080,0.4089,5,30,5,257984,347626,23183,84773,3.220071140094112,0.19605271982590153
4081,0.409,20,118,20,258102,347508,23203,84753,3.218978102189781,0.1960690416206875
4082,0.4091,11,82,11,258184,347426,23214,84742,3.2182185334766014,0.19608578145535996
4083,0.4092,9,55,9,258239,347371,23223,84733,3.217709066656786,0.19609399588987836
4084,0.4093,18,120,18,258359,347251,23241,84715,3.2165975026862794,0.1961149720116861
4085,0.4094,12,92,12,258451,347159,23253,84703,3.2157453036422248,0.19613441330795486
4086,0.4095,9,50,9,258501,347109,23262,84694,3.215282151987847,0.1961403695666774
4087,0.4096,10,114,10,258615,346995,23272,84684,3.2142261662158655,0.19617354562070427
4088,0.4097,10,87,10,258702,346908,23282,84674,3.2134202823372484,0.19619446594158235
4089,0.4098,17,111,17,258813,346797,23299,84657,3.21239208566453,0.19621326954901333
4090,0.4099,11,65,11,258878,346732,23310,84646,3.211789988513839,0.1962223386449935
4091,0.41,28,118,28,258996,346614,23338,84618,3.2106969506095075,0.19622384238646481
4092,0.4101,11,59,11,259055,346555,23349,84607,3.210150431657342,0.1962301872614006
4093,0.4102,7,66,7,259121,346489,23356,84600,3.2095390714735634,0.1962471786568435
4094,0.4103,8,128,8,259249,346361,23364,84592,3.2083534032383563,0.19629054676496044
4095,0.4104,15,112,15,259361,346249,23379,84577,3.2073159435325502,0.19631359295864223
4096,0.4105,6,48,6,259409,346201,23385,84571,3.2068713179443478,0.19632427362966953
4097,0.4106,13,137,13,259546,346064,23398,84558,3.205602282411353,0.19636247103027712
4098,0.4107,21,135,21,259681,345929,23419,84537,3.2043517729445328,0.19638484804839407
4099,0.4108,13,104,13,259785,345825,23432,84524,3.2033884175034273,0.19640803162084727
4100,0.4109,12,80,12,259865,345745,23444,84512,3.202647374856423,0.1964221383963538
4101,0.411,15,96,15,259961,345649,23459,84497,3.2017581236800177,0.19643795362504823
4102,0.4111,16,184,16,260145,345465,23475,84481,3.200053725591908,0.19649211761477023
4103,0.4112,24,228,24,260373,345237,23499,84457,3.1979417540479456,0.19655149943913575
4104,0.4113,14,86,14,260459,345151,23513,84443,3.1971451332024157,0.19656466337984235
4105,0.4114,16,95,16,260554,345056,23529,84427,3.196265145059098,0.19657821147752064
4106,0.4115,16,110,16,260664,344946,23545,84411,3.1952462114194673,0.19659863470259015
4107,0.4116,15,106,15,260770,344840,23560,84396,3.1942643299121865,0.196619109301177
4108,0.4117,14,131,14,260901,344709,23574,84382,3.1930508725777167,0.19665292443793975
4109,0.4118,12,51,12,260952,344658,23586,84370,3.1925784578902516,0.19665383145156026
4110,0.4119,16,96,16,261048,344562,23602,84354,3.1916892067138463,0.1966678790252637
4111,0.412,8,106,8,261154,344456,23610,84346,3.190707325206566,0.19670150792207125
4112,0.4121,15,53,15,261207,344403,23625,84331,3.1902163844529254,0.19669771933180014
4113,0.4122,8,80,8,261287,344323,23633,84323,3.1894753418059207,0.19671943748454435
4114,0.4123,15,70,15,261357,344253,23648,84308,3.188826929489792,0.1967234536040377
4115,0.4124,19,177,19,261534,344076,23667,84289,3.187187372633295,0.19676911045486908
4116,0.4125,11,93,11,261627,343983,23678,84278,3.1863259105561523,0.19679120909912412
4117,0.4126,4,42,4,261669,343941,23682,84274,3.185936863166475,0.1968030078348493
4118,0.4127,19,122,19,261791,343819,23701,84255,3.1848067731297935,0.19682344641347058
4119,0.4128,4,28,4,261819,343791,23705,84251,3.184547408203342,0.19682881586386383
4120,0.4129,10,64,10,261883,343727,23715,84241,3.1839545740857385,0.19683948332585613
4121,0.413,15,111,15,261994,343616,23730,84226,3.18292637741302,0.19686239312643453
4122,0.4131,18,117,18,262111,343499,23748,84208,3.181842602541776,0.19688244522535286
4123,0.4132,21,159,21,262270,343340,23769,84187,3.1803697802808553,0.1969162181569819
4124,0.4133,21,173,21,262443,343167,23790,84166,3.1787672755567082,0.19695647188492346
4125,0.4134,20,165,20,262608,343002,23810,84146,3.1772388750972618,0.19699495256913294
4126,0.4135,9,58,9,262666,342944,23819,84137,3.176701619178184,0.19700478363589108
4127,0.4136,20,145,20,262811,342799,23839,84117,3.1753584793804883,0.19703407696127576
4128,0.4137,5,97,5,262908,342702,23844,84112,3.1744599651709957,0.19706944945573482
4129,0.4138,25,227,25,263135,342475,23869,84087,3.1723572566601206,0.19712726403195785
4130,0.4139,14,105,14,263240,342370,23883,84073,3.1713846381859274,0.19714944318466945
4131,0.414,6,38,6,263278,342332,23889,84067,3.1710326429286004,0.19715571565599357
4132,0.4141,10,51,10,263329,342281,23899,84057,3.1705602282411354,0.1971604689237178
4133,0.4142,12,71,12,263400,342210,23911,84045,3.169902552891919,0.1971707076749833
4134,0.4143,13,95,13,263495,342115,23924,84032,3.1690225647486012,0.19719017146665352
4135,0.4144,3,48,3,263543,342067,23927,84029,3.1685779391603988,0.1972067327550599
4136,0.4145,27,206,27,263749,341861,23954,84002,3.1666697543443627,0.19725122868152434
4137,0.4146,5,47,5,263796,341814,23959,83997,3.1662343917892475,0.19726357468454314
4138,0.4147,19,105,19,263901,341709,23978,83978,3.1652617733150543,0.19727640261506693
4139,0.4148,13,116,13,264017,341593,23991,83965,3.164187261476898,0.19730565516333848
4140,0.4149,20,111,20,264128,341482,24011,83945,3.1631590648041796,0.19731939909784757
4141,0.415,10,86,10,264214,341396,24021,83935,3.1623624439586497,0.19734042428132442
4142,0.4151,15,135,15,264349,341261,24036,83920,3.16111193449183,0.19737476510003973
4143,0.4152,13,77,13,264426,341184,24049,83907,3.1603986809440885,0.19738597147434314
4144,0.4153,15,87,15,264513,341097,24064,83892,3.159592797065471,0.19739805030247842
4145,0.4154,10,108,10,264621,340989,24074,83882,3.158592389492015,0.19742933737534452
4146,0.4155,18,170,18,264791,340819,24092,83864,3.157017673867131,0.19747435145744002
4147,0.4156,20,145,20,264936,340674,24112,83844,3.1556745340694357,0.19750399276355773
4148,0.4157,15,113,15,265049,340561,24127,83829,3.154627811330542,0.19752821697023965
4149,0.4158,12,90,12,265139,340471,24139,83817,3.153794138352662,0.19754742061995625
4150,0.4159,17,145,17,265284,340326,24156,83800,3.1524509985549667,0.19758279379241075
4151,0.416,17,144,17,265428,340182,24173,83783,3.151117121790359,0.19761772787848053
4152,0.4161,19,108,19,265536,340074,24192,83764,3.150116714216903,0.19763211415682408
4153,0.4162,26,182,26,265718,339892,24218,83738,3.1484308421949683,0.19766777612539244
4154,0.4163,8,57,8,265775,339835,24226,83730,3.1479028493089776,0.19767922278752967
4155,0.4164,15,155,15,265930,339680,24241,83715,3.146467079180407,0.19772316631041933
4156,0.4165,12,85,12,266015,339595,24253,83703,3.145679721367965,0.19774012634125368
4157,0.4166,15,164,15,266179,339431,24268,83688,3.144160583941606,0.19778832905163796
4158,0.4167,5,78,5,266257,339353,24273,83683,3.1434380673607767,0.19781531595419774
4159,0.4168,23,197,23,266454,339156,24296,83660,3.1416132498425284,0.19786384621206388
4160,0.4169,9,76,9,266530,339080,24305,83651,3.1409092593278745,0.19788234125247497
4161,0.417,26,176,26,266706,338904,24331,83625,3.139278965504465,0.19791540935651755
4162,0.4171,15,138,15,266844,338766,24346,83610,3.138000666938382,0.1979515881584181
4163,0.4172,6,53,6,266897,338713,24352,83604,3.1375097261847418,0.19796503574329236
4164,0.4173,1,50,1,266947,338663,24353,83603,3.1370465745303644,0.19798657718120805
4165,0.4174,15,113,15,267060,338550,24368,83588,3.1359998517914707,0.1980110769464014
4166,0.4175,31,198,31,267258,338352,24399,83557,3.1341657712401347,0.1980450760709063
4167,0.4176,12,69,12,267327,338283,24411,83545,3.1335266219570936,0.19805465734849276
4168,0.4177,21,137,21,267464,338146,24432,83524,3.1322575864240987,0.1980790665686437
4169,0.4178,14,73,14,267537,338073,24446,83510,3.1315813850087073,0.19808673499643012
4170,0.4179,21,197,21,267734,337876,24467,83489,3.129756567490459,0.1981393803472049
4171,0.418,12,61,12,267795,337815,24479,83477,3.129191522472118,0.19814522943706503
4172,0.4181,33,218,33,268013,337597,24512,83444,3.1271721812590316,0.1981849748599305
4173,0.4182,9,79,9,268092,337518,24521,83435,3.1264404016451146,0.1982050252641031
4174,0.4183,7,86,7,268178,337432,24528,83428,3.125643780799585,0.1982321912274866
4175,0.4184,9,93,9,268271,337339,24537,83419,3.1247823187224424,0.19825885663493029
4176,0.4185,22,83,22,268354,337256,24559,83397,3.1240134869761755,0.1982560447684909
4177,0.4186,29,177,29,268531,337079,24588,83368,3.1223739301196782,0.19828420704631022
4178,0.4187,17,116,17,268647,336963,24605,83351,3.121299418281522,0.19830650418496648
4179,0.4188,8,56,8,268703,336907,24613,83343,3.120780688428619,0.19831766805472933
4180,0.4189,3,65,3,268768,336842,24616,83340,3.120178591277928,0.1983426229586227
4181,0.419,14,113,14,268881,336729,24630,83326,3.1191318685390343,0.19836926116818035
4182,0.4191,22,101,22,268982,336628,24652,83304,3.1181963021971915,0.19837497499595172
4183,0.4192,32,228,32,269210,336400,24684,83272,3.116084330653229,0.19842162450675765
4184,0.4193,10,116,10,269326,336284,24694,83262,3.1150098188150728,0.1984573801204159
4185,0.4194,4,51,4,269377,336233,24698,83258,3.1145374041276077,0.19847386475514373
4186,0.4195,17,129,17,269506,336104,24715,83241,3.113342472859313,0.198502426403081
4187,0.4196,18,133,18,269639,335971,24733,83223,3.112110489458668,0.19853099042448127
4188,0.4197,5,34,5,269673,335937,24738,83218,3.1117955463336915,0.19853753384786058
4189,0.4198,12,121,12,269794,335816,24750,83206,3.1106747193300976,0.19857191269193503
4190,0.4199,15,142,15,269936,335674,24765,83191,3.1093593686316647,0.1986105308392919
4191,0.42,32,207,32,270143,335467,24797,83159,3.107441920782541,0.19864748008962654
4192,0.4201,22,154,22,270297,335313,24819,83137,3.1060154136870577,0.19867845620743219
4193,0.4202,23,178,23,270475,335135,24842,83114,3.104366593797473,0.19871894493471592
4194,0.4203,14,120,14,270595,335015,24856,83100,3.1032550298269665,0.1987491479616852
4195,0.4204,13,104,13,270699,334911,24869,83087,3.102291674385861,0.1987736783429586
4196,0.4205,21,127,21,270826,334784,24890,83066,3.1011152691837416,0.19879382553547925
4197,0.4206,2,41,2,270867,334743,24892,83064,3.100735484827152,0.19880949816542087
4198,0.4207,10,116,10,270983,334627,24902,83054,3.0996609729889957,0.19884553044069517
4199,0.4208,20,82,20,271065,334545,24922,83034,3.098901404275816,0.1988462063465835
4200,0.4209,34,168,34,271233,334377,24956,83000,3.097345214717107,0.1988609817982304
4201,0.421,28,159,28,271392,334218,24984,82972,3.0958723924561857,0.19888300294829694
4202,0.4211,9,46,9,271438,334172,24993,82963,3.095446292934158,0.19888765028108407
4203,0.4212,12,99,12,271537,334073,25005,82951,3.0945292526584907,0.19891181322897483
4204,0.4213,20,133,20,271670,333940,25025,82931,3.093297269257846,0.1989368413729907
4205,0.4214,10,128,10,271798,333812,25035,82921,3.092111601022639,0.1989787225873641
4206,0.4215,6,24,6,271822,333788,25041,82915,3.0918892882285376,0.19897864906180182
4207,0.4216,20,127,20,271949,333661,25061,82895,3.090712883026418,0.19900085462698894
4208,0.4217,15,125,15,272074,333536,25076,82880,3.089555003890474,0.19903173749327596
4209,0.4218,25,146,25,272220,333390,25101,82855,3.088202601059691,0.19905344208338838
4210,0.4219,18,161,18,272381,333229,25119,82837,3.0867112527325946,0.19909581652910835
4211,0.422,12,85,12,272466,333144,25131,82825,3.085923894920153,0.19911339546937393
4212,0.4221,15,92,15,272558,333052,25146,82810,3.0850716958760978,0.19912855706941246
4213,0.4222,12,86,12,272644,332966,25158,82798,3.084275075030568,0.1991466312619659
4214,0.4223,20,86,20,272730,332880,25178,82778,3.0834784541850384,0.19914930062695774
4215,0.4224,25,156,25,272886,332724,25203,82753,3.0820334210233797,0.1991758869925411
4216,0.4225,11,110,11,272996,332614,25214,82742,3.081014487383749,0.19920742688200002
4217,0.4226,8,37,8,273033,332577,25222,82734,3.0806717551595093,0.199209748838822
4218,0.4227,6,31,6,273064,332546,25228,82728,3.080384601133795,0.19921304969730827
4219,0.4228,6,59,6,273123,332487,25234,82722,3.0798380821816296,0.1992297854815286
4220,0.4229,15,129,15,273252,332358,25249,82707,3.078643150913335,0.1992627660727838
4221,0.423,21,129,21,273381,332229,25270,82686,3.077448219645041,0.19928419073786197
4222,0.4231,6,75,6,273456,332154,25276,82680,3.076753492163474,0.1993086391182979
4223,0.4232,28,154,28,273610,332000,25304,82652,3.0753269850679907,0.19932859361585137
4224,0.4233,4,47,4,273657,331953,25308,82648,3.0748916225128755,0.19934346516289156
4225,0.4234,11,92,11,273749,331861,25319,82637,3.0740394234688204,0.19936646256435495
4226,0.4235,19,147,19,273896,331714,25338,82618,3.07267775760495,0.19940048077387215
4227,0.4236,10,102,10,273998,331612,25348,82608,3.0717329282300194,0.1994302544541548
4228,0.4237,23,115,23,274113,331497,25371,82585,3.070667679424951,0.1994411734873769
4229,0.4238,6,70,6,274183,331427,25377,82579,3.070019267108822,0.19946329280251976
4230,0.4239,19,109,19,274292,331318,25396,82560,3.0690095965022786,0.19947907354341135
4231,0.424,7,53,7,274345,331265,25403,82553,3.068518655748638,0.1994910806199827
4232,0.4241,15,130,15,274475,331135,25418,82538,3.0673144614472565,0.199524745390683
4233,0.4242,9,106,9,274581,331029,25427,82529,3.0663325799399757,0.19955846580165298
4234,0.4243,13,81,13,274662,330948,25440,82516,3.0655822742598837,0.19957239324342627
4235,0.4244,9,40,9,274702,330908,25449,82507,3.0652117529363814,0.19957427766288113
4236,0.4245,14,128,14,274830,330780,25463,82493,3.0640260847011747,0.19960897518105467
4237,0.4246,26,202,26,275032,330578,25489,82467,3.0621549520174884,0.1996562117929039
4238,0.4247,11,80,11,275112,330498,25500,82456,3.061413909370484,0.19967357139051808
4239,0.4248,15,114,15,275226,330384,25515,82441,3.0603579235985032,0.1996996305940774
4240,0.4249,12,90,12,275316,330294,25527,82429,3.059524250620623,0.19971990899465258
4241,0.425,14,85,14,275401,330209,25541,82415,3.0587368928081813,0.19973389817363993
4242,0.4251,38,173,38,275574,330036,25579,82377,3.0571343880840343,0.19974394599588277
4243,0.4252,16,151,16,275725,329885,25595,82361,3.0557356700878135,0.19978605007689584
4244,0.4253,19,109,19,275834,329776,25614,82342,3.05472599948127,0.19980199845675267
4245,0.4254,12,83,12,275917,329693,25626,82330,3.0539571677350033,0.19981894214643356
4246,0.4255,10,87,10,276004,329606,25636,82320,3.053151283856386,0.1998417191437297
4247,0.4256,11,96,11,276100,329510,25647,82309,3.0522620326799808,0.19986693183170276
4248,0.4257,8,53,8,276153,329457,25655,82301,3.0517710919263403,0.19987711228440005
4249,0.4258,3,96,3,276249,329361,25658,82298,3.050881840749935,0.19991789320772776
4250,0.4259,8,62,8,276311,329299,25666,82290,3.0503075326985067,0.1999324568926769
4251,0.426,36,265,36,276576,329034,25702,82254,3.047852828930305,0.19999124700939488
4252,0.4261,23,119,23,276695,328915,25725,82231,3.046750527992886,0.20000437800683943
4253,0.4262,20,149,20,276844,328766,25745,82211,3.0453703360628404,0.20003795832856827
4254,0.4263,6,36,6,276880,328730,25751,82205,3.0450368668716883,0.2000438025478482
4255,0.4264,4,53,4,276933,328677,25755,82201,3.0445459261180483,0.200061818836735
4256,0.4265,12,86,12,277019,328591,25767,82189,3.0437493052725184,0.20008033497249136
4257,0.4266,8,42,8,277061,328549,25775,82181,3.043360257882841,0.2000852141309376
4258,0.4267,8,39,8,277100,328510,25783,82173,3.0429989995924265,0.20008863283846665
4259,0.4268,15,117,15,277217,328393,25798,82158,3.041915224721183,0.2001164288967753
4260,0.4269,20,118,20,277335,328275,25818,82138,3.0408221868168512,0.2001349859775397
4261,0.427,12,131,12,277466,328144,25830,82126,3.039608729482382,0.20017549418675507
4262,0.4271,25,146,25,277612,327998,25855,82101,3.0382563266515987,0.20019800097049736
4263,0.4272,17,95,17,277707,327903,25872,82084,3.037376338508281,0.20021122620961151
4264,0.4273,11,62,11,277769,327841,25883,82073,3.036802030456853,0.20022004615602296
4265,0.4274,19,86,19,277855,327755,25902,82054,3.036005409611323,0.20022498285786794
4266,0.4275,10,81,10,277936,327674,25912,82044,3.0352551039312314,0.20024504659302253
4267,0.4276,17,108,17,278044,327566,25929,82027,3.0342546963577752,0.20026465296037774
4268,0.4277,14,84,14,278128,327482,25943,82013,3.0334766015784207,0.20027839167755407
4269,0.4278,11,59,11,278187,327423,25954,82002,3.032930082626255,0.2002857666239238
4270,0.4279,11,123,11,278310,327300,25965,81991,3.031790729556486,0.20032446352350772
4271,0.428,23,160,23,278470,327140,25988,81968,3.0303086442624774,0.20035785171641718
4272,0.4281,16,103,16,278573,327037,26004,81952,3.029354551854459,0.20037702725501175
4273,0.4282,1,35,1,278608,327002,26005,81951,3.0290303456963947,0.20039222111098343
4274,0.4283,14,94,14,278702,326908,26019,81937,3.0281596205861647,0.2004109136714403
4275,0.4284,8,41,8,278743,326867,26027,81929,3.027779836229575,0.2004153660994726
4276,0.4285,15,98,15,278841,326769,26042,81914,3.026872058986995,0.20043407726771115
4277,0.4286,24,149,24,278990,326620,26066,81890,3.025491867056949,0.20046020905240997
4278,0.4287,10,101,10,279091,326519,26076,81880,3.024556300715106,0.20049020688101588
4279,0.4288,16,116,16,279207,326403,26092,81864,3.02348178887695,0.2005158388995437
4280,0.4289,12,75,12,279282,326328,26104,81852,3.022787061395383,0.20052917830368955
4281,0.429,17,195,17,279477,326133,26121,81835,3.02098076994331,0.20059171307553533
4282,0.4291,7,69,7,279546,326064,26128,81828,3.020341620660269,0.20061192668647584
4283,0.4292,22,193,22,279739,325871,26150,81806,3.018553855274371,0.200663760771395
4284,0.4293,6,79,6,279818,325792,26156,81800,3.017822075660454,0.20069088696539678
4285,0.4294,18,163,18,279981,325629,26174,81782,3.016312201267183,0.20073586623827044
4286,0.4295,13,52,13,280033,325577,26187,81769,3.0158305235466303,0.20073598366008258
4287,0.4296,21,120,21,280153,325457,26208,81748,3.0147189595761237,0.2007539200157169
4288,0.4297,22,127,22,280280,325330,26230,81726,3.013542554374004,0.20077335796548879
4289,0.4298,11,60,11,280340,325270,26241,81715,3.012986772388751,0.20078135557821541
4290,0.4299,15,144,15,280484,325126,26256,81700,3.011652895624143,0.20082295625156701
4291,0.43,25,177,25,280661,324949,26281,81675,3.010013338767646,0.2008612379003699
4292,0.4301,22,130,22,280791,324819,26303,81653,3.008809144466264,0.20088222558995453
4293,0.4302,9,96,9,280887,324723,26312,81644,3.0079198932898588,0.2009119835025974
4294,0.4303,9,42,9,280929,324681,26321,81635,3.0075308459001815,0.20091505133935164
4295,0.4304,9,112,9,281041,324569,26330,81626,3.0064933861943755,0.2009527443715457
4296,0.4305,13,101,13,281142,324468,26343,81613,3.0055578198525326,0.20097714495383925
4297,0.4306,11,87,11,281229,324381,26354,81602,3.0047519359739154,0.20099856397927993
4298,0.4307,23,168,23,281397,324213,26377,81579,3.0031957464152064,0.20103649160160872
4299,0.4308,11,64,11,281461,324149,26388,81568,3.002602912297603,0.2010465422942593
4300,0.4309,16,102,16,281563,324047,26404,81552,3.001658082922672,0.20106558448122408
4301,0.431,11,95,11,281658,323952,26415,81541,3.0007780947793545,0.20109101760079706
4302,0.4311,19,145,19,281803,323807,26434,81522,2.999434954981659,0.20112550545359448
4303,0.4312,25,134,25,281937,323673,26459,81497,2.998193708547927,0.20114273021200976
4304,0.4313,19,131,19,282068,323542,26478,81478,2.9969802512134573,0.20117031257715667
4305,0.4314,14,138,14,282206,323404,26492,81464,2.9957019526473747,0.20121125897823489
4306,0.4315,15,92,15,282298,323312,26507,81449,2.99484975360332,0.20122739097887396
4307,0.4316,11,88,11,282386,323224,26518,81438,2.9940346066916153,0.2012494378024129
4308,0.4317,13,118,13,282504,323106,26531,81425,2.9929415687872836,0.2012824727894772
4309,0.4318,4,88,4,282592,323018,26535,81421,2.9921264218755788,0.20131836939563197
4310,0.4319,25,185,25,282777,322833,26560,81396,2.9904127607543813,0.2013611096680347
4311,0.432,43,264,43,283041,322569,26603,81353,2.987967320019267,0.20140769752575993
4312,0.4321,9,71,9,283112,322498,26612,81344,2.987309644670051,0.2014253098984256
4313,0.4322,16,137,16,283249,322361,26628,81328,2.986040609137056,0.201462016552346
4314,0.4323,7,115,7,283364,322246,26635,81321,2.9849753603319873,0.2015055740434674
4315,0.4324,4,49,4,283413,322197,26639,81317,2.984521471710697,0.20152212810460107
4316,0.4325,31,178,31,283591,322019,26670,81286,2.982872651821112,0.20154969563977634
4317,0.4326,24,206,24,283797,321813,26694,81262,2.980964467005076,0.2016051603299634
4318,0.4327,9,83,9,283880,321730,26703,81253,2.9801956352588093,0.20162885283002013
4319,0.4328,9,48,9,283928,321682,26712,81244,2.9797510096706064,0.20163503968470636
4320,0.4329,18,108,18,284036,321574,26730,81226,2.9787506020971506,0.20165342601787486
4321,0.433,3,64,3,284100,321510,26733,81223,2.978157767979547,0.2016795246478436
4322,0.4331,18,123,18,284223,321387,26751,81205,2.9770184149097783,0.20170544869247278
4323,0.4332,22,155,22,284378,321232,26773,81183,2.9755826447812073,0.20173949778214031
4324,0.4333,12,129,12,284507,321103,26785,81171,2.974387713512913,0.2017803785479549
4325,0.4334,27,138,27,284645,320965,26812,81144,2.9731094149468302,0.20179603042956015
4326,0.4335,11,81,11,284726,320884,26823,81133,2.9723591092667383,0.20181484862580437
4327,0.4336,11,64,11,284790,320820,26834,81122,2.9717662751491347,0.20182513895039583
4328,0.4337,5,39,5,284829,320781,26839,81117,2.97140501685872,0.2018347939029306
4329,0.4338,22,143,22,284972,320638,26861,81095,2.9700804031272,0.20186292886071097
4330,0.4339,8,65,8,285037,320573,26869,81087,2.969478305976509,0.2018796992481203
4331,0.434,6,63,6,285100,320510,26875,81081,2.968894734891993,0.20189944495768083
4332,0.4341,14,140,14,285240,320370,26889,81067,2.9675979102597356,0.2019420232813617
4333,0.4342,7,77,7,285317,320293,26896,81060,2.966884656711994,0.20196684713955046
4334,0.4343,29,155,29,285472,320138,26925,81031,2.965448886583423,0.20198719243012297
4335,0.4344,17,62,17,285534,320076,26942,81014,2.9648745785319943,0.20198459198683588
4336,0.4345,28,192,28,285726,319884,26970,80986,2.963096076179184,0.2020255943323272
4337,0.4346,4,59,4,285785,319825,26974,80982,2.9625495572270184,0.2020473694321706
4338,0.4347,24,132,24,285917,319693,26998,80958,2.9613268368594614,0.20206613736144424
4339,0.4348,15,112,15,286029,319581,27013,80943,2.9602893771536554,0.20209275848638283
4340,0.4349,18,174,18,286203,319407,27031,80925,2.9586776093964207,0.20214471988249752
4341,0.435,12,64,12,286267,319343,27043,80913,2.958084775278817,0.20215312200191876
4342,0.4351,21,134,21,286401,319209,27064,80892,2.956843528845085,0.20217894981517168
4343,0.4352,27,182,27,286583,319027,27091,80865,2.9551576568231503,0.20221709861662648
4344,0.4353,16,126,16,286709,318901,27107,80849,2.9539905146541185,0.20224890556597874
4345,0.4354,8,51,8,286760,318850,27115,80841,2.953518099966653,0.20225874488042012
4346,0.4355,18,135,18,286895,318715,27133,80823,2.9522675904998334,0.2022911462739464
4347,0.4356,4,59,4,286954,318656,27137,80819,2.9517210715476674,0.20231303585956567
4348,0.4357,15,99,15,287053,318557,27152,80804,2.950804031272,0.20233322733066073
4349,0.4358,18,149,18,287202,318408,27170,80786,2.949423839341954,0.20237278115402535
4350,0.4359,29,162,29,287364,318246,27199,80757,2.94792322798177,0.20239697445883867
4351,0.436,31,170,31,287534,318076,27230,80726,2.946348512356886,0.20242125164868782
4352,0.4361,14,74,14,287608,318002,27244,80712,2.945663047908407,0.2024308150704515
4353,0.4362,23,204,23,287812,317798,27267,80689,2.943773389158546,0.20248841241997856
4354,0.4363,19,140,19,287952,317658,27286,80670,2.9424765645262885,0.20252154003735615
4355,0.4364,28,228,28,288180,317430,27314,80642,2.940364592982326,0.20258144255310598
4356,0.4365,7,85,7,288265,317345,27321,80635,2.939577235169884,0.20261068395396753
4357,0.4366,27,189,27,288454,317156,27348,80608,2.937826521916336,0.20265282931587575
4358,0.4367,14,93,14,288547,317063,27362,80594,2.936965059839194,0.20267215213110795
4359,0.4368,19,84,19,288631,316979,27381,80575,2.9361869650598393,0.20267686905426685
4360,0.4369,10,65,10,288696,316914,27391,80565,2.935584867909148,0.20268995343150203
4361,0.437,26,142,26,288838,316772,27417,80539,2.9342695172107156,0.20271021945025433
4362,0.4371,14,60,14,288898,316712,27431,80525,2.9337137352254623,0.20271273823938857
4363,0.4372,16,145,16,289043,316567,27447,80509,2.932370595427767,0.2027546363920257
4364,0.4373,10,70,10,289113,316497,27457,80499,2.931722183111638,0.2027703049904785
4365,0.4374,14,118,14,289231,316379,27471,80485,2.9306291452073068,0.20280247137558458
4366,0.4375,19,104,19,289335,316275,27490,80466,2.929665789766201,0.20281745521637543
4367,0.4376,4,60,4,289395,316215,27494,80462,2.929110007780948,0.20284009408158274
4368,0.4377,15,54,15,289449,316161,27509,80447,2.92860980399422,0.2028375625302566
4369,0.4378,13,46,13,289495,316115,27522,80434,2.9281837044721923,0.20283495860536782
4370,0.4379,21,133,21,289628,315982,27543,80413,2.9269517210715477,0.20286078280503034
4371,0.438,10,82,10,289710,315900,27553,80403,2.926192152358368,0.2028826428263223
4372,0.4381,23,182,23,289892,315718,27576,80380,2.9245062803364332,0.20292957803371892
4373,0.4382,25,196,25,290088,315522,27601,80355,2.9226907258512727,0.2029797133958275
4374,0.4383,28,187,28,290275,315335,27629,80327,2.9209585386639003,0.20301924369790378
4375,0.4384,15,83,15,290358,315252,27644,80312,2.920189706917633,0.20303162067326652
4376,0.4385,28,166,28,290524,315086,27672,80284,2.9186520434250993,0.20306042441257557
4377,0.4386,23,142,23,290666,314944,27695,80261,2.9173366927266664,0.20308700547816955
4378,0.4387,25,217,25,290883,314727,27720,80236,2.915326614546667,0.20314814299060924
4379,0.4388,27,139,27,291022,314588,27747,80209,2.9140390529474973,0.20316517096127884
4380,0.4389,21,140,21,291162,314448,27768,80188,2.9127422283152393,0.20319484284251818
4381,0.439,18,172,18,291334,314276,27786,80170,2.9111489866241804,0.20324708578614056
4382,0.4391,17,124,17,291458,314152,27803,80153,2.9100003705213235,0.20327665132321426
4383,0.4392,23,217,23,291675,313935,27826,80130,2.9079902923413243,0.20334208823417457
4384,0.4393,26,153,26,291828,313782,27852,80104,2.9065730482789283,0.20336848732882104
4385,0.4394,11,95,11,291923,313687,27863,80093,2.905693060135611,0.2033952968662705
4386,0.4395,16,129,16,292052,313558,27879,80077,2.904498128867316,0.20342957308166196
4387,0.4396,16,129,16,292181,313429,27895,80061,2.903303197599022,0.2034638745584386
4388,0.4397,11,73,11,292254,313356,27906,80050,2.9026269961836304,0.2034793572034997
4389,0.4398,18,123,18,292377,313233,27924,80032,2.901487643113861,0.20350654139066532
4390,0.4399,35,186,35,292563,313047,27959,79997,2.899764718959576,0.20353192009037155
4391,0.44,7,90,7,292653,312957,27966,79990,2.8989310459816964,0.2035643483726813
4392,0.4401,17,147,17,292800,312810,27983,79973,2.897569380117826,0.20360606238050016
4393,0.4402,14,93,14,292893,312717,27997,79959,2.896707918040683,0.2036258900467561
4394,0.4403,24,169,24,293062,312548,28021,79935,2.8951424654488864,0.20366487210911047
4395,0.4404,25,190,25,293252,312358,28046,79910,2.8933824891622515,0.20371276780160502
4396,0.4405,23,145,23,293397,312213,28069,79887,2.892039349364556,0.20374139250191278
4397,0.4406,16,145,16,293542,312068,28085,79871,2.8906962095668605,0.20378426234694685
4398,0.4407,16,126,16,293668,311942,28101,79855,2.8895290673978287,0.20381728292968043
4399,0.4408,24,181,24,293849,311761,28125,79831,2.8878524584089815,0.20386269382418434
4400,0.4409,16,123,16,293972,311638,28141,79815,2.8867131053392123,0.2038942095219605
4401,0.441,25,153,25,294125,311485,28166,79790,2.8852958612768167,0.20392307200817839
4402,0.4411,13,61,13,294186,311424,28179,79777,2.8847308162584757,0.20392841531591177
4403,0.4412,10,97,10,294283,311327,28189,79767,2.883832302048983,0.2039586390995515
4404,0.4413,9,88,9,294371,311239,28198,79758,2.8830171551372783,0.203986219843119
4405,0.4414,20,119,20,294490,311120,28218,79738,2.8819148541998594,0.20400759355059894
4406,0.4415,25,199,25,294689,310921,28243,79713,2.8800715106154358,0.20406057844427264
4407,0.4416,18,107,18,294796,310814,28261,79695,2.8790803660750677,0.20407980353845878
4408,0.4417,23,141,23,294937,310673,28284,79672,2.8777742784097224,0.20410662362781642
4409,0.4418,14,99,14,295036,310574,28298,79658,2.8768572381340545,0.2041298509604543
4410,0.4419,21,174,21,295210,310400,28319,79637,2.87524547037682,0.20417806515792092
4411,0.442,9,134,9,295344,310266,28328,79628,2.874004223943088,0.20422986760504136
4412,0.4421,16,132,16,295476,310134,28344,79612,2.872781503575531,0.20426636835272202
4413,0.4422,13,69,13,295545,310065,28357,79599,2.8721423542924893,0.2042759916235526
4414,0.4423,17,91,17,295636,309974,28374,79582,2.871299418281522,0.20428898540902976
4415,0.4424,7,90,7,295726,309884,28381,79575,2.870465745303642,0.20432189267676443
4416,0.4425,18,114,18,295840,309770,28399,79557,2.869409759531661,0.2043449336932707
4417,0.4426,31,177,31,296017,309593,28430,79526,2.867770202675164,0.2043744972617631
4418,0.4427,10,38,10,296055,309555,28440,79516,2.867418207417837,0.20437400885699525
4419,0.4428,29,219,29,296274,309336,28469,79487,2.8653896031716624,0.20442977910257368
4420,0.4429,12,73,12,296347,309263,28481,79475,2.864713401756271,0.20444360983490165
4421,0.443,25,153,25,296500,309110,28506,79450,2.8632961576938754,0.20447292567428454
4422,0.4431,15,169,15,296669,308941,28521,79435,2.8617307051020786,0.20453117597379858
4423,0.4432,13,90,13,296759,308851,28534,79422,2.860897032124199,0.2045519518483129
4424,0.4433,13,94,13,296853,308757,28547,79409,2.860026307013969,0.20457484684387608
4425,0.4434,15,103,15,296956,308654,28562,79394,2.8590722146059506,0.20459840019791367
4426,0.4435,14,78,14,297034,308576,28576,79380,2.8583496980251213,0.20461083215622392
4427,0.4436,27,177,27,297211,308399,28603,79353,2.8567101411686244,0.20464884771709752
4428,0.4437,12,93,12,297304,308306,28615,79341,2.8558486790914817,0.20467332392614931
4429,0.4438,11,103,11,297407,308203,28626,79330,2.854894586683464,0.2047051476906483
4430,0.4439,18,92,18,297499,308111,28644,79312,2.8540423876394088,0.2047168082431864
4431,0.444,15,91,15,297590,308020,28659,79297,2.8531994516284414,0.20473410668780354
4432,0.4441,11,90,11,297680,307930,28670,79286,2.852365778650561,0.2047591008636007
4433,0.4442,16,97,16,297777,307833,28686,79270,2.8514672644410686,0.2047775398279011
4434,0.4443,7,107,7,297884,307726,28693,79263,2.8504761199007005,0.20481977523908948
4435,0.4444,9,74,9,297958,307652,28702,79254,2.8497906554522214,0.20484045220286065
4436,0.4445,13,81,13,298039,307571,28715,79241,2.8490403497721295,0.2048566228555474
4437,0.4446,15,120,15,298159,307451,28730,79226,2.847928785801623,0.20488935209490092
4438,0.4447,10,84,10,298243,307367,28740,79216,2.8471506910222684,0.2049133045167532
4439,0.4448,12,77,12,298320,307290,28752,79204,2.8464374374745267,0.204929442630416
4440,0.4449,24,131,24,298451,307159,28776,79180,2.845223980140057,0.204949539135319
4441,0.445,19,83,19,298534,307076,28795,79161,2.84445514839379,0.2049544709595404
4442,0.4451,6,56,6,298590,307020,28801,79155,2.843936418540887,0.20497183919207612
4443,0.4452,7,83,7,298673,306937,28808,79148,2.8431675867946202,0.20500148930934897
4444,0.4453,17,146,17,298819,306791,28825,79131,2.841815183963837,0.20504402444017183
4445,0.4454,14,137,14,298956,306654,28839,79117,2.840546148430842,0.2050879926173818
4446,0.4455,24,178,24,299134,306476,28863,79093,2.8388973285412575,0.20513319276186623
4447,0.4456,18,174,18,299308,306302,28881,79075,2.8372855607840233,0.20518868536523976
4448,0.4457,27,149,27,299457,306153,28908,79048,2.8359053688539775,0.20521234368550445
4449,0.4458,39,256,39,299713,305897,28947,79009,2.8335340323835636,0.20526829927306928
4450,0.4459,14,141,14,299854,305756,28961,78995,2.8322279447182184,0.20531460606989976
4451,0.446,17,103,17,299957,305653,28978,78978,2.8312738523102006,0.20533446342078512
4452,0.4461,7,43,7,300000,305610,28985,78971,2.8308755418874356,0.20534295766041485
4453,0.4462,9,72,9,300072,305538,28994,78962,2.830208603505132,0.2053628088426528
4454,0.4463,17,107,17,300179,305431,29011,78945,2.8292174589647634,0.2053848315191375
4455,0.4464,8,58,8,300237,305373,29019,78937,2.8286802030456855,0.20539928703390492
4456,0.4465,18,100,18,300337,305273,29037,78919,2.82775389973693,0.2054155214059637
4457,0.4466,33,146,33,300483,305127,29070,78886,2.826401496906147,0.2054253371630648
4458,0.4467,14,74,14,300557,305053,29084,78872,2.825716032457668,0.2054359575437911
4459,0.4468,16,136,16,300693,304917,29100,78856,2.8244562599577607,0.20547563273080702
4460,0.4469,33,176,33,300869,304741,29133,78823,2.822825966134351,0.20550155906185147
4461,0.447,5,79,5,300948,304662,29138,78818,2.822094186520434,0.20553353499530613
4462,0.4471,18,113,18,301061,304549,29156,78800,2.821047463781541,0.2055568163735917
4463,0.4472,19,172,19,301233,304377,29175,78781,2.8194542220904815,0.20560969626107245
4464,0.4473,15,84,15,301317,304293,29190,78766,2.818676127311127,0.20562367677041918
4465,0.4474,11,41,11,301358,304252,29201,78755,2.818296342954537,0.20562287373337823
4466,0.4475,19,129,19,301487,304123,29220,78736,2.8171014116862425,0.20565273377405258
4467,0.4476,9,56,9,301543,304067,29229,78727,2.8165826818333395,0.20566414311614079
4468,0.4477,8,61,8,301604,304006,29237,78719,2.8160176368149985,0.2056803187667385
4469,0.4478,14,121,14,301725,303885,29251,78705,2.8148968098114047,0.2057163020465773
4470,0.4479,6,85,6,301810,303800,29257,78699,2.8141094519989625,0.20574955751518303
4471,0.448,33,192,33,302002,303608,29290,78666,2.812330949646152,0.20578433270376745
4472,0.4481,8,43,8,302045,303565,29298,78658,2.811932639223387,0.2057908603092959
4473,0.4482,9,85,9,302130,303480,29307,78649,2.811145281410945,0.20581793059411874
4474,0.4483,23,129,23,302259,303351,29330,78626,2.8099503501426506,0.20583961861578054
4475,0.4484,15,120,15,302379,303231,29345,78611,2.808838786172144,0.20587310982029217
4476,0.4485,13,80,13,302459,303151,29358,78598,2.8080977435251397,0.2058892099258937
4477,0.4486,31,199,31,302658,302952,29389,78567,2.8062543999407166,0.20593207677730335
4478,0.4487,11,97,11,302755,302855,29400,78556,2.805355885731224,0.20596154804135172
4479,0.4488,16,110,16,302865,302745,29416,78540,2.804336952091593,0.20598764703568198
4480,0.4489,12,67,12,302932,302678,29428,78528,2.8037163288747267,0.20599885626144393
4481,0.449,9,89,9,303021,302589,29437,78519,2.8028919189299346,0.2060282124752039
4482,0.4491,26,219,26,303240,302370,29463,78493,2.80086331468376,0.20609247944799047
4483,0.4492,19,100,19,303340,302270,29482,78474,2.799937011375005,0.20610699052381654
4484,0.4493,5,55,5,303395,302215,29487,78469,2.799427544555189,0.2061263410072396
4485,0.4494,8,55,8,303450,302160,29495,78461,2.7989180777353737,0.20613944054584482
4486,0.4495,24,171,24,303621,301989,29519,78437,2.797334099077402,0.2061820170019925
4487,0.4496,15,74,15,303695,301915,29534,78422,2.796648634628923,0.20619082550474974
4488,0.4497,10,63,10,303758,301852,29544,78412,2.796065063544407,0.20620411082826667
4489,0.4498,27,115,27,303873,301737,29571,78385,2.7949998147393385,0.20621011149052146
4490,0.4499,17,83,17,303956,301654,29588,78368,2.794230982993071,0.20621963991558384
4491,0.45,7,64,7,304020,301590,29595,78361,2.7936381488754676,0.20623975196801692
4492,0.4501,9,51,9,304071,301539,29604,78352,2.7931657341880025,0.20624863447673147
4493,0.4502,10,92,10,304163,301447,29614,78342,2.7923135351439474,0.2062776962997875
4494,0.4503,23,151,23,304314,301296,29637,78319,2.7909148171477267,0.20631165786388841
4495,0.4504,22,138,22,304452,301158,29659,78297,2.7896365185816445,0.20634067280705223
4496,0.4505,7,91,7,304543,301067,29666,78290,2.788793582570677,0.20637552490134622
4497,0.4506,32,169,32,304712,300898,29698,78258,2.7872281299788804,0.2064005317072656
4498,0.4507,32,140,32,304852,300758,29730,78226,2.785931305346623,0.2064097692778587
4499,0.4508,17,101,17,304953,300657,29747,78209,2.78499573900478,0.20642918604467014
4500,0.4509,29,225,29,305178,300432,29776,78180,2.78291155656008,0.20649107793730784
4501,0.451,12,89,12,305267,300343,29788,78168,2.7820871466152877,0.2065144738197833
4502,0.4511,7,73,7,305340,300270,29795,78161,2.7814109451998963,0.20653963338098624
4503,0.4512,16,120,16,305460,300150,29811,78145,2.7802993812293897,0.20657159095414954
4504,0.4513,18,154,18,305614,299996,29829,78127,2.7788728741339064,0.20661795235941743
4505,0.4514,17,126,17,305740,299870,29846,78110,2.7777057319648746,0.2066511455632573
4506,0.4515,10,80,10,305820,299790,29856,78100,2.7769646893178703,0.20667389981211465
4507,0.4516,8,62,8,305882,299728,29864,78092,2.7763903812664417,0.206691016886348
4508,0.4517,7,47,7,305929,299681,29871,78085,2.775955018711327,0.2067020324751301
4509,0.4518,19,148,19,306077,299533,29890,78066,2.7745840898143688,0.20674313226465113
4510,0.4519,12,83,12,306160,299450,29902,78054,2.773815258068102,0.20676337204373993
4511,0.452,32,228,32,306388,299222,29934,78022,2.7717032865241396,0.20682104950642025
4512,0.4521,25,160,25,306548,299062,29959,77997,2.7702212012301306,0.20685622144014598
4513,0.4522,24,146,24,306694,298916,29983,77973,2.768868798399348,0.2068858470265781
4514,0.4523,10,106,10,306800,298810,29993,77963,2.767886916892067,0.20692300138279549
4515,0.4524,17,165,17,306965,298645,30010,77946,2.7663585164326205,0.2069778619244751
4516,0.4525,17,93,17,307058,298552,30027,77929,2.765497054355478,0.20699318159482152
4517,0.4526,15,72,15,307130,298480,30042,77914,2.764830115973174,0.20700117430139695
4518,0.4527,4,38,4,307168,298442,30046,77910,2.764478120715847,0.2070136467987416
4519,0.4528,36,222,36,307390,298220,30082,77874,2.7624217273704104,0.20705993714337373
4520,0.4529,14,124,14,307514,298096,30096,77860,2.7612731112675535,0.20709870303971742
4521,0.453,47,291,47,307805,297805,30143,77813,2.758577568639075,0.20715993376249275
4522,0.4531,12,67,12,307872,297738,30155,77801,2.757956945422209,0.20717155874622875
4523,0.4532,3,49,3,307921,297689,30158,77798,2.757503056800919,0.20719225965213175
4524,0.4533,8,52,8,307973,297637,30166,77790,2.757021379080366,0.20720406363953578
4525,0.4534,14,98,14,308071,297539,30180,77776,2.756113601837786,0.20722859464716306
4526,0.4535,12,105,12,308176,297434,30192,77764,2.7551409833635927,0.20726123273578217
4527,0.4536,10,74,10,308250,297360,30202,77754,2.7544555189151136,0.20728098658007965
4528,0.4537,18,125,18,308375,297235,30220,77736,2.753297639779169,0.20731203213048477
4529,0.4538,19,85,19,308460,297150,30239,77717,2.7525102819667273,0.2073188624232061
4530,0.4539,17,131,17,308591,297019,30256,77700,2.7512968246322576,0.20735537829680373
4531,0.454,8,59,8,308650,296960,30264,77692,2.750750305680092,0.2073711070540128
4532,0.4541,12,117,12,308767,296843,30276,77680,2.749666530808848,0.20741049281352547
4533,0.4542,22,113,22,308880,296730,30298,77658,2.748619808069954,0.2074265200807718
4534,0.4543,8,67,8,308947,296663,30306,77650,2.7479991848530885,0.2074467090376236
4535,0.4544,24,167,24,309114,296496,30330,77626,2.7464522583274666,0.20748846632916534
4536,0.4545,16,80,16,309194,296416,30346,77610,2.7457112156804624,0.20749894392368445
4537,0.4546,14,89,14,309283,296327,30360,77596,2.74488680573567,0.20751866025893032
4538,0.4547,16,137,16,309420,296190,30376,77580,2.743617770202675,0.2075607994221045
4539,0.4548,9,45,9,309465,296145,30385,77571,2.743200933713735,0.20756670840959446
4540,0.4549,11,30,11,309495,296115,30396,77560,2.7429230427211087,0.20756004549407908
4541,0.455,11,47,11,309542,296068,30407,77549,2.7424876801659934,0.20756282503205153
4542,0.4551,13,66,13,309608,296002,30420,77536,2.741876319982215,0.20757192039364133
4543,0.4552,39,260,39,309868,295742,30459,77497,2.7394679313794508,0.2076337145903831
4544,0.4553,21,167,21,310035,295575,30480,77476,2.7379210048538294,0.20768205955754038
4545,0.4554,49,278,49,310313,295297,30529,77427,2.735345881655489,0.2077327996050697
4546,0.4555,36,203,36,310516,295094,30565,77391,2.7334654859387157,0.20776944038014952
4547,0.4556,18,108,18,310624,294986,30583,77373,2.73246507836526,0.20779140560588036
4548,0.4557,7,30,7,310654,294956,30590,77366,2.732187187372633,0.20779325422618056
4549,0.4558,7,53,7,310707,294903,30597,77359,2.731696246618993,0.2078079417184671
4550,0.4559,18,103,18,310810,294800,30615,77341,2.730742154210975,0.20782714078803463
4551,0.456,21,114,21,310924,294686,30636,77320,2.7296861684389935,0.20784611000897835
4552,0.4561,11,115,11,311039,294571,30647,77309,2.728620919633925,0.20788695278046682
4553,0.4562,4,65,4,311104,294506,30651,77305,2.728018822483234,0.20791477390394583
4554,0.4563,25,176,25,311280,294330,30676,77280,2.7263885286598244,0.20795995802050538
4555,0.4564,30,168,30,311448,294162,30706,77250,2.7248323391011153,0.20799004878679203
4556,0.4565,7,78,7,311526,294084,30713,77243,2.724109822520286,0.20801880822024793
4557,0.4566,26,163,26,311689,293921,30739,77217,2.722599948127015,0.20805468585809053
4558,0.4567,12,87,12,311776,293834,30751,77205,2.7217940642483973,0.20807785704467724
4559,0.4568,13,64,13,311840,293770,30764,77192,2.721201230130794,0.20808600341813988
4560,0.4569,27,259,27,312099,293511,30791,77165,2.7188021045611177,0.20817371505034046
4561,0.457,26,141,26,312240,293370,30817,77139,2.7174960168957725,0.2081973717237638
4562,0.4571,41,247,41,312487,293123,30858,77098,2.7152080477231464,0.20824858665499796
4563,0.4572,13,101,13,312588,293022,30871,77085,2.7142724813813035,0.20827760620577293
4564,0.4573,11,72,11,312660,292950,30882,77074,2.713605542999,0.20829459710721468
4565,0.4574,20,136,20,312796,292814,30902,77054,2.712345770499092,0.20832837661003384
4566,0.4575,21,132,21,312928,292682,30923,77033,2.711123050131535,0.2083577891078263
4567,0.4576,17,132,17,313060,292550,30940,77016,2.709900329763978,0.20839579398537744
4568,0.4577,14,131,14,313191,292419,30954,77002,2.7086868724295083,0.20843969346626207
4569,0.4578,14,87,14,313278,292332,30968,76988,2.707880988550891,0.20845878912596122
4570,0.4579,7,91,7,313369,292241,30975,76981,2.707038052539924,0.20849516009338556
4571,0.458,10,110,10,313479,292131,30985,76971,2.7060191189002927,0.20853585187834256
4572,0.4581,9,117,9,313596,292014,30994,76962,2.7049353440290487,0.20858267204371017
4573,0.4582,25,156,25,313752,291858,31019,76937,2.7034903108673904,0.20861725348770999
4574,0.4583,7,61,7,313813,291797,31026,76930,2.7029252658490495,0.2086367420883201
4575,0.4584,15,99,15,313912,291698,31041,76915,2.702008225573382,0.20866057355546333
4576,0.4585,15,120,15,314032,291578,31056,76900,2.7008966616028753,0.2086963129413425
4577,0.4586,12,114,12,314146,291464,31068,76888,2.699840675830894,0.20873512292589697
4578,0.4587,14,156,14,314302,291308,31082,76874,2.6983956426692357,0.20879347713902363
4579,0.4588,20,124,20,314426,291184,31102,76854,2.697247026566379,0.2088208282840359
4580,0.4589,18,74,18,314500,291110,31120,76836,2.6965615621178998,0.20882412093078875
4581,0.459,19,137,19,314637,290973,31139,76817,2.695292526584905,0.20886103482965823
4582,0.4591,16,136,16,314773,290837,31155,76801,2.6940327540849975,0.20890386739129252
4583,0.4592,13,99,13,314872,290738,31168,76788,2.6931157138093296,0.20893215718071648
4584,0.4593,22,164,22,315036,290574,31190,76766,2.691596576382971,0.20897805847443784
4585,0.4594,26,166,26,315202,290408,31216,76740,2.6900589128904366,0.209016527394947
4586,0.4595,12,76,12,315278,290332,31228,76728,2.6893549223757827,0.20903394540402115
4587,0.4596,18,104,18,315382,290228,31246,76710,2.688391566934677,0.2090543906600025
4588,0.4597,10,95,10,315477,290133,31256,76700,2.6875115787913595,0.20908696872963992
4589,0.4598,18,176,18,315653,289957,31274,76682,2.68588128496795,0.209148508478367
4590,0.4599,21,119,21,315772,289838,31295,76661,2.684778984030531,0.2091711027860922
4591,0.46,19,136,19,315908,289702,31314,76642,2.6835192115306237,0.2092077391741096
4592,0.4601,4,41,4,315949,289661,31318,76638,2.683139427174034,0.20922252040000108
4593,0.4602,18,94,18,316043,289567,31336,76620,2.6822687020638036,0.20923735686957756
4594,0.4603,21,88,21,316131,289479,31357,76599,2.681453555152099,0.20924229262616165
4595,0.4604,13,94,13,316225,289385,31370,76586,2.680582830041869,0.2092679474603179
4596,0.4605,19,136,19,316361,289249,31389,76567,2.6793230575419615,0.20930467776149758
4597,0.4606,8,91,8,316452,289158,31397,76559,2.678480121530994,0.20933946193368097
4598,0.4607,18,89,18,316541,289069,31415,76541,2.6776557115862016,0.20935149476217826
4599,0.4608,23,99,23,316640,288970,31438,76518,2.676738671310534,0.20935844678895066
4600,0.4609,18,99,18,316739,288871,31456,76500,2.675821631034866,0.2093762230718913
4601,0.461,28,231,28,316970,288640,31484,76472,2.673681870391641,0.2094480597734394
4602,0.4611,14,178,14,317148,288462,31498,76458,2.672033050502056,0.20951989477145674
4603,0.4612,7,96,7,317244,288366,31505,76451,2.6711437993256513,0.2095598615196112
4604,0.4613,16,120,16,317364,288246,31521,76435,2.6700322353551447,0.20959413843879993
4605,0.4614,16,82,16,317446,288164,31537,76419,2.669272666641965,0.20960659164031237
4606,0.4615,23,104,23,317550,288060,31560,76396,2.6683093112008596,0.20961652435410585
4607,0.4616,19,127,19,317677,287933,31579,76377,2.66713290599874,0.20964837638275097
4608,0.4617,19,146,19,317823,287787,31598,76358,2.6657805031679573,0.20969119444177456
4609,0.4618,14,156,14,317979,287631,31612,76344,2.6643354700062987,0.20975066968885225
4610,0.4619,11,62,11,318041,287569,31623,76333,2.6637611619548704,0.20976251848025018
4611,0.462,32,134,32,318175,287435,31655,76301,2.662519915521138,0.209770272945213
4612,0.4621,9,95,9,318270,287340,31664,76292,2.6616399273778204,0.209805517666212
4613,0.4622,18,117,18,318387,287223,31682,76274,2.660556152506577,0.20983391884939903
4614,0.4623,28,175,28,318562,287048,31710,76246,2.658935121716255,0.20987409646181882
4615,0.4624,9,76,9,318638,286972,31719,76237,2.6582311312016005,0.2098984331335402
4616,0.4625,11,81,11,318719,286891,31730,76226,2.6574808255215085,0.2099213201254692
4617,0.4626,12,61,12,318780,286830,31742,76214,2.656915780503168,0.20993047674662024
4618,0.4627,7,70,7,318850,286760,31749,76207,2.6562673681870392,0.20995572600263937
4619,0.4628,12,84,12,318934,286676,31761,76195,2.6554892734076847,0.2099782016198594
4620,0.4629,17,134,17,319068,286542,31778,76178,2.6542480269739523,0.2100187472430525
4621,0.463,11,85,11,319153,286457,31789,76167,2.65346066916151,0.21004401253088598
4622,0.4631,14,88,14,319241,286369,31803,76153,2.6526455222498053,0.2100644926376882
4623,0.4632,25,189,25,319430,286180,31828,76128,2.6508948089962576,0.21011956677743798
4624,0.4633,14,188,14,319618,285992,31842,76114,2.6491533587757976,0.21019811878289782
4625,0.4634,10,102,10,319720,285890,31852,76104,2.648208529400867,0.21023552876567014
4626,0.4635,19,104,19,319824,285786,31871,76085,2.6472451739597616,0.21025448295110688
4627,0.4636,23,165,23,319989,285621,31894,76062,2.645716773500315,0.21030017999187134
4628,0.4637,15,97,15,320086,285524,31909,76047,2.644818259290822,0.2103238368121337
4629,0.4638,21,153,21,320239,285371,31930,76026,2.6434010152284264,0.2103669925317587
4630,0.4639,18,110,18,320349,285261,31948,76008,2.6423820815887953,0.21039170258173273
4631,0.464,38,266,38,320615,284995,31986,75970,2.639918114787506,0.21046361835635033
4632,0.4641,7,90,7,320705,284905,31993,75963,2.639084441809626,0.21050079253355797
4633,0.4642,20,121,20,320826,284784,32013,75943,2.637963614806032,0.2105276289271388
4634,0.4643,35,236,35,321062,284548,32048,75908,2.6357775389973694,0.21058880972989769
4635,0.4644,37,219,37,321281,284329,32085,75871,2.633748934751195,0.21063575791227096
4636,0.4645,23,195,23,321476,284134,32108,75848,2.631942643299122,0.2106994238600819
4637,0.4646,11,132,11,321608,284002,32119,75837,2.6307199229315645,0.2107525865734398
4638,0.4647,16,87,16,321695,283915,32135,75821,2.6299140390529474,0.21076845242066405
4639,0.4648,10,69,10,321764,283846,32145,75811,2.6292748897699063,0.21078694422741667
4640,0.4649,29,175,29,321939,283671,32174,75782,2.6276538589795844,0.2108258937886177
4641,0.465,4,80,4,322019,283591,32178,75778,2.62691281633258,0.21086404225183586
4642,0.4651,12,82,12,322101,283509,32190,75766,2.6261532476194005,0.21088581170412637
4643,0.4652,12,111,12,322212,283398,32202,75754,2.625125050946682,0.21092462244397914
4644,0.4653,19,133,19,322345,283265,32221,75735,2.6238930675460375,0.21096100278551533
4645,0.4654,18,124,18,322469,283141,32239,75717,2.6227444514431806,0.2109943208734374
4646,0.4655,6,70,6,322539,283071,32245,75711,2.622096039127052,0.21102229208823184
4647,0.4656,12,120,12,322659,282951,32257,75699,2.620984475156545,0.21106649937264743
4648,0.4657,28,169,28,322828,282782,32285,75671,2.6194190225647485,0.21110438467525727
4649,0.4658,12,70,12,322898,282712,32297,75659,2.6187706102486197,0.21111920328374784
4650,0.4659,27,123,27,323021,282589,32324,75632,2.6176312571788505,0.21113223401196468
4651,0.466,16,62,16,323083,282527,32340,75616,2.6170569491274223,0.2111335416300193
4652,0.4661,17,124,17,323207,282403,32357,75599,2.6159083330245654,0.211169211345188
4653,0.4662,30,125,30,323332,282278,32387,75569,2.6147504538886213,0.2111768437348923
4654,0.4663,14,107,14,323439,282171,32401,75555,2.613759309348253,0.21120913771993088
4655,0.4664,10,56,10,323495,282115,32411,75545,2.61324057949535,0.21122015321814014
4656,0.4665,11,84,11,323579,282031,32422,75534,2.6124624847159956,0.21124550780976886
4657,0.4666,13,46,13,323625,281985,32435,75521,2.612036385193968,0.21124400709358723
4658,0.4667,21,142,21,323767,281843,32456,75500,2.610721034495535,0.21128159779259703
4659,0.4668,15,57,15,323824,281786,32471,75485,2.6101930416095445,0.21128219194952852
4660,0.4669,22,101,22,323925,281685,32493,75463,2.6092574752677016,0.2112933573756538
4661,0.467,22,112,22,324037,281573,32515,75441,2.6082200155618955,0.21131104102360132
4662,0.4671,39,251,39,324288,281322,32554,75402,2.6058949942569196,0.2113734988394389
4663,0.4672,45,228,45,324516,281094,32599,75357,2.6037830227129573,0.21140914178947456
4664,0.4673,19,132,19,324648,280962,32618,75338,2.6025603023454,0.21144541117036206
4665,0.4674,14,72,14,324720,280890,32632,75324,2.601893363963096,0.21145715777594368
4666,0.4675,19,128,19,324848,280762,32651,75305,2.600707695727889,0.21149109577691838
4667,0.4676,19,118,19,324966,280644,32670,75286,2.5996146578235577,0.21151911892787909
4668,0.4677,7,73,7,325039,280571,32677,75279,2.5989384564081663,0.21154700014050865
4669,0.4678,16,69,16,325108,280502,32693,75263,2.5982993071251252,0.21155256981434373
4670,0.4679,29,167,29,325275,280335,32722,75234,2.5967523805995034,0.21158762434295453
4671,0.468,8,94,8,325369,280241,32730,75226,2.5958816554892734,0.21162583305904628
4672,0.4681,24,139,24,325508,280102,32754,75202,2.5945940938901035,0.21165537117510638
4673,0.4682,20,173,20,325681,279929,32774,75182,2.5929915891659565,0.21171408376535789
4674,0.4683,17,88,17,325769,279841,32791,75165,2.5921764422542517,0.2117288158509997
4675,0.4684,17,132,17,325901,279709,32808,75148,2.5909537218866947,0.21176981150153443
4676,0.4685,7,82,7,325983,279627,32815,75141,2.590194153173515,0.2118032066026248
4677,0.4686,9,92,9,326075,279535,32824,75132,2.58934195412946,0.21183814676865906
4678,0.4687,26,141,26,326216,279394,32850,75106,2.588035866464115,0.21186459802538787
4679,0.4688,26,153,26,326369,279241,32876,75080,2.586618622401719,0.21189825045650695
4680,0.4689,27,177,27,326546,279064,32903,75053,2.5849790655452223,0.2119440749808679
4681,0.469,11,87,11,326633,278977,32914,75042,2.5841731816666047,0.21197167383671497
4682,0.4691,22,65,22,326698,278912,32936,75020,2.583571084515914,0.21196161974616592
4683,0.4692,11,83,11,326781,278829,32947,75009,2.582802252769647,0.21198684143591134
4684,0.4693,11,108,11,326889,278721,32958,74998,2.581801845196191,0.21202706102866964
4685,0.4694,12,101,12,326990,278620,32970,74986,2.580866278854348,0.2120608813198871
4686,0.4695,26,179,26,327169,278441,32996,74960,2.5792081959316757,0.21211032226847124
4687,0.4696,10,97,10,327266,278344,33006,74950,2.578309681722183,0.21214625779096163
4688,0.4697,15,76,15,327342,278268,33021,74935,2.577605691207529,0.21215844712530754
4689,0.4698,24,130,24,327472,278138,33045,74911,2.576401496906147,0.2121830114233435
4690,0.4699,17,141,17,327613,277997,33062,74894,2.575095409240802,0.21222983867539835
4691,0.47,23,147,23,327760,277850,33085,74871,2.5737337433769314,0.2122669191797483
4692,0.4701,18,106,18,327866,277744,33103,74853,2.5727518618696505,0.2122905186374246
4693,0.4702,35,176,35,328042,277568,33138,74818,2.571121568046241,0.21231831003501841
4694,0.4703,26,195,26,328237,277373,33164,74792,2.569315276594168,0.21237772067070834
4695,0.4704,17,159,17,328396,277214,33181,74775,2.5678424543332468,0.2124356158857237
4696,0.4705,19,82,19,328478,277132,33200,74756,2.5670828856200676,0.21244259537125448
4697,0.4706,14,85,14,328563,277047,33214,74742,2.5662955278076254,0.21246258410581342
4698,0.4707,41,215,41,328778,276832,33255,74701,2.564303975693801,0.21250067561224692
4699,0.4708,23,115,23,328893,276717,33278,74678,2.5632387268887324,0.21251867556453563
4700,0.4709,28,156,28,329049,276561,33306,74650,2.5617936937270738,0.21255029028134084
4701,0.471,15,101,15,329150,276460,33321,74635,2.560858127385231,0.2125777923354078
4702,0.4711,13,91,13,329241,276369,33334,74622,2.5600151913742635,0.21260374197628998
4703,0.4712,31,194,31,329435,276175,33365,74591,2.5582181629552783,0.21265173933619563
4704,0.4713,21,136,21,329571,276039,33386,74570,2.5569583904553705,0.21268706735993656
4705,0.4714,31,120,31,329691,275919,33417,74539,2.5558468264848644,0.21269025104292097
4706,0.4715,27,105,27,329796,275814,33444,74512,2.554874208010671,0.21269331993628793
4707,0.4716,20,61,20,329857,275753,33464,74492,2.5543091629923302,0.21268540593013463
4708,0.4717,10,77,10,329934,275676,33474,74482,2.5535959094445886,0.21270969105375287
4709,0.4718,12,50,12,329984,275626,33486,74470,2.5531327577902108,0.21271308441113296
4710,0.4719,10,76,10,330060,275550,33496,74460,2.552428767275557,0.2127367789491729
4711,0.472,14,100,14,330160,275450,33510,74446,2.551502463966801,0.21276607906349315
4712,0.4721,16,83,16,330243,275367,33526,74430,2.5507336322205343,0.2127805555793789
4713,0.4722,33,195,33,330438,275172,33559,74397,2.5489273407684614,0.21282493584957476
4714,0.4723,15,69,15,330507,275103,33574,74382,2.54828819148542,0.21283316880552813
4715,0.4724,11,72,11,330579,275031,33585,74371,2.547621253103116,0.21285224469236008
4716,0.4725,18,84,18,330663,274947,33603,74353,2.5468431583237616,0.2128628685943315
4717,0.4726,33,183,33,330846,274764,33636,74320,2.545148023268739,0.21290004698009649
4718,0.4727,43,209,43,331055,274555,33679,74277,2.5432120493534405,0.21293057976332447
4719,0.4728,21,75,21,331130,274480,33700,74256,2.5425173218718737,0.21292897779409065
4720,0.4729,31,170,31,331300,274310,33731,74225,2.5409426062469893,0.21296283013183756
4721,0.473,19,157,19,331457,274153,33750,74206,2.5394883100522434,0.21301588304019703
4722,0.4731,11,81,11,331538,274072,33761,74195,2.5387380043721515,0.21304056944815328
4723,0.4732,22,118,22,331656,273954,33783,74173,2.5376449664678202,0.21306304882988106
4724,0.4733,31,136,31,331792,273818,33814,74142,2.536385193967913,0.21307621565697207
4725,0.4734,12,63,12,331855,273755,33826,74130,2.535801622883397,0.21308765827787918
4726,0.4735,22,123,22,331978,273632,33848,74108,2.534662269813628,0.21311324552826824
4727,0.4736,17,110,17,332088,273522,33865,74091,2.5336433361739967,0.21314220124103528
4728,0.4737,7,35,7,332123,273487,33872,74084,2.5333191300159323,0.2131478172804981
4729,0.4738,14,110,14,332233,273377,33886,74070,2.5323001963763017,0.21318359346893195
4730,0.4739,38,204,38,332437,273173,33924,74032,2.5304105376264405,0.21322273584769805
4731,0.474,23,119,23,332556,273054,33947,74009,2.5293082366890216,0.2132437050333801
4732,0.4741,19,164,19,332720,272890,33966,73990,2.5277890992626624,0.2133014298892989
4733,0.4742,10,81,10,332801,272809,33976,73980,2.527038793582571,0.21332856578495857
4734,0.4743,11,62,11,332863,272747,33987,73969,2.5264644855311422,0.21334175521175833
4735,0.4744,9,84,9,332947,272663,33996,73960,2.5256863907517877,0.21337303064135962
4736,0.4745,18,111,18,333058,272552,34014,73942,2.5246581940790693,0.2134005206439361
4737,0.4746,20,132,20,333190,272420,34034,73922,2.523435473711512,0.2134364298872213
4738,0.4747,12,85,12,333275,272335,34046,73910,2.52264811589907,0.21346156623200335
4739,0.4748,26,171,26,333446,272164,34072,73884,2.521064137241098,0.21350795265396708
4740,0.4749,2,15,2,333461,272149,34074,73882,2.520925191744785,0.2135126621603267
4741,0.475,2,53,2,333514,272096,34076,73880,2.5204342509911446,0.2135408236409462
4742,0.4751,31,212,31,333726,271884,34107,73849,2.518470487976583,0.21360124720521328
4743,0.4752,33,218,33,333944,271666,34140,73816,2.5164511467634965,0.21366091431680956
4744,0.4753,31,167,31,334111,271499,34171,73785,2.5149042202378746,0.2136936550781386
4745,0.4754,13,124,13,334235,271375,34184,73772,2.5137556041350178,0.21374081188595004
4746,0.4755,8,39,8,334274,271336,34192,73764,2.5133943458446035,0.21374674007534047
4747,0.4756,18,128,18,334402,271208,34210,73746,2.5122086776093964,0.21378502640931835
4748,0.4757,11,76,11,334478,271132,34221,73735,2.5115046870947424,0.21380706185283022
4749,0.4758,52,190,52,334668,270942,34273,73683,2.509744710808107,0.2138063112078346
4750,0.4759,9,75,9,334743,270867,34282,73674,2.5090499833265403,0.21383231603785907
4751,0.476,11,102,11,334845,270765,34293,73663,2.5081051539516097,0.21387053317384186
4752,0.4761,13,77,13,334922,270688,34306,73650,2.507391900403868,0.2138886791466524
4753,0.4762,22,126,22,335048,270562,34328,73628,2.5062247582348363,0.21391673203753742
4754,0.4763,42,225,42,335273,270337,34370,73586,2.504140575790137,0.21396068305987095
4755,0.4764,13,42,13,335315,270295,34383,73573,2.5037515284004592,0.2139570998173718
4756,0.4765,16,127,16,335442,270168,34399,73557,2.50257512319834,0.2139995636046258
4757,0.4766,15,123,15,335565,270045,34414,73542,2.501435770128571,0.21404185839394388
4758,0.4767,17,134,17,335699,269911,34431,73525,2.5001945236948386,0.2140864673476281
4759,0.4768,14,97,14,335796,269814,34445,73511,2.499296009485346,0.2141149057015947
4760,0.4769,8,68,8,335864,269746,34453,73503,2.498666123235392,0.21413900695996202
4761,0.477,17,130,17,335994,269616,34470,73486,2.49746192893401,0.21418120558900852
4762,0.4771,4,50,4,336044,269566,34474,73482,2.4969987772796323,0.21420326018516359
4763,0.4772,10,53,10,336097,269513,34484,73472,2.4965078365259923,0.21421344956776536
4764,0.4773,13,102,13,336199,269411,34497,73459,2.4955630071510617,0.21424738238982705
4765,0.4774,34,135,34,336334,269276,34531,73425,2.4943124976842417,0.214253824762694
4766,0.4775,17,115,17,336449,269161,34548,73408,2.493247248879173,0.21428675682855133
4767,0.4776,17,97,17,336546,269064,34565,73391,2.4923487346696804,0.21430844928530757
4768,0.4777,11,76,11,336622,268988,34576,73380,2.491644744155026,0.21433077857743715
4769,0.4778,12,62,12,336684,268926,34588,73368,2.491070436103598,0.21434205682834054
4770,0.4779,12,103,12,336787,268823,34600,73356,2.4901163436955795,0.21437902384424526
4771,0.478,17,124,17,336911,268699,34617,73339,2.488967727592723,0.21441769627936078
4772,0.4781,17,124,17,337035,268575,34634,73322,2.4878191114898662,0.21445640061188018
4773,0.4782,27,147,27,337182,268428,34661,73295,2.486457445625996,0.2144865870895433
4774,0.4783,34,154,34,337336,268274,34695,73261,2.4850309385305125,0.21450510196612352
4775,0.4784,5,37,5,337373,268237,34700,73256,2.4846882063062727,0.21451684221931341
4776,0.4785,29,156,29,337529,268081,34729,73227,2.4832431731446145,0.21454815005801212
4777,0.4786,22,64,22,337593,268017,34751,73205,2.482650339027011,0.21453774961755104
4778,0.4787,22,112,22,337705,267905,34773,73183,2.481612879321205,0.21455753353973167
4779,0.4788,9,99,9,337804,267806,34782,73174,2.480695839045537,0.21459909672121533
4780,0.4789,19,113,19,337917,267693,34801,73155,2.4796491163066436,0.2146264610618223
4781,0.479,20,87,20,338004,267606,34821,73135,2.478843232428026,0.21463516277759354
4782,0.4791,3,48,3,338052,267558,34824,73132,2.4783986068398236,0.214658487187766
4783,0.4792,25,140,25,338192,267418,34849,73107,2.477101782207566,0.21468908303355114
4784,0.4793,5,56,5,338248,267362,34854,73102,2.476583052354663,0.21471286244654353
4785,0.4794,16,72,16,338320,267290,34870,73086,2.475916113972359,0.21472136695889252
4786,0.4795,14,109,14,338429,267181,34884,73072,2.474906443365816,0.21475784195877773
4787,0.4796,9,53,9,338482,267128,34893,73063,2.4744155026121755,0.21477052596923493
4788,0.4797,10,93,10,338575,267035,34903,73053,2.4735540405350327,0.21480616781538897
4789,0.4798,59,302,59,338877,266733,34962,72994,2.4707566045425913,0.21486075584219094
4790,0.4799,20,132,20,339009,266601,34982,72974,2.4695338841750343,0.21489803430759036
4791,0.48,18,162,18,339171,266439,35000,72956,2.4680332728148504,0.21495897111035814
4792,0.4801,22,109,22,339280,266330,35022,72934,2.467023602208307,0.21497712695717788
4793,0.4802,20,114,20,339394,266216,35042,72914,2.465967616436326,0.2150030961578156
4794,0.4803,22,134,22,339528,266082,35064,72892,2.4647263700025936,0.21503714149167782
4795,0.4804,23,164,23,339692,265918,35087,72869,2.463207232576235,0.21508794611363483
4796,0.4805,6,55,6,339747,265863,35093,72863,2.462697765756419,0.2151089671297745
4797,0.4806,23,143,23,339890,265720,35116,72840,2.461373152024899,0.21514650283553874
4798,0.4807,45,253,45,340143,265467,35161,72795,2.4590296046537476,0.21520300831899533
4799,0.4808,9,53,9,340196,265414,35170,72786,2.4585386639001077,0.21521584861028978
4800,0.4809,25,132,25,340328,265282,35195,72761,2.4573159435325502,0.2152418479305887
4801,0.481,27,232,27,340560,265050,35222,72734,2.4551669198562376,0.21532695450346967
4802,0.4811,19,98,19,340658,264952,35241,72715,2.4542591426136573,0.2153452958091848
4803,0.4812,16,109,16,340767,264843,35257,72699,2.453249472007114,0.21537764189345326
4804,0.4813,22,130,22,340897,264713,35279,72677,2.4520452777057318,0.21540946678917572
4805,0.4814,8,49,8,340946,264664,35287,72669,2.4515913890844416,0.21542214962663006
4806,0.4815,16,146,16,341092,264518,35303,72653,2.450238986253659,0.21547819948927993
4807,0.4816,20,143,20,341235,264375,35323,72633,2.4489143725221387,0.21552307363623416
4808,0.4817,1,35,1,341270,264340,35324,72632,2.4485901663640743,0.2155431311800387
4809,0.4818,13,125,13,341395,264215,35337,72619,2.4474322872281298,0.21559284395280762
4810,0.4819,9,61,9,341456,264154,35346,72610,2.4468672422097892,0.21561093228492356
4811,0.482,20,113,20,341569,264041,35366,72590,2.4458205194708955,0.21563670606688035
4812,0.4821,16,117,16,341686,263924,35382,72574,2.4447367445996515,0.21567438736634392
4813,0.4822,26,112,26,341798,263812,35408,72548,2.4436992848938455,0.21568557497918897
4814,0.4823,14,41,14,341839,263771,35422,72534,2.443319500537256,0.21567921975587637
4815,0.4824,13,119,13,341958,263652,35435,72521,2.442217199599837,0.21572523670848046
4816,0.4825,45,210,45,342168,263442,35480,72476,2.4402719626514506,0.2157550354550813
4817,0.4826,5,50,5,342218,263392,35485,72471,2.439808810997073,0.21577547988316664
4818,0.4827,22,115,22,342333,263277,35507,72449,2.438743562192004,0.2157980019420599
4819,0.4828,22,147,22,342480,263130,35529,72427,2.4373818963281337,0.21584112386271184
4820,0.4829,9,58,9,342538,263072,35538,72418,2.4368446404090554,0.21585740260514472
4821,0.483,6,53,6,342591,263019,35544,72412,2.4363536996554154,0.21587748299948425
4822,0.4831,36,184,36,342775,262835,35580,72376,2.434649301567305,0.21591176900519374
4823,0.4832,25,117,25,342892,262718,35605,72351,2.433565526696061,0.21592865947013898
4824,0.4833,9,88,9,342980,262630,35614,72342,2.4327503797843564,0.21596431940580108
4825,0.4834,12,54,12,343034,262576,35626,72330,2.4322501759976287,0.21597104859273947
4826,0.4835,27,179,27,343213,262397,35653,72303,2.4305920930749565,0.21602330445174783
4827,0.4836,20,127,20,343340,262270,35673,72283,2.429415687872837,0.21605844216013606
4828,0.4837,14,83,14,343423,262187,35687,72269,2.42864685612657,0.2160792451024948
4829,0.4838,13,120,13,343543,262067,35700,72256,2.4275352921560636,0.21612632095309028
4830,0.4839,18,130,18,343673,261937,35718,72238,2.4263310978546815,0.21616817535722302
4831,0.484,19,103,19,343776,261834,35737,72219,2.4253770054466632,0.2161902452604826
4832,0.4841,12,100,12,343876,261734,35749,72207,2.424450702137908,0.21622681850985653
4833,0.4842,15,85,15,343961,261649,35764,72192,2.423663344325466,0.21624665634239054
4834,0.4843,13,105,13,344066,261544,35777,72179,2.4226907258512727,0.21628416381250318
4835,0.4844,12,136,12,344202,261408,35789,72167,2.4214309533513654,0.2163441504908941
4836,0.4845,8,57,8,344259,261351,35797,72159,2.4209029604653747,0.21636232796617794
4837,0.4846,17,110,17,344369,261241,35814,72142,2.419884026825744,0.2163937573301578
4838,0.4847,34,138,34,344507,261103,35848,72108,2.4186057282596614,0.21640342005516025
4839,0.4848,17,85,17,344592,261018,35865,72091,2.417818370447219,0.2164186497512826
4840,0.4849,23,169,23,344761,260849,35888,72068,2.4162529178554224,0.21647437649624382
4841,0.485,19,91,19,344852,260758,35907,72049,2.415409981844455,0.21648883587184165
4842,0.4851,19,148,19,345000,260610,35926,72030,2.4140390529474973,0.21654040404040403
4843,0.4852,9,101,9,345101,260509,35935,72021,2.413103486605654,0.21658496977716296
4844,0.4853,28,230,28,345331,260279,35963,71993,2.4109729889955167,0.2166688736938412
4845,0.4854,11,68,11,345399,260211,35974,71982,2.410343102745563,0.21668728720954386
4846,0.4855,19,128,19,345527,260083,35993,71963,2.409157434510356,0.21672599579576324
4847,0.4856,18,80,18,345607,260003,36011,71945,2.408416391863352,0.21673575379276272
4848,0.4857,13,78,13,345685,259925,36024,71932,2.4076938752825225,0.21675601237882583
4849,0.4858,27,133,27,345818,259792,36051,71905,2.406461891881878,0.21677916894032806
4850,0.4859,20,134,20,345952,259658,36071,71885,2.4052206454481455,0.21681953773718643
4851,0.486,26,155,26,346107,259503,36097,71859,2.4037848753195745,0.21685950712513807
4852,0.4861,12,85,12,346192,259418,36109,71847,2.4029975175071328,0.21688678248532142
4853,0.4862,26,180,26,346372,259238,36135,71821,2.401330171551373,0.2169432034773258
4854,0.4863,8,113,8,346485,259125,36143,71813,2.400283448812479,0.21699835014413577
4855,0.4864,25,102,25,346587,259023,36168,71788,2.3993386194375486,0.2170060850455396
4856,0.4865,21,119,21,346706,258904,36189,71767,2.3982363185001296,0.21703445418558023
4857,0.4866,15,53,15,346759,258851,36204,71752,2.397745377746489,0.21703372322695197
4858,0.4867,18,100,18,346859,258751,36222,71734,2.396819074437734,0.21705674992813592
4859,0.4868,13,79,13,346938,258672,36235,71721,2.396087294823817,0.2170778436589153
4860,0.4869,19,188,19,347126,258484,36254,71702,2.394345844603357,0.2171563906404269
4861,0.487,25,128,25,347254,258356,36279,71677,2.39316017636815,0.21718131217181313
4862,0.4871,24,177,24,347431,258179,36303,71653,2.391520619511653,0.21724089839675956
4863,0.4872,22,120,22,347551,258059,36325,71631,2.3904090555411464,0.21726773635839727
4864,0.4873,9,68,9,347619,257991,36334,71622,2.3897791692911925,0.21729118693740843
4865,0.4874,16,116,16,347735,257875,36350,71606,2.3887046574530366,0.21732967910137457
4866,0.4875,14,59,14,347794,257816,36364,71592,2.3881581385008706,0.21733534097532542
4867,0.4876,18,118,18,347912,257698,36382,71574,2.3870651005965393,0.21737044145873322
4868,0.4877,13,113,13,348025,257585,36395,71561,2.3860183778576456,0.21741415663565714
4869,0.4878,16,92,16,348117,257493,36411,71545,2.385166178813591,0.2174368917875747
4870,0.4879,18,113,18,348230,257380,36429,71527,2.384119456074697,0.21746876776718038
4871,0.488,40,216,40,348446,257164,36469,71487,2.3821186409277852,0.21751645362405714
4872,0.4881,27,145,27,348591,257019,36496,71460,2.38077550113009,0.21754815376325426
4873,0.4882,9,53,9,348644,256966,36505,71451,2.3802845603764498,0.21756181927244936
4874,0.4883,19,101,19,348745,256865,36524,71432,2.379348994034607,0.21758346862749278
4875,0.4884,17,112,17,348857,256753,36541,71415,2.378311534328801,0.21761719607030544
4876,0.4885,25,101,25,348958,256652,36566,71390,2.3773759679869575,0.21762457246328215
4877,0.4886,19,101,19,349059,256551,36585,71371,2.3764404016451146,0.21764626953970762
4878,0.4887,20,60,20,349119,256491,36605,71351,2.3758846196598613,0.21763837458287832
4879,0.4888,16,38,16,349157,256453,36621,71335,2.3755326244025343,0.21762541642769107
4880,0.4889,7,45,7,349202,256408,36628,71328,2.3751157879135945,0.21763858715551543
4881,0.489,19,95,19,349297,256313,36647,71309,2.3742357997702768,0.21765632344592242
4882,0.4891,9,95,9,349392,256218,36656,71300,2.373355811626959,0.21769795858548233
4883,0.4892,9,51,9,349443,256167,36665,71291,2.372883396939494,0.21771036285569448
4884,0.4893,10,91,10,349534,256076,36675,71281,2.3720404609285266,0.21774698570673606
4885,0.4894,18,98,18,349632,255978,36693,71263,2.3711326836859463,0.21776916706647395
4886,0.4895,10,30,10,349662,255948,36703,71253,2.3708547926933194,0.21776522687889097
4887,0.4896,26,214,26,349876,255734,36729,71227,2.368872503612583,0.21784555344521211
4888,0.4897,23,102,23,349978,255632,36752,71204,2.3679276742376523,0.21785849783989525
4889,0.4898,19,164,19,350142,255468,36771,71185,2.3664085368112935,0.21792238246702159
4890,0.4899,12,67,12,350209,255401,36783,71173,2.3657879135944273,0.21793835394122005
4891,0.49,26,119,26,350328,255282,36809,71147,2.3646856126570084,0.21795551253105575
4892,0.4901,54,267,54,350595,255015,36863,71093,2.3622123828226314,0.21800446477853963
4893,0.4902,20,94,20,350689,254921,36883,71073,2.3613416577124013,0.2180193500493874
4894,0.4903,18,59,18,350748,254862,36901,71055,2.3607951387602357,0.21801562974622374
4895,0.4904,14,81,14,350829,254781,36915,71041,2.360044833080144,0.21803622837009165
4896,0.4905,18,94,18,350923,254687,36933,71023,2.359174107969914,0.2180559393325351
4897,0.4906,23,120,23,351043,254567,36956,71000,2.358062543999407,0.2180810708702049
4898,0.4907,30,153,30,351196,254414,36986,70970,2.3566452999370116,0.2181115236151747
4899,0.4908,34,157,34,351353,254257,37020,70936,2.355191003742265,0.21813507670829324
4900,0.4909,44,255,44,351608,254002,37064,70892,2.352828930304939,0.21820039766816254
4901,0.491,25,158,25,351766,253844,37089,70867,2.3513653710771054,0.21824637908786582
4902,0.4911,32,196,32,351962,253648,37121,70835,2.349549816591945,0.21830111284720616
4903,0.4912,15,113,15,352075,253535,37136,70820,2.348503093853051,0.21834101524564134
4904,0.4913,16,100,16,352175,253435,37152,70804,2.347576790544296,0.21836978278368735
4905,0.4914,25,85,25,352260,253350,37177,70779,2.3467894327318537,0.21836676138204233
4906,0.4915,11,86,11,352346,253264,37188,70768,2.3459928118863242,0.2183981828955165
4907,0.4916,9,37,9,352383,253227,37197,70759,2.3456500796620845,0.21840141240670893
4908,0.4917,8,102,8,352485,253125,37205,70751,2.344705250287154,0.2184508886116909
4909,0.4918,15,65,15,352550,253060,37220,70736,2.344103153136463,0.21845853562119358
4910,0.4919,20,141,20,352691,252919,37240,70716,2.342797065471118,0.21850541505090612
4911,0.492,23,127,23,352818,252792,37263,70693,2.3416206602689984,0.21853563534630663
4912,0.4921,16,79,16,352897,252713,37279,70677,2.340888880655082,0.21855035715390086
4913,0.4922,21,101,21,352998,252612,37300,70656,2.339953314313239,0.21856787557073387
4914,0.4923,17,82,17,353080,252530,37317,70639,2.3391937456000593,0.21858222787457957
4915,0.4924,6,34,6,353114,252496,37323,70633,2.3388788024750826,0.21859071763908533
4916,0.4925,10,143,10,353257,252353,37333,70623,2.337554188743562,0.21866330625185773
4917,0.4926,18,118,18,353375,252235,37351,70605,2.336461150839231,0.21869966546896297
4918,0.4927,26,148,26,353523,252087,37377,70579,2.3350902219422727,0.21873702218393012
4919,0.4928,28,106,28,353629,251981,37405,70551,2.334108340434992,0.2187410861557923
4920,0.4929,19,108,19,353737,251873,37424,70532,2.333107932861536,0.21876831934988603
4921,0.493,27,135,27,353872,251738,37451,70505,2.3318574233947165,0.21879451221593643
4922,0.4931,18,88,18,353960,251650,37469,70487,2.3310422764830117,0.2188106302597963
4923,0.4932,7,86,7,354046,251564,37476,70480,2.3302456556374818,0.21885208232415446
4924,0.4933,15,110,15,354156,251454,37491,70465,2.329226721997851,0.2188904662352952
4925,0.4934,3,40,3,354196,251414,37494,70462,2.3288562006743487,0.21891038785122222
4926,0.4935,20,136,20,354332,251278,37514,70442,2.3275964281744415,0.2189543702598533
4927,0.4936,3,42,3,354374,251236,37517,70439,2.327207380784764,0.21897567420533146
4928,0.4937,12,105,12,354479,251131,37529,70427,2.326234762310571,0.21901803096175496
4929,0.4938,14,81,14,354560,251050,37543,70413,2.325484456630479,0.21903920513402786
4930,0.4939,17,138,17,354698,250912,37560,70396,2.3242061580643965,0.21909196160693167
4931,0.494,40,213,40,354911,250699,37600,70356,2.3222331320167475,0.2191400227375372
4932,0.4941,36,142,36,355053,250557,37636,70320,2.320917781318315,0.21914939369291037
4933,0.4942,39,203,39,355256,250354,37675,70281,2.319037385601541,0.21919316356604862
4934,0.4943,13,100,13,355356,250254,37688,70268,2.318111082292786,0.21922988125620083
4935,0.4944,20,99,20,355455,250155,37708,70248,2.317194042017118,0.219248883437421
4936,0.4945,28,153,28,355608,250002,37736,70220,2.3157767979547224,0.21928537077402552
4937,0.4946,35,91,35,355699,249911,37771,70185,2.314933861943755,0.21926234629611116
4938,0.4947,13,76,13,355775,249835,37784,70172,2.3142298714291005,0.2192827031908677
4939,0.4948,17,117,17,355892,249718,37801,70155,2.313146096557857,0.2193214181878433
4940,0.4949,17,108,17,356000,249610,37818,70138,2.312145688984401,0.21935399126812366
4941,0.495,16,77,16,356077,249533,37834,70122,2.3114324354366595,0.2193677558617885
4942,0.4951,18,97,18,356174,249436,37852,70104,2.3105339212271665,0.21939037366213932
4943,0.4952,20,123,20,356297,249313,37872,70084,2.3093945681573973,0.21942598083263148
4944,0.4953,23,214,23,356511,249099,37895,70061,2.3074122790766607,0.21951685674896604
4945,0.4954,9,54,9,356565,249045,37904,70052,2.306912075289933,0.219531991839472
4946,0.4955,27,151,27,356716,248894,37931,70025,2.3055133572937123,0.21956985943139168
4947,0.4956,37,185,37,356901,248709,37968,69988,2.303799696172515,0.2196067110766653
4948,0.4957,19,89,19,356990,248620,37987,69969,2.3029752862277224,0.2196215186337256
4949,0.4958,15,71,15,357061,248549,38002,69954,2.302317610878506,0.2196337240151584
4950,0.4959,29,168,29,357229,248381,38031,69925,2.300761421319797,0.2196785483151433
4951,0.496,18,157,18,357386,248224,38049,69907,2.299307125125051,0.21974281035171045
4952,0.4961,37,197,37,357583,248027,38086,69870,2.2974823076068027,0.21978817038223072
4953,0.4962,25,124,25,357707,247903,38111,69845,2.296333691503946,0.21981255586187798
4954,0.4963,31,182,31,357889,247721,38142,69814,2.294647819482011,0.21986237737572237
4955,0.4964,11,77,11,357966,247644,38153,69803,2.2939345659342694,0.21988867432988815
4956,0.4965,33,160,33,358126,247484,38186,69770,2.292452480640261,0.21991842498439737
4957,0.4966,20,105,20,358231,247379,38206,69750,2.2914798621660677,0.21994204251266836
4958,0.4967,36,173,36,358404,247206,38242,69714,2.2898773574419207,0.2199734948882999
4959,0.4968,37,177,37,358581,247029,38279,69677,2.288237800585424,0.2200053046042702
4960,0.4969,23,117,23,358698,246912,38302,69654,2.28715402571418,0.2200299463618961
4961,0.497,25,120,25,358818,246792,38327,69629,2.286042461743673,0.2200517664756764
4962,0.4971,30,186,30,359004,246606,38357,69599,2.284319537589388,0.22010720893091507
4963,0.4972,24,116,24,359120,246490,38381,69575,2.283245025751232,0.22012877098065273
4964,0.4973,25,200,25,359320,246290,38406,69550,2.281392419133721,0.2202064336372847
4965,0.4974,19,107,19,359427,246183,38425,69531,2.280401274593353,0.2202341359584941
4966,0.4975,7,41,7,359468,246142,38432,69524,2.2800214902367633,0.22024544930401121
4967,0.4976,14,84,14,359552,246058,38446,69510,2.2792433954574087,0.2202694823302743
4968,0.4977,11,107,11,359659,245951,38457,69499,2.27825225091704,0.22031700744967506
4969,0.4978,20,113,20,359772,245838,38477,69479,2.2772055281781465,0.22034650843436923
4970,0.4979,5,31,5,359803,245807,38482,69474,2.2769183741524324,0.22035580957939108
4971,0.498,15,92,15,359895,245715,38497,69459,2.2760661751083773,0.2203830265186849
4972,0.4981,7,78,7,359973,245637,38504,69452,2.2753436585275484,0.2204202622116291
4973,0.4982,8,50,8,360023,245587,38512,69444,2.2748805068731706,0.2204354492097603
4974,0.4983,18,83,18,360106,245504,38530,69426,2.2741116751269037,0.22044898866414758
4975,0.4984,28,132,28,360238,245372,38558,69398,2.2728889547593463,0.2204720907329161
4976,0.4985,35,170,35,360408,245202,38593,69363,2.2713142391344623,0.2205045062228792
4977,0.4986,25,132,25,360540,245070,38618,69338,2.270091518766905,0.22053510088801812
4978,0.4987,48,220,48,360760,244850,38666,69290,2.268053651487643,0.220570446297829
4979,0.4988,32,176,32,360936,244674,38698,69258,2.2664233576642334,0.22061465540308092
4980,0.4989,22,191,22,361127,244483,38720,69236,2.264654118344511,0.22069431561365427
4981,0.499,9,72,9,361199,244411,38729,69227,2.2639871799622067,0.22072261651968192
4982,0.4991,17,67,17,361266,244344,38746,69210,2.2633665567453405,0.22072753018618801
4983,0.4992,21,141,21,361407,244203,38767,69189,2.2620604690799957,0.22077462092204012
4984,0.4993,4,39,4,361446,244164,38771,69185,2.261699210789581,0.22079215188176762
4985,0.4994,13,98,13,361544,244066,38784,69172,2.2607914335470007,0.22082889049221358
4986,0.4995,17,127,17,361671,243939,38801,69155,2.2596150283448813,0.22087615859773743
4987,0.4996,13,76,13,361747,243863,38814,69142,2.2589110378302273,0.2208974297535183
4988,0.4997,38,189,38,361936,243674,38852,69104,2.2571603245766796,0.2209362551074564
4989,0.4998,17,170,17,362106,243504,38869,69087,2.255585608951795,0.22101404071134487
4990,0.4999,13,73,13,362179,243431,38882,69074,2.254909407536404,0.2210332634677845
4991,0.5,19,105,19,362284,243326,38901,69055,2.2539367890622106,0.22106017971643602
4992,0.5001,34,165,34,362449,243161,38935,69021,2.252408388602764,0.22109218340583378
4993,0.5002,47,272,47,362721,242889,38982,68974,2.249888843602949,0.22116762809310497
4994,0.5003,32,154,32,362875,242735,39014,68942,2.248462336507466,0.22119694427243589
4995,0.5004,21,140,21,363015,242595,39035,68921,2.2471655118752083,0.22124385264320293
4996,0.5005,21,117,21,363132,242478,39056,68900,2.2460817370039647,0.22127446383495303
4997,0.5006,9,63,9,363195,242415,39065,68891,2.245498165919449,0.2212967305480781
4998,0.5007,40,254,40,363449,242161,39105,68851,2.24314535551521,0.2213773102002495
4999,0.5008,17,143,17,363592,242018,39122,68834,2.2418207417836897,0.22143656788439514
5000,0.5009,11,129,11,363721,241889,39133,68823,2.2406258105153953,0.22150093977702826
5001,0.501,14,76,14,363797,241813,39147,68809,2.239921820000741,0.22152004687369214
5002,0.5011,17,67,17,363864,241746,39164,68792,2.2393011967838747,0.22152522396614907
5003,0.5012,5,37,5,363901,241709,39169,68787,2.2389584645596354,0.2215390858497372
5004,0.5013,15,79,15,363980,241630,39184,68772,2.2382266849457184,0.2215578507870439
5005,0.5014,33,240,33,364220,241390,39217,68739,2.2360035570047057,0.22164647614379823
5006,0.5015,7,98,7,364318,241292,39224,68732,2.2350957797621254,0.22169896524140068
5007,0.5016,25,142,25,364460,241150,39249,68707,2.2337804290636925,0.22173776935812325
5008,0.5017,18,102,18,364562,241048,39267,68689,2.232835599688762,0.22176556239648476
5009,0.5018,8,104,8,364666,240944,39275,68681,2.2318722442476564,0.22181994348001616
5010,0.5019,16,70,16,364736,240874,39291,68665,2.2312238319315276,0.22182988250268948
5011,0.502,27,137,27,364873,240737,39318,68638,2.2299547963985327,0.221860202020202
5012,0.5021,20,85,20,364958,240652,39338,68618,2.2291674385860905,0.22187085717981053
5013,0.5022,11,51,11,365009,240601,39349,68607,2.2286950238986254,0.22187977025173994
5014,0.5023,23,102,23,365111,240499,39372,68584,2.227750194523695,0.22189508966847094
5015,0.5024,33,137,33,365248,240362,39405,68551,2.2264811589907,0.22191037606057368
5016,0.5025,16,117,16,365365,240245,39421,68535,2.225397384119456,0.22195414210764947
5017,0.5026,23,125,23,365490,240120,39444,68512,2.2242395049835118,0.22198605458928433
5018,0.5027,20,117,20,365607,240003,39464,68492,2.2231557301122677,0.22201980583153696
5019,0.5028,11,106,11,365713,239897,39475,68481,2.2221738486049873,0.2220683706360376
5020,0.5029,42,206,42,365919,239691,39517,68439,2.220265663788951,0.2221107973907117
5021,0.503,25,165,25,366084,239526,39542,68414,2.218737263329505,0.22216665584204714
5022,0.5031,16,75,16,366159,239451,39558,68398,2.218042535847938,0.22218035465439226
5023,0.5032,25,114,25,366273,239337,39583,68373,2.2169865500759567,0.222199473530272
5024,0.5033,10,48,10,366321,239289,39593,68363,2.2165419244877542,0.22220885936057624
5025,0.5034,13,57,13,366378,239232,39606,68350,2.2160139316017635,0.22221716485360002
5026,0.5035,6,46,6,366424,239186,39612,68344,2.215587832079736,0.22223522908334145
5027,0.5036,36,181,36,366605,239005,39648,68308,2.213911223090889,0.2222750095179833
5028,0.5037,6,64,6,366669,238941,39654,68302,2.2133183889732853,0.2223061225154031
5029,0.5038,7,51,7,366720,238890,39661,68295,2.21284597428582,0.22232530885297133
5030,0.5039,8,114,8,366834,238776,39669,68287,2.211789988513839,0.22238758821479632
5031,0.504,18,95,18,366929,238681,39687,68269,2.2109100003705215,0.22241081609382635
5032,0.5041,11,85,11,367014,238596,39698,68258,2.2101226425580793,0.2224445501769571
5033,0.5042,10,64,10,367078,238532,39708,68248,2.2095298084404758,0.22246561053523697
5034,0.5043,19,82,19,367160,238450,39727,68229,2.208770239727296,0.22247692212378414
5035,0.5044,41,247,41,367407,238203,39768,68188,2.2064822705546705,0.22255222901455982
5036,0.5045,26,143,26,367550,238060,39794,68162,2.2051576568231503,0.22259014701752322
5037,0.5046,35,186,35,367736,237874,39829,68127,2.2034347326688652,0.22263652733161002
5038,0.5047,42,142,42,367878,237732,39871,68085,2.2021193819704323,0.22263314335043508
5039,0.5048,20,98,20,367976,237634,39891,68065,2.201211604727852,0.22265365604728835
5040,0.5049,49,230,49,368206,237404,39940,68016,2.1990811071177148,0.22269661449806824
5041,0.505,23,151,23,368357,237253,39963,67993,2.197682389121494,0.22274820964074876
5042,0.5051,19,114,19,368471,237139,39982,67974,2.1966264033495126,0.22278303448230655
5043,0.5052,20,105,20,368576,237034,40002,67954,2.1956537848753195,0.22280876624654083
5044,0.5053,33,185,33,368761,236849,40035,67921,2.193940123754122,0.22285986153492798
5045,0.5054,18,83,18,368844,236766,40053,67903,2.193171292007855,0.22287466069734696
5046,0.5055,10,84,10,368928,236682,40063,67893,2.1923931972285007,0.22291061314947058
5047,0.5056,17,130,17,369058,236552,40080,67876,2.1911890029271186,0.2229624081884715
5048,0.5057,28,175,28,369233,236377,40108,67848,2.1895679721367967,0.22301914701290163
5049,0.5058,20,100,20,369333,236277,40128,67828,2.188641668828041,0.22304138373259236
5050,0.5059,10,46,10,369379,236231,40138,67818,2.1882155693060135,0.22304957424625635
5051,0.506,15,72,15,369451,236159,40153,67803,2.1875486309237098,0.22306406721892869
5052,0.5061,8,56,8,369507,236103,40161,67795,2.1870299010708067,0.22308471921499978
5053,0.5062,16,76,16,369583,236027,40177,67779,2.1863259105561523,0.22309960961929654
5054,0.5063,9,83,9,369666,235944,40186,67770,2.1855570788098855,0.22313755704379779
5055,0.5064,20,112,20,369778,235832,40206,67750,2.1845196191040794,0.22316869906647957
5056,0.5065,20,149,20,369927,235683,40226,67730,2.183139427174034,0.22322708651244344
5057,0.5066,8,60,8,369987,235623,40234,67722,2.182583645188781,0.2232507540918756
5058,0.5067,17,105,17,370092,235518,40251,67705,2.1816110267145876,0.22328451337794297
5059,0.5068,11,85,11,370177,235433,40262,67694,2.1808236689021454,0.22331893892658852
5060,0.5069,20,170,20,370347,235263,40282,67674,2.179248953277261,0.22339298269937313
5061,0.507,25,126,25,370473,235137,40307,67649,2.178081811108229,0.22342182267343932
5062,0.5071,4,39,4,370512,235098,40311,67645,2.1777205528178145,0.22344034378994726
5063,0.5072,19,109,19,370621,234989,40330,67626,2.176710882211271,0.22347206846983791
5064,0.5073,16,83,16,370704,234906,40346,67610,2.175942050465004,0.2234923111504846
5065,0.5074,20,83,20,370787,234823,40366,67590,2.1751732187187374,0.2235022965282577
5066,0.5075,18,125,18,370912,234698,40384,67572,2.174015339582793,0.22354848314420883
5067,0.5076,14,78,14,370990,234620,40398,67558,2.173292823001964,0.22357021358272278
5068,0.5077,24,183,24,371173,234437,40422,67534,2.1715976879469414,0.22364399230389673
5069,0.5078,13,75,13,371248,234362,40435,67521,2.1709029604653747,0.22366612230566146
5070,0.5079,19,119,19,371367,234243,40454,67502,2.1698006595279558,0.22370544665197434
5071,0.508,14,104,14,371471,234139,40468,67488,2.1688373040868503,0.2237465478886174
5072,0.5081,24,95,24,371566,234044,40492,67464,2.1679573159435326,0.22375525690860606
5073,0.5082,29,163,29,371729,233881,40521,67435,2.166447441550261,0.22380159035696742
5074,0.5083,24,145,24,371874,233736,40545,67411,2.165104301752566,0.22384748976413513
5075,0.5084,24,170,24,372044,233566,40569,67387,2.1635295861276815,0.2239120394214379
5076,0.5085,17,103,17,372147,233463,40586,67370,2.1625754937196637,0.22394484647628418
5077,0.5086,36,147,36,372294,233316,40622,67334,2.1612138278557933,0.22396141692998503
5078,0.5087,22,107,22,372401,233209,40644,67312,2.1602226833154248,0.22398434718372426
5079,0.5088,16,117,16,372518,233092,40660,67296,2.1591389084441808,0.2240302542045621
5080,0.5089,21,163,21,372681,232929,40681,67275,2.1576290340509097,0.22409761362273653
5081,0.509,16,132,16,372813,232797,40697,67259,2.1564063136833527,0.22415482443277254
5082,0.5091,25,93,25,372906,232704,40722,67234,2.15554485160621,0.22415965966299703
5083,0.5092,18,60,18,372966,232644,40740,67216,2.1549890696209566,0.22415794037217368
5084,0.5093,32,150,32,373116,232494,40772,67184,2.1535996146578236,0.22418729436261586
5085,0.5094,14,63,14,373179,232431,40786,67170,2.1530160435733077,0.22419818358416693
5086,0.5095,30,149,30,373328,232282,40816,67140,2.151635851643262,0.22423202035922543
5087,0.5096,15,91,15,373419,232191,40831,67125,2.1507929156322945,0.22426131580002406
5088,0.5097,13,90,13,373509,232101,40844,67112,2.1499592426544147,0.2242950673934622
5089,0.5098,21,136,21,373645,231965,40865,67091,2.1486994701545075,0.22434259804183831
5090,0.5099,19,149,19,373794,231816,40884,67072,2.1473192782244617,0.22440512834238913
5091,0.51,10,72,10,373866,231744,40894,67062,2.146652339842158,0.2244332443123632
5092,0.5101,26,152,26,374018,231592,40920,67036,2.1452443588128496,0.22447995499417336
5093,0.5102,12,86,12,374104,231506,40932,67024,2.14444773796732,0.2245134492345828
5094,0.5103,18,125,18,374229,231381,40950,67006,2.1432898588313756,0.2245607214791529
5095,0.5104,21,116,21,374345,231265,40971,66985,2.1422153469932192,0.224593461860855
5096,0.5105,32,171,32,374516,231094,41003,66953,2.1406313683352476,0.22463906699278974
5097,0.5106,10,59,10,374575,231035,41013,66943,2.140084849383082,0.22465752505218506
5098,0.5107,25,110,25,374685,230925,41038,66918,2.139065915743451,0.22467541624278564
5099,0.5108,27,141,27,374826,230784,41065,66891,2.137759828078106,0.22471151423532376
5100,0.5109,13,84,13,374910,230700,41078,66878,2.1369817332987515,0.2247410762892418
5101,0.511,11,64,11,374974,230636,41089,66867,2.136388899181148,0.22476075871503817
5102,0.5111,7,40,7,375014,230596,41096,66860,2.1360183778576456,0.22477273949760637
5103,0.5112,22,150,22,375164,230446,41118,66838,2.1346289228945126,0.22482878325103267
5104,0.5113,13,80,13,375244,230366,41131,66825,2.1338878802475083,0.22485539602477866
5105,0.5114,19,149,19,375393,230217,41150,66806,2.1325076883174625,0.2249186089966097
5106,0.5115,7,53,7,375446,230164,41157,66799,2.132016747563822,0.22494048080063847
5107,0.5116,16,89,16,375535,230075,41173,66783,2.13119233761903,0.22496614542980145
5108,0.5117,32,168,32,375703,229907,41205,66751,2.129636148060321,0.22500994411072683
5109,0.5118,23,129,23,375832,229778,41228,66728,2.1284412167920266,0.22504772247441873
5110,0.5119,20,186,20,376018,229592,41248,66708,2.1267182926377415,0.22513668579142762
5111,0.512,7,66,7,376084,229526,41255,66701,2.1261069324539625,0.22516853629142516
5112,0.5121,20,103,20,376187,229423,41275,66681,2.1251528400459447,0.22519452624753464
5113,0.5122,15,59,15,376246,229364,41290,66666,2.124606321093779,0.22520014863358442
5114,0.5123,9,52,9,376298,229312,41299,66657,2.124124643373226,0.2252161543945481
5115,0.5124,14,103,14,376401,229209,41313,66643,2.123170550965208,0.2252578992198802
5116,0.5125,30,224,30,376625,228985,41343,66613,2.121095631553596,0.22534996853835276
5117,0.5126,7,64,7,376689,228921,41350,66606,2.1205027974359925,0.22538042209341277
5118,0.5127,13,139,13,376828,228782,41363,66593,2.1192152358368226,0.2254523910283538
5119,0.5128,14,36,14,376864,228746,41377,66579,2.1188817666456705,0.22544315584525523
5120,0.5129,20,139,20,377003,228607,41397,66559,2.1175942050465006,0.22549683906683018
5121,0.513,12,45,12,377048,228562,41409,66547,2.1171773685575603,0.22549973060801262
5122,0.5131,15,101,15,377149,228461,41424,66532,2.1162418022157174,0.22553755512842677
5123,0.5132,16,95,16,377244,228366,41440,66516,2.1153618140723998,0.22556819337904654
5124,0.5133,26,166,26,377410,228200,41466,66490,2.113824150579866,0.22562692999423123
5125,0.5134,13,64,13,377474,228136,41479,66477,2.1132313164622625,0.2256417741240203
5126,0.5135,26,113,26,377587,228023,41505,66451,2.1121845937233688,0.22565999035568504
5127,0.5136,28,134,28,377721,227889,41533,66423,2.1109433472896364,0.22568906466606867
5128,0.5137,19,104,19,377825,227785,41552,66404,2.109979991848531,0.2257188406092682
5129,0.5138,31,170,31,377995,227615,41583,66373,2.1084052762236465,0.22576771841027524
5130,0.5139,47,231,47,378226,227384,41630,66326,2.1062655155804215,0.2258213884443839
5131,0.514,27,93,27,378319,227291,41657,66299,2.105404053503279,0.22582172417316665
5132,0.5141,33,219,33,378538,227072,41690,66266,2.1033754492571046,0.22590322426688667
5133,0.5142,9,91,9,378629,226981,41699,66257,2.102532513246137,0.22594956997387788
5134,0.5143,17,134,17,378763,226847,41716,66240,2.101291266812405,0.22600797715354143
5135,0.5144,12,52,12,378815,226795,41728,66228,2.100809589091852,0.22601638779208458
5136,0.5145,8,88,8,378903,226707,41736,66220,2.0999944421801473,0.22606314883913056
5137,0.5146,30,124,30,379027,226583,41766,66190,2.098845826077291,0.22607959067263717
5138,0.5147,12,42,12,379069,226541,41778,66178,2.0984567786876136,0.22608030226941195
5139,0.5148,15,59,15,379128,226482,41793,66163,2.097910259735448,0.22608621367185497
5140,0.5149,17,101,17,379229,226381,41810,66146,2.0969746933936046,0.22611929838955036
5141,0.515,20,180,20,379409,226201,41830,66126,2.095307347437845,0.22620558484163283
5142,0.5151,32,162,32,379571,226039,41862,66094,2.0938067360776613,0.22624626454388927
5143,0.5152,15,69,15,379640,225970,41877,66079,2.0931675867946202,0.22625997692168096
5144,0.5153,10,60,10,379700,225910,41887,66069,2.092611804809367,0.22627997218978077
5145,0.5154,20,105,20,379805,225805,41907,66049,2.0916391863351738,0.2263083596592817
5146,0.5155,15,88,15,379893,225717,41922,66034,2.090824039423469,0.22633684203310356
5147,0.5156,18,115,18,380008,225602,41940,66016,2.0897587906184003,0.22637834427230144
5148,0.5157,23,112,23,380120,225490,41963,65993,2.088721330912594,0.2264042842978836
5149,0.5158,12,79,12,380199,225411,41975,65981,2.0879895512986772,0.2264338073797496
5150,0.5159,25,162,25,380361,225249,42000,65956,2.0864889399384934,0.22649336378152848
5151,0.516,30,167,30,380528,225082,42030,65926,2.084942013412872,0.2265436001759402
5152,0.5161,16,114,16,380642,224968,42046,65910,2.0838860276408906,0.22658984178934125
5153,0.5162,8,57,8,380699,224911,42054,65902,2.0833580347549003,0.22661297809932843
5154,0.5163,26,153,26,380852,224758,42080,65876,2.0819407906925043,0.22666308828285747
5155,0.5164,16,81,16,380933,224677,42096,65860,2.0811904850124123,0.22668369261057972
5156,0.5165,26,130,26,381063,224547,42122,65834,2.0799862907110303,0.2267159352712471
5157,0.5166,33,157,33,381220,224390,42155,65801,2.0785319945162843,0.22675065732569238
5158,0.5167,28,191,28,381411,224199,42183,65773,2.0767627551965617,0.22682534865435283
5159,0.5168,14,87,14,381498,224112,42197,65759,2.075956871317944,0.22685608425817003
5160,0.5169,29,204,29,381702,223908,42226,65730,2.0740672125680835,0.22693845420835665
5161,0.517,37,180,37,381882,223728,42263,65693,2.0723998666123236,0.22698076504469267
5162,0.5171,14,115,14,381997,223613,42277,65679,2.071334617807255,0.22703358544308172
5163,0.5172,17,86,17,382083,223527,42294,65662,2.070537996961725,0.22705566255977924
5164,0.5173,12,74,12,382157,223453,42306,65650,2.069852532513246,0.2270816975264871
5165,0.5174,13,77,13,382234,223376,42319,65637,2.0691392789655043,0.22710743115361592
5166,0.5175,24,155,24,382389,223221,42343,65613,2.0677035088369338,0.22716508444296724
5167,0.5176,13,80,13,382469,223141,42356,65600,2.066962466189929,0.22719322853353005
5168,0.5177,10,77,10,382546,223064,42366,65590,2.0662492126421874,0.22722706077171978
5169,0.5178,17,103,17,382649,222961,42383,65573,2.0652951202341696,0.22726264495692017
5170,0.5179,13,89,13,382738,222872,42396,65560,2.064470710289377,0.227297941975925
5171,0.518,15,109,15,382847,222763,42411,65545,2.0634610396828337,0.22734367412628162
5172,0.5181,17,140,17,382987,222623,42428,65528,2.062164215050576,0.22740854621361717
5173,0.5182,21,97,21,383084,222526,42449,65507,2.0612657008410835,0.22742880156093226
5174,0.5183,6,34,6,383118,222492,42455,65501,2.0609507577161064,0.22743955582253736
5175,0.5184,21,104,21,383222,222388,42476,65480,2.059987402275001,0.22746536607056012
5176,0.5185,22,124,22,383346,222264,42498,65458,2.058838786172144,0.22750432709351387
5177,0.5186,20,130,20,383476,222134,42518,65438,2.0576345918707624,0.22755344748445608
5178,0.5187,16,62,16,383538,222072,42534,65422,2.0570602838193337,0.22755953167718282
5179,0.5188,17,122,17,383660,221950,42551,65405,2.055930193782652,0.22761044700805624
5180,0.5189,19,82,19,383742,221868,42570,65386,2.0551706250694726,0.22762433247230673
5181,0.519,11,47,11,383789,221821,42581,65375,2.054735262514358,0.22763200044568865
5182,0.5191,10,97,10,383886,221724,42591,65365,2.0538367483048647,0.22768200801841937
5183,0.5192,24,77,24,383963,221647,42615,65341,2.053123494757123,0.22767850920595983
5184,0.5193,16,137,16,384100,221510,42631,65325,2.0518544592241286,0.22774417347952655
5185,0.5194,30,160,30,384260,221350,42661,65295,2.0503723739301196,0.2277904725357149
5186,0.5195,16,106,16,384366,221244,42677,65279,2.0493904924228388,0.22783162259225262
5187,0.5196,24,146,24,384512,221098,42701,65255,2.048038089592056,0.227883067402821
5188,0.5197,10,73,10,384585,221025,42711,65245,2.0473618881766646,0.22791420686764244
5189,0.5198,12,71,12,384656,220954,42723,65233,2.046704212827448,0.2279383759569792
5190,0.5199,13,36,13,384692,220918,42736,65220,2.046370743636296,0.2279319768782895
5191,0.52,20,80,20,384772,220838,42756,65200,2.045629700989292,0.22794174200630685
5192,0.5201,37,181,37,384953,220657,42793,65163,2.0439530920004447,0.22798614512630327
5193,0.5202,10,50,10,385003,220607,42803,65153,2.043489940346067,0.22799902015677492
5194,0.5203,19,91,19,385094,220516,42822,65134,2.0426470043350995,0.22802030456852793
5195,0.5204,19,91,19,385185,220425,42841,65115,2.041804068324132,0.22804160537928136
5196,0.5205,15,72,15,385257,220353,42856,65100,2.041137129941828,0.22805855955271095
5197,0.5206,33,176,33,385433,220177,42889,65067,2.0395068361184188,0.2281099690089888
5198,0.5207,17,72,17,385505,220105,42906,65050,2.0388398977361146,0.2281215479300731
5199,0.5208,24,145,24,385650,219960,42930,65026,2.0374967579384196,0.2281726119879573
5200,0.5209,13,103,13,385753,219857,42943,65013,2.0365426655304013,0.228219889774283
5201,0.521,27,123,27,385876,219734,42970,64986,2.035403312460632,0.22824529362180387
5202,0.5211,19,95,19,385971,219639,42989,64967,2.0345233243173144,0.22826995917162674
5203,0.5212,18,81,18,386052,219558,43007,64949,2.0337730186372225,0.22828612301279055
5204,0.5213,28,158,28,386210,219400,43035,64921,2.032309459409389,0.22833698530885865
5205,0.5214,5,18,5,386228,219382,43040,64916,2.032142724813813,0.2283378708256829
5206,0.5215,31,144,31,386372,219238,43071,64885,2.030808848049205,0.2283694033921928
5207,0.5216,21,140,21,386512,219098,43092,64864,2.0295120234169475,0.22842493009628048
5208,0.5217,21,141,21,386653,218957,43113,64843,2.0282059357516027,0.22848132487667372
5209,0.5218,24,137,24,386790,218820,43137,64819,2.0269369002186077,0.2285264015174218
5210,0.5219,30,148,30,386938,218672,43167,64789,2.0255659713216496,0.2285640705423321
5211,0.522,8,76,8,387014,218596,43175,64781,2.0248619808069956,0.22860359168175257
5212,0.5221,15,110,15,387124,218486,43190,64766,2.0238430471673645,0.22865151878892293
5213,0.5222,41,160,41,387284,218326,43231,64725,2.022360961873356,0.22866903844183556
5214,0.5223,24,109,24,387393,218217,43255,64701,2.0213512912668126,0.22869170572392
5215,0.5224,38,165,38,387558,218052,43293,64663,2.019822890807366,0.22872150398811525
5216,0.5225,27,127,27,387685,217925,43320,64636,2.0186464856052466,0.2287506060638234
5217,0.5226,21,115,21,387800,217810,43341,64615,2.017581236800178,0.22878640346994777
5218,0.5227,18,138,18,387938,217672,43359,64597,2.0163029382340953,0.22884907659006126
5219,0.5228,13,93,13,388031,217579,43372,64584,2.015441476156953,0.22888897552124127
5220,0.5229,28,172,28,388203,217407,43400,64556,2.0138482344658937,0.2289520256203828
5221,0.523,22,120,22,388323,217287,43422,64534,2.012736670495387,0.2289893230099957
5222,0.5231,4,46,4,388369,217241,43426,64530,2.0123105709733595,0.22901576102579754
5223,0.5232,7,77,7,388446,217164,43433,64523,2.011597317425618,0.22905920401012472
5224,0.5233,9,63,9,388509,217101,43442,64514,2.011013746341102,0.22908580863945457
5225,0.5234,9,58,9,388567,217043,43451,64505,2.0104764904220236,0.2291083580774859
5226,0.5235,12,94,12,388661,216949,43463,64493,2.0096057653117936,0.22915201000561394
5227,0.5236,10,108,10,388769,216841,43473,64483,2.008605357738338,0.22921258051214968
5228,0.5237,31,154,31,388923,216687,43504,64452,2.0071788506428545,0.2292531452413219
5229,0.5238,13,66,13,388989,216621,43517,64439,2.006567490459076,0.229271329965132
5230,0.5239,29,133,29,389122,216488,43546,64410,2.0053355070584313,0.2293003154169841
5231,0.524,17,127,17,389249,216361,43563,64393,2.004159101856312,0.22935737335888357
5232,0.5241,27,190,27,389439,216171,43590,64366,2.0023991255696765,0.22943854108370731
5233,0.5242,9,65,9,389504,216106,43599,64357,2.0017970284189857,0.22946698851541913
5234,0.5243,8,49,8,389553,216057,43607,64349,2.0013431397976955,0.2294851037424306
5235,0.5244,6,35,6,389588,216022,43613,64343,2.001018933639631,0.229497262497102
5236,0.5245,12,63,12,389651,215959,43625,64331,2.0004353625551152,0.22951585857504728
5237,0.5246,50,295,50,389946,215664,43675,64281,1.9977027677942865,0.22962010394899
5238,0.5247,37,216,37,390162,215448,43712,64244,1.995701952647375,0.22969552221729617
5239,0.5248,8,35,8,390197,215413,43720,64236,1.9953777464893105,0.22970223387174638
5240,0.5249,12,45,12,390242,215368,43732,64224,1.9949609100003705,0.2297061432372886
5241,0.525,13,67,13,390309,215301,43745,64211,1.9943402867835045,0.22972537851684363
5242,0.5251,38,146,38,390455,215155,43783,64173,1.9929878839527215,0.22974066330622064
5243,0.5252,22,61,22,390516,215094,43805,64151,1.9924228389343808,0.2297301652670594
5244,0.5253,7,42,7,390558,215052,43812,64144,1.9920337915447035,0.22974541182538433
5245,0.5254,28,153,28,390711,214899,43840,64116,1.9906165474823077,0.2297940970915542
5246,0.5255,15,94,15,390805,214805,43855,64101,1.9897458223720774,0.22983012197657993
5247,0.5256,22,136,22,390941,214669,43877,64079,1.9884860498721701,0.2298814700015785
5248,0.5257,21,115,21,391056,214554,43898,64058,1.9874208010671015,0.2299183093334099
5249,0.5258,33,147,33,391203,214407,43931,64025,1.9860591352032309,0.22994842546833696
5250,0.5259,25,141,25,391344,214266,43956,64000,1.9847530475378858,0.2299957594531851
5251,0.526,12,52,12,391396,214214,43968,63988,1.984271369817333,0.23000553554611397
5252,0.5261,28,200,28,391596,214014,43996,63960,1.9824187631998222,0.23009346197845842
5253,0.5262,45,194,45,391790,213820,44041,63915,1.9806217347808366,0.2301294399337498
5254,0.5263,15,84,15,391874,213736,44056,63900,1.979843640001482,0.23015747237389964
5255,0.5264,7,35,7,391909,213701,44063,63893,1.9795194338434177,0.23016707853916152
5256,0.5265,17,62,17,391971,213639,44080,63876,1.9789451257919892,0.2301713420896168
5257,0.5266,6,73,6,392044,213566,44086,63870,1.9782689243765978,0.23021525685203073
5258,0.5267,11,45,11,392089,213521,44097,63859,1.977852087887658,0.2302220780157185
5259,0.5268,16,89,16,392178,213432,44113,63843,1.9770276779428657,0.23025155531512037
5260,0.5269,13,89,13,392267,213343,44126,63830,1.9762032679980732,0.2302893860513109
5261,0.527,18,100,18,392367,213243,44144,63812,1.9752769646893178,0.23032249914276948
5262,0.5271,23,145,23,392512,213098,44167,63789,1.9739338248916225,0.23037917995427737
5263,0.5272,7,35,7,392547,213063,44174,63782,1.9736096187335581,0.2303888457440084
5264,0.5273,35,119,35,392666,212944,44209,63747,1.9725073177961392,0.23039058010560517
5265,0.5274,21,144,21,392810,212800,44230,63726,1.9711734410315314,0.23045210938573588
5266,0.5275,17,140,17,392950,212660,44247,63709,1.9698766163992738,0.23052151290484824
5267,0.5276,13,118,13,393068,212542,44260,63696,1.9687835784949423,0.23058377196475502
5268,0.5277,4,26,4,393094,212516,44264,63692,1.968542739634666,0.23059433470428084
5269,0.5278,24,69,24,393163,212447,44288,63668,1.9679035903516247,0.23058508230266375
5270,0.5279,17,93,17,393256,212354,44305,63651,1.967042128274482,0.23061538740240212
5271,0.528,15,93,15,393349,212261,44320,63636,1.9661806661973396,0.2306512937799251
5272,0.5281,14,86,14,393435,212175,44334,63622,1.96538404535181,0.23068416262685962
5273,0.5282,29,145,29,393580,212030,44363,63593,1.9640409055541146,0.23072457668627075
5274,0.5283,8,85,8,393665,211945,44371,63585,1.9632535477416726,0.23077341850252242
5275,0.5284,21,143,21,393808,211802,44392,63564,1.9619289340101522,0.2308345983164225
5276,0.5285,38,142,38,393950,211660,44430,63526,1.9606135833117195,0.2308474995094227
5277,0.5286,16,78,16,394028,211582,44446,63510,1.9598910667308904,0.2308682186323121
5278,0.5287,19,80,19,394108,211502,44465,63491,1.959150024083886,0.23088224063885263
5279,0.5288,13,111,13,394219,211391,44478,63478,1.9581218274111676,0.23093910189945027
5280,0.5289,12,101,12,394320,211290,44490,63466,1.9571862610693245,0.23099040603298926
5281,0.529,11,78,11,394398,211212,44501,63455,1.9564637444884954,0.2310252050664987
5282,0.5291,7,55,7,394453,211157,44508,63448,1.9559542776686798,0.23105187451066075
5283,0.5292,14,93,14,394546,211064,44522,63434,1.9550928155915372,0.23109093691028715
5284,0.5293,30,192,30,394738,210872,44552,63404,1.953314313238727,0.23116860388805438
5285,0.5294,11,146,11,394884,210726,44563,63393,1.951961910407944,0.23126087575104243
5286,0.5295,15,119,15,395003,210607,44578,63378,1.950859609470525,0.23131923280471559
5287,0.5296,12,93,12,395096,210514,44590,63366,1.9499981473933825,0.23136410106616037
5288,0.5297,16,150,16,395246,210364,44606,63350,1.9486086924302493,0.23144596184338398
5289,0.5298,23,95,23,395341,210269,44629,63327,1.9477287042869318,0.23146171727656836
5290,0.5299,8,61,8,395402,210208,44637,63319,1.9471636592685908,0.2314908583064926
5291,0.53,15,79,15,395481,210129,44652,63304,1.9464318796546742,0.23151558151357005
5292,0.5301,27,93,27,395574,210036,44679,63277,1.9455704175775317,0.23151844222558018
5293,0.5302,16,92,16,395666,209944,44695,63261,1.9447182185334766,0.23155139913251954
5294,0.5303,28,178,28,395844,209766,44723,63233,1.943069398643892,0.2316235590606559
5295,0.5304,6,49,6,395893,209717,44729,63227,1.942615510022602,0.23164825019051527
5296,0.5305,28,163,28,396056,209554,44757,63199,1.9411056356293304,0.23170780889669407
5297,0.5306,21,76,21,396132,209478,44778,63178,1.9404016451146764,0.2317132210551024
5298,0.5307,16,50,16,396182,209428,44794,63162,1.9399384934602986,0.23171062768260023
5299,0.5308,7,50,7,396232,209378,44801,63155,1.939475341805921,0.2317334047619921
5300,0.5309,31,134,31,396366,209244,44832,63124,1.9382340953721886,0.23175997180285496
5301,0.531,16,117,16,396483,209127,44848,63108,1.9371503205009448,0.23181442503719213
5302,0.5311,17,116,17,396599,209011,44865,63091,1.9360758086627885,0.23186525641119873
5303,0.5312,45,247,45,396846,208764,44910,63046,1.9337878394901626,0.23194878775615319
5304,0.5313,6,13,6,396859,208751,44916,63040,1.9336674200600243,0.231942926734145
5305,0.5314,16,102,16,396961,208649,44932,63024,1.932722590685094,0.23198477581504234
5306,0.5315,22,89,22,397050,208560,44954,63002,1.9318981807403015,0.23199858595827105
5307,0.5316,3,37,3,397087,208523,44957,62999,1.9315554485160622,0.23202171463085863
5308,0.5317,31,179,31,397266,208344,44988,62968,1.92989736559339,0.23208704369876748
5309,0.5318,23,106,23,397372,208238,45011,62945,1.9289154840861091,0.23211263242902394
5310,0.5319,15,120,15,397492,208118,45026,62930,1.9278039201156028,0.2321728992650748
5311,0.532,10,58,10,397550,208060,45036,62920,1.9272666641965246,0.23219425787881023
5312,0.5321,26,109,26,397659,207951,45062,62894,1.9262569935899811,0.23221399693551661
5313,0.5322,12,71,12,397730,207880,45074,62882,1.9255993182407647,0.23224086097753746
5314,0.5323,19,95,19,397825,207785,45093,62863,1.924719330097447,0.23226848157015756
5315,0.5324,29,154,29,397979,207631,45122,62834,1.9232928230019637,0.23231841458229346
5316,0.5325,37,216,37,398195,207415,45159,62797,1.9212920078550522,0.23239900522552662
5317,0.5326,24,119,24,398314,207296,45183,62773,1.920189706917633,0.23243319299882623
5318,0.5327,14,64,14,398378,207232,45197,62759,1.9195968728000297,0.2324484890237082
5319,0.5328,29,131,29,398509,207101,45226,62730,1.9183834154655601,0.23247884787144546
5320,0.5329,19,78,19,398587,207023,45245,62711,1.9176608988847308,0.2324920106475268
5321,0.533,26,182,26,398769,206841,45271,62685,1.915975026862796,0.2325749649384475
5322,0.5331,22,95,22,398864,206746,45293,62663,1.9150950387194783,0.2325943082822029
5323,0.5332,12,64,12,398928,206682,45305,62651,1.914502204601875,0.2326153869002313
5324,0.5333,12,107,12,399035,206575,45317,62639,1.9135110600615066,0.23267363510070055
5325,0.5334,15,96,15,399131,206479,45332,62624,1.9126218088851012,0.23271386792417773
5326,0.5335,26,97,26,399228,206382,45358,62598,1.9117232946756086,0.2327236225741691
5327,0.5336,14,97,14,399325,206285,45372,62584,1.9108247804661158,0.23276763033298745
5328,0.5337,17,76,17,399401,206209,45389,62567,1.9101207899514616,0.23278492127273268
5329,0.5338,21,65,21,399466,206144,45410,62546,1.9095186928007706,0.23278127209795677
5330,0.5339,16,108,16,399574,206036,45426,62530,1.9085182852273148,0.2328291742067127
5331,0.534,16,131,16,399705,205905,45442,62514,1.9073048278928453,0.23289707509528015
5332,0.5341,42,204,42,399909,205701,45484,62472,1.9054151691429841,0.2329541005246613
5333,0.5342,22,105,22,400014,205596,45506,62450,1.904442550668791,0.2329823985435336
5334,0.5343,13,79,13,400093,205517,45519,62437,1.9037107710548742,0.23301387551594677
5335,0.5344,14,104,14,400197,205413,45533,62423,1.9027474156137685,0.2330642632058424
5336,0.5345,22,140,22,400337,205273,45555,62401,1.901450590981511,0.23312312738629826
5337,0.5346,12,104,12,400441,205169,45567,62389,1.9004872355404054,0.23317934802921236
5338,0.5347,41,166,41,400607,205003,45608,62348,1.8989495720478713,0.23320653373280817
5339,0.5348,6,72,6,400679,204931,45614,62342,1.8982826336655674,0.2332521429399902
5340,0.5349,32,142,32,400821,204789,45646,62310,1.8969672829671347,0.2332842878483259
5341,0.535,23,108,23,400929,204681,45669,62287,1.895966875393679,0.23331260675436757
5342,0.5351,20,141,20,401070,204540,45689,62267,1.8946607877283337,0.23337843459879237
5343,0.5352,27,105,27,401175,204435,45716,62240,1.8936881692541405,0.23339270647792257
5344,0.5353,14,79,14,401254,204356,45730,62226,1.8929563896402237,0.2334216113616073
5345,0.5354,15,110,15,401364,204246,45745,62211,1.8919374560005928,0.23347481957689234
5346,0.5355,5,42,5,401406,204204,45750,62206,1.8915484086109156,0.2334972410945535
5347,0.5356,23,140,23,401546,204064,45773,62183,1.890251583978658,0.2335538053010926
5348,0.5357,38,200,38,401746,203864,45811,62145,1.8883989773611471,0.23361991511565397
5349,0.5358,30,137,30,401883,203727,45841,62115,1.8871299418281522,0.2336538244521182
5350,0.5359,20,125,20,402008,203602,45861,62095,1.8859720626922079,0.2337060636740347
5351,0.536,21,149,21,402157,203453,45882,62074,1.8845918707621623,0.23377660275602857
5352,0.5361,7,54,7,402211,203399,45889,62067,1.8840916669754344,0.23380395229520917
5353,0.5362,20,80,20,402291,203319,45909,62047,1.8833506243284301,0.2338166909099131
5354,0.5363,17,111,17,402402,203208,45926,62030,1.8823224276557116,0.23386543406299248
5355,0.5364,21,100,21,402502,203108,45947,62009,1.8813961243469561,0.233892960466511
5356,0.5365,22,117,22,402619,202991,45969,61987,1.8803123494757124,0.23393262836914763
5357,0.5366,23,88,23,402707,202903,45992,61964,1.8794972025640075,0.23394382841199546
5358,0.5367,4,41,4,402748,202862,45996,61960,1.8791174182074177,0.2339684769392271
5359,0.5368,12,104,12,402852,202758,46008,61948,1.8781540627663122,0.2340256737663672
5360,0.5369,23,146,23,402998,202612,46031,61925,1.8768016599355293,0.23408823718421243
5361,0.537,30,169,30,403167,202443,46061,61895,1.8752362073437325,0.23415097337499716
5362,0.5371,30,117,30,403284,202326,46091,61865,1.8741524324724887,0.23416770442596455
5363,0.5372,18,101,18,403385,202225,46109,61847,1.8732168661306459,0.23420506528522525
5364,0.5373,13,92,13,403477,202133,46122,61834,1.8723646670865908,0.23424897809195847
5365,0.5374,25,115,25,403592,202018,46147,61809,1.8712994182815221,0.2342785234263362
5366,0.5375,27,160,27,403752,201858,46174,61782,1.8698173329875134,0.23434228493400092
5367,0.5376,40,153,40,403905,201705,46214,61742,1.8684000889251176,0.234362129764241
5368,0.5377,21,127,21,404032,201578,46235,61721,1.8672236837229983,0.2344141071557431
5369,0.5378,14,65,14,404097,201513,46249,61707,1.8666215865723073,0.23443127421928425
5370,0.5379,30,103,30,404200,201410,46279,61677,1.8656674941642892,0.2344357569929339
5371,0.538,24,122,24,404322,201288,46303,61653,1.8645374041276075,0.23447465400983492
5372,0.5381,17,67,17,404389,201221,46320,61636,1.8639167809107413,0.23448491004614677
5373,0.5382,25,89,25,404478,201132,46345,61611,1.863092370965949,0.2344914992977929
5374,0.5383,34,152,34,404630,200980,46379,61577,1.8616843899366409,0.234528121512662
5375,0.5384,22,171,22,404801,200809,46401,61555,1.860100411278669,0.23461679193791832
5376,0.5385,27,124,27,404925,200685,46428,61528,1.8589517951758123,0.23464893044967258
5377,0.5386,12,102,12,405027,200583,46440,61516,1.8580069658008818,0.23470520681116677
5378,0.5387,12,55,12,405082,200528,46452,61504,1.8574974989810664,0.2347194235818526
5379,0.5388,10,66,10,405148,200462,46462,61494,1.8568861387972877,0.23474934721861687
5380,0.5389,30,108,30,405256,200354,46492,61464,1.855885731223832,0.2347584963600669
5381,0.539,9,67,9,405323,200287,46501,61455,1.8552651080069658,0.2347922763637475
5382,0.5391,14,73,14,405396,200214,46515,61441,1.8545889065915744,0.23481683896734248
5383,0.5392,14,84,14,405480,200130,46529,61427,1.8538108118122198,0.23485129436413477
5384,0.5393,29,108,29,405588,200022,46558,61398,1.8528104042387639,0.23486343814551297
5385,0.5394,11,69,11,405657,199953,46569,61387,1.8521712549557228,0.23489324251932348
5386,0.5395,27,128,27,405785,199825,46596,61360,1.8509855867205158,0.2349292646974367
5387,0.5396,14,103,14,405888,199722,46610,61346,1.8500314943124976,0.2349809245100893
5388,0.5397,27,87,27,405975,199635,46637,61319,1.8492256104338805,0.2349801114372648
5389,0.5398,13,104,13,406079,199531,46650,61306,1.8482622549927747,0.23503567361992356
5390,0.5399,18,73,18,406152,199458,46668,61288,1.8475860535773834,0.23504866805243416
5391,0.54,9,109,9,406261,199349,46677,61279,1.84657638297084,0.235120554967233
5392,0.5401,16,88,16,406349,199261,46693,61263,1.8457612360591351,0.2351529993397921
5393,0.5402,15,47,15,406396,199214,46708,61248,1.84532587350402,0.23515138484692585
5394,0.5403,21,88,21,406484,199126,46729,61227,1.8445107265923153,0.23516917415969857
5395,0.5404,39,212,39,406696,198914,46768,61188,1.8425469635777538,0.2352461726553429
5396,0.5405,18,104,18,406800,198810,46786,61170,1.8415836081366483,0.2352873297945996
5397,0.5406,12,93,12,406893,198717,46798,61158,1.8407221460595058,0.23533621933621934
5398,0.5407,20,101,20,406994,198616,46818,61138,1.8397865797176627,0.23536884898788854
5399,0.5408,12,66,12,407060,198550,46830,61126,1.8391752195338842,0.23539333631140344
5400,0.5409,18,80,18,407140,198470,46848,61108,1.83843417688688,0.23541286241515075
5401,0.541,26,102,26,407242,198368,46874,61082,1.8374893475119494,0.23542879167469646
5402,0.5411,29,126,29,407368,198242,46903,61053,1.8363222053429176,0.23545768333365472
5403,0.5412,28,134,28,407502,198108,46931,61025,1.8350809589091852,0.23549682981326192
5404,0.5413,27,154,27,407656,197954,46958,60998,1.833654451813702,0.2355571688961661
5405,0.5414,10,93,10,407749,197861,46968,60988,1.8327929897365594,0.23561226815633826
5406,0.5415,11,88,11,407837,197773,46979,60977,1.8319778428248545,0.2356599033816425
5407,0.5416,15,67,15,407904,197706,46994,60962,1.8313572196079884,0.2356766202236071
5408,0.5417,25,136,25,408040,197570,47019,60937,1.830097447108081,0.23572669212052286
5409,0.5418,18,102,18,408142,197468,47037,60919,1.8291526177331505,0.23576650528083842
5410,0.5419,7,31,7,408173,197437,47044,60912,1.8288654637074364,0.23577408853914666
5411,0.542,9,69,9,408242,197368,47053,60903,1.828226314424395,0.23581044716596133
5412,0.5421,28,126,28,408368,197242,47081,60875,1.8270591722553633,0.23584266049892103
5413,0.5422,12,64,12,408432,197178,47093,60863,1.82646633813776,0.23586561825446345
5414,0.5423,18,83,18,408515,197095,47111,60845,1.8256975063914929,0.23588819105218267
5415,0.5424,17,110,17,408625,196985,47128,60828,1.824678572751862,0.23593845151330617
5416,0.5425,14,102,14,408727,196883,47142,60814,1.8237337433769314,0.23599032972832434
5417,0.5426,29,130,29,408857,196753,47171,60785,1.8225295490755493,0.2360234217862995
5418,0.5427,33,172,33,409029,196581,47204,60752,1.82093630738449,0.23608320736166757
5419,0.5428,11,97,11,409126,196484,47215,60741,1.8200377931749971,0.23613956652735932
5420,0.5429,10,71,10,409197,196413,47225,60731,1.819380117825781,0.23617506144417136
5421,0.543,17,108,17,409305,196305,47242,60714,1.818379710252325,0.23622378112124007
5422,0.5431,20,116,20,409421,196189,47262,60694,1.8173051984141688,0.2362709871809345
5423,0.5432,11,61,11,409482,196128,47273,60683,1.8167401533958278,0.2362943954892898
5424,0.5433,17,61,17,409543,196067,47290,60666,1.816175108377487,0.23629996922873178
5425,0.5434,25,154,25,409697,195913,47315,60641,1.8147486012820038,0.23636739243979826
5426,0.5435,19,132,19,409829,195781,47334,60622,1.8135258809144466,0.23643249103949643
5427,0.5436,7,48,7,409877,195733,47341,60615,1.813081255326244,0.23645591149531106
5428,0.5437,17,114,17,409991,195619,47358,60598,1.812025269554263,0.23651045793214345
5429,0.5438,24,79,24,410070,195540,47382,60574,1.8112934899403461,0.23651186580975658
5430,0.5439,9,74,9,410144,195466,47391,60565,1.810608025491867,0.23655338611340032
5431,0.544,15,118,15,410262,195348,47406,60550,1.8095149875875356,0.23661771487076882
5432,0.5441,20,140,20,410402,195208,47426,60530,1.808218162955278,0.23668754741180426
5433,0.5442,15,86,15,410488,195122,47441,60515,1.8074215421097484,0.23672238369250148
5434,0.5443,8,86,8,410574,195036,47449,60507,1.8066249212642187,0.23677815475282046
5435,0.5444,10,110,10,410684,194926,47459,60497,1.8056059876245878,0.23685024449638442
5436,0.5445,19,85,19,410769,194841,47478,60478,1.8048186298121456,0.23687230484217783
5437,0.5446,34,117,34,410886,194724,47512,60444,1.8037348549409018,0.23687923250564333
5438,0.5447,29,135,29,411021,194589,47541,60415,1.802484345474082,0.236917852268984
5439,0.5448,18,71,18,411092,194518,47559,60397,1.8018266701248657,0.23692995704450504
5440,0.5449,8,30,8,411122,194488,47567,60389,1.801548779132239,0.23693389360358133
5441,0.545,12,78,12,411200,194410,47579,60377,1.8008262625514098,0.2369704890751883
5442,0.5451,25,123,25,411323,194287,47604,60352,1.7996869094816406,0.2370100416668303
5443,0.5452,51,244,51,411567,194043,47655,60301,1.7974267294082775,0.23708442109898406
5444,0.5453,33,171,33,411738,193872,47688,60268,1.7958427507503056,0.23714488077437632
5445,0.5454,13,78,13,411816,193794,47701,60255,1.7951202341694765,0.23717865451153125
5446,0.5455,20,49,20,411865,193745,47721,60235,1.7946663455481864,0.23716434364910624
5447,0.5456,26,125,26,411990,193620,47747,60209,1.793508466412242,0.23720299886931753
5448,0.5457,9,72,9,412062,193548,47756,60200,1.7928415280299381,0.23724324920787554
5449,0.5458,28,79,28,412141,193469,47784,60172,1.7921097484160213,0.23723293946956525
5450,0.5459,17,67,17,412208,193402,47801,60155,1.7914891251991552,0.23724448546086285
5451,0.546,29,89,29,412297,193313,47830,60126,1.7906647152543629,0.23724051941492824
5452,0.5461,23,116,23,412413,193197,47853,60103,1.7895902034162066,0.23727990525069087
5453,0.5462,10,71,10,412484,193126,47863,60093,1.7889325280669903,0.23731631512643206
5454,0.5463,26,87,26,412571,193039,47889,60067,1.788126644188373,0.23731954201006694
5455,0.5464,27,140,27,412711,192899,47916,60040,1.7868298195561154,0.23736948434207458
5456,0.5465,18,108,18,412819,192791,47934,60022,1.7858294119826597,0.23741658854568395
5457,0.5466,15,77,15,412896,192714,47949,60007,1.785116158434918,0.2374436631700571
5458,0.5467,27,122,27,413018,192592,47976,59980,1.7839860683982363,0.23747683828769617
5459,0.5468,13,71,13,413089,192521,47989,59967,1.78332839304902,0.23750435664269193
5460,0.5469,12,86,12,413175,192435,48001,59955,1.7825317722034904,0.23754903126114346
5461,0.547,44,198,44,413373,192237,48045,59911,1.7806976916521546,0.23760251915541666
5462,0.5471,15,79,15,413452,192158,48060,59896,1.7799659120382378,0.23763161862140653
5463,0.5472,13,105,13,413557,192053,48073,59883,1.7789932935640447,0.2376913184300775
5464,0.5473,6,64,6,413621,191989,48079,59877,1.778400459446441,0.23773355673254826
5465,0.5474,28,153,28,413774,191836,48107,59849,1.7769832153840452,0.23779327333770386
5466,0.5475,13,81,13,413855,191755,48120,59836,1.7762329097039535,0.2378304470350688
5467,0.5476,19,79,19,413934,191676,48139,59817,1.7755011300900367,0.23784757428636186
5468,0.5477,5,62,5,413996,191614,48144,59812,1.7749268220386083,0.2378910693404819
5469,0.5478,14,70,14,414066,191544,48158,59798,1.7742784097224795,0.2379148729619403
5470,0.5479,21,65,21,414131,191479,48179,59777,1.7736763125717885,0.23791272646225364
5471,0.548,5,56,5,414187,191423,48184,59772,1.7731575827188855,0.2379505961504011
5472,0.5481,14,49,14,414236,191374,48198,59758,1.7727036940975953,0.23795454183457304
5473,0.5482,11,83,11,414319,191291,48209,59747,1.7719348623513282,0.23799982472773046
5474,0.5483,35,122,35,414441,191169,48244,59712,1.7708047723146467,0.2380092553840267
5475,0.5484,14,69,14,414510,191100,48258,59698,1.7701656230316054,0.23803220121372579
5476,0.5485,16,76,16,414586,191024,48274,59682,1.7694616325169514,0.23805573061673832
5477,0.5486,7,48,7,414634,190976,48281,59675,1.7690170069287487,0.23808003957694165
5478,0.5487,22,118,22,414752,190858,48303,59653,1.7679239690244173,0.23812527194414618
5479,0.5488,13,61,13,414813,190797,48316,59640,1.7673589240060765,0.23814372476910362
5480,0.5489,14,87,14,414900,190710,48330,59626,1.7665530401274594,0.23818388086411862
5481,0.549,13,76,13,414976,190634,48343,59613,1.7658490496128052,0.23821664195774575
5482,0.5491,15,90,15,415066,190544,48358,59598,1.7650153766349252,0.23825667021131997
5483,0.5492,11,73,11,415139,190471,48369,59587,1.7643391752195339,0.23829271608986716
5484,0.5493,21,87,21,415226,190384,48390,59566,1.7635332913409167,0.2383116623324665
5485,0.5494,9,45,9,415271,190339,48399,59557,1.7631164548519767,0.23832714409194225
5486,0.5495,28,89,28,415360,190250,48427,59529,1.7622920449071844,0.23832668078581465
5487,0.5496,31,175,31,415535,190075,48458,59498,1.7606710141168624,0.2383991858093624
5488,0.5497,14,110,14,415645,189965,48472,59484,1.7596520804772315,0.2384615692987344
5489,0.5498,26,65,26,415710,189900,48498,59458,1.7590499833265405,0.23844432502666849
5490,0.5499,21,106,21,415816,189794,48519,59437,1.7580681018192597,0.23848156930718892
5491,0.55,24,110,24,415926,189684,48543,59413,1.7570491681796288,0.23851351080101327
5492,0.5501,17,75,17,416001,189609,48560,59396,1.7563544406980622,0.23853336278387985
5493,0.5502,14,67,14,416068,189542,48574,59382,1.755733817481196,0.23855473959923512
5494,0.5503,32,128,32,416196,189414,48606,59350,1.7545481492459891,0.23857953723207537
5495,0.5504,15,108,15,416304,189306,48621,59335,1.7535477416725334,0.23863723199311457
5496,0.5505,21,92,21,416396,189214,48642,59314,1.7526955426284783,0.2386612373656087
5497,0.5506,21,89,21,416485,189125,48663,59293,1.751871132683686,0.23868238211401752
5498,0.5507,23,99,23,416584,189026,48686,59270,1.750954092408018,0.23870702709669103
5499,0.5508,12,99,12,416683,188927,48698,59258,1.7500370521323503,0.23876543707315107
5500,0.5509,15,63,15,416746,188864,48713,59243,1.7494534810478344,0.2387800424816712
5501,0.551,14,77,14,416823,188787,48727,59229,1.7487402275000927,0.23881120572866266
5502,0.5511,35,127,35,416950,188660,48762,59194,1.7475638222979732,0.2388260830973073
5503,0.5512,39,177,39,417127,188483,48801,59155,1.7459242654414762,0.23887690903657757
5504,0.5513,20,71,20,417198,188412,48821,59135,1.7452665900922597,0.23888392911245138
5505,0.5514,22,81,22,417279,188331,48843,59113,1.744516284412168,0.23889445692762806
5506,0.5515,24,75,24,417354,188256,48867,59089,1.7438215569306013,0.23889304412864623
5507,0.5516,11,86,11,417440,188170,48878,59078,1.7430249360850716,0.23894227658059924
5508,0.5517,25,103,25,417543,188067,48903,59053,1.7420708436770536,0.23896487536419553
5509,0.5518,25,97,25,417640,187970,48928,59028,1.741172329467561,0.23898169215945067
5510,0.5519,8,53,8,417693,187917,48936,59020,1.7406813887139205,0.23900833005989383
5511,0.552,15,51,15,417744,187866,48951,59005,1.7402089740264552,0.23901146752757513
5512,0.5521,23,124,23,417868,187742,48974,58982,1.7390603579235986,0.23906065076765942
5513,0.5522,11,95,11,417963,187647,48985,58971,1.738180369780281,0.23911879911441988
5514,0.5523,17,124,17,418087,187523,49002,58954,1.7370317536774242,0.23918661781829542
5515,0.5524,8,103,8,418190,187420,49010,58946,1.736077661269406,0.23926191114033593
5516,0.5525,16,81,16,418271,187339,49026,58930,1.735327355589314,0.2392911815941105
5517,0.5526,17,72,17,418343,187267,49043,58913,1.7346604172070104,0.23930863595742952
5518,0.5527,19,47,19,418390,187220,49062,58894,1.7342250546518951,0.2392956109770269
5519,0.5528,14,96,14,418486,187124,49076,58880,1.73333580347549,0.23934570169590738
5520,0.5529,6,43,6,418529,187081,49082,58874,1.7329374930527253,0.23936899026244637
5521,0.553,12,95,12,418624,186986,49094,58862,1.7320575049094076,0.23942435976701051
5522,0.5531,19,111,19,418735,186875,49113,58843,1.731029308236689,0.23947370563003118
5523,0.5532,27,123,27,418858,186752,49140,58816,1.7298899551669198,0.2395100338806359
5524,0.5533,21,128,21,418986,186624,49161,58795,1.7287042869317129,0.23956987845276853
5525,0.5534,13,68,13,419054,186556,49174,58782,1.7280744006817592,0.23959598594591952
5526,0.5535,26,140,26,419194,186416,49200,58756,1.7267775760495017,0.23965216256342486
5527,0.5536,18,107,18,419301,186309,49218,58738,1.7257864315091334,0.23970095532693728
5528,0.5537,25,120,25,419421,186189,49243,58713,1.7246748675386268,0.23974079427689443
5529,0.5538,29,132,29,419553,186057,49272,58684,1.7234521471710698,0.2397800123395753
5530,0.5539,42,238,42,419791,185819,49314,58642,1.7212475452962317,0.23988284429827253
5531,0.554,10,82,10,419873,185737,49324,58632,1.7204879765830523,0.23993223363028862
5532,0.5541,7,81,7,419954,185656,49331,58625,1.7197376709029604,0.23999001150314597
5533,0.5542,11,56,11,420010,185600,49342,58614,1.7192189410500573,0.24001081019106194
5534,0.5543,17,125,17,420135,185475,49359,58597,1.7180610619141132,0.24008079583073846
5535,0.5544,23,126,23,420261,185349,49382,58574,1.7168939197450814,0.24013315677488387
5536,0.5545,15,81,15,420342,185268,49397,58559,1.7161436140649895,0.24016618340052578
5537,0.5546,21,88,21,420430,185180,49418,58538,1.7153284671532847,0.24018742973436513
5538,0.5547,21,112,21,420542,185068,49439,58517,1.7142910074474786,0.24023236241968923
5539,0.5548,11,69,11,420611,184999,49450,58506,1.7136518581644373,0.2402661136321636
5540,0.5549,28,120,28,420731,184879,49478,58478,1.712540294193931,0.24029717657597685
5541,0.555,12,81,12,420812,184798,49490,58466,1.711789988513839,0.24033971323335965
5542,0.5551,20,93,20,420905,184705,49510,58446,1.7109285264366965,0.2403691533244774
5543,0.5552,35,124,35,421029,184581,49545,58411,1.7097799103338398,0.24038239942055706
5544,0.5553,14,63,14,421092,184518,49559,58397,1.709196339249324,0.24040096329991972
5545,0.5554,27,132,27,421224,184386,49586,58370,1.7079736188817667,0.24044719800952397
5546,0.5555,15,109,15,421333,184277,49601,58355,1.7069639482752232,0.2405082594216756
5547,0.5556,20,97,20,421430,184180,49621,58335,1.7060654340657304,0.2405418221553306
5548,0.5557,21,90,21,421520,184090,49642,58314,1.7052317610878507,0.24056533720565668
5549,0.5558,33,152,33,421672,183938,49675,58281,1.7038237800585423,0.24061283384045018
5550,0.5559,27,160,27,421832,183778,49702,58254,1.7023416947645338,0.24068718186024987
5551,0.556,15,35,15,421867,183743,49717,58239,1.7020174886064694,0.2406749262341827
5552,0.5561,16,105,16,421972,183638,49733,58223,1.701044870132276,0.240729179156623
5553,0.5562,13,88,13,422060,183550,49746,58210,1.7002297232205714,0.24077597617471874
5554,0.5563,12,95,12,422155,183455,49758,58198,1.6993497350772537,0.24083292986224047
5555,0.5564,13,89,13,422244,183366,49771,58185,1.6985253251324615,0.24088080777972354
5556,0.5565,17,74,17,422318,183292,49788,58168,1.6978398606839824,0.2409011844611944
5557,0.5566,19,80,19,422398,183212,49807,58149,1.697098818036978,0.24092127559962048
5558,0.5567,25,88,25,422486,183124,49832,58124,1.6962836711252733,0.24093049476057832
5559,0.5568,38,149,38,422635,182975,49870,58086,1.6949034791952278,0.24095975707393563
5560,0.5569,10,50,10,422685,182925,49880,58076,1.69444032754085,0.24097825320226887
5561,0.557,22,85,22,422770,182840,49902,58054,1.693652969728408,0.24099396415020716
5562,0.5571,12,76,12,422846,182764,49914,58042,1.6929489792137538,0.24103220019434732
5563,0.5572,41,143,41,422989,182621,49955,58001,1.6916243654822336,0.24104612213347076
5564,0.5573,13,85,13,423074,182536,49968,57988,1.6908370076697914,0.2410902862084449
5565,0.5574,21,115,21,423189,182421,49989,57967,1.6897717588647228,0.2411393247583074
5566,0.5575,22,130,22,423319,182291,50011,57945,1.6885675645633407,0.24120031968564246
5567,0.5576,17,138,17,423457,182153,50028,57928,1.687289265997258,0.24128523290056272
5568,0.5577,25,75,25,423532,182078,50053,57903,1.6865945385156915,0.2412816014601156
5569,0.5578,9,42,9,423574,182036,50062,57894,1.6862054911260143,0.24129537781853042
5570,0.5579,27,125,27,423699,181911,50089,57867,1.6850476119900701,0.24133573555538873
5571,0.558,12,98,12,423797,181813,50101,57855,1.6841398347474896,0.2413964317305606
5572,0.5581,14,93,14,423890,181720,50115,57841,1.683278372670347,0.2414458112964965
5573,0.5582,22,143,22,424033,181577,50137,57819,1.681953758938827,0.2415203261541546
5574,0.5583,16,79,16,424112,181498,50153,57803,1.6812219793249101,0.24154934580298454
5575,0.5584,9,44,9,424156,181454,50162,57794,1.6808144058690577,0.24156523774493413
5576,0.5585,15,77,15,424233,181377,50177,57779,1.680101152321316,0.24159544397798927
5577,0.5586,16,40,16,424273,181337,50193,57763,1.679730630997814,0.24158511083228776
5578,0.5587,18,92,18,424365,181245,50211,57745,1.6788784319537589,0.24162098832587137
5579,0.5588,26,126,26,424491,181119,50237,57719,1.677711289784727,0.2416658990612884
5580,0.5589,18,115,18,424606,181004,50255,57701,1.6766460409796584,0.2417251419115645
5581,0.559,33,151,33,424757,180853,50288,57668,1.6752473229834377,0.2417732610545822
5582,0.5591,17,48,17,424805,180805,50305,57651,1.674802697395235,0.24176787331834804
5583,0.5592,20,72,20,424877,180733,50325,57631,1.674135759012931,0.2417772818042993
5584,0.5593,17,67,17,424944,180666,50342,57614,1.6735151357960651,0.24179117005203962
5585,0.5594,17,91,17,425035,180575,50359,57597,1.6726721997850977,0.241829434190417
5586,0.5595,19,149,19,425184,180426,50378,57578,1.6712920078550522,0.24192030386043933
5587,0.5596,19,64,19,425248,180362,50397,57559,1.6706991737374486,0.24192484059834987
5588,0.5597,9,47,9,425295,180315,50406,57550,1.6702638111823336,0.24194395980913544
5589,0.5598,10,46,10,425341,180269,50416,57540,1.669837711660306,0.24195888296910545
5590,0.5599,14,51,14,425392,180218,50430,57526,1.6693652969728408,0.24196614846221146
5591,0.56,24,107,24,425499,180111,50454,57502,1.6683741524324724,0.24199854385071523
5592,0.5601,12,63,12,425562,180048,50466,57490,1.6677905813479565,0.2420244339852992
5593,0.5602,20,141,20,425703,179907,50486,57470,1.6664844936826115,0.24210433192769307
5594,0.5603,19,59,19,425762,179848,50505,57451,1.6659379747304457,0.24210384367401463
5595,0.5604,10,80,10,425842,179768,50515,57441,1.6651969320834414,0.24215354392118343
5596,0.5605,5,54,5,425896,179714,50520,57436,1.6646967282967136,0.24219270503900486
5597,0.5606,18,65,18,425961,179649,50538,57418,1.6640946311460225,0.24220157170757634
5598,0.5607,27,201,27,426162,179448,50565,57391,1.662232761495424,0.24232073264960585
5599,0.5608,29,110,29,426272,179338,50594,57362,1.661213827855793,0.24234051542036333
5600,0.5609,12,78,12,426350,179260,50606,57350,1.660491311274964,0.24238197878365242
5601,0.561,12,81,12,426431,179179,50618,57338,1.659741005594872,0.24242654862018376
5602,0.5611,10,52,10,426483,179127,50628,57328,1.659259327874319,0.2424478230530122
5603,0.5612,14,99,14,426582,179028,50642,57314,1.6583422875986513,0.2425045061817197
5604,0.5613,29,96,29,426678,178932,50671,57285,1.6574530364222462,0.242510064897954
5605,0.5614,22,108,22,426786,178824,50693,57263,1.6564526288487902,0.24255041573657168
5606,0.5615,13,74,13,426860,178750,50706,57250,1.6557671644003111,0.24258474576271186
5607,0.5616,31,124,31,426984,178626,50737,57219,1.6546185482974545,0.24261273293900656
5608,0.5617,15,71,15,427055,178555,50752,57204,1.6539608729482382,0.242637608744523
5609,0.5618,29,111,29,427166,178444,50781,57175,1.6529326762755197,0.24265869900135387
5610,0.5619,17,91,17,427257,178353,50798,57158,1.6520897402645522,0.24269779330901742
5611,0.562,18,103,18,427360,178250,50816,57140,1.6511356478565342,0.2427460809720039
5612,0.5621,17,83,17,427443,178167,50833,57123,1.6503668161102671,0.24277699859747545
5613,0.5622,15,94,15,427537,178073,50848,57108,1.6494960910000371,0.24282573847377126
5614,0.5623,29,104,29,427641,177969,50877,57079,1.6485327355589314,0.24283976038936728
5615,0.5624,13,105,13,427746,177864,50890,57066,1.6475601170847383,0.24290639765036393
5616,0.5625,14,39,14,427785,177825,50904,57052,1.6471988587943236,0.24290160381816867
5617,0.5626,11,77,11,427862,177748,50915,57041,1.646485605246582,0.24294579388301837
5618,0.5627,13,63,13,427925,177685,50928,57028,1.645902034162066,0.24296907286771505
5619,0.5628,22,108,22,428033,177577,50950,57006,1.6449016265886103,0.2430099367814377
5620,0.5629,15,80,15,428113,177497,50965,56991,1.6441605839416058,0.24304442018354883
5621,0.563,8,47,8,428160,177450,50973,56983,1.6437252213864908,0.24306731560829747
5622,0.5631,9,42,9,428202,177408,50982,56974,1.6433361739968135,0.2430818066233755
5623,0.5632,11,70,11,428272,177338,50993,56963,1.6426877616806848,0.24311889407215506
5624,0.5633,30,163,30,428435,177175,51023,56933,1.6411778872874134,0.24319117672185486
5625,0.5634,11,61,11,428496,177114,51034,56922,1.6406128422690727,0.24321899194995641
5626,0.5635,24,117,24,428613,176997,51058,56898,1.6395290673978287,0.24326300262938497
5627,0.5636,46,158,46,428771,176839,51104,56852,1.638065508169995,0.24327851735839207
5628,0.5637,30,159,30,428930,176680,51134,56822,1.636592685909074,0.2433469520603678
5629,0.5638,19,113,19,429043,176567,51153,56803,1.6355459631701805,0.24340317950036422
5630,0.5639,18,97,18,429140,176470,51171,56785,1.6346474489606877,0.2434460140189921
5631,0.564,25,135,25,429275,176335,51196,56760,1.6333969394938679,0.24350586670670757
5632,0.5641,34,133,34,429408,176202,51230,56726,1.6321649560932232,0.2435344827586207
5633,0.5642,41,168,41,429576,176034,51271,56685,1.6306087665345141,0.2435770177768038
5634,0.5643,5,42,5,429618,175992,51276,56680,1.6302197191448369,0.24360473112364187
5635,0.5644,47,184,47,429802,175808,51323,56633,1.628515321056727,0.24364462379700655
5636,0.5645,19,88,19,429890,175720,51342,56614,1.627700174145022,0.24367505401706163
5637,0.5646,16,104,16,429994,175616,51358,56598,1.6267368187039164,0.24373207472417685
5638,0.5647,23,92,23,430086,175524,51381,56575,1.6258846196598615,0.24375374301483418
5639,0.5648,11,62,11,430148,175462,51392,56564,1.625310311608433,0.2437830243162404
5640,0.5649,18,91,18,430239,175371,51410,56546,1.6244673755974657,0.2438199873230509
5641,0.565,18,86,18,430325,175285,51428,56528,1.623670754751936,0.2438517253130756
5642,0.5651,26,85,26,430410,175200,51454,56502,1.6228833969394938,0.2438563327032136
5643,0.5652,17,72,17,430482,175128,51471,56485,1.6222164585571899,0.24387663904875806
5644,0.5653,33,141,33,430623,174987,51504,56452,1.6209103708918449,0.24391740372193105
5645,0.5654,19,112,19,430735,174875,51523,56433,1.6198729111860388,0.24397340342746468
5646,0.5655,34,77,34,430812,174798,51557,56399,1.6191596576382972,0.24394347677521766
5647,0.5656,29,85,29,430897,174713,51586,56370,1.618372299825855,0.24393832519051598
5648,0.5657,11,59,11,430956,174654,51597,56359,1.6178257808736893,0.24396462536740357
5649,0.5658,20,106,20,431062,174548,51617,56339,1.6168438993664085,0.24401113964839943
5650,0.5659,38,162,38,431224,174386,51655,56301,1.6153432880062248,0.24405796598854726
5651,0.566,14,90,14,431314,174296,51669,56287,1.614509615028345,0.24410732794698656
5652,0.5661,26,138,26,431452,174158,51695,56261,1.6132313164622625,0.2441682326544252
5653,0.5662,16,122,16,431574,174036,51711,56245,1.6121012264255807,0.2442450744959419
5654,0.5663,15,76,15,431650,173960,51726,56230,1.6113972359109268,0.24427646726617142
5655,0.5664,17,110,17,431760,173850,51743,56213,1.6103783022712956,0.24433742061956942
5656,0.5665,23,75,23,431835,173775,51766,56190,1.6096835747897291,0.2443415302328615
5657,0.5666,10,34,10,431869,173741,51776,56180,1.6093686316647524,0.24434479669103737
5658,0.5667,21,71,21,431940,173670,51797,56159,1.608710956315536,0.24435123504866663
5659,0.5668,26,95,26,432035,173575,51823,56133,1.6078309681722183,0.2443667612795375
5660,0.5669,12,53,12,432088,173522,51835,56121,1.6073400274185778,0.24438367378931647
5661,0.567,19,95,19,432183,173427,51854,56102,1.6064600392752604,0.24442227343821477
5662,0.5671,38,162,38,432345,173265,51892,56064,1.6049594279150765,0.24446973562000446
5663,0.5672,24,105,24,432450,173160,51916,56040,1.6039868094408833,0.24450261780104712
5664,0.5673,6,68,6,432518,173092,51922,56034,1.6033569231909297,0.24455539746689595
5665,0.5674,18,64,18,432582,173028,51940,56016,1.6027640890733261,0.24456436317912716
5666,0.5675,41,228,41,432810,172800,51981,55975,1.6006521175293638,0.2446727133646596
5667,0.5676,26,137,26,432947,172663,52007,55949,1.5993830819963688,0.24473343481532028
5668,0.5677,20,106,20,433053,172557,52027,55929,1.5984012004890882,0.24478086184711537
5669,0.5678,12,62,12,433115,172495,52039,55917,1.5978268924376597,0.24480762832075373
5670,0.5679,20,107,20,433222,172388,52059,55897,1.5968357478972914,0.244856210438706
5671,0.568,29,125,29,433347,172263,52088,55868,1.5956778687613473,0.24489438086011983
5672,0.5681,10,25,10,433372,172238,52098,55858,1.5954462929341584,0.24488811728395063
5673,0.5682,25,102,25,433474,172136,52123,55833,1.5945014635592278,0.24491487877737764
5674,0.5683,12,73,12,433547,172063,52135,55821,1.5938252621438365,0.24495357287040775
5675,0.5684,23,105,23,433652,171958,52158,55798,1.5928526436696433,0.24499025272660216
5676,0.5685,22,78,22,433730,171880,52180,55776,1.592130127088814,0.24500122992585305
5677,0.5686,14,60,14,433790,171820,52194,55762,1.5915743451035607,0.24501937763091985
5678,0.5687,25,139,25,433929,171681,52219,55737,1.5902867835043908,0.24508614093871198
5679,0.5688,8,67,8,433996,171614,52227,55729,1.5896661602875246,0.24513180524581799
5680,0.5689,16,76,16,434072,171538,52243,55713,1.5889621697728704,0.24516063735693133
5681,0.569,25,102,25,434174,171436,52268,55688,1.5880173403979398,0.24518765079868265
5682,0.5691,14,81,14,434255,171355,52282,55674,1.587267034717848,0.24522858313255136
5683,0.5692,20,77,20,434332,171278,52302,55654,1.5865537811701063,0.24524527171134966
5684,0.5693,13,45,13,434377,171233,52315,55641,1.5861369446811664,0.2452506677715384
5685,0.5694,10,54,10,434431,171179,52325,55631,1.5856367408944385,0.24527578149111592
5686,0.5695,11,100,11,434531,171079,52336,55620,1.584710437585683,0.2453473548626152
5687,0.5696,10,46,10,434577,171033,52346,55610,1.5842843380636555,0.24536385416712628
5688,0.5697,26,122,26,434699,170911,52372,55584,1.583154248026974,0.24540939093578223
5689,0.5698,9,52,9,434751,170859,52381,55575,1.582672570306421,0.24543575611436444
5690,0.5699,11,59,11,434810,170800,52392,55564,1.5821260513542554,0.24546305949709318
5691,0.57,27,82,27,434892,170718,52419,55537,1.581366482641076,0.2454619787408013
5692,0.5701,16,59,16,434951,170659,52435,55521,1.5808199636889102,0.2454726324166593
5693,0.5702,23,96,23,435047,170563,52458,55498,1.579930712512505,0.24550010837782724
5694,0.5703,20,73,20,435120,170490,52478,55478,1.5792545110971137,0.24551263895772854
5695,0.5704,10,82,10,435202,170408,52488,55468,1.5784949423839343,0.24556836494359738
5696,0.5705,23,77,23,435279,170331,52511,55445,1.5777816888361926,0.24557526043512154
5697,0.5706,10,48,10,435327,170283,52521,55435,1.57733706324799,0.24559405984458482
5698,0.5707,17,75,17,435402,170208,52538,55418,1.5766423357664234,0.24561885598290978
5699,0.5708,47,180,47,435582,170028,52585,55371,1.5749749898106635,0.24565770034472204
5700,0.5709,10,58,10,435640,169970,52595,55361,1.5744377338915854,0.2456874553434725
5701,0.571,32,119,32,435759,169851,52627,55329,1.5733354329541664,0.24571009858779644
5702,0.5711,15,72,15,435831,169779,52642,55314,1.5726684945718625,0.24573842811637855
5703,0.5712,18,100,18,435931,169679,52660,55296,1.571742191263107,0.2457873097010779
5704,0.5713,15,59,15,435990,169620,52675,55281,1.5711956723109415,0.2458014859871677
5705,0.5714,30,159,30,436149,169461,52705,55251,1.5697228500500204,0.24587471964114066
5706,0.5715,33,217,33,436366,169244,52738,55218,1.5677127718700212,0.24600155037378266
5707,0.5716,8,37,8,436403,169207,52746,55210,1.5673700396457817,0.24601523057522381
5708,0.5717,30,139,30,436542,169068,52776,55180,1.5660824780466116,0.24606685455388677
5709,0.5718,21,103,21,436645,168965,52797,55159,1.5651283856385936,0.24610929663936035
5710,0.5719,29,126,29,436771,168839,52826,55130,1.5639612434695618,0.2461501368492961
5711,0.572,27,139,27,436910,168700,52853,55103,1.5626736818703917,0.2462120704369468
5712,0.5721,10,59,10,436969,168641,52863,55093,1.5621271629182258,0.2462433067839488
5713,0.5722,32,96,32,437065,168545,52895,55061,1.5612379117418207,0.24624115631959786
5714,0.5723,21,131,21,437196,168414,52916,55040,1.5600244544073512,0.24631467774128007
5715,0.5724,17,42,17,437238,168372,52933,55023,1.559635407017674,0.24630363257906399
5716,0.5725,18,97,18,437335,168275,52951,55005,1.558736892808181,0.24634987459691868
5717,0.5726,23,115,23,437450,168160,52974,54982,1.5576716440031124,0.24639915390199962
5718,0.5727,21,108,21,437558,168052,52995,54961,1.5566712364296564,0.2464475165124903
5719,0.5728,26,92,26,437650,167960,53021,54935,1.5558190373856016,0.24646133829830189
5720,0.5729,22,169,22,437819,167791,53043,54913,1.5542535847938048,0.24657392772469286
5721,0.573,21,65,21,437884,167726,53064,54892,1.5536514876431138,0.2465748501918084
5722,0.5731,20,106,20,437990,167620,53084,54872,1.5526696061358332,0.24662459773834564
5723,0.5732,6,39,6,438029,167581,53090,54866,1.5523083478454185,0.24664751603752805
5724,0.5733,13,54,13,438083,167527,53103,54853,1.5518081440586906,0.2466633690080043
5725,0.5734,14,57,14,438140,167470,53117,54839,1.5512801511727,0.24667917178341858
5726,0.5735,21,85,21,438225,167385,53138,54818,1.550492793360258,0.2467023397523886
5727,0.5736,12,60,12,438285,167325,53150,54806,1.5499370113750046,0.24672828195974447
5728,0.5737,17,78,17,438363,167247,53167,54789,1.5492144947941755,0.24675728260282118
5729,0.5738,12,68,12,438431,167179,53179,54777,1.5485846085442216,0.2467921570040909
5730,0.5739,7,52,7,438483,167127,53186,54770,1.548102930823669,0.24682623018787997
5731,0.574,7,35,7,438518,167092,53193,54763,1.5477787246656045,0.2468414054224606
5732,0.5741,25,76,25,438594,167016,53218,54738,1.5470747341509503,0.24684109418544875
5733,0.5742,25,72,25,438666,166944,53243,54713,1.5464077957686464,0.2468363282007787
5734,0.5743,9,57,9,438723,166887,53252,54704,1.545879802882656,0.24686923205364839
5735,0.5744,42,190,42,438913,166697,53294,54662,1.5441198265960205,0.24693823156049674
5736,0.5745,11,91,11,439004,166606,53305,54651,1.5432768905850531,0.24700235472776003
5737,0.5746,19,104,19,439108,166502,53324,54632,1.5423135351439476,0.24705382256912098
5738,0.5747,22,133,22,439241,166369,53346,54610,1.5410815517433027,0.24712755510704637
5739,0.5748,16,62,16,439303,166307,53362,54594,1.5405072436918745,0.24714238505031666
5740,0.5749,26,94,26,439397,166213,53388,54568,1.5396365185816443,0.24715894936611393
5741,0.575,19,122,19,439519,166091,53407,54549,1.5385064285449628,0.24723078317621464
5742,0.5751,12,121,12,439640,165970,53419,54537,1.5373856015413687,0.2473254817307387
5743,0.5752,21,117,21,439757,165853,53440,54516,1.536301826670125,0.24738506777269034
5744,0.5753,25,150,25,439907,165703,53465,54491,1.5349123717069917,0.24746814172956574
5745,0.5754,21,82,21,439989,165621,53486,54470,1.5341528029938123,0.24748853883166508
5746,0.5755,19,92,19,440081,165529,53505,54451,1.5333006039497572,0.24752704791344668
5747,0.5756,6,56,6,440137,165473,53511,54445,1.5327818740968542,0.24756954864995134
5748,0.5757,15,106,15,440243,165367,53526,54430,1.5317999925895736,0.2476375928697844
5749,0.5758,22,117,22,440360,165250,53548,54408,1.5307162177183298,0.24769414271276258
5750,0.5759,16,63,16,440423,165187,53564,54392,1.5301326466338139,0.24771039124870775
5751,0.576,26,124,26,440547,165063,53590,54366,1.528984030530957,0.2477612348413382
5752,0.5761,31,136,31,440683,164927,53621,54335,1.5277242580310497,0.24780855779843292
5753,0.5762,13,80,13,440763,164847,53634,54322,1.5269832153840452,0.24785439546651214
5754,0.5763,15,75,15,440838,164772,53649,54307,1.5262884879024787,0.2478877482551956
5755,0.5764,32,151,32,440989,164621,53681,54275,1.524889769906258,0.24794879760251443
5756,0.5765,12,72,12,441061,164549,53693,54263,1.524222831523954,0.24798914136336214
5757,0.5766,45,155,45,441216,164394,53738,54218,1.5227870613953833,0.24801017327502609
5758,0.5767,14,49,14,441265,164345,53752,54204,1.5223331727740932,0.2480176070354932
5759,0.5768,12,54,12,441319,164291,53764,54192,1.5218329689873653,0.24803760475643413
5760,0.5769,40,215,40,441534,164076,53804,54152,1.519841416873541,0.24814414282310243
5761,0.577,28,113,28,441647,163963,53832,54124,1.5187946941346475,0.2481761865677459
5762,0.5771,39,171,39,441818,163792,53871,54085,1.5172107154766756,0.24823639025688807
5763,0.5772,16,75,16,441893,163717,53887,54069,1.5165159879951091,0.24826664707556959
5764,0.5773,33,125,33,442018,163592,53920,54036,1.5153581088591648,0.24829525612513095
5765,0.5774,30,100,30,442118,163492,53950,54006,1.5144318055504093,0.24830573154695676
5766,0.5775,30,182,30,442300,163310,53980,53976,1.5127459335284745,0.24840992976998058
5767,0.5776,10,65,10,442365,163245,53990,53966,1.5121438363777835,0.2484496641514472
5768,0.5777,40,141,40,442506,163104,54030,53926,1.5108377487124385,0.24847256139704188
5769,0.5778,20,88,20,442594,163016,54050,53906,1.5100226018007337,0.24850407058758447
5770,0.5779,15,92,15,442686,162924,54065,53891,1.5091704027566786,0.2485575260014298
5771,0.578,26,120,26,442806,162804,54091,53865,1.5080588387861722,0.24860501502291513
5772,0.5781,21,87,21,442893,162717,54112,53844,1.5072529549075548,0.2486320251568842
5773,0.5782,6,75,6,442968,162642,54118,53838,1.5065582274259883,0.24869733924611973
5774,0.5783,14,121,14,443089,162521,54132,53824,1.5054374004223943,0.2487878157572396
5775,0.5784,13,65,13,443154,162456,54145,53811,1.5048353032717032,0.24881743400518802
5776,0.5785,17,55,17,443209,162401,54162,53794,1.5043258364518879,0.24882166562593955
5777,0.5786,24,130,24,443339,162271,54186,53770,1.5031216421505058,0.2488879425664573
5778,0.5787,12,91,12,443430,162180,54198,53758,1.5022787061395384,0.2489510878122424
5779,0.5788,15,76,15,443506,162104,54213,53743,1.5015747156248842,0.24898655065856834
5780,0.5789,25,115,25,443621,161989,54238,53718,1.5005094668198156,0.24903225208268623
5781,0.579,13,46,13,443667,161943,54251,53705,1.500083367297788,0.2490401023890785
5782,0.5791,15,75,15,443742,161868,54266,53690,1.4993886398162215,0.24907449503149964
5783,0.5792,14,73,14,443815,161795,54280,53676,1.49871243840083,0.24911008906070886
5784,0.5793,17,63,17,443878,161732,54297,53659,1.498128867316314,0.24912368669071597
5785,0.5794,23,78,23,443956,161654,54320,53636,1.497406350735485,0.24913372660132843
5786,0.5795,12,50,12,444006,161604,54332,53624,1.496943199081107,0.24914973888155817
5787,0.5796,29,154,29,444160,161450,54361,53595,1.4955166919856238,0.24922690599641936
5788,0.5797,35,74,35,444234,161376,54396,53560,1.4948312275371447,0.24919045669408568
5789,0.5798,29,102,29,444336,161274,54425,53531,1.4938863981622141,0.24920742068387608
5790,0.5799,26,123,26,444459,161151,54451,53505,1.4927470450924452,0.2492592799642218
5791,0.58,22,95,22,444554,161056,54473,53483,1.4918670569491275,0.24929266939810477
5792,0.5801,25,135,25,444689,160921,54498,53458,1.4906165474823077,0.24936211102766595
5793,0.5802,23,83,23,444772,160838,54521,53435,1.4898477157360406,0.24937812976903295
5794,0.5803,30,125,30,444897,160713,54551,53405,1.4886898366000962,0.2494185449144864
5795,0.5804,27,193,27,445090,160520,54578,53378,1.4869020712141985,0.24954885038663288
5796,0.5805,19,107,19,445197,160413,54597,53359,1.4859109266738302,0.2496070579870142
5797,0.5806,24,157,24,445354,160256,54621,53335,1.484456630479084,0.24970621421314568
5798,0.5807,24,69,24,445423,160187,54645,53311,1.4838174811960427,0.24970257332621382
5799,0.5808,21,80,21,445503,160107,54666,53290,1.4830764385490385,0.24972234848662353
5800,0.5809,18,76,18,445579,160031,54684,53272,1.4823724480343843,0.24974801104532052
5801,0.581,18,71,18,445650,159960,54702,53254,1.481714772685168,0.24976783888487622
5802,0.5811,6,61,6,445711,159899,54708,53248,1.4811497276668273,0.24981820058457307
5803,0.5812,27,91,27,445802,159808,54735,53221,1.4803067916558599,0.24982983537452647
5804,0.5813,29,121,29,445923,159687,54764,53192,1.4791859646522658,0.24986964425800573
5805,0.5814,9,100,9,446023,159587,54773,53183,1.4782596613435104,0.24995535084833387
5806,0.5815,14,68,14,446091,159519,54787,53169,1.4776297750935565,0.2499858948318664
5807,0.5816,26,131,26,446222,159388,54813,53143,1.476416317759087,0.25004822825846584
5808,0.5817,15,73,15,446295,159315,54828,53128,1.4757401163436956,0.2500811982508249
5809,0.5818,24,84,24,446379,159231,54852,53104,1.474962021564341,0.25009536816822475
5810,0.5819,25,95,25,446474,159136,54877,53079,1.4740820334210234,0.25011898310675496
5811,0.582,24,98,24,446572,159038,54901,53055,1.473174256178443,0.25014969848132657
5812,0.5821,22,77,22,446649,158961,54923,53033,1.4724610026307015,0.25016274045491854
5813,0.5822,9,28,9,446677,158933,54932,53024,1.47220163770425,0.250163948348014
5814,0.5823,17,70,17,446747,158863,54949,53007,1.4715532253881212,0.25018643507811394
5815,0.5824,24,91,24,446838,158772,54973,52983,1.4707102893771538,0.25020896791102926
5816,0.5825,36,172,36,447010,158600,55009,52947,1.4691170476860944,0.2502848066859847
5817,0.5826,13,52,13,447062,158548,55022,52934,1.4686353699655414,0.25030026196082883
5818,0.5827,20,99,20,447161,158449,55042,52914,1.4677183296898737,0.25034656018319196
5819,0.5828,31,128,31,447289,158321,55073,52883,1.4665326614546668,0.25038825022253364
5820,0.5829,13,41,13,447330,158280,55086,52870,1.466152877098077,0.250390717499408
5821,0.583,6,56,6,447386,158224,55092,52864,1.465634147245174,0.25043583718638673
5822,0.5831,17,111,17,447497,158113,55109,52847,1.4646059505724554,0.2505072051573758
5823,0.5832,19,63,19,447560,158050,55128,52828,1.4640223794879395,0.25051451550185416
5824,0.5833,18,141,18,447701,157909,55146,52810,1.4627162918225944,0.25061812176405546
5825,0.5834,20,110,20,447811,157799,55166,52790,1.4616973581829635,0.2506778606669864
5826,0.5835,34,80,34,447891,157719,55200,52756,1.460956315535959,0.25065209644850933
5827,0.5836,33,116,33,448007,157603,55233,52723,1.4598818036978027,0.25067276513602693
5828,0.5837,17,67,17,448074,157536,55250,52706,1.4592611804809368,0.25069205962652563
5829,0.5838,15,68,15,448142,157468,55265,52691,1.458631294230983,0.25071969318468396
5830,0.5839,17,76,17,448218,157392,55282,52674,1.457927303716329,0.25074976435977264
5831,0.584,18,96,18,448314,157296,55300,52656,1.4570380525399236,0.25080018289894834
5832,0.5841,25,77,25,448391,157219,55325,52631,1.456324798992182,0.2508029544913033
5833,0.5842,33,113,33,448504,157106,55358,52598,1.4552780762532884,0.25082020371571356
5834,0.5843,32,152,32,448656,156954,55390,52566,1.45387009522398,0.2508877434135166
5835,0.5844,46,157,46,448813,156797,55436,52520,1.4524157990292341,0.25091129721905053
5836,0.5845,11,66,11,448879,156731,55447,52509,1.4518044388454556,0.2509510609826037
5837,0.5846,21,69,21,448948,156662,55468,52488,1.4511652895624143,0.25095864212287833
5838,0.5847,19,109,19,449057,156553,55487,52469,1.4501556189558709,0.25102142358220664
5839,0.5848,13,73,13,449130,156480,55500,52456,1.4494794175404795,0.25106252632385034
5840,0.5849,18,82,18,449212,156398,55518,52438,1.4487198488273,0.25109655423394434
5841,0.585,24,119,24,449331,156279,55542,52414,1.4476175478898812,0.2511536084104402
5842,0.5851,29,79,29,449410,156200,55571,52385,1.4468857682759644,0.2511446173022988
5843,0.5852,15,74,15,449484,156126,55586,52370,1.4462003038274853,0.2511798787506715
5844,0.5853,20,84,20,449568,156042,55606,52350,1.4454222090481308,0.25120925947253253
5845,0.5854,24,74,24,449642,155968,55630,52326,1.4447367445996517,0.25121222886881045
5846,0.5855,9,45,9,449687,155923,55639,52317,1.4443199081107119,0.25123415290049944
5847,0.5856,39,156,39,449843,155767,55678,52278,1.4428748749490534,0.2512821745295489
5848,0.5857,15,50,15,449893,155717,55693,52263,1.4424117232946756,0.25128858544090776
5849,0.5858,16,81,16,449974,155636,55709,52247,1.4416614176145837,0.25132887249077607
5850,0.5859,23,121,23,450095,155515,55732,52224,1.4405405906109896,0.25139237215929605
5851,0.586,15,125,15,450220,155390,55747,52209,1.4393827114750455,0.2514896507208609
5852,0.5861,18,85,18,450305,155305,55765,52191,1.4385953536626033,0.25152774029378877
5853,0.5862,37,133,37,450438,155172,55802,52154,1.4373633702619586,0.25155552125637887
5854,0.5863,42,157,42,450595,155015,55844,52112,1.4359090740672125,0.2515944324013769
5855,0.5864,12,69,12,450664,154946,55856,52100,1.4352699247841714,0.2516349023888411
5856,0.5865,7,51,7,450715,154895,55863,52093,1.434797510096706,0.2516715944885694
5857,0.5866,12,60,12,450775,154835,55875,52081,1.4342417281114528,0.25170117342303155
5858,0.5867,11,49,11,450824,154786,55886,52070,1.4337878394901626,0.25172100398344743
5859,0.5868,17,106,17,450930,154680,55903,52053,1.432805957982882,0.251788538839953
5860,0.5869,17,77,17,451007,154603,55920,52036,1.4320927044351401,0.25182080826949416
5861,0.587,16,91,16,451098,154512,55936,52020,1.4312497684241727,0.251873801638487
5862,0.5871,13,35,13,451133,154477,55949,52007,1.4309255622661083,0.2518693942387788
5863,0.5872,1,25,1,451158,154452,55950,52006,1.4306939864389197,0.2518962694591636
5864,0.5873,21,89,21,451247,154363,55971,51985,1.4298695764941272,0.2519287805067168
5865,0.5874,36,201,36,451448,154162,56007,51949,1.4280077068435288,0.25204380164086343
5866,0.5875,21,92,21,451540,154070,56028,51928,1.4271555077994738,0.2520801172826921
5867,0.5876,11,77,11,451617,153993,56039,51917,1.426442254251732,0.25213442766257105
5868,0.5877,17,79,17,451696,153914,56056,51900,1.4257104746378153,0.2521694345379809
5869,0.5878,28,90,28,451786,153824,56084,51872,1.4248768016599356,0.25217797137523335
5870,0.5879,16,73,16,451859,153751,56100,51856,1.424200600244544,0.2522093119397686
5871,0.588,28,105,28,451964,153646,56128,51828,1.4232279817703508,0.25223629266963216
5872,0.5881,11,54,11,452018,153592,56139,51817,1.422727777983623,0.25226255908942646
5873,0.5882,38,110,38,452128,153482,56177,51779,1.421708844343992,0.25225931862360607
5874,0.5883,18,94,18,452222,153388,56195,51761,1.4208381192337618,0.25230929714500194
5875,0.5884,11,58,11,452280,153330,56206,51750,1.4203008633146839,0.25234055002925687
5876,0.5885,7,42,7,452322,153288,56213,51743,1.4199118159250066,0.252366715277202
5877,0.5886,21,79,21,452401,153209,56234,51722,1.4191800363110898,0.25238738892602874
5878,0.5887,25,140,25,452541,153069,56259,51697,1.417883211678832,0.2524686715568014
5879,0.5888,32,119,32,452660,152950,56291,51665,1.416780910741413,0.2524985949221709
5880,0.5889,8,48,8,452708,152902,56299,51657,1.4163362851532106,0.2525286103275827
5881,0.589,20,130,20,452838,152772,56319,51637,1.4151320908518286,0.2526160785484005
5882,0.5891,16,112,16,452950,152660,56335,51621,1.4140946311460225,0.25269604123731526
5883,0.5892,24,100,24,453050,152560,56359,51597,1.413168327837267,0.2527319660849248
5884,0.5893,17,63,17,453113,152497,56376,51580,1.4125847567527512,0.25274773737363837
5885,0.5894,24,95,24,453208,152402,56400,51556,1.4117047686094335,0.25277753262926683
5886,0.5895,23,90,23,453298,152312,56423,51533,1.4108710956315536,0.2528048271971351
5887,0.5896,5,36,5,453334,152276,56428,51528,1.4105376264404017,0.25283115149849855
5888,0.5897,25,88,25,453422,152188,56453,51503,1.409722479528697,0.25284867765389735
5889,0.5898,27,84,27,453506,152104,56480,51476,1.4089443847493424,0.25285391492288045
5890,0.5899,13,70,13,453576,152034,56493,51463,1.4082959724332136,0.25289316304417264
5891,0.59,12,93,12,453669,151941,56505,51451,1.407434510356071,0.2529647183763373
5892,0.5901,19,79,19,453748,151862,56524,51432,1.4067027307421542,0.25299320196365854
5893,0.5902,33,116,33,453864,151746,56557,51399,1.405628218903998,0.2530163183932659
5894,0.5903,18,120,18,453984,151626,56575,51381,1.4045166549334913,0.2530996468102085
5895,0.5904,14,67,14,454051,151559,56589,51367,1.4038960317166254,0.2531316834708219
5896,0.5905,35,171,35,454222,151388,56624,51332,1.4023120530586535,0.2532162588792423
5897,0.5906,14,76,14,454298,151312,56638,51318,1.4016080625439995,0.2532596357893698
5898,0.5907,8,17,8,454315,151295,56646,51310,1.401450590981511,0.25325140050837835
5899,0.5908,18,101,18,454416,151194,56664,51292,1.400515024639668,0.2533113400432622
5900,0.5909,12,47,12,454463,151147,56676,51280,1.400079662084553,0.2533258903209552
5901,0.591,22,102,22,454565,151045,56698,51258,1.3991348327096225,0.25337241662259086
5902,0.5911,18,110,18,454675,150935,56716,51240,1.3981158990699916,0.2534437986892544
5903,0.5912,24,97,24,454772,150838,56740,51216,1.3972173848604987,0.25347679333247547
5904,0.5913,34,129,34,454901,150709,56774,51182,1.3960224535922043,0.25351303426106164
5905,0.5914,24,128,24,455029,150581,56798,51158,1.3948367853569974,0.2535850777489727
5906,0.5915,26,104,26,455133,150477,56824,51132,1.3938734299158917,0.25361963007603827
5907,0.5916,14,69,14,455202,150408,56838,51118,1.3932342806328504,0.2536546152853726
5908,0.5917,30,90,30,455292,150318,56868,51088,1.3924006076549706,0.25365679274698866
5909,0.5918,19,107,19,455399,150211,56887,51069,1.3914094631146023,0.2537211844197138
5910,0.5919,24,91,24,455490,150120,56911,51045,1.3905665271036347,0.2537469241667288
5911,0.592,10,80,10,455570,150040,56921,51035,1.3898254844566305,0.25381076712669404
5912,0.5921,16,48,16,455618,149992,56937,51019,1.3893808588684278,0.2538119804388815
5913,0.5922,16,93,16,455711,149899,56953,51003,1.3885193967912854,0.25387004609212455
5914,0.5923,17,58,17,455769,149841,56970,50986,1.3879821408722073,0.25388020535087413
5915,0.5924,9,60,9,455829,149781,56979,50977,1.387426358886954,0.25392263322009584
5916,0.5925,22,108,22,455937,149673,57001,50955,1.386425951313498,0.2539775106166637
5917,0.5926,19,82,19,456019,149591,57020,50936,1.3856663826003186,0.2540106818533165
5918,0.5927,26,91,26,456110,149500,57046,50910,1.3848234465893512,0.25402924005788136
5919,0.5928,25,77,25,456187,149423,57071,50885,1.3841101930416095,0.25403378796653153
5920,0.5929,22,110,22,456297,149313,57093,50863,1.3830912594019786,0.25409139956837984
5921,0.593,26,132,26,456429,149181,57119,50837,1.3818685390344214,0.2541621254087132
5922,0.5931,32,62,32,456491,149119,57151,50805,1.381294230982993,0.25412156619515414
5923,0.5932,30,166,30,456657,148953,57181,50775,1.379756567490459,0.25422074020668106
5924,0.5933,26,90,26,456747,148863,57207,50749,1.378922894512579,0.2542382221509729
5925,0.5934,29,90,29,456837,148773,57236,50720,1.3780892215346994,0.2542445098324252
5926,0.5935,34,102,34,456939,148671,57270,50686,1.3771443921597688,0.25424740540838797
5927,0.5936,24,131,24,457070,148540,57294,50662,1.3759309348252993,0.2543247557755444
5928,0.5937,19,106,19,457176,148434,57313,50643,1.3749490533180184,0.25438900525927155
5929,0.5938,5,44,5,457220,148390,57318,50638,1.374541479862166,0.254426512852463
5930,0.5939,28,92,28,457312,148298,57346,50610,1.3736892808181111,0.25443923824079473
5931,0.594,33,131,33,457443,148167,57379,50577,1.3724758234836414,0.25448315420842893
5932,0.5941,39,113,39,457556,148054,57418,50538,1.3714291007447479,0.25448155011279405
5933,0.5942,28,119,28,457675,147935,57446,50510,1.370326799807329,0.2545289626848749
5934,0.5943,14,76,14,457751,147859,57460,50496,1.3696228092926748,0.2545738700814197
5935,0.5944,29,68,29,457819,147791,57489,50467,1.3689929230427211,0.2545521492197036
5936,0.5945,13,36,13,457855,147755,57502,50454,1.368659453851569,0.2545494906891211
5937,0.5946,21,110,21,457965,147645,57523,50433,1.3676405202119382,0.2546118195862236
5938,0.5947,36,121,36,458086,147524,57559,50397,1.366519693208344,0.2546318985857994
5939,0.5948,23,110,23,458196,147414,57582,50374,1.3655007595687132,0.2546868364107024
5940,0.5949,23,53,23,458249,147361,57605,50351,1.3650098188150728,0.25466840657117423
5941,0.595,23,86,23,458335,147275,57628,50328,1.364213197969543,0.25469248948649564
5942,0.5951,29,130,29,458465,147145,57657,50299,1.363009003668161,0.25475071412653716
5943,0.5952,24,120,24,458585,147025,57681,50275,1.3618974396976546,0.25481500253421185
5944,0.5953,16,73,16,458658,146952,57697,50259,1.361221238282263,0.25484886745668345
5945,0.5954,16,99,16,458757,146853,57713,50243,1.3603041980065953,0.2549163859236108
5946,0.5955,19,82,19,458839,146771,57732,50224,1.359544629293416,0.25495063326480366
5947,0.5956,42,149,42,458988,146622,57774,50182,1.3581644373633703,0.25498465478343935
5948,0.5957,36,170,36,459158,146452,57810,50146,1.3565897217384861,0.2550687189086359
5949,0.5958,35,119,35,459277,146333,57845,50111,1.3554874208010672,0.25509050925454585
5950,0.5959,36,158,36,459435,146175,57881,50075,1.3540238615732336,0.2551592356687898
5951,0.596,27,126,27,459561,146049,57908,50048,1.3528567194042016,0.2552206306062816
5952,0.5961,26,89,26,459650,145960,57934,50022,1.3520323094594093,0.25523772591360433
5953,0.5962,21,123,21,459773,145837,57955,50001,1.3508929563896401,0.25531817114145366
5954,0.5963,29,135,29,459908,145702,57984,49972,1.3496424469228203,0.2553839549454705
5955,0.5964,34,107,34,460015,145595,58018,49938,1.348651302382452,0.2553942301299525
5956,0.5965,23,81,23,460096,145514,58041,49915,1.3479009967023603,0.25541245158088105
5957,0.5966,18,95,18,460191,145419,58059,49897,1.3470210085590426,0.25546806201232874
5958,0.5967,16,78,16,460269,145341,58075,49881,1.3462984919782133,0.2555091127024618
5959,0.5968,37,118,37,460387,145223,58112,49844,1.345205454073882,0.25552246151322366
5960,0.5969,14,50,14,460437,145173,58126,49830,1.3447423024195042,0.2555345302379963
5961,0.597,14,97,14,460534,145076,58140,49816,1.3438437882100114,0.25560823430412744
5962,0.5971,19,86,19,460620,144990,58159,49797,1.343047167364482,0.25564847756780484
5963,0.5972,16,79,16,460699,144911,58175,49781,1.3423153877505651,0.2556910402070963
5964,0.5973,10,51,10,460750,144860,58185,49771,1.3418429730630999,0.2557197979766841
5965,0.5974,20,98,20,460848,144762,58205,49751,1.3409351958205196,0.2557721077768581
5966,0.5975,25,105,25,460953,144657,58230,49726,1.3399625773463262,0.25581455168404643
5967,0.5976,29,121,29,461074,144536,58259,49697,1.3388417503427321,0.2558628039519546
5968,0.5977,16,76,16,461150,144460,58275,49681,1.3381377598280781,0.2559016384998532
5969,0.5978,29,107,29,461257,144353,58304,49652,1.3371466152877098,0.25593154815597535
5970,0.5979,37,161,37,461418,144192,58341,49615,1.3356552669606137,0.25600210518711913
5971,0.598,30,92,30,461510,144100,58371,49585,1.3348030679165586,0.25600846735679067
5972,0.5981,22,108,22,461618,143992,58393,49563,1.3338026603431028,0.25606675105267235
5973,0.5982,22,92,22,461710,143900,58415,49541,1.3329504612990477,0.2561039283295682
5974,0.5983,8,54,8,461764,143846,58423,49533,1.3324502575123198,0.25614466927639506
5975,0.5984,24,103,24,461867,143743,58447,49509,1.3314961651043018,0.25618881046509223
5976,0.5985,39,195,39,462062,143548,58486,49470,1.3296898736522287,0.2562973401444425
5977,0.5986,9,29,9,462091,143519,58495,49461,1.3294212456926897,0.2563011711058141
5978,0.5987,30,152,30,462243,143367,58525,49431,1.3280132646633813,0.2563875143933028
5979,0.5988,23,141,23,462384,143226,58548,49408,1.3267071769980363,0.2564863938868528
5980,0.5989,21,91,21,462475,143135,58569,49387,1.325864240987069,0.2565265268384912
5981,0.599,25,90,25,462565,143045,58594,49362,1.325030568009189,0.2565499176225397
5982,0.5991,25,89,25,462654,142956,58619,49337,1.3242061580643967,0.25657200210096054
5983,0.5992,48,140,48,462794,142816,58667,49289,1.3229093334321391,0.2565732281825044
5984,0.5993,8,33,8,462827,142783,58675,49281,1.3226036533402497,0.25658634621792736
5985,0.5994,28,123,28,462950,142660,58703,49253,1.3214643002704807,0.2566423327236821
5986,0.5995,10,62,10,463012,142598,58713,49243,1.3208899922190522,0.2566865268633921
5987,0.5996,15,57,15,463069,142541,58728,49228,1.3203619993330615,0.25670468115284534
5988,0.5997,8,50,8,463119,142491,58736,49220,1.319898847678684,0.25674061477953797
5989,0.5998,25,109,25,463228,142382,58761,49195,1.3188891770721405,0.2567896981370415
5990,0.5999,8,81,8,463309,142301,58769,49187,1.3181388713920486,0.25686727105614976
5991,0.6,27,120,27,463429,142181,58796,49160,1.3170273074215422,0.25692350306520817
5992,0.6001,30,97,30,463526,142084,58826,49130,1.3161287932120493,0.2569372535483804
5993,0.6002,10,66,10,463592,142018,58836,49120,1.3155174330282708,0.25698709832686334
5994,0.6003,32,77,32,463669,141941,58868,49088,1.3148041794805292,0.2569662197886185
5995,0.6004,15,56,15,463725,141885,58883,49073,1.3142854496276262,0.2569832109678568
5996,0.6005,19,91,19,463816,141794,58902,49054,1.3134425136166585,0.2570317739771965
5997,0.6006,16,60,16,463876,141734,58918,49038,1.3128867316314055,0.2570503008827291
5998,0.6007,44,173,44,464049,141561,58962,48994,1.3112842269072584,0.2571121198604078
5999,0.6008,34,149,34,464198,141412,58996,48960,1.3099040349772129,0.2571806778307734
6000,0.6009,31,116,31,464314,141296,59027,48929,1.3088295231390568,0.2572164541989749
6001,0.601,25,75,25,464389,141221,59052,48904,1.30813479565749,0.25722024983563446
6002,0.6011,23,50,23,464439,141171,59075,48881,1.3076716440031124,0.2571980300128386
6003,0.6012,18,40,18,464479,141131,59093,48863,1.3073011226796103,0.25718180574123395
6004,0.6013,21,102,21,464581,141029,59114,48842,1.3063562933046797,0.2572378088280991
6005,0.6014,43,158,43,464739,140871,59157,48799,1.3048927340768461,0.25728370327410766
6006,0.6015,13,37,13,464776,140834,59170,48786,1.3045500018526066,0.25728298702668495
6007,0.6016,17,60,17,464836,140774,59187,48769,1.3039942198673533,0.2572978163266383
6008,0.6017,31,107,31,464943,140667,59218,48738,1.303003075326985,0.2573216124178348
6009,0.6018,15,85,15,465028,140582,59233,48723,1.302215717514543,0.2573783048519585
6010,0.6019,10,31,10,465059,140551,59243,48713,1.3019285634888287,0.25738122411023756
6011,0.602,11,44,11,465103,140507,59254,48702,1.3015209900329765,0.25739790390520534
6012,0.6021,14,59,14,465162,140448,59268,48688,1.3009744710808107,0.2574232298451908
6013,0.6022,48,229,48,465391,140219,59316,48640,1.2988532365037608,0.2575466353205301
6014,0.6023,11,47,11,465438,140172,59327,48629,1.2984178739486458,0.2575674916976075
6015,0.6024,29,113,29,465551,140059,59356,48600,1.297371151209752,0.2576076412999115
6016,0.6025,27,99,27,465650,139960,59383,48573,1.2964541109340844,0.2576365941241056
6017,0.6026,20,94,20,465744,139866,59403,48553,1.2955833858238541,0.25768632675048697
6018,0.6027,9,55,9,465799,139811,59412,48544,1.2950739190040388,0.25772610230681425
6019,0.6028,12,61,12,465860,139750,59424,48532,1.2945088739856978,0.2577622927311161
6020,0.6029,13,63,13,465923,139687,59437,48519,1.293925302901182,0.2577973072059339
6021,0.603,18,88,18,466011,139599,59455,48501,1.293110155989477,0.2578468899521531
6022,0.6031,21,86,21,466097,139513,59476,48480,1.2923135351439476,0.2578819424127494
6023,0.6032,34,126,34,466223,139387,59510,48446,1.2911463929749156,0.2579205996816321
6024,0.6033,13,97,13,466320,139290,59523,48433,1.290247878765423,0.2580024823809549
6025,0.6034,23,98,23,466418,139192,59546,48410,1.2893401015228427,0.2580462894851867
6026,0.6035,25,76,25,466494,139116,59571,48385,1.2886361110081885,0.258051957056229
6027,0.6036,33,94,33,466588,139022,59604,48352,1.2877653858979585,0.2580507434329203
6028,0.6037,9,45,9,466633,138977,59613,48343,1.2873485494090184,0.25807708733717705
6029,0.6038,27,115,27,466748,138862,59640,48316,1.2862833006039498,0.25812862622744126
6030,0.6039,10,72,10,466820,138790,59650,48306,1.2856163622216459,0.25818830974473
6031,0.604,20,79,20,466899,138711,59670,48286,1.284884582607729,0.2582180462788173
6032,0.6041,17,92,17,466991,138619,59687,48269,1.284032383563674,0.25827768503060655
6033,0.6042,20,56,20,467047,138563,59707,48249,1.283513653710771,0.2582756996338565
6034,0.6043,10,47,10,467094,138516,59717,48239,1.283078291155656,0.2583009825707478
6035,0.6044,12,64,12,467158,138452,59729,48227,1.2824854570380526,0.25834185955570793
6036,0.6045,23,80,23,467238,138372,59752,48204,1.2817444143910481,0.2583612040133779
6037,0.6046,32,97,32,467335,138275,59784,48172,1.2808459001815555,0.2583683298739052
6038,0.6047,44,189,44,467524,138086,59828,48128,1.2790951869280076,0.2584553255931348
6039,0.6048,28,105,28,467629,137981,59856,48100,1.2781225684538144,0.25848958249364523
6040,0.6049,15,45,15,467674,137936,59871,48085,1.2777057319648746,0.25849232075948414
6041,0.605,32,166,32,467840,137770,59903,48053,1.2761680684723407,0.25859554522314243
6042,0.6051,23,84,23,467924,137686,59926,48030,1.2753899736929861,0.25862068965517243
6043,0.6052,21,95,21,468019,137591,59947,48009,1.2745099855496684,0.2586691810344828
6044,0.6053,27,63,27,468082,137528,59974,47982,1.2739264144651525,0.2586491294269851
6045,0.6054,17,72,17,468154,137456,59991,47965,1.2732594760828486,0.25868159485710895
6046,0.6055,23,77,23,468231,137379,60014,47942,1.272546222535107,0.25869707156771227
6047,0.6056,16,49,16,468280,137330,60030,47926,1.2720923339138168,0.25870147255689424
6048,0.6057,33,189,33,468469,137141,60063,47893,1.270341620660269,0.2588335116789347
6049,0.6058,39,201,39,468670,136940,60102,47854,1.2684797510096706,0.25895862419775534
6050,0.6059,17,79,17,468749,136861,60119,47837,1.2677479713957538,0.2590011803051468
6051,0.606,14,64,14,468813,136797,60133,47823,1.2671551372781504,0.25903477413064674
6052,0.6061,24,122,24,468935,136675,60157,47799,1.2660250472414687,0.2591096848336351
6053,0.6062,32,103,32,469038,136572,60189,47767,1.2650709548334507,0.25912584965742463
6054,0.6063,22,79,22,469117,136493,60211,47745,1.2643391752195339,0.25914849271051577
6055,0.6064,10,71,10,469188,136422,60221,47735,1.2636814998703176,0.2592081756327481
6056,0.6065,37,163,37,469351,136259,60258,47698,1.2621716254770463,0.2592888555477639
6057,0.6066,19,107,19,469458,136152,60277,47679,1.261180480936678,0.2593632194787604
6058,0.6067,41,149,41,469607,136003,60318,47638,1.2598002890066324,0.25940830206762105
6059,0.6068,12,73,12,469680,135930,60330,47626,1.2591240875912408,0.2594630521475735
6060,0.6069,17,75,17,469755,135855,60347,47609,1.2584293601096743,0.259500501460777
6061,0.607,36,135,36,469890,135720,60383,47573,1.2571788506428545,0.25954619107112653
6062,0.6071,25,95,25,469985,135625,60408,47548,1.2562988624995368,0.259579741555797
6063,0.6072,17,91,17,470076,135534,60425,47531,1.2554559264885694,0.25964001857263813
6064,0.6073,18,65,18,470141,135469,60443,47513,1.2548538293378784,0.25965942005224557
6065,0.6074,18,85,18,470226,135384,60461,47495,1.2540664715254364,0.25970723811919355
6066,0.6075,11,26,11,470252,135358,60472,47484,1.2538256326651598,0.2596996313757233
6067,0.6076,21,85,21,470337,135273,60493,47463,1.2530382748527178,0.25973535592329916
6068,0.6077,23,64,23,470401,135209,60516,47440,1.2524454407351142,0.2597331493739358
6069,0.6078,22,89,22,470490,135120,60538,47418,1.251621030790322,0.25977056832002104
6070,0.6079,11,49,11,470539,135071,60549,47407,1.2511671421690318,0.25979570139962077
6071,0.608,23,101,23,470640,134970,60572,47384,1.250231575827189,0.25984623315090427
6072,0.6081,6,43,6,470683,134927,60578,47378,1.249833265404424,0.25988316283151863
6073,0.6082,24,92,24,470775,134835,60602,47354,1.248981066360369,0.2599168994835034
6074,0.6083,19,84,19,470859,134751,60621,47335,1.2482029715810146,0.25995957953933857
6075,0.6084,15,81,15,470940,134670,60636,47320,1.2474526659009226,0.2600142864992582
6076,0.6085,38,101,38,471041,134569,60674,47282,1.2465170995590795,0.2600040692654976
6077,0.6086,11,66,11,471107,134503,60685,47271,1.245905739375301,0.2600536930474105
6078,0.6087,9,67,9,471174,134436,60694,47262,1.2452851161584348,0.2601129346498035
6079,0.6088,30,83,30,471257,134353,60724,47232,1.244516284412168,0.2601095905498802
6080,0.6089,33,98,33,471355,134255,60757,47199,1.2436085071695877,0.26011551136927263
6081,0.609,21,67,21,471422,134188,60778,47178,1.2429878839527215,0.2601259331958581
6082,0.6091,8,35,8,471457,134153,60786,47170,1.2426636777946571,0.2601435008244955
6083,0.6092,17,88,17,471545,134065,60803,47153,1.2418485308829523,0.2602004215916741
6084,0.6093,31,60,31,471605,134005,60834,47122,1.241292748897699,0.26015999823328384
6085,0.6094,16,55,16,471660,133950,60850,47106,1.2407832820778837,0.2601736479321315
6086,0.6095,24,86,24,471746,133864,60874,47082,1.239986661232354,0.2601991754446078
6087,0.6096,20,92,20,471838,133772,60894,47062,1.239134462188299,0.2602497317982238
6088,0.6097,17,66,17,471904,133706,60911,47045,1.2385231020045204,0.26027518519952864
6089,0.6098,35,106,35,472010,133600,60946,47010,1.2375412204972396,0.2602845911079121
6090,0.6099,25,119,25,472129,133481,60971,46985,1.2364389195598207,0.26035375084503454
6091,0.61,37,133,37,472262,133348,61008,46948,1.235206936159176,0.2603940187247637
6092,0.6101,29,104,29,472366,133244,61037,46919,1.2342435807180703,0.26042528155059586
6093,0.6102,24,77,24,472443,133167,61061,46895,1.2335303271703286,0.260438071330986
6094,0.6103,16,48,16,472491,133119,61077,46879,1.2330857015821262,0.2604417826864743
6095,0.6104,40,154,40,472645,132965,61117,46839,1.2316591944866426,0.2605003225734689
6096,0.6105,34,139,34,472784,132826,61151,46805,1.2303716328874728,0.26056192973373193
6097,0.6106,24,57,24,472841,132769,61175,46781,1.229843640001482,0.2605458089668616
6098,0.6107,16,64,16,472905,132705,61191,46765,1.2292508058838787,0.2605727976820639
6099,0.6108,22,65,22,472970,132640,61213,46743,1.2286487087331877,0.26057653177837364
6100,0.6109,15,68,15,473038,132572,61228,46728,1.228018822483234,0.26061349693251534
6101,0.611,11,50,11,473088,132522,61239,46717,1.2275556708288562,0.26064082035717673
6102,0.6111,13,65,13,473153,132457,61252,46704,1.2269535736781652,0.2606817331897009
6103,0.6112,14,55,14,473208,132402,61266,46690,1.2264441068583496,0.2607039957117013
6104,0.6113,19,73,19,473281,132329,61285,46671,1.2257679054429582,0.260731843575419
6105,0.6114,13,60,13,473341,132269,61298,46658,1.225212123457705,0.2607655636097403
6106,0.6115,17,86,17,473427,132183,61315,46641,1.2244155026121752,0.26082069520869683
6107,0.6116,20,67,20,473494,132116,61335,46621,1.2237948793953093,0.2608357530897352
6108,0.6117,11,36,11,473530,132080,61346,46610,1.2234614102041572,0.2608428003805473
6109,0.6118,36,118,36,473648,131962,61382,46574,1.2223683722998258,0.2608661558453197
6110,0.6119,12,54,12,473702,131908,61394,46562,1.2218681685130979,0.26089538858071387
6111,0.612,27,104,27,473806,131804,61421,46535,1.2209048130719924,0.2609356338209814
6112,0.6121,5,30,5,473836,131774,61426,46530,1.2206269220793657,0.2609588119167265
6113,0.6122,11,51,11,473887,131723,61437,46519,1.2201545073919005,0.260987870423357
6114,0.6123,24,97,24,473984,131626,61461,46495,1.2192559931824076,0.2610304231393266
6115,0.6124,8,38,8,474022,131588,61469,46487,1.2189039979250806,0.2610529271374421
6116,0.6125,18,66,18,474088,131522,61487,46469,1.218292637741302,0.261074998174065
6117,0.6126,27,93,27,474181,131429,61514,46442,1.2174311756641594,0.2610993360356663
6118,0.6127,30,73,30,474254,131356,61544,46412,1.216754974248768,0.26108185950227264
6119,0.6128,19,118,19,474372,131238,61563,46393,1.2156619363444365,0.2611762586485467
6120,0.6129,18,98,18,474470,131140,61581,46375,1.2147541591018562,0.2612455285468834
6121,0.613,18,75,18,474545,131065,61599,46357,1.2140594316202897,0.2612810136285241
6122,0.6131,20,64,20,474609,131001,61619,46337,1.2134665975026864,0.26129199607529124
6123,0.6132,28,133,28,474742,130868,61647,46309,1.2122346141020415,0.2613713969646173
6124,0.6133,16,80,16,474822,130788,61663,46293,1.2114935714550372,0.26142273874667527
6125,0.6134,23,103,23,474925,130685,61686,46270,1.2105394790470192,0.2614789070667684
6126,0.6135,26,99,26,475024,130586,61712,46244,1.2096224387713512,0.2615167109653339
6127,0.6136,29,59,29,475083,130527,61741,46215,1.2090759198191856,0.26148283939301353
6128,0.6137,19,85,19,475168,130442,61760,46196,1.2082885620067434,0.26152922927116473
6129,0.6138,14,40,14,475208,130402,61774,46182,1.2079180406832413,0.2615299234358719
6130,0.6139,12,53,12,475261,130349,61786,46170,1.2074270999296008,0.2615582458545539
6131,0.614,20,78,20,475339,130271,61806,46150,1.2067045833487717,0.2615901735054217
6132,0.6141,32,94,32,475433,130177,61838,46118,1.2058338582385417,0.26159562097620465
6133,0.6142,12,81,12,475514,130096,61850,46106,1.2050835525584498,0.2616655883588154
6134,0.6143,18,78,18,475592,130018,61868,46088,1.2043610359776205,0.26170601796645204
6135,0.6144,19,89,19,475681,129929,61887,46069,1.2035366260328282,0.2617586563483676
6136,0.6145,28,75,28,475756,129854,61915,46041,1.2028418985512617,0.26175275022030187
6137,0.6146,29,116,29,475872,129738,61944,46012,1.2017673867131053,0.2618036984352774
6138,0.6147,21,105,21,475977,129633,61965,45991,1.2007947682389122,0.26187195371930944
6139,0.6148,16,57,16,476034,129576,61981,45975,1.2002667753529215,0.2618897072645556
6140,0.6149,25,106,25,476140,129470,62006,45950,1.1992848938456409,0.26194276593318894
6141,0.615,16,88,16,476228,129382,62022,45934,1.198469746933936,0.262006890415022
6142,0.6151,13,45,13,476273,129337,62035,45921,1.1980529104449962,0.26201942279382395
6143,0.6152,12,48,12,476321,129289,62047,45909,1.1976082848567935,0.26204066256464115
6144,0.6153,14,79,14,476400,129210,62061,45895,1.1968765052428767,0.26209988292738645
6145,0.6154,30,57,30,476457,129153,62091,45865,1.1963485123568862,0.2620587596704339
6146,0.6155,31,109,31,476566,129044,62122,45834,1.1953388417503428,0.2620912864968721
6147,0.6156,14,65,14,476631,128979,62136,45820,1.1947367445996517,0.2621296460506067
6148,0.6157,23,86,23,476717,128893,62159,45797,1.193940123754122,0.26216154330528363
6149,0.6158,18,75,18,476792,128818,62177,45779,1.1932453962725555,0.26219809045974446
6150,0.6159,26,117,26,476909,128701,62203,45753,1.1921616214013115,0.26226397789675215
6151,0.616,19,54,19,476963,128647,62222,45734,1.1916614176145837,0.2622648109599096
6152,0.6161,16,67,16,477030,128580,62238,45718,1.1910407943977175,0.26229790359040267
6153,0.6162,17,62,17,477092,128518,62255,45701,1.1904664863462893,0.26231926483334195
6154,0.6163,20,50,20,477142,128468,62275,45681,1.1900033346919114,0.26230986109595805
6155,0.6164,39,123,39,477265,128345,62314,45642,1.1888639816221425,0.2623299441912327
6156,0.6165,12,46,12,477311,128299,62326,45630,1.188437882100115,0.2623484295315905
6157,0.6166,7,45,7,477356,128254,62333,45623,1.1880210456111748,0.2623866296289906
6158,0.6167,23,99,23,477455,128155,62356,45600,1.187104005335507,0.2624384909786769
6159,0.6168,26,87,26,477542,128068,62382,45574,1.18629812145689,0.2624595431980742
6160,0.6169,26,117,26,477659,127951,62408,45548,1.185214346585646,0.26252600879543975
6161,0.617,22,83,22,477742,127868,62430,45526,1.184445514839379,0.2625581046633678
6162,0.6171,21,70,21,477812,127798,62451,45505,1.1837971025232503,0.2625747967432762
6163,0.6172,23,101,23,477913,127697,62474,45482,1.1828615361814072,0.2626299955537334
6164,0.6173,21,96,21,478009,127601,62495,45461,1.181972285005002,0.26268620494389294
6165,0.6174,29,137,29,478146,127464,62524,45432,1.180703249472007,0.2627706829539145
6166,0.6175,28,81,28,478227,127383,62552,45404,1.1799529437919152,0.26277439853692697
6167,0.6176,24,90,24,478317,127293,62576,45380,1.1791192708140354,0.26280889311009825
6168,0.6177,23,87,23,478404,127206,62599,45357,1.178313386935418,0.2628431355504946
6169,0.6178,25,91,25,478495,127115,62624,45332,1.1774704509244507,0.26287497028072393
6170,0.6179,29,111,29,478606,127004,62653,45303,1.176442254251732,0.26292025280458714
6171,0.618,23,79,23,478685,126925,62676,45280,1.1757104746378153,0.2629424232745855
6172,0.6181,13,73,13,478758,126852,62689,45267,1.175034273222424,0.262998274449654
6173,0.6182,11,41,11,478799,126811,62700,45256,1.1746544888658341,0.2630138260096358
6174,0.6183,23,73,23,478872,126738,62723,45233,1.1739782874504427,0.2630269056992167
6175,0.6184,45,178,45,479050,126560,62768,45188,1.1723294675608582,0.263106411719496
6176,0.6185,25,152,25,479202,126408,62793,45163,1.1709214865315498,0.2632321313042414
6177,0.6186,23,94,23,479296,126314,62816,45140,1.1700507614213198,0.2632776138206166
6178,0.6187,40,75,40,479371,126239,62856,45100,1.1693560339397533,0.2632208662359416
6179,0.6188,49,156,49,479527,126083,62905,45051,1.1679110007780948,0.2632498509939579
6180,0.6189,21,82,21,479609,126001,62926,45030,1.1671514320649152,0.2632856031947425
6181,0.619,16,79,16,479688,125922,62942,45014,1.1664196524509987,0.26333832545514113
6182,0.6191,22,93,22,479781,125829,62964,44992,1.165558190373856,0.2633868201216478
6183,0.6192,25,95,25,479876,125734,62989,44967,1.1646782022305384,0.26342552181885287
6184,0.6193,26,129,26,480005,125605,63015,44941,1.1634832709622438,0.26351248343555406
6185,0.6194,11,77,11,480082,125528,63026,44930,1.1627700174145021,0.26358399136444166
6186,0.6195,10,60,10,480142,125468,63036,44920,1.1622142354292488,0.2636335892198981
6187,0.6196,24,99,24,480241,125369,63060,44896,1.161297195153581,0.2636830822541333
6188,0.6197,26,76,26,480317,125293,63086,44870,1.160593204638927,0.2636883458801267
6189,0.6198,11,68,11,480385,125225,63097,44859,1.1599633183889733,0.2637461489616895
6190,0.6199,25,87,25,480472,125138,63122,44834,1.1591574345103561,0.26377285670581035
6191,0.62,9,30,9,480502,125108,63131,44825,1.1588795435177295,0.26378043111108496
6192,0.6201,21,90,21,480592,125018,63152,44804,1.1580458705398495,0.263829185853423
6193,0.6202,13,36,13,480628,124982,63165,44791,1.1577124013486977,0.26382875957896723
6194,0.6203,21,79,21,480707,124903,63186,44770,1.156980621734781,0.2638604845791611
6195,0.6204,14,40,14,480747,124863,63200,44756,1.1566101004112788,0.2638619494278353
6196,0.6205,22,76,22,480823,124787,63222,44734,1.1559061098966246,0.2638847104488529
6197,0.6206,33,115,33,480938,124672,63255,44701,1.154840861091556,0.26392045957738247
6198,0.6207,16,121,16,481059,124551,63271,44685,1.1537200340879619,0.26403956604977663
6199,0.6208,19,80,19,481139,124471,63290,44666,1.1529789914409574,0.26408177985893094
6200,0.6209,12,100,12,481239,124371,63302,44654,1.152052688132202,0.2641857713356012
6201,0.621,37,145,37,481384,124226,63339,44617,1.1507095483345067,0.2642514051515313
6202,0.6211,45,140,45,481524,124086,63384,44572,1.1494127237022491,0.2642744488847253
6203,0.6212,15,80,15,481604,124006,63399,44557,1.1486716810552446,0.264334403160836
6204,0.6213,33,136,33,481740,123870,63432,44524,1.1474119085553374,0.2644037198475005
6205,0.6214,57,227,57,481967,123643,63489,44467,1.1453092000444625,0.2645113318660401
6206,0.6215,31,104,31,482071,123539,63520,44436,1.144345844603357,0.26453936597707994
6207,0.6216,15,92,15,482163,123447,63535,44421,1.1434936455593019,0.264618628922725
6208,0.6217,13,45,13,482208,123402,63548,44408,1.143076809070362,0.26463262022525474
6209,0.6218,25,71,25,482279,123331,63573,44383,1.1424191337211456,0.26463503344980144
6210,0.6219,16,89,16,482368,123242,63589,44367,1.1415947237763533,0.26470535591764166
6211,0.622,15,68,15,482436,123174,63604,44352,1.1409648375263997,0.26474696465026326
6212,0.6221,14,89,14,482525,123085,63618,44338,1.1401404275816074,0.26482621861990285
6213,0.6222,21,105,21,482630,122980,63639,44317,1.1391678091074142,0.2649001476416194
6214,0.6223,15,44,15,482674,122936,63654,44302,1.1387602356515618,0.26490390939858166
6215,0.6224,49,118,49,482792,122818,63703,44253,1.1376671977472304,0.2648754122498818
6216,0.6225,20,70,20,482862,122748,63723,44233,1.1370187854311016,0.26489840161455497
6217,0.6226,18,64,18,482926,122684,63741,44215,1.136425951313498,0.26492070054344247
6218,0.6227,12,63,12,482989,122621,63753,44203,1.135842380228982,0.2649678703304081
6219,0.6228,7,29,7,483018,122592,63760,44196,1.1355737522694431,0.2649830923087992
6220,0.6229,12,49,12,483067,122543,63772,44184,1.135119863648153,0.26500806707971714
6221,0.623,16,62,16,483129,122481,63788,44168,1.1345455555967245,0.26503609382594556
6222,0.6231,17,52,17,483181,122429,63805,44151,1.1340638778761718,0.26504382278784966
6223,0.6232,21,76,21,483257,122353,63826,44130,1.1333598873615176,0.26507210946463
6224,0.6233,22,119,22,483376,122234,63848,44108,1.1322575864240987,0.2651645405249426
6225,0.6234,5,39,5,483415,122195,63853,44103,1.131896328133684,0.26520463264741606
6226,0.6235,13,72,13,483487,122123,63866,44090,1.13122938975138,0.2652620432818131
6227,0.6236,12,49,12,483536,122074,63878,44078,1.13077550113009,0.26528720689489144
6228,0.6237,12,40,12,483576,122034,63890,44066,1.1304049798065878,0.2652980132450331
6229,0.6238,16,113,16,483689,121921,63906,44050,1.1293582570676943,0.26540781220815685
6230,0.6239,41,146,41,483835,121775,63947,44009,1.1280058542369114,0.2654598755006515
6231,0.624,9,42,9,483877,121733,63956,44000,1.127616806847234,0.2654872596284385
6232,0.6241,27,106,27,483983,121627,63983,43973,1.1266349253399532,0.26553743961352655
6233,0.6242,6,26,6,484009,121601,63989,43967,1.1263940864796769,0.2655525222265172
6234,0.6243,19,89,19,484098,121512,64008,43948,1.1255696765348846,0.2656110238124018
6235,0.6244,12,59,12,484157,121453,64020,43936,1.125023157582719,0.2656524920037004
6236,0.6245,16,54,16,484211,121399,64036,43920,1.1245229537959909,0.26566819300866806
6237,0.6246,22,97,22,484308,121302,64058,43898,1.1236244395864983,0.265726392251816
6238,0.6247,39,134,39,484442,121168,64097,43859,1.122383193152766,0.2657686317996449
6239,0.6248,23,80,23,484522,121088,64120,43836,1.1216421505057617,0.2657951541316
6240,0.6249,27,94,27,484616,120994,64147,43809,1.1207714253955314,0.2658264716054926
6241,0.625,32,128,32,484744,120866,64179,43777,1.1195857571603245,0.2658904417436514
6242,0.6251,15,37,15,484781,120829,64194,43762,1.119243024936085,0.26588331075210675
6243,0.6252,17,62,17,484843,120767,64211,43745,1.1186687168846567,0.26590765415288853
6244,0.6253,9,29,9,484872,120738,64220,43736,1.1184000889251176,0.26591436944441066
6245,0.6254,10,53,10,484925,120685,64230,43726,1.1179091481714774,0.26595544093765017
6246,0.6255,10,27,10,484952,120658,64240,43716,1.1176590462781133,0.26595446968498665
6247,0.6256,19,61,19,485013,120597,64259,43697,1.1170940012597725,0.2659683250757788
6248,0.6257,21,69,21,485082,120528,64280,43676,1.1164548519767312,0.26598621227253905
6249,0.6258,32,84,32,485166,120444,64312,43644,1.1156767571973767,0.2659792306567208
6250,0.6259,15,66,15,485232,120378,64327,43629,1.1150653970135982,0.266019133329675
6251,0.626,12,52,12,485284,120326,64339,43617,1.1145837192930452,0.26604978559621334
6252,0.6261,28,97,28,485381,120229,64367,43589,1.1136852050835526,0.26608187134502925
6253,0.6262,8,53,8,485434,120176,64375,43581,1.1131942643299122,0.2661321348095043
6254,0.6263,28,107,28,485541,120069,64403,43553,1.112203119789544,0.2661805869626334
6255,0.6264,4,45,4,485586,120024,64407,43549,1.111786283300604,0.2662358702230808
6256,0.6265,17,73,17,485659,119951,64424,43532,1.1111100818852124,0.2662784509704373
6257,0.6266,17,73,17,485732,119878,64441,43515,1.110433880469821,0.2663210786263793
6258,0.6267,24,83,24,485815,119795,64465,43491,1.109665048723554,0.2663486153130091
6259,0.6268,14,69,14,485884,119726,64479,43477,1.1090258994405129,0.26639828924713393
6260,0.6269,19,88,19,485972,119638,64498,43458,1.108210752528808,0.26645656545838037
6261,0.627,23,83,23,486055,119555,64521,43435,1.107441920782541,0.26648874164059144
6262,0.6271,48,143,48,486198,119412,64569,43387,1.1061173070510208,0.26650655102304066
6263,0.6272,24,137,24,486335,119275,64593,43363,1.104848271518026,0.2666228064781908
6264,0.6273,18,60,18,486395,119215,64611,43345,1.1042924895327726,0.2666400098425197
6265,0.6274,22,96,22,486491,119119,64633,43323,1.1034032383563674,0.2666982676893907
6266,0.6275,27,91,27,486582,119028,64660,43296,1.1025603023454,0.2667258076439713
6267,0.6276,11,67,11,486649,118961,64671,43285,1.1019396791285339,0.2667862381815268
6268,0.6277,18,48,18,486697,118913,64689,43267,1.1014950535403312,0.2667838204464176
6269,0.6278,4,54,4,486751,118859,64693,43263,1.1009948497536033,0.26685459098703446
6270,0.6279,24,106,24,486857,118753,64717,43239,1.1000129682463227,0.2669205886710455
6271,0.628,20,96,20,486953,118657,64737,43219,1.0991237170699173,0.26698831204131557
6272,0.6281,12,68,12,487021,118589,64749,43207,1.0984938308199637,0.26704615688892186
6273,0.6282,14,34,14,487055,118555,64763,43193,1.098178887694987,0.2670388505576576
6274,0.6283,21,53,21,487108,118502,64784,43172,1.0976879469413465,0.2670311862142336
6275,0.6284,7,57,7,487165,118445,64791,43165,1.0971599540553558,0.2670936204442794
6276,0.6285,23,79,23,487244,118366,64814,43142,1.096428174441439,0.2671198949897219
6277,0.6286,12,45,12,487289,118321,64826,43130,1.0960113379524992,0.2671398752562697
6278,0.6287,15,62,15,487351,118259,64841,43115,1.0954370299010707,0.2671743899265061
6279,0.6288,14,105,14,487456,118154,64855,43101,1.0944644114268776,0.26728473535704317
6280,0.6289,7,42,7,487498,118112,64862,43094,1.0940753640372003,0.2673225562323983
6281,0.629,19,66,19,487564,118046,64881,43075,1.0934640038534218,0.26734565947331507
6282,0.6291,48,194,48,487758,117852,64929,43027,1.0916669754344364,0.2674494495863351
6283,0.6292,34,99,34,487857,117753,64963,42993,1.0907499351587684,0.2674592213803143
6284,0.6293,26,85,26,487942,117668,64989,42967,1.0899625773463262,0.2674821800977371
6285,0.6294,25,108,25,488050,117560,65014,42942,1.0889621697728704,0.26754806793684816
6286,0.6295,21,82,21,488132,117478,65035,42921,1.088202601059691,0.26758895005579836
6287,0.6296,22,127,22,488259,117351,65057,42899,1.0870261958575715,0.26770046801872077
6288,0.6297,17,66,17,488325,117285,65074,42882,1.086414835673793,0.2677330536252786
6289,0.6298,31,103,31,488428,117182,65105,42851,1.085460743265775,0.26776352377322177
6290,0.6299,32,96,32,488524,117086,65137,42819,1.0845714920893696,0.26777774303492696
6291,0.63,24,75,24,488599,117011,65161,42795,1.0838767646078031,0.2677934495575886
6292,0.6301,21,136,21,488735,116875,65182,42774,1.0826169921078959,0.26792526104140957
6293,0.6302,31,81,31,488816,116794,65213,42743,1.081866686427804,0.26791904072409534
6294,0.6303,37,157,37,488973,116637,65250,42706,1.080412390233058,0.268013028498271
6295,0.6304,18,55,18,489028,116582,65268,42688,1.0799029234132425,0.26802285427261885
6296,0.6305,7,40,7,489068,116542,65275,42681,1.0795324020897403,0.2680580066950127
6297,0.6306,15,58,15,489126,116484,65290,42666,1.0789951461706622,0.26808671065032985
6298,0.6307,25,84,25,489210,116400,65315,42641,1.0782170513913076,0.26811325381505396
6299,0.6308,25,77,25,489287,116323,65340,42616,1.077503797843566,0.2681280239588773
6300,0.6309,14,50,14,489337,116273,65354,42602,1.0770406461891882,0.2681479150275374
6301,0.631,11,65,11,489402,116208,65365,42591,1.0764385490384971,0.26820697863336673
6302,0.6311,24,72,24,489474,116136,65389,42567,1.0757716106561932,0.26821799209844804
6303,0.6312,13,106,13,489580,116030,65402,42554,1.0747897291489126,0.2683372849720022
6304,0.6313,12,52,12,489632,115978,65414,42542,1.0743080514283596,0.268369921776432
6305,0.6314,38,131,38,489763,115847,65452,42504,1.07309459409389,0.26841636617387954
6306,0.6315,31,84,31,489847,115763,65483,42473,1.0723164993145355,0.26841553123183093
6307,0.6316,20,77,20,489924,115686,65503,42453,1.0716032457667939,0.268453702122816
6308,0.6317,13,73,13,489997,115613,65516,42440,1.0709270443514025,0.2685175226031774
6309,0.6318,14,75,14,490072,115538,65530,42426,1.0702323168698358,0.2685801828264668
6310,0.6319,21,64,21,490136,115474,65551,42405,1.0696394827522324,0.26859176964637477
6311,0.632,17,87,17,490223,115387,65568,42388,1.0688335988736153,0.2686610679765489
6312,0.6321,17,58,17,490281,115329,65585,42371,1.0682963429545371,0.2686810399492708
6313,0.6322,31,63,31,490344,115266,65616,42340,1.0677127718700212,0.2686445947489309
6314,0.6323,19,47,19,490391,115219,65635,42321,1.067277409314906,0.26863653675257076
6315,0.6324,9,40,9,490431,115179,65644,42312,1.0669068879914039,0.2686629712174029
6316,0.6325,14,79,14,490510,115100,65658,42298,1.066175108377487,0.26873276661711076
6317,0.6326,20,79,20,490589,115021,65678,42278,1.0654433287635703,0.26877475381280236
6318,0.6327,13,65,13,490654,114956,65691,42265,1.0648412316128792,0.2688254113636219
6319,0.6328,15,73,15,490727,114883,65706,42250,1.0641650301974879,0.268880502504248
6320,0.6329,34,97,34,490824,114786,65740,42216,1.063266515987995,0.26888829441663165
6321,0.633,12,55,12,490879,114731,65752,42204,1.0627570491681797,0.26892662567304937
6322,0.6331,10,15,10,490894,114716,65762,42194,1.0626181036718663,0.26890574214517876
6323,0.6332,17,77,17,490971,114639,65779,42177,1.0619048501241246,0.2689585246403428
6324,0.6333,17,58,17,491029,114581,65796,42160,1.0613675942050464,0.26897876114099056
6325,0.6334,20,59,20,491088,114522,65816,42140,1.0608210752528808,0.2689867357751082
6326,0.6335,41,122,41,491210,114400,65857,42099,1.059690985216199,0.26900491376941704
6327,0.6336,22,82,22,491292,114318,65879,42077,1.0589314165030197,0.2690431279772371
6328,0.6337,8,65,8,491357,114253,65887,42069,1.0583293193523287,0.26911759061424495
6329,0.6338,22,96,22,491453,114157,65909,42047,1.0574400681759235,0.2691800466057207
6330,0.6339,18,66,18,491519,114091,65927,42029,1.056828707992145,0.26920958237253395
6331,0.634,35,133,35,491652,113958,65962,41994,1.0555967245915003,0.269275161588181
6332,0.6341,29,80,29,491732,113878,65991,41965,1.0548556819444959,0.26927741380748577
6333,0.6342,9,53,9,491785,113825,66000,41956,1.0543647411908554,0.26932681135696906
6334,0.6343,17,71,17,491856,113754,66017,41939,1.0537070658416392,0.26936984963999666
6335,0.6344,21,68,21,491924,113686,66038,41918,1.0530771795916856,0.26938896172334903
6336,0.6345,11,66,11,491990,113620,66049,41907,1.0524658194079068,0.26945160647347405
6337,0.6346,30,106,30,492096,113514,66079,41877,1.0514839379006262,0.26949437226094175
6338,0.6347,45,157,45,492253,113357,66124,41832,1.05002964170588,0.269555187545509
6339,0.6348,6,54,6,492307,113303,66130,41826,1.0495294379191522,0.2696207672324324
6340,0.6349,25,80,25,492387,113223,66155,41801,1.048788395272148,0.2696421199298173
6341,0.635,24,96,24,492483,113127,66179,41777,1.0478991440957428,0.26969606982389094
6342,0.6351,20,135,20,492618,112992,66199,41757,1.046648634628923,0.26983696178973693
6343,0.6352,21,68,21,492686,112924,66220,41736,1.0460187483789691,0.2698564593301435
6344,0.6353,18,63,18,492749,112861,66238,41718,1.0454351772944532,0.2698814198565135
6345,0.6354,15,59,15,492808,112802,66253,41703,1.0448886583422876,0.2699135950292871
6346,0.6355,13,52,13,492860,112750,66266,41690,1.0444069806217349,0.26994301994301995
6347,0.6356,9,62,9,492922,112688,66275,41681,1.0438326725703064,0.27000887483886016
6348,0.6357,19,85,19,493007,112603,66294,41662,1.0430453147578642,0.2700677405762811
6349,0.6358,14,60,14,493067,112543,66308,41648,1.0424895327726111,0.27010655615437995
6350,0.6359,26,104,26,493171,112439,66334,41622,1.0415261773315054,0.2701657135809842
6351,0.636,12,50,12,493221,112389,66346,41610,1.0410630256771278,0.2701965597179202
6352,0.6361,17,84,17,493305,112305,66363,41593,1.040284930897773,0.2702634212270465
6353,0.6362,13,69,13,493374,112236,66376,41580,1.039645781614732,0.2703229833047277
6354,0.6363,67,161,67,493535,112075,66443,41513,1.0381544332876358,0.270288043336719
6355,0.6364,7,52,7,493587,112023,66450,41506,1.0376727555670828,0.2703463189364876
6356,0.6365,20,65,20,493652,111958,66470,41486,1.0370706584163918,0.27036573603399283
6357,0.6366,24,115,24,493767,111843,66494,41462,1.0360054096113231,0.27045432308143896
6358,0.6367,29,99,29,493866,111744,66523,41433,1.0350883693356552,0.27049100060714076
6359,0.6368,29,148,29,494014,111596,66552,41404,1.0337174404386973,0.2706143790849673
6360,0.6369,27,99,27,494113,111497,66579,41377,1.0328004001630293,0.27066080563078093
6361,0.637,8,49,8,494162,111448,66587,41369,1.0323465115417392,0.2707094106022236
6362,0.6371,31,118,31,494280,111330,66618,41338,1.031253473637408,0.2707705609557995
6363,0.6372,24,72,24,494352,111258,66642,41314,1.030586535255104,0.2707836300238576
6364,0.6373,38,120,38,494472,111138,66680,41276,1.0294749712845974,0.2708150169931896
6365,0.6374,18,77,18,494549,111061,66698,41258,1.0287617177368558,0.2708657488560193
6366,0.6375,26,96,26,494645,110965,66724,41232,1.0278724665604506,0.2709120416302555
6367,0.6376,30,88,30,494733,110877,66754,41202,1.0270573196487458,0.27092497978024577
6368,0.6377,60,189,60,494922,110688,66814,41142,1.025306606395198,0.2709741157873938
6369,0.6378,18,60,18,494982,110628,66832,41124,1.0247508244099448,0.27099478095840585
6370,0.6379,1,20,1,495002,110608,66833,41123,1.0245655637481936,0.2710256967923496
6371,0.638,20,56,20,495058,110552,66853,41103,1.0240468338952906,0.2710296396426099
6372,0.6381,19,57,19,495115,110495,66872,41084,1.0235188410093001,0.2710401836666029
6373,0.6382,23,59,23,495174,110436,66895,41061,1.0229723220571343,0.27103507000138616
6374,0.6383,26,116,26,495290,110320,66921,41035,1.0218978102189782,0.27111757127283537
6375,0.6384,13,48,13,495338,110272,66934,41022,1.0214531846307755,0.2711409573413354
6376,0.6385,10,27,10,495365,110245,66944,41012,1.0212030827374114,0.27114117032600143
6377,0.6386,23,114,23,495479,110131,66967,40989,1.0201470969654303,0.27123478030704073
6378,0.6387,32,144,32,495623,109987,66999,40957,1.0188132202008227,0.27133903964384143
6379,0.6388,33,149,33,495772,109838,67032,40924,1.017433028270777,0.2714477122882424
6380,0.6389,13,43,13,495815,109795,67045,40911,1.0170347178480121,0.27146231735962734
6381,0.639,26,79,26,495894,109716,67071,40885,1.0163029382340953,0.27147894104288817
6382,0.6391,6,21,6,495915,109695,67077,40879,1.0161084145392567,0.27148777345358427
6383,0.6392,34,114,34,496029,109581,67111,40845,1.0150524287672755,0.2715288580431574
6384,0.6393,18,79,18,496108,109502,67129,40827,1.0143206491533587,0.2715843250470634
6385,0.6394,19,51,19,496159,109451,67148,40808,1.0138482344658934,0.2715843976067989
6386,0.6395,22,93,22,496252,109358,67170,40786,1.012986772388751,0.27164588661551575
6387,0.6396,18,65,18,496317,109293,67188,40768,1.0123846752380599,0.27167618501809265
6388,0.6397,47,175,47,496492,109118,67235,40721,1.010763644447738,0.2717650277965016
6389,0.6398,20,67,20,496559,109051,67255,40701,1.0101430212308717,0.27178935840589774
6390,0.6399,17,40,17,496599,109011,67272,40684,1.0097724999073696,0.271779284545242
6391,0.64,14,53,14,496652,108958,67286,40670,1.0092815591537292,0.27180741572432965
6392,0.6401,28,93,28,496745,108865,67314,40642,1.0084200970765869,0.27184011450968854
6393,0.6402,7,38,7,496783,108827,67321,40635,1.0080681018192597,0.27187512544994713
6394,0.6403,13,43,13,496826,108784,67334,40622,1.007669791396495,0.27189001780383654
6395,0.6404,20,89,20,496915,108695,67354,40602,1.0068453814517024,0.2719545603729479
6396,0.6405,31,98,31,497013,108597,67385,40571,1.0059376042091221,0.2719819264185348
6397,0.6406,24,88,24,497101,108509,67409,40547,1.0051224572974176,0.27202527908973806
6398,0.6407,14,52,14,497153,108457,67423,40533,1.0046407795768646,0.27205181555809116
6399,0.6408,18,62,18,497215,108395,67441,40515,1.0040664715254364,0.27207709354643744
6400,0.6409,18,72,18,497287,108323,67459,40497,1.0033995331431325,0.27212068270393763
6401,0.641,31,103,31,497390,108220,67490,40466,1.0024454407351142,0.2721574324415211
6402,0.6411,27,106,27,497496,108114,67517,40439,1.0014635592278336,0.27221934259153296
6403,0.6412,23,82,23,497578,108032,67540,40416,1.0007039905146542,0.2722569519292951
6404,0.6413,32,162,32,497740,107870,67572,40384,0.9992033791544703,0.2723973720776505
6405,0.6414,17,98,17,497838,107772,67589,40367,0.99829560191189,0.27249407650922447
6406,0.6415,24,54,24,497892,107718,67613,40343,0.9977953981251622,0.27247553373271827
6407,0.6416,4,24,4,497916,107694,67617,40339,0.9975730853310608,0.2725000506643789
6408,0.6417,18,81,18,497997,107613,67635,40321,0.9968227796509689,0.27256073654467533
6409,0.6418,18,58,18,498055,107555,67653,40303,0.9962855237318907,0.272579096159829
6410,0.6419,18,70,18,498125,107485,67671,40285,0.9956371114157619,0.27261961155850306
6411,0.642,45,100,45,498225,107385,67716,40240,0.9947108081070065,0.27258255715495344
6412,0.6421,16,73,16,498298,107312,67732,40224,0.9940346066916151,0.27263854245743413
6413,0.6422,20,59,20,498357,107253,67752,40204,0.9934880877394494,0.27264897563357454
6414,0.6423,35,70,35,498427,107183,67787,40169,0.9928396754233206,0.272605733210272
6415,0.6424,11,46,11,498473,107137,67798,40158,0.9924135759012931,0.2726365457075936
6416,0.6425,26,81,26,498554,107056,67824,40132,0.9916632702212013,0.27265809712748323
6417,0.6426,12,34,12,498588,107022,67836,40120,0.9913483270962243,0.27266178249582035
6418,0.6427,7,60,7,498648,106962,67843,40113,0.9907925451109711,0.27273839877613465
6419,0.6428,13,39,13,498687,106923,67856,40100,0.9904312868205565,0.27274644103303564
6420,0.6429,39,106,39,498793,106817,67895,40061,0.9894494053132757,0.27275017361347514
6421,0.643,21,63,21,498856,106754,67916,40040,0.9888658342287598,0.2727631919560745
6422,0.6431,14,54,14,498910,106700,67930,40026,0.988365630442032,0.2727941878058422
6423,0.6432,11,66,11,498976,106634,67941,40015,0.9877542702582534,0.27286241297247166
6424,0.6433,35,137,35,499113,106497,67976,39980,0.9864852347252584,0.2729438751476341
6425,0.6434,14,41,14,499154,106456,67990,39966,0.9861054503686687,0.2729507860840584
6426,0.6435,22,44,22,499198,106412,68012,39944,0.9856978769128163,0.2729235562600782
6427,0.6436,16,60,16,499258,106352,68028,39928,0.9851420949275631,0.2729559748427673
6428,0.6437,15,34,15,499292,106318,68043,39913,0.9848271518025863,0.27294486121273875
6429,0.6438,16,71,16,499363,106247,68059,39897,0.9841694764533699,0.2729978651193344
6430,0.6439,19,70,19,499433,106177,68078,39878,0.983521064137241,0.27303413097805623
6431,0.644,14,34,14,499467,106143,68092,39864,0.9832061210122642,0.2730280055065853
6432,0.6441,17,51,17,499518,106092,68109,39847,0.982733706324799,0.2730387353620348
6433,0.6442,13,44,13,499562,106048,68122,39834,0.9823261328689467,0.27305630578138496
6434,0.6443,29,51,29,499613,105997,68151,39805,0.9818537181814814,0.2730072289817698
6435,0.6444,24,110,24,499723,105887,68175,39781,0.9808347845418504,0.2730936101271384
6436,0.6445,17,78,17,499801,105809,68192,39764,0.9801122679610211,0.27315504935668017
6437,0.6446,17,53,17,499854,105756,68209,39747,0.9796213272073808,0.2731696253685491
6438,0.6447,10,53,10,499907,105703,68219,39737,0.9791303864537404,0.273219196919692
6439,0.6448,10,64,10,499971,105639,68229,39727,0.9785375523361369,0.2732894899770235
6440,0.6449,10,56,10,500027,105583,68239,39717,0.9780188224832339,0.273344803854095
6441,0.645,20,84,20,500111,105499,68259,39697,0.9772407277038794,0.2734028485633213
6442,0.6451,16,113,16,500224,105386,68275,39681,0.9761940049649858,0.2735356766183901
6443,0.6452,18,45,18,500269,105341,68293,39663,0.9757771684760458,0.27353038536867946
6444,0.6453,24,82,24,500351,105259,68317,39639,0.9750175997628664,0.27356485251694296
6445,0.6454,6,40,6,500391,105219,68323,39633,0.9746470784393642,0.2736103056913263
6446,0.6455,16,56,16,500447,105163,68339,39617,0.9741283485864611,0.27363586130681034
6447,0.6456,25,95,25,500542,105068,68364,39592,0.9732483604431436,0.2736900317987004
6448,0.6457,21,64,21,500606,105004,68385,39571,0.9726555263255401,0.2737056890887083
6449,0.6458,45,114,45,500720,104890,68430,39526,0.9715995405535589,0.27369543540881897
6450,0.6459,13,51,13,500771,104839,68443,39513,0.9711271258660936,0.2737267235646198
6451,0.646,24,88,24,500859,104751,68467,39489,0.9703119789543888,0.2737728785357737
6452,0.6461,17,53,17,500912,104698,68484,39472,0.9698210382007485,0.2737878892973573
6453,0.6462,36,90,36,501002,104608,68520,39436,0.9689873652228685,0.27377745688817307
6454,0.6463,23,64,23,501066,104544,68543,39413,0.9683945311052651,0.2737831435775961
6455,0.6464,11,55,11,501121,104489,68554,39402,0.9678850642854496,0.27383227581989145
6456,0.6465,18,54,18,501175,104435,68572,39384,0.9673848604987217,0.27384420695457484
6457,0.6466,24,101,24,501276,104334,68596,39360,0.9664492941568787,0.2739154035659109
6458,0.6467,4,27,4,501303,104307,68600,39356,0.9661991922635148,0.27394666685228625
6459,0.6468,14,68,14,501371,104239,68614,39342,0.9655693060135611,0.2740056135561112
6460,0.6469,7,31,7,501402,104208,68621,39335,0.965282151987847,0.27402938492298473
6461,0.647,21,72,21,501474,104136,68642,39314,0.964615213605543,0.2740606483095155
6462,0.6471,9,51,9,501525,104085,68651,39305,0.9641427989180777,0.2741125601506381
6463,0.6472,15,57,15,501582,104028,68666,39290,0.9636148060320872,0.27414560627415957
6464,0.6473,15,67,15,501649,103961,68681,39275,0.962994182815221,0.2741978273618364
6465,0.6474,15,60,15,501709,103901,68696,39260,0.9624384008299678,0.27423669854220073
6466,0.6475,11,97,11,501806,103804,68707,39249,0.961539886620475,0.2743668430581673
6467,0.6476,15,39,15,501845,103765,68722,39234,0.9611786283300604,0.27436555500388116
6468,0.6477,18,76,18,501921,103689,68740,39216,0.9604746378154063,0.2744200692767923
6469,0.6478,42,93,42,502014,103596,68782,39174,0.9596131757382638,0.27438537507879807
6470,0.6479,15,60,15,502074,103536,68797,39159,0.9590573937530105,0.27442447177546514
6471,0.648,26,80,26,502154,103456,68823,39133,0.9583163511060061,0.27444613539613855
6472,0.6481,35,98,35,502252,103358,68858,39098,0.9574085738634258,0.2744566743415511
6473,0.6482,17,59,17,502311,103299,68875,39081,0.9568620549112602,0.2744837758112094
6474,0.6483,14,63,14,502374,103236,68889,39067,0.9562784838267442,0.27453391706429237
6475,0.6484,14,82,14,502456,103154,68903,39053,0.9555189151135648,0.2746207992574205
6476,0.6485,35,80,35,502536,103074,68938,39018,0.9547778724665604,0.27459674014019086
6477,0.6486,17,88,17,502624,102986,68955,39001,0.9539627255548557,0.2746800763450175
6478,0.6487,17,87,17,502711,102899,68972,38984,0.9531568416762385,0.27476159934593997
6479,0.6488,19,82,19,502793,102817,68991,38965,0.952397272963059,0.27482332030864287
6480,0.6489,47,112,47,502905,102705,69038,38918,0.9513598132572529,0.2747999971756
6481,0.649,34,118,34,503023,102587,69072,38884,0.9502667753529216,0.2748549172621951
6482,0.6491,24,107,24,503130,102480,69096,38860,0.9492756308125533,0.27493986132729586
6483,0.6492,31,87,31,503217,102393,69127,38829,0.948469746933936,0.2749500785996516
6484,0.6493,6,35,6,503252,102358,69133,38823,0.9481455407758717,0.27498742748670146
6485,0.6494,24,85,24,503337,102273,69157,38799,0.9473581829634296,0.2750297720313032
6486,0.6495,19,51,19,503388,102222,69176,38780,0.9468857682759643,0.27503155983603067
6487,0.6496,36,140,36,503528,102082,69212,38744,0.9455889436437067,0.2751196512007726
6488,0.6497,27,89,27,503617,101993,69239,38717,0.9447645336989143,0.27515457323573306
6489,0.6498,5,15,5,503632,101978,69244,38712,0.944625588202601,0.2751581491221835
6490,0.6499,21,94,21,503726,101884,69265,38691,0.943754863092371,0.2752338609283301
6491,0.65,27,101,27,503827,101783,69292,38664,0.942819296750528,0.2752924590770896
6492,0.6501,19,45,19,503872,101738,69311,38645,0.942402460261588,0.27528261969041834
6493,0.6502,27,126,27,503998,101612,69338,38618,0.9412353180925562,0.27539043000784424
6494,0.6503,22,111,22,504109,101501,69360,38596,0.9402071214198378,0.2754948357209648
6495,0.6504,25,139,25,504248,101362,69385,38571,0.9389195598206677,0.27563905583386333
6496,0.6505,11,62,11,504310,101300,69396,38560,0.9383452517692393,0.2757042757042757
6497,0.6506,20,70,20,504380,101230,69416,38540,0.9376968394531106,0.2757387136009158
6498,0.6507,32,131,32,504511,101099,69448,38508,0.9364833821186409,0.27583144111684943
6499,0.6508,19,78,19,504589,101021,69467,38489,0.9357608655378117,0.2758870331875851
6500,0.6509,7,50,7,504639,100971,69474,38482,0.935297713883434,0.2759496030920812
6501,0.651,11,49,11,504688,100922,69485,38471,0.9348438252621438,0.2759894686246799
6502,0.6511,28,97,28,504785,100825,69513,38443,0.9339453110526511,0.27603613177470776
6503,0.6512,34,91,34,504876,100734,69547,38409,0.9331023750416837,0.2760397576593864
6504,0.6513,24,54,24,504930,100680,69571,38385,0.9326021712549557,0.27602200409880273
6505,0.6514,18,98,18,505028,100582,69589,38367,0.9316943940123754,0.27612289401147183
6506,0.6515,24,94,24,505122,100488,69613,38343,0.9308236689021453,0.2761847137887071
6507,0.6516,12,57,12,505179,100431,69625,38331,0.9302956760161547,0.27623556881567
6508,0.6517,9,36,9,505215,100395,69634,38322,0.9299622068250027,0.27626029974696686
6509,0.6518,26,87,26,505302,100308,69660,38296,0.9291563229463856,0.2762979423393264
6510,0.6519,10,53,10,505355,100255,69670,38286,0.9286653821927452,0.2763514049992421
6511,0.652,29,72,29,505427,100183,69699,38257,0.9279984438104413,0.2763435423288067
6512,0.6521,16,67,16,505494,100116,69715,38241,0.9273778205935752,0.27639367722630587
6513,0.6522,22,63,22,505557,100053,69737,38219,0.9267942495090592,0.27640447813006247
6514,0.6523,4,27,4,505584,100026,69741,38215,0.9265441476156953,0.2764375257702129
6515,0.6524,12,56,12,505640,99970,69753,38203,0.9260254177627922,0.27648672316588624
6516,0.6525,23,119,23,505759,99851,69776,38180,0.9249231168253733,0.2766045308662547
6517,0.6526,12,54,12,505813,99797,69788,38168,0.9244229130386453,0.2766498749682891
6518,0.6527,12,68,12,505881,99729,69800,38156,0.9237930267886917,0.27672335642020524
6519,0.6528,8,49,8,505930,99680,69808,38148,0.9233391381674015,0.27677975447659403
6520,0.6529,33,113,33,506043,99567,69841,38115,0.9222924154285079,0.2768335730160805
6521,0.653,18,71,18,506114,99496,69859,38097,0.9216347400792916,0.2768818181157472
6522,0.6531,30,98,30,506212,99398,69889,38067,0.9207269628367113,0.2769213981740807
6523,0.6532,47,130,47,506342,99268,69936,38020,0.9195227685353292,0.27693607598624786
6524,0.6533,19,64,19,506406,99204,69955,38001,0.9189299344177257,0.27696512517765387
6525,0.6534,33,100,33,506506,99104,69988,37968,0.9180036311089703,0.2769931131084394
6526,0.6535,35,127,35,506633,98977,70023,37933,0.916827225906851,0.2770652253305091
6527,0.6536,34,145,34,506778,98832,70057,37899,0.9154840861091555,0.2771792790223139
6528,0.6537,32,75,32,506853,98757,70089,37867,0.914789358627589,0.277162138423703
6529,0.6538,35,122,35,506975,98635,70124,37832,0.9136592685909074,0.27722453047256845
6530,0.6539,9,30,9,507005,98605,70133,37823,0.9133813775982808,0.27723781042014833
6531,0.654,14,80,14,507085,98525,70147,37809,0.9126403349512765,0.2773262722431675
6532,0.6541,12,52,12,507137,98473,70159,37797,0.9121586572307236,0.27736845967564394
6533,0.6542,15,40,15,507177,98433,70174,37782,0.9117881359072214,0.2773703336636934
6534,0.6543,14,35,14,507212,98398,70188,37768,0.911463929749157,0.2773673310518044
6535,0.6544,33,131,33,507343,98267,70221,37735,0.9102504724146875,0.2774591550124263
6536,0.6545,27,100,27,507443,98167,70248,37708,0.9093241691059321,0.27751977920883164
6537,0.6546,4,43,4,507486,98124,70252,37704,0.9089258586831672,0.27758635921901226
6538,0.6547,27,90,27,507576,98034,70279,37677,0.9080921857052874,0.2776267214890466
6539,0.6548,8,74,8,507650,97960,70287,37669,0.9074067212568083,0.2777355875218427
6540,0.6549,30,70,30,507720,97890,70317,37639,0.9067583089406795,0.27771915973703043
6541,0.655,20,66,20,507786,97824,70337,37619,0.9061469487569009,0.27774783488257054
6542,0.6551,27,78,27,507864,97746,70364,37592,0.9054244321760717,0.2777638209519869
6543,0.6552,16,76,16,507940,97670,70380,37576,0.9047204416614176,0.27783446460523786
6544,0.6553,29,106,29,508046,97564,70409,37547,0.9037385601541369,0.27789743248144116
6545,0.6554,10,54,10,508100,97510,70419,37537,0.9032383563674089,0.27795508230467914
6546,0.6555,13,70,13,508170,97440,70432,37524,0.9025899440512801,0.2780296968080377
6547,0.6556,24,95,24,508265,97345,70456,37500,0.9017099559079625,0.2780970744187771
6548,0.6557,14,66,14,508331,97279,70470,37486,0.9010985957241839,0.2781582755166401
6549,0.6558,7,43,7,508374,97236,70477,37479,0.9007002853014191,0.27820955350183724
6550,0.6559,31,142,31,508516,97094,70508,37448,0.8993849346029864,0.2783368762170921
6551,0.656,6,48,6,508564,97046,70514,37442,0.8989403090147838,0.27840402117661056
6552,0.6561,36,162,36,508726,96884,70550,37406,0.8974396976546001,0.27854642936927543
6553,0.6562,26,98,26,508824,96786,70576,37380,0.8965319204120197,0.2786100800500872
6554,0.6563,26,72,26,508896,96714,70602,37354,0.8958649820297158,0.278619804875138
6555,0.6564,45,118,45,509014,96596,70647,37309,0.8947719441253844,0.2786229042978231
6556,0.6565,12,39,12,509053,96557,70659,37297,0.8944106858349699,0.27863941309187623
6557,0.6566,15,87,15,509140,96470,70674,37282,0.8936048019563526,0.2787397571625097
6558,0.6567,16,57,16,509197,96413,70690,37266,0.893076809070362,0.27877228285669403
6559,0.6568,19,66,19,509263,96347,70709,37247,0.8924654488865834,0.27880743147147324
6560,0.6569,9,58,9,509321,96289,70718,37238,0.8919281929675053,0.2788799269061688
6561,0.657,16,65,16,509386,96224,70734,37222,0.8913260958168142,0.27892930473749683
6562,0.6571,31,65,31,509451,96159,70765,37191,0.8907239986661233,0.2788976377952756
6563,0.6572,13,75,13,509526,96084,70778,37178,0.8900292711845567,0.27898425657726883
6564,0.6573,14,59,14,509585,96025,70792,37164,0.8894827522323909,0.27903205219650273
6565,0.6574,27,59,27,509644,95966,70819,37137,0.8889362332802253,0.279009488892061
6566,0.6575,23,70,23,509714,95896,70842,37114,0.8882878209640965,0.2790316517555071
6567,0.6576,18,39,18,509753,95857,70860,37096,0.8879265626736819,0.2790158928343099
6568,0.6577,39,95,39,509848,95762,70899,37057,0.8870465745303642,0.27900375699259894
6569,0.6578,33,97,33,509945,95665,70932,37024,0.8861480603208715,0.27902840476603186
6570,0.6579,11,50,11,509995,95615,70943,37013,0.8856849086664937,0.2790738004041379
6571,0.658,31,115,31,510110,95500,70974,36982,0.884619659861425,0.2791473558672122
6572,0.6581,15,52,15,510162,95448,70989,36967,0.8841379821408722,0.27917532001661444
6573,0.6582,11,64,11,510226,95384,71000,36956,0.8835451480232688,0.2792504155961916
6574,0.6583,40,129,40,510355,95255,71040,36916,0.8823502167549743,0.27930483994219607
6575,0.6584,32,103,32,510458,95152,71072,36884,0.8813961243469561,0.2793480565906268
6576,0.6585,21,67,21,510525,95085,71093,36863,0.8807755011300901,0.2793752084154364
6577,0.6586,13,46,13,510571,95039,71106,36850,0.8803494016080625,0.27940161802728053
6578,0.6587,18,108,18,510679,94931,71124,36832,0.8793489940346066,0.27953219037210747
6579,0.6588,16,73,16,510752,94858,71140,36816,0.8786727926192153,0.27959961723650834
6580,0.6589,22,96,22,510848,94762,71162,36794,0.87778354144281,0.2796831767460245
6581,0.659,20,91,20,510939,94671,71182,36774,0.8769406054318426,0.2797672030126669
6582,0.6591,27,79,27,511018,94592,71209,36747,0.8762088258179258,0.27978742033973153
6583,0.6592,29,109,29,511127,94483,71238,36718,0.8751991552113824,0.2798606717936601
6584,0.6593,13,56,13,511183,94427,71251,36705,0.8746804253584793,0.2799087941921118
6585,0.6594,24,89,24,511272,94338,71275,36681,0.8738560154136871,0.2799670276830078
6586,0.6595,18,53,18,511325,94285,71293,36663,0.8733650746600466,0.279981366649357
6587,0.6596,30,100,30,511425,94185,71323,36633,0.8724387713512912,0.2800302710636151
6588,0.6597,12,73,12,511498,94112,71335,36621,0.8717625699358998,0.28012055104679
6589,0.6598,23,64,23,511562,94048,71358,36598,0.8711697358182964,0.2801310411340569
6590,0.6599,6,35,6,511597,94013,71364,36592,0.870845529660232,0.28017304084835953
6591,0.66,17,89,17,511686,93924,71381,36575,0.8700211197154396,0.28027034689920993
6592,0.6601,31,85,31,511771,93839,71412,36544,0.8692337619029975,0.2802819385962894
6593,0.6602,10,39,10,511810,93800,71422,36534,0.868872503612583,0.2803105866466156
6594,0.6603,8,27,8,511837,93773,71430,36526,0.8686224017192189,0.2803244844549843
6595,0.6604,49,152,49,511989,93621,71479,36477,0.8672144206899107,0.28038094359636584
6596,0.6605,33,109,33,512098,93512,71512,36444,0.8662047500833673,0.2804333774508295
6597,0.6606,22,83,22,512181,93429,71534,36422,0.8654359183371003,0.28049071628250843
6598,0.6607,24,110,24,512291,93319,71558,36398,0.8644169846974693,0.28059545009520726
6599,0.6608,35,87,35,512378,93232,71593,36363,0.8636111008188522,0.28058952891701067
6600,0.6609,8,31,8,512409,93201,71601,36355,0.863323946793138,0.28061224489795916
6601,0.661,38,116,38,512525,93085,71639,36317,0.8622494349549816,0.28065254014621105
6602,0.6611,4,39,4,512564,93046,71643,36313,0.8618881766645671,0.2807149096699882
6603,0.6612,27,81,27,512645,92965,71670,36286,0.8611378709844751,0.28074057454100937
6604,0.6613,18,60,18,512705,92905,71688,36268,0.860582088999222,0.28077074930519536
6605,0.6614,25,62,25,512767,92843,71713,36243,0.8600077809477935,0.2807663108315387
6606,0.6615,24,68,24,512835,92775,71737,36219,0.8593778946978399,0.2807805014186706
6607,0.6616,18,66,18,512901,92709,71755,36201,0.8587665345140613,0.2808238305794741
6608,0.6617,25,88,25,512989,92621,71780,36176,0.8579513876023566,0.28087610736274915
6609,0.6618,12,31,12,513020,92590,71792,36164,0.8576642335766423,0.28087671062646596
6610,0.6619,16,51,16,513071,92539,71808,36148,0.8571918188891771,0.28089861446766184
6611,0.662,10,49,10,513120,92490,71818,36138,0.8567379302678869,0.2809497154585316
6612,0.6621,17,80,17,513200,92410,71835,36121,0.8559968876208826,0.28102947926959254
6613,0.6622,19,63,19,513263,92347,71854,36102,0.8554133165363667,0.28106096583079665
6614,0.6623,18,80,18,513343,92267,71872,36084,0.8546722738893623,0.2811353242280933
6615,0.6624,17,58,17,513401,92209,71889,36067,0.8541350179702842,0.2811671707879884
6616,0.6625,43,105,43,513506,92104,71932,36024,0.853162399496091,0.2811563436563437
6617,0.6626,26,79,26,513585,92025,71958,35998,0.8524306198821742,0.2811838497769932
6618,0.6627,21,77,21,513662,91948,71979,35977,0.8517173663344325,0.28123509869063906
6619,0.6628,46,146,46,513808,91802,72025,35931,0.8503649635036497,0.2812977069355609
6620,0.6629,13,33,13,513841,91769,72038,35918,0.8500592834117603,0.2812972346440906
6621,0.663,13,38,13,513879,91731,72051,35905,0.8497072881544333,0.281307781503651
6622,0.6631,9,57,9,513936,91674,72060,35896,0.8491792952684427,0.2813827702437877
6623,0.6632,6,51,6,513987,91623,72066,35890,0.8487068805809774,0.28146149804333676
6624,0.6633,11,54,11,514041,91569,72077,35879,0.8482066767942495,0.2815187370535434
6625,0.6634,26,43,26,514084,91526,72103,35853,0.8478083663714847,0.2814671178137684
6626,0.6635,12,46,12,514130,91480,72115,35841,0.8473822668494572,0.2815010878016981
6627,0.6636,44,162,44,514292,91318,72159,35797,0.8458816554892734,0.28161113951933286
6628,0.6637,8,56,8,514348,91262,72167,35789,0.8453629256363704,0.2816900299879576
6629,0.6638,28,87,28,514435,91175,72195,35761,0.8445570417577531,0.2817246486418353
6630,0.6639,15,58,15,514493,91117,72210,35746,0.844019785838675,0.281768521948874
6631,0.664,26,61,26,514554,91056,72236,35720,0.8434547408203342,0.2817567993942071
6632,0.6641,30,100,30,514654,90956,72266,35690,0.8425284375115788,0.2818091372802931
6633,0.6642,17,42,17,514696,90914,72283,35673,0.8421393901219015,0.2818061886291641
6634,0.6643,22,81,22,514777,90833,72305,35651,0.8413890844418096,0.28186173745295845
6635,0.6644,19,90,19,514867,90743,72324,35632,0.8405554114639298,0.28195450049455983
6636,0.6645,19,88,19,514955,90655,72343,35613,0.839740264552225,0.28204295625178194
6637,0.6646,30,107,30,515062,90548,72373,35583,0.8387491200118566,0.28211145555018197
6638,0.6647,25,113,25,515175,90435,72398,35558,0.837702397272963,0.2822220282079163
6639,0.6648,29,93,29,515268,90342,72427,35529,0.8368409351958205,0.2822651762518769
6640,0.6649,26,87,26,515355,90255,72453,35503,0.8360350513172033,0.28231205967016015
6641,0.665,18,90,18,515445,90165,72471,35485,0.8352013783393234,0.2824114604058894
6642,0.6651,27,105,27,515550,90060,72498,35458,0.8342287598651302,0.2824933475676795
6643,0.6652,18,98,18,515648,89962,72516,35440,0.8333209826225499,0.2826111226296231
6644,0.6653,13,91,13,515739,89871,72529,35427,0.8324780466115825,0.2827419432073936
6645,0.6654,26,106,26,515845,89765,72555,35401,0.8314961651043018,0.28283239857469283
6646,0.6655,9,37,9,515882,89728,72564,35392,0.8311534328800623,0.28286445012787725
6647,0.6656,14,47,14,515929,89681,72578,35378,0.8307180703249472,0.2828904756954717
6648,0.6657,12,44,12,515973,89637,72590,35366,0.8303104968690949,0.28292120989096264
6649,0.6658,7,74,7,516047,89563,72597,35359,0.8296250324206158,0.2830486223403404
6650,0.6659,14,55,14,516102,89508,72611,35345,0.8291155656008004,0.28309291727071034
6651,0.666,18,97,18,516199,89411,72629,35327,0.8282170513913075,0.2832096073369783
6652,0.6661,6,23,6,516222,89388,72635,35321,0.8280040016302939,0.2832273532784322
6653,0.6662,32,68,32,516290,89320,72667,35289,0.8273741153803401,0.2831978428524424
6654,0.6663,21,54,21,516344,89266,72688,35268,0.8268739115936122,0.28319976873785474
6655,0.6664,44,144,44,516488,89122,72732,35224,0.8255400348290044,0.2832740900390845
6656,0.6665,17,60,17,516548,89062,72749,35207,0.8249842528437512,0.2833128133323677
6657,0.6666,18,89,18,516637,88973,72767,35189,0.8241598428989588,0.28341199400782846
6658,0.6667,36,178,36,516815,88795,72803,35153,0.8225110230093742,0.28361086907412786
6659,0.6668,23,95,23,516910,88700,72826,35130,0.8216310348660565,0.2836953888395381
6660,0.6669,23,50,23,516960,88650,72849,35107,0.8211678832116789,0.2836768829237942
6661,0.667,13,63,13,517023,88587,72862,35094,0.8205843121271629,0.2837460887282606
6662,0.6671,33,92,33,517115,88495,72895,35061,0.8197321130831079,0.28376606558969214
6663,0.6672,14,62,14,517177,88433,72909,35047,0.8191578050316796,0.2838273404599935
6664,0.6673,8,42,8,517219,88391,72917,35039,0.8187687576420023,0.28387750141780765
6665,0.6674,18,90,18,517309,88301,72935,35021,0.8179350846641225,0.28398014952725387
6666,0.6675,9,24,9,517333,88277,72944,35012,0.8177127718700211,0.2839831615148148
6667,0.6676,18,59,18,517392,88218,72962,34994,0.8171662529178554,0.28401454403791837
6668,0.6677,17,94,17,517486,88124,72979,34977,0.8162955278076254,0.28413254157155504
6669,0.6678,17,48,17,517534,88076,72996,34960,0.8158509022194227,0.28414447803894793
6670,0.6679,15,116,15,517650,87960,73011,34945,0.8147763903812665,0.2843252918921118
6671,0.668,19,47,19,517697,87913,73030,34926,0.8143410278261514,0.28432338263906415
6672,0.6681,44,141,44,517838,87772,73074,34882,0.8130349401608062,0.2843934971545975
6673,0.6682,27,88,27,517926,87684,73101,34855,0.8122197932491015,0.28444005581896376
6674,0.6683,32,101,32,518027,87583,73133,34823,0.8112842269072585,0.28448768851200107
6675,0.6684,23,75,23,518102,87508,73156,34800,0.8105894994256919,0.28452758609412304
6676,0.6685,16,61,16,518163,87447,73172,34784,0.8100244544073512,0.2845759259107755
6677,0.6686,22,47,22,518210,87400,73194,34762,0.809589091852236,0.28455657242022886
6678,0.6687,13,44,13,518254,87356,73207,34749,0.8091815183963837,0.2845829409115106
6679,0.6688,22,62,22,518316,87294,73229,34727,0.8086072103449553,0.2845985527081404
6680,0.6689,41,135,41,518451,87159,73270,34686,0.8073567008781355,0.28467315031392343
6681,0.669,62,187,62,518638,86972,73332,34624,0.8056245136907629,0.284746208756867
6682,0.6691,28,87,28,518725,86885,73360,34596,0.8048186298121457,0.2847852750635902
6683,0.6692,23,59,23,518784,86826,73383,34573,0.80427211085998,0.28478817782683546
6684,0.6693,19,86,19,518870,86740,73402,34554,0.8034754900144503,0.2848780648671822
6685,0.6694,25,102,25,518972,86638,73427,34529,0.8025306606395198,0.28497033020541895
6686,0.6695,31,99,31,519071,86539,73458,34498,0.801613620363852,0.28502028305394217
6687,0.6696,16,68,16,519139,86471,73474,34482,0.8009837341138982,0.28508594247352276
6688,0.6697,20,68,20,519207,86403,73494,34462,0.8003538478639446,0.2851280354114094
6689,0.6698,37,85,37,519292,86318,73531,34425,0.7995664900515025,0.2851096958001706
6690,0.6699,39,118,39,519410,86200,73570,34386,0.798473452147171,0.2851574809679399
6691,0.67,23,77,23,519487,86123,73593,34363,0.7977601985994294,0.2852032601298076
6692,0.6701,21,60,21,519547,86063,73614,34342,0.7972044166141762,0.2852207134255222
6693,0.6702,13,60,13,519607,86003,73627,34329,0.7966486346289229,0.28528570953694776
6694,0.6703,18,95,18,519702,85908,73645,34311,0.7957686464856052,0.28540413744915527
6695,0.6704,18,54,18,519756,85854,73663,34293,0.7952684426988773,0.28542535394142177
6696,0.6705,24,91,24,519847,85763,73687,34269,0.7944255066879099,0.28549886696880833
6697,0.6706,10,26,10,519873,85737,73697,34259,0.7941846678276335,0.2855011833727791
6698,0.6707,8,38,8,519911,85699,73705,34251,0.7938326725703064,0.28554397665694037
6699,0.6708,5,50,5,519961,85649,73710,34246,0.7933695209159287,0.28563326243796655
6700,0.6709,27,113,27,520074,85536,73737,34219,0.7923227981770351,0.28574172268381276
6701,0.671,27,96,27,520170,85440,73764,34192,0.7914335470006298,0.2858098167714324
6702,0.6711,20,87,20,520257,85353,73784,34172,0.7906276631220127,0.2858983476260197
6703,0.6712,17,67,17,520324,85286,73801,34155,0.7900070399051465,0.2859570834135682
6704,0.6713,16,32,16,520356,85254,73817,34139,0.7897106228463449,0.285938036568308
6705,0.6714,13,39,13,520395,85215,73830,34126,0.7893493645559302,0.2859536957122866
6706,0.6715,19,61,19,520456,85154,73849,34107,0.7887843195375894,0.2859861983380988
6707,0.6716,51,194,51,520650,84960,73900,34056,0.7869872911186039,0.28614640048396855
6708,0.6717,29,114,29,520764,84846,73929,34027,0.7859313053466227,0.2862466666105844
6709,0.6718,38,120,38,520884,84726,73967,33989,0.7848197413761162,0.2863075432759129
6710,0.6719,17,88,17,520972,84638,73984,33972,0.7840045944644114,0.2864176713599191
6711,0.672,10,45,10,521017,84593,73994,33962,0.7835877579754715,0.28646619712369786
6712,0.6721,11,51,11,521068,84542,74005,33951,0.7831153432880062,0.2865232545382428
6713,0.6722,16,97,16,521165,84445,74021,33935,0.7822168290785134,0.28666159824294646
6714,0.6723,12,40,12,521205,84405,74033,33923,0.7818463077550113,0.2866861605030086
6715,0.6724,22,81,22,521286,84324,74055,33901,0.7810960020749194,0.28674984140410237
6716,0.6725,25,87,25,521373,84237,74080,33876,0.7802901181963022,0.2868100886439257
6717,0.6726,4,28,4,521401,84209,74084,33872,0.7800307532698507,0.28685393924509445
6718,0.6727,11,36,11,521437,84173,74095,33861,0.7796972840786988,0.2868749682294932
6719,0.6728,19,64,19,521501,84109,74114,33842,0.7791044499610953,0.2869157531517325
6720,0.6729,13,55,13,521556,84054,74127,33829,0.7785949831412797,0.28697097970021124
6721,0.673,63,185,63,521741,83869,74190,33766,0.7768813220200823,0.2870404216432184
6722,0.6731,5,24,5,521765,83845,74195,33761,0.776659009225981,0.28706868697175314
6723,0.6732,48,156,48,521921,83689,74243,33713,0.7752139760643225,0.2871586514710141
6724,0.6733,12,62,12,521983,83627,74255,33701,0.7746396680128942,0.28723748806763943
6725,0.6734,23,80,23,522063,83547,74278,33678,0.7738986253658898,0.2872936660268714
6726,0.6735,28,78,28,522141,83469,74306,33650,0.7731761087850606,0.28731461163432065
6727,0.6736,24,78,24,522219,83391,74330,33626,0.7724535922042314,0.28735995624567373
6728,0.6737,12,69,12,522288,83322,74342,33614,0.7718144429211902,0.28745638639939797
6729,0.6738,24,107,24,522395,83215,74366,33590,0.7708232983808219,0.28757330593724584
6730,0.6739,31,77,31,522472,83138,74397,33559,0.7701100448330801,0.287573802239989
6731,0.674,16,39,16,522511,83099,74413,33543,0.7697487865426655,0.2875722295571064
6732,0.6741,38,104,38,522615,82995,74451,33505,0.76878543110156,0.28759656652360516
6733,0.6742,13,44,13,522659,82951,74464,33492,0.7683778576457075,0.28762570528069525
6734,0.6743,32,120,32,522779,82831,74496,33460,0.767266293675201,0.2877264792632276
6735,0.6744,18,67,18,522846,82764,74514,33442,0.7666456704583349,0.2877820422353407
6736,0.6745,31,99,31,522945,82665,74545,33411,0.765728630182667,0.2878372790240877
6737,0.6746,22,71,22,523016,82594,74567,33389,0.7650709548334507,0.28787839597182346
6738,0.6747,29,73,29,523089,82521,74596,33360,0.7643947534180592,0.2878815336422709
6739,0.6748,23,73,23,523162,82448,74619,33337,0.7637185520026678,0.28792157878827135
6740,0.6749,19,55,19,523217,82393,74638,33318,0.7632090851828522,0.28794150945026836
6741,0.675,15,48,15,523265,82345,74653,33303,0.7627644595946497,0.2879686635307139
6742,0.6751,13,32,13,523297,82313,74666,33290,0.762468042535848,0.28796830532079615
6743,0.6752,27,96,27,523393,82217,74693,33263,0.7615787913594427,0.2880412192587461
6744,0.6753,15,54,15,523447,82163,74708,33248,0.7610785875727148,0.28808345824921366
6745,0.6754,13,52,13,523499,82111,74721,33235,0.760596909852162,0.28813309520919667
6746,0.6755,23,79,23,523578,82032,74744,33212,0.7598651302382452,0.2881885390996494
6747,0.6756,19,83,19,523661,81949,74763,33193,0.7590962984919782,0.28827882093415086
6748,0.6757,9,20,9,523681,81929,74772,33184,0.7589110378302272,0.28827326192523867
6749,0.6758,26,65,26,523746,81864,74798,33158,0.7583089406795361,0.2882752864669368
6750,0.6759,13,55,13,523801,81809,74811,33145,0.7577994738597206,0.28833272439410546
6751,0.676,39,144,39,523945,81665,74850,33106,0.7564655970951129,0.28845265790138624
6752,0.6761,45,97,45,524042,81568,74895,33061,0.75556708288562,0.2884174161861309
6753,0.6762,14,70,14,524112,81498,74909,33047,0.7549186705694912,0.28850670042341436
6754,0.6763,23,57,23,524169,81441,74932,33024,0.7543906776835007,0.2885074040099594
6755,0.6764,19,69,19,524238,81372,74951,33005,0.7537515284004594,0.2885632600959983
6756,0.6765,22,76,22,524314,81296,74973,32983,0.7530475378858054,0.28861820631962126
6757,0.6766,33,91,33,524405,81205,75006,32950,0.7522046018748378,0.28864263501379706
6758,0.6767,19,55,19,524460,81150,75025,32931,0.7516951350550224,0.28866331816866964
6759,0.6768,28,72,28,524532,81078,75053,32903,0.7510281966727185,0.2886709188373501
6760,0.6769,18,65,18,524597,81013,75071,32885,0.7504260995220275,0.2887232436039263
6761,0.677,20,68,20,524665,80945,75091,32865,0.7497962132720738,0.28877075828134613
6762,0.6771,10,26,10,524691,80919,75101,32855,0.7495553744117974,0.2887742366445761
6763,0.6772,9,25,9,524716,80894,75110,32846,0.7493237985846085,0.2887814313346228
6764,0.6773,33,93,33,524809,80801,75143,32813,0.748462336507466,0.28881123805164854
6765,0.6774,49,116,49,524925,80685,75192,32764,0.7473878246693098,0.28879937240522174
6766,0.6775,14,55,14,524980,80630,75206,32750,0.7468783578494942,0.2888516493208679
6767,0.6776,22,55,22,525035,80575,75228,32728,0.7463688910296787,0.28885378145327134
6768,0.6777,23,105,23,525140,80470,75251,32705,0.7453962725554856,0.288977247625359
6769,0.6778,32,84,32,525224,80386,75283,32673,0.744618177776131,0.2889907039687243
6770,0.6779,24,100,24,525324,80286,75307,32649,0.7436918744673756,0.2890954974100146
6771,0.678,20,68,20,525392,80218,75327,32629,0.7430619882174219,0.2891437078522247
6772,0.6781,17,48,17,525440,80170,75344,32612,0.7426173626292193,0.2891596176694863
6773,0.6782,19,63,19,525503,80107,75363,32593,0.7420337915447034,0.2892014196983141
6774,0.6783,44,120,44,525623,79987,75407,32549,0.7409222275741969,0.2892318902395678
6775,0.6784,23,50,23,525673,79937,75430,32526,0.7404590759198192,0.28921511963934804
6776,0.6785,31,66,31,525739,79871,75461,32495,0.7398477157360406,0.289188900557108
6777,0.6786,11,54,11,525793,79817,75472,32484,0.7393475119493127,0.28925833251707467
6778,0.6787,29,101,29,525894,79716,75501,32455,0.7384119456074697,0.2893350331190771
6779,0.6788,28,80,28,525974,79636,75529,32427,0.7376709029604653,0.2893640184539054
6780,0.6789,9,21,9,525995,79615,75538,32418,0.7374763792656267,0.2893611703694447
6781,0.679,45,120,45,526115,79495,75583,32373,0.7363648152951202,0.2893857045803983
6782,0.6791,30,57,30,526172,79438,75613,32343,0.7358368224091296,0.28934255374348056
6783,0.6792,20,49,20,526221,79389,75633,32323,0.7353829337878395,0.2893422371813234
6784,0.6793,14,58,14,526279,79331,75647,32309,0.7348456778687613,0.2894034396273737
6785,0.6794,14,35,14,526314,79296,75661,32295,0.7345214717106969,0.289405059547813
6786,0.6795,28,83,28,526397,79213,75689,32267,0.73375263996443,0.28944205238607823
6787,0.6796,21,61,21,526458,79152,75710,32246,0.7331875949460891,0.28946659724591106
6788,0.6797,28,89,28,526547,79063,75738,32218,0.7323631850012968,0.28951932495214816
6789,0.6798,29,105,29,526652,78958,75767,32189,0.7313905665271037,0.2896074567914564
6790,0.6799,4,34,4,526686,78924,75771,32185,0.7310756234021268,0.28967050373957104
6791,0.68,17,44,17,526730,78880,75788,32168,0.7306680499462744,0.2896765362726028
6792,0.6801,10,45,10,526775,78835,75798,32158,0.7302512134573345,0.2897299829718991
6793,0.6802,18,48,18,526823,78787,75816,32140,0.7298065878691319,0.28974009934461403
6794,0.6803,24,72,24,526895,78715,75840,32116,0.729139649486828,0.2897745215688751
6795,0.6804,16,43,16,526938,78672,75856,32100,0.7287413390640631,0.28978442205611527
6796,0.6805,28,70,28,527008,78602,75884,32072,0.7280929267479344,0.28978802609465637
6797,0.6806,21,69,21,527077,78533,75905,32051,0.7274537774648931,0.2898339723648991
6798,0.6807,17,63,17,527140,78470,75922,32034,0.7268702063803771,0.28988995873452544
6799,0.6808,7,37,7,527177,78433,75929,32027,0.7265274741561377,0.28994206047437987
6800,0.6809,20,81,20,527258,78352,75949,32007,0.7257771684760458,0.2900261872615736
6801,0.681,16,46,16,527304,78306,75965,31991,0.7253510689540184,0.29004415351278817
6802,0.6811,26,67,26,527371,78239,75991,31965,0.7247304457371522,0.2900529926318464
6803,0.6812,22,65,22,527436,78174,76013,31943,0.7241283485864611,0.2900823669369852
6804,0.6813,8,34,8,527470,78140,76021,31935,0.7238134054614843,0.2901203724733136
6805,0.6814,37,88,37,527558,78052,76058,31898,0.7229982585497795,0.2901136880400182
6806,0.6815,30,107,30,527665,77945,76088,31868,0.7220071140094112,0.29020243504867366
6807,0.6816,54,129,54,527794,77816,76142,31814,0.7208121827411168,0.2901942898841558
6808,0.6817,35,101,35,527895,77715,76177,31779,0.7198766163992738,0.29023508137432186
6809,0.6818,8,27,8,527922,77688,76185,31771,0.7196265145059099,0.29025479860038916
6810,0.6819,15,60,15,527982,77628,76200,31756,0.7190707325206566,0.2903166825129818
6811,0.682,21,67,21,528049,77561,76221,31735,0.7184501093037904,0.2903582930756844
6812,0.6821,12,29,12,528078,77532,76233,31723,0.7181814813442514,0.29035742071301085
6813,0.6822,37,92,37,528170,77440,76270,31686,0.7173292823001963,0.2903616003518868
6814,0.6823,29,65,29,528235,77375,76299,31657,0.7167271851495054,0.2903459534815467
6815,0.6824,22,53,22,528288,77322,76321,31635,0.716236244395865,0.29034389713373165
6816,0.6825,27,73,27,528361,77249,76348,31608,0.7155600429804735,0.2903625857776716
6817,0.6826,27,54,27,528415,77195,76375,31581,0.7150598391937456,0.29033058762962416
6818,0.6827,27,93,27,528508,77102,76402,31554,0.7141983771166031,0.2904027389191577
6819,0.6828,12,46,12,528554,77056,76414,31542,0.7137722775945756,0.2904473378883589
6820,0.6829,11,42,11,528596,77014,76425,31531,0.7133832302048982,0.2904878161131328
6821,0.683,17,35,17,528631,76979,76442,31514,0.7130590240468339,0.2904703529259952
6822,0.6831,17,53,17,528684,76926,76459,31497,0.7125680832931935,0.29050109294153453
6823,0.6832,21,67,21,528751,76859,76480,31476,0.7119474600763274,0.2905432224119629
6824,0.6833,17,86,17,528837,76773,76497,31459,0.7111508392307977,0.29066265060240964
6825,0.6834,14,49,14,528886,76724,76511,31445,0.7106969506095075,0.2907025118102229
6826,0.6835,29,81,29,528967,76643,76540,31416,0.7099466449294157,0.29073006413163177
6827,0.6836,35,93,35,529060,76550,76575,31381,0.7090851828522732,0.29075057212478345
6828,0.6837,32,88,32,529148,76462,76607,31349,0.7082700359405684,0.2907773789316489
6829,0.6838,21,68,21,529216,76394,76628,31328,0.7076401496906147,0.2908226731772526
6830,0.6839,19,44,19,529260,76350,76647,31309,0.7072325762347623,0.29081637392136284
6831,0.684,33,105,33,529365,76245,76680,31276,0.7062599577605692,0.29088271128430726
6832,0.6841,13,62,13,529427,76183,76693,31263,0.7056856497091407,0.2909647636952516
6833,0.6842,12,63,12,529490,76120,76705,31251,0.7051020786246248,0.2910562442372708
6834,0.6843,24,80,24,529570,76040,76729,31227,0.7043610359776206,0.29111469510660315
6835,0.6844,12,75,12,529645,75965,76741,31215,0.7036663084960539,0.2912390371337936
6836,0.6845,16,73,16,529718,75892,76757,31199,0.7029901070806625,0.2913316711955253
6837,0.6846,27,78,27,529796,75814,76784,31172,0.7022675904998332,0.2913652253565887
6838,0.6847,28,86,28,529882,75728,76812,31144,0.7014709696543036,0.2914140279961075
6839,0.6848,19,45,19,529927,75683,76831,31125,0.7010541331653637,0.29141075574863307
6840,0.6849,12,44,12,529971,75639,76843,31113,0.7006465597095113,0.291451214028777
6841,0.685,24,50,24,530021,75589,76867,31089,0.7001834080551336,0.2914284107313598
6842,0.6851,7,40,7,530061,75549,76874,31082,0.6998128867316314,0.29149121737581
6843,0.6852,20,78,20,530139,75471,76894,31062,0.6990903701508022,0.2915716256934471
6844,0.6853,14,40,14,530179,75431,76908,31048,0.6987198488273,0.2915880126597733
6845,0.6854,9,49,9,530228,75382,76917,31039,0.6982659602060098,0.29166235987258154
6846,0.6855,13,43,13,530271,75339,76930,31026,0.697867649783245,0.2916936962346637
6847,0.6856,20,45,20,530316,75294,76950,31006,0.6974508132943051,0.29168391345249295
6848,0.6857,4,18,4,530334,75276,76954,31002,0.6972840786987291,0.29170665612826735
6849,0.6858,31,95,31,530429,75181,76985,30971,0.6964040905554114,0.29176087120355715
6850,0.6859,23,77,23,530506,75104,77008,30948,0.6956908370076698,0.2918191076075887
6851,0.686,27,89,27,530595,75015,77035,30921,0.6948664270628775,0.29188377888536476
6852,0.6861,14,74,14,530669,74941,77049,30907,0.6941809626143984,0.29199418033406394
6853,0.6862,7,50,7,530719,74891,77056,30900,0.6937178109600207,0.29208533807223674
6854,0.6863,19,86,19,530805,74805,77075,30881,0.692921190114491,0.2921957496735613
6855,0.6864,10,46,10,530851,74759,77085,30871,0.6924950905924636,0.29225598788223045
6856,0.6865,19,54,19,530905,74705,77104,30852,0.6919948868057356,0.2922781056680277
6857,0.6866,18,67,18,530972,74638,77122,30834,0.6913742635888696,0.2923429915048544
6858,0.6867,23,62,23,531034,74576,77145,30811,0.6907999555374412,0.29236053782724625
6859,0.6868,40,124,40,531158,74452,77185,30771,0.6896513394345845,0.2924360643585528
6860,0.6869,15,57,15,531215,74395,77200,30756,0.6891233465485939,0.29249365198619126
6861,0.687,9,52,9,531267,74343,77209,30747,0.688641668828041,0.29257779046531546
6862,0.6871,9,47,9,531314,74296,77218,30738,0.688206306272926,0.29264809490260296
6863,0.6872,13,45,13,531359,74251,77231,30725,0.687789469783986,0.29268594726413655
6864,0.6873,25,75,25,531434,74176,77256,30700,0.6870947423024195,0.2927266486136008
6865,0.6874,13,51,13,531485,74125,77269,30687,0.6866223276149542,0.29278136091287255
6866,0.6875,13,43,13,531528,74082,77282,30674,0.6862240171921894,0.2928137767765092
6867,0.6876,12,44,12,531572,74038,77294,30662,0.685816443736337,0.29285577841451765
6868,0.6877,14,73,14,531645,73965,77308,30648,0.6851402423209456,0.29296550141951766
6869,0.6878,42,124,42,531769,73841,77350,30606,0.6839916262180888,0.29302900035424667
6870,0.6879,33,110,33,531879,73731,77383,30573,0.6829726925784579,0.2931143580303728
6871,0.688,29,46,29,531925,73685,77412,30544,0.6825465930564304,0.2930470406508745
6872,0.6881,24,76,24,532001,73609,77436,30520,0.6818426025417763,0.29309798423109795
6873,0.6882,16,55,16,532056,73554,77452,30504,0.6813331357219607,0.29314420803782504
6874,0.6883,18,59,18,532115,73495,77470,30486,0.6807866167697951,0.29318817860955365
6875,0.6884,11,64,11,532179,73431,77481,30475,0.6801937826521917,0.29329393875233384
6876,0.6885,18,56,18,532235,73375,77499,30457,0.6796750527992886,0.29332960936898067
6877,0.6886,26,72,26,532307,73303,77525,30431,0.6790081144169847,0.29335608382979544
6878,0.6887,25,72,25,532379,73231,77550,30406,0.6783411760346808,0.29338942655615274
6879,0.6888,22,64,22,532443,73167,77572,30384,0.6777483419170773,0.29342063331112206
6880,0.6889,35,100,35,532543,73067,77607,30349,0.6768220386083219,0.2934652278177458
6881,0.689,28,82,28,532625,72985,77635,30321,0.6760624698951425,0.2935066695061274
6882,0.6891,30,94,30,532719,72891,77665,30291,0.6751917447849124,0.2935686456940164
6883,0.6892,13,62,13,532781,72829,77678,30278,0.6746174367334841,0.2936561048231449
6884,0.6893,16,54,16,532835,72775,77694,30262,0.6741172329467561,0.29370032124382506
6885,0.6894,12,40,12,532875,72735,77706,30250,0.673746711623254,0.2937320969073166
6886,0.6895,44,128,44,533003,72607,77750,30206,0.672561043388047,0.2937955316934629
6887,0.6896,36,82,36,533085,72525,77786,30170,0.6718014746748675,0.2937825600077901
6888,0.6897,18,57,18,533142,72468,77804,30152,0.6712734817888769,0.29382186708244007
6889,0.6898,20,70,20,533212,72398,77824,30132,0.6706250694727481,0.2938847166682922
6890,0.6899,24,70,24,533282,72328,77848,30108,0.6699766571566194,0.2939201062126596
6891,0.69,19,55,19,533337,72273,77867,30089,0.6694671903368039,0.2939469725093296
6892,0.6901,20,96,20,533433,72177,77887,30069,0.6685779391603986,0.29408485417522445
6893,0.6902,18,68,18,533501,72109,77905,30051,0.667948052910445,0.2941562255285826
6894,0.6903,11,37,11,533538,72072,77916,30040,0.6676053206862055,0.2941867753055469
6895,0.6904,13,32,13,533570,72040,77929,30027,0.6673089036274038,0.2941891110740984
6896,0.6905,22,68,22,533638,71972,77951,30005,0.6666790173774501,0.2942330133265344
6897,0.6906,28,91,28,533729,71881,77979,29977,0.6658360813664826,0.2943018712325001
6898,0.6907,27,65,27,533794,71816,78006,29950,0.6652339842157916,0.2943026158048857
6899,0.6908,8,42,8,533836,71774,78014,29942,0.6648449368261143,0.2943686342365016
6900,0.6909,4,24,4,533860,71750,78018,29938,0.664622624032013,0.2944103532373535
6901,0.691,28,87,28,533947,71663,78046,29910,0.6638167401533959,0.2944680180756697
6902,0.6911,16,52,16,533999,71611,78062,29894,0.663335062432843,0.294507659721196
6903,0.6912,9,41,9,534040,71570,78071,29885,0.6629552780762533,0.29456409245478293
6904,0.6913,12,34,12,534074,71536,78083,29873,0.6626403349512765,0.2945793765839324
6905,0.6914,16,28,16,534102,71508,78099,29857,0.6623809700248249,0.29454940068070834
6906,0.6915,8,57,8,534159,71451,78107,29849,0.6618529771388343,0.2946594274432379
6907,0.6916,33,68,33,534227,71383,78140,29816,0.6612230908888806,0.29462741726696906
6908,0.6917,41,92,41,534319,71291,78181,29775,0.6603708918448257,0.29460946312310765
6909,0.6918,20,55,20,534374,71236,78201,29755,0.6598614250250102,0.29463021457357585
6910,0.6919,30,76,30,534450,71160,78231,29725,0.659157434510356,0.2946424146305199
6911,0.692,12,31,12,534481,71129,78243,29713,0.6588702804846419,0.29464905495725985
6912,0.6921,11,65,11,534546,71064,78254,29702,0.6582681833339509,0.2947621221443741
6913,0.6922,17,39,17,534585,71025,78271,29685,0.6579069250435362,0.2947572237116473
6914,0.6923,23,65,23,534650,70960,78294,29662,0.6573048278928453,0.2947864284152571
6915,0.6924,10,40,10,534690,70920,78304,29652,0.656934306569343,0.29483355208209044
6916,0.6925,6,42,6,534732,70878,78310,29646,0.6565452591796658,0.2949146472484183
6917,0.6926,33,109,33,534841,70769,78343,29613,0.6555355885731223,0.2950030882030643
6918,0.6927,23,57,23,534898,70712,78366,29590,0.6550075956871318,0.29500907260074577
6919,0.6928,19,76,19,534974,70636,78385,29571,0.6543036051724777,0.29509914477032545
6920,0.6929,22,98,22,535072,70538,78407,29549,0.6533958279298974,0.2952331471619691
6921,0.693,17,56,17,535128,70482,78424,29532,0.6528770980769943,0.29527866098746175
6922,0.6931,30,86,30,535214,70396,78454,29502,0.6520804772314647,0.29532122765220525
6923,0.6932,25,98,25,535312,70298,78479,29477,0.6511726999888844,0.2954347281383112
6924,0.6933,11,34,11,535346,70264,78490,29466,0.6508577568639076,0.2954577358868946
6925,0.6934,23,61,23,535407,70203,78513,29443,0.6502927118455667,0.29547598498685346
6926,0.6935,24,75,24,535482,70128,78537,29419,0.6495979843640002,0.2955287452158277
6927,0.6936,4,36,4,535518,70092,78541,29415,0.6492645151728482,0.29560734420694024
6928,0.6937,13,46,13,535564,70046,78554,29402,0.6488384156508207,0.2956519990346714
6929,0.6938,28,87,28,535651,69959,78582,29374,0.6480325317722034,0.29571240171946883
6930,0.6939,27,82,27,535733,69877,78609,29347,0.647272963059024,0.29576513746674193
6931,0.694,11,56,11,535789,69821,78620,29336,0.646754233206121,0.29585404963845213
6932,0.6941,23,72,23,535861,69749,78643,29313,0.6460872948238171,0.29590559447618664
6933,0.6942,13,48,13,535909,69701,78656,29300,0.6456426692356145,0.29595660649892425
6934,0.6943,23,71,23,535980,69630,78679,29277,0.6449849938863982,0.29600533834814524
6935,0.6944,27,63,27,536043,69567,78706,29250,0.6444014228018823,0.29600170011232885
6936,0.6945,35,114,35,536157,69453,78741,29215,0.6433454370299011,0.2960939717030851
6937,0.6946,15,48,15,536205,69405,78756,29200,0.6429008114416984,0.2961310278383449
6938,0.6947,8,31,8,536236,69374,78764,29192,0.6426136574159843,0.29616703528600125
6939,0.6948,14,36,14,536272,69338,78778,29178,0.6422801882248323,0.2961752405700597
6940,0.6949,7,31,7,536303,69307,78785,29171,0.6419930341991181,0.2962184447287719
6941,0.695,21,55,21,536358,69252,78806,29150,0.6414835673793027,0.29623381638584584
6942,0.6951,11,43,11,536401,69209,78817,29139,0.6410852569565378,0.2962846219546915
6943,0.6952,4,14,4,536415,69195,78821,29135,0.6409555744933121,0.29629817959930843
6944,0.6953,40,87,40,536502,69108,78861,29095,0.6401496906146948,0.2962740445811228
6945,0.6954,12,69,12,536571,69039,78873,29083,0.6395105413316536,0.2963963229449053
6946,0.6955,18,66,18,536637,68973,78891,29065,0.638899181147875,0.29646667618678474
6947,0.6956,25,78,25,536715,68895,78916,29040,0.6381766645670458,0.2965232041660285
6948,0.6957,31,71,31,536786,68824,78947,29009,0.6375189892178295,0.29651549068310284
6949,0.6958,37,115,37,536901,68709,78984,28972,0.6364537404127607,0.29659811017495724
6950,0.6959,31,77,31,536978,68632,79015,28941,0.635740486865019,0.2966086929785904
6951,0.696,28,73,28,537051,68559,79043,28913,0.6350642854496277,0.2966287754432042
6952,0.6961,24,95,24,537146,68464,79067,28889,0.63418429730631,0.29674483580372457
6953,0.6962,31,94,31,537240,68370,79098,28858,0.6333135721960799,0.2968075040111902
6954,0.6963,7,36,7,537276,68334,79105,28851,0.6329801030049279,0.29686680043216546
6955,0.6964,18,54,18,537330,68280,79123,28833,0.6324798992182,0.29690154768156685
6956,0.6965,21,59,21,537389,68221,79144,28812,0.6319333802660343,0.296929910442839
6957,0.6966,21,58,21,537447,68163,79165,28791,0.6313961243469561,0.2969552571322483
6958,0.6967,12,45,12,537492,68118,79177,28779,0.6309792878580163,0.297006099260039
6959,0.6968,12,39,12,537531,68079,79189,28767,0.6306180295676016,0.2970385973607583
6960,0.6969,5,28,5,537559,68051,79194,28762,0.6303586646411501,0.2970882009647465
6961,0.697,12,70,12,537629,67981,79206,28750,0.6297102523250213,0.297215990737199
6962,0.6971,12,28,12,537657,67953,79218,28738,0.6294508873985698,0.29721483902328033
6963,0.6972,33,103,33,537760,67850,79251,28705,0.6284967949905517,0.29729169903164
6964,0.6973,23,73,23,537833,67777,79274,28682,0.6278205935751603,0.2973491327921708
6965,0.6974,28,81,28,537914,67696,79302,28654,0.6270702878950684,0.29739491437467563
6966,0.6975,26,77,26,537991,67619,79328,28628,0.6263570343473267,0.29744303718557463
6967,0.6976,15,44,15,538035,67575,79343,28613,0.6259494608914743,0.2974695388198112
6968,0.6977,22,67,22,538102,67508,79365,28591,0.6253288376746082,0.2975161031852569
6969,0.6978,14,33,14,538135,67475,79379,28577,0.6250231575827189,0.29751592887186107
6970,0.6979,13,49,13,538184,67426,79392,28564,0.6245692689614287,0.2975726638191478
6971,0.698,17,60,17,538244,67366,79409,28547,0.6240134869761754,0.29763431443078625
6972,0.6981,11,29,11,538273,67337,79420,28536,0.6237448590166365,0.2976437578880394
6973,0.6982,36,78,36,538351,67259,79456,28500,0.6230223424358072,0.2976221556198373
6974,0.6983,25,41,25,538392,67218,79481,28475,0.6226425580792174,0.2975661751643276
6975,0.6984,33,103,33,538495,67115,79514,28442,0.6216884656711994,0.2976443379344266
6976,0.6985,38,102,38,538597,67013,79552,28404,0.6207436362962688,0.29768280285483717
6977,0.6986,22,69,22,538666,66944,79574,28382,0.6201044870132276,0.2977361894970942
6978,0.6987,6,27,6,538693,66917,79580,28376,0.6198543851198637,0.29777633194463393
6979,0.6988,27,85,27,538778,66832,79607,28349,0.6190670273074216,0.29784305691261914
6980,0.6989,9,45,9,538823,66787,79616,28340,0.6186501908184816,0.2979175207879992
6981,0.699,7,38,7,538861,66749,79623,28333,0.6182981955611545,0.29798489724658717
6982,0.6991,21,115,21,538976,66634,79644,28312,0.6172329467560859,0.2981905504181324
6983,0.6992,21,74,21,539050,66560,79665,28291,0.6165474823076068,0.2982678095117606
6984,0.6993,21,58,21,539108,66502,79686,28270,0.6160102263885286,0.2982948550204702
6985,0.6994,25,52,25,539160,66450,79711,28245,0.6155285486679758,0.298273404086805
6986,0.6995,29,82,29,539242,66368,79740,28216,0.6147689799547964,0.298316840057515
6987,0.6996,22,56,22,539298,66312,79762,28194,0.6142502501018934,0.29833026474509555
6988,0.6997,8,42,8,539340,66270,79770,28186,0.6138612027122161,0.2984034894554078
6989,0.6998,29,110,29,539450,66160,79799,28157,0.6128422690725851,0.29853578888217397
6990,0.6999,28,114,28,539564,66046,79827,28129,0.6117862833006039,0.2986886116272896
6991,0.7,30,89,30,539653,65957,79857,28099,0.6109618733558116,0.2987475546482946
6992,0.7001,12,48,12,539701,65909,79869,28087,0.6105172477676091,0.2988105876845823
6993,0.7002,22,73,22,539774,65836,79891,28065,0.6098410463522176,0.29887860619162737
6994,0.7003,22,51,22,539825,65785,79913,28043,0.6093686316647523,0.2988766679456026
6995,0.7004,29,80,29,539905,65705,79942,28014,0.6086275890177479,0.29891484117414824
6996,0.7005,9,48,9,539953,65657,79951,28005,0.6081829634295454,0.2990006619546881
6997,0.7006,7,26,7,539979,65631,79958,27998,0.607942124569269,0.29903128304264703
6998,0.7007,6,44,6,540023,65587,79964,27992,0.6075345511134166,0.29912694087348657
6999,0.7008,17,80,17,540103,65507,79981,27975,0.6067935084664122,0.29925547164159944
7000,0.7009,18,80,18,540183,65427,79999,27957,0.6060524658194079,0.29937676689796966
7001,0.701,15,77,15,540260,65350,80014,27942,0.6053392122716662,0.29951121210821935
7002,0.7011,19,61,19,540321,65289,80033,27923,0.6047741672533254,0.2995644337638931
7003,0.7012,13,44,13,540365,65245,80046,27910,0.604366593797473,0.2996081799151951
7004,0.7013,19,68,19,540433,65177,80065,27891,0.6037367075475194,0.2996841019469635
7005,0.7014,25,55,25,540488,65122,80090,27866,0.6032272407277038,0.2996730760958403
7006,0.7015,14,79,14,540567,65043,80104,27852,0.602495461113787,0.2998223801065719
7007,0.7016,7,18,7,540585,65025,80111,27845,0.6023287265182111,0.2998277161623775
7008,0.7017,15,37,15,540622,64988,80126,27830,0.6019859942939716,0.2998340839061389
7009,0.7018,21,74,21,540696,64914,80147,27809,0.6013005298454926,0.2999147999956861
7010,0.7019,28,93,28,540789,64821,80175,27781,0.6004390677683501,0.3000043195611326
7011,0.702,36,76,36,540865,64745,80211,27745,0.5997350772536959,0.299978376040653
7012,0.7021,4,29,4,540894,64716,80215,27741,0.5994664492941569,0.3000421817709854
7013,0.7022,31,78,31,540972,64638,80246,27710,0.5987439327133276,0.3000606401871183
7014,0.7023,28,53,28,541025,64585,80274,27682,0.5982529919596873,0.3000205924111546
7015,0.7024,12,42,12,541067,64543,80286,27670,0.59786394457001,0.3000661511934326
7016,0.7025,16,44,16,541111,64499,80302,27654,0.5974563711141576,0.3000878973012273
7017,0.7026,22,90,22,541201,64409,80324,27632,0.5966226981362778,0.3002140350495975
7018,0.7027,17,41,17,541242,64368,80341,27615,0.596242913779688,0.3002185186393138
7019,0.7028,34,85,34,541327,64283,80375,27581,0.5954555559672459,0.30023730732387005
7020,0.7029,15,51,15,541378,64232,80390,27566,0.5949831412797807,0.300289766661583
7021,0.703,18,63,18,541441,64169,80408,27548,0.5943995701952648,0.3003587121253421
7022,0.7031,16,33,16,541474,64136,80424,27532,0.5940938901033754,0.30034472225858533
7023,0.7032,18,47,18,541521,64089,80442,27514,0.5936585275482604,0.30036134187744945
7024,0.7033,19,73,19,541594,64016,80461,27495,0.5929823261328689,0.3004556829233644
7025,0.7034,23,64,23,541658,63952,80484,27472,0.5923894920152655,0.3004900245012251
7026,0.7035,3,35,3,541693,63917,80487,27469,0.5920652858572011,0.30058214606176
7027,0.7036,9,43,9,541736,63874,80496,27460,0.5916669754344362,0.3006547397464252
7028,0.7037,20,50,20,541786,63824,80516,27440,0.5912038237800585,0.30066619915848525
7029,0.7038,20,98,20,541884,63726,80536,27420,0.5902960465374782,0.30083602132841814
7030,0.7039,23,71,23,541955,63655,80559,27397,0.5896383711882619,0.30089399464042527
7031,0.704,36,84,36,542039,63571,80595,27361,0.5888602764089074,0.30089517441604713
7032,0.7041,15,58,15,542097,63513,80610,27346,0.5883230204898292,0.3009718354813502
7033,0.7042,24,62,24,542159,63451,80634,27322,0.5877487124384009,0.30099258590109396
7034,0.7043,11,58,11,542217,63393,80645,27311,0.5872114565193227,0.3011002822367261
7035,0.7044,24,63,24,542280,63330,80669,27287,0.5866278854348068,0.3011245130604633
7036,0.7045,19,69,19,542349,63261,80688,27268,0.5859887361517655,0.3012073479216605
7037,0.7046,11,57,11,542406,63204,80699,27257,0.5854607432657749,0.30131216767446745
7038,0.7047,6,23,6,542429,63181,80705,27251,0.5852476935047612,0.3013424451521585
7039,0.7048,29,97,29,542526,63084,80734,27222,0.5843491792952684,0.30144176466679956
7040,0.7049,30,71,30,542597,63013,80764,27192,0.5836915039460521,0.3014467047281193
7041,0.705,11,55,11,542652,62958,80775,27181,0.5831820371262366,0.30154539100722216
7042,0.7051,13,53,13,542705,62905,80788,27168,0.5826910963725962,0.30162201769675706
7043,0.7052,23,63,23,542768,62842,80811,27145,0.5821075252880803,0.3016546834542767
7044,0.7053,14,27,14,542795,62815,80825,27131,0.5818574233947164,0.30163653747804237
7045,0.7054,9,43,9,542838,62772,80834,27122,0.5814591129719515,0.3017109039535453
7046,0.7055,26,28,26,542866,62744,80860,27096,0.5811997480455,0.3016028495102404
7047,0.7056,15,43,15,542909,62701,80875,27081,0.5808014376227352,0.3016306163819028
7048,0.7057,18,59,18,542968,62642,80893,27063,0.5802549186705694,0.3016888690708433
7049,0.7058,12,42,12,543010,62600,80905,27051,0.5798658712808922,0.30173673467111356
7050,0.7059,16,39,16,543049,62561,80921,27035,0.5795046129904776,0.3017433814009554
7051,0.706,17,92,17,543141,62469,80938,27018,0.5786524139464226,0.3019209494116464
7052,0.7061,23,60,23,543201,62409,80961,26995,0.5780966319611693,0.30194398460918975
7053,0.7062,20,58,20,543259,62351,80981,26975,0.5775593760420912,0.30198374493428565
7054,0.7063,16,61,16,543320,62290,80997,26959,0.5769943310237504,0.302065009131755
7055,0.7064,28,64,28,543384,62226,81025,26931,0.576401496906147,0.30206265352131634
7056,0.7065,14,48,14,543432,62178,81039,26917,0.5759568713179444,0.30211571917616026
7057,0.7066,21,77,21,543509,62101,81060,26896,0.5752436177702027,0.30221243412699306
7058,0.7067,13,64,13,543573,62037,81073,26883,0.5746507836525993,0.30232793522267204
7059,0.7068,12,39,12,543612,61998,81085,26871,0.5742895253621846,0.30236640448300306
7060,0.7069,23,52,23,543664,61946,81108,26848,0.5738078476416317,0.3023627722593869
7061,0.707,38,86,38,543750,61860,81146,26810,0.5730112267961022,0.30235705424608095
7062,0.7071,25,95,25,543845,61765,81171,26785,0.5721312386527845,0.3024844720496894
7063,0.7072,23,90,23,543935,61675,81194,26762,0.5712975656749046,0.3026108981534878
7064,0.7073,17,50,17,543985,61625,81211,26745,0.5708344140205269,0.3026479574516239
7065,0.7074,22,80,22,544065,61545,81233,26723,0.5700933713735226,0.30274844790864186
7066,0.7075,31,104,31,544169,61441,81264,26692,0.569130015932417,0.30286044954784247
7067,0.7076,20,76,20,544245,61365,81284,26672,0.5684260254177628,0.30296352669900156
7068,0.7077,8,25,8,544270,61340,81292,26664,0.568194449590574,0.30298622789873186
7069,0.7078,24,64,24,544334,61276,81316,26640,0.5676016154729705,0.30301651576504846
7070,0.7079,14,32,14,544366,61244,81330,26626,0.5673051984141687,0.3030158188232616
7071,0.708,26,109,26,544475,61135,81356,26600,0.5662955278076254,0.30318572975437397
7072,0.7081,28,85,28,544560,61050,81384,26572,0.5655081699951833,0.303257172856132
7073,0.7082,18,41,18,544601,61009,81402,26554,0.5651283856385935,0.30325594143645146
7074,0.7083,16,38,16,544639,60971,81418,26538,0.5647763903812665,0.3032602360900022
7075,0.7084,24,62,24,544701,60909,81442,26514,0.564202082329838,0.3032840328060121
7076,0.7085,21,84,21,544785,60825,81463,26493,0.5634239875504835,0.30340823197966055
7077,0.7086,24,65,24,544850,60760,81487,26469,0.5628218903997925,0.3034426624173153
7078,0.7087,16,41,16,544891,60719,81503,26453,0.5624421060432028,0.3034575322351214
7079,0.7088,27,89,27,544980,60630,81530,26426,0.5616176960984105,0.30355173681308584
7080,0.7089,17,50,17,545030,60580,81547,26409,0.5611545444440328,0.30359010909425327
7081,0.709,33,73,33,545103,60507,81580,26376,0.5604783430286413,0.30358067746279477
7082,0.7091,11,48,11,545151,60459,81591,26365,0.5600337174404387,0.30366027826407443
7083,0.7092,18,43,18,545194,60416,81609,26347,0.5596354070176739,0.3036663093715063
7084,0.7093,18,41,18,545235,60375,81627,26329,0.5592556226610842,0.303665344159439
7085,0.7094,14,58,14,545293,60317,81641,26315,0.558718366742006,0.3037561178317481
7086,0.7095,28,50,28,545343,60267,81669,26287,0.5582552150876283,0.30370635672528135
7087,0.7096,36,116,36,545459,60151,81705,26251,0.557180703249472,0.3038239855558899
7088,0.7097,10,35,10,545494,60116,81715,26241,0.5568564970914076,0.30386650763690265
7089,0.7098,24,64,24,545558,60052,81739,26217,0.5562636629738041,0.30389827168507805
7090,0.7099,15,46,15,545604,60006,81754,26202,0.5558375634517766,0.3039393095768374
7091,0.71,17,55,17,545659,59951,81771,26185,0.5553280966319611,0.3039960063155939
7092,0.7101,13,49,13,545708,59902,81784,26172,0.554874208010671,0.30406394497757744
7093,0.7102,9,17,9,545725,59885,81793,26163,0.5547167364481826,0.3040512272220156
7094,0.7103,19,63,19,545788,59822,81812,26144,0.5541331653636666,0.30412023358071794
7095,0.7104,12,45,12,545833,59777,81824,26132,0.5537163288747268,0.3041823324680767
7096,0.7105,26,64,26,545897,59713,81850,26106,0.5531234947571233,0.3041983709901071
7097,0.7106,17,59,17,545956,59654,81867,26089,0.5525769758049576,0.3042697363050045
7098,0.7107,20,90,20,546046,59564,81887,26069,0.5517433028270777,0.3044270316350005
7099,0.7108,27,88,27,546134,59476,81914,26042,0.5509281559153729,0.3045206857035946
7100,0.7109,28,61,28,546195,59415,81942,26014,0.5503631108970322,0.30451017804258507
7101,0.711,24,40,24,546235,59375,81966,25990,0.5499925895735299,0.3044573302875886
7102,0.7111,19,66,19,546301,59309,81985,25971,0.5493812293897514,0.30453799249530955
7103,0.7112,20,65,20,546366,59244,82005,25951,0.5487791322390604,0.3046070778801573
7104,0.7113,23,66,23,546432,59178,82028,25928,0.5481677720552818,0.3046553709491693
7105,0.7114,11,44,11,546476,59134,82039,25917,0.5477601985994294,0.30472304852382687
7106,0.7115,36,89,36,546565,59045,82075,25881,0.5469357886546371,0.30474766267103126
7107,0.7116,24,42,24,546607,59003,82099,25857,0.5465467412649598,0.30470186189017207
7108,0.7117,12,67,12,546674,58936,82111,25845,0.5459261180480937,0.30484424576261193
7109,0.7118,36,78,36,546752,58858,82147,25809,0.5452036014672644,0.30482950854524193
7110,0.7119,14,60,14,546812,58798,82161,25795,0.5446478194820112,0.3049306680221768
7111,0.712,15,71,15,546883,58727,82176,25780,0.5439901441327949,0.30506348586507626
7112,0.7121,14,59,14,546942,58668,82190,25766,0.5434436251806292,0.30516142786081435
7113,0.7122,33,73,33,547015,58595,82223,25733,0.5427674237652377,0.30515368560857603
7114,0.7123,7,19,7,547034,58576,82230,25726,0.5425914261365742,0.30516476477426396
7115,0.7124,21,41,21,547075,58535,82251,25705,0.5422116417799845,0.3051400759734093
7116,0.7125,11,27,11,547102,58508,82262,25694,0.5419615398866204,0.30514714614854754
7117,0.7126,26,61,26,547163,58447,82288,25668,0.5413964948682797,0.3051536586815669
7118,0.7127,24,37,24,547200,58410,82312,25644,0.5410537626440401,0.30508958526661434
7119,0.7128,17,60,17,547260,58350,82329,25627,0.540497980658787,0.3051668909344225
7120,0.7129,25,98,25,547358,58252,82354,25602,0.5395902034162066,0.3053163832375319
7121,0.713,7,40,7,547398,58212,82361,25595,0.5392196820927044,0.30540408319114154
7122,0.7131,16,49,16,547447,58163,82377,25579,0.5387657934714143,0.30545007284277903
7123,0.7132,25,70,25,547517,58093,82402,25554,0.5381173811552855,0.3054981051322821
7124,0.7133,7,15,7,547532,58078,82409,25547,0.5379784356589722,0.3054947683109118
7125,0.7134,7,43,7,547575,58035,82416,25540,0.5375801252362074,0.3055937780436733
7126,0.7135,24,71,24,547646,57964,82440,25516,0.536922449886991,0.3056540488739818
7127,0.7136,40,80,40,547726,57884,82480,25476,0.5361814072399866,0.30561420345489443
7128,0.7137,37,66,37,547792,57818,82517,25439,0.535570047056208,0.30554788185978354
7129,0.7138,17,71,17,547863,57747,82534,25422,0.5349123717069917,0.3056667748800635
7130,0.7139,16,62,16,547925,57685,82550,25406,0.5343380636555634,0.30576115343418664
7131,0.714,19,56,19,547981,57629,82569,25387,0.5338193338026603,0.30580851883974175
7132,0.7141,13,43,13,548024,57586,82582,25374,0.5334210233798955,0.30585824493731917
7133,0.7142,8,28,8,548052,57558,82590,25366,0.533161658453444,0.3058945540494911
7134,0.7143,21,80,21,548132,57478,82611,25345,0.5324206158064396,0.3060140299192253
7135,0.7144,8,50,8,548182,57428,82619,25337,0.5319574641520619,0.3061318190056183
7136,0.7145,16,62,16,548244,57366,82635,25321,0.5313831561006336,0.30622709736717985
7137,0.7146,25,42,25,548286,57324,82660,25296,0.5309941087109563,0.30617283950617286
7138,0.7147,13,29,13,548315,57295,82673,25283,0.5307254807514172,0.3061711351691734
7139,0.7148,36,81,36,548396,57214,82709,25247,0.5299751750713253,0.30616897684966227
7140,0.7149,22,83,22,548479,57131,82731,25225,0.5292063433250583,0.30629219486133374
7141,0.715,6,44,6,548523,57087,82737,25219,0.5287987698692059,0.30640536534396035
7142,0.7151,18,47,18,548570,57040,82755,25201,0.5283634073140909,0.30642866696659815
7143,0.7152,15,52,15,548622,56988,82770,25186,0.5278817295935381,0.30649597196193445
7144,0.7153,20,47,20,548669,56941,82790,25166,0.5274463670384231,0.30650249065244134
7145,0.7154,11,39,11,548708,56902,82801,25155,0.5270851087480084,0.3065551994345394
7146,0.7155,9,29,9,548737,56873,82810,25146,0.5268164807884693,0.30658749801875174
7147,0.7156,28,48,28,548785,56825,82838,25118,0.5263718552002667,0.3065301490060164
7148,0.7157,9,32,9,548817,56793,82847,25109,0.5260754381414651,0.30657371004371076
7149,0.7158,21,59,21,548876,56734,82868,25088,0.5255289191892993,0.3066168023270025
7150,0.7159,12,28,12,548904,56706,82880,25076,0.5252695542628478,0.30662003863930937
7151,0.716,35,104,35,549008,56602,82915,25041,0.5243061988217422,0.3067133740798354
7152,0.7161,19,62,19,549070,56540,82934,25022,0.5237318907703138,0.30678502243691913
7153,0.7162,10,47,10,549117,56493,82944,25012,0.5232965282151988,0.30687687871909697
7154,0.7163,28,86,28,549203,56407,82972,24984,0.5224999073696691,0.30696268629209617
7155,0.7164,16,33,16,549236,56374,82988,24968,0.5221942272777799,0.30695089867473135
7156,0.7165,19,55,19,549291,56319,83007,24949,0.5216847604579643,0.3069966038293055
7157,0.7166,20,73,20,549364,56246,83027,24929,0.5210085590425729,0.3071019402525408
7158,0.7167,12,35,12,549399,56211,83039,24917,0.5206843528845085,0.307131939650922
7159,0.7168,8,27,8,549426,56184,83047,24909,0.5204342509911445,0.3071658466205468
7160,0.7169,13,58,13,549484,56126,83060,24896,0.5198969950720664,0.30727456740144654
7161,0.717,19,72,19,549556,56054,83079,24877,0.5192300566897625,0.3073853035301677
7162,0.7171,8,30,8,549586,56024,83087,24869,0.5189521656971359,0.3074308036542099
7163,0.7172,14,74,14,549660,55950,83101,24855,0.5182667012486568,0.30759235195841844
7164,0.7173,30,46,30,549706,55904,83131,24825,0.5178406017266294,0.3075103122793544
7165,0.7174,16,70,16,549776,55834,83147,24809,0.5171921894105006,0.30763984474783923
7166,0.7175,37,87,37,549863,55747,83184,24772,0.5163863055318834,0.3076540940647549
7167,0.7176,25,55,25,549918,55692,83209,24747,0.5158768387120679,0.30764927460560176
7168,0.7177,23,74,23,549992,55618,83232,24724,0.5151913742635889,0.3077344352891389
7169,0.7178,13,29,13,550021,55589,83245,24711,0.5149227463040498,0.307733499377335
7170,0.7179,27,65,27,550086,55524,83272,24684,0.5143206491533587,0.3077498503889886
7171,0.718,20,54,20,550140,55470,83292,24664,0.5138204453666309,0.30778446102777846
7172,0.7181,29,63,29,550203,55407,83321,24635,0.513236874282115,0.3077759176432373
7173,0.7182,18,64,18,550267,55343,83339,24617,0.5126440401645115,0.3078664332166083
7174,0.7183,17,57,17,550324,55286,83356,24600,0.5121160472785209,0.30793881280825175
7175,0.7184,31,95,31,550419,55191,83387,24569,0.5112360591352032,0.30803660982948844
7176,0.7185,9,57,9,550476,55134,83396,24560,0.5107080662492126,0.30817878384821945
7177,0.7186,17,57,17,550533,55077,83413,24543,0.510180073363222,0.30825169555388093
7178,0.7187,4,24,4,550557,55053,83417,24539,0.5099577605691208,0.30830988038998897
7179,0.7188,17,40,17,550597,55013,83434,24522,0.5095872392456186,0.30831709310366506
7180,0.7189,15,44,15,550641,54969,83449,24507,0.5091796657897663,0.3083572399214857
7181,0.719,38,136,38,550777,54833,83487,24469,0.5079198932898589,0.30855463922725784
7182,0.7191,38,78,38,550855,54755,83525,24431,0.5071973767090296,0.3085267597807693
7183,0.7192,15,57,15,550912,54698,83540,24416,0.506669383823039,0.30861794372677404
7184,0.7193,17,49,17,550961,54649,83557,24399,0.5062154952017489,0.30866056067199676
7185,0.7194,26,79,26,551040,54570,83583,24373,0.5054837155878321,0.3087417503768542
7186,0.7195,27,46,27,551086,54524,83610,24346,0.5050576160658046,0.3086851781412451
7187,0.7196,12,32,12,551118,54492,83622,24334,0.5047611990070029,0.30870524953695483
7188,0.7197,7,27,7,551145,54465,83629,24327,0.5045110971136388,0.30874961925068534
7189,0.7198,18,72,18,551217,54393,83647,24309,0.503844158731335,0.3088739803308683
7190,0.7199,15,48,15,551265,54345,83662,24294,0.5033995331431323,0.3089306832487697
7191,0.72,10,51,10,551316,54294,83672,24284,0.5029271184556672,0.3090432436559851
7192,0.7201,15,36,15,551352,54258,83687,24269,0.5025936492645152,0.3090529372063112
7193,0.7202,19,46,19,551398,54212,83706,24250,0.5021675497424877,0.309066809410925
7194,0.7203,23,53,23,551451,54159,83729,24227,0.5016766089888474,0.3090730487587069
7195,0.7204,8,31,8,551482,54128,83737,24219,0.5013894549631331,0.3091247909939117
7196,0.7205,4,23,4,551505,54105,83741,24215,0.5011764052021194,0.3091802860061287
7197,0.7206,28,99,28,551604,54006,83769,24187,0.5002593649264515,0.30932436407351044
7198,0.7207,18,63,18,551667,53943,83787,24169,0.4996757938419356,0.3094146866038509
7199,0.7208,29,51,29,551718,53892,83816,24140,0.49920337915447033,0.3093602624564281
7200,0.7209,20,32,20,551750,53860,83836,24120,0.4989069620956686,0.30931007950756606
7201,0.721,27,60,27,551810,53800,83863,24093,0.49835118011041535,0.30930892378005725
7202,0.7211,18,51,18,551861,53749,83881,24075,0.49787876542295006,0.3093518708881579
7203,0.7212,17,50,17,551911,53699,83898,24058,0.4974156137685724,0.30939979680286017
7204,0.7213,12,60,12,551971,53639,83910,24046,0.4968598317833191,0.3095320847010362
7205,0.7214,10,60,10,552031,53579,83920,24036,0.49630404979806586,0.3096824067512723
7206,0.7215,24,80,24,552111,53499,83944,24012,0.49556300715106155,0.3097882881139451
7207,0.7216,5,19,5,552130,53480,83949,24007,0.495387009522398,0.3098197116935744
7208,0.7217,21,52,21,552182,53428,83970,23986,0.4949053318018452,0.30984059730798047
7209,0.7218,32,60,32,552242,53368,84002,23954,0.49434954981659196,0.3097954010501539
7210,0.7219,10,43,10,552285,53325,84012,23944,0.4939512393938271,0.30987847649121897
7211,0.722,28,79,28,552364,53246,84040,23916,0.49321945977991033,0.30994530986755137
7212,0.7221,13,36,13,552400,53210,84053,23903,0.49288599058875837,0.3099736749964338
7213,0.7222,21,69,21,552469,53141,84074,23882,0.49224684130571716,0.31006322786700075
7214,0.7223,11,31,11,552500,53110,84085,23871,0.49195968728000294,0.31008950260453877
7215,0.7224,8,34,8,552534,53076,84093,23863,0.4916447441550261,0.31015479795682294
7216,0.7225,27,50,27,552584,53026,84120,23836,0.4911815925006484,0.31011423069917515
7217,0.7226,26,64,26,552648,52962,84146,23810,0.49058875838304494,0.31013911321836085
7218,0.7227,31,80,31,552728,52882,84177,23779,0.48984771573604063,0.3101837961936317
7219,0.7228,20,65,20,552793,52817,84197,23759,0.4892456185853496,0.3102669243627246
7220,0.7229,8,37,8,552830,52780,84205,23751,0.48890288636111007,0.3103448275862069
7221,0.723,12,29,12,552859,52751,84217,23739,0.488634258401571,0.310354294679043
7222,0.7231,10,25,10,552884,52726,84227,23729,0.48840268257438213,0.31036557452096003
7223,0.7232,32,72,32,552956,52654,84259,23697,0.48773574419207827,0.3103692158583385
7224,0.7233,10,32,10,552988,52622,84269,23687,0.48743932713327653,0.31040899500714203
7225,0.7234,19,38,19,553026,52584,84288,23668,0.48708733187594944,0.3103918585742013
7226,0.7235,15,36,15,553062,52548,84303,23653,0.48675386268479753,0.3104027506200706
7227,0.7236,26,53,26,553115,52495,84329,23627,0.4862629219311571,0.3103833320196527
7228,0.7237,19,52,19,553167,52443,84348,23608,0.4857812442106043,0.31042326859607366
7229,0.7238,9,38,9,553205,52405,84357,23599,0.48542924895327727,0.3104968159570549
7230,0.7239,9,36,9,553241,52369,84366,23590,0.4850957797621253,0.3105622770178649
7231,0.724,7,38,7,553279,52331,84373,23583,0.48474378450479827,0.310654161287773
7232,0.7241,14,59,14,553338,52272,84387,23569,0.48419726555263254,0.31076858163790033
7233,0.7242,28,68,28,553406,52204,84415,23541,0.48356737930267885,0.31079279160340617
7234,0.7243,13,61,13,553467,52143,84428,23528,0.4830023342843381,0.3109249250042949
7235,0.7244,34,85,34,553552,52058,84462,23494,0.482214976471896,0.31096463362981785
7236,0.7245,9,33,9,553585,52025,84471,23485,0.4819092963800067,0.31101840815785986
7237,0.7246,19,49,19,553634,51976,84490,23466,0.48145540775871654,0.3110468969539514
7238,0.7247,24,52,24,553686,51924,84514,23442,0.4809737300381637,0.3110421144813311
7239,0.7248,21,52,21,553738,51872,84535,23421,0.4804920523176109,0.3110647736177334
7240,0.7249,22,53,22,553791,51819,84557,23399,0.4800011115639705,0.311082453668005
7241,0.725,10,40,10,553831,51779,84567,23389,0.47963059024046834,0.31115634312473395
7242,0.7251,12,23,12,553854,51756,84579,23377,0.4794175404794546,0.3111415756059255
7243,0.7252,18,39,18,553893,51717,84597,23359,0.47905628218904,0.31113804677926366
7244,0.7253,27,59,27,553952,51658,84624,23332,0.4785097632368743,0.3111348179757301
7245,0.7254,16,59,16,554011,51599,84640,23316,0.4779632442847086,0.3112327304278182
7246,0.7255,25,55,25,554066,51544,84665,23291,0.4774537774648931,0.3112313756931917
7247,0.7256,14,34,14,554100,51510,84679,23277,0.4771388343399163,0.31124393276906415
7248,0.7257,9,29,9,554129,51481,84688,23268,0.4768702063803772,0.31128175627767596
7249,0.7258,17,47,17,554176,51434,84705,23251,0.47643484382526213,0.3113208810336748
7250,0.7259,19,66,19,554242,51368,84724,23232,0.4758234836414836,0.31142091152815016
7251,0.726,21,58,21,554300,51310,84745,23211,0.4752862277224054,0.311469250278445
7252,0.7261,19,68,19,554368,51242,84764,23192,0.4746563414724517,0.31157804229250075
7253,0.7262,26,75,26,554443,51167,84790,23166,0.47396161399088516,0.31165162175615135
7254,0.7263,22,81,22,554524,51086,84812,23144,0.4732113083107933,0.3117876869190354
7255,0.7264,22,56,22,554580,51030,84834,23122,0.47269257845789026,0.31181896644729745
7256,0.7265,12,32,12,554612,50998,84846,23110,0.4723961613990885,0.3118421762832623
7257,0.7266,27,86,27,554698,50912,84873,23083,0.47159954055355885,0.31195351037232244
7258,0.7267,23,59,23,554757,50853,84896,23060,0.4710530216013932,0.31198841881671696
7259,0.7268,15,46,15,554803,50807,84911,23045,0.4706269220793657,0.31204300492877646
7260,0.7269,12,29,12,554832,50778,84923,23033,0.4703582941198266,0.3120537589248215
7261,0.727,29,97,29,554929,50681,84952,23004,0.46945977991033383,0.3121937979235937
7262,0.7271,8,19,8,554948,50662,84960,22996,0.46928378228167034,0.3121996252952836
7263,0.7272,25,67,25,555015,50595,84985,22971,0.46866315906480416,0.3122502242883941
7264,0.7273,23,61,23,555076,50534,85008,22948,0.4680981140464634,0.31229416727906156
7265,0.7274,15,38,15,555114,50496,85023,22933,0.4677461187891363,0.3123152977706356
7266,0.7275,10,52,10,555166,50444,85033,22923,0.4672644410685835,0.3124429239303774
7267,0.7276,13,34,13,555200,50410,85046,22910,0.46694949794360663,0.31246590289143483
7268,0.7277,18,45,18,555245,50365,85064,22892,0.4665326614546667,0.31248890890972875
7269,0.7278,17,66,17,555311,50299,85081,22875,0.46592130127088816,0.3126110367070271
7270,0.7279,27,47,27,555358,50252,85108,22848,0.4654859387157731,0.3125581395348837
7271,0.728,9,43,9,555401,50209,85117,22839,0.46508762829300826,0.3126574307304786
7272,0.7281,26,65,26,555466,50144,85143,22813,0.4644855311423172,0.3126910371862878
7273,0.7282,15,46,15,555512,50098,85158,22798,0.46405943162028973,0.3127469271290606
7274,0.7283,18,60,18,555572,50038,85176,22780,0.4635036496350365,0.31283473866351724
7275,0.7284,27,64,27,555636,49974,85203,22753,0.462910815517433,0.31285492320596203
7276,0.7285,18,60,18,555696,49914,85221,22735,0.46235503353217977,0.3129430549629038
7277,0.7286,10,56,10,555752,49858,85231,22725,0.46183630367927675,0.31308984197401596
7278,0.7287,20,53,20,555805,49805,85251,22705,0.4613453629256364,0.31312922355537165
7279,0.7288,27,71,27,555876,49734,85278,22678,0.46068768757642004,0.31318013588907917
7280,0.7289,20,80,20,555956,49654,85298,22658,0.45994664492941567,0.31333665228454477
7281,0.729,35,69,35,556025,49585,85333,22623,0.45930749564637446,0.313303235098604
7282,0.7291,10,60,10,556085,49525,85343,22613,0.4587517136611212,0.31346862957109983
7283,0.7292,12,38,12,556123,49487,85355,22601,0.4583997184037941,0.3135195871712352
7284,0.7293,19,45,19,556168,49442,85374,22582,0.4579828819148542,0.31353437742974566
7285,0.7294,10,38,10,556206,49404,85384,22572,0.45763088665752716,0.3136045348449483
7286,0.7295,10,40,10,556246,49364,85394,22562,0.457260365334025,0.3136835080499402
7287,0.7296,21,66,21,556312,49298,85415,22541,0.4566490051502464,0.3137710714236
7288,0.7297,12,38,12,556350,49260,85427,22529,0.4562970098929193,0.3138224519076739
7289,0.7298,9,34,9,556384,49226,85436,22520,0.4559820667679425,0.3138850946394224
7290,0.7299,22,67,22,556451,49159,85458,22498,0.4553614435510764,0.31396793055807526
7291,0.73,22,52,22,556503,49107,85480,22476,0.45487976583052353,0.3139851640752693
7292,0.7301,22,76,22,556579,49031,85502,22454,0.45417577531586945,0.3141078547947122
7293,0.7302,12,41,12,556620,48990,85514,22442,0.4537959909592797,0.3141729196998544
7294,0.7303,25,75,25,556695,48915,85539,22417,0.4531012634777131,0.31426288341838166
7295,0.7304,13,35,13,556730,48880,85552,22404,0.45277705731964873,0.31429212726558553
7296,0.7305,7,42,7,556772,48838,85559,22397,0.45238800992997147,0.3144100512388573
7297,0.7306,6,45,6,556817,48793,85565,22391,0.45197117344103155,0.31455102270173074
7298,0.7307,12,47,12,556864,48746,85577,22379,0.4515358108859165,0.31464323374340947
7299,0.7308,26,62,26,556926,48684,85603,22353,0.4509615028344881,0.3146670045187719
7300,0.7309,18,33,18,556959,48651,85621,22335,0.45065582274259885,0.31463950638154004
7301,0.731,11,26,11,556985,48625,85632,22324,0.45041498388232243,0.31464855036716516
7302,0.7311,12,37,12,557022,48588,85644,22312,0.4500722516580829,0.31469675599435826
7303,0.7312,8,29,8,557051,48559,85652,22304,0.4498036236985439,0.31474817605802746
7304,0.7313,15,42,15,557093,48517,85667,22289,0.44941457630886655,0.31478970708697
7305,0.7314,16,44,16,557137,48473,85683,22273,0.4490070028530142,0.3148305204534532
7306,0.7315,12,48,12,557185,48425,85695,22261,0.4485623772648116,0.31492799139857963
7307,0.7316,19,40,19,557225,48385,85714,22242,0.44819185594130945,0.3149220553046285
7308,0.7317,16,57,16,557282,48328,85730,22226,0.44766386305531886,0.31502111857584264
7309,0.7318,32,73,32,557355,48255,85762,22194,0.44698766163992737,0.31503640931737853
7310,0.7319,12,43,12,557398,48212,85774,22182,0.44658935121716253,0.31511208341620023
7311,0.732,48,108,48,557506,48104,85822,22134,0.4455889436437067,0.31512856288618696
7312,0.7321,27,44,27,557550,48060,85849,22107,0.4451813701878543,0.3150626362820129
7313,0.7322,17,42,17,557592,48018,85866,22090,0.44479232279817704,0.31508529697038856
7314,0.7323,22,63,22,557655,47955,85888,22068,0.44420875171366114,0.3151535923910715
7315,0.7324,42,90,42,557745,47865,85930,22026,0.44337507873578125,0.31514787311671033
7316,0.7325,18,42,18,557787,47823,85948,22008,0.442986031346104,0.31516088843063966
7317,0.7326,23,76,23,557863,47747,85971,21985,0.44228204083144984,0.31527849480869613
7318,0.7327,28,62,28,557925,47685,85999,21957,0.4417077327800215,0.31528388041698974
7319,0.7328,11,21,11,557946,47664,86010,21946,0.4415132090851829,0.3152707944260882
7320,0.7329,12,40,12,557986,47624,86022,21934,0.4411426877616807,0.315333965898962
7321,0.733,16,59,16,558045,47565,86038,21918,0.44059616880951497,0.3154440654548595
7322,0.7331,11,44,11,558089,47521,86049,21907,0.4401885953536626,0.3155355188108544
7323,0.7332,24,60,24,558149,47461,86073,21883,0.43963281336840937,0.3155716428241809
7324,0.7333,24,42,24,558191,47419,86097,21859,0.4392437659787321,0.3155258523629435
7325,0.7334,7,20,7,558211,47399,86104,21852,0.439058505316981,0.3155477899236112
7326,0.7335,10,48,10,558259,47351,86114,21842,0.4386138797287784,0.3156677698611131
7327,0.7336,8,22,8,558281,47329,86122,21834,0.4384100930008522,0.3156890244784061
7328,0.7337,11,41,11,558322,47288,86133,21823,0.43803030864426246,0.315767388693551
7329,0.7338,5,21,5,558343,47267,86138,21818,0.4378357849494238,0.31581385250054284
7330,0.7339,13,41,13,558384,47226,86151,21805,0.4374560005928341,0.31587257898625254
7331,0.734,10,37,10,558421,47189,86161,21795,0.4371132683685946,0.31594282732227763
7332,0.7341,14,41,14,558462,47148,86175,21781,0.4367334840120049,0.31599181766745493
7333,0.7342,17,46,17,558508,47102,86192,21764,0.4363073844899774,0.3160340371155578
7334,0.7343,17,65,17,558573,47037,86209,21747,0.4357052873392864,0.31616364270760644
7335,0.7344,18,46,18,558619,46991,86227,21729,0.4352791878172589,0.3161961583236321
7336,0.7345,25,35,25,558654,46956,86252,21704,0.4349549816591945,0.31610836003495485
7337,0.7346,12,43,12,558697,46913,86264,21692,0.43455667123642966,0.31618686684643976
7338,0.7347,14,55,14,558752,46858,86278,21678,0.43404720441661415,0.3163009221431073
7339,0.7348,16,59,16,558811,46799,86294,21662,0.4335006854644485,0.3164137246023283
7340,0.7349,19,36,19,558847,46763,86313,21643,0.4331672162732965,0.31639037511329415
7341,0.735,11,55,11,558902,46708,86324,21632,0.43265774945348107,0.31653497219783433
7342,0.7351,10,37,10,558939,46671,86334,21622,0.43231501722924154,0.3166063871846309
7343,0.7352,28,68,28,559007,46603,86362,21594,0.43168513097928785,0.3166414944938927
7344,0.7353,16,68,16,559075,46535,86378,21578,0.43105524472933415,0.3167970871933405
7345,0.7354,22,28,22,559103,46507,86400,21556,0.43079587980288264,0.31670658066791063
7346,0.7355,20,48,20,559151,46459,86420,21536,0.43035125421468007,0.3167291712625928
7347,0.7356,25,49,25,559200,46410,86445,21511,0.4298973655933899,0.3167061733484489
7348,0.7357,22,45,22,559245,46365,86467,21489,0.42948052910444995,0.3166946679635688
7349,0.7358,23,84,23,559329,46281,86490,21466,0.4287024343250954,0.31685535890888156
7350,0.7359,24,87,24,559416,46194,86514,21442,0.4278965504464782,0.3170205216157076
7351,0.736,27,64,27,559480,46130,86541,21415,0.4273037163288747,0.3170478939965949
7352,0.7361,15,60,15,559540,46070,86556,21400,0.42674793434362146,0.31717800503927673
7353,0.7362,28,41,28,559581,46029,86584,21372,0.42636814998703176,0.3170872835714604
7354,0.7363,29,78,29,559659,45951,86613,21343,0.42564563340620254,0.31716051951139773
7355,0.7364,11,31,11,559690,45920,86624,21332,0.4253584793804884,0.31719502765717006
7356,0.7365,15,28,15,559718,45892,86639,21317,0.4250991144540368,0.3171747831391629
7357,0.7366,20,34,20,559752,45858,86659,21297,0.42478417132906,0.3171320080410989
7358,0.7367,16,27,16,559779,45831,86675,21281,0.42453406943569605,0.3170967934199547
7359,0.7368,12,38,12,559817,45793,86687,21269,0.42418207417836895,0.3171542751483702
7360,0.7369,7,40,7,559857,45753,86694,21262,0.4238115528548668,0.3172722524807879
7361,0.737,9,27,9,559884,45726,86703,21253,0.42356145096150283,0.31730841009868765
7362,0.7371,21,63,21,559947,45663,86724,21232,0.42297787987698693,0.3173929292174303
7363,0.7372,8,28,8,559975,45635,86732,21224,0.4227185149505354,0.31744417355928145
7364,0.7373,15,51,15,560026,45584,86747,21209,0.42224610026307013,0.31753327444492685
7365,0.7374,8,30,8,560056,45554,86755,21201,0.42196820927044354,0.31759418770129577
7366,0.7375,18,50,18,560106,45504,86773,21183,0.4215050576160658,0.3176481173242161
7367,0.7376,15,61,15,560167,45443,86788,21168,0.420940012597725,0.31778535076789116
7368,0.7377,16,45,16,560212,45398,86804,21152,0.42052317610878504,0.31783621337340345
7369,0.7378,24,56,24,560268,45342,86828,21128,0.420004446255882,0.31785768015646154
7370,0.7379,15,35,15,560303,45307,86843,21113,0.4196802400978176,0.317871123155676
7371,0.738,19,70,19,560373,45237,86862,21094,0.41903182778168885,0.318011186323137
7372,0.7381,12,38,12,560411,45199,86874,21082,0.41867983252436175,0.3180700351533622
7373,0.7382,11,37,11,560448,45162,86885,21071,0.4183371003001223,0.31813446469282686
7374,0.7383,16,38,16,560486,45124,86901,21055,0.41798510504279524,0.3181522839571465
7375,0.7384,32,71,32,560557,45053,86933,21023,0.4173274296935789,0.3181639324414311
7376,0.7385,2,14,2,560571,45039,86935,21021,0.41719774723035313,0.3182107175295186
7377,0.7386,19,45,19,560616,44994,86954,21002,0.41678091074141316,0.31823140796411903
7378,0.7387,14,57,14,560673,44937,86968,20988,0.41625291785542257,0.3183617747440273
7379,0.7388,26,73,26,560746,44864,86994,20962,0.41557671644003114,0.3184455990034333
7380,0.7389,18,60,18,560806,44804,87012,20944,0.4150209344547779,0.3185496136764616
7381,0.739,8,24,8,560830,44780,87020,20936,0.41479862166067655,0.31858299348712643
7382,0.7391,11,31,11,560861,44749,87031,20925,0.4145114676349624,0.31861924049090967
7383,0.7392,13,48,13,560909,44701,87044,20912,0.4140668420467598,0.3187173273589075
7384,0.7393,13,33,13,560942,44668,87057,20899,0.4137611619548705,0.3187426601796636
7385,0.7394,21,59,21,561001,44609,87078,20878,0.41321464300270483,0.3188113671415701
7386,0.7395,22,73,22,561074,44536,87100,20856,0.41253844158731334,0.31893809640322973
7387,0.7396,29,63,29,561137,44473,87129,20827,0.41195487050279744,0.31894333843797856
7388,0.7397,14,33,14,561170,44440,87143,20813,0.41164919041090814,0.3189585153173034
7389,0.7398,35,99,35,561269,44341,87178,20778,0.4107321501352403,0.31907738140941966
7390,0.7399,26,49,26,561318,44292,87204,20752,0.41027826151395014,0.3190455691531886
7391,0.74,4,8,4,561326,44284,87208,20748,0.4102041572492497,0.31904293271005046
7392,0.7401,14,59,14,561385,44225,87222,20734,0.409657638297084,0.31918594805954525
7393,0.7402,13,38,13,561423,44187,87235,20721,0.4093056430397569,0.3192364577555925
7394,0.7403,27,77,27,561500,44110,87262,20694,0.40859238949201526,0.31933213999135857
7395,0.7404,18,47,18,561547,44063,87280,20676,0.4081570269369002,0.31937472002965756
7396,0.7405,14,36,14,561583,44027,87294,20662,0.40782355774574824,0.31940515389015134
7397,0.7406,21,53,21,561636,43974,87315,20641,0.4073326169921079,0.31944594908303026
7398,0.7407,12,54,12,561690,43920,87327,20629,0.40683241320538,0.3195866705913337
7399,0.7408,20,50,20,561740,43870,87347,20609,0.4063692615510023,0.31962344329161435
7400,0.7409,16,47,16,561787,43823,87363,20593,0.4059338989958872,0.31968765524093395
7401,0.741,23,57,23,561844,43766,87386,20570,0.40540590610989663,0.3197276796816712
7402,0.7411,38,72,38,561916,43694,87424,20532,0.4047389677275927,0.3196836172266683
7403,0.7412,27,109,27,562025,43585,87451,20505,0.4037292971210493,0.31994070837884225
7404,0.7413,15,28,15,562053,43557,87466,20490,0.4034699321945978,0.319921307789592
7405,0.7414,23,52,23,562105,43505,87489,20467,0.40298825447404496,0.3199368473707247
7406,0.7415,23,56,23,562161,43449,87512,20444,0.40246952462114194,0.3199724539464417
7407,0.7416,16,33,16,562194,43416,87528,20428,0.40216384452925263,0.31996742058768246
7408,0.7417,8,27,8,562221,43389,87536,20420,0.4019137426358887,0.3200175523828927
7409,0.7418,30,58,30,562279,43331,87566,20390,0.40137648671681053,0.31998870074229846
7410,0.7419,5,8,5,562287,43323,87571,20385,0.40130238245211014,0.319975513279337
7411,0.742,12,38,12,562325,43285,87583,20373,0.40095038719478304,0.32003832982500235
7412,0.7421,10,31,10,562356,43254,87593,20363,0.4006632331690689,0.32008739802254116
7413,0.7422,22,73,22,562429,43181,87615,20341,0.39998703175367745,0.32021976638015176
7414,0.7423,14,49,14,562478,43132,87629,20327,0.39953314313238725,0.3203170551064467
7415,0.7424,24,62,24,562540,43070,87653,20303,0.3989588350809589,0.3203730295236142
7416,0.7425,19,36,19,562576,43034,87672,20284,0.39862536588980696,0.32035124293249945
7417,0.7426,13,36,13,562612,42998,87685,20271,0.398291896698655,0.3203938737770472
7418,0.7427,6,26,6,562638,42972,87691,20265,0.3980510578383786,0.3204611224441387
7419,0.7428,7,20,7,562658,42952,87698,20258,0.3978657971766275,0.3204872646733112
7420,0.7429,25,61,25,562719,42891,87723,20233,0.3973007521582867,0.32052784994613776
7421,0.743,40,68,40,562787,42823,87763,20193,0.396670865908333,0.3204424273200457
7422,0.7431,10,55,10,562842,42768,87773,20183,0.39616139908851755,0.32061444615653445
7423,0.7432,10,39,10,562881,42729,87783,20173,0.39580014079810294,0.3207052239992369
7424,0.7433,13,27,13,562908,42702,87796,20160,0.39555003890473894,0.32070249117113675
7425,0.7434,10,30,10,562938,42672,87806,20150,0.39527214791211235,0.3207475088344847
7426,0.7435,17,37,17,562975,42635,87823,20133,0.3949294156878728,0.32075261279632933
7427,0.7436,27,52,27,563027,42583,87850,20106,0.39444773796732,0.32072612420041796
7428,0.7437,27,61,27,563088,42522,87877,20079,0.3938826929489792,0.3207456749892174
7429,0.7438,4,22,4,563110,42500,87881,20075,0.393678906221053,0.32081502197363165
7430,0.7439,22,41,22,563151,42459,87903,20053,0.3932991218644633,0.3207864090094702
7431,0.744,5,14,5,563165,42445,87908,20048,0.39316943940123755,0.3208039300401645
7432,0.7441,19,71,19,563236,42374,87927,20029,0.3925117640520212,0.32096213323077416
7433,0.7442,8,23,8,563259,42351,87935,20021,0.39229871429100743,0.3209933944718784
7434,0.7443,8,21,8,563280,42330,87943,20013,0.3921041905961688,0.32101438814301525
7435,0.7444,36,59,36,563339,42271,87979,19977,0.3915576716440031,0.3209259735252538
7436,0.7445,14,43,14,563382,42228,87993,19963,0.3911593612212383,0.3209949992764226
7437,0.7446,10,29,10,563411,42199,88003,19953,0.3908907332616992,0.32103552580769723
7438,0.7447,25,69,25,563480,42130,88028,19928,0.39025158397865795,0.32111895323729417
7439,0.7448,11,34,11,563514,42096,88039,19917,0.3899366408536811,0.3211745924241691
7440,0.7449,30,86,30,563600,42010,88069,19887,0.38914002000815145,0.3212918235132559
7441,0.745,16,28,16,563628,41982,88085,19871,0.38888065508169994,0.3212617011300988
7442,0.7451,28,56,28,563684,41926,88113,19843,0.3883619252287969,0.3212452848516246
7443,0.7452,30,68,30,563752,41858,88143,19813,0.38773203897884323,0.32126931621021226
7444,0.7453,12,29,12,563781,41829,88155,19801,0.38746341101930415,0.3212883336037644
7445,0.7454,13,22,13,563803,41807,88168,19788,0.38725962429137795,0.32125984251968503
7446,0.7455,14,58,14,563861,41749,88182,19774,0.38672236837229984,0.32140825382377325
7447,0.7456,17,41,17,563902,41708,88199,19757,0.3863425840157101,0.3214349629870658
7448,0.7457,10,28,10,563930,41680,88209,19747,0.3860832190892586,0.3214710143747863
7449,0.7458,15,32,15,563962,41648,88224,19732,0.38578680203045684,0.3214727924405344
7450,0.7459,7,18,7,563980,41630,88231,19725,0.38562006743488086,0.3214896911417162
7451,0.746,16,58,16,564038,41572,88247,19709,0.38508281151580276,0.3216168143470244
7452,0.7461,19,37,19,564075,41535,88266,19690,0.38474007929156323,0.32160065332788895
7453,0.7462,31,62,31,564137,41473,88297,19659,0.38416577124013485,0.32158280442321535
7454,0.7463,10,42,10,564179,41431,88307,19649,0.3837767238504576,0.32169286182056317
7455,0.7464,27,59,27,564238,41372,88334,19622,0.3832302048982919,0.32170377414171886
7456,0.7465,20,44,20,564282,41328,88354,19602,0.3828226314424395,0.32171344165435745
7457,0.7466,19,60,19,564342,41268,88373,19583,0.38226684945718625,0.3218188690407717
7458,0.7467,11,72,11,564414,41196,88384,19572,0.38159991107488234,0.3220774091627172
7459,0.7468,7,13,7,564427,41183,88391,19565,0.38147949164474415,0.3220682162375716
7460,0.7469,25,57,25,564484,41126,88416,19540,0.38095149875875356,0.3220914515544127
7461,0.747,12,39,12,564523,41087,88428,19528,0.38059024046833895,0.322164480739091
7462,0.7471,7,15,7,564538,41072,88435,19521,0.3804512949720256,0.32216592675721617
7463,0.7472,18,43,18,564581,41029,88453,19503,0.3800529845492608,0.3221932201149805
7464,0.7473,4,47,4,564628,40982,88457,19499,0.3796176219941458,0.3223987698616094
7465,0.7474,26,33,26,564661,40949,88483,19473,0.3793119419022565,0.32228327430406145
7466,0.7475,9,20,9,564681,40929,88492,19464,0.3791266812405054,0.322289007004123
7467,0.7476,7,16,7,564697,40913,88499,19457,0.3789784727111045,0.322295842305781
7468,0.7477,16,35,16,564732,40878,88515,19441,0.37865426655304013,0.3223030885790547
7469,0.7478,17,68,17,564800,40810,88532,19424,0.37802438030308644,0.32247567818839856
7470,0.7479,15,45,15,564845,40765,88547,19409,0.3776075438141465,0.3225479442948782
7471,0.748,13,56,13,564901,40709,88560,19396,0.3770888139612435,0.32270193827468596
7472,0.7481,7,42,7,564943,40667,88567,19389,0.3766997665715662,0.32284867457040095
7473,0.7482,11,38,11,564981,40629,88578,19378,0.37634777131423913,0.3229289916176446
7474,0.7483,28,87,28,565068,40542,88606,19350,0.37554188743562195,0.3230815467842116
7475,0.7484,20,69,20,565137,40473,88626,19330,0.3749027381525807,0.32322793170911157
7476,0.7485,11,44,11,565181,40429,88637,19319,0.3744951646967283,0.3233413670750485
7477,0.7486,21,51,21,565232,40378,88658,19298,0.37402275000926305,0.323379583081976
7478,0.7487,19,44,19,565276,40334,88677,19279,0.37361517655341064,0.3234026135238958
7479,0.7488,25,60,25,565336,40274,88702,19254,0.3730593945681574,0.32344442951216235
7480,0.7489,25,64,25,565400,40210,88727,19229,0.37246656045055393,0.3235081343898787
7481,0.749,14,42,14,565442,40168,88741,19215,0.37207751306087666,0.32357745482713907
7482,0.7491,18,58,18,565500,40110,88759,19197,0.3715402571417985,0.3236886033689109
7483,0.7492,11,18,11,565518,40092,88770,19186,0.3713735225462225,0.3236613920847532
7484,0.7493,9,20,9,565538,40072,88779,19177,0.37118826188447146,0.32366791000691997
7485,0.7494,8,32,8,565570,40040,88787,19169,0.3708918448256697,0.3237514567042173
7486,0.7495,21,53,21,565623,39987,88808,19148,0.37040090407202936,0.32380147120994335
7487,0.7496,14,49,14,565672,39938,88822,19134,0.3699470154507392,0.32390980498374866
7488,0.7497,40,98,40,565770,39840,88862,19094,0.36903923820815887,0.3239895476295517
7489,0.7498,11,39,11,565809,39801,88873,19083,0.36867797991774426,0.3240778479722845
7490,0.7499,5,23,5,565832,39778,88878,19078,0.36846493015673054,0.3241470708169091
7491,0.75,15,44,15,565876,39734,88893,19063,0.36805735670087814,0.32421722196710717
7492,0.7501,28,63,28,565939,39671,88921,19035,0.36747378561636224,0.324242837188703
7493,0.7502,10,53,10,565992,39618,88931,19025,0.36698284486272187,0.32442064696553724
7494,0.7503,15,40,15,566032,39578,88946,19010,0.3666123235392197,0.3244691745749983
7495,0.7504,13,37,13,566069,39541,88959,18997,0.36626959131498016,0.32452424066418395
7496,0.7505,14,65,14,566134,39476,88973,18983,0.3656674941642892,0.3247233103542654
7497,0.7506,15,38,15,566172,39438,88988,18968,0.3653154989069621,0.32476115467588945
7498,0.7507,18,38,18,566210,39400,89006,18950,0.36496350364963503,0.32476435304198803
7499,0.7508,26,49,26,566259,39351,89032,18924,0.3645096150283449,0.32473616473616473
7500,0.7509,21,62,21,566321,39289,89053,18903,0.3639353069769165,0.3248384657684905
7501,0.751,24,86,24,566407,39203,89077,18879,0.36313868613138683,0.32504046003925485
7502,0.7511,21,45,21,566452,39158,89098,18858,0.3627218496424469,0.3250482625482625
7503,0.7512,10,39,10,566491,39119,89108,18848,0.3623605913520323,0.3251505166732796
7504,0.7513,19,86,19,566577,39033,89127,18829,0.36156397050650263,0.3254121876188172
7505,0.7514,16,60,16,566637,38973,89143,18813,0.3610081885212494,0.32556328522479494
7506,0.7515,12,27,12,566664,38946,89155,18801,0.36075808662788544,0.32557535456387343
7507,0.7516,19,36,19,566700,38910,89174,18782,0.3604246174367335,0.3255564029674825
7508,0.7517,2,14,2,566714,38896,89176,18780,0.36029493497350773,0.32561203966988
7509,0.7518,17,54,17,566768,38842,89193,18763,0.3597947311867798,0.3257182536238174
7510,0.7519,17,70,17,566838,38772,89210,18746,0.359146318870651,0.325915365624674
7511,0.752,17,52,17,566890,38720,89227,18729,0.35866464115009816,0.32601089662135113
7512,0.7521,15,39,15,566929,38681,89242,18714,0.35830338285968355,0.3260562766791532
7513,0.7522,12,33,12,566962,38648,89254,18702,0.3579977027677943,0.326102877070619
7514,0.7523,25,67,25,567029,38581,89279,18677,0.3573770795509282,0.3261902266932132
7515,0.7524,12,24,12,567053,38557,89291,18665,0.35715476675682684,0.32618573276012724
7516,0.7525,16,28,16,567081,38529,89307,18649,0.3568954018303753,0.3261569134981986
7517,0.7526,13,38,13,567119,38491,89320,18636,0.3565434065730483,0.3262205261960194
7518,0.7527,17,50,17,567169,38441,89337,18619,0.35608025491867057,0.3263056431826148
7519,0.7528,19,44,19,567213,38397,89356,18600,0.35567268146281816,0.3263329648928891
7520,0.7529,9,28,9,567241,38369,89365,18591,0.35541331653636665,0.3263869382022472
7521,0.753,20,37,20,567278,38332,89385,18571,0.3550705843121272,0.3263624062000246
7522,0.7531,10,38,10,567316,38294,89395,18561,0.3547185890548001,0.3264620525899217
7523,0.7532,16,56,16,567372,38238,89411,18545,0.35419985920189706,0.32659422714544845
7524,0.7533,10,36,10,567408,38202,89421,18535,0.3538663900107451,0.32668276433368
7525,0.7534,8,37,8,567445,38165,89429,18527,0.35352365778650563,0.3268009595710153
7526,0.7535,23,61,23,567506,38104,89452,18504,0.3529586127681648,0.32687959299039004
7527,0.7536,24,51,24,567557,38053,89476,18480,0.35248619808069953,0.32688871986273504
7528,0.7537,10,19,10,567576,38034,89486,18470,0.35231020045203604,0.3268795129548351
7529,0.7538,11,39,11,567615,37995,89497,18459,0.3519489421616214,0.32697417366351367
7530,0.7539,15,50,15,567665,37945,89512,18444,0.3514857905072437,0.32708506978311375
7531,0.754,16,47,16,567712,37898,89528,18428,0.35105042795212865,0.32716685012250113
7532,0.7541,18,61,18,567773,37837,89546,18410,0.35048538293378784,0.327306345227301
7533,0.7542,18,43,18,567816,37794,89564,18392,0.350087072511023,0.3273413305805717
7534,0.7543,23,75,23,567891,37719,89587,18369,0.34939234502945643,0.3275032092426187
7535,0.7544,6,67,6,567958,37652,89593,18363,0.3487717218125903,0.3278229045791306
7536,0.7545,12,28,12,567986,37624,89605,18351,0.3485123568861388,0.3278427869584636
7537,0.7546,34,45,34,568031,37579,89639,18317,0.3480955203971989,0.32769786746815516
7538,0.7547,20,46,20,568077,37533,89659,18297,0.3476694208751714,0.3277270284793122
7539,0.7548,8,54,8,568131,37479,89667,18289,0.34716921708844345,0.32794792712666765
7540,0.7549,14,49,14,568180,37430,89681,18275,0.3467153284671533,0.3280674984292254
7541,0.755,9,40,9,568220,37390,89690,18266,0.3463448071436511,0.32819462411959177
7542,0.7551,13,36,13,568256,37354,89703,18253,0.34601133795249917,0.3282500404625317
7543,0.7552,16,39,16,568295,37315,89719,18237,0.34565007966208455,0.3282870103686636
7544,0.7553,11,38,11,568333,37277,89730,18226,0.3452980844047575,0.32837864619930457
7545,0.7554,15,38,15,568371,37239,89745,18211,0.3449460891474304,0.3284220018034265
7546,0.7555,13,27,13,568398,37212,89758,18198,0.34469598725406647,0.3284244721169464
7547,0.7556,18,56,18,568454,37156,89776,18180,0.34417725740116345,0.32853838369235216
7548,0.7557,19,65,19,568519,37091,89795,18161,0.3435751602504724,0.3286939839281836
7549,0.7558,18,34,18,568553,37057,89813,18143,0.3432602171254956,0.32867753623188406
7550,0.7559,13,40,13,568593,37017,89826,18130,0.3428896958019934,0.32875768400819627
7551,0.756,9,21,9,568614,36996,89835,18121,0.3426951721071548,0.3287733367200682
7552,0.7561,25,54,25,568668,36942,89860,18096,0.34219496832042684,0.3287910171154475
7553,0.7562,9,48,9,568716,36894,89869,18087,0.34175034273222427,0.32896818901074915
7554,0.7563,31,56,31,568772,36838,89900,18056,0.3412316128793212,0.32892483695850183
7555,0.7564,20,56,20,568828,36782,89920,18036,0.34071288302641817,0.3290160166368711
7556,0.7565,19,36,19,568864,36746,89939,18017,0.3403794138352662,0.3289995069663824
7557,0.7566,5,21,5,568885,36725,89944,18012,0.3401848901404276,0.32906443539105174
7558,0.7567,13,53,13,568938,36672,89957,17999,0.3396939493867872,0.3292239029833001
7559,0.7568,12,42,12,568980,36630,89969,17987,0.33930490199710994,0.3293296958822345
7560,0.7569,6,32,6,569012,36598,89975,17981,0.3390084849383082,0.32944905549753567
7561,0.757,13,63,13,569075,36535,89988,17968,0.3384249138537923,0.3296699264260683
7562,0.7571,13,56,13,569131,36479,90001,17955,0.33790618400088923,0.32984899143917407
7563,0.7572,1,25,1,569156,36454,90002,17954,0.3376746081737004,0.32998823702396707
7564,0.7573,11,58,11,569214,36396,90013,17943,0.33713735225462227,0.3302048252636228
7565,0.7574,6,31,6,569245,36365,90019,17937,0.33685019822890805,0.3303193252550551
7566,0.7575,14,40,14,569285,36325,90033,17923,0.3364796769054059,0.3303900604630585
7567,0.7576,3,16,3,569301,36309,90036,17920,0.336331468376005,0.3304504969665677
7568,0.7577,21,41,21,569342,36268,90057,17899,0.33595168401941533,0.3304410434397327
7569,0.7578,5,39,5,569381,36229,90062,17894,0.3355904257290007,0.3306172976368642
7570,0.7579,15,28,15,569409,36201,90077,17879,0.3353310608025492,0.3306028106508876
7571,0.758,12,36,12,569445,36165,90089,17867,0.33499759161139725,0.33067441516138585
7572,0.7581,8,29,8,569474,36136,90097,17859,0.33472896365185817,0.3307528474858783
7573,0.7582,19,52,19,569526,36084,90116,17840,0.33424728593130537,0.33083599139529707
7574,0.7583,11,46,11,569572,36038,90127,17829,0.3338211864092779,0.33098186273599794
7575,0.7584,11,23,11,569595,36015,90138,17818,0.3336081366482641,0.3309865695762822
7576,0.7585,36,47,36,569642,35968,90174,17782,0.33317277409314905,0.3308279069767442
7577,0.7586,7,34,7,569676,35934,90181,17775,0.33285783096817223,0.33095012009160474
7578,0.7587,11,40,11,569716,35894,90192,17764,0.33248730964467005,0.33105967423310595
7579,0.7588,22,52,22,569768,35842,90214,17742,0.33200563192411725,0.33110630038817557
7580,0.7589,29,58,29,569826,35784,90243,17713,0.3314683760050391,0.33110267865487786
7581,0.759,13,35,13,569861,35749,90256,17700,0.3311441698469747,0.3311568036820146
7582,0.7591,13,27,13,569888,35722,90269,17687,0.3308940679536107,0.3311614147428336
7583,0.7592,38,63,38,569951,35659,90307,17649,0.3303104968690948,0.331076011105275
7584,0.7593,5,36,5,569987,35623,90312,17644,0.32997702767794285,0.3312369759888862
7585,0.7594,12,24,12,570011,35599,90324,17632,0.32975471488384156,0.33123555822734874
7586,0.7595,5,21,5,570032,35578,90329,17627,0.3295601911890029,0.3313034489239733
7587,0.7596,10,43,10,570075,35535,90339,17617,0.3291618807662381,0.33144566526189045
7588,0.7597,16,50,16,570125,35485,90355,17601,0.3286987291118604,0.3315563425385224
7589,0.7598,7,33,7,570158,35452,90362,17594,0.3283930490199711,0.3316743958074124
7590,0.7599,6,28,6,570186,35424,90368,17588,0.32813368409351956,0.3317739379763073
7591,0.76,18,49,18,570235,35375,90386,17570,0.3276797954722294,0.33185381055812635
7592,0.7601,22,43,22,570278,35332,90408,17548,0.3272814850494646,0.3318456883509834
7593,0.7602,10,31,10,570309,35301,90418,17538,0.3269943310237504,0.3319139272128541
7594,0.7603,15,40,15,570349,35261,90433,17523,0.32662380970024824,0.33197559866626253
7595,0.7604,19,62,19,570411,35199,90452,17504,0.3260495016488199,0.33212530595981254
7596,0.7605,18,30,18,570441,35169,90470,17486,0.32577161065619326,0.332086221631374
7597,0.7606,19,37,19,570478,35132,90489,17467,0.3254288784319538,0.33207855662655184
7598,0.7607,33,67,33,570545,35065,90522,17434,0.3248082552150876,0.3320825158574449
7599,0.7608,19,48,19,570593,35017,90541,17415,0.32436362962688503,0.3321444919133354
7600,0.7609,16,45,16,570638,34972,90557,17399,0.3239467931379451,0.33222585018426226
7601,0.761,11,31,11,570669,34941,90568,17388,0.3236596391122309,0.3322822908903285
7602,0.7611,45,91,45,570760,34850,90613,17343,0.3228167031012635,0.3322859387274156
7603,0.7612,10,20,10,570780,34830,90623,17333,0.3226314424395124,0.3322853363495198
7604,0.7613,11,21,11,570801,34809,90634,17322,0.32243691874467373,0.3322782989008459
7605,0.7614,13,61,13,570862,34748,90647,17309,0.32187187372633297,0.33250091246134045
7606,0.7615,14,42,14,570904,34706,90661,17295,0.32148282633665565,0.33258975788927136
7607,0.7616,8,21,8,570925,34685,90669,17287,0.321288302641817,0.332621411529285
7608,0.7617,17,55,17,570980,34630,90686,17270,0.32077883582200156,0.3327552986512524
7609,0.7618,18,59,18,571039,34571,90704,17252,0.32023231686983583,0.33290237925245547
7610,0.7619,18,42,18,571081,34529,90722,17234,0.31984326948015857,0.3329405173579584
7611,0.762,12,28,12,571109,34501,90734,17222,0.31958390455370705,0.33296599191848886
7612,0.7621,17,46,17,571155,34455,90751,17205,0.31915780503167956,0.3330429732868757
7613,0.7622,9,55,9,571210,34400,90760,17196,0.3186483382118641,0.33328164974028995
7614,0.7623,30,74,30,571284,34326,90790,17166,0.31796287376338506,0.3333721743183407
7615,0.7624,11,34,11,571318,34292,90801,17155,0.31764793063840824,0.3334499582094194
7616,0.7625,21,56,21,571374,34236,90822,17134,0.3171292007855052,0.33354097722406073
7617,0.7626,17,38,17,571412,34198,90839,17117,0.3167772055281782,0.333567183084868
7618,0.7627,7,41,7,571453,34157,90846,17110,0.3163974211715884,0.33374295355686895
7619,0.7628,10,43,10,571496,34114,90856,17100,0.3159991107488236,0.33389307611200064
7620,0.7629,10,5,10,571501,34109,90866,17090,0.31595279558338585,0.33379558194495984
7621,0.763,5,35,5,571536,34074,90871,17085,0.3156285894253214,0.33395883422271744
7622,0.7631,21,69,21,571605,34005,90892,17064,0.3149894401422802,0.3341361687129178
7623,0.7632,20,54,20,571659,33951,90912,17044,0.31448923635555226,0.33422884596529073
7624,0.7633,24,62,24,571721,33889,90936,17020,0.3139149283041239,0.33432202557504564
7625,0.7634,27,48,27,571769,33841,90963,16993,0.3134703027159213,0.3342841405358618
7626,0.7635,12,23,12,571792,33818,90975,16981,0.31325725295490753,0.33427823382350047
7627,0.7636,15,44,15,571836,33774,90990,16966,0.3128496794990552,0.3343713046905794
7628,0.7637,29,40,29,571876,33734,91019,16937,0.312479158175553,0.3342543071974107
7629,0.7638,26,42,26,571918,33692,91045,16911,0.31209011078587573,0.33418967254905835
7630,0.7639,11,25,11,571943,33667,91056,16900,0.3118585349586869,0.3342100579429272
7631,0.764,7,46,7,571989,33621,91063,16893,0.3114324354366594,0.3344221403967217
7632,0.7641,6,11,6,572000,33610,91069,16887,0.3113305420726963,0.3344159058953997
7633,0.7642,33,72,33,572072,33538,91102,16854,0.31066360369039236,0.33445785045245274
7634,0.7643,8,40,8,572112,33498,91110,16846,0.31029308236689024,0.3346178293341808
7635,0.7644,21,46,21,572158,33452,91131,16825,0.30986698284486275,0.3346460608230404
7636,0.7645,5,11,5,572169,33441,91136,16820,0.30976508948089965,0.3346531107618233
7637,0.7646,10,24,10,572193,33417,91146,16810,0.3095427766867983,0.3346805503016306
7638,0.7647,12,46,12,572239,33371,91158,16798,0.3091166771647708,0.33482828041220675
7639,0.7648,21,50,21,572289,33321,91179,16777,0.3086535255103931,0.3348836280889457
7640,0.7649,10,25,10,572314,33296,91189,16767,0.30842194968320424,0.33491800331582205
7641,0.765,10,12,10,572326,33284,91199,16757,0.30831079328615363,0.3348654103635019
7642,0.7651,9,25,9,572351,33259,91208,16748,0.30807921745896477,0.334913112164297
7643,0.7652,21,63,21,572414,33196,91229,16727,0.30749564637444887,0.3350559862187769
7644,0.7653,12,53,12,572467,33143,91241,16715,0.3070047056208085,0.33525211600946686
7645,0.7654,19,41,19,572508,33102,91260,16696,0.30662492126421875,0.33527450901642636
7646,0.7655,11,37,11,572545,33065,91271,16685,0.3062821890399792,0.33537688442211055
7647,0.7656,16,58,16,572603,33007,91287,16669,0.3057449331209011,0.33555439246316127
7648,0.7657,20,64,20,572667,32943,91307,16649,0.30515209900329765,0.3357194708824004
7649,0.7658,21,44,21,572711,32899,91328,16628,0.30474452554744524,0.3357360631574697
7650,0.7659,7,21,7,572732,32878,91335,16621,0.3045500018526066,0.33578456130426876
7651,0.766,17,41,17,572773,32837,91352,16604,0.3041702174960169,0.3358346311765539
7652,0.7661,18,69,18,572842,32768,91370,16586,0.30353106821297565,0.33606192000648377
7653,0.7662,21,68,21,572910,32700,91391,16565,0.30290118196302196,0.33624276869988834
7654,0.7663,17,39,17,572949,32661,91408,16548,0.30253992367260735,0.3362799487898555
7655,0.7664,7,25,7,572974,32636,91415,16541,0.3023083478454185,0.3363564267848791
7656,0.7665,7,37,7,573011,32599,91422,16534,0.301965615621179,0.3365151731015814
7657,0.7666,22,57,22,573068,32542,91444,16512,0.3014376227351884,0.3366086353814164
7658,0.7667,26,77,26,573145,32465,91470,16486,0.3007243691874467,0.33678576535719396
7659,0.7668,14,36,14,573181,32429,91484,16472,0.3003908999962948,0.3368438273245946
7660,0.7669,6,16,6,573197,32413,91490,16466,0.3002426914668939,0.33687268561140776
7661,0.767,16,43,16,573240,32370,91506,16450,0.2998443810441291,0.3369520688242524
7662,0.7671,16,49,16,573289,32321,91522,16434,0.29939049242283894,0.33707312070556866
7663,0.7672,20,56,20,573345,32265,91542,16414,0.2988717625699359,0.33718852071735245
7664,0.7673,3,13,3,573358,32252,91545,16411,0.2987513431397977,0.3372377370897807
7665,0.7674,5,33,5,573391,32219,91550,16406,0.2984456630479084,0.3373984575835476
7666,0.7675,23,41,23,573432,32178,91573,16383,0.2980658786913187,0.3373694940384259
7667,0.7676,5,16,5,573448,32162,91578,16378,0.29791767016191784,0.33741244334569426
7668,0.7677,11,17,11,573465,32145,91589,16367,0.29776019859942937,0.3373804419525066
7669,0.7678,16,43,16,573508,32102,91605,16351,0.2973618881766646,0.33746104472375293
7670,0.7679,6,21,6,573529,32081,91611,16345,0.2971673644818259,0.3375252963284186
7671,0.768,15,40,15,573569,32041,91626,16330,0.2967968431583238,0.33759897459221433
7672,0.7681,13,55,13,573624,31986,91639,16317,0.29628737633850827,0.3378051052729644
7673,0.7682,13,37,13,573661,31949,91652,16304,0.2959446441142688,0.33788572731229144
7674,0.7683,19,59,19,573720,31890,91671,16285,0.29539812516210306,0.33803840166061233
7675,0.7684,20,59,20,573779,31831,91691,16265,0.2948516062099374,0.3381778110445775
7676,0.7685,14,38,14,573817,31793,91705,16251,0.29449961095261035,0.3382524352676713
7677,0.7686,18,50,18,573867,31743,91723,16233,0.29403645929823263,0.3383566783391696
7678,0.7687,32,63,32,573930,31680,91755,16201,0.2934528882137167,0.3383596833817172
7679,0.7688,22,46,22,573976,31634,91777,16179,0.2930267886916892,0.33838077510300546
7680,0.7689,21,63,21,574039,31571,91798,16158,0.2924432176071733,0.33853631963795594
7681,0.769,12,28,12,574067,31543,91810,16146,0.2921838526807218,0.33856864266392667
7682,0.7691,15,38,15,574105,31505,91825,16131,0.29183185742339474,0.3386304475606684
7683,0.7692,22,48,22,574153,31457,91847,16109,0.2913872318351921,0.33866627422949164
7684,0.7693,14,34,14,574187,31423,91861,16095,0.2910722887102153,0.33871375057872805
7685,0.7694,36,53,36,574240,31370,91897,16059,0.2905813479565749,0.3385903139429463
7686,0.7695,12,35,12,574275,31335,91909,16047,0.29025714179851053,0.3386729137647208
7687,0.7696,23,45,23,574320,31290,91932,16024,0.28984030530957056,0.3386735427146299
7688,0.7697,9,44,9,574364,31246,91941,16015,0.2894327318537182,0.3388629102219589
7689,0.7698,12,19,12,574383,31227,91953,16003,0.28925673422505466,0.33883125132331143
7690,0.7699,9,26,9,574409,31201,91962,15994,0.28901589536477823,0.3388918317618392
7691,0.77,8,20,8,574429,31181,91970,15986,0.28883063470302717,0.33892339983463016
7692,0.7701,16,47,16,574476,31134,91986,15970,0.2883952721479121,0.33903702445652173
7693,0.7702,16,35,16,574511,31099,92002,15954,0.2880710659898477,0.3390644592268293
7694,0.7703,33,69,33,574580,31030,92035,15921,0.28743191670680646,0.3390982087708462
7695,0.7704,12,20,12,574600,31010,92047,15909,0.2872466560450554,0.3390737227988661
7696,0.7705,17,42,17,574642,30968,92064,15892,0.2868576086553781,0.33913785744771663
7697,0.7706,15,25,15,574667,30943,92079,15877,0.28662603282818927,0.3391072191371209
7698,0.7707,14,49,14,574716,30894,92093,15863,0.2861721442068991,0.3392647090275253
7699,0.7708,21,37,21,574753,30857,92114,15842,0.2858294119826596,0.3392363862181203
7700,0.7709,15,43,15,574796,30814,92129,15827,0.28543110155989476,0.33933663514933216
7701,0.771,13,55,13,574851,30759,92142,15814,0.2849216347400793,0.3395529598694523
7702,0.7711,11,34,11,574885,30725,92153,15803,0.28460669161510244,0.33964494497936726
7703,0.7712,14,44,14,574929,30681,92167,15789,0.2841991181592501,0.33976759199483536
7704,0.7713,5,38,5,574967,30643,92172,15784,0.283847122901923,0.3399745837551425
7705,0.7714,21,63,21,575030,30580,92193,15763,0.2832635518174071,0.34013766911939236
7706,0.7715,11,37,11,575067,30543,92204,15752,0.28292081959316756,0.3402527270763581
7707,0.7716,19,55,19,575122,30488,92223,15733,0.2824113527733521,0.34038640444819457
7708,0.7717,13,27,13,575149,30461,92236,15720,0.28216125087998817,0.3403997314913059
7709,0.7718,12,31,12,575180,30430,92248,15708,0.28187409685427395,0.3404568901989683
7710,0.7719,23,48,23,575228,30382,92271,15685,0.2814294712660714,0.34048234093819874
7711,0.772,16,47,16,575275,30335,92287,15669,0.2809941087109563,0.340600817320233
7712,0.7721,13,31,13,575306,30304,92300,15656,0.28070695468524215,0.34064403829416884
7713,0.7722,11,28,11,575334,30276,92311,15645,0.28044758975879064,0.3406938002221206
7714,0.7723,2,39,2,575373,30237,92313,15643,0.280086331468376,0.34095466434176114
7715,0.7724,11,25,11,575398,30212,92324,15632,0.27985475564118717,0.3409824622633278
7716,0.7725,14,27,14,575425,30185,92338,15618,0.2796046537478232,0.34098203174464553
7717,0.7726,8,26,8,575451,30159,92346,15610,0.2793638148875468,0.3410605431624025
7718,0.7727,9,32,9,575483,30127,92355,15601,0.27906739782874507,0.3411695241427572
7719,0.7728,29,73,29,575556,30054,92384,15572,0.2783911964133536,0.3412966291149783
7720,0.7729,6,19,6,575575,30035,92390,15566,0.27821519878469003,0.34135216332975155
7721,0.773,13,35,13,575610,30000,92403,15553,0.27789099262662564,0.3414264702654051
7722,0.7731,13,29,13,575639,29971,92416,15540,0.2776223646670866,0.34145591175759704
7723,0.7732,15,40,15,575679,29931,92431,15525,0.27725184334358444,0.341539070749736
7724,0.7733,10,30,10,575709,29901,92441,15515,0.2769739523509578,0.3416196935000881
7725,0.7734,20,48,20,575757,29853,92461,15495,0.2765293267627552,0.341690923524742
7726,0.7735,25,51,25,575808,29802,92486,15470,0.27605691207528993,0.3417123166637215
7727,0.7736,14,31,14,575839,29771,92500,15456,0.27576975804957576,0.34174276427797556
7728,0.7737,7,30,7,575869,29741,92507,15449,0.2754918670569491,0.34186766983845984
7729,0.7738,11,23,11,575892,29718,92518,15438,0.2752788172959354,0.34188147754451237
7730,0.7739,20,49,20,575941,29669,92538,15418,0.27482492867464525,0.3419610974338501
7731,0.774,18,40,18,575981,29629,92556,15400,0.27445440735114307,0.3420018210486575
7732,0.7741,3,23,3,576004,29606,92559,15397,0.2742413575901293,0.34213274670577515
7733,0.7742,10,41,10,576045,29565,92569,15387,0.2738615732335396,0.3422984516817939
7734,0.7743,8,35,8,576080,29530,92577,15379,0.2735373670754752,0.3424480616357523
7735,0.7744,8,42,8,576122,29488,92585,15371,0.2731483196857979,0.3426514188903007
7736,0.7745,24,48,24,576170,29440,92609,15347,0.2727036940975953,0.34266639873177485
7737,0.7746,29,65,29,576235,29375,92638,15318,0.2721015969469043,0.34273823641286105
7738,0.7747,12,23,12,576258,29352,92650,15306,0.27188854718589056,0.34273814322181917
7739,0.7748,10,37,10,576295,29315,92660,15296,0.27154581496165103,0.34287507565398667
7740,0.7749,7,20,7,576315,29295,92667,15289,0.27136055429989997,0.3429257132603625
7741,0.775,15,42,15,576357,29253,92682,15274,0.2709715069102227,0.34302782581355135
7742,0.7751,6,18,6,576375,29235,92688,15268,0.2708047723146467,0.3430779947419275
7743,0.7752,15,24,15,576399,29211,92703,15253,0.2705824595205454,0.34304156171284633
7744,0.7753,13,33,13,576432,29178,92716,15240,0.27027677942865613,0.3431041469674456
7745,0.7754,13,44,13,576476,29134,92729,15227,0.2698692059728037,0.34325195554653865
7746,0.7755,7,24,7,576500,29110,92736,15220,0.26964689317870244,0.34333408526956916
7747,0.7756,34,53,34,576553,29057,92770,15186,0.2691559524250621,0.3432407386479217
7748,0.7757,13,34,13,576587,29023,92783,15173,0.2688410093000852,0.34331161191058013
7749,0.7758,16,62,16,576649,28961,92799,15157,0.26826670124865687,0.3435559182193209
7750,0.7759,6,15,6,576664,28946,92805,15151,0.26812775575234354,0.3435834637276912
7751,0.776,2,11,2,576675,28935,92807,15149,0.26802586238838044,0.3436394156610108
7752,0.7761,7,28,7,576703,28907,92814,15142,0.26776649746192893,0.3437535471860882
7753,0.7762,28,57,28,576760,28850,92842,15114,0.26723850457593834,0.34378127558911836
7754,0.7763,13,42,13,576802,28808,92855,15101,0.2668494571862611,0.34391582591268305
7755,0.7764,27,54,27,576856,28754,92882,15074,0.26634925339953314,0.34393538377293054
7756,0.7765,6,23,6,576879,28731,92888,15068,0.2661362036385194,0.34402611931779264
7757,0.7766,8,40,8,576919,28691,92896,15060,0.26576568231501724,0.34422070352677653
7758,0.7767,21,44,21,576963,28647,92917,15039,0.26535810885916483,0.3442521631644005
7759,0.7768,5,13,5,576976,28634,92922,15034,0.26523768942902665,0.34427956398277915
7760,0.7769,16,53,16,577029,28581,92938,15018,0.2647467486753863,0.3444574416844423
7761,0.777,19,28,19,577057,28553,92957,14999,0.26448738374893477,0.3443929096252755
7762,0.7771,17,48,17,577105,28505,92974,14982,0.26404275816073214,0.3445167521328213
7763,0.7772,16,30,16,577135,28475,92990,14966,0.26376486716810554,0.34451324785341036
7764,0.7773,10,24,10,577159,28451,93000,14956,0.2635425543740042,0.3445527219112125
7765,0.7774,13,60,13,577219,28391,93013,14943,0.26298677238875096,0.34483315641297824
7766,0.7775,11,30,11,577249,28361,93024,14932,0.26270888139612436,0.34490564294458687
7767,0.7776,20,59,20,577308,28302,93044,14912,0.26216236244395863,0.34507335585689825
7768,0.7777,21,51,21,577359,28251,93065,14891,0.2616899477564934,0.3451624866719206
7769,0.7778,21,38,21,577397,28213,93086,14870,0.2613379524991663,0.34514773808694843
7770,0.7779,11,31,11,577428,28182,93097,14859,0.26105079847345214,0.34522896772844497
7771,0.778,13,24,13,577452,28158,93110,14846,0.26082848567935085,0.34522370012091896
7772,0.7781,9,27,9,577479,28131,93119,14837,0.2605783837859869,0.3453034816607708
7773,0.7782,20,42,20,577521,28089,93139,14817,0.2601893363963096,0.34533631659907704
7774,0.7783,6,13,6,577534,28076,93145,14811,0.2600689169661714,0.34534940658008256
7775,0.7784,13,26,13,577560,28050,93158,14798,0.259828078105895,0.3453603435399552
7776,0.7785,4,14,4,577574,28036,93162,14794,0.2596983956426692,0.34541209432640674
7777,0.7786,22,33,22,577607,28003,93184,14772,0.25939271555078,0.34534190531852715
7778,0.7787,18,44,18,577651,27959,93202,14754,0.25898514209492757,0.34542176854821716
7779,0.7788,16,44,16,577695,27915,93218,14738,0.25857756863907516,0.34553255339600963
7780,0.7789,13,24,13,577719,27891,93231,14725,0.2583552558449739,0.34552750140792193
7781,0.779,5,21,5,577740,27870,93236,14720,0.25816073215013524,0.345621037802301
7782,0.7791,16,69,16,577809,27801,93252,14704,0.257521582867094,0.3459357722620868
7783,0.7792,18,23,18,577832,27778,93270,14686,0.25730853310608026,0.34584589299171065
7784,0.7793,12,54,12,577886,27724,93282,14674,0.2568083293193523,0.34610123119015046
7785,0.7794,13,34,13,577920,27690,93295,14661,0.2564933861943755,0.34617836650846495
7786,0.7795,7,30,7,577950,27660,93302,14654,0.25621549520174886,0.34631564021364086
7787,0.7796,6,26,6,577976,27634,93308,14648,0.25597465634147243,0.3464358355801523
7788,0.7797,9,16,9,577992,27618,93317,14639,0.2558264478120716,0.3464278107769127
7789,0.7798,10,21,10,578013,27597,93327,14629,0.25563192411723296,0.3464453180504902
7790,0.7799,11,32,11,578045,27565,93338,14618,0.2553355070584312,0.3465377047625821
7791,0.78,3,19,3,578064,27546,93341,14615,0.2551595094297677,0.3466473755366334
7792,0.7801,16,19,16,578083,27527,93357,14599,0.2549835118011042,0.34655557138109483
7793,0.7802,17,30,17,578113,27497,93374,14582,0.25470562080847753,0.3465386534851113
7794,0.7803,11,38,11,578151,27459,93385,14571,0.2543536255511505,0.3466809421841542
7795,0.7804,12,25,12,578176,27434,93397,14559,0.25412204972396163,0.3467006405829543
7796,0.7805,16,31,16,578207,27403,93413,14543,0.2538348956982474,0.34670767176846423
7797,0.7806,14,17,14,578224,27386,93427,14529,0.253677424135759,0.3466300846952165
7798,0.7807,34,60,34,578284,27326,93461,14495,0.25312164215050575,0.346596207646876
7799,0.7808,15,29,15,578313,27297,93476,14480,0.2528530141909667,0.34660219738133424
7800,0.7809,7,14,7,578327,27283,93483,14473,0.2527233317277409,0.3466088705814733
7801,0.781,22,46,22,578373,27237,93505,14451,0.25229723220571343,0.34664651698330456
7802,0.7811,7,16,7,578389,27221,93512,14444,0.2521490236763126,0.34666986679467177
7803,0.7812,9,35,9,578424,27186,93521,14435,0.2518248175182482,0.34682011484587105
7804,0.7813,13,22,13,578446,27164,93534,14422,0.251621030790322,0.3467994036454576
7805,0.7814,7,21,7,578467,27143,93541,14415,0.25142650709548336,0.3468646229366187
7806,0.7815,17,49,17,578516,27094,93558,14398,0.25097261847419317,0.34700665188470065
7807,0.7816,17,54,17,578570,27040,93575,14381,0.2504724146874653,0.34719103836218346
7808,0.7817,17,36,17,578606,27004,93592,14364,0.2501389454963133,0.3472249081415587
7809,0.7818,18,32,18,578638,26972,93610,14346,0.2498425284375116,0.34720944866644077
7810,0.7819,5,24,5,578662,26948,93615,14341,0.24962021564341028,0.3473322192351474
7811,0.782,2,14,2,578676,26934,93617,14339,0.24949053318018452,0.3474184091294551
7812,0.7821,7,38,7,578714,26896,93624,14332,0.24913853792285745,0.34762782574949064
7813,0.7822,30,44,30,578758,26852,93654,14302,0.24873096446700507,0.34752393448996455
7814,0.7823,12,25,12,578783,26827,93666,14290,0.24849938863981622,0.3475448111486733
7815,0.7824,17,37,17,578820,26790,93683,14273,0.24815665641557672,0.3475878528115335
7816,0.7825,9,18,9,578838,26772,93692,14264,0.24798992182000074,0.347597231698996
7817,0.7826,16,19,16,578857,26753,93708,14248,0.24781392419133721,0.3475037194214775
7818,0.7827,17,38,17,578895,26715,93725,14231,0.24746192893401014,0.34755531675865775
7819,0.7828,30,65,30,578960,26650,93755,14201,0.24685983178331913,0.34762918900394113
7820,0.7829,15,23,15,578983,26627,93770,14186,0.2466467820223054,0.34758532820424864
7821,0.783,15,28,15,579011,26599,93785,14171,0.24638741709585388,0.3475840078489085
7822,0.7831,7,24,7,579035,26575,93792,14164,0.24616510430175256,0.3476766734578659
7823,0.7832,5,20,5,579055,26555,93797,14159,0.24597984364000147,0.34776735275335263
7824,0.7833,9,24,9,579079,26531,93806,14150,0.24575753084590019,0.3478282244782577
7825,0.7834,18,59,18,579138,26472,93824,14132,0.24521101189373448,0.3480445276327455
7826,0.7835,9,23,9,579161,26449,93833,14123,0.24499796213272074,0.3480972098984521
7827,0.7836,15,44,15,579205,26405,93848,14108,0.24459038867686836,0.34823390022955597
7828,0.7837,17,35,17,579240,26370,93865,14091,0.24426618251880397,0.348261288648328
7829,0.7838,16,31,16,579271,26339,93881,14075,0.24397902849308978,0.3482704013460682
7830,0.7839,1,4,1,579275,26335,93882,14074,0.24394197636073955,0.34828874755623745
7831,0.784,12,31,12,579306,26304,93894,14062,0.2436548223350254,0.34836248327800623
7832,0.7841,9,39,9,579345,26265,93903,14053,0.24329356404461078,0.3485539957339154
7833,0.7842,13,42,13,579387,26223,93916,14040,0.24290451665493348,0.3487072498323523
7834,0.7843,10,29,10,579416,26194,93926,14030,0.24263588869539443,0.348796738265712
7835,0.7844,8,28,8,579444,26166,93934,14022,0.2423765237689429,0.34891012242460434
7836,0.7845,17,51,17,579495,26115,93951,14005,0.24190410908147764,0.3490777666999003
7837,0.7846,22,68,22,579563,26047,93973,13983,0.24127422283152394,0.34931301523857106
7838,0.7847,12,41,12,579604,26006,93985,13971,0.24089443847493422,0.34947594867048554
7839,0.7848,12,42,12,579646,25964,93997,13959,0.24050539108525695,0.3496480725396388
7840,0.7849,11,32,11,579678,25932,94008,13948,0.24020897402645522,0.3497492477432297
7841,0.785,12,21,12,579699,25911,94020,13936,0.24001445033161659,0.34973774688182296
7842,0.7851,8,11,8,579710,25900,94028,13928,0.23991255696765348,0.34970372602189415
7843,0.7852,9,23,9,579733,25877,94037,13919,0.23969950720663974,0.34975876972560055
7844,0.7853,14,57,14,579790,25820,94051,13905,0.23917151432064915,0.3500314663310258
7845,0.7854,19,53,19,579843,25767,94070,13886,0.23868057356700878,0.3501878798577661
7846,0.7855,13,28,13,579871,25739,94083,13873,0.23842120864055727,0.35022215490255476
7847,0.7856,13,25,13,579896,25714,94096,13860,0.2381896328133684,0.3502299489563855
7848,0.7857,19,18,19,579914,25696,94115,13841,0.23802289821779243,0.3500771429294079
7849,0.7858,21,35,21,579949,25661,94136,13820,0.23769869205972805,0.35004179225450216
7850,0.7859,21,40,21,579989,25621,94157,13799,0.23732817073622586,0.35005073566717404
7851,0.786,14,32,14,580021,25589,94171,13785,0.23703175367742413,0.350104129628689
7852,0.7861,11,41,11,580062,25548,94182,13774,0.2366519693208344,0.35028737093738876
7853,0.7862,11,39,11,580101,25509,94193,13763,0.2362907110304198,0.35045324913424325
7854,0.7863,8,25,8,580126,25484,94201,13755,0.23605913520323094,0.35054410153163945
7855,0.7864,15,29,15,580155,25455,94216,13740,0.23579050724369188,0.3505549177190968
7856,0.7865,9,25,9,580180,25430,94225,13731,0.23555893141650303,0.3506294527718904
7857,0.7866,8,39,8,580219,25391,94233,13723,0.2351976731260884,0.35084624431149974
7858,0.7867,7,26,7,580245,25365,94240,13716,0.234956834265812,0.35096338374146
7859,0.7868,17,26,17,580271,25339,94257,13699,0.2347159954055356,0.35091449357036736
7860,0.7869,7,32,7,580303,25307,94264,13692,0.23441957834673385,0.3510859252801354
7861,0.787,22,34,22,580337,25273,94286,13670,0.234104635221757,0.3510258583057289
7862,0.7871,15,45,15,580382,25228,94301,13655,0.2336877987328171,0.3511817503793432
7863,0.7872,8,21,8,580403,25207,94309,13647,0.23349327503797843,0.3512379677768055
7864,0.7873,12,36,12,580439,25171,94321,13635,0.2331598058468265,0.35136319125908366
7865,0.7874,10,25,10,580464,25146,94331,13625,0.23292823001963764,0.3514224549276521
7866,0.7875,10,38,10,580502,25108,94341,13615,0.23257623476231057,0.35159982439377113
7867,0.7876,24,56,24,580558,25052,94365,13591,0.23205750490940755,0.3517066480345729
7868,0.7877,6,12,6,580570,25040,94371,13585,0.23194634851235688,0.3517152103559871
7869,0.7878,19,31,19,580601,25009,94390,13566,0.2316591944866427,0.35167854828256645
7870,0.7879,13,44,13,580645,24965,94403,13553,0.23125162103079033,0.35186146736590684
7871,0.788,26,53,26,580698,24912,94429,13527,0.23076068027714994,0.3519082182158745
7872,0.7881,14,28,14,580726,24884,94443,13513,0.23050131535069843,0.3519285360835482
7873,0.7882,20,27,20,580753,24857,94463,13493,0.23025121345733446,0.35183833116036506
7874,0.7883,7,22,7,580775,24835,94470,13486,0.23004742672940828,0.35192192270556616
7875,0.7884,7,17,7,580792,24818,94477,13479,0.22988995516691985,0.3519596835261248
7876,0.7885,11,21,11,580813,24797,94488,13468,0.2296954314720812,0.3519665490657259
7877,0.7886,11,19,11,580832,24778,94499,13457,0.2295194338434177,0.35195501503857723
7878,0.7887,13,38,13,580870,24740,94512,13444,0.22916743858609062,0.3520846427823172
7879,0.7888,17,39,17,580909,24701,94529,13427,0.228806180295676,0.35215589592950064
7880,0.7889,9,28,9,580937,24673,94538,13418,0.2285468153692245,0.35226168911291383
7881,0.789,6,7,6,580944,24666,94544,13412,0.22848197413761162,0.3522243815326435
7882,0.7891,24,44,24,580988,24622,94568,13388,0.22807440068175924,0.3522230991844251
7883,0.7892,24,51,24,581039,24571,94592,13364,0.22760198599429396,0.3522868063793331
7884,0.7893,6,36,6,581075,24535,94598,13358,0.22726851680314203,0.35251893489562713
7885,0.7894,12,33,12,581108,24502,94610,13346,0.22696283671125272,0.3526210103572183
7886,0.7895,14,23,14,581131,24479,94624,13332,0.22674978695023898,0.3525958054534395
7887,0.7896,14,37,14,581168,24442,94638,13318,0.22640705472599948,0.3527012711864407
7888,0.7897,14,36,14,581204,24406,94652,13304,0.22607358553484752,0.352797666401485
7889,0.7898,6,13,6,581217,24393,94658,13298,0.22595316610470934,0.35281632219893344
7890,0.7899,4,14,4,581231,24379,94662,13294,0.22582348364148358,0.35287871950733946
7891,0.79,10,18,10,581249,24361,94672,13284,0.2256567490459076,0.35287554788152475
7892,0.7901,11,28,11,581277,24333,94683,13273,0.22539738411945606,0.3529489975003989
7893,0.7902,18,37,18,581314,24296,94701,13255,0.22505465189521656,0.3529866048840244
7894,0.7903,12,40,12,581354,24256,94713,13243,0.2246841305717144,0.3531560841622443
7895,0.7904,20,35,20,581389,24221,94733,13223,0.22435992441365002,0.35314069009721183
7896,0.7905,12,36,12,581425,24185,94745,13211,0.22402645522249806,0.3532730773344743
7897,0.7906,13,22,13,581447,24163,94758,13198,0.22382266849457186,0.353256069163031
7898,0.7907,6,11,6,581458,24152,94764,13192,0.22372077513060876,0.3532562125107112
7899,0.7908,14,30,14,581488,24122,94778,13178,0.22344288413798213,0.3532975871313673
7900,0.7909,10,17,10,581505,24105,94788,13168,0.22328541257549372,0.3532852198642449
7901,0.791,7,13,7,581518,24092,94795,13161,0.2231649931453555,0.35328698359863636
7902,0.7911,19,21,19,581539,24071,94814,13142,0.22297046945051688,0.35315615510708626
7903,0.7912,7,33,7,581572,24038,94821,13135,0.2226647893586276,0.3533478600059183
7904,0.7913,10,38,10,581610,24000,94831,13125,0.22231279410130053,0.35353535353535354
7905,0.7914,7,18,7,581628,23982,94838,13118,0.22214605950572455,0.35358490566037737
7906,0.7915,13,25,13,581653,23957,94851,13105,0.2219144836785357,0.3535966758404835
7907,0.7916,16,40,16,581693,23917,94867,13089,0.22154396235503354,0.3536994000972815
7908,0.7917,10,26,10,581719,23891,94877,13079,0.22130312349475711,0.35377332972680553
7909,0.7918,13,38,13,581757,23853,94890,13066,0.22095112823743007,0.35390991088599366
7910,0.7919,8,22,8,581779,23831,94898,13058,0.22074734150950387,0.3539808615034292
7911,0.792,9,19,9,581798,23812,94907,13049,0.22057134388084035,0.35400558856243725
7912,0.7921,7,19,7,581817,23793,94914,13042,0.2203953462521768,0.35406542690376
7913,0.7922,18,23,18,581840,23770,94932,13024,0.22018229649116305,0.3539707561015383
7914,0.7923,13,32,13,581872,23738,94945,13011,0.21988587943236132,0.3540504503523905
7915,0.7924,20,40,20,581912,23698,94965,12991,0.21951535810885917,0.35408433045326937
7916,0.7925,12,27,12,581939,23671,94977,12979,0.2192652562154952,0.3541336971350614
7917,0.7926,9,32,9,581971,23639,94986,12970,0.21896883915669346,0.354284465568576
7918,0.7927,12,24,12,581995,23615,94998,12958,0.21874652636259218,0.3543050884532305
7919,0.7928,9,15,9,582010,23600,95007,12949,0.21860758086627885,0.3542914990834223
7920,0.7929,19,47,19,582057,23553,95026,12930,0.21817221831116382,0.35441164377929446
7921,0.793,23,36,23,582093,23517,95049,12907,0.21783874912001186,0.35435427190863167
7922,0.7931,17,29,17,582122,23488,95066,12890,0.21757012116047278,0.35433503766012425
7923,0.7932,5,9,5,582131,23479,95071,12885,0.2174867538626848,0.3543339566604334
7924,0.7933,14,29,14,582160,23450,95085,12871,0.21721812590314574,0.354367996475868
7925,0.7934,16,30,16,582190,23420,95101,12855,0.21694023491051911,0.3543762922122674
7926,0.7935,8,13,8,582203,23407,95109,12847,0.2168198154803809,0.354360898107795
7927,0.7936,6,13,6,582216,23394,95115,12841,0.2166993960502427,0.35438112322340276
7928,0.7937,9,24,9,582240,23370,95124,12832,0.2164770832561414,0.35445555494171593
7929,0.7938,12,40,12,582280,23330,95136,12820,0.21610656193263922,0.3546334716459198
7930,0.7939,22,34,22,582314,23296,95158,12798,0.21579161880766237,0.354574167451654
7931,0.794,12,34,12,582348,23262,95170,12786,0.21547667568268553,0.35469374167776296
7932,0.7941,4,25,4,582373,23237,95174,12782,0.2152450998554967,0.35486826397179266
7933,0.7942,13,30,13,582403,23207,95187,12769,0.21496720886287005,0.3549310651545475
7934,0.7943,7,51,7,582454,23156,95194,12762,0.2144947941754048,0.35530931566345564
7935,0.7944,6,15,6,582469,23141,95200,12756,0.2143558486790915,0.3553500292503552
7936,0.7945,9,17,9,582486,23124,95209,12747,0.21419837711660306,0.35535669482311616
7937,0.7946,22,49,22,582535,23075,95231,12725,0.2137444884953129,0.35544692737430167
7938,0.7947,15,36,15,582571,23039,95246,12710,0.21341101930416095,0.355534420543232
7939,0.7948,9,23,9,582594,23016,95255,12701,0.2131979695431472,0.3556009743259512
7940,0.7949,12,23,12,582617,22993,95267,12689,0.21298491978213346,0.3556134745810212
7941,0.795,18,49,18,582666,22944,95285,12671,0.21253103116084332,0.3557770602274323
7942,0.7951,11,21,11,582687,22923,95296,12660,0.21233650746600466,0.35578787623303265
7943,0.7952,10,21,10,582708,22902,95306,12650,0.21214198377116603,0.3558168316831683
7944,0.7953,6,37,6,582745,22865,95312,12644,0.21179925154692653,0.3560787406009744
7945,0.7954,7,17,7,582762,22848,95319,12637,0.21164177998443812,0.35612230519938004
7946,0.7955,8,33,8,582795,22815,95327,12629,0.2113360998925488,0.3563085430538314
7947,0.7956,12,33,12,582828,22782,95339,12617,0.21103041980065954,0.35642249781067264
7948,0.7957,10,33,10,582861,22749,95349,12607,0.21072473970877023,0.35657314175811744
7949,0.7958,5,33,5,582894,22716,95354,12602,0.21041905961688095,0.35681522169998303
7950,0.7959,10,31,10,582925,22685,95364,12592,0.21013190559116676,0.35694645236272926
7951,0.796,17,44,17,582969,22641,95381,12575,0.20972433213531438,0.3570820081781009
7952,0.7961,16,53,16,583022,22588,95397,12559,0.20923339138167402,0.3573277946908698
7953,0.7962,18,34,18,583056,22554,95415,12541,0.20891844825669717,0.3573443510471577
7954,0.7963,15,42,15,583098,22512,95430,12526,0.2085294008670199,0.3574975740624465
7955,0.7964,7,36,7,583134,22476,95437,12519,0.20819593167586795,0.3577368195456494
7956,0.7965,14,24,14,583158,22452,95451,12505,0.20797361888176666,0.35772520525216694
7957,0.7966,9,28,9,583186,22424,95460,12496,0.20771425395531512,0.35784650630011455
7958,0.7967,12,38,12,583224,22386,95472,12484,0.20736225869798808,0.3580154860911959
7959,0.7968,5,15,5,583239,22371,95477,12479,0.20722331320167475,0.358077474892396
7960,0.7969,10,19,10,583258,22352,95487,12469,0.20704731557301123,0.35808850980730017
7961,0.797,8,23,8,583281,22329,95495,12461,0.2068342658119975,0.35817763725208396
7962,0.7971,14,24,14,583305,22305,95509,12447,0.20661195301789617,0.3581664364640884
7963,0.7972,5,31,5,583336,22274,95514,12442,0.206324798992182,0.35839382417329185
7964,0.7973,18,40,18,583376,22234,95532,12424,0.20595427766867982,0.3584742339431012
7965,0.7974,13,23,13,583399,22211,95545,12411,0.20574122790766608,0.35847149211484025
7966,0.7975,7,21,7,583420,22190,95552,12404,0.20554670421282745,0.35855928773775797
7967,0.7976,18,47,18,583467,22143,95570,12386,0.20511134165771241,0.35871296591271107
7968,0.7977,11,21,11,583488,22122,95581,12375,0.20491681796287375,0.3587268458126794
7969,0.7978,17,45,17,583533,22077,95598,12358,0.20449998147393383,0.3588790474807608
7970,0.7979,2,4,2,583537,22073,95600,12356,0.2044629293415836,0.35888349937552644
7971,0.798,13,44,13,583581,22029,95613,12343,0.20405535588573123,0.3591004305830327
7972,0.7981,12,28,12,583609,22001,95625,12331,0.2037959909592797,0.3591692881276943
7973,0.7982,10,32,10,583641,21969,95635,12321,0.20349957390047796,0.3593175853018373
7974,0.7983,11,25,11,583666,21944,95646,12310,0.20326799807328913,0.3593740876977871
7975,0.7984,11,25,11,583691,21919,95657,12299,0.20303642224610027,0.3594307089835759
7976,0.7985,11,26,11,583717,21893,95668,12288,0.20279558338582385,0.3594979667066499
7977,0.7986,20,32,20,583749,21861,95688,12268,0.2024991663270221,0.35945969703184977
7978,0.7987,12,27,12,583776,21834,95700,12256,0.20224906443365814,0.3595189205045468
7979,0.7988,11,20,11,583796,21814,95711,12245,0.20206380377190708,0.3595231803634869
7980,0.7989,19,23,19,583819,21791,95730,12226,0.20185075401089334,0.3594085310286034
7981,0.799,8,26,8,583845,21765,95738,12218,0.2016099151506169,0.3595327075302357
7982,0.7991,12,38,12,583883,21727,95750,12206,0.20125791989328987,0.3597088380043026
7983,0.7992,9,15,9,583898,21712,95759,12197,0.20111897439697654,0.35969801527618034
7984,0.7993,2,18,2,583916,21694,95761,12195,0.20095223980140056,0.35985127917613385
7985,0.7994,5,15,5,583931,21679,95766,12190,0.20081329430508726,0.359916147509522
7986,0.7995,6,28,6,583959,21651,95772,12184,0.20055392937863575,0.36010048766070635
7987,0.7996,10,14,10,583973,21637,95782,12174,0.20042424691540997,0.3600603353938068
7988,0.7997,20,34,20,584007,21603,95802,12154,0.20010930379043315,0.36004384275853896
7989,0.7998,12,20,12,584027,21583,95814,12142,0.19992404312868206,0.36002965159377315
7990,0.7999,26,48,26,584075,21535,95840,12116,0.19947941754047946,0.36004873555020656
7991,0.8,16,29,16,584104,21506,95856,12100,0.19921078958094038,0.36005475212759624
7992,0.8001,26,46,26,584150,21460,95882,12074,0.1987846900589129,0.36005248404604284
7993,0.8002,10,26,10,584176,21434,95892,12064,0.1985438511986365,0.3601409039345633
7994,0.8003,17,35,17,584211,21399,95909,12047,0.19821964504057207,0.36019254918375887
7995,0.8004,18,40,18,584251,21359,95927,12029,0.19784912371706992,0.36027914220678087
7996,0.8005,13,25,13,584276,21334,95940,12016,0.19761754788988106,0.3602998500749625
7997,0.8006,21,46,21,584322,21288,95961,11995,0.19719144836785357,0.36039419523480454
7998,0.8007,9,30,9,584352,21258,95970,11986,0.19691355737522695,0.36054626398748646
7999,0.8008,18,26,18,584378,21232,95988,11968,0.19667271851495052,0.36048192771084336
8000,0.8009,8,18,8,584396,21214,95996,11960,0.19650598391937457,0.36052330138059924
8001,0.801,6,16,6,584412,21198,96002,11954,0.1963577753899737,0.3605815637065637
8002,0.8011,12,44,12,584456,21154,96014,11942,0.1959502019341213,0.36082910321489003
8003,0.8012,6,26,6,584482,21128,96020,11936,0.1957093630738449,0.36099685458504716
8004,0.8013,12,23,12,584505,21105,96032,11924,0.19549631331283115,0.3610160767810106
8005,0.8014,7,31,7,584536,21074,96039,11917,0.19520915928711696,0.3612197265921009
8006,0.8015,16,43,16,584579,21031,96055,11901,0.19481084886435215,0.3613810275719665
8007,0.8016,17,36,17,584615,20995,96072,11884,0.1944773796732002,0.3614465160132607
8008,0.8017,11,13,11,584628,20982,96083,11873,0.19435696024306198,0.36137574189621063
8009,0.8018,12,16,12,584644,20966,96095,11861,0.19420875171366112,0.36131842690468213
8010,0.8019,12,34,12,584678,20932,96107,11849,0.19389380858868427,0.36145938195906163
8011,0.802,16,18,16,584696,20914,96123,11833,0.1937270739931083,0.36134607750328274
8012,0.8021,11,45,11,584741,20869,96134,11822,0.19331023750416837,0.3616285827903704
8013,0.8022,16,19,16,584760,20850,96150,11806,0.19313423987550485,0.3615262126408623
8014,0.8023,22,38,22,584798,20812,96172,11784,0.19278224461817778,0.36151675052153637
8015,0.8024,4,11,4,584809,20801,96176,11780,0.19268035125421468,0.3615604186489058
8016,0.8025,10,21,10,584830,20780,96186,11770,0.19248582755937604,0.3615975422427035
8017,0.8026,15,31,15,584861,20749,96201,11755,0.19219867353366185,0.3616477971941915
8018,0.8027,12,23,12,584884,20726,96213,11743,0.1919856237726481,0.3616680526040223
8019,0.8028,12,14,12,584898,20712,96225,11731,0.19185594130942235,0.3615880159048177
8020,0.8029,17,33,17,584931,20679,96242,11714,0.19155026121753307,0.3616213379433828
8021,0.803,10,20,10,584951,20659,96252,11704,0.19136500055578198,0.36164756048573987
8022,0.8031,16,33,16,584984,20626,96268,11688,0.1910593204638927,0.36170081079408306
8023,0.8032,9,32,9,585016,20594,96277,11679,0.19076290340509097,0.3618814488891643
8024,0.8033,17,34,17,585050,20560,96294,11662,0.19044796028011413,0.36192663397678604
8025,0.8034,19,35,19,585085,20525,96313,11643,0.19012375412204974,0.3619435463814971
8026,0.8035,13,33,13,585118,20492,96326,11630,0.18981807403016043,0.3620571570885997
8027,0.8036,19,40,19,585158,20452,96345,11611,0.18944755270665828,0.36213080497770017
8028,0.8037,10,26,10,585184,20426,96355,11601,0.18920671384638185,0.3622256221313267
8029,0.8038,16,40,16,585224,20386,96371,11585,0.1888361925228797,0.3623596384223202
8030,0.8039,25,32,25,585256,20354,96396,11560,0.18853977546407796,0.3622234755906499
8031,0.804,10,47,10,585303,20307,96406,11550,0.1881044129089629,0.36255767963085034
8032,0.8041,7,40,7,585343,20267,96413,11543,0.18773389158546075,0.36287331027978625
8033,0.8042,10,36,10,585379,20231,96423,11533,0.1874004223943088,0.36308399445913614
8034,0.8043,11,35,11,585414,20196,96434,11522,0.1870762162362444,0.36326376190175924
8035,0.8044,23,41,23,585455,20155,96457,11499,0.18669643187965468,0.3632716244392494
8036,0.8045,12,17,12,585472,20138,96469,11487,0.18653896031716624,0.36322529644268775
8037,0.8046,8,11,8,585483,20127,96477,11479,0.18643706695320317,0.36319053344301716
8038,0.8047,18,28,18,585511,20099,96495,11461,0.18617770202675163,0.36314955640050695
8039,0.8048,5,21,5,585532,20078,96500,11456,0.185983178331913,0.36329041669309314
8040,0.8049,11,11,11,585543,20067,96511,11445,0.1858812849679499,0.3631949733434882
8041,0.805,12,30,12,585573,20037,96523,11433,0.18560339397532327,0.3632983794089609
8042,0.8051,5,7,5,585580,20030,96528,11428,0.1855385527437104,0.3632780214889694
8043,0.8052,8,26,8,585606,20004,96536,11420,0.185297713883434,0.36341649694501016
8044,0.8053,3,21,3,585627,19983,96539,11417,0.18510319018859536,0.36359872611464966
8045,0.8054,3,19,3,585646,19964,96542,11414,0.1849271925599318,0.3637580470393269
8046,0.8055,15,29,15,585675,19935,96557,11399,0.18465856460039276,0.3637901321248484
8047,0.8056,12,25,12,585700,19910,96569,11387,0.1844269887732039,0.3638367894686392
8048,0.8057,10,34,10,585734,19876,96579,11377,0.18411204564822706,0.36402905321089174
8049,0.8058,19,39,19,585773,19837,96598,11358,0.18375078735781245,0.36409681038627983
8050,0.8059,11,30,11,585803,19807,96609,11347,0.18347289636518582,0.3642228927264557
8051,0.806,13,27,13,585830,19780,96622,11334,0.18322279447182185,0.3642733174776628
8052,0.8061,11,22,11,585852,19758,96633,11323,0.18301900774389565,0.36430616775522023
8053,0.8062,11,13,11,585865,19745,96644,11312,0.18289858831375747,0.36423350613388283
8054,0.8063,2,18,2,585883,19727,96646,11310,0.1827318537181815,0.36440377613815766
8055,0.8064,8,11,8,585894,19716,96654,11302,0.18262996035421838,0.36436907602037527
8056,0.8065,12,15,12,585909,19701,96666,11290,0.18249101485790506,0.36429931270368815
8057,0.8066,14,21,14,585930,19680,96680,11276,0.18229649116306643,0.36425894818452
8058,0.8067,18,28,18,585958,19652,96698,11258,0.18203712623661492,0.36421869945001617
8059,0.8068,13,32,13,585990,19620,96711,11245,0.18174070917781318,0.3643285274582861
8060,0.8069,14,11,14,586001,19609,96725,11231,0.18163881581385008,0.3641699092088197
8061,0.807,7,22,7,586023,19587,96732,11224,0.1814350290859239,0.36428548245756387
8062,0.8071,16,17,16,586040,19570,96748,11208,0.18127755752343547,0.3641562154785886
8063,0.8072,13,40,13,586080,19530,96761,11195,0.1809070361999333,0.3643612693246542
8064,0.8073,15,37,15,586117,19493,96776,11180,0.1805643039756938,0.36448994229452614
8065,0.8074,17,26,17,586143,19467,96793,11163,0.1803234651154174,0.3644466209598433
8066,0.8075,3,12,3,586155,19455,96796,11160,0.18021230871836674,0.36452719255267024
8067,0.8076,10,22,10,586177,19433,96806,11150,0.18000852199044054,0.36458163031749663
8068,0.8077,18,52,18,586229,19381,96824,11132,0.17952684426988774,0.3648281060531577
8069,0.8078,14,36,14,586265,19345,96838,11118,0.17919337507873578,0.36496733742572957
8070,0.8079,5,32,5,586297,19313,96843,11113,0.17889695801993405,0.3652468283704726
8071,0.808,8,16,8,586313,19297,96851,11105,0.17874874949053318,0.3652720215775278
8072,0.8081,11,29,11,586342,19268,96862,11094,0.1784801215309941,0.36539094921283183
8073,0.8082,10,32,10,586374,19236,96872,11084,0.17818370447219237,0.3655672823218997
8074,0.8083,7,38,7,586412,19198,96879,11077,0.17783170921486532,0.36587943848059457
8075,0.8084,13,24,13,586436,19174,96892,11064,0.177609396420764,0.36589721542430054
8076,0.8085,18,40,18,586476,19134,96910,11046,0.17723887509726186,0.3660039761431412
8077,0.8086,6,17,6,586493,19117,96916,11040,0.17708140353477342,0.36608415956494345
8078,0.8087,11,14,11,586507,19103,96927,11029,0.17695172107154766,0.366022832868711
8079,0.8088,12,19,12,586526,19084,96939,11017,0.17677572344288414,0.3660011295305804
8080,0.8089,6,9,6,586535,19075,96945,11011,0.17669235614509615,0.36598417868776173
8081,0.809,6,15,6,586550,19060,96951,11005,0.17655341064878283,0.36604024613337766
8082,0.8091,17,15,17,586565,19045,96968,10988,0.17641446515246953,0.36586421602903474
8083,0.8092,9,30,9,586595,19015,96977,10979,0.1761365741598429,0.366039874641595
8084,0.8093,8,29,8,586624,18986,96985,10971,0.17586794620030383,0.3662249223887572
8085,0.8094,10,21,10,586645,18965,96995,10961,0.1756734225054652,0.36627013299472033
8086,0.8095,9,19,9,586664,18946,97004,10952,0.17549742487680167,0.3663121279015319
8087,0.8096,20,47,20,586711,18899,97024,10932,0.1750620623216866,0.3664644162113238
8088,0.8097,11,30,11,586741,18869,97035,10921,0.17478417132906,0.3665995300436388
8089,0.8098,4,11,4,586752,18858,97039,10917,0.1746822779650969,0.3666498740554156
8090,0.8099,9,27,9,586779,18831,97048,10908,0.17443217607173292,0.3667910824170281
8091,0.81,14,31,14,586810,18800,97062,10894,0.17414502204601875,0.36687546305650975
8092,0.8101,10,23,10,586833,18777,97072,10884,0.173931972285005,0.3669464953979974
8093,0.8102,6,9,6,586842,18768,97078,10878,0.17384860498721702,0.366929771301356
8094,0.8103,14,22,14,586864,18746,97092,10864,0.17364481825929082,0.366903073286052
8095,0.8104,4,12,4,586876,18734,97096,10860,0.17353366186224017,0.36696627694803
8096,0.8105,27,47,27,586923,18687,97123,10833,0.17309829930712511,0.36697154471544713
8097,0.8106,13,19,13,586942,18668,97136,10820,0.1729223016784616,0.3669289202387412
8098,0.8107,14,27,14,586969,18641,97150,10806,0.17267219978509762,0.36696437667674126
8099,0.8108,16,30,16,586999,18611,97166,10790,0.172394308792471,0.3669943199210911
8100,0.8109,15,22,15,587021,18589,97181,10775,0.17219052206454483,0.36694592017436317
8101,0.811,8,22,8,587043,18567,97189,10767,0.17198673533661862,0.3670484761709961
8102,0.8111,18,26,18,587069,18541,97207,10749,0.17174589647634222,0.36698531922157734
8103,0.8112,10,22,10,587091,18519,97217,10739,0.17154210974841602,0.3670449107936291
8104,0.8113,10,17,10,587108,18502,97227,10729,0.1713846381859276,0.3670418391433752
8105,0.8114,20,42,20,587150,18460,97247,10709,0.17099559079625032,0.367136343378244
8106,0.8115,11,22,11,587172,18438,97258,10698,0.17079180406832414,0.367174629324547
8107,0.8116,22,41,22,587213,18397,97280,10676,0.17041201971173442,0.3672135658514773
8108,0.8117,2,28,2,587241,18369,97282,10674,0.17015265478528288,0.3675240161140378
8109,0.8118,12,30,12,587271,18339,97294,10662,0.16987476379265626,0.3676424950863763
8110,0.8119,10,27,10,587298,18312,97304,10652,0.16962466189929232,0.36776688302720617
8111,0.812,18,37,18,587335,18275,97322,10634,0.1692819296750528,0.367843924037497
8112,0.8121,11,25,11,587360,18250,97333,10623,0.16905035384786393,0.3679215876424341
8113,0.8122,7,17,7,587377,18233,97340,10616,0.16889288228537552,0.36798502547748624
8114,0.8123,18,20,18,587397,18213,97358,10598,0.16870762162362443,0.3678456145222311
8115,0.8124,7,15,7,587412,18198,97365,10591,0.16856867612731113,0.36788356664003613
8116,0.8125,16,49,16,587461,18149,97381,10575,0.16811478750602096,0.368159030775658
8117,0.8126,3,11,3,587472,18138,97384,10572,0.1680128941420579,0.3682340647857889
8118,0.8127,4,23,4,587495,18115,97388,10568,0.16779984438104412,0.3684412369696336
8119,0.8128,8,24,8,587519,18091,97396,10560,0.16757753158694283,0.36857352273917143
8120,0.8129,10,24,10,587543,18067,97406,10550,0.16735521879284151,0.3686619841353042
8121,0.813,8,23,8,587566,18044,97414,10542,0.16714216903182777,0.3687819212201777
8122,0.8131,10,32,10,587598,18012,97424,10532,0.16684575197302604,0.36897421524663676
8123,0.8132,12,50,12,587648,17962,97436,10520,0.16638260031864835,0.36935608454462465
8124,0.8133,2,9,2,587657,17953,97438,10518,0.16629923302086036,0.36942854132274944
8125,0.8134,4,18,4,587675,17935,97442,10514,0.16613249842528438,0.3695736229744455
8126,0.8135,7,15,7,587690,17920,97449,10507,0.16599355292897106,0.3696133957153411
8127,0.8136,5,10,5,587700,17910,97454,10502,0.16590092259809552,0.3696325496269182
8128,0.8137,9,14,9,587714,17896,97463,10493,0.16577124013486977,0.3696149917221459
8129,0.8138,11,22,11,587736,17874,97474,10482,0.16556745340694357,0.36965721540414725
8130,0.8139,12,24,12,587760,17850,97486,10470,0.16534514061284228,0.3697033898305085
8131,0.814,15,30,15,587790,17820,97501,10455,0.16506724962021566,0.36976127320954905
8132,0.8141,5,15,5,587805,17805,97506,10450,0.16492830412390233,0.3698460449477968
8133,0.8142,6,25,6,587830,17780,97512,10444,0.16469672829671347,0.37003968253968256
8134,0.8143,22,43,22,587873,17737,97534,10422,0.16429841787394864,0.3701125750204198
8135,0.8144,4,22,4,587895,17715,97538,10418,0.16409463114602246,0.3703124444602424
8136,0.8145,9,13,9,587908,17702,97547,10409,0.16397421171588425,0.37028209597666395
8137,0.8146,15,24,15,587932,17678,97562,10394,0.16375189892178296,0.3702621829581077
8138,0.8147,13,22,13,587954,17656,97575,10381,0.16354811219385676,0.37026072689660094
8139,0.8148,8,19,8,587973,17637,97583,10373,0.16337211456519324,0.3703320242770439
8140,0.8149,4,19,4,587992,17618,97587,10369,0.1631961169365297,0.37049344338442847
8141,0.815,16,23,16,588015,17595,97603,10353,0.16298306717551594,0.3704379562043796
8142,0.8151,6,36,6,588051,17559,97609,10347,0.162649597984364,0.3707804773167061
8143,0.8152,25,53,25,588104,17506,97634,10322,0.16215865723072362,0.3709213741555268
8144,0.8153,11,34,11,588138,17472,97645,10311,0.16184371410574677,0.3711262282690854
8145,0.8154,5,23,5,588161,17449,97650,10306,0.16163066434473303,0.37132048279589264
8146,0.8155,13,25,13,588186,17424,97663,10293,0.1613990885175442,0.37136053685463793
8147,0.8156,14,28,14,588214,17396,97677,10279,0.16113972359109266,0.3714182475158085
8148,0.8157,6,18,6,588232,17378,97683,10273,0.16097298899551668,0.3715236338649597
8149,0.8158,11,30,11,588262,17348,97694,10262,0.16069509800289006,0.37167692864904023
8150,0.8159,7,23,7,588285,17325,97701,10255,0.1604820482418763,0.37182741116751267
8151,0.816,9,31,9,588316,17294,97710,10246,0.16019489421616215,0.37204066811909947
8152,0.8161,8,16,8,588332,17278,97718,10238,0.16004668568676128,0.3720744294228812
8153,0.8162,6,7,6,588339,17271,97724,10232,0.1599818444551484,0.3720321419481511
8154,0.8163,10,22,10,588361,17249,97734,10222,0.1597780577272222,0.37210148884277966
8155,0.8164,8,15,8,588376,17234,97742,10214,0.15963911223090888,0.37212183037015445
8156,0.8165,20,34,20,588410,17200,97762,10194,0.15932416910593206,0.37212528290866614
8157,0.8166,3,15,3,588425,17185,97765,10191,0.15918522360961873,0.372260374050263
8158,0.8167,20,20,20,588445,17165,97785,10171,0.15899996294786764,0.3720734562481709
8159,0.8168,8,15,8,588460,17150,97793,10163,0.15886101745155434,0.37209387471167576
8160,0.8169,7,12,7,588472,17138,97800,10156,0.1587498610545037,0.37209643145013555
8161,0.817,11,22,11,588494,17116,97811,10145,0.1585460743265775,0.372143354975973
8162,0.8171,5,17,5,588511,17099,97816,10140,0.1583886027640891,0.37226036198098317
8163,0.8172,18,36,18,588547,17063,97834,10122,0.15805513357293713,0.3723376862240206
8164,0.8173,8,18,8,588565,17045,97842,10114,0.15788839897736115,0.3723995728855996
8165,0.8174,10,10,10,588575,17035,97852,10104,0.15779576864648562,0.3723055381554221
8166,0.8175,10,18,10,588593,17017,97862,10094,0.15762903405090964,0.37232119803769687
8167,0.8176,5,15,5,588608,17002,97867,10089,0.1574900885545963,0.3724115019748256
8168,0.8177,6,16,6,588624,16986,97873,10083,0.15734188002519545,0.37249251911781006
8169,0.8178,6,21,6,588645,16965,97879,10077,0.1571473563303568,0.37264255602396273
8170,0.8179,7,23,7,588668,16942,97886,10070,0.15693430656934307,0.3727972752850585
8171,0.818,11,29,11,588697,16913,97897,10059,0.156665678609804,0.37294231054426813
8172,0.8181,2,14,2,588711,16899,97899,10057,0.15653599614657823,0.3730894791512094
8173,0.8182,14,23,14,588734,16876,97913,10043,0.1563229463855645,0.37308220959173816
8174,0.8183,16,36,16,588770,16840,97929,10027,0.15598947719441253,0.3732087691219712
8175,0.8184,11,22,11,588792,16818,97940,10016,0.15578569046648635,0.37325780725944696
8176,0.8185,5,16,5,588808,16802,97945,10011,0.1556374819370855,0.37336366687800693
8177,0.8186,3,9,3,588817,16793,97948,10008,0.1555541146392975,0.3734189022797657
8178,0.8187,12,20,12,588837,16773,97960,9996,0.1553688539775464,0.37341701221562257
8179,0.8188,4,9,4,588846,16764,97964,9992,0.15528548667975842,0.3734489460307968
8180,0.8189,4,21,4,588867,16743,97968,9988,0.15509096298491978,0.3736485728180764
8181,0.819,2,11,2,588878,16732,97970,9986,0.15498906962095668,0.3737555206228011
8182,0.8191,16,33,16,588911,16699,97986,9970,0.1546833895290674,0.37384228879973
8183,0.8192,22,20,22,588931,16679,98008,9948,0.15449812886731631,0.37360573853607243
8184,0.8193,12,21,12,588952,16658,98020,9936,0.15430360517247768,0.37361810934797324
8185,0.8194,19,32,19,588984,16626,98039,9917,0.15400718811367595,0.3736201635082696
8186,0.8195,19,33,19,589017,16593,98058,9898,0.15370150802178664,0.3736363293193915
8187,0.8196,9,32,9,589049,16561,98067,9889,0.1534050909629849,0.37387523629489605
8188,0.8197,20,43,20,589092,16518,98087,9869,0.1530067805402201,0.37400992913176945
8189,0.8198,15,17,15,589109,16501,98102,9854,0.15284930897773166,0.37389489660405995
8190,0.8199,18,17,18,589126,16484,98120,9836,0.15269183741524325,0.3737082066869301
8191,0.82,8,15,8,589141,16469,98128,9828,0.15255289191892993,0.3737308438224893
8192,0.8201,22,35,22,589176,16434,98150,9806,0.15222868576086554,0.37370426829268294
8193,0.8202,4,20,4,589196,16414,98154,9802,0.15204342509911445,0.37389380530973454
8194,0.8203,6,7,6,589203,16407,98160,9796,0.15197858386750157,0.37385032248215855
8195,0.8204,10,35,10,589238,16372,98170,9786,0.15165437770943718,0.37411117057879045
8196,0.8205,10,21,10,589259,16351,98180,9776,0.15145985401459855,0.3741723121674896
8197,0.8206,11,17,11,589276,16334,98191,9765,0.1513023824521101,0.37415226637035903
8198,0.8207,15,48,15,589324,16286,98206,9750,0.1508577568639075,0.37448148717160856
8199,0.8208,11,31,11,589355,16255,98217,9739,0.15057060283819335,0.37466338385781334
8200,0.8209,14,38,14,589393,16217,98231,9725,0.15021860758086628,0.374874720530414
8201,0.821,10,17,10,589410,16200,98241,9715,0.15006113601837787,0.374879413467104
8202,0.8211,6,14,6,589424,16186,98247,9709,0.1499314535551521,0.37493724657269745
8203,0.8212,15,26,15,589450,16160,98262,9694,0.14969061469487568,0.37495165158196025
8204,0.8213,14,22,14,589472,16138,98276,9680,0.1494868279669495,0.37493221783251995
8205,0.8214,12,24,12,589496,16114,98288,9668,0.1492645151728482,0.3749903033123885
8206,0.8215,3,7,3,589503,16107,98291,9665,0.14919967394123532,0.37501940090020175
8207,0.8216,1,7,1,589510,16100,98292,9664,0.14913483270962244,0.3750970346219531
8208,0.8217,16,18,16,589528,16082,98308,9648,0.14896809811404646,0.37497085114652157
8209,0.8218,4,15,4,589543,16067,98312,9644,0.14882915261773316,0.37509237291431685
8210,0.8219,12,17,12,589560,16050,98324,9632,0.14867168105524473,0.37504867222178956
8211,0.822,7,15,7,589575,16035,98331,9625,0.14853273555893143,0.37509742790335154
8212,0.8221,8,18,8,589593,16017,98339,9617,0.14836600096335545,0.37516579542794726
8213,0.8222,21,28,21,589621,15989,98360,9596,0.1481066360369039,0.37506351377760405
8214,0.8223,10,24,10,589645,15965,98370,9586,0.14788432324280262,0.3751712261751008
8215,0.8224,19,38,19,589683,15927,98389,9567,0.14753232798547555,0.3752647681807484
8216,0.8225,5,15,5,589698,15912,98394,9562,0.14739338248916226,0.375363115333281
8217,0.8226,3,10,3,589708,15902,98397,9559,0.1473007521582867,0.3754369427752249
8218,0.8227,17,27,17,589735,15875,98414,9542,0.14705065026492276,0.3754180273045599
8219,0.8228,5,14,5,589749,15861,98419,9537,0.146920967801697,0.3755020080321285
8220,0.8229,5,10,5,589759,15851,98424,9532,0.14682833747082144,0.3755269274711421
8221,0.823,10,60,10,589819,15791,98434,9522,0.1462725554855682,0.37617034725239995
8222,0.8231,8,21,8,589840,15770,98442,9514,0.14607803179072956,0.37628539788008225
8223,0.8232,19,34,19,589874,15736,98461,9495,0.14576308866575272,0.3763227775355713
8224,0.8233,1,13,1,589887,15723,98462,9494,0.1456426692356145,0.3764920490145537
8225,0.8234,4,17,4,589904,15706,98466,9490,0.1454851976731261,0.3766470868391808
8226,0.8235,10,20,10,589924,15686,98476,9480,0.145299937011375,0.3766987204959072
8227,0.8236,11,23,11,589947,15663,98487,9469,0.14508688725036126,0.3767706509629158
8228,0.8237,5,20,5,589967,15643,98492,9464,0.14490162658861017,0.37694666825984785
8229,0.8238,6,22,6,589989,15621,98498,9458,0.144697839860684,0.37712827465209936
8230,0.8239,4,5,4,589994,15616,98502,9454,0.14465152469524623,0.3771041084962106
8231,0.824,6,13,6,590007,15603,98508,9448,0.144531105265108,0.37715061274999
8232,0.8241,11,24,11,590031,15579,98519,9437,0.1443087924710067,0.3772385673169172
8233,0.8242,7,23,7,590054,15556,98526,9430,0.14409574270999295,0.3774113503561995
8234,0.8243,7,19,7,590073,15537,98533,9423,0.14391974508132943,0.3775240384615385
8235,0.8244,15,29,15,590102,15508,98548,9408,0.14365111712179035,0.3775886980253652
8236,0.8245,3,14,3,590116,15494,98551,9405,0.1435214346585646,0.3777260130928953
8237,0.8246,6,13,6,590129,15481,98557,9399,0.1434010152284264,0.3777733118971061
8238,0.8247,25,30,25,590159,15451,98582,9374,0.14312312423579976,0.37760322255790535
8239,0.8248,10,19,10,590178,15432,98592,9364,0.14294712660713624,0.37764155508953057
8240,0.8249,10,12,10,590190,15420,98602,9354,0.1428359702100856,0.37757326229111166
8241,0.825,15,38,15,590228,15382,98617,9339,0.14248397495275852,0.37777597993608675
8242,0.8251,16,25,16,590253,15357,98633,9323,0.14225239912556967,0.3777552674230146
8243,0.8252,14,39,14,590292,15318,98647,9309,0.14189114083515506,0.3779997563649653
8244,0.8253,12,23,12,590315,15295,98659,9297,0.1416780910741413,0.3780497722836695
8245,0.8254,12,26,12,590341,15269,98671,9285,0.1414372522138649,0.37814612690396676
8246,0.8255,13,29,13,590370,15240,98684,9272,0.14116862425432583,0.37826370757180156
8247,0.8256,14,24,14,590394,15216,98698,9258,0.14094631146022454,0.3782789899485168
8248,0.8257,2,16,2,590410,15200,98700,9256,0.14079810293082368,0.3784756297023225
8249,0.8258,12,39,12,590449,15161,98712,9244,0.14043684464040906,0.37877484122106125
8250,0.8259,10,9,10,590458,15152,98722,9234,0.14035347734262107,0.3786598868203067
8251,0.826,15,32,15,590490,15120,98737,9219,0.14005706028381934,0.3787748058671268
8252,0.8261,6,22,6,590512,15098,98743,9213,0.13985327355589314,0.37896425486405333
8253,0.8262,13,23,13,590535,15075,98756,9200,0.1396402237948794,0.37899073120494337
8254,0.8263,6,19,6,590554,15056,98762,9194,0.13946422616621587,0.3791340206185567
8255,0.8264,6,15,6,590569,15041,98768,9188,0.13932528066990255,0.37921499030087913
8256,0.8265,7,11,7,590580,15030,98775,9181,0.13922338730593944,0.37920779810829786
8257,0.8266,10,21,10,590601,15009,98785,9171,0.1390288636111008,0.3792803970223325
8258,0.8267,9,17,9,590618,14992,98794,9162,0.1388713920486124,0.3793160553117496
8259,0.8268,6,10,6,590628,14982,98800,9156,0.13877876171773684,0.3793189162316679
8260,0.8269,8,19,8,590647,14963,98808,9148,0.13860276408907332,0.37941188669072207
8261,0.827,10,29,10,590676,14934,98818,9138,0.13833413612953424,0.37961116650049853
8262,0.8271,7,19,7,590695,14915,98825,9131,0.13815813850087072,0.37973051651002243
8263,0.8272,11,10,11,590705,14905,98836,9120,0.1380655081699952,0.3796045785639958
8264,0.8273,9,14,9,590719,14891,98845,9111,0.13793582570676943,0.3795933672193984
8265,0.8274,6,30,6,590749,14861,98851,9105,0.1376579347141428,0.3799132103813736
8266,0.8275,6,21,6,590770,14840,98857,9099,0.13746341101930415,0.38009106478967375
8267,0.8276,6,16,6,590786,14824,98863,9093,0.13731520248990328,0.3801898231383535
8268,0.8277,15,28,15,590814,14796,98878,9078,0.13705583756345177,0.38024629303845187
8269,0.8278,9,32,9,590846,14764,98887,9069,0.13675942050465004,0.38052280451474846
8270,0.8279,15,16,15,590862,14748,98902,9054,0.13661121197524917,0.3803882026720444
8271,0.828,14,26,14,590888,14722,98916,9040,0.13637037311497277,0.3804393569564851
8272,0.8281,10,11,10,590899,14711,98926,9030,0.13626847975100967,0.3803546607135336
8273,0.8282,6,23,6,590922,14688,98932,9024,0.13605542998999592,0.3805668016194332
8274,0.8283,7,21,7,590943,14667,98939,9017,0.1358609062951573,0.3807211619658841
8275,0.8284,10,10,10,590953,14657,98949,9007,0.13576827596428173,0.38062035158891144
8276,0.8285,5,35,5,590988,14622,98954,9002,0.13544406980621734,0.3810531662715882
8277,0.8286,5,11,5,590999,14611,98959,8997,0.13534217644225424,0.3810996272450017
8278,0.8287,9,19,9,591018,14592,98968,8988,0.13516617881359072,0.3811704834605598
8279,0.8288,9,21,9,591039,14571,98977,8979,0.1349716551187521,0.3812738853503185
8280,0.8289,11,18,11,591057,14553,98988,8968,0.1348049205231761,0.38127630627949494
8281,0.829,6,17,6,591074,14536,98994,8962,0.1346474489606877,0.38139416120520897
8282,0.8291,12,21,12,591095,14515,99006,8950,0.13445292526584904,0.3814191348817388
8283,0.8292,10,13,10,591108,14502,99016,8940,0.13433250583571085,0.3813667775787049
8284,0.8293,3,8,3,591116,14494,99019,8937,0.1342584015710104,0.3814177798642824
8285,0.8294,11,20,11,591136,14474,99030,8926,0.13407314090925931,0.38145299145299144
8286,0.8295,5,24,5,591160,14450,99035,8921,0.13385082811515803,0.38171237858884943
8287,0.8296,6,8,6,591168,14442,99041,8915,0.1337767238504576,0.3816842916470437
8288,0.8297,10,15,10,591183,14427,99051,8905,0.13363777835414428,0.3816646665523744
8289,0.8298,8,22,8,591205,14405,99059,8897,0.13343399162621808,0.3818127199382027
8290,0.8299,14,31,14,591236,14374,99073,8883,0.13314683760050391,0.3819495205744507
8291,0.83,16,27,16,591263,14347,99089,8867,0.13289673570713995,0.3819677780649608
8292,0.8301,13,14,13,591277,14333,99102,8854,0.1327670532439142,0.38185189977142364
8293,0.8302,11,22,11,591299,14311,99113,8843,0.132563266515988,0.3819210503584694
8294,0.8303,14,19,14,591318,14292,99127,8829,0.13238726888732447,0.38186064616582327
8295,0.8304,19,40,19,591358,14252,99146,8810,0.13201674756382228,0.38201370219408554
8296,0.8305,7,24,7,591382,14228,99153,8803,0.131794434769721,0.38222395901176676
8297,0.8306,12,25,12,591407,14203,99165,8791,0.13156285894253214,0.38231712620683656
8298,0.8307,8,11,8,591418,14192,99173,8783,0.13146096557856904,0.38228509249183895
8299,0.8308,3,24,3,591442,14168,99176,8780,0.13123865278446775,0.38260414850967406
8300,0.8309,5,12,5,591454,14156,99181,8775,0.1311274963874171,0.38266974837556145
8301,0.831,15,15,15,591469,14141,99196,8760,0.13098855089110378,0.38251604733417754
8302,0.8311,18,31,18,591500,14110,99214,8742,0.1307013968653896,0.38254857342902154
8303,0.8312,11,24,11,591524,14086,99225,8731,0.1304790840712883,0.3826532848314853
8304,0.8313,25,41,25,591565,14045,99250,8706,0.13009929971469858,0.3826644982638126
8305,0.8314,13,15,13,591580,14030,99263,8693,0.12996035421838525,0.38256392201733924
8306,0.8315,13,14,13,591594,14016,99276,8680,0.1298306717551595,0.3824462460345435
8307,0.8316,8,22,8,591616,13994,99284,8672,0.12962688502723332,0.38259948822024176
8308,0.8317,13,21,13,591637,13973,99297,8659,0.1294323613323947,0.38259985860728174
8309,0.8318,12,25,12,591662,13948,99309,8647,0.12920078550520583,0.38269528656782476
8310,0.8319,13,18,13,591680,13930,99322,8634,0.12903405090962985,0.3826449211132778
8311,0.832,15,17,15,591697,13913,99337,8619,0.12887657934714142,0.38252263447541274
8312,0.8321,9,18,9,591715,13895,99346,8610,0.12870984475156547,0.38258164852255055
8313,0.8322,2,20,2,591735,13875,99348,8608,0.12852458408981438,0.38286705510830404
8314,0.8323,3,15,3,591750,13860,99351,8605,0.12838563859350105,0.38304028488760294
8315,0.8324,15,17,15,591767,13843,99366,8590,0.12822816703101264,0.38291802255605584
8316,0.8325,5,17,5,591784,13826,99371,8585,0.1280706954685242,0.38307081343982863
8317,0.8326,10,15,10,591799,13811,99381,8575,0.1279317499722109,0.38305190744215134
8318,0.8327,16,32,16,591831,13779,99397,8559,0.12763533291340917,0.38315874294923447
8319,0.8328,8,15,8,591846,13764,99405,8551,0.12749638741709585,0.38319516020613936
8320,0.8329,9,25,9,591871,13739,99414,8542,0.127264811589907,0.3833759705578744
8321,0.833,6,22,6,591893,13717,99420,8536,0.12706102486198081,0.38358872960949086
8322,0.8331,22,43,22,591936,13674,99442,8514,0.12666271443921598,0.38372093023255816
8323,0.8332,18,28,18,591964,13646,99460,8496,0.12640334951276447,0.38370517568422
8324,0.8333,11,16,11,591980,13630,99471,8485,0.1262551409833636,0.38367623784761473
8325,0.8334,10,25,10,592005,13605,99481,8475,0.12602356515617474,0.38383152173913043
8326,0.8335,6,14,6,592019,13591,99487,8469,0.125893882692949,0.38390752493200364
8327,0.8336,15,26,15,592045,13565,99502,8454,0.12565304383267256,0.3839411417412235
8328,0.8337,23,26,23,592071,13539,99525,8431,0.12541220497239616,0.38375056895766957
8329,0.8338,6,21,6,592092,13518,99531,8425,0.12521768127755753,0.3839493232465934
8330,0.8339,1,14,1,592106,13504,99532,8424,0.12508799881433177,0.3841663626413718
8331,0.834,14,30,14,592136,13474,99546,8410,0.12481010782170514,0.3842990312557119
8332,0.8341,19,10,19,592146,13464,99565,8391,0.12471747749082959,0.383939601921757
8333,0.8342,6,27,6,592173,13437,99571,8385,0.12446737559746564,0.384245257080011
8334,0.8343,6,19,6,592192,13418,99577,8379,0.1242913779688021,0.3844106987200073
8335,0.8344,9,22,9,592214,13396,99586,8370,0.12408759124087591,0.3845447027474042
8336,0.8345,12,20,12,592234,13376,99598,8358,0.12390233057912482,0.3845587558663845
8337,0.8346,9,31,9,592265,13345,99607,8349,0.12361517655341064,0.38485295473402786
8338,0.8347,10,16,10,592281,13329,99617,8339,0.12346696802400978,0.38485323980062763
8339,0.8348,8,21,8,592302,13308,99625,8331,0.12327244432917114,0.3849993068071538
8340,0.8349,17,36,17,592338,13272,99642,8314,0.1229389751380192,0.38515704623367
8341,0.835,7,8,7,592346,13264,99649,8307,0.12286487087331877,0.3851003662324417
8342,0.8351,9,23,9,592369,13241,99658,8298,0.122651821112305,0.385254654347927
8343,0.8352,21,28,21,592397,13213,99679,8277,0.1223924561858535,0.38515588645881804
8344,0.8353,3,10,3,592407,13203,99682,8274,0.12229982585497795,0.3852493364995111
8345,0.8354,8,16,8,592423,13187,99690,8266,0.12215161732557708,0.3853074162121848
8346,0.8355,8,14,8,592437,13173,99698,8258,0.12202193486235133,0.3853296626382343
8347,0.8356,14,26,14,592463,13147,99712,8244,0.12178109600207492,0.3853957271749801
8348,0.8357,8,24,8,592487,13123,99720,8236,0.12155878320797361,0.3855985767123929
8349,0.8358,11,21,11,592508,13102,99731,8225,0.12136425951313498,0.3856613682186899
8350,0.8359,7,20,7,592528,13082,99738,8218,0.1211789988513839,0.3858215962441315
8351,0.836,1,16,1,592544,13066,99739,8217,0.12103079032198304,0.38608278908048677
8352,0.8361,6,14,6,592558,13052,99745,8211,0.12090110785875727,0.3861637586417721
8353,0.8362,11,30,11,592588,13022,99756,8200,0.12062321686613064,0.38639148053906325
8354,0.8363,5,10,5,592598,13012,99761,8195,0.1205305865352551,0.38642900928938556
8355,0.8364,1,10,1,592608,13002,99762,8194,0.12043795620437957,0.3865823740328364
8356,0.8365,8,18,8,592626,12984,99770,8186,0.12027122160880359,0.38667926310817197
8357,0.8366,5,15,5,592641,12969,99775,8181,0.12013227611249028,0.38680851063829785
8358,0.8367,14,12,14,592653,12957,99789,8167,0.12002111971543962,0.38662185192198445
8359,0.8368,14,13,14,592666,12944,99803,8153,0.11990070028530142,0.38645305019671045
8360,0.8369,13,27,13,592693,12917,99816,8140,0.11965059839193745,0.38656978676924536
8361,0.837,8,19,8,592712,12898,99824,8132,0.11947460076327393,0.38668568711364715
8362,0.8371,10,16,10,592728,12882,99834,8122,0.11932639223387306,0.38668824985717004
8363,0.8372,1,3,1,592731,12879,99835,8121,0.1192986031346104,0.38671428571428573
8364,0.8373,2,10,2,592741,12869,99837,8119,0.11920597280373485,0.38684009910425005
8365,0.8374,5,10,5,592751,12859,99842,8114,0.11911334247285932,0.38687836742478426
8366,0.8375,17,49,17,592800,12810,99859,8097,0.11865945385156916,0.3872865547424308
8367,0.8376,6,11,6,592811,12799,99865,8091,0.11855756048760606,0.38731450454763044
8368,0.8377,4,22,4,592833,12777,99869,8087,0.11835377375967987,0.3876054447852761
8369,0.8378,2,4,2,592837,12773,99871,8085,0.11831672162732965,0.387621056668904
8370,0.8379,13,39,13,592876,12734,99884,8072,0.11795546333691503,0.38796501009324236
8371,0.838,5,5,5,592881,12729,99889,8067,0.11790914817147727,0.3879111367570687
8372,0.8381,4,20,4,592901,12709,99893,8063,0.11772388750972619,0.38816676295012514
8373,0.8382,15,22,15,592923,12687,99908,8048,0.11752010078179999,0.38813600192910536
8374,0.8383,12,15,12,592938,12672,99920,8036,0.11738115528548668,0.38806258450840253
8375,0.8384,16,36,16,592974,12636,99936,8020,0.11704768609433473,0.38826491092176607
8376,0.8385,16,34,16,593008,12602,99952,8004,0.11673274296935789,0.3884305542075124
8377,0.8386,4,16,4,593024,12586,99956,8000,0.11658453443995702,0.3886136209074128
8378,0.8387,1,5,1,593029,12581,99957,7999,0.11653821927451925,0.3886783284742468
8379,0.8388,9,12,9,593041,12569,99966,7990,0.1164270628774686,0.3886375796488156
8380,0.8389,11,17,11,593058,12552,99977,7979,0.11626959131498017,0.38863182504505384
8381,0.839,18,34,18,593092,12518,99995,7961,0.11595464819000334,0.3887396845549099
8382,0.8391,10,11,10,593103,12507,100005,7951,0.11585275482604024,0.38864991690292305
8383,0.8392,10,25,10,593128,12482,100015,7941,0.11562117899885138,0.3888263232629878
8384,0.8393,3,13,3,593141,12469,100018,7938,0.11550075956871318,0.38898417209780956
8385,0.8394,16,20,16,593161,12449,100034,7922,0.11531549890696209,0.38888616170045653
8386,0.8395,5,21,5,593182,12428,100039,7917,0.11512097521212346,0.3891373801916933
8387,0.8396,7,24,7,593206,12404,100046,7910,0.11489866241802216,0.3893866299104066
8388,0.8397,6,10,6,593216,12394,100052,7904,0.11480603208714661,0.38939797024337375
8389,0.8398,15,27,15,593243,12367,100067,7889,0.11455593019378266,0.38946484992101105
8390,0.8399,11,27,11,593270,12340,100078,7878,0.11430582830041869,0.38965278464734393
8391,0.84,11,21,11,593291,12319,100089,7867,0.11411130460558006,0.38972555236302386
8392,0.8401,6,19,6,593310,12300,100095,7861,0.11393530697691652,0.389911214721492
8393,0.8402,5,16,5,593326,12284,100100,7856,0.11378709844751565,0.3900695134061569
8394,0.8403,6,17,6,593343,12267,100106,7850,0.11362962688502723,0.3902172292091266
8395,0.8404,9,8,9,593351,12259,100115,7841,0.1135555226203268,0.3900995024875622
8396,0.8405,3,14,3,593365,12245,100118,7838,0.11342584015710104,0.39028033660309713
8397,0.8406,7,11,7,593376,12234,100125,7831,0.11332394679313794,0.39028158484923997
8398,0.8407,7,21,7,593397,12213,100132,7824,0.1131294230982993,0.3904776164096422
8399,0.8408,8,11,8,593408,12202,100140,7816,0.1130275297343362,0.390448596263363
8400,0.8409,8,18,8,593426,12184,100148,7808,0.11286079513876024,0.3905562224889956
8401,0.841,8,12,8,593438,12172,100156,7800,0.11274963874170958,0.39054676547166034
8402,0.8411,6,10,6,593448,12162,100162,7794,0.11265700841083405,0.39055923030667467
8403,0.8412,9,16,9,593464,12146,100171,7785,0.11250879988143318,0.39059756158747677
8404,0.8413,9,21,9,593485,12125,100180,7776,0.11231427618659454,0.39073413396311746
8405,0.8414,12,12,12,593497,12113,100192,7764,0.11220311978954389,0.39060220355184383
8406,0.8415,9,12,9,593509,12101,100201,7755,0.11209196339249324,0.3905620467365028
8407,0.8416,5,19,5,593528,12082,100206,7750,0.11191596576382971,0.3907825736183945
8408,0.8417,4,15,4,593543,12067,100210,7746,0.11177702026751639,0.3909554333013678
8409,0.8418,6,9,6,593552,12058,100216,7740,0.11169365296972841,0.3909485806647136
8410,0.8419,4,5,4,593557,12053,100220,7736,0.11164733780429063,0.39092425084642984
8411,0.842,5,13,5,593570,12040,100225,7731,0.11152691837415243,0.39102726215163625
8412,0.8421,9,12,9,593582,12028,100234,7722,0.11141576197710178,0.3909873417721519
8413,0.8422,12,20,12,593602,12008,100246,7710,0.1112305013153507,0.39101328735165836
8414,0.8423,3,18,3,593620,11990,100249,7707,0.11106376671977472,0.39127785957252376
8415,0.8424,4,13,4,593633,11977,100253,7703,0.11094334728963652,0.39141260162601627
8416,0.8425,14,24,14,593657,11953,100267,7689,0.11072103449553522,0.39145708176356786
8417,0.8426,6,17,6,593674,11936,100273,7683,0.1105635629330468,0.39161017381110147
8418,0.8427,14,28,14,593702,11908,100287,7669,0.11030419800659529,0.39173519946876434
8419,0.8428,16,20,16,593722,11888,100303,7653,0.1101189373448442,0.39163809426334373
8420,0.8429,5,9,5,593731,11879,100308,7648,0.1100355700470562,0.3916628258309008
8421,0.843,10,18,10,593749,11861,100318,7638,0.10986883545148023,0.3917123955074619
8422,0.8431,9,14,9,593763,11847,100327,7629,0.10973915298825447,0.3917128773875539
8423,0.8432,4,14,4,593777,11833,100331,7625,0.10960947052502872,0.391869668002878
8424,0.8433,10,13,10,593790,11820,100341,7615,0.10948905109489052,0.39181888345767946
8425,0.8434,7,24,7,593814,11796,100348,7608,0.10926673830078922,0.39208410636982066
8426,0.8435,8,7,8,593821,11789,100356,7600,0.10920189706917634,0.3919748310897932
8427,0.8436,11,30,11,593851,11759,100367,7589,0.1089240060765497,0.39223692371304525
8428,0.8437,5,13,5,593864,11746,100372,7584,0.1088035866464115,0.3923435075012933
8429,0.8438,16,24,16,593888,11722,100388,7568,0.1085812738523102,0.39232763089683775
8430,0.8439,10,14,10,593902,11708,100398,7558,0.10845159138908445,0.39229731132565143
8431,0.844,11,22,11,593924,11686,100409,7547,0.10824780466115826,0.39239848177611397
8432,0.8441,5,19,5,593943,11667,100414,7542,0.10807180703249472,0.39262845541152586
8433,0.8442,11,24,11,593967,11643,100425,7531,0.10784949423839342,0.3927714613539168
8434,0.8443,11,20,11,593987,11623,100436,7520,0.10766423357664233,0.3928328893067962
8435,0.8444,7,21,7,594008,11602,100443,7513,0.1074697098818037,0.39304211352341095
8436,0.8445,10,18,10,594026,11584,100453,7503,0.10730297528622772,0.39309477654948394
8437,0.8446,12,17,12,594043,11567,100465,7491,0.10714550372373931,0.3930632805121209
8438,0.8447,4,12,4,594055,11555,100469,7487,0.10703434732668865,0.39318348912929313
8439,0.8448,12,12,12,594067,11543,100481,7475,0.106923190929638,0.39304869071406034
8440,0.8449,8,12,8,594079,11531,100489,7467,0.10681203453258735,0.3930413727760817
8441,0.845,14,20,14,594099,11511,100503,7453,0.10662677387083627,0.3930078042607045
8442,0.8451,3,21,3,594120,11490,100506,7450,0.10643225017599763,0.39334741288278774
8443,0.8452,10,21,10,594141,11469,100516,7440,0.10623772648115899,0.3934634301126448
8444,0.8453,11,24,11,594165,11445,100527,7429,0.10601541368705769,0.39361025749708595
8445,0.8454,3,10,3,594175,11435,100530,7426,0.10592278335618215,0.3937224961560893
8446,0.8455,5,15,5,594190,11420,100535,7421,0.10578383785986883,0.3938750597102065
8447,0.8456,9,12,9,594202,11408,100544,7412,0.10567268146281819,0.393836344314559
8448,0.8457,7,29,7,594231,11379,100551,7405,0.10540405350327911,0.39421848381601365
8449,0.8458,5,11,5,594242,11368,100556,7400,0.10530216013931602,0.39428815004262574
8450,0.8459,5,15,5,594257,11353,100561,7395,0.10516321464300271,0.3944420738212076
8451,0.846,13,12,13,594269,11341,100574,7382,0.10505205824595205,0.39427442183410777
8452,0.8461,1,7,1,594276,11334,100575,7381,0.10498721701433918,0.3943895271172856
8453,0.8462,10,13,10,594289,11321,100585,7371,0.10486679758420098,0.39433982452386046
8454,0.8463,4,17,4,594306,11304,100589,7367,0.10470932602171255,0.39456911788334853
8455,0.8464,13,19,13,594325,11285,100602,7354,0.10453332839304902,0.39454906379097593
8456,0.8465,5,21,5,594346,11264,100607,7349,0.10433880469821039,0.3948315693332617
8457,0.8466,3,11,3,594357,11253,100610,7346,0.10423691133424728,0.39496747136942845
8458,0.8467,13,38,13,594395,11215,100623,7333,0.10388491607692023,0.3953525986629286
8459,0.8468,10,19,10,594414,11196,100633,7323,0.10370891844825669,0.39543171877531186
8460,0.8469,5,7,5,594421,11189,100638,7318,0.10364407721664382,0.39541794996487817
8461,0.847,7,17,7,594438,11172,100645,7311,0.10348660565415539,0.39555267002110045
8462,0.8471,3,13,3,594451,11159,100648,7308,0.10336618622401719,0.39573292900850165
8463,0.8472,12,9,12,594460,11150,100660,7296,0.1032828189262292,0.3955329068632766
8464,0.8473,4,10,4,594470,11140,100664,7292,0.10319018859535366,0.3956163194444444
8465,0.8474,4,11,4,594481,11129,100668,7288,0.10308829523139057,0.3957213444100559
8466,0.8475,8,25,8,594506,11104,100676,7280,0.10285671940420171,0.39599651871192343
8467,0.8476,13,35,13,594541,11069,100689,7267,0.10253251324613731,0.39632417102966844
8468,0.8477,8,20,8,594561,11049,100697,7259,0.10234725258438623,0.3964933362464496
8469,0.8478,8,26,8,594587,11023,100705,7251,0.10210641372410982,0.39679325818102223
8470,0.8479,22,30,22,594617,10993,100727,7229,0.1018285227314832,0.3967182526616178
8471,0.848,6,15,6,594632,10978,100733,7223,0.10168957723516989,0.39684632712488327
8472,0.8481,12,11,12,594643,10967,100745,7211,0.10158768387120679,0.3966883045439542
8473,0.8482,1,7,1,594650,10960,100746,7210,0.10152284263959391,0.3968079251513484
8474,0.8483,10,17,10,594667,10943,100756,7200,0.10136537107710548,0.39684726891914235
8475,0.8484,13,22,13,594689,10921,100769,7187,0.1011615843491793,0.39689639938148885
8476,0.8485,5,19,5,594708,10902,100774,7182,0.10098558672051576,0.3971466489714665
8477,0.8486,10,21,10,594729,10881,100784,7172,0.10079106302567713,0.3972746911870603
8478,0.8487,10,19,10,594748,10862,100794,7162,0.10061506539701359,0.3973590767865069
8479,0.8488,5,14,5,594762,10848,100799,7157,0.10048538293378784,0.3975006942515968
8480,0.8489,3,16,3,594778,10832,100802,7154,0.10033717440438697,0.397753808517736
8481,0.849,12,14,12,594792,10818,100814,7142,0.10020749194116121,0.39766146993318485
8482,0.8491,12,14,12,594806,10804,100826,7130,0.10007780947793546,0.3975688636110182
8483,0.8492,14,12,14,594818,10792,100840,7116,0.0999666530808848,0.39736430645521553
8484,0.8493,6,2,6,594820,10790,100846,7110,0.0999481270147097,0.3972067039106145
8485,0.8494,5,21,5,594841,10769,100851,7105,0.09975360331987106,0.3975047555107978
8486,0.8495,3,14,3,594855,10755,100854,7102,0.0996239208566453,0.39771518172145376
8487,0.8496,18,18,18,594873,10737,100872,7084,0.09945718626106932,0.3975085573200157
8488,0.8497,16,27,16,594900,10710,100888,7068,0.09920708436770537,0.3975700303746203
8489,0.8498,16,30,16,594930,10680,100904,7052,0.09892919337507873,0.39769907511842995
8490,0.8499,11,13,11,594943,10667,100915,7041,0.09880877394494053,0.39761689631804836
8491,0.85,11,30,11,594973,10637,100926,7030,0.09853088295231391,0.39791702043357674
8492,0.8501,3,12,3,594985,10625,100929,7027,0.09841972655526325,0.3980852028098799
8493,0.8502,5,8,5,594993,10617,100934,7022,0.09834562229056282,0.3980951301094166
8494,0.8503,7,15,7,595008,10602,100941,7015,0.0982066767942495,0.39819492535619005
8495,0.8504,15,20,15,595028,10582,100956,7000,0.09802141613249843,0.39813445569332273
8496,0.8505,6,13,6,595041,10569,100962,6994,0.09790099670236022,0.3982235381199112
8497,0.8506,7,21,7,595062,10548,100969,6987,0.09770647300752158,0.3984602224123182
8498,0.8507,9,11,9,595073,10537,100978,6978,0.09760457964355848,0.39840137025406797
8499,0.8508,7,35,7,595108,10502,100985,6971,0.09728037348549409,0.3989583929491215
8500,0.8509,12,18,12,595126,10484,100997,6959,0.09711363888991811,0.3989566015020352
8501,0.851,7,16,7,595142,10468,101004,6952,0.09696543036051725,0.39908151549942594
8502,0.8511,15,21,15,595163,10447,101019,6937,0.09677090666567861,0.39904509894155543
8503,0.8512,11,21,11,595184,10426,101030,6926,0.09657638297083997,0.39914707238358693
8504,0.8513,11,24,11,595208,10402,101041,6915,0.09635407017673867,0.39931858867009296
8505,0.8514,14,18,14,595226,10384,101055,6901,0.0961873355811627,0.39924790280590106
8506,0.8515,17,25,17,595251,10359,101072,6884,0.09595575975397384,0.3992344719596358
8507,0.8516,12,34,12,595285,10325,101084,6872,0.095640816628997,0.39960458219456885
8508,0.8517,9,22,9,595307,10303,101093,6863,0.09543702990107081,0.3998019340556915
8509,0.8518,6,15,6,595322,10288,101099,6857,0.0952980844047575,0.399941673957422
8510,0.8519,15,20,15,595342,10268,101114,6842,0.0951128237430064,0.39988310929281123
8511,0.852,5,15,5,595357,10253,101119,6837,0.0949738782466931,0.4000585137507314
8512,0.8521,5,15,5,595372,10238,101124,6832,0.09483493275037978,0.40023432923257174
8513,0.8522,0,5,0,595377,10233,101124,6832,0.09478861758494202,0.4003515968356285
8514,0.8523,10,24,10,595401,10209,101134,6822,0.09456630479084072,0.4005636779989431
8515,0.8524,14,23,14,595424,10186,101148,6808,0.09435325502982697,0.4006119806990703
8516,0.8525,9,20,9,595444,10166,101157,6799,0.09416799436807588,0.40076628352490423
8517,0.8526,10,9,10,595453,10157,101167,6789,0.09408462707028789,0.4006255163460404
8518,0.8527,17,31,17,595484,10126,101184,6772,0.09379747304457371,0.40075748609302875
8519,0.8528,18,20,18,595504,10106,101202,6754,0.09361221238282263,0.4005931198102017
8520,0.8529,6,13,6,595517,10093,101208,6748,0.09349179295268442,0.40068879520218514
8521,0.853,6,13,6,595530,10080,101214,6742,0.09337137352254622,0.40078468671977174
8522,0.8531,10,16,10,595546,10064,101224,6732,0.09322316499314535,0.4008097165991903
8523,0.8532,15,20,15,595566,10044,101239,6717,0.09303790433139428,0.40075174512260603
8524,0.8533,8,27,8,595593,10017,101247,6709,0.09278780243803031,0.4011120411335645
8525,0.8534,10,16,10,595609,10001,101257,6699,0.09263959390862944,0.4011377245508982
8526,0.8535,10,18,10,595627,9983,101267,6689,0.09247285931305346,0.4012116122840691
8527,0.8536,10,15,10,595642,9968,101277,6679,0.09233391381674015,0.4012134318495825
8528,0.8537,6,9,6,595651,9959,101283,6673,0.09225054651895216,0.4012145262145262
8529,0.8538,7,15,7,595666,9944,101290,6666,0.09211160102263885,0.4013245033112583
8530,0.8539,6,13,6,595679,9931,101296,6660,0.09199118159250065,0.40142245795913445
8531,0.854,6,17,6,595696,9914,101302,6654,0.09183371003001223,0.4016175760502173
8532,0.8541,3,4,3,595700,9910,101305,6651,0.091796657897662,0.4016061832014975
8533,0.8542,19,28,19,595728,9882,101324,6632,0.0915372929712105,0.40159864357514835
8534,0.8543,10,28,10,595756,9854,101334,6622,0.09127792804475898,0.4019179412478757
8535,0.8544,7,5,7,595761,9849,101341,6615,0.0912316128793212,0.4017857142857143
8536,0.8545,9,35,9,595796,9814,101350,6606,0.09090740672125681,0.4023142509135201
8537,0.8546,8,17,8,595813,9797,101358,6598,0.09074993515876839,0.40243976822201893
8538,0.8547,17,12,17,595825,9785,101375,6581,0.09063877876171773,0.40211413906880117
8539,0.8548,4,16,4,595841,9769,101379,6577,0.09049057023231687,0.402361433989967
8540,0.8549,15,26,15,595867,9743,101394,6562,0.09024973137204047,0.4024532352039252
8541,0.855,10,17,10,595884,9726,101404,6552,0.09009225980955204,0.402506450423885
8542,0.8551,6,20,6,595904,9706,101410,6546,0.08990699914780095,0.40278119616047253
8543,0.8552,4,21,4,595925,9685,101414,6542,0.08971247545296232,0.40315523510199053
8544,0.8553,9,19,9,595944,9666,101423,6533,0.08953647782429879,0.4032964997839373
8545,0.8554,5,11,5,595955,9655,101428,6528,0.0894345844603357,0.4033862695421121
8546,0.8555,9,18,9,595973,9637,101437,6519,0.08926784986475972,0.403503342411488
8547,0.8556,6,9,6,595982,9628,101443,6513,0.08918448256697173,0.4035065981042067
8548,0.8557,3,12,3,595994,9616,101446,6510,0.08907332616992109,0.4036958948282277
8549,0.8558,3,15,3,596009,9601,101449,6507,0.08893438067360776,0.4039607648373479
8550,0.8559,16,30,16,596039,9571,101465,6491,0.08865648968098114,0.404121529074835
8551,0.856,18,28,18,596067,9543,101483,6473,0.08839712475452963,0.40415834165834164
8552,0.8561,9,19,9,596086,9524,101492,6464,0.08822112712586609,0.4043032274205654
8553,0.8562,8,13,8,596099,9511,101500,6456,0.08810070769572789,0.40433393874866913
8554,0.8563,13,23,13,596122,9488,101513,6443,0.08788765793471415,0.40443161132383404
8555,0.8564,8,16,8,596138,9472,101521,6435,0.08773944940531328,0.40453888225309614
8556,0.8565,14,31,14,596169,9441,101535,6421,0.0874522953795991,0.4048039339301475
8557,0.8566,10,12,10,596181,9429,101545,6411,0.08734113898254844,0.4047348484848485
8558,0.8567,7,10,7,596191,9419,101552,6404,0.0872485086516729,0.40472729570877836
8559,0.8568,7,6,7,596197,9413,101559,6397,0.08719293045314758,0.40461733080328904
8560,0.8569,10,25,10,596222,9388,101569,6387,0.08696135462595872,0.4048811410459588
8561,0.857,11,14,11,596236,9374,101580,6376,0.08683167216273296,0.4048253968253968
8562,0.8571,9,12,9,596248,9362,101589,6367,0.08672051576568232,0.40479369317820585
8563,0.8572,7,21,7,596269,9341,101596,6360,0.08652599207084367,0.40506974078084196
8564,0.8573,13,18,13,596287,9323,101609,6347,0.0863592574752677,0.40504148053605615
8565,0.8574,6,14,6,596301,9309,101615,6341,0.08622957501204194,0.40517571884984027
8566,0.8575,10,21,10,596322,9288,101625,6331,0.0860350513172033,0.4053396504257635
8567,0.8576,6,16,6,596338,9272,101631,6325,0.08588684278780244,0.40552670385330514
8568,0.8577,17,24,17,596362,9248,101648,6308,0.08566452999370114,0.40550269992285937
8569,0.8578,8,18,8,596380,9230,101656,6300,0.08549779539812516,0.40566645202833224
8570,0.8579,8,18,8,596398,9212,101664,6292,0.08533106080254918,0.4058307533539732
8571,0.858,6,6,6,596404,9206,101670,6286,0.08527548260402386,0.40575781048282983
8572,0.8581,6,6,6,596410,9200,101676,6280,0.08521990440549854,0.40568475452196384
8573,0.8582,10,18,10,596428,9182,101686,6270,0.08505316980992256,0.40577271550608335
8574,0.8583,6,12,6,596440,9170,101692,6264,0.08494201341287191,0.405857198393158
8575,0.8584,9,18,9,596458,9152,101701,6255,0.08477527881729593,0.4059842928538976
8576,0.8585,5,17,5,596475,9135,101706,6250,0.08461780725480751,0.4062398440038999
8577,0.8586,8,18,8,596493,9117,101714,6242,0.08445107265923153,0.4064066671007227
8578,0.8587,12,10,12,596503,9107,101726,6230,0.084358442328356,0.4062072113190324
8579,0.8588,8,10,8,596513,9097,101734,6222,0.08426581199748046,0.4061622821332985
8580,0.8589,6,18,6,596531,9079,101740,6216,0.08409907740190448,0.4064073226544622
8581,0.859,5,10,5,596541,9069,101745,6211,0.08400644707102894,0.40647905759162306
8582,0.8591,4,13,4,596554,9056,101749,6207,0.08388602764089073,0.4066697241695604
8583,0.8592,16,23,16,596577,9033,101765,6191,0.08367297787987699,0.4066605359957961
8584,0.8593,10,19,10,596596,9014,101775,6181,0.08349698025121345,0.40677854557420207
8585,0.8594,8,20,8,596616,8994,101783,6173,0.08331171958946237,0.4070020439111228
8586,0.8595,8,17,8,596633,8977,101791,6165,0.08315424802697395,0.4071456874917448
8587,0.8596,7,8,7,596641,8969,101798,6158,0.08308014376227352,0.4070866662259536
8588,0.8597,14,16,14,596657,8953,101812,6144,0.08293193523287265,0.40696827184208784
8589,0.8598,10,9,10,596666,8944,101822,6134,0.08284856793508466,0.40681788035548483
8590,0.8599,8,10,8,596676,8934,101830,6126,0.08275593760420913,0.40677290836653385
8591,0.86,12,26,12,596702,8908,101842,6114,0.08251509874393272,0.407003062175476
8592,0.8601,10,21,10,596723,8887,101852,6104,0.08232057504909407,0.40717763991728373
8593,0.8602,14,19,14,596742,8868,101866,6090,0.08214457742043055,0.4071399919775371
8594,0.8603,7,17,7,596759,8851,101873,6083,0.08198710585794212,0.4073255658229543
8595,0.8604,3,4,3,596763,8847,101876,6080,0.0819500537255919,0.40731560259931665
8596,0.8605,13,23,13,596786,8824,101889,6067,0.08173700396457816,0.4074273050836075
8597,0.8606,4,14,4,596800,8810,101893,6063,0.0816073215013524,0.4076514489343105
8598,0.8607,9,18,9,596818,8792,101902,6054,0.08144058690577642,0.40778660918765997
8599,0.8608,10,19,10,596837,8773,101912,6044,0.0812645892771129,0.4079098332995883
8600,0.8609,10,23,10,596860,8750,101922,6034,0.08105153951609916,0.4081439393939394
8601,0.861,5,9,5,596869,8741,101927,6029,0.08096817221831117,0.4081922816519973
8602,0.8611,2,5,2,596874,8736,101929,6027,0.08092185705287339,0.40825035561877665
8603,0.8612,10,7,10,596881,8729,101939,6017,0.08085701582126051,0.4080428590804286
8604,0.8613,6,16,6,596897,8713,101945,6011,0.08070880729185964,0.4082450421081228
8605,0.8614,1,8,1,596905,8705,101946,6010,0.08063470302715921,0.4084267753992525
8606,0.8615,13,13,13,596918,8692,101959,5997,0.08051428359702101,0.4082646878616652
8607,0.8616,6,7,6,596925,8685,101965,5991,0.08044944236540813,0.4082174979558463
8608,0.8617,3,9,3,596934,8676,101968,5988,0.08036607506762014,0.4083469721767594
8609,0.8618,7,13,7,596947,8663,101975,5981,0.08024565563748194,0.4084266593826823
8610,0.8619,10,12,10,596959,8651,101985,5971,0.08013449924043128,0.40835726986732324
8611,0.862,4,14,4,596973,8637,101989,5967,0.08000481677720553,0.40858668857847164
8612,0.8621,3,6,3,596979,8631,101992,5964,0.0799492385786802,0.40863309352517985
8613,0.8622,7,16,7,596995,8615,101999,5957,0.07980103004927934,0.4087976942080703
8614,0.8623,8,12,8,597007,8603,102007,5949,0.07968987365222868,0.40880978559648157
8615,0.8624,2,6,2,597013,8597,102009,5947,0.07963429545370336,0.4088971397139714
8616,0.8625,9,20,9,597033,8577,102018,5938,0.07944903479195228,0.4090940406476059
8617,0.8626,6,12,6,597045,8565,102024,5932,0.07933787839490163,0.40918810788438986
8618,0.8627,7,12,7,597057,8553,102031,5925,0.07922672199785098,0.4092416079569001
8619,0.8628,7,29,7,597086,8524,102038,5918,0.0789580940383119,0.40977703919124775
8620,0.8629,9,20,9,597106,8504,102047,5909,0.07877283337656082,0.4099771040033303
8621,0.863,6,23,6,597129,8481,102053,5903,0.07855978361554708,0.4103865406006674
8622,0.8631,3,15,3,597144,8466,102056,5900,0.07842083811923377,0.41069191145760825
8623,0.8632,6,8,6,597152,8458,102062,5894,0.07834673385453333,0.41067447045707917
8624,0.8633,14,14,14,597166,8444,102076,5880,0.07821705139130757,0.41049986037419717
8625,0.8634,3,7,3,597173,8437,102079,5877,0.07815221015969469,0.4105770574262959
8626,0.8635,14,21,14,597194,8416,102093,5863,0.07795768646485605,0.41060298340219903
8627,0.8636,8,14,8,597208,8402,102101,5855,0.0778280040016303,0.41067545766991653
8628,0.8637,16,12,16,597220,8390,102117,5839,0.07771684760457964,0.4103591257291447
8629,0.8638,13,34,13,597254,8356,102130,5826,0.0774019044796028,0.4108024256099281
8630,0.8639,4,7,4,597261,8349,102134,5822,0.07733706324798992,0.41083903747089123
8631,0.864,5,14,5,597275,8335,102139,5817,0.07720738078476416,0.41103730921424536
8632,0.8641,8,35,8,597310,8300,102147,5809,0.07688317462669976,0.4117230136792118
8633,0.8642,13,16,13,597326,8284,102160,5796,0.07673496609729889,0.41164772727272725
8634,0.8643,7,12,7,597338,8272,102167,5789,0.07662380970024825,0.4117061375435602
8635,0.8644,5,8,5,597346,8264,102172,5784,0.07654970543554782,0.41173120728929385
8636,0.8645,6,10,6,597356,8254,102178,5778,0.07645707510467227,0.41177309007981755
8637,0.8646,5,7,5,597363,8247,102183,5773,0.07639223387305939,0.4117689015691869
8638,0.8647,6,9,6,597372,8238,102189,5767,0.0763088665752714,0.411781506604784
8639,0.8648,7,14,7,597386,8224,102196,5760,0.07617918411204565,0.41189931350114417
8640,0.8649,8,11,8,597397,8213,102204,5752,0.07607729074808255,0.41188686000716074
8641,0.865,8,19,8,597416,8194,102212,5744,0.07590129311941902,0.4121107762950208
8642,0.8651,8,11,8,597427,8183,102220,5736,0.07579939975545592,0.41209857029959046
8643,0.8652,18,30,18,597457,8153,102238,5718,0.0755215087628293,0.4122269483094225
8644,0.8653,3,7,3,597464,8146,102241,5715,0.07545666753121642,0.4123079142918981
8645,0.8654,13,23,13,597487,8123,102254,5702,0.07524361777020268,0.41244122965641955
8646,0.8655,6,10,6,597497,8113,102260,5696,0.07515098743932713,0.4124846114852632
8647,0.8656,3,12,3,597509,8101,102263,5693,0.07503983104227649,0.41271567348122373
8648,0.8657,14,16,14,597525,8085,102277,5679,0.07489162251287562,0.41259808195292064
8649,0.8658,8,14,8,597539,8071,102285,5671,0.07476194004964985,0.4126764663076699
8650,0.8659,9,12,9,597551,8059,102294,5662,0.07465078365259921,0.41265213905692005
8651,0.866,0,10,0,597561,8049,102294,5662,0.07455815332172366,0.41295310334767704
8652,0.8661,19,20,19,597581,8029,102313,5643,0.07437289265997259,0.41274136922176713
8653,0.8662,4,10,4,597591,8019,102317,5639,0.07428026232909704,0.4128715770976717
8654,0.8663,8,22,8,597613,7997,102325,5631,0.07407647560117085,0.4131934253008512
8655,0.8664,3,10,3,597623,7987,102328,5628,0.0739838452702953,0.4133676092544987
8656,0.8665,5,31,5,597654,7956,102333,5623,0.07369669124458113,0.41409529420428604
8657,0.8666,10,28,10,597682,7928,102343,5613,0.0734373263181296,0.41451886862122445
8658,0.8667,9,15,9,597697,7913,102352,5604,0.07329838082181629,0.4145890360287046
8659,0.8668,12,27,12,597724,7886,102364,5592,0.07304827892845234,0.4148983528713459
8660,0.8669,4,2,4,597726,7884,102368,5588,0.07302975286227723,0.41478622327790976
8661,0.867,10,19,10,597745,7865,102378,5578,0.07285375523361369,0.4149371420069925
8662,0.8671,9,15,9,597760,7850,102387,5569,0.07271480973730038,0.4150085699381474
8663,0.8672,4,7,4,597767,7843,102391,5565,0.0726499685056875,0.41505071599045346
8664,0.8673,6,20,6,597787,7823,102397,5559,0.07246470784393642,0.4154087580331789
8665,0.8674,5,11,5,597798,7812,102402,5554,0.07236281447997332,0.41553194673051025
8666,0.8675,6,7,6,597805,7805,102408,5548,0.07229797324836044,0.4154871564442447
8667,0.8676,2,7,2,597812,7798,102410,5546,0.07223313201674757,0.41561750599520386
8668,0.8677,4,14,4,597826,7784,102414,5542,0.07210344955352181,0.4158787333033168
8669,0.8678,9,31,9,597857,7753,102423,5533,0.07181629552780762,0.41645340960409455
8670,0.8679,5,4,5,597861,7749,102428,5528,0.07177924339545741,0.4163591172704677
8671,0.868,11,14,11,597875,7735,102439,5517,0.07164956093223165,0.41631451856323576
8672,0.8681,5,15,5,597890,7720,102444,5512,0.07151061543591834,0.4165659008464329
8673,0.8682,5,8,5,597898,7712,102449,5507,0.07143651117121791,0.41659732203646266
8674,0.8683,2,11,2,597909,7701,102451,5505,0.07133461780725481,0.41685597455701956
8675,0.8684,3,13,3,597922,7688,102454,5502,0.07121419837711661,0.4171341925701289
8676,0.8685,7,10,7,597932,7678,102461,5495,0.07112156804624106,0.41714112199195325
8677,0.8686,7,17,7,597949,7661,102468,5488,0.07096409648375264,0.4173701422161381
8678,0.8687,6,9,6,597958,7652,102474,5482,0.07088072918596465,0.41738998020405055
8679,0.8688,5,11,5,597969,7641,102479,5477,0.07077883582200156,0.4175179143162067
8680,0.8689,7,16,7,597985,7625,102486,5470,0.0706306272926007,0.41771668575792287
8681,0.869,7,10,7,597995,7615,102493,5463,0.07053799696172515,0.41772442269460164
8682,0.8691,3,13,3,598008,7602,102496,5460,0.07041757753158694,0.4180064308681672
8683,0.8692,11,22,11,598030,7580,102507,5449,0.07021379080366075,0.41822089185662753
8684,0.8693,18,21,18,598051,7559,102525,5431,0.07001926710882211,0.4180908391070054
8685,0.8694,8,12,8,598063,7547,102533,5423,0.06990811071177146,0.41811873554356205
8686,0.8695,8,26,8,598089,7521,102541,5415,0.06966727185149506,0.41859925788497215
8687,0.8696,3,3,3,598092,7518,102544,5412,0.06963948275223239,0.4185614849187935
8688,0.8697,15,26,15,598118,7492,102559,5397,0.06939864389195598,0.41872914888664753
8689,0.8698,2,4,2,598122,7488,102561,5395,0.06936159175960577,0.41876892028254287
8690,0.8699,12,8,12,598130,7480,102573,5383,0.06928748749490533,0.41848713363911993
8691,0.87,7,13,7,598143,7467,102580,5376,0.06916706806476712,0.41859378649848167
8692,0.8701,2,20,2,598163,7447,102582,5374,0.06898180740301604,0.41915607206926137
8693,0.8702,9,11,9,598174,7436,102591,5365,0.06887991403905294,0.41910788219670336
8694,0.8703,7,10,7,598184,7426,102598,5358,0.06878728370817741,0.41911764705882354
8695,0.8704,11,20,11,598204,7406,102609,5347,0.06860202304642632,0.4192738963381165
8696,0.8705,4,10,4,598214,7396,102613,5343,0.06850939271555077,0.4194206766622184
8697,0.8706,4,12,4,598226,7384,102617,5339,0.06839823631850013,0.41963373418218974
8698,0.8707,8,7,8,598233,7377,102625,5331,0.06833339508688725,0.4194995278564684
8699,0.8708,5,9,5,598242,7368,102630,5326,0.06825002778909926,0.41956829998424455
8700,0.8709,2,10,2,598252,7358,102632,5324,0.06815739745822372,0.4198076013247122
8701,0.871,12,17,12,598269,7341,102644,5312,0.0679999258957353,0.419821386232514
8702,0.8711,10,8,10,598277,7333,102654,5302,0.06792582163103486,0.41962801741195094
8703,0.8712,3,9,3,598286,7324,102657,5299,0.06784245433324688,0.4197892735482849
8704,0.8713,4,14,4,598300,7310,102661,5295,0.06771277187002112,0.42007140023800077
8705,0.8714,3,21,3,598321,7289,102664,5292,0.06751824817518248,0.4206342898020825
8706,0.8715,3,8,3,598329,7281,102667,5289,0.06744414391048205,0.420763723150358
8707,0.8716,6,12,6,598341,7269,102673,5283,0.06733298751343139,0.4208891013384321
8708,0.8717,18,18,18,598359,7251,102691,5265,0.06716625291785543,0.4206615532118888
8709,0.8718,3,11,3,598370,7240,102694,5262,0.06706435955389232,0.420892657174852
8710,0.8719,6,9,6,598379,7231,102700,5256,0.06698099225610434,0.42091775446464325
8711,0.872,15,25,15,598404,7206,102715,5241,0.06674941642891548,0.4210653169438419
8712,0.8721,5,6,5,598410,7200,102720,5236,0.06669383823039016,0.4210357027983274
8713,0.8722,8,11,8,598421,7189,102728,5228,0.06659194486642707,0.42103567689458
8714,0.8723,5,10,5,598431,7179,102733,5223,0.06649931453555152,0.4211417513304306
8715,0.8724,8,10,8,598441,7169,102741,5215,0.06640668420467598,0.4211078811369509
8716,0.8725,15,22,15,598463,7147,102756,5200,0.06620289747674979,0.42115493642180285
8717,0.8726,7,13,7,598476,7134,102763,5193,0.06608247804661158,0.4212703820880993
8718,0.8727,12,15,12,598491,7119,102775,5181,0.06594353255029826,0.42121951219512194
8719,0.8728,5,4,5,598495,7115,102780,5176,0.06590648041794805,0.42112114555365715
8720,0.8729,7,17,7,598512,7098,102787,5169,0.06574900885545963,0.421374419173392
8721,0.873,3,8,3,598520,7090,102790,5166,0.0656749045907592,0.42150783289817234
8722,0.8731,6,8,6,598528,7082,102796,5160,0.06560080032605876,0.4214997549420029
8723,0.8732,11,11,11,598539,7071,102807,5149,0.06549890696209566,0.42135842880523733
8724,0.8733,8,16,8,598555,7055,102815,5141,0.0653506984326948,0.4215316497212201
8725,0.8734,4,6,4,598561,7049,102819,5137,0.06529512023416947,0.4215493188905301
8726,0.8735,5,7,5,598568,7042,102824,5132,0.0652302790025566,0.42155413175620177
8727,0.8736,11,21,11,598589,7021,102835,5121,0.06503575530771796,0.421759183001153
8728,0.8737,4,10,4,598599,7011,102839,5117,0.06494312497684242,0.42191622691292874
8729,0.8738,7,15,7,598614,6996,102846,5110,0.0648041794805291,0.4221047414505204
8730,0.8739,2,4,2,598618,6992,102848,5108,0.06476712734817888,0.4221487603305785
8731,0.874,3,10,3,598628,6982,102851,5105,0.06467449701730335,0.42235459584677754
8732,0.8741,5,13,5,598641,6969,102856,5100,0.06455407758716514,0.42257022122793936
8733,0.8742,9,16,9,598657,6953,102865,5091,0.06440586905776427,0.42270009963467287
8734,0.8743,15,31,15,598688,6922,102880,5076,0.06411871503205009,0.42307051175195864
8735,0.8744,6,13,6,598701,6909,102886,5070,0.06399829560191189,0.4232406711745555
8736,0.8745,2,10,2,598711,6899,102888,5068,0.06390566527103635,0.42349795270326734
8737,0.8746,5,6,5,598717,6893,102893,5063,0.06385008707251102,0.42346938775510207
8738,0.8747,7,9,7,598726,6884,102900,5056,0.06376671977472304,0.4234505862646566
8739,0.8748,5,16,5,598742,6868,102905,5051,0.06361851124532217,0.4237771625136337
8740,0.8749,6,13,6,598755,6855,102911,5045,0.06349809181518397,0.42394957983193277
8741,0.875,8,21,8,598776,6834,102919,5037,0.06330356812034532,0.42431134698003536
8742,0.8751,8,7,8,598783,6827,102927,5029,0.06323872688873244,0.4241734143049933
8743,0.8752,9,14,9,598797,6813,102936,5020,0.06310904442550669,0.4242373024592242
8744,0.8753,6,5,6,598802,6808,102942,5014,0.06306272926006892,0.42412451361867703
8745,0.8754,7,12,7,598814,6796,102949,5007,0.06295157286301827,0.4242141828348725
8746,0.8755,0,7,0,598821,6789,102949,5007,0.06288673163140539,0.42446592065106814
8747,0.8756,6,8,6,598829,6781,102955,5001,0.06281262736670495,0.42446104226786624
8748,0.8757,8,17,8,598846,6764,102963,4993,0.06265515580421653,0.4246831674746959
8749,0.8758,14,17,14,598863,6747,102977,4979,0.062497684241728114,0.4246119733924612
8750,0.8759,6,4,6,598867,6743,102983,4973,0.0624606321093779,0.42446227381358825
8751,0.876,6,7,6,598874,6736,102989,4967,0.06239579087776501,0.4244210886097582
8752,0.8761,3,6,3,598880,6730,102992,4964,0.06234021267923969,0.42449119206430647
8753,0.8762,12,5,12,598885,6725,103004,4952,0.06229389751380192,0.424081527789672
8754,0.8763,4,15,4,598900,6710,103008,4948,0.06215495201748861,0.4244295762566478
8755,0.8764,8,17,8,598917,6693,103016,4940,0.061997480455000184,0.42465400154732225
8756,0.8765,8,9,8,598926,6684,103024,4932,0.061914113157212194,0.42458677685950413
8757,0.8766,2,8,2,598934,6676,103026,4930,0.06184000889251176,0.42478028605893503
8758,0.8767,6,14,6,598948,6662,103032,4924,0.061710326429286005,0.42499568444674607
8759,0.8768,1,2,1,598950,6660,103033,4923,0.0616918003631109,0.425019425019425
8760,0.8769,4,6,4,598956,6654,103037,4919,0.06163622216458557,0.4250410438088655
8761,0.877,5,13,5,598969,6641,103042,4914,0.061515802734447365,0.42527044569450456
8762,0.8771,7,12,7,598981,6629,103049,4907,0.061404646337396715,0.4253640776699029
8763,0.8772,12,14,12,598995,6615,103061,4895,0.06127496387417096,0.4252823631624674
8764,0.8773,4,12,4,599007,6603,103065,4891,0.06116380747712031,0.42552636157995477
8765,0.8774,2,4,2,599011,6599,103067,4889,0.06112675534477009,0.4255745125348189
8766,0.8775,3,13,3,599024,6586,103070,4886,0.061006335914631886,0.4259065550906555
8767,0.8776,5,12,5,599036,6574,103075,4881,0.060895179517581235,0.4261021388040157
8768,0.8777,2,12,2,599048,6562,103077,4879,0.060784023120530585,0.4264487369985141
8769,0.8778,4,5,4,599053,6557,103081,4875,0.06073770795509281,0.42643456962911125
8770,0.8779,8,6,8,599059,6551,103089,4867,0.06068212975656749,0.42625678752846385
8771,0.878,9,12,9,599071,6539,103098,4858,0.06057097335951684,0.426252522593665
8772,0.8781,6,14,6,599085,6525,103104,4852,0.060441290896291085,0.42647446602795114
8773,0.8782,5,12,5,599097,6513,103109,4847,0.060330134499240434,0.4266725352112676
8774,0.8783,4,7,4,599104,6506,103113,4843,0.06026529326762755,0.4267336329191999
8775,0.8784,3,10,3,599114,6496,103116,4840,0.06017266293675201,0.4269583627381793
8776,0.8785,10,18,10,599132,6478,103126,4830,0.06000592834117603,0.42713123452423063
8777,0.8786,2,5,2,599137,6473,103128,4828,0.059959613175738266,0.4272188301920184
8778,0.8787,4,6,4,599143,6467,103132,4824,0.05990403497721294,0.4272429368523603
8779,0.8788,8,8,8,599151,6459,103140,4816,0.059829930712512504,0.42713968957871395
8780,0.8789,2,7,2,599158,6452,103142,4814,0.059765089480899626,0.42730339073317947
8781,0.879,7,17,7,599175,6435,103149,4807,0.0596076179184112,0.42759295499021527
8782,0.8791,12,21,12,599196,6414,103161,4795,0.05941309422357257,0.42778124721206173
8783,0.8792,12,19,12,599215,6395,103173,4783,0.059237096594909035,0.42789407765253173
8784,0.8793,13,26,13,599241,6369,103186,4770,0.05899625773463263,0.42822515486129814
8785,0.8794,16,36,16,599277,6333,103202,4754,0.05866278854348068,0.4287904753314693
8786,0.8795,1,6,1,599283,6327,103203,4753,0.05860721034495535,0.428971119133574
8787,0.8796,12,18,12,599301,6309,103215,4741,0.05844047574937938,0.4290497737556561
8788,0.8797,5,13,5,599314,6296,103220,4736,0.05832005631924117,0.42929659173313994
8789,0.8798,9,4,9,599318,6292,103229,4727,0.05828300418689095,0.4289862963971322
8790,0.8799,1,4,1,599322,6288,103230,4726,0.05824595205454074,0.42909024877428725
8791,0.88,7,27,7,599349,6261,103237,4719,0.057995850161176775,0.42978142076502734
8792,0.8801,10,17,10,599366,6244,103247,4709,0.05783837859868835,0.4299278736419246
8793,0.8802,1,5,1,599371,6239,103248,4708,0.057792063433250586,0.43007216589019825
8794,0.8803,11,17,11,599388,6222,103259,4697,0.05763459187076216,0.4301675977653631
8795,0.8804,5,18,5,599406,6204,103264,4692,0.057467857275186184,0.43061674008810574
8796,0.8805,1,6,1,599412,6198,103265,4691,0.05741227907666086,0.43080172651299475
8797,0.8806,15,18,15,599430,6180,103280,4676,0.05724554448108489,0.4307295504789978
8798,0.8807,4,6,4,599436,6174,103284,4672,0.05718996628255956,0.4307578830905403
8799,0.8808,7,14,7,599450,6160,103291,4665,0.057060283819333805,0.43094688221709004
8800,0.8809,4,6,4,599456,6154,103295,4661,0.05700470562080848,0.4309754969949145
8801,0.881,10,21,10,599477,6133,103305,4651,0.05681018192596984,0.4312870919881306
8802,0.8811,6,8,6,599485,6125,103311,4645,0.0567360776612694,0.43129062209842156
8803,0.8812,7,5,7,599490,6120,103318,4638,0.05668976249583164,0.43112102621305076
8804,0.8813,3,12,3,599502,6108,103321,4635,0.05657860609878099,0.4314437308014521
8805,0.8814,6,9,6,599511,6099,103327,4629,0.056495238800993,0.43148769574944074
8806,0.8815,2,4,2,599515,6095,103329,4627,0.05645818666864278,0.4315426226450289
8807,0.8816,4,9,4,599524,6086,103333,4623,0.05637481937085479,0.43169296853114203
8808,0.8817,13,21,13,599545,6065,103346,4610,0.05618029567601616,0.4318501170960187
8809,0.8818,5,19,5,599564,6046,103351,4605,0.05600429804735262,0.43235376959909866
8810,0.8819,6,14,6,599578,6032,103357,4599,0.05587461558412687,0.43260276549713106
8811,0.882,10,21,10,599599,6011,103367,4589,0.05568009188928823,0.43292452830188677
8812,0.8821,5,5,5,599604,6006,103372,4584,0.055633776723850455,0.43286118980169974
8813,0.8822,10,23,10,599627,5983,103382,4574,0.05542072696283671,0.43326702661741023
8814,0.8823,2,10,2,599637,5973,103384,4572,0.05532809663196117,0.43357041251778095
8815,0.8824,5,11,5,599648,5962,103389,4567,0.05522620326799808,0.43375439262987936
8816,0.8825,5,10,5,599658,5952,103394,4562,0.05513357293712253,0.43389766026250715
8817,0.8826,10,13,10,599671,5939,103404,4552,0.055013153506984325,0.4338957201410733
8818,0.8827,4,11,4,599682,5928,103408,4548,0.05491126014302123,0.434135166093929
8819,0.8828,7,14,7,599696,5914,103415,4541,0.054781577679795475,0.434337637494022
8820,0.8829,8,14,8,599710,5900,103423,4533,0.05465189521656971,0.43448672481548933
8821,0.883,6,9,6,599719,5891,103429,4527,0.05456852791878172,0.434536379343444
8822,0.8831,4,6,4,599725,5885,103433,4523,0.0545129497202564,0.4345695618754804
8823,0.8832,15,11,15,599736,5874,103448,4508,0.05441105635629331,0.43421306106723173
8824,0.8833,7,21,7,599757,5853,103455,4501,0.05421653266145467,0.4347112227158586
8825,0.8834,4,8,4,599765,5845,103459,4497,0.05414242839675423,0.4348288532198801
8826,0.8835,2,8,2,599773,5837,103461,4495,0.0540683241320538,0.4350561362756485
8827,0.8836,16,15,16,599788,5822,103477,4479,0.05392937863574049,0.4348121541597903
8828,0.8837,6,7,6,599795,5815,103483,4473,0.05386453740412761,0.4347783825816485
8829,0.8838,3,5,3,599800,5810,103486,4470,0.05381822223868984,0.4348249027237354
8830,0.8839,3,7,3,599807,5803,103489,4467,0.05375338100707696,0.4349561830574489
8831,0.884,4,15,4,599822,5788,103493,4463,0.05361443551076364,0.4353721588137743
8832,0.8841,7,9,7,599831,5779,103500,4456,0.05353106821297566,0.43536883243771374
8833,0.8842,5,15,5,599846,5764,103505,4451,0.05339212271666234,0.43573176700930005
8834,0.8843,4,9,4,599855,5755,103509,4447,0.05330875541887436,0.4358949225642031
8835,0.8844,3,12,3,599867,5743,103512,4444,0.05319759902182371,0.43624226955924217
8836,0.8845,5,6,5,599873,5737,103517,4439,0.05314202082329838,0.43622248427672955
8837,0.8846,8,8,8,599881,5729,103525,4431,0.053067916558597945,0.4361220472440945
8838,0.8847,5,6,5,599887,5723,103530,4426,0.053012338360072624,0.4361020790225638
8839,0.8848,8,9,8,599896,5714,103538,4418,0.052928971062284634,0.43604421634425583
8840,0.8849,3,6,3,599902,5708,103541,4415,0.05287339286375931,0.4361355329447792
8841,0.885,10,22,10,599924,5686,103551,4405,0.052669606135833116,0.43652759885046083
8842,0.8851,13,30,13,599954,5656,103564,4392,0.052391715143206494,0.43710191082802546
8843,0.8852,7,8,7,599962,5648,103571,4385,0.05231761087850606,0.4370577095584571
8844,0.8853,3,9,3,599971,5639,103574,4382,0.05223424358071807,0.4372817084123341
8845,0.8854,6,16,6,599987,5623,103580,4376,0.0520860350513172,0.43764376437643765
8846,0.8855,0,7,0,599994,5616,103580,4376,0.052021193819704326,0.4379503602882306
8847,0.8856,2,11,2,600005,5605,103582,4374,0.05191930045574123,0.4383204729932859
8848,0.8857,6,6,6,600011,5599,103588,4368,0.0518637222572159,0.4382462125012541
8849,0.8858,2,6,2,600017,5593,103590,4366,0.05180814405869058,0.43839742946078925
8850,0.8859,11,20,11,600037,5573,103601,4355,0.051622883396939497,0.4386583400483481
8851,0.886,6,17,6,600054,5556,103607,4349,0.05146541183445107,0.43907117617364966
8852,0.8861,7,10,7,600064,5546,103614,4342,0.05137278150357553,0.43911812297734626
8853,0.8862,10,22,10,600086,5524,103624,4332,0.05116899477564934,0.4395292207792208
8854,0.8863,4,12,4,600098,5512,103628,4328,0.05105783837859869,0.4398373983739837
8855,0.8864,4,7,4,600105,5505,103632,4324,0.05099299714698581,0.43992267779021266
8856,0.8865,6,29,6,600134,5476,103638,4318,0.05072436918744674,0.44088217275883196
8857,0.8866,4,4,4,600138,5472,103642,4314,0.05068731705509652,0.44083384426732064
8858,0.8867,4,10,4,600148,5462,103646,4310,0.05059468672422098,0.4410560785918952
8859,0.8868,5,7,5,600155,5455,103651,4305,0.0505298454926081,0.4410860655737705
8860,0.8869,7,10,7,600165,5445,103658,4298,0.05043721516173256,0.4411372267268808
8861,0.887,6,20,6,600185,5425,103664,4292,0.050251954499981474,0.4417001132036637
8862,0.8871,5,16,5,600201,5409,103669,4287,0.05010374597058061,0.44214108910891087
8863,0.8872,5,8,5,600209,5401,103674,4282,0.05002964170588017,0.44221832076835693
8864,0.8873,3,7,3,600216,5394,103677,4279,0.049964800474267296,0.4423653468417244
8865,0.8874,9,6,9,600222,5388,103686,4270,0.04990922227574197,0.4421205218471733
8866,0.8875,4,10,4,600232,5378,103690,4266,0.04981659194486643,0.4423475736209042
8867,0.8876,8,6,8,600238,5372,103698,4258,0.0497610137463411,0.44215991692627205
8868,0.8877,6,8,6,600246,5364,103704,4252,0.049686909481640666,0.44217970049916805
8869,0.8878,5,12,5,600258,5352,103709,4247,0.049575753084590016,0.442441921033441
8870,0.8879,8,13,8,600271,5339,103717,4239,0.049455333654451816,0.4425767383587388
8871,0.888,4,9,4,600280,5330,103721,4235,0.04937196635666383,0.4427600627286984
8872,0.8881,8,9,8,600289,5321,103729,4227,0.04928859905887584,0.44271051529116046
8873,0.8882,10,8,10,600297,5313,103739,4217,0.049214494794175404,0.44249737670514167
8874,0.8883,5,4,5,600301,5309,103744,4212,0.04917744266182519,0.4423905051990337
8875,0.8884,10,7,10,600308,5302,103754,4202,0.04911260143021231,0.44212962962962965
8876,0.8885,5,17,5,600325,5285,103759,4197,0.048955129867723886,0.44262813752372915
8877,0.8886,4,10,4,600335,5275,103763,4193,0.04886249953684835,0.44286016054076893
8878,0.8887,7,10,7,600345,5265,103770,4186,0.0487698692059728,0.44291609353507566
8879,0.8888,2,4,2,600349,5261,103772,4184,0.048732817073622585,0.4429857067231339
8880,0.8889,4,3,4,600352,5258,103776,4180,0.048705027974359924,0.4428904428904429
8881,0.889,7,8,7,600360,5250,103783,4173,0.04863092370965949,0.4428525947150589
8882,0.8891,13,21,13,600381,5229,103796,4160,0.04843640001482085,0.4430716796250932
8883,0.8892,7,19,7,600400,5210,103803,4153,0.04826040238615732,0.4435544163195557
8884,0.8893,13,17,13,600417,5193,103816,4140,0.0481029308236689,0.44358727097396333
8885,0.8894,6,14,6,600431,5179,103822,4134,0.047973248360443144,0.44389562976484487
8886,0.8895,4,15,4,600446,5164,103826,4130,0.04783430286412983,0.4443727135786529
8887,0.8896,8,8,8,600454,5156,103834,4122,0.0477601985994294,0.44427678378960983
8888,0.8897,2,7,2,600461,5149,103836,4120,0.04769535736781652,0.4444923940015104
8889,0.8898,2,2,2,600463,5147,103838,4118,0.04767683130164141,0.44446842957366434
8890,0.8899,2,8,2,600471,5139,103840,4116,0.047602727036940976,0.4447325769854133
8891,0.89,6,17,6,600488,5122,103846,4110,0.04744525547445255,0.44519064124783364
8892,0.8901,5,5,5,600493,5117,103851,4105,0.047398940309014786,0.4451312079809152
8893,0.8902,4,4,4,600497,5113,103855,4101,0.04736188817666457,0.44508356848274366
8894,0.8903,8,9,8,600506,5104,103863,4093,0.04727852087887658,0.44503642492116996
8895,0.8904,7,9,7,600515,5095,103870,4086,0.04719515358108859,0.4450495588715826
8896,0.8905,8,7,8,600522,5088,103878,4078,0.04713031234947571,0.4449050840061095
8897,0.8906,7,7,7,600529,5081,103885,4071,0.047065471117862835,0.4448208041958042
8898,0.8907,2,16,2,600545,5065,103887,4069,0.04691726258846197,0.445478432231224
8899,0.8908,7,15,7,600560,5050,103894,4062,0.04677831709214866,0.4457857769973661
8900,0.8909,6,11,6,600571,5039,103900,4056,0.046676423728185555,0.44595931830676194
8901,0.891,11,9,11,600580,5030,103911,4045,0.04659305643039757,0.44573002754820934
8902,0.8911,0,12,0,600592,5018,103911,4045,0.04648190003334692,0.44632020302328146
8903,0.8912,9,10,9,600602,5008,103920,4036,0.04638926970247138,0.4462627156125608
8904,0.8913,2,3,2,600605,5005,103922,4034,0.046361480603208716,0.4462883062285651
8905,0.8914,9,10,9,600615,4995,103931,4025,0.04626885027233317,0.44623059866962306
8906,0.8915,5,21,5,600636,4974,103936,4020,0.04607432657749454,0.4469646430953969
8907,0.8916,4,4,4,600640,4970,103940,4016,0.04603727444514432,0.446917427108836
8908,0.8917,5,19,5,600659,4951,103945,4011,0.045861276816480785,0.4475563490292345
8909,0.8918,4,8,4,600667,4943,103949,4007,0.04578717255178035,0.4477094972067039
8910,0.8919,4,9,4,600676,4934,103953,4003,0.04570380525399237,0.44791316996755065
8911,0.892,4,2,4,600678,4932,103957,3999,0.04568527918781726,0.4477662075915351
8912,0.8921,10,9,10,600687,4923,103967,3989,0.045601911890029274,0.4475987432675045
8913,0.8922,5,7,5,600694,4916,103972,3984,0.04553707065841639,0.44764044943820225
8914,0.8923,6,8,6,600702,4908,103978,3978,0.045462966393715956,0.44767049291019584
8915,0.8924,4,6,4,600708,4902,103982,3974,0.045407388195190634,0.4477242000901307
8916,0.8925,7,8,7,600716,4894,103989,3967,0.0453332839304902,0.4476921340706467
8917,0.8926,3,2,3,600718,4892,103992,3964,0.04531475786431509,0.44760614272809396
8918,0.8927,15,19,15,600737,4873,104007,3949,0.04513876023565156,0.4476309226932668
8919,0.8928,5,9,5,600746,4864,104012,3944,0.04505539293786357,0.4477747502270663
8920,0.8929,6,5,6,600751,4859,104018,3938,0.045009077772425805,0.44765260884392405
8921,0.893,6,15,6,600766,4844,104024,3932,0.04487013227611249,0.4480401093892434
8922,0.8931,9,10,9,600776,4834,104033,3923,0.04477750194523695,0.4479844695672034
8923,0.8932,2,6,2,600782,4828,104035,3921,0.04472192374671162,0.4481655046291005
8924,0.8933,18,13,18,600795,4815,104053,3903,0.04460150431657342,0.44769442532690984
8925,0.8934,4,16,4,600811,4799,104057,3899,0.04445329578717255,0.4482639687284433
8926,0.8935,8,10,8,600821,4789,104065,3891,0.04436066545629701,0.44827188940092166
8927,0.8936,0,6,0,600827,4783,104065,3891,0.044305087257771686,0.44858196910306664
8928,0.8937,6,18,6,600845,4765,104071,3885,0.04413835266219571,0.44913294797687864
8929,0.8938,10,8,10,600853,4757,104081,3875,0.04406424839749527,0.44891102873030586
8930,0.8939,7,10,7,600863,4747,104088,3868,0.043971618066619735,0.448984329657574
8931,0.894,8,20,8,600883,4727,104096,3860,0.04378635740486865,0.44951671130779086
8932,0.8941,7,11,7,600894,4716,104103,3853,0.043684464040905556,0.44964406581864863
8933,0.8942,3,5,3,600899,4711,104106,3850,0.04363814887546778,0.44971381847914965
8934,0.8943,8,10,8,600909,4701,104114,3842,0.043545518544592245,0.44972492098794337
8935,0.8944,13,7,13,600916,4694,104127,3829,0.04348067731297936,0.44925495717470376
8936,0.8945,11,15,11,600931,4679,104138,3818,0.04334173181666605,0.449335059432741
8937,0.8946,10,9,10,600940,4670,104148,3808,0.04325836451887806,0.44916253833451286
8938,0.8947,5,9,5,600949,4661,104153,3803,0.043174997221090076,0.4493147448015123
8939,0.8948,13,24,13,600973,4637,104166,3790,0.042952684426988776,0.4497448676871959
8940,0.8949,8,11,8,600984,4626,104174,3782,0.042850791063025674,0.44980970504281637
8941,0.895,3,6,3,600990,4620,104177,3779,0.04279521286450035,0.4499345160138112
8942,0.8951,5,9,5,600999,4611,104182,3774,0.04271184556671236,0.45008944543828266
8943,0.8952,6,11,6,601010,4600,104188,3768,0.04260995220274927,0.4502868068833652
8944,0.8953,9,17,9,601027,4583,104197,3759,0.042452480640260845,0.4506113641812515
8945,0.8954,5,6,5,601033,4577,104202,3754,0.04239690244173552,0.4506061697275237
8946,0.8955,3,3,3,601036,4574,104205,3751,0.04236911334247286,0.4505705705705706
8947,0.8956,3,6,3,601042,4568,104208,3748,0.042313535143947534,0.4506974506974507
8948,0.8957,13,19,13,601061,4549,104221,3735,0.042137537515284006,0.4508691453404153
8949,0.8958,4,6,4,601067,4543,104225,3731,0.04208195931675868,0.4509306260575296
8950,0.8959,11,10,11,601077,4533,104236,3720,0.04198932898588314,0.4507451835696111
8951,0.896,6,8,6,601085,4525,104242,3714,0.041915224721182705,0.45078286199781525
8952,0.8961,4,9,4,601094,4516,104246,3710,0.041831857423394715,0.4510089958667639
8953,0.8962,3,8,3,601102,4508,104249,3707,0.04175775315869428,0.4512477175897748
8954,0.8963,7,14,7,601116,4494,104256,3700,0.041628070695468526,0.4515499145716378
8955,0.8964,10,13,10,601129,4481,104266,3690,0.04150765126533032,0.45159711173662953
8956,0.8965,6,10,6,601139,4471,104272,3684,0.04141502093445478,0.4517473942366646
8957,0.8966,5,10,5,601149,4461,104277,3679,0.041322390603579236,0.451965601965602
8958,0.8967,5,6,5,601155,4455,104282,3674,0.041266812405053914,0.4519621109607578
8959,0.8968,8,14,8,601169,4441,104290,3666,0.04113712994182815,0.45220180091279144
8960,0.8969,10,15,10,601184,4426,104300,3656,0.04099818444551484,0.4523632764167285
8961,0.897,5,10,5,601194,4416,104305,3651,0.040905554114639295,0.45258460394198585
8962,0.8971,5,8,5,601202,4408,104310,3646,0.04083144984993886,0.4526943133846536
8963,0.8972,6,6,6,601208,4402,104316,3640,0.04077587165141354,0.4526237254414325
8964,0.8973,5,8,5,601216,4394,104321,3635,0.040701767386713106,0.45273383983061405
8965,0.8974,6,11,6,601227,4383,104327,3629,0.04059987402275001,0.45294558162755866
8966,0.8975,8,6,8,601233,4377,104335,3621,0.04054429582422468,0.4527381845461365
8967,0.8976,7,7,7,601240,4370,104342,3614,0.040479454592611805,0.4526553106212425
8968,0.8977,6,10,6,601250,4360,104348,3608,0.040386824261736266,0.4528112449799197
8969,0.8978,8,13,8,601263,4347,104356,3600,0.04026640483159806,0.45300113250283125
8970,0.8979,8,16,8,601279,4331,104364,3592,0.04011819630219719,0.45336362488956206
8971,0.898,5,16,5,601295,4315,104369,3587,0.039969987772796325,0.4539357124778537
8972,0.8981,10,10,10,601305,4305,104379,3577,0.03987735744192078,0.45381882770870335
8973,0.8982,8,4,8,601309,4301,104387,3569,0.03984030530957056,0.4534942820838628
8974,0.8983,7,13,7,601322,4288,104394,3562,0.039719885879432364,0.45375796178343947
8975,0.8984,7,7,7,601329,4281,104401,3555,0.03965504464781948,0.45367534456355285
8976,0.8985,1,5,1,601334,4276,104402,3554,0.03960872948238171,0.45389527458492973
8977,0.8986,2,2,2,601336,4274,104404,3552,0.0395902034162066,0.45387170968566315
8978,0.8987,7,6,7,601342,4268,104411,3545,0.03953462521768128,0.453730961218482
8979,0.8988,5,4,5,601346,4264,104416,3540,0.03949757308533106,0.4536135315222963
8980,0.8989,2,4,2,601350,4260,104418,3538,0.039460520952980846,0.45370607848166195
8981,0.899,4,19,4,601369,4241,104422,3534,0.03928452332431732,0.4545337620578778
8982,0.8991,4,7,4,601376,4234,104426,3530,0.03921968209270443,0.45466254507985576
8983,0.8992,4,5,4,601381,4229,104430,3526,0.03917336692726667,0.4546744036105738
8984,0.8993,9,12,9,601393,4217,104439,3517,0.03906221053021602,0.4547452805792604
8985,0.8994,5,8,5,601401,4209,104444,3512,0.03898810626551558,0.4548633596684367
8986,0.8995,9,20,9,601421,4189,104453,3503,0.0388028456037645,0.45540821632865314
8987,0.8996,5,2,5,601423,4187,104458,3498,0.03878431953758939,0.45517241379310347
8988,0.8997,5,9,5,601432,4178,104463,3493,0.0387009522398014,0.4553513231651675
8989,0.8998,2,5,2,601437,4173,104465,3491,0.03865463707436363,0.4555062630480167
8990,0.8999,12,16,12,601453,4157,104477,3479,0.038506428544962765,0.45560502881089576
8991,0.9,7,7,7,601460,4150,104484,3472,0.03844158731334988,0.4555234846496982
8992,0.9001,4,10,4,601470,4140,104488,3468,0.03834895698247434,0.4558359621451104
8993,0.9002,8,10,8,601480,4130,104496,3460,0.0382563266515988,0.45586297760210803
8994,0.9003,4,3,4,601483,4127,104500,3456,0.038228537552336135,0.455756296980087
8995,0.9004,8,10,8,601493,4117,104508,3448,0.038135907221460597,0.455783212161269
8996,0.9005,3,2,3,601495,4115,104511,3445,0.038117381155285485,0.4556878306878307
8997,0.9006,2,2,2,601497,4113,104513,3443,0.03809885508911038,0.45566437268395976
8998,0.9007,3,12,3,601509,4101,104516,3440,0.03798769869205973,0.4561729213632144
8999,0.9008,9,5,9,601514,4096,104525,3431,0.037941383526621957,0.45582569416766305
9000,0.9009,2,11,2,601525,4085,104527,3429,0.03783949016265886,0.4563481501197764
9001,0.901,2,6,2,601531,4079,104529,3427,0.03778391196413353,0.45656807887023715
9002,0.9011,7,6,7,601537,4073,104536,3420,0.03772833376560821,0.4564259975977579
9003,0.9012,4,16,4,601553,4057,104540,3416,0.037580125236207344,0.45711227084169676
9004,0.9013,10,14,10,601567,4043,104550,3406,0.03745044277298158,0.4572425828970332
9005,0.9014,3,11,3,601578,4032,104553,3403,0.03734854940901849,0.45770006724949563
9006,0.9015,2,8,2,601586,4024,104555,3401,0.037274445144318054,0.45804713804713804
9007,0.9016,6,10,6,601596,4014,104561,3395,0.037181814813442515,0.4582264813065191
9008,0.9017,8,17,8,601613,3997,104569,3387,0.03702434325095409,0.458694474539545
9009,0.9018,7,12,7,601625,3985,104576,3380,0.03691318685390344,0.4589273591310251
9010,0.9019,7,17,7,601642,3968,104583,3373,0.03675571529141502,0.45947418607819096
9011,0.902,11,25,11,601667,3943,104594,3362,0.03652413946422617,0.46023271731690624
9012,0.9021,9,13,9,601680,3930,104603,3353,0.03640372003408796,0.4603872030756556
9013,0.9022,8,8,8,601688,3922,104611,3345,0.03632961576938753,0.46029998623916335
9014,0.9023,12,2,12,601690,3920,104623,3333,0.03631108970321242,0.45953398593685374
9015,0.9024,2,2,2,601692,3918,104625,3331,0.03629256363703731,0.4595116567802455
9016,0.9025,3,9,3,601701,3909,104628,3328,0.03620919633924932,0.459859057620561
9017,0.9026,10,14,10,601715,3895,104638,3318,0.03607951387602357,0.460002772771385
9018,0.9027,5,2,5,601717,3893,104643,3313,0.036060987809848455,0.4597557590896475
9019,0.9028,6,2,6,601719,3891,104649,3307,0.03604246174367335,0.4594331758821895
9020,0.9029,4,7,4,601726,3884,104653,3303,0.03597762051206047,0.45957979685543343
9021,0.903,4,3,4,601729,3881,104657,3299,0.035949831412797804,0.4594707520891365
9022,0.9031,3,11,3,601740,3870,104660,3296,0.03584793804883471,0.45994976276862964
9023,0.9032,2,9,2,601749,3861,104662,3294,0.03576457075104672,0.46037735849056605
9024,0.9033,7,7,7,601756,3854,104669,3287,0.03569972951943384,0.46029967791625825
9025,0.9034,4,3,4,601759,3851,104673,3283,0.03567194042017118,0.4601906363891225
9026,0.9035,13,13,13,601772,3838,104686,3270,0.035551520990032975,0.46004501969611705
9027,0.9036,3,6,3,601778,3832,104689,3267,0.035495942791507654,0.46020566276940417
9028,0.9037,1,8,1,601786,3824,104690,3266,0.03542183852680722,0.46064880112834977
9029,0.9038,3,10,3,601796,3814,104693,3263,0.035329208195931674,0.4610710753143988
9030,0.9039,1,1,1,601797,3813,104694,3262,0.03531994516284412,0.4610600706713781
9031,0.904,6,7,6,601804,3806,104700,3256,0.03525510393123124,0.46105919003115264
9032,0.9041,4,8,4,601812,3798,104704,3252,0.03518099966653081,0.46127659574468083
9033,0.9042,8,11,8,601823,3787,104712,3244,0.03507910630256771,0.4613852936993315
9034,0.9043,8,7,8,601830,3780,104720,3236,0.035014265070954835,0.46123147092360317
9035,0.9044,14,11,14,601841,3769,104734,3222,0.03491237170699174,0.4608782720640824
9036,0.9045,4,8,4,601849,3761,104738,3218,0.03483826744229131,0.4610975784496346
9037,0.9046,2,5,2,601854,3756,104740,3216,0.034791952276853534,0.4612736660929432
9038,0.9047,6,16,6,601870,3740,104746,3210,0.03464374374745267,0.4618705035971223
9039,0.9048,1,7,1,601877,3733,104747,3209,0.03457890251583979,0.46225871506770383
9040,0.9049,3,7,3,601884,3726,104750,3206,0.034514061284226905,0.4624927870744374
9041,0.905,7,10,7,601894,3716,104757,3199,0.034421430953351366,0.4626174981923355
9042,0.9051,6,13,6,601907,3703,104763,3193,0.03430101152321316,0.46302204176334105
9043,0.9052,4,2,4,601909,3701,104767,3189,0.034282485457038055,0.462844702467344
9044,0.9053,4,6,4,601915,3695,104771,3185,0.034226907258512726,0.4629360465116279
9045,0.9054,1,1,1,601916,3694,104772,3184,0.03421764422542517,0.4629252689735388
9046,0.9055,3,9,3,601925,3685,104775,3181,0.03413427692763719,0.46329740751529275
9047,0.9056,4,7,4,601932,3678,104779,3177,0.0340694356960243,0.46345733041575493
9048,0.9057,2,7,2,601939,3671,104781,3175,0.034004594464411425,0.4637744668419515
9049,0.9058,17,20,17,601959,3651,104798,3158,0.03381933380266034,0.46379791452489355
9050,0.9059,7,5,7,601964,3646,104805,3151,0.033773018637222575,0.46358687656318964
9051,0.906,1,9,1,601973,3637,104806,3150,0.033689651339434586,0.46412258729924855
9052,0.9061,7,13,7,601986,3624,104813,3143,0.03356923190929638,0.46445987882370326
9053,0.9062,5,6,5,601992,3618,104818,3138,0.03351365371077106,0.4644760213143872
9054,0.9063,12,14,12,602006,3604,104830,3126,0.033383971247545295,0.4644873699851412
9055,0.9064,4,5,4,602011,3599,104834,3122,0.03333765608210752,0.46451420919506026
9056,0.9065,6,5,6,602016,3594,104840,3116,0.03329134091666976,0.464381520119225
9057,0.9066,15,20,15,602036,3574,104855,3101,0.03310608025491867,0.4645692883895131
9058,0.9067,4,7,4,602043,3567,104859,3097,0.03304123902330579,0.4647358943577431
9059,0.9068,10,14,10,602057,3553,104869,3087,0.03291155656008003,0.46490963855421685
9060,0.9069,3,3,3,602060,3550,104872,3084,0.03288376746081737,0.46487790171842025
9061,0.907,6,15,6,602075,3535,104878,3078,0.03274482196450406,0.46544684711931045
9062,0.9071,2,1,2,602076,3534,104880,3076,0.032735558931416504,0.4653555219364599
9063,0.9072,12,8,12,602084,3526,104892,3064,0.03266145466671607,0.46494688922610017
9064,0.9073,6,7,6,602091,3519,104898,3058,0.03259661343510319,0.46495362627337694
9065,0.9074,5,3,5,602094,3516,104903,3053,0.032568824335840525,0.4647587151773481
9066,0.9075,4,7,4,602101,3509,104907,3049,0.03250398310422765,0.4649283318084782
9067,0.9076,5,7,5,602108,3502,104912,3044,0.03243914187261477,0.4650168041552093
9068,0.9077,7,7,7,602115,3495,104919,3037,0.03237430064100189,0.4649418248622168
9069,0.9078,12,10,12,602125,3485,104931,3025,0.03228167031012635,0.4646697388632873
9070,0.9079,11,9,11,602134,3476,104942,3014,0.03219830301233836,0.46440677966101696
9071,0.908,6,1,6,602135,3475,104948,3008,0.03218903997925081,0.46398272404750884
9072,0.9081,10,7,10,602142,3468,104958,2998,0.03212419874763792,0.4636560470151562
9073,0.9082,5,8,5,602150,3460,104963,2993,0.03205009448293749,0.4638152797148613
9074,0.9083,5,9,5,602159,3451,104968,2988,0.03196672718514951,0.4640472123000466
9075,0.9084,12,13,12,602172,3438,104980,2976,0.0318463077550113,0.4639850327408793
9076,0.9085,14,16,14,602188,3422,104994,2962,0.031698099225610434,0.46397243107769426
9077,0.9086,1,9,1,602197,3413,104995,2961,0.031614731927822444,0.46454345779730155
9078,0.9087,1,4,1,602201,3409,104996,2960,0.03157767979547223,0.46475113832626785
9079,0.9088,3,9,3,602210,3400,104999,2957,0.031494312497684245,0.4651565203712443
9080,0.9089,5,1,5,602211,3399,105004,2952,0.03148504946459669,0.46480869154463866
9081,0.909,9,8,9,602219,3391,105013,2943,0.031410945199896255,0.46463530154720556
9082,0.9091,1,6,1,602225,3385,105014,2942,0.031355367001370926,0.46499130709657027
9083,0.9092,6,12,6,602237,3373,105020,2936,0.03124421060432028,0.4653669361229989
9084,0.9093,11,5,11,602242,3368,105031,2925,0.031197895438882507,0.46480216113141587
9085,0.9094,3,6,3,602248,3362,105034,2922,0.03114231724035718,0.46499045194143857
9086,0.9095,1,5,1,602253,3357,105035,2921,0.031096002074919412,0.4652755654667091
9087,0.9096,6,3,6,602256,3354,105041,2915,0.031068212975656748,0.46498644121869515
9088,0.9097,1,13,1,602269,3341,105042,2914,0.030947793545518545,0.46586730615507593
9089,0.9098,9,13,9,602282,3328,105051,2905,0.030827374115380342,0.4660677041553024
9090,0.9099,3,6,3,602288,3322,105054,2902,0.030771795916855017,0.4662596401028278
9091,0.91,16,9,16,602297,3313,105070,2886,0.030688428619067027,0.46555896112276174
9092,0.9101,3,8,3,602305,3305,105073,2883,0.030614324354366593,0.46590174531351003
9093,0.9102,4,9,4,602314,3296,105077,2879,0.030530957056578607,0.4662348178137652
9094,0.9103,9,7,9,602321,3289,105086,2870,0.030466115824965726,0.46598473778210747
9095,0.9104,8,5,8,602326,3284,105094,2862,0.030419800659527957,0.4656687276277254
9096,0.9105,8,7,8,602333,3277,105102,2854,0.030354959427915076,0.4655031805578209
9097,0.9106,2,4,2,602337,3273,105104,2852,0.03031790729556486,0.4656326530612245
9098,0.9107,3,6,3,602343,3267,105107,2849,0.030262329097039534,0.4658273381294964
9099,0.9108,9,8,9,602351,3259,105116,2840,0.0301882248323391,0.46565010657484834
9100,0.9109,5,3,5,602354,3256,105121,2835,0.03016043573307644,0.4654408143162042
9101,0.911,8,7,8,602361,3249,105129,2827,0.030095594501463558,0.4652732060566162
9102,0.9111,2,4,2,602365,3245,105131,2825,0.03005854236911334,0.46540362438220756
9103,0.9112,6,7,6,602372,3238,105137,2819,0.029993701137500463,0.465411920092455
9104,0.9113,6,15,6,602387,3223,105143,2813,0.02985475564118715,0.4660371106693174
9105,0.9114,3,4,3,602391,3219,105146,2810,0.029817703508836932,0.46608061038314813
9106,0.9115,5,5,5,602396,3214,105151,2805,0.029771388343399163,0.46602425652101676
9107,0.9116,2,4,2,602400,3210,105153,2803,0.029734336211048946,0.46615666056876764
9108,0.9117,6,7,6,602407,3203,105159,2797,0.029669494979436068,0.4661666666666667
9109,0.9118,8,6,8,602413,3197,105167,2789,0.029613916780910743,0.46592048112261947
9110,0.9119,2,6,2,602419,3191,105169,2787,0.029558338582385418,0.46620943459350955
9111,0.912,2,5,2,602424,3186,105171,2785,0.029512023416947645,0.46642103500251214
9112,0.9121,5,8,5,602432,3178,105176,2780,0.02943791915224721,0.4665995300436388
9113,0.9122,6,8,6,602440,3170,105182,2774,0.029363814887546778,0.4666890982503365
9114,0.9123,8,13,8,602453,3157,105190,2766,0.029243395457408575,0.46699307783217964
9115,0.9124,2,10,2,602463,3147,105192,2764,0.029150765126533033,0.4676027744882423
9116,0.9125,4,6,4,602469,3141,105196,2760,0.029095186928007707,0.4677173360447382
9117,0.9126,10,9,10,602478,3132,105206,2750,0.029011819630219718,0.46752805168310096
9118,0.9127,15,11,15,602489,3121,105221,2735,0.028909926266256623,0.46704234972677594
9119,0.9128,4,4,4,602493,3117,105225,2731,0.028872874133906407,0.46699726402188785
9120,0.9129,5,15,5,602508,3102,105230,2726,0.028733928637593092,0.46774193548387094
9121,0.913,9,8,9,602516,3094,105239,2717,0.02865982437289266,0.46756152125279643
9122,0.9131,10,10,10,602526,3084,105249,2707,0.02856719404201712,0.4674494905888448
9123,0.9132,1,3,1,602529,3081,105250,2706,0.028539404942754455,0.4675997926386729
9124,0.9133,4,7,4,602536,3074,105254,2702,0.028474563711141578,0.467797783933518
9125,0.9134,6,10,6,602546,3064,105260,2696,0.028381933380266035,0.46805555555555556
9126,0.9135,3,2,3,602548,3062,105263,2693,0.028363407314090927,0.4679409209383145
9127,0.9136,2,10,2,602558,3052,105265,2691,0.028270776983215385,0.4685704335713042
9128,0.9137,3,6,3,602564,3046,105268,2688,0.02821519878469006,0.468782699686083
9129,0.9138,4,10,4,602574,3036,105272,2684,0.028122568453814518,0.46923076923076923
9130,0.9139,4,3,4,602577,3033,105276,2680,0.028094779354551853,0.4691055487484684
9131,0.914,2,4,2,602581,3029,105278,2678,0.028057727222201637,0.46924829157175396
9132,0.9141,1,4,1,602585,3025,105279,2677,0.02802067508985142,0.4694843914415994
9133,0.9142,6,7,6,602592,3018,105285,2671,0.027955833858238542,0.4695025487783442
9134,0.9143,4,2,4,602594,3016,105289,2667,0.027937307792063434,0.46929438676755236
9135,0.9144,5,15,5,602609,3001,105294,2662,0.02779836229575012,0.4700688680911178
9136,0.9145,3,9,3,602618,2992,105297,2659,0.027714994997962133,0.4705361882852592
9137,0.9146,2,4,2,602622,2988,105299,2657,0.027677942865611916,0.47068201948627103
9138,0.9147,4,6,4,602628,2982,105303,2653,0.02762236466708659,0.47080745341614905
9139,0.9148,4,6,4,602634,2976,105307,2649,0.027566786468561266,0.4709333333333333
9140,0.9149,4,3,4,602637,2973,105311,2645,0.027538997369298605,0.4708081167675329
9141,0.915,7,8,7,602645,2965,105318,2638,0.02746489310459817,0.4708192039978583
9142,0.9151,7,5,7,602650,2960,105325,2631,0.0274185779391604,0.4705777141835092
9143,0.9152,5,14,5,602664,2946,105330,2626,0.02728889547593464,0.47128499641062455
9144,0.9153,12,17,12,602681,2929,105342,2614,0.02713142391344622,0.4715857838715497
9145,0.9154,1,7,1,602688,2922,105343,2613,0.02706658268183334,0.47208672086720865
9146,0.9155,4,4,4,602692,2918,105347,2609,0.02702953054948312,0.472046318074905
9147,0.9156,2,10,2,602702,2908,105349,2607,0.02693690021860758,0.47271078875793293
9148,0.9157,2,2,2,602704,2906,105351,2605,0.02691837415243247,0.4726909816730176
9149,0.9158,7,10,7,602714,2896,105358,2598,0.02682574382155693,0.47287950491445213
9150,0.9159,1,5,1,602719,2891,105359,2597,0.02677942865611916,0.4732142857142857
9151,0.916,3,6,3,602725,2885,105362,2594,0.026723850457593835,0.47344405913487864
9152,0.9161,4,7,4,602732,2878,105366,2590,0.026659009225980954,0.4736649597659108
9153,0.9162,5,7,5,602739,2871,105371,2585,0.026594167994368076,0.4737903225806452
9154,0.9163,5,9,5,602748,2862,105376,2580,0.02651080069658009,0.474090407938258
9155,0.9164,2,7,2,602755,2855,105378,2578,0.02644595946496721,0.47450763850542976
9156,0.9165,3,4,3,602759,2851,105381,2575,0.026408907332616992,0.47456690011057867
9157,0.9166,6,12,6,602771,2839,105387,2569,0.02629775093556634,0.4750369822485207
9158,0.9167,2,4,2,602775,2835,105389,2567,0.026260698803216125,0.4751943724546464
9159,0.9168,3,4,3,602779,2831,105392,2564,0.026223646670865908,0.4752548656163114
9160,0.9169,7,6,7,602785,2825,105399,2557,0.026168068472340583,0.47510219249349683
9161,0.917,5,9,5,602794,2816,105404,2552,0.026084701174552596,0.47540983606557374
9162,0.9171,3,5,3,602799,2811,105407,2549,0.026038386009114824,0.4755597014925373
9163,0.9172,7,10,7,602809,2801,105414,2542,0.02594575567823928,0.4757626801422422
9164,0.9173,3,5,3,602814,2796,105417,2539,0.025899440512801512,0.47591377694470477
9165,0.9174,7,8,7,602822,2788,105424,2532,0.02582533624810108,0.47593984962406016
9166,0.9175,4,1,4,602823,2787,105428,2528,0.025816073215013523,0.47563499529633113
9167,0.9176,4,7,4,602830,2780,105432,2524,0.025751231983400645,0.475867269984917
9168,0.9177,11,5,11,602835,2775,105443,2513,0.025704916817962872,0.4752269288956127
9169,0.9178,4,14,4,602849,2761,105447,2509,0.025575234354737113,0.4760910815939279
9170,0.9179,1,1,1,602850,2760,105448,2508,0.02556597132164956,0.4760820045558087
9171,0.918,1,3,1,602853,2757,105449,2507,0.025538182222386897,0.4762537993920973
9172,0.9181,3,7,3,602860,2750,105452,2504,0.02547334099077402,0.4765892653216597
9173,0.9182,4,9,4,602869,2741,105456,2500,0.025389973692986033,0.4770082045411181
9174,0.9183,2,7,2,602876,2734,105458,2498,0.02532513246137315,0.47744648318042815
9175,0.9184,3,3,3,602879,2731,105461,2495,0.02529734336211049,0.4774205893608879
9176,0.9185,1,16,1,602895,2715,105462,2494,0.025149134832709624,0.47878671530044153
9177,0.9186,2,4,2,602899,2711,105464,2492,0.025112082700359407,0.4789544493561407
9178,0.9187,7,8,7,602907,2703,105471,2485,0.025037978435658973,0.4789899768696993
9179,0.9188,4,9,4,602916,2694,105475,2481,0.024954611137870984,0.47942028985507246
9180,0.9189,6,7,6,602923,2687,105481,2475,0.024889769906258106,0.4794653235180163
9181,0.919,2,5,2,602928,2682,105483,2473,0.024843454740820333,0.47972841901066926
9182,0.9191,9,7,9,602935,2675,105492,2464,0.024778613509207455,0.47947071414672116
9183,0.9192,4,10,4,602945,2665,105496,2460,0.024685983178331913,0.48
9184,0.9193,6,7,6,602952,2658,105502,2454,0.024621141946719032,0.4800469483568075
9185,0.9194,6,2,6,602954,2656,105508,2448,0.024602615880543924,0.47962382445141066
9186,0.9195,4,6,4,602960,2650,105512,2444,0.0245470376820186,0.47978013349038084
9187,0.9196,3,3,3,602963,2647,105515,2441,0.024519248582755938,0.4797562893081761
9188,0.9197,5,8,5,602971,2639,105520,2436,0.024445144318055504,0.48
9189,0.9198,8,18,8,602989,2621,105528,2428,0.02427840972247953,0.4808873044167162
9190,0.9199,3,11,3,603000,2610,105531,2425,0.024176516358516434,0.4816285998013903
9191,0.92,6,11,6,603011,2599,105537,2419,0.024074622994553336,0.48206456755679555
9192,0.9201,4,6,4,603017,2593,105541,2415,0.02401904479602801,0.48222843450479236
9193,0.9202,5,6,5,603023,2587,105546,2410,0.023963466597502685,0.4822893736241745
9194,0.9203,4,7,4,603030,2580,105550,2406,0.023898625365889808,0.4825511432009627
9195,0.9204,3,4,3,603034,2576,105553,2403,0.02386157323353959,0.48262703354087166
9196,0.9205,4,13,4,603047,2563,105557,2399,0.023741153803401385,0.4834744054816606
9197,0.9206,4,6,4,603053,2557,105561,2395,0.02368557560487606,0.48364297253634897
9198,0.9207,2,0,2,603053,2557,105563,2393,0.02368557560487606,0.48343434343434344
9199,0.9208,3,4,3,603057,2553,105566,2390,0.023648523472525843,0.4835120372243577
9200,0.9209,0,2,0,603059,2551,105566,2390,0.023629997406350734,0.4837077514673143
9201,0.921,2,10,2,603069,2541,105568,2388,0.023537367075475192,0.4844796104686549
9202,0.9211,3,5,3,603074,2536,105571,2385,0.023491051910037423,0.4846575899207478
9203,0.9212,4,6,4,603080,2530,105575,2381,0.023435473711512098,0.48482997352881285
9204,0.9213,2,13,2,603093,2517,105577,2379,0.023315054281373895,0.48590686274509803
9205,0.9214,1,6,1,603099,2511,105578,2378,0.02325947608284857,0.48639803640826346
9206,0.9215,2,14,2,603113,2497,105580,2376,0.02312979361962281,0.48758465011286684
9207,0.9216,5,7,5,603120,2490,105585,2371,0.02306495238800993,0.4877597202221765
9208,0.9217,2,10,2,603130,2480,105587,2369,0.022972322057134387,0.488554341101258
9209,0.9218,13,11,13,603141,2469,105600,2356,0.022870428693171293,0.4882901554404145
9210,0.9219,4,5,4,603146,2464,105604,2352,0.02282411352773352,0.4883720930232558
9211,0.922,7,7,7,603153,2457,105611,2345,0.022759272296120642,0.48833819241982507
9212,0.9221,10,8,10,603161,2449,105621,2335,0.02268516803142021,0.48808528428093645
9213,0.9222,5,8,5,603169,2441,105626,2330,0.022611063766719775,0.4883672186124502
9214,0.9223,5,1,5,603170,2440,105631,2325,0.02260180073363222,0.4879328436516264
9215,0.9224,1,5,1,603175,2435,105632,2324,0.02255548556819445,0.4883378861105274
9216,0.9225,8,5,8,603180,2430,105640,2316,0.022509170402756677,0.4879898862199747
9217,0.9226,4,7,4,603187,2423,105644,2312,0.0224443291711438,0.4882787750791975
9218,0.9227,6,5,6,603192,2418,105650,2306,0.022398014005706027,0.48814563928873833
9219,0.9228,5,8,5,603200,2410,105655,2301,0.022323909741005597,0.4884313309276162
9220,0.9229,4,5,4,603205,2405,105659,2297,0.022277594575567824,0.48851552530837944
9221,0.923,4,10,4,603215,2395,105663,2293,0.022184964244692282,0.48912116040955633
9222,0.9231,2,7,2,603222,2388,105665,2291,0.022120123013079404,0.4896345372942936
9223,0.9232,3,7,3,603229,2381,105668,2288,0.022055281781466523,0.4900406939387449
9224,0.9233,6,7,6,603236,2374,105674,2282,0.021990440549853645,0.4901202749140893
9225,0.9234,4,4,4,603240,2370,105678,2278,0.02195338841750343,0.49010327022375216
9226,0.9235,7,3,7,603243,2367,105685,2271,0.021925599318240764,0.4896507115135834
9227,0.9236,4,2,4,603245,2365,105689,2267,0.021907073252065656,0.4894214162348877
9228,0.9237,10,4,10,603249,2361,105699,2257,0.02187002111971544,0.48873971416197487
9229,0.9238,1,4,1,603253,2357,105700,2256,0.021832968987365222,0.48905267721656187
9230,0.9239,3,6,3,603259,2351,105703,2253,0.021777390788839897,0.48935708079930496
9231,0.924,4,2,4,603261,2349,105707,2249,0.02175886472266479,0.4891257068290561
9232,0.9241,8,7,8,603268,2342,105715,2241,0.02169402349105191,0.4889810168012219
9233,0.9242,3,3,3,603271,2339,105718,2238,0.021666234391789246,0.48896657199038673
9234,0.9243,3,8,3,603279,2331,105721,2235,0.021592130127088813,0.4894875164257556
9235,0.9244,4,8,4,603287,2323,105725,2231,0.02151802586238838,0.4898989898989899
9236,0.9245,3,3,3,603290,2320,105728,2228,0.021490236763125718,0.48988566402814426
9237,0.9246,3,1,3,603291,2319,105731,2225,0.021480973730038162,0.48965669014084506
9238,0.9247,4,3,4,603294,2316,105735,2221,0.0214531846307755,0.48953052677981046
9239,0.9248,4,3,4,603297,2313,105739,2217,0.021425395531512837,0.48940397350993375
9240,0.9249,1,2,1,603299,2311,105740,2216,0.02140686946533773,0.48950740004417936
9241,0.925,14,14,14,603313,2297,105754,2202,0.02127718700211197,0.4894420982440542
9242,0.9251,3,9,3,603322,2288,105757,2199,0.021193819704323984,0.4900824604412748
9243,0.9252,1,1,1,603323,2287,105758,2198,0.02118455667123643,0.49007803790412485
9244,0.9253,5,4,5,603327,2283,105763,2193,0.021147504538886214,0.48994638069705093
9245,0.9254,4,7,4,603334,2276,105767,2189,0.021082663307273333,0.4902575587905935
9246,0.9255,0,3,0,603337,2273,105767,2189,0.021054874208010672,0.4905871806364859
9247,0.9256,11,7,11,603344,2266,105778,2178,0.02099003297639779,0.4900990099009901
9248,0.9257,0,8,0,603352,2258,105778,2178,0.020915928711697358,0.4909828674481515
9249,0.9258,6,8,6,603360,2250,105784,2172,0.020841824446996924,0.49118046132971505
9250,0.9259,1,12,1,603372,2238,105785,2171,0.020730668049946274,0.4924019051939215
9251,0.926,7,7,7,603379,2231,105792,2164,0.020665826818333396,0.4923777019340159
9252,0.9261,2,4,2,603383,2227,105794,2162,0.02062877468598318,0.49259512417407153
9253,0.9262,2,14,2,603397,2213,105796,2160,0.02049909222275742,0.49394008689686714
9254,0.9263,5,10,5,603407,2203,105801,2155,0.020406461891881878,0.4944928866452501
9255,0.9264,4,4,4,603411,2199,105805,2151,0.02036940975953166,0.49448275862068963
9256,0.9265,3,2,3,603413,2197,105808,2148,0.020350883693356553,0.494361334867664
9257,0.9266,1,1,1,603414,2196,105809,2147,0.020341620660268997,0.49435873819940135
9258,0.9267,12,11,12,603425,2185,105821,2135,0.020239727296305902,0.49421296296296297
9259,0.9268,10,11,10,603436,2174,105831,2125,0.020137833932342808,0.49430100023261225
9260,0.9269,2,0,2,603436,2174,105833,2123,0.020137833932342808,0.49406562718175473
9261,0.927,1,1,1,603437,2173,105834,2122,0.020128570899255252,0.4940628637951106
9262,0.9271,3,3,3,603440,2170,105837,2119,0.02010078179999259,0.49405455817206806
9263,0.9272,3,4,3,603444,2166,105840,2116,0.020063729667642374,0.49416160672582904
9264,0.9273,5,1,5,603445,2165,105845,2111,0.02005446663455482,0.49368568755846587
9265,0.9274,0,2,0,603447,2163,105845,2111,0.02003594056837971,0.4939167056621432
9266,0.9275,14,8,14,603455,2155,105859,2097,0.019961836303679276,0.4931796801505174
9267,0.9276,2,4,2,603459,2151,105861,2095,0.01992478417132906,0.49340555817239756
9268,0.9277,8,9,8,603468,2142,105869,2087,0.019841416873541073,0.49349728068101206
9269,0.9278,2,4,2,603472,2138,105871,2085,0.019804364741190857,0.49372484016102297
9270,0.9279,2,4,2,603476,2134,105873,2083,0.01976731260884064,0.4939530471899455
9271,0.928,3,2,3,603478,2132,105876,2080,0.01974878654266553,0.49382716049382713
9272,0.9281,1,2,1,603480,2130,105877,2079,0.019730260476490423,0.49394155381325733
9273,0.9282,2,1,2,603481,2129,105879,2077,0.019720997443402867,0.4938183547313362
9274,0.9283,8,1,8,603482,2128,105887,2069,0.019711734410315315,0.49297116988324996
9275,0.9284,4,7,4,603489,2121,105891,2065,0.019646893178702433,0.49331103678929766
9276,0.9285,1,2,1,603491,2119,105892,2064,0.019628367112527325,0.49342577097776713
9277,0.9286,3,2,3,603493,2117,105895,2061,0.019609841046352217,0.4932982288176161
9278,0.9287,4,9,4,603502,2108,105899,2057,0.01952647374856423,0.49387755102040815
9279,0.9288,9,10,9,603512,2098,105908,2048,0.01943384341768869,0.49397009165460687
9280,0.9289,3,5,3,603517,2093,105911,2045,0.019387528252250916,0.4942000966650556
9281,0.929,5,5,5,603522,2088,105916,2040,0.019341213086813146,0.4941860465116279
9282,0.9291,6,3,6,603525,2085,105922,2034,0.019313423987550482,0.493809176984705
9283,0.9292,3,4,3,603529,2081,105925,2031,0.019276371855200265,0.49392023346303504
9284,0.9293,4,3,4,603532,2078,105929,2027,0.019248582755937604,0.49378806333739345
9285,0.9294,8,13,8,603545,2065,105937,2019,0.0191281633257994,0.4943682664054848
9286,0.9295,3,4,3,603549,2061,105940,2016,0.019091111193449185,0.49448123620309054
9287,0.9296,5,7,5,603556,2054,105945,2011,0.019026269961836303,0.4947109471094711
9288,0.9297,4,6,4,603562,2048,105949,2007,0.018970691763310978,0.49494451294697905
9289,0.9298,1,1,1,603563,2047,105950,2006,0.018961428730223426,0.49494201825808043
9290,0.9299,2,3,2,603566,2044,105952,2004,0.01893363963096076,0.4950592885375494
9291,0.93,10,6,10,603572,2038,105962,1994,0.018878061432435436,0.4945436507936508
9292,0.9301,1,0,1,603572,2038,105963,1993,0.018878061432435436,0.49441825849665094
9293,0.9302,4,8,4,603580,2030,105967,1989,0.018803957167735003,0.4948992286638467
9294,0.9303,3,3,3,603583,2027,105970,1986,0.01877616806847234,0.4948916022925492
9295,0.9304,2,7,2,603590,2020,105972,1984,0.01871132683685946,0.4955044955044955
9296,0.9305,5,6,5,603596,2014,105977,1979,0.018655748638334135,0.49561733032807415
9297,0.9306,1,7,1,603603,2007,105978,1978,0.018590907406721258,0.4963613550815558
9298,0.9307,4,4,4,603607,2003,105982,1974,0.01855385527437104,0.4963540357053055
9299,0.9308,4,8,4,603615,1995,105986,1970,0.018479751009670607,0.4968474148802018
9300,0.9309,1,4,1,603619,1991,105987,1969,0.01844269887732039,0.49722222222222223
9301,0.931,5,6,5,603625,1985,105992,1964,0.018387120678795065,0.4973410990124082
9302,0.9311,1,0,1,603625,1985,105993,1963,0.018387120678795065,0.49721377912867276
9303,0.9312,3,3,3,603628,1982,105996,1960,0.0183593315795324,0.4972095383054287
9304,0.9313,5,8,5,603636,1974,106001,1955,0.018285227314831967,0.49758208195469583
9305,0.9314,9,5,9,603641,1969,106010,1946,0.018238912149394198,0.4970625798212005
9306,0.9315,4,7,4,603648,1962,106014,1942,0.018174070917781317,0.4974385245901639
9307,0.9316,1,4,1,603652,1958,106015,1941,0.0181370187854311,0.4978199538343165
9308,0.9317,4,4,4,603656,1954,106019,1937,0.018099966653080883,0.4978154716011308
9309,0.9318,3,7,3,603663,1947,106022,1934,0.018035125421468005,0.4983251739242463
9310,0.9319,2,1,2,603664,1946,106024,1932,0.018025862388380453,0.4981949458483754
9311,0.932,4,1,4,603665,1945,106028,1928,0.018016599355292897,0.49780531887425766
9312,0.9321,0,4,0,603669,1941,106028,1928,0.01797954722294268,0.49831997932282246
9313,0.9322,8,4,8,603673,1937,106036,1920,0.017942495090592463,0.4977962146746176
9314,0.9323,5,4,5,603677,1933,106041,1915,0.017905442958242247,0.49766112266112267
9315,0.9324,0,5,0,603682,1928,106041,1915,0.017859127792804477,0.4983086130627114
9316,0.9325,6,15,6,603697,1913,106047,1909,0.017720182296491162,0.499476713762428
9317,0.9326,2,10,2,603707,1903,106049,1907,0.01762755196561562,0.5005249343832021
9318,0.9327,6,2,6,603709,1901,106055,1901,0.017609025899440512,0.5
9319,0.9328,5,12,5,603721,1889,106060,1896,0.01749786950238986,0.5009247027741083
9320,0.9329,3,6,3,603727,1883,106063,1893,0.017442291303864536,0.5013241525423728
9321,0.933,6,15,6,603742,1868,106069,1887,0.017303345807551225,0.5025299600532623
9322,0.9331,5,9,5,603751,1859,106074,1882,0.017219978509763235,0.5030740443731623
9323,0.9332,3,4,3,603755,1855,106077,1879,0.01718292637741302,0.5032137118371719
9324,0.9333,4,15,4,603770,1840,106081,1875,0.017043980881099707,0.5047106325706595
9325,0.9334,0,1,0,603771,1839,106081,1875,0.01703471784801215,0.5048465266558966
9326,0.9335,6,2,6,603773,1837,106087,1869,0.017016191781837046,0.504317323259579
9327,0.9336,5,6,5,603779,1831,106092,1864,0.01696061358331172,0.5044654939106902
9328,0.9337,2,5,2,603784,1826,106094,1862,0.01691429841787395,0.504880694143167
9329,0.9338,5,9,5,603793,1817,106099,1857,0.016830931120085962,0.505443658138269
9330,0.9339,7,6,7,603799,1811,106106,1850,0.016775352921560637,0.5053264135482108
9331,0.934,6,10,6,603809,1801,106112,1844,0.016682722590685095,0.5058984910836762
9332,0.9341,4,3,4,603812,1798,106116,1840,0.01665493349142243,0.5057724024189115
9333,0.9342,4,3,4,603815,1795,106120,1836,0.01662714439215977,0.5056458275957036
9334,0.9343,6,3,6,603818,1792,106126,1830,0.016599355292897106,0.5052457205963556
9335,0.9344,7,2,7,603820,1790,106133,1823,0.016580829226721997,0.5045668419595903
9336,0.9345,5,4,5,603824,1786,106138,1818,0.01654377709437178,0.5044395116537181
9337,0.9346,0,4,0,603828,1782,106138,1818,0.016506724962021564,0.505
9338,0.9347,6,5,6,603833,1777,106144,1812,0.016460409796583794,0.5048760100306492
9339,0.9348,0,7,0,603840,1770,106144,1812,0.016395568564970913,0.5058626465661642
9340,0.9349,2,6,2,603846,1764,106146,1810,0.016339990366445588,0.506435366536094
9341,0.935,20,8,20,603854,1756,106166,1790,0.016265886101745154,0.5047941342357586
9342,0.9351,6,4,6,603858,1752,106172,1784,0.016228833969394937,0.504524886877828
9343,0.9352,3,2,3,603860,1750,106175,1781,0.01621030790321983,0.5043896913055792
9344,0.9353,2,1,2,603861,1749,106177,1779,0.016201044870132277,0.5042517006802721
9345,0.9354,2,5,2,603866,1744,106179,1777,0.016154729704694504,0.5046861687020733
9346,0.9355,4,1,4,603867,1743,106183,1773,0.01614546667160695,0.5042662116040956
9347,0.9356,2,3,2,603870,1740,106185,1771,0.016117677572344287,0.5044146966676161
9348,0.9357,2,5,2,603875,1735,106187,1769,0.016071362406906518,0.504851598173516
9349,0.9358,9,6,9,603881,1729,106196,1760,0.016015784208381192,0.5044425336772714
9350,0.9359,5,4,5,603885,1725,106201,1755,0.015978732076030976,0.5043103448275862
9351,0.936,4,8,4,603893,1717,106205,1751,0.015904627811330542,0.5049019607843137
9352,0.9361,4,2,4,603895,1715,106209,1747,0.015886101745155434,0.5046216060080878
9353,0.9362,4,4,4,603899,1711,106213,1743,0.015849049612805217,0.5046323103647944
9354,0.9363,5,7,5,603906,1704,106218,1738,0.01578420838119234,0.5049389889599071
9355,0.9364,5,8,5,603914,1696,106223,1733,0.015710104116491905,0.505395158938466
9356,0.9365,6,7,6,603921,1689,106229,1727,0.015645262884879024,0.5055620608899297
9357,0.9366,3,2,3,603923,1687,106232,1724,0.015626736818703916,0.5054236294341835
9358,0.9367,2,10,2,603933,1677,106234,1722,0.015534106487828374,0.5066195939982348
9359,0.9368,6,4,6,603937,1673,106240,1716,0.015497054355478157,0.5063440542933019
9360,0.9369,4,5,4,603942,1668,106244,1712,0.015450739190040386,0.506508875739645
9361,0.937,5,3,5,603945,1665,106249,1707,0.015422950090777725,0.5062277580071174
9362,0.9371,5,1,5,603946,1664,106254,1702,0.015413687057690171,0.5056446821152704
9363,0.9372,4,3,4,603949,1661,106258,1698,0.015385897958427508,0.5055075915451027
9364,0.9373,3,5,3,603954,1656,106261,1695,0.015339582792989737,0.5058191584601611
9365,0.9374,3,6,3,603960,1650,106264,1692,0.015284004594464412,0.5062836624775583
9366,0.9375,10,1,10,603961,1649,106274,1682,0.015274741561376858,0.504953467427199
9367,0.9376,1,2,1,603963,1647,106275,1681,0.01525621549520175,0.5051081730769231
9368,0.9377,4,5,4,603968,1642,106279,1677,0.015209900329763978,0.5052726724917144
9369,0.9378,2,5,2,603973,1637,106281,1675,0.015163585164326207,0.5057367149758454
9370,0.9379,2,6,2,603979,1631,106283,1673,0.015108006965800882,0.5063559322033898
9371,0.938,5,9,5,603988,1622,106288,1668,0.015024639668012894,0.5069908814589665
9372,0.9381,5,9,5,603997,1613,106293,1663,0.014941272370224907,0.5076312576312576
9373,0.9382,3,7,3,604004,1606,106296,1660,0.014876431138612027,0.5082669932639314
9374,0.9383,1,3,1,604007,1603,106297,1659,0.014848642039349364,0.5085836909871244
9375,0.9384,5,2,5,604009,1601,106302,1654,0.014830115973174256,0.5081413210445469
9376,0.9385,2,1,2,604010,1600,106304,1652,0.014820852940086702,0.5079950799507995
9377,0.9386,8,11,8,604021,1589,106312,1644,0.014718959576123606,0.5085060315496442
9378,0.9387,6,6,6,604027,1583,106318,1638,0.01466338137759828,0.5085377212045948
9379,0.9388,6,7,6,604034,1576,106324,1632,0.014598540145985401,0.5087281795511222
9380,0.939,7,4,7,604038,1572,106331,1625,0.014561488013635184,0.5082890209571473
9381,0.9391,2,1,2,604039,1571,106333,1623,0.01455222498054763,0.5081402629931121
9382,0.9392,0,3,0,604042,1568,106333,1623,0.014524435881284967,0.5086179880915074
9383,0.9393,3,5,3,604047,1563,106336,1620,0.014478120715847196,0.5089538171536286
9384,0.9394,3,4,3,604051,1559,106339,1617,0.01444106858349698,0.5091309823677582
9385,0.9395,6,3,6,604054,1556,106345,1611,0.014413279484234317,0.5086832964951058
9386,0.9396,2,2,2,604056,1554,106347,1609,0.014394753418059208,0.5086942775845716
9387,0.9397,4,6,4,604062,1548,106351,1605,0.014339175219533885,0.5090390104662227
9388,0.9398,3,8,3,604070,1540,106354,1602,0.014265070954833451,0.50986632718014
9389,0.9399,0,4,0,604074,1536,106354,1602,0.014228018822483235,0.5105162523900574
9390,0.94,10,10,10,604084,1526,106364,1592,0.014135388491607693,0.5105837075048107
9391,0.9401,2,1,2,604085,1525,106366,1590,0.014126125458520138,0.5104333868378812
9392,0.9402,7,9,7,604094,1516,106373,1583,0.01404275816073215,0.5108099386899
9393,0.9403,2,3,2,604097,1513,106375,1581,0.014014969061469488,0.510989010989011
9394,0.9404,2,3,2,604100,1510,106377,1579,0.013987179962206825,0.5111686629977339
9395,0.9405,5,2,5,604102,1508,106382,1574,0.013968653896031717,0.5107073329007138
9396,0.9406,1,3,1,604105,1505,106383,1573,0.013940864796769054,0.5110461338531515
9397,0.9407,7,8,7,604113,1497,106390,1566,0.01386676053206862,0.5112634671890304
9398,0.9408,2,6,2,604119,1491,106392,1564,0.013811182333543295,0.5119476268412438
9399,0.9409,1,2,1,604121,1489,106393,1563,0.013792656267368187,0.5121231979030144
9400,0.941,6,7,6,604128,1482,106399,1557,0.013727815035755308,0.5123395853899309
9401,0.9411,2,3,2,604131,1479,106401,1555,0.013700025936492645,0.512524719841793
9402,0.9412,5,5,5,604136,1474,106406,1550,0.013653710771054874,0.5125661375661376
9403,0.9413,4,6,4,604142,1468,106410,1546,0.013598132572529549,0.5129396151293961
9404,0.9414,9,11,9,604153,1457,106419,1537,0.013496239208566452,0.5133600534402137
9405,0.9415,7,3,7,604156,1454,106426,1530,0.01346845010930379,0.5127345844504021
9406,0.9416,4,6,4,604162,1448,106430,1526,0.013412871910778465,0.5131136516476127
9407,0.9417,5,4,5,604166,1444,106435,1521,0.013375819778428248,0.5129848229342328
9408,0.9418,3,4,3,604170,1440,106438,1518,0.013338767646078031,0.513184584178499
9409,0.9419,1,3,1,604173,1437,106439,1517,0.013310978546815368,0.51354096140826
9410,0.942,3,3,3,604176,1434,106442,1514,0.013283189447552708,0.5135685210312076
9411,0.9421,0,2,0,604178,1432,106442,1514,0.013264663381377599,0.5139171758316361
9412,0.9422,4,2,4,604180,1430,106446,1510,0.01324613731520249,0.5136054421768708
9413,0.9423,7,1,7,604181,1429,106453,1503,0.013236874282114936,0.512619372442019
9414,0.9424,1,7,1,604188,1422,106454,1502,0.013172033050502057,0.5136798905608755
9415,0.9425,11,3,11,604191,1419,106465,1491,0.013144243951239394,0.5123711340206185
9416,0.9426,1,4,1,604195,1415,106466,1490,0.013107191818889178,0.5129087779690189
9417,0.9427,4,8,4,604203,1407,106470,1486,0.013033087554188744,0.5136536467334947
9418,0.9428,2,3,2,604206,1404,106472,1484,0.013005298454926081,0.5138504155124654
9419,0.9429,0,2,0,604208,1402,106472,1484,0.012986772388750973,0.5142065142065142
9420,0.943,2,3,2,604211,1399,106474,1482,0.01295898328948831,0.5144047205831308
9421,0.9431,2,1,2,604212,1398,106476,1480,0.012949720256400756,0.5142460041695622
9422,0.9432,3,2,3,604214,1396,106479,1477,0.012931194190225648,0.5140967629655413
9423,0.9433,8,4,8,604218,1392,106487,1469,0.012894142057875431,0.5134568332750786
9424,0.9434,3,5,3,604223,1387,106490,1466,0.01284782689243766,0.5138450753592709
9425,0.9435,7,7,7,604230,1380,106497,1459,0.01278298566082478,0.5139133497710462
9426,0.9436,0,1,0,604231,1379,106497,1459,0.012773722627737226,0.5140944326990838
9427,0.9437,6,5,6,604236,1374,106503,1453,0.012727407462299455,0.5139724089140432
9428,0.9438,0,4,0,604240,1370,106503,1453,0.012690355329949238,0.5147006730428622
9429,0.9439,2,5,2,604245,1365,106505,1451,0.012644040164511467,0.5152698863636364
9430,0.944,7,4,7,604249,1361,106512,1444,0.01260698803216125,0.514795008912656
9431,0.9441,1,4,1,604253,1357,106513,1443,0.012569935899811034,0.5153571428571428
9432,0.9442,2,1,2,604254,1356,106515,1441,0.01256067286672348,0.515194851626743
9433,0.9443,0,4,0,604258,1352,106515,1441,0.012523620734373263,0.5159326888650196
9434,0.9444,3,2,3,604260,1350,106518,1438,0.012505094668198154,0.5157819225251076
9435,0.9445,5,1,5,604261,1349,106523,1433,0.0124958316351106,0.5150970524802301
9436,0.9446,2,5,2,604266,1344,106525,1431,0.01244951646967283,0.5156756756756756
9437,0.9447,4,7,4,604273,1337,106529,1427,0.01238467523805995,0.5162807525325616
9438,0.9448,2,3,2,604276,1334,106531,1425,0.012356886138797287,0.516491482421167
9439,0.9449,6,5,6,604281,1329,106537,1419,0.012310570973359516,0.5163755458515283
9440,0.945,8,6,8,604287,1323,106545,1411,0.012254992774834191,0.5160936356986101
9441,0.9451,1,4,1,604291,1319,106546,1410,0.012217940642483976,0.5166727739098571
9442,0.9452,5,9,5,604300,1310,106551,1405,0.012134573344695988,0.5174953959484346
9443,0.9453,6,4,6,604304,1306,106557,1399,0.012097521212345771,0.5171903881700555
9444,0.9454,3,9,3,604313,1297,106560,1396,0.012014153914557783,0.5183809877460082
9445,0.9455,1,2,1,604315,1295,106561,1395,0.011995627848382675,0.5185873605947955
9446,0.9456,7,6,7,604321,1289,106568,1388,0.01194004964985735,0.5184908479641389
9447,0.9457,2,4,2,604325,1285,106570,1386,0.011902997517507133,0.5189067764882067
9448,0.9458,3,1,3,604326,1284,106573,1383,0.011893734484419579,0.5185601799775028
9449,0.9459,5,3,5,604329,1281,106578,1378,0.011865945385156916,0.5182399398270027
9450,0.946,5,3,5,604332,1278,106583,1373,0.011838156285894253,0.5179177668804225
9451,0.9461,3,9,3,604341,1269,106586,1370,0.011754788988106266,0.5191360363774157
9452,0.9462,11,8,11,604349,1261,106597,1359,0.011680684723405832,0.5187022900763358
9453,0.9463,1,5,1,604354,1256,106598,1358,0.011634369557968061,0.5195103289977047
9454,0.9464,1,3,1,604357,1253,106599,1357,0.011606580458705398,0.5199233716475096
9455,0.9465,0,1,0,604358,1252,106599,1357,0.011597317425617844,0.520122652357225
9456,0.9466,2,1,2,604359,1251,106601,1355,0.01158805439253029,0.5199539524174981
9457,0.9467,9,4,9,604363,1247,106610,1346,0.011551002260180073,0.5190898573081373
9458,0.9468,2,1,2,604364,1246,106612,1344,0.011541739227092519,0.518918918918919
9459,0.9469,3,4,3,604368,1242,106615,1341,0.011504687094742302,0.519163763066202
9460,0.947,4,1,4,604369,1241,106619,1337,0.011495424061654748,0.5186190845616757
9461,0.9471,1,7,1,604376,1234,106620,1336,0.011430582830041868,0.5198443579766537
9462,0.9472,1,4,1,604380,1230,106621,1335,0.011393530697691652,0.52046783625731
9463,0.9473,8,9,8,604389,1221,106629,1327,0.011310163399903664,0.5208006279434851
9464,0.9474,4,3,4,604392,1218,106633,1323,0.011282374300641001,0.5206611570247934
9465,0.9475,3,6,3,604398,1212,106636,1320,0.011226796102115676,0.5213270142180095
9466,0.9476,2,3,2,604401,1209,106638,1318,0.011199007002853013,0.5215670755836961
9467,0.9477,3,3,3,604404,1206,106641,1315,0.01117121790359035,0.5216184053946846
9468,0.9478,0,2,0,604406,1204,106641,1315,0.011152691837415244,0.5220325526002382
9469,0.9479,9,11,9,604417,1193,106650,1306,0.011050798473452148,0.522609043617447
9470,0.948,3,7,3,604424,1186,106653,1303,0.010985957241839268,0.5235034150261149
9471,0.9481,1,1,1,604425,1185,106654,1302,0.010976694208751714,0.5235223160434258
9472,0.9482,0,2,0,604427,1183,106654,1302,0.010958168142576606,0.523943661971831
9473,0.9483,3,8,3,604435,1175,106657,1299,0.010884063877876172,0.5250606305578012
9474,0.9485,2,4,2,604439,1171,106659,1297,0.010847011745525955,0.5255267423014587
9475,0.9486,4,5,4,604444,1166,106663,1293,0.010800696580088184,0.5258235054900366
9476,0.9487,2,6,2,604450,1160,106665,1291,0.010745118381562859,0.5267237862097103
9477,0.9488,4,7,4,604457,1153,106669,1287,0.01068027714994998,0.5274590163934426
9478,0.9489,7,3,7,604460,1150,106676,1280,0.010652488050687317,0.5267489711934157
9479,0.949,1,3,1,604463,1147,106677,1279,0.010624698951424654,0.5272052761747733
9480,0.9491,3,2,3,604465,1145,106680,1276,0.010606172885249546,0.527054935976869
9481,0.9492,4,5,4,604470,1140,106684,1272,0.010559857719811775,0.527363184079602
9482,0.9493,3,6,3,604476,1134,106687,1269,0.01050427952128645,0.5280898876404494
9483,0.9494,1,3,1,604479,1131,106688,1268,0.010476490422023787,0.5285535639849938
9484,0.9495,4,5,4,604484,1126,106692,1264,0.010430175256586016,0.5288702928870292
9485,0.9496,2,6,2,604490,1120,106694,1262,0.010374597058060691,0.5298068849706129
9486,0.9497,3,3,3,604493,1117,106697,1259,0.010346807958798028,0.5298821548821548
9487,0.9498,2,3,2,604496,1114,106699,1257,0.010319018859535366,0.5301560522986082
9488,0.9499,1,0,1,604496,1114,106700,1256,0.010319018859535366,0.529957805907173
9489,0.95,13,11,13,604507,1103,106713,1243,0.01021712549557227,0.5298380221653879
9490,0.9501,1,3,1,604510,1100,106714,1242,0.010189336396309607,0.5303159692570453
9491,0.9502,2,2,2,604512,1098,106716,1240,0.010170810330134498,0.5303678357570573
9492,0.9503,3,2,3,604514,1096,106719,1237,0.01015228426395939,0.5302186026575225
9493,0.9504,1,6,1,604520,1090,106720,1236,0.010096706065434067,0.531384350816853
9494,0.9505,2,0,2,604520,1090,106722,1234,0.010096706065434067,0.5309810671256454
9495,0.9506,6,8,6,604528,1082,106728,1228,0.010022601800733633,0.5316017316017316
9496,0.9507,12,7,12,604535,1075,106740,1216,0.009957760569120754,0.5307725883893496
9497,0.9508,2,6,2,604541,1069,106742,1214,0.009902182370595428,0.5317564607971966
9498,0.9509,2,1,2,604542,1068,106744,1212,0.009892919337507874,0.531578947368421
9499,0.951,1,3,1,604545,1065,106745,1211,0.009865130238245211,0.5320738137082601
9500,0.9511,3,4,3,604549,1061,106748,1208,0.009828078105894995,0.5323931247245483
9501,0.9512,4,5,4,604554,1056,106752,1204,0.009781762940457224,0.5327433628318584
9502,0.9513,0,1,0,604555,1055,106752,1204,0.00977249990736967,0.532979194333776
9503,0.9514,2,1,2,604556,1054,106754,1202,0.009763236874282115,0.5328014184397163
9504,0.9515,4,4,4,604560,1050,106758,1198,0.009726184741931898,0.5329181494661922
9505,0.9516,1,3,1,604563,1047,106759,1197,0.009698395642669236,0.5334224598930482
9506,0.9517,1,3,1,604566,1044,106760,1196,0.009670606543406573,0.5339285714285714
9507,0.9518,4,3,4,604569,1041,106764,1192,0.00964281744414391,0.5338110165696373
9508,0.9519,7,3,7,604572,1038,106771,1185,0.009615028344881248,0.5330634278002699
9509,0.952,6,5,6,604577,1033,106777,1179,0.009568713179443477,0.533001808318264
9510,0.9521,2,8,2,604585,1025,106779,1177,0.009494608914743043,0.5345140781108083
9511,0.9522,2,7,2,604592,1018,106781,1175,0.009429767683130164,0.5357957136342909
9512,0.9523,6,3,6,604595,1015,106787,1169,0.009401978583867501,0.5352564102564102
9513,0.9524,7,10,7,604605,1005,106794,1162,0.00930934825299196,0.5362251961236733
9514,0.9525,3,6,3,604611,999,106797,1159,0.009253770054466634,0.5370713623725671
9515,0.9526,6,4,6,604615,995,106803,1153,0.009216717922116417,0.5367783985102421
9516,0.9527,1,1,1,604616,994,106804,1152,0.009207454889028863,0.5368126747437092
9517,0.9528,1,1,1,604617,993,106805,1151,0.009198191855941309,0.5368470149253731
9518,0.9529,6,6,6,604623,987,106811,1145,0.009142613657415984,0.5370544090056285
9519,0.953,1,1,1,604624,986,106812,1144,0.00913335062432843,0.5370892018779343
9520,0.9531,8,7,8,604631,979,106820,1136,0.00906850939271555,0.5371158392434988
9521,0.9532,5,7,5,604638,972,106825,1131,0.009003668161102672,0.5378031383737518
9522,0.9533,5,2,5,604640,970,106830,1126,0.008985142094927564,0.5372137404580153
9523,0.9534,2,2,2,604642,968,106832,1124,0.008966616028752455,0.5372848948374761
9524,0.9535,3,5,3,604647,963,106835,1121,0.008920300863314684,0.5379078694817658
9525,0.9536,6,5,6,604652,958,106841,1115,0.008873985697876913,0.537867824409069
9526,0.9537,2,2,2,604654,956,106843,1113,0.008855459631701805,0.5379410343160947
9527,0.9539,3,6,3,604660,950,106846,1110,0.00879988143317648,0.5388349514563107
9528,0.954,4,2,4,604662,948,106850,1106,0.008781355367001371,0.5384615384615384
9529,0.9541,1,3,1,604665,945,106851,1105,0.008753566267738709,0.5390243902439025
9530,0.9542,5,3,5,604668,942,106856,1100,0.008725777168476046,0.5386875612144956
9531,0.9543,2,2,2,604670,940,106858,1098,0.008707251102300938,0.5387634936211972
9532,0.9544,4,3,4,604673,937,106862,1094,0.008679462003038275,0.5386509108813392
9533,0.9545,3,11,3,604684,926,106865,1091,0.008577568639075179,0.5409023301933564
9534,0.9546,2,2,2,604686,924,106867,1089,0.00855904257290007,0.5409836065573771
9535,0.9548,2,4,2,604690,920,106869,1087,0.008521990440549854,0.541604384653712
9536,0.9549,0,2,0,604692,918,106869,1087,0.008503464374374745,0.5421446384039901
9537,0.955,10,6,10,604698,912,106879,1077,0.00844788617584942,0.5414781297134238
9538,0.9551,5,6,5,604704,906,106884,1072,0.008392307977324095,0.5419615773508595
9539,0.9552,3,2,3,604706,904,106887,1069,0.008373781911148986,0.5418144956918398
9540,0.9553,1,4,1,604710,900,106888,1068,0.00833672977879877,0.5426829268292683
9541,0.9554,1,4,1,604714,896,106889,1067,0.008299677646448553,0.543555781966378
9542,0.9555,3,1,3,604715,895,106892,1064,0.008290414613360999,0.5431342521694742
9543,0.9556,3,4,3,604719,891,106895,1061,0.008253362481010782,0.5435450819672131
9544,0.9557,2,5,2,604724,886,106897,1059,0.00820704731557301,0.5444730077120823
9545,0.9558,3,2,3,604726,884,106900,1056,0.008188521249397902,0.5443298969072164
9546,0.9559,4,0,4,604726,884,106904,1052,0.008188521249397902,0.5433884297520661
9547,0.956,4,1,4,604727,883,106908,1048,0.008179258216310348,0.5427239772138788
9548,0.9561,1,0,1,604727,883,106909,1047,0.008179258216310348,0.5424870466321243
9549,0.9562,2,1,2,604728,882,106911,1045,0.008169995183222794,0.5422937208095485
9550,0.9563,0,1,0,604729,881,106911,1045,0.00816073215013524,0.5425752855659398
9551,0.9564,2,2,2,604731,879,106913,1043,0.008142206083960131,0.5426638917793964
9552,0.9565,2,4,2,604735,875,106915,1041,0.008105153951609914,0.5433194154488518
9553,0.9566,0,1,0,604736,874,106915,1041,0.00809589091852236,0.5436031331592689
9554,0.9567,6,3,6,604739,871,106921,1035,0.008068101819259698,0.5430220356768101
9555,0.9568,1,2,1,604741,869,106922,1034,0.00804957575308459,0.5433526011560693
9556,0.9569,1,1,1,604742,868,106923,1033,0.008040312719997035,0.5433982114676486
9557,0.957,7,9,7,604751,859,106930,1026,0.007956945422209049,0.5442970822281167
9558,0.9571,1,6,1,604757,853,106931,1025,0.007901367223683724,0.5457933972310969
9559,0.9572,2,4,2,604761,849,106933,1023,0.007864315091333507,0.5464743589743589
9560,0.9573,6,2,6,604763,847,106939,1017,0.007845789025158399,0.5456008583690987
9561,0.9574,2,2,2,604765,845,106941,1015,0.00782726295898329,0.5456989247311828
9562,0.9575,2,5,2,604770,840,106943,1013,0.007780947793545518,0.5466810577441986
9563,0.9576,5,2,5,604772,838,106948,1008,0.00776242172737041,0.5460455037919827
9564,0.9577,3,5,3,604777,833,106951,1005,0.007716106561932639,0.5467899891186072
9565,0.9578,2,4,2,604781,829,106953,1003,0.007679054429582423,0.5474890829694323
9566,0.9579,5,3,5,604784,826,106958,998,0.00765126533031976,0.5471491228070176
9567,0.958,6,6,6,604790,820,106964,992,0.007595687131794435,0.5474613686534217
9568,0.9581,0,3,0,604793,817,106964,992,0.007567898032531772,0.5483692647871752
9569,0.9582,3,1,3,604794,816,106967,989,0.007558634999444218,0.5479224376731302
9570,0.9583,5,5,5,604799,811,106972,984,0.007512319834006447,0.5481894150417828
9571,0.9584,1,1,1,604800,810,106973,983,0.007503056800918893,0.5482431678750698
9572,0.9585,1,5,1,604805,805,106974,982,0.007456741635481122,0.5495243424734192
9573,0.9586,3,3,3,604808,802,106977,979,0.007428952536218459,0.5496911847276811
9574,0.9587,2,2,2,604810,800,106979,977,0.007410426470043351,0.5498030388294879
9575,0.9588,11,2,11,604812,798,106990,966,0.0073919004038682425,0.5476190476190477
9576,0.9589,1,0,1,604812,798,106991,965,0.0073919004038682425,0.5473624503686897
9577,0.959,4,4,4,604816,794,106995,961,0.007354848271518026,0.5475783475783476
9578,0.9591,3,5,3,604821,789,106998,958,0.007308533106080255,0.5483686319404694
9579,0.9592,4,4,4,604825,785,107002,954,0.007271480973730038,0.5485911443358252
9580,0.9593,2,2,2,604827,783,107004,952,0.0072529549075549295,0.5487031700288184
9581,0.9594,4,2,4,604829,781,107008,948,0.007234428841379821,0.5482938114517062
9582,0.9595,0,2,0,604831,779,107008,948,0.007215902775204713,0.5489287782281412
9583,0.9596,2,0,2,604831,779,107010,946,0.007215902775204713,0.5484057971014493
9584,0.9597,2,3,2,604834,776,107012,944,0.00718811367594205,0.5488372093023256
9585,0.9598,4,3,4,604837,773,107016,940,0.007160324576679388,0.5487448920023351
9586,0.9599,6,3,6,604840,770,107022,934,0.007132535477416726,0.5481220657276995
9587,0.96,8,6,8,604846,764,107030,926,0.0070769572788914005,0.5479289940828402
9588,0.9601,3,2,3,604848,762,107033,923,0.007058431212716292,0.5477744807121662
9589,0.9602,0,2,0,604850,760,107033,923,0.007039905146541184,0.5484254307783719
9590,0.9603,1,1,1,604851,759,107034,922,0.0070306421134536294,0.5484830458060678
9591,0.9604,2,5,2,604856,754,107036,920,0.006984326948015858,0.5495818399044206
9592,0.9605,2,2,2,604858,752,107038,918,0.00696580088184075,0.5497005988023952
9593,0.9606,3,2,3,604860,750,107041,915,0.006947274815665642,0.5495495495495496
9594,0.9607,4,1,4,604861,749,107045,911,0.006938011782578087,0.5487951807228916
9595,0.9608,0,5,0,604866,744,107045,911,0.006891696617140316,0.5504531722054381
9596,0.9609,4,3,4,604869,741,107049,907,0.006863907517877654,0.5503640776699029
9597,0.961,8,2,8,604871,739,107057,899,0.006845381451702545,0.5488400488400489
9598,0.9611,7,1,7,604872,738,107064,892,0.006836118418614991,0.5472392638036809
9599,0.9612,4,2,4,604874,736,107068,888,0.006817592352439883,0.5467980295566502
9600,0.9613,3,1,3,604875,735,107071,885,0.0068083293193523286,0.5462962962962963
9601,0.9614,3,1,3,604876,734,107074,882,0.006799066286264774,0.5457920792079208
9602,0.9615,4,0,4,604876,734,107078,878,0.006799066286264774,0.5446650124069479
9603,0.9616,4,7,4,604883,727,107082,874,0.006734225054651895,0.5459088069956277
9604,0.9617,2,2,2,604885,725,107084,872,0.0067156989884767865,0.5460237946149029
9605,0.9618,1,2,1,604887,723,107085,871,0.006697172922301678,0.5464240903387704
9606,0.9619,4,2,4,604889,721,107089,867,0.00667864685612657,0.5459697732997482
9607,0.962,6,7,6,604896,714,107095,861,0.006613805624513691,0.5466666666666666
9608,0.9621,3,1,3,604897,713,107098,858,0.006604542591426137,0.5461489497135582
9609,0.9622,5,4,5,604901,709,107103,853,0.00656749045907592,0.5460947503201025
9610,0.9623,3,1,3,604902,708,107106,850,0.006558227425988366,0.5455712451861361
9611,0.9624,3,2,3,604904,706,107109,847,0.0065397013598132575,0.54539600772698
9612,0.9625,5,3,5,604907,703,107114,842,0.006511912260550595,0.5449838187702265
9613,0.9626,2,5,2,604912,698,107116,840,0.006465597095112824,0.5461638491547465
9614,0.9627,3,1,3,604913,697,107119,837,0.00645633406202527,0.545632333767927
9615,0.9628,2,1,2,604914,696,107121,835,0.0064470710289377155,0.5453951665578054
9616,0.9629,4,1,4,604915,695,107125,831,0.006437807995850161,0.5445609436435125
9617,0.963,2,2,2,604917,693,107127,829,0.006419281929675053,0.5446780551905388
9618,0.9631,3,2,3,604919,691,107130,826,0.0064007558634999445,0.5444957152274226
9619,0.9632,4,2,4,604921,689,107134,822,0.006382229797324836,0.5440105890138981
9620,0.9633,11,4,11,604925,685,107145,811,0.006345177664974619,0.5421122994652406
9621,0.9634,2,3,2,604928,682,107147,809,0.006317388565711957,0.5425888665325285
9622,0.9635,3,6,3,604934,676,107150,806,0.006261810367186631,0.543859649122807
9623,0.9636,0,1,0,604935,675,107150,806,0.006252547334099077,0.5442268737339635
9624,0.9637,2,3,2,604938,672,107152,804,0.006224758234836415,0.5447154471544715
9625,0.9638,2,5,2,604943,667,107154,802,0.0061784430693986436,0.5459496255956433
9626,0.9639,6,4,6,604947,663,107160,796,0.006141390937048427,0.5455791638108294
9627,0.964,0,1,0,604948,662,107160,796,0.0061321279039608725,0.5459533607681756
9628,0.9641,1,0,1,604948,662,107161,795,0.0061321279039608725,0.5456417295813315
9629,0.9642,1,4,1,604952,658,107162,794,0.006095075771610657,0.546831955922865
9630,0.9643,5,2,5,604954,656,107167,789,0.006076549705435548,0.5460207612456748
9631,0.9644,5,6,5,604960,650,107172,784,0.006020971506910223,0.5467224546722455
9632,0.9645,7,1,7,604961,649,107179,777,0.006011708473822669,0.5448807854137447
9633,0.9646,0,3,0,604964,646,107179,777,0.005983919374560006,0.5460295151089248
9634,0.9647,6,2,6,604966,644,107185,771,0.005965393308384898,0.5448763250883393
9635,0.9648,1,1,1,604967,643,107186,770,0.0059561302752973435,0.5449398443029017
9636,0.9649,1,0,1,604967,643,107187,769,0.0059561302752973435,0.5446175637393768
9637,0.965,10,10,10,604977,633,107197,759,0.0058634999444218015,0.5452586206896551
9638,0.9651,0,5,0,604982,628,107197,759,0.0058171847789840305,0.5472242249459265
9639,0.9652,0,1,0,604983,627,107197,759,0.005807921745896476,0.5476190476190477
9640,0.9653,3,3,3,604986,624,107200,756,0.005780132646633814,0.5478260869565217
9641,0.9654,6,4,6,604990,620,107206,750,0.005743080514283597,0.5474452554744526
9642,0.9655,3,7,3,604997,613,107209,747,0.005678239282670717,0.549264705882353
9643,0.9656,5,6,5,605003,607,107214,742,0.005622661084145392,0.5500370644922165
9644,0.9658,4,3,4,605006,604,107218,738,0.00559487198488273,0.5499254843517138
9645,0.9659,3,2,3,605008,602,107221,735,0.005576345918707622,0.5497382198952879
9646,0.966,2,0,2,605008,602,107223,733,0.005576345918707622,0.549063670411985
9647,0.9661,1,0,1,605008,602,107224,732,0.005576345918707622,0.5487256371814093
9648,0.9662,1,5,1,605013,597,107225,731,0.005530030753269851,0.5504518072289156
9649,0.9663,5,4,5,605017,593,107230,726,0.005492978620919634,0.5504169825625473
9650,0.9664,2,0,2,605017,593,107232,724,0.005492978620919634,0.5497342444950646
9651,0.9665,2,1,2,605018,592,107234,722,0.00548371558783208,0.5494672754946728
9652,0.9666,5,5,5,605023,587,107239,717,0.005437400422394309,0.5498466257668712
9653,0.9667,3,0,3,605023,587,107242,714,0.005437400422394309,0.5488086087624904
9654,0.9668,4,1,4,605024,586,107246,710,0.005428137389306755,0.5478395061728395
9655,0.9669,2,2,2,605026,584,107248,708,0.005409611323131646,0.5479876160990712
9656,0.967,1,1,1,605027,583,107249,707,0.005400348290044092,0.548062015503876
9657,0.9671,2,1,2,605028,582,107251,705,0.005391085256956538,0.5477855477855478
9658,0.9672,2,3,2,605031,579,107253,703,0.005363296157693875,0.5483619344773791
9659,0.9673,3,3,3,605034,576,107256,700,0.005335507058431213,0.54858934169279
9660,0.9674,4,5,4,605039,571,107260,696,0.005289191892993442,0.5493291239147593
9661,0.9675,3,7,3,605046,564,107263,693,0.005224350661380562,0.5513126491646778
9662,0.9676,3,0,3,605046,564,107266,690,0.005224350661380562,0.5502392344497608
9663,0.9677,1,1,1,605047,563,107267,689,0.005215087628293008,0.5503194888178914
9664,0.9678,0,1,0,605048,562,107267,689,0.005205824595205454,0.5507593924860112
9665,0.9679,0,1,0,605049,561,107267,689,0.0051965615621179,0.5512
9666,0.968,1,0,1,605049,561,107268,688,0.0051965615621179,0.5508406725380304
9667,0.9682,6,2,6,605051,559,107274,682,0.005178035495942791,0.5495568090249798
9668,0.9683,5,11,5,605062,548,107279,677,0.005076142131979695,0.5526530612244898
9669,0.9684,4,2,4,605064,546,107283,673,0.005057616065804587,0.5520918785890074
9670,0.9686,3,1,3,605065,545,107286,670,0.005048353032717033,0.551440329218107
9671,0.9687,3,3,3,605068,542,107289,667,0.005020563933454371,0.5516956162117452
9672,0.9688,4,5,4,605073,537,107293,663,0.0049742487680166,0.5525
9673,0.9689,0,4,0,605077,533,107293,663,0.004937196635666383,0.5543478260869565
9674,0.969,2,2,2,605079,531,107295,661,0.0049186705694912744,0.5545302013422819
9675,0.9691,2,5,2,605084,526,107297,659,0.004872355404053503,0.5561181434599156
9676,0.9692,3,1,3,605085,525,107300,656,0.004863092370965949,0.5554614733276884
9677,0.9693,0,2,0,605087,523,107300,656,0.004844566304790841,0.556403731976251
9678,0.9694,2,1,2,605088,522,107302,654,0.004835303271703287,0.5561224489795918
9679,0.9695,1,2,1,605090,520,107303,653,0.004816777205528178,0.556692242114237
9680,0.9696,2,7,2,605097,513,107305,651,0.004751935973915299,0.5592783505154639
9681,0.9697,3,1,3,605098,512,107308,648,0.0047426729408277446,0.5586206896551724
9682,0.9698,2,7,2,605105,505,107310,646,0.004677831709214865,0.5612510860121633
9683,0.9699,2,1,2,605106,504,107312,644,0.004668568676127311,0.5609756097560976
9684,0.97,16,18,16,605124,486,107328,628,0.004501834080551336,0.5637342908438061
9685,0.9701,2,3,2,605127,483,107330,626,0.0044740449812886735,0.5644724977457168
9686,0.9702,4,2,4,605129,481,107334,622,0.004455518915113565,0.5639165911151405
9687,0.9703,1,6,1,605135,475,107335,621,0.00439994071658824,0.5666058394160584
9688,0.9704,1,0,1,605135,475,107336,620,0.00439994071658824,0.5662100456621004
9689,0.9705,3,5,3,605140,470,107339,617,0.004353625551150469,0.5676172953081877
9690,0.9706,3,2,3,605142,468,107342,614,0.0043350994849753605,0.5674676524953789
9691,0.9707,2,2,2,605144,466,107344,612,0.004316573418800252,0.5677179962894249
9692,0.9708,4,2,4,605146,464,107348,608,0.004298047352625144,0.5671641791044776
9693,0.9709,1,3,1,605149,461,107349,607,0.004270258253362481,0.5683520599250936
9694,0.971,3,4,3,605153,457,107352,604,0.004233206121012264,0.5692742695570217
9695,0.9711,5,1,5,605154,456,107357,599,0.00422394308792471,0.5677725118483412
9696,0.9712,1,4,1,605158,452,107358,598,0.004186890955574493,0.5695238095238095
9697,0.9713,2,0,2,605158,452,107360,596,0.004186890955574493,0.5687022900763359
9698,0.9714,5,3,5,605161,449,107365,591,0.004159101856311831,0.5682692307692307
9699,0.9715,6,1,6,605162,448,107371,585,0.004149838823224276,0.5663117134559535
9700,0.9716,1,0,1,605162,448,107372,584,0.004149838823224276,0.5658914728682171
9701,0.9717,10,7,10,605169,441,107382,574,0.004084997591611397,0.5655172413793104
9702,0.9718,1,0,1,605169,441,107383,573,0.004084997591611397,0.5650887573964497
9703,0.9719,1,2,1,605171,439,107384,572,0.0040664715254362886,0.5657764589515332
9704,0.972,2,1,2,605172,438,107386,570,0.004057208492348734,0.5654761904761905
9705,0.9722,2,1,2,605173,437,107388,568,0.00404794545926118,0.5651741293532339
9706,0.9724,1,3,1,605176,434,107389,567,0.0040201563599985175,0.5664335664335665
9707,0.9725,10,6,10,605182,428,107399,557,0.003964578161473193,0.5654822335025381
9708,0.9726,3,0,3,605182,428,107402,554,0.003964578161473193,0.5641547861507128
9709,0.9727,2,1,2,605183,427,107404,552,0.003955315128385639,0.5638406537282942
9710,0.9728,1,4,1,605187,423,107405,551,0.003918262996035422,0.5657084188911704
9711,0.9729,1,2,1,605189,421,107406,550,0.0038997369298603133,0.5664263645726055
9712,0.973,0,3,0,605192,418,107406,550,0.0038719478305976507,0.5681818181818182
9713,0.9731,1,5,1,605197,413,107407,549,0.00382563266515988,0.5706860706860707
9714,0.9732,2,3,2,605200,410,107409,547,0.0037978435658972175,0.5715778474399164
9715,0.9733,8,5,8,605205,405,107417,539,0.0037515284004594465,0.5709745762711864
9716,0.9734,1,0,1,605205,405,107418,538,0.0037515284004594465,0.5705196182396607
9717,0.9735,1,3,1,605208,402,107419,537,0.003723739301196784,0.5718849840255591
9718,0.9736,2,2,2,605210,400,107421,535,0.0037052132350216755,0.5721925133689839
9719,0.9737,1,2,1,605212,398,107422,534,0.003686687168846567,0.572961373390558
9720,0.9738,0,1,0,605213,397,107422,534,0.003677424135759013,0.5735767991407089
9721,0.9739,1,0,1,605213,397,107423,533,0.003677424135759013,0.5731182795698925
9722,0.974,4,3,4,605216,394,107427,529,0.0036496350364963502,0.5731310942578548
9723,0.9741,1,0,1,605216,394,107428,528,0.0036496350364963502,0.5726681127982647
9724,0.9742,2,3,2,605219,391,107430,526,0.0036218459372336876,0.5736095965103599
9725,0.9743,10,3,10,605222,388,107440,516,0.003594056837971025,0.5707964601769911
9726,0.9744,2,0,2,605222,388,107442,514,0.003594056837971025,0.5698447893569845
9727,0.9745,2,0,2,605222,388,107444,512,0.003594056837971025,0.5688888888888889
9728,0.9746,3,0,3,605222,388,107447,509,0.003594056837971025,0.5674470457079153
9729,0.9747,1,1,1,605223,387,107448,508,0.0035847938048834713,0.5675977653631284
9730,0.9748,3,4,3,605227,383,107451,505,0.0035477416725332544,0.5686936936936937
9731,0.9749,4,2,4,605229,381,107455,501,0.003529215606358146,0.5680272108843537
9732,0.975,4,4,4,605233,377,107459,497,0.003492163474007929,0.568649885583524
9733,0.9751,5,5,5,605238,372,107464,492,0.003445848308570158,0.5694444444444444
9734,0.9752,4,5,4,605243,367,107468,488,0.003399533143132387,0.5707602339181287
9735,0.9754,1,6,1,605249,361,107469,487,0.003343954944607062,0.5742924528301887
9736,0.9755,1,0,1,605249,361,107470,486,0.003343954944607062,0.5737898465171193
9737,0.9756,1,0,1,605249,361,107471,485,0.003343954944607062,0.5732860520094563
9738,0.9757,2,0,2,605249,361,107473,483,0.003343954944607062,0.5722748815165877
9739,0.9758,6,3,6,605252,358,107479,477,0.0033161658453443998,0.5712574850299401
9740,0.9759,2,4,2,605256,354,107481,475,0.003279113712994183,0.5729794933655006
9741,0.976,7,0,7,605256,354,107488,468,0.003279113712994183,0.5693430656934306
9742,0.9761,0,1,0,605257,353,107488,468,0.0032698506799066288,0.5700365408038977
9743,0.9762,5,2,5,605259,351,107493,463,0.0032513246137315203,0.5687960687960688
9744,0.9763,1,1,1,605260,350,107494,462,0.003242061580643966,0.5689655172413793
9745,0.9764,1,1,1,605261,349,107495,461,0.003232798547556412,0.5691358024691358
9746,0.9766,0,1,0,605262,348,107495,461,0.0032235355144688577,0.5698393077873919
9747,0.9767,0,1,0,605263,347,107495,461,0.0032142724813813035,0.5705445544554455
9748,0.9768,2,0,2,605263,347,107497,459,0.0032142724813813035,0.5694789081885856
9749,0.9769,1,0,1,605263,347,107498,458,0.0032142724813813035,0.568944099378882
9750,0.977,5,1,5,605264,346,107503,453,0.0032050094482937493,0.5669586983729662
9751,0.9771,8,7,8,605271,339,107511,445,0.00314016821668087,0.5676020408163265
9752,0.9772,2,0,2,605271,339,107513,443,0.00314016821668087,0.5664961636828645
9753,0.9773,0,1,0,605272,338,107513,443,0.0031309051835933157,0.5672215108834827
9754,0.9775,1,3,1,605275,335,107514,442,0.003103116084330653,0.5688545688545689
9755,0.9778,2,2,2,605277,333,107516,440,0.0030845900181555447,0.5692108667529108
9756,0.9779,3,2,3,605279,331,107519,437,0.0030660639519804363,0.5690104166666666
9757,0.978,1,1,1,605280,330,107520,436,0.0030568009188928825,0.5691906005221932
9758,0.9781,1,0,1,605280,330,107521,435,0.0030568009188928825,0.5686274509803921
9759,0.9783,5,3,5,605283,327,107526,430,0.00302901181963022,0.5680317040951123
9760,0.9786,2,4,2,605287,323,107528,428,0.002991959687280003,0.5699067909454061
9761,0.9787,2,0,2,605287,323,107530,426,0.002991959687280003,0.5687583444592791
9762,0.9788,1,1,1,605288,322,107531,425,0.002982696654192449,0.5689424364123159
9763,0.979,3,0,3,605288,322,107534,422,0.002982696654192449,0.5672043010752689
9764,0.9791,0,1,0,605289,321,107534,422,0.0029734336211048947,0.5679676985195155
9765,0.9792,1,3,1,605292,318,107535,421,0.002945644521842232,0.5696887686062246
9766,0.9793,2,3,2,605295,315,107537,419,0.0029178554225795694,0.5708446866485014
9767,0.9794,1,3,1,605298,312,107538,418,0.002890066323316907,0.5726027397260274
9768,0.9795,0,1,0,605299,311,107538,418,0.0028808032902293526,0.5733882030178327
9769,0.9796,4,3,4,605302,308,107542,414,0.00285301419096669,0.5734072022160664
9770,0.9797,3,2,3,605304,306,107545,411,0.0028344881247915816,0.5732217573221757
9771,0.9798,0,2,0,605306,304,107545,411,0.002815962058616473,0.5748251748251748
9772,0.98,28,15,28,605321,289,107573,383,0.0026770165623031606,0.5699404761904762
9773,0.9801,1,0,1,605321,289,107574,382,0.0026770165623031606,0.5692995529061102
9774,0.9804,2,1,2,605322,288,107576,380,0.0026677535292156064,0.5688622754491018
9775,0.9808,3,2,3,605324,286,107579,377,0.002649227463040498,0.5686274509803921
9776,0.9809,3,1,3,605325,285,107582,374,0.0026399644299529438,0.56752655538695
9777,0.981,1,0,1,605325,285,107583,373,0.0026399644299529438,0.5668693009118541
9778,0.9811,1,2,1,605327,283,107584,372,0.0026214383637778354,0.5679389312977099
9779,0.9812,0,1,0,605328,282,107584,372,0.002612175330690281,0.5688073394495413
9780,0.9813,4,1,4,605329,281,107588,368,0.002602912297602727,0.5670261941448382
9781,0.9814,0,1,0,605330,280,107588,368,0.0025936492645151727,0.5679012345679012
9782,0.9815,2,4,2,605334,276,107590,366,0.002556597132164956,0.5700934579439252
9783,0.9816,0,2,0,605336,274,107590,366,0.0025380710659898475,0.571875
9784,0.9817,8,9,8,605345,265,107598,358,0.00245470376820186,0.5746388443017657
9785,0.9818,1,2,1,605347,263,107599,357,0.0024361777020267517,0.5758064516129032
9786,0.9819,2,0,2,605347,263,107601,355,0.0024361777020267517,0.5744336569579288
9787,0.982,6,1,6,605348,262,107607,349,0.0024269146689391975,0.5711947626841244
9788,0.9821,1,2,1,605350,260,107608,348,0.002408388602764089,0.5723684210526315
9789,0.9822,2,1,2,605351,259,107610,346,0.002399125569676535,0.571900826446281
9790,0.9824,3,0,3,605351,259,107613,343,0.002399125569676535,0.5697674418604651
9791,0.9825,4,5,4,605356,254,107617,339,0.002352810404238764,0.5716694772344013
9792,0.9826,1,0,1,605356,254,107618,338,0.002352810404238764,0.5709459459459459
9793,0.9827,1,0,1,605356,254,107619,337,0.002352810404238764,0.5702199661590525
9794,0.9828,1,0,1,605356,254,107620,336,0.002352810404238764,0.5694915254237288
9795,0.9829,1,3,1,605359,251,107621,335,0.0023250213049761013,0.5716723549488054
9796,0.983,3,1,3,605360,250,107624,332,0.002315758271888547,0.570446735395189
9797,0.9831,3,0,3,605360,250,107627,329,0.002315758271888547,0.5682210708117443
9798,0.9833,7,5,7,605365,245,107634,322,0.002269443106450776,0.5679012345679012
9799,0.9835,0,1,0,605366,244,107634,322,0.0022601800733632223,0.568904593639576
9800,0.9837,0,2,0,605368,242,107634,322,0.002241654007188114,0.5709219858156028
9801,0.9838,0,1,0,605369,241,107634,322,0.0022323909741005597,0.5719360568383659
9802,0.984,3,2,3,605371,239,107637,319,0.0022138649079254513,0.5716845878136201
9803,0.9842,1,1,1,605372,238,107638,318,0.002204601874837897,0.5719424460431655
9804,0.9843,1,0,1,605372,238,107639,317,0.002204601874837897,0.5711711711711712
9805,0.9844,0,1,0,605373,237,107639,317,0.002195338841750343,0.572202166064982
9806,0.9845,0,3,0,605376,234,107639,317,0.0021675497424876802,0.5753176043557169
9807,0.9847,0,1,0,605377,233,107639,317,0.002158286709400126,0.5763636363636364
9808,0.985,9,3,9,605380,230,107648,308,0.0021304976101374634,0.5724907063197026
9809,0.9852,0,4,0,605384,226,107648,308,0.0020934454777872466,0.5767790262172284
9810,0.9853,1,0,1,605384,226,107649,307,0.0020934454777872466,0.575984990619137
9811,0.9854,3,1,3,605385,225,107652,304,0.0020841824446996924,0.5746691871455577
9812,0.9856,3,1,3,605386,224,107655,301,0.002074919411612138,0.5733333333333334
9813,0.9857,1,0,1,605386,224,107656,300,0.002074919411612138,0.5725190839694656
9814,0.9858,1,4,1,605390,220,107657,299,0.0020378672792619214,0.5761078998073218
9815,0.986,1,6,1,605396,214,107658,298,0.0019822890807365966,0.58203125
9816,0.9861,3,5,3,605401,209,107661,295,0.0019359739152988254,0.5853174603174603
9817,0.9862,1,1,1,605402,208,107662,294,0.0019267108822112714,0.5856573705179283
9818,0.9863,1,1,1,605403,207,107663,293,0.0019174478491237172,0.586
9819,0.9864,2,1,2,605404,206,107665,291,0.001908184816036163,0.5855130784708249
9820,0.9865,0,1,0,605405,205,107665,291,0.0018989217829486088,0.5866935483870968
9821,0.9867,5,6,5,605411,199,107670,286,0.0018433435844232835,0.5896907216494846
9822,0.987,0,1,0,605412,198,107670,286,0.0018340805513357293,0.5909090909090909
9823,0.9871,2,3,2,605415,195,107672,284,0.0018062914520730667,0.592901878914405
9824,0.9873,0,1,0,605416,194,107672,284,0.0017970284189855125,0.5941422594142259
9825,0.9875,7,0,7,605416,194,107679,277,0.0017970284189855125,0.5881104033970276
9826,0.9876,4,0,4,605416,194,107683,273,0.0017970284189855125,0.5845824411134903
9827,0.9877,1,2,1,605418,192,107684,272,0.0017785023528104043,0.5862068965517241
9828,0.9878,1,1,1,605419,191,107685,271,0.0017692393197228501,0.5865800865800865
9829,0.9879,1,1,1,605420,190,107686,270,0.001759976286635296,0.5869565217391305
9830,0.988,8,5,8,605425,185,107694,262,0.001713661121197525,0.5861297539149888
9831,0.9881,1,2,1,605427,183,107695,261,0.0016951350550224165,0.5878378378378378
9832,0.9882,0,2,0,605429,181,107695,261,0.001676608988847308,0.5904977375565611
9833,0.9883,5,1,5,605430,180,107700,256,0.0016673459557597539,0.5871559633027523
9834,0.9885,1,1,1,605431,179,107701,255,0.0016580829226721999,0.5875576036866359
9835,0.9887,0,2,0,605433,177,107701,255,0.0016395568564970915,0.5902777777777778
9836,0.9888,1,1,1,605434,176,107702,254,0.0016302938234095373,0.5906976744186047
9837,0.9889,0,1,0,605435,175,107702,254,0.001621030790321983,0.5920745920745921
9838,0.989,0,1,0,605436,174,107702,254,0.0016117677572344289,0.5934579439252337
9839,0.9895,3,2,3,605438,172,107705,251,0.0015932416910593205,0.5933806146572104
9840,0.9897,1,1,1,605439,171,107706,250,0.0015839786579717663,0.5938242280285035
9841,0.99,49,31,49,605470,140,107755,201,0.0012968246322575864,0.5894428152492669
9842,0.9903,2,0,2,605470,140,107757,199,0.0012968246322575864,0.5870206489675516
9843,0.9904,1,0,1,605470,140,107758,198,0.0012968246322575864,0.5857988165680473
9844,0.9908,4,0,4,605470,140,107762,194,0.0012968246322575864,0.5808383233532934
9845,0.991,0,3,0,605473,137,107762,194,0.0012690355329949238,0.5861027190332326
9846,0.9911,0,2,0,605475,135,107762,194,0.0012505094668198156,0.5896656534954408
9847,0.9913,0,2,0,605477,133,107762,194,0.0012319834006447072,0.5932721712538226
9848,0.9917,3,3,3,605480,130,107765,191,0.0012041943013820445,0.5950155763239875
9849,0.9919,3,0,3,605480,130,107768,188,0.0012041943013820445,0.5911949685534591
9850,0.992,3,0,3,605480,130,107771,185,0.0012041943013820445,0.5873015873015873
9851,0.9921,0,1,0,605481,129,107771,185,0.0011949312682944903,0.589171974522293
9852,0.9925,2,0,2,605481,129,107773,183,0.0011949312682944903,0.5865384615384616
9853,0.9926,1,0,1,605481,129,107774,182,0.0011949312682944903,0.5852090032154341
9854,0.9927,0,1,0,605482,128,107774,182,0.0011856682352069361,0.5870967741935483
9855,0.9933,8,1,8,605483,127,107782,174,0.001176405202119382,0.5780730897009967
9856,0.9935,1,0,1,605483,127,107783,173,0.001176405202119382,0.5766666666666667
9857,0.9936,0,1,0,605484,126,107783,173,0.0011671421690318277,0.5785953177257525
9858,0.9938,0,2,0,605486,124,107783,173,0.0011486161028567193,0.5824915824915825
9859,0.994,1,5,1,605491,119,107784,172,0.0011023009374189485,0.5910652920962199
9860,0.9942,0,1,0,605492,118,107784,172,0.0010930379043313943,0.593103448275862
9861,0.9943,1,0,1,605492,118,107785,171,0.0010930379043313943,0.5916955017301038
9862,0.9946,0,1,0,605493,117,107785,171,0.0010837748712438401,0.59375
9863,0.995,19,9,19,605502,108,107804,152,0.0010004075734558523,0.5846153846153846
9864,0.9951,0,2,0,605504,106,107804,152,0.000981881507280744,0.5891472868217055
9865,0.9953,0,1,0,605505,105,107804,152,0.0009726184741931898,0.5914396887159533
9866,0.9957,1,0,1,605505,105,107805,151,0.0009726184741931898,0.58984375
9867,0.996,3,2,3,605507,103,107808,148,0.0009540924080180815,0.5896414342629482
9868,0.9962,5,3,5,605510,100,107813,143,0.0009263033087554189,0.588477366255144
9869,0.9963,1,4,1,605514,96,107814,142,0.0008892511764052022,0.5966386554621849
9870,0.9964,1,1,1,605515,95,107815,141,0.000879988143317648,0.597457627118644
9871,0.9967,8,3,8,605518,92,107823,133,0.0008521990440549853,0.5911111111111111
9872,0.9969,1,0,1,605518,92,107824,132,0.0008521990440549853,0.5892857142857143
9873,0.997,0,2,0,605520,90,107824,132,0.0008336729778798769,0.5945945945945946
9874,0.9971,0,1,0,605521,89,107824,132,0.0008244099447923228,0.5972850678733032
9875,0.9973,1,1,1,605522,88,107825,131,0.0008151469117047686,0.5981735159817352
9876,0.9975,5,1,5,605523,87,107830,126,0.0008058838786172144,0.5915492957746479
9877,0.9978,1,0,1,605523,87,107831,125,0.0008058838786172144,0.589622641509434
9878,0.998,3,1,3,605524,86,107834,122,0.0007966208455296602,0.5865384615384616
9879,0.9983,0,1,0,605525,85,107834,122,0.000787357812442106,0.5893719806763285
9880,0.9985,2,0,2,605525,85,107836,120,0.000787357812442106,0.5853658536585366
9881,0.9988,2,1,2,605526,84,107838,118,0.0007780947793545518,0.5841584158415841
9882,0.9995,1,1,1,605527,83,107839,117,0.0007688317462669976,0.585
9883,1.0,117,83,117,605610,0,107956,0,0.0,
