,y_proba,y_test,Neg,Pos,TN,FP,FN,TP,FP/P,Prec
0,0.0,0,474,0,474,605136,0,107956,5.605394790470192,0.15139140531656503
1,0.0084870915934896,0,1,0,475,605135,0,107956,5.605385527437104,0.1513916176196306
2,0.01,7,796,7,1271,604339,7,107949,5.598012153099411,0.15155246192551328
3,0.0184870915934896,0,3,0,1274,604336,7,107949,5.5979843640001485,0.15155310023375473
4,0.02,8,1025,8,2299,603311,15,107941,5.588489755085405,0.1517619634109992
5,0.0265155926229561,0,3,0,2302,603308,15,107941,5.588461965986142,0.15176260353265875
6,0.0273718050155686,0,2,0,2304,603306,15,107941,5.588443439919968,0.15176303028343177
7,0.0278902317000719,0,1,0,2305,603305,15,107941,5.58843417688688,0.1517632436597183
8,0.0284870915934896,0,6,0,2311,603299,15,107941,5.5883785986883545,0.15176452393003767
9,0.0291816406605335,0,1,0,2312,603298,15,107941,5.588369335655267,0.1517647373105243
10,0.0295733632206184,0,1,0,2313,603297,15,107941,5.588360072622179,0.15176495069161097
11,0.03,13,1554,13,3867,601743,28,107928,5.57396531920412,0.15208173928482352
12,0.0358375761735204,0,1,0,3868,601742,28,107928,5.573956056171033,0.1520819535840602
13,0.0373718050155686,0,4,0,3872,601738,28,107928,5.573919004038682,0.1520828107870463
14,0.0378902317000719,0,1,0,3873,601737,28,107928,5.573909741005595,0.1520830250893027
15,0.0384870915934896,1,9,1,3882,601728,29,107927,5.573826373707807,0.15208375900965962
16,0.0389378288046392,0,3,0,3885,601725,29,107927,5.573798584608544,0.15208440193221467
17,0.0391816406605335,0,3,0,3888,601722,29,107927,5.573770795509281,0.15208504486020555
18,0.04,15,2200,15,6088,599522,44,107912,5.553392122716662,0.1525400249351883
19,0.0456972332834896,0,1,0,6089,599521,44,107912,5.553382859683575,0.1525402405598834
20,0.0458375761735204,0,1,0,6090,599520,44,107912,5.553373596650487,0.1525404561851881
21,0.0465155926229561,0,1,0,6091,599519,44,107912,5.5533643336174,0.15254067181110242
22,0.0473718050155686,0,7,0,6098,599512,44,107912,5.553299492385787,0.15254218120957164
23,0.0476687322540231,0,2,0,6100,599510,44,107912,5.553280966319612,0.15254261247176368
24,0.0478902317000719,0,1,0,6101,599509,44,107912,5.553271703286524,0.15254282810377412
25,0.0484870915934896,0,14,0,6115,599495,44,107912,5.553142020823298,0.15254584701593282
26,0.0489378288046392,0,3,0,6118,599492,44,107912,5.553114231724035,0.15254649394122735
27,0.0491816406605335,0,6,0,6124,599486,44,107912,5.55305865352551,0.15254778780827766
28,0.0494391272588225,0,3,0,6127,599483,44,107912,5.553030864426248,0.15254843475003357
29,0.05,23,2720,23,8847,596763,67,107889,5.5278354144281,0.15310962006777815
30,0.0548319458473558,0,1,0,8848,596762,67,107889,5.527826151395013,0.15310983735210765
31,0.0558375761735204,0,2,0,8850,596760,67,107889,5.527807625328838,0.15311027192261678
32,0.0565155926229561,0,5,0,8855,596755,67,107889,5.5277613101634,0.15311135835968234
33,0.0573718050155686,1,17,1,8872,596738,68,107888,5.527603838600911,0.15311385046819165
34,0.0578902317000719,0,7,0,8879,596731,68,107888,5.527538997369299,0.15311537156960003
35,0.0584870915934896,1,33,1,8912,596698,69,107887,5.5272333172774095,0.15312134093118646
36,0.0589378288046392,1,2,1,8914,596696,70,107886,5.527214791211234,0.15312057361669756
37,0.0591816406605335,0,7,0,8921,596689,70,107886,5.527149949979622,0.15312209487989215
38,0.0594391272588225,0,1,0,8922,596688,70,107886,5.527140686946534,0.1531223122056732
39,0.06,36,3414,36,12336,593274,106,107850,5.495516691985624,0.1538244304859055
40,0.0658375761735204,0,1,0,12337,593273,106,107850,5.4955074289525365,0.1538246498831161
41,0.0658588966090582,0,1,0,12338,593272,106,107850,5.495498165919448,0.15382486928095254
42,0.0665155926229561,0,5,0,12343,593267,106,107850,5.495451850754011,0.15382596627952252
43,0.0669741831869792,0,1,0,12344,593266,106,107850,5.495442587720923,0.1538261856811141
44,0.0673718050155686,1,20,1,12364,593246,107,107849,5.495257327059172,0.15382936691889115
45,0.0678902317000719,0,2,0,12366,593244,107,107849,5.495238800992997,0.1538298057461706
46,0.0684870915934896,2,30,2,12396,593214,109,107847,5.494960910000371,0.1538339745043584
47,0.0689378288046392,0,4,0,12400,593210,109,107847,5.49492385786802,0.15383485223027515
48,0.0691816406605335,0,20,0,12420,593190,109,107847,5.494738597206269,0.1538392410101036
49,0.0694391272588225,0,1,0,12421,593189,109,107847,5.494729334173182,0.15383946045566846
50,0.0695733632206184,0,3,0,12424,593186,109,107847,5.494701545073919,0.15384011879611945
51,0.0697114722622524,0,1,0,12425,593185,109,107847,5.494692282040831,0.15384033824418858
52,0.07,40,4055,40,16480,589130,149,107807,5.457130682870799,0.15468686552730018
53,0.0732307016246269,0,1,0,16481,589129,149,107807,5.457121419837712,0.15468708748005555
54,0.0758375761735204,0,2,0,16483,589127,149,107807,5.457102893771537,0.15468753138747715
55,0.0765155926229561,0,10,0,16493,589117,149,107807,5.457010263440661,0.15468975096280227
56,0.0769741831869792,0,1,0,16494,589116,149,107807,5.4570010004075735,0.15468997292383807
57,0.0773718050155686,1,24,1,16518,589092,150,107806,5.456778687613472,0.15469408722653818
58,0.0778902317000719,0,8,0,16526,589084,150,107806,5.456704583348771,0.15469586304868774
59,0.0784870915934896,0,44,0,16570,589040,150,107806,5.4562970098929195,0.15470563079934446
60,0.0789378288046392,0,7,0,16577,589033,150,107806,5.456232168661306,0.1547071848734069
61,0.0791816406605335,0,29,0,16606,589004,150,107806,5.4559635407017675,0.15471362351286577
62,0.079334418837212,0,2,0,16608,589002,150,107806,5.455945014635592,0.15471406757672126
63,0.0794391272588225,0,4,0,16612,588998,150,107806,5.455907962503242,0.15471495571207972
64,0.0795733632206184,0,2,0,16614,588996,150,107806,5.455889436437067,0.1547153997835827
65,0.08,69,4775,69,21389,584221,219,107737,5.411658453443995,0.15569875628289578
66,0.0828040648452453,0,1,0,21390,584220,219,107737,5.411649190410908,0.15569898129508047
67,0.0848319458473558,0,1,0,21391,584219,219,107737,5.411639927377821,0.15569920630791553
68,0.0852620367156405,0,1,0,21392,584218,219,107737,5.411630664344733,0.15569943132140096
69,0.0856972332834896,0,2,0,21394,584216,219,107737,5.411612138278558,0.15569988135032292
70,0.0858375761735204,0,1,0,21395,584215,219,107737,5.41160287524547,0.15570010636575948
71,0.0864055880615739,1,0,1,21395,584215,220,107736,5.41160287524547,0.15569888619280844
72,0.0865155926229561,0,7,0,21402,584208,220,107736,5.411538034013858,0.15570046130900767
73,0.0865534456761022,0,1,0,21403,584207,220,107736,5.41152877098077,0.1557006863282091
74,0.0869173043974871,0,1,0,21404,584206,220,107736,5.411519507947682,0.15570091134806097
75,0.0873718050155686,0,17,0,21421,584189,220,107736,5.411362036385194,0.1557047367850562
76,0.0876687322540231,0,1,0,21422,584188,220,107736,5.411352773352107,0.1557049618166157
77,0.0878902317000719,0,1,0,21423,584187,220,107736,5.411343510319019,0.15570518684882567
78,0.088079633416257,0,3,0,21426,584184,220,107736,5.411315721219756,0.15570586194935832
79,0.0884870915934896,1,56,1,21482,584128,221,107735,5.410796991366853,0.155717244599003
80,0.0889378288046392,0,4,0,21486,584124,221,107735,5.410759939234503,0.15571814488212193
81,0.0891816406605335,0,21,0,21507,584103,221,107735,5.410565415539664,0.15572287153929099
82,0.0894391272588225,1,12,1,21519,584091,222,107734,5.410454259142614,0.15572435225671233
83,0.0895733632206184,0,2,0,21521,584089,222,107734,5.410435733076438,0.15572480244224318
84,0.0897114722622524,0,2,0,21523,584087,222,107734,5.410417207010264,0.15572525263037693
85,0.09,69,5430,69,26953,578657,291,107665,5.360118937344844,0.15687243014211988
86,0.0952873693676389,0,2,0,26955,578655,291,107665,5.360100411278669,0.1568728872829001
87,0.0958375761735204,0,1,0,26956,578654,291,107665,5.360091148245582,0.15687311585428934
88,0.0965155926229561,0,11,0,26967,578643,291,107665,5.359989254881619,0.15687563018353276
89,0.0969741831869792,0,2,0,26969,578641,291,107665,5.359970728815443,0.15687608734296363
90,0.0973718050155686,0,37,0,27006,578604,291,107665,5.359627996591204,0.15688454527306347
91,0.0976687322540231,0,1,0,27007,578603,291,107665,5.359618733558117,0.1568847738784265
92,0.0978902317000719,0,14,0,27021,578589,291,107665,5.359489051094891,0.1568879744234642
93,0.0979262188523121,0,1,0,27022,578588,291,107665,5.359479788061803,0.15688820303882095
94,0.098079633416257,0,1,0,27023,578587,291,107665,5.359470525028716,0.15688843165484398
95,0.0984870915934896,2,83,2,27106,578504,293,107663,5.358701693282448,0.15690495171000646
96,0.0989378288046392,0,2,0,27108,578502,293,107663,5.358683167216273,0.15690540904884392
97,0.0991816406605335,0,30,0,27138,578472,293,107663,5.358405276223647,0.15691226945134704
98,0.099334418837212,0,1,0,27139,578471,293,107663,5.358396013190559,0.1569124981417624
99,0.0994391272588225,0,12,0,27151,578459,293,107663,5.358284856793508,0.15691524247874286
100,0.0995733632206184,0,4,0,27155,578455,293,107663,5.358247804661159,0.1569161572790686
101,0.0997114722622524,0,1,0,27156,578454,293,107663,5.3582385416280705,0.15691638598081667
102,0.1,103,6117,103,33273,572337,396,107560,5.301576568231502,0.15820043330092645
103,0.1058375761735204,0,3,0,33276,572334,396,107560,5.301548779132239,0.15820113135282854
104,0.1058588966090582,0,1,0,33277,572333,396,107560,5.301539516099152,0.15820136403816482
105,0.1065155926229561,0,12,0,33289,572321,396,107560,5.301428359702101,0.1582041563155905
106,0.1069741831869792,0,2,0,33291,572319,396,107560,5.301409833635926,0.15820462170474453
107,0.1073718050155686,1,40,1,33331,572279,397,107559,5.301039312312423,0.15821269184717535
108,0.1076017039623243,0,1,0,33332,572278,397,107559,5.301030049279336,0.15821292456868338
109,0.1076687322540231,0,2,0,33334,572276,397,107559,5.301011523213161,0.15821339001375334
110,0.1078902317000719,0,1,0,33335,572275,397,107559,5.3010022601800735,0.1582136227373153
111,0.1079262188523121,0,2,0,33337,572273,397,107559,5.300983734113898,0.15821408818649313
112,0.1084870915934896,2,88,2,33425,572185,399,107557,5.300168587202194,0.15823209394152488
113,0.1089378288046392,0,7,0,33432,572178,399,107557,5.30010374597058,0.15823372343633915
114,0.1091816406605335,0,30,0,33462,572148,399,107557,5.2998258549779536,0.1582407073656954
115,0.109334418837212,0,1,0,33463,572147,399,107557,5.299816591944866,0.15824094017395807
116,0.1094391272588225,0,8,0,33471,572139,399,107557,5.299742487680166,0.1582428026647207
117,0.1095733632206184,0,4,0,33475,572135,399,107557,5.299705435547816,0.1582437339265432
118,0.11,95,6574,95,40049,565561,494,107462,5.238810256030234,0.15967062046913702
119,0.1137744609611285,0,1,0,40050,565560,494,107462,5.238800992997147,0.159670857713418
120,0.1138873976385247,0,2,0,40052,565558,494,107462,5.238782466930972,0.15967133220409496
121,0.11432466776701,0,1,0,40053,565557,494,107462,5.2387732038978845,0.159671569450491
122,0.1150026842164457,0,1,0,40054,565556,494,107462,5.238763940864796,0.15967180669759204
123,0.1152873693676389,0,1,0,40055,565555,494,107462,5.238754677831709,0.1596720439453981
124,0.1157804634001438,0,2,0,40057,565553,494,107462,5.238736151765534,0.15967251844312533
125,0.1158375761735204,0,3,0,40060,565550,494,107462,5.238708362666271,0.15967323019500396
126,0.1163773232935615,0,2,0,40062,565548,494,107462,5.238689836600097,0.15967370469978157
127,0.1165155926229561,0,10,0,40072,565538,494,107462,5.238597206269221,0.15967607726597324
128,0.1165667250097466,0,1,0,40073,565537,494,107462,5.2385879432361335,0.15967631452647033
129,0.1167025153000284,0,1,0,40074,565536,494,107462,5.238578680203045,0.15967655178767248
130,0.1168280605047111,0,1,0,40075,565535,494,107462,5.238569417169958,0.15967678904957971
131,0.1169741831869792,0,1,0,40076,565534,494,107462,5.238560154136871,0.15967702631219205
132,0.1173718050155686,1,48,1,40124,565486,495,107461,5.238115528548668,0.1596871670428726
133,0.1176687322540231,0,1,0,40125,565485,495,107461,5.23810626551558,0.15968740433853534
134,0.1178902317000719,0,3,0,40128,565482,495,107461,5.238078476416318,0.15968811622975498
135,0.118079633416257,0,1,0,40129,565481,495,107461,5.2380692133832305,0.15968835352823868
136,0.1184870915934896,0,103,0,40232,565378,495,107461,5.237115120975212,0.1597127990499956
137,0.1186207679193561,0,1,0,40233,565377,495,107461,5.237105857942124,0.159713036421843
138,0.1189378288046392,0,4,0,40237,565373,495,107461,5.237068805809774,0.1597139859162884
139,0.1191816406605335,0,39,0,40276,565334,495,107461,5.23670754751936,0.1597232440788056
140,0.119334418837212,0,1,0,40277,565333,495,107461,5.236698284486272,0.15972348148170168
141,0.1194391272588225,0,17,0,40294,565316,495,107461,5.236540812923784,0.15972751743891364
142,0.1195733632206184,0,3,0,40297,565313,495,107461,5.236513023824521,0.1597282296878298
143,0.12,105,7212,105,47509,558101,600,107356,5.16970802919708,0.16132672734677073
144,0.1230690382990583,0,1,0,47510,558100,600,107356,5.169698766163993,0.16132696977711525
145,0.1250026842164457,0,1,0,47511,558099,600,107356,5.169689503130905,0.16132721220818838
146,0.1252620367156406,0,1,0,47512,558098,600,107356,5.169680240097818,0.16132745463999015
147,0.1252873693676389,0,1,0,47513,558097,600,107356,5.16967097706473,0.16132769707252054
148,0.1254109393941388,0,1,0,47514,558096,600,107356,5.169661714031642,0.16132793950577953
149,0.1258375761735204,0,5,0,47519,558091,600,107356,5.169615398866204,0.16132915168300405
150,0.1258588966090582,0,3,0,47522,558088,600,107356,5.169587609766942,0.1613298789980825
151,0.126515592622956,1,5,1,47527,558083,601,107355,5.169541294601505,0.1613298308783087
152,0.1265155926229561,0,4,0,47531,558079,601,107355,5.169504242469154,0.1613308006504026
153,0.1268109322743912,0,1,0,47532,558078,601,107355,5.169494979436067,0.16133104309524776
154,0.1269741831869792,0,1,0,47533,558077,601,107355,5.169485716402979,0.1613312855408216
155,0.1273718050155686,0,45,0,47578,558032,601,107355,5.169068879914039,0.16134219634588592
156,0.1274249203981288,0,1,0,47579,558031,601,107355,5.1690596168809515,0.16134243882498278
157,0.1276687322540231,0,3,0,47582,558028,601,107355,5.169031827781689,0.16134316626664644
158,0.1278024085798896,0,1,0,47583,558027,601,107355,5.169022564748602,0.16134340874865866
159,0.1278215104307016,0,1,0,47584,558026,601,107355,5.1690133017155135,0.16134365123139977
160,0.1278902317000719,0,7,0,47591,558019,601,107355,5.168948460483901,0.1613453486309955
161,0.1279262188523121,0,1,0,47592,558018,601,107355,5.168939197450813,0.16134559111956753
162,0.128079633416257,0,2,0,47594,558016,601,107355,5.1689206713846385,0.1613460760988982
163,0.1284870915934896,1,106,1,47700,557910,602,107354,5.167938789877358,0.16137052358161572
164,0.128620767919356,1,1,1,47701,557909,603,107353,5.1679295268442695,0.16136950554819005
165,0.1286207679193561,0,1,0,47702,557908,603,107353,5.167920263811182,0.16136974811389815
166,0.1288207149380186,0,1,0,47703,557907,603,107353,5.167911000778095,0.1613699906803355
167,0.1289378288046392,1,4,1,47707,557903,604,107352,5.167873948645744,0.16136970034047093
168,0.1291816406605335,0,55,0,47762,557848,604,107352,5.1673644818259294,0.16138304269392664
169,0.129334418837212,0,1,0,47763,557847,604,107352,5.167355218792841,0.16138328530259366
170,0.1294391272588225,0,15,0,47778,557832,604,107352,5.167216273296528,0.16138692452013279
171,0.1295733632206184,0,2,0,47780,557830,604,107352,5.167197747230353,0.16138740976153895
172,0.1296557532096558,0,1,0,47781,557829,604,107352,5.167188484197266,0.16138765238333627
173,0.1297114722622524,0,4,0,47785,557825,604,107352,5.167151432064915,0.1613886228778205
174,0.13,151,7625,151,55410,550200,755,107201,5.0965208047723145,0.16306789919698936
175,0.1330311852459122,0,1,0,55411,550199,755,107201,5.096511541739227,0.16306814724672955
176,0.13432466776701,0,1,0,55412,550198,755,107201,5.096502278706139,0.16306839529722436
177,0.1350026842164457,0,1,0,55413,550197,755,107201,5.096493015673052,0.16306864334847382
178,0.1350405372695918,0,1,0,55414,550196,755,107201,5.096483752639965,0.16306889140047795
179,0.1352620367156405,0,1,0,55415,550195,755,107201,5.0964744896068765,0.1630691394532367
180,0.1358375761735204,0,4,0,55419,550191,755,107201,5.096437437474527,0.16307013167181833
181,0.1358588966090582,0,7,0,55426,550184,755,107201,5.096372596242913,0.16307186808339103
182,0.1363773232935615,0,1,0,55427,550183,755,107201,5.096363333209826,0.16307211614520584
183,0.1365155926229561,0,17,0,55444,550166,755,107201,5.096205861647338,0.16307633331152918
184,0.1365534456761022,0,3,0,55447,550163,755,107201,5.096178072548075,0.16307707753999306
185,0.1368280605047111,0,1,0,55448,550162,755,107201,5.096168809514988,0.16307732561765723
186,0.1369173043974871,0,1,0,55449,550161,755,107201,5.0961595464819,0.16307757369607614
187,0.1369741831869792,0,3,0,55452,550158,755,107201,5.096131757382637,0.16307831793586153
188,0.1373718050155686,4,63,4,55515,550095,759,107197,5.095548186298122,0.1630888554858419
189,0.1376687322540231,0,2,0,55517,550093,759,107197,5.095529660231946,0.16308935173211217
190,0.1378902317000719,1,7,1,55524,550086,760,107196,5.095464819000333,0.16308981533040612
191,0.1379262188523121,0,2,0,55526,550084,760,107196,5.095446292934159,0.16309031158714704
192,0.138079633416257,0,1,0,55527,550083,760,107196,5.0954370299010705,0.16309055971665
193,0.1381428448031454,0,1,0,55528,550082,760,107196,5.095427766867983,0.163090807846908
194,0.138198563855742,0,1,0,55529,550081,760,107196,5.095418503834896,0.16309105597792103
195,0.1384870915934896,2,146,2,55675,549935,762,107194,5.094066101004112,0.16312474415221365
196,0.1389378288046392,0,7,0,55682,549928,762,107194,5.0940012597725,0.1631264818405106
197,0.1390337830460053,0,1,0,55683,549927,762,107194,5.093991996739413,0.16312673008471804
198,0.1391816406605335,0,51,0,55734,549876,762,107194,5.093519582051947,0.1631393915412361
199,0.139334418837212,0,1,0,55735,549875,762,107194,5.0935103190188595,0.16313963982473684
200,0.1394391272588225,0,18,0,55753,549857,762,107194,5.093343584423284,0.1631441090569834
201,0.1395733632206184,0,5,0,55758,549852,762,107194,5.093297269257846,0.1631453505538425
202,0.1396557532096558,0,1,0,55759,549851,762,107194,5.093288006224758,0.16314559885548174
203,0.1397114722622524,0,1,0,55760,549850,762,107194,5.093278743191671,0.1631458471578768
204,0.14,167,8236,167,63996,541614,929,107027,5.016988402682574,0.16500190398078443
205,0.1452620367156405,0,1,0,63997,541613,929,107027,5.016979139649487,0.1650021583621115
206,0.1452767034323429,0,1,0,63998,541612,929,107027,5.0169698766163995,0.1650024127442229
207,0.1458375761735204,1,0,1,63998,541612,930,107026,5.0169698766163995,0.16500112543514256
208,0.1458588966090582,0,3,0,64001,541609,930,107026,5.016942087517137,0.16500188858140558
209,0.1463773232935615,0,1,0,64002,541608,930,107026,5.016932824484049,0.16500214296506197
210,0.1465155926229561,0,41,0,64043,541567,930,107026,5.01655304012746,0.16501257337035707
211,0.1465534456761022,0,2,0,64045,541565,930,107026,5.016534514061284,0.16501308220434757
212,0.1469741831869792,0,10,0,64055,541555,930,107026,5.016441883730408,0.16501562642137219
213,0.1473718050155686,1,61,1,64116,541494,931,107025,5.015876838712068,0.16502986034333614
214,0.1474249203981288,0,4,0,64120,541490,931,107025,5.0158397865797175,0.16503087823720344
215,0.1476687322540231,0,1,0,64121,541489,931,107025,5.01583052354663,0.16503113271263226
216,0.1478902317000719,0,9,0,64130,541480,931,107025,5.0157471562488425,0.16503342302680782
217,0.1479262188523121,0,1,0,64131,541479,931,107025,5.015737893215754,0.16503367751008474
218,0.1484870915934896,2,117,2,64248,541362,933,107023,5.01465411834451,0.16506088203767824
219,0.1488207149380186,1,3,1,64251,541359,934,107022,5.014626329245248,0.16506035803023222
220,0.148878254517645,0,1,0,64252,541358,934,107022,5.0146170662121605,0.16506061260372004
221,0.1489378288046392,0,9,0,64261,541349,934,107022,5.014533698914373,0.16506290380044758
222,0.1491816406605335,0,45,0,64306,541304,934,107022,5.014116862425433,0.16507436073827056
223,0.1494391272588225,1,20,1,64326,541284,935,107021,5.013931601763682,0.16507816536969483
224,0.1495153688446398,0,1,0,64327,541283,935,107021,5.013922338730594,0.1650784200004936
225,0.1495733632206184,0,1,0,64328,541282,935,107021,5.0139130756975065,0.1650786746320779
226,0.1497114722622524,0,1,0,64329,541281,935,107021,5.013903812664418,0.16507892926444775
227,0.15,169,8781,169,73110,532500,1104,106852,4.932565119122605,0.1671254645328395
228,0.1516751523470408,0,1,0,73111,532499,1104,106852,4.932555856089518,0.16712572593145236
229,0.1534897758099353,0,1,0,73112,532498,1104,106852,4.93254659305643,0.16712598733088294
230,0.1548607325882574,0,1,0,73113,532497,1104,106852,4.932537330023343,0.1671262487311312
231,0.1554534214275953,0,1,0,73114,532496,1104,106852,4.932528066990256,0.16712651013219718
232,0.1554612747804688,0,1,0,73115,532495,1104,106852,4.9325188039571675,0.16712677153408087
233,0.1558375761735204,0,5,0,73120,532490,1104,106852,4.93247248879173,0.16712807855576514
234,0.1558588966090582,0,5,0,73125,532485,1104,106852,4.932426173626292,0.1671293855978928
235,0.1563773232935615,0,2,0,73127,532483,1104,106852,4.932407647560117,0.16712990842046815
236,0.1565155926229561,0,22,0,73149,532461,1104,106852,4.932203860832191,0.1671356596846928
237,0.1565534456761022,0,2,0,73151,532459,1104,106852,4.932185334766015,0.16713618254652274
238,0.1569173043974871,0,1,0,73152,532458,1104,106852,4.932176071732928,0.1671364439786645
239,0.1569741831869792,0,6,0,73158,532452,1104,106852,4.932120493534403,0.1671380125886902
240,0.1573718050155686,0,50,0,73208,532402,1104,106852,4.931657341880025,0.1671510854840173
241,0.1573718050155687,0,24,0,73232,532378,1104,106852,4.9314350290859235,0.16715736120019398
242,0.1576687322540231,0,4,0,73236,532374,1104,106852,4.931397976953574,0.16715840719870592
243,0.1578902317000719,0,18,0,73254,532356,1104,106852,4.931231242357998,0.1671631143540131
244,0.158060454814108,0,1,0,73255,532355,1104,106852,4.93122197932491,0.16716337587041444
245,0.1584870915934896,2,163,2,73418,532192,1106,106850,4.929712104931639,0.16720340760075236
246,0.1588207149380186,0,4,0,73422,532188,1106,106850,4.929675052799289,0.16720445419521218
247,0.1589378288046392,0,9,0,73431,532179,1106,106850,4.9295916855015,0.16720680908065205
248,0.1590337830460053,0,1,0,73432,532178,1106,106850,4.929582422468413,0.16720707073868438
249,0.1591816406605335,2,74,2,73506,532104,1108,106848,4.928896958019934,0.16722382902002028
250,0.159334418837212,0,1,0,73507,532103,1108,106848,4.928887694986846,0.16722409073622235
251,0.1594391272588225,1,19,1,73526,532084,1109,106847,4.928711697358183,0.16722776011807222
252,0.1595733632206184,0,7,0,73533,532077,1109,106847,4.92864685612657,0.16722959225197362
253,0.1596557532096558,0,2,0,73535,532075,1109,106847,4.928628330060395,0.16723011572617627
254,0.1597114722622524,0,1,0,73536,532074,1109,106847,4.928619067027308,0.16723037746450656
255,0.16,208,8921,208,82457,523153,1317,106639,4.845983548853236,0.16932415781718407
256,0.1631321607680809,0,1,0,82458,523152,1317,106639,4.845974285820149,0.16932442667488104
257,0.1634897758099353,0,1,0,82459,523151,1317,106639,4.845965022787062,0.16932469553343177
258,0.1638873976385247,0,2,0,82461,523149,1317,106639,4.845946496720886,0.1693252332530947
259,0.1648319458473557,0,2,0,82463,523147,1317,106639,4.845927970654711,0.16932577097617285
260,0.1650026842164457,0,3,0,82466,523144,1317,106639,4.845900181555448,0.16932657756719377
261,0.165287369367639,0,3,0,82469,523141,1317,106639,4.845872392456186,0.1693273841658992
262,0.1656972332834896,0,1,0,82470,523140,1317,106639,4.8458631294230985,0.16932765303384203
263,0.1658375761735204,0,11,0,82481,523129,1317,106639,4.845761236059135,0.16933061063756813
264,0.1658588966090582,0,7,0,82488,523122,1317,106639,4.845696394827522,0.1693324928028252
265,0.1663773232935615,0,1,0,82489,523121,1317,106639,4.845687131794435,0.16933276168699188
266,0.1665155926229561,0,30,0,82519,523091,1317,106639,4.845409240801808,0.16934082860908645
267,0.1665534456761022,0,5,0,82524,523086,1317,106639,4.84536292563637,0.16934217317082853
268,0.1669173043974871,0,2,0,82526,523084,1317,106639,4.8453443995701955,0.16934271100150383
269,0.1669741831869792,1,4,1,82530,523080,1318,106638,4.845307347437845,0.1693424675807266
270,0.1670718723606054,0,3,0,82533,523077,1318,106638,4.845279558338582,0.16934327433839116
271,0.1673293589588944,0,1,0,82534,523076,1318,106638,4.845270295305495,0.1693435432593209
272,0.1673718050155686,1,73,1,82607,523003,1319,106637,4.8445940938901035,0.16936185756940475
273,0.1676687322540231,0,3,0,82610,523000,1319,106637,4.844566304790841,0.1693626645193977
274,0.1678902317000719,1,18,1,82628,522982,1320,106636,4.8443995701952645,0.16936618711663262
275,0.168079633416257,0,2,0,82630,522980,1320,106636,4.84438104412909,0.16936672511499073
276,0.1682598421968411,0,2,0,82632,522978,1320,106636,4.844362518062915,0.16936726311676678
277,0.168363281321067,0,3,0,82635,522975,1320,106636,4.844334728963652,0.1693680701258396
278,0.1684870915934896,5,199,5,82834,522776,1325,106631,4.842491385379229,0.1694150208052977
279,0.168620767919356,0,1,0,82835,522775,1325,106631,4.842482122346141,0.1694152899718147
280,0.1688207149380186,0,3,0,82838,522772,1325,106631,4.842454333246878,0.16941609747649758
281,0.168878254517645,0,1,0,82839,522771,1325,106631,4.842445070213791,0.16941636664643583
282,0.1689378288046392,0,18,0,82857,522753,1325,106631,4.842278335618214,0.16942121185158823
283,0.1691816406605335,3,69,3,82926,522684,1328,106628,4.841639186335174,0.16943582833316384
284,0.169334418837212,0,1,0,82927,522683,1328,106628,4.841629923302086,0.16943609757337788
285,0.1694391272588225,2,38,2,82965,522645,1330,106626,4.841277928044759,0.1694436896027308
286,0.1695733632206184,0,5,0,82970,522640,1330,106626,4.841231612879321,0.16944503596253413
287,0.1696557532096558,0,1,0,82971,522639,1330,106626,4.841222349846234,0.16944530523706228
288,0.17,235,9326,235,92297,513313,1565,106391,4.754835303271704,0.1716803506190052
289,0.1717776293385967,0,2,0,92299,513311,1565,106391,4.754816777205528,0.1716809046929008
290,0.1735063084275435,0,2,0,92301,513309,1565,106391,4.754798251139353,0.17168145877037277
291,0.1743459882025478,0,2,0,92303,513307,1565,106391,4.754779725073178,0.17168201285142118
292,0.1748319458473557,0,1,0,92304,513306,1565,106391,4.75477046204009,0.17168228989328657
293,0.1748644148870511,0,2,0,92306,513304,1565,106391,4.754751935973915,0.17168284397969968
294,0.1750026842164457,0,1,0,92307,513303,1565,106391,4.754742672940828,0.17168312102424746
295,0.1752620367156405,0,1,0,92308,513302,1565,106391,4.7547334099077405,0.17168339806968935
296,0.175287369367639,0,2,0,92310,513300,1565,106391,4.754714883841565,0.17168395216325555
297,0.1754109393941388,0,1,0,92311,513299,1565,106391,4.754705620808478,0.17168422921137988
298,0.1756972332834896,0,1,0,92312,513298,1565,106391,4.75469635777539,0.17168450626039836
299,0.1758375761735204,0,7,0,92319,513291,1565,106391,4.754631516543777,0.17168644562856433
300,0.1758588966090583,0,5,0,92324,513286,1565,106391,4.754585201378339,0.17168783091836554
301,0.1759547198817786,0,1,0,92325,513285,1565,106391,4.754575938345252,0.17168810797900838
302,0.1761579775811017,0,1,0,92326,513284,1565,106391,4.754566675312164,0.17168838504054545
303,0.1765155926229561,1,29,1,92355,513255,1566,106390,4.754298047352625,0.17169508347521564
304,0.1765534456761022,0,3,0,92358,513252,1566,106390,4.754270258253363,0.17169591473786477
305,0.1769741831869792,0,13,0,92371,513239,1566,106390,4.754149838823224,0.17169951696902502
306,0.1770718723606054,0,1,0,92372,513238,1566,106390,4.754140575790137,0.1716997940699904
307,0.1773718050155686,0,78,0,92450,513160,1566,106390,4.753418059209308,0.17172141070131547
308,0.1776687322540231,0,3,0,92453,513157,1566,106390,4.753390270110045,0.17172224221891155
309,0.1778902317000719,0,15,0,92468,513142,1566,106390,4.753251324613731,0.17172639992768735
310,0.178079633416257,0,1,0,92469,513141,1566,106390,4.753242061580644,0.17172667711543085
311,0.178363281321067,0,5,0,92474,513136,1566,106390,4.753195746415206,0.17172806306757102
312,0.1784870915934896,1,192,1,92666,512944,1567,106389,4.751417244062396,0.17177996328308034
313,0.1785111920252577,0,1,0,92667,512943,1567,106389,4.751407981029308,0.17178024064637384
314,0.1788207149380186,0,1,0,92668,512942,1567,106389,4.751398717996221,0.17178051801056302
315,0.178878254517645,0,1,0,92669,512941,1567,106389,4.7513894549631335,0.1717807953756479
316,0.1789378288046392,0,9,0,92678,512932,1567,106389,4.751306087665345,0.1717832917017185
317,0.1791505995210749,0,2,0,92680,512930,1567,106389,4.75128756159917,0.17178384645069827
318,0.1791816406605335,0,87,0,92767,512843,1567,106389,4.750481677720553,0.1718079814996641
319,0.179334418837212,0,1,0,92768,512842,1567,106389,4.750472414687465,0.17180825895344387
320,0.1794391272588225,0,28,0,92796,512814,1567,106389,4.7502130497610136,0.17181602802312004
321,0.1795733632206184,0,14,0,92810,512800,1567,106389,4.750083367297788,0.1718199128214487
322,0.1796557532096558,0,3,0,92813,512797,1567,106389,4.750055578198525,0.17182074530108885
323,0.1797114722622524,0,2,0,92815,512795,1567,106389,4.75003705213235,0.17182130029199721
324,0.18,284,9501,284,102316,503294,1851,106105,4.662028974767498,0.17411416822147724
325,0.1837491283091301,0,1,0,102317,503293,1851,106105,4.66201971173441,0.17411445393650785
326,0.1838914875844663,0,2,0,102319,503291,1851,106105,4.6620011856682355,0.17411502536938214
327,0.1847967254136975,0,1,0,102320,503290,1851,106105,4.661991922635147,0.17411531108722586
328,0.1848319458473558,0,1,0,102321,503289,1851,106105,4.66198265960206,0.17411559680600727
329,0.1850026842164457,1,0,1,102321,503289,1852,106104,4.66198265960206,0.17411424154855734
330,0.1850405372695917,0,1,0,102322,503288,1852,106104,4.661973396568973,0.17411452726652138
331,0.1852873693676389,0,2,0,102324,503286,1852,106104,4.6619548705027976,0.17411509870526265
332,0.1852980238678808,0,2,0,102326,503284,1852,106104,4.661936344436622,0.1741156701477548
333,0.185558963954095,0,1,0,102327,503283,1852,106104,4.661927081403535,0.17411595587040749
334,0.1858375761735204,0,8,0,102335,503275,1852,106104,4.661852977138834,0.17411824168538792
335,0.1858588966090582,2,7,2,102342,503268,1854,106102,4.661788135907221,0.17411753122076898
336,0.1861558238475127,0,1,0,102343,503267,1854,106102,4.661778872874134,0.17411781695491566
337,0.1863773232935615,0,1,0,102344,503266,1854,106102,4.661769609841047,0.17411810269000014
338,0.1865155926229561,1,24,1,102368,503242,1855,106101,4.661547297046945,0.1741236052600916
339,0.1865534456761022,0,4,0,102372,503238,1855,106101,4.661510244914595,0.17412474829282223
340,0.1868280605047111,0,1,0,102373,503237,1855,106101,4.661500981881507,0.1741250340533497
341,0.1869741831869792,0,3,0,102376,503234,1855,106101,4.661473192782244,0.17412589134055978
342,0.1870718723606054,0,1,0,102377,503233,1855,106101,4.661463929749157,0.17412617710483905
343,0.1873718050155686,2,51,2,102428,503182,1857,106099,4.660991515061692,0.17413804139633438
344,0.1873718050155687,1,29,1,102457,503153,1858,106098,4.660722887102152,0.1741449747312684
345,0.1876687322540231,0,6,0,102463,503147,1858,106098,4.660667308903627,0.17414668975535294
346,0.1877095064520646,0,1,0,102464,503146,1858,106098,4.66065804587054,0.17414697559598452
347,0.1878902317000719,0,14,0,102478,503132,1858,106098,4.660528363407314,0.1741509774633554
348,0.1879262188523121,0,3,0,102481,503129,1858,106098,4.660500574308052,0.1741518350302925
349,0.188060454814108,0,2,0,102483,503127,1858,106098,4.660482048241876,0.174152406746276
350,0.188363281321067,0,1,0,102484,503126,1858,106098,4.660472785208789,0.17415269260567542
351,0.1884870915934896,4,182,4,102666,502944,1862,106094,4.658786913186854,0.17419931104463104
352,0.188620767919356,1,0,1,102666,502944,1863,106093,4.658786913186854,0.1741979551324468
353,0.1888207149380186,0,2,0,102668,502942,1863,106093,4.658768387120679,0.174198527178241
354,0.1889077820578304,0,1,0,102669,502941,1863,106093,4.658759124087592,0.174198813202547
355,0.1889378288046392,0,15,0,102684,502926,1863,106093,4.658620178591278,0.17420310367985234
356,0.189012490479441,0,1,0,102685,502925,1863,106093,4.6586109155581905,0.17420338971918728
357,0.1890337830460053,0,1,0,102686,502924,1863,106093,4.658601652525102,0.17420367575946155
358,0.1891816406605335,2,82,2,102768,502842,1865,106091,4.657842083811923,0.1742244220628542
359,0.1892902515768754,0,1,0,102769,502841,1865,106091,4.657832820778836,0.1742247081775962
360,0.1894391272588225,1,28,1,102797,502813,1866,106090,4.6575734558523845,0.17423136361620817
361,0.1895733632206184,0,7,0,102804,502806,1866,106090,4.657508614620771,0.17423336661761615
362,0.1897114722622524,0,1,0,102805,502805,1866,106090,4.657499351587684,0.17423365276443392
363,0.19,287,9842,287,112647,492963,2153,105803,4.566332579939975,0.1767017499323609
364,0.1930690382990583,0,1,0,112648,492962,2153,105803,4.566323316906888,0.17670204504271292
365,0.1932093811890891,0,1,0,112649,492961,2153,105803,4.566314053873801,0.17670234015405067
366,0.1937491283091302,0,1,0,112650,492960,2153,105803,4.566304790840713,0.17670263526637417
367,0.1947436100311373,0,3,0,112653,492957,2153,105803,4.56627700174145,0.17670352060925915
368,0.1948319458473557,0,1,0,112654,492956,2153,105803,4.566267738708363,0.17670381572552563
369,0.1950026842164457,0,2,0,112656,492954,2153,105803,4.566249212642187,0.17670440596101591
370,0.1950192168340539,1,0,1,112656,492954,2154,105802,4.566249212642187,0.17670303095083806
371,0.1950405372695917,0,1,0,112657,492953,2154,105802,4.5662399496091,0.1767033260682583
372,0.1952767034323429,0,1,0,112658,492952,2154,105802,4.566230686576012,0.1767036211866643
373,0.195287369367639,0,1,0,112659,492951,2154,105802,4.566221423542925,0.17670391630605609
374,0.1956972332834896,0,2,0,112661,492949,2154,105802,4.5662028974767495,0.17670450654779699
375,0.1958375761735204,1,6,1,112667,492943,2155,105801,4.566147319278224,0.17670490226206859
376,0.1958588966090582,0,9,0,112676,492934,2155,105801,4.5660639519804365,0.17670755843570193
377,0.1960889558435745,0,1,0,112677,492933,2155,105801,4.566054688947349,0.17670785357103488
378,0.1961579775811017,0,2,0,112679,492931,2155,105801,4.566036162881174,0.1767084438446584
379,0.1965155926229561,0,41,0,112720,492890,2155,105801,4.565656378524584,0.17672054532304646
380,0.1965534456761021,0,2,0,112722,492888,2155,105801,4.565637852458409,0.176721135681464
381,0.1966065610586623,0,1,0,112723,492887,2155,105801,4.565628589425321,0.17672143086215192
382,0.1968280605047111,0,1,0,112724,492886,2155,105801,4.565619326392234,0.1767217260438259
383,0.1969741831869792,0,7,0,112731,492879,2155,105801,4.565554485160621,0.17672379234315494
384,0.1970718723606054,0,2,0,112733,492877,2155,105801,4.565535959094446,0.17672438272326693
385,0.1971078595128456,0,1,0,112734,492876,2155,105801,4.565526696061358,0.17672467791480215
386,0.1973718050155686,1,96,1,112830,492780,2156,105800,4.564637444884953,0.1767516455611614
387,0.1974249203981288,0,2,0,112832,492778,2156,105800,4.564618918818778,0.17675223613296848
388,0.1976687322540231,0,9,0,112841,492769,2156,105800,4.56453555152099,0.17675489375493886
389,0.1978902317000719,2,16,2,112857,492753,2158,105798,4.564387342991589,0.1767568678358235
390,0.1979262188523121,0,1,0,112858,492752,2158,105798,4.564378079958502,0.17675716314426532
391,0.198060454814108,0,1,0,112859,492751,2158,105798,4.564368816925414,0.17675745845369384
392,0.198079633416257,0,2,0,112861,492749,2158,105798,4.564350290859239,0.1767580490755112
393,0.198363281321067,0,1,0,112862,492748,2158,105798,4.564341027826152,0.1767583443879
394,0.1984870915934896,11,230,11,113092,492518,2169,105787,4.562210530216014,0.1768111581885493
395,0.1987550038811519,0,1,0,113093,492517,2169,105787,4.562201267182926,0.1768114537091512
396,0.1988207149380186,0,3,0,113096,492514,2169,105787,4.562173478083664,0.17681234027688406
397,0.1989378288046392,1,14,1,113110,492500,2170,105786,4.562043795620438,0.17681510180749674
398,0.1991816406605335,5,85,5,113195,492415,2175,105781,4.561256437807996,0.17683334559241454
399,0.199334418837212,0,1,0,113196,492414,2175,105781,4.561247174774908,0.17683364120395523
400,0.1994391272588225,1,38,1,113234,492376,2176,105780,4.560895179517582,0.17684349902032245
401,0.1995733632206184,1,12,1,113246,492364,2177,105779,4.56078402312053,0.17684567068410062
402,0.1996557532096558,0,4,0,113250,492360,2177,105779,4.5607469709881805,0.1768468533233914
403,0.1997114722622524,0,2,0,113252,492358,2177,105779,4.560728444922005,0.17684744464896837
404,0.1997114722622525,0,1,0,113253,492357,2177,105779,4.560719181888918,0.1768477403132398
405,0.2,334,9902,334,123155,482455,2511,105445,4.468996628255956,0.17935873447865283
406,0.2022037508629245,0,1,0,123156,482454,2511,105445,4.468987365222868,0.17935903956291813
407,0.2023531687964765,0,1,0,123157,482453,2511,105445,4.468978102189781,0.17935934464822129
408,0.2027092695236149,0,1,0,123158,482452,2511,105445,4.468968839156694,0.17935964973456234
409,0.2032093811890891,1,0,1,123158,482452,2512,105444,4.468968839156694,0.17935825384081538
410,0.2037955411507437,0,1,0,123159,482451,2512,105444,4.468959576123606,0.1793585589263389
411,0.2038873976385248,0,2,0,123161,482449,2512,105444,4.468941050057431,0.1793591691004996
412,0.2039405130210849,0,1,0,123162,482448,2512,105444,4.468931787024343,0.17935947418913678
413,0.2042221779301253,0,1,0,123163,482447,2512,105444,4.468922523991256,0.1793597792788119
414,0.20432466776701,0,1,0,123164,482446,2512,105444,4.4689132609581685,0.1793600843695249
415,0.204405824323028,0,1,0,123165,482445,2512,105444,4.46890399792508,0.17936038946127586
416,0.2050026842164457,0,1,0,123166,482444,2512,105444,4.468894734891993,0.17936069455406473
417,0.2052620367156405,0,2,0,123168,482442,2512,105444,4.468876208825818,0.17936130474275624
418,0.205287369367639,0,1,0,123169,482441,2512,105444,4.468866945792731,0.17936160983865893
419,0.2054109393941388,0,1,0,123170,482440,2512,105444,4.4688576827596425,0.17936191493559955
420,0.2057260914934666,0,1,0,123171,482439,2512,105444,4.468848419726555,0.1793622200335781
421,0.2058375761735204,0,8,0,123179,482431,2512,105444,4.468774315461855,0.17936466085477354
422,0.2058588966090583,0,6,0,123185,482425,2512,105444,4.4687187372633295,0.17936649151426592
423,0.2059547198817786,0,1,0,123186,482424,2512,105444,4.468709474230242,0.1793667966278144
424,0.2061268088967206,0,1,0,123187,482423,2512,105444,4.468700211197154,0.17936710174240092
425,0.2061579775811017,0,1,0,123188,482422,2512,105444,4.468690948164067,0.17936740685802546
426,0.2062671877635337,0,1,0,123189,482421,2512,105444,4.46868168513098,0.17936771197468807
427,0.2065155926229561,2,41,2,123230,482380,2514,105442,4.46830190077439,0.17937743058272743
428,0.2065534456761022,0,2,0,123232,482378,2514,105442,4.468283374708214,0.1793780408968732
429,0.2069173043974871,0,3,0,123235,482375,2514,105442,4.468255585608952,0.1793789563758789
430,0.206945168236187,0,1,0,123236,482374,2514,105442,4.468246322575864,0.179379261537624
431,0.2069741831869792,0,6,0,123242,482368,2514,105442,4.468190744377339,0.17938109252989912
432,0.2071078595128456,0,1,0,123243,482367,2514,105442,4.468181481344251,0.1793813976989124
433,0.2073078065315082,0,1,0,123244,482366,2514,105442,4.468172218311164,0.17938170286896402
434,0.2073718050155686,1,108,1,123352,482258,2515,105441,4.467171810737708,0.17941327107924296
435,0.2074249203981288,0,1,0,123353,482257,2515,105441,4.46716254770462,0.1794135763606478
436,0.2076687322540231,0,4,0,123357,482253,2515,105441,4.467125495572271,0.17941479749665643
437,0.2078902317000719,1,11,1,123368,482242,2516,105440,4.467023602208307,0.17941675940389532
438,0.2079262188523121,0,4,0,123372,482238,2516,105440,4.466986550075957,0.17941798059481553
439,0.2080023555985521,0,1,0,123373,482237,2516,105440,4.4669772870428694,0.17941828589514308
440,0.208060454814108,0,2,0,123375,482235,2516,105440,4.466958760976694,0.1794188964989152
441,0.208079633416257,0,1,0,123376,482234,2516,105440,4.466949497943607,0.17941920180235982
442,0.2081194694651728,0,1,0,123377,482233,2516,105440,4.466940234910519,0.17941950710684343
443,0.208363281321067,0,4,0,123381,482229,2516,105440,4.466903182778169,0.17942072833516826
444,0.2084718922374089,0,1,0,123382,482228,2516,105440,4.466893919745082,0.1794210336448471
445,0.2084870915934896,2,230,2,123612,481998,2518,105438,4.4647634221349435,0.1794884889587972
446,0.2088207149380186,0,1,0,123613,481997,2518,105438,4.464754159101856,0.17948879450492394
447,0.2089077820578304,0,1,0,123614,481996,2518,105438,4.464744896068769,0.17948910005209096
448,0.2089378288046392,0,15,0,123629,481981,2518,105438,4.464605950572455,0.17949368338443258
449,0.2091816406605335,2,106,2,123735,481875,2520,105436,4.463624069065174,0.17952328493762248
450,0.209334418837212,0,1,0,123736,481874,2520,105436,4.463614806032087,0.17952359060802642
451,0.2094391272588225,1,36,1,123772,481838,2521,105435,4.463281336840935,0.17953319835919582
452,0.2095153688446398,0,1,0,123773,481837,2521,105435,4.463272073807848,0.1795335040662589
453,0.2095733632206184,0,14,0,123787,481823,2521,105435,4.463142391344622,0.1795377840744613
454,0.21,337,10289,337,134076,471534,2858,105098,4.367835043906777,0.18226182383218414
455,0.2112592026540934,0,1,0,134077,471533,2858,105098,4.367825780873689,0.1822621399126998
456,0.2126485084479115,0,1,0,134078,471532,2858,105098,4.367816517840602,0.1822624559943118
457,0.2137278078735923,0,1,0,134079,471531,2858,105098,4.367807254807514,0.18226277207702005
458,0.2138873976385247,0,2,0,134081,471529,2858,105098,4.367788728741339,0.18226340424572557
459,0.2141218764845929,0,1,0,134082,471528,2858,105098,4.367779465708251,0.1822637203317228
460,0.21432466776701,0,2,0,134084,471526,2858,105098,4.367760939642077,0.1822643525070063
461,0.2144487556765508,0,1,0,134085,471525,2858,105098,4.3677516766089886,0.18226466859629256
462,0.2147436100311373,0,4,0,134089,471521,2858,105098,4.367714624476639,0.1822659329644011
463,0.2148319458473558,0,2,0,134091,471519,2858,105098,4.367696098410463,0.1822665651550336
464,0.2150026842164457,0,3,0,134094,471516,2858,105098,4.367668309311201,0.1822675134492052
465,0.2152620367156405,0,1,0,134095,471515,2858,105098,4.3676590462781135,0.18226782954945517
466,0.2152620367156406,0,1,0,134096,471514,2858,105098,4.367649783245025,0.18226814565080157
467,0.2152873693676389,0,4,0,134100,471510,2858,105098,4.367612731112676,0.18226941006715133
468,0.2154043959909767,0,1,0,134101,471509,2858,105098,4.367603468079588,0.18226972617397985
469,0.2156972332834896,0,3,0,134104,471506,2858,105098,4.367575678980326,0.18227067450104403
470,0.2158375761735204,0,11,0,134115,471495,2858,105098,4.367473785616363,0.18227415178470777
471,0.2158588966090582,0,9,0,134124,471486,2858,105098,4.367390418318574,0.18227699693366448
472,0.2159547198817786,0,2,0,134126,471484,2858,105098,4.367371892252399,0.18227762920105034
473,0.2163773232935615,0,1,0,134127,471483,2858,105098,4.367362629219311,0.1822779453363881
474,0.2165155926229561,0,41,0,134168,471442,2858,105098,4.366982844862722,0.18229090782946544
475,0.2165534456761021,0,1,0,134169,471441,2858,105098,4.366973581829634,0.18229122401086484
476,0.2165534456761022,0,6,0,134175,471435,2858,105098,4.366918003631109,0.18229312112229482
477,0.2168109322743912,0,1,0,134176,471434,2858,105098,4.366908740598022,0.18229343731137213
478,0.2169173043974871,0,3,0,134179,471431,2858,105098,4.366880951498759,0.18229438588518532
479,0.2169741831869792,0,9,0,134188,471422,2858,105098,4.366797584200971,0.1822972316658572
480,0.2173718050155686,3,57,3,134245,471365,2861,105095,4.36626959131498,0.1823110016306422
481,0.2173718050155687,2,46,2,134291,471319,2863,105093,4.365843491792953,0.18232271361456737
482,0.2174249203981288,0,1,0,134292,471318,2863,105093,4.365834228759865,0.1823230299213582
483,0.2176687322540231,0,12,0,134304,471306,2863,105093,4.365723072362814,0.1823268256884554
484,0.2178902317000719,0,22,0,134326,471284,2863,105093,4.365519285634888,0.18233378500530034
485,0.2179262188523121,0,3,0,134329,471281,2863,105093,4.3654914965356255,0.18233473404421435
486,0.2181194694651728,0,3,0,134332,471278,2863,105093,4.365463707436363,0.1823356830930078
487,0.218363281321067,0,4,0,134336,471274,2863,105093,4.365426655304013,0.18233694850676738
488,0.2184870915934896,8,221,8,134557,471053,2871,105085,4.363379524991664,0.18239553718032833
489,0.218620767919356,0,2,0,134559,471051,2871,105085,4.363360998925488,0.18239617034866767
490,0.2188207149380186,0,2,0,134561,471049,2871,105085,4.363342472859313,0.182396803521403
491,0.2189378288046392,0,24,0,134585,471025,2871,105085,4.363120160065212,0.18240440193713006
492,0.219012490479441,0,1,0,134586,471024,2871,105085,4.363110897032124,0.1824047185515241
493,0.2191816406605335,2,100,2,134686,470924,2873,105083,4.362184593723369,0.18243354681453525
494,0.219334418837212,0,1,0,134687,470923,2873,105083,4.362175330690281,0.18243386353614371
495,0.2194391272588225,0,30,0,134717,470893,2873,105083,4.361897439697654,0.1824433656957929
496,0.2195733632206184,1,8,1,134725,470885,2874,105082,4.3618233354329545,0.18244448032612978
497,0.2196557532096558,0,1,0,134726,470884,2874,105082,4.361814072399866,0.18244479708871705
498,0.22,394,10510,394,145236,460374,3268,104688,4.264459594649672,0.18526816526328085
499,0.2206999174999353,0,1,0,145237,460373,3268,104688,4.264450331616585,0.18526849313613927
500,0.2208615808255039,0,1,0,145238,460372,3268,104688,4.264441068583497,0.1852688210101582
501,0.2230311852459122,0,1,0,145239,460371,3268,104688,4.26443180555041,0.18526914888533763
502,0.2232093811890891,0,2,0,145241,460369,3268,104688,4.264413279484234,0.185269804639178
503,0.2235874649835615,0,1,0,145242,460368,3268,104688,4.264404016451147,0.18527013251783894
504,0.2239252506916708,0,1,0,145243,460367,3268,104688,4.264394753418059,0.1852704603976604
505,0.2241218764845929,0,2,0,145245,460365,3268,104688,4.264376227351884,0.18527111616078493
506,0.2241843248769792,0,1,0,145246,460364,3268,104688,4.264366964318796,0.185271444044088
507,0.2242008574945875,0,1,0,145247,460363,3268,104688,4.264357701285709,0.18527177192855157
508,0.22432466776701,0,3,0,145250,460360,3268,104688,4.264329912186446,0.1852727555889057
509,0.2243459882025479,0,1,0,145251,460359,3268,104688,4.264320649153359,0.18527308347801155
510,0.2244436773761741,0,1,0,145252,460358,3268,104688,4.264311386120271,0.185273411368278
511,0.2244487556765508,0,1,0,145253,460357,3268,104688,4.264302123087184,0.18527373925970497
512,0.2247967254136975,0,2,0,145255,460355,3268,104688,4.2642835970210085,0.18527439504604074
513,0.2250026842164457,0,2,0,145257,460353,3268,104688,4.264265070954833,0.1852750508370189
514,0.2252620367156405,0,2,0,145259,460351,3268,104688,4.264246544888659,0.1852757066326395
515,0.2252873693676389,0,1,0,145260,460350,3268,104688,4.2642372818555705,0.18527603453219074
516,0.2252980238678808,0,1,0,145261,460349,3268,104688,4.264228018822483,0.18527636243290263
517,0.2254612747804688,0,2,0,145263,460347,3268,104688,4.264209492756308,0.1852770182378083
518,0.2256972332834896,1,1,1,145264,460346,3269,104687,4.264200229723221,0.18527590423922144
519,0.2257804634001438,0,1,0,145265,460345,3269,104687,4.264190966690133,0.1852762321426043
520,0.2258375761735204,0,7,0,145272,460338,3269,104687,4.26412612545852,0.18527852749878324
521,0.2258588966090582,1,11,1,145283,460327,3270,104686,4.264024232094557,0.18528069265662914
522,0.2261558238475127,0,1,0,145284,460326,3270,104686,4.26401496906147,0.18528102058009388
523,0.2263096338202079,0,2,0,145286,460324,3270,104686,4.263996442995294,0.18528167643050567
524,0.2263773232935615,0,4,0,145290,460320,3270,104686,4.2639593908629445,0.18528298814525865
525,0.2265155926229561,2,44,2,145334,460276,3272,104684,4.263551817407092,0.18529453412630983
526,0.2265534456761022,0,1,0,145335,460275,3272,104684,4.263542554374005,0.1852948621050377
527,0.2268280605047112,0,1,0,145336,460274,3272,104684,4.2635332913409165,0.18529519008492668
528,0.2269451682361871,0,1,0,145337,460273,3272,104684,4.263524028307829,0.18529551806597672
529,0.2269741831869792,0,7,0,145344,460266,3272,104684,4.263459187076216,0.1852978139658377
530,0.2273718050155686,2,106,2,145450,460160,3274,104682,4.262477305568935,0.18532970281954952
531,0.2274249203981288,0,1,0,145451,460159,3274,104682,4.262468042535848,0.18533003092905792
532,0.2276687322540231,3,15,3,145466,460144,3277,104679,4.262329097039535,0.18533062570044068
533,0.2278902317000719,0,16,0,145482,460128,3277,104679,4.262180888510134,0.1853358757947405
534,0.2279262188523121,0,7,0,145489,460121,3277,104679,4.2621160472785204,0.18533817280453257
535,0.228060454814108,0,1,0,145490,460120,3277,104679,4.262106784245433,0.18533850095343654
536,0.228079633416257,0,1,0,145491,460119,3277,104679,4.262097521212346,0.1853388291035025
537,0.2283632813210671,0,3,0,145494,460116,3277,104679,4.262069732113083,0.18533981356067245
538,0.2283769560634617,0,1,0,145495,460115,3277,104679,4.262060469079995,0.18534014171538649
539,0.2284870915934896,7,235,7,145730,459880,3284,104672,4.25988365630442,0.185407190125976
540,0.2287519083064874,0,1,0,145731,459879,3284,104672,4.259874393271333,0.18540751854128326
541,0.2287550038811519,0,1,0,145732,459878,3284,104672,4.2598651302382455,0.18540784695775397
542,0.2288207149380186,0,5,0,145737,459873,3284,104672,4.259818815072808,0.18540948905755963
543,0.2288373938701894,0,1,0,145738,459872,3284,104672,4.2598095520397194,0.18540981748101124
544,0.2289378288046392,0,18,0,145756,459854,3284,104672,4.259642817444144,0.1854157293021048
545,0.2290337830460053,0,2,0,145758,459852,3284,104672,4.2596242913779685,0.18541638619438677
546,0.2291505995210749,0,1,0,145759,459851,3284,104672,4.259615028344881,0.18541671464227322
547,0.2291816406605335,3,107,3,145866,459744,3287,104669,4.258623883804513,0.18544753575838968
548,0.2294391272588225,2,46,2,145912,459698,3289,104667,4.258197784282485,0.18545976451409993
549,0.2295172525109046,0,1,0,145913,459697,3289,104667,4.258188521249398,0.18546009313138329
550,0.2295733632206184,0,16,0,145929,459681,3289,104667,4.258040312719997,0.18546535116630164
551,0.2296557532096558,0,3,0,145932,459678,3289,104667,4.258012523620734,0.18546633708104085
552,0.2297114722622525,0,2,0,145934,459676,3289,104667,4.257993997554559,0.18546699436335704
553,0.23,425,10445,425,156379,449231,3714,104242,4.1612416169550555,0.18834161738693667
554,0.232115415046706,0,1,0,156380,449230,3714,104242,4.161232353921968,0.18834195767807585
555,0.2334897758099353,0,1,0,156381,449229,3714,104242,4.161223090888881,0.18834229797044472
556,0.2337744609611285,0,1,0,156382,449228,3714,104242,4.161213827855793,0.1883426382640432
557,0.2344487556765508,1,1,1,156383,449227,3715,104241,4.161204564822706,0.1883415120657382
558,0.2344583440928765,1,1,1,156384,449226,3716,104240,4.161195301789618,0.18834038585929397
559,0.2347967254136975,1,0,1,156384,449226,3717,104239,4.161195301789618,0.1883389193535273
560,0.2350026842164457,0,2,0,156386,449224,3717,104239,4.161176775723443,0.18833959993712318
561,0.235019216834054,0,1,0,156387,449223,3717,104239,4.161167512690355,0.1883399402307656
562,0.2350405372695918,0,1,0,156388,449222,3717,104239,4.161158249657268,0.18834028052563775
563,0.2352873693676389,0,3,0,156391,449219,3717,104239,4.161130460558005,0.18834130141763242
564,0.235287369367639,0,1,0,156392,449218,3717,104239,4.161121197524918,0.1883416417174234
565,0.2354109393941388,0,2,0,156394,449216,3717,104239,4.1611026714587425,0.18834232232069453
566,0.2356972332834896,0,1,0,156395,449215,3717,104239,4.161093408425655,0.18834266262417473
567,0.2358375761735204,0,3,0,156398,449212,3717,104239,4.161065619326393,0.18834368354199377
568,0.2358588966090582,0,2,0,156400,449210,3717,104239,4.161047093260217,0.18834436416002198
569,0.2358588966090583,0,4,0,156404,449206,3717,104239,4.1610100411278665,0.18834572541083577
570,0.2361558238475127,0,1,0,156405,449205,3717,104239,4.161000778094779,0.18834606572661372
571,0.2361579775811017,0,1,0,156406,449204,3717,104239,4.160991515061692,0.18834640604362146
572,0.2364133104458017,0,1,0,156407,449203,3717,104239,4.160982252028604,0.18834674636185905
573,0.2364237361351751,0,1,0,156408,449202,3717,104239,4.160972988995517,0.18834708668132646
574,0.2365155926229561,1,49,1,156457,449153,3718,104238,4.160519100374226,0.18836229718228162
575,0.2365534456761021,0,2,0,156459,449151,3718,104238,4.160500574308052,0.18836297794137577
576,0.2365534456761022,0,6,0,156465,449145,3718,104238,4.1604449961095264,0.18836502024818255
577,0.2368109322743912,0,1,0,156466,449144,3718,104238,4.160435733076438,0.18836536063695603
578,0.2368503729145566,0,1,0,156467,449143,3718,104238,4.160426470043351,0.18836570102695974
579,0.236945168236187,0,2,0,156469,449141,3718,104238,4.160407943977176,0.1883663818106578
580,0.2369741831869792,0,9,0,156478,449132,3718,104238,4.160324576679388,0.1883694453981965
581,0.2370832772778211,0,1,0,156479,449131,3718,104238,4.160315313646301,0.1883697858029633
582,0.2373078065315082,0,3,0,156482,449128,3718,104238,4.160287524547038,0.18837080702464554
583,0.2373718050155686,3,107,3,156589,449021,3721,104235,4.159296380006669,0.18840283702300561
584,0.2374249203981288,0,1,0,156590,449020,3721,104235,4.159287116973582,0.1884031775582688
585,0.2376687322540231,0,6,0,156596,449014,3721,104235,4.159231538775057,0.18840522079569957
586,0.2377095064520646,0,1,0,156597,449013,3721,104235,4.159222275741969,0.18840556133958009
587,0.2378902317000719,3,14,3,156611,448999,3724,104232,4.159092593278743,0.1884059280842903
588,0.238079633416257,0,1,0,156612,448998,3724,104232,4.159083330245656,0.18840626864052926
589,0.2381194694651728,0,2,0,156614,448996,3724,104232,4.15906480417948,0.18840694975670066
590,0.238363281321067,0,1,0,156615,448995,3724,104232,4.159055541146393,0.18840729031663314
591,0.2384870915934896,6,233,6,156848,448762,3730,104226,4.156897254436993,0.18847786932085325
592,0.238620767919356,0,1,0,156849,448761,3730,104226,4.156887991403905,0.18847821015683913
593,0.2387550038811519,0,1,0,156850,448760,3730,104226,4.156878728370818,0.18847855099405772
594,0.2388207149380186,0,4,0,156854,448756,3730,104226,4.156841676238468,0.1884799143552593
595,0.2389378288046392,0,24,0,156878,448732,3730,104226,4.156619363444366,0.18848809493668597
596,0.2390124904794409,0,1,0,156879,448731,3730,104226,4.156610100411279,0.18848843580965607
597,0.2390337830460053,0,1,0,156880,448730,3730,104226,4.156600837378191,0.1884887766838591
598,0.2391816406605335,5,113,5,156993,448617,3735,104221,4.155554114639298,0.18851996425716033
599,0.239334418837212,0,1,0,156994,448616,3735,104221,4.15554485160621,0.18852030526176794
600,0.2394391272588225,1,49,1,157043,448567,3736,104220,4.15509096298492,0.18853554805015313
601,0.2395153688446398,0,1,0,157044,448566,3736,104220,4.1550816999518325,0.18853588911441319
602,0.2395733632206184,0,10,0,157054,448556,3736,104220,4.154989069620957,0.18853929982488385
603,0.2396557532096558,0,2,0,157056,448554,3736,104220,4.154970543554781,0.1885399819817864
604,0.2397114722622524,0,1,0,157057,448553,3736,104220,4.154961280521694,0.1885403230620888
605,0.24,460,10793,460,167850,437760,4196,103760,4.054985364407722,0.19160880484561973
606,0.2416964727825787,0,2,0,167852,437758,4196,103760,4.054966838341547,0.19160951251851277
607,0.2418029619905951,0,1,0,167853,437757,4196,103760,4.054957575308459,0.19160986635691954
608,0.2423531687964765,0,2,0,167855,437755,4196,103760,4.054939049242284,0.1916105740376536
609,0.243209381189089,0,1,0,167856,437754,4196,103760,4.054929786209196,0.19161092787998094
610,0.2438873976385247,0,2,0,167858,437752,4196,103760,4.0549112601430215,0.1916116355685562
611,0.2441843248769792,0,1,0,167859,437751,4196,103760,4.054901997109933,0.19161198941480412
612,0.24432466776701,0,3,0,167862,437748,4196,103760,4.054874208010671,0.1916130509613893
613,0.2443459882025478,0,1,0,167863,437747,4196,103760,4.0548649449775835,0.19161340481286485
614,0.2447436100311373,0,4,0,167867,437743,4196,103760,4.054827892845233,0.1916148202318362
615,0.2448319458473558,0,3,0,167870,437740,4196,103760,4.05480010374597,0.1916158818097876
616,0.245019216834054,1,0,1,167870,437740,4197,103759,4.05480010374597,0.19161438894623997
617,0.2452620367156405,0,1,0,167871,437739,4197,103759,4.054790840712883,0.1916147428060676
618,0.2452620367156406,0,2,0,167873,437737,4197,103759,4.054772314646708,0.1916154505296438
619,0.2454912744807414,0,1,0,167874,437736,4197,103759,4.05476305161362,0.19161580439339237
620,0.2456972332834896,0,3,0,167877,437733,4197,103759,4.054735262514358,0.19161686599248004
621,0.2458375761735204,0,10,0,167887,437723,4197,103759,4.054642632183482,0.19162040474106248
622,0.2458588966090582,1,10,1,167897,437713,4198,103758,4.054550001852607,0.19162245069449702
623,0.2463773232935615,1,0,1,167897,437713,4199,103757,4.054550001852607,0.1916209577631263
624,0.2465155926229561,1,44,1,167941,437669,4200,103756,4.054142428396754,0.19163503717042987
625,0.2465534456761021,0,1,0,167942,437668,4200,103756,4.054133165363667,0.19163539111675876
626,0.2465534456761022,0,1,0,167943,437667,4200,103756,4.054123902330579,0.19163574506439512
627,0.2468109322743911,0,1,0,167944,437666,4200,103756,4.054114639297492,0.19163609901333895
628,0.2468109322743912,0,1,0,167945,437665,4200,103756,4.054105376264404,0.19163645296359025
629,0.2469173043974871,0,1,0,167946,437664,4200,103756,4.054096113231316,0.19163680691514906
630,0.2469741831869792,0,8,0,167954,437656,4200,103756,4.054022008966616,0.19163963857468988
631,0.2473718050155686,4,103,4,168057,437553,4204,103752,4.053067916558598,0.19167013051791504
632,0.2474249203981288,0,2,0,168059,437551,4204,103752,4.053049390492423,0.19167083869847387
633,0.2476687322540231,0,16,0,168075,437535,4204,103752,4.052901181963022,0.19167650433134364
634,0.2478215104307016,0,2,0,168077,437533,4204,103752,4.0528826558968465,0.1916772125590031
635,0.2478902317000719,1,17,1,168094,437516,4205,103751,4.052725184334358,0.19168173932643223
636,0.2479262188523121,1,6,1,168100,437510,4206,103750,4.052669606135833,0.19168237076451244
637,0.248060454814108,0,4,0,168104,437506,4206,103750,4.052632554003483,0.191683787339078
638,0.248079633416257,0,2,0,168106,437504,4206,103750,4.052614027937308,0.19168449563421242
639,0.2481194694651727,0,1,0,168107,437503,4206,103750,4.0526047649042205,0.19168484978374253
640,0.248363281321067,0,1,0,168108,437502,4206,103750,4.052595501871132,0.1916852039345813
641,0.2484870915934896,17,251,17,168359,437251,4223,103733,4.050270480566157,0.19174873933425018
642,0.248620767919356,0,1,0,168360,437250,4223,103733,4.050261217533069,0.19174909377928698
643,0.2488207149380186,0,5,0,168365,437245,4223,103733,4.050214902367631,0.19175086602412666
644,0.2489378288046392,1,23,1,168388,437222,4224,103732,4.050001852606617,0.1917575246693804
645,0.249012490479441,0,1,0,168389,437221,4224,103732,4.04999258957353,0.19175787915031436
646,0.2490337830460053,0,2,0,168391,437219,4224,103732,4.049974063507355,0.19175858811611404
647,0.2491816406605335,0,126,0,168517,437093,4224,103732,4.048806921338323,0.191803263532566
648,0.249334418837212,0,1,0,168518,437092,4224,103732,4.048797658305236,0.19180361818262504
649,0.2494391272588225,1,37,1,168555,437055,4225,103731,4.048454926080996,0.19181524669647512
650,0.2495733632206184,0,17,0,168572,437038,4225,103731,4.048297454518508,0.19182127673738694
651,0.2496557532096558,0,2,0,168574,437036,4225,103731,4.048278928452333,0.19182198617889035
652,0.2497114722622525,0,1,0,168575,437035,4225,103731,4.0482696654192445,0.19182234090160993
653,0.249746294247583,0,1,0,168576,437034,4225,103731,4.048260402386157,0.19182269562564144
654,0.25,466,10860,466,179436,426174,4691,103265,3.9476638630553187,0.19504607707403496
655,0.2504029902614809,0,1,0,179437,426173,4691,103265,3.9476546000222315,0.1950464454761464
656,0.2522037508629244,0,1,0,179438,426172,4691,103265,3.9476453369891438,0.1950468138796495
657,0.2530690382990583,0,1,0,179439,426171,4691,103265,3.947636073956056,0.19504718228454432
658,0.2534897758099353,0,1,0,179440,426170,4691,103265,3.9476268109229684,0.1950475506908308
659,0.2538873976385247,0,1,0,179441,426169,4691,103265,3.947617547889881,0.19504791909850897
660,0.25432466776701,1,1,1,179442,426168,4692,103264,3.9476082848567935,0.19504676710134636
661,0.2545952260392131,0,1,0,179443,426167,4692,103264,3.947599021823706,0.19504713550963204
662,0.2547436100311373,0,3,0,179446,426164,4692,103264,3.947571232724443,0.19504824074283944
663,0.2547754049781597,0,1,0,179447,426163,4692,103264,3.9475619696913555,0.19504860915669206
664,0.2548319458473558,0,1,0,179448,426162,4692,103264,3.9475527066582683,0.1950489775719364
665,0.2548788739440232,0,3,0,179451,426159,4692,103264,3.9475249175590057,0.19505008282602002
666,0.2550026842164457,0,7,0,179458,426152,4692,103264,3.947460076327393,0.1950526618009278
667,0.2550405372695918,0,2,0,179460,426150,4692,103264,3.9474415502612175,0.19505339866342786
668,0.2552873693676389,0,5,0,179465,426145,4692,103264,3.94739523509578,0.19505524084403553
669,0.2554043959909767,0,2,0,179467,426143,4692,103264,3.9473767090296046,0.19505597772602176
670,0.2554534214275953,0,1,0,179468,426142,4692,103264,3.947367445996517,0.19505634616910272
671,0.2556972332834896,0,2,0,179470,426140,4692,103264,3.947348919930342,0.19505708305944042
672,0.2558375761735204,1,12,1,179482,426128,4693,103263,3.947237763533291,0.19505998401937322
673,0.2558588966090582,0,7,0,179489,426121,4693,103263,3.9471729223016783,0.19506256328109653
674,0.2559698651163289,0,2,0,179491,426119,4693,103263,3.9471543962355033,0.19506330022554602
675,0.2563096338202079,0,1,0,179492,426118,4693,103263,3.9471451332024157,0.1950636686998589
676,0.2563773232935615,0,3,0,179495,426115,4693,103263,3.947117344103153,0.19506477413115014
677,0.2565155926229561,3,55,3,179550,426060,4696,103260,3.9466078772833377,0.1950804806166402
678,0.2565534456761022,0,3,0,179553,426057,4696,103260,3.946580088184075,0.1950815862706091
679,0.2568109322743912,0,1,0,179554,426056,4696,103260,3.9465708251509874,0.19508195482471719
680,0.2569173043974871,0,4,0,179558,426052,4696,103260,3.946533773018637,0.19508342905507528
681,0.2569741831869792,2,12,2,179570,426040,4698,103258,3.9464226166215868,0.19508481044704495
682,0.2570718723606054,0,1,0,179571,426039,4698,103258,3.946413353588499,0.19508517902047431
683,0.2572612740767905,0,1,0,179572,426038,4698,103258,3.9464040905554114,0.1950855475952964
684,0.2573078065315082,0,1,0,179573,426037,4698,103258,3.9463948275223237,0.19508591617151116
685,0.2573718050155686,4,117,4,179690,425920,4702,103254,3.94531105265108,0.19512296522504885
686,0.2574249203981288,0,2,0,179692,425918,4702,103254,3.945292526584905,0.1951237026902406
687,0.2576687322540231,0,9,0,179701,425909,4702,103254,3.945209159287117,0.1951270213525889
688,0.2578902317000719,0,17,0,179718,425892,4702,103254,3.9450516877246287,0.19513329024503634
689,0.2579262188523121,0,1,0,179719,425891,4702,103254,3.945042424691541,0.19513365901595972
690,0.2580023555985521,0,1,0,179720,425890,4702,103254,3.9450331616584533,0.1951340277882769
691,0.258060454814108,1,2,1,179722,425888,4703,103253,3.9450146355922784,0.19513324425814668
692,0.258079633416257,0,2,0,179724,425886,4703,103253,3.944996109526103,0.19513398180818273
693,0.2581194694651728,0,2,0,179726,425884,4703,103253,3.944977583459928,0.19513471936379426
694,0.2581777855797341,0,1,0,179727,425883,4703,103253,3.9449683204268404,0.19513508814369085
695,0.2581985638557421,0,1,0,179728,425882,4703,103253,3.944959057393753,0.19513545692498133
696,0.258363281321067,0,4,0,179732,425878,4703,103253,3.944922005261403,0.19513693206408242
697,0.2584870915934896,12,295,12,180027,425583,4715,103241,3.9421894105005744,0.19522752371299337
698,0.258620767919356,0,2,0,180029,425581,4715,103241,3.942170884434399,0.19522826206171454
699,0.2587519083064875,0,1,0,180030,425580,4715,103241,3.9421616214013118,0.19522863123816944
700,0.2587550038811519,0,1,0,180031,425579,4715,103241,3.942152358368224,0.19522900041602056
701,0.2588207149380186,0,4,0,180035,425575,4715,103241,3.942115306235874,0.19523047714138755
702,0.258878254517645,0,1,0,180036,425574,4715,103241,3.942106043202786,0.19523084632621995
703,0.2589378288046392,2,25,2,180061,425549,4717,103239,3.9418744673755977,0.19523703261042233
704,0.2590948804684784,0,1,0,180062,425548,4717,103239,3.94186520434251,0.19523740182720076
705,0.2591816406605335,1,114,1,180176,425434,4718,103238,3.9408092185705286,0.19527797954119
706,0.259334418837212,0,1,0,180177,425433,4718,103238,3.9407999555374413,0.19527834891643386
707,0.2594391272588225,4,52,4,180229,425381,4722,103234,3.940318277816888,0.19529146921672674
708,0.2595733632206184,1,8,1,180237,425373,4723,103233,3.940244173552188,0.1952929024642172
709,0.2596557532096558,0,5,0,180242,425368,4723,103233,3.94019785838675,0.19529474972616398
710,0.2597114722622524,0,1,0,180243,425367,4723,103233,3.9401885953536624,0.1952951191827469
711,0.26,583,11061,583,191304,414306,5306,102650,3.8377301863722257,0.1985662222703673
712,0.2611081726776285,0,2,0,191306,414304,5306,102650,3.837711660306051,0.19856699048658102
713,0.2615182768394018,0,1,0,191307,414303,5306,102650,3.837702397272963,0.19856737459691692
714,0.262115415046706,0,1,0,191308,414302,5306,102650,3.8376931342398755,0.1985677587087389
715,0.2623744892320144,0,1,0,191309,414301,5306,102650,3.8376838712067878,0.19856814282204696
716,0.2628929159165176,0,1,0,191310,414300,5306,102650,3.8376746081737005,0.1985685269368411
717,0.2632093811890891,0,1,0,191311,414299,5306,102650,3.837665345140613,0.1985689110531213
718,0.263400111980029,0,2,0,191313,414297,5306,102650,3.837646819074438,0.19856967929014
719,0.2634897758099353,0,1,0,191314,414296,5306,102650,3.8376375560413503,0.19857006341087852
720,0.2635063084275436,0,1,0,191315,414295,5306,102650,3.8376282930082626,0.19857044753310313
721,0.2636706951002157,0,1,0,191316,414294,5306,102650,3.837619029975175,0.19857083165681388
722,0.2637491283091301,0,1,0,191317,414293,5306,102650,3.8376097669420877,0.19857121578201078
723,0.2639252506916709,0,1,0,191318,414292,5306,102650,3.837600503909,0.19857159990869383
724,0.2641843248769792,0,1,0,191319,414291,5306,102650,3.8375912408759123,0.19857198403686302
725,0.26432466776701,0,2,0,191321,414289,5306,102650,3.8375727148097374,0.1985727522976599
726,0.2650026842164457,0,2,0,191323,414287,5306,102650,3.837554188743562,0.19857352056440147
727,0.2650192168340539,0,2,0,191325,414285,5306,102650,3.837535662677387,0.19857428883708783
728,0.2650405372695918,0,1,0,191326,414284,5306,102650,3.8375263996442994,0.19857467297566034
729,0.2651363605423121,0,1,0,191327,414283,5306,102650,3.837517136611212,0.19857505711571904
730,0.2652767034323429,0,1,0,191328,414282,5306,102650,3.8375078735781245,0.198575441257264
731,0.2652873693676389,0,2,0,191330,414280,5306,102650,3.837489347511949,0.19857620954481264
732,0.2654612747804688,0,1,0,191331,414279,5306,102650,3.837480084478862,0.19857659369081634
733,0.2658375761735204,1,13,1,191344,414266,5307,102649,3.8373596650487234,0.19858003733689292
734,0.2658588966090582,0,11,0,191355,414255,5307,102649,3.8372577716847607,0.19858426322876202
735,0.2663096338202079,0,1,0,191356,414254,5307,102649,3.837248508651673,0.19858464740966875
736,0.2663773232935615,0,3,0,191359,414251,5307,102649,3.8372207195524104,0.1985857999613078
737,0.2665155926229561,0,52,0,191411,414199,5307,102649,3.836739041831857,0.19860577964894902
738,0.2665534456761022,0,6,0,191417,414193,5307,102649,3.836683463633332,0.19860808525622917
739,0.2666856554492317,0,1,0,191418,414192,5307,102649,3.8366742006002443,0.19860846952931366
740,0.2668109322743912,0,1,0,191419,414191,5307,102649,3.836664937567157,0.19860885380388515
741,0.2669173043974872,0,1,0,191420,414190,5307,102649,3.8366556745340694,0.19860923807994366
742,0.2669451682361871,0,1,0,191421,414189,5307,102649,3.8366464115009817,0.1986096223574892
743,0.2669741831869792,0,8,0,191429,414181,5307,102649,3.8365723072362816,0.1986126966313875
744,0.2670718723606054,0,1,0,191430,414180,5307,102649,3.836563044203194,0.19861308092231666
745,0.2673078065315082,0,1,0,191431,414179,5307,102649,3.8365537811701063,0.19861346521473294
746,0.2673718050155686,3,56,3,191487,414123,5310,102646,3.8360350513172032,0.19863033579800646
747,0.2673718050155687,2,71,2,191558,414052,5312,102644,3.835377375967987,0.1986545280009909
748,0.2676687322540231,0,13,0,191571,414039,5312,102644,3.8352569565378487,0.19865952624723476
749,0.2678902317000719,1,20,1,191591,414019,5313,102643,3.8350716958760978,0.1986656653673001
750,0.2679262188523121,0,2,0,191593,414017,5313,102643,3.8350531698099224,0.19866643440560525
751,0.268060454814108,0,2,0,191595,414015,5313,102643,3.8350346437437475,0.19866720344986433
752,0.268079633416257,0,4,0,191599,414011,5313,102643,3.834997591611397,0.19866874155624462
753,0.268363281321067,0,2,0,191601,414009,5313,102643,3.8349790655452223,0.19866951061836594
754,0.2684870915934896,5,284,5,191885,413725,5318,102638,3.832348364148357,0.19877101961217206
755,0.2686207679193561,0,3,0,191888,413722,5318,102638,3.8323205750490943,0.19877217445193276
756,0.2688207149380186,0,1,0,191889,413721,5318,102638,3.8323113120160066,0.19877255940150168
757,0.2689378288046392,0,26,0,191915,413695,5318,102638,3.83207047315573,0.198782568613666
758,0.2690337830460053,0,1,0,191916,413694,5318,102638,3.8320612101226423,0.19878295360349543
759,0.2691816406605335,9,131,9,192047,413563,5327,102629,3.830847752788173,0.1988194315293534
760,0.2694391272588225,3,40,3,192087,413523,5330,102626,3.8304772314646707,0.19883018275730457
761,0.2695733632206184,0,17,0,192104,413506,5330,102626,3.8303197599021823,0.1988367316887928
762,0.2696189610267679,0,1,0,192105,413505,5330,102626,3.8303104968690946,0.19883711693349168
763,0.2696557532096558,0,3,0,192108,413502,5330,102626,3.830282707769832,0.19883827267654536
764,0.2697114722622525,0,1,0,192109,413501,5330,102626,3.830273444736745,0.19883865792721558
765,0.27,580,11203,580,203312,402298,5910,102046,3.7264996850568752,0.20233412115540186
766,0.2729667561219039,1,0,1,203312,402298,5911,102045,3.7264996850568752,0.20233253956136993
767,0.2738873976385247,0,1,0,203313,402297,5911,102045,3.7264904220237876,0.20233294074259134
768,0.2742251981722782,0,1,0,203314,402296,5911,102045,3.7264811589907,0.20233334192540364
769,0.2743459882025478,0,1,0,203315,402295,5911,102045,3.726471895957612,0.20233374310980687
770,0.2747436100311373,0,3,0,203318,402292,5911,102045,3.7264441068583496,0.2023349466725622
771,0.2750026842164457,0,5,0,203323,402287,5911,102045,3.726397791692912,0.20233695264230706
772,0.2752620367156406,0,1,0,203324,402286,5911,102045,3.7263885286598244,0.202337353841029
773,0.275287369367639,0,2,0,203326,402284,5911,102045,3.7263700025936495,0.20233815624324597
774,0.2754612747804688,0,2,0,203328,402282,5911,102045,3.726351476527474,0.20233895865182708
775,0.2756972332834896,0,1,0,203329,402281,5911,102045,3.7263422134943864,0.2023393598585042
776,0.2758375761735204,1,12,1,203341,402269,5912,102044,3.726231057097336,0.2023425927945542
777,0.2758588966090582,0,19,0,203360,402250,5912,102044,3.7260550594686723,0.20235021634205444
778,0.2759120119916184,0,2,0,203362,402248,5912,102044,3.7260365334024974,0.20235101885415593
779,0.2761558238475127,0,2,0,203364,402246,5912,102044,3.726018007336322,0.2023518213726229
780,0.2762895001733792,0,1,0,203365,402245,5912,102044,3.726008744303235,0.20235222263424346
781,0.2763096338202079,0,2,0,203367,402243,5912,102044,3.7259902182370594,0.20235302516225878
782,0.2763773232935615,1,4,1,203371,402239,5913,102043,3.725953166104709,0.20235304849270844
783,0.2765155926229561,1,49,1,203420,402190,5914,102042,3.725499277483419,0.2023711307493376
784,0.2765534456761022,0,3,0,203423,402187,5914,102042,3.7254714883841564,0.2023723347923265
785,0.2769173043974871,0,1,0,203424,402186,5914,102042,3.7254622253510687,0.20237273614317333
786,0.2769173043974872,0,3,0,203427,402183,5914,102042,3.725434436251806,0.2023739402052655
787,0.2769741831869792,0,17,0,203444,402166,5914,102042,3.725276964689318,0.20238076349443088
788,0.2770718723606054,0,1,0,203445,402165,5914,102042,3.72526770165623,0.20238116487871052
789,0.2770718723606055,0,1,0,203446,402164,5914,102042,3.725258438623143,0.20238156626458234
790,0.2773718050155686,2,62,2,203508,402102,5916,102040,3.724684130571714,0.2024032911362275
791,0.2773718050155687,4,74,4,203582,402028,5920,102036,3.7239986661232356,0.20242667597765363
792,0.2774249203981288,0,2,0,203584,402026,5920,102036,3.7239801400570602,0.20242747915930978
793,0.2774249203981289,0,2,0,203586,402024,5920,102036,3.7239616139908853,0.2024282823473396
794,0.2775187606750795,0,2,0,203588,402022,5920,102036,3.72394308792471,0.20242908554174321
795,0.2776687322540231,1,9,1,203597,402013,5921,102035,3.723859720626922,0.2024311176713329
796,0.2777095064520646,0,1,0,203598,402012,5921,102035,3.7238504575938345,0.20243151928292402
797,0.2778902317000719,2,21,2,203619,401991,5923,102033,3.723655933898996,0.20243678872434645
798,0.2779262188523121,0,2,0,203621,401989,5923,102033,3.723637407832821,0.20243759200987257
799,0.278060454814108,0,2,0,203623,401987,5923,102033,3.7236188817666456,0.20243839530177374
800,0.278079633416257,0,4,0,203627,401983,5923,102033,3.7235818296342953,0.20244000190470143
801,0.2781194694651728,0,2,0,203629,401981,5923,102033,3.7235633035681204,0.20244080521572813
802,0.2783632813210671,0,3,0,203632,401978,5923,102033,3.7235355144688578,0.20244201019422195
803,0.2784870915934896,16,286,16,203918,401692,5939,102017,3.720886287005817,0.2025316204395792
804,0.2786207679193561,0,2,0,203920,401690,5939,102017,3.720867760939642,0.20253242460398604
805,0.2787519083064875,0,1,0,203921,401689,5939,102017,3.7208584979065544,0.20253282668858422
806,0.2787550038811519,0,1,0,203922,401688,5939,102017,3.7208492348734667,0.2025332287747789
807,0.2789378288046392,1,20,1,203942,401668,5940,102016,3.720663974211716,0.20253968758189658
808,0.2790124904794409,0,1,0,203943,401667,5940,102016,3.720654711178628,0.20254008969927514
809,0.2790948804684783,0,1,0,203944,401666,5940,102016,3.720645448145541,0.2025404918182504
810,0.2791816406605335,0,113,0,204057,401553,5940,102016,3.719598725406647,0.20258594154922166
811,0.279334418837212,0,1,0,204058,401552,5940,102016,3.7195894623735595,0.20258634385028437
812,0.2793553951716057,0,1,0,204059,401551,5940,102016,3.7195801993404722,0.2025867461529449
813,0.2794391272588225,0,35,0,204094,401516,5940,102016,3.719255993182408,0.20260082775275454
814,0.2795733632206184,0,8,0,204102,401508,5940,102016,3.7191818889177073,0.20260404667900636
815,0.2796557532096558,0,5,0,204107,401503,5940,102016,3.7191355737522693,0.20260605855985572
816,0.2797114722622524,0,4,0,204111,401499,5940,102016,3.719098521619919,0.20260766809330408
817,0.28,613,11139,613,215250,390360,6553,101403,3.615917596057653,0.20620298802471923
818,0.2815182768394018,0,1,0,215251,390359,6553,101403,3.6159083330245654,0.2062034073393227
819,0.2822037508629244,0,1,0,215252,390358,6553,101403,3.615899069991478,0.2062038266556315
820,0.2823744892320143,0,1,0,215253,390357,6553,101403,3.6158898069583905,0.20620424597364567
821,0.2826591743832076,0,1,0,215254,390356,6553,101403,3.615880543925303,0.20620466529336526
822,0.2830311852459122,0,1,0,215255,390355,6553,101403,3.6158712808922155,0.2062050846147902
823,0.2830631390305537,0,1,0,215256,390354,6553,101403,3.615862017859128,0.20620550393792056
824,0.283209381189089,0,1,0,215257,390353,6553,101403,3.61585275482604,0.20620592326275633
825,0.2834897758099353,0,1,0,215258,390352,6553,101403,3.6158434917929525,0.20620634258929751
826,0.2837491283091302,0,1,0,215259,390351,6553,101403,3.6158342287598653,0.20620676191754414
827,0.2847436100311373,0,3,0,215262,390348,6553,101403,3.6158064396606027,0.2062080199125167
828,0.2847754049781597,0,1,0,215263,390347,6553,101403,3.615797176627515,0.20620843924758517
829,0.2848319458473557,0,2,0,215265,390345,6553,101403,3.6157786505613396,0.20620927792283852
830,0.2849167269971693,0,1,0,215266,390344,6553,101403,3.6157693875282524,0.20620969726302346
831,0.2850026842164457,1,6,1,215272,390338,6554,101402,3.6157138093297267,0.20621059909708384
832,0.285287369367639,0,3,0,215275,390335,6554,101402,3.615686020230464,0.2062118571512821
833,0.2854043959909767,0,1,0,215276,390334,6554,101402,3.615676757197377,0.2062122765060927
834,0.2856972332834896,0,2,0,215278,390332,6554,101402,3.6156582311312015,0.20621311522083077
835,0.2858375761735204,0,4,0,215282,390328,6554,101402,3.6156211789988513,0.2062147926707746
836,0.2858588966090582,0,1,0,215283,390327,6554,101402,3.615611915965764,0.20621521203752474
837,0.2858588966090583,0,8,0,215291,390319,6554,101402,3.6155378117010635,0.2062185670329313
838,0.2859120119916184,0,2,0,215293,390317,6554,101402,3.615519285634888,0.2062194057988404
839,0.2859547198817787,0,2,0,215295,390315,6554,101402,3.615500759568713,0.20622024457157268
840,0.2859925729349247,0,1,0,215296,390314,6554,101402,3.6154914965356255,0.2062206639604975
841,0.2861558238475127,0,2,0,215298,390312,6554,101402,3.6154729704694506,0.2062215027434647
842,0.2863096338202079,0,1,0,215299,390311,6554,101402,3.615463707436363,0.20622192213750704
843,0.2863773232935615,0,2,0,215301,390309,6554,101402,3.615445181370188,0.2062227609307093
844,0.2865155926229561,0,51,0,215352,390258,6554,101402,3.6149727666827225,0.20624415246308425
845,0.2865534456761022,0,7,0,215359,390251,6554,101402,3.6149079254511096,0.2062470889021322
846,0.2865667250097466,0,1,0,215360,390250,6554,101402,3.614898662418022,0.20624750840025058
847,0.2868109322743912,0,4,0,215364,390246,6554,101402,3.614861610285672,0.20624918640978912
848,0.2869173043974871,0,1,0,215365,390245,6554,101402,3.6148523472525844,0.20624960591644004
849,0.2869173043974872,0,1,0,215366,390244,6554,101402,3.6148430842194967,0.2062500254247975
850,0.2869741831869792,1,12,1,215378,390232,6555,101401,3.6147319278224463,0.2062534451511595
851,0.2870718723606054,0,3,0,215381,390229,6555,101401,3.6147041387231833,0.20625470374061794
852,0.2873718050155686,2,52,2,215433,390177,6557,101399,3.6142224610026306,0.2062732924308754
853,0.2873718050155687,4,74,4,215507,390103,6561,101395,3.6135369965541515,0.20629788930982426
854,0.2874249203981288,0,1,0,215508,390102,6561,101395,3.6135277335210643,0.2062983090435954
855,0.2874249203981289,0,1,0,215509,390101,6561,101395,3.6135184704879766,0.2062987287790745
856,0.2876687322540231,1,5,1,215514,390096,6562,101394,3.6134721553225386,0.2062992125984252
857,0.2878215104307016,0,1,0,215515,390095,6562,101394,3.6134628922894514,0.20629963234172077
858,0.2878902317000719,0,25,0,215540,390070,6562,101394,3.6132313164622625,0.2063101264792538
859,0.2879262188523121,0,1,0,215541,390069,6562,101394,3.613222053429175,0.2063105462669621
860,0.2880023555985521,0,1,0,215542,390068,6562,101394,3.613212790396087,0.20631096605637872
861,0.288060454814108,0,2,0,215544,390066,6562,101394,3.613194264329912,0.20631180564033696
862,0.288079633416257,0,5,0,215549,390061,6562,101394,3.6131479491644742,0.2063139046301289
863,0.2881194694651727,0,1,0,215550,390060,6562,101394,3.613138686131387,0.20631432443321246
864,0.2883632813210671,2,1,2,215551,390059,6564,101392,3.6131294230982993,0.20631151427100566
865,0.2884870915934896,12,306,12,215857,389753,6576,101380,3.6102949349735076,0.20642066405637577
866,0.2886207679193561,0,4,0,215861,389749,6576,101380,3.6102578828411573,0.20642234524941513
867,0.2887519083064875,0,1,0,215862,389748,6576,101380,3.61024861980807,0.20642276555195388
868,0.2887550038811519,0,1,0,215863,389747,6576,101380,3.6102393567749824,0.2064231858562042
869,0.2888207149380186,0,2,0,215865,389745,6576,101380,3.6102208307088075,0.20642402646983965
870,0.2889378288046392,0,26,0,215891,389719,6576,101380,3.609979991848531,0.20643495507015897
871,0.2891816406605335,3,119,3,216010,389600,6579,101377,3.608877690911112,0.20648014061758493
872,0.289334418837212,0,2,0,216012,389598,6579,101377,3.6088591648449366,0.20648098172004684
873,0.2894391272588225,8,65,8,216077,389533,6587,101369,3.608257067694246,0.20649539011859802
874,0.2895733632206184,0,18,0,216095,389515,6587,101369,3.6080903330986698,0.20650296200324314
875,0.2896557532096558,0,4,0,216099,389511,6587,101369,3.6080532809663195,0.2065046447196871
876,0.2897114722622524,0,2,0,216101,389509,6587,101369,3.6080347549001446,0.206505486088193
877,0.29,682,11184,682,227285,378325,7269,100687,3.5044369928489383,0.21019723931759537
878,0.2911963611171045,0,1,0,227286,378324,7269,100687,3.504427729815851,0.2101976781326525
879,0.2929358472700404,0,1,0,227287,378323,7269,100687,3.5044184667827634,0.21019811694954177
880,0.2930311852459122,0,1,0,227288,378322,7269,100687,3.5044092037496757,0.21019855576826324
881,0.2932307016246269,0,1,0,227289,378321,7269,100687,3.5043999407165884,0.21019899458881688
882,0.293769774651995,0,1,0,227290,378320,7269,100687,3.5043906776835008,0.21019943341120276
883,0.2938873976385248,0,1,0,227291,378319,7269,100687,3.504381414650413,0.21019987223542086
884,0.2943459882025478,0,1,0,227292,378318,7269,100687,3.5043721516173254,0.21020031106147116
885,0.294405824323028,0,1,0,227293,378317,7269,100687,3.504362888584238,0.21020074988935375
886,0.2945760474370641,0,1,0,227294,378316,7269,100687,3.5043536255511505,0.21020118871906857
887,0.2947436100311373,0,3,0,227297,378313,7269,100687,3.504325836451888,0.2102025052192067
888,0.2948319458473558,0,1,0,227298,378312,7269,100687,3.5043165734188,0.21020294405625065
889,0.2949324566419988,0,1,0,227299,378311,7269,100687,3.5043073103857125,0.2102033828951269
890,0.2950026842164457,0,2,0,227301,378309,7269,100687,3.5042887843195376,0.21020426057837643
891,0.2950405372695918,0,1,0,227302,378308,7269,100687,3.50427952128645,0.21020469942274972
892,0.2952620367156405,0,1,0,227303,378307,7269,100687,3.5042702582533627,0.21020513826895534
893,0.2952873693676389,0,1,0,227304,378306,7269,100687,3.504260995220275,0.21020557711699336
894,0.295287369367639,0,2,0,227306,378304,7269,100687,3.5042424691540996,0.21020645481856653
895,0.2952980238678808,0,1,0,227307,378303,7269,100687,3.5042332061210124,0.2102068936721017
896,0.2953151520982007,0,1,0,227308,378302,7269,100687,3.5042239430879247,0.21020733252746931
897,0.2956972332834896,0,4,0,227312,378298,7269,100687,3.5041868909555745,0.21020908796726412
898,0.2958375761735204,0,11,0,227323,378287,7269,100687,3.5040849975916113,0.21021391557788105
899,0.2958588966090582,0,3,0,227326,378284,7269,100687,3.5040572084923487,0.21021523223744235
900,0.2958588966090583,0,6,0,227332,378278,7269,100687,3.5040016302938235,0.21021786560604638
901,0.2959925729349247,0,1,0,227333,378277,7269,100687,3.503992367260736,0.2102183045072281
902,0.2960889558435745,0,1,0,227334,378276,7269,100687,3.503983104227648,0.21021874341024255
903,0.2961558238475127,0,1,0,227335,378275,7269,100687,3.503973841194561,0.2102191823150897
904,0.2963096338202078,0,1,0,227336,378274,7269,100687,3.503964578161473,0.21021962122176963
905,0.2963096338202079,0,1,0,227337,378273,7269,100687,3.5039553151283855,0.21022006013028227
906,0.2963773232935615,0,1,0,227338,378272,7269,100687,3.5039460520952983,0.2102204990406277
907,0.2965109996194279,1,0,1,227338,378272,7270,100686,3.5039460520952983,0.210218850087064
908,0.2965155926229561,1,43,1,227381,378229,7271,100685,3.5035477416725334,0.21023607578813733
909,0.2965534456761022,0,8,0,227389,378221,7271,100685,3.503473637407833,0.21023958772702786
910,0.2968109322743912,1,1,1,227390,378220,7272,100684,3.503464374374745,0.21023837762891937
911,0.2969173043974871,1,1,1,227391,378219,7273,100683,3.503455111341658,0.21023716752070362
912,0.2969741831869792,1,12,1,227403,378207,7274,100682,3.503343954944607,0.2102407864870565
913,0.2970718723606055,0,1,0,227404,378206,7274,100682,3.5033346919115194,0.210241225505755
914,0.2973718050155686,4,47,4,227451,378159,7278,100678,3.5028993293564046,0.2102552643175026
915,0.2973718050155687,3,88,3,227539,378071,7281,100675,3.5020841824446998,0.2102889632498235
916,0.2976687322540231,0,16,0,227555,378055,7281,100675,3.5019359739152986,0.21029599147745076
917,0.2978902317000719,2,20,2,227575,378035,7283,100673,3.5017507132535477,0.2103014781453412
918,0.2979262188523121,0,3,0,227578,378032,7283,100673,3.501722924154285,0.21030279608527172
919,0.298060454814108,0,1,0,227579,378031,7283,100673,3.5017136611211974,0.21030323540225274
920,0.2980747535833195,0,1,0,227580,378030,7283,100673,3.50170439808811,0.21030367472106923
921,0.298079633416257,0,3,0,227583,378027,7283,100673,3.501676608988847,0.21030499268853145
922,0.2981194694651728,0,1,0,227584,378026,7283,100673,3.50166734595576,0.21030543201468982
923,0.2981428448031454,0,1,0,227585,378025,7283,100673,3.501658082922672,0.2103058713426837
924,0.2983632813210671,0,2,0,227587,378023,7283,100673,3.5016395568564973,0.210306750004178
925,0.2983769560634617,0,1,0,227588,378022,7283,100673,3.5016302938234096,0.21030718933767847
926,0.2984870915934896,17,321,17,227909,377701,7300,100656,3.4986568602023045,0.21042025098409764
927,0.298620767919356,0,3,0,227912,377698,7300,100656,3.498629071103042,0.21042157063597253
928,0.2988207149380186,0,2,0,227914,377696,7300,100656,3.498610545036867,0.21042245041308494
929,0.298878254517645,0,1,0,227915,377695,7300,100656,3.4986012820037793,0.2104228903043999
930,0.2989378288046392,2,22,2,227937,377673,7302,100654,3.498397495275853,0.21042926700771647
931,0.2991816406605335,11,127,11,228064,377546,7313,100643,3.497221090073734,0.21046699108511488
932,0.299334418837212,0,4,0,228068,377542,7313,100643,3.4971840379413837,0.2104687516337819
933,0.2994391272588225,4,50,4,228118,377492,7317,100639,3.496720886287006,0.21048415601581993
934,0.2995733632206184,0,19,0,228137,377473,7317,100639,3.496544888658342,0.21049252058095175
935,0.2996557532096558,0,6,0,228143,377467,7317,100639,3.496489310459817,0.2104951621606924
936,0.2997114722622525,0,2,0,228145,377465,7317,100639,3.496470784393642,0.21049604270200625
937,0.299751666925069,0,1,0,228146,377464,7317,100639,3.4964615213605543,0.2104964829754258
938,0.3,737,11414,737,239560,366050,8054,99902,3.3907332616992107,0.2144040587871712
939,0.3006953244964072,0,1,0,239561,366049,8054,99902,3.390723998666123,0.2144045189301021
940,0.302288532012738,0,1,0,239562,366048,8054,99902,3.390714735633036,0.21440497907500805
941,0.3023744892320143,0,1,0,239563,366047,8054,99902,3.390705472599948,0.2144054392218891
942,0.3023744892320144,0,1,0,239564,366046,8054,99902,3.3906962095668605,0.21440589937074522
943,0.3025596933534216,0,1,0,239565,366045,8054,99902,3.3906869465337732,0.2144063595215765
944,0.3027092695236149,1,0,1,239565,366045,8055,99901,3.3906869465337732,0.2144046735029381
945,0.3029289030687578,0,1,0,239566,366044,8055,99901,3.3906776835006855,0.21440513365311356
946,0.3032307016246269,0,1,0,239567,366043,8055,99901,3.390668420467598,0.21440559380526414
947,0.3032838170071871,0,1,0,239568,366042,8055,99901,3.39065915743451,0.2144060539593899
948,0.3037491283091302,0,1,0,239569,366041,8055,99901,3.390649894401423,0.21440651411549078
949,0.3037744609611285,0,2,0,239571,366039,8055,99901,3.3906313683352476,0.21440743443361807
950,0.3039252506916708,0,1,0,239572,366038,8055,99901,3.3906221053021603,0.2144078945956445
951,0.30432466776701,0,2,0,239574,366036,8055,99901,3.390603579235985,0.214408814925623
952,0.304405824323028,0,1,0,239575,366035,8055,99901,3.3905943162028973,0.21440927509357507
953,0.3047264966264615,0,1,0,239576,366034,8055,99901,3.39058505316981,0.21440973526350243
954,0.3047436100311373,0,1,0,239577,366033,8055,99901,3.3905757901367224,0.21441019543540502
955,0.3047967254136975,0,1,0,239578,366032,8055,99901,3.3905665271036347,0.21441065560928288
956,0.3050026842164457,0,7,0,239585,366025,8055,99901,3.390501685872022,0.21441387688173658
957,0.305019216834054,0,1,0,239586,366024,8055,99901,3.3904924228389346,0.21441433707141708
958,0.3050405372695918,0,1,0,239587,366023,8055,99901,3.390483159805847,0.21441479726307294
959,0.3052620367156406,1,0,1,239587,366023,8056,99900,3.390483159805847,0.21441311117931502
960,0.3052873693676389,1,1,1,239588,366022,8057,99899,3.3904738967727592,0.21441188527668853
961,0.305287369367639,0,2,0,239590,366020,8057,99899,3.3904553707065843,0.2144128056593528
962,0.3054514384318257,0,1,0,239591,366019,8057,99899,3.3904461076734966,0.21441326585364806
963,0.3054612747804688,0,1,0,239592,366018,8057,99899,3.390436844640409,0.21441372604991876
964,0.3057948981249978,0,1,0,239593,366017,8057,99899,3.3904275816073217,0.2144141862481649
965,0.3058375761735204,3,20,3,239613,365997,8060,99896,3.3902423209455703,0.2144183321062991
966,0.3058588966090582,0,2,0,239615,365995,8060,99896,3.3902237948793954,0.21441925257195352
967,0.3058588966090583,2,6,2,239621,365989,8062,99894,3.39016821668087,0.21441864159027052
968,0.3059547198817786,0,3,0,239624,365986,8062,99894,3.390140427581607,0.21442002232334506
969,0.3060989450580206,0,1,0,239625,365985,8062,99894,3.39013116454852,0.21442048257165486
970,0.3061558238475127,0,2,0,239627,365983,8062,99894,3.3901126384823446,0.214421403074202
971,0.3063096338202079,0,1,0,239628,365982,8062,99894,3.390103375449257,0.21442186332843932
972,0.3065155926229561,2,37,2,239665,365945,8064,99892,3.3897606432250176,0.21443552143775613
973,0.3065534456761021,0,2,0,239667,365943,8064,99892,3.3897421171588427,0.21443644208786372
974,0.3065534456761022,0,9,0,239676,365934,8064,99892,3.3896587498610544,0.21444058511117886
975,0.3068109322743912,0,2,0,239678,365932,8064,99892,3.3896402237948795,0.21444150580476748
976,0.3068280605047111,0,2,0,239680,365930,8064,99892,3.389621697728704,0.21444242650626205
977,0.3069173043974871,0,3,0,239683,365927,8064,99892,3.3895939086294415,0.21444380757332784
978,0.3069741831869792,0,18,0,239701,365909,8064,99892,3.3894271740338655,0.21445209434930368
979,0.3070718723606054,0,1,0,239702,365908,8064,99892,3.3894179110007783,0.21445255474452554
980,0.3072612740767905,0,1,0,239703,365907,8064,99892,3.3894086479676906,0.2144530151417242
981,0.3073718050155686,11,129,11,239832,365778,8075,99881,3.388213716699396,0.21449386783032218
982,0.3074249203981288,0,4,0,239836,365774,8075,99881,3.388176664567046,0.21449571034349466
983,0.3075585967239953,0,1,0,239837,365773,8075,99881,3.3881674015339582,0.2144961709767338
984,0.3076687322540231,0,8,0,239845,365765,8075,99881,3.3880932972692577,0.2144998561138719
985,0.3078902317000719,0,21,0,239866,365744,8075,99881,3.387898773574419,0.21450953020134228
986,0.3079262188523121,1,3,1,239869,365741,8076,99880,3.3878709844751564,0.21450922531415034
987,0.308060454814108,0,2,0,239871,365739,8076,99880,3.3878524584089815,0.21451014670793073
988,0.308079633416257,0,3,0,239874,365736,8076,99880,3.387824669309719,0.21451152881344285
989,0.308363281321067,1,2,1,239876,365734,8077,99879,3.3878061432435436,0.21451076323040807
990,0.3084870915934896,18,302,18,240178,365432,8095,99861,3.385008707251102,0.21461960528097349
991,0.3087550038811519,0,1,0,240179,365431,8095,99861,3.384999444218015,0.21462006653886162
992,0.3088207149380186,0,4,0,240183,365427,8095,99861,3.3849623920856646,0.21462191159024088
993,0.3088373938701894,1,0,1,240183,365427,8096,99860,3.3849623920856646,0.2146202236469104
994,0.308878254517645,0,1,0,240184,365426,8096,99860,3.384953129052577,0.2146206849120756
995,0.3089378288046392,2,29,2,240213,365397,8098,99858,3.3846845010930378,0.21463068639778185
996,0.3090337830460053,0,2,0,240215,365395,8098,99858,3.384665975026863,0.21463160903852313
997,0.3091816406605335,12,142,12,240357,365253,8110,99846,3.38335062432843,0.2146768752459154
998,0.309334418837212,0,1,0,240358,365252,8110,99846,3.3833413612953427,0.214677336819337
999,0.3094391272588225,1,50,1,240408,365202,8111,99845,3.382878209640965,0.21469872937574053
1000,0.3095733632206184,1,20,1,240428,365182,8112,99844,3.382692948979214,0.2147062744878781
1001,0.3096557532096558,0,1,0,240429,365181,8112,99844,3.3826836859461262,0.21470673619697866
1002,0.3097114722622524,0,2,0,240431,365179,8112,99844,3.3826651598799513,0.21470765962113703
1003,0.31,748,11262,748,251693,353917,8860,99096,3.2783448812479157,0.21874868933121125
1004,0.3111462659766972,0,1,0,251694,353916,8860,99096,3.2783356182148284,0.21874917220735873
1005,0.3117177932181165,0,1,0,251695,353915,8860,99096,3.2783263551817408,0.2187496550856381
1006,0.3137278078735923,0,1,0,251696,353914,8860,99096,3.278317092148653,0.2187501379660493
1007,0.3137744609611285,0,1,0,251697,353913,8860,99096,3.2783078291155654,0.21875062084859243
1008,0.3138873976385248,0,1,0,251698,353912,8860,99096,3.278298566082478,0.2187511037332674
1009,0.31432466776701,0,1,0,251699,353911,8860,99096,3.2782893030493905,0.2187515866200743
1010,0.3143459882025479,1,1,1,251700,353910,8861,99095,3.278280040016303,0.21875034491893025
1011,0.314405824323028,0,1,0,251701,353909,8861,99095,3.2782707769832156,0.21875082780726
1012,0.3148319458473558,0,1,0,251702,353908,8861,99095,3.278261513950128,0.21875131069772163
1013,0.3148644148870511,0,1,0,251703,353907,8861,99095,3.27825225091704,0.21875179359031527
1014,0.3150026842164457,1,6,1,251709,353901,8862,99094,3.278196672718515,0.2187529663682822
1015,0.3150405372695918,1,2,1,251711,353899,8863,99093,3.2781781466523396,0.21875220754450408
1016,0.3152620367156405,0,1,0,251712,353898,8863,99093,3.2781688836192524,0.21875269045080367
1017,0.3152873693676389,0,2,0,251714,353896,8863,99093,3.278150357553077,0.21875365626979903
1018,0.315287369367639,0,2,0,251716,353894,8863,99093,3.278131831486902,0.21875462209732288
1019,0.3153374645080463,1,0,1,251716,353894,8864,99092,3.278131831486902,0.218752897440539
1020,0.3156972332834896,0,1,0,251717,353893,8864,99092,3.2781225684538144,0.2187533803547579
1021,0.3158375761735204,1,10,1,251727,353883,8865,99091,3.278029938122939,0.21875648491966426
1022,0.3158588966090583,0,13,0,251740,353870,8865,99091,3.277909518692801,0.21876276324010235
1023,0.3159547198817786,0,1,0,251741,353869,8865,99091,3.277900255659713,0.21876324620275522
1024,0.3159925729349247,0,1,0,251742,353868,8865,99091,3.2778909926266255,0.21876372916754055
1025,0.3161558238475127,0,1,0,251743,353867,8865,99091,3.2778817295935383,0.21876421213445837
1026,0.3163096338202079,1,0,1,251743,353867,8866,99090,3.2778817295935383,0.2187624873884276
1027,0.3163773232935615,0,6,0,251749,353861,8866,99090,3.2778261513950127,0.21876538521826863
1028,0.3165155926229561,3,46,3,251795,353815,8869,99087,3.277400051872985,0.218782429753015
1029,0.3165534456761021,0,1,0,251796,353814,8869,99087,3.277390788839898,0.21878291282200746
1030,0.3165534456761022,0,3,0,251799,353811,8869,99087,3.2773629997406353,0.21878436204178425
1031,0.3168109322743912,0,3,0,251802,353808,8869,99087,3.2773352106413722,0.21878581128076044
1032,0.316945168236187,0,1,0,251803,353807,8869,99087,3.277325947608285,0.21878629436468577
1033,0.3169741831869792,0,13,0,251816,353794,8869,99087,3.2772055281781465,0.21879257464985283
1034,0.3170718723606054,0,2,0,251818,353792,8869,99087,3.2771870021119716,0.2187935408795727
1035,0.317324485463679,0,1,0,251819,353791,8869,99087,3.277177739078884,0.21879402399763292
1036,0.3173293589588944,0,1,0,251820,353790,8869,99087,3.2771684760457966,0.2187945071178267
1037,0.3173718050155686,11,127,11,251947,353663,8880,99076,3.275992070843677,0.21883690161439592
1038,0.3176687322540231,1,10,1,251957,353653,8881,99075,3.2758994405128017,0.21884000989556643
1039,0.3178902317000719,1,24,1,251981,353629,8882,99074,3.2756771277187,0.21884988612843298
1040,0.3179262188523121,0,3,0,251984,353626,8882,99074,3.2756493386194374,0.2188513364258891
1041,0.318060454814108,0,1,0,251985,353625,8882,99074,3.27564007558635,0.21885181986264604
1042,0.318079633416257,1,3,1,251988,353622,8883,99073,3.275612286487087,0.2188515446382222
1043,0.3181194694651728,0,1,0,251989,353621,8883,99073,3.275603023454,0.21885202808077864
1044,0.3182120654055348,0,1,0,251990,353620,8883,99073,3.275593760420912,0.21885251152547092
1045,0.318363281321067,0,4,0,251994,353616,8883,99073,3.275556708288562,0.2188544453255988
1046,0.3184870915934896,20,330,20,252324,353286,8903,99053,3.272499907369669,0.21897957063176068
1047,0.318620767919356,0,6,0,252330,353280,8903,99053,3.272444329171144,0.21898247530027656
1048,0.3188207149380186,0,1,0,252331,353279,8903,99053,3.272435066138056,0.2189829594191877
1049,0.3189378288046392,2,26,2,252357,353253,8905,99051,3.27219422727778,0.2189920938130107
1050,0.3190337830460052,0,2,0,252359,353251,8905,99051,3.2721757012116046,0.218993062157585
1051,0.3191816406605335,9,131,9,252490,353120,8914,99042,3.2709622438771353,0.21904096319460725
1052,0.319334418837212,0,2,0,252492,353118,8914,99042,3.27094371781096,0.219041932059448
1053,0.3194391272588225,3,48,3,252540,353070,8917,99039,3.2704990922227575,0.21906000544116574
1054,0.3195733632206184,2,13,2,252553,353057,8919,99037,3.2703786727926194,0.21906284976133283
1055,0.3196557532096558,0,5,0,252558,353052,8919,99037,3.2703323576271814,0.2190652725458925
1056,0.3197114722622524,0,4,0,252562,353048,8919,99037,3.270295305494831,0.21906721081212605
1057,0.319751666925069,0,1,0,252563,353047,8919,99037,3.2702860424617435,0.21906769538404366
1058,0.32,825,11270,825,263833,341777,9744,98212,3.165891659565008,0.2232146712758728
1059,0.3215561298925479,0,1,0,263834,341776,9744,98212,3.1658823965319205,0.22321517859577988
1060,0.3217177932181165,1,0,1,263834,341776,9745,98211,3.1658823965319205,0.22321341312356957
1061,0.3228330797960375,0,1,0,263835,341775,9745,98211,3.165873133498833,0.22321392044292318
1062,0.3230690382990583,0,1,0,263836,341774,9745,98211,3.165863870465745,0.2232144277645829
1063,0.3232093811890891,0,2,0,263838,341772,9745,98211,3.16584534439957,0.22321544241482058
1064,0.3232307016246269,0,1,0,263839,341771,9745,98211,3.1658360813664825,0.2232159497433986
1065,0.3234897758099353,0,1,0,263840,341770,9745,98211,3.1658268183333953,0.22321645707428275
1066,0.3238873976385248,0,1,0,263841,341769,9745,98211,3.1658175553003076,0.22321696440747307
1067,0.3239916454078754,0,1,0,263842,341768,9745,98211,3.16580829226722,0.22321747174296955
1068,0.3242264276984395,0,1,0,263843,341767,9745,98211,3.1657990292341323,0.22321797908077223
1069,0.3242891094130558,0,1,0,263844,341766,9745,98211,3.165789766201045,0.2232184864208811
1070,0.3243246677670101,0,3,0,263847,341763,9745,98211,3.1657619771017824,0.22322000845504508
1071,0.3243459882025479,0,1,0,263848,341762,9745,98211,3.1657527140686947,0.2232205158043789
1072,0.3245760474370641,0,1,0,263849,341761,9745,98211,3.165743451035607,0.22322102315601902
1073,0.3247436100311373,0,3,0,263852,341758,9745,98211,3.1657156619363445,0.2232225452247772
1074,0.3248644148870511,0,1,0,263853,341757,9745,98211,3.165706398903257,0.2232230525856426
1075,0.3250026842164457,1,3,1,263856,341754,9746,98210,3.165678609803994,0.22322280913892956
1076,0.3250026842164458,0,1,0,263857,341753,9746,98210,3.1656693467709065,0.22322331650616076
1077,0.325019216834054,0,1,0,263858,341752,9746,98210,3.1656600837378193,0.22322382387569836
1078,0.3250405372695918,0,1,0,263859,341751,9746,98210,3.1656508207047316,0.2232243312475424
1079,0.3252620367156406,0,1,0,263860,341750,9746,98210,3.165641557671644,0.22322483862169287
1080,0.3252873693676389,0,2,0,263862,341748,9746,98210,3.165623031605469,0.22322585337691325
1081,0.3254612747804687,1,0,1,263862,341748,9747,98209,3.165623031605469,0.2232240878085813
1082,0.325558963954095,0,1,0,263863,341747,9747,98209,3.1656137685723813,0.2232245951867914
1083,0.3256710878525753,0,1,0,263864,341746,9747,98209,3.1656045055392936,0.22322510256730801
1084,0.3256972332834896,0,2,0,263866,341744,9747,98209,3.1655859794731187,0.22322611733526082
1085,0.3258375761735204,1,16,1,263882,341728,9748,98208,3.165437770943718,0.22323247017748035
1086,0.3258588966090582,1,9,1,263891,341719,9749,98207,3.16535440364593,0.2232352713865514
1087,0.3259120119916184,0,1,0,263892,341718,9749,98207,3.165345140612842,0.22323577882593623
1088,0.3259547198817786,0,1,0,263893,341717,9749,98207,3.165335877579755,0.22323628626762804
1089,0.3260889558435745,0,1,0,263894,341716,9749,98207,3.165326614546667,0.2232367937116268
1090,0.3261558238475128,0,3,0,263897,341713,9749,98207,3.1652988254474046,0.223238316057465
1091,0.3261579775811017,0,1,0,263898,341712,9749,98207,3.165289562414317,0.22323882351069174
1092,0.3263096338202079,0,1,0,263899,341711,9749,98207,3.1652802993812292,0.22323933096622553
1093,0.326515592622956,3,35,3,263934,341676,9752,98204,3.164956093223165,0.22325179594434846
1094,0.3265155926229561,0,14,0,263948,341662,9752,98204,3.164826410759939,0.22325890157457043
1095,0.3265534456761021,0,1,0,263949,341661,9752,98204,3.164817147726852,0.22325940913689427
1096,0.3265534456761022,0,4,0,263953,341657,9752,98204,3.1647800955945016,0.22326143940926793
1097,0.3266637777961065,0,1,0,263954,341656,9752,98204,3.164770832561414,0.223261946983131
1098,0.3268109322743912,1,2,1,263956,341654,9753,98203,3.164752306495239,0.2232611962524184
1099,0.3269173043974871,1,1,1,263957,341653,9754,98202,3.1647430434621513,0.2232599379340919
1100,0.3269451682361871,0,3,0,263960,341650,9754,98202,3.1647152543628887,0.22326146067313551
1101,0.3269741831869792,1,13,1,263973,341637,9755,98201,3.16459483493275,0.22326629349897006
1102,0.3270718723606055,1,1,1,263974,341636,9756,98200,3.164585571899663,0.2232650351494648
1103,0.3272420954746415,0,1,0,263975,341635,9756,98200,3.1645763088665753,0.22326554276035332
1104,0.3273078065315081,0,1,0,263976,341634,9756,98200,3.1645670458334876,0.22326605037355002
1105,0.3273718050155686,5,144,5,264120,341490,9761,98195,3.1632331690688797,0.2233303387652524
1106,0.3274249203981288,0,2,0,264122,341488,9761,98195,3.163214643002705,0.2233313546350439
1107,0.3276687322540231,4,10,4,264132,341478,9765,98191,3.1631220126718294,0.22332936822928157
1108,0.3278024085798895,0,1,0,264133,341477,9765,98191,3.1631127496387417,0.22332987617929892
1109,0.3278902317000719,2,14,2,264147,341463,9767,98189,3.162983067175516,0.2233334546413982
1110,0.3279262188523121,0,4,0,264151,341459,9767,98189,3.1629460150431656,0.22333548657107505
1111,0.328060454814108,0,1,0,264152,341458,9767,98189,3.1629367520100784,0.22333599455927142
1112,0.328079633416257,0,2,0,264154,341456,9767,98189,3.162918225943903,0.22333701054259686
1113,0.328363281321067,0,3,0,264157,341453,9767,98189,3.1628904368446404,0.22333853453491703
1114,0.3284870915934895,16,327,16,264484,341126,9783,98173,3.15986142502501,0.22347649323126162
1115,0.328620767919356,0,3,0,264487,341123,9783,98173,3.1598336359257475,0.22347801937645687
1116,0.328755003881152,0,1,0,264488,341122,9783,98173,3.15982437289266,0.22347852809615407
1117,0.3288207149380186,0,1,0,264489,341121,9783,98173,3.1598151098595726,0.22347903681816733
1118,0.3289378288046392,2,26,2,264515,341095,9785,98171,3.159574270999296,0.22348872892507046
1119,0.3290895982336852,0,1,0,264516,341094,9785,98171,3.1595650079662083,0.22348923770389173
1120,0.3291816406605335,7,140,7,264656,340954,9792,98164,3.1582681833339508,0.2235481123524884
1121,0.329334418837212,0,2,0,264658,340952,9792,98164,3.158249657267776,0.22354913052587472
1122,0.3294391272588226,3,40,3,264698,340912,9795,98161,3.1578791359442735,0.22356419092041643
1123,0.3295733632206184,2,14,2,264712,340898,9797,98159,3.1577494534810477,0.22356778277080197
1124,0.3296557532096558,0,4,0,264716,340894,9797,98159,3.1577124013486975,0.223569819588979
1125,0.3297114722622524,0,3,0,264719,340891,9797,98159,3.157684612249435,0.2235713472269673
1126,0.3299314983689902,0,1,0,264720,340890,9797,98159,3.157675349216347,0.22357185644426933
1127,0.33,838,11217,838,275937,329673,10635,97321,3.053771907073252,0.2279212354271957
1128,0.3315182768394018,0,1,0,275938,329672,10635,97321,3.0537626440401646,0.2279217692093313
1129,0.3323744892320143,0,1,0,275939,329671,10635,97321,3.053753381007077,0.2279223029939671
1130,0.3330311852459122,0,1,0,275940,329670,10635,97321,3.0537441179739893,0.22792283678110312
1131,0.3335063084275436,0,1,0,275941,329669,10635,97321,3.053734854940902,0.22792337057073936
1132,0.3335276288630814,0,1,0,275942,329668,10635,97321,3.0537255919078143,0.22792390436287585
1133,0.333769774651995,0,1,0,275943,329667,10635,97321,3.0537163288747267,0.22792443815751262
1134,0.3341843248769793,0,1,0,275944,329666,10635,97321,3.053707065841639,0.22792497195464967
1135,0.33432466776701,1,0,1,275944,329666,10636,97320,3.053707065841639,0.2279231637571255
1136,0.3343459882025478,0,1,0,275945,329665,10636,97320,3.0536978028085517,0.22792369755377823
1137,0.334405824323028,0,1,0,275946,329664,10636,97320,3.053688539775464,0.22792423135293124
1138,0.3344418114752682,0,1,0,275947,329663,10636,97320,3.0536792767423764,0.2279247651545846
1139,0.3344436773761741,0,1,0,275948,329662,10636,97320,3.053670013709289,0.2279252989587383
1140,0.3346429154410023,0,2,0,275950,329660,10636,97320,3.053651487643114,0.22792636657454682
1141,0.3347436100311373,0,2,0,275952,329658,10636,97320,3.053632961576939,0.22792743420035694
1142,0.3348319458473557,0,1,0,275953,329657,10636,97320,3.053623698543851,0.22792796801701262
1143,0.3348788739440232,0,1,0,275954,329656,10636,97320,3.0536144355107635,0.22792850183616878
1144,0.3350026842164457,0,4,0,275958,329652,10636,97320,3.0535773833784132,0.22793063713779826
1145,0.335019216834054,0,1,0,275959,329651,10636,97320,3.053568120345326,0.22793117096945695
1146,0.3350405372695919,0,2,0,275961,329649,10636,97320,3.0535495942791506,0.22793223864027598
1147,0.3351363605423121,0,1,0,275962,329648,10636,97320,3.0535403312460634,0.22793277247943639
1148,0.3352620367156405,0,1,0,275963,329647,10636,97320,3.0535310682129757,0.22793330632109743
1149,0.3352873693676389,0,1,0,275964,329646,10636,97320,3.053521805179888,0.22793384016525906
1150,0.335287369367639,0,2,0,275966,329644,10636,97320,3.053503279113713,0.2279349078610843
1151,0.3353374645080463,1,1,1,275967,329643,10637,97319,3.0534940160806254,0.22793363343810455
1152,0.3354612747804688,0,4,0,275971,329639,10637,97319,3.053456963948275,0.22793576885782676
1153,0.3356972332834896,1,2,1,275973,329637,10638,97318,3.0534384378821002,0.22793502828166903
1154,0.3356972332834897,0,1,0,275974,329636,10638,97318,3.0534291748490126,0.22793556214486807
1155,0.3358375761735204,0,5,0,275979,329631,10638,97318,3.0533828596835746,0.2279382314983757
1156,0.3358588966090582,0,19,0,275998,329612,10638,97318,3.0532068620549113,0.22794837561192702
1157,0.3359547198817786,0,1,0,275999,329611,10638,97318,3.0531975990218236,0.22794890953765146
1158,0.3360058522685692,0,1,0,276000,329610,10638,97318,3.053188335988736,0.22794944346587714
1159,0.3361558238475128,1,0,1,276000,329610,10639,97317,3.053188335988736,0.2279476350757858
1160,0.3361925199535872,0,1,0,276001,329609,10639,97317,3.0531790729556487,0.22794816900352755
1161,0.3363096338202079,1,0,1,276001,329609,10640,97316,3.0531790729556487,0.22794636060197926
1162,0.336515592622956,0,42,0,276043,329567,10640,97316,3.0527900255659715,0.2279687877006112
1163,0.3365155926229561,1,17,1,276060,329550,10641,97315,3.052632554003483,0.22797605800428708
1164,0.3365534456761021,0,1,0,276061,329549,10641,97315,3.0526232909703954,0.22797659207616477
1165,0.3365534456761022,0,3,0,276064,329546,10641,97315,3.052595501871133,0.22797819430681182
1166,0.3368109322743912,0,1,0,276065,329545,10641,97315,3.052586238838045,0.22797872838869887
1167,0.3369173043974872,0,1,0,276066,329544,10641,97315,3.0525769758049575,0.2279792624730883
1168,0.3369741831869792,0,13,0,276079,329531,10641,97315,3.0524565563748194,0.22798620579787557
1169,0.337083277277821,0,1,0,276080,329530,10641,97315,3.0524472933417317,0.2279867399173002
1170,0.3372612740767905,0,1,0,276081,329529,10641,97315,3.0524380303086445,0.22798727403922744
1171,0.3373293589588944,0,1,0,276082,329528,10641,97315,3.052428767275557,0.22798780816365735
1172,0.3373718050155686,11,134,11,276216,329394,10652,97304,3.0511875208418244,0.2280395033489728
1173,0.3374249203981289,0,6,0,276222,329388,10652,97304,3.0511319426432992,0.22804270996409587
1174,0.3376687322540231,2,16,2,276238,329372,10654,97302,3.050983734113898,0.22804764293113713
1175,0.3377095064520646,0,1,0,276239,329371,10654,97302,3.050974471080811,0.22804817740986658
1176,0.3378215104307016,0,1,0,276240,329370,10654,97302,3.050965208047723,0.22804871189110137
1177,0.3378902317000719,0,26,0,276266,329344,10654,97302,3.0507243691874466,0.22806260928263714
1178,0.3379262188523121,0,8,0,276274,329336,10654,97302,3.0506502649227465,0.22806688574388592
1179,0.338060454814108,0,2,0,276276,329334,10654,97302,3.050631738856571,0.2280679548842573
1180,0.338079633416257,1,2,1,276278,329332,10655,97301,3.050613212790396,0.22806721467865823
1181,0.3381194694651728,0,3,0,276281,329329,10655,97301,3.0505854236911336,0.22806881841408247
1182,0.3383283671017703,0,1,0,276282,329328,10655,97301,3.050576160658046,0.2280693529975693
1183,0.3383632813210671,0,2,0,276284,329326,10655,97301,3.0505576345918706,0.2280704221720613
1184,0.3383769560634617,0,1,0,276285,329325,10655,97301,3.0505483715587833,0.2280709567630665
1185,0.3384870915934895,27,335,27,276620,328990,10682,97274,3.0474452554744524,0.22820130247921475
1186,0.3388207149380186,0,4,0,276624,328986,10682,97274,3.047408203342102,0.22820344390747432
1187,0.338893112922786,1,0,1,276624,328986,10683,97273,3.047408203342102,0.22820163327929732
1188,0.3389378288046392,3,26,3,276650,328960,10686,97270,3.047167364481826,0.2282101212960139
1189,0.3390337830460053,0,2,0,276652,328958,10686,97270,3.0471488384156507,0.22821119213191063
1190,0.3391816406605335,11,123,11,276775,328835,10697,97259,3.0460094853458815,0.22825714513698855
1191,0.3391816406605336,1,13,1,276788,328822,10698,97258,3.0458890659157434,0.22826229815996996
1192,0.339334418837212,0,2,0,276790,328820,10698,97258,3.0458705398495685,0.22826336961776952
1193,0.3393865254721396,0,1,0,276791,328819,10698,97258,3.045861276816481,0.22826390535044136
1194,0.3394391272588226,2,68,2,276859,328751,10700,97256,3.045231390566527,0.22829671812904484
1195,0.3395733632206184,0,18,0,276877,328733,10700,97256,3.0450646559709513,0.2283063647183378
1196,0.3396557532096558,1,6,1,276883,328727,10701,97255,3.0450090777724257,0.22830776887286316
1197,0.3397114722622524,0,5,0,276888,328722,10701,97255,3.044962762606988,0.22831044868619668
1198,0.3397820319509873,0,1,0,276889,328721,10701,97255,3.0449534995739005,0.22831098465641256
1199,0.34,869,11034,869,287923,317687,11570,96386,2.9427451924858277,0.23277538018658545
1200,0.3411585080639584,0,1,0,287924,317686,11570,96386,2.94273592945274,0.23277594234819066
1201,0.3424703125047348,0,1,0,287925,317685,11570,96386,2.9427266664196523,0.23277650451251114
1202,0.3425651204618389,0,1,0,287926,317684,11570,96386,2.942717403386565,0.23277706667954692
1203,0.3426714164704688,0,1,0,287927,317683,11570,96386,2.9427081403534774,0.23277762884929806
1204,0.342687949088077,0,1,0,287928,317682,11570,96386,2.9426988773203897,0.23277819102176453
1205,0.3431776010677109,0,1,0,287929,317681,11570,96386,2.942689614287302,0.23277875319694638
1206,0.3439483663739584,0,1,0,287930,317680,11570,96386,2.942680351254215,0.23277931537484362
1207,0.34432466776701,0,3,0,287933,317677,11570,96386,2.942652562154952,0.23278100192482787
1208,0.3447436100311373,0,3,0,287936,317674,11570,96386,2.942624773055689,0.23278268849925132
1209,0.3448319458473557,0,1,0,287937,317673,11570,96386,2.942615510022602,0.23278325069615682
1210,0.3450026842164457,0,4,0,287941,317669,11570,96386,2.9425784578902516,0.23278549951093455
1211,0.3450405372695918,0,1,0,287942,317668,11570,96386,2.942569194857164,0.23278606172141797
1212,0.3452767034323429,0,1,0,287943,317667,11570,96386,2.9425599318240763,0.23278662393461708
1213,0.3452873693676389,0,1,0,287944,317666,11570,96386,2.942550668790989,0.23278718615053182
1214,0.345287369367639,0,4,0,287948,317662,11570,96386,2.9425136166586388,0.23278943504134786
1215,0.3454534214275954,0,1,0,287949,317661,11570,96386,2.942504353625551,0.23278999727084124
1216,0.3456972332834896,0,1,0,287950,317660,11570,96386,2.9424950905924634,0.2327905595030504
1217,0.3456972332834897,0,2,0,287952,317658,11570,96386,2.9424765645262885,0.23279168397561611
1218,0.3458375761735204,0,12,0,287964,317646,11570,96386,2.9423654081292376,0.23279843103914674
1219,0.3458588966090582,1,2,1,287966,317644,11571,96385,2.9423468820630627,0.23279770257638957
1220,0.3458588966090583,0,10,0,287976,317634,11571,96385,2.9422542517321872,0.2328033254512474
1221,0.3459547198817786,0,1,0,287977,317633,11571,96385,2.9422449886990996,0.23280388775367256
1222,0.3459925729349247,0,1,0,287978,317632,11571,96385,2.942235725666012,0.232804450058814
1223,0.3461558238475127,0,4,0,287982,317628,11571,96385,2.942198673533662,0.23280669930654352
1224,0.3463096338202079,0,2,0,287984,317626,11571,96385,2.9421801474674867,0.23280782394670674
1225,0.3463773232935615,0,3,0,287987,317623,11571,96385,2.942152358368224,0.23280951092732508
1226,0.346515592622956,4,31,4,288018,317592,11575,96381,2.94186520434251,0.23281953170858968
1227,0.3465155926229561,3,14,3,288032,317578,11578,96378,2.941735521879284,0.23282184580003673
1228,0.3465534456761022,0,3,0,288035,317575,11578,96378,2.9417077327800216,0.23282353310641546
1229,0.3468503729145567,0,1,0,288036,317574,11578,96378,2.941698469746934,0.23282409554730985
1230,0.3469173043974871,0,1,0,288037,317573,11578,96378,2.9416892067138463,0.23282465799092164
1231,0.3469173043974872,0,2,0,288039,317571,11578,96378,2.9416706806476713,0.2328257828862976
1232,0.346945168236187,0,1,0,288040,317570,11578,96378,2.9416614176145837,0.2328263453380618
1233,0.3469741831869792,0,14,0,288054,317556,11578,96378,2.941531735151358,0.23283421994810766
1234,0.3472612740767906,0,1,0,288055,317555,11578,96378,2.9415224721182702,0.23283478244063652
1235,0.3473718050155686,11,135,11,288190,317420,11589,96367,2.9402719626514506,0.23289035179935572
1236,0.3474249203981288,0,2,0,288192,317418,11589,96367,2.9402534365852753,0.2328914774581002
1237,0.3474249203981289,0,5,0,288197,317413,11589,96367,2.9402071214198378,0.232894291652569
1238,0.347668732254023,0,1,0,288198,317412,11589,96367,2.94019785838675,0.2328948544996242
1239,0.3476687322540231,0,14,0,288212,317398,11589,96367,2.9400681759235243,0.23290273464406125
1240,0.3477095064520646,0,2,0,288214,317396,11589,96367,2.9400496498573494,0.2329038604225124
1241,0.3478902317000719,3,16,3,288230,317380,11592,96364,2.9399014413279483,0.23290730500019335
1242,0.3479262188523121,0,6,0,288236,317374,11592,96364,2.939845863129423,0.23291068260590037
1243,0.347933548967021,0,1,0,288237,317373,11592,96364,2.9398366000963354,0.23291124554970913
1244,0.3480604548141081,0,1,0,288238,317372,11592,96364,2.939827337063248,0.23291180849623916
1245,0.348079633416257,2,3,2,288241,317369,11594,96362,2.939799547963985,0.23290978921086405
1246,0.3483632813210671,0,3,0,288244,317366,11594,96362,2.9397717588647225,0.23291147807255008
1247,0.3483769560634618,0,1,0,288245,317365,11594,96362,2.9397624958316353,0.23291204103188817
1248,0.3484870915934895,25,327,25,288572,317038,11619,96337,2.936733484012005,0.23304989416389477
1249,0.3486207679193561,0,3,0,288575,317035,11619,96337,2.9367056949127424,0.23305158549684063
1250,0.3487200896618552,0,1,0,288576,317034,11619,96337,2.9366964318796547,0.23305214927994464
1251,0.3487522978224244,0,1,0,288577,317033,11619,96337,2.936687168846567,0.23305271306577643
1252,0.348755003881152,0,1,0,288578,317032,11619,96337,2.9366779058134798,0.23305327685433597
1253,0.3488207149380186,1,5,1,288583,317027,11620,96336,2.936631590648042,0.2330542404617733
1254,0.3489378288046392,8,26,8,288609,317001,11628,96328,2.936390751787765,0.23305405621187963
1255,0.3491816406605335,5,110,5,288719,316891,11633,96323,2.9353718181481345,0.23310681632277705
1256,0.3491816406605336,0,16,0,288735,316875,11633,96323,2.9352236096187334,0.233115842767874
1257,0.349334418837212,1,3,1,288738,316872,11634,96322,2.935195820519471,0.2331156793177055
1258,0.3494391272588226,3,47,3,288785,316825,11637,96319,2.934760457964356,0.2331366303274403
1259,0.3495733632206184,1,22,1,288807,316803,11638,96318,2.9345566712364297,0.23314718932225667
1260,0.3495867044826506,0,2,0,288809,316801,11638,96318,2.9345381451702544,0.2331483180391122
1261,0.3496557532096558,0,3,0,288812,316798,11638,96318,2.9345103560709918,0.23315001113488706
1262,0.3497114722622524,1,0,1,288812,316798,11639,96317,2.9345103560709918,0.23314815487213003
1263,0.349751666925069,0,1,0,288813,316797,11639,96317,2.9345010930379045,0.2331487192397256
1264,0.3497820319509873,0,1,0,288814,316796,11639,96317,2.934491830004817,0.23314928361005344
1265,0.35,939,11272,939,300086,305524,12578,95378,2.830078921041906,0.23790851629575308
1266,0.3523744892320143,0,1,0,300087,305523,12578,95378,2.8300696580088185,0.2379091097303324
1267,0.352966756121904,0,2,0,300089,305521,12578,95378,2.830051131942643,0.23791029660837268
1268,0.3530311852459122,0,1,0,300090,305520,12578,95378,2.830041868909556,0.23791089005183363
1269,0.3532093811890891,0,1,0,300091,305519,12578,95378,2.830032605876468,0.23791148349825517
1270,0.3534897758099353,0,2,0,300093,305517,12578,95378,2.8300140798102933,0.23791267039998004
1271,0.3535063084275435,0,1,0,300094,305516,12578,95378,2.8300048167772056,0.23791326385528344
1272,0.3535276288630814,0,1,0,300095,305515,12578,95378,2.829995553744118,0.2379138573135475
1273,0.3537744609611286,0,1,0,300096,305514,12578,95378,2.8299862907110303,0.23791445077477225
1274,0.3538873976385247,0,2,0,300098,305512,12578,95378,2.8299677646448553,0.2379156377061039
1275,0.3538873976385248,0,1,0,300099,305511,12578,95378,2.8299585016117677,0.23791623117621089
1276,0.3539405130210849,0,1,0,300100,305510,12578,95378,2.8299492385786804,0.2379168246492786
1277,0.3540780288683494,0,1,0,300101,305509,12578,95378,2.8299399755455927,0.23791741812530715
1278,0.3541843248769792,1,1,1,300102,305508,12579,95377,2.829930712512505,0.2379161106052858
1279,0.3542891094130558,0,1,0,300103,305507,12579,95377,2.8299214494794174,0.23791670408397442
1280,0.3543169732517557,0,1,0,300104,305506,12579,95377,2.82991218644633,0.23791729756562388
1281,0.35432466776701,1,3,1,300107,305503,12580,95376,2.8298843973470675,0.23791717700353474
1282,0.3544690100281725,0,1,0,300108,305502,12580,95376,2.82987513431398,0.2379177704937662
1283,0.3545760474370641,0,1,0,300109,305501,12580,95376,2.829865871280892,0.2379183639869586
1284,0.3547436100311373,1,1,1,300110,305500,12581,95375,2.8298566082478045,0.2379170564390396
1285,0.3547967254136975,0,1,0,300111,305499,12581,95375,2.8298473452147173,0.23791764993489226
1286,0.3548319458473558,0,1,0,300112,305498,12581,95375,2.8298380821816296,0.23791824343370593
1287,0.3548644148870511,0,1,0,300113,305497,12581,95375,2.829828819148542,0.23791883693548066
1288,0.3550026842164457,0,4,0,300117,305493,12581,95375,2.8297917670161916,0.23792121097219035
1289,0.3550405372695918,0,1,0,300118,305492,12581,95375,2.8297825039831044,0.2379218044887706
1290,0.3552873693676389,0,1,0,300119,305491,12581,95375,2.8297732409500167,0.237922398008312
1291,0.355287369367639,0,2,0,300121,305489,12581,95375,2.829754714883842,0.23792358505627845
1292,0.3554534214275954,0,1,0,300122,305488,12581,95375,2.829745451850754,0.2379241785847035
1293,0.3556972332834896,0,1,0,300123,305487,12581,95375,2.8297361888176664,0.23792477211608984
1294,0.3558375761735204,1,4,1,300127,305483,12582,95374,2.829699136685316,0.2379252451622399
1295,0.3558588966090582,1,2,1,300129,305481,12583,95373,2.8296806106191412,0.2379245311260459
1296,0.3558588966090583,1,12,1,300141,305469,12584,95372,2.8295694542220904,0.23792975269495886
1297,0.3559120119916184,0,1,0,300142,305468,12584,95372,2.829560191189003,0.23793034627282705
1298,0.3559547198817787,0,1,0,300143,305467,12584,95372,2.8295509281559155,0.23793093985365696
1299,0.3561558238475127,0,1,0,300144,305466,12584,95372,2.829541665122828,0.23793153343744855
1300,0.3561768287046163,1,0,1,300144,305466,12585,95371,2.829541665122828,0.23792963224452832
1301,0.3563773232935615,0,1,0,300145,305465,12585,95371,2.82953240208974,0.23793022582801943
1302,0.356515592622956,1,30,1,300175,305435,12586,95370,2.8292545110971137,0.23794613340651938
1303,0.3565155926229561,0,20,0,300195,305415,12586,95370,2.8290692504353627,0.23795800741045697
1304,0.3565534456761021,0,3,0,300198,305412,12586,95370,2.8290414613360997,0.2379597886132611
1305,0.3565534456761022,0,2,0,300200,305410,12586,95370,2.8290229352699248,0.2379609760966116
1306,0.3568109322743912,0,1,0,300201,305409,12586,95370,2.829013672236837,0.23796156984273129
1307,0.3568503729145566,0,1,0,300202,305408,12586,95370,2.82900440920375,0.23796216359181394
1308,0.3569173043974871,0,1,0,300203,305407,12586,95370,2.828995146170662,0.23796275734385955
1309,0.3569451682361871,0,1,0,300204,305406,12586,95370,2.8289858831375745,0.2379633510988682
1310,0.3569741831869791,1,2,1,300206,305404,12587,95369,2.8289673570713996,0.23796263720360403
1311,0.3569741831869792,0,17,0,300223,305387,12587,95369,2.828809885508911,0.23797273153739432
1312,0.3571078595128456,0,1,0,300224,305386,12587,95369,2.8288006224758235,0.23797332534840487
1313,0.3573078065315082,0,1,0,300225,305385,12587,95369,2.828791359442736,0.23797391916237892
1314,0.3573718050155686,5,124,5,300349,305261,12592,95364,2.8276427433398794,0.2380380655226209
1315,0.3574249203981289,0,2,0,300351,305259,12592,95364,2.827624217273704,0.23803925386210975
1316,0.3575585967239953,0,1,0,300352,305258,12592,95364,2.8276149542406164,0.23803984803630354
1317,0.357668732254023,1,0,1,300352,305258,12593,95363,2.8276149542406164,0.2380379460886973
1318,0.3576687322540231,0,9,0,300361,305249,12593,95363,2.8275315869428286,0.23804329376054637
1319,0.3578215104307016,1,0,1,300361,305249,12594,95362,2.8275315869428286,0.2380413917740651
1320,0.3578902317000719,1,26,1,300387,305223,12595,95361,2.827290748082552,0.23805493978790965
1321,0.3579262188523121,0,5,0,300392,305218,12595,95361,2.8272444329171145,0.23805791117357625
1322,0.358060454814108,0,1,0,300393,305217,12595,95361,2.827235169884027,0.23805850545961085
1323,0.358079633416257,0,2,0,300395,305215,12595,95361,2.827216643817852,0.23805969404058155
1324,0.3581194694651728,0,1,0,300396,305214,12595,95361,2.827207380784764,0.2380602883355177
1325,0.3581777855797341,0,1,0,300397,305213,12595,95361,2.8271981177516765,0.23806088263342104
1326,0.3583042206299502,1,2,1,300399,305211,12596,95360,2.8271795916855016,0.23806016910859748
1327,0.3583632813210671,1,5,1,300404,305206,12597,95359,2.8271332765200636,0.2380612385006179
1328,0.3584870915934895,38,353,38,300757,304853,12635,95321,2.823863425840157,0.23819888348568372
1329,0.358620767919356,0,1,0,300758,304852,12635,95321,2.8238541628070695,0.23819947872545125
1330,0.3586207679193561,0,1,0,300759,304851,12635,95321,2.823844899773982,0.23820007396819368
1331,0.358755003881152,0,1,0,300760,304850,12635,95321,2.8238356367408946,0.23820066921391106
1332,0.3588207149380186,0,3,0,300763,304847,12635,95321,2.823807847641632,0.23820245496891307
1333,0.3589378288046392,0,25,0,300788,304822,12635,95321,2.823576271814443,0.23821733730191458
1334,0.359012490479441,0,2,0,300790,304820,12635,95321,2.8235577457482677,0.23821852796889095
1335,0.3590337830460053,0,1,0,300791,304819,12635,95321,2.8235484827151804,0.2382191233068426
1336,0.3591816406605335,7,121,7,300912,304698,12642,95314,2.822427655711586,0.23827785166445006
1337,0.3591816406605336,1,20,1,300932,304678,12643,95313,2.822242395049835,0.23828786147688322
1338,0.359334418837212,0,1,0,300933,304677,12643,95313,2.8222331320167475,0.2382884572114303
1339,0.3594391272588225,4,43,4,300976,304634,12647,95309,2.8218348215939826,0.23830645867036052
1340,0.3595733632206184,1,15,1,300991,304619,12648,95308,2.8216958760976696,0.23831349221232875
1341,0.3596557532096558,0,6,0,300997,304613,12648,95308,2.821640297899144,0.2383170676208551
1342,0.3597114722622524,0,2,0,300999,304611,12648,95308,2.821621771832969,0.23831825944753812
1343,0.36,985,11037,985,312036,293574,13633,94323,2.7193856756456336,0.2431650670152128
1344,0.3618136164908369,0,1,0,312037,293573,13633,94323,2.719376412612546,0.2431656938973333
1345,0.3627122897657678,0,1,0,312038,293572,13633,94323,2.7193671495794582,0.24316632078268605
1346,0.3628117593604996,0,1,0,312039,293571,13633,94323,2.7193578865463706,0.243166947671271
1347,0.3630311852459122,0,1,0,312040,293570,13633,94323,2.7193486235132833,0.24316757456308827
1348,0.3632093811890891,0,1,0,312041,293569,13633,94323,2.7193393604801956,0.24316820145813783
1349,0.3632307016246269,0,1,0,312042,293568,13633,94323,2.719330097447108,0.2431688283564197
1350,0.363230701624627,1,1,1,312043,293567,13634,94322,2.7193208344140207,0.24316750410555596
1351,0.3633190374408453,0,1,0,312044,293566,13634,94322,2.719311571380933,0.24316813100688858
1352,0.3633643779504933,0,1,0,312045,293565,13634,94322,2.7193023083478454,0.2431687579114536
1353,0.3639804209766659,0,1,0,312046,293564,13634,94322,2.7192930453147577,0.24316938481925102
1354,0.3641080843056575,0,1,0,312047,293563,13634,94322,2.7192837822816704,0.24317001173028088
1355,0.3641843248769792,0,1,0,312048,293562,13634,94322,2.7192745192485828,0.24317063864454322
1356,0.36432466776701,1,0,1,312048,293562,13635,94321,2.7192745192485828,0.24316868746503456
1357,0.3644796645284143,0,1,0,312049,293561,13635,94321,2.719265256215495,0.2431693143791153
1358,0.3647011639744631,0,1,0,312050,293560,13635,94321,2.719255993182408,0.24316994129642855
1359,0.3647436100311372,0,1,0,312051,293559,13635,94321,2.71924673014932,0.24317056821697433
1360,0.3647436100311373,0,1,0,312052,293558,13635,94321,2.7192374671162325,0.24317119514075267
1361,0.3648319458473558,0,2,0,312054,293556,13635,94321,2.7192189410500576,0.2431724489980071
1362,0.3650026842164457,1,7,1,312061,293549,13636,94320,2.7191540998184447,0.24317488636627316
1363,0.3650405372695918,1,1,1,312062,293548,13637,94319,2.719144836785357,0.24317356207153484
1364,0.3650813114676333,0,1,0,312063,293547,13637,94319,2.7191355737522693,0.2431741890240444
1365,0.3652620367156406,0,1,0,312064,293546,13637,94319,2.719126310719182,0.24317481597978677
1366,0.3652873693676389,0,1,0,312065,293545,13637,94319,2.7191170476860944,0.24317544293876203
1367,0.365287369367639,0,1,0,312066,293544,13637,94319,2.7191077846530067,0.24317606990097018
1368,0.3654612747804688,0,1,0,312067,293543,13637,94319,2.719098521619919,0.24317669686641125
1369,0.3656972332834896,3,0,3,312067,293543,13640,94316,2.719098521619919,0.24317084301253805
1370,0.3658375761735204,0,6,0,312073,293537,13640,94316,2.719042943421394,0.24317460481161676
1371,0.3658465178337572,0,1,0,312074,293536,13640,94316,2.719033680388306,0.24317523178944545
1372,0.3658588966090582,0,1,0,312075,293535,13640,94316,2.719024417355219,0.24317585877050724
1373,0.3658588966090583,0,4,0,312079,293531,13640,94316,2.7189873652228687,0.24317836672708568
1374,0.3659364586768376,0,1,0,312080,293530,13640,94316,2.718978102189781,0.24317899372431326
1375,0.3661558238475128,0,2,0,312082,293528,13640,94316,2.718959576123606,0.24318024772846814
1376,0.366209198885758,0,1,0,312083,293527,13640,94316,2.7189503130905184,0.2431808747353955
1377,0.3663096338202079,0,1,0,312084,293526,13640,94316,2.7189410500574307,0.24318150174555617
1378,0.3663773232935615,0,4,0,312088,293522,13640,94316,2.7189039979250804,0.24318400981853247
1379,0.3664133104458017,0,1,0,312089,293521,13640,94316,2.718894734891993,0.24318463684486008
1380,0.3665155926229561,3,45,3,312134,293476,13643,94313,2.7184778984030533,0.24320700174579474
1381,0.3665534456761022,0,5,0,312139,293471,13643,94313,2.7184315832376154,0.24321013760237659
1382,0.3668109322743912,0,2,0,312141,293469,13643,94313,2.71841305717144,0.24321139196765193
1383,0.3669173043974871,1,2,1,312143,293467,13644,94312,2.718394531105265,0.2432106947513919
1384,0.366945168236187,0,1,0,312144,293466,13644,94312,2.7183852680721774,0.24321132194193584
1385,0.3669451682361871,0,1,0,312145,293465,13644,94312,2.71837600503909,0.2432119491357146
1386,0.3669741831869791,1,2,1,312147,293463,13645,94311,2.718357478972915,0.2432112519147751
1387,0.3669741831869792,0,12,0,312159,293451,13645,94311,2.7182463225758644,0.24321877852909773
1388,0.3671078595128457,0,1,0,312160,293450,13645,94311,2.7182370595427767,0.24321940576798595
1389,0.3673718050155686,12,167,12,312327,293283,13657,94299,2.7166901330171553,0.24330077248169418
1390,0.3674249203981288,0,1,0,312328,293282,13657,94299,2.7166808699840677,0.24330140022343716
1391,0.3675187606750796,0,1,0,312329,293281,13657,94299,2.71667160695098,0.24330202796841943
1392,0.3676687322540231,3,14,3,312343,293267,13660,94296,2.7165419244877542,0.24330495945175365
1393,0.3678902317000719,6,19,6,312362,293248,13666,94290,2.716365926859091,0.2433051726540365
1394,0.3679262188523121,0,1,0,312363,293247,13666,94290,2.7163566638260033,0.24330580047840594
1395,0.3679366445416855,0,1,0,312364,293246,13666,94290,2.7163474007929156,0.24330642830601545
1396,0.368060454814108,0,5,0,312369,293241,13666,94290,2.716301085627478,0.2433095674926651
1397,0.368079633416257,0,4,0,312373,293237,13666,94290,2.716264033495128,0.24331207890030887
1398,0.3681777855797341,0,1,0,312374,293236,13666,94290,2.71625477046204,0.2433127067603206
1399,0.3683632813210671,1,1,1,312375,293235,13667,94289,2.7162455074289524,0.24331138200472746
1400,0.3683769560634617,0,1,0,312376,293234,13667,94289,2.716236244395865,0.24331200986780138
1401,0.3684870915934896,28,352,28,312728,292882,13695,94261,2.712975656749046,0.24347850794151
1402,0.368620767919356,0,1,0,312729,292881,13695,94261,2.7129663937159583,0.24347913685417755
1403,0.3686207679193561,0,3,0,312732,292878,13695,94261,2.7129386046166957,0.24348102361167437
1404,0.368755003881152,0,1,0,312733,292877,13695,94261,2.712929341583608,0.2434816525373381
1405,0.3688207149380186,0,2,0,312735,292875,13695,94261,2.712910815517433,0.24348291039841297
1406,0.3689378288046392,5,25,5,312760,292850,13700,94256,2.712679239690244,0.24348886351541954
1407,0.3691816406605335,13,135,13,312895,292715,13713,94243,2.7114287302234246,0.2435483954330961
1408,0.3692902515768753,0,1,0,312896,292714,13713,94243,2.711419467190337,0.24354902482704796
1409,0.369334418837212,0,3,0,312899,292711,13713,94243,2.7113916780910743,0.243550913028422
1410,0.3694391272588225,10,49,10,312948,292662,13723,94233,2.710937789469784,0.24356220680029467
1411,0.3695153688446397,0,1,0,312949,292661,13723,94233,2.7109285264366965,0.24356283633243214
1412,0.3695733632206184,0,14,0,312963,292647,13723,94233,2.7107988439734707,0.24357165012406948
1413,0.3696557532096558,0,3,0,312966,292644,13723,94233,2.710771054874208,0.24357353887669725
1414,0.3697114722622525,0,1,0,312967,292643,13723,94233,2.7107617918411204,0.24357416846741592
1415,0.369746294247583,0,1,0,312968,292642,13723,94233,2.7107525288080327,0.24357479806138935
1416,0.37,1001,10704,1001,323672,281938,14724,93232,2.611601022638853,0.24850601060852415
1417,0.3709846026511286,0,1,0,323673,281937,14724,93232,2.611591759605765,0.24850667299270462
1418,0.3720302424416702,1,0,1,323673,281937,14725,93231,2.611591759605765,0.24850466990788128
1419,0.3725006781013789,0,1,0,323674,281936,14725,93231,2.611582496572678,0.2485053322920193
1420,0.3725331471410743,0,1,0,323675,281935,14725,93231,2.6115732335395903,0.24850599467968845
1421,0.3730690382990583,0,1,0,323676,281934,14725,93231,2.6115639705065026,0.24850665707088881
1422,0.3731600067347645,0,1,0,323677,281933,14725,93231,2.611554707473415,0.24850731946562038
1423,0.3734897758099353,1,1,1,323678,281932,14726,93230,2.6115454444403277,0.2485059787505131
1424,0.3735276288630814,0,1,0,323679,281931,14726,93230,2.61153618140724,0.24850664114873347
1425,0.3738873976385248,0,1,0,323680,281930,14726,93230,2.6115269183741523,0.24850730355048511
1426,0.3739331670178777,0,1,0,323681,281929,14726,93230,2.611517655341065,0.2485079659557681
1427,0.3739483663739584,0,1,0,323682,281928,14726,93230,2.6115083923079774,0.2485086283645824
1428,0.37423585267252,0,1,0,323683,281927,14726,93230,2.6114991292748897,0.24850929077692807
1429,0.37432466776701,0,3,0,323686,281924,14726,93230,2.611471340175627,0.24851127803515358
1430,0.3744418114752683,0,1,0,323687,281923,14726,93230,2.6114620771425394,0.248511940461625
1431,0.3746429154410022,0,1,0,323688,281922,14726,93230,2.611452814109452,0.24851260289162794
1432,0.3747436100311372,1,0,1,323688,281922,14727,93229,2.611452814109452,0.2485105997318413
1433,0.3747436100311374,0,1,0,323689,281921,14727,93229,2.6114435510763645,0.24851126216180194
1434,0.3747956936176808,0,1,0,323690,281920,14727,93229,2.611434288043277,0.24851192459529414
1435,0.3748319458473558,0,2,0,323692,281918,14727,93229,2.611415761977102,0.2485132494728733
1436,0.3750026842164457,1,4,1,323696,281914,14728,93228,2.6113787098447516,0.24851389607135432
1437,0.375019216834054,0,1,0,323697,281913,14728,93228,2.611369446811664,0.24851455852599422
1438,0.3752873693676389,2,2,2,323699,281911,14730,93226,2.611350920745489,0.24851187699427144
1439,0.375287369367639,0,3,0,323702,281908,14730,93226,2.6113231316462264,0.24851386437912854
1440,0.3754043959909767,0,1,0,323703,281907,14730,93226,2.6113138686131387,0.2485145268478113
1441,0.3754043959909768,0,1,0,323704,281906,14730,93226,2.611304605580051,0.24851518932002603
1442,0.3754514384318257,0,1,0,323705,281905,14730,93226,2.6112953425469634,0.24851585179577268
1443,0.3754612747804688,0,2,0,323707,281903,14730,93226,2.6112768164807885,0.24851717675786197
1444,0.3756972332834896,0,2,0,323709,281901,14730,93226,2.6112582904146135,0.24851850173407938
1445,0.3758375761735204,1,18,1,323727,281883,14731,93225,2.6110915558190375,0.24852842381394158
1446,0.3758588966090582,0,6,0,323733,281877,14731,93225,2.611035977620512,0.248532399187421
1447,0.3758588966090583,0,10,0,323743,281867,14731,93225,2.6109433472896364,0.24853902509251063
1448,0.3759547198817786,1,0,1,323743,281867,14732,93224,2.6109433472896364,0.24853702168273833
1449,0.3761558238475128,0,1,0,323744,281866,14732,93224,2.610934084256549,0.24853768428910394
1450,0.3763773232935615,0,2,0,323746,281864,14732,93224,2.610915558190374,0.2485390095124344
1451,0.3765155926229561,2,42,2,323788,281822,14734,93222,2.6105265108006965,0.24856283529399217
1452,0.3765534456761022,0,6,0,323794,281816,14734,93222,2.6104709326021713,0.24856681189639449
1453,0.3767062238527806,0,1,0,323795,281815,14734,93222,2.6104616695690837,0.24856747467583198
1454,0.3768109322743912,0,5,0,323800,281810,14734,93222,2.610415354403646,0.24857078862603724
1455,0.3768280605047111,0,1,0,323801,281809,14734,93222,2.6104060913705585,0.24857145142668205
1456,0.3769173043974871,0,1,0,323802,281808,14734,93222,2.6103968283374708,0.24857211423086154
1457,0.3769741831869791,1,3,1,323805,281805,14735,93221,2.610369039238208,0.24857209900113592
1458,0.3769741831869792,1,12,1,323817,281793,14736,93220,2.6102578828411573,0.24857804929429114
1459,0.3770718723606054,0,1,0,323818,281792,14736,93220,2.61024861980807,0.24857871214787794
1460,0.3772612740767906,1,0,1,323818,281792,14737,93219,2.61024861980807,0.2485767084165531
1461,0.3773718050155686,10,137,10,323955,281655,14747,93209,2.608979584275075,0.2486475094967775
1462,0.3774249203981288,0,2,0,323957,281653,14747,93209,2.6089610582089,0.24864883610501998
1463,0.3775208746394949,0,1,0,323958,281652,14747,93209,2.6089517951758125,0.2486494994144496
1464,0.3776687322540231,4,16,4,323974,281636,14751,93205,2.6088035866464114,0.24865209515501238
1465,0.3778902317000719,1,21,1,323995,281615,14752,93204,2.608609062951573,0.2486640218345388
1466,0.3779262188523121,0,4,0,323999,281611,14752,93204,2.6085720108192225,0.2486666755599429
1467,0.378079633416257,0,3,0,324002,281608,14752,93204,2.60854422171996,0.24866866589116676
1468,0.3781194694651728,1,1,1,324003,281607,14753,93203,2.6085349586868722,0.24866732477788747
1469,0.378363281321067,0,3,0,324006,281604,14753,93203,2.6085071695876096,0.24866931514085916
1470,0.3784516177382634,0,1,0,324007,281603,14753,93203,2.6084979065545224,0.24866997860226356
1471,0.3784870915934896,40,328,40,324335,281275,14793,93163,2.6054596317018044,0.24880754624263562
1472,0.378620767919356,0,5,0,324340,281270,14793,93163,2.605413316536367,0.24881086870014127
1473,0.3786207679193561,0,1,0,324341,281269,14793,93163,2.605404053503279,0.2488115332022904
1474,0.3788207149380186,0,5,0,324346,281264,14793,93163,2.6053577383378412,0.24881485576627754
1475,0.378878254517645,0,1,0,324347,281263,14793,93163,2.605348475304754,0.24881552028972348
1476,0.3789378288046392,4,39,4,324386,281224,14797,93159,2.6049872170143393,0.24883341391035382
1477,0.3790337830460053,0,2,0,324388,281222,14797,93159,2.604968690948164,0.24883474321613544
1478,0.3791816406605335,11,143,11,324531,281079,14808,93148,2.603644077216644,0.24890774850558617
1479,0.379334418837212,0,5,0,324536,281074,14808,93148,2.603597762051206,0.2489110741752222
1480,0.3794391272588225,4,52,4,324588,281022,14812,93144,2.603116084330653,0.24893763730536714
1481,0.3795733632206184,6,18,6,324606,281004,14818,93138,2.602949349735077,0.24893756915823403
1482,0.3796557532096558,0,7,0,324613,280997,14818,93138,2.602884508503464,0.24894222673633848
1483,0.3797114722622524,0,1,0,324614,280996,14818,93138,2.602875245470377,0.2489428921188665
1484,0.3797114722622525,1,0,1,324614,280996,14819,93137,2.602875245470377,0.24894088465866415
1485,0.3797820319509873,0,1,0,324615,280995,14819,93137,2.6028659824372893,0.24894155004116195
1486,0.38,1049,10750,1049,335365,270245,15868,92088,2.503288376746082,0.2541529477028038
1487,0.3804639589969145,0,1,0,335366,270244,15868,92088,2.503279113712994,0.25415364913946326
1488,0.3814178605631534,0,1,0,335367,270243,15868,92088,2.5032698506799065,0.2541543505799945
1489,0.3815182768394018,0,1,0,335368,270242,15868,92088,2.5032605876468192,0.25415505202439764
1490,0.382214899467082,0,1,0,335369,270241,15868,92088,2.5032513246137316,0.2541557534726726
1491,0.3823531687964766,1,0,1,335369,270241,15869,92087,2.5032513246137316,0.25415369499459056
1492,0.3830311852459122,0,1,0,335370,270240,15869,92087,2.503242061580644,0.2541543964429921
1493,0.383209381189089,0,1,0,335371,270239,15869,92087,2.503232798547556,0.2541550978952656
1494,0.3832307016246269,0,1,0,335372,270238,15869,92087,2.503223535514469,0.254155799351411
1495,0.3836814388357766,0,1,0,335373,270237,15869,92087,2.5032142724813813,0.25415650081142843
1496,0.383978366074231,0,1,0,335374,270236,15869,92087,2.5032050094482936,0.2541572022753179
1497,0.3841218764845929,0,1,0,335375,270235,15869,92087,2.5031957464152064,0.25415790374307934
1498,0.3841843248769793,0,1,0,335376,270234,15869,92087,2.5031864833821187,0.2541586052147129
1499,0.3842221779301253,0,1,0,335377,270233,15869,92087,2.503177220349031,0.2541593066902186
1500,0.3843459882025478,0,1,0,335378,270232,15869,92087,2.5031679573159433,0.2541600081695964
1501,0.3844869070820497,0,1,0,335379,270231,15869,92087,2.503158694282856,0.2541607096528464
1502,0.3846429154410024,0,1,0,335380,270230,15869,92087,2.5031494312497684,0.2541614111399686
1503,0.3846796115470768,0,1,0,335381,270229,15869,92087,2.5031401682166807,0.254162112630963
1504,0.3847436100311373,0,4,0,335385,270225,15869,92087,2.5031031160843304,0.2541649186336638
1505,0.3848319458473558,0,1,0,335386,270224,15869,92087,2.503093853051243,0.25416562014401994
1506,0.3848435232497992,0,1,0,335387,270223,15869,92087,2.5030845900181555,0.2541663216582485
1507,0.3850026842164457,2,5,2,335392,270218,15871,92085,2.5030382748527176,0.2541657121249341
1508,0.385019216834054,0,1,0,335393,270217,15871,92085,2.5030290118196303,0.25416641365490666
1509,0.3852873693676389,0,1,0,335394,270216,15871,92085,2.5030197487865427,0.2541671151887519
1510,0.3854043959909766,0,1,0,335395,270215,15871,92085,2.503010485753455,0.25416781672646976
1511,0.3854612747804688,1,0,1,335395,270215,15872,92084,2.503010485753455,0.2541657581169145
1512,0.3856972332834896,0,1,0,335396,270214,15872,92084,2.5030012227203677,0.25416645965475937
1513,0.3858375761735204,1,11,1,335407,270203,15873,92083,2.5028993293564046,0.2541721181607901
1514,0.3858588966090582,1,15,1,335422,270188,15874,92082,2.502760383860091,0.25418058354266154
1515,0.3861558238475127,1,0,1,335422,270188,15875,92081,2.502760383860091,0.2541785247978712
1516,0.3861558238475128,0,3,0,335425,270185,15875,92081,2.5027325947608285,0.2541806297030359
1517,0.3862032996172534,0,2,0,335427,270183,15875,92081,2.502714068694653,0.25418203299251374
1518,0.3863773232935615,1,4,1,335431,270179,15876,92080,2.5026770165623033,0.25418278082808154
1519,0.3864133104458017,0,1,0,335432,270178,15876,92080,2.5026677535292157,0.2541834824903798
1520,0.3864133104458018,0,2,0,335434,270176,15876,92080,2.5026492274630403,0.25418488582659776
1521,0.386515592622956,0,29,0,335463,270147,15876,92080,2.5023805995035016,0.2542052359432069
1522,0.3865155926229561,0,14,0,335477,270133,15876,92080,2.502250917040276,0.254215061303708
1523,0.3865534456761021,0,5,0,335482,270128,15876,92080,2.502204601874838,0.25421857054510116
1524,0.3865534456761022,0,2,0,335484,270126,15876,92080,2.502186075808663,0.2542199742687863
1525,0.3868109322743912,0,2,0,335486,270124,15876,92080,2.5021675497424876,0.2542213780079734
1526,0.3868280605047111,0,1,0,335487,270123,15876,92080,2.5021582867094003,0.2542220798833803
1527,0.3869173043974871,1,1,1,335488,270122,15877,92079,2.5021490236763126,0.2542207227478665
1528,0.3869741831869791,0,7,0,335495,270115,15877,92079,2.5020841824446998,0.25422563598513503
1529,0.3869741831869792,2,4,2,335499,270111,15879,92077,2.5020471303123495,0.2542243254884204
1530,0.387057298269812,0,1,0,335500,270110,15879,92077,2.502037867279262,0.25422502740297137
1531,0.3870806736077847,0,1,0,335501,270109,15879,92077,2.5020286042461746,0.2542257293213984
1532,0.387238999899977,0,1,0,335502,270108,15879,92077,2.502019341213087,0.2542264312437014
1533,0.3873594262402676,0,1,0,335503,270107,15879,92077,2.502010078179999,0.2542271331698805
1534,0.3873718050155686,11,141,11,335644,269966,15890,92066,2.500703990514654,0.25430348698457594
1535,0.3874249203981288,0,2,0,335646,269964,15890,92066,2.500685464448479,0.2543048918597906
1536,0.3874635949206903,0,1,0,335647,269963,15890,92066,2.5006762014153914,0.2543055943032188
1537,0.3876338180347264,0,1,0,335648,269962,15890,92066,2.5006669383823037,0.25430629675052757
1538,0.3876687322540231,0,25,0,335673,269937,15890,92066,2.5004353625551152,0.25432385919453704
1539,0.3877095064520646,0,1,0,335674,269936,15890,92066,2.5004260995220275,0.2543245617427528
1540,0.3878902317000719,2,18,2,335692,269918,15892,92064,2.5002593649264515,0.25433308838561036
1541,0.3879262188523121,0,4,0,335696,269914,15892,92064,2.5002223127941012,0.254335898866782
1542,0.3880190345307229,0,1,0,335697,269913,15892,92064,2.5002130497610136,0.25433660149678017
1543,0.388079633416257,0,3,0,335700,269910,15892,92064,2.500185260661751,0.25433870941006814
1544,0.388198563855742,0,2,0,335702,269908,15892,92064,2.500166734595576,0.2543401147050048
1545,0.388363281321067,0,2,0,335704,269906,15892,92064,2.5001482085294007,0.2543415200154709
1546,0.3883632813210671,0,1,0,335705,269905,15892,92064,2.5001389454963134,0.25434222267652756
1547,0.3883769560634617,0,1,0,335706,269904,15892,92064,2.5001296824632258,0.25434292534146663
1548,0.3884870915934895,37,328,37,336034,269576,15929,92027,2.497091407610508,0.25449733547564596
1549,0.3885160594977455,0,1,0,336035,269575,15929,92027,2.4970821445774205,0.2544980392807562
1550,0.388620767919356,0,5,0,336040,269570,15929,92027,2.4970358294119825,0.25450155836469884
1551,0.3888207149380186,0,5,0,336045,269565,15929,92027,2.496989514246545,0.2545050775459634
1552,0.3889378288046392,2,19,2,336064,269546,15931,92025,2.4968135166178813,0.25451432775305544
1553,0.3890337830460053,0,1,0,336065,269545,15931,92025,2.4968042535847936,0.25451503166745026
1554,0.3891816406605335,6,128,6,336193,269417,15937,92019,2.495618585349587,0.25459279097820914
1555,0.389334418837212,0,3,0,336196,269414,15937,92019,2.4955907962503243,0.2545949041731109
1556,0.3894391272588225,9,52,9,336248,269362,15946,92010,2.4951091185297716,0.2546129749952957
1557,0.3895733632206184,0,18,0,336266,269344,15946,92010,2.4949423839341955,0.2546256579420734
1558,0.3896557532096558,2,2,2,336268,269342,15948,92008,2.49492385786802,0.2546229417462294
1559,0.3898740713049449,0,1,0,336269,269341,15948,92008,2.494914594834933,0.2546236463917155
1560,0.39,1062,10386,1062,346655,258955,17010,90946,2.398708733187595,0.25991923429770136
1561,0.3907975823414434,1,0,1,346655,258955,17011,90945,2.398708733187595,0.2599171191769077
1562,0.3915348094570101,0,1,0,346656,258954,17011,90945,2.3986994701545075,0.25991786201160905
1563,0.3923744892320143,0,1,0,346657,258953,17011,90945,2.39869020712142,0.25991860485055646
1564,0.3923744892320144,0,1,0,346658,258952,17011,90945,2.398680944088332,0.25991934769374986
1565,0.3923910218496225,0,1,0,346659,258951,17011,90945,2.398671681055245,0.25992009054118936
1566,0.3928330797960374,0,1,0,346660,258950,17011,90945,2.398662418022157,0.25992083339287503
1567,0.3930690382990583,0,1,0,346661,258949,17011,90945,2.3986531549890695,0.2599215762488068
1568,0.3932307016246269,0,1,0,346662,258948,17011,90945,2.3986438919559823,0.2599223191089847
1569,0.393277358102753,1,0,1,346662,258948,17012,90944,2.3986438919559823,0.259920203948647
1570,0.3935063084275436,0,1,0,346663,258947,17012,90944,2.3986346289228946,0.2599209468091491
1571,0.3936234521358017,0,1,0,346664,258946,17012,90944,2.398625365889807,0.2599216896738975
1572,0.3937576880975977,0,1,0,346665,258945,17012,90944,2.3986161028567192,0.25992243254289216
1573,0.3938873976385247,0,3,0,346668,258942,17012,90944,2.3985883137574566,0.25992466117535423
1574,0.3939252506916709,0,1,0,346669,258941,17012,90944,2.3985790507243694,0.25992540406133446
1575,0.39432466776701,0,4,0,346673,258937,17012,90944,2.398541998592019,0.2599283756477202
1576,0.3943459882025478,0,3,0,346676,258934,17012,90944,2.3985142094927565,0.2599306043820989
1577,0.3947011639744631,0,1,0,346677,258933,17012,90944,2.398504946459669,0.25993134730205186
1578,0.3947436100311373,0,1,0,346678,258932,17012,90944,2.398495683426581,0.2599320902262516
1579,0.3948319458473557,0,1,0,346679,258931,17012,90944,2.3984864203934935,0.2599328331546981
1580,0.3950026842164457,1,3,1,346682,258928,17013,90943,2.398458631294231,0.25993294671464623
1581,0.3950026842164458,0,1,0,346683,258927,17013,90943,2.3984493682611436,0.259933689656158
1582,0.3952873693676389,0,1,0,346684,258926,17013,90943,2.398440105228056,0.25993443260191673
1583,0.3954612747804688,0,2,0,346686,258924,17013,90943,2.3984215791618806,0.2599359185061752
1584,0.3956972332834897,0,3,0,346689,258921,17013,90943,2.398393790062618,0.2599381473944161
1585,0.3958375761735204,2,9,2,346698,258912,17015,90941,2.39831042276483,0.259940603624951
1586,0.3958588966090582,1,14,1,346712,258898,17016,90940,2.3981807403016044,0.25994889062937704
1587,0.3959547198817786,0,1,0,346713,258897,17016,90940,2.3981714772685168,0.25994963368654544
1588,0.3960889558435745,0,1,0,346714,258896,17016,90940,2.398162214235429,0.2599503767479619
1589,0.3961558238475127,0,1,0,346715,258895,17016,90940,2.398152951202342,0.2599511198136264
1590,0.3961558238475128,0,1,0,346716,258894,17016,90940,2.398143688169254,0.25995186288353905
1591,0.3961925199535872,0,1,0,346717,258893,17016,90940,2.3981344251361665,0.2599526059576998
1592,0.3963096338202079,0,1,0,346718,258892,17016,90940,2.3981251621030792,0.2599533490361088
1593,0.3963773232935615,0,4,0,346722,258888,17016,90940,2.398088109970729,0.259956321392227
1594,0.396515592622956,2,26,2,346748,258862,17018,90938,2.3978472711104524,0.2599714122355632
1595,0.3965155926229561,2,15,2,346763,258847,17020,90936,2.397708325614139,0.2599783294213841
1596,0.3965534456761021,0,2,0,346765,258845,17020,90936,2.397689799547964,0.2599798159419751
1597,0.3965534456761022,0,4,0,346769,258841,17020,90936,2.3976527474156137,0.25998278903415606
1598,0.3968109322743912,0,2,0,346771,258839,17020,90936,2.397634221349439,0.25998427560574655
1599,0.3968503729145566,0,1,0,346772,258838,17020,90936,2.397624958316351,0.2599850188979169
1600,0.3968503729145567,0,2,0,346774,258836,17020,90936,2.397606432250176,0.2599865054950082
1601,0.3969451682361871,0,1,0,346775,258835,17020,90936,2.3975971692170885,0.25998724879992907
1602,0.3969741831869791,1,8,1,346783,258827,17021,90935,2.397523064952388,0.25999107964844664
1603,0.3969741831869792,0,11,0,346794,258816,17021,90935,2.397421171588425,0.2599992566139911
1604,0.3970718723606054,0,1,0,346795,258815,17021,90935,2.397411908555337,0.26
1605,0.3970718723606055,0,1,0,346796,258814,17021,90935,2.39740264552225,0.26000074339025986
1606,0.3972420954746415,0,1,0,346797,258813,17021,90935,2.3973933824891622,0.26000148678477075
1607,0.3973718050155686,15,121,15,346918,258692,17036,90920,2.3962725554855684,0.2600597233504571
1608,0.3974249203981288,0,1,0,346919,258691,17036,90920,2.3962632924524807,0.2600604672049793
1609,0.3974249203981289,0,2,0,346921,258689,17036,90920,2.3962447663863053,0.26006195492678963
1610,0.3974995820729305,0,1,0,346922,258688,17036,90920,2.396235503353218,0.26006269879407795
1611,0.397668732254023,0,2,0,346924,258686,17036,90920,2.3962169772870427,0.26006418654142094
1612,0.3976687322540231,3,22,3,346946,258664,17039,90917,2.396013190559117,0.26007420311744633
1613,0.3978902317000719,4,16,4,346962,258648,17043,90913,2.3958649820297158,0.260077640240187
1614,0.3979262188523121,1,7,1,346969,258641,17044,90912,2.395800140798103,0.2600807316773136
1615,0.398060454814108,0,1,0,346970,258640,17044,90912,2.395790877765015,0.2600814757174898
1616,0.398079633416257,0,3,0,346973,258637,17044,90912,2.3957630886657526,0.26008370786356133
1617,0.3981428448031454,0,1,0,346974,258636,17044,90912,2.3957538256326654,0.26008445192076624
1618,0.3981941311399745,0,1,0,346975,258635,17044,90912,2.3957445625995777,0.2600851959822284
1619,0.398198563855742,0,1,0,346976,258634,17044,90912,2.39573529956649,0.2600859400479479
1620,0.3982154237065389,0,1,0,346977,258633,17044,90912,2.3957260365334023,0.26008668411792474
1621,0.3983632813210671,0,1,0,346978,258632,17044,90912,2.395716773500315,0.2600874281921589
1622,0.3983769560634618,0,1,0,346979,258631,17044,90912,2.3957075104672274,0.2600881722706505
1623,0.3984870915934895,42,330,42,347309,258301,17086,90870,2.3926507095483345,0.26024498025322834
1624,0.3985160594977455,0,1,0,347310,258300,17086,90870,2.392641446515247,0.2602457255777988
1625,0.3986207679193561,1,2,1,347312,258298,17087,90869,2.392622920449072,0.2602450976180452
1626,0.3987239627416934,0,1,0,347313,258297,17087,90869,2.392613657415984,0.2602458429514901
1627,0.398755003881152,0,1,0,347314,258296,17087,90869,2.3926043943828965,0.2602465882892042
1628,0.3988207149380186,2,1,2,347315,258295,17089,90867,2.3925951313498093,0.2602430963277791
1629,0.3989378288046392,6,27,6,347342,258268,17095,90861,2.392345029456445,0.2602505091241346
1630,0.3990948804684784,0,1,0,347343,258267,17095,90861,2.3923357664233578,0.2602512545542036
1631,0.3991747670061638,0,1,0,347344,258266,17095,90861,2.39232650339027,0.26025199998854287
1632,0.3991816406605335,11,123,11,347467,258143,17106,90850,2.391187150320501,0.26032040757264474
1633,0.3991816406605336,2,34,2,347501,258109,17108,90848,2.390872207195524,0.26034153205122695
1634,0.399334418837212,1,2,1,347503,258107,17109,90847,2.390853681129349,0.2603409045318294
1635,0.3994391272588226,3,45,3,347548,258062,17112,90844,2.390436844640409,0.26036812207299387
1636,0.3995153688446398,1,0,1,347548,258062,17113,90843,2.390436844640409,0.2603660022069045
1637,0.3995733632206184,0,19,0,347567,258043,17113,90843,2.3902608470117457,0.26038018149194864
1638,0.3996557532096558,2,8,2,347575,258035,17115,90841,2.390186742747045,0.26038191219803025
1639,0.3998647318104781,1,0,1,347575,258035,17116,90840,2.390186742747045,0.2603797921891795
1640,0.4,1149,10232,1149,357807,247803,18265,89691,2.2954073881951906,0.2657558356593006
1641,0.400456105644041,1,0,1,357807,247803,18266,89690,2.2954073881951906,0.26575366007591267
1642,0.4028929159165176,0,1,0,357808,247802,18266,89690,2.295398125162103,0.26575444751282995
1643,0.4031776010677109,0,1,0,357809,247801,18266,89690,2.2953888621290157,0.2657552349544136
1644,0.4032307016246269,0,1,0,357810,247800,18266,89690,2.295379599095928,0.2657560224006637
1645,0.4033643779504934,0,1,0,357811,247799,18266,89690,2.2953703360628404,0.26575680985158034
1646,0.4034897758099353,0,1,0,357812,247798,18266,89690,2.2953610730297527,0.26575759730716353
1647,0.4035276288630814,0,3,0,357815,247795,18266,89690,2.29533328393049,0.2657599597019127
1648,0.4038873976385247,0,1,0,357816,247794,18266,89690,2.295324020897403,0.26576074717616244
1649,0.4039483663739584,0,1,0,357817,247793,18266,89690,2.295314757864315,0.2657615346550789
1650,0.4041827372899598,0,1,0,357818,247792,18266,89690,2.2953054948312275,0.2657623221386622
1651,0.4041843248769792,0,1,0,357819,247791,18266,89690,2.29529623179814,0.26576310962691235
1652,0.40432466776701,0,2,0,357821,247789,18266,89690,2.295277705731965,0.2657646846174132
1653,0.4043459882025478,0,1,0,357822,247788,18266,89690,2.295268442698877,0.2657654721196641
1654,0.4044487556765508,1,0,1,357822,247788,18267,89689,2.295268442698877,0.2657632964616848
1655,0.4044690100281725,1,0,1,357822,247788,18268,89688,2.295268442698877,0.26576112079081177
1656,0.4047436100311373,0,2,0,357824,247786,18268,89688,2.2952499166327023,0.2657626957928611
1657,0.4048319458473557,0,1,0,357825,247785,18268,89688,2.2952406535996146,0.2657634833008863
1658,0.4050026842164457,0,9,0,357834,247776,18268,89688,2.295157286301827,0.26577057108313773
1659,0.4050405372695917,0,1,0,357835,247775,18268,89688,2.295148023268739,0.26577135863783585
1660,0.405093652652152,0,1,0,357836,247774,18268,89688,2.2951387602356514,0.26577214619720146
1661,0.4052620367156405,0,1,0,357837,247773,18268,89688,2.295129497202564,0.2657729337612346
1662,0.4052675009294435,0,1,0,357838,247772,18268,89688,2.2951202341694765,0.2657737213299354
1663,0.4052767034323429,0,2,0,357840,247770,18268,89688,2.295101708103301,0.2657752964813399
1664,0.4052873693676389,0,1,0,357841,247769,18268,89688,2.295092445070214,0.26577608406404374
1665,0.405287369367639,1,4,1,357845,247765,18269,89687,2.2950553929378636,0.26577705866315804
1666,0.4054322598296767,0,1,0,357846,247764,18269,89687,2.295046129904776,0.2657778462650874
1667,0.4054912744807414,0,2,0,357848,247762,18269,89687,2.295027603838601,0.26577942148295003
1668,0.4056972332834896,0,4,0,357852,247758,18269,89687,2.2949905517062508,0.2657825719746922
1669,0.4058375761735204,2,8,2,357860,247750,18271,89685,2.29491644744155,0.26578452146339293
1670,0.4058588966090582,1,7,1,357867,247743,18272,89684,2.2948516062099373,0.2657878592999375
1671,0.4058588966090583,0,10,0,357877,247733,18272,89684,2.294758975879062,0.2657957364329598
1672,0.4061558238475127,0,1,0,357878,247732,18272,89684,2.294749712845974,0.26579652417194205
1673,0.406253513021139,0,1,0,357879,247731,18272,89684,2.294740449812887,0.2657973119155936
1674,0.4063096338202079,0,1,0,357880,247730,18272,89684,2.2947311867797993,0.2657980996639144
1675,0.4063773232935615,0,1,0,357881,247729,18272,89684,2.2947219237467116,0.2657988874169045
1676,0.406515592622956,4,24,4,357905,247705,18276,89680,2.2944996109526103,0.2658090905049128
1677,0.4065155926229561,1,23,1,357928,247682,18277,89679,2.294286561191597,0.26582503608893737
1678,0.4065534456761021,1,0,1,357928,247682,18278,89678,2.294286561191597,0.26582285985297605
1679,0.4065534456761022,1,2,1,357930,247680,18279,89677,2.2942680351254214,0.265822259505509
1680,0.4068109322743912,0,6,0,357936,247674,18279,89677,2.2942124569268962,0.2658269873218102
1681,0.4069173043974871,0,3,0,357939,247671,18279,89677,2.2941846678276336,0.26582935129302676
1682,0.4069741831869791,1,3,1,357942,247668,18280,89676,2.2941568787283706,0.26582953898690953
1683,0.4069741831869792,1,7,1,357949,247661,18281,89675,2.2940920374967577,0.265832878791472
1684,0.4070718723606055,0,1,0,357950,247660,18281,89675,2.2940827744636705,0.2658336668297093
1685,0.4071078595128456,0,1,0,357951,247659,18281,89675,2.294073511430583,0.2658344548726188
1686,0.4073293589588944,0,1,0,357952,247658,18281,89675,2.294064248397495,0.2658352429202005
1687,0.4073718050155686,19,127,19,358079,247531,18300,89656,2.292887843195376,0.265893999472103
1688,0.4074249203981288,0,4,0,358083,247527,18300,89656,2.292850791063026,0.26589715377109757
1689,0.4075187606750795,1,0,1,358083,247527,18301,89655,2.292850791063026,0.26589497660017436
1690,0.4075449219816006,0,1,0,358084,247526,18301,89655,2.292841528029938,0.2658957651824984
1691,0.407668732254023,0,2,0,358086,247524,18301,89655,2.292823001963763,0.26589734236117907
1692,0.4076687322540231,1,11,1,358097,247513,18302,89654,2.2927211085998,0.2659038399368859
1693,0.4078902317000719,1,24,1,358121,247489,18303,89653,2.292498795805699,0.26592059132353724
1694,0.4079262188523121,2,8,2,358129,247481,18305,89651,2.2924246915409983,0.2659225466582822
1695,0.408079633416257,1,3,1,358132,247478,18306,89650,2.2923969024417357,0.265922735578178
1696,0.4081194694651727,0,1,0,358133,247477,18306,89650,2.292387639408648,0.2659235243691547
1697,0.4081194694651728,0,1,0,358134,247476,18306,89650,2.2923783763755603,0.2659243131648108
1698,0.4081428448031454,1,1,1,358135,247475,18307,89649,2.292369113342473,0.26592292450255695
1699,0.4082333858410727,0,1,0,358136,247474,18307,89649,2.2923598503093854,0.26592371330345305
1700,0.4082387585185586,0,1,0,358137,247473,18307,89649,2.2923505872762977,0.2659245021090288
1701,0.4083632813210671,0,4,0,358141,247469,18307,89649,2.2923135351439474,0.26592765737812873
1702,0.4084870915934895,37,375,37,358516,247094,18344,89612,2.2888398977361146,0.2661431634719904
1703,0.4086207679193561,0,5,0,358521,247089,18344,89612,2.288793582570677,0.26614711569018207
1704,0.408755003881152,0,1,0,358522,247088,18344,89612,2.2887843195375894,0.2661479061479061
1705,0.4088207149380186,0,7,0,358529,247081,18344,89612,2.2887194783059766,0.26615343948344633
1706,0.4089378288046392,2,22,2,358551,247059,18346,89610,2.2885156915780502,0.2661664721135596
1707,0.409012490479441,0,1,0,358552,247058,18346,89610,2.2885064285449626,0.26616726270391006
1708,0.4091816406605335,11,118,11,358670,246940,18357,89599,2.2874133906406313,0.2662366025928644
1709,0.4091816406605336,3,25,3,358695,246915,18360,89596,2.2871818148134424,0.26624984027268056
1710,0.409334418837212,0,5,0,358700,246910,18360,89596,2.287135499648005,0.2662537963661866
1711,0.4094391272588226,5,60,5,358760,246850,18365,89591,2.2865797176627516,0.26629037483540946
1712,0.4095733632206184,1,22,1,358782,246828,18366,89590,2.2863759309348253,0.2663056079044522
1713,0.4096557532096558,1,5,1,358787,246823,18367,89589,2.2863296157693873,0.2663073849922119
1714,0.4097114722622524,0,2,0,358789,246821,18367,89589,2.2863110897032124,0.26630896822329897
1715,0.409751666925069,0,1,0,358790,246820,18367,89589,2.2863018266701247,0.2663097598459019
1716,0.4097820319509873,1,0,1,358790,246820,18368,89588,2.2863018266701247,0.26630757889229745
1717,0.41,1224,10239,1224,369029,236581,19592,88364,2.1914576308866573,0.27193525058086754
1718,0.4100373222175328,0,1,0,369030,236580,19592,88364,2.19144836785357,0.2719360874489143
1719,0.4112419721644971,0,2,0,369032,236578,19592,88364,2.1914298417873947,0.27193776120046037
1720,0.4118675659782862,0,2,0,369034,236576,19592,88364,2.19141131572122,0.2719394349726103
1721,0.4130311852459122,0,1,0,369035,236575,19592,88364,2.191402052688132,0.27194027186641184
1722,0.4131201706858488,0,1,0,369036,236574,19592,88364,2.1913927896550445,0.2719411087653645
1723,0.4132307016246268,0,1,0,369037,236573,19592,88364,2.1913835266219572,0.2719419456694682
1724,0.4133190374408454,0,1,0,369038,236572,19592,88364,2.1913742635888696,0.2719427825787232
1725,0.4134897758099353,0,1,0,369039,236571,19592,88364,2.191365000555782,0.2719436194931294
1726,0.4135276288630814,0,1,0,369040,236570,19592,88364,2.1913557375226946,0.2719444564126869
1727,0.4136385973703521,0,1,0,369041,236569,19592,88364,2.191346474489607,0.2719452933373957
1728,0.4138873976385247,1,0,1,369041,236569,19593,88363,2.191346474489607,0.27194305270025726
1729,0.4138873976385248,0,1,0,369042,236568,19593,88363,2.1913372114565193,0.27194388962579746
1730,0.4143169732517557,0,1,0,369043,236567,19593,88363,2.1913279484234316,0.2719447265564891
1731,0.4143459882025479,0,1,0,369044,236566,19593,88363,2.1913186853903444,0.2719455634923322
1732,0.4147436100311373,0,3,0,369047,236563,19593,88363,2.1912908962910818,0.2719480743307707
1733,0.4148319458473558,0,2,0,369049,236561,19593,88363,2.1912723702249064,0.2719497482488213
1734,0.415019216834054,0,1,0,369050,236560,19593,88363,2.1912631071918187,0.27195058521557414
1735,0.4150405372695918,0,2,0,369052,236558,19593,88363,2.191244581125644,0.27195225916453536
1736,0.4152873693676389,0,1,0,369053,236557,19593,88363,2.191235318092556,0.2719530961467438
1737,0.415287369367639,0,1,0,369054,236556,19593,88363,2.191226055059469,0.2719539331341042
1738,0.4154043959909766,0,1,0,369055,236555,19593,88363,2.191216792026381,0.27195477012661656
1739,0.4154612747804688,0,2,0,369057,236553,19593,88363,2.191198265960206,0.27195644412709746
1740,0.4156972332834896,0,1,0,369058,236552,19593,88363,2.1911890029271186,0.2719572811350661
1741,0.4158375761735204,2,9,2,369067,236543,19595,88361,2.1911056356293304,0.27196033289833305
1742,0.4158588966090582,0,5,0,369072,236538,19595,88361,2.191059320463893,0.2719645182041188
1743,0.4158588966090583,1,7,1,369079,236531,19596,88360,2.19099447923228,0.2719681370059497
1744,0.4159547198817786,0,1,0,369080,236530,19596,88360,2.1909852161991923,0.2719689741143156
1745,0.4159925729349247,0,1,0,369081,236529,19596,88360,2.1909759531661046,0.27196981122783476
1746,0.4160559280677908,1,0,1,369081,236529,19597,88359,2.1909759531661046,0.27196757036270963
1747,0.4160889558435745,0,1,0,369082,236528,19597,88359,2.1909666901330174,0.27196840747706125
1748,0.4163096338202078,1,0,1,369082,236528,19598,88358,2.1909666901330174,0.2719661665938206
1749,0.4163096338202079,0,2,0,369084,236526,19598,88358,2.190948164066842,0.27196784082934217
1750,0.4163773232935615,0,4,0,369088,236522,19598,88358,2.1909111119344917,0.27197118936222603
1751,0.416515592622956,4,20,4,369108,236502,19602,88354,2.1907258512727408,0.27197896914325115
1752,0.4165155926229561,3,13,3,369121,236489,19605,88351,2.1906054318426027,0.2719831301563847
1753,0.4165534456761021,0,2,0,369123,236487,19605,88351,2.1905869057764273,0.27198480473343634
1754,0.4165534456761022,0,4,0,369127,236483,19605,88351,2.190549853644077,0.27198815394940185
1755,0.4165907678936352,0,1,0,369128,236482,19605,88351,2.19054059061099,0.27198899126628145
1756,0.4168109322743912,0,1,0,369129,236481,19605,88351,2.190531327577902,0.27198982858831644
1757,0.4168280605047111,0,1,0,369130,236480,19605,88351,2.1905220645448145,0.27199066591550686
1758,0.4169173043974871,0,4,0,369134,236476,19605,88351,2.190485012412464,0.27199401527582373
1759,0.416945168236187,0,2,0,369136,236474,19605,88351,2.1904664863462893,0.27199568998691603
1760,0.4169741831869791,0,4,0,369140,236470,19605,88351,2.190429434213939,0.27199903947097015
1761,0.4169741831869792,3,11,3,369151,236459,19608,88348,2.190327540849976,0.27200152706068526
1762,0.4170718723606054,0,1,0,369152,236458,19608,88348,2.190318277816888,0.27200236448834075
1763,0.4170718723606055,0,1,0,369153,236457,19608,88348,2.190309014783801,0.2720032019211527
1764,0.4173718050155686,6,138,6,369291,236319,19614,88342,2.1890307162177183,0.27210536528871654
1765,0.4174249203981288,1,1,1,369292,236318,19615,88341,2.1890214531846306,0.2721039613871786
1766,0.4174249203981289,0,2,0,369294,236316,19615,88341,2.1890029271184557,0.27210563764218854
1767,0.4174635949206903,0,1,0,369295,236315,19615,88341,2.188993664085368,0.2721064757774383
1768,0.417668732254023,0,1,0,369296,236314,19615,88341,2.1889844010522808,0.27210731391785126
1769,0.4176687322540231,3,4,3,369300,236310,19618,88338,2.1889473489199305,0.2721039402676129
1770,0.4177095064520646,0,1,0,369301,236309,19618,88338,2.188938085886843,0.27210477842086944
1771,0.4178902317000719,7,17,7,369318,236292,19625,88331,2.1887806143243544,0.272103332173013
1772,0.4179262188523121,0,6,0,369324,236286,19625,88331,2.1887250361258292,0.27210836154606816
1773,0.4180023555985521,0,1,0,369325,236285,19625,88331,2.1887157730927416,0.2721091997929862
1774,0.418079633416257,0,3,0,369328,236282,19625,88331,2.188687983993479,0.2721117145647278
1775,0.4181194694651728,0,1,0,369329,236281,19625,88331,2.1886787209603913,0.2721125528323044
1776,0.4181777855797341,0,1,0,369330,236280,19625,88331,2.1886694579273036,0.27211339110504573
1777,0.4182154237065388,0,1,0,369331,236279,19625,88331,2.1886601948942164,0.2721142293829518
1778,0.4183632813210671,0,2,0,369333,236277,19625,88331,2.188641668828041,0.27211590595425866
1779,0.4183769560634618,0,1,0,369334,236276,19625,88331,2.1886324057949533,0.27211674424765947
1780,0.4184870915934895,30,326,30,369660,235950,19655,88301,2.1856126570084107,0.27232298435471286
1781,0.4186207679193561,0,2,0,369662,235948,19655,88301,2.1855941309422358,0.2723246640698969
1782,0.4187519083064874,0,2,0,369664,235946,19655,88301,2.1855756048760604,0.27232634380580234
1783,0.4188207149380186,0,3,0,369667,235943,19655,88301,2.185547815776798,0.2723288634485141
1784,0.4188373938701893,0,1,0,369668,235942,19655,88301,2.1855385527437106,0.27232970333977913
1785,0.4189378288046392,2,27,2,369695,235915,19657,88299,2.1852884508503463,0.27234789367516515
1786,0.4190337830460053,0,1,0,369696,235914,19657,88299,2.185279187817259,0.2723487337028435
1787,0.4191816406605335,19,110,19,369806,235804,19676,88280,2.184260254177628,0.2723985139655151
1788,0.4191816406605336,5,39,5,369845,235765,19681,88275,2.1838989958872133,0.27242007159609927
1789,0.4192902515768754,0,1,0,369846,235764,19681,88275,2.1838897328541256,0.2724209122975938
1790,0.419334418837212,1,2,1,369848,235762,19682,88274,2.1838712067879507,0.2724203483563555
1791,0.4194391272588225,3,61,3,369909,235701,19685,88271,2.1833061617696097,0.2724649043744521
1792,0.4195086710244908,0,1,0,369910,235700,19685,88271,2.1832968987365224,0.27246574539079116
1793,0.4195733632206184,2,14,2,369924,235686,19687,88269,2.1831672162732967,0.2724730286613882
1794,0.4196557532096558,1,5,1,369929,235681,19688,88268,2.1831209011078587,0.2724749883469312
1795,0.4197114722622524,0,1,0,369930,235680,19688,88268,2.183111638074771,0.2724758294541099
1796,0.4197249738120452,0,1,0,369931,235679,19688,88268,2.183102375041684,0.27247667056648156
1797,0.42,1242,10092,1242,380023,225587,20930,87026,2.089619845122087,0.27838253687466613
1798,0.421156920476939,1,0,1,380023,225587,20931,87025,2.089619845122087,0.27838022852609623
1799,0.4220859614942668,0,1,0,380024,225586,20931,87025,2.089610582088999,0.2783811190265218
1800,0.4223744892320143,0,1,0,380025,225585,20931,87025,2.0896013190559115,0.2783820095326445
1801,0.4228330797960374,0,1,0,380026,225584,20931,87025,2.0895920560228243,0.2783829000444645
1802,0.4231882555679527,0,1,0,380027,225583,20931,87025,2.0895827929897366,0.27838379056198176
1803,0.4234897758099353,1,0,1,380027,225583,20932,87024,2.0895827929897366,0.2783814821805014
1804,0.4238873976385248,0,4,0,380031,225579,20932,87024,2.0895457408573863,0.2783850442894022
1805,0.4241218764845929,0,1,0,380032,225578,20932,87024,2.0895364778242986,0.2783859348308712
1806,0.4242354572637697,0,1,0,380033,225577,20932,87024,2.0895272147912114,0.2783868253780378
1807,0.42432466776701,1,2,1,380035,225575,20933,87023,2.089508688725036,0.2783862980569293
1808,0.4244690100281725,0,1,0,380036,225574,20933,87023,2.0894994256919484,0.2783871886166534
1809,0.4247436100311372,1,1,1,380037,225573,20934,87022,2.089490162658861,0.27838577072569937
1810,0.4247436100311373,0,1,0,380038,225572,20934,87022,2.0894808996257734,0.2783866612922833
1811,0.4248319458473558,0,1,0,380039,225571,20934,87022,2.0894716365926858,0.2783875518645651
1812,0.4250026842164457,1,5,1,380044,225566,20935,87021,2.0894253214272482,0.2783896963085477
1813,0.4250405372695918,0,1,0,380045,225565,20935,87021,2.0894160583941606,0.27839058691048224
1814,0.4252620367156405,0,1,0,380046,225564,20935,87021,2.089406795361073,0.27839147751811505
1815,0.4252620367156406,0,2,0,380048,225562,20935,87021,2.089388269294898,0.2783932587504759
1816,0.4252873693676389,0,1,0,380049,225561,20935,87021,2.0893790062618103,0.27839414937520396
1817,0.425287369367639,0,4,0,380053,225557,20935,87021,2.08934195412946,0.278397711931102
1818,0.4256972332834896,0,2,0,380055,225555,20935,87021,2.089323428063285,0.27839949324324326
1819,0.4256972332834897,0,1,0,380056,225554,20935,87021,2.0893141650301974,0.2784003839078621
1820,0.4257350863366357,0,1,0,380057,225553,20935,87021,2.0893049019971097,0.27840127457817987
1821,0.425816450552384,0,1,0,380058,225552,20935,87021,2.0892956389640225,0.27840216525419664
1822,0.4258375761735204,1,19,1,380077,225533,20936,87020,2.0891196413353588,0.2784167805140248
1823,0.4258588966090582,0,7,0,380084,225526,20936,87020,2.089054800103746,0.27842301613202536
1824,0.4258588966090583,0,5,0,380089,225521,20936,87020,2.0890084849383084,0.27842747031589454
1825,0.4260889558435745,1,0,1,380089,225521,20937,87019,2.0890084849383084,0.27842516157931785
1826,0.4261558238475127,0,1,0,380090,225520,20937,87019,2.0889992219052207,0.2784260524286569
1827,0.4263096338202078,0,2,0,380092,225518,20937,87019,2.0889806958390453,0.2784278341444373
1828,0.4263096338202079,0,2,0,380094,225516,20937,87019,2.0889621697728704,0.2784296158830211
1829,0.4263773232935615,0,2,0,380096,225514,20937,87019,2.0889436437066955,0.2784313976444088
1830,0.4265155926229561,3,44,3,380140,225470,20940,87016,2.088536070250843,0.27846367517264775
1831,0.4265534456761021,0,4,0,380144,225466,20940,87016,2.0884990181184926,0.27846723971300746
1832,0.4265534456761022,1,3,1,380147,225463,20941,87015,2.08847122901923,0.27846760411933
1833,0.4265667250097466,0,1,0,380148,225462,20941,87015,2.0884619659861423,0.2784684952812527
1834,0.4268109322743912,0,4,0,380152,225458,20941,87015,2.0884249138537925,0.2784720599859828
1835,0.4268280605047111,0,1,0,380153,225457,20941,87015,2.088415650820705,0.2784729511764254
1836,0.4269173043974871,0,2,0,380155,225455,20941,87015,2.0883971247545294,0.27847473357442315
1837,0.4269741831869791,1,5,1,380160,225450,20942,87014,2.088350809589092,0.2784768805366378
1838,0.4269741831869792,0,15,0,380175,225435,20942,87014,2.0882118640927785,0.27849024960873614
1839,0.4270275582252245,0,1,0,380176,225434,20942,87014,2.088202601059691,0.2784911409258501
1840,0.4270806736077847,0,1,0,380177,225433,20942,87014,2.0881933380266036,0.27849203224866936
1841,0.4271078595128457,0,1,0,380178,225432,20942,87014,2.088184074993516,0.27849292357719413
1842,0.4272612740767906,0,1,0,380179,225431,20942,87014,2.088174811960428,0.2784938149114244
1843,0.4273653461111347,0,1,0,380180,225430,20942,87014,2.088165548927341,0.27849470625136025
1844,0.4273718050155686,10,141,10,380321,225289,20952,87004,2.0868594612619957,0.27859734287992366
1845,0.4274249203981288,0,3,0,380324,225286,20952,87004,2.086831672162733,0.27860001921291105
1846,0.4276687322540231,3,16,3,380340,225270,20955,87001,2.086683463633332,0.27860736347595516
1847,0.4278160833222843,0,1,0,380341,225269,20955,87001,2.0866742006002443,0.27860825567617764
1848,0.4278902317000719,3,23,3,380364,225246,20958,86998,2.086461150839231,0.2786218470170764
1849,0.4279262188523121,0,5,0,380369,225241,20958,86998,2.086414835673793,0.2786263086930204
1850,0.428060454814108,0,3,0,380372,225238,20958,86998,2.0863870465745302,0.2786289857671761
1851,0.428079633416257,1,1,1,380373,225237,20959,86997,2.086377783541443,0.2786275677856992
1852,0.4281194694651727,0,1,0,380374,225236,20959,86997,2.0863685205083553,0.2786284601563576
1853,0.4281194694651728,0,1,0,380375,225235,20959,86997,2.0863592574752676,0.2786293525327321
1854,0.4283632813210671,0,2,0,380377,225233,20959,86997,2.0863407314090927,0.27863113730262945
1855,0.4284870915934896,48,300,48,380677,224933,21007,86949,2.083561821482826,0.2787881314086738
1856,0.428620767919356,1,2,1,380679,224931,21008,86948,2.0835432954166513,0.278787606732098
1857,0.4286207679193561,0,1,0,380680,224930,21008,86948,2.0835340323835636,0.2787885006316573
1858,0.4287293788356979,0,1,0,380681,224929,21008,86948,2.083524769350476,0.27878939453694884
1859,0.4287735460960346,0,1,0,380682,224928,21008,86948,2.0835155063173887,0.27879028844797293
1860,0.4288207149380186,1,4,1,380686,224924,21009,86947,2.0834784541850384,0.2787915516351312
1861,0.4289378288046392,2,25,2,380711,224899,21011,86945,2.0832468783578495,0.27880927643308834
1862,0.4290124904794409,1,0,1,380711,224899,21012,86944,2.0832468783578495,0.2788069637606103
1863,0.4290337830460053,0,1,0,380712,224898,21012,86944,2.083237615324762,0.27880785782543727
1864,0.4291467264412368,0,1,0,380713,224897,21012,86944,2.0832283522916746,0.2788087518959983
1865,0.4291816406605335,11,154,11,380867,224743,21023,86933,2.081801845196191,0.27892105904849906
1866,0.4292902515768754,1,1,1,380868,224742,21024,86932,2.0817925821631036,0.27891964039348804
1867,0.429334418837212,0,1,0,380869,224741,21024,86932,2.081783319130016,0.2789205353046302
1868,0.4294391272588225,5,37,5,380906,224704,21029,86927,2.0814405869057766,0.27894208214202054
1869,0.4295733632206184,2,19,2,380925,224685,21031,86925,2.081264589277113,0.27895446230865506
1870,0.4296557532096558,0,4,0,380929,224681,21031,86925,2.0812275371447626,0.27895804316990047
1871,0.4297114722622524,0,2,0,380931,224679,21031,86925,2.0812090110785877,0.27895983363499827
1872,0.4297114722622525,0,2,0,380933,224677,21031,86925,2.0811904850124123,0.27896162412308007
1873,0.43,1249,9494,1249,390427,215183,22280,85676,1.993247248879173,0.2847712715923406
1874,0.4302048848116061,0,1,0,390428,215182,22280,85676,1.9932379858460854,0.2847722181228354
1875,0.4318530571310024,0,1,0,390429,215181,22280,85676,1.993228722812998,0.2847731646596223
1876,0.4326714164704688,0,1,0,390430,215180,22280,85676,1.9932194597799104,0.28477411120270163
1877,0.4328117593604996,0,1,0,390431,215179,22280,85676,1.9932101967468228,0.28477505775207324
1878,0.4331300070344919,0,1,0,390432,215178,22280,85676,1.9932009337137353,0.2847760043077373
1879,0.4331833820727372,0,1,0,390433,215177,22280,85676,1.9931916706806476,0.28477695086969385
1880,0.4332093811890891,0,1,0,390434,215176,22280,85676,1.9931824076475602,0.2847778974379429
1881,0.4332307016246269,0,3,0,390437,215173,22280,85676,1.9931546185482976,0.284780737180446
1882,0.433230701624627,0,1,0,390438,215172,22280,85676,1.9931453555152099,0.28478168377386587
1883,0.4332376886517192,0,1,0,390439,215171,22280,85676,1.9931360924821224,0.2847826303735786
1884,0.4334897758099352,0,1,0,390440,215170,22280,85676,1.9931268294490347,0.28478357697958423
1885,0.4334897758099353,0,1,0,390441,215169,22280,85676,1.9931175664159473,0.2847845235918829
1886,0.43432466776701,0,1,0,390442,215168,22280,85676,1.9931083033828596,0.2847854702104745
1887,0.4343459882025478,0,1,0,390443,215167,22280,85676,1.9930990403497721,0.2847864168353593
1888,0.4344690100281725,0,2,0,390445,215165,22280,85676,1.993080514283597,0.2847883101040084
1889,0.4347436100311372,0,4,0,390449,215161,22280,85676,1.9930434621512467,0.2847920967168267
1890,0.4347436100311374,0,1,0,390450,215160,22280,85676,1.9930341991181593,0.284793043385765
1891,0.4348319458473558,0,1,0,390451,215159,22280,85676,1.9930249360850716,0.28479399006099687
1892,0.4350026842164457,0,4,0,390455,215155,22280,85676,1.9929878839527215,0.2847977768248618
1893,0.4350267846482137,0,2,0,390457,215153,22280,85676,1.9929693578865464,0.28479967024455755
1894,0.4350405372695918,0,2,0,390459,215151,22280,85676,1.9929508318203712,0.2848015636894295
1895,0.4350837587556292,1,1,1,390460,215150,22281,85675,1.9929415687872838,0.28480013296767226
1896,0.4352620367156405,0,2,0,390462,215148,22281,85675,1.9929230427211087,0.28480202644079744
1897,0.435287369367639,0,1,0,390463,215147,22281,85675,1.992913779688021,0.2848029731868015
1898,0.4352980238678808,0,1,0,390464,215146,22281,85675,1.9929045166549335,0.2848039199391
1899,0.4354043959909767,1,0,1,390464,215146,22282,85674,1.9929045166549335,0.28480154245063494
1900,0.4354612747804688,0,1,0,390465,215145,22282,85674,1.9928952536218458,0.28480248920447176
1901,0.4355146498187141,1,0,1,390465,215145,22283,85673,1.9928952536218458,0.2848001116954438
1902,0.4358375761735204,0,4,0,390469,215141,22283,85673,1.9928582014894958,0.28480389875471224
1903,0.4358588966090582,0,4,0,390473,215137,22283,85673,1.9928211493571455,0.28480768591469696
1904,0.4358588966090583,0,6,0,390479,215131,22283,85673,1.99276557115862,0.28481336684352604
1905,0.4359547198817786,0,1,0,390480,215130,22283,85673,1.9927563081255326,0.28481431368703103
1906,0.4361558238475127,0,1,0,390481,215129,22283,85673,1.9927470450924452,0.28481526053683154
1907,0.4363096338202079,0,4,0,390485,215125,22283,85673,1.9927099929600949,0.2848190479989893
1908,0.4363773232935615,0,5,0,390490,215120,22283,85673,1.9926636777946571,0.284823782468342
1909,0.4364133104458018,0,1,0,390491,215119,22283,85673,1.9926544147615695,0.28482472938110054
1910,0.4365155926229561,4,49,4,390540,215070,22287,85669,1.9922005261402793,0.2848616241990563
1911,0.4365475464075976,0,1,0,390541,215069,22287,85669,1.9921912631071919,0.28486257140767046
1912,0.4365534456761021,0,1,0,390542,215068,22287,85669,1.9921820000741042,0.28486351862258386
1913,0.4365534456761022,1,4,1,390546,215064,22288,85668,1.9921449479417541,0.28486492957184467
1914,0.4365667250097466,0,1,0,390547,215063,22288,85668,1.9921356849086664,0.2848658768134978
1915,0.4366065610586623,0,1,0,390548,215062,22288,85668,1.992126421875579,0.2848668240614505
1916,0.4368109322743912,0,3,0,390551,215059,22288,85668,1.9920986327763164,0.28486966584310686
1917,0.4368503729145567,0,1,0,390552,215058,22288,85668,1.9920893697432287,0.28487061311625866
1918,0.4369173043974871,0,1,0,390553,215057,22288,85668,1.9920801067101412,0.2848715603957104
1919,0.4369451682361871,0,1,0,390554,215056,22288,85668,1.9920708436770536,0.28487250768146205
1920,0.4369741831869791,0,10,0,390564,215046,22288,85668,1.991978213346178,0.28488198088549255
1921,0.4369741831869792,1,6,1,390570,215040,22289,85667,1.9919226351476527,0.2848852870069536
1922,0.4370718723606054,0,1,0,390571,215039,22289,85667,1.9919133721145652,0.28488623439505695
1923,0.4373078065315081,0,1,0,390572,215038,22289,85667,1.9919041090814777,0.28488718178946143
1924,0.4373293589588944,0,1,0,390573,215037,22289,85667,1.99189484604839,0.2848881291901671
1925,0.4373718050155686,12,135,12,390708,214902,22301,85655,1.9906443365815703,0.28498753980110264
1926,0.4374249203981288,1,1,1,390709,214901,22302,85654,1.9906350735484828,0.2849861090316248
1927,0.4374635949206903,0,1,0,390710,214900,22302,85654,1.990625810515395,0.28498705723430734
1928,0.4374995820729305,0,1,0,390711,214899,22302,85654,1.9906165474823077,0.2849880054432995
1929,0.4376687322540231,1,16,1,390727,214883,22303,85653,1.9904683389529068,0.28500079857321586
1930,0.4377095064520646,0,1,0,390728,214882,22303,85653,1.990459075919819,0.28500174688472224
1931,0.4378902317000719,4,21,4,390749,214861,22307,85649,1.9902645522249804,0.28501214601843533
1932,0.4379262188523121,3,6,3,390755,214855,22310,85646,1.9902089740264552,0.2850106987996712
1933,0.438060454814108,0,2,0,390757,214853,22310,85646,1.99019044796028,0.28501259571579274
1934,0.438079633416257,0,1,0,390758,214852,22310,85646,1.9901811849271926,0.28501354418332236
1935,0.4381194694651728,0,1,0,390759,214851,22310,85646,1.990171921894105,0.2850144926571646
1936,0.4381428448031454,0,1,0,390760,214850,22310,85646,1.9901626588610175,0.28501544113731964
1937,0.438363281321067,0,3,0,390763,214847,22310,85646,1.9901348697617547,0.2850182866156616
1938,0.4384870915934896,37,336,37,391099,214511,22347,85609,1.9870224906443366,0.28524923363987736
1939,0.4385111920252577,0,1,0,391100,214510,22347,85609,1.987013227611249,0.28525018409364283
1940,0.438620767919356,1,2,1,391102,214508,22348,85608,1.986994701545074,0.2852497034480001
1941,0.4388207149380186,1,2,1,391104,214506,22349,85607,1.9869761754788988,0.28524922279274806
1942,0.4388476357982962,0,1,0,391105,214505,22349,85607,1.9869669124458114,0.2852501732686464
1943,0.4389378288046392,9,22,9,391127,214483,22358,85598,1.986763125717885,0.2852496492613661
1944,0.4390124904794409,0,1,0,391128,214482,22358,85598,1.9867538626847976,0.28525059984004264
1945,0.4390337830460053,2,2,2,391130,214480,22360,85596,1.9867353366186224,0.2852477372398992
1946,0.4391816406605335,16,119,16,391249,214361,22376,85580,1.9856330356812035,0.2853227801467622
1947,0.439334418837212,0,1,0,391250,214360,22376,85580,1.9856237726481158,0.28532373141294926
1948,0.4394391272588225,6,46,6,391296,214314,22382,85574,1.9851976731260883,0.2853531985274502
1949,0.4395733632206184,2,9,2,391305,214305,22384,85572,1.9851143058283005,0.2853569963685111
1950,0.4395860380182971,0,1,0,391306,214304,22384,85572,1.9851050427952128,0.28535794795182007
1951,0.4396557532096558,2,4,2,391310,214300,22386,85570,1.9850679906628625,0.2853569880281455
1952,0.4397114722622524,0,1,0,391311,214299,22386,85570,1.985058727629775,0.28535793963364003
1953,0.4397114722622525,0,2,0,391313,214297,22386,85570,1.9850402015636,0.28535984286366955
1954,0.439751666925069,0,1,0,391314,214296,22386,85570,1.9850309385305125,0.2853607944882047
1955,0.44,1339,9377,1339,400691,204919,23725,84231,1.8981714772685168,0.2913055507522047
1956,0.4402048848116061,0,1,0,400692,204918,23725,84231,1.8981622142354293,0.2913065582104728
1957,0.4417177932181165,0,1,0,400693,204917,23725,84231,1.8981529512023416,0.2913075656757093
1958,0.442014720456571,0,1,0,400694,204916,23725,84231,1.8981436881692542,0.29130857314791436
1959,0.4423744892320143,0,1,0,400695,204915,23725,84231,1.8981344251361665,0.29130958062708806
1960,0.4423910218496226,0,1,0,400696,204914,23725,84231,1.898125162103079,0.2913105881132304
1961,0.4432307016246268,0,1,0,400697,204913,23725,84231,1.8981158990699916,0.29131159560634146
1962,0.4432307016246269,0,2,0,400699,204911,23725,84231,1.8980973730038164,0.2913136106134702
1963,0.4433515064805406,0,1,0,400700,204910,23725,84231,1.8980881099707287,0.291314618127488
1964,0.4433659655375128,1,0,1,400700,204910,23726,84230,1.8980881099707287,0.29131216711627583
1965,0.4437744609611285,0,2,0,400702,204908,23726,84230,1.8980695839045536,0.29131418215523386
1966,0.4438873976385247,0,2,0,400704,204906,23726,84230,1.8980510578383787,0.29131619722206853
1967,0.4439483663739584,0,1,0,400705,204905,23726,84230,1.898041794805291,0.2913172047659398
1968,0.4443459882025478,2,1,2,400706,204904,23728,84228,1.8980325317722035,0.291313310183584
1969,0.4444436773761741,0,2,0,400708,204902,23728,84228,1.8980140057060284,0.29131532528620346
1970,0.4445760474370642,0,1,0,400709,204901,23728,84228,1.8980047426729407,0.29131633284796754
1971,0.4447436100311372,0,2,0,400711,204899,23728,84228,1.8979862166067658,0.29131834799240475
1972,0.4448319458473558,1,1,1,400712,204898,23729,84227,1.8979769535736781,0.2913169044530912
1973,0.4450026842164457,0,2,0,400714,204896,23729,84227,1.897958427507503,0.2913189196293619
1974,0.445019216834054,0,1,0,400715,204895,23729,84227,1.8979491644744155,0.2913199272279522
1975,0.4450405372695918,0,2,0,400717,204893,23729,84227,1.8979306384082404,0.29132194244604315
1976,0.4451363605423122,0,1,0,400718,204892,23729,84227,1.897921375375153,0.29132295006554393
1977,0.4452620367156406,1,0,1,400718,204892,23730,84226,1.897921375375153,0.2913204988966443
1978,0.4452873693676389,0,3,0,400721,204889,23730,84226,1.89789358627589,0.2913235217819899
1979,0.4452980238678807,0,3,0,400724,204886,23730,84226,1.8978657971766275,0.29132654473007
1980,0.4454043959909767,0,2,0,400726,204884,23730,84226,1.8978472711104524,0.2913285600636436
1981,0.4454109393941388,1,0,1,400726,204884,23731,84225,1.8978472711104524,0.29132610883784316
1982,0.4454612747804687,0,1,0,400727,204883,23731,84225,1.897838008077365,0.29132711651009313
1983,0.4455146498187141,1,0,1,400727,204883,23732,84224,1.897838008077365,0.2913246652623423
1984,0.4456972332834896,1,3,1,400730,204880,23733,84223,1.897810218978102,0.2913252370262502
1985,0.4456972332834897,0,1,0,400731,204879,23733,84223,1.8978009559450146,0.2913262447163977
1986,0.4458375761735204,1,14,1,400745,204865,23734,84222,1.8976712734817889,0.2913379017389229
1987,0.4458588966090582,1,8,1,400753,204857,23735,84221,1.8975971692170885,0.2913435128235286
1988,0.4459653870298637,0,1,0,400754,204856,23735,84221,1.8975879061840009,0.29134452066404454
1989,0.4461268088967206,0,1,0,400755,204855,23735,84221,1.8975786431509134,0.2913455285115333
1990,0.4463096338202079,0,1,0,400756,204854,23735,84221,1.8975693801178257,0.291346536365995
1991,0.4464133104458017,0,2,0,400758,204852,23735,84221,1.8975508540516506,0.2913485520958374
1992,0.446515592622956,2,21,2,400779,204831,23737,84219,1.897356330356812,0.29136481577581735
1993,0.4465155926229561,2,14,2,400793,204817,23739,84217,1.8972266478935862,0.2913740252011874
1994,0.4465534456761021,0,1,0,400794,204816,23739,84217,1.8972173848604987,0.29137503330069575
1995,0.4465534456761022,0,4,0,400798,204812,23739,84217,1.8971803327281485,0.2913790657684869
1996,0.4465667250097466,0,1,0,400799,204811,23739,84217,1.897171069695061,0.29138007390287446
1997,0.4468503729145566,0,1,0,400800,204810,23739,84217,1.8971618066619733,0.29138108204423807
1998,0.4469173043974871,0,3,0,400803,204807,23739,84217,1.8971340175627107,0.291384106510186
1999,0.4469451682361871,0,1,0,400804,204806,23739,84217,1.8971247545296233,0.29138511467945455
2000,0.4469741831869791,0,4,0,400808,204802,23739,84217,1.897087702397273,0.2913891474262938
2001,0.4469741831869792,1,10,1,400818,204792,23740,84216,1.8969950720663975,0.29139677794386315
2002,0.4470718723606054,0,1,0,400819,204791,23740,84216,1.8969858090333098,0.29139778621279067
2003,0.4471078595128457,0,2,0,400821,204789,23740,84216,1.8969672829671347,0.29139980277157834
2004,0.4473718050155686,16,131,16,400952,204658,23756,84200,1.8957538256326651,0.2914927057585388
2005,0.4474249203981288,0,1,0,400953,204657,23756,84200,1.8957445625995777,0.29149371488314285
2006,0.4476017039623244,0,1,0,400954,204656,23756,84200,1.89573529956649,0.291494724014734
2007,0.4476687322540231,2,12,2,400966,204644,23758,84198,1.8956241431694394,0.2915019283899156
2008,0.4478902317000719,7,23,7,400989,204621,23765,84191,1.8954110934084256,0.29150797058293976
2009,0.4479262188523121,2,5,2,400994,204616,23767,84189,1.8953647782429879,0.2915081110091584
2010,0.448060454814108,0,2,0,400996,204614,23767,84189,1.8953462521768127,0.2915101297424196
2011,0.448079633416257,0,4,0,401000,204610,23767,84189,1.8953092000444625,0.29151416729282303
2012,0.4481194694651728,0,1,0,401001,204609,23767,84189,1.895299937011375,0.29151517669789956
2013,0.4482387585185586,0,2,0,401003,204607,23767,84189,1.8952814109451999,0.29151719552902394
2014,0.448363281321067,0,2,0,401005,204605,23767,84189,1.8952628848790247,0.29151921438811057
2015,0.4483769560634618,0,1,0,401006,204604,23767,84189,1.8952536218459373,0.29152022382813986
2016,0.4484107570908078,0,1,0,401007,204603,23767,84189,1.8952443588128496,0.29152123327516
2017,0.4484870915934895,38,277,38,401284,204326,23805,84151,1.892678498647597,0.2917078311269183
2018,0.4485089926439892,0,1,0,401285,204325,23805,84151,1.8926692356145096,0.29170884233003785
2019,0.448620767919356,0,1,0,401286,204324,23805,84151,1.8926599725814222,0.29170985354016815
2020,0.4486207679193561,0,2,0,401288,204322,23805,84151,1.892641446515247,0.291711875981461
2021,0.4487519083064875,0,1,0,401289,204321,23805,84151,1.8926321834821593,0.29171288721262373
2022,0.4487550038811519,0,4,0,401293,204317,23805,84151,1.8925951313498093,0.2917169322073852
2023,0.4487735460960346,0,1,0,401294,204316,23805,84151,1.8925858683167216,0.2917179434736036
2024,0.4488207149380186,0,3,0,401297,204313,23805,84151,1.892558079217459,0.2917209773143269
2025,0.4489378288046392,4,19,4,401316,204294,23809,84147,1.8923820815887955,0.2917303712024296
2026,0.4491816406605335,12,145,12,401461,204149,23821,84135,1.8910389417911,0.2918476224833844
2027,0.4492627151997172,0,1,0,401462,204148,23821,84135,1.8910296787580125,0.2918486348483955
2028,0.449334418837212,1,3,1,401465,204145,23822,84134,1.89100188965875,0.29184921551691245
2029,0.4494391272588225,4,38,4,401503,204107,23826,84130,1.8906498944014227,0.29187786439631275
2030,0.4495733632206184,3,11,3,401514,204096,23829,84127,1.8905480010374598,0.29188163331864564
2031,0.4496557532096558,1,4,1,401518,204092,23830,84126,1.8905109489051095,0.29188322727935107
2032,0.45,1394,9184,1394,410702,194908,25224,82732,1.8054392530290118,0.2979829995677856
2033,0.450861580825504,0,1,0,410703,194907,25224,82732,1.8054299899959243,0.29798407284279227
2034,0.4519472928167034,0,1,0,410704,194906,25224,82732,1.8054207269628366,0.29798514612553034
2035,0.4519993342081215,0,1,0,410705,194905,25224,82732,1.8054114639297492,0.297986219416
2036,0.4523744892320144,0,1,0,410706,194904,25224,82732,1.8054022008966617,0.2979872927142013
2037,0.4532307016246269,1,0,1,410706,194904,25225,82731,1.8054022008966617,0.2979847641687828
2038,0.4534897758099353,0,1,0,410707,194903,25225,82731,1.805392937863574,0.2979858374694742
2039,0.4538873976385247,0,1,0,410708,194902,25225,82731,1.8053836748304866,0.29798691077789746
2040,0.4538914875844664,0,2,0,410710,194900,25225,82731,1.8053651487643114,0.29798905741793963
2041,0.453940513021085,1,0,1,410710,194900,25226,82730,1.8053651487643114,0.2979865288333393
2042,0.4541218764845929,0,1,0,410711,194899,25226,82730,1.8053558857312237,0.29798760215971676
2043,0.4542891094130558,1,0,1,410711,194899,25227,82729,1.8053558857312237,0.29798507355165904
2044,0.4543459882025478,0,4,0,410715,194895,25227,82729,1.8053188335988737,0.29798936691352335
2045,0.4544487556765508,0,1,0,410716,194894,25227,82729,1.805309570565786,0.2979904402733203
2046,0.4546429154410023,0,1,0,410717,194893,25227,82729,1.8053003075326985,0.2979915136408498
2047,0.4547436100311373,0,1,0,410718,194892,25227,82729,1.8052910444996109,0.2979925870161119
2048,0.4548319458473557,0,1,0,410719,194891,25227,82729,1.8052817814665234,0.2979936603991067
2049,0.4550026842164456,0,1,0,410720,194890,25227,82729,1.805272518433436,0.29799473378983427
2050,0.4550026842164457,0,3,0,410723,194887,25227,82729,1.8052447293341731,0.2979979540084145
2051,0.455019216834054,0,2,0,410725,194885,25227,82729,1.805226203267998,0.29800010085946677
2052,0.4550405372695918,0,2,0,410727,194883,25227,82729,1.805207677201823,0.2980022477414521
2053,0.4552620367156405,0,1,0,410728,194882,25227,82729,1.8051984141687354,0.2980033211940449
2054,0.4552873693676389,0,4,0,410732,194878,25227,82729,1.805161362036385,0.2980076150817523
2055,0.4553084495572542,1,0,1,410732,194878,25228,82728,1.805161362036385,0.298005086345396
2056,0.4554087055457421,0,1,0,410733,194877,25228,82728,1.8051520990032976,0.29800615983141515
2057,0.4554322598296767,0,1,0,410734,194876,25228,82728,1.8051428359702102,0.2980072333251682
2058,0.4554534214275953,0,1,0,410735,194875,25228,82728,1.8051335729371225,0.29800830682665536
2059,0.4554612747804687,0,1,0,410736,194874,25228,82728,1.805124309904035,0.29800938033587654
2060,0.4556972332834896,0,1,0,410737,194873,25228,82728,1.8051150468709474,0.2980104538528319
2061,0.4556972332834897,0,1,0,410738,194872,25228,82728,1.80510578383786,0.2980115273775216
2062,0.4557752536829168,0,1,0,410739,194871,25228,82728,1.8050965208047722,0.29801260090994564
2063,0.4558164505523841,0,1,0,410740,194870,25228,82728,1.8050872577716848,0.2980136744501041
2064,0.4558375761735204,2,17,2,410757,194853,25230,82726,1.8049297862091964,0.29802686802675993
2065,0.4558588966090582,2,16,2,410773,194837,25232,82724,1.8047815776797955,0.2980389896275053
2066,0.4561558238475127,0,1,0,410774,194836,25232,82724,1.8047723146467078,0.29804006340971323
2067,0.4563773232935614,1,2,1,410776,194834,25233,82723,1.8047537885805327,0.29803968193920527
2068,0.456515592622956,3,30,3,410806,194804,25236,82720,1.8044758975879063,0.29806431155503665
2069,0.4565155926229561,1,22,1,410828,194782,25237,82719,1.80427211085998,0.2980854123048205
2070,0.4565534456761021,1,1,1,410829,194781,25238,82718,1.8042628478268925,0.29808395705930474
2071,0.4565534456761022,0,6,0,410835,194775,25238,82718,1.804207269628367,0.2980904022804179
2072,0.4567025153000284,0,1,0,410836,194774,25238,82718,1.8041980065952796,0.29809147651103457
2073,0.4568109322743912,1,3,1,410839,194771,25239,82717,1.8041702174960168,0.2980921697514847
2074,0.4568503729145566,0,1,0,410840,194770,25239,82717,1.8041609544629293,0.2980932440078274
2075,0.4569173043974871,2,0,2,410840,194770,25241,82715,1.8041609544629293,0.29808818494693406
2076,0.4569741831869791,1,11,1,410851,194759,25242,82714,1.8040590610989662,0.29809747254687846
2077,0.4569741831869792,0,11,0,410862,194748,25242,82714,1.8039571677350033,0.29810929064160135
2078,0.4570718723606054,0,1,0,410863,194747,25242,82714,1.8039479047019156,0.2981103650603148
2079,0.4572612740767905,0,1,0,410864,194746,25242,82714,1.8039386416688281,0.2981114394867729
2080,0.4573718050155686,12,106,12,410970,194640,25254,82702,1.8029567601615473,0.29819500832906665
2081,0.4574249203981288,0,1,0,410971,194639,25254,82702,1.8029474971284598,0.29819608352172955
2082,0.457668732254023,0,2,0,410973,194637,25254,82702,1.8029289710622847,0.2981982339303163
2083,0.4576687322540231,1,6,1,410979,194631,25255,82701,1.8028733928637592,0.298202154818052
2084,0.4577095064520646,0,1,0,410980,194630,25255,82701,1.8028641298306718,0.298203230075253
2085,0.4578215104307016,0,1,0,410981,194629,25255,82701,1.802854866797584,0.2982043053402084
2086,0.4578902317000719,3,27,3,411008,194602,25258,82698,1.8026047649042203,0.2982257482870537
2087,0.4579262188523121,0,7,0,411015,194595,25258,82698,1.8025399236726074,0.2982332767145222
2088,0.4580023555985522,0,1,0,411016,194594,25258,82698,1.8025306606395197,0.2982343522351889
2089,0.458060454814108,0,1,0,411017,194593,25258,82698,1.8025213976064323,0.29823542776361295
2090,0.458079633416257,0,2,0,411019,194591,25258,82698,1.8025028715402571,0.2982375788437334
2091,0.4581194694651728,0,1,0,411020,194590,25258,82698,1.8024936085071697,0.29823865439543
2092,0.4581428448031454,0,1,0,411021,194589,25258,82698,1.802484345474082,0.2982397299548843
2093,0.4582712388942187,0,1,0,411022,194588,25258,82698,1.8024750824409945,0.2982408055220963
2094,0.4583632813210671,1,2,1,411024,194586,25259,82697,1.8024565563748194,0.29824042584651783
2095,0.4584870915934895,42,299,42,411323,194287,25301,82655,1.7996869094816406,0.2984559943959385
2096,0.45856052043953,0,1,0,411324,194286,25301,82655,1.799677646448553,0.2984570720839457
2097,0.4586207679193561,0,3,0,411327,194283,25301,82655,1.7996498573492905,0.2984603051946645
2098,0.4587735460960346,0,1,0,411328,194282,25301,82655,1.7996405943162028,0.2984613829138035
2099,0.4588207149380185,0,2,0,411330,194280,25301,82655,1.7996220682500277,0.29846353837543105
2100,0.4588373938701893,0,2,0,411332,194278,25301,82655,1.7996035421838528,0.29846569386819194
2101,0.4589378288046392,5,25,5,411357,194253,25306,82650,1.7993719663566639,0.29847997313138536
2102,0.4590337830460053,0,2,0,411359,194251,25306,82650,1.7993534402904887,0.2984821289919502
2103,0.4590948804684784,0,1,0,411360,194250,25306,82650,1.7993441772574013,0.29848320693391117
2104,0.4591816406605335,11,86,11,411446,194164,25317,82639,1.7985475564118716,0.2985480648692391
2105,0.4591816406605336,8,36,8,411482,194128,25325,82631,1.7982140872207195,0.2985666229463179
2106,0.4592902515768754,0,1,0,411483,194127,25325,82631,1.798204824187632,0.2985677017466523
2107,0.459334418837212,0,3,0,411486,194124,25325,82631,1.7981770350883692,0.2985709381944319
2108,0.4594391272588226,9,49,9,411535,194075,25334,82622,1.797723146467079,0.29860099675818674
2109,0.4595733632206184,0,20,0,411555,194055,25334,82622,1.7975378858053281,0.29862258156623067
2110,0.4596557532096558,0,5,0,411560,194050,25334,82622,1.7974915706398904,0.29862797825584086
2111,0.4597114722622525,0,1,0,411561,194049,25334,82622,1.7974823076068027,0.29862905761716985
2112,0.46,1359,9100,1359,420661,184949,26693,81263,1.7131887065100597,0.3052567126951452
2113,0.4600810745391835,0,1,0,420662,184948,26693,81263,1.713179443476972,0.3052578593671937
2114,0.4601835643760683,0,1,0,420663,184947,26693,81263,1.7131701804438846,0.30525900604785694
2115,0.4622128259064458,0,1,0,420664,184946,26693,81263,1.713160917410797,0.3052601527371351
2116,0.4626338417312092,1,0,1,420664,184946,26694,81262,1.713160917410797,0.3052575429739151
2117,0.4628117593604996,0,1,0,420665,184945,26694,81262,1.7131516543777094,0.3052586896663123
2118,0.4628330797960375,1,0,1,420665,184945,26695,81261,1.7131516543777094,0.30525607987798925
2119,0.463230701624627,0,1,0,420666,184944,26695,81261,1.713142391344622,0.3052572265735054
2120,0.4633643779504934,0,1,0,420667,184943,26695,81261,1.7131331283115343,0.3052583732776367
2121,0.4634897758099353,0,1,0,420668,184942,26695,81261,1.7131238652784468,0.30525951999038325
2122,0.4636303963370844,0,1,0,420669,184941,26695,81261,1.7131146022453592,0.30526066671174523
2123,0.4637744609611285,0,1,0,420670,184940,26695,81261,1.7131053392122717,0.3052618134417226
2124,0.4637851154613703,1,0,1,420670,184940,26696,81260,1.7131053392122717,0.30525920360631104
2125,0.4638873976385247,0,1,0,420671,184939,26696,81260,1.713096076179184,0.30526035033940774
2126,0.4641843248769792,0,2,0,420673,184937,26696,81260,1.713077550113009,0.30526264383144813
2127,0.46432466776701,0,2,0,420675,184935,26696,81260,1.713059024046834,0.3052649373579519
2128,0.4643459882025479,0,1,0,420676,184934,26696,81260,1.7130497610137463,0.30526608413412776
2129,0.4647436100311373,1,2,1,420678,184932,26697,81259,1.7130312349475711,0.30526576781333703
2130,0.4648788739440232,1,0,1,420678,184932,26698,81258,1.7130312349475711,0.30526315789473685
2131,0.4649004020392913,0,1,0,420679,184931,26698,81258,1.7130219719144837,0.3052643046857684
2132,0.4650026842164456,1,1,1,420680,184930,26699,81257,1.7130127088813962,0.30526284153621325
2133,0.4650026842164457,1,6,1,420686,184924,26700,81256,1.7129571306828708,0.3052671124802765
2134,0.4650405372695917,0,1,0,420687,184923,26700,81256,1.7129478676497834,0.30526825932924834
2135,0.4652620367156405,0,3,0,420690,184920,26700,81256,1.7129200785505205,0.3052716999278673
2136,0.4652620367156406,0,1,0,420691,184919,26700,81256,1.712910815517433,0.30527284681130834
2137,0.4652873693676389,0,1,0,420692,184918,26700,81256,1.7129015524843454,0.305273993703367
2138,0.465287369367639,1,1,1,420693,184917,26701,81255,1.712892289451258,0.3052725305441594
2139,0.4653374645080463,0,1,0,420694,184916,26701,81255,1.7128830264181705,0.3052736774479564
2140,0.4654322598296767,1,0,1,420694,184916,26702,81254,1.7128830264181705,0.3052710673629635
2141,0.4654470934918071,0,1,0,420695,184915,26702,81254,1.7128737633850828,0.30527221426988116
2142,0.4654612747804688,0,1,0,420696,184914,26702,81254,1.7128645003519953,0.3052733611854167
2143,0.4655949511063352,0,1,0,420697,184913,26702,81254,1.7128552373189077,0.3052745081095703
2144,0.4656972332834897,0,1,0,420698,184912,26702,81254,1.7128459742858202,0.305275655042342
2145,0.4658375761735204,0,9,0,420707,184903,26702,81254,1.7127626069880322,0.30528597782511824
2146,0.4658588966090582,1,15,1,420722,184888,26703,81253,1.7126236614917187,0.30530057375601655
2147,0.4659547198817786,0,1,0,420723,184887,26703,81253,1.7126143984586313,0.30530172089877505
2148,0.4661558238475126,0,1,0,420724,184886,26703,81253,1.7126051354255438,0.3053028680501542
2149,0.466171345832612,0,1,0,420725,184885,26703,81253,1.7125958723924561,0.30530401521015416
2150,0.4662389389303455,0,1,0,420726,184884,26703,81253,1.7125866093593687,0.30530516237877486
2151,0.4663773232935614,0,1,0,420727,184883,26703,81253,1.712577346326281,0.30530630955601645
2152,0.4663773232935615,0,1,0,420728,184882,26703,81253,1.7125680832931935,0.30530745674187915
2153,0.4664133104458017,1,1,1,420729,184881,26704,81252,1.7125588202601059,0.3053059936197315
2154,0.4664374108775698,0,1,0,420730,184880,26704,81252,1.7125495572270184,0.3053071408173388
2155,0.466515592622956,7,23,7,420753,184857,26711,81245,1.7123365074660046,0.30531525505257384
2156,0.4665155926229561,5,21,5,420774,184836,26716,81240,1.712141983771166,0.3053262977495152
2157,0.4665534456761021,0,4,0,420778,184832,26716,81240,1.7121049316388157,0.3053308878799723
2158,0.4665534456761022,1,2,1,420780,184830,26717,81239,1.7120864055726408,0.30533057214481957
2159,0.4665667250097466,0,1,0,420781,184829,26717,81239,1.7120771425395531,0.3053317197107506
2160,0.4668109322743912,0,1,0,420782,184828,26717,81239,1.7120678795064657,0.30533286728530784
2161,0.4668280605047111,0,2,0,420784,184826,26717,81239,1.7120493534402905,0.30533516246030107
2162,0.4669173043974871,0,1,0,420785,184825,26717,81239,1.7120400904072028,0.30533631006073725
2163,0.4669173043974872,0,1,0,420786,184824,26717,81239,1.7120308273741154,0.3053374576698
2164,0.466938709331753,0,1,0,420787,184823,26717,81239,1.712021564341028,0.3053386052874894
2165,0.4669741831869791,1,5,1,420792,184818,26718,81238,1.71197524917559,0.30534173256757974
2166,0.4669741831869792,2,11,2,420803,184807,26720,81236,1.711873355811627,0.30534913529015983
2167,0.4670718723606055,0,1,0,420804,184806,26720,81236,1.7118640927785393,0.30535028303801653
2168,0.4671078595128456,1,0,1,420804,184806,26721,81235,1.7118640927785393,0.3053476719753722
2169,0.4672420954746415,0,1,0,420805,184805,26721,81235,1.711854829745452,0.3053488197263569
2170,0.4673244854636789,0,1,0,420806,184804,26721,81235,1.7118455667123642,0.3053499674859701
2171,0.4673293589588944,0,2,0,420808,184802,26721,81235,1.7118270406461893,0.30535226303108215
2172,0.4673718050155686,17,109,17,420917,184693,26738,81218,1.7108173700396458,0.3054330208227565
2173,0.4674249203981288,0,3,0,420920,184690,26738,81218,1.710789580940383,0.30543646674789776
2174,0.4674249203981289,0,1,0,420921,184689,26738,81218,1.7107803179072956,0.3054376154068904
2175,0.467668732254023,0,5,0,420926,184684,26738,81218,1.7107340027418578,0.3054433588314492
2176,0.4676687322540231,1,6,1,420932,184678,26739,81217,1.7106784245433324,0.305447639105662
2177,0.4678902317000719,2,21,2,420953,184657,26741,81215,1.7104839008484938,0.30546654029006437
2178,0.4679262188523121,1,3,1,420956,184654,26742,81214,1.7104561117492312,0.30546737478748853
2179,0.4679694403383497,0,2,0,420958,184652,26742,81214,1.710437585683056,0.3054696726922585
2180,0.4680023555985522,0,1,0,420959,184651,26742,81214,1.7104283226499686,0.3054708216576082
2181,0.4680604548141081,0,1,0,420960,184650,26742,81214,1.710419059616881,0.30547197063160114
2182,0.468079633416257,0,4,0,420964,184646,26742,81214,1.7103820074845308,0.30547656661400735
2183,0.4681194694651727,0,1,0,420965,184645,26742,81214,1.7103727444514432,0.30547771563121806
2184,0.4681428448031454,0,2,0,420967,184643,26742,81214,1.710354218385268,0.305480013691571
2185,0.4681777855797341,0,1,0,420968,184642,26742,81214,1.7103449553521806,0.30548116273471354
2186,0.4683632813210671,0,10,0,420978,184632,26742,81214,1.710252325021305,0.30549265364158196
2187,0.4684870915934895,41,268,41,421246,184364,26783,81173,1.7077698321538404,0.3056937451277976
2188,0.4686207679193561,0,2,0,421248,184362,26783,81173,1.7077513060876655,0.305696047602011
2189,0.468755003881152,1,1,1,421249,184361,26784,81172,1.7077420430545778,0.3056945841006579
2190,0.468781340773382,0,1,0,421250,184360,26784,81172,1.7077327800214903,0.30569573535393096
2191,0.4688207149380186,0,3,0,421253,184357,26784,81172,1.7077049909222275,0.3056991891657785
2192,0.4688782545176451,1,0,1,421253,184357,26785,81171,1.7077049909222275,0.30569657437257086
2193,0.468893112922786,0,1,0,421254,184356,26785,81171,1.70769572788914,0.3056977256550181
2194,0.4689077820578304,1,0,1,421254,184356,26786,81170,1.70769572788914,0.30569511083660356
2195,0.4689378288046392,1,30,1,421284,184326,26787,81169,1.7074178368965134,0.3057270381739769
2196,0.4690337830460053,0,1,0,421285,184325,26787,81169,1.707408573863426,0.3057281897142685
2197,0.4690948804684784,0,1,0,421286,184324,26787,81169,1.7073993108303382,0.3057293412632348
2198,0.4691816406605335,10,87,10,421373,184237,26797,81159,1.7065934269517211,0.3058034032163258
2199,0.4691816406605336,4,52,4,421425,184185,26801,81155,1.7061117492311682,0.3058528680183915
2200,0.4692902515768754,0,2,0,421427,184183,26801,81155,1.7060932231649932,0.30585517340147284
2201,0.469334418837212,0,3,0,421430,184180,26801,81155,1.7060654340657304,0.30585863154125914
2202,0.4694391272588226,6,55,6,421485,184125,26807,81149,1.705555967245915,0.3059063458914179
2203,0.4695733632206184,1,12,1,421497,184113,26808,81148,1.7054448108488645,0.3059175679802157
2204,0.4696557532096558,2,1,2,421498,184112,26810,81146,1.7054355478157768,0.3059134880003619
2205,0.4697462942475829,0,1,0,421499,184111,26810,81146,1.7054262847826893,0.30591464127242635
2206,0.47,1472,8792,1472,430291,175319,28282,79674,1.6239856978769127,0.31245563603706766
2207,0.4700432214860375,0,1,0,430292,175318,28282,79674,1.6239764348438253,0.31245686139172996
2208,0.4712577079709058,0,1,0,430293,175317,28282,79674,1.6239671718107378,0.3124580867560032
2209,0.4713123180366536,0,1,0,430294,175316,28282,79674,1.6239579087776501,0.3124593121298874
2210,0.4717177932181164,0,1,0,430295,175315,28282,79674,1.6239486457445627,0.31246053751338293
2211,0.472014720456571,1,0,1,430295,175315,28283,79673,1.6239486457445627,0.31245784115330916
2212,0.4723116476950254,0,1,0,430296,175314,28283,79673,1.623939382711475,0.31245906654064715
2213,0.4724517050463426,0,2,0,430298,175312,28283,79673,1.6239208566452998,0.3124615173441575
2214,0.4727092695236149,0,1,0,430299,175311,28283,79673,1.6239115936122124,0.31246274276033004
2215,0.4727623849061751,0,1,0,430300,175310,28283,79673,1.623902330579125,0.3124639681861144
2216,0.4729358472700404,0,1,0,430301,175309,28283,79673,1.6238930675460372,0.31246519362151054
2217,0.4730311852459122,0,1,0,430302,175308,28283,79673,1.6238838045129498,0.3124664190665187
2218,0.4732307016246268,0,1,0,430303,175307,28283,79673,1.623874541479862,0.3124676445211389
2219,0.4735063084275435,0,1,0,430304,175306,28283,79673,1.6238652784467746,0.3124688699853713
2220,0.4737744609611286,0,1,0,430305,175305,28283,79673,1.623856015413687,0.3124700954592161
2221,0.4739252506916708,0,1,0,430306,175304,28283,79673,1.6238467523805995,0.31247132094267327
2222,0.4742675549936334,1,0,1,430306,175304,28284,79672,1.6238467523805995,0.31246862449799195
2223,0.47432466776701,1,3,1,430309,175301,28285,79671,1.623818963281337,0.31246960450559275
2224,0.4746429154410023,0,1,0,430310,175300,28285,79671,1.6238097002482492,0.3124708300159626
2225,0.4747436100311373,1,1,1,430311,175299,28286,79670,1.6238004372151618,0.3124693590201162
2226,0.4748319458473558,0,1,0,430312,175298,28286,79670,1.623791174182074,0.3124705845439428
2227,0.4748539489391726,1,0,1,430312,175298,28287,79669,1.623791174182074,0.3124678880011923
2228,0.4749313814380676,0,1,0,430313,175297,28287,79669,1.6237819111489866,0.3124691135288627
2229,0.4750026842164457,1,3,1,430316,175294,28288,79668,1.623754122049724,0.3124700935825731
2230,0.4750405372695918,0,1,0,430317,175293,28288,79668,1.6237448590166363,0.31247131914292775
2231,0.4750740960801928,0,2,0,430319,175291,28288,79668,1.6237263329504612,0.3124737702924784
2232,0.4752384110530517,1,0,1,430319,175291,28289,79667,1.6237263329504612,0.31247107366703536
2233,0.4752620367156405,0,1,0,430320,175290,28289,79667,1.6237170699173737,0.3124722992504618
2234,0.475287369367639,0,2,0,430322,175288,28289,79667,1.6236985438511986,0.3124747504461572
2235,0.4754534214275953,0,1,0,430323,175287,28289,79667,1.6236892808181111,0.31247597605842625
2236,0.4754612747804688,1,1,1,430324,175286,28290,79666,1.6236800177850235,0.3124745050048637
2237,0.4756972332834896,0,3,0,430327,175283,28290,79666,1.6236522286857609,0.312478181910892
2238,0.4757483656702801,0,1,0,430328,175282,28290,79666,1.6236429656526734,0.31247940756546433
2239,0.4758375761735204,1,10,1,430338,175272,28291,79665,1.6235503353217977,0.3124889678626484
2240,0.4758588966090582,1,6,1,430344,175266,28292,79664,1.6234947571232725,0.3124936257011729
2241,0.4758588966090583,0,3,0,430347,175263,28292,79664,1.6234669680240097,0.31249730314952906
2242,0.4759925729349247,0,1,0,430348,175262,28292,79664,1.6234577049909222,0.3124985289848819
2243,0.4761558238475127,1,5,1,430353,175257,28293,79663,1.6234113898254845,0.3125019613996548
2244,0.4763096338202078,1,0,1,430353,175257,28294,79662,1.6234113898254845,0.31249926447224413
2245,0.4763773232935614,0,1,0,430354,175256,28294,79662,1.6234021267923968,0.3125004903537608
2246,0.4763773232935615,1,1,1,430355,175255,28295,79661,1.6233928637593094,0.312499019284784
2247,0.476515592622956,3,25,3,430380,175230,28298,79658,1.6231612879321204,0.3125215781048931
2248,0.4765155926229561,3,21,3,430401,175209,28301,79655,1.6229667642372818,0.31253923661246785
2249,0.4765475464075976,0,1,0,430402,175208,28301,79655,1.6229575012041944,0.31254046291537024
2250,0.4765534456761021,0,1,0,430403,175207,28301,79655,1.6229482381711067,0.3125416892278959
2251,0.4765534456761022,0,4,0,430407,175203,28301,79655,1.6229111860387566,0.3125465945742335
2252,0.476629936396635,1,0,1,430407,175203,28302,79654,1.6229111860387566,0.3125438971658616
2253,0.4768503729145567,0,2,0,430409,175201,28302,79654,1.6228926599725815,0.31254634988522884
2254,0.4768613636252711,1,0,1,430409,175201,28303,79653,1.6228926599725815,0.3125436524441445
2255,0.4769741831869791,2,7,2,430416,175194,28305,79651,1.6228278187409686,0.3125468421981989
2256,0.4769741831869792,0,10,0,430426,175184,28305,79651,1.622735188410093,0.31255910687307475
2257,0.4770718723606055,0,1,0,430427,175183,28305,79651,1.6227259253770054,0.3125603333935032
2258,0.4771078595128456,0,1,0,430428,175182,28305,79651,1.622716662343918,0.3125615599235578
2259,0.4773078065315081,0,1,0,430429,175181,28305,79651,1.6227073993108303,0.31256278646323854
2260,0.4773718050155686,22,115,22,430544,175066,28327,79629,1.6216421505057617,0.31264453562103695
2261,0.4774249203981288,0,3,0,430547,175063,28327,79629,1.6216143614064988,0.3126482182400704
2262,0.4775459849097277,0,2,0,430549,175061,28327,79629,1.621595835340324,0.31265067336762337
2263,0.477668732254023,1,6,1,430555,175055,28328,79628,1.6215402571417985,0.31265534016797353
2264,0.4776687322540231,1,11,1,430566,175044,28329,79627,1.6214383637778353,0.31266614573312235
2265,0.4777162080237638,0,1,0,430567,175043,28329,79627,1.6214291007447479,0.3126673734636981
2266,0.4778902317000719,7,12,7,430579,175031,28336,79620,1.6213179443476973,0.3126632135746571
2267,0.4779262188523121,0,5,0,430584,175026,28336,79620,1.6212716291822595,0.3126693527485215
2268,0.4780604548141081,0,1,0,430585,175025,28336,79620,1.6212623661491719,0.31267058061222486
2269,0.478079633416257,1,3,1,430588,175022,28337,79619,1.6212345770499093,0.3126715650661127
2270,0.478089422718364,0,1,0,430589,175021,28337,79619,1.6212253140168216,0.3126727929626139
2271,0.4781428448031454,0,2,0,430591,175019,28337,79619,1.6212067879506467,0.31267524878454905
2272,0.478321721657291,0,1,0,430592,175018,28337,79619,1.621197524917559,0.3126764767099832
2273,0.4783632813210671,0,5,0,430597,175013,28337,79619,1.6211512097521212,0.31268261648182477
2274,0.4784870915934895,39,294,39,430891,174719,28376,79580,1.6184278780243804,0.3129387060114275
2275,0.4786207679193561,0,1,0,430892,174718,28376,79580,1.6184186149912927,0.31293993660980424
2276,0.478755003881152,1,0,1,430892,174718,28377,79579,1.6184186149912927,0.3129372348081181
2277,0.4787735460960345,0,1,0,430893,174717,28377,79579,1.6184093519582052,0.3129384654103879
2278,0.4788207149380186,0,1,0,430894,174716,28377,79579,1.6184000889251176,0.3129396960223363
2279,0.4788782545176451,0,1,0,430895,174715,28377,79579,1.61839082589203,0.3129409266439633
2280,0.4788900818549704,0,1,0,430896,174714,28377,79579,1.6183815628589426,0.3129421572752691
2281,0.4789378288046392,5,20,5,430916,174694,28382,79574,1.6181963021971915,0.3129532619126276
2282,0.479012490479441,1,0,1,430916,174694,28383,79573,1.6181963021971915,0.3129505598445728
2283,0.4790337830460053,1,0,1,430916,174694,28384,79572,1.6181963021971915,0.3129478577552642
2284,0.4791816406605335,15,78,15,430994,174616,28399,79557,1.6174737856163621,0.3130033481132929
2285,0.4791816406605336,7,30,7,431024,174586,28406,79550,1.6171958946237357,0.31302137438222055
2286,0.4793067760570983,0,1,0,431025,174585,28406,79550,1.617186631590648,0.3130226060951856
2287,0.479334418837212,2,6,2,431031,174579,28408,79548,1.6171310533921228,0.31302459006717115
2288,0.4794391272588225,7,50,7,431081,174529,28415,79541,1.616667901737745,0.3130672649269886
2289,0.4795733632206184,0,11,0,431092,174518,28415,79541,1.6165660083737818,0.3130808198095718
2290,0.4796557532096558,1,6,1,431098,174512,28416,79540,1.6165104301752566,0.31308551005306
2291,0.4797114722622524,0,1,0,431099,174511,28416,79540,1.616501167142169,0.3130867424257334
2292,0.479751666925069,0,1,0,431100,174510,28416,79540,1.6164919041090815,0.3130879748081086
2293,0.4797717891277906,0,1,0,431101,174509,28416,79540,1.6164826410759938,0.3130892072001858
2294,0.48,1473,8415,1473,439516,166094,29889,78067,1.5385342176442254,0.3197357481334038
2295,0.4815182768394018,0,1,0,439517,166093,29889,78067,1.538524954611138,0.31973705766710353
2296,0.4817177932181165,0,1,0,439518,166092,29889,78067,1.5385156915780502,0.3197383672115302
2297,0.4823785791779558,1,0,1,439518,166092,29890,78066,1.5385156915780502,0.31973558105816724
2298,0.4824123422851605,0,1,0,439519,166091,29890,78066,1.5385064285449628,0.31973689060727317
2299,0.4828330797960374,0,1,0,439520,166090,29890,78066,1.538497165511875,0.3197382001671063
2300,0.4832307016246268,0,1,0,439521,166089,29890,78066,1.5384879024787876,0.3197395097376666
2301,0.4832307016246269,0,1,0,439522,166088,29890,78066,1.5384786394457002,0.31974081931895443
2302,0.483230701624627,0,1,0,439523,166087,29890,78066,1.5384693764126125,0.31974212891096976
2303,0.4834897758099352,0,1,0,439524,166086,29890,78066,1.538460113379525,0.3197434385137128
2304,0.4835063084275435,0,1,0,439525,166085,29890,78066,1.5384508503464374,0.31974474812718356
2305,0.4835276288630815,0,1,0,439526,166084,29890,78066,1.53844158731335,0.3197460577513824
2306,0.4837491283091302,1,0,1,439526,166084,29891,78065,1.53844158731335,0.31974327152681353
2307,0.4838245561015359,1,0,1,439526,166084,29892,78064,1.53844158731335,0.31974048527942067
2308,0.4838873976385248,0,1,0,439527,166083,29892,78064,1.5384323242802622,0.3197417949022515
2309,0.48432466776701,0,1,0,439528,166082,29892,78064,1.5384230612471748,0.31974310453581056
2310,0.4843459882025477,0,1,0,439529,166081,29892,78064,1.5384137982140873,0.3197444141800979
2311,0.4845860366515102,0,1,0,439530,166080,29892,78064,1.5384045351809996,0.3197457238351137
2312,0.4846324427050927,1,0,1,439530,166080,29893,78063,1.5384045351809996,0.3197429375407036
2313,0.4847436100311373,0,4,0,439534,166076,29893,78063,1.5383674830486493,0.3197481762438611
2314,0.4847967254136975,0,2,0,439536,166074,29893,78063,1.5383489569824744,0.31975079565981396
2315,0.4849177899252964,0,1,0,439537,166073,29893,78063,1.5383396939493867,0.3197521053838844
2316,0.4850026842164456,0,1,0,439538,166072,29893,78063,1.5383304309162993,0.3197534151186843
2317,0.4850026842164457,1,1,1,439539,166071,29894,78062,1.5383211678832116,0.319751938492543
2318,0.4850405372695918,0,2,0,439541,166069,29894,78062,1.5383026418170365,0.31975455800369473
2319,0.4852873693676389,0,1,0,439542,166068,29894,78062,1.538293378783949,0.3197558677753656
2320,0.485287369367639,0,1,0,439543,166067,29894,78062,1.5382841157508615,0.3197571775577666
2321,0.4854322598296766,0,1,0,439544,166066,29894,78062,1.5382748527177739,0.3197584873508979
2322,0.4854514384318256,0,1,0,439545,166065,29894,78062,1.5382655896846864,0.3197597971547596
2323,0.4854612747804687,0,2,0,439547,166063,29894,78062,1.5382470636185113,0.3197624167946749
2324,0.4855949511063352,1,0,1,439547,166063,29895,78061,1.5382470636185113,0.31975963035178845
2325,0.4856972332834896,1,1,1,439548,166062,29896,78060,1.5382378005854236,0.31975815371003025
2326,0.4856972332834897,0,1,0,439549,166061,29896,78060,1.5382285375523361,0.31975946354471757
2327,0.4858375761735204,1,5,1,439554,166056,29897,78059,1.5381822223868984,0.3197632263482375
2328,0.4858588966090582,0,12,0,439566,166044,29897,78059,1.5380710659898478,0.31977894577289095
2329,0.4858588966090583,1,1,1,439567,166043,29898,78058,1.53806180295676,0.31977746916235494
2330,0.4859120119916184,1,0,1,439567,166043,29899,78057,1.53806180295676,0.3197746825071692
2331,0.4861558238475127,0,1,0,439568,166042,29899,78057,1.5380525399236726,0.319775992527622
2332,0.4863096338202078,0,1,0,439569,166041,29899,78057,1.538043276890585,0.3197773025588084
2333,0.4863375929768312,0,1,0,439570,166040,29899,78057,1.5380340138574975,0.3197786126007284
2334,0.4863773232935615,1,4,1,439574,166036,29900,78056,1.5379969617251472,0.31978106615538404
2335,0.4865155926229561,7,36,7,439610,166000,29907,78049,1.5376634925339954,0.31980872693598417
2336,0.4865534456761021,0,2,0,439612,165998,29907,78049,1.5376449664678202,0.31981134781415055
2337,0.4865534456761022,2,1,2,439613,165997,29909,78047,1.5376357034347328,0.3198070839684647
2338,0.4866856554492317,0,1,0,439614,165996,29909,78047,1.537626440401645,0.3198083944222944
2339,0.4867004013356131,0,1,0,439615,165995,29909,78047,1.5376171773685576,0.3198097048868637
2340,0.4867109466380905,0,1,0,439616,165994,29909,78047,1.53760791433547,0.31981101536217277
2341,0.4868109322743912,1,1,1,439617,165993,29910,78046,1.5375986513023825,0.3198095386393158
2342,0.4868503729145566,0,1,0,439618,165992,29910,78046,1.5375893882692948,0.31981084913005353
2343,0.4868503729145567,0,1,0,439619,165991,29910,78046,1.5375801252362074,0.31981215963153126
2344,0.4869173043974871,0,2,0,439621,165989,29910,78046,1.5375615991700322,0.31981478066670765
2345,0.4869451682361871,0,1,0,439622,165988,29910,78046,1.5375523361369448,0.3198160912004065
2346,0.4869741831869791,3,12,3,439634,165976,29913,78043,1.5374411797398941,0.31982345637020065
2347,0.4869741831869792,0,7,0,439641,165969,29913,78043,1.5373763385082813,0.319832631182073
2348,0.4871078595128456,0,2,0,439643,165967,29913,78043,1.5373578124421061,0.31983525265357976
2349,0.4873718050155686,25,122,25,439765,165845,29938,78018,1.5362277224054244,0.3199255319585177
2350,0.4874249203981288,0,1,0,439766,165844,29938,78018,1.536218459372337,0.31992684387071374
2351,0.4876687322540231,1,13,1,439779,165831,29939,78017,1.5360980399421986,0.31994111085594307
2352,0.4877319991009644,0,1,0,439780,165830,29939,78017,1.5360887769091112,0.31994242291272806
2353,0.4878902317000719,1,15,1,439795,165815,29940,78016,1.5359498314127977,0.3199593160836809
2354,0.4879262188523121,0,4,0,439799,165811,29940,78016,1.5359127792804477,0.31996456503996684
2355,0.4880023555985521,0,1,0,439800,165810,29940,78016,1.53590351624736,0.31996587730594767
2356,0.488079633416257,0,1,0,439801,165809,29940,78016,1.5358942532142725,0.3199671895826925
2357,0.4881194694651727,0,1,0,439802,165808,29940,78016,1.5358849901811849,0.3199685018702015
2358,0.4881194694651728,1,1,1,439803,165807,29941,78015,1.5358757271480974,0.3199670251248862
2359,0.4883632813210671,0,3,0,439806,165804,29941,78015,1.5358479380488348,0.3199709620661228
2360,0.4883769560634617,0,1,0,439807,165803,29941,78015,1.5358386750157471,0.31997227440139775
2361,0.4884870915934896,42,304,42,440111,165499,29983,77973,1.5330227129571308,0.32025448511533156
2362,0.488620767919356,0,1,0,440112,165498,29983,77973,1.533013449924043,0.32025580048547875
2363,0.4886628026166844,0,1,0,440113,165497,29983,77973,1.5330041868909556,0.3202571158664312
2364,0.4888207149380186,0,1,0,440114,165496,29983,77973,1.532994923857868,0.3202584312581889
2365,0.4889378288046392,3,27,3,440141,165469,29986,77970,1.5327448219645041,0.3202855746203361
2366,0.4890124904794409,0,1,0,440142,165468,29986,77970,1.5327355589314164,0.3202868902965026
2367,0.4890337830460053,0,1,0,440143,165467,29986,77970,1.532726295898329,0.3202882059834783
2368,0.4890948804684784,0,1,0,440144,165466,29986,77970,1.5327170328652413,0.32028952168126323
2369,0.4891816406605335,15,83,15,440227,165383,30001,77955,1.5319482011189745,0.32035686986824913
2370,0.4891816406605336,4,46,4,440273,165337,30005,77951,1.531522101596947,0.3204062674690079
2371,0.4892902515768754,0,1,0,440274,165336,30005,77951,1.5315128385638594,0.32040758445786255
2372,0.489334418837212,0,3,0,440277,165333,30005,77951,1.5314850494645966,0.3204115354893869
2373,0.4894391272588225,6,39,6,440316,165294,30011,77945,1.5311237911741822,0.32044614556053924
2374,0.4895733632206184,3,15,3,440331,165279,30014,77942,1.5309848456778687,0.3204575262826812
2375,0.4896557532096558,0,5,0,440336,165274,30014,77942,1.530938530512431,0.32046411420301296
2376,0.4897114722622525,0,1,0,440337,165273,30014,77942,1.5309292674793433,0.3204654318195835
2377,0.4897820319509873,0,1,0,440338,165272,30014,77942,1.5309200044462559,0.32046674944698905
2378,0.49,1486,8287,1486,448625,156985,31500,76456,1.4541572492496944,0.3275174455215665
2379,0.4905018120500605,0,2,0,448627,156983,31500,76456,1.4541387231835192,0.3275202515432297
2380,0.4907377705530815,0,2,0,448629,156981,31500,76456,1.454120197117344,0.3275230576129748
2381,0.4908781134431122,0,1,0,448630,156980,31500,76456,1.4541109340842566,0.3275244606658784
2382,0.4909574040982244,0,1,0,448631,156979,31500,76456,1.454101671051169,0.327525863730803
2383,0.4909952571513705,0,1,0,448632,156978,31500,76456,1.4540924080180815,0.32752726680774863
2384,0.4914178605631532,0,1,0,448633,156977,31500,76456,1.4540831449849938,0.32752866989671553
2385,0.4915182768394018,1,0,1,448633,156977,31501,76455,1.4540831449849938,0.327525789094897
2386,0.4923744892320144,0,1,0,448634,156976,31501,76455,1.4540738819519063,0.32752719218955495
2387,0.492825226443164,0,1,0,448635,156975,31501,76455,1.4540646189188189,0.3275285952962344
2388,0.4928929159165176,0,1,0,448636,156974,31501,76455,1.4540553558857312,0.3275299984149356
2389,0.4929561016216621,0,1,0,448637,156973,31501,76455,1.4540460928526437,0.32753140154565863
2390,0.4930690382990583,0,1,0,448638,156972,31501,76455,1.454036829819556,0.3275328046884037
2391,0.4932307016246269,0,1,0,448639,156971,31501,76455,1.4540275667864686,0.32753420784317083
2392,0.4933515064805406,0,1,0,448640,156970,31501,76455,1.454018303753381,0.32753561100996037
2393,0.4934897758099352,0,1,0,448641,156969,31501,76455,1.4540090407202935,0.32753701418877235
2394,0.4937744609611285,1,0,1,448641,156969,31502,76454,1.4540090407202935,0.3275341333116274
2395,0.4937851154613704,0,1,0,448642,156968,31502,76454,1.453999777687206,0.3275355364961315
2396,0.4938873976385247,0,1,0,448643,156967,31502,76454,1.4539905146541183,0.32753693969265835
2397,0.4938873976385248,0,1,0,448644,156966,31502,76454,1.4539812516210309,0.32753834290120815
2398,0.4941843248769792,0,1,0,448645,156965,31502,76454,1.4539719885879432,0.327539746121781
2399,0.49432466776701,0,1,0,448646,156964,31502,76454,1.4539627255548557,0.3275411493543771
2400,0.4943459882025478,0,2,0,448648,156962,31502,76454,1.4539441994886806,0.3275439558556397
2401,0.4943459882025479,1,3,1,448651,156959,31503,76453,1.453916410389418,0.3275452847325759
2402,0.4943952948961574,0,1,0,448652,156958,31503,76453,1.4539071473563303,0.32754668803098397
2403,0.4947436100311372,0,3,0,448655,156955,31503,76453,1.4538793582570677,0.3275508979983548
2404,0.4948319458473558,0,1,0,448656,156954,31503,76453,1.45387009522398,0.32755230134486113
2405,0.4949932177177021,0,1,0,448657,156953,31503,76453,1.4538608321908926,0.32755370470339235
2406,0.4950026842164457,1,1,1,448658,156952,31504,76452,1.4538515691578051,0.3275522270398108
2407,0.4952767034323429,0,1,0,448659,156951,31504,76452,1.4538423061247174,0.3275536304160615
2408,0.495276703432343,0,1,0,448660,156950,31504,76452,1.45383304309163,0.3275550338043376
2409,0.4952873693676389,0,4,0,448664,156946,31504,76452,1.4537959909592797,0.32756064747769903
2410,0.495287369367639,1,0,1,448664,156946,31505,76451,1.4537959909592797,0.3275577663808875
2411,0.4954612747804687,1,0,1,448664,156946,31506,76450,1.4537959909592797,0.3275548852593875
2412,0.4954813805842187,0,1,0,448665,156945,31506,76450,1.4537867279261922,0.3275562886951306
2413,0.4956972332834896,0,2,0,448667,156943,31506,76450,1.453768201860017,0.32755909560269586
2414,0.4958375761735204,2,12,2,448679,156931,31508,76448,1.4536570454629665,0.32757017555135637
2415,0.4958588966090582,0,8,0,448687,156923,31508,76448,1.453582941198266,0.3275814047160958
2416,0.4958588966090583,1,3,1,448690,156920,31509,76447,1.4535551520990033,0.32758273449116626
2417,0.4959120119916184,1,0,1,448690,156920,31510,76446,1.4535551520990033,0.3275798531062794
2418,0.4959547198817786,0,1,0,448691,156919,31510,76446,1.4535458890659156,0.3275812568294303
2419,0.4959547198817787,0,1,0,448692,156918,31510,76446,1.4535366260328282,0.3275826605646115
2420,0.4961558238475127,0,1,0,448693,156917,31510,76446,1.4535273629997407,0.3275840643118232
2421,0.4961558238475128,1,0,1,448693,156917,31511,76445,1.4535273629997407,0.3275811828832458
2422,0.4962795870733991,0,1,0,448694,156916,31511,76445,1.453518099966653,0.327582586636156
2423,0.4963096338202079,0,2,0,448696,156914,31511,76445,1.453499573900478,0.327585394178069
2424,0.4963773232935615,0,3,0,448699,156911,31511,76445,1.4534717848012153,0.3275896055811721
2425,0.4965155926229561,3,47,3,448746,156864,31514,76442,1.4530364222461003,0.32764695292877166
2426,0.4965534456761021,1,0,1,448746,156864,31515,76441,1.4530364222461003,0.32764407106577226
2427,0.4965534456761022,1,3,1,448749,156861,31516,76440,1.4530086331468377,0.3276454022914604
2428,0.4966065610586623,0,1,0,448750,156860,31516,76440,1.45299937011375,0.3276468066866695
2429,0.4969173043974871,1,1,1,448751,156859,31517,76439,1.4529901070806626,0.3276453291498427
2430,0.4969451682361871,0,1,0,448752,156858,31517,76439,1.4529808440475749,0.3276467335627976
2431,0.4969741831869791,0,11,0,448763,156847,31517,76439,1.452878950683612,0.3276621828999597
2432,0.4969741831869792,3,9,3,448772,156838,31520,76436,1.452795583385824,0.32766617797096975
2433,0.4973718050155686,19,130,19,448902,156708,31539,76417,1.4515913890844419,0.3277941018766756
2434,0.4974249203981288,0,3,0,448905,156705,31539,76417,1.4515635999851793,0.32779832019286037
2435,0.4976687322540231,3,7,3,448912,156698,31542,76414,1.4514987587535664,0.32779951268059987
2436,0.4977095064520646,0,1,0,448913,156697,31542,76414,1.4514894957204787,0.3278009188755571
2437,0.4978736170656292,0,1,0,448914,156696,31542,76414,1.4514802326873912,0.32780232508257906
2438,0.4978902317000719,2,21,2,448935,156675,31544,76412,1.4512857089925526,0.32782609068716834
2439,0.4979262188523121,0,8,0,448943,156667,31544,76412,1.451211604727852,0.32783734270354686
2440,0.498060454814108,1,1,1,448944,156666,31545,76411,1.4512023416947646,0.3278358654007045
2441,0.4981194694651728,0,1,0,448945,156665,31545,76411,1.451193078661677,0.3278372719627933
2442,0.4981985638557421,0,1,0,448946,156664,31545,76411,1.4511838156285894,0.32783867853695164
2443,0.498363281321067,0,1,0,448947,156663,31545,76411,1.4511745525955018,0.32784008512317975
2444,0.4983632813210671,0,1,0,448948,156662,31545,76411,1.4511652895624143,0.3278414917214778
2445,0.4984870915934896,39,266,39,449214,156396,31584,76372,1.448701322761125,0.32810351938410776
2446,0.498620767919356,0,2,0,449216,156394,31584,76372,1.4486827966949498,0.3281063385545999
2447,0.4986207679193561,0,2,0,449218,156392,31584,76372,1.4486642706287747,0.3281091577735389
2448,0.498781312170968,0,1,0,449219,156391,31584,76372,1.4486550075956872,0.3281105674011763
2449,0.4988207149380186,0,2,0,449221,156389,31584,76372,1.448636481529512,0.3281133866927879
2450,0.4989378288046392,1,20,1,449241,156369,31585,76371,1.448451220867761,0.3281386955400877
2451,0.4990337830460053,0,1,0,449242,156368,31585,76371,1.4484419578346734,0.32814010543999933
2452,0.4991816406605335,22,106,22,449348,156262,31607,76349,1.4474600763273926,0.32822609420878635
2453,0.4994391272588225,11,51,11,449399,156211,31618,76338,1.4469876616399273,0.32826630086562403
2454,0.4995733632206184,0,10,0,449409,156201,31618,76338,1.4468950313090518,0.32828041747835845
2455,0.4996557532096558,2,7,2,449416,156194,31620,76336,1.446830190077439,0.3282845224272137
2456,0.4997114722622524,0,1,0,449417,156193,31620,76336,1.4468209270443515,0.3282859342275587
2457,0.5,1581,7884,1581,457301,148309,33201,74755,1.373791174182074,0.3351280350034071
2458,0.5001901771455485,0,1,0,457302,148308,33201,74755,1.3737819111489866,0.335129537395265
2459,0.5009170754059842,0,1,0,457303,148307,33201,74755,1.3737726481158992,0.33513103980059356
2460,0.5011963611171045,0,1,0,457304,148306,33201,74755,1.3737633850828115,0.3351325422193929
2461,0.5024123422851604,0,1,0,457305,148305,33201,74755,1.373754122049724,0.33513404465166324
2462,0.5029289030687578,0,1,0,457306,148304,33201,74755,1.3737448590166363,0.33513554709740473
2463,0.5029307689696637,0,2,0,457308,148302,33201,74755,1.3737263329504612,0.33513855202930193
2464,0.5034897758099353,0,1,0,457309,148301,33201,74755,1.3737170699173737,0.335140054515458
2465,0.5037545925229332,0,1,0,457310,148300,33201,74755,1.3737078068842863,0.33514155701508597
2466,0.5037637950258326,0,1,0,457311,148299,33201,74755,1.3736985438511986,0.335143059528186
2467,0.5039252506916708,0,1,0,457312,148298,33201,74755,1.3736892808181111,0.3351445620547583
2468,0.504121876484593,0,2,0,457314,148296,33201,74755,1.373670754751936,0.33514756714832034
2469,0.50432466776701,0,2,0,457316,148294,33201,74755,1.3736522286857609,0.33515057229577355
2470,0.504405824323028,0,1,0,457317,148293,33201,74755,1.3736429656526734,0.33515207488970983
2471,0.504672915141275,1,0,1,457317,148293,33202,74754,1.3736429656526734,0.33514909413711014
2472,0.5047436100311373,1,4,1,457321,148289,33203,74753,1.3736059135203231,0.33515212381524556
2473,0.5050026842164457,1,6,1,457327,148283,33204,74752,1.3735503353217977,0.33515815903333557
2474,0.5050405372695917,0,2,0,457329,148281,33204,74752,1.3735318092556226,0.3351611644913533
2475,0.5052620367156405,0,1,0,457330,148280,33204,74752,1.3735225462225351,0.33516266724057536
2476,0.505287369367639,0,1,0,457331,148279,33204,74752,1.3735132831894477,0.3351641700032731
2477,0.5053374645080463,0,1,0,457332,148278,33204,74752,1.37350402015636,0.3351656727794467
2478,0.5054534214275954,0,2,0,457334,148276,33204,74752,1.3734854940901848,0.3351686783722223
2479,0.5056972332834896,0,3,0,457337,148273,33204,74752,1.3734577049909222,0.33517318686245934
2480,0.5057350863366358,0,1,0,457338,148272,33204,74752,1.3734484419578348,0.33517468971949205
2481,0.5057483656702803,0,1,0,457339,148271,33204,74752,1.373439178924747,0.3351761925900019
2482,0.5058375761735204,1,6,1,457345,148265,33205,74751,1.373383600726222,0.3351822290777343
2483,0.5058588966090583,0,11,0,457356,148254,33205,74751,1.3732817073622587,0.33519876235958834
2484,0.5061531457889508,0,1,0,457357,148253,33205,74751,1.373272444329171,0.3352002654660903
2485,0.5061558238475127,0,1,0,457358,148252,33205,74751,1.3732631812960836,0.3352017685860728
2486,0.5061558238475128,0,1,0,457359,148251,33205,74751,1.3732539182629961,0.3352032717195361
2487,0.5062456353361474,0,1,0,457360,148250,33205,74751,1.3732446552299085,0.3352047748664804
2488,0.5062895001733793,0,2,0,457362,148248,33205,74751,1.3732261291637333,0.33520778120081257
2489,0.5063096338202079,0,1,0,457363,148247,33205,74751,1.3732168661306459,0.3352092843882008
2490,0.506309633820208,0,2,0,457365,148245,33205,74751,1.3731983400644707,0.33521229080342246
2491,0.5063773232935614,0,2,0,457367,148243,33205,74751,1.3731798139982956,0.3352152972725724
2492,0.5064133104458017,0,1,0,457368,148242,33205,74751,1.3731705509652081,0.3352168005273708
2493,0.5065061261242125,1,0,1,457368,148242,33206,74750,1.3731705509652081,0.33521381932984146
2494,0.5065155926229561,4,48,4,457416,148194,33210,74746,1.3727259253770054,0.33527406477079036
2495,0.5065534456761022,1,6,1,457422,148188,33211,74745,1.37267034717848,0.33528010657910673
2496,0.5068109322743912,0,4,0,457426,148184,33211,74745,1.37263329504613,0.33528612248742873
2497,0.5069173043974871,1,1,1,457427,148183,33212,74744,1.3726240320130423,0.33528464474917796
2498,0.5069173043974872,0,2,0,457429,148181,33212,74744,1.3726055059468671,0.33528765279802625
2499,0.5069741831869792,1,10,1,457439,148171,33213,74743,1.3725128756159917,0.33529971199655473
2500,0.5070275582252245,0,1,0,457440,148170,33213,74743,1.3725036125829042,0.335301216169537
2501,0.5070718723606055,0,1,0,457441,148169,33213,74743,1.3724943495498165,0.33530272035601494
2502,0.5073078065315082,0,1,0,457442,148168,33213,74743,1.372485086516729,0.33530422455598874
2503,0.5073718050155687,26,99,26,457541,148069,33239,74717,1.371568046241061,0.3353756519709497
2504,0.5074249203981288,1,1,1,457542,148068,33240,74716,1.3715587832079736,0.33537417408790576
2505,0.5076687322540231,1,9,1,457551,148059,33241,74715,1.3714754159101856,0.3353847396913464
2506,0.5077911056785095,0,1,0,457552,148058,33241,74715,1.3714661528770982,0.3353862451912934
2507,0.5078902317000719,4,25,4,457577,148033,33245,74711,1.3712345770499093,0.33541195273497826
2508,0.5079262188523122,1,4,1,457581,148029,33246,74710,1.371197524917559,0.3354149924350922
2509,0.5080604548141081,1,0,1,457581,148029,33247,74709,1.371197524917559,0.3354120087277429
2510,0.5081194694651727,0,1,0,457582,148028,33247,74709,1.3711882618844715,0.33541351459344426
2511,0.5083632813210671,0,2,0,457584,148026,33247,74709,1.3711697358182964,0.3354165263654118
2512,0.5083769560634618,0,1,0,457585,148025,33247,74709,1.3711604727852087,0.3354180322716783
2513,0.5084870915934896,51,257,51,457842,147768,33298,74658,1.3687798732817074,0.33565320601008874
2514,0.5085544135112952,0,1,0,457843,147767,33298,74658,1.36877061024862,0.33565471507249633
2515,0.5086207679193562,2,0,2,457843,147767,33300,74656,1.36877061024862,0.33564874136217926
2516,0.508755003881152,0,1,0,457844,147766,33300,74656,1.3687613472155322,0.33565025042486807
2517,0.5088207149380186,1,4,1,457848,147762,33301,74655,1.368724295083182,0.33565329988265286
2518,0.5088373938701894,0,1,0,457849,147761,33301,74655,1.3687150320500945,0.3356548090065463
2519,0.5088782545176451,0,1,0,457850,147760,33301,74655,1.368705769017007,0.3356563181440101
2520,0.5089378288046392,4,24,4,457874,147736,33305,74651,1.3684834562229056,0.33568059284040885
2521,0.509012490479441,0,2,0,457876,147734,33305,74651,1.3684649301567304,0.33568361175438993
2522,0.5091816406605335,5,67,5,457943,147667,33310,74646,1.3678443069398645,0.33576983802116833
2523,0.5091816406605336,13,36,13,457979,147631,33323,74633,1.3675108377487124,0.3357853723499982
2524,0.509334418837212,0,2,0,457981,147629,33323,74633,1.3674923116825373,0.3357883938774959
2525,0.5094391272588226,8,45,8,458026,147584,33331,74625,1.3670754751935974,0.33583248203268096
2526,0.5095733632206184,2,8,2,458034,147576,33333,74623,1.367001370928897,0.3358385951331914
2527,0.5096557532096558,1,6,1,458040,147570,33334,74622,1.3669457927303716,0.3358446748757831
2528,0.51,1597,7629,1597,465669,139941,34931,73025,1.2962781133054206,0.3428951100175615
2529,0.5105018120500605,0,1,0,465670,139940,34931,73025,1.2962688502723332,0.3428967201183293
2530,0.5108402603899661,1,0,1,465670,139940,34932,73024,1.2962688502723332,0.34289363460490974
2531,0.5117534162841172,0,1,0,465671,139939,34932,73024,1.2962595872392457,0.3428952447138705
2532,0.5121105437292914,1,0,1,465671,139939,34933,73023,1.2962595872392457,0.3428921591645458
2533,0.512115415046706,0,1,0,465672,139938,34933,73023,1.296250324206158,0.34289376928169946
2534,0.5122362199026198,0,1,0,465673,139937,34933,73023,1.2962410611730706,0.34289537941397447
2535,0.51227220705486,0,1,0,465674,139936,34933,73023,1.296231798139983,0.342896989561371
2536,0.5126638835748927,0,1,0,465675,139935,34933,73023,1.2962225351068954,0.3428985997238892
2537,0.5134897758099353,1,1,1,465676,139934,34934,73022,1.2962132720738078,0.34289712428858543
2538,0.5136613051889479,0,1,0,465677,139933,34934,73022,1.2962040090407203,0.3428987344744195
2539,0.5137491283091302,0,1,0,465678,139932,34934,73022,1.2961947460076328,0.3429003446753759
2540,0.5137744609611286,0,1,0,465679,139931,34934,73022,1.2961854829745452,0.3429019548914549
2541,0.5138873976385248,0,1,0,465680,139930,34934,73022,1.2961762199414577,0.34290356512265674
2542,0.5138873976385249,0,1,0,465681,139929,34934,73022,1.29616695690837,0.3429051753689816
2543,0.513978366074231,0,1,0,465682,139928,34934,73022,1.2961576938752826,0.3429067856304297
2544,0.5141843248769793,0,1,0,465683,139927,34934,73022,1.2961484308421949,0.34290839590700123
2545,0.51432466776701,0,2,0,465685,139925,34934,73022,1.29612990477602,0.34291161650551544
2546,0.514345988202548,0,1,0,465686,139924,34934,73022,1.2961206417429323,0.3429132268274586
2547,0.5144418114752682,0,2,0,465688,139922,34934,73022,1.2961021156767571,0.342916447516718
2548,0.5144487556765508,0,1,0,465689,139921,34934,73022,1.2960928526436697,0.3429180578840347
2549,0.5144583440928765,0,1,0,465690,139920,34934,73022,1.296083589610582,0.3429196682664763
2550,0.5144929438620587,0,1,0,465691,139919,34934,73022,1.2960743265774946,0.3429212786640431
2551,0.5147436100311373,0,2,0,465693,139917,34934,73022,1.2960558005113194,0.34292449950455295
2552,0.5147754049781597,0,1,0,465694,139916,34934,73022,1.296046537478232,0.34292610994749645
2553,0.5148607325882574,1,0,1,465694,139916,34935,73021,1.296046537478232,0.342923024180861
2554,0.5150026842164457,1,4,1,465698,139912,34936,73020,1.2960094853458817,0.34292638025285066
2555,0.5150192168340539,1,2,1,465700,139910,34937,73019,1.2959909592797065,0.34292651541124036
2556,0.5150405372695918,0,1,0,465701,139909,34937,73019,1.295981696246619,0.3429281259392846
2557,0.5150405372695919,0,2,0,465703,139907,34937,73019,1.295963170180444,0.34293134704075595
2558,0.515287369367639,2,2,2,465705,139905,34939,73017,1.2959446441142688,0.3429283963141432
2559,0.5152980238678808,0,1,0,465706,139904,34939,73017,1.2959353810811811,0.3429300069039691
2560,0.5153151520982007,0,1,0,465707,139903,34939,73017,1.2959261180480937,0.34293161750892354
2561,0.5153938471406012,0,1,0,465708,139902,34939,73017,1.2959168550150062,0.3429332281290068
2562,0.5154043959909768,0,1,0,465709,139901,34939,73017,1.2959075919819185,0.3429348387642191
2563,0.5154612747804688,0,1,0,465710,139900,34939,73017,1.295898328948831,0.3429364494145606
2564,0.5154612747804689,0,1,0,465711,139899,34939,73017,1.2958890659157434,0.3429380600800316
2565,0.5154912744807415,1,0,1,465711,139899,34940,73016,1.2958890659157434,0.3429349740506775
2566,0.5156972332834896,0,1,0,465712,139898,34940,73016,1.295879802882656,0.3429365847243488
2567,0.5156972332834897,1,0,1,465712,139898,34941,73015,1.295879802882656,0.3429334986590767
2568,0.5157483656702802,0,1,0,465713,139897,34941,73015,1.2958705398495682,0.3429351093409484
2569,0.5157804634001438,0,1,0,465714,139896,34941,73015,1.2958612768164808,0.3429367200379501
2570,0.5158375761735204,3,5,3,465719,139891,34944,73012,1.295814961651043,0.3429355152346374
2571,0.5158588966090583,2,8,2,465727,139883,34946,73010,1.2957408573863425,0.3429422291949477
2572,0.5161268088967206,1,0,1,465727,139883,34947,73009,1.2957408573863425,0.3429391428517746
2573,0.5163773232935616,0,1,0,465728,139882,34947,73009,1.295731594353255,0.3429407537190393
2574,0.5164133104458017,0,2,0,465730,139880,34947,73009,1.2957130682870799,0.34294397549896893
2575,0.5165155926229561,4,34,4,465764,139846,34951,73005,1.2953981251621032,0.3429864083325895
2576,0.5165534456761022,0,6,0,465770,139840,34951,73005,1.2953425469635778,0.3429960769574103
2577,0.5168109322743912,0,1,0,465771,139839,34951,73005,1.2953332839304903,0.3429976884478773
2578,0.5168280605047112,0,3,0,465774,139836,34951,73005,1.2953054948312275,0.34300252301013434
2579,0.5168503729145566,0,1,0,465775,139835,34951,73005,1.29529623179814,0.34300413456117274
2580,0.5169173043974871,0,1,0,465776,139834,34951,73005,1.2952869687650523,0.34300574612735446
2581,0.5169173043974872,0,2,0,465778,139832,34951,73005,1.2952684426988774,0.343008969305149
2582,0.5169741831869792,2,14,2,465792,139818,34953,73003,1.2951387602356517,0.34302535933953887
2583,0.5170275582252245,0,1,0,465793,139817,34953,73003,1.295129497202564,0.34302697114932806
2584,0.5170718723606055,0,1,0,465794,139816,34953,73003,1.2951202341694765,0.34302858297426453
2585,0.5171078595128457,0,1,0,465795,139815,34953,73003,1.2951109711363888,0.34303019481434843
2586,0.5172420954746415,0,1,0,465796,139814,34953,73003,1.2951017081033014,0.34303180666957994
2587,0.5173244854636789,0,1,0,465797,139813,34953,73003,1.2950924450702137,0.3430334185399594
2588,0.5173718050155687,19,108,19,465905,139705,34972,72984,1.294092037496758,0.3431489169632656
2589,0.5174249203981288,0,1,0,465906,139704,34972,72984,1.2940827744636705,0.3431505303543218
2590,0.5174249203981289,0,1,0,465907,139703,34972,72984,1.2940735114305828,0.34315214376054953
2591,0.5176687322540231,4,14,4,465921,139689,34976,72980,1.293943828967357,0.3431623790961541
2592,0.5178756576092785,0,1,0,465922,139688,34976,72980,1.2939345659342696,0.34316399270224013
2593,0.5178902317000719,3,13,3,465935,139675,34979,72977,1.2938141465041313,0.3431757049075485
2594,0.5179262188523122,0,4,0,465939,139671,34979,72977,1.293777094371781,0.3431821601896091
2595,0.518060454814108,0,2,0,465941,139669,34979,72977,1.293758568305606,0.34318538792171027
2596,0.518079633416257,1,2,1,465943,139667,34980,72976,1.293740042239431,0.34318552691600474
2597,0.5181194694651728,0,1,0,465944,139666,34980,72976,1.2937307792063433,0.34318714082824653
2598,0.5183632813210671,0,3,0,465947,139663,34980,72976,1.2937029901070807,0.3431919826560509
2599,0.5183769560634618,0,1,0,465948,139662,34980,72976,1.2936937270739932,0.34319359662901266
2600,0.5184870915934896,53,242,53,466190,139420,35033,72923,1.291452073066805,0.3434207861808489
2601,0.5186207679193561,0,1,0,466191,139419,35033,72923,1.2914428100337174,0.3434224034811766
2602,0.5188207149380186,3,1,3,466192,139418,35036,72920,1.29143354700063,0.3434147444169202
2603,0.5188373938701893,0,1,0,466193,139417,35036,72920,1.2914242839675423,0.34341636172687756
2604,0.5189378288046392,3,13,3,466206,139404,35039,72917,1.2913038645374042,0.3434281112089713
2605,0.5190337830460053,1,0,1,466206,139404,35040,72916,1.2913038645374042,0.34342501883948756
2606,0.5191816406605335,8,58,8,466264,139346,35048,72908,1.290766608618326,0.3434941155408143
2607,0.5191816406605336,7,32,7,466296,139314,35055,72901,1.2904701915595242,0.3435242560610701
2608,0.5194391272588226,10,39,10,466335,139275,35065,72891,1.2901089332691096,0.34355646050733857
2609,0.5195733632206184,3,20,3,466355,139255,35068,72888,1.2899236726073586,0.3435795666130865
2610,0.5196557532096558,1,4,1,466359,139251,35069,72887,1.2898866204750083,0.34358295072075723
2611,0.52,1573,7461,1573,473820,131790,36642,71314,1.2207751306087666,0.35112060816133606
2612,0.5230311852459122,0,1,0,473821,131789,36642,71314,1.220765867575679,0.3511223369423396
2613,0.5234328970204433,0,2,0,473823,131787,36642,71314,1.2207473415095038,0.35112579455541826
2614,0.5236234521358017,1,0,1,473823,131787,36643,71313,1.2207473415095038,0.35112259970457904
2615,0.5237491283091301,0,1,0,473824,131786,36643,71313,1.2207380784764164,0.35112432852943637
2616,0.5237491283091302,0,1,0,473825,131785,36643,71313,1.2207288154433287,0.3511260573713183
2617,0.5238873976385248,1,1,1,473826,131784,36644,71312,1.2207195524102412,0.35112459132626933
2618,0.523925250691671,0,1,0,473827,131783,36644,71312,1.2207102893771538,0.35112632019498263
2619,0.5242221779301254,0,2,0,473829,131781,36644,71312,1.2206917633109786,0.3511297779834854
2620,0.5244418114752682,0,1,0,473830,131780,36644,71312,1.220682500277891,0.3511315069032754
2621,0.5245760474370641,0,2,0,473832,131778,36644,71312,1.2206639742117158,0.35113496479393375
2622,0.5247436100311373,0,1,0,473833,131777,36644,71312,1.2206547111786283,0.3511366937648026
2623,0.5250026842164457,0,2,0,473835,131775,36644,71312,1.2206361851124532,0.35114015175762114
2624,0.5250405372695918,1,1,1,473836,131774,36645,71311,1.2206269220793657,0.3511386857719674
2625,0.5250405372695919,0,1,0,473837,131773,36645,71311,1.220617659046278,0.35114041480372654
2626,0.5252620367156405,1,1,1,473838,131772,36646,71310,1.2206083960131906,0.3511389487990073
2627,0.5253374645080463,0,1,0,473839,131771,36646,71310,1.220599132980103,0.3511406778576036
2628,0.5256972332834896,0,3,0,473842,131768,36646,71310,1.2205713438808403,0.3511458651355637
2629,0.5256972332834897,0,1,0,473843,131767,36646,71310,1.2205620808477529,0.3511475942622749
2630,0.5258375761735204,3,9,3,473852,131758,36649,71307,1.2204787135499648,0.3511535715165095
2631,0.5258588966090582,0,5,0,473857,131753,36649,71307,1.220432398384527,0.3511622180636265
2632,0.5258588966090583,2,7,2,473864,131746,36651,71305,1.2203675571529142,0.351167933179349
2633,0.5259120119916184,0,1,0,473865,131745,36651,71305,1.2203582941198265,0.3511696626446688
2634,0.5259547198817787,0,2,0,473867,131743,36651,71305,1.2203397680536514,0.35117312162641345
2635,0.5261558238475127,0,1,0,473868,131742,36651,71305,1.220330505020564,0.35117485114283886
2636,0.5261713458326119,0,1,0,473869,131741,36651,71305,1.2203212419874763,0.3511765806763
2637,0.5263773232935615,0,1,0,473870,131740,36651,71305,1.2203119789543888,0.351178310226797
2638,0.5264133104458018,1,4,1,473874,131736,36652,71304,1.2202749268220385,0.3511820330969267
2639,0.5265155926229561,7,28,7,473902,131708,36659,71297,1.220015561895587,0.3512080983227014
2640,0.5265534456761022,1,4,1,473906,131704,36660,71296,1.219978509763237,0.35121182266009854
2641,0.5267062238527807,0,1,0,473907,131703,36660,71296,1.2199692467301493,0.35121355277612204
2642,0.5269173043974871,0,2,0,473909,131701,36660,71296,1.2199507206639741,0.3512170130593063
2643,0.5269173043974872,0,2,0,473911,131699,36660,71296,1.219932194597799,0.35122047341067514
2644,0.5269451682361871,0,1,0,473912,131698,36660,71296,1.2199229315647115,0.3512222036119294
2645,0.5269741831869791,3,11,3,473923,131687,36663,71293,1.2198210382007484,0.35123164843826976
2646,0.5269741831869792,0,7,0,473930,131680,36663,71293,1.2197561969691355,0.3512437614855178
2647,0.5270718723606055,0,2,0,473932,131678,36663,71293,1.2197376709029604,0.3512472225096196
2648,0.5273718050155687,20,111,20,474043,131567,36683,71273,1.218709474230242,0.351375468349438
2649,0.5274249203981288,0,1,0,474044,131566,36683,71273,1.2187002111971543,0.3513772006369584
2650,0.5276687322540231,1,14,1,474058,131552,36684,71272,1.2185705287339286,0.351398256616574
2651,0.5277095064520646,0,1,0,474059,131551,36684,71272,1.2185612657008411,0.35139998915310394
2652,0.5278215104307016,0,2,0,474061,131549,36684,71272,1.218542739634666,0.35140345427741704
2653,0.5278902317000719,6,16,6,474077,131533,36690,71266,1.218394531105265,0.35141198921099215
2654,0.5279262188523122,1,4,1,474081,131529,36691,71265,1.2183574789729148,0.35141572235864965
2655,0.528019034530723,1,0,1,474081,131529,36692,71264,1.2183574789729148,0.3514125241009305
2656,0.528060454814108,0,1,0,474082,131528,36692,71264,1.2183482159398273,0.35141425697266165
2657,0.528079633416257,0,1,0,474083,131527,36692,71264,1.2183389529067399,0.351415989861483
2658,0.5281194694651729,0,4,0,474087,131523,36692,71264,1.2183019007743896,0.35142292158767574
2659,0.528363281321067,1,2,1,474089,131521,36693,71263,1.2182833747082145,0.351423189206249
2660,0.5284870915934896,57,261,57,474350,131260,36750,71206,1.2158657230723628,0.351693617693835
2661,0.5286207679193561,0,1,0,474351,131259,36750,71206,1.2158564600392752,0.35169535475267333
2662,0.5286207679193562,0,3,0,474354,131256,36750,71206,1.2158286709400126,0.3517005660321443
2663,0.5287519083064874,0,1,0,474355,131255,36750,71206,1.215819407906925,0.35170230315962087
2664,0.528755003881152,0,1,0,474356,131254,36750,71206,1.2158101448738374,0.3517040403042576
2665,0.5288207149380186,0,2,0,474358,131252,36750,71206,1.2157916188076623,0.3517075146450128
2666,0.5289378288046392,5,25,5,474383,131227,36755,71201,1.2155600429804736,0.35173493785444704
2667,0.5291816406605335,10,112,10,474495,131115,36765,71191,1.2145225832746676,0.3518976204363687
2668,0.529334418837212,1,0,1,474495,131115,36766,71190,1.2145225832746676,0.35189441684585154
2669,0.5293486724189935,0,1,0,474496,131114,36766,71190,1.2145133202415799,0.3518961562796583
2670,0.5294391272588226,10,35,10,474531,131079,36776,71180,1.2141891140835155,0.35192500704542196
2671,0.5295733632206184,2,11,2,474542,131068,36778,71178,1.2140872207195523,0.3519377391889086
2672,0.5296557532096559,0,6,0,474548,131062,36778,71178,1.2140316425210271,0.35194818037974684
2673,0.5297114722622525,0,2,0,474550,131060,36778,71178,1.214013116454852,0.35195166091436825
2674,0.5297820319509873,0,1,0,474551,131059,36778,71178,1.2140038534217643,0.3519534012074942
2675,0.53,1627,7325,1627,481876,123734,38405,69551,1.14615213605543,0.3598365108518509
2676,0.5300432214860374,0,1,0,481877,123733,38405,69551,1.1461428730223424,0.359838372550237
2677,0.5304029902614809,0,1,0,481878,123732,38405,69551,1.146133609989255,0.35984023426788697
2678,0.5308615808255039,0,1,0,481879,123731,38405,69551,1.1461243469561673,0.35984209600480127
2679,0.5311144744202649,0,1,0,481880,123730,38405,69551,1.1461150839230798,0.3598439577609801
2680,0.5311294931131664,0,1,0,481881,123729,38405,69551,1.1461058208899921,0.35984581953642386
2681,0.5319768674034249,0,1,0,481882,123728,38405,69551,1.1460965578569047,0.3598476813311327
2682,0.5323744892320144,0,1,0,481883,123727,38405,69551,1.1460872948238172,0.35984954314510703
2683,0.5324276046145745,1,0,1,481883,123727,38406,69550,1.1460872948238172,0.3598462310569804
2684,0.5326453154331591,1,0,1,481883,123727,38407,69549,1.1460872948238172,0.3598429189345806
2685,0.5330311852459122,0,2,0,481885,123725,38407,69549,1.146068768757642,0.3598466425903122
2686,0.5332093811890891,2,1,2,481886,123724,38409,69547,1.1460595057245544,0.35984188005443135
2687,0.5332307016246268,0,1,0,481887,123723,38409,69547,1.146050242691467,0.35984374191545504
2688,0.5334897758099353,1,0,1,481887,123723,38410,69546,1.146050242691467,0.3598404296602145
2689,0.5335276288630815,0,1,0,481888,123722,38410,69546,1.1460409796583793,0.3598422915330008
2690,0.5337851154613704,0,1,0,481889,123721,38410,69546,1.1460317166252918,0.35984415342505444
2691,0.5338873976385248,1,0,1,481889,123721,38411,69545,1.1460317166252918,0.35984084112052817
2692,0.5340976736871738,0,1,0,481890,123720,38411,69545,1.1460224535922043,0.3598427030243448
2693,0.5343246677670099,0,1,0,481891,123719,38411,69545,1.1460131905591167,0.35984456494742945
2694,0.5344058243230281,0,1,0,481892,123718,38411,69545,1.1460039275260292,0.3598464268897823
2695,0.5344418114752683,0,1,0,481893,123717,38411,69545,1.1459946644929415,0.3598482888514038
2696,0.5344622263790878,0,1,0,481894,123716,38411,69545,1.145985401459854,0.35985015083229416
2697,0.5347436100311372,0,2,0,481896,123714,38411,69545,1.145966875393679,0.3598538748518827
2698,0.5347967254136975,0,2,0,481898,123712,38411,69545,1.1459483493275038,0.35985759894855035
2699,0.5350026842164457,1,3,1,481901,123709,38412,69544,1.1459205602282412,0.359859872809219
2700,0.5350405372695918,0,1,0,481902,123708,38412,69544,1.1459112971951535,0.3598617349367665
2701,0.5352620367156405,0,2,0,481904,123706,38412,69544,1.1458927711289786,0.3598654592496766
2702,0.535287369367639,1,1,1,481905,123705,38413,69543,1.145883508095891,0.3598640089418778
2703,0.5352980238678807,1,0,1,481905,123705,38414,69542,1.145883508095891,0.35986069641443336
2704,0.5354043959909768,1,1,1,481906,123704,38415,69541,1.1458742450628034,0.3598592460348263
2705,0.5354534214275953,1,0,1,481906,123704,38416,69540,1.1458742450628034,0.3598559334313096
2706,0.5354612747804688,0,1,0,481907,123703,38416,69540,1.1458649820297158,0.35985779562519726
2707,0.5356972332834896,0,4,0,481911,123699,38416,69540,1.1458279298973655,0.3598652445934827
2708,0.5358375761735205,4,11,4,481922,123688,38420,69536,1.1457260365334025,0.3598724796091583
2709,0.5358588966090582,1,5,1,481927,123683,38421,69535,1.1456797213679648,0.3598784792307135
2710,0.5358588966090583,2,1,2,481928,123682,38423,69533,1.1456704583348771,0.359873715808814
2711,0.5359120119916184,0,1,0,481929,123681,38423,69533,1.1456611953017897,0.3598755783742379
2712,0.5359925729349247,0,1,0,481930,123680,38423,69533,1.145651932268702,0.3598774409589417
2713,0.5360889558435745,0,1,0,481931,123679,38423,69533,1.1456426692356145,0.3598793035629257
2714,0.5361268088967206,0,1,0,481932,123678,38423,69533,1.1456334062025268,0.3598811661861902
2715,0.5361558238475127,0,1,0,481933,123677,38423,69533,1.1456241431694394,0.3598830288287356
2716,0.5363096338202079,0,2,0,481935,123675,38423,69533,1.1456056171032643,0.35988675417166993
2717,0.5363773232935615,0,2,0,481937,123673,38423,69533,1.1455870910370891,0.3598904795917311
2718,0.5364133104458018,1,0,1,481937,123673,38424,69532,1.1455870910370891,0.35988716648119873
2719,0.5365155926229561,4,33,4,481970,123640,38428,69528,1.1452814109451999,0.35993539302575994
2720,0.5365534456761022,0,2,0,481972,123638,38428,69528,1.1452628848790247,0.35993911972086184
2721,0.5367469337903308,1,0,1,481972,123638,38429,69527,1.1452628848790247,0.3599358061760671
2722,0.5368109322743913,0,1,0,481973,123637,38429,69527,1.1452536218459373,0.3599376695450498
2723,0.5369451682361871,0,1,0,481974,123636,38429,69527,1.1452443588128496,0.35993953293332576
2724,0.5369741831869791,3,13,3,481987,123623,38432,69524,1.1451239393827115,0.359953817558647
2725,0.5369741831869792,2,3,2,481990,123620,38434,69522,1.145096150283449,0.35995278085553634
2726,0.5371078595128457,0,1,0,481991,123619,38434,69522,1.1450868872503612,0.359954644534304
2727,0.537108373108723,0,1,0,481992,123618,38434,69522,1.1450776242172738,0.3599565082323703
2728,0.5373078065315081,0,1,0,481993,123617,38434,69522,1.145068361184186,0.3599583719497357
2729,0.5373718050155687,28,83,28,482076,123534,38462,69494,1.1442995294379192,0.36002030793460016
2730,0.5374249203981288,0,1,0,482077,123533,38462,69494,1.1442902664048316,0.3600221730638719
2731,0.5376687322540231,1,7,1,482084,123526,38463,69493,1.1442254251732187,0.3600319139566571
2732,0.5377498067932067,0,2,0,482086,123524,38463,69493,1.1442068991070435,0.3600356445287203
2733,0.537793867650588,0,1,0,482087,123523,38463,69493,1.144197636073956,0.3600375098437435
2734,0.5378902317000719,4,16,4,482103,123507,38467,69489,1.1440494275445552,0.3600540943853759
2735,0.5379262188523122,1,6,1,482109,123501,38468,69488,1.1439938493460298,0.3600619724440253
2736,0.538060454814108,1,1,1,482110,123500,38469,69487,1.1439845863129423,0.36006052221134066
2737,0.538079633416257,1,1,1,482111,123499,38470,69486,1.1439753232798548,0.36005907194859704
2738,0.538363281321067,1,0,1,482111,123499,38471,69485,1.1439753232798548,0.36005575591758904
2739,0.5383632813210671,0,2,0,482113,123497,38471,69485,1.1439567972136797,0.3600594874133339
2740,0.5384870915934896,61,248,61,482361,123249,38532,69424,1.1416595650079662,0.36032033549070186
2741,0.5386207679193561,0,1,0,482362,123248,38532,69424,1.1416503019748787,0.36032220561368544
2742,0.5387519083064874,1,0,1,482362,123248,38533,69423,1.1416503019748787,0.3603188855613974
2743,0.5387550038811519,0,1,0,482363,123247,38533,69423,1.141641038941791,0.36032075569626826
2744,0.5388207149380186,0,1,0,482364,123246,38533,69423,1.1416317759087036,0.36032262585055197
2745,0.5388373938701894,0,2,0,482366,123244,38533,69423,1.1416132498425284,0.3603263662173595
2746,0.538878254517645,0,1,0,482367,123243,38533,69423,1.141603986809441,0.3603282364298838
2747,0.538893112922786,0,1,0,482368,123242,38533,69423,1.1415947237763533,0.36033010666182236
2748,0.5389378288046393,8,27,8,482395,123215,38541,69415,1.1413446218829895,0.36035404661786846
2749,0.5389810502906767,0,1,0,482396,123214,38541,69415,1.1413353588499018,0.3603559173333195
2750,0.539012490479441,1,1,1,482397,123213,38542,69414,1.1413260958168143,0.36035446744225885
2751,0.5391816406605335,20,86,20,482483,123127,38562,69394,1.1405294749712847,0.3604489899803138
2752,0.5392902515768754,0,1,0,482484,123126,38562,69394,1.140520211938197,0.3604508622480781
2753,0.5394391272588226,4,32,4,482516,123094,38566,69390,1.1402237948793954,0.36049749589576274
2754,0.5395153688446398,1,0,1,482516,123094,38567,69389,1.1402237948793954,0.360494173511427
2755,0.5395733632206184,3,22,3,482538,123072,38570,69386,1.140020008151469,0.36052541333693583
2756,0.5396557532096559,0,1,0,482539,123071,38570,69386,1.1400107451183816,0.36052728661467237
2757,0.539751666925069,0,1,0,482540,123070,38570,69386,1.140001482085294,0.36052915991187595
2758,0.54,1673,6838,1673,489378,116232,40243,67713,1.0766608618325986,0.36811546929788797
2759,0.5416751523470409,0,1,0,489379,116231,40243,67713,1.076651598799511,0.3681174705345105
2760,0.5422642810965997,0,1,0,489380,116230,40243,67713,1.0766423357664234,0.36811947179289234
2761,0.5423271696801247,0,1,0,489381,116229,40243,67713,1.0766330727333357,0.3681214730730339
2762,0.5423531687964765,0,1,0,489382,116228,40243,67713,1.0766238097002483,0.3681234743749354
2763,0.5423744892320144,1,0,1,489382,116228,40244,67712,1.0766238097002483,0.36812003914319885
2764,0.5426591743832077,0,1,0,489383,116227,40244,67712,1.0766145466671606,0.3681220404590652
2765,0.5428252264431641,0,1,0,489384,116226,40244,67712,1.0766052836340732,0.36812404179669234
2766,0.5429094485341259,1,0,1,489384,116226,40245,67711,1.0766052836340732,0.3681206065120123
2767,0.5430921069348097,0,1,0,489385,116225,40245,67711,1.0765960206009857,0.36812260786360473
2768,0.5432307016246268,0,1,0,489386,116224,40245,67711,1.076586757567898,0.3681246092369587
2769,0.5434897758099353,0,2,0,489388,116222,40245,67711,1.0765682315017229,0.3681286120489526
2770,0.5438873976385247,0,1,0,489389,116221,40245,67711,1.0765589684686354,0.36813061348759324
2771,0.5438873976385248,0,1,0,489390,116220,40245,67711,1.0765497054355477,0.3681326149479968
2772,0.5443263681515964,0,1,0,489391,116219,40245,67711,1.0765404424024603,0.36813461643016365
2773,0.5443952948961575,1,0,1,489391,116219,40246,67710,1.0765404424024603,0.3681311810535587
2774,0.5444058243230281,0,2,0,489393,116217,40246,67710,1.0765219163362851,0.36813518406759205
2775,0.5447158306911656,0,1,0,489394,116216,40246,67710,1.0765126533031977,0.3681371856072551
2776,0.5447436100311372,1,2,1,489396,116214,40247,67709,1.0764941272370225,0.3681377532989349
2777,0.5447967254136975,0,1,0,489397,116213,40247,67709,1.0764848642039349,0.36813975489609724
2778,0.5448319458473558,1,0,1,489397,116213,40248,67708,1.0764848642039349,0.3681363193980024
2779,0.5450026842164456,0,1,0,489398,116212,40248,67708,1.0764756011708474,0.3681383210091344
2780,0.5450026842164457,0,4,0,489402,116208,40248,67708,1.0764385490384971,0.3681463276713282
2781,0.545019216834054,1,0,1,489402,116208,40249,67707,1.0764385490384971,0.3681428920968926
2782,0.5450405372695918,1,1,1,489403,116207,40250,67706,1.0764292860054097,0.36814145818947
2783,0.5450936526521519,0,1,0,489404,116206,40250,67706,1.076420022972322,0.3681434599156118
2784,0.5452620367156406,0,1,0,489405,116205,40250,67706,1.0764107599392345,0.368145461663522
2785,0.5452873693676389,0,1,0,489406,116204,40250,67706,1.076401496906147,0.36814746343320104
2786,0.545287369367639,0,1,0,489407,116203,40250,67706,1.0763922338730594,0.36814946522464914
2787,0.5452980238678807,0,1,0,489408,116202,40250,67706,1.076382970839972,0.3681514670378668
2788,0.5453363075609746,0,1,0,489409,116201,40250,67706,1.0763737078068842,0.3681534688728542
2789,0.5453374645080463,0,1,0,489410,116200,40250,67706,1.0763644447737968,0.36815547072961186
2790,0.5454043959909767,0,1,0,489411,116199,40250,67706,1.076355181740709,0.3681574726081401
2791,0.5454456010917087,0,1,0,489412,116198,40250,67706,1.0763459187076216,0.36815947450843917
2792,0.5458375761735205,2,9,2,489421,116189,40252,67704,1.0762625514098336,0.3681706209589272
2793,0.5458588966090582,2,3,2,489424,116186,40254,67702,1.076234762310571,0.36816975550334985
2794,0.5458588966090583,0,2,0,489426,116184,40254,67702,1.0762162362443959,0.36817375982945955
2795,0.5459120119916184,1,0,1,489426,116184,40255,67701,1.0762162362443959,0.3681703238437067
2796,0.5459547198817787,0,1,0,489427,116183,40255,67701,1.0762069732113082,0.36817232603162864
2797,0.5461558238475127,0,2,0,489429,116181,40255,67701,1.0761884471451333,0.36817633047280324
2798,0.5461558238475128,0,1,0,489430,116180,40255,67701,1.0761791841120456,0.36817833272605655
2799,0.5463096338202079,0,2,0,489432,116178,40255,67701,1.0761606580458705,0.368182337297897
2800,0.546515592622956,4,13,4,489445,116165,40259,67697,1.0760402386157324,0.36819462422904137
2801,0.5465155926229561,2,15,2,489460,116150,40261,67695,1.075901293119419,0.3682177921618755
2802,0.5465534456761021,0,4,0,489464,116146,40261,67695,1.075864240987069,0.36822580381960496
2803,0.5465534456761022,0,4,0,489468,116142,40261,67695,1.0758271888547186,0.36823381582597625
2804,0.5468109322743913,0,1,0,489469,116141,40261,67695,1.075817925821631,0.36823581888204704
2805,0.5468503729145566,1,0,1,489469,116141,40262,67694,1.075817925821631,0.3682323822993445
2806,0.5469741831869791,0,7,0,489476,116134,40262,67694,1.075753084590018,0.3682464042474487
2807,0.5469741831869792,3,6,3,489482,116128,40265,67691,1.0756975063914929,0.36824811363351995
2808,0.5469818183022095,1,0,1,489482,116128,40266,67690,1.0756975063914929,0.36824467679987816
2809,0.5470275582252245,0,1,0,489483,116127,40266,67690,1.0756882433584052,0.36824668012207795
2810,0.5473718050155686,14,102,14,489585,116025,40280,67676,1.0747434139834748,0.3684030027054834
2811,0.5474249203981288,2,0,2,489585,116025,40282,67674,1.0747434139834748,0.36839612627178153
2812,0.5475208746394948,0,1,0,489586,116024,40282,67674,1.0747341509503872,0.36839813171618635
2813,0.547668732254023,1,2,1,489588,116022,40283,67673,1.074715624884212,0.3683987043740984
2814,0.5476687322540231,1,5,1,489593,116017,40284,67672,1.0746693097187743,0.3684052937301635
2815,0.5477421611000636,0,1,0,489594,116016,40284,67672,1.0746600466856868,0.36840729933365274
2816,0.5477575822670968,0,1,0,489595,116015,40284,67672,1.0746507836525991,0.3684093049589791
2817,0.547777343170365,0,1,0,489596,116014,40284,67672,1.0746415206195117,0.36841131060614307
2818,0.5478902317000719,6,17,6,489613,115997,40290,67666,1.0744840490570233,0.36842477799012324
2819,0.5479262188523122,0,3,0,489616,115994,40290,67666,1.0744562599577605,0.36843079603615375
2820,0.548060454814108,0,2,0,489618,115992,40290,67666,1.0744377338915854,0.3684348081760664
2821,0.548079633416257,0,3,0,489621,115989,40290,67666,1.0744099447923228,0.36844082654978083
2822,0.5481194694651728,0,6,0,489627,115983,40290,67666,1.0743543665937976,0.368452863887089
2823,0.548363281321067,0,1,0,489628,115982,40290,67666,1.07434510356071,0.36845487018644363
2824,0.5483632813210672,0,2,0,489630,115980,40290,67666,1.0743265774945348,0.3684588828507019
2825,0.5483920437501325,0,1,0,489631,115979,40290,67666,1.0743173144614473,0.3684608892156062
2826,0.5484870915934895,57,231,57,489862,115748,40347,67609,1.0721775538182223,0.36872876410499733
2827,0.5486207679193561,1,2,1,489864,115746,40348,67608,1.0721590277520472,0.36872934323767137
2828,0.548755003881152,1,0,1,489864,115746,40349,67607,1.0721590277520472,0.36872590031251196
2829,0.5487735460960346,0,2,0,489866,115744,40349,67607,1.072140501685872,0.368729922389297
2830,0.5488207149380187,1,4,1,489870,115740,40350,67606,1.0721034495535218,0.3687345237965377
2831,0.5489378288046393,2,19,2,489889,115721,40352,67604,1.0719274519248583,0.3687658529933179
2832,0.5490124904794409,2,0,2,489889,115721,40354,67602,1.0719274519248583,0.36875896641447065
2833,0.549012490479441,0,2,0,489891,115719,40354,67602,1.0719089258586831,0.3687629895102034
2834,0.5490895982336851,0,1,0,489892,115718,40354,67602,1.0718996628255957,0.3687650010909884
2835,0.5491816406605335,18,118,18,490010,115600,40372,67584,1.0708066249212642,0.3689405188226046
2836,0.549334418837212,0,3,0,490013,115597,40372,67584,1.0707788358220016,0.3689465610516375
2837,0.5494391272588226,10,36,10,490049,115561,40382,67574,1.0704453666308495,0.36898462882572963
2838,0.5495733632206184,1,14,1,490063,115547,40383,67573,1.0703156841676238,0.3690093927479249
2839,0.5495846309220145,0,1,0,490064,115546,40383,67573,1.0703064211345363,0.369011407882306
2840,0.5496557532096559,2,3,2,490067,115543,40385,67571,1.0702786320352737,0.3690105617265747
2841,0.5497114722622525,0,2,0,490069,115541,40385,67571,1.0702601059690986,0.36901459216217397
2842,0.549751666925069,0,2,0,490071,115539,40385,67571,1.0702415799029235,0.36901862268581725
2843,0.5497820319509873,0,1,0,490072,115538,40385,67571,1.0702323168698358,0.3690206379806563
2844,0.55,1735,6620,1735,496692,108918,42120,65836,1.008911037830227,0.37673529647390047
2845,0.550204884811606,0,1,0,496693,108917,42120,65836,1.0089017747971396,0.3767374522898033
2846,0.550440843314627,0,1,0,496694,108916,42120,65836,1.008892511764052,0.37673960813037904
2847,0.5506131759660815,0,1,0,496695,108915,42120,65836,1.0088832487309645,0.3767417639956281
2848,0.551320171389527,0,1,0,496696,108914,42120,65836,1.008873985697877,0.3767439198855508
2849,0.5521154150467059,1,0,1,496696,108914,42121,65835,1.008873985697877,0.3767403533067428
2850,0.5523744892320144,0,1,0,496697,108913,42121,65835,1.0088647226647893,0.37674250921326713
2851,0.5525081655578808,1,0,1,496697,108913,42122,65834,1.0088647226647893,0.37673894258556656
2852,0.5526591743832077,0,1,0,496698,108912,42122,65834,1.0088554596317019,0.37674109850869264
2853,0.5528330797960375,0,1,0,496699,108911,42122,65834,1.0088461965986142,0.37674325445649376
2854,0.553230701624627,1,0,1,496699,108911,42123,65833,1.0088461965986142,0.3767396877718262
2855,0.5537491283091301,0,1,0,496700,108910,42123,65833,1.0088369335655267,0.37674184373622976
2856,0.5537637950258325,0,1,0,496701,108909,42123,65833,1.008827670532439,0.3767439997253093
2857,0.5537851154613704,1,0,1,496701,108909,42124,65832,1.008827670532439,0.376740432983673
2858,0.5538873976385247,0,1,0,496702,108908,42124,65832,1.0088184074993516,0.3767425889893556
2859,0.5538873976385248,1,0,1,496702,108908,42125,65831,1.0088184074993516,0.37673902219882227
2860,0.5539252506916709,1,0,1,496702,108908,42126,65830,1.0088184074993516,0.37673545536746444
2861,0.5542221779301254,0,1,0,496703,108907,42126,65830,1.0088091444662641,0.37673761138167644
2862,0.5543180012028457,0,1,0,496704,108906,42126,65830,1.0087998814331764,0.37673976742056586
2863,0.55432466776701,0,1,0,496705,108905,42126,65830,1.008790618400089,0.3767419234841331
2864,0.5544418114752683,1,0,1,496705,108905,42127,65829,1.008790618400089,0.37673835658772764
2865,0.5544796645284145,0,1,0,496706,108904,42127,65829,1.0087813553670013,0.37674051266789904
2866,0.5545860366515103,0,1,0,496707,108903,42127,65829,1.0087720923339139,0.37674266877274915
2867,0.5547436100311373,0,7,0,496714,108896,42127,65829,1.008707251102301,0.3767577621977393
2868,0.5547436100311374,0,1,0,496715,108895,42127,65829,1.0086979880692133,0.3767599185000343
2869,0.5548319458473557,1,1,1,496716,108894,42128,65828,1.0086887250361258,0.3767585078009638
2870,0.5550026842164457,1,2,1,496718,108892,42129,65827,1.0086701989699507,0.376759253429793
2871,0.555019216834054,1,0,1,496718,108892,42130,65826,1.0086701989699507,0.376755686305933
2872,0.5550405372695918,0,1,0,496719,108891,42130,65826,1.0086609359368632,0.3767578426827384
2873,0.5551742135954583,1,0,1,496719,108891,42131,65825,1.0086609359368632,0.3767542755099705
2874,0.5552767034323429,1,1,1,496720,108890,42132,65824,1.0086516729037756,0.3767528646817084
2875,0.5552873693676389,0,1,0,496721,108889,42132,65824,1.008642409870688,0.3767550210917333
2876,0.5554612747804688,0,1,0,496722,108888,42132,65824,1.0086331468376004,0.3767571775264435
2877,0.5555589639540951,1,0,1,496722,108888,42133,65823,1.0086331468376004,0.37675361024778065
2878,0.5558375761735204,3,8,3,496730,108880,42136,65820,1.0085590425729,0.37676016027475673
2879,0.5558588966090582,1,10,1,496740,108870,42137,65819,1.0084664122420246,0.37677816004442183
2880,0.5558588966090583,1,4,1,496744,108866,42138,65818,1.0084293601096743,0.37678321998580294
2881,0.5559120119916184,0,1,0,496745,108865,42138,65818,1.0084200970765869,0.37678537693994263
2882,0.5561558238475127,1,0,1,496745,108865,42139,65817,1.0084200970765869,0.3767818092304874
2883,0.5561558238475128,1,0,1,496745,108865,42140,65816,1.0084200970765869,0.37677824148018385
2884,0.556171345832612,0,1,0,496746,108864,42140,65816,1.0084108340434992,0.376780398442867
2885,0.5563096338202079,0,5,0,496751,108859,42140,65816,1.0083645188780614,0.37679118362673536
2886,0.5563564316563098,0,1,0,496752,108858,42140,65816,1.008355255844974,0.3767933407376026
2887,0.556515592622956,1,23,1,496775,108835,42141,65815,1.0081422060839602,0.376839393071858
2888,0.5565155926229561,4,11,4,496786,108824,42145,65811,1.008040312719997,0.37684885618575886
2889,0.5565534456761021,0,2,0,496788,108822,42145,65811,1.008021786653822,0.3768531720808782
2890,0.5565534456761022,1,2,1,496790,108820,42146,65810,1.0080032605876468,0.37685391971597093
2891,0.5565667250097466,0,1,0,496791,108819,42146,65810,1.0079939975545593,0.3768560777419558
2892,0.5566065610586624,0,1,0,496792,108818,42146,65810,1.0079847345214716,0.37685823579265637
2893,0.5568109322743912,0,1,0,496793,108817,42146,65810,1.0079754714883842,0.3768603938680731
2894,0.5568503729145567,1,1,1,496794,108816,42147,65809,1.0079662084552965,0.3768589835361489
2895,0.5569173043974871,1,0,1,496794,108816,42148,65808,1.0079662084552965,0.37685541506322157
2896,0.5569173043974872,0,2,0,496796,108814,42148,65808,1.0079476823891216,0.3768597313053338
2897,0.556945168236187,1,0,1,496796,108814,42149,65807,1.0079476823891216,0.3768561627753821
2898,0.5569741831869791,3,6,3,496802,108808,42152,65804,1.0078921041905962,0.37685840606602067
2899,0.5569741831869792,0,9,0,496811,108799,42152,65804,1.0078087368928081,0.37687783142328596
2900,0.5570718723606055,0,1,0,496812,108798,42152,65804,1.0077994738597207,0.3768799899199322
2901,0.557083277277821,0,1,0,496813,108797,42152,65804,1.007790210826633,0.3768821484413033
2902,0.5571078595128457,0,1,0,496814,108796,42152,65804,1.0077809477935455,0.3768843069873998
2903,0.5573718050155686,28,85,28,496899,108711,42180,65776,1.0069935899811033,0.3769679116495785
2904,0.5574249203981289,0,2,0,496901,108709,42180,65776,1.0069750639149284,0.37697223257013496
2905,0.557553353661296,0,2,0,496903,108707,42180,65776,1.0069565378487533,0.376976553589748
2906,0.557668732254023,2,1,2,496904,108706,42182,65774,1.0069472748156656,0.37697157267308573
2907,0.5576687322540231,6,7,6,496911,108699,42188,65768,1.0068824335840527,0.3769652713693707
2908,0.5577095064520646,1,0,1,496911,108699,42189,65767,1.0068824335840527,0.3769617002739789
2909,0.5578902317000719,0,24,0,496935,108675,42189,65767,1.0066601207899515,0.3770135632473831
2910,0.5579262188523121,1,4,1,496939,108671,42190,65766,1.0066230686576012,0.37701863710107375
2911,0.558079633416257,0,3,0,496942,108668,42190,65766,1.0065952795583386,0.3770251212492977
2912,0.5581194694651728,0,1,0,496943,108667,42190,65766,1.006586016525251,0.3770272826816027
2913,0.5581428448031454,0,1,0,496944,108666,42190,65766,1.0065767534921635,0.37702944413869016
2914,0.5582722476418512,0,1,0,496945,108665,42190,65766,1.006567490459076,0.37703160562056054
2915,0.558363281321067,0,1,0,496946,108664,42190,65766,1.0065582274259883,0.37703376712721437
2916,0.5584870915934895,54,223,54,497169,108441,42244,65712,1.0044925710474637,0.37732338805533067
2917,0.5587735460960346,0,1,0,497170,108440,42244,65712,1.0044833080143762,0.3773255546878589
2918,0.5588207149380185,1,3,1,497173,108437,42245,65711,1.0044555189151136,0.37732847922456764
2919,0.5589378288046393,7,18,7,497191,108419,42252,65704,1.0042887843195376,0.3773424533232255
2920,0.5590124904794409,0,1,0,497192,108418,42252,65704,1.00427952128645,0.3773446204385431
2921,0.5591816406605336,21,103,21,497295,108315,42273,65683,1.003325428878432,0.3774928447453419
2922,0.5592902515768754,0,1,0,497296,108314,42273,65683,1.0033161658453444,0.37749501428185545
2923,0.559334418837212,0,2,0,497298,108312,42273,65683,1.0032976397791693,0.37749935342969626
2924,0.5594391272588226,13,26,13,497324,108286,42286,65670,1.003056800918893,0.37750925521396217
2925,0.5595153688446398,0,1,0,497325,108285,42286,65670,1.0030475378858053,0.3775114253686298
2926,0.5595733632206185,2,13,2,497338,108272,42288,65668,1.0029271184556672,0.37753248246521787
2927,0.5596557532096559,2,4,2,497342,108268,42290,65666,1.002890066323317,0.37753400715213814
2928,0.5597114722622524,0,1,0,497343,108267,42290,65666,1.0028808032902294,0.3775361777236062
2929,0.5597114722622525,0,1,0,497344,108266,42290,65666,1.0028715402571418,0.37753834832003313
2930,0.56,1694,6328,1694,503672,101938,43984,63972,0.9442550668790989,0.38558254475317943
2931,0.5603439295703639,0,1,0,503673,101937,43984,63972,0.9442458038460113,0.38558486881362675
2932,0.5608994338786499,0,1,0,503674,101936,43984,63972,0.9442365408129237,0.3855871929020903
2933,0.5615515368890199,1,0,1,503674,101936,43985,63971,0.9442365408129237,0.3855834895453477
2934,0.5623531687964766,1,0,1,503674,101936,43986,63970,0.9442365408129237,0.38557978614396105
2935,0.5628812295425754,0,1,0,503675,101935,43986,63970,0.9442272777798363,0.3855821102438142
2936,0.5630311852459122,0,1,0,503676,101934,43986,63970,0.9442180147467487,0.3855844343716848
2937,0.5634897758099353,0,1,0,503677,101933,43986,63970,0.9442087517136611,0.38558675852757335
2938,0.563593029713505,0,1,0,503678,101932,43986,63970,0.9441994886805736,0.3855890827114803
2939,0.5638873976385248,1,0,1,503678,101932,43987,63969,0.9441994886805736,0.3855853792321927
2940,0.5643246677670101,0,1,0,503679,101931,43987,63969,0.944190225647486,0.3855877034358047
2941,0.5643459882025478,1,0,1,503679,101931,43988,63968,0.944190225647486,0.3855839999035558
2942,0.5643459882025479,0,1,0,503680,101930,43988,63968,0.9441809626143984,0.38558632412687316
2943,0.5644418114752682,0,1,0,503681,101929,43988,63968,0.9441716995813109,0.38558864837821055
2944,0.5647264966264616,1,0,1,503681,101929,43989,63967,0.9441716995813109,0.38558494478468436
2945,0.5647436100311373,0,3,0,503684,101926,43989,63967,0.9441439104820483,0.3855919176818793
2946,0.5647754049781597,0,1,0,503685,101925,43989,63967,0.9441346474489607,0.38559424203698794
2947,0.5648319458473557,1,3,1,503688,101922,43990,63966,0.944106858349698,0.38559751157407407
2948,0.5648644148870511,1,1,1,503689,101921,43991,63965,0.9440975953166104,0.38559613228361644
2949,0.5650026842164456,1,1,1,503690,101920,43992,63964,0.944088332283523,0.3855947529598997
2950,0.5650026842164457,1,2,1,503692,101918,43993,63963,0.9440698062173478,0.38559569812094213
2951,0.5650405372695918,0,2,0,503694,101916,43993,63963,0.9440512801511727,0.38560034724106124
2952,0.5651363605423122,0,1,0,503695,101915,43993,63963,0.9440420171180851,0.3856026718431618
2953,0.5652620367156406,0,1,0,503696,101914,43993,63963,0.9440327540849975,0.38560499647329044
2954,0.5652767034323429,1,0,1,503696,101914,43994,63962,0.9440327540849975,0.3856012925317707
2955,0.565287369367639,2,0,2,503696,101914,43996,63960,0.9440327540849975,0.3855938845147522
2956,0.5654322598296766,0,1,0,503697,101913,43996,63960,0.9440234910519101,0.3855962091479626
2957,0.5654534214275954,0,1,0,503698,101912,43996,63960,0.9440142280188225,0.3855985338092023
2958,0.5654612747804687,0,1,0,503699,101911,43996,63960,0.9440049649857349,0.3856008584984717
2959,0.5654612747804688,0,1,0,503700,101910,43996,63960,0.9439957019526474,0.38560318321577136
2960,0.5655146498187141,0,1,0,503701,101909,43996,63960,0.9439864389195598,0.3856055079611018
2961,0.5656972332834896,0,1,0,503702,101908,43996,63960,0.9439771758864722,0.38560783273446353
2962,0.5657948981249978,0,1,0,503703,101907,43996,63960,0.9439679128533847,0.38561015753585703
2963,0.5658375761735204,2,8,2,503711,101899,43998,63958,0.9438938085886843,0.3856213485110668
2964,0.5658588966090582,1,8,1,503719,101891,43999,63957,0.9438197043239839,0.38563624523660217
2965,0.5658588966090583,1,2,1,503721,101889,44000,63956,0.9438011782578087,0.3856371913533721
2966,0.5660320135750903,0,1,0,503722,101888,44000,63956,0.9437919152247212,0.38563951665420515
2967,0.5661558238475127,0,1,0,503723,101887,44000,63956,0.9437826521916336,0.3856418419830804
2968,0.5663096338202078,1,0,1,503723,101887,44001,63955,0.9437826521916336,0.38563813750437165
2969,0.5664133104458017,0,1,0,503724,101886,44001,63955,0.943773389158546,0.38564046285297365
2970,0.566423736135175,0,1,0,503725,101885,44001,63955,0.9437641261254586,0.3856427882296189
2971,0.566515592622956,3,11,3,503736,101874,44004,63952,0.9436622327614954,0.3856572551952046
2972,0.5665155926229561,4,18,4,503754,101856,44008,63948,0.9434954981659195,0.38568430194687703
2973,0.5665534456761021,0,1,0,503755,101855,44008,63948,0.9434862351328319,0.38568662810684967
2974,0.5665534456761022,0,2,0,503757,101853,44008,63948,0.9434677090666568,0.385691280510974
2975,0.5666065610586624,0,2,0,503759,101851,44008,63948,0.9434491830004816,0.38569593302734034
2976,0.5667276255702614,0,1,0,503760,101850,44008,63948,0.9434399199673941,0.38569825932761553
2977,0.5668109322743912,0,2,0,503762,101848,44008,63948,0.943421393901219,0.3857029120123525
2978,0.5668280605047111,0,1,0,503763,101847,44008,63948,0.9434121308681315,0.38570523839681536
2979,0.5669741831869791,1,10,1,503773,101837,44009,63947,0.9433195005372559,0.38572479853303093
2980,0.5669741831869792,0,4,0,503777,101833,44009,63947,0.9432824484049057,0.38573410544094583
2981,0.5670718723606055,0,1,0,503778,101832,44009,63947,0.9432731853718181,0.3857364322381001
2982,0.5670832772778212,0,1,0,503779,101831,44009,63947,0.9432639223387306,0.38573875906332566
2983,0.5671078595128457,0,1,0,503780,101830,44009,63947,0.943254659305643,0.38574108591662293
2984,0.5671839962590858,0,2,0,503782,101828,44009,63947,0.943236133239468,0.38574573970743475
2985,0.5672420954746416,0,1,0,503783,101827,44009,63947,0.9432268702063804,0.38574806664495037
2986,0.5673718050155686,15,93,15,503876,101734,44024,63932,0.9423654081292379,0.3859089976217208
2987,0.5674249203981288,0,2,0,503878,101732,44024,63932,0.9423468820630627,0.38591365655785204
2988,0.5674249203981289,0,2,0,503880,101730,44024,63932,0.9423283559968876,0.3859183156064758
2989,0.567520874639495,0,1,0,503881,101729,44024,63932,0.9423190929638001,0.3859206451729737
2990,0.567668732254023,1,3,1,503884,101726,44025,63931,0.9422913038645374,0.3859239271506788
2991,0.5676687322540231,2,6,2,503890,101720,44027,63929,0.9422357256660121,0.38593049158159726
2992,0.5678902317000719,3,11,3,503901,101709,44030,63926,0.942133832302049,0.38594499954719713
2993,0.5679262188523121,1,5,1,503906,101704,44031,63925,0.9420875171366112,0.38595294302326283
2994,0.5680604548141079,0,1,0,503907,101703,44031,63925,0.9420782541035236,0.38595527326297485
2995,0.568060454814108,1,0,1,503907,101703,44032,63924,0.9420782541035236,0.3859515658678839
2996,0.5681194694651728,0,1,0,503908,101702,44032,63924,0.9420689910704361,0.3859538961274196
2997,0.5683632813210671,0,3,0,503911,101699,44032,63924,0.9420412019711735,0.3859608870748628
2998,0.5683632813210672,0,2,0,503913,101697,44032,63924,0.9420226759049983,0.3859655478471933
2999,0.5684516177382635,0,1,0,503914,101696,44032,63924,0.9420134128719108,0.3859678782755706
3000,0.5684870915934895,65,244,65,504158,101452,44097,63859,0.9397532327985476,0.3862961327437376
3001,0.5685160594977456,0,1,0,504159,101451,44097,63859,0.93974396976546,0.3862984695420725
3002,0.5686207679193561,0,5,0,504164,101446,44097,63859,0.9396976546000222,0.3863101539578355
3003,0.5687066305014568,1,0,1,504164,101446,44098,63858,0.9396976546000222,0.38630644146542126
3004,0.568755003881152,0,1,0,504165,101445,44098,63858,0.9396883915669346,0.38630877842507394
3005,0.5688207149380186,1,0,1,504165,101445,44099,63857,0.9396883915669346,0.3863050658794207
3006,0.5689378288046393,0,15,0,504180,101430,44099,63857,0.9395494460706214,0.3863401235426864
3007,0.5690337830460053,0,2,0,504182,101428,44099,63857,0.9395309200044463,0.38634479837855823
3008,0.5691816406605334,8,34,8,504216,101394,44107,63849,0.9392159768794694,0.38639458252391934
3009,0.5691816406605336,12,32,12,504248,101362,44119,63837,0.9389195598206677,0.38642485729332504
3010,0.569334418837212,1,3,1,504251,101359,44120,63836,0.9388917707214051,0.38642816065861557
3011,0.5694391272588226,6,29,6,504280,101330,44126,63830,0.938623142761866,0.3864737224509566
3012,0.5695733632206185,3,7,3,504287,101323,44129,63827,0.9385583015302531,0.38647895852255526
3013,0.5696377463045746,0,1,0,504288,101322,44129,63827,0.9385490384971655,0.386481298706017
3014,0.5696557532096559,2,3,2,504291,101319,44131,63825,0.9385212493979028,0.38648088940560965
3015,0.5697249738120452,0,1,0,504292,101318,44131,63825,0.9385119863648153,0.38648322968578747
3016,0.5697859425474787,0,1,0,504293,101317,44131,63825,0.9385027233317278,0.38648556999430794
3017,0.57,1770,6067,1770,510360,95250,45901,62055,0.8823039015895365,0.3944884142271384
3018,0.5706556220227558,0,1,0,510361,95249,45901,62055,0.882294638556449,0.39449092203631186
3019,0.5714159946622475,1,0,1,510361,95249,45902,62054,0.882294638556449,0.39448707271952854
3020,0.5715880836771894,0,1,0,510362,95248,45902,62054,0.8822853755233614,0.39448958055205907
3021,0.5717177932181164,0,1,0,510363,95247,45902,62054,0.8822761124902738,0.39449208841647543
3022,0.572014720456571,1,0,1,510363,95247,45903,62053,0.8822761124902738,0.39448823903369357
3023,0.572115415046706,1,0,1,510363,95247,45904,62052,0.8822761124902738,0.39448438960196824
3024,0.5723531687964766,0,1,0,510364,95246,45904,62052,0.8822668494571863,0.394486897481214
3025,0.5732093811890892,0,1,0,510365,95245,45904,62052,0.8822575864240987,0.39448940539234695
3026,0.5732307016246269,0,1,0,510366,95244,45904,62052,0.8822483233910111,0.3944919133353677
3027,0.5733796402799074,0,1,0,510367,95243,45904,62052,0.8822390603579235,0.39449442131027684
3028,0.5733815061808134,0,1,0,510368,95242,45904,62052,0.8822297973248361,0.39449692931707503
3029,0.5734897758099353,0,1,0,510369,95241,45904,62052,0.8822205342917485,0.3944994373557628
3030,0.5735276288630814,0,1,0,510370,95240,45904,62052,0.882211271258661,0.3945019454263408
3031,0.5738873976385248,1,1,1,510371,95239,45905,62051,0.8822020082255734,0.3945006039799097
3032,0.5738914875844664,0,2,0,510373,95237,45905,62051,0.8821834821593982,0.39450562026346575
3033,0.5739252506916709,1,0,1,510373,95237,45906,62050,0.8821834821593982,0.3945017706485596
3034,0.5741843248769792,0,1,0,510374,95236,45906,62050,0.8821742191263107,0.3945042788296479
3035,0.57423585267252,0,1,0,510375,95235,45906,62050,0.8821649560932232,0.39450678704262965
3036,0.5743459882025479,1,0,1,510375,95235,45907,62049,0.8821649560932232,0.3945029373617151
3037,0.5744436773761741,1,0,1,510375,95235,45908,62048,0.8821649560932232,0.3944990876318483
3038,0.5746429154410023,0,1,0,510376,95234,45908,62048,0.8821556930601356,0.3945015958596661
3039,0.5750026842164456,0,1,0,510377,95233,45908,62048,0.8821464300270481,0.3945041041193787
3040,0.5750026842164457,1,2,1,510379,95231,45909,62047,0.8821279039608729,0.3945052709215529
3041,0.5750405372695918,1,1,1,510380,95230,45910,62046,0.8821186409277854,0.39450392939800094
3042,0.5752136542356238,0,1,0,510381,95229,45910,62046,0.8821093778946978,0.39450643776824035
3043,0.575287369367639,0,4,0,510385,95225,45910,62046,0.8820723257623476,0.39451647156818487
3044,0.5753101621300604,1,0,1,510385,95225,45911,62045,0.8820723257623476,0.394512621606155
3045,0.5754043959909767,1,0,1,510385,95225,45912,62044,0.8820723257623476,0.39450877159516495
3046,0.5754612747804688,0,2,0,510387,95223,45912,62044,0.8820537996961725,0.39451378865241915
3047,0.5756972332834897,0,2,0,510389,95221,45912,62044,0.8820352736299975,0.39451880583728105
3048,0.5757291870681311,0,1,0,510390,95220,45912,62044,0.8820260105969099,0.3945213144775664
3049,0.5758375761735204,1,6,1,510396,95214,45913,62043,0.8819704323983846,0.39453251683549856
3050,0.5758588966090582,0,7,0,510403,95207,45913,62043,0.8819055911667717,0.394550079491256
3051,0.5758588966090583,1,1,1,510404,95206,45914,62042,0.8818963281336841,0.3945487382987383
3052,0.5759120119916185,0,1,0,510405,95205,45914,62042,0.8818870651005966,0.39455124740058634
3053,0.5759925729349248,0,1,0,510406,95204,45914,62042,0.881877802067509,0.39455375653434743
3054,0.5761558238475127,1,3,1,510409,95201,45915,62041,0.8818500129682463,0.39455743376451585
3055,0.5763096338202078,1,0,1,510409,95201,45916,62040,0.8818500129682463,0.39455358335294227
3056,0.5763773232935615,0,1,0,510410,95200,45916,62040,0.8818407499351588,0.3945560925973035
3057,0.5764237361351752,0,1,0,510411,95199,45916,62040,0.8818314869020712,0.394558601873581
3058,0.576515592622956,8,11,8,510422,95188,45924,62032,0.8817295935381081,0.39455540007632617
3059,0.5765155926229562,4,15,4,510437,95173,45928,62028,0.8815906480417948,0.3945776426358611
3060,0.5765534456761021,2,0,2,510437,95173,45930,62026,0.8815906480417948,0.394569940012341
3061,0.5765534456761022,1,2,1,510439,95171,45931,62025,0.8815721219756197,0.39457110867961015
3062,0.5768109322743912,1,1,1,510440,95170,45932,62024,0.8815628589425322,0.3945697672939171
3063,0.5768640476569513,1,0,1,510440,95170,45933,62023,0.8815628589425322,0.39456591578505407
3064,0.5769173043974871,0,1,0,510441,95169,45933,62023,0.8815535959094446,0.3945684258740903
3065,0.5769741831869791,2,8,2,510449,95161,45935,62021,0.8814794916447442,0.39458080441780863
3066,0.5769741831869792,0,5,0,510454,95156,45935,62021,0.8814331764793064,0.394593356534353
3067,0.577324485463679,0,1,0,510455,95155,45935,62021,0.8814239134462188,0.3945958670534942
3068,0.5773718050155686,23,88,23,510543,95067,45958,61998,0.880608766534514,0.3947282972017954
3069,0.5774249203981288,0,3,0,510546,95064,45958,61998,0.8805809774352514,0.3947358368033006
3070,0.5774249203981289,0,1,0,510547,95063,45958,61998,0.8805717144021639,0.39473835006780805
3071,0.5774995820729305,0,1,0,510548,95062,45958,61998,0.8805624513690763,0.39474086336431935
3072,0.5775449219816007,0,1,0,510549,95061,45958,61998,0.8805531883359887,0.39474337669283516
3073,0.577668732254023,0,2,0,510551,95059,45958,61998,0.8805346622698136,0.3947484034458827
3074,0.5776687322540232,3,6,3,510557,95053,45961,61995,0.8804790840712883,0.39475192297896183
3075,0.5778902317000719,2,10,2,510567,95043,45963,61993,0.8803864537404128,0.3947693522504394
3076,0.5779262188523121,0,3,0,510570,95040,45963,61993,0.8803586646411501,0.3947768940286437
3077,0.578079633416257,1,4,1,510574,95036,45964,61992,0.8803216125087999,0.3947830960083552
3078,0.5781194694651728,1,2,1,510576,95034,45965,61991,0.8803030864426248,0.3947842700206973
3079,0.5781551337752306,1,0,1,510576,95034,45966,61990,0.8803030864426248,0.39478041573262684
3080,0.5783632813210671,1,1,1,510577,95033,45967,61989,0.8802938234095372,0.3947790755435544
3081,0.5783632813210672,1,1,1,510578,95032,45968,61988,0.8802845603764496,0.3947777353203414
3082,0.5784870915934895,54,210,54,510788,94822,46022,61934,0.8783393234280633,0.3950981142667585
3083,0.578620767919356,3,0,3,510788,94822,46025,61931,0.8783393234280633,0.3950865374187416
3084,0.5786919764050956,0,1,0,510789,94821,46025,61931,0.8783300603949757,0.39508905787485965
3085,0.5788207149380186,0,1,0,510790,94820,46025,61931,0.8783207973618882,0.39509157836313646
3086,0.5788782545176452,0,1,0,510791,94819,46025,61931,0.8783115343288006,0.39509409888357255
3087,0.5789378288046393,4,14,4,510805,94805,46029,61927,0.8781818518655748,0.3951139524793916
3088,0.5790337830460053,0,1,0,510806,94804,46029,61927,0.8781725888324873,0.3951164734481373
3089,0.5790847269162706,0,1,0,510807,94803,46029,61927,0.8781633257993997,0.3951189944490525
3090,0.5790948804684785,0,1,0,510808,94802,46029,61927,0.8781540627663122,0.395121515482138
3091,0.5791816406605335,19,42,19,510850,94760,46048,61908,0.8777650153766349,0.39515408379503153
3092,0.5791816406605336,10,47,10,510897,94713,46058,61898,0.8773296528215199,0.39523405124799665
3093,0.579334418837212,0,4,0,510901,94709,46058,61898,0.8772926006891697,0.3952441461748198
3094,0.5794391272588225,10,36,10,510937,94673,46068,61888,0.8769591314980177,0.39529640204137684
3095,0.5794842146457659,0,1,0,510938,94672,46068,61888,0.8769498684649302,0.3952989269289729
3096,0.5795733632206184,4,11,4,510949,94661,46072,61884,0.876847975100967,0.3953112523555527
3097,0.5796557532096558,0,2,0,510951,94659,46072,61884,0.876829449034792,0.3953163028688603
3098,0.5797114722622525,0,1,0,510952,94658,46072,61884,0.8768201860017044,0.3953188281739086
3099,0.5797820319509873,0,1,0,510953,94657,46072,61884,0.8768109229686168,0.3953213535112207
3100,0.5798647318104782,0,1,0,510954,94656,46072,61884,0.8768016599355293,0.39532387888079723
3101,0.58,1726,5770,1726,516724,88886,47798,60158,0.8233539590203416,0.4036257749389442
3102,0.5816964727825786,0,1,0,516725,88885,47798,60158,0.823344695987254,0.4036284830552257
3103,0.5821154150467059,0,1,0,516726,88884,47798,60158,0.8233354329541666,0.40363119120784746
3104,0.5823320431753402,1,0,1,516726,88884,47799,60157,0.8233354329541666,0.4036271898336699
3105,0.5823744892320144,0,1,0,516727,88883,47799,60157,0.823326169921079,0.403629898013956
3106,0.5827146379565064,0,1,0,516728,88882,47799,60157,0.8233169068879914,0.40363260623058395
3107,0.5828330797960374,0,1,0,516729,88881,47799,60157,0.8233076438549038,0.40363531448355455
3108,0.5830311852459122,0,1,0,516730,88880,47799,60157,0.8232983808218163,0.4036380227728685
3109,0.5830486437490879,0,2,0,516732,88878,47799,60157,0.8232798547556411,0.4036434394605294
3110,0.5831129034886962,1,0,1,516732,88878,47800,60156,0.8232798547556411,0.40363943798059504
3111,0.5835874649835616,2,0,2,516732,88878,47802,60154,0.8232798547556411,0.40363143485962744
3112,0.5839193514231663,0,1,0,516733,88877,47802,60154,0.8232705917225537,0.403634143231945
3113,0.5841843248769792,0,1,0,516734,88876,47802,60154,0.8232613286894661,0.40363685164060925
3114,0.5842008574945876,0,1,0,516735,88875,47802,60154,0.8232520656563785,0.4036395600856209
3115,0.58432466776701,0,1,0,516736,88874,47802,60154,0.823242802623291,0.4036422685669807
3116,0.5843700886343158,1,0,1,516736,88874,47803,60153,0.823242802623291,0.4036382668912345
3117,0.5844637125257679,1,0,1,516736,88874,47804,60152,0.823242802623291,0.40363426516178386
3118,0.5844796645284144,0,1,0,516737,88873,47804,60152,0.8232335395902034,0.40363697366213724
3119,0.5847436100311373,0,1,0,516738,88872,47804,60152,0.8232242765571158,0.40363968219884044
3120,0.584864414887051,0,1,0,516739,88871,47804,60152,0.8232150135240283,0.4036423907718943
3121,0.5848644148870511,0,1,0,516740,88870,47804,60152,0.8232057504909408,0.4036450993812994
3122,0.5850026842164456,0,1,0,516741,88869,47804,60152,0.8231964874578532,0.4036478080270566
3123,0.5850026842164457,1,3,1,516744,88866,47805,60151,0.8231686983585905,0.4036519323298684
3124,0.5850405372695918,0,1,0,516745,88865,47805,60151,0.823159435325503,0.40365464111236377
3125,0.5856972332834897,0,2,0,516747,88863,47805,60151,0.8231409092593279,0.40366005878642275
3126,0.5857804634001438,0,1,0,516748,88862,47805,60151,0.8231316462262404,0.4036627676779878
3127,0.5858375761735204,0,10,0,516758,88852,47805,60151,0.8230390158953648,0.40368985859345113
3128,0.5858588966090582,1,5,1,516763,88847,47806,60150,0.822992700729927,0.4036994033436915
3129,0.5858588966090583,1,1,1,516764,88846,47807,60149,0.8229834376968395,0.40369811067485484
3130,0.5858961727865389,0,1,0,516765,88845,47807,60149,0.8229741746637519,0.40370082016725506
3131,0.5859925729349248,0,2,0,516767,88843,47807,60149,0.8229556485975767,0.4037062392611684
3132,0.5860989450580206,0,1,0,516768,88842,47807,60149,0.8229463855644893,0.403708948862683
3133,0.5863607086591187,0,1,0,516769,88841,47807,60149,0.8229371225314017,0.4037116585005705
3134,0.5863773232935615,1,0,1,516769,88841,47808,60148,0.8229371225314017,0.40370765626992594
3135,0.586515592622956,4,14,4,516783,88827,47812,60144,0.822807440068176,0.40372958495277605
3136,0.5865155926229562,6,13,6,516796,88814,47818,60138,0.8226870206380377,0.40374080240614424
3137,0.5865224045366437,0,1,0,516797,88813,47818,60138,0.8226777576049502,0.40374351296735167
3138,0.5865534456761021,2,2,2,516799,88811,47820,60136,0.8226592315387751,0.40374092798109396
3139,0.5865534456761022,1,0,1,516799,88811,47821,60135,0.8226592315387751,0.40373692479153517
3140,0.5866991569990243,0,1,0,516800,88810,47821,60135,0.8226499685056875,0.40373963543589914
3141,0.5868109322743912,0,1,0,516801,88809,47821,60135,0.8226407054725999,0.4037423461166613
3142,0.5868280605047111,0,1,0,516802,88808,47821,60135,0.8226314424395124,0.40374505683382234
3143,0.5869173043974871,1,0,1,516802,88808,47822,60134,0.8226314424395124,0.40374105356447476
3144,0.5869741831869791,2,8,2,516810,88800,47824,60132,0.8225573381748119,0.4037547337039723
3145,0.5869741831869792,1,0,1,516810,88800,47825,60131,0.8225573381748119,0.40375073020391994
3146,0.5870527728061807,0,1,0,516811,88799,47825,60131,0.8225480751417245,0.40375344121399315
3147,0.5871078595128457,0,1,0,516812,88798,47825,60131,0.8225388121086369,0.4037561522604731
3148,0.5872420954746416,1,0,1,516812,88798,47826,60130,0.8225388121086369,0.40375214868929954
3149,0.5873293589588944,0,1,0,516813,88797,47826,60130,0.8225295490755493,0.4037548597635083
3150,0.5873293589588945,0,1,0,516814,88796,47826,60130,0.8225202860424617,0.4037575708741254
3151,0.5873718050155686,23,74,23,516888,88722,47849,60107,0.8218348215939827,0.4038661819941006
3152,0.5874249203981288,0,2,0,516890,88720,47849,60107,0.8218162955278077,0.40387160931820165
3153,0.587668732254023,0,1,0,516891,88719,47849,60107,0.8218070324947201,0.4038743230349536
3154,0.5876687322540232,1,7,1,516898,88712,47850,60106,0.8217421912631072,0.4038893144646481
3155,0.5878902317000719,5,7,5,516905,88705,47855,60101,0.8216773500314943,0.4038882840745669
3156,0.5879262188523121,4,3,4,516908,88702,47859,60097,0.8216495609322316,0.4038804024220593
3157,0.588060454814108,0,1,0,516909,88701,47859,60097,0.8216402978991441,0.4038831167085579
3158,0.5880604548141081,0,1,0,516910,88700,47859,60097,0.8216310348660565,0.40388583103153963
3159,0.588079633416257,0,6,0,516916,88694,47859,60097,0.8215754566675312,0.40390211773561574
3160,0.5881194694651728,0,2,0,516918,88692,47859,60097,0.8215569306013562,0.40390754692887243
3161,0.5881326912509376,0,1,0,516919,88691,47859,60097,0.8215476675682686,0.40391026158023496
3162,0.5883632813210671,0,1,0,516920,88690,47859,60097,0.821538404535181,0.4039129762680879
3163,0.5884870915934896,47,182,47,517102,88508,47906,60050,0.8198525325132462,0.4042192275071016
3164,0.5885111920252577,0,2,0,517104,88506,47906,60050,0.819834006447071,0.40422466948490804
3165,0.588620767919356,1,0,1,517104,88506,47907,60049,0.819834006447071,0.40422065901517956
3166,0.5887519083064875,0,1,0,517105,88505,47907,60049,0.8198247434139835,0.4042233800503521
3167,0.5888207149380186,1,0,1,517105,88505,47908,60048,0.8198247434139835,0.40421936951794984
3168,0.5889378288046392,7,21,7,517126,88484,47915,60041,0.8196302197191448,0.40424844302306007
3169,0.5891816406605335,17,44,17,517170,88440,47932,60024,0.8192226462632924,0.40430003233107015
3170,0.5891816406605336,12,37,12,517207,88403,47944,60012,0.8188799140390529,0.4043526597715864
3171,0.589334418837212,2,2,2,517209,88401,47946,60010,0.8188613879728779,0.404350081867247
3172,0.5894391272588225,11,39,11,517248,88362,47957,59999,0.8185001296824632,0.40441221075619604
3173,0.5895143025295017,0,1,0,517249,88361,47957,59999,0.8184908666493756,0.40441493664060396
3174,0.5895733632206184,2,4,2,517253,88357,47959,59997,0.8184538145170255,0.4044178114509889
3175,0.589645599657448,0,1,0,517254,88356,47959,59997,0.8184445514839379,0.40442053750176943
3176,0.5896557532096558,0,7,0,517261,88349,47959,59997,0.818379710252325,0.40443962088630636
3177,0.5896621322750563,1,0,1,517261,88349,47960,59996,0.818379710252325,0.40443560618827734
3178,0.5897114722622525,1,0,1,517261,88349,47961,59995,0.818379710252325,0.40443159143612145
3179,0.5897516669250691,0,1,0,517262,88348,47961,59995,0.8183704472192375,0.4044343177635615
3180,0.59,1665,5556,1665,522818,82792,49626,58330,0.7669050353847864,0.41333030994458697
3181,0.5901554195069476,0,1,0,522819,82791,49626,58330,0.7668957723516988,0.4133332388517655
3182,0.5904408433146269,0,1,0,522820,82790,49626,58330,0.7668865093186112,0.4133361678004535
3183,0.5907444625554858,1,0,1,522820,82790,49627,58329,0.7668865093186112,0.4133320105726373
3184,0.5919199886139329,0,1,0,522821,82789,49627,58329,0.7668772462855238,0.41333493955413203
3185,0.5923531687964766,1,0,1,522821,82789,49628,58328,0.7668772462855238,0.41333078225869313
3186,0.5923744892320143,0,2,0,522823,82787,49628,58328,0.7668587202193486,0.41333664032880985
3187,0.5924064430166558,0,1,0,522824,82786,49628,58328,0.7668494571862611,0.41333956942613775
3188,0.5928330797960374,0,1,0,522825,82785,49628,58328,0.7668401941531735,0.41334249856497984
3189,0.5930265922423841,0,1,0,522826,82784,49628,58328,0.7668309311200859,0.41334542774533706
3190,0.5930690382990583,0,3,0,522829,82781,49628,58328,0.7668031420208233,0.413354215535508
3191,0.5932101566184523,0,1,0,522830,82780,49628,58328,0.7667938789877358,0.4133571448819344
3192,0.5935063084275436,0,1,0,522831,82779,49628,58328,0.7667846159546482,0.4133600742698803
3193,0.5937851154613704,0,1,0,522832,82778,49628,58328,0.7667753529215606,0.4133630036993466
3194,0.5938873976385248,1,1,1,522833,82777,49629,58327,0.7667660898884731,0.41336177571153193
3195,0.5938914875844664,0,1,0,522834,82776,49629,58327,0.7667568268553855,0.41336470521533913
3196,0.5941324985196597,0,1,0,522835,82775,49629,58327,0.766747563822298,0.41336763476066957
3197,0.5941449501401024,0,2,0,522837,82773,49629,58327,0.7667290377561229,0.4133734939759036
3198,0.5943459882025478,1,0,1,522837,82773,49630,58326,0.7667290377561229,0.4133693364233623
3199,0.5947436100311373,0,3,0,522840,82770,49630,58326,0.7667012486568602,0.413378125531553
3200,0.5949004020392913,0,1,0,522841,82769,49630,58326,0.7666919856237726,0.4133810553173394
3201,0.5950026842164458,0,4,0,522845,82765,49630,58326,0.7666549334914224,0.4133927748757894
3202,0.5952424166646891,0,1,0,522846,82764,49630,58326,0.7666456704583349,0.4133957048692324
3203,0.5952873693676389,0,2,0,522848,82762,49630,58326,0.7666271443921597,0.4134015649807212
3204,0.595287369367639,0,2,0,522850,82760,49630,58326,0.7666086183259847,0.41340742525835306
3205,0.5952980238678808,0,2,0,522852,82758,49630,58326,0.7665900922598096,0.4134132857021349
3206,0.5954612747804687,1,1,1,522853,82757,49631,58325,0.766580829226722,0.41341205823563604
3207,0.5956972332834897,0,2,0,522855,82755,49631,58325,0.7665623031605469,0.413417918911256
3208,0.5957350863366357,0,1,0,522856,82754,49631,58325,0.7665530401274593,0.41342084931137874
3209,0.5958375761735204,1,5,1,522861,82749,49632,58324,0.7665067249620215,0.4134313440559143
3210,0.5958588966090582,3,7,3,522868,82742,49635,58321,0.7664418837304087,0.41343938523921936
3211,0.5958588966090583,0,1,0,522869,82741,49635,58321,0.7664326206973211,0.41344231614467397
3212,0.595965870687515,0,1,0,522870,82740,49635,58321,0.7664233576642335,0.41344524709168373
3213,0.5959933461864871,0,1,0,522871,82739,49635,58321,0.7664140946311461,0.41344817808024953
3214,0.5963773232935615,0,1,0,522872,82738,49635,58321,0.7664048315980585,0.41345110911037225
3215,0.5965155926229561,2,14,2,522886,82724,49637,58319,0.7662751491348327,0.4134838311720539
3216,0.5965155926229562,5,16,5,522902,82708,49642,58314,0.7661269406054318,0.4135099488023145
3217,0.5965475464075977,0,1,0,522903,82707,49642,58314,0.7661176775723443,0.4135128810602676
3218,0.5965534456761021,0,1,0,522904,82706,49642,58314,0.7661084145392567,0.41351581335980714
3219,0.5965534456761022,0,1,0,522905,82705,49642,58314,0.7660991515061691,0.41351874570093394
3220,0.5965667250097466,0,1,0,522906,82704,49642,58314,0.7660898884730816,0.41352167808364887
3221,0.5966065610586624,0,1,0,522907,82703,49642,58314,0.7660806254399941,0.4135246105079529
3222,0.5968109322743912,0,3,0,522910,82700,49642,58314,0.7660528363407314,0.41353340803040833
3223,0.5968280605047112,1,0,1,522910,82700,49643,58313,0.7660528363407314,0.4135292490763263
3224,0.5969173043974871,2,1,2,522911,82699,49645,58311,0.7660435733076438,0.4135238635557762
3225,0.5969741831869791,0,6,0,522917,82693,49645,58311,0.7659879951091185,0.4135414598167428
3226,0.5969741831869793,0,3,0,522920,82690,49645,58311,0.7659602060098558,0.4135502585088049
3227,0.5970718723606054,0,2,0,522922,82688,49645,58311,0.7659416799436808,0.41355612451152135
3228,0.5971078595128456,0,1,0,522923,82687,49645,58311,0.7659324169105932,0.41355905757528477
3229,0.5973011101257063,0,1,0,522924,82686,49645,58311,0.7659231538775056,0.4135619906806528
3230,0.5973718050155686,30,71,30,522995,82615,49675,58281,0.7652654785282893,0.4136455257778787
3231,0.5974249203981288,1,0,1,522995,82615,49676,58280,0.7652654785282893,0.4136413641364136
3232,0.5974249203981289,1,0,1,522995,82615,49677,58279,0.7652654785282893,0.41363720243587376
3233,0.5975208746394949,0,1,0,522996,82614,49677,58279,0.7652562154952017,0.4136401382609498
3234,0.5976169128385567,0,1,0,522997,82613,49677,58279,0.7652469524621142,0.4136430741277006
3235,0.5976687322540232,1,10,1,523007,82603,49678,58278,0.7651543221312387,0.4136682732235007
3236,0.5978902317000719,4,12,4,523019,82591,49682,58274,0.765043165734188,0.4136868633088418
3237,0.5979262188523121,2,4,2,523023,82587,49684,58272,0.7650061136018378,0.41369028603071156
3238,0.5979366445416856,0,1,0,523024,82586,49684,58272,0.7649968505687502,0.41369322296213207
3239,0.598060454814108,0,1,0,523025,82585,49684,58272,0.7649875875356626,0.4136961599352535
3240,0.598079633416257,0,4,0,523029,82581,49684,58272,0.7649505354033125,0.41370790824476583
3241,0.5981428448031454,0,1,0,523030,82580,49684,58272,0.7649412723702249,0.413710845426405
3242,0.5983632813210671,0,1,0,523031,82579,49684,58272,0.7649320093371373,0.41371378264975045
3243,0.5984870915934896,52,189,52,523220,82390,49736,58220,0.7631812960835896,0.4140530545480407
3244,0.598620767919356,0,2,0,523222,82388,49736,58220,0.7631627700174145,0.41405894401456533
3245,0.5986207679193561,0,1,0,523223,82387,49736,58220,0.7631535069843269,0.41406188881065664
3246,0.598677268739038,0,1,0,523224,82386,49736,58220,0.7631442439512394,0.41406483364863517
3247,0.5987519083064875,1,0,1,523224,82386,49737,58219,0.7631442439512394,0.41406066640588884
3248,0.598755003881152,0,1,0,523225,82385,49737,58219,0.7631349809181518,0.4140636112770618
3249,0.5988207149380186,1,2,1,523227,82383,49738,58218,0.7631164548519768,0.4140653338169714
3250,0.5989378288046392,7,7,7,523234,82376,49745,58211,0.7630516136203639,0.4140567762310882
3251,0.5991816406605335,10,43,10,523277,82333,49755,58201,0.762653303197599,0.41414177352099846
3252,0.5991816406605336,17,49,17,523326,82284,49772,58184,0.7621994145763089,0.4142153373010223
3253,0.5993344188372121,0,1,0,523327,82283,49772,58184,0.7621901515432213,0.4142182861455004
3254,0.5993486724189936,1,0,1,523327,82283,49773,58183,0.7621901515432213,0.41421411587145646
3255,0.5994391272588225,10,31,10,523358,82252,49783,58173,0.7619029975175071,0.4142638419084921
3256,0.5995733632206184,0,15,0,523373,82237,49783,58173,0.7617640520211938,0.41430809771383803
3257,0.5996557532096558,0,3,0,523376,82234,49783,58173,0.7617362629219312,0.4143169500096149
3258,0.5996834527105942,0,1,0,523377,82233,49783,58173,0.7617269998888436,0.41431990085893766
3259,0.6,1689,5304,1689,528681,76929,51472,56484,0.7125958723924561,0.42337703222324663
3260,0.6012592026540934,0,1,0,528682,76928,51472,56484,0.7125866093593687,0.4233802056786496
3261,0.6017177932181165,0,1,0,528683,76927,51472,56484,0.7125773463262811,0.4233833791816267
3262,0.6017910144044267,1,0,1,528683,76927,51473,56483,0.7125773463262811,0.42337905704220075
3263,0.6024064430166559,0,1,0,528684,76926,51473,56483,0.7125680832931935,0.4233822305841435
3264,0.6032093811890891,0,1,0,528685,76925,51473,56483,0.712558820260106,0.42338540417366277
3265,0.603283817007187,0,2,0,528687,76923,51473,56483,0.7125402941939308,0.423391751495435
3266,0.6033265248973474,1,0,1,528687,76923,51474,56482,0.7125402941939308,0.4233874292567745
3267,0.6034897758099352,0,1,0,528688,76922,51474,56482,0.7125310311608433,0.42339060298042036
3268,0.6035063084275436,1,0,1,528688,76922,51475,56481,0.7125310311608433,0.42338628066835077
3269,0.6035276288630814,0,1,0,528689,76921,51475,56481,0.7125217681277558,0.42338945443096804
3270,0.6035807442456416,1,0,1,528689,76921,51476,56480,0.7125217681277558,0.4233851320454869
3271,0.6036234521358018,0,1,0,528690,76920,51476,56480,0.7125125050946682,0.4233883058470765
3272,0.6036536594958047,0,1,0,528691,76919,51476,56480,0.7125032420615807,0.4233914796962496
3273,0.6036715449392539,0,1,0,528692,76918,51476,56480,0.7124939790284931,0.4233946535930074
3274,0.6038070165118701,0,1,0,528693,76917,51476,56480,0.7124847159954055,0.4233978275373509
3275,0.6038873976385247,0,4,0,528697,76913,51476,56480,0.7124476638630554,0.42341052379060373
3276,0.6039252506916708,0,1,0,528698,76912,51476,56480,0.7124384008299678,0.4234136979728919
3277,0.603940513021085,0,1,0,528699,76911,51476,56480,0.7124291377968802,0.4234168722027723
3278,0.6039694387302155,0,1,0,528700,76910,51476,56480,0.7124198747637926,0.4234200464802459
3279,0.6041120424000976,0,1,0,528701,76909,51476,56480,0.7124106117307051,0.4234232208053138
3280,0.6043343944450009,0,2,0,528703,76907,51476,56480,0.7123920856645299,0.4234295695982367
3281,0.6043459882025478,0,2,0,528705,76905,51476,56480,0.7123735595983549,0.42343591858154966
3282,0.6044436773761741,0,1,0,528706,76904,51476,56480,0.7123642965652673,0.42343909314460504
3283,0.6044519840343839,0,1,0,528707,76903,51476,56480,0.7123550335321798,0.42344226775526117
3284,0.6047436100311373,1,1,1,528708,76902,51477,56479,0.7123457704990922,0.42344111979967164
3285,0.6047754049781596,0,1,0,528709,76901,51477,56479,0.7123365074660046,0.42344429449692605
3286,0.6050026842164457,1,1,1,528710,76900,51478,56478,0.7123272444329171,0.42344314654590715
3287,0.6050026842164458,0,1,0,528711,76899,51478,56478,0.7123179813998296,0.4234463213297645
3288,0.6050405372695917,0,1,0,528712,76898,51478,56478,0.712308718366742,0.4234494961612284
3289,0.6051071916414815,0,1,0,528713,76897,51478,56478,0.7122994553336545,0.42345267104029993
3290,0.6052873693676389,0,1,0,528714,76896,51478,56478,0.7122901923005669,0.42345584596698005
3291,0.6052980238678808,0,1,0,528715,76895,51478,56478,0.7122809292674793,0.42345902094126997
3292,0.605351139250441,0,1,0,528716,76894,51478,56478,0.7122716662343918,0.4234621959631707
3293,0.6054322598296766,1,0,1,528716,76894,51479,56477,0.7122716662343918,0.4234578731508349
3294,0.6054514384318257,0,2,0,528718,76892,51479,56477,0.7122531401682167,0.42346422332026185
3295,0.6058375761735204,3,7,3,528725,76885,51482,56474,0.7121882989366038,0.4234734813548392
3296,0.6058500114601681,0,1,0,528726,76884,51482,56474,0.7121790359035163,0.42347665681848856
3297,0.6058588966090582,2,4,2,528730,76880,51484,56472,0.712141983771166,0.423480712700222
3298,0.6059547198817787,0,1,0,528731,76879,51484,56472,0.7121327207380784,0.423483888384789
3299,0.6061558238475127,0,1,0,528732,76878,51484,56472,0.712123457704991,0.4234870641169854
3300,0.6063096338202079,1,0,1,528732,76878,51485,56471,0.712123457704991,0.4234827407779586
3301,0.606309633820208,0,1,0,528733,76877,51485,56471,0.7121141946719034,0.4234859165491796
3302,0.6063773232935614,1,3,1,528736,76874,51486,56470,0.7120864055726407,0.42349112071034317
3303,0.6065155926229561,1,11,1,528747,76863,51487,56469,0.7119845122086776,0.42352173521735215
3304,0.6065155926229562,2,11,2,528758,76852,51489,56467,0.7118826188447145,0.42354803141337694
3305,0.6065534456761021,0,3,0,528761,76849,51489,56467,0.7118548297454519,0.4235575624831228
3306,0.6065534456761023,0,3,0,528764,76846,51489,56467,0.7118270406461892,0.42356709398183223
3307,0.6066065610586624,0,1,0,528765,76845,51489,56467,0.7118177776131016,0.42357027124339897
3308,0.6066137432172628,0,1,0,528766,76844,51489,56467,0.711808514580014,0.42357344855263257
3309,0.6068109322743912,0,2,0,528768,76842,51489,56467,0.711789988513839,0.42357980331410483
3310,0.6069173043974871,0,1,0,528769,76841,51489,56467,0.7117807254807514,0.4235829807663456
3311,0.6069741807267337,0,1,0,528770,76840,51489,56467,0.7117714624476639,0.42358615826625756
3312,0.6069741831869792,4,10,4,528780,76830,51493,56463,0.7116788321167883,0.423600639193356
3313,0.6070718723606054,0,1,0,528781,76829,51493,56463,0.7116695690837007,0.42360381718332685
3314,0.6072420954746416,0,1,0,528782,76828,51493,56463,0.7116603060506133,0.42360699522098266
3315,0.6072612740767905,0,1,0,528783,76827,51493,56463,0.7116510430175257,0.42361017330632456
3316,0.6073293589588945,0,1,0,528784,76826,51493,56463,0.7116417799844381,0.4236133514393536
3317,0.6073718050155686,31,56,31,528840,76770,51524,56432,0.7111230501315351,0.4236573024429063
3318,0.6074249203981288,0,1,0,528841,76769,51524,56432,0.7111137870984475,0.4236604830294067
3319,0.6074249203981289,1,1,1,528842,76768,51525,56431,0.71110452406536,0.42365933678180767
3320,0.6076687322540231,1,2,1,528844,76766,51526,56430,0.7110859979991848,0.4236613712123487
3321,0.6076687322540232,0,5,0,528849,76761,51526,56430,0.7110396828337471,0.4236772754915873
3322,0.607890231700072,4,11,4,528860,76750,51530,56426,0.710937789469784,0.4236949600528624
3323,0.6079262188523121,0,3,0,528863,76747,51530,56426,0.7109100003705213,0.4237045046668619
3324,0.6079325827224772,0,1,0,528864,76746,51530,56426,0.7109007373374338,0.4237076863004235
3325,0.608079633416257,0,1,0,528865,76745,51530,56426,0.7108914743043462,0.4237108679817678
3326,0.6081777855797341,0,1,0,528866,76744,51530,56426,0.7108822112712586,0.4237140497108958
3327,0.6083632813210671,1,3,1,528869,76741,51531,56425,0.710854422171996,0.4237192676809396
3328,0.6083769560634618,0,1,0,528870,76740,51531,56425,0.7108451591389084,0.4237224495926107
3329,0.6084870915934896,65,157,65,529027,76583,51596,56360,0.7093908629441624,0.4239410875337551
3330,0.6085160594977456,0,1,0,529028,76582,51596,56360,0.7093815999110749,0.4239442764513848
3331,0.608620767919356,0,1,0,529029,76581,51596,56360,0.7093723368779873,0.42394746541698947
3332,0.6086207679193562,1,0,1,529029,76581,51597,56359,0.7093723368779873,0.4239431322401083
3333,0.6086706559695578,0,1,0,529030,76580,51597,56359,0.7093630738448998,0.42394632124508236
3334,0.6086911879582979,0,1,0,529031,76579,51597,56359,0.7093538108118123,0.4239495102980337
3335,0.6087550038811519,0,1,0,529032,76578,51597,56359,0.7093445477787247,0.4239526993989634
3336,0.608755003881152,0,1,0,529033,76577,51597,56359,0.7093352847456371,0.42395588854787264
3337,0.6088207149380186,0,3,0,529036,76574,51597,56359,0.7093074956463744,0.42396545628248816
3338,0.6089378288046392,9,8,9,529044,76566,51606,56350,0.709233391381674,0.4239519696650516
3339,0.6090337830460053,0,1,0,529045,76565,51606,56350,0.7092241283485865,0.42395515931234246
3340,0.6091816406605335,19,32,19,529077,76533,51625,56331,0.7089277112897847,0.4239748916184971
3341,0.6091816406605336,10,43,10,529120,76490,51635,56321,0.7085294008670199,0.42406878948279886
3342,0.6093344188372121,1,2,1,529122,76488,51636,56320,0.7085108748008447,0.42407083910607796
3343,0.6094391272588225,10,21,10,529143,76467,51646,56310,0.7083163511060061,0.42409453444497164
3344,0.6095733632206184,4,5,4,529148,76462,51650,56306,0.7082700359405684,0.4240931549771029
3345,0.6097114722622524,0,1,0,529149,76461,51650,56306,0.7082607729074808,0.4240963492434114
3346,0.6097114722622525,0,2,0,529151,76459,51650,56306,0.7082422468413058,0.42410273792038566
3347,0.61,1703,5065,1703,534216,71394,53353,54603,0.6613249842528438,0.4333674611300269
3348,0.6110862255870768,0,1,0,534217,71393,53353,54603,0.6613157212197562,0.43337090066351314
3349,0.6115182768394019,0,1,0,534218,71392,53353,54603,0.6613064581866687,0.43337434025159727
3350,0.6119199886139328,0,1,0,534219,71391,53353,54603,0.6612971951535811,0.43337777989428067
3351,0.6119768674034248,0,1,0,534220,71390,53353,54603,0.6612879321204935,0.4333812195915646
3352,0.6120147204565709,1,0,1,534220,71390,53354,54602,0.6612879321204935,0.4333767223315766
3353,0.6120651865158334,0,2,0,534222,71388,53354,54602,0.6612694060543184,0.43338360187316455
3354,0.6122722070548599,0,1,0,534223,71387,53354,54602,0.6612601430212308,0.43338704172586495
3355,0.6123744892320143,0,1,0,534224,71386,53354,54602,0.6612508799881434,0.4333904816331714
3356,0.6123910218496227,0,1,0,534225,71385,53354,54602,0.6612416169550558,0.4333939215950852
3357,0.6125691342933144,0,1,0,534226,71384,53354,54602,0.6612323539219682,0.43339736161160763
3358,0.6126182358443991,0,1,0,534227,71383,53354,54602,0.6612230908888806,0.43340080168274003
3359,0.6126950882349531,0,1,0,534228,71382,53354,54602,0.6612138278557931,0.43340424180848364
3360,0.6131300070344919,1,0,1,534228,71382,53355,54601,0.6612138278557931,0.4333997444099601
3361,0.6134897758099352,0,1,0,534229,71381,53355,54601,0.6612045648227055,0.4334031845819244
3362,0.6135819044596702,0,2,0,534231,71379,53355,54601,0.6611860387565305,0.43341006508969676
3363,0.6138873976385247,0,1,0,534232,71378,53355,54601,0.6611767757234429,0.43341350542550744
3364,0.6141843248769792,1,0,1,534232,71378,53356,54600,0.6611767757234429,0.43340900792201814
3365,0.6144418114752682,0,1,0,534233,71377,53356,54600,0.6611675126903553,0.4334124483040555
3366,0.6147436100311373,0,1,0,534234,71376,53356,54600,0.6611582496572678,0.4334158887407125
3367,0.6148319458473558,0,1,0,534235,71375,53356,54600,0.6611489866241802,0.43341932923199045
3368,0.6150026842164457,0,4,0,534239,71371,53356,54600,0.66111193449183,0.4334330917433378
3369,0.615019216834054,0,1,0,534240,71370,53356,54600,0.6611026714587425,0.43343653250773995
3370,0.6152620367156406,0,1,0,534241,71369,53356,54600,0.6610934084256549,0.43343997332677087
3371,0.6152980238678808,0,1,0,534242,71368,53356,54600,0.6610841453925673,0.43344341420043186
3372,0.6154043959909767,0,1,0,534243,71367,53356,54600,0.6610748823594798,0.43344685512872416
3373,0.6154534214275954,0,2,0,534245,71365,53356,54600,0.6610563562933047,0.4334537371492081
3374,0.6155949511063352,1,0,1,534245,71365,53357,54599,0.6610563562933047,0.43344923946524405
3375,0.6156972332834897,0,1,0,534246,71364,53357,54599,0.6610470932602172,0.4334526805490501
3376,0.6158375761735204,4,7,4,534253,71357,53361,54595,0.6609822520286043,0.4334587779471545
3377,0.6158588966090582,4,3,4,534256,71354,53365,54591,0.6609544629293416,0.43345110961133826
3378,0.6159120119916184,1,1,1,534257,71353,53366,54590,0.660945199896254,0.43345005280166427
3379,0.6159547198817786,0,1,0,534258,71352,53366,54590,0.6609359368631664,0.4334534944657064
3380,0.6161558238475127,1,3,1,534261,71349,53367,54589,0.6609081477639038,0.4334593212533151
3381,0.6161558238475128,1,1,1,534262,71348,53368,54588,0.6608988847308163,0.4334582645153094
3382,0.6163096338202079,0,2,0,534264,71346,53368,54588,0.6608803586646411,0.4334651484110725
3383,0.6163773232935614,0,1,0,534265,71345,53368,54588,0.6608710956315536,0.43346859044094876
3384,0.6163842954950095,0,1,0,534266,71344,53368,54588,0.6608618325984661,0.43347203252548994
3385,0.6164133104458017,1,0,1,534266,71344,53369,54587,0.6608618325984661,0.4334675338081965
3386,0.6165061261242125,0,1,0,534267,71343,53369,54587,0.6608525695653785,0.43347097593901374
3387,0.6165155926229561,2,9,2,534276,71334,53371,54585,0.6607692022675905,0.43349295975984564
3388,0.6165155926229562,5,10,5,534286,71324,53376,54580,0.6606765719367149,0.43350489261659675
3389,0.6165534456761022,0,5,0,534291,71319,53376,54580,0.6606302567712772,0.4335221089921286
3390,0.6165534456761023,5,4,5,534295,71315,53381,54575,0.660593204638927,0.43351338470092937
3391,0.6168109322743912,0,1,0,534296,71314,53381,54575,0.6605839416058394,0.43351682831700944
3392,0.6168640476569514,1,0,1,534296,71314,53382,54574,0.6605839416058394,0.4335123284189121
3393,0.6169173043974872,0,1,0,534297,71313,53382,54574,0.6605746785727519,0.43351577208131103
3394,0.6169741831869792,4,10,4,534307,71303,53386,54570,0.6604820482418763,0.43353221103810985
3395,0.6170275582252245,0,1,0,534308,71302,53386,54570,0.6604727852087887,0.4335356552688445
3396,0.6170718723606055,0,2,0,534310,71300,53386,54570,0.6604542591426137,0.4335425438944943
3397,0.6171078595128456,0,1,0,534311,71299,53386,54570,0.6604449961095261,0.433545988289412
3398,0.6171502510005132,0,1,0,534312,71298,53386,54570,0.6604357330764385,0.43354943273906
3399,0.6172612740767905,0,1,0,534313,71297,53386,54570,0.660426470043351,0.4335528772434395
3400,0.6173293589588945,1,0,1,534313,71297,53387,54569,0.660426470043351,0.43354837684521635
3401,0.6173718050155687,20,58,20,534371,71239,53407,54549,0.6598892141242728,0.4336582185900086
3402,0.6174249203981288,1,2,1,534373,71237,53408,54548,0.6598706880580978,0.4336606113606551
3403,0.6176687322540231,2,0,2,534373,71237,53410,54546,0.6598706880580978,0.4336516063378994
3404,0.6176687322540232,3,4,3,534377,71233,53413,54543,0.6598336359257475,0.4336518890726371
3405,0.617890231700072,1,7,1,534384,71226,53414,54542,0.6597687946941346,0.433671522167801
3406,0.6179262188523121,1,1,1,534385,71225,53415,54541,0.6597595316610471,0.43367046737592035
3407,0.618079633416257,0,2,0,534387,71223,53415,54541,0.659741005594872,0.4336773639515283
3408,0.6181395031646252,0,1,0,534388,71222,53415,54541,0.6597317425617845,0.433680812321589
3409,0.6181428448031454,0,2,0,534390,71220,53415,54541,0.6597132164956093,0.43368770922623073
3410,0.6183632813210671,0,1,0,534391,71219,53415,54541,0.6597039534625218,0.43369115776081424
3411,0.6184870915934896,55,177,55,534568,71042,53470,54486,0.6580643966060247,0.4340545535657383
3412,0.618620767919356,1,1,1,534569,71041,53471,54485,0.6580551335729371,0.43405350285996525
3413,0.6186207679193562,1,1,1,534570,71040,53472,54484,0.6580458705398495,0.43405245212071
3414,0.6186919764050957,0,1,0,534571,71039,53472,54484,0.658036607506762,0.4340559100722577
3415,0.6187472195220478,0,1,0,534572,71038,53472,54484,0.6580273444736745,0.4340593680789025
3416,0.618755003881152,0,1,0,534573,71037,53472,54484,0.6580180814405869,0.4340628261406458
3417,0.6188207149380186,1,1,1,534574,71036,53473,54483,0.6580088184074994,0.4340617755080904
3418,0.6189378288046392,10,11,10,534585,71025,53483,54473,0.6579069250435362,0.4340547259717286
3419,0.6191816406605335,12,33,12,534618,70992,53495,54461,0.657601244951647,0.43411476808047633
3420,0.6191816406605336,20,27,20,534645,70965,53515,54441,0.657351143058283,0.43411798478541697
3421,0.619224862146571,1,0,1,534645,70965,53516,54440,0.657351143058283,0.43411347234958736
3422,0.6193062263623194,0,1,0,534646,70964,53516,54440,0.6573418800251954,0.4341169340690887
3423,0.619334418837212,2,1,2,534647,70963,53518,54438,0.6573326169921079,0.4341113707227215
3424,0.6194391272588226,12,26,12,534673,70937,53530,54426,0.6570917781318315,0.4341472364254206
3425,0.6195733632206184,4,9,4,534682,70928,53534,54422,0.6570084108340435,0.434160351017152
3426,0.6196557532096558,1,2,1,534684,70926,53535,54421,0.6569898847678683,0.4341627641666733
3427,0.6197114722622525,0,1,0,534685,70925,53535,54421,0.6569806217347809,0.4341662278812248
3428,0.62,1675,4732,1675,539417,66193,55210,52746,0.6131479491644745,0.44347102296134994
3429,0.620041633899018,1,0,1,539417,66193,55211,52745,0.6131479491644745,0.44346634380937966
3430,0.6205025874794239,0,1,0,539418,66192,55211,52745,0.6131386861313869,0.44347007239126596
3431,0.6206556220227557,0,1,0,539419,66191,55211,52745,0.6131294230982993,0.4434738010358512
3432,0.6208994338786501,0,1,0,539420,66190,55211,52745,0.6131201600652118,0.44347752974313703
3433,0.621000625584262,0,1,0,539421,66189,55211,52745,0.6131108970321242,0.4434812585131249
3434,0.6210829982547182,0,1,0,539422,66188,55211,52745,0.6131016339990366,0.44348498734581654
3435,0.622014720456571,0,1,0,539423,66187,55211,52745,0.613092370965949,0.44348871624121344
3436,0.6225883286828379,0,1,0,539424,66186,55211,52745,0.6130831079328616,0.44349244519931724
3437,0.6229678380569389,0,1,0,539425,66185,55211,52745,0.613073844899774,0.4434961742201295
3438,0.6230690382990582,0,1,0,539426,66184,55211,52745,0.6130645818666864,0.44349990330365174
3439,0.6237851154613704,0,2,0,539428,66182,55211,52745,0.6130460558005113,0.44350736165883275
3440,0.623847889807169,1,0,1,539428,66182,55212,52744,0.6130460558005113,0.44350268234027884
3441,0.623940513021085,0,1,0,539429,66181,55212,52744,0.6130367927674237,0.44350641160395204
3442,0.6243459882025479,0,1,0,539430,66180,55212,52744,0.6130275297343362,0.4435101409303421
3443,0.6246350620881289,0,1,0,539431,66179,55212,52744,0.6130182667012487,0.4435138703194504
3444,0.6247436100311373,1,1,1,539432,66178,55213,52743,0.6130090036681611,0.44351292034207584
3445,0.6248319458473558,0,1,0,539433,66177,55213,52743,0.6129997406350736,0.44351664984863776
3446,0.6250026842164457,1,2,1,539435,66175,55214,52742,0.6129812145688984,0.4435194295180672
3447,0.6250405372695917,1,1,1,539436,66174,55215,52741,0.6129719515358109,0.4435184795862591
3448,0.625287369367639,1,0,1,539436,66174,55216,52740,0.6129719515358109,0.4435137998889954
3449,0.6254534214275954,0,1,0,539437,66173,55216,52740,0.6129626885027233,0.44351752962249713
3450,0.6256972332834896,0,1,0,539438,66172,55216,52740,0.6129534254696358,0.44352125941872983
3451,0.6256972332834897,0,1,0,539439,66171,55216,52740,0.6129441624365483,0.44352498927769507
3452,0.6257891814176996,0,1,0,539440,66170,55216,52740,0.6129348994034607,0.4435287191993945
3453,0.6258375761735204,1,6,1,539446,66164,55217,52739,0.6128793212049354,0.44354642019124835
3454,0.6258588966090582,4,4,4,539450,66160,55221,52735,0.6128422690725851,0.4435426216409437
3455,0.6259120119916184,1,1,1,539451,66159,55222,52734,0.6128330060394975,0.44354167192349425
3456,0.6259547198817786,0,1,0,539452,66158,55222,52734,0.6128237430064101,0.44354540255021363
3457,0.6259547198817788,0,1,0,539453,66157,55222,52734,0.6128144799733225,0.44354913323969014
3458,0.6263773232935614,1,3,1,539456,66154,55223,52733,0.6127866908740598,0.4435556452766072
3459,0.6265155926229561,13,26,13,539482,66128,55236,52720,0.6125458520137834,0.44359181475498116
3460,0.6265534456761022,1,2,1,539484,66126,55237,52719,0.6125273259476083,0.44359459800580586
3461,0.6265667250097465,0,1,0,539485,66125,55237,52719,0.6125180629145207,0.44359833058463194
3462,0.6267204774345623,0,1,0,539486,66124,55237,52719,0.6125087998814331,0.4436020632262733
3463,0.6268230705365707,0,1,0,539487,66123,55237,52719,0.6124995368483456,0.4436057959307316
3464,0.626917304397487,0,1,0,539488,66122,55237,52719,0.6124902738152581,0.44360952869800824
3465,0.6269173043974872,0,1,0,539489,66121,55237,52719,0.6124810107821705,0.44361326152810504
3466,0.6269741831869792,3,7,3,539496,66114,55240,52716,0.6124161695505577,0.443625347134562
3467,0.6273718050155687,18,64,18,539560,66050,55258,52698,0.6118233354329542,0.44378010577020244
3468,0.6274249203981288,0,1,0,539561,66049,55258,52698,0.6118140723998666,0.4437838429602432
3469,0.6274249203981289,0,2,0,539563,66047,55258,52698,0.6117955463336915,0.4437913175291591
3470,0.6274850491328277,0,2,0,539565,66045,55258,52698,0.6117770202675163,0.44379879234986486
3471,0.6276687322540231,0,8,0,539573,66037,55258,52698,0.611702916002816,0.4438286941508401
3472,0.6277095064520646,0,4,0,539577,66033,55258,52698,0.6116658638704657,0.44384364656239733
3473,0.6278024085798897,1,0,1,539577,66033,55259,52697,0.6116658638704657,0.44383896235155396
3474,0.6278902317000719,1,7,1,539584,66026,55260,52696,0.6116010226388529,0.443860447094894
3475,0.6279262188523121,1,3,1,539587,66023,55261,52695,0.6115732335395903,0.44386697889115384
3476,0.6279859729559579,0,1,0,539588,66022,55261,52695,0.6115639705065027,0.4438707177573557
3477,0.6281428448031454,0,1,0,539589,66021,55261,52695,0.6115547074734151,0.443874456686546
3478,0.6283632813210671,1,5,1,539594,66016,55262,52694,0.6115083923079774,0.4438884676943813
3479,0.6284870915934896,61,176,61,539770,65840,55323,52633,0.6098780984845678,0.44426156170604275
3480,0.628755003881152,0,1,0,539771,65839,55323,52633,0.6098688354514802,0.44426531163481664
3481,0.6288207149380186,1,3,1,539774,65836,55324,52632,0.6098410463522176,0.4442718708849647
3482,0.6288782545176451,0,1,0,539775,65835,55324,52632,0.60983178331913,0.4442756210590291
3483,0.6289378288046392,6,7,6,539782,65828,55330,52626,0.6097669420875171,0.4442737265098688
3484,0.6289675832080124,0,1,0,539783,65827,55330,52626,0.6097576790544296,0.444277477142833
3485,0.6291467264412368,0,1,0,539784,65826,55330,52626,0.609748416021342,0.4442812278391247
3486,0.6291816406605335,12,27,12,539811,65799,55342,52614,0.6094983141279781,0.4443262141825644
3487,0.6291816406605336,5,33,5,539844,65766,55347,52609,0.6091926340360888,0.44442661034846886
3488,0.629334418837212,0,1,0,539845,65765,55347,52609,0.6091833710030012,0.4444303647760488
3489,0.6294391272588226,9,16,9,539861,65749,55356,52600,0.6090351624736003,0.444448199815799
3490,0.6295733632206184,1,5,1,539866,65744,55357,52599,0.6089888473081626,0.44446228336276755
3491,0.6296557532096558,1,4,1,539870,65740,55358,52598,0.6089517951758123,0.44447261234768204
3492,0.6297057140918146,1,0,1,539870,65740,55359,52597,0.6089517951758123,0.44446791789550183
3493,0.6297114722622524,1,0,1,539870,65740,55360,52596,0.6089517951758123,0.44446322336398053
3494,0.629746294247583,0,1,0,539871,65739,55360,52596,0.6089425321427249,0.4444669793383192
3495,0.6299481736426803,0,1,0,539872,65738,55360,52596,0.6089332691096373,0.44447073537613874
3496,0.63,1780,4488,1780,544360,61250,57140,50816,0.567360776612694,0.4534470758303143
3497,0.6310423704305927,0,1,0,544361,61249,57140,50816,0.5673515135796066,0.45345112211662875
3498,0.6313201713895269,0,1,0,544362,61248,57140,50816,0.567342250546519,0.45345516847515704
3499,0.631320171389527,1,0,1,544362,61248,57141,50815,0.567342250546519,0.4534502913539705
3500,0.6314159946622475,0,1,0,544363,61247,57141,50815,0.5673329875134314,0.4534543377773019
3501,0.631556129892548,1,0,1,544363,61247,57142,50814,0.5673329875134314,0.45344946056165836
3502,0.6321472099937283,1,0,1,544363,61247,57143,50813,0.5673329875134314,0.4534445832589684
3503,0.6321940078298302,0,1,0,544364,61246,57143,50813,0.5673237244803438,0.4534486297396907
3504,0.6323531687964765,0,1,0,544365,61245,57143,50813,0.5673144614472563,0.4534526762926342
3505,0.6324123422851604,0,1,0,544366,61244,57143,50813,0.5673051984141687,0.45345672291780076
3506,0.6328330797960373,2,0,2,544366,61244,57145,50811,0.5673051984141687,0.45344696800678236
3507,0.6331300070344918,0,1,0,544367,61243,57145,50811,0.5672959353810811,0.45345101468934623
3508,0.6332307016246268,0,1,0,544368,61242,57145,50811,0.5672866723479937,0.45345506144413805
3509,0.6334897758099353,1,0,1,544368,61242,57146,50810,0.5672866723479937,0.45345018384321567
3510,0.6335276288630814,0,1,0,544369,61241,57146,50810,0.5672774093149061,0.4534542306628232
3511,0.6335845250915135,1,0,1,544369,61241,57147,50809,0.5672774093149061,0.4534493529674253
3512,0.6338873976385248,0,2,0,544371,61239,57147,50809,0.567258883248731,0.45345744680851063
3513,0.6339252506916708,0,1,0,544372,61238,57147,50809,0.5672496202156434,0.4534614938374075
3514,0.6339405130210849,0,1,0,544373,61237,57147,50809,0.5672403571825558,0.4534655409385431
3515,0.6341843248769793,0,1,0,544374,61236,57147,50809,0.5672310941494683,0.45346958811191934
3516,0.63432466776701,1,1,1,544375,61235,57148,50808,0.5672218311163807,0.45346875753059096
3517,0.6343459882025477,0,3,0,544378,61232,57148,50808,0.5671940420171181,0.4534808996786862
3518,0.6343459882025478,0,1,0,544379,61231,57148,50808,0.5671847789840305,0.45348494720588367
3519,0.6347436100311373,1,5,1,544384,61226,57149,50807,0.5671384638185928,0.4535003079449805
3520,0.634864414887051,1,0,1,544384,61226,57150,50806,0.5671384638185928,0.45349542987717795
3521,0.6348644148870511,0,1,0,544385,61225,57150,50806,0.5671292007855052,0.4534994778231025
3522,0.6349108277286647,1,0,1,544385,61225,57151,50805,0.5671292007855052,0.45349459966080513
3523,0.6350026842164457,1,4,1,544389,61221,57152,50804,0.5670921486531549,0.45350591385851374
3524,0.6350192168340539,0,1,0,544390,61220,57152,50804,0.5670828856200675,0.45350996215096767
3525,0.6350405372695919,0,1,0,544391,61219,57152,50804,0.5670736225869799,0.4535140105156977
3526,0.6352136542356238,1,0,1,544391,61219,57153,50803,0.5670736225869799,0.45350913213475924
3527,0.6352620367156405,1,0,1,544391,61219,57154,50802,0.5670736225869799,0.4535042536667232
3528,0.635287369367639,0,1,0,544392,61218,57154,50802,0.5670643595538923,0.4535083020889127
3529,0.6354612747804688,1,0,1,544392,61218,57155,50801,0.5670643595538923,0.4535034235263661
3530,0.6355443898633016,0,1,0,544393,61217,57155,50801,0.5670550965208048,0.4535074720134264
3531,0.6356972332834896,1,0,1,544393,61217,57156,50800,0.5670550965208048,0.45350259335636556
3532,0.6357350863366357,0,1,0,544394,61216,57156,50800,0.5670458334877172,0.4535066419082988
3533,0.6358375761735204,2,8,2,544402,61208,57158,50798,0.5669717292230168,0.45352927521739905
3534,0.6358588966090583,2,5,2,544407,61203,57160,50796,0.566925414057579,0.4535397637478906
3535,0.6359068310658583,1,2,1,544409,61201,57161,50795,0.5669068879914039,0.4535429836779885
3536,0.63595068651418,0,1,0,544410,61200,57161,50795,0.5668976249583163,0.4535470333497031
3537,0.6359925729349247,1,0,1,544410,61200,57162,50794,0.5668976249583163,0.45354215404396664
3538,0.636309633820208,0,1,0,544411,61199,57162,50794,0.5668883619252288,0.4535462037805934
3539,0.6363773232935616,0,1,0,544412,61198,57162,50794,0.5668790988921413,0.4535502535895421
3540,0.6364133104458017,0,2,0,544414,61196,57162,50794,0.5668605728259661,0.4535583534244129
3541,0.6365155926229561,1,21,1,544435,61175,57163,50793,0.5666660491311275,0.4536385395827379
3542,0.6365534456761022,1,1,1,544436,61174,57164,50792,0.5666567860980399,0.45363771144811815
3543,0.6365667250097465,1,0,1,544436,61174,57165,50791,0.5666567860980399,0.45363283168847407
3544,0.6366065610586624,0,1,0,544437,61173,57165,50791,0.5666475230649524,0.45363688328391266
3545,0.6368109322743912,0,1,0,544438,61172,57165,50791,0.5666382600318648,0.45364093495172514
3546,0.6369173043974871,0,1,0,544439,61171,57165,50791,0.5666289969987773,0.45364498669191333
3547,0.6369361227995364,0,1,0,544440,61170,57165,50791,0.5666197339656898,0.45364903850447924
3548,0.6369741831869792,3,11,3,544451,61159,57168,50788,0.5665178406017266,0.45367897308547794
3549,0.6373293589588944,0,1,0,544452,61158,57168,50788,0.566508577568639,0.45368302574455543
3550,0.6373718050155687,13,61,13,544513,61097,57181,50775,0.5659435325502983,0.45386691933638446
3551,0.6374249203981288,0,4,0,544517,61093,57181,50775,0.565906480417948,0.4538831479958523
3552,0.6374681418841663,1,0,1,544517,61093,57182,50774,0.565906480417948,0.4538782661553452
3553,0.6374705210820863,0,1,0,544518,61092,57182,50774,0.5658972173848605,0.45388232349418056
3554,0.637581972061968,0,1,0,544519,61091,57182,50774,0.565887954351773,0.45388638090555583
3555,0.6376687322540231,4,7,4,544526,61084,57186,50770,0.5658231131201601,0.4538952563162694
3556,0.6378902317000719,3,5,3,544531,61079,57189,50767,0.5657767979547222,0.4539008994510309
3557,0.6379262188523122,1,3,1,544534,61076,57190,50766,0.5657490088554596,0.4539081919135924
3558,0.6380796334162571,0,1,0,544535,61075,57190,50766,0.5657397458223721,0.4539122504269454
3559,0.6381194694651728,0,1,0,544536,61074,57190,50766,0.5657304827892845,0.45391630901287555
3560,0.6381675457882244,1,0,1,544536,61074,57191,50765,0.5657304827892845,0.45391142624665815
3561,0.6383632813210671,0,1,0,544537,61073,57191,50765,0.5657212197561969,0.4539154848977986
3562,0.6383686497539586,0,1,0,544538,61072,57191,50765,0.5657119567231094,0.4539195436215206
3563,0.6384870915934896,66,139,66,544677,60933,57257,50699,0.5644243951239394,0.4541618890640676
3564,0.6385681661326731,0,1,0,544678,60932,57257,50699,0.5644151320908518,0.454165957484928
3565,0.6388207149380186,0,2,0,544680,60930,57257,50699,0.5643966060246767,0.45417409454532426
3566,0.6389378288046392,4,12,4,544692,60918,57261,50695,0.5642854496276261,0.45420336340748835
3567,0.6391816406605335,14,33,14,544725,60885,57275,50681,0.5639797695357368,0.45426922180592655
3568,0.6391816406605336,9,18,9,544743,60867,57284,50672,0.5638130349401608,0.45429849649001697
3569,0.6391870090934251,0,1,0,544744,60866,57284,50672,0.5638037719070732,0.4543025695278739
3570,0.639334418837212,0,1,0,544745,60865,57284,50672,0.5637945088739857,0.45430664263876563
3571,0.6393486724189935,0,1,0,544746,60864,57284,50672,0.5637852458408982,0.454310715822694
3572,0.6394391272588226,6,20,6,544766,60844,57290,50666,0.5635999851791471,0.4543628374136849
3573,0.6395733632206184,2,9,2,544775,60835,57292,50664,0.5635166178813591,0.45438972546838985
3574,0.6396557532096558,2,3,2,544778,60832,57294,50662,0.5634888287820964,0.4543921646007857
3575,0.6397114722622524,0,2,0,544780,60830,57294,50662,0.5634703027159214,0.45440031571771966
3576,0.639746294247583,1,0,1,544780,60830,57295,50661,0.5634703027159214,0.45439542205200417
3577,0.639751666925069,0,1,0,544781,60829,57295,50661,0.5634610396828338,0.45439949771279936
3578,0.64,1766,4333,1766,549114,56496,59061,48895,0.5233243173144615,0.46393904602859826
3579,0.6402647209320862,0,1,0,549115,56495,59061,48895,0.5233150542813739,0.4639434481449853
3580,0.6415120962488544,0,1,0,549116,56494,59061,48895,0.5233057912482864,0.46394785034491265
3581,0.6416393600092021,0,1,0,549117,56493,59061,48895,0.5232965282151988,0.46395225262838274
3582,0.6417177932181164,1,0,1,549117,56493,59062,48894,0.5232965282151988,0.46394716615901394
3583,0.6421115771551632,1,0,1,549117,56493,59063,48893,0.5232965282151988,0.46394207959311484
3584,0.6425651927549586,0,1,0,549118,56492,59063,48893,0.5232872651821112,0.46394648194714616
3585,0.6428004997928072,0,1,0,549119,56491,59063,48893,0.5232780021490236,0.4639508843847263
3586,0.6432093811890891,0,1,0,549120,56490,59063,48893,0.5232687391159361,0.4639552869058577
3587,0.6432242427201929,0,1,0,549121,56489,59063,48893,0.5232594760828486,0.4639596895105426
3588,0.6435276288630815,1,0,1,549121,56489,59064,48892,0.5232594760828486,0.4639546028221406
3589,0.6437278078735923,0,1,0,549122,56488,59064,48892,0.523250213049761,0.4639590055038907
3590,0.6439252506916708,0,1,0,549123,56487,59064,48892,0.5232409500166735,0.46396340826919974
3591,0.6439483663739582,0,2,0,549125,56485,59064,48892,0.5232224239504983,0.4639722140505044
3592,0.6446670158727704,0,1,0,549126,56484,59064,48892,0.5232131609174108,0.4639766170665047
3593,0.6447336126967805,0,1,0,549127,56483,59064,48892,0.5232038978843232,0.46398102016607357
3594,0.6447436100311372,1,1,1,549128,56482,59065,48891,0.5231946348512357,0.4639803365188426
3595,0.6447754049781597,0,1,0,549129,56481,59065,48891,0.5231853718181482,0.46398473977906846
3596,0.6450026842164456,0,4,0,549133,56477,59065,48891,0.5231483196857979,0.46400235365575887
3597,0.6450405372695918,0,1,0,549134,56476,59065,48891,0.5231390566527103,0.46400675733389013
3598,0.6451879489771002,0,1,0,549135,56475,59065,48891,0.5231297936196229,0.4640111610956096
3599,0.6452620367156405,0,1,0,549136,56474,59065,48891,0.5231205305865353,0.46401556494091967
3600,0.6452620367156406,0,1,0,549137,56473,59065,48891,0.5231112675534477,0.4640199688698227
3601,0.6452873693676389,1,2,1,549139,56471,59066,48890,0.5230927414872726,0.4640236899801634
3602,0.6456972332834897,1,0,1,549139,56471,59067,48889,0.5230927414872726,0.46401860288534547
3603,0.6458375761735203,4,6,4,549145,56465,59071,48885,0.5230371632887473,0.46402467963929755
3604,0.6458588966090582,2,8,2,549153,56457,59073,48883,0.5229630590240468,0.4640497436871084
3605,0.6459120119916184,0,2,0,549155,56455,59073,48883,0.5229445329578717,0.4640585543678445
3606,0.6461558238475128,1,0,1,549155,56455,59074,48882,0.5229445329578717,0.46405346649325496
3607,0.6463773232935615,0,1,0,549156,56454,59074,48882,0.5229352699247841,0.4640578719526088
3608,0.6464133104458017,0,1,0,549157,56453,59074,48882,0.5229260068916967,0.46406227749560924
3609,0.646423736135175,0,1,0,549158,56452,59074,48882,0.5229167438586091,0.46406668312225874
3610,0.6465155926229561,1,4,1,549162,56448,59075,48881,0.5228796917262588,0.46407921844886024
3611,0.6465155926229562,1,19,1,549181,56429,59076,48880,0.5227036940975953,0.46415785925229563
3612,0.6465534456761022,1,1,1,549182,56428,59077,48879,0.5226944310645077,0.4641571785351401
3613,0.6465534456761023,1,2,1,549184,56426,59078,48878,0.5226759049983326,0.46416090556863937
3614,0.6468109322743912,0,1,0,549185,56425,59078,48878,0.5226666419652451,0.4641653134288672
3615,0.6468503729145566,1,0,1,549185,56425,59079,48877,0.5226666419652451,0.46416022487702036
3616,0.6468503729145567,0,1,0,549186,56424,59079,48877,0.5226573789321576,0.4641646328145032
3617,0.6469451682361871,1,0,1,549186,56424,59080,48876,0.5226573789321576,0.46415954415954414
3618,0.6469741831869791,2,11,2,549197,56413,59082,48874,0.5225554855681944,0.46419785918489465
3619,0.6469939904289503,0,1,0,549198,56412,59082,48874,0.5225462225351069,0.4642022681078206
3620,0.6472420954746414,0,1,0,549199,56411,59082,48874,0.5225369595020194,0.46420667711449876
3621,0.6473078065315082,0,1,0,549200,56410,59082,48874,0.5225276964689318,0.4642110862049314
3622,0.6473293589588945,0,1,0,549201,56409,59082,48874,0.5225184334358443,0.46421549537912105
3623,0.6473718050155687,21,58,21,549259,56351,59103,48853,0.5219811775167661,0.46436447283373256
3624,0.6474249203981287,1,1,1,549260,56350,59104,48852,0.5219719144836785,0.46436379536510713
3625,0.6474995820729305,0,1,0,549261,56349,59104,48852,0.521962651450591,0.46436820942766704
3626,0.6475187606750796,0,1,0,549262,56348,59104,48852,0.5219533884175034,0.4643726235741445
3627,0.647609745956359,0,1,0,549263,56347,59104,48852,0.5219441253844159,0.46437703780454187
3628,0.6476687322540231,0,2,0,549265,56345,59104,48852,0.5219255993182408,0.464385866517106
3629,0.6476687322540232,4,2,4,549267,56343,59108,48848,0.5219070732520656,0.46437432860225686
3630,0.647890231700072,3,5,3,549272,56338,59111,48845,0.5218607580866279,0.46438112622762234
3631,0.6479262188523122,1,2,1,549274,56336,59112,48844,0.5218422320204528,0.46438486404259366
3632,0.6479954066710236,0,1,0,549275,56335,59112,48844,0.5218329689873652,0.4643892792287434
3633,0.648060454814108,1,1,1,549276,56334,59113,48843,0.5218237059542776,0.46438860207079496
3634,0.648363281321067,2,0,2,549276,56334,59115,48841,0.5218237059542776,0.464378416924174
3635,0.6483632813210671,1,0,1,549276,56334,59116,48840,0.5218237059542776,0.4643733242056021
3636,0.6483769560634619,0,1,0,549277,56333,59116,48840,0.5218144429211902,0.4643777395339108
3637,0.6484870915934896,57,106,57,549383,56227,59173,48783,0.5208325614139093,0.46455575659461
3638,0.648492460026381,0,1,0,549384,56226,59173,48783,0.5208232983808219,0.46456018055595233
3639,0.6486207679193561,0,2,0,549386,56224,59173,48783,0.5208047723146467,0.4645690287314179
3640,0.6487537710523906,0,1,0,549387,56223,59173,48783,0.5207955092815592,0.464573452945546
3641,0.6488207149380186,0,1,0,549388,56222,59173,48783,0.5207862462484716,0.4645778772439408
3642,0.6488373938701895,0,1,0,549389,56221,59173,48783,0.520776983215384,0.4645823016266047
3643,0.6488782545176451,1,0,1,549389,56221,59174,48782,0.520776983215384,0.46457720255611745
3644,0.6489378288046393,6,10,6,549399,56211,59180,48776,0.5206843528845085,0.4645908541057464
3645,0.6491641010708677,0,1,0,549400,56210,59180,48776,0.520675089851421,0.46459527937058276
3646,0.6491816406605335,21,61,21,549461,56149,59201,48755,0.5201100448330801,0.46475825516662855
3647,0.6494391272588226,11,20,11,549481,56129,59212,48744,0.519924784171329,0.46479074690339744
3648,0.6495153688446398,1,0,1,549481,56129,59213,48743,0.519924784171329,0.46478564345106416
3649,0.6495596424381717,0,1,0,549482,56128,59213,48743,0.5199155211382415,0.46479007542599954
3650,0.6495733632206185,1,7,1,549489,56121,59214,48742,0.5198506799066286,0.46481599801645956
3651,0.6496557532096559,0,2,0,549491,56119,59214,48742,0.5198321538404536,0.4648248633905837
3652,0.6497114722622525,1,1,1,549492,56118,59215,48741,0.519822890807366,0.46482419248705403
3653,0.65,1649,4056,1649,553548,52062,60864,47092,0.48225202860424615,0.4749379752707909
3654,0.6500053684328916,0,1,0,553549,52061,60864,47092,0.48224276557115864,0.4749427652214255
3655,0.650449992634594,0,1,0,553550,52060,60864,47092,0.48223350253807107,0.4749475552686784
3656,0.6504939586971872,0,1,0,553551,52059,60864,47092,0.4822242395049835,0.47495234541255255
3657,0.6510763316905542,1,0,1,553551,52059,60865,47091,0.4822242395049835,0.47494704992435705
3658,0.6523532964196878,0,1,0,553552,52058,60865,47091,0.482214976471896,0.47495184015975955
3659,0.6523744892320145,0,1,0,553553,52057,60865,47091,0.4822057134388084,0.47495663049179004
3660,0.6524123422851605,0,1,0,553554,52056,60865,47091,0.48219645040572084,0.47496142092045146
3661,0.652435457967448,0,1,0,553555,52055,60865,47091,0.4821871873726333,0.4749662114457467
3662,0.6526869384555681,0,1,0,553556,52054,60865,47091,0.48217792433954576,0.47497100206767867
3663,0.6531068913522046,0,1,0,553557,52053,60865,47091,0.4821686613064582,0.4749757927862503
3664,0.6535276288630812,1,0,1,553557,52053,60866,47090,0.4821686613064582,0.4749704971606669
3665,0.6538873976385247,1,0,1,553557,52053,60867,47089,0.4821686613064582,0.47496520142825444
3666,0.6539193514231663,1,0,1,553557,52053,60868,47088,0.4821686613064582,0.4749599055890096
3667,0.6539483663739583,0,1,0,553558,52052,60868,47088,0.4821593982733706,0.47496469638894495
3668,0.6541827372899598,0,1,0,553559,52051,60868,47088,0.48215013524028305,0.4749694872855284
3669,0.65422333056916,1,0,1,553559,52051,60869,47087,0.48215013524028305,0.4749641913292582
3670,0.65432466776701,0,1,0,553560,52050,60869,47087,0.48214087220719554,0.47496898231739915
3671,0.6543459882025477,0,2,0,553562,52048,60869,47087,0.4821223461410204,0.47497856458364857
3672,0.654345988202548,1,2,1,553564,52046,60870,47086,0.4821038200748453,0.47498285114796435
3673,0.6547436100311372,0,1,0,553565,52045,60870,47086,0.48209455704175774,0.4749876426143184
3674,0.6548143669410317,1,0,1,553565,52045,60871,47085,0.48209455704175774,0.47498234641380005
3675,0.6548607325882574,0,1,0,553566,52044,60871,47085,0.4820852940086702,0.4749871379717338
3676,0.6549720962778294,0,1,0,553567,52043,60871,47085,0.48207603097558266,0.4749919296263417
3677,0.6550026842164456,0,3,0,553570,52040,60871,47085,0.48204824187632,0.4750063051702396
3678,0.655019216834054,0,2,0,553572,52038,60871,47085,0.48202971581014487,0.47501588934959593
3679,0.6550405372695917,1,0,1,553572,52038,60872,47084,0.48202971581014487,0.4750105930065979
3680,0.6550405372695919,1,1,1,553573,52037,60873,47083,0.4820204527770573,0.4750100887812752
3681,0.6550772998511953,0,1,0,553574,52036,60873,47083,0.4820111897439698,0.47501488110251316
3682,0.6552873693676389,0,1,0,553575,52035,60873,47083,0.4820019267108822,0.4750196735204504
3683,0.6554612747804689,0,1,0,553576,52034,60873,47083,0.48199266367779464,0.47502446603508985
3684,0.6555589639540952,1,0,1,553576,52034,60874,47082,0.48199266367779464,0.4750191694580088
3685,0.6555949511063353,0,1,0,553577,52033,60874,47082,0.4819834006447071,0.4750239620642688
3686,0.6556972332834897,1,1,1,553578,52032,60875,47081,0.48197413761161956,0.4750234580731085
3687,0.655816450552384,2,0,2,553578,52032,60877,47079,0.48197413761161956,0.4750128643641977
3688,0.6558375761735203,1,6,1,553584,52026,60878,47078,0.48191855941309425,0.47503632547626734
3689,0.6558588966090582,1,7,1,553591,52019,60879,47077,0.48185371818148137,0.47506458383789457
3690,0.6559547198817787,0,1,0,553592,52018,60879,47077,0.4818444551483938,0.475069377869721
3691,0.6559547198817788,0,1,0,553593,52017,60879,47077,0.48183519211530623,0.47507417199830465
3692,0.6559576632337837,1,1,1,553594,52016,60880,47076,0.48182592908221866,0.4750736689137367
3693,0.6560058522685691,0,1,0,553595,52015,60880,47076,0.48181666604913115,0.4750784632307677
3694,0.6561558238475126,0,1,0,553596,52014,60880,47076,0.4818074030160436,0.47508325764456555
3695,0.6563096338202078,1,1,1,553597,52013,60881,47075,0.481798139982956,0.47508275472307443
3696,0.6563773232935614,0,1,0,553598,52012,60881,47075,0.48178887694986844,0.47508754932534036
3697,0.6563773232935616,2,0,2,553598,52012,60883,47073,0.48178887694986844,0.47507695413029216
3698,0.6565155926229561,6,4,6,553602,52008,60889,47067,0.48175182481751827,0.4750643451930356
3699,0.6565155926229562,4,5,4,553607,52003,60893,47063,0.4817055096520805,0.4750671269658611
3700,0.6565534456761023,1,2,1,553609,52001,60894,47062,0.4816869835859054,0.47507141919788415
3701,0.6565667250097466,0,1,0,553610,52000,60894,47062,0.4816777205528178,0.4750762148957219
3702,0.6567062238527807,0,1,0,553611,51999,60894,47062,0.48166845751973025,0.4750810106903827
3703,0.6569173043974871,1,0,1,553611,51999,60895,47061,0.48166845751973025,0.47507571168988494
3704,0.6569741831869791,6,6,6,553617,51993,60901,47055,0.48161287932120495,0.4750726920281076
3705,0.6571078595128457,1,0,1,553617,51993,60902,47054,0.48161287932120495,0.4750673922481246
3706,0.6571486337108872,2,0,2,553617,51993,60904,47052,0.48161287932120495,0.47505679236710585
3707,0.6573018495782873,1,0,1,553617,51993,60905,47051,0.48161287932120495,0.4750514922660636
3708,0.6573718050155687,19,38,19,553655,51955,60924,47032,0.4812608840638779,0.4751330982856335
3709,0.65737717344846,0,1,0,553656,51954,60924,47032,0.48125162103079033,0.4751378982886469
3710,0.6574249203981287,0,1,0,553657,51953,60924,47032,0.48124235799770276,0.47514269838864476
3711,0.6576687322540231,0,2,0,553659,51951,60924,47032,0.4812238319315277,0.4751522988796056
3712,0.6576687322540232,0,2,0,553661,51949,60924,47032,0.48120530586535254,0.4751618997585395
3713,0.6576768792330033,1,1,1,553662,51948,60925,47031,0.48119604283226497,0.47516139787227596
3714,0.6578024085798896,0,1,0,553663,51947,60925,47031,0.48118677979917746,0.4751661985491725
3715,0.657890231700072,3,9,3,553672,51938,60928,47028,0.48110341250138944,0.47519350079825395
3716,0.6579262188523122,1,1,1,553673,51937,60929,47027,0.4810941494683019,0.4751929994745564
3717,0.658095116511678,0,1,0,553674,51936,60929,47027,0.48108488643521435,0.4751978011984277
3718,0.6582712388942187,1,0,1,553674,51936,60930,47026,0.48108488643521435,0.4751924981305956
3719,0.6584505600965074,0,1,0,553675,51935,60930,47026,0.4810756234021268,0.47519729994644355
3720,0.6584870915934896,56,117,56,553792,51818,60986,46970,0.47999184853088295,0.4754626067943475
3721,0.6585125658301311,0,1,0,553793,51817,60986,46970,0.4799825854977954,0.4754674198022007
3722,0.6586231566059437,0,1,0,553794,51816,60986,46970,0.47997332246470786,0.475472232907497
3723,0.6589378288046394,3,16,3,553810,51800,60989,46967,0.47982511393530697,0.4755333259084512
3724,0.6589889036435501,0,1,0,553811,51799,60989,46967,0.4798158509022194,0.4755381406556912
3725,0.6591816406605335,22,65,22,553876,51734,61011,46945,0.4792137537515284,0.4757344521124049
3726,0.659224862146571,0,1,0,553877,51733,61011,46945,0.47920449071844085,0.47573927319159287
3727,0.659334418837212,0,2,0,553879,51731,61011,46945,0.47918596465226576,0.47574891564311483
3728,0.6594042175576814,0,1,0,553880,51730,61011,46945,0.4791767016191782,0.47575373701545476
3729,0.659422944524505,1,0,1,553880,51730,61012,46944,0.4791767016191782,0.4757484241036139
3730,0.6594391272588226,11,21,11,553901,51709,61023,46933,0.47898217792433956,0.47579124510857446
3731,0.659538612918422,0,1,0,553902,51708,61023,46933,0.478972914891252,0.475796068571892
3732,0.6595733632206184,1,5,1,553907,51703,61024,46932,0.4789265997258142,0.47581487301667763
3733,0.6596557532096559,2,1,2,553908,51702,61026,46930,0.4789173366927267,0.4758090680509368
3734,0.6597114722622525,1,0,1,553908,51702,61027,46929,0.4789173366927267,0.4758037533838246
3735,0.66,1662,3744,1662,557652,47958,62689,45267,0.4442365408129238,0.4855671761866452
3736,0.660313729063917,0,1,0,557653,47957,62689,45267,0.4442272777798362,0.48557238479361536
3737,0.6615561298925479,0,1,0,557654,47956,62689,45267,0.44421801474674866,0.48557759351233065
3738,0.6617776293385966,0,1,0,557655,47955,62689,45267,0.44420875171366114,0.4855828023427946
3739,0.6618154823917428,1,0,1,557655,47955,62690,45266,0.44420875171366114,0.4855772840883492
3740,0.6618420892433377,0,1,0,557656,47954,62690,45266,0.4441994886805736,0.4855824930272474
3741,0.6622245779222818,0,2,0,557658,47952,62690,45266,0.44418096261439843,0.4855929112403184
3742,0.6624211879875666,2,1,2,557659,47951,62692,45264,0.4441716995813109,0.48558708362388026
3743,0.6626385746337528,0,1,0,557660,47950,62692,45264,0.44416243654822335,0.48559229300319695
3744,0.6628330797960373,1,1,1,557661,47949,62693,45263,0.4441531735151358,0.48559198386473845
3745,0.6630690382990584,1,0,1,557661,47949,62694,45262,0.4441531735151358,0.48558646511677805
3746,0.6631300070344918,1,0,1,557661,47949,62695,45261,0.4441531735151358,0.4855809462504023
3747,0.6632307016246268,0,1,0,557662,47948,62695,45261,0.44414391048204827,0.4855861558433199
3748,0.663403818590659,0,1,0,557663,47947,62695,45261,0.4441346474489607,0.4855913655480216
3749,0.6634174933330536,0,1,0,557664,47946,62695,45261,0.4441253844158731,0.48559657536451123
3750,0.6635276288630814,0,1,0,557665,47945,62695,45261,0.44411612138278556,0.4856017852927923
3751,0.6638382308439306,1,0,1,557665,47945,62696,45260,0.44411612138278556,0.4855962662947267
3752,0.6638873976385247,0,1,0,557666,47944,62696,45260,0.44410685834969804,0.4856014763314879
3753,0.6640683853963705,0,1,0,557667,47943,62696,45260,0.44409759531661047,0.4856066864800489
3754,0.6641843248769793,0,1,0,557668,47942,62696,45260,0.4440883322835229,0.4856118967404133
3755,0.6643180012028458,0,1,0,557669,47941,62696,45260,0.4440790692504354,0.48561710711258466
3756,0.66432466776701,0,1,0,557670,47940,62696,45260,0.4440698062173478,0.48562231759656654
3757,0.6643459882025478,0,1,0,557671,47939,62696,45260,0.44406054318426025,0.4856275281923626
3758,0.6646429154410023,0,1,0,557672,47938,62696,45260,0.4440512801511727,0.4856327388999764
3759,0.6647436100311372,0,1,0,557673,47937,62696,45260,0.44404201711808516,0.48563794971941154
3760,0.6647754049781597,0,1,0,557674,47936,62696,45260,0.4440327540849976,0.4856431606506717
3761,0.6647956936176808,1,0,1,557674,47936,62697,45259,0.4440327540849976,0.48563764150437255
3762,0.6648319458473557,1,0,1,557674,47936,62698,45258,0.4440327540849976,0.48563212223962915
3763,0.6649503432050501,0,1,0,557675,47935,62698,45258,0.44402349105191,0.4856373332761044
3764,0.6650026842164456,4,3,4,557678,47932,62702,45254,0.44399570195264737,0.4856308887601142
3765,0.6650405372695917,0,1,0,557679,47931,62702,45254,0.4439864389195598,0.48563610023072384
3766,0.6651216118087753,0,1,0,557680,47930,62702,45254,0.4439771758864723,0.4856413118131868
3767,0.6652620367156404,0,1,0,557681,47929,62702,45254,0.4439679128533847,0.48564652350750676
3768,0.6652873693676389,1,2,1,557683,47927,62703,45253,0.4439493867872096,0.4856514273449238
3769,0.6652980238678807,1,0,1,557683,47927,62704,45252,0.4439493867872096,0.48564590733963664
3770,0.6658375761735204,2,5,2,557688,47922,62706,45250,0.44390307162177184,0.48566092817584683
3771,0.6658588966090582,2,4,2,557692,47918,62708,45248,0.4438660194894216,0.48567073825215207
3772,0.6659120119916184,1,0,1,557692,47918,62709,45247,0.4438660194894216,0.48566521762464443
3773,0.6663096338202079,0,1,0,557693,47917,62709,45247,0.44385675645633405,0.48567043063844406
3774,0.6663773232935616,1,0,1,557693,47917,62710,45246,0.44385675645633405,0.4856649098891191
3775,0.6664133104458017,0,1,0,557694,47916,62710,45246,0.44384749342324653,0.4856701230115283
3776,0.666515592622956,3,6,3,557700,47910,62713,45243,0.44379191522472117,0.48568484106792054
3777,0.6665155926229562,2,12,2,557712,47898,62715,45241,0.44368075882767055,0.4857363725184939
3778,0.6665534456761023,1,2,1,557714,47896,62716,45240,0.4436622327614954,0.4857412815667411
3779,0.6665667250097467,1,0,1,557714,47896,62717,45239,0.4436622327614954,0.485735759918398
3780,0.6668503729145567,0,1,0,557715,47895,62717,45239,0.44365296972840784,0.48574097536882344
3781,0.6669173043974871,2,0,2,557715,47895,62719,45237,0.44365296972840784,0.4857299317098312
3782,0.6669741831869791,2,9,2,557724,47886,62721,45235,0.4435696024306199,0.4857658315524962
3783,0.667006415986325,0,1,0,557725,47885,62721,45235,0.4435603393975323,0.48577104810996563
3784,0.6673231700138251,0,1,0,557726,47884,62721,45235,0.4435510763644448,0.4857762647794757
3785,0.6673718050155686,26,38,26,557764,47846,62747,45209,0.4431990811071177,0.4858309601848369
3786,0.6674249203981287,1,1,1,557765,47845,62748,45208,0.4431898180740302,0.4858306556478566
3787,0.6674249203981288,1,0,1,557765,47845,62749,45207,0.4431898180740302,0.48582513003481925
3788,0.6676687322540231,1,1,1,557766,47844,62750,45206,0.4431805550409426,0.4858248253627082
3789,0.6676687322540232,3,3,3,557769,47841,62753,45203,0.44315276594167996,0.4858239112677873
3790,0.6677095064520645,0,1,0,557770,47840,62753,45203,0.4431435029085924,0.4858291327665703
3791,0.6677535876390789,0,1,0,557771,47839,62753,45203,0.4431342398755048,0.4858343543775929
3792,0.667890231700072,1,7,1,557778,47832,62754,45202,0.44306939864389194,0.4858653825483157
3793,0.6679262188523122,1,1,1,557779,47831,62755,45201,0.44306013561080443,0.4858650786826038
3794,0.6680598951781787,0,1,0,557780,47830,62755,45201,0.44305087257771686,0.485870301297417
3795,0.6680604548141079,0,1,0,557781,47829,62755,45201,0.4430416095446293,0.48587552402450823
3796,0.668060454814108,0,1,0,557782,47828,62755,45201,0.4430323465115417,0.48588074686388116
3797,0.6680796334162571,0,2,0,557784,47826,62755,45201,0.44301382044536664,0.4858911928794866
3798,0.6681777855797342,0,1,0,557785,47825,62755,45201,0.44300455741227907,0.48589641605572637
3799,0.6683632813210671,0,1,0,557786,47824,62755,45201,0.4429952943791915,0.4859016393442623
3800,0.6684870915934895,45,118,45,557904,47706,62800,45156,0.44190225647486014,0.4862699489565161
3801,0.6685222665880738,0,1,0,557905,47705,62800,45156,0.4418929934417726,0.4862751854922949
3802,0.6686207679193561,3,1,3,557906,47704,62803,45153,0.441883730408685,0.48626382502126925
3803,0.6687519083064875,0,1,0,557907,47703,62803,45153,0.4418744673755975,0.486269061773068
3804,0.6688207149380186,2,2,2,557909,47701,62805,45151,0.44185594130942235,0.48626847025373715
3805,0.6688782545176452,0,1,0,557910,47700,62805,45151,0.4418466782763348,0.4862737073375623
3806,0.6689378288046393,5,14,5,557924,47686,62810,45146,0.441716995813109,0.48631937263012753
3807,0.6691786274624326,0,1,0,557925,47685,62810,45146,0.4417077327800215,0.4863246113905915
3808,0.6691816406605335,23,54,23,557979,47631,62833,45123,0.4412075289932936,0.48648036742350736
3809,0.6693296466826476,1,0,1,557979,47631,62834,45122,0.4412075289932936,0.4864748310027708
3810,0.669334418837212,0,3,0,557982,47628,62834,45122,0.4411797398940309,0.4864905660377358
3811,0.6694391272588226,13,18,13,558000,47610,62847,45109,0.44101300529845494,0.48651301243542316
3812,0.6695733632206184,2,9,2,558009,47601,62849,45107,0.4409296380006669,0.4865491651205937
3813,0.6696557532096559,1,1,1,558010,47600,62850,45106,0.4409203749675794,0.486548874937976
3814,0.6697114722622524,0,1,0,558011,47599,62850,45106,0.44091111193449184,0.4865541232943207
3815,0.6697820319509873,0,1,0,558012,47598,62850,45106,0.44090184890140427,0.4865593717638937
3816,0.67,1650,3496,1650,561508,44102,64500,43456,0.4085182852273148,0.4963110166975034
3817,0.6704639589969145,1,0,1,561508,44102,64501,43455,0.4085182852273148,0.4963052639994518
3818,0.6705018120500604,0,1,0,561509,44101,64501,43455,0.4085090221942273,0.49631093243181507
3819,0.6705318117503335,0,1,0,561510,44100,64501,43455,0.40849975916113973,0.49631660099366115
3820,0.670635488375927,1,0,1,561510,44100,64502,43454,0.40849975916113973,0.496310848162277
3821,0.6706878376408832,0,1,0,561511,44099,64502,43454,0.40849049612805216,0.49631651685264927
3822,0.6706881196940663,0,1,0,561512,44098,64502,43454,0.4084812330949646,0.4963221856725146
3823,0.670798739288515,1,0,1,561512,44098,64503,43453,0.4084812330949646,0.4963164327077932
3824,0.6708402603899661,0,1,0,561513,44097,64503,43453,0.4084719700618771,0.49632210165619645
3825,0.6714114016587193,0,1,0,561514,44096,64503,43453,0.4084627070287895,0.49632777073410317
3826,0.6714538477153935,1,0,1,561514,44096,64504,43452,0.4084627070287895,0.49632201763603967
3827,0.671593982945694,0,1,0,561515,44095,64504,43452,0.40845344399570194,0.496327686842496
3828,0.6716470983282542,0,2,0,561517,44093,64504,43452,0.40843491792952685,0.49633902564395455
3829,0.6718493505203724,0,1,0,561518,44092,64504,43452,0.4084256548964393,0.49634469523896557
3830,0.6721420367239449,0,1,0,561519,44091,64504,43452,0.4084163918633517,0.49635036496350365
3831,0.6722794413886573,1,0,1,561519,44091,64505,43451,0.4084163918633517,0.4963446117292271
3832,0.6722960560230998,1,0,1,561519,44091,64506,43450,0.4084163918633517,0.49633885836350966
3833,0.6725926750891531,0,1,0,561520,44090,64506,43450,0.4084071288302642,0.4963445282156728
3834,0.6726714164704688,1,0,1,561520,44090,64507,43449,0.4084071288302642,0.49633877471755444
3835,0.6732307016246268,0,1,0,561521,44089,64507,43449,0.40839786579717663,0.49634444469830247
3836,0.6734897758099352,0,2,0,561523,44087,64507,43449,0.40837933973100154,0.4963557850484372
3837,0.6734897758099353,0,1,0,561524,44086,64507,43449,0.408370076697914,0.4963614554178329
3838,0.6738245561015358,1,0,1,561524,44086,64508,43448,0.408370076697914,0.4963557017844495
3839,0.6738873976385247,2,0,2,561524,44086,64510,43446,0.408370076697914,0.49634419412329206
3840,0.6739405130210849,1,0,1,561524,44086,64511,43445,0.408370076697914,0.49633844009550904
3841,0.6743459882025478,1,0,1,561524,44086,64512,43444,0.408370076697914,0.4963326859362504
3842,0.6743459882025479,1,0,1,561524,44086,64513,43443,0.408370076697914,0.4963269316455118
3843,0.6743691335896363,0,2,0,561526,44084,64513,43443,0.40835155063173884,0.49633827276154785
3844,0.674655063235625,0,1,0,561527,44083,64513,43443,0.4083422875986513,0.4963439435139273
3845,0.674733650891105,0,1,0,561528,44082,64513,43443,0.40833302456556375,0.4963496143958869
3846,0.6747436100311373,0,2,0,561530,44080,64513,43443,0.40831449849938867,0.4963609565485644
3847,0.674835399936259,0,1,0,561531,44079,64513,43443,0.4083052354663011,0.49636662781929114
3848,0.6748574592158468,0,1,0,561532,44078,64513,43443,0.4082959724332135,0.49637229921961584
3849,0.6749004020392912,0,1,0,561533,44077,64513,43443,0.40828670940012596,0.496377970749543
3850,0.674959948483207,0,1,0,561534,44076,64513,43443,0.40827744636703844,0.4963836424090769
3851,0.6750026842164456,1,0,1,561534,44076,64514,43442,0.40827744636703844,0.4963778879773304
3852,0.6750405372695917,0,1,0,561535,44075,64514,43442,0.4082681833339509,0.4963835597655313
3853,0.6750405372695919,1,0,1,561535,44075,64515,43441,0.4082681833339509,0.4963778052013346
3854,0.6751933154462703,0,1,0,561536,44074,64515,43441,0.4082589203008633,0.4963834771182083
3855,0.6752273289780186,0,1,0,561537,44073,64515,43441,0.40824965726777573,0.49638914916470506
3856,0.6752620367156407,0,1,0,561538,44072,64515,43441,0.4082403942346882,0.49639482134082935
3857,0.6752873693676389,1,0,1,561538,44072,64516,43440,0.4082403942346882,0.49638906664228905
3858,0.6753151520982007,0,1,0,561539,44071,64516,43440,0.40823113120160065,0.4963947389471038
3859,0.6753790984070644,0,1,0,561540,44070,64516,43440,0.4082218681685131,0.4964004113815564
3860,0.6755589639540949,1,0,1,561540,44070,64517,43439,0.4082218681685131,0.496394656549612
3861,0.6755589639540952,1,0,1,561540,44070,64518,43438,0.4082218681685131,0.4963889015861407
3862,0.6756972332834897,1,1,1,561541,44069,64519,43437,0.40821260513542557,0.49638881905240784
3863,0.6757291870681311,0,1,0,561542,44068,64519,43437,0.408203342102338,0.49639449174332895
3864,0.6758375761735204,3,4,3,561546,44064,64522,43434,0.40816628996998777,0.4963999177124049
3865,0.6758588966090582,3,1,3,561547,44063,64525,43431,0.4081570269369002,0.49638832377077285
3866,0.6759547198817788,0,1,0,561548,44062,64525,43431,0.4081477639038127,0.49639399723406447
3867,0.6759925729349248,0,1,0,561549,44061,64525,43431,0.4081385008707251,0.49639967082704706
3868,0.676171345832612,1,0,1,561549,44061,64526,43430,0.4081385008707251,0.4963939148026654
3869,0.6763086020241912,0,1,0,561550,44060,64526,43430,0.40812923783763755,0.4963995885244028
3870,0.6763096338202078,0,1,0,561551,44059,64526,43430,0.40811997480455,0.49640526237584154
3871,0.6763773232935616,1,0,1,561551,44059,64527,43429,0.40811997480455,0.4963995062179956
3872,0.6764133104458017,1,1,1,561552,44058,64528,43428,0.40811071177146246,0.49639942390782527
3873,0.6765109996194281,0,1,0,561553,44057,64528,43428,0.4081014487383749,0.4964050980168029
3874,0.676515592622956,0,7,0,561560,44050,64528,43428,0.408036607506762,0.4964448204119893
3875,0.6765155926229562,3,7,3,561567,44043,64531,43425,0.40797176627514914,0.4964672794622033
3876,0.6765534456761021,0,3,0,561570,44040,64531,43425,0.4079439771758865,0.49648430800891785
3877,0.6765667250097465,0,1,0,561571,44039,64531,43425,0.4079347141427989,0.49648998445074544
3878,0.6767677608496884,0,1,0,561572,44038,64531,43425,0.40792545110971135,0.4964956610223752
3879,0.6768541537604287,0,1,0,561573,44037,64531,43425,0.40791618807662383,0.4965013377238115
3880,0.6769741831869791,4,4,4,561577,44033,64535,43421,0.4078791359442736,0.4965010176778649
3881,0.6770158170859972,1,0,1,561577,44033,64536,43420,0.4078791359442736,0.4964952603112529
3882,0.6770275582252245,0,2,0,561579,44031,64536,43420,0.40786060987809847,0.49650661513304595
3883,0.677195384071249,1,0,1,561579,44031,64537,43419,0.40786060987809847,0.4965008576329331
3884,0.6773293589588946,0,2,0,561581,44029,64537,43419,0.4078420838119234,0.49651221297228065
3885,0.6773653461111347,0,1,0,561582,44028,64537,43419,0.4078328207788358,0.4965178908367354
3886,0.6773718050155686,22,42,22,561624,43986,64559,43397,0.40744377338915855,0.49662977924767976
3887,0.6774249203981288,0,1,0,561625,43985,64559,43397,0.407434510356071,0.49663546268110137
3888,0.6774813636699313,1,0,1,561625,43985,64560,43396,0.407434510356071,0.49662970210915414
3889,0.677668732254023,1,7,1,561632,43978,64561,43395,0.4073696691244581,0.49666372906962103
3890,0.6776687322540232,1,4,1,561636,43974,64562,43394,0.4073326169921079,0.496680706894973
3891,0.6778279106596098,0,1,0,561637,43973,64562,43394,0.40732335395902036,0.49668639188709696
3892,0.677890231700072,2,3,2,561640,43970,64564,43392,0.40729556485975765,0.496691925551155
3893,0.6779262188523121,1,2,1,561642,43968,64565,43391,0.40727703879358257,0.49669753545713663
3894,0.6780796334162571,1,2,1,561644,43966,64566,43390,0.4072585127274075,0.4967031457484317
3895,0.6780882551331123,0,1,0,561645,43965,64566,43390,0.4072492496943199,0.4967088317783756
3896,0.6781428448031455,0,1,0,561646,43964,64566,43390,0.40723998666123234,0.4967145179385031
3897,0.6782647799897846,0,1,0,561647,43963,64566,43390,0.4072307236281448,0.4967202042288187
3898,0.678363281321067,0,2,0,561649,43961,64566,43390,0.4072121975619697,0.4967315772000321
3899,0.6783632813210672,0,1,0,561650,43960,64566,43390,0.4072029345288821,0.49673726388093875
3900,0.6783769560634618,1,0,1,561650,43960,64567,43389,0.4072029345288821,0.4967315023640797
3901,0.6784870915934895,58,105,58,561755,43855,64625,43331,0.40623031605468896,0.49699493037873055
3902,0.6786207679193561,0,1,0,561756,43854,64625,43331,0.4062210530216014,0.49700063084246143
3903,0.6788207149380185,2,3,2,561759,43851,64627,43329,0.40619326392233873,0.49700619408121127
3904,0.6788782545176452,0,1,0,561760,43850,64627,43329,0.40618400088925116,0.4970118950664724
3905,0.6789378288046393,2,3,2,561763,43847,64629,43327,0.4061562117899885,0.49701745933420516
3906,0.6790195967563517,0,2,0,561765,43845,64629,43327,0.4061376857238134,0.4970288624787776
3907,0.6791816406605335,16,38,16,561803,43807,64645,43311,0.4057856904664863,0.49715328634725314
3908,0.679387300901503,0,1,0,561804,43806,64645,43311,0.4057764274333988,0.49715899307827405
3909,0.6794331819502659,0,1,0,561805,43805,64645,43311,0.40576716440031124,0.4971646999403095
3910,0.6794391272588226,5,23,5,561828,43782,64650,43306,0.40555411463929747,0.49726713209627044
3911,0.6795733632206185,4,3,4,561831,43779,64654,43302,0.4055263255400348,0.4972611706342371
3912,0.6796557532096559,1,1,1,561832,43778,64655,43301,0.4055170625069473,0.4972611077297626
3913,0.6797114722622524,1,0,1,561832,43778,64656,43300,0.4055170625069473,0.49725533429798574
3914,0.679858261719554,0,1,0,561833,43777,64656,43300,0.40550779947385973,0.4972610448223986
3915,0.6799409393088831,0,1,0,561834,43776,64656,43300,0.40549853644077216,0.4972667554779733
3916,0.68,1636,3270,1636,565104,40506,66292,41664,0.37520841824447,0.5070463672873311
3917,0.6802048848116061,1,0,1,565104,40506,66293,41663,0.37520841824447,0.5070403680220035
3918,0.680283269935,0,1,0,565105,40505,66293,41663,0.3751991552113824,0.5070465387985591
3919,0.6804639589969145,0,1,0,565106,40504,66293,41663,0.37518989217829485,0.5070527097253155
3920,0.6811158324680529,1,1,1,565107,40503,66294,41662,0.37518062914520733,0.5070528813971886
3921,0.6814159946622473,0,1,0,565108,40502,66294,41662,0.37517136611211976,0.5070590526264545
3922,0.6815880836771895,0,1,0,565109,40501,66294,41662,0.3751621030790322,0.5070652240059395
3923,0.6819768674034248,0,1,0,565110,40500,66294,41662,0.3751528400459446,0.5070713955356491
3924,0.6819768674034249,1,0,1,565110,40500,66295,41661,0.3751528400459446,0.5070653959907986
3925,0.6823744892320144,0,1,0,565111,40499,66295,41661,0.3751435770128571,0.5070715676728335
3926,0.6829454356863661,0,1,0,565112,40498,66295,41661,0.37513431397976954,0.5070777395051059
3927,0.6830177252387527,0,1,0,565113,40497,66295,41661,0.37512505094668197,0.5070839114876214
3928,0.6832624965716492,0,1,0,565114,40496,66295,41661,0.3751157879135944,0.5070900836203853
3929,0.6832891854400784,1,0,1,565114,40496,66296,41660,0.3751157879135944,0.5070840839378743
3930,0.683403818590659,0,1,0,565115,40495,66296,41660,0.3751065248805069,0.5070902562229931
3931,0.6834897758099352,1,0,1,565115,40495,66297,41659,0.3751065248805069,0.5070842563965235
3932,0.6835276288630814,0,1,0,565116,40494,66297,41659,0.3750972618474193,0.5070904288340048
3933,0.6835584039927176,0,1,0,565117,40493,66297,41659,0.37508799881433175,0.5070966014217548
3934,0.6838245561015358,0,1,0,565118,40492,66297,41659,0.37507873578124423,0.5071027741597789
3935,0.6838873976385247,0,3,0,565121,40489,66297,41659,0.3750509466819815,0.5071212932755514
3936,0.6842752933126854,0,1,0,565122,40488,66297,41659,0.375041683648894,0.5071274666147273
3937,0.6846571219762478,0,1,0,565123,40487,66297,41659,0.37503242061580644,0.5071336401042047
3938,0.6847436100311373,2,1,2,565124,40486,66299,41657,0.37502315758271887,0.5071278136907588
3939,0.6849004020392913,0,1,0,565125,40485,66299,41657,0.37501389454963135,0.5071339874850868
3940,0.6850026842164456,0,2,0,565127,40483,66299,41657,0.3749953684834562,0.5071463355247139
3941,0.6850405372695917,0,1,0,565128,40482,66299,41657,0.37498610545036865,0.507152509770024
3942,0.6852873693676389,0,1,0,565129,40481,66299,41657,0.37497684241728113,0.5071586841656724
3943,0.6853151520982007,1,0,1,565129,40481,66300,41656,0.37497684241728113,0.5071526839305064
3944,0.6854534214275954,0,2,0,565131,40479,66300,41656,0.374958316351106,0.5071650331770865
3945,0.6854612747804687,1,0,1,565131,40479,66301,41655,0.374958316351106,0.5071590328000585
3946,0.6854612747804688,1,0,1,565131,40479,66302,41654,0.374958316351106,0.5071530322769167
3947,0.6857321334271532,0,1,0,565132,40478,66302,41654,0.3749490533180185,0.5071592071299859
3948,0.6858375761735204,4,4,4,565136,40474,66306,41650,0.37491200118566825,0.5071599045346062
3949,0.6858375761735205,0,1,0,565137,40473,66306,41650,0.3749027381525807,0.5071660801480706
3950,0.6858588966090582,1,7,1,565144,40466,66307,41649,0.3748378969209678,0.5072033124276929
3951,0.6859252337773831,1,1,1,565145,40465,66308,41648,0.37482863388788024,0.507203487876463
3952,0.6861558238475126,1,0,1,565145,40465,66309,41647,0.37482863388788024,0.5071974863600935
3953,0.6863607086591188,0,1,0,565146,40464,66309,41647,0.37481937085479267,0.5072036633337799
3954,0.6863627492027681,0,1,0,565147,40463,66309,41647,0.37481010782170515,0.5072098404579223
3955,0.686515592622956,0,3,0,565150,40460,66309,41647,0.3747823187224425,0.5072283727331409
3956,0.6865155926229562,1,12,1,565162,40448,66310,41646,0.3746711623253918,0.5072965137525276
3957,0.6865475464075976,1,0,1,565162,40448,66311,41645,0.3746711623253918,0.507290511980315
3958,0.6865534456761021,1,1,1,565163,40447,66312,41644,0.37466189929230426,0.5072906896005652
3959,0.6865534456761023,0,1,0,565164,40446,66312,41644,0.37465263625921674,0.5072968692898039
3960,0.6866065610586624,0,1,0,565165,40445,66312,41644,0.3746433732261292,0.5073030491296032
3961,0.6868109322743912,1,0,1,565165,40445,66313,41643,0.3746433732261292,0.5072970470714355
3962,0.6869741831869791,1,5,1,565170,40440,66314,41642,0.3745970580606914,0.5073219463463365
3963,0.6870275582252244,0,1,0,565171,40439,66314,41642,0.37458779502760386,0.5073281270939681
3964,0.6871150695145246,0,1,0,565172,40438,66314,41642,0.3745785319945163,0.5073343079922027
3965,0.6872276579175142,0,1,0,565173,40437,66314,41642,0.3745692689614287,0.5073404890410458
3966,0.6872343111155373,0,1,0,565174,40436,66314,41642,0.37456000592834116,0.507346670240503
3967,0.6873293589588946,1,0,1,565174,40436,66315,41641,0.37456000592834116,0.5073406679094021
3968,0.6873718050155686,22,31,22,565205,40405,66337,41619,0.374272851902627,0.5074002730908027
3969,0.6874249203981287,1,1,1,565206,40404,66338,41618,0.3742635888695394,0.5074004535368559
3970,0.687668732254023,1,2,1,565208,40402,66339,41617,0.37424506280336434,0.5074068203708897
3971,0.6876687322540233,2,1,2,565209,40401,66341,41615,0.37423579977027677,0.507400994927819
3972,0.6877095064520645,0,1,0,565210,40400,66341,41615,0.37422653673718925,0.5074071816131196
3973,0.6877481251456666,0,1,0,565211,40399,66341,41615,0.3742172737041017,0.5074133684492892
3974,0.6878215104307016,1,0,1,565211,40399,66342,41614,0.3742172737041017,0.5074073622474485
3975,0.687890231700072,3,14,3,565225,40385,66345,41611,0.3740875912408759,0.5074759744377775
3976,0.6879262188523121,1,7,1,565232,40378,66346,41610,0.37402275000926305,0.5075132946284823
3977,0.6880796334162571,0,2,0,565234,40376,66346,41610,0.3740042239430879,0.5075256751152636
3978,0.6881428448031454,0,1,0,565235,40375,66346,41610,0.3739949609100004,0.507531865585168
3979,0.6881669341383331,0,1,0,565236,40374,66346,41610,0.3739856978769128,0.5075380562060889
3980,0.688265339625714,0,1,0,565237,40373,66346,41610,0.37397643484382526,0.507544246978032
3981,0.688363281321067,1,0,1,565237,40373,66347,41609,0.37397643484382526,0.5075382401014857
3982,0.6884729103048278,0,1,0,565238,40372,66347,41609,0.3739671718107377,0.5075444310267013
3983,0.6884870915934895,62,114,62,565352,40258,66409,41547,0.3729111860387565,0.5078784915347473
3984,0.688593582014295,0,1,0,565353,40257,66409,41547,0.372901923005669,0.5078847000146692
3985,0.6886207679193561,1,1,1,565354,40256,66410,41546,0.3728926599725814,0.5078848927899073
3986,0.6888174039693385,0,1,0,565355,40255,66410,41546,0.37288339693949385,0.5078911015757753
3987,0.6888207149380186,0,1,0,565356,40254,66410,41546,0.37287413390640634,0.5078973105134474
3988,0.6889378288046393,1,9,1,565365,40245,66411,41545,0.3727907666086183,0.5079471818070669
3989,0.6891816406605336,27,48,27,565413,40197,66438,41518,0.37234614102041574,0.5080829713026984
3990,0.689334418837212,0,1,0,565414,40196,66438,41518,0.3723368779873282,0.5080891891230389
3991,0.6894391272588226,7,20,7,565434,40176,66445,41511,0.3721516173255771,0.5081714348672371
3992,0.6895733632206185,2,9,2,565443,40167,66447,41509,0.3720682500277891,0.508215387629169
3993,0.689746294247583,0,1,0,565444,40166,66447,41509,0.3720589869947015,0.5082216100397918
3994,0.69,1599,3116,1599,568560,37050,68046,39910,0.3431953758938827,0.518581081081081
3995,0.6901274960840256,0,1,0,568561,37049,68046,39910,0.34318611286079514,0.518587819488299
3996,0.6903256896675198,1,0,1,568561,37049,68047,39909,0.34318611286079514,0.5185815639699577
3997,0.6907318712845769,0,1,0,568562,37048,68047,39909,0.3431768498277076,0.5185883025585717
3998,0.6908615808255039,0,1,0,568563,37047,68047,39909,0.34316758679462,0.518595041322314
3999,0.6909525492612102,0,1,0,568564,37046,68047,39909,0.3431583237615325,0.5186017802611916
4000,0.6910725508446819,1,0,1,568564,37046,68048,39908,0.3431583237615325,0.5185955245991112
4001,0.691156920476939,0,1,0,568565,37045,68048,39908,0.3431490607284449,0.5186022637194132
4002,0.6915602198384895,1,0,1,568565,37045,68049,39907,0.3431490607284449,0.5185960079010292
4003,0.6917113343136825,1,0,1,568565,37045,68050,39906,0.3431490607284449,0.518589751920053
4004,0.6918514614240725,0,1,0,568566,37044,68050,39906,0.34313979769535735,0.5185964912280702
4005,0.6920761431058718,0,1,0,568567,37043,68050,39906,0.34313053466226984,0.5186032307112504
4006,0.6921154150467059,0,1,0,568568,37042,68050,39906,0.34312127162918227,0.5186099703696002
4007,0.6922196052681769,0,1,0,568569,37041,68050,39906,0.3431120085960947,0.5186167102031268
4008,0.6923910218496226,0,1,0,568570,37040,68050,39906,0.3431027455630071,0.5186234502118369
4009,0.6924948007117476,0,1,0,568571,37039,68050,39906,0.3430934825299196,0.5186301903957372
4010,0.6925022202493243,1,0,1,568571,37039,68051,39905,0.3430934825299196,0.5186239342898732
4011,0.6925991339935871,0,1,0,568572,37038,68051,39905,0.34308421949683204,0.5186306746552642
4012,0.6926698288834494,1,0,1,568572,37038,68052,39904,0.34308421949683204,0.5186244183930753
4013,0.6930061967620693,0,1,0,568573,37037,68052,39904,0.3430749564637445,0.518631158939967
4014,0.6930379646076434,0,1,0,568574,37036,68052,39904,0.34306569343065696,0.5186378996620743
4015,0.6932093811890891,0,1,0,568575,37035,68052,39904,0.3430564303975694,0.5186446405594042
4016,0.6932276962081181,0,1,0,568576,37034,68052,39904,0.3430471673644818,0.5186513816319634
4017,0.6933069048463959,0,1,0,568577,37033,68052,39904,0.34303790433139425,0.5186581228797588
4018,0.6934032877550456,0,2,0,568579,37031,68052,39904,0.34301937826521917,0.5186716059010853
4019,0.6936724161495289,0,1,0,568580,37030,68052,39904,0.3430101152321316,0.5186783476746302
4020,0.6938873976385247,0,1,0,568581,37029,68052,39904,0.3430008521990441,0.5186850896234386
4021,0.693940513021085,0,1,0,568582,37028,68052,39904,0.3429915891659565,0.5186918317475173
4022,0.6940983676577029,0,1,0,568583,37027,68052,39904,0.34298232613286894,0.5186985740468731
4023,0.6943246677670101,0,1,0,568584,37026,68052,39904,0.3429730630997814,0.5187053165215131
4024,0.6947371511267033,0,1,0,568585,37025,68052,39904,0.34296380006669386,0.5187120591714438
4025,0.6947436100311373,3,1,3,568586,37024,68055,39901,0.3429545370336063,0.5187000324991875
4026,0.6949980912129174,1,0,1,568586,37024,68056,39900,0.3429545370336063,0.5186937756746919
4027,0.6950026842164456,1,3,1,568589,37021,68057,39899,0.34292674793434363,0.5187077483099324
4028,0.6950405372695917,0,1,0,568590,37020,68057,39899,0.34291748490125606,0.5187144918680691
4029,0.6952129374609431,0,1,0,568591,37019,68057,39899,0.3429082218681685,0.5187212356015497
4030,0.6952620367156405,0,1,0,568592,37018,68057,39899,0.342898958835081,0.5187279795103813
4031,0.6954534214275954,1,0,1,568592,37018,68058,39898,0.342898958835081,0.5187217223984607
4032,0.6954612747804688,0,1,0,568593,37017,68058,39898,0.3428896958019934,0.5187284664889813
4033,0.6955279228146364,0,1,0,568594,37016,68058,39898,0.34288043276890584,0.5187352107548691
4034,0.6956972332834895,0,1,0,568595,37015,68058,39898,0.34287116973581827,0.5187419551961306
4035,0.6956972332834898,0,1,0,568596,37014,68058,39898,0.34286190670273076,0.518748699812773
4036,0.6957955589151322,0,1,0,568597,37013,68058,39898,0.3428526436696432,0.5187554446048029
4037,0.6958375761735204,2,6,2,568603,37007,68060,39896,0.3427970654711179,0.5187834024680441
4038,0.6958375761735205,0,1,0,568604,37006,68060,39896,0.3427878024380303,0.5187901485006892
4039,0.6958588966090582,4,3,4,568607,37003,68064,39892,0.34276001333876766,0.5187853566551791
4040,0.6959120119916185,0,1,0,568608,37002,68064,39892,0.3427507503056801,0.5187921034150909
4041,0.6959506865141799,0,1,0,568609,37001,68064,39892,0.3427414872725925,0.518798850350487
4042,0.6961713458326119,0,1,0,568610,37000,68064,39892,0.342732224239505,0.5188055974613744
4043,0.696328688291818,0,1,0,568611,36999,68064,39892,0.34272296120641743,0.5188123447477598
4044,0.6964133104458017,0,1,0,568612,36998,68064,39892,0.34271369817332986,0.5188190922096502
4045,0.696515592622956,2,6,2,568618,36992,68066,39890,0.34265811997480455,0.5188470643323535
4046,0.6965155926229563,1,8,1,568626,36984,68067,39889,0.3425840157101041,0.5188948005151354
4047,0.6965534456761021,1,2,1,568628,36982,68068,39888,0.342565489643929,0.5189020424092624
4048,0.6965534456761023,0,2,0,568630,36980,68068,39888,0.3425469635777539,0.5189155435291669
4049,0.6969173043974871,1,1,1,568631,36979,68069,39887,0.34253770054466637,0.5189160356984883
4050,0.696945168236187,1,0,1,568631,36979,68070,39886,0.34253770054466637,0.5189097768815456
4051,0.6969741831869791,1,6,1,568637,36973,68071,39885,0.342482122346141,0.5189440266465429
4052,0.6970275582252244,1,0,1,568637,36973,68072,39884,0.342482122346141,0.5189377675423189
4053,0.6971078595128456,0,1,0,568638,36972,68072,39884,0.3424728593130535,0.5189445196211097
4054,0.6971180992631516,1,0,1,568638,36972,68073,39883,0.3424728593130535,0.518938260360419
4055,0.6971812883588862,0,1,0,568639,36971,68073,39883,0.3424635962799659,0.518945012621334
4056,0.6973078065315081,0,1,0,568640,36970,68073,39883,0.34245433324687835,0.5189517650579678
4057,0.6973438697698998,1,0,1,568640,36970,68074,39882,0.34245433324687835,0.518945505647218
4058,0.6973718050155686,24,38,24,568678,36932,68098,39858,0.3421023379895513,0.5190519598906107
4059,0.6974249203981288,0,2,0,568680,36930,68098,39858,0.34208381192337617,0.5190654789810908
4060,0.6975819720619679,0,1,0,568681,36929,68098,39858,0.34207454889028865,0.5190722387904203
4061,0.6976365259476549,1,0,1,568681,36929,68099,39857,0.34207454889028865,0.519065975568463
4062,0.697668732254023,3,0,3,568681,36929,68102,39854,0.34207454889028865,0.5190471849237461
4063,0.6976687322540233,1,2,1,568683,36927,68103,39853,0.3420560228241135,0.519054441260745
4064,0.6976741006869145,0,1,0,568684,36926,68103,39853,0.342046759791026,0.5190612016306542
4065,0.6978215104307016,0,1,0,568685,36925,68103,39853,0.34203749675793843,0.5190679621766652
4066,0.697890231700072,3,8,3,568693,36917,68106,39850,0.341963392493238,0.5191032605155861
4067,0.6979262188523121,2,1,2,568694,36916,68108,39848,0.3419541294601504,0.5190974936167996
4068,0.698019034530723,1,0,1,568694,36916,68109,39847,0.3419541294601504,0.5190912288472311
4069,0.6980604548141081,0,1,0,568695,36915,68109,39847,0.3419448664270629,0.5190979911935593
4070,0.6980796334162571,0,1,0,568696,36914,68109,39847,0.34193560339397533,0.5191047537160798
4071,0.6981311036639181,0,1,0,568697,36913,68109,39847,0.34192634036088776,0.5191115164147994
4072,0.698363281321067,1,2,1,568699,36911,68110,39846,0.3419078142947127,0.5191187774404941
4073,0.6984870915934895,59,95,59,568794,36816,68169,39787,0.341027826151395,0.5193921909063614
4074,0.6985111920252577,1,0,1,568794,36816,68170,39786,0.341027826151395,0.5193859168167932
4075,0.698755003881152,1,0,1,568794,36816,68171,39785,0.341027826151395,0.519379642563413
4076,0.6989368299795256,0,1,0,568795,36815,68171,39785,0.34101856311830747,0.5193864229765013
4077,0.6989378288046393,8,1,8,568796,36814,68179,39777,0.3410093000852199,0.5193430037471766
4078,0.6990487397640303,0,1,0,568797,36813,68179,39777,0.34100003705213233,0.5193497845671758
4079,0.6991816406605335,23,44,23,568841,36769,68202,39754,0.34059246359628,0.5195039399918978
4080,0.6992104030895989,0,1,0,568842,36768,68202,39754,0.3405832005631924,0.5195107289406968
4081,0.6992294162440054,1,0,1,568842,36768,68203,39753,0.3405832005631924,0.5195044497588898
4082,0.6993051523711772,0,1,0,568843,36767,68203,39753,0.34057393753010484,0.519511238891793
4083,0.6993392059202499,0,1,0,568844,36766,68203,39753,0.34056467449701733,0.5195180282021459
4084,0.6994391272588225,6,17,6,568861,36749,68209,39747,0.34040720293452886,0.5195957958586069
4085,0.6995733632206185,3,5,3,568866,36744,68212,39744,0.3403608877690911,0.5196109193598996
4086,0.6996557532096559,1,0,1,568866,36744,68213,39743,0.3403608877690911,0.519604638696772
4087,0.6997114722622524,0,2,0,568868,36742,68213,39743,0.340342361702916,0.5196182257959077
4088,0.6997232116093809,1,0,1,568868,36742,68214,39742,0.340342361702916,0.5196119449819571
4089,0.6997516669250691,1,0,1,568868,36742,68215,39741,0.340342361702916,0.5196056640037655
4090,0.6998799705734494,0,1,0,568869,36741,68215,39741,0.34033309866982847,0.5196124578332156
4091,0.7,1617,2940,1617,571809,33801,69832,38124,0.3130997813924191,0.5300521376433786
4092,0.7000219010504997,0,1,0,571810,33800,69832,38124,0.3130905183593316,0.5300595072576608
4093,0.700340148724492,0,1,0,571811,33799,69832,38124,0.31308125532624403,0.5300668770768738
4094,0.700924562261508,1,0,1,571811,33799,69833,38123,0.31308125532624403,0.5300603431495231
4095,0.7011585080639583,0,1,0,571812,33798,69833,38123,0.31307199229315646,0.5300677131853005
4096,0.7012368082274135,0,1,0,571813,33797,69833,38123,0.3130627292600689,0.5300750834260289
4097,0.7017276592715604,1,0,1,571813,33797,69834,38122,0.3130627292600689,0.53006854934023
4098,0.7020530964173537,1,0,1,571813,33797,69835,38121,0.3130627292600689,0.5300620150727217
4099,0.7026142216802579,1,0,1,571813,33797,69836,38120,0.3130627292600689,0.5300554806234965
4100,0.7026751973163408,0,1,0,571814,33796,69836,38120,0.3130534662269814,0.5300628511040658
4101,0.7028387265428152,0,1,0,571815,33795,69836,38120,0.3130442031938938,0.5300702217896127
4102,0.7032428486776192,0,1,0,571816,33794,69836,38120,0.31303494016080624,0.5300775926801458
4103,0.7032636833603584,1,0,1,571816,33794,69837,38119,0.31303494016080624,0.5300710580840738
4104,0.7033160541251593,0,1,0,571817,33793,69837,38119,0.3130256771277187,0.5300784291912337
4105,0.7035063084275436,0,1,0,571818,33792,69837,38119,0.31301641409463116,0.5300858005034
4106,0.7038873976385247,0,1,0,571819,33791,69837,38119,0.3130071510615436,0.5300931720205813
4107,0.7038942095522123,0,1,0,571820,33790,69837,38119,0.312997888028456,0.530100543742786
4108,0.7039193514231663,0,1,0,571821,33789,69837,38119,0.3129886249953685,0.5301079156700228
4109,0.7039215440810408,0,1,0,571822,33788,69837,38119,0.31297936196228093,0.5301152878023002
4110,0.7042221779301253,0,1,0,571823,33787,69837,38119,0.31297009892919336,0.5301226601396267
4111,0.7043459882025478,0,1,0,571824,33786,69837,38119,0.3129608358961058,0.530130032682011
4112,0.7043459882025479,0,1,0,571825,33785,69837,38119,0.3129515728630183,0.5301374054294615
4113,0.7043678892530475,0,1,0,571826,33784,69837,38119,0.3129423098299307,0.5301447783819868
4114,0.7044418114752682,0,2,0,571828,33782,69837,38119,0.3129237837637556,0.5301595249022962
4115,0.7044436773761741,1,0,1,571828,33782,69838,38118,0.3129237837637556,0.5301529902642559
4116,0.7046404524682535,0,1,0,571829,33781,69838,38118,0.31291452073066806,0.5301603638437252
4117,0.7046668020906243,1,0,1,571829,33781,69839,38117,0.31291452073066806,0.5301538290355782
4118,0.7047436100311373,1,0,1,571829,33781,69840,38116,0.31291452073066806,0.5301472940456486
4119,0.7050026842164456,0,1,0,571830,33780,69840,38116,0.3129052576975805,0.5301546678535662
4120,0.7050346380010872,0,1,0,571831,33779,69840,38116,0.3128959946644929,0.530162041866611
4121,0.7050405372695917,0,2,0,571833,33777,69840,38116,0.31287746859831783,0.5301767905081163
4122,0.7052620367156405,0,1,0,571834,33776,69840,38116,0.31286820556523026,0.5301841651365938
4123,0.7052767034323429,0,1,0,571835,33775,69840,38116,0.31285894253214275,0.5301915399702327
4124,0.7056972332834897,0,1,0,571836,33774,69840,38116,0.3128496794990552,0.5301989150090416
4125,0.7057291870681311,1,0,1,571836,33774,69841,38115,0.3128496794990552,0.5301923799190419
4126,0.7058268762417574,0,1,0,571837,33773,69841,38115,0.3128404164659676,0.5301997551747162
4127,0.7058375761735204,1,1,1,571838,33772,69842,38114,0.31283115343288004,0.5302005953871407
4128,0.7058588966090582,8,4,8,571842,33768,69850,38106,0.31279410130052987,0.5301778111695467
4129,0.7060607760041557,0,1,0,571843,33767,69850,38106,0.3127848382674423,0.5301851877617464
4130,0.7063096338202078,1,0,1,571843,33767,69851,38105,0.3127848382674423,0.5301786509349955
4131,0.7063393882235809,1,0,1,571843,33767,69852,38104,0.3127848382674423,0.5301721139263402
4132,0.7063773232935614,1,0,1,571843,33767,69853,38103,0.3127848382674423,0.5301655767357729
4133,0.7063773232935615,0,1,0,571844,33766,69853,38103,0.31277557523435473,0.5301729535682979
4134,0.706440082813716,0,1,0,571845,33765,69853,38103,0.31276631220126716,0.5301803306061112
4135,0.706515592622956,6,5,6,571850,33760,69859,38097,0.3127199970358294,0.5301779924015754
4136,0.7065155926229562,2,6,2,571856,33754,69861,38095,0.3126644188373041,0.5302091887152222
4137,0.7065534456761021,1,0,1,571856,33754,69862,38094,0.3126644188373041,0.5302026500389712
4138,0.7065534456761022,0,1,0,571857,33753,69862,38094,0.31265515580421654,0.5302100296463318
4139,0.7068109322743912,0,2,0,571859,33751,69862,38094,0.3126366297380414,0.5302247894773471
4140,0.7069173043974871,0,1,0,571860,33750,69862,38094,0.3126273667049539,0.5302321697010188
4141,0.7069741831869791,5,5,5,571865,33745,69867,38089,0.3125810515395161,0.5302363783166746
4142,0.7070086632680688,2,0,2,571865,33745,69869,38087,0.3125810515395161,0.5302232988083305
4143,0.7072219157877607,1,0,1,571865,33745,69870,38086,0.3125810515395161,0.5302167587810277
4144,0.7073653461111347,1,0,1,571865,33745,69871,38085,0.3125810515395161,0.5302102185716274
4145,0.7073658597070118,0,1,0,571866,33744,69871,38085,0.3125717885064285,0.5302176001336507
4146,0.7073718050155686,20,37,20,571903,33707,69891,38065,0.31222905628218905,0.530360028980661
4147,0.7074249203981288,1,2,1,571905,33705,69892,38064,0.3122105302160139,0.5303682648497262
4148,0.7074249203981289,1,0,1,571905,33705,69893,38063,0.3122105302160139,0.5303617211013265
4149,0.7076179554188908,0,1,0,571906,33704,69893,38063,0.3122012671829264,0.5303691111513649
4150,0.707668732254023,2,1,2,571907,33703,69895,38061,0.31219200414983883,0.5303634134106238
4151,0.7076687322540232,0,1,0,571908,33702,69895,38061,0.31218274111675126,0.5303708038961582
4152,0.7078215104307016,0,2,0,571910,33700,69895,38061,0.3121642150505762,0.5303855854851521
4153,0.7078902317000719,1,7,1,571917,33693,69896,38060,0.3120993738189633,0.5304307833818795
4154,0.7079262188523121,0,1,0,571918,33692,69896,38060,0.31209011078587573,0.5304381759393466
4155,0.7080604548141081,0,1,0,571919,33691,69896,38060,0.31208084775278816,0.5304455687028752
4156,0.7080796334162571,0,1,0,571920,33690,69896,38060,0.31207158471970065,0.5304529616724739
4157,0.7083632813210672,1,0,1,571920,33690,69897,38059,0.31207158471970065,0.5304464173716706
4158,0.7084870915934895,59,91,59,572011,33599,69956,38000,0.3112286487087332,0.5307336694646573
4159,0.708620767919356,0,1,0,572012,33598,69956,38000,0.3112193856756456,0.5307410821531328
4160,0.708755003881152,0,2,0,572014,33596,69956,38000,0.3112008596094705,0.5307559081512934
4161,0.7088207149380186,1,2,1,572016,33594,69957,37999,0.31118233354329544,0.5307641808556702
4162,0.7088591941026229,0,1,0,572017,33593,69957,37999,0.31117307051020787,0.5307715945915745
4163,0.7089368469679453,1,0,1,572017,33593,69958,37998,0.31117307051020787,0.5307650402983616
4164,0.7089378288046393,4,9,4,572026,33584,69962,37994,0.31108970321241985,0.5308055547794015
4165,0.7090354944440083,0,1,0,572027,33583,69962,37994,0.31108044017933234,0.5308129706469955
4166,0.7090652723816387,1,0,1,572027,33583,69963,37993,0.31108044017933234,0.5308064155582877
4167,0.7091816406605335,20,36,20,572063,33547,69983,37973,0.3107469709881804,0.5309423937360179
4168,0.7094391272588225,9,13,9,572076,33534,69992,37964,0.31062655155804214,0.530979887549302
4169,0.7095153688446397,1,0,1,572076,33534,69993,37963,0.31062655155804214,0.5309733275522049
4170,0.7095733632206185,5,7,5,572083,33527,69998,37958,0.31056171032642926,0.5309925159124291
4171,0.7096554657108922,1,0,1,572083,33527,69999,37957,0.31056171032642926,0.5309859548989984
4172,0.7096557532096558,1,0,1,572083,33527,70000,37956,0.31056171032642926,0.5309793937019991
4173,0.7097114722622524,1,0,1,572083,33527,70001,37955,0.31056171032642926,0.5309728323214236
4174,0.7097462942475831,0,1,0,572084,33526,70001,37955,0.31055244729334175,0.5309802604888012
4175,0.7097516669250691,1,0,1,572084,33526,70002,37954,0.31055244729334175,0.5309736989367655
4176,0.7099302848086413,1,0,1,572084,33526,70003,37953,0.31055244729334175,0.530967137201136
4177,0.71,1570,2761,1570,574845,30765,71573,36383,0.2849772129386046,0.5418329659855841
4178,0.7100751752706789,0,1,0,574846,30764,71573,36383,0.28496794990551705,0.5418410353403726
4179,0.7101041902214711,0,1,0,574847,30763,71573,36383,0.28495868687242953,0.5418491049355136
4180,0.7103780017776381,1,0,1,574847,30763,71574,36382,0.28495868687242953,0.5418422816293097
4181,0.7105434459490787,1,0,1,574847,30763,71575,36381,0.28495868687242953,0.5418354581198618
4182,0.7107592986483495,0,1,0,574848,30762,71575,36381,0.28494942383934196,0.5418435279924936
4183,0.7108983434071073,0,1,0,574849,30761,71575,36381,0.2849401608062544,0.5418515981055078
4184,0.7112592026540935,1,1,1,574850,30760,71576,36380,0.2849308977731668,0.5418528448019064
4185,0.711493288355559,1,0,1,574850,30760,71577,36379,0.2849308977731668,0.5418460209416286
4186,0.7118385980740303,0,1,0,574851,30759,71577,36379,0.2849216347400793,0.5418540915725818
4187,0.7123531687964766,1,0,1,574851,30759,71578,36378,0.2849216347400793,0.5418472675275928
4188,0.7123744892320143,0,1,0,574852,30758,71578,36378,0.28491237170699174,0.5418553384175405
4189,0.7124064430166558,0,1,0,574853,30757,71578,36378,0.28490310867390417,0.5418634095479258
4190,0.7124123422851605,1,0,1,574853,30757,71579,36377,0.28490310867390417,0.5418565853367892
4191,0.7125793740436204,1,0,1,574853,30757,71580,36376,0.28490310867390417,0.5418497609223482
4192,0.7126673370628179,0,1,0,574854,30756,71580,36376,0.28489384564081666,0.5418578323303342
4193,0.7127546465871231,0,1,0,574855,30755,71580,36376,0.2848845826077291,0.5418659039787878
4194,0.7128330797960374,1,0,1,574855,30755,71581,36375,0.2848845826077291,0.5418590793981827
4195,0.7129459492822434,0,1,0,574856,30754,71581,36375,0.2848753195746415,0.541867151305695
4196,0.7130198715044639,0,1,0,574857,30753,71581,36375,0.28486605654155395,0.5418752234537004
4197,0.7130531140154831,0,1,0,574858,30752,71581,36375,0.28485679350846643,0.5418832958422095
4198,0.7131134044518619,0,1,0,574859,30751,71581,36375,0.28484753047537886,0.5418913684712332
4199,0.7133750472763793,1,0,1,574859,30751,71582,36374,0.28484753047537886,0.5418845437616387
4200,0.7134000963994696,0,1,0,574860,30750,71582,36374,0.2848382674422913,0.5418926166497825
4201,0.7134328970204433,1,0,1,574860,30750,71583,36373,0.2848382674422913,0.541885791755434
4202,0.7137851154613705,1,0,1,574860,30750,71584,36372,0.2848382674422913,0.5418789666577277
4203,0.7137955411507438,1,0,1,574860,30750,71585,36371,0.2848382674422913,0.5418721413566544
4204,0.7139483663739583,0,1,0,574861,30749,71585,36371,0.2848290044092037,0.5418802145411203
4205,0.7143246677670101,1,0,1,574861,30749,71586,36370,0.2848290044092037,0.5418733890552601
4206,0.7144550822933897,1,0,1,574861,30749,71587,36369,0.2848290044092037,0.5418665633660121
4207,0.7147336126967807,0,1,0,574862,30748,71587,36369,0.2848197413761162,0.5418746368282253
4208,0.7147436100311373,0,3,0,574865,30745,71587,36369,0.28479195227685355,0.5418988586584021
4209,0.7147754049781596,0,1,0,574866,30744,71587,36369,0.284782689243766,0.5419069330830093
4210,0.7147967254136975,1,0,1,574866,30744,71588,36368,0.284782689243766,0.5419001072833473
4211,0.7148867447358369,0,1,0,574867,30743,71588,36368,0.2847734262106784,0.5419081819671887
4212,0.7149108277286647,0,1,0,574868,30742,71588,36368,0.28476416317759085,0.5419162568916704
4213,0.7150026842164456,0,1,0,574869,30741,71588,36368,0.28475490014450333,0.5419243320568031
4214,0.7150405372695917,2,1,2,574870,30740,71590,36366,0.28474563711141576,0.5419187554019015
4215,0.7152873693676389,0,1,0,574871,30739,71590,36366,0.2847363740783282,0.5419268310856121
4216,0.7152980238678808,1,0,1,574871,30739,71591,36365,0.2847363740783282,0.5419200047687173
4217,0.7153374645080463,0,1,0,574872,30738,71591,36365,0.2847271110452407,0.5419280807117417
4218,0.7154612747804688,0,1,0,574873,30737,71591,36365,0.2847178480121531,0.5419361568954726
4219,0.7156430439097874,0,1,0,574874,30736,71591,36365,0.28470858497906554,0.5419442333199207
4220,0.7156972332834897,1,0,1,574874,30736,71592,36364,0.28470858497906554,0.5419374068554397
4221,0.7158375761735204,0,1,0,574875,30735,71592,36364,0.28469932194597797,0.541945483539248
4222,0.7158375761735205,1,0,1,574875,30735,71593,36363,0.28469932194597797,0.5419386568899222
4223,0.7158588966090582,3,3,3,574878,30732,71596,36360,0.2846715328467153,0.5419424074405295
4224,0.7162623142683182,0,1,0,574879,30731,71596,36360,0.2846622698136278,0.5419504851619442
4225,0.716515592622956,0,6,0,574885,30725,71596,36360,0.28460669161510244,0.5419989565476634
4226,0.7165155926229562,2,3,2,574888,30722,71598,36358,0.2845789025158398,0.5420095408467501
4227,0.716678031377888,0,1,0,574889,30721,71598,36358,0.2845696394827522,0.5420176210140283
4228,0.7168109322743912,0,1,0,574890,30720,71598,36358,0.2845603764496647,0.5420257014222248
4229,0.7169173043974871,0,1,0,574891,30719,71598,36358,0.28455111341657713,0.5420337820713509
4230,0.716945168236187,1,0,1,574891,30719,71599,36357,0.28455111341657713,0.5420269544993739
4231,0.7169741831869791,4,3,4,574894,30716,71603,36353,0.2845233243173145,0.5420238858489019
4232,0.7169960842374787,1,0,1,574894,30716,71604,36352,0.2845233243173145,0.542017057314964
4233,0.7170174046730167,1,0,1,574894,30716,71605,36351,0.2845233243173145,0.5420102285773928
4234,0.7171078595128457,0,1,0,574895,30715,71605,36351,0.2845140612842269,0.5420183103211762
4235,0.7172314041241521,0,2,0,574897,30713,71605,36351,0.2844955352180518,0.5420344745317905
4236,0.7172853169606792,0,2,0,574899,30711,71605,36351,0.2844770091518767,0.5420506397065402
4237,0.7173078065315082,1,0,1,574899,30711,71606,36350,0.2844770091518767,0.5420438108587704
4238,0.7173718050155686,13,32,13,574931,30679,71619,36337,0.28418059209307495,0.5422137996896264
4239,0.7173762853963853,0,1,0,574932,30678,71619,36337,0.2841713290599874,0.5422218906215026
4240,0.7174249203981288,1,0,1,574932,30678,71620,36336,0.2841713290599874,0.5422150595397977
4241,0.7174249203981289,0,1,0,574933,30677,71620,36336,0.28416206602689986,0.5422231507319475
4242,0.7175702309227409,0,1,0,574934,30676,71620,36336,0.2841528029938123,0.5422312421655823
4243,0.7176687322540231,2,0,2,574934,30676,71622,36334,0.2841528029938123,0.5422175794657513
4244,0.7176687322540232,1,3,1,574937,30673,71623,36333,0.28412501389454964,0.5422350237292183
4245,0.7176829205922951,1,0,1,574937,30673,71624,36332,0.28412501389454964,0.5422281919259757
4246,0.7176966135316633,0,1,0,574938,30672,71624,36332,0.28411575086146207,0.5422362844009313
4247,0.7177630861268511,0,1,0,574939,30671,71624,36332,0.2841064878283745,0.5422443771174426
4248,0.7178814878574425,0,2,0,574941,30669,71624,36332,0.2840879617621994,0.542260563275175
4249,0.7178902317000719,2,3,2,574944,30666,71626,36330,0.28406017266293676,0.5422711803689773
4250,0.7179262188523121,0,2,0,574946,30664,71626,36330,0.2840416465967616,0.542287369018121
4251,0.7179578280868373,0,1,0,574947,30663,71626,36330,0.2840323835636741,0.5422954637051632
4252,0.718060454814108,1,0,1,574947,30663,71627,36329,0.2840323835636741,0.5422886314783855
4253,0.7181194694651728,1,0,1,574947,30663,71628,36328,0.2840323835636741,0.5422817990476333
4254,0.7183769560634619,0,1,0,574948,30662,71628,36328,0.28402312053058654,0.5422898940140319
4255,0.7184870915934896,49,80,49,575028,30582,71677,36279,0.2832820778835822,0.5426033113474222
4256,0.7184897329237587,1,0,1,575028,30582,71678,36278,0.2832820778835822,0.5425964702363146
4257,0.718755003881152,1,0,1,575028,30582,71679,36277,0.2832820778835822,0.5425896289205642
4258,0.7188207149380186,0,2,0,575030,30580,71679,36277,0.2832635518174071,0.5426058602689322
4259,0.7189378288046393,7,8,7,575038,30572,71686,36270,0.28318944755270664,0.5426229017683493
4260,0.7190618188937133,1,0,1,575038,30572,71687,36269,0.28318944755270664,0.5426160590057001
4261,0.7191816406605335,26,27,26,575065,30545,71713,36243,0.2829393456593427,0.5426573635982512
4262,0.7192463902418392,0,1,0,575066,30544,71713,36243,0.28293008262625513,0.5426654887927291
4263,0.7192902515768753,0,1,0,575067,30543,71713,36243,0.28292081959316756,0.5426736142305274
4264,0.719334418837212,0,1,0,575068,30542,71713,36243,0.28291155656008005,0.5426817399116568
4265,0.7194391272588225,11,13,11,575081,30529,71724,36232,0.2827911371299418,0.5427120624316591
4266,0.7195733632206185,6,3,6,575084,30526,71730,36226,0.28276334803067915,0.5426953499520614
4267,0.7196557532096558,1,3,1,575087,30523,71731,36225,0.2827355589314165,0.5427128902738659
4268,0.7197114722622524,1,0,1,575087,30523,71732,36224,0.2827355589314165,0.5427060392227366
4269,0.7199302848086413,0,1,0,575088,30522,71732,36224,0.2827262958983289,0.5427141701375363
4270,0.72,1591,2542,1591,577630,27980,73323,34633,0.2591796657897662,0.5531279446760258
4271,0.7200157480822127,0,1,0,577631,27979,73323,34633,0.25917040275667863,0.5531367788922251
4272,0.7200432214860374,0,1,0,577632,27978,73323,34633,0.2591611397235911,0.5531456133906183
4273,0.7201882220916427,0,1,0,577633,27977,73323,34633,0.25915187669050355,0.5531544481712186
4274,0.7202423563470439,0,1,0,577634,27976,73323,34633,0.259142613657416,0.5531632832340398
4275,0.7202859593507895,1,0,1,577634,27976,73324,34632,0.259142613657416,0.553156146179402
4276,0.7208569878219758,1,0,1,577634,27976,73325,34631,0.259142613657416,0.5531490088967688
4277,0.7208615808255039,0,1,0,577635,27975,73325,34631,0.2591333506243284,0.5531578442960738
4278,0.7211963611171045,1,0,1,577635,27975,73326,34630,0.2591333506243284,0.553150706812555
4279,0.7212201651567994,0,1,0,577636,27974,73326,34630,0.2591240875912409,0.5531595425212447
4280,0.7214538477153936,0,1,0,577637,27973,73326,34630,0.2591148245581533,0.5531683785122119
4281,0.7217776293385966,0,1,0,577638,27972,73326,34630,0.25910556152506575,0.5531772147854701
4282,0.7218909101841484,0,1,0,577639,27971,73326,34630,0.25909629849197824,0.5531860513410329
4283,0.7219768674034249,0,1,0,577640,27970,73326,34630,0.25908703545889067,0.5531948881789137
4284,0.7220561326200453,0,1,0,577641,27969,73326,34630,0.2590777724258031,0.5532037252991262
4285,0.7221506523601852,0,1,0,577642,27968,73326,34630,0.25906850939271553,0.5532125627016837
4286,0.7222826327442334,0,1,0,577643,27967,73326,34630,0.259059246359628,0.5532214003866
4287,0.7222946217012369,0,1,0,577644,27966,73326,34630,0.25904998332654045,0.5532302383538884
4288,0.7226698288834494,0,1,0,577645,27965,73326,34630,0.2590407202934529,0.5532390766035625
4289,0.7226935958348549,1,0,1,577645,27965,73327,34629,0.2590407202934529,0.5532319391634981
4290,0.7227092695236148,0,1,0,577646,27964,73327,34629,0.25903145726036536,0.5532407777227486
4291,0.7228330797960374,1,0,1,577646,27964,73328,34628,0.25903145726036536,0.5532336400817995
4292,0.7232480096715984,0,1,0,577647,27963,73328,34628,0.2590221942272778,0.5532424789506478
4293,0.7232739231106643,0,1,0,577648,27962,73328,34628,0.2590129311941902,0.5532513181019332
4294,0.7237144205715081,0,1,0,577649,27961,73328,34628,0.25900366816110265,0.5532601575356693
4295,0.7238873976385247,0,1,0,577650,27960,73328,34628,0.25899440512801514,0.5532689972518694
4296,0.7239582324274022,1,0,1,577650,27960,73329,34627,0.25899440512801514,0.5532618594915877
4297,0.7242358526725199,1,0,1,577650,27960,73330,34626,0.25899440512801514,0.5532547215032115
4298,0.7243246677670101,0,1,0,577651,27959,73330,34626,0.25898514209492757,0.5532635615562834
4299,0.7243459882025478,1,1,1,577652,27958,73331,34625,0.25897587906184,0.5532652637297669
4300,0.7244796645284143,1,0,1,577652,27958,73332,34624,0.25897587906184,0.5532581253395545
4301,0.7246429154410022,1,0,1,577652,27958,73333,34623,0.25897587906184,0.5532509867212093
4302,0.7250405372695917,0,1,0,577653,27957,73333,34623,0.2589666160287524,0.5532598274209013
4303,0.7250448317113409,0,1,0,577654,27956,73333,34623,0.2589573529956649,0.5532686684031385
4304,0.7250837587556294,1,0,1,577654,27956,73334,34622,0.2589573529956649,0.5532615296110455
4305,0.7252873693676389,0,1,0,577655,27955,73334,34622,0.25894808996257734,0.5532703709030474
4306,0.7253374645080463,0,1,0,577656,27954,73334,34622,0.2589388269294898,0.5532792124776272
4307,0.7254435275310727,1,0,1,577656,27954,73335,34621,0.2589388269294898,0.5532720735117859
4308,0.7254612747804687,1,0,1,577656,27954,73336,34620,0.2589388269294898,0.5532649343177678
4309,0.7255443898633017,0,1,0,577657,27953,73336,34620,0.25892956389640226,0.5532737762293641
4310,0.7256381725923728,0,1,0,577658,27952,73336,34620,0.2589203008633147,0.5532826184235761
4311,0.7256972332834897,2,0,2,577658,27952,73338,34618,0.2589203008633147,0.553268339459805
4312,0.7257724085541688,1,0,1,577658,27952,73339,34617,0.2589203008633147,0.5532611996356023
4313,0.7258375761735203,1,1,1,577659,27951,73340,34616,0.2589110378302271,0.553262902168875
4314,0.7258588966090582,5,2,5,577661,27949,73345,34611,0.25889251176405204,0.553244884910486
4315,0.7259547198817786,1,0,1,577661,27949,73346,34610,0.25889251176405204,0.5532377435700698
4316,0.7259547198817787,1,0,1,577661,27949,73347,34609,0.25889251176405204,0.5532306020013428
4317,0.7260928283358753,1,0,1,577661,27949,73348,34608,0.25889251176405204,0.5532234602042937
4318,0.7261558238475126,2,0,2,577661,27949,73350,34606,0.25889251176405204,0.5532091759251858
4319,0.7261558238475128,0,1,0,577662,27948,73350,34606,0.25888324873096447,0.5532180196310388
4320,0.7261925199535872,1,0,1,577662,27948,73351,34605,0.25888324873096447,0.5532108771761546
4321,0.7263096338202079,0,1,0,577663,27947,73351,34605,0.2588739856978769,0.5532197211919683
4322,0.7265155926229561,3,4,3,577667,27943,73354,34602,0.2588369335655267,0.5532336717563354
4323,0.7265155926229562,6,7,6,577674,27936,73360,34596,0.2587720923339138,0.5532527345998849
4324,0.726694332003648,0,1,0,577675,27935,73360,34596,0.2587628293008263,0.5532615822552014
4325,0.7267062238527806,0,1,0,577676,27934,73360,34596,0.2587535662677387,0.5532704301935071
4326,0.7268387879931804,0,1,0,577677,27933,73360,34596,0.25874430323465114,0.5532792784148155
4327,0.7268503729145567,1,0,1,577677,27933,73361,34595,0.25874430323465114,0.5532721340839304
4328,0.7269451682361869,0,1,0,577678,27932,73361,34595,0.2587350402015636,0.5532809826155101
4329,0.7269741831869792,4,3,4,577681,27929,73365,34591,0.2587072511023009,0.5532789507357646
4330,0.7270277843223378,0,1,0,577682,27928,73365,34591,0.2586979880692134,0.5532878005086453
4331,0.7271078595128457,0,1,0,577683,27927,73365,34591,0.25868872503612583,0.5532966505646374
4332,0.7272612740767905,1,0,1,577683,27927,73366,34590,0.25868872503612583,0.5532895052545708
4333,0.7273521849646172,0,1,0,577684,27926,73366,34590,0.25867946200303826,0.5532983556209611
4334,0.7273718050155686,24,29,24,577713,27897,73390,34566,0.2584108340434992,0.553383603093031
4335,0.727573684410666,0,1,0,577714,27896,73390,34566,0.25840157101041167,0.5533924626172713
4336,0.7276687322540231,1,0,1,577714,27896,73391,34565,0.25840157101041167,0.5533853124349594
4337,0.7276687322540232,3,3,3,577717,27893,73394,34562,0.258373781911149,0.5533904411176047
4338,0.7277988826857522,1,0,1,577717,27893,73395,34561,0.258373781911149,0.5533832901015148
4339,0.7278902317000719,2,8,2,577725,27885,73397,34559,0.25829967764644857,0.5534398821343924
4340,0.7279262188523121,1,0,1,577725,27885,73398,34558,0.25829967764644857,0.5534327306503531
4341,0.7279656361303257,0,1,0,577726,27884,73398,34558,0.258290414613361,0.5534415937990456
4342,0.7280604548141081,0,1,0,577727,27883,73398,34558,0.2582811515802734,0.5534504572316267
4343,0.7281194694651728,1,0,1,577727,27883,73399,34557,0.2582811515802734,0.5534433055733504
4344,0.728363281321067,1,0,1,577727,27883,73400,34556,0.2582811515802734,0.5534361536859975
4345,0.7284596181896649,0,1,0,577728,27882,73400,34556,0.2582718885471859,0.5534450174573177
4346,0.7284870915934896,45,64,45,577792,27818,73445,34511,0.25767905442958244,0.5536908982977427
4347,0.728620767919356,2,0,2,577792,27818,73447,34509,0.25767905442958244,0.5536765767644841
4348,0.728755003881152,0,1,0,577793,27817,73447,34509,0.2576697913964949,0.5536854603215352
4349,0.7287883132736934,1,0,1,577793,27817,73448,34508,0.2576697913964949,0.553678299237866
4350,0.7288207149380186,1,2,1,577795,27815,73449,34507,0.25765126533031973,0.5536889060043002
4351,0.7289378288046393,1,6,1,577801,27809,73450,34506,0.2575956871317944,0.5537350557650645
4352,0.7289889036435501,0,1,0,577802,27808,73450,34506,0.25758642409870686,0.5537439419713066
4353,0.7291816406605335,22,34,22,577836,27774,73472,34484,0.25727148097373004,0.5538886568794372
4354,0.7293344188372121,1,1,1,577837,27773,73473,34483,0.25726221794064247,0.553890388075045
4355,0.7293486724189936,0,1,0,577838,27772,73473,34483,0.25725295490755495,0.553899285197976
4356,0.7294391272588225,9,15,9,577853,27757,73482,34474,0.25711400941124163,0.5539682794748598
4357,0.7294962133239603,0,1,0,577854,27756,73482,34474,0.25710474637815406,0.5539771814237506
4358,0.7295153688446397,0,1,0,577855,27755,73482,34474,0.2570954833450665,0.5539860836587444
4359,0.7295403354448348,0,1,0,577856,27754,73482,34474,0.257086220311979,0.5539949861798548
4360,0.7295733632206185,3,2,3,577858,27752,73485,34471,0.25706769424580383,0.5539912893945969
4361,0.7296557532096558,0,4,0,577862,27748,73485,34471,0.2570306421134536,0.5540269049647214
4362,0.7297114722622524,0,1,0,577863,27747,73485,34471,0.2570213790803661,0.5540358095727924
4363,0.73,1557,2278,1557,580141,25469,75042,32914,0.23592018970691764,0.5637599986297381
4364,0.7305527811669096,0,1,0,580142,25468,75042,32914,0.23591092667383007,0.5637696550306601
4365,0.7307233114961094,0,1,0,580143,25467,75042,32914,0.23590166364074253,0.5637793117623885
4366,0.7309952571513705,0,1,0,580144,25466,75042,32914,0.23589240060765498,0.56378896882494
4367,0.7310562258868039,0,1,0,580145,25465,75042,32914,0.23588313757456741,0.563798626218332
4368,0.7311569204769391,1,0,1,580145,25465,75043,32913,0.23588313757456741,0.5637911542019254
4369,0.731330037442971,0,1,0,580146,25464,75043,32913,0.23587387454147987,0.5638008119636158
4370,0.7315743628947426,0,1,0,580147,25463,75043,32913,0.2358646115083923,0.5638104700561875
4371,0.7316792679063296,0,1,0,580148,25462,75043,32913,0.23585534847530476,0.5638201284796573
4372,0.7322563013742516,1,0,1,580148,25462,75044,32912,0.23585534847530476,0.5638126563195943
4373,0.7324654576677205,0,1,0,580149,25461,75044,32912,0.2358460854422172,0.5638223151114385
4374,0.7325782519669576,0,1,0,580150,25460,75044,32912,0.23583682240912965,0.5638319742342219
4375,0.7328330797960373,0,1,0,580151,25459,75044,32912,0.23582755937604208,0.5638416336879615
4376,0.7329441375550934,0,1,0,580152,25458,75044,32912,0.23581829634295454,0.5638512934726743
4377,0.7329595313987289,0,1,0,580153,25457,75044,32912,0.235809033309867,0.5638609535883774
4378,0.7330311852459123,1,0,1,580153,25457,75045,32911,0.235809033309867,0.5638534813596491
4379,0.7332276962081181,0,1,0,580154,25456,75045,32911,0.23579977027677942,0.5638631418438501
4380,0.733230701624627,0,1,0,580155,25455,75045,32911,0.23579050724369188,0.5638728026590824
4381,0.7333515064805407,1,0,1,580155,25455,75046,32910,0.23579050724369188,0.5638653302492932
4382,0.7335276288630814,0,1,0,580156,25454,75046,32910,0.2357812442106043,0.5638749914330752
4383,0.7337744609611286,1,0,1,580156,25454,75047,32909,0.2357812442106043,0.5638675188047222
4384,0.7338385766977139,1,0,1,580156,25454,75048,32908,0.2357812442106043,0.5638600459202906
4385,0.7339547885500995,0,1,0,580157,25453,75048,32908,0.23577198117751677,0.5638697075101523
4386,0.7340294409131419,1,0,1,580157,25453,75049,32907,0.23577198117751677,0.5638622344071281
4387,0.734339529298114,0,1,0,580158,25452,75049,32907,0.2357627181444292,0.5638718963655991
4388,0.7343459882025478,0,1,0,580159,25451,75049,32907,0.23575345511134166,0.5638815586551972
4389,0.7346429154410024,0,1,0,580160,25450,75049,32907,0.23574419207825412,0.5638912212759395
4390,0.7346446574228728,0,1,0,580161,25449,75049,32907,0.23573492904516655,0.5639008842278429
4391,0.7347436100311373,1,0,1,580161,25449,75050,32906,0.23573492904516655,0.5638934110187644
4392,0.7347824737956375,1,0,1,580161,25449,75051,32905,0.23573492904516655,0.5638859375535524
4393,0.734895276022349,0,1,0,580162,25448,75051,32905,0.235725666012079,0.5638956009116927
4394,0.7349830641654943,1,1,1,580163,25447,75052,32904,0.23571640297899144,0.5638977909547395
4395,0.7350026842164457,0,2,0,580165,25445,75052,32904,0.23569787691281632,0.5639171194022177
4396,0.7350192168340538,0,1,0,580166,25444,75052,32904,0.23568861387972878,0.5639267841228491
4397,0.7351677546910245,0,1,0,580167,25443,75052,32904,0.2356793508466412,0.5639364491747648
4398,0.7352857339316382,1,0,1,580167,25443,75053,32903,0.2356793508466412,0.5639289754224797
4399,0.735295811757682,1,0,1,580167,25443,75054,32902,0.2356793508466412,0.5639215014140029
4400,0.7352980238678808,1,0,1,580167,25443,75055,32901,0.2356793508466412,0.5639140271493213
4401,0.7353457717747871,0,1,0,580168,25442,75055,32901,0.23567008781355367,0.5639236926452188
4402,0.7354514384318256,1,0,1,580168,25442,75056,32900,0.23567008781355367,0.5639162181618731
4403,0.7354612747804687,0,2,0,580170,25440,75056,32900,0.23565156174737856,0.5639355502228317
4404,0.7356021854401327,1,0,1,580170,25440,75057,32899,0.23565156174737856,0.5639280755583743
4405,0.7356972332834897,0,1,0,580171,25439,75057,32899,0.23564229871429102,0.5639377421234872
4406,0.7358179561225688,1,0,1,580171,25439,75058,32898,0.23564229871429102,0.5639302672403449
4407,0.7358588966090582,1,2,1,580173,25437,75059,32897,0.2356237726481159,0.5639421263756985
4408,0.7363564316563097,0,1,0,580174,25436,75059,32897,0.23561450961502833,0.5639517940102515
4409,0.7365155926229561,2,3,2,580177,25433,75061,32895,0.23558672051576568,0.5639658483061308
4410,0.7365155926229562,7,5,7,580182,25428,75068,32888,0.2355404053503279,0.5639618629535633
4411,0.7365534456761021,1,2,1,580184,25426,75069,32887,0.2355218792841528,0.5639737279851834
4412,0.7368109322743912,0,1,0,580185,25425,75069,32887,0.23551261625106526,0.5639833996432981
4413,0.7369173043974871,0,1,0,580186,25424,75069,32887,0.2355033532179777,0.5639930716331395
4414,0.7369418948637764,0,1,0,580187,25423,75069,32887,0.23549409018489015,0.5640027439547247
4415,0.7369451682361869,0,1,0,580188,25422,75069,32887,0.23548482715180258,0.5640124166080708
4416,0.7369741831869792,4,4,4,580192,25418,75073,32883,0.23544777501945238,0.5640212003224645
4417,0.7371391942784112,1,0,1,580192,25418,75074,32882,0.23544777501945238,0.5640137221269297
4418,0.7372684323668716,0,1,0,580193,25417,75074,32882,0.2354385119863648,0.5640233966277295
4419,0.7373078065315082,0,1,0,580194,25416,75074,32882,0.23542924895327727,0.5640330714604275
4420,0.7373718050155686,23,24,23,580218,25392,75097,32859,0.23520693615917596,0.5640933202863471
4421,0.7374249203981287,1,3,1,580221,25389,75098,32858,0.2351791470599133,0.5641148900372551
4422,0.7374249203981289,1,2,1,580223,25387,75099,32857,0.2351606209937382,0.5641267770070737
4423,0.7376687322540231,1,3,1,580226,25384,75100,32856,0.23513283189447554,0.5641483516483516
4424,0.7376850296684856,0,1,0,580227,25383,75100,32856,0.23512356886138797,0.5641580384278576
4425,0.7376896226720135,0,1,0,580228,25382,75100,32856,0.23511430582830042,0.5641677255400254
4426,0.7378024085798898,0,1,0,580229,25381,75100,32856,0.23510504279521285,0.5641774129848721
4427,0.737890231700072,2,4,2,580233,25377,75102,32854,0.23506799066286266,0.5642011986742457
4428,0.7379262188523121,1,1,1,580234,25376,75103,32853,0.2350587276297751,0.5642034038022291
4429,0.7380023555985521,0,1,0,580235,25375,75103,32853,0.23504946459668755,0.5642130933571478
4430,0.7381705443040838,1,0,1,580235,25375,75104,32852,0.23504946459668755,0.5642056090816975
4431,0.7382333858410725,1,0,1,580235,25375,75105,32851,0.23504946459668755,0.5641981245491705
4432,0.738363281321067,0,1,0,580236,25374,75105,32851,0.23504020156359998,0.5642078145126663
4433,0.7384870915934896,49,73,49,580309,25301,75154,32802,0.23436400014820852,0.5645491626938368
4434,0.7385897267798975,1,0,1,580309,25301,75155,32801,0.23436400014820852,0.564541668100926
4435,0.7388207149380186,1,0,1,580309,25301,75156,32800,0.23436400014820852,0.5645341732500301
4436,0.7388256527309622,0,1,0,580310,25300,75156,32800,0.23435473711512098,0.5645438898450946
4437,0.7389378288046393,3,5,3,580315,25295,75159,32797,0.2343084219496832,0.5645699924258073
4438,0.7391467264412368,0,1,0,580316,25294,75159,32797,0.23429915891659564,0.5645797111428621
4439,0.7391816406605335,19,23,19,580339,25271,75178,32778,0.2340861091555819,0.5646608899378112
4440,0.739334418837212,1,0,1,580339,25271,75179,32777,0.2340861091555819,0.5646533902976847
4441,0.7394391272588225,5,13,5,580352,25258,75184,32772,0.2339656897254437,0.56474237463381
4442,0.7394718564728272,0,2,0,580354,25256,75184,32772,0.2339471636592686,0.5647618391121527
4443,0.7395733632206185,3,2,3,580356,25254,75187,32769,0.23392863759309349,0.5647588025438188
4444,0.739618961026768,0,1,0,580357,25253,75187,32769,0.23391937456000592,0.5647685360725242
4445,0.7396226916348908,0,1,0,580358,25252,75187,32769,0.23391011152691837,0.5647782699367471
4446,0.7397114722622524,1,0,1,580358,25252,75188,32768,0.23391011152691837,0.5647707687004481
4447,0.7397142556833087,0,1,0,580359,25251,75188,32768,0.23390084849383083,0.5647805029386925
4448,0.7397785626715999,0,1,0,580360,25250,75188,32768,0.23389158546074326,0.5647902375124961
4449,0.73993110296024,0,1,0,580361,25249,75188,32768,0.23388232242765572,0.5647999724218763
4450,0.74,1523,2205,1523,582566,23044,76711,31245,0.21345733446959872,0.5755309547053731
4451,0.7402048848116061,1,0,1,582566,23044,76712,31244,0.21345733446959872,0.5755231358679634
4452,0.7402366797586284,1,0,1,582566,23044,76713,31243,0.21345733446959872,0.5755153167424982
4453,0.7403385611374724,0,1,0,582567,23043,76713,31243,0.21344807143651118,0.5755259182846406
4454,0.7404360636436412,1,0,1,582567,23043,76714,31242,0.21344807143651118,0.5755180989223543
4455,0.7404593659933864,0,1,0,582568,23042,76714,31242,0.2134388084034236,0.5755287009063444
4456,0.7406999174999354,0,1,0,582569,23041,76714,31242,0.21342954537033607,0.5755393032809535
4457,0.740798739288515,0,1,0,582570,23040,76714,31242,0.2134202823372485,0.5755499060462032
4458,0.7410266513000826,1,0,1,582570,23040,76715,31241,0.2134202823372485,0.5755420865496215
4459,0.7414178605631531,0,1,0,582571,23039,76715,31241,0.21341101930416095,0.5755526897568165
4460,0.7417177932181164,1,0,1,582571,23039,76716,31240,0.21341101930416095,0.5755448700233976
4461,0.7418136164908369,1,0,1,582571,23039,76717,31239,0.21341101930416095,0.5755370500018424
4462,0.7419768674034251,0,1,0,582572,23038,76717,31239,0.2134017562710734,0.5755476537023049
4463,0.7420579419426084,1,0,1,582572,23038,76718,31238,0.2134017562710734,0.5755398334438794
4464,0.7421521776283094,0,1,0,582573,23037,76718,31238,0.21339249323798584,0.5755504375863657
4465,0.7423116476950254,0,1,0,582574,23036,76718,31238,0.2133832302048983,0.5755610421196153
4466,0.7423116476950256,0,1,0,582575,23035,76718,31238,0.21337396717181073,0.5755716470436497
4467,0.7425460186110269,0,1,0,582576,23034,76718,31238,0.2133647041387232,0.5755822523584906
4468,0.7432093811890891,1,0,1,582576,23034,76719,31237,0.2133647041387232,0.5755744320170993
4469,0.7435807442456417,0,1,0,582577,23033,76719,31237,0.21335544110563562,0.5755850377740925
4470,0.7440460555475846,0,1,0,582578,23032,76719,31237,0.21334617807254808,0.5755956439219444
4471,0.7442675549936335,0,1,0,582579,23031,76719,31237,0.21333691503946053,0.5756062504606766
4472,0.7444690100281726,1,0,1,582579,23031,76720,31236,0.21333691503946053,0.5755984299850738
4473,0.7445191051685799,0,1,0,582580,23030,76720,31236,0.21332765200637296,0.5756090369660561
4474,0.7447436100311373,0,2,0,582582,23028,76720,31236,0.21330912594019785,0.5756302521008403
4475,0.7448500666529614,0,1,0,582583,23027,76720,31236,0.2132998629071103,0.5756408602546855
4476,0.7449108277286648,0,1,0,582584,23026,76720,31236,0.21329059987402274,0.5756514687995282
4477,0.7450026842164457,2,1,2,582585,23025,76722,31234,0.2132813368409352,0.5756464365358742
4478,0.7452985374637581,0,1,0,582586,23024,76722,31234,0.21327207380784763,0.5756570459655719
4479,0.7454669215272466,1,0,1,582586,23024,76723,31233,0.21327207380784763,0.5756492249847945
4480,0.7455443898633015,0,1,0,582587,23023,76723,31233,0.2132628107747601,0.5756598348569744
4481,0.7456972332834897,1,0,1,582587,23023,76724,31232,0.2132628107747601,0.575652013639296
4482,0.745740454769527,0,1,0,582588,23022,76724,31232,0.21325354774167254,0.5756626239539941
4483,0.7457948981249978,0,1,0,582589,23021,76724,31232,0.21324428470858497,0.5756732346598344
4484,0.7458375761735203,1,2,1,582591,23019,76725,31231,0.21322575864240986,0.5756866359447005
4485,0.7458588966090582,3,4,3,582595,23015,76728,31228,0.21318870651005967,0.5757056210017882
4486,0.7460736474741084,0,1,0,582596,23014,76728,31228,0.2131794434769721,0.5757162346521146
4487,0.7461558238475127,0,1,0,582597,23013,76728,31228,0.21317018044388455,0.5757268486937925
4488,0.7463096338202078,0,1,0,582598,23012,76728,31228,0.21316091741079699,0.5757374631268437
4489,0.746309633820208,1,0,1,582598,23012,76729,31227,0.21316091741079699,0.5757296410332049
4490,0.7463773232935615,1,0,1,582598,23012,76730,31226,0.21316091741079699,0.5757218186511303
4491,0.7465155926229561,0,6,0,582604,23006,76730,31226,0.21310533921227168,0.5757855140876236
4492,0.7465155926229562,2,1,2,582605,23005,76732,31224,0.2130960761791841,0.5757804864555865
4493,0.7465534456761023,0,1,0,582606,23004,76732,31224,0.21308681314609657,0.5757911042265988
4494,0.7465766231771752,0,1,0,582607,23003,76732,31224,0.213077550113009,0.5758017223892157
4495,0.7468109322743912,1,1,1,582608,23002,76733,31223,0.21306828707992145,0.5758045182111572
4496,0.746917304397487,0,1,0,582609,23001,76733,31223,0.21305902404683388,0.5758151372086161
4497,0.7469741831869792,2,6,2,582615,22995,76735,31221,0.21300344584830858,0.575863213811421
4498,0.7470989321688302,0,1,0,582616,22994,76735,31221,0.212994182815221,0.5758738356543393
4499,0.7472004308893679,0,1,0,582617,22993,76735,31221,0.21298491978213346,0.5758844578891061
4500,0.7473078065315082,0,1,0,582618,22992,76735,31221,0.2129756567490459,0.5758950805157435
4501,0.7473718050155687,13,24,13,582642,22968,76748,31208,0.2127533439549446,0.5760484347312463
4502,0.7474464206503183,0,1,0,582643,22967,76748,31208,0.21274408092185706,0.5760590678357176
4503,0.7476687322540231,1,0,1,582643,22967,76749,31207,0.21274408092185706,0.576051242293351
4504,0.747890231700072,7,5,7,582648,22962,76756,31200,0.21269776575641927,0.5760496288911044
4505,0.7479262188523121,1,1,1,582649,22961,76757,31199,0.21268850272333173,0.5760524372230429
4506,0.748079633416257,0,1,0,582650,22960,76757,31199,0.2126792396902442,0.5760630735427168
4507,0.7481194694651728,1,0,1,582650,22960,76758,31198,0.2126792396902442,0.5760552457623989
4508,0.748363281321067,1,2,1,582652,22958,76759,31197,0.21266071362406908,0.5760686917182163
4509,0.7484870915934896,48,61,48,582713,22897,76807,31149,0.21209566860572826,0.5763423750138771
4510,0.7488207149380186,1,0,1,582713,22897,76808,31148,0.21209566860572826,0.5763345360347858
4511,0.7489378288046393,4,5,4,582718,22892,76812,31144,0.2120493534402905,0.576356503072026
4512,0.7490337830460052,1,0,1,582718,22892,76813,31143,0.2120493534402905,0.5763486629036736
4513,0.7491427136162453,1,0,1,582718,22892,76814,31142,0.2120493534402905,0.5763408224451272
4514,0.7491467264412368,0,1,0,582719,22891,76814,31142,0.21204009040720292,0.5763514889049285
4515,0.7491816406605335,29,22,29,582741,22869,76843,31113,0.21183630367927675,0.5763587862620874
4516,0.7492104030895989,1,0,1,582741,22869,76844,31112,0.21183630367927675,0.5763509382931031
4517,0.749246390241839,0,1,0,582742,22868,76844,31112,0.21182704064618918,0.5763616154131159
4518,0.749334418837212,1,0,1,582742,22868,76845,31111,0.21182704064618918,0.5763537672057653
4519,0.7493652050366018,1,0,1,582742,22868,76846,31110,0.21182704064618918,0.5763459187076216
4520,0.7494391272588226,11,10,11,582752,22858,76857,31099,0.21173441031531365,0.5763663658098115
4521,0.7495086168766301,0,1,0,582753,22857,76857,31099,0.21172514728222608,0.5763770479650085
4522,0.7495733632206185,4,3,4,582756,22854,76861,31095,0.21169735818296342,0.5763776900405939
4523,0.7496557532096558,1,3,1,582759,22851,76862,31094,0.21166956908370077,0.5764018908147187
4524,0.7497114722622524,2,1,2,582760,22850,76864,31092,0.2116603060506132,0.5763968707129881
4525,0.7499049521566428,0,1,0,582761,22849,76864,31092,0.21165104301752566,0.5764075564042195
4526,0.75,1575,2021,1575,584782,20828,78439,29517,0.19293045314757865,0.5862945674843579
4527,0.750274562653412,1,0,1,584782,20828,78440,29516,0.19293045314757865,0.5862863499126013
4528,0.750378001777638,0,1,0,584783,20827,78440,29516,0.19292119011449108,0.5862979957491607
4529,0.750440843314627,0,1,0,584784,20826,78440,29516,0.19291192708140353,0.586309642048389
4530,0.7504726382616493,0,1,0,584785,20825,78440,29516,0.192902664048316,0.5863212888103136
4531,0.7505616481705407,0,1,0,584786,20824,78440,29516,0.19289340101522842,0.5863329360349623
4532,0.7506787098619644,1,0,1,584786,20824,78441,29515,0.19289340101522842,0.5863247184091858
4533,0.7508994338786501,1,0,1,584786,20824,78442,29514,0.19289340101522842,0.5863165004569113
4534,0.7509225495609375,0,1,0,584787,20823,78442,29514,0.19288413798214088,0.5863281482805889
4535,0.7515734136074012,0,1,0,584788,20822,78442,29514,0.1928748749490533,0.5863397965670692
4536,0.7516964727825786,0,1,0,584789,20821,78442,29514,0.19286561191596577,0.5863514453163803
4537,0.7517003664260177,0,1,0,584790,20820,78442,29514,0.1928563488828782,0.5863630945285493
4538,0.751790061619365,1,0,1,584790,20820,78443,29513,0.1928563488828782,0.5863548765223611
4539,0.7518530571310024,0,1,0,584791,20819,78443,29513,0.19284708584979066,0.5863665262655965
4540,0.752038321891657,0,1,0,584792,20818,78443,29513,0.1928378228167031,0.5863781764717569
4541,0.7520579419426084,0,1,0,584793,20817,78443,29513,0.19282855978361554,0.5863898271408703
4542,0.7522362199026198,0,1,0,584794,20816,78443,29513,0.192819296750528,0.5864014782729638
4543,0.7525685152742385,0,1,0,584795,20815,78443,29513,0.19281003371744043,0.5864131298680655
4544,0.7526091859948731,1,0,1,584795,20815,78444,29512,0.19281003371744043,0.5864049118763288
4545,0.7528505960235514,0,3,0,584798,20812,78444,29512,0.19278224461817778,0.5864398696447023
4546,0.7528866809313962,0,1,0,584799,20811,78444,29512,0.1927729815850902,0.586451523160384
4547,0.7530690382990584,1,0,1,584799,20811,78445,29511,0.1927729815850902,0.586443305115059
4548,0.7532427430962096,0,1,0,584800,20810,78445,29511,0.19276371855200267,0.5864549591621788
4549,0.7540572518703264,0,1,0,584801,20809,78445,29511,0.19275445551891512,0.586466613672496
4550,0.7540922824501308,0,1,0,584802,20808,78445,29511,0.19274519248582755,0.5864782686460382
4551,0.7540935313173255,0,1,0,584803,20807,78445,29511,0.19273592945274,0.5864899240828332
4552,0.7541843248769792,0,1,0,584804,20806,78445,29511,0.19272666641965244,0.5865015799829084
4553,0.7542354572637697,0,1,0,584805,20805,78445,29511,0.1927174033865649,0.5865132363462915
4554,0.7544487556765509,0,1,0,584806,20804,78445,29511,0.19270814035347733,0.58652489317301
4555,0.7544796645284143,0,1,0,584807,20803,78445,29511,0.1926988773203898,0.5865365504630918
4556,0.7548319458473557,1,0,1,584807,20803,78446,29510,0.1926988773203898,0.5865283326376881
4557,0.7549108277286648,0,1,0,584808,20802,78446,29510,0.19268961428730225,0.5865399904595325
4558,0.7550405372695919,0,1,0,584809,20801,78446,29510,0.19268035125421468,0.5865516487448073
4559,0.7550861217720118,0,1,0,584810,20800,78446,29510,0.19267108822112713,0.58656330749354
4560,0.7550872033583402,0,1,0,584811,20799,78446,29510,0.19266182518803956,0.5865749667057584
4561,0.7552454220811978,0,1,0,584812,20798,78446,29510,0.19265256215495202,0.5865866263814901
4562,0.755287369367639,0,1,0,584813,20797,78446,29510,0.19264329912186445,0.5865982865207625
4563,0.7554322598296767,1,0,1,584813,20797,78447,29509,0.19264329912186445,0.586590068779072
4564,0.7554912744807413,0,1,0,584814,20796,78447,29509,0.1926340360887769,0.5866017294503528
4565,0.755740454769527,0,1,0,584815,20795,78447,29509,0.19262477305568934,0.5866133905852418
4566,0.755783883915295,4,0,4,584815,20795,78451,29505,0.19262477305568934,0.5865805168986084
4567,0.7558375761735203,3,2,3,584817,20793,78454,29502,0.19260624698951426,0.586579182821354
4568,0.7558588966090583,5,1,5,584818,20792,78459,29497,0.1925969839564267,0.586549742488417
4569,0.756120909628216,0,1,0,584819,20791,78459,29497,0.19258772092333915,0.5865614062997137
4570,0.7561558238475128,1,0,1,584819,20791,78460,29496,0.19258772092333915,0.5865531847197089
4571,0.7563180677880432,0,1,0,584820,20790,78460,29496,0.19257845789025158,0.5865648490633576
4572,0.7563773232935614,1,0,1,584820,20790,78461,29495,0.19257845789025158,0.5865566272248185
4573,0.7563773232935616,1,0,1,584820,20790,78462,29494,0.19257845789025158,0.5865484050592634
4574,0.7565155926229561,2,7,2,584827,20783,78464,29492,0.1925136166586387,0.5866136250621581
4575,0.7565155926229562,5,2,5,584829,20781,78469,29487,0.19249509059246359,0.5865958462640248
4576,0.7565534456761022,0,2,0,584831,20779,78469,29487,0.1924765645262885,0.5866191859308479
4577,0.7565534456761023,0,1,0,584832,20778,78469,29487,0.19246730149320093,0.586630856460758
4578,0.7566065610586624,0,1,0,584833,20777,78469,29487,0.1924580384601134,0.5866425274550374
4579,0.756629936396635,0,1,0,584834,20776,78469,29487,0.19244877542702582,0.5866541989137138
4580,0.7569741831869792,7,5,7,584839,20771,78476,29480,0.19240246026158805,0.5866549919404589
4581,0.7570963928549478,1,0,1,584839,20771,78477,29479,0.19240246026158805,0.5866467661691542
4582,0.7571507464603221,1,0,1,584839,20771,78478,29478,0.19240246026158805,0.5866385400704491
4583,0.7573078065315082,1,0,1,584839,20771,78479,29477,0.19240246026158805,0.5866303136443242
4584,0.7573718050155687,15,24,15,584863,20747,78494,29462,0.19218014746748677,0.5867872293811867
4585,0.7574558105615862,0,1,0,584864,20746,78494,29462,0.1921708844343992,0.5867989165073295
4586,0.7576687322540231,0,1,0,584865,20745,78494,29462,0.19216162140131166,0.58681060409903
4587,0.7578736170656292,1,2,1,584867,20743,78495,29461,0.19214309533513654,0.5868257509361804
4588,0.7578756576092787,1,0,1,584867,20743,78496,29460,0.19214309533513654,0.5868175208652869
4589,0.757890231700072,4,9,4,584876,20734,78500,29456,0.19205972803734855,0.5868898186889818
4590,0.7579262188523122,1,0,1,584876,20734,78501,29455,0.19205972803734855,0.5868815875988762
4591,0.7579366445416855,0,1,0,584877,20733,78501,29455,0.19205046500426098,0.5868932812624532
4592,0.758363281321067,0,1,0,584878,20732,78501,29455,0.19204120197117344,0.5869049753920338
4593,0.7584870915934896,37,61,37,584939,20671,78538,29418,0.19147615695283263,0.5873145800475155
4594,0.7585111920252579,0,1,0,584940,20670,78538,29418,0.19146689391974508,0.5873263057019645
4595,0.7585300605578003,1,0,1,584940,20670,78539,29417,0.19146689391974508,0.5873180665641783
4596,0.7585681661326731,0,1,0,584941,20669,78539,29417,0.19145763088665751,0.5873297927564589
4597,0.7586207679193561,1,0,1,584941,20669,78540,29416,0.19145763088665751,0.5873215533592893
4598,0.7586916329835828,0,1,0,584942,20668,78540,29416,0.19144836785356997,0.5873332800894497
4599,0.7589378288046393,2,4,2,584946,20664,78542,29414,0.19141131572121975,0.587363712608331
4600,0.7590337830460053,0,1,0,584947,20663,78542,29414,0.1914020526881322,0.5873754418195978
4601,0.7591816406605335,22,20,22,584967,20643,78564,29392,0.19121679202638112,0.5874287998401119
4602,0.759334418837212,1,0,1,584967,20643,78565,29391,0.19121679202638112,0.5874205540232642
4603,0.7594391272588226,10,15,10,584982,20628,78575,29381,0.19107784653006782,0.5875142474354617
4604,0.7595733632206185,1,4,1,584986,20624,78576,29380,0.1910407943977176,0.5875529957603391
4605,0.7595761210877515,1,1,1,584987,20623,78577,29379,0.19103153136463003,0.5875564977400904
4606,0.759601371199353,0,2,0,584989,20621,78577,29379,0.1910130052984549,0.58758
4607,0.7596557532096558,0,2,0,584991,20619,78577,29379,0.19099447923227983,0.5876035041401656
4608,0.7597114722622524,0,1,0,584992,20618,78577,29379,0.19098521619919226,0.5876152569154149
4609,0.76,1482,1845,1482,586837,18773,80059,27897,0.17389492015265479,0.597750160702807
4610,0.7607233114961093,0,1,0,586838,18772,80059,27897,0.17388565711956724,0.5977629689944074
4611,0.7610862255870766,0,1,0,586839,18771,80059,27897,0.17387639408647967,0.597775777834919
4612,0.7611638764968498,0,1,0,586840,18770,80059,27897,0.17386713105339213,0.597788587224377
4613,0.7612875913862968,0,1,0,586841,18769,80059,27897,0.17385786802030456,0.5978013971628167
4614,0.7613991884065076,0,1,0,586842,18768,80059,27897,0.17384860498721702,0.5978142076502733
4615,0.7614178605631531,0,1,0,586843,18767,80059,27897,0.17383934195412945,0.5978270186867821
4616,0.761507738527317,0,1,0,586844,18766,80059,27897,0.1738300789210419,0.5978398302723785
4617,0.7616170986279814,0,1,0,586845,18765,80059,27897,0.17382081588795434,0.5978526424070979
4618,0.7618514695439829,0,1,0,586846,18764,80059,27897,0.1738115528548668,0.5978654550909753
4619,0.7619478064125806,0,1,0,586847,18763,80059,27897,0.17380228982177925,0.5978782683240463
4620,0.7619507463046287,0,1,0,586848,18762,80059,27897,0.17379302678869168,0.597891082106346
4621,0.7620680954948164,0,1,0,586849,18761,80059,27897,0.17378376375560414,0.5979038964379099
4622,0.7622864135901053,1,0,1,586849,18761,80060,27896,0.17378376375560414,0.5978952783076494
4623,0.7623910218496226,0,1,0,586850,18760,80060,27896,0.17377450072251657,0.5979080932784636
4624,0.7624123422851603,0,1,0,586851,18759,80060,27896,0.17376523768942903,0.5979209087986282
4625,0.7627477841503587,0,1,0,586852,18758,80060,27896,0.17375597465634146,0.5979337248681785
4626,0.7628566205918762,0,1,0,586853,18757,80060,27896,0.17374671162325392,0.5979465414871498
4627,0.7632355669999318,0,1,0,586854,18756,80060,27896,0.17373744859016638,0.5979593586555775
4628,0.7633515064805407,0,1,0,586855,18755,80060,27896,0.1737281855570788,0.5979721763734969
4629,0.763935920017557,1,0,1,586855,18755,80061,27895,0.1737281855570788,0.5979635584137192
4630,0.7639483663739584,1,0,1,586855,18755,80062,27894,0.1737281855570788,0.5979549400844606
4631,0.7640858235456968,0,1,0,586856,18754,80062,27894,0.17371892252399126,0.5979677585319843
4632,0.7641843248769793,0,1,0,586857,18753,80062,27894,0.1737096594909037,0.5979805775291015
4633,0.7642130873060444,0,1,0,586858,18752,80062,27894,0.17370039645781615,0.5979933970758479
4634,0.7643459882025477,0,1,0,586859,18751,80062,27894,0.17369113342472858,0.5980062171722585
4635,0.7647868315171747,0,1,0,586860,18750,80062,27894,0.17368187039164104,0.598019037818369
4636,0.7648660014158719,0,1,0,586861,18749,80062,27894,0.17367260735855347,0.5980318590142144
4637,0.7650026842164457,0,3,0,586864,18746,80062,27894,0.17364481825929082,0.5980703259005146
4638,0.7651216118087752,0,1,0,586865,18745,80062,27894,0.17363555522620328,0.5980831492956539
4639,0.7652064785565093,0,1,0,586866,18744,80062,27894,0.1736262921931157,0.598095973240705
4640,0.7652620367156405,1,0,1,586866,18744,80063,27893,0.1736262921931157,0.5980873555331604
4641,0.7654612747804689,0,1,0,586867,18743,80063,27893,0.17361702916002816,0.5981001801183635
4642,0.7657147394273716,1,0,1,586867,18743,80064,27892,0.17361702916002816,0.5980915621314463
4643,0.7658375761735203,0,3,0,586870,18740,80064,27892,0.1735892400607655,0.598130039457883
4644,0.7658588966090583,3,1,3,586871,18739,80067,27889,0.17357997702767794,0.5981170112378829
4645,0.7659120119916184,1,0,1,586871,18739,80068,27888,0.17357997702767794,0.5981083921333133
4646,0.7664123034737442,0,1,0,586872,18738,80068,27888,0.1735707139945904,0.5981212199202162
4647,0.7665155926229561,2,5,2,586877,18733,80070,27886,0.1735243988291526,0.5981681288744932
4648,0.7665155926229562,1,3,1,586880,18730,80071,27885,0.17349660972988995,0.5981980049340341
4649,0.7665534456761023,0,2,0,586882,18728,80071,27885,0.17347808366371484,0.5982236715079484
4650,0.7667583304877083,0,1,0,586883,18727,80071,27885,0.1734688206306273,0.5982365056208702
4651,0.7669016041637546,0,2,0,586885,18725,80071,27885,0.17345029456445218,0.59826217549882
4652,0.7669173043974871,1,0,1,586885,18725,80072,27884,0.17345029456445218,0.5982535561801369
4653,0.7669741831869792,2,1,2,586886,18724,80074,27882,0.17344103153136464,0.5982491524696391
4654,0.7670275582252245,1,0,1,586886,18724,80075,27881,0.17344103153136464,0.5982405321317456
4655,0.7670439252892766,0,1,0,586887,18723,80075,27881,0.17343176849827707,0.5982533688095443
4656,0.7673718050155687,12,14,12,586901,18709,80087,27869,0.17330208603505132,0.5983296835415861
4657,0.7674249203981287,1,1,1,586902,18708,80088,27868,0.17329282300196377,0.59833390587427
4658,0.7674602596198921,1,0,1,586902,18708,80089,27867,0.17329282300196377,0.5983252818035427
4659,0.7674961010407896,1,0,1,586902,18708,80090,27866,0.17329282300196377,0.598316657362477
4660,0.767514623719549,1,0,1,586902,18708,80091,27865,0.17329282300196377,0.5983080325510489
4661,0.7675718185097601,0,1,0,586903,18707,80091,27865,0.1732835599688762,0.5983208794984111
4662,0.7676687322540231,1,0,1,586903,18707,80092,27864,0.1732835599688762,0.5983122544072491
4663,0.7676687322540232,0,1,0,586904,18706,80092,27864,0.17327429693578866,0.5983251019969937
4664,0.7676928326857912,1,0,1,586904,18706,80093,27863,0.17327429693578866,0.5983164766260818
4665,0.767890231700072,2,8,2,586912,18698,80095,27861,0.17320019267108822,0.5984020275349556
4666,0.7679262188523122,1,2,1,586914,18696,80096,27860,0.1731816666049131,0.598419108170805
4667,0.7679694403383496,0,1,0,586915,18695,80096,27860,0.17317240357182556,0.598431962195253
4668,0.7680206654398912,0,1,0,586916,18694,80096,27860,0.173163140538738,0.5984448167719207
4669,0.7680796334162571,1,1,1,586917,18693,80097,27859,0.17315387750565045,0.5984490462278742
4670,0.7681079879816308,0,1,0,586918,18692,80097,27859,0.1731446144725629,0.5984619019999571
4671,0.7681194694651728,0,1,0,586919,18691,80097,27859,0.17313535143947534,0.5984747583243823
4672,0.768264789600407,0,1,0,586920,18690,80097,27859,0.1731260884063878,0.5984876152011859
4673,0.7682943545765062,0,2,0,586922,18688,80097,27859,0.17310756234021268,0.5985133306120696
4674,0.7684664761434044,0,1,0,586923,18687,80097,27859,0.17309829930712511,0.5985261891462209
4675,0.7684870915934896,52,57,52,586980,18630,80149,27807,0.17257030642113452,0.5988112927191679
4676,0.7685592683483092,0,1,0,586981,18629,80149,27807,0.17256104338804698,0.5988241881298992
4677,0.7686493010668918,1,0,1,586981,18629,80150,27806,0.17256104338804698,0.5988155486163454
4678,0.7688207149380186,1,0,1,586981,18629,80151,27805,0.17256104338804698,0.5988069087306714
4679,0.7688650933711275,0,1,0,586982,18628,80151,27805,0.17255178035495944,0.5988198048801499
4680,0.7688782545176451,1,1,1,586983,18627,80152,27804,0.17254251732187187,0.5988240615106287
4681,0.7689378288046393,2,1,2,586984,18626,80154,27802,0.17253325428878433,0.5988196777806496
4682,0.7691816406605335,17,22,17,587006,18604,80171,27785,0.17232946756085812,0.5989566492056306
4683,0.7692250698063012,0,1,0,587007,18603,80171,27785,0.17232020452777058,0.5989695610933862
4684,0.769334418837212,0,1,0,587008,18602,80171,27785,0.172310941494683,0.5989824735378446
4685,0.7693575105213475,0,1,0,587009,18601,80171,27785,0.17230167846159547,0.5989953865390419
4686,0.7694391272588226,10,3,10,587012,18598,80181,27775,0.17227388936233282,0.5989476635110949
4687,0.7695153688446398,0,1,0,587013,18597,80181,27775,0.17226462632924525,0.5989605796601397
4688,0.769537330028326,0,1,0,587014,18596,80181,27775,0.1722553632961577,0.5989734963662634
4689,0.7695733632206185,1,2,1,587016,18594,80182,27774,0.1722368372299826,0.5989906832298136
4690,0.7696557532096558,3,2,3,587018,18592,80185,27771,0.17221831116380748,0.5989905743804327
4691,0.77,1474,1723,1474,588741,16869,81659,26297,0.1562581051539516,0.6092063197887226
4692,0.7702358642103824,1,0,1,588741,16869,81660,26296,0.1562581051539516,0.6091972663037183
4693,0.7703385611374725,1,0,1,588741,16869,81661,26295,0.1562581051539516,0.6091882123992216
4694,0.7704786963677731,0,1,0,588742,16868,81661,26295,0.15624884212086407,0.6092023260663068
4695,0.7705901278648946,0,1,0,588743,16867,81661,26295,0.1562395790877765,0.6092164403873778
4696,0.7709146962080641,0,1,0,588744,16866,81661,26295,0.15623031605468896,0.60923055536248
4697,0.7714178605631532,1,0,1,588744,16866,81662,26294,0.15623031605468896,0.6092215013901761
4698,0.7714610820491908,0,1,0,588745,16865,81662,26294,0.15622105302160139,0.6092356171366343
4699,0.7715182768394019,1,0,1,588745,16865,81663,26293,0.15622105302160139,0.6092265628620418
4700,0.7719478524526329,0,1,0,588746,16864,81663,26293,0.15621178998851384,0.6092406793799383
4701,0.7720147204565708,0,1,0,588747,16863,81663,26293,0.15620252695542627,0.6092547965520437
4702,0.7720678358391311,0,1,0,588748,16862,81663,26293,0.15619326392233873,0.6092689143784035
4703,0.7721124096301972,0,2,0,588750,16860,81663,26293,0.15617473785616362,0.6092971519940676
4704,0.7728330797960374,1,0,1,588750,16860,81664,26292,0.15617473785616362,0.6092880978865406
4705,0.7730526212530333,0,1,0,588751,16859,81664,26292,0.15616547482307608,0.6093022177933304
4706,0.7730625793946243,1,0,1,588751,16859,81665,26291,0.15616547482307608,0.6092931633835458
4707,0.7734142660006953,0,1,0,588752,16858,81665,26291,0.1561562117899885,0.609307284062203
4708,0.7734897758099354,0,1,0,588753,16857,81665,26291,0.15614694875690097,0.6093214053953834
4709,0.7735276288630812,0,1,0,588754,16856,81665,26291,0.1561376857238134,0.6093355273831321
4710,0.7735495299135811,1,0,1,588754,16856,81666,26290,0.1561376857238134,0.6093264729059472
4711,0.7736253180367076,1,0,1,588754,16856,81667,26289,0.1561376857238134,0.6093174180090393
4712,0.7737851154613703,0,1,0,588755,16855,81667,26289,0.15612842269072585,0.6093315408863341
4713,0.7739405130210849,0,1,0,588756,16854,81667,26289,0.15611915965763828,0.6093456644183297
4714,0.7739483663739584,0,1,0,588757,16853,81667,26289,0.15610989662455074,0.6093597886050717
4715,0.7740709620145931,1,0,1,588757,16853,81668,26288,0.15610989662455074,0.6093507336408521
4716,0.7740922824501308,1,0,1,588757,16853,81669,26287,0.15610989662455074,0.6093416782568382
4717,0.7742008574945877,1,0,1,588757,16853,81670,26286,0.15610989662455074,0.6093326224530008
4718,0.7742221779301254,0,1,0,588758,16852,81670,26286,0.1561006335914632,0.6093467476470861
4719,0.7742757790654841,1,0,1,588758,16852,81671,26285,0.1561006335914632,0.6093376915409046
4720,0.7743180012028457,0,1,0,588759,16851,81671,26285,0.15609137055837563,0.6093518175074184
4721,0.7743459882025477,1,0,1,588759,16851,81672,26284,0.15609137055837563,0.6093427610988756
4722,0.7746429154410022,1,0,1,588759,16851,81673,26283,0.15609137055837563,0.6093337042704131
4723,0.7746485621877802,0,1,0,588760,16850,81673,26283,0.1560821075252881,0.6093478311269793
4724,0.7747436100311372,1,0,1,588760,16850,81674,26282,0.1560821075252881,0.609338773996105
4725,0.7748319458473557,0,1,0,588761,16849,81674,26282,0.15607284449220052,0.6093529016252811
4726,0.7749492702721068,1,1,1,588762,16848,81675,26281,0.15606358145911298,0.6093579725938464
4727,0.7750867789977822,0,1,0,588763,16847,81675,26281,0.1560543184260254,0.6093721016508996
4728,0.7752620367156404,1,0,1,588763,16847,81676,26280,0.1560543184260254,0.6093630440327406
4729,0.7752873693676389,2,0,2,588763,16847,81678,26278,0.1560543184260254,0.6093449275362319
4730,0.7754612747804689,1,0,1,588763,16847,81679,26277,0.1560543184260254,0.609335868657824
4731,0.7756972332834896,1,0,1,588763,16847,81680,26276,0.1560543184260254,0.6093268093592746
4732,0.7756972332834897,1,0,1,588763,16847,81681,26275,0.1560543184260254,0.6093177496405547
4733,0.7757350863366357,1,0,1,588763,16847,81682,26274,0.1560543184260254,0.609308689501635
4734,0.7758375761735203,1,0,1,588763,16847,81683,26273,0.1560543184260254,0.6092996289424861
4735,0.7758588966090582,3,1,3,588764,16846,81686,26270,0.15604505539293786,0.6092865757491418
4736,0.7759547198817787,1,0,1,588764,16846,81687,26269,0.15604505539293786,0.6092775136263482
4737,0.7761268088967206,1,0,1,588764,16846,81688,26268,0.15604505539293786,0.6092684510831748
4738,0.7761489501931429,0,1,0,588765,16845,81688,26268,0.15603579235985032,0.6092825829796117
4739,0.7762270648852084,1,0,1,588765,16845,81689,26267,0.15603579235985032,0.6092735201336055
4740,0.7763773232935613,0,1,0,588766,16844,81689,26267,0.15602652932676275,0.6092876528032288
4741,0.7765155926229561,3,3,3,588769,16841,81692,26264,0.1559987402275001,0.6093028650968565
4742,0.7765155926229562,4,6,4,588775,16835,81696,26260,0.15594316202897476,0.6093514328808446
4743,0.7767045520313844,0,1,0,588776,16834,81696,26260,0.15593389899588722,0.6093655729335871
4744,0.7769072691429888,0,1,0,588777,16833,81696,26260,0.15592463596279965,0.6093797136425869
4745,0.7769741831869791,2,5,2,588782,16828,81698,26258,0.15587832079736189,0.6094322981943091
4746,0.7771078595128458,1,0,1,588782,16828,81699,26257,0.15587832079736189,0.6094232331437855
4747,0.7771259674416692,0,1,0,588783,16827,81699,26257,0.15586905776427434,0.6094373781450191
4748,0.7772120497343167,0,1,0,588784,16826,81699,26257,0.15585979473118677,0.6094515238028921
4749,0.777238999899977,0,1,0,588785,16825,81699,26257,0.15585053169809923,0.6094656701174505
4750,0.7772487931323956,0,1,0,588786,16824,81699,26257,0.15584126866501166,0.6094798170887398
4751,0.7773347273917858,0,1,0,588787,16823,81699,26257,0.15583200563192412,0.609493964716806
4752,0.7773718050155687,22,15,22,588802,16808,81721,26235,0.1556930601356108,0.60950677229747
4753,0.7774150265016061,0,1,0,588803,16807,81721,26235,0.15568379710252325,0.6095209330421448
4754,0.7774249203981287,1,0,1,588803,16807,81722,26234,0.15568379710252325,0.6095118607839037
4755,0.7776687322540231,1,1,1,588804,16806,81723,26233,0.15567453406943568,0.6095169497432561
4756,0.777890231700072,5,2,5,588806,16804,81728,26228,0.1556560080032606,0.6094999070459193
4757,0.7779694403383496,1,1,1,588807,16803,81729,26227,0.15564674497017303,0.60950499651406
4758,0.7780145277252929,0,1,0,588808,16802,81729,26227,0.1556374819370855,0.6095191614957355
4759,0.7780796334162571,2,0,2,588808,16802,81731,26225,0.1556374819370855,0.6095010109930974
4760,0.7781194694651729,1,1,1,588809,16801,81732,26224,0.15562821890399792,0.6095061011040093
4761,0.7783696306652511,0,1,0,588810,16800,81732,26224,0.15561895587091037,0.6095202677575307
4762,0.7783870249103211,1,1,1,588811,16799,81733,26223,0.1556096928378228,0.6095253591185905
4763,0.7784870915934896,41,51,41,588862,16748,81774,26182,0.15513727815035755,0.6098765432098765
4764,0.7785842553041854,0,1,0,588863,16747,81774,26182,0.15512801511727,0.6098907498427636
4765,0.7787018424585397,1,0,1,588863,16747,81775,26181,0.15512801511727,0.6098816623183004
4766,0.778755003881152,2,0,2,588863,16747,81777,26179,0.15512801511727,0.6098634859991613
4767,0.7789378288046394,6,5,6,588868,16742,81783,26173,0.15508169995183224,0.6098799953396249
4768,0.7791816406605335,18,17,18,588885,16725,81801,26155,0.1549242283893438,0.6099580223880597
4769,0.7792995056243993,0,1,0,588886,16724,81801,26155,0.15491496535625626,0.6099722474871149
4770,0.779334418837212,1,0,1,588886,16724,81802,26154,0.15491496535625626,0.6099631512663837
4771,0.7794391272588226,10,10,10,588896,16714,81812,26144,0.1548223350253807,0.6100144663773391
4772,0.7795733632206185,2,2,2,588898,16712,81814,26142,0.1548038089592056,0.6100247351472441
4773,0.7796226916348908,1,0,1,588898,16712,81815,26141,0.1548038089592056,0.6100156348447017
4774,0.7796557532096559,2,1,2,588899,16711,81817,26139,0.15479454592611805,0.6100116686114352
4775,0.7799409393088831,0,1,0,588900,16710,81817,26139,0.1547852828930305,0.6100259049219352
4776,0.78,1549,1622,1549,590522,15088,83366,24590,0.1397606432250176,0.6197388981299461
4777,0.7800416338990181,0,1,0,590523,15087,83366,24590,0.13975138019193004,0.6197545177306752
4778,0.7800566398617786,1,0,1,590523,15087,83367,24589,0.13975138019193004,0.6197449339651174
4779,0.7801051749709517,1,0,1,590523,15087,83368,24588,0.13975138019193004,0.6197353497164462
4780,0.7803007080843264,1,0,1,590523,15087,83369,24587,0.13975138019193004,0.6197257649846247
4781,0.7803172407019348,0,1,0,590524,15086,83369,24587,0.1397421171588425,0.6197413858291533
4782,0.7803780017776379,0,1,0,590525,15085,83369,24587,0.13973285412575492,0.6197570074611817
4783,0.7803780017776382,1,0,1,590525,15085,83370,24586,0.13973285412575492,0.6197474225504777
4784,0.780520928648833,0,1,0,590526,15084,83370,24586,0.13972359109266738,0.6197630451222587
4785,0.780635488375927,0,1,0,590527,15083,83370,24586,0.13971432805957984,0.619778668481686
4786,0.7807039976519665,0,1,0,590528,15082,83370,24586,0.13970506502649227,0.6197942926288192
4787,0.7807377705530815,1,0,1,590528,15082,83371,24585,0.13970506502649227,0.619784707691532
4788,0.78089943387865,1,0,1,590528,15082,83372,24584,0.13970506502649227,0.6197751222709625
4789,0.7811393409696369,0,1,0,590529,15081,83372,24584,0.13969580199340473,0.6197907475103996
4790,0.7813678732563811,1,0,1,590529,15081,83373,24583,0.13969580199340473,0.6197811617587737
4791,0.7814538477153935,0,1,0,590530,15080,83373,24583,0.13968653896031716,0.6197967879383809
4792,0.7815909775291852,0,1,0,590531,15079,83373,24583,0.13967727592722962,0.6198124149059553
4793,0.7816519531652681,0,1,0,590532,15078,83373,24583,0.13966801289414205,0.6198280426615567
4794,0.7823116476950254,0,1,0,590533,15077,83373,24583,0.1396587498610545,0.6198436712052445
4795,0.7823424445325954,1,0,1,590533,15077,83374,24582,0.1396587498610545,0.6198340855795658
4796,0.7824123422851603,0,1,0,590534,15076,83374,24582,0.13964948682796696,0.6198497150637955
4797,0.7828330797960374,1,0,1,590534,15076,83375,24581,0.13964948682796696,0.6198401291070933
4798,0.7832153575713028,1,0,1,590534,15076,83376,24580,0.13964948682796696,0.6198305426669356
4799,0.7832307016246269,2,1,2,590535,15075,83378,24578,0.1396402237948794,0.619826999218218
4800,0.7837710293596298,1,0,1,590535,15075,83379,24577,0.1396402237948794,0.6198174114798749
4801,0.7837744609611286,1,0,1,590535,15075,83380,24576,0.1396402237948794,0.6198078232579254
4802,0.7839252506916707,0,1,0,590536,15074,83380,24576,0.13963096076179185,0.6198234552332913
4803,0.783925250691671,1,0,1,590536,15074,83381,24575,0.13963096076179185,0.6198138666801181
4804,0.7839483663739583,1,0,1,590536,15074,83382,24574,0.13963096076179185,0.6198042776432607
4805,0.78432466776701,1,0,1,590536,15074,83383,24573,0.13963096076179185,0.6197946881226827
4806,0.7843459882025478,0,1,0,590537,15073,83383,24573,0.13962169772870428,0.6198103213438935
4807,0.7843892096885853,1,0,1,590537,15073,83384,24572,0.13962169772870428,0.6198007314919914
4808,0.7844506035375701,0,1,0,590538,15072,83384,24572,0.13961243469561674,0.6198163656543235
4809,0.7847765917668688,1,0,1,590538,15072,83385,24571,0.13961243469561674,0.6198067754710794
4810,0.7849108277286646,0,1,0,590539,15071,83385,24571,0.13960317166252917,0.619822410574643
4811,0.7850026842164456,1,1,1,590540,15070,83386,24570,0.13959390862944163,0.6198284561049445
4812,0.785008052649337,1,0,1,590540,15070,83387,24569,0.13959390862944163,0.6198188652589621
4813,0.7851437320919292,0,1,0,590541,15069,83387,24569,0.13958464559635406,0.6198345022453201
4814,0.7852280684305997,0,1,0,590542,15068,83387,24569,0.13957538256326651,0.6198501400206877
4815,0.7852873693676389,1,0,1,590542,15068,83388,24568,0.13957538256326651,0.6198405489958624
4816,0.7855589639540951,0,1,0,590543,15067,83388,24568,0.13956611953017897,0.61985618771288
4817,0.7857388671825076,0,1,0,590544,15066,83388,24568,0.1395568564970914,0.6198718272190543
4818,0.7857487610790305,0,1,0,590545,15065,83388,24568,0.13954759346400386,0.619887467514445
4819,0.7858375761735203,0,1,0,590546,15064,83388,24568,0.1395383304309163,0.6199031085991118
4820,0.7858375761735205,0,1,0,590547,15063,83388,24568,0.13952906739782875,0.6199187504731145
4821,0.7858588966090582,3,2,3,590549,15061,83391,24565,0.13951054133165364,0.619921263816686
4822,0.7858792100725386,1,0,1,590549,15061,83392,24564,0.13951054133165364,0.6199116719242902
4823,0.7859547198817788,0,1,0,590550,15060,83392,24564,0.1395012782985661,0.6199273167777105
4824,0.7861125656331823,0,1,0,590551,15059,83392,24564,0.13949201526547853,0.6199429624208161
4825,0.7862501777203407,0,2,0,590553,15057,83392,24564,0.1394734891993034,0.6199742560763232
4826,0.7862955898618782,0,1,0,590554,15056,83392,24564,0.13946422616621587,0.619989904088844
4827,0.7863607086591188,0,1,0,590555,15055,83392,24564,0.1394549631331283,0.6200055528912896
4828,0.7865155926229561,4,1,4,590556,15054,83396,24560,0.13944570010004076,0.6199828343514919
4829,0.7865155926229562,1,1,1,590557,15053,83397,24559,0.1394364370669532,0.6199888922548723
4830,0.7865534456761023,1,0,1,590557,15053,83398,24558,0.1394364370669532,0.6199792986796597
4831,0.7865667250097466,1,0,1,590557,15053,83399,24557,0.1394364370669532,0.6199697046200454
4832,0.7866065610586623,0,1,0,590558,15052,83399,24557,0.13942717403386565,0.6199853568633391
4833,0.7868109322743913,0,1,0,590559,15051,83399,24557,0.1394179110007781,0.6200010098969905
4834,0.7868503729145567,1,0,1,590559,15051,83400,24556,0.1394179110007781,0.6199914156588482
4835,0.7868920068135746,1,0,1,590559,15051,83401,24555,0.1394179110007781,0.6199818209362218
4836,0.786945168236187,0,1,0,590560,15050,83401,24555,0.13940864796769054,0.6199974750662796
4837,0.7869741831869791,4,1,4,590561,15049,83405,24551,0.139399384934603,0.6199747474747475
4838,0.7872420954746417,0,1,0,590562,15048,83405,24551,0.13939012190151542,0.6199904037980757
4839,0.7872658163859948,0,1,0,590563,15047,83405,24551,0.13938085886842788,0.6200060609121673
4840,0.7872802597041969,1,0,1,590563,15047,83406,24550,0.13938085886842788,0.6199964643786146
4841,0.7873718050155687,15,10,15,590573,15037,83421,24535,0.13928822853755235,0.6200090973415546
4842,0.7876687322540231,0,1,0,590574,15036,83421,24535,0.13927896550446478,0.6200247656111799
4843,0.7876687322540232,1,1,1,590575,15035,83422,24534,0.13926970247137724,0.6200308322171397
4844,0.7878080553266676,1,0,1,590575,15035,83423,24533,0.13926970247137724,0.6200212292761828
4845,0.787890231700072,3,1,3,590576,15034,83426,24530,0.13926043943828967,0.6200080881609544
4846,0.7880796334162571,0,1,0,590577,15033,83426,24530,0.13925117640520213,0.6200237595733388
4847,0.7881049825651218,0,1,0,590578,15032,83426,24530,0.13924191337211456,0.6200394317779687
4848,0.7881492238685458,0,1,0,590579,15031,83426,24530,0.13923265033902701,0.6200551047749046
4849,0.788363281321067,2,0,2,590579,15031,83428,24528,0.13923265033902701,0.6200358957506509
4850,0.7884870915934896,51,48,51,590627,14983,83479,24477,0.1387880247508244,0.6202990369994932
4851,0.7886136358220903,1,0,1,590627,14983,83480,24476,0.1387880247508244,0.620289414328797
4852,0.7886207679193561,1,0,1,590627,14983,83481,24475,0.1387880247508244,0.6202797911703584
4853,0.7887352554390128,0,1,0,590628,14982,83481,24475,0.13877876171773684,0.6202955115695568
4854,0.788804927908136,0,1,0,590629,14981,83481,24475,0.1387694986846493,0.6203112327656123
4855,0.7888207149380186,0,1,0,590630,14980,83481,24475,0.13876023565156176,0.6203269547585857
4856,0.7889378288046394,1,0,1,590630,14980,83482,24474,0.13876023565156176,0.6203173315760125
4857,0.7889889036435501,0,1,0,590631,14979,83482,24474,0.1387509726184742,0.6203330545205687
4858,0.7891816406605335,18,14,18,590645,14965,83500,24456,0.13862129015524843,0.6203800005073438
4859,0.789334418837212,1,0,1,590645,14965,83501,24455,0.13862129015524843,0.6203703703703703
4860,0.7894391272588226,9,13,9,590658,14952,83510,24446,0.13850087072511022,0.6204883496624194
4861,0.7895733632206184,3,3,3,590661,14949,83513,24443,0.13847308162584757,0.6205067018683996
4862,0.7896226916348908,1,0,1,590661,14949,83514,24442,0.13847308162584757,0.6204970678581402
4863,0.7896557532096559,2,2,2,590663,14947,83516,24440,0.13845455555967245,0.6205093051006677
4864,0.7897142495481639,0,1,0,590664,14946,83516,24440,0.1384452925265849,0.6205250596658711
4865,0.79,1521,1513,1521,592177,13433,85037,22919,0.12443032346511541,0.6304742517605634
4866,0.7900432214860375,1,0,1,592177,13433,85038,22918,0.12443032346511541,0.6304640862699789
4867,0.79036167681976,0,1,0,592178,13432,85038,22918,0.12442106043202786,0.6304814305364511
4868,0.7906136709037574,1,0,1,592178,13432,85039,22917,0.12442106043202786,0.6304712646840354
4869,0.7907019910605715,1,0,1,592178,13432,85040,22916,0.12442106043202786,0.630461098272257
4870,0.7908580607549193,0,1,0,592179,13431,85040,22916,0.12441179739894032,0.6304784438880788
4871,0.7908615808255038,1,0,1,592179,13431,85041,22915,0.12441179739894032,0.6304682771144005
4872,0.7911585080639584,0,1,0,592180,13430,85041,22915,0.12440253436585276,0.6304856238822396
4873,0.79142293886353,1,0,1,592180,13430,85042,22914,0.12440253436585276,0.6304754567466432
4874,0.7916753471614423,1,0,1,592180,13430,85043,22913,0.12440253436585276,0.6304652890515368
4875,0.7922508866193222,0,1,0,592181,13429,85043,22913,0.1243932713327652,0.6304826371691157
4876,0.7923116476950254,0,1,0,592182,13428,85043,22913,0.12438400829967765,0.6304999862414353
4877,0.7923744892320143,1,1,1,592183,13427,85044,22912,0.12437474526659009,0.6305071686067311
4878,0.7926698288834494,0,1,0,592184,13426,85044,22912,0.12436548223350254,0.6305245197864494
4879,0.7927092695236149,1,1,1,592185,13425,85045,22911,0.12435621920041498,0.6305317040951123
4880,0.7932093811890891,0,1,0,592186,13424,85045,22911,0.12434695616732742,0.6305490573826888
4881,0.7932307016246268,1,0,1,592186,13424,85046,22910,0.12434695616732742,0.6305388891946937
4882,0.7942891094130557,1,0,1,592186,13424,85047,22909,0.12434695616732742,0.6305287204469766
4883,0.7943459882025478,1,0,1,592186,13424,85048,22908,0.12434695616732742,0.6305185511394914
4884,0.7944875871008321,1,0,1,592186,13424,85049,22907,0.12434695616732742,0.6305083812721918
4885,0.7945622471876227,0,1,0,592187,13423,85049,22907,0.12433769313423988,0.6305257363060831
4886,0.7949484948427434,0,1,0,592188,13422,85049,22907,0.12432843010115233,0.6305430922954114
4887,0.7951151529043414,0,1,0,592189,13421,85049,22907,0.12431916706806477,0.6305604492402554
4888,0.7953806859940837,1,0,1,592189,13421,85050,22906,0.12431916706806477,0.6305502794065021
4889,0.7955949511063352,0,1,0,592190,13420,85050,22906,0.12430990403497721,0.6305676375048175
4890,0.7956305268992296,0,1,0,592191,13419,85050,22906,0.12430064100188966,0.6305849965588438
4891,0.7957350863366358,1,0,1,592191,13419,85051,22905,0.12430064100188966,0.6305748265609514
4892,0.7958588966090582,2,2,2,592193,13417,85053,22903,0.12428211493571455,0.6305892070484581
4893,0.7959925729349248,0,1,0,592194,13416,85053,22903,0.12427285190262699,0.63060656956414
4894,0.7961558238475126,1,2,1,592196,13414,85054,22902,0.12425432583645189,0.6306311267760767
4895,0.7962368983866962,0,1,0,592197,13413,85054,22902,0.12424506280336434,0.6306484923585295
4896,0.7963096338202079,0,1,0,592198,13412,85054,22902,0.12423579977027678,0.6306658588973949
4897,0.7963393882235809,0,1,0,592199,13411,85054,22902,0.12422653673718922,0.6306832263927519
4898,0.7963773232935614,1,1,1,592200,13410,85055,22901,0.12421727370410167,0.6306904243893036
4899,0.7963773232935616,0,1,0,592201,13409,85055,22901,0.12420801067101411,0.6307077939961443
4900,0.796515592622956,1,2,1,592203,13407,85056,22900,0.12418948460483901,0.6307323656595147
4901,0.7965155926229562,3,2,3,592205,13405,85059,22897,0.1241709585386639,0.630736598534516
4902,0.7965534456761023,0,1,0,592206,13404,85059,22897,0.12416169550557635,0.6307539737197322
4903,0.7966065610586623,0,1,0,592207,13403,85059,22897,0.12415243247248879,0.6307713498622589
4904,0.7966181952574076,1,0,1,592207,13403,85060,22896,0.12415243247248879,0.6307611779938841
4905,0.7966497825446998,1,0,1,592207,13403,85061,22895,0.12415243247248879,0.6307510055650449
4906,0.7966867884283362,0,1,0,592208,13402,85061,22895,0.12414316943940124,0.630768383061961
4907,0.7967390001133215,0,1,0,592209,13401,85061,22895,0.12413390640631368,0.6307857615164205
4908,0.7968503729145566,0,1,0,592210,13400,85061,22895,0.12412464337322612,0.6308031409285025
4909,0.7969173043974871,0,1,0,592211,13399,85061,22895,0.12411538034013858,0.6308205212982863
4910,0.7969741831869791,4,4,4,592215,13395,85065,22891,0.12407832820778836,0.6308493633908394
4911,0.7970718723606055,0,1,0,592216,13394,85065,22891,0.1240690651747008,0.6308667493454596
4912,0.7972041963814434,1,0,1,592216,13394,85066,22890,0.1240690651747008,0.6308565759012237
4913,0.7972420954746418,0,1,0,592217,13393,85066,22890,0.12405980214161325,0.6308739630129813
4914,0.7972767571722115,1,0,1,592217,13393,85067,22889,0.12405980214161325,0.6308637892067692
4915,0.797313257920329,0,1,0,592218,13392,85067,22889,0.12405053910852569,0.6308811774758137
4916,0.7973549378593994,0,1,0,592219,13391,85067,22889,0.12404127607543815,0.6308985667034178
4917,0.7973718050155686,19,12,19,592231,13379,85086,22870,0.12393011967838749,0.6309139562470689
4918,0.797668732254023,1,0,1,592231,13379,85087,22869,0.12393011967838749,0.6309037740013242
4919,0.7976687322540232,1,3,1,592234,13376,85088,22868,0.12390233057912482,0.6309458117205606
4920,0.7977284863576689,0,1,0,592235,13375,85088,22868,0.12389306754603728,0.6309632204839555
4921,0.7978834831190733,1,0,1,592235,13375,85089,22867,0.12389306754603728,0.630953037911815
4922,0.797890231700072,3,5,3,592240,13370,85092,22864,0.1238467523805995,0.631009549042336
4923,0.7979262188523122,0,1,0,592241,13369,85092,22864,0.12383748934751194,0.6310269643694975
4924,0.7980796334162571,0,1,0,592242,13368,85092,22864,0.12382822631442439,0.6310443806579819
4925,0.79810957556865,0,1,0,592243,13367,85092,22864,0.12381896328133685,0.631061797907869
4926,0.7981194694651728,1,0,1,592243,13367,85093,22863,0.12381896328133685,0.6310516146839635
4927,0.7981428448031455,1,0,1,592243,13367,85094,22862,0.12381896328133685,0.6310414308978994
4928,0.7982780593234291,0,1,0,592244,13366,85094,22862,0.12380970024824929,0.6310588495086673
4929,0.798363281321067,0,1,0,592245,13365,85094,22862,0.12380043721516173,0.6310762690810722
4930,0.7984870915934895,49,42,49,592287,13323,85143,22813,0.12341138982548445,0.6313094974540624
4931,0.7986207679193561,2,0,2,592287,13323,85145,22811,0.12341138982548445,0.6312890906071844
4932,0.7986968236187281,0,1,0,592288,13322,85145,22811,0.1234021267923969,0.631306561868652
4933,0.7988207149380187,1,0,1,592288,13322,85146,22810,0.1234021267923969,0.6312963577991808
4934,0.7989171529595192,0,1,0,592289,13321,85146,22810,0.12339286375930934,0.6313138302288893
4935,0.7989378288046393,4,7,4,592296,13314,85150,22806,0.12332802252769647,0.6313953488372093
4936,0.7990506982908454,1,0,1,592296,13314,85151,22805,0.12332802252769647,0.6313851435532545
4937,0.7990825971309594,1,0,1,592296,13314,85152,22804,0.12332802252769647,0.6313749377041918
4938,0.7991147266165433,1,0,1,592296,13314,85153,22803,0.12332802252769647,0.6313647312899743
4939,0.7991816406605335,20,23,20,592319,13291,85173,22783,0.12311497276668272,0.6315628984864445
4940,0.7992248621465712,1,0,1,592319,13291,85174,22782,0.12311497276668272,0.631552684833532
4941,0.799303822550224,1,0,1,592319,13291,85175,22781,0.12311497276668272,0.6315424706143269
4942,0.799334418837212,0,1,0,592320,13290,85175,22781,0.12310570973359516,0.6315599789304427
4943,0.7994391272588226,9,5,9,592325,13285,85184,22772,0.1230593945681574,0.6315555925340434
4944,0.7994501424384919,0,2,0,592327,13283,85184,22772,0.12304086850198229,0.6315906254333656
4945,0.7995733632206184,1,4,1,592331,13279,85185,22771,0.12300381636963208,0.6316504854368932
4946,0.7996557532096559,1,1,1,592332,13278,85186,22770,0.12299455333654452,0.6316577896138482
4947,0.7997114722622524,1,0,1,592332,13278,85187,22769,0.12299455333654452,0.6316475712264543
4948,0.7998372626832893,1,0,1,592332,13278,85188,22768,0.12299455333654452,0.6316373522720967
4949,0.7998565696766261,0,1,0,592333,13277,85188,22768,0.12298529030345696,0.6316548758496324
4950,0.8,1416,1420,1416,593753,11857,86604,21352,0.10983178331913002,0.6429582342136168
4951,0.8006295891074224,0,1,0,593754,11856,86604,21352,0.10982252028604246,0.6429775957600579
4952,0.8009017968950327,0,1,0,593755,11855,86604,21352,0.1098132572529549,0.6429969584726112
4953,0.8009952571513704,1,0,1,593755,11855,86605,21351,0.1098132572529549,0.6429862073119316
4954,0.8013207520044888,0,1,0,593756,11854,86605,21351,0.10980399421986735,0.6430055714500829
4955,0.8018006630040497,1,0,1,593756,11854,86606,21350,0.10980399421986735,0.6429948199012168
4956,0.8018408150437412,0,1,0,593757,11853,86606,21350,0.10979473118677979,0.6430141854651689
4957,0.8021143245751634,1,0,1,593757,11853,86607,21349,0.10979473118677979,0.6430034335281007
4958,0.8023952288804846,2,0,2,593757,11853,86609,21347,0.10979473118677979,0.6429819277108434
4959,0.8028330797960374,0,1,0,593758,11852,86609,21347,0.10978546815369225,0.6430012952197355
4960,0.803387493632781,0,1,0,593759,11851,86609,21347,0.1097762051206047,0.6430206638954153
4961,0.8035643914446848,1,0,1,593759,11851,86610,21346,0.1097762051206047,0.6430099105340844
4962,0.8037780015610781,0,1,0,593760,11850,86610,21346,0.10976694208751714,0.6430292806362212
4963,0.8038599242346999,0,1,0,593761,11849,86610,21346,0.10975767905442958,0.6430486519054074
4964,0.8038828046349965,1,0,1,593761,11849,86611,21345,0.10975767905442958,0.6430378984153763
4965,0.8039252506916708,0,1,0,593762,11848,86611,21345,0.10974841602134203,0.6430572711113789
4966,0.8039483663739583,1,0,1,593762,11848,86612,21344,0.10974841602134203,0.6430465172330682
4967,0.8041717965037433,0,1,0,593763,11847,86612,21344,0.10973915298825447,0.6430658913560905
4968,0.8042221779301252,1,0,1,593763,11847,86613,21343,0.10973915298825447,0.6430551370894848
4969,0.8043796788921136,0,1,0,593764,11846,86613,21343,0.10972988995516691,0.64307451263973
4970,0.804399103585108,1,0,1,593764,11846,86614,21342,0.10972988995516691,0.6430637579848137
4971,0.8045460016967394,1,0,1,593764,11846,86615,21341,0.10972988995516691,0.643053002681773
4972,0.8048264798170705,1,0,1,593764,11846,86616,21340,0.10972988995516691,0.643042246730549
4973,0.8052660035005801,0,1,0,593765,11845,86616,21340,0.10972062692207936,0.6430616242278138
4974,0.8052767034323429,1,0,1,593765,11845,86617,21339,0.10972062692207936,0.6430508678881388
4975,0.8054612747804687,1,0,1,593765,11845,86618,21338,0.10972062692207936,0.6430401109001597
4976,0.8055949511063354,1,0,1,593765,11845,86619,21337,0.10972062692207936,0.6430293532638177
4977,0.8058375761735205,1,0,1,593765,11845,86620,21336,0.10972062692207936,0.6430185949790542
4978,0.8058588966090582,1,5,1,593770,11840,86621,21335,0.1096743117566416,0.6431047475508667
4979,0.8059930865308018,0,1,0,593771,11839,86621,21335,0.10966504872355404,0.6431241333574486
4980,0.8061558238475126,1,0,1,593771,11839,86622,21334,0.10966504872355404,0.6431133753353631
4981,0.806515592622956,0,1,0,593772,11838,86622,21334,0.10965578569046648,0.6431327625708428
4982,0.8065155926229562,2,3,2,593775,11835,86624,21332,0.10962799659120383,0.64316941538276
4983,0.8065534456761023,0,2,0,593777,11833,86624,21332,0.10960947052502872,0.6432082014171566
4984,0.8067204774345622,0,1,0,593778,11832,86624,21332,0.10960020749194116,0.6432275961886382
4985,0.8067583304877083,1,0,1,593778,11832,86625,21331,0.10960020749194116,0.6432168380423966
4986,0.8067814461699957,1,1,1,593779,11831,86626,21330,0.1095909444588536,0.6432254757094177
4987,0.8068503729145567,0,2,0,593781,11829,86626,21330,0.1095724183926785,0.6432642721433095
4988,0.8069173043974871,1,0,1,593781,11829,86627,21329,0.1095724183926785,0.6432535134809095
4989,0.806945168236187,1,0,1,593781,11829,86628,21328,0.1095724183926785,0.643242754169557
4990,0.806956435937583,1,0,1,593781,11829,86629,21327,0.1095724183926785,0.6432319942091929
4991,0.8069741831869791,3,6,3,593787,11823,86632,21324,0.10951684019415317,0.6433161372069871
4992,0.807084020155228,1,0,1,593787,11823,86633,21323,0.10951684019415317,0.6433053762143245
4993,0.8071150938466428,0,1,0,593788,11822,86633,21323,0.10950757716106561,0.6433247850354503
4994,0.807171214645712,0,1,0,593789,11821,86633,21323,0.10949831412797807,0.6433441950277576
4995,0.8072947566128065,0,1,0,593790,11820,86633,21323,0.10948905109489052,0.6433636061913526
4996,0.8073718050155686,12,8,12,593798,11812,86645,21311,0.10941494683019008,0.6433897895722006
4997,0.8074249203981289,1,0,1,593798,11812,86646,21310,0.10941494683019008,0.6433790230058571
4998,0.8076298052097348,1,0,1,593798,11812,86647,21309,0.10941494683019008,0.6433682557893783
4999,0.807668732254023,1,1,1,593799,11811,86648,21308,0.10940568379710253,0.6433769135541532
5000,0.8076687322540232,4,0,4,593799,11811,86652,21304,0.10940568379710253,0.643333836629926
5001,0.807773326974079,1,1,1,593800,11810,86653,21303,0.10939642076401497,0.6433424938845771
5002,0.807890231700072,5,1,5,593801,11809,86658,21298,0.10938715773092741,0.6433080617392092
5003,0.8079262188523121,0,1,0,593802,11808,86658,21298,0.10937789469783986,0.643327493505709
5004,0.8080717225155039,0,1,0,593803,11807,86658,21298,0.1093686316647523,0.6433469264461562
5005,0.8081194694651728,0,1,0,593804,11806,86658,21298,0.10935936863166475,0.6433663605606573
5006,0.808363281321067,1,1,1,593805,11805,86659,21297,0.1093501055985772,0.6433750226572412
5007,0.8084870915934895,50,36,50,593841,11769,86709,21247,0.10901663640742525,0.643536467167434
5008,0.8086207679193561,0,1,0,593842,11768,86709,21247,0.10900737337433769,0.6435559594123883
5009,0.8088782545176452,2,0,2,593842,11768,86711,21245,0.10900737337433769,0.643534365250053
5010,0.8089317157539887,0,1,0,593843,11767,86711,21245,0.10899811034125013,0.6435538592027141
5011,0.8089378288046393,1,1,1,593844,11766,86712,21244,0.10898884730816258,0.6435625568009694
5012,0.8091816406605336,14,9,14,593853,11757,86726,21230,0.1089054800103746,0.6435868675538848
5013,0.8091954685113412,0,2,0,593855,11755,86726,21230,0.10888695394419949,0.6436258905563135
5014,0.8092995056243992,1,0,1,593855,11755,86727,21229,0.10888695394419949,0.6436150861023526
5015,0.809334418837212,1,0,1,593855,11755,86728,21228,0.10888695394419949,0.643604280993239
5016,0.8093865254721396,0,1,0,593856,11754,86728,21228,0.10887769091111194,0.6436237947971621
5017,0.8094391272588226,2,2,2,593858,11752,86730,21226,0.10885916484493682,0.6436412153556916
5018,0.8095733632206185,4,2,4,593860,11750,86734,21222,0.10884063877876171,0.6436370253548466
5019,0.8096396543488913,1,0,1,593860,11750,86735,21221,0.10884063877876171,0.6436262169785569
5020,0.8096557532096559,1,1,1,593861,11749,86736,21220,0.10883137574567417,0.643634929782523
5021,0.8097114722622524,1,2,1,593863,11747,86737,21219,0.10881284967949906,0.6436631681126008
5022,0.81,1442,1220,1442,595083,10527,88179,19777,0.09751194931268295,0.652620116156283
5023,0.8100963368685976,1,1,1,595084,10526,88180,19776,0.0975026862795954,0.6526301894264405
5024,0.8101341899217438,2,1,2,595085,10525,88182,19774,0.09749342324650784,0.6526287996303508
5025,0.8105018120500604,1,0,1,595085,10525,88183,19773,0.09749342324650784,0.6526173344775232
5026,0.8107233114961093,0,1,0,595086,10524,88183,19773,0.09748416021342028,0.652638875136152
5027,0.811209640450749,0,1,0,595087,10523,88183,19773,0.09747489718033273,0.6526604172167942
5028,0.8115182768394017,0,1,0,595088,10522,88183,19773,0.09746563414724517,0.6526819607195907
5029,0.8115545423055285,1,0,1,595088,10522,88184,19772,0.09746563414724517,0.6526704958077507
5030,0.8116470983282542,1,0,1,595088,10522,88185,19771,0.09746563414724517,0.652659030138976
5031,0.8121373160972056,0,1,0,595089,10521,88185,19771,0.09745637111415761,0.6526805757295656
5032,0.8121685304292662,1,0,1,595089,10521,88186,19770,0.09745637111415761,0.6526691096365257
5033,0.8122826327442334,0,1,0,595090,10520,88186,19770,0.09744710808107007,0.6526906569825025
5034,0.8125572475728423,0,1,0,595091,10519,88186,19770,0.09743784504798252,0.6527122057512629
5035,0.8125892400970645,0,1,0,595092,10518,88186,19770,0.09742858201489496,0.6527337559429477
5036,0.8126034466323098,1,0,1,595092,10518,88187,19769,0.09742858201489496,0.6527222900914584
5037,0.8126698288834494,1,0,1,595092,10518,88188,19768,0.09742858201489496,0.6527108234827973
5038,0.8126802085327707,0,1,0,595093,10517,88188,19768,0.0974193189818074,0.6527323757635793
5039,0.8128330797960375,1,0,1,595093,10517,88189,19767,0.0974193189818074,0.6527209087306829
5040,0.8131485995248161,1,0,1,595093,10517,88190,19766,0.0974193189818074,0.6527094409404617
5041,0.8132970387929518,1,0,1,595093,10517,88191,19765,0.0974193189818074,0.6526979723928407
5042,0.8135276288630814,1,0,1,595093,10517,88192,19764,0.0974193189818074,0.6526865030877448
5043,0.8139252506916708,1,0,1,595093,10517,88193,19763,0.0974193189818074,0.6526750330250991
5044,0.8144058243230279,0,1,0,595094,10516,88193,19763,0.09741005594871985,0.6526965883945969
5045,0.8146074415857762,0,1,0,595095,10515,88193,19763,0.09740079291563229,0.6527181451879253
5046,0.8146429154410022,0,1,0,595096,10514,88193,19763,0.09739152988254474,0.6527397034052251
5047,0.8146584374261014,1,0,1,595096,10514,88194,19762,0.09739152988254474,0.6527282335843573
5048,0.8147436100311373,1,0,1,595096,10514,88195,19761,0.09739152988254474,0.6527167630057803
5049,0.8150762258600531,1,1,1,595097,10513,88196,19760,0.09738226684945718,0.6527268523106399
5050,0.8150772998511953,1,0,1,595097,10513,88197,19759,0.09738226684945718,0.6527153805496829
5051,0.8151719814305118,1,0,1,595097,10513,88198,19758,0.09738226684945718,0.6527039080307886
5052,0.8152980238678808,0,1,0,595098,10512,88198,19758,0.09737300381636964,0.6527254707631318
5053,0.8153151520982007,1,0,1,595098,10512,88199,19757,0.09737300381636964,0.6527139978195513
5054,0.8154322598296767,1,0,1,595098,10512,88200,19756,0.09737300381636964,0.6527025241178803
5055,0.8154554797470546,0,1,0,595099,10511,88200,19756,0.09736374078328208,0.6527240889417517
5056,0.8158375761735204,2,1,2,595100,10510,88202,19754,0.09735447775019453,0.6527227068464182
5057,0.8158375761735205,1,0,1,595100,10510,88203,19753,0.09735447775019453,0.6527112315368602
5058,0.8158588966090582,3,0,3,595100,10510,88206,19750,0.09735447775019453,0.6526768010575017
5059,0.8158956591906618,0,1,0,595101,10509,88206,19750,0.09734521471710697,0.6526983707326746
5060,0.8159547198817786,1,1,1,595102,10508,88207,19749,0.09733595168401941,0.6527084641570545
5061,0.8161767329237047,0,1,0,595103,10507,88207,19749,0.09732668865093186,0.6527300370174511
5062,0.8163096338202078,1,0,1,595103,10507,88208,19748,0.09732668865093186,0.6527185589158817
5063,0.816515592622956,2,1,2,595104,10506,88210,19746,0.0973174256178443,0.6527171757239191
5064,0.8165534456761021,0,1,0,595105,10505,88210,19746,0.09730816258475675,0.6527387524379359
5065,0.8165534456761023,0,1,0,595106,10504,88210,19746,0.0972988995516692,0.6527603305785123
5066,0.8165966671621396,0,1,0,595107,10503,88210,19746,0.09728963651858165,0.6527819101457899
5067,0.8168181666081884,0,2,0,595109,10501,88210,19746,0.09727111045240654,0.6528250735610143
5068,0.8168503729145568,1,0,1,595109,10501,88211,19745,0.09727111045240654,0.6528135951861403
5069,0.8169741831869791,4,2,4,595111,10499,88215,19741,0.09725258438623142,0.6528108465608465
5070,0.8170013450115904,0,1,0,595112,10498,88215,19741,0.09724332135314387,0.6528324349350177
5071,0.8170552577261627,0,1,0,595113,10497,88215,19741,0.09723405832005631,0.6528540247370858
5072,0.81730166363922,0,1,0,595114,10496,88215,19741,0.09722479528696877,0.6528756159671925
5073,0.8173358600067391,1,0,1,595114,10496,88216,19740,0.09722479528696877,0.6528641354676544
5074,0.8173718050155686,13,12,13,595126,10484,88229,19727,0.09711363888991811,0.6529740822879084
5075,0.8174437889306715,0,1,0,595127,10483,88229,19727,0.09710437585683056,0.6529956967891427
5076,0.8175806566121142,1,0,1,595127,10483,88230,19726,0.09710437585683056,0.6529842100036413
5077,0.8176195376163501,0,1,0,595128,10482,88230,19726,0.097095112823743,0.6530058262711864
5078,0.8176617311512976,0,1,0,595129,10481,88230,19726,0.09708584979065545,0.6530274439699407
5079,0.817668732254023,2,1,2,595130,10480,88232,19724,0.0970765867575679,0.6530260892597007
5080,0.8176687322540233,1,0,1,595130,10480,88233,19723,0.0970765867575679,0.6530146011985565
5081,0.8177498067932066,1,0,1,595130,10480,88234,19722,0.0970765867575679,0.6530031123766638
5082,0.817890231700072,2,1,2,595131,10479,88236,19720,0.09706732372448035,0.6530017550250008
5083,0.8179262188523121,1,0,1,595131,10479,88237,19719,0.09706732372448035,0.652990264255911
5084,0.8181428448031454,1,0,1,595131,10479,88238,19718,0.09706732372448035,0.6529787727257674
5085,0.8182236596866439,0,1,0,595132,10478,88238,19718,0.09705806069139279,0.6530003974036296
5086,0.8184870915934895,37,30,37,595162,10448,88275,19681,0.09678016969876617,0.6532244681204156
5087,0.8187703615284895,0,1,0,595163,10447,88275,19681,0.09677090666567861,0.6532461497610197
5088,0.8188207149380186,0,1,0,595164,10446,88275,19681,0.09676164363259106,0.6532678328409732
5089,0.8189214760036826,0,1,0,595165,10445,88275,19681,0.0967523805995035,0.6532895173604196
5090,0.8189378288046393,6,0,6,595165,10445,88281,19675,0.0967523805995035,0.6532204515272244
5091,0.8191816406605334,17,10,17,595175,10435,88298,19658,0.09665975026862796,0.6532416176519457
5092,0.8194391272588226,5,3,5,595178,10432,88303,19653,0.0966319611693653,0.6532491274721622
5093,0.8195403354448348,1,0,1,595178,10432,88304,19652,0.0966319611693653,0.6532376013827949
5094,0.8195733632206185,1,2,1,595180,10430,88305,19651,0.09661343510319019,0.6532695056680297
5095,0.8196080249181884,0,1,0,595181,10429,88305,19651,0.09660417207010263,0.6532912234042553
5096,0.8196557532096559,1,0,1,595181,10429,88306,19650,0.09660417207010263,0.6532796967984308
5097,0.8197114722622524,0,1,0,595182,10428,88306,19650,0.09659490903701508,0.6533014163175743
5098,0.8197516669250691,0,1,0,595183,10427,88306,19650,0.09658564600392752,0.6533231372809788
5099,0.8197712263658983,2,0,2,595183,10427,88308,19648,0.09658564600392752,0.6533000831255196
5100,0.82,1461,1156,1461,596339,9271,89769,18187,0.08587757975471488,0.6623570544103722
5101,0.8202155262944133,0,1,0,596340,9270,89769,18187,0.08586831672162733,0.6623811778417161
5102,0.8207191569722734,0,1,0,596341,9269,89769,18187,0.08585905368853977,0.662405303030303
5103,0.8207233114961093,1,0,1,596341,9269,89770,18186,0.08585905368853977,0.662393006738299
5104,0.82089943387865,0,1,0,596342,9268,89770,18186,0.08584979065545222,0.6624171341152473
5105,0.821174048707259,1,0,1,596342,9268,89771,18185,0.08584979065545222,0.6624048373583944
5106,0.8212417381806125,1,0,1,596342,9268,89772,18184,0.08584979065545222,0.662392539705668
5107,0.8214538477153934,1,0,1,596342,9268,89773,18183,0.08584979065545222,0.6623802411569706
5108,0.821493288355559,0,1,0,596343,9267,89773,18183,0.08584052762236467,0.6624043715846994
5109,0.8217709086006767,1,0,1,596343,9267,89774,18182,0.08584052762236467,0.6623920725709498
5110,0.8222362199026196,1,0,1,596343,9267,89775,18181,0.08584052762236467,0.6623797726610318
5111,0.8224177107180517,0,1,0,596344,9266,89775,18181,0.08583126458927712,0.662403905709185
5112,0.8224334373004198,0,1,0,596345,9265,89775,18181,0.08582200155618956,0.6624280405159222
5113,0.8226591743832076,0,1,0,596346,9264,89775,18181,0.085812738523102,0.6624521770814356
5114,0.8229080683860187,0,1,0,596347,9263,89775,18181,0.08580347549001445,0.6624763154059176
5115,0.8229800354555483,0,1,0,596348,9262,89775,18181,0.0857942124569269,0.6625004554895602
5116,0.8230311852459122,1,0,1,596348,9262,89776,18180,0.0857942124569269,0.6624881568398805
5117,0.8237113898291262,1,0,1,596348,9262,89777,18179,0.0857942124569269,0.6624758572938304
5118,0.8239193514231663,0,1,0,596349,9261,89777,18179,0.08578494942383934,0.6625
5119,0.8243459882025478,0,1,0,596350,9260,89777,18179,0.08577568639075178,0.6625241444659062
5120,0.8244436773761741,1,0,1,596350,9260,89778,18178,0.08577568639075178,0.6625118448866536
5121,0.8244487556765508,1,0,1,596350,9260,89779,18177,0.08577568639075178,0.6624995444108321
5122,0.8247907801051408,0,1,0,596351,9259,89779,18177,0.08576642335766424,0.6625236915002187
5123,0.8248319458473559,1,0,1,596351,9259,89780,18176,0.08576642335766424,0.6625113905595043
5124,0.8250209172186402,1,0,1,596351,9259,89781,18175,0.08576642335766424,0.6624990887220238
5125,0.8250209172186403,1,0,1,596351,9259,89782,18174,0.08576642335766424,0.6624867859876791
5126,0.8250405372695917,1,1,1,596352,9258,89783,18173,0.08575716032457668,0.6624986329335424
5127,0.8252914708365721,1,0,1,596352,9258,89784,18172,0.08575716032457668,0.6624863288370397
5128,0.8256981459286726,1,0,1,596352,9258,89785,18171,0.08575716032457668,0.6624740238433775
5129,0.8258375761735204,2,1,2,596353,9257,89787,18169,0.08574789729148913,0.6624735652300736
5130,0.8258588966090582,2,0,2,596353,9257,89789,18167,0.08574789729148913,0.6624489498249708
5131,0.8259547198817788,1,0,1,596353,9257,89790,18166,0.08574789729148913,0.662436640775991
5132,0.8262895001733793,0,1,0,596354,9256,89790,18166,0.08573863425840157,0.6624607978994967
5133,0.8263491237377426,0,1,0,596355,9255,89790,18166,0.08572937122531402,0.6624849567849459
5134,0.8263773232935614,1,0,1,596355,9255,89791,18165,0.08572937122531402,0.662472647702407
5135,0.8264133104458017,1,0,1,596355,9255,89792,18164,0.08572937122531402,0.6624603377220176
5136,0.826515592622956,3,2,3,596357,9253,89795,18161,0.0857108451591389,0.6624717297731086
5137,0.8265155926229562,2,2,2,596359,9251,89797,18159,0.0856923190929638,0.6624954396205764
5138,0.8265534456761021,0,1,0,596360,9250,89797,18159,0.08568305605987625,0.6625196103469663
5139,0.8265534456761023,1,0,1,596360,9250,89798,18158,0.08568305605987625,0.6625072971395213
5140,0.8266449676253221,0,2,0,596362,9248,89798,18158,0.08566452999370114,0.6625556447493249
5141,0.8267583304877081,0,1,0,596363,9247,89798,18158,0.08565526696061358,0.6625798212005108
5142,0.8269741831869791,2,3,2,596366,9244,89800,18156,0.08562747786135091,0.6626277372262773
5143,0.8270174046730168,1,0,1,596366,9244,89801,18155,0.08562747786135091,0.662615423920581
5144,0.8273293589588946,1,0,1,596366,9244,89802,18154,0.08562747786135091,0.6626031097160376
5145,0.8273718050155686,13,13,13,596379,9231,89815,18141,0.08550705843121272,0.6627575624725998
5146,0.8274635949206904,1,0,1,596379,9231,89816,18140,0.08550705843121272,0.6627452413137993
5147,0.827668732254023,0,2,0,596381,9229,89816,18140,0.0854885323650376,0.66279367167233
5148,0.8276687322540233,1,0,1,596381,9229,89817,18139,0.0854885323650376,0.6627813504823151
5149,0.8278024085798896,1,0,1,596381,9229,89818,18138,0.0854885323650376,0.6627690283918588
5150,0.827890231700072,1,1,1,596382,9228,89819,18137,0.08547926933195005,0.6627809245386442
5151,0.8279262188523121,0,1,0,596383,9227,89819,18137,0.0854700062988625,0.6628051454465721
5152,0.8280796334162571,1,0,1,596383,9227,89820,18136,0.0854700062988625,0.6627928224244418
5153,0.8282943545765061,1,0,1,596383,9227,89821,18135,0.0854700062988625,0.6627804985015715
5154,0.8284870915934895,39,27,39,596410,9200,89860,18096,0.08521990440549854,0.6629542790152403
5155,0.828620767919356,1,0,1,596410,9200,89861,18095,0.08521990440549854,0.6629419307565488
5156,0.8286900439215305,0,1,0,596411,9199,89861,18095,0.08521064137241098,0.6629662196819814
5157,0.8287219761053684,1,0,1,596411,9199,89862,18094,0.08521064137241098,0.6629538709559227
5158,0.828755003881152,1,0,1,596411,9199,89863,18093,0.08521064137241098,0.6629415213249303
5159,0.8289378288046393,5,5,5,596416,9194,89868,18088,0.08516432620697321,0.6630012462429441
5160,0.8289510505904041,0,1,0,596417,9193,89868,18088,0.08515506317388566,0.6630255489168285
5161,0.8290189033438229,0,1,0,596418,9192,89868,18088,0.0851458001407981,0.663049853372434
5162,0.8291816406605335,13,13,13,596431,9179,89881,18075,0.0850253807106599,0.6632054010420488
5163,0.8294391272588225,2,5,2,596436,9174,89883,18073,0.08497906554522212,0.6633023819136051
5164,0.8295733632206185,3,1,3,596437,9173,89886,18070,0.08496980251213457,0.6632896523877694
5165,0.8296557532096558,0,2,0,596439,9171,89886,18070,0.08495127644595947,0.6633383502808267
5166,0.8296989746956933,0,1,0,596440,9170,89886,18070,0.08494201341287191,0.6633627019089574
5167,0.8297114722622524,0,1,0,596441,9169,89886,18070,0.08493275037978436,0.6633870553250854
5168,0.829784147300729,0,1,0,596442,9168,89886,18070,0.0849234873466968,0.6634114105294074
5169,0.83,1348,1069,1348,597511,8099,91234,16722,0.07502130497610138,0.6737037186253576
5170,0.8300810745391836,1,0,1,597511,8099,91235,16721,0.07502130497610138,0.6736905721192586
5171,0.8301552788018585,1,0,1,597511,8099,91236,16720,0.07502130497610138,0.6736774245537693
5172,0.830916679997234,1,0,1,597511,8099,91237,16719,0.07502130497610138,0.6736642759287614
5173,0.8319521560142075,1,0,1,597511,8099,91238,16718,0.07502130497610138,0.6736511262441068
5174,0.8323531687964766,1,0,1,597511,8099,91239,16717,0.07502130497610138,0.6736379754996776
5175,0.8331221536816185,0,1,0,597512,8098,91239,16717,0.07501204194301382,0.6736651219020754
5176,0.8332242427201929,0,1,0,597513,8097,91239,16717,0.07500277890992627,0.6736922704924639
5177,0.8334038185906588,1,0,1,597513,8097,91240,16716,0.07500277890992627,0.6736791198162254
5178,0.8336170693458339,0,1,0,597514,8096,91240,16716,0.07499351587683871,0.6737062711591165
5179,0.8338547933031765,1,0,1,597514,8096,91241,16715,0.07499351587683871,0.6736931199871025
5180,0.8343459882025478,2,0,2,597514,8096,91243,16713,0.07499351587683871,0.6736668144624934
5181,0.834405824323028,0,1,0,597515,8095,91243,16713,0.07498425284375115,0.6736939696871976
5182,0.834495057826474,1,0,1,597515,8095,91244,16712,0.07498425284375115,0.6736808158987383
5183,0.83451910516858,0,1,0,597516,8094,91244,16712,0.0749749898106636,0.6737079738772878
5184,0.8346429154410022,1,0,1,597516,8094,91245,16711,0.0749749898106636,0.6736948195928241
5185,0.834723989980186,1,0,1,597516,8094,91246,16710,0.0749749898106636,0.673681664247702
5186,0.8348576663060524,1,1,1,597517,8093,91247,16709,0.07496572677757606,0.6736956697040561
5187,0.8350033776289747,1,0,1,597517,8093,91248,16708,0.07496572677757606,0.6736825128019032
5188,0.835019216834054,1,0,1,597517,8093,91249,16707,0.07496572677757606,0.6736693548387097
5189,0.8352873693676389,1,1,1,597518,8092,91250,16706,0.0749564637444885,0.6736833615614163
5190,0.8353047255622998,0,1,0,597519,8091,91250,16706,0.07494720071140094,0.6737105294995362
5191,0.8353109708027249,0,1,0,597520,8090,91250,16706,0.07493793767831339,0.6737376996289725
5192,0.8357291870681312,1,0,1,597520,8090,91251,16705,0.07493793767831339,0.6737245412381528
5193,0.8357333226722612,0,1,0,597521,8089,91251,16705,0.07492867464522583,0.673751714124385
5194,0.8358375761735205,3,0,3,597521,8089,91254,16702,0.07492867464522583,0.6737122342785689
5195,0.8358588966090582,0,1,0,597522,8088,91254,16702,0.07491941161213828,0.6737394110528439
5196,0.8359630868305292,0,1,0,597523,8087,91254,16702,0.07491014857905072,0.6737665900197668
5197,0.8360889558435746,1,0,1,597523,8087,91255,16701,0.07491014857905072,0.6737534290785864
5198,0.8361090156072725,1,0,1,597523,8087,91256,16700,0.07491014857905072,0.6737402670754831
5199,0.8361909988420968,1,0,1,597523,8087,91257,16699,0.07491014857905072,0.6737271040103284
5200,0.8362307791484213,1,0,1,597523,8087,91258,16698,0.07491014857905072,0.6737139398829938
5201,0.8362938406551805,0,1,0,597524,8086,91258,16698,0.07490088554596316,0.6737411233053583
5202,0.8363773232935615,1,0,1,597524,8086,91259,16697,0.07490088554596316,0.6737279586813542
5203,0.8364133104458017,1,0,1,597524,8086,91260,16696,0.07490088554596316,0.6737147929949157
5204,0.836515592622956,2,1,2,597525,8085,91262,16694,0.07489162251287562,0.6737156463134105
5205,0.8365155926229562,3,0,3,597525,8085,91265,16691,0.07489162251287562,0.6736761381982563
5206,0.8365534456761021,2,0,2,597525,8085,91267,16689,0.07489162251287562,0.6736497941390167
5207,0.8366118891005279,0,3,0,597528,8082,91267,16689,0.07486383341361295,0.6737313794356303
5208,0.8369741831869791,3,0,3,597528,8082,91270,16686,0.07486383341361295,0.6736918604651163
5209,0.8369798299337571,0,1,0,597529,8081,91270,16686,0.0748545703805254,0.673719061654621
5210,0.8370436146422034,1,0,1,597529,8081,91271,16685,0.0748545703805254,0.6737058871032867
5211,0.8373718050155686,16,6,16,597535,8075,91287,16669,0.07479899218200008,0.6736582605884255
5212,0.837668732254023,1,0,1,597535,8075,91288,16668,0.07479899218200008,0.6736450713333064
5213,0.8377421611000635,0,1,0,597536,8074,91288,16668,0.07478972914891252,0.6736722981165629
5214,0.8378902317000719,4,2,4,597538,8072,91292,16664,0.07477120308273741,0.6736739974126779
5215,0.838060454814108,0,2,0,597540,8070,91292,16664,0.0747526770165623,0.6737284709307026
5216,0.8380796334162571,0,1,0,597541,8069,91292,16664,0.07474341398347475,0.6737557109934096
5217,0.838205426126449,0,1,0,597542,8068,91292,16664,0.0747341509503872,0.6737829532589358
5218,0.838363281321067,1,0,1,597542,8068,91293,16663,0.0747341509503872,0.6737697626460717
5219,0.8384870915934896,24,27,24,597569,8041,91317,16639,0.07448404905702323,0.6741896272285252
5220,0.8384924600263808,0,1,0,597570,8040,91317,16639,0.07447478602393567,0.6742169455812634
5221,0.8386431825657329,0,1,0,597571,8039,91317,16639,0.07446552299084812,0.674244266147986
5222,0.8388207149380186,1,0,1,597571,8039,91318,16638,0.07446552299084812,0.6742310653645095
5223,0.8390337830460052,1,0,1,597571,8039,91319,16637,0.07446552299084812,0.6742178635111039
5224,0.8391816406605335,20,6,20,597577,8033,91339,16617,0.0744099447923228,0.6741176470588235
5225,0.8394391272588225,8,3,8,597580,8030,91347,16609,0.07438215569306014,0.6740939161491943
5226,0.8395733632206185,1,2,1,597582,8028,91348,16608,0.07436362962688503,0.674135411592791
5227,0.8396557532096558,0,1,0,597583,8027,91348,16608,0.07435436659379747,0.6741627765374467
5228,0.8396834527105941,0,2,0,597585,8025,91348,16608,0.07433584052762236,0.6742175130921934
5229,0.8397114722622524,1,1,1,597586,8024,91349,16607,0.0743265774945348,0.6742316592911372
5230,0.8398072629830167,0,1,0,597587,8023,91349,16607,0.07431731446144725,0.6742590336987414
5231,0.84,1421,980,1421,598567,7043,92770,15186,0.06523954203564415,0.6831616357011112
5232,0.8408964284621413,1,1,1,598568,7042,92771,15185,0.0652302790025566,0.6831781167049085
5233,0.841263292600035,1,0,1,598568,7042,92772,15184,0.0652302790025566,0.6831638621434356
5234,0.8416014249392216,0,1,0,598569,7041,92772,15184,0.06522101596946904,0.6831946006749157
5235,0.8418385980740303,1,0,1,598569,7041,92773,15183,0.06522101596946904,0.6831803455723542
5236,0.8419383859538893,1,0,1,598569,7041,92774,15182,0.06522101596946904,0.6831660891868785
5237,0.842014720456571,0,1,0,598570,7040,92774,15182,0.06521175293638148,0.6831968319683197
5238,0.8427092695236148,0,1,0,598571,7039,92774,15182,0.06520248990329393,0.6832275775167634
5239,0.8431298136937184,1,0,1,598571,7039,92775,15181,0.06520248990329393,0.6832133213321332
5240,0.8432636833603584,0,1,0,598572,7038,92775,15181,0.06519322687020639,0.6832440703902066
5241,0.8432739231106643,0,1,0,598573,7037,92775,15181,0.06518396383711883,0.683274822216221
5242,0.8432838170071871,0,1,0,598574,7036,92775,15181,0.06517470080403127,0.6833055768105505
5243,0.8435329972959726,0,1,0,598575,7035,92775,15181,0.06516543777094372,0.6833363341735686
5244,0.8436288205686931,0,1,0,598576,7034,92775,15181,0.06515617473785616,0.6833670943056493
5245,0.8438873976385247,1,0,1,598576,7034,92776,15180,0.06515617473785616,0.6833528405510039
5246,0.8440820426998248,1,0,1,598576,7034,92777,15179,0.06515617473785616,0.6833385855129879
5247,0.8442162786616209,1,0,1,598576,7034,92778,15178,0.06515617473785616,0.683324329191428
5248,0.8442221779301253,1,0,1,598576,7034,92779,15177,0.06515617473785616,0.683310071586151
5249,0.8442481267242001,1,0,1,598576,7034,92780,15176,0.06515617473785616,0.6832958126969834
5250,0.8443246677670099,1,0,1,598576,7034,92781,15175,0.06515617473785616,0.6832815525237517
5251,0.8443842491295093,0,1,0,598577,7033,92781,15175,0.0651469117047686,0.6833123198847262
5252,0.8444487556765509,1,0,1,598577,7033,92782,15174,0.0651469117047686,0.6832980591705318
5253,0.8445410062190795,1,0,1,598577,7033,92783,15173,0.0651469117047686,0.6832837971719355
5254,0.8446429154410023,0,1,0,598578,7032,92783,15173,0.06513764867168105,0.6833145687908129
5255,0.8448905656906481,1,0,1,598578,7032,92784,15172,0.06513764867168105,0.6833003062511259
5256,0.845019216834054,1,0,1,598578,7032,92785,15171,0.06513764867168105,0.6832860424266991
5257,0.8453092249866175,1,0,1,598578,7032,92786,15170,0.06513764867168105,0.6832717773173588
5258,0.8454534214275953,1,0,1,598578,7032,92787,15169,0.06513764867168105,0.6832575109229314
5259,0.8454612747804687,0,1,0,598579,7031,92787,15169,0.0651283856385935,0.6832882882882882
5260,0.8454612747804688,1,0,1,598579,7031,92788,15168,0.0651283856385935,0.6832740213523132
5261,0.8458375761735204,2,1,2,598580,7030,92790,15166,0.06511912260550595,0.6832762659938728
5262,0.8458375761735205,1,0,1,598580,7030,92791,15165,0.06511912260550595,0.6832619959450327
5263,0.8458588966090582,2,1,2,598581,7029,92793,15163,0.0651098595724184,0.6832642393655372
5264,0.8459547198817787,1,0,1,598581,7029,92794,15162,0.0651098595724184,0.6832499662025145
5265,0.8461558238475126,0,1,0,598582,7028,92794,15162,0.06510059653933084,0.6832807570977918
5266,0.8461777248980122,0,1,0,598583,7027,92794,15162,0.06509133350624328,0.6833115507683988
5267,0.8463393882235809,1,0,1,598583,7027,92795,15161,0.06509133350624328,0.683297277807824
5268,0.8463773232935615,1,0,1,598583,7027,92796,15160,0.06509133350624328,0.6832830035606436
5269,0.8465155926229561,1,2,1,598585,7025,92797,15159,0.06507280744006817,0.6833303281644428
5270,0.8465155926229562,1,1,1,598586,7024,92798,15158,0.06506354440698062,0.6833468578126409
5271,0.8465534456761021,0,1,0,598587,7023,92798,15158,0.06505428137389306,0.6833776655696316
5272,0.8469741831869791,0,1,0,598588,7022,92798,15158,0.06504501834080552,0.6834084761045988
5273,0.8472420954746416,0,1,0,598589,7021,92798,15158,0.06503575530771796,0.6834392894179179
5274,0.8473718050155686,12,14,12,598603,7007,92810,15146,0.0649060728444922,0.6836997246422606
5275,0.8473771734484601,0,1,0,598604,7006,92810,15146,0.06489680981140465,0.6837305886601661
5276,0.8474249203981288,1,0,1,598604,7006,92811,15145,0.06489680981140465,0.6837163107760372
5277,0.8476687322540231,2,0,2,598604,7006,92813,15143,0.06489680981140465,0.6836877511400064
5278,0.8477095064520646,1,0,1,598604,7006,92814,15142,0.06489680981140465,0.6836734693877551
5279,0.847873617065629,0,3,0,598607,7003,92814,15142,0.06486902071214198,0.6837660871528561
5280,0.8478902317000719,4,3,4,598610,7000,92818,15138,0.06484123161287932,0.6838016080946788
5281,0.8479262188523121,1,0,1,598610,7000,92819,15137,0.06484123161287932,0.6837873243890319
5282,0.848294354576506,1,0,1,598610,7000,92820,15136,0.06484123161287932,0.6837730393928443
5283,0.848363281321067,1,0,1,598610,7000,92821,15135,0.06484123161287932,0.6837587531059408
5284,0.8484870915934896,47,24,47,598634,6976,92868,15088,0.06461891881877802,0.6838288614938361
5285,0.8488782545176451,1,0,1,598634,6976,92869,15087,0.06461891881877802,0.6838145311154421
5286,0.8489066144725786,1,0,1,598634,6976,92870,15086,0.06461891881877802,0.6838001994379476
5287,0.8489378288046393,4,0,4,598634,6976,92874,15082,0.06461891881877802,0.6837428597334301
5288,0.8491816406605335,7,5,7,598639,6971,92881,15075,0.06457260365334025,0.6837975142883063
5289,0.8494391272588225,6,4,6,598643,6967,92887,15069,0.06453555152099004,0.6838355418406245
5290,0.849439900510385,0,1,0,598644,6966,92887,15069,0.06452628848790248,0.6838665759019741
5291,0.8495433174802937,0,1,0,598645,6965,92887,15069,0.06451702545481493,0.6838976127802487
5292,0.8495733632206185,1,2,1,598647,6963,92888,15068,0.06449849938863982,0.6839453497344651
5293,0.8496557532096558,0,1,0,598648,6962,92888,15068,0.06448923635555226,0.6839763958238765
5294,0.8498493518541005,0,1,0,598649,6961,92888,15068,0.0644799733224647,0.6840074447319443
5295,0.85,1318,940,1318,599589,6021,94206,13750,0.05577272222016377,0.6954630519447675
5296,0.8502048848116059,1,0,1,599589,6021,94207,13749,0.05577272222016377,0.6954476479514415
5297,0.8504590763168217,0,1,0,599590,6020,94207,13749,0.05576345918707622,0.6954828266477818
5298,0.8506080149721024,1,0,1,599590,6020,94208,13748,0.05576345918707622,0.6954674220963173
5299,0.85089943387865,0,2,0,599592,6018,94208,13748,0.055744933120901105,0.69553779216837
5300,0.8512592026540934,1,0,1,599592,6018,94209,13747,0.055744933120901105,0.6955223880597015
5301,0.8517507749538481,0,1,0,599593,6017,94209,13747,0.055735670087813556,0.6955575794373609
5302,0.8517807746541206,0,1,0,599594,6016,94209,13747,0.055726407054726,0.6955927743763599
5303,0.8520240315815826,1,0,1,599594,6016,94210,13746,0.055726407054726,0.6955773707114664
5304,0.8528383461271869,0,1,0,599595,6015,94210,13746,0.055717144021638444,0.695612570214058
5305,0.8528533932595177,0,1,0,599596,6014,94210,13746,0.05570788098855089,0.6956477732793522
5306,0.8532838170071869,1,0,1,599596,6014,94211,13745,0.05570788098855089,0.6956323700592135
5307,0.8533436531276672,1,0,1,599596,6014,94212,13744,0.05570788098855089,0.6956169652798866
5308,0.8535211699586475,1,0,1,599596,6014,94213,13743,0.05570788098855089,0.6956015589411347
5309,0.8538245561015357,0,1,0,599597,6013,94213,13743,0.05569861795546334,0.6956367685766349
5310,0.8539241602201283,1,0,1,599597,6013,94214,13742,0.05569861795546334,0.6956213616805872
5311,0.853940513021085,0,1,0,599598,6012,94214,13742,0.05568935492237578,0.6956565758833654
5312,0.8540612900339203,0,1,0,599599,6011,94214,13742,0.05568009188928823,0.6956917936515973
5313,0.8541039437503245,1,0,1,599599,6011,94215,13741,0.05568009188928823,0.6956763872012961
5314,0.8541527813772629,1,0,1,599599,6011,94216,13740,0.05568009188928823,0.6956609791909271
5315,0.8542221779301253,0,1,0,599600,6010,94216,13740,0.05567082885620067,0.6956962025316455
5316,0.8543246677670101,0,1,0,599601,6009,94216,13740,0.05566156582311312,0.6957314294394653
5317,0.8545996488721501,1,0,1,599601,6009,94217,13739,0.05566156582311312,0.695716021875633
5318,0.8546429154410022,1,0,1,599601,6009,94218,13738,0.05566156582311312,0.695700612751304
5319,0.8547436100311373,1,0,1,599601,6009,94219,13737,0.05566156582311312,0.6956852020662413
5320,0.8548644148870511,1,0,1,599601,6009,94220,13736,0.05566156582311312,0.6956697898202077
5321,0.8550405372695917,1,0,1,599601,6009,94221,13735,0.05566156582311312,0.695654376012966
5322,0.8552873693676389,1,0,1,599601,6009,94222,13734,0.05566156582311312,0.695638960644279
5323,0.8553374645080463,1,0,1,599601,6009,94223,13733,0.05566156582311312,0.6956235437139094
5324,0.8554612747804687,0,1,0,599602,6008,94223,13733,0.055652302790025567,0.695658781216757
5325,0.8554831758309683,1,0,1,599602,6008,94224,13732,0.055652302790025567,0.6956433637284701
5326,0.8557291870681312,0,1,0,599603,6007,94224,13732,0.05564303975693801,0.6956786058057652
5327,0.8557919825650678,1,1,1,599604,6006,94225,13731,0.055633776723850455,0.6956984344125247
5328,0.8558375761735203,4,1,4,599605,6005,94229,13727,0.055624513690762906,0.6956720048651936
5329,0.8558375761735205,1,1,1,599606,6004,94230,13726,0.05561525065767535,0.6956918398378105
5330,0.8558588966090582,3,1,3,599607,6003,94233,13723,0.055605987624587794,0.6956808273344824
5331,0.8563375929768311,0,1,0,599608,6002,94233,13723,0.05559672459150024,0.6957160963244613
5332,0.8563773232935614,1,0,1,599608,6002,94234,13722,0.05559672459150024,0.6957006692354492
5333,0.8565155926229561,4,1,4,599609,6001,94238,13718,0.05558746155841269,0.6956742228307724
5334,0.8565155926229562,3,2,3,599611,5999,94241,13715,0.05556893549223758,0.6956984883838896
5335,0.8565534456761021,0,1,0,599612,5998,94241,13715,0.05555967245915002,0.6957337797392583
5336,0.8568109322743912,1,0,1,599612,5998,94242,13714,0.05555967245915002,0.6957183441558441
5337,0.8568181666081885,0,1,0,599613,5997,94242,13714,0.05555040942606247,0.6957536400994369
5338,0.8569451682361872,1,0,1,599613,5997,94243,13713,0.05555040942606247,0.6957382039573821
5339,0.8569741831869792,1,0,1,599613,5997,94244,13712,0.05555040942606247,0.6957227662489218
5340,0.8573718050155686,17,4,17,599617,5993,94261,13695,0.055513357293712255,0.6956013815522145
5341,0.8576687322540232,1,2,1,599619,5991,94262,13694,0.05549483122753714,0.6956565913131826
5342,0.8577951838567146,0,1,0,599620,5990,94262,13694,0.05548556819444959,0.6956919325340378
5343,0.857890231700072,1,1,1,599621,5989,94263,13693,0.05547630516136204,0.6957118179046845
5344,0.8579262188523121,0,2,0,599623,5987,94263,13693,0.055457779095186926,0.6957825203252033
5345,0.8580365691175751,0,1,0,599624,5986,94263,13693,0.05544851606209937,0.6958178769246405
5346,0.8580604548141081,1,0,1,599624,5986,94264,13692,0.05544851606209937,0.6958024189450147
5347,0.8580736881077002,0,2,0,599626,5984,94264,13692,0.055429989995924266,0.6958731449481602
5348,0.8581194694651728,1,0,1,599626,5984,94265,13691,0.055429989995924266,0.6958576874205845
5349,0.8583042206299502,1,0,1,599626,5984,94266,13690,0.055429989995924266,0.6958422283216428
5350,0.8584811462849329,1,0,1,599626,5984,94267,13689,0.055429989995924266,0.6958267676510954
5351,0.8584870915934896,40,22,40,599648,5962,94307,13649,0.05522620326799808,0.6959869461016777
5352,0.8585836106149798,1,1,1,599649,5961,94308,13648,0.05521694023491052,0.6960069355908002
5353,0.8586949443516813,0,1,0,599650,5960,94308,13648,0.055207677201822965,0.6960424316605467
5354,0.8589378288046393,1,0,1,599650,5960,94309,13647,0.055207677201822965,0.6960269291579538
5355,0.8591816406605335,13,8,13,599658,5952,94322,13634,0.05513357293712253,0.6961094659450628
5356,0.8592386678576114,1,0,1,599658,5952,94323,13633,0.05513357293712253,0.6960939494511106
5357,0.8594391272588225,5,1,5,599659,5951,94328,13628,0.055124309904034975,0.6960518923336227
5358,0.8595733632206185,4,2,4,599661,5949,94332,13624,0.05510578383785987,0.6960609002196904
5359,0.8595786856134576,0,2,0,599663,5947,94332,13624,0.05508725777168476,0.6961320320882939
5360,0.8596557532096558,0,1,0,599664,5946,94332,13624,0.05507799473859721,0.6961676034747062
5361,0.8597114722622524,1,0,1,599664,5946,94333,13623,0.05507799473859721,0.6961520772650621
5362,0.8598675848562953,0,1,0,599665,5945,94333,13623,0.05506873170550965,0.696187653311529
5363,0.86,1401,849,1401,600514,5096,95734,12222,0.047204416614176146,0.7057396928051738
5364,0.8600081909062329,0,1,0,600515,5095,95734,12222,0.04719515358108859,0.705780446959635
5365,0.8604349440461223,0,1,0,600516,5094,95734,12222,0.047185890548001035,0.7058212058212058
5366,0.8607592986483494,1,0,1,600516,5094,95735,12221,0.047185890548001035,0.7058042159976898
5367,0.8607908859356415,1,0,1,600516,5094,95736,12220,0.047185890548001035,0.7057872242116207
5368,0.8611963611171045,0,1,0,600517,5093,95736,12220,0.047176627514913486,0.7058279905273493
5369,0.8613123180366535,1,0,1,600517,5093,95737,12219,0.047176627514913486,0.7058109981515711
5370,0.8621483967824375,0,1,0,600518,5092,95737,12219,0.04716736448182593,0.7058517705505171
5371,0.8625790003467586,0,1,0,600519,5091,95737,12219,0.047158101448738374,0.705892547660312
5372,0.8630311852459122,0,2,0,600521,5089,95737,12219,0.04713957538256327,0.7059741160157152
5373,0.8633501541755121,1,0,1,600521,5089,95738,12218,0.04713957538256327,0.7059571271739759
5374,0.8633643779504934,0,1,0,600522,5088,95738,12218,0.04713031234947571,0.7059979197966023
5375,0.8635418353983266,1,0,1,600522,5088,95739,12217,0.04713031234947571,0.705980930366946
5376,0.8642986686506582,0,1,0,600523,5087,95739,12217,0.04712104931638816,0.7060217290799815
5377,0.8643263681515964,0,1,0,600524,5086,95739,12217,0.0471117862833006,0.7060625325088135
5378,0.8643459882025478,0,2,0,600526,5084,95739,12217,0.047093260217125496,0.7061441535171378
5379,0.8646338545217226,0,1,0,600527,5083,95739,12217,0.04708399718403794,0.706184971098266
5380,0.8647436100311373,3,0,3,600527,5083,95742,12214,0.04708399718403794,0.7061340116783257
5381,0.8649108277286647,1,0,1,600527,5083,95743,12213,0.04708399718403794,0.7061170212765957
5382,0.8650026842164457,6,2,6,600529,5081,95749,12207,0.047065471117862835,0.7060967144840352
5383,0.8650405372695917,1,0,1,600529,5081,95750,12206,0.047065471117862835,0.7060797130791925
5384,0.8650692996986572,0,1,0,600530,5080,95750,12206,0.04705620808477528,0.706120559990744
5385,0.8654612747804687,1,0,1,600530,5080,95751,12205,0.04705620808477528,0.7061035579982644
5386,0.865581329453603,0,1,0,600531,5079,95751,12205,0.04704694505168772,0.7061444110159685
5387,0.8656051908566414,0,1,0,600532,5078,95751,12205,0.04703768201860017,0.7061852687612105
5388,0.8658375761735205,0,1,0,600533,5077,95751,12205,0.04702841898551262,0.7062261312348108
5389,0.8658588966090582,0,1,0,600534,5076,95751,12205,0.04701915595242506,0.7062669984375904
5390,0.8661558238475127,0,1,0,600535,5075,95751,12205,0.047009892919337506,0.7063078703703703
5391,0.8665155926229561,3,2,3,600537,5073,95754,12202,0.0469913668531624,0.7063386396526773
5392,0.8665155926229562,2,1,2,600538,5072,95756,12200,0.046982103820074846,0.7063455303381195
5393,0.8666065610586622,1,0,1,600538,5072,95757,12199,0.046982103820074846,0.7063285275896011
5394,0.8667155947544692,0,1,0,600539,5071,95757,12199,0.04697284078698729,0.7063694267515923
5395,0.8669741831869792,1,0,1,600539,5071,95758,12198,0.04697284078698729,0.7063524234176849
5396,0.8671061071447952,1,0,1,600539,5071,95759,12197,0.04697284078698729,0.7063354181144313
5397,0.8673538466462262,0,2,0,600541,5069,95759,12197,0.046954314720812185,0.7064172361867254
5398,0.8673718050155687,10,6,10,600547,5063,95769,12187,0.046898736522286856,0.7064927536231884
5399,0.8678311710089551,1,0,1,600547,5063,95770,12186,0.046898736522286856,0.706475737723926
5400,0.8678736170656292,0,1,0,600548,5062,95770,12186,0.0468894734891993,0.7065166975881262
5401,0.8678802186998184,0,1,0,600549,5061,95770,12186,0.04688021045611175,0.7065576622021221
5402,0.867890231700072,3,0,3,600549,5061,95773,12183,0.04688021045611175,0.7065066109951288
5403,0.868079633416257,0,1,0,600550,5060,95773,12183,0.046870947423024195,0.7065475845270545
5404,0.868198563855742,1,0,1,600550,5060,95774,12182,0.046870947423024195,0.7065305648996636
5405,0.868363281321067,1,0,1,600550,5060,95775,12181,0.046870947423024195,0.7065135432979526
5406,0.8684870915934896,31,13,31,600563,5047,95806,12150,0.04675052799288599,0.7065185788218875
5407,0.8687003759058025,0,1,0,600564,5046,95806,12150,0.04674126495979844,0.706559665038381
5408,0.868755003881152,1,0,1,600564,5046,95807,12149,0.04674126495979844,0.7065425995929049
5409,0.8688207149380186,1,0,1,600564,5046,95808,12148,0.04674126495979844,0.7065255321623822
5410,0.8688667196861449,0,1,0,600565,5045,95808,12148,0.046732001926710884,0.7065666259524225
5411,0.8689378288046393,2,1,2,600566,5044,95810,12146,0.04672273889362333,0.7065735892961024
5412,0.8689620858242074,0,1,0,600567,5043,95810,12146,0.04671347586053577,0.7066146954447612
5413,0.8689747223548884,1,0,1,600567,5043,95811,12145,0.04671347586053577,0.7065976262508727
5414,0.8690124904794411,0,1,0,600568,5042,95811,12145,0.04670421282744822,0.706638738581486
5415,0.8690422786817955,0,1,0,600569,5041,95811,12145,0.04669494979436067,0.7066798556964972
5416,0.8690951641134714,0,1,0,600570,5040,95811,12145,0.04668568676127311,0.7067209775967414
5417,0.8691816406605335,14,4,14,600574,5036,95825,12131,0.046648634628922894,0.7066464728840217
5418,0.8694391272588226,4,3,4,600577,5033,95829,12127,0.04662084552966023,0.7067016317016317
5419,0.8695733632206185,3,0,3,600577,5033,95832,12124,0.04662084552966023,0.7066503467972256
5420,0.8696455996574479,2,0,2,600577,5033,95834,12122,0.04662084552966023,0.7066161468959486
5421,0.8696557532096558,1,0,1,600577,5033,95835,12121,0.04662084552966023,0.7065990439547627
5422,0.8697432888310742,0,1,0,600578,5032,95835,12121,0.04661158249657268,0.7066402378592666
5423,0.8698372626832892,1,0,1,600578,5032,95836,12120,0.04661158249657268,0.7066231343283582
5424,0.87,1345,708,1345,601286,4324,97181,10775,0.040053355070584315,0.7136234187694549
5425,0.8701024103278292,1,0,1,601286,4324,97182,10774,0.040053355070584315,0.7136044509206517
5426,0.870169410355402,0,1,0,601287,4323,97182,10774,0.04004409203749676,0.7136517188845466
5427,0.8702629696043226,1,0,1,601287,4323,97183,10773,0.04004409203749676,0.7136327503974563
5428,0.8705073505956326,1,1,1,601288,4322,97184,10772,0.0400348290044092,0.7136610573737909
5429,0.8705960477357615,1,0,1,601288,4322,97185,10771,0.0400348290044092,0.713642085735109
5430,0.8705995012236869,1,0,1,601288,4322,97186,10770,0.0400348290044092,0.7136231115822953
5431,0.8713201713895269,0,1,0,601289,4321,97186,10770,0.04002556597132165,0.7136703995759062
5432,0.871352671322002,0,1,0,601290,4320,97186,10770,0.0400163029382341,0.7137176938369781
5433,0.8714061741892111,0,1,0,601291,4319,97186,10770,0.04000703990514654,0.7137649943667572
5434,0.8720388208883391,1,0,1,601291,4319,97187,10769,0.04000703990514654,0.7137460233297985
5435,0.8727623849061752,1,0,1,601291,4319,97188,10768,0.04000703990514654,0.7137270497779545
5436,0.8728050927963354,0,1,0,601292,4318,97188,10768,0.039997776872058986,0.7137743603340846
5437,0.8729248697011591,0,1,0,601293,4317,97188,10768,0.03998851383897143,0.7138216771627445
5438,0.8731300070344917,1,0,1,601293,4317,97189,10767,0.03998851383897143,0.7138027048528242
5439,0.8732307016246268,0,1,0,601294,4316,97189,10767,0.03997925080588388,0.7138500298349135
5440,0.8735217295945767,1,0,1,601294,4316,97190,10766,0.03997925080588388,0.7138310568890067
5441,0.8736839705990569,1,0,1,601294,4316,97191,10765,0.03997925080588388,0.7138120814269611
5442,0.8740460555475846,0,1,0,601295,4315,97191,10765,0.039969987772796325,0.7138594164456233
5443,0.8742221779301252,0,1,0,601296,4314,97191,10765,0.03996072473970877,0.7139067577425559
5444,0.8744899042787202,0,1,0,601297,4313,97191,10765,0.039951461706621214,0.7139541053190078
5445,0.8745191051685798,1,0,1,601297,4313,97192,10764,0.039951461706621214,0.7139351329840153
5446,0.8751884019337303,0,1,0,601298,4312,97192,10764,0.039942198673533665,0.7139824887237994
5447,0.8752620367156405,1,0,1,601298,4312,97193,10763,0.039942198673533665,0.7139635157545605
5448,0.8754034824926695,0,1,0,601299,4311,97193,10763,0.03993293564044611,0.7140108796603423
5449,0.8756051908566413,1,0,1,601299,4311,97194,10762,0.03993293564044611,0.7139919060571883
5450,0.8756972332834896,0,1,0,601300,4310,97194,10762,0.03992367260735855,0.7140392781316348
5451,0.8758375761735203,1,0,1,601300,4310,97195,10761,0.03992367260735855,0.7140203038948975
5452,0.8758547985432058,1,0,1,601300,4310,97196,10760,0.03992367260735855,0.7140013271400133
5453,0.8758588966090582,2,0,2,601300,4310,97198,10758,0.03992367260735855,0.7139633660737987
5454,0.8759506865141798,1,0,1,601300,4310,97199,10757,0.03992367260735855,0.7139443817614655
5455,0.876045688317485,0,1,0,601301,4309,97199,10757,0.039914409574271,0.7139917695473251
5456,0.8761558238475128,1,1,1,601302,4308,97200,10756,0.03990514654118345,0.7140201805629315
5457,0.8761925864291161,0,1,0,601303,4307,97200,10756,0.03989588350809589,0.7140675828188275
5458,0.87619904533355,0,1,0,601304,4306,97200,10756,0.039886620475008336,0.7141149913690081
5459,0.876339388223581,1,0,1,601304,4306,97201,10755,0.039886620475008336,0.7140960095611181
5460,0.8764133104458017,1,0,1,601304,4306,97202,10754,0.039886620475008336,0.7140770252324037
5461,0.8765155926229561,2,1,2,601305,4305,97204,10752,0.03987735744192078,0.7140864714086471
5462,0.8765155926229562,1,2,1,601307,4303,97205,10751,0.039858831375745675,0.7141623488773747
5463,0.8766446710421693,0,1,0,601308,4302,97205,10751,0.03984956834265812,0.7142097920680263
5464,0.876917304397487,0,1,0,601309,4301,97205,10751,0.03984030530957056,0.7142572415625831
5465,0.8772920195016255,1,0,1,601309,4301,97206,10750,0.03984030530957056,0.7142382565942462
5466,0.8773293589588945,0,1,0,601310,4300,97206,10750,0.039831042276483014,0.7142857142857143
5467,0.8773718050155687,8,5,8,601315,4295,97214,10742,0.03978472711104524,0.7143712176630977
5468,0.8773725804449319,0,1,0,601316,4294,97214,10742,0.039775464077957685,0.7144187283852088
5469,0.8775675497382158,0,1,0,601317,4293,97214,10742,0.03976620104487013,0.7144662454273362
5470,0.8776687322540231,1,0,1,601317,4293,97215,10741,0.03976620104487013,0.7144472528934416
5471,0.8776687322540232,1,1,1,601318,4292,97216,10740,0.03975693801178258,0.714475784992017
5472,0.8778770424154306,0,1,0,601319,4291,97216,10740,0.039747674978695025,0.7145233184751514
5473,0.877890231700072,4,1,4,601320,4290,97220,10736,0.03973841194560747,0.7144948755490483
5474,0.8779262188523121,2,0,2,601320,4290,97222,10734,0.03973841194560747,0.7144568690095847
5475,0.878363281321067,1,0,1,601320,4290,97223,10733,0.03973841194560747,0.7144378619450177
5476,0.8783769560634619,0,1,0,601321,4289,97223,10733,0.03972914891251991,0.7144854213819731
5477,0.8784559428524785,1,2,1,601323,4287,97224,10732,0.03971062284634481,0.7145615553632066
5478,0.8784870915934896,21,11,21,601334,4276,97245,10711,0.03960872948238171,0.714686061253086
5479,0.8788207149380186,1,0,1,601334,4276,97246,10710,0.03960872948238171,0.7146670225543841
5480,0.8789378288046393,1,2,1,601336,4274,97247,10709,0.0395902034162066,0.7147433758259361
5481,0.8790032961178629,0,1,0,601337,4273,97247,10709,0.039580940383119045,0.7147910826324924
5482,0.8790337830460052,0,1,0,601338,4272,97247,10709,0.039571677350031496,0.7148387958080235
5483,0.8790616112339831,0,1,0,601339,4271,97247,10709,0.03956241431694394,0.7148865153538051
5484,0.8790847269162704,1,1,1,601340,4270,97248,10708,0.039553151283856385,0.7149152089731606
5485,0.8791816406605335,11,3,11,601343,4267,97259,10697,0.039525362184593724,0.7148489708634055
5486,0.8792104030895989,0,1,0,601344,4266,97259,10697,0.03951609915150617,0.7148967453050858
5487,0.8794391272588226,7,3,7,601347,4263,97266,10690,0.03948831005224351,0.7149067076840768
5488,0.8795733632206185,0,2,0,601349,4261,97266,10690,0.039469783986068395,0.7150023409805364
5489,0.8797114722622524,1,0,1,601349,4261,97267,10689,0.039469783986068395,0.7149832775919732
5490,0.88,1314,635,1314,601984,3626,98581,9375,0.03358775797547149,0.7210983770479193
5491,0.8804639589969143,0,1,0,601985,3625,98581,9375,0.033578494942383935,0.7211538461538461
5492,0.8809410677776681,0,1,0,601986,3624,98581,9375,0.03356923190929638,0.721209323794138
5493,0.8815453479439506,0,1,0,601987,3623,98581,9375,0.03355996887620882,0.7212648099707647
5494,0.8816857728508157,0,2,0,601989,3621,98581,9375,0.03354144281003372,0.721375807940905
5495,0.8817177932181164,1,0,1,601989,3621,98582,9374,0.03354144281003372,0.7213543670642555
5496,0.8823548082295484,1,0,1,601989,3621,98583,9373,0.03354144281003372,0.7213329228874865
5497,0.8828384896121853,0,1,0,601990,3620,98583,9373,0.03353217977694616,0.7213884399291927
5498,0.8830285428462618,1,0,1,601990,3620,98584,9372,0.03353217977694616,0.7213669950738916
5499,0.8830419313925829,1,0,1,601990,3620,98585,9371,0.03353217977694616,0.7213455469170964
5500,0.8832093811890891,1,0,1,601990,3620,98586,9370,0.03353217977694616,0.7213240954580447
5501,0.8837111932391497,0,1,0,601991,3619,98586,9370,0.033522916743858606,0.7213796289167758
5502,0.8839483663739582,1,0,1,601991,3619,98587,9369,0.033522916743858606,0.7213581767785648
5503,0.8840825562957022,0,1,0,601992,3618,98587,9369,0.03351365371077106,0.7214137214137214
5504,0.8847436100311373,1,0,1,601992,3618,98588,9368,0.03351365371077106,0.7213922685969506
5505,0.8849004020392912,2,0,2,601992,3618,98590,9366,0.03351365371077106,0.7213493530499075
5506,0.8850082031653603,0,1,0,601993,3617,98590,9366,0.0335043906776835,0.7214049141184626
5507,0.8850405372695919,1,0,1,601993,3617,98591,9365,0.0335043906776835,0.7213834540132491
5508,0.8852885748080773,1,0,1,601993,3617,98592,9364,0.0335043906776835,0.7213619906016485
5509,0.8855044962665062,1,0,1,601993,3617,98593,9363,0.0335043906776835,0.7213405238828967
5510,0.8855172088658712,1,0,1,601993,3617,98594,9362,0.0335043906776835,0.7213190538562293
5511,0.8855660923733943,1,0,1,601993,3617,98595,9361,0.0335043906776835,0.7212975805208814
5512,0.8856661892968758,0,1,0,601994,3616,98595,9361,0.033495127644595946,0.7213531632888958
5513,0.8856972332834897,1,0,1,601994,3616,98596,9360,0.033495127644595946,0.7213316892725031
5514,0.8858229516002286,1,0,1,601994,3616,98597,9359,0.033495127644595946,0.72131021194605
5515,0.8858375761735203,2,0,2,601994,3616,98599,9357,0.033495127644595946,0.7212672473599013
5516,0.8858588966090583,0,2,0,601996,3614,98599,9357,0.03347660157842084,0.721378459640737
5517,0.8864084002222935,0,1,0,601997,3613,98599,9357,0.033467338545333285,0.7214340786430223
5518,0.8864583978327449,0,1,0,601998,3612,98599,9357,0.03345807551224573,0.7214897062225306
5519,0.8865155926229561,1,0,1,601998,3612,98600,9356,0.03345807551224573,0.7214682294879704
5520,0.8865155926229562,1,3,1,602001,3609,98601,9355,0.03343028641298307,0.7216136994754705
5521,0.8865667250097466,1,0,1,602001,3609,98602,9354,0.03343028641298307,0.7215922240222171
5522,0.8868288359340746,2,0,2,602001,3609,98604,9352,0.03343028641298307,0.7215492631741378
5523,0.8869741831869792,1,1,1,602002,3608,98605,9351,0.03342102337989551,0.7215834555135427
5524,0.8870036520516387,0,1,0,602003,3607,98605,9351,0.033411760346807956,0.721639141842877
5525,0.8870085195241266,0,2,0,602005,3605,98605,9351,0.03339323428063285,0.721750540290213
5526,0.8873011101257063,1,0,1,602005,3605,98606,9350,0.03339323428063285,0.7217290621381706
5527,0.8873718050155687,14,2,14,602007,3603,98620,9336,0.03337470821445774,0.7215395316485045
5528,0.8876687322540231,2,0,2,602007,3603,98622,9334,0.03337470821445774,0.721496482955863
5529,0.887890231700072,2,1,2,602008,3602,98624,9332,0.03336544518137019,0.7215092005566723
5530,0.888060454814108,1,0,1,602008,3602,98625,9331,0.03336544518137019,0.7214876672079177
5531,0.8880796334162571,1,2,1,602010,3600,98626,9330,0.03334691911519508,0.7215777262180975
5532,0.8882597076757952,0,1,0,602011,3599,98626,9330,0.03333765608210752,0.7216335370098229
5533,0.888363281321067,1,0,1,602011,3599,98627,9329,0.03333765608210752,0.721612004950495
5534,0.8884870915934896,24,10,24,602021,3589,98651,9305,0.033245025751231984,0.7216534822398014
5535,0.8886637563101648,1,0,1,602021,3589,98652,9304,0.033245025751231984,0.7216318932754208
5536,0.8886919764050957,1,0,1,602021,3589,98653,9303,0.033245025751231984,0.7216103009618368
5537,0.888755003881152,1,0,1,602021,3589,98654,9302,0.033245025751231984,0.7215887052982701
5538,0.8888207149380186,3,0,3,602021,3589,98657,9299,0.033245025751231984,0.7215238981998758
5539,0.8888782545176451,1,1,1,602022,3588,98658,9298,0.03323576271814443,0.7215582803042061
5540,0.8889378288046393,2,2,2,602024,3586,98660,9296,0.03321723665196932,0.7216270765409099
5541,0.8891816406605335,7,5,7,602029,3581,98667,9289,0.03317092148653155,0.7217560217560217
5542,0.8894391272588226,5,1,5,602030,3580,98672,9284,0.033161658453443994,0.7217039800995025
5543,0.8895733632206185,0,3,0,602033,3577,98672,9284,0.03313386935418133,0.7218723271907317
5544,0.8896557532096558,0,1,0,602034,3576,98672,9284,0.03312460632109378,0.7219284603421462
5545,0.89,1227,599,1227,602633,2977,99899,8057,0.02757604950164882,0.7301975711437375
5546,0.8903401487244921,0,1,0,602634,2976,99899,8057,0.027566786468561266,0.7302637541919695
5547,0.8904043973577634,1,0,1,602634,2976,99900,8056,0.027566786468561266,0.7302393038433648
5548,0.8909334785425088,0,1,0,602635,2975,99900,8056,0.027557523435473713,0.7303055026742815
5549,0.89158752404126,1,0,1,602635,2975,99901,8055,0.027557523435473713,0.7302810516772439
5550,0.8918659367164513,0,1,0,602636,2974,99901,8055,0.027548260402386157,0.7303472662979418
5551,0.8921982848326391,0,1,0,602637,2973,99901,8055,0.027538997369298605,0.7304134929270947
5552,0.8947436100311372,1,0,1,602637,2973,99902,8054,0.027538997369298605,0.7303890450711888
5553,0.8950839664153595,1,0,1,602637,2973,99903,8053,0.027538997369298605,0.7303645927807002
5554,0.8952873693676389,1,0,1,602637,2973,99904,8052,0.027538997369298605,0.7303401360544217
5555,0.8963773232935616,1,0,1,602637,2973,99905,8051,0.027538997369298605,0.7303156748911466
5556,0.8965155926229561,2,1,2,602638,2972,99907,8049,0.02752973433621105,0.730333000635151
5557,0.8965155926229562,1,0,1,602638,2972,99908,8048,0.02752973433621105,0.7303085299455535
5558,0.8968503729145567,0,1,0,602639,2971,99908,8048,0.027520471303123496,0.7303748071512841
5559,0.8970552577261628,1,0,1,602639,2971,99909,8047,0.027520471303123496,0.7303503358141223
5560,0.8971796141464188,1,0,1,602639,2971,99910,8046,0.027520471303123496,0.7303258600344922
5561,0.8972415358387121,0,1,0,602640,2970,99910,8046,0.02751120827003594,0.7303921568627451
5562,0.8973718050155687,11,2,11,602642,2968,99921,8035,0.027492682203860832,0.7302553848950286
5563,0.8974546748015017,0,1,0,602643,2967,99921,8035,0.02748341917077328,0.7303217596800582
5564,0.897890231700072,3,1,3,602644,2966,99924,8032,0.027474156137685724,0.7303146026550282
5565,0.8981194694651728,1,0,1,602644,2966,99925,8031,0.027474156137685724,0.7302900791124852
5566,0.8984870915934896,32,7,32,602651,2959,99957,7999,0.027409314906072846,0.7299689724402263
5567,0.8985160594977455,1,0,1,602651,2959,99958,7998,0.027409314906072846,0.72994432782696
5568,0.8989077820578305,1,0,1,602651,2959,99959,7997,0.027409314906072846,0.7299196787148594
5569,0.8989378288046393,2,1,2,602652,2958,99961,7995,0.02740005187298529,0.7299370035606683
5570,0.8989632958417679,0,1,0,602653,2957,99961,7995,0.027390788839897737,0.7300036523009495
5571,0.8990575778663843,1,0,1,602653,2957,99962,7994,0.027390788839897737,0.72997899735184
5572,0.8991816406605335,12,3,12,602656,2954,99974,7982,0.027362999740635073,0.7298829553767374
5573,0.8992779775291312,1,0,1,602656,2954,99975,7981,0.027362999740635073,0.7298582533150434
5574,0.899334418837212,0,1,0,602657,2953,99975,7981,0.02735373670754752,0.7299250045728919
5575,0.8994391272588226,1,2,1,602659,2951,99976,7980,0.027335210641372412,0.7300338486872199
5576,0.8995153688446398,0,1,0,602660,2950,99976,7980,0.027325947608284856,0.7301006404391582
5577,0.8995733632206185,2,0,2,602660,2950,99978,7978,0.027325947608284856,0.7300512445095169
5578,0.8998804841693268,0,1,0,602661,2949,99978,7978,0.027316684575197304,0.7301180561910863
5579,0.9,1245,530,1245,603191,2419,101223,6733,0.022407277038793583,0.7356861888111889
5580,0.900246043900473,1,0,1,603191,2419,101224,6732,0.022407277038793583,0.7356573052125451
5581,0.9002936957777331,1,0,1,603191,2419,101225,6731,0.022407277038793583,0.7356284153005465
5582,0.9003300598541222,0,2,0,603193,2417,101225,6731,0.022388750972618474,0.7357892435505028
5583,0.900377850015524,0,1,0,603194,2416,101225,6731,0.02237948793953092,0.7358696840494151
5584,0.9004303510425943,0,1,0,603195,2415,101225,6731,0.022370224906443366,0.7359501421386399
5585,0.9007987392885152,1,0,1,603195,2415,101226,6730,0.022370224906443366,0.7359212684527064
5586,0.9010105081181062,0,1,0,603196,2414,101226,6730,0.02236096187335581,0.7360017497812773
5587,0.9024042803607848,0,2,0,603198,2412,101226,6730,0.0223424358071807,0.7361627652592431
5588,0.9024123422851604,1,0,1,603198,2412,101227,6729,0.0223424358071807,0.7361339021988842
5589,0.9026763498079154,0,1,0,603199,2411,101227,6729,0.02233317277409315,0.7362144420131291
5590,0.9045832092419438,0,2,0,603201,2409,101227,6729,0.02231464670791804,0.7363755745239658
5591,0.9048644148870512,2,0,2,603201,2409,101229,6727,0.02231464670791804,0.7363178633975481
5592,0.90523507660883,0,1,0,603202,2408,101229,6727,0.022305383674830488,0.7363984674329502
5593,0.905805023912408,1,2,1,603204,2406,101230,6726,0.02228685760865538,0.7365308804204993
5594,0.9061558238475126,1,0,1,603204,2406,101231,6725,0.02228685760865538,0.7365020260650531
5595,0.906515592622956,0,1,0,603205,2405,101231,6725,0.022277594575567824,0.7365826944140197
5596,0.9065155926229562,1,1,1,603206,2404,101232,6724,0.02226833154248027,0.7366345311130588
5597,0.9065475003675454,0,1,0,603207,2403,101232,6724,0.022259068509392715,0.736715240495234
5598,0.9065534456761022,1,0,1,603207,2403,101233,6723,0.022259068509392715,0.7366863905325444
5599,0.9067440182304009,0,1,0,603208,2402,101233,6723,0.022249805476305163,0.7367671232876712
5600,0.9068503729145568,0,2,0,603210,2400,101233,6723,0.022231279410130055,0.7369286418941138
5601,0.9069741831869792,3,1,3,603211,2399,101236,6720,0.0222220163770425,0.7369229082136199
5602,0.9069907630851652,1,0,1,603211,2399,101237,6719,0.0222220163770425,0.7368940557139724
5603,0.9070275582252244,0,1,0,603212,2398,101237,6719,0.022212753343954946,0.7369748820884062
5604,0.9070718723606056,1,1,1,603213,2397,101238,6718,0.02220349031086739,0.7370268787712562
5605,0.9073718050155688,6,5,6,603218,2392,101244,6712,0.02215717514542962,0.7372583479789103
5606,0.9076687322540232,2,1,2,603219,2391,101246,6710,0.022147912112342065,0.7372816174046808
5607,0.907890231700072,0,1,0,603220,2390,101246,6710,0.022138649079254513,0.7373626373626374
5608,0.9079036167659018,1,0,1,603220,2390,101247,6709,0.022138649079254513,0.7373337729420816
5609,0.9080598951781786,1,0,1,603220,2390,101248,6708,0.022138649079254513,0.7373049021763025
5610,0.9082154237065388,1,0,1,603220,2390,101249,6707,0.022138649079254513,0.7372760250632077
5611,0.9084870915934896,28,6,28,603226,2384,101277,6679,0.022083070880729187,0.7369524440030895
5612,0.908620767919356,1,0,1,603226,2384,101278,6678,0.022083070880729187,0.7369234164643567
5613,0.9089378288046394,3,0,3,603226,2384,101281,6675,0.022083070880729187,0.7368362953968429
5614,0.9091816406605336,9,2,9,603228,2382,101290,6666,0.02206454481455408,0.736737400530504
5615,0.9094391272588226,8,2,8,603230,2380,101298,6658,0.02204601874837897,0.7366674042929852
5616,0.9095733632206184,4,0,4,603230,2380,101302,6654,0.02204601874837897,0.7365508080584459
5617,0.9098389984228846,0,1,0,603231,2379,101302,6654,0.022036755715291415,0.7366323480571239
5618,0.9099699022704584,0,1,0,603232,2378,101302,6654,0.022027492682203862,0.7367139061116031
5619,0.9099709390091556,1,0,1,603232,2378,101303,6653,0.022027492682203862,0.7366847525191009
5620,0.91,1171,485,1171,603717,1893,102474,5482,0.01753492163474008,0.7433220338983051
5621,0.9100708522278176,0,2,0,603719,1891,102474,5482,0.01751639556856497,0.7435236674352367
5622,0.9105995012236868,1,0,1,603719,1891,102475,5481,0.01751639556856497,0.7434888768312534
5623,0.9118470647759096,0,1,0,603720,1890,102475,5481,0.017507132535477418,0.7435897435897436
5624,0.912237114394996,1,0,1,603720,1890,102476,5480,0.017507132535477418,0.7435549525101763
5625,0.9123058400597096,1,0,1,603720,1890,102477,5479,0.017507132535477418,0.7435201519880581
5626,0.9129307689696636,1,0,1,603720,1890,102478,5478,0.017507132535477418,0.743485342019544
5627,0.9136728877760614,0,2,0,603722,1888,102478,5478,0.01748860646930231,0.7436872115123541
5628,0.9152980238678808,1,0,1,603722,1888,102479,5477,0.01748860646930231,0.743652410047522
5629,0.9154612747804688,1,0,1,603722,1888,102480,5476,0.01748860646930231,0.7436175991309071
5630,0.915728522009003,0,1,0,603723,1887,102480,5476,0.017479343436214753,0.7437185929648241
5631,0.9158375761735204,1,0,1,603723,1887,102481,5475,0.017479343436214753,0.743683781581092
5632,0.9158588966090582,1,0,1,603723,1887,102482,5474,0.017479343436214753,0.74364896073903
5633,0.9159120119916184,1,0,1,603723,1887,102483,5473,0.017479343436214753,0.7436141304347826
5634,0.9162700618991296,0,1,0,603724,1886,102483,5473,0.0174700804031272,0.7437151786927572
5635,0.9162895001733792,0,1,0,603725,1885,102483,5473,0.017460817370039645,0.7438162544169611
5636,0.9163773232935616,1,0,1,603725,1885,102484,5472,0.017460817370039645,0.7437814326491776
5637,0.916515592622956,1,2,1,603727,1883,102485,5471,0.017442291303864536,0.7439488713625237
5638,0.9165155926229562,0,1,0,603728,1882,102485,5471,0.017433028270776984,0.7440500475996192
5639,0.9165534456761022,2,0,2,603728,1882,102487,5469,0.017433028270776984,0.7439804108284587
5640,0.9165667250097468,1,0,1,603728,1882,102488,5468,0.017433028270776984,0.7439455782312925
5641,0.9166365708391148,0,1,0,603729,1881,102488,5468,0.017423765237689428,0.744046809089672
5642,0.9167446800859844,1,1,1,603730,1880,102489,5467,0.017414502204601875,0.7441132435007486
5643,0.9170718723606056,0,1,0,603731,1879,102489,5467,0.01740523917151432,0.744214538524367
5644,0.9173718050155686,10,5,10,603736,1874,102499,5457,0.01735892400607655,0.7443732096576183
5645,0.9176687322540232,3,0,3,603736,1874,102502,5454,0.01735892400607655,0.7442685589519651
5646,0.917890231700072,2,2,2,603738,1872,102504,5452,0.017340397939901442,0.744401966138722
5647,0.9180023555985524,1,0,1,603738,1872,102505,5451,0.017340397939901442,0.7443670626792298
5648,0.9180796334162572,0,1,0,603739,1871,102505,5451,0.017331134906813886,0.7444687243922425
5649,0.9181705443040836,2,0,2,603739,1871,102507,5449,0.017331134906813886,0.7443989071038252
5650,0.9184595109915664,0,2,0,603741,1869,102507,5449,0.017312608840638778,0.7446023503689533
5651,0.9184870915934896,20,7,20,603748,1862,102527,5429,0.0172477676090259,0.7446166506652037
5652,0.9186574857061048,0,3,0,603751,1859,102527,5429,0.017219978509763235,0.7449231613611416
5653,0.9189378288046391,2,1,2,603752,1858,102529,5427,0.017210715476675683,0.744955387783116
5654,0.9191816406605336,5,6,5,603758,1852,102534,5422,0.017155137278150358,0.7453945559527083
5655,0.919334418837212,1,0,1,603758,1852,102535,5421,0.017155137278150358,0.7453595490169118
5656,0.9194391272588226,4,2,4,603760,1850,102539,5417,0.01713661121197525,0.7454245218109261
5657,0.92,1043,413,1043,604173,1437,103582,4374,0.013310978546815368,0.7527103768714507
5658,0.92076110319115,0,1,0,604174,1436,103582,4374,0.013301715513727814,0.7528399311531841
5659,0.9211899022126704,0,1,0,604175,1435,103582,4374,0.013292452480640262,0.7529695300395938
5660,0.9215600966774872,0,1,0,604176,1434,103582,4374,0.013283189447552708,0.753099173553719
5661,0.9225460186110268,0,2,0,604178,1432,103582,4374,0.013264663381377599,0.7533585945573544
5662,0.9225806229108148,0,1,0,604179,1431,103582,4374,0.013255400348290045,0.7534883720930232
5663,0.9226452710395544,2,0,2,604179,1431,103584,4372,0.013255400348290045,0.7534034120282612
5664,0.9228330797960372,0,1,0,604180,1430,103584,4372,0.01324613731520249,0.7535332643915891
5665,0.9235601632626848,1,0,1,604180,1430,103585,4371,0.01324613731520249,0.7534907774521634
5666,0.9243158954156868,1,1,1,604181,1429,103586,4370,0.013236874282114936,0.7535782031384721
5667,0.9243459882025478,1,0,1,604181,1429,103587,4369,0.013236874282114936,0.7535357019661952
5668,0.9243499549874872,0,1,0,604182,1428,103587,4369,0.013227611249027382,0.7536656891495601
5669,0.9246429154410024,1,0,1,604182,1428,103588,4368,0.013227611249027382,0.7536231884057971
5670,0.9246861369270396,1,0,1,604182,1428,103589,4367,0.013227611249027382,0.7535806729939604
5671,0.9250026842164456,1,0,1,604182,1428,103590,4366,0.013227611249027382,0.7535381429064549
5672,0.9250837587556292,0,1,0,604183,1427,103590,4366,0.013218348215939828,0.7536682202658381
5673,0.9252873693676388,2,0,2,604183,1427,103592,4364,0.013218348215939828,0.7535831462614402
5674,0.9255528814408464,0,1,0,604184,1426,103592,4364,0.013209085182852274,0.753713298791019
5675,0.9263773232935614,1,0,1,604184,1426,103593,4363,0.013209085182852274,0.7536707548799447
5676,0.926515592622956,1,1,1,604185,1425,103594,4362,0.01319982214976472,0.7537584240539139
5677,0.9265338256251506,0,1,0,604186,1424,103594,4362,0.013190559116677165,0.7538886968544763
5678,0.9269741831869792,2,0,2,604186,1424,103596,4360,0.013190559116677165,0.7538035961272476
5679,0.927365859707012,1,0,1,604186,1424,103597,4359,0.013190559116677165,0.7537610236901262
5680,0.9273718050155686,10,4,10,604190,1420,103607,4349,0.013153506984326949,0.7538568209395042
5681,0.927890231700072,4,1,4,604191,1419,103611,4345,0.013144243951239394,0.7538167938931297
5682,0.927926218852312,0,1,0,604192,1418,103611,4345,0.01313498091815184,0.7539475967378102
5683,0.9284870915934896,22,5,22,604197,1413,103633,4323,0.01308866575271407,0.7536610878661087
5684,0.928620767919356,2,0,2,604197,1413,103635,4321,0.01308866575271407,0.7535751656784095
5685,0.9291816406605335,8,0,8,604197,1413,103643,4313,0.01308866575271407,0.7532308767027593
5686,0.92920005543943,0,1,0,604198,1412,103643,4313,0.013079402719626515,0.7533624454148472
5687,0.9294391272588226,4,2,4,604200,1410,103647,4309,0.013060876653451407,0.753453400944221
5688,0.9295733632206185,1,0,1,604200,1410,103648,4308,0.013060876653451407,0.7534102833158447
5689,0.929655753209656,1,0,1,604200,1410,103649,4307,0.013060876653451407,0.7533671506034634
5690,0.9299049521566428,1,0,1,604200,1410,103650,4306,0.013060876653451407,0.7533240027991602
5691,0.93,1011,389,1011,604589,1021,104661,3295,0.009457556782392827,0.7634383688600556
5692,0.9307795903911668,1,0,1,604589,1021,104662,3294,0.009457556782392827,0.7633835457705678
5693,0.9314592161482848,1,0,1,604589,1021,104663,3293,0.009457556782392827,0.7633286972647195
5694,0.9322294713216212,1,0,1,604589,1021,104664,3292,0.009457556782392827,0.763273823324832
5695,0.9324148425173628,0,1,0,604590,1020,104664,3292,0.009448293749305272,0.7634508348794063
5696,0.9324732052985324,0,1,0,604591,1019,104664,3292,0.009439030716217718,0.7636279285548596
5697,0.9327081125765432,1,0,1,604591,1019,104665,3291,0.009439030716217718,0.7635730858468678
5698,0.9327997850629586,0,1,0,604592,1018,104665,3291,0.009429767683130164,0.7637502900905082
5699,0.9334328587880346,0,1,0,604593,1017,104665,3291,0.00942050465004261,0.7639275766016713
5700,0.935040284747865,1,0,1,604593,1017,104666,3290,0.00942050465004261,0.7638727652658462
5701,0.9357350863366356,1,0,1,604593,1017,104667,3289,0.00942050465004261,0.7638179284718997
5702,0.9358193084794104,0,1,0,604594,1016,104667,3289,0.009411241616955055,0.7639953542392567
5703,0.9358375761735204,2,0,2,604594,1016,104669,3287,0.009411241616955055,0.7638856611666279
5704,0.936327638462684,0,1,0,604595,1015,104669,3287,0.009401978583867501,0.7640632264063226
5705,0.936515592622956,2,0,2,604595,1015,104671,3285,0.009401978583867501,0.763953488372093
5706,0.9365155926229562,0,1,0,604596,1014,104671,3285,0.009392715550779947,0.7641311933007676
5707,0.9365534456761024,1,1,1,604597,1013,104672,3284,0.009383452517692393,0.7642541307889225
5708,0.9367395102843727,0,1,0,604598,1012,104672,3284,0.009374189484604839,0.7644320297951583
5709,0.9369741831869792,1,2,1,604600,1010,104673,3283,0.00935566341842973,0.7647332867458654
5710,0.937307806531508,1,0,1,604600,1010,104674,3282,0.00935566341842973,0.7646784715750233
5711,0.9373718050155686,5,2,5,604602,1008,104679,3277,0.009337137352254622,0.7647607934655776
5712,0.9374249203981287,1,0,1,604602,1008,104680,3276,0.009337137352254622,0.7647058823529411
5713,0.937625996520784,1,0,1,604602,1008,104681,3275,0.009337137352254622,0.7646509455988793
5714,0.937668732254023,0,2,0,604604,1006,104681,3275,0.009318611286079513,0.7650081756598925
5715,0.9376687322540233,1,0,1,604604,1006,104682,3274,0.009318611286079513,0.7649532710280373
5716,0.937890231700072,0,1,0,604605,1005,104682,3274,0.00930934825299196,0.7651320401963075
5717,0.9380515236251658,0,1,0,604606,1004,104682,3274,0.009300085219904405,0.7653108929406265
5718,0.9384870915934896,23,5,23,604611,999,104705,3251,0.009253770054466634,0.7649411764705882
5719,0.9385299441446506,0,1,0,604612,998,104705,3251,0.00924450702137908,0.7651212049894093
5720,0.9385527341945932,0,1,0,604613,997,104705,3251,0.009235243988291526,0.76530131826742
5721,0.938620767919356,0,1,0,604614,996,104705,3251,0.009225980955203971,0.7654815163644926
5722,0.9387026457309816,1,0,1,604614,996,104706,3250,0.009225980955203971,0.7654262835609986
5723,0.938755003881152,1,0,1,604614,996,104707,3249,0.009225980955203971,0.7653710247349823
5724,0.9389378288046392,2,0,2,604614,996,104709,3247,0.009225980955203971,0.7652604289417865
5725,0.9390948804684784,1,0,1,604614,996,104710,3246,0.009225980955203971,0.7652050919377652
5726,0.9391816406605336,12,4,12,604618,992,104722,3234,0.009188928822853755,0.7652626597255088
5727,0.93937355739995,0,1,0,604619,991,104722,3234,0.0091796657897662,0.7654437869822486
5728,0.9394391272588226,3,0,3,604619,991,104725,3231,0.0091796657897662,0.7652771198484131
5729,0.9394683823825396,0,1,0,604620,990,104725,3231,0.009170402756678646,0.7654584221748401
5730,0.9394794530966304,0,1,0,604621,989,104725,3231,0.009161139723591092,0.7656398104265403
5731,0.9395143025295014,1,0,1,604621,989,104726,3230,0.009161139723591092,0.7655842616733823
5732,0.9395733632206184,1,0,1,604621,989,104727,3229,0.009161139723591092,0.7655286865813181
5733,0.94,830,288,830,604909,701,105557,2399,0.0064933861943754865,0.7738709677419355
5734,0.9400432214860376,1,0,1,604909,701,105558,2398,0.0064933861943754865,0.7737979993546306
5735,0.9405293196308386,0,1,0,604910,700,105558,2398,0.006484123161287932,0.7740477727566172
5736,0.9416540267259046,0,1,0,604911,699,105558,2398,0.006474860128200378,0.7742977074588311
5737,0.9423744892320144,0,1,0,604912,698,105558,2398,0.006465597095112824,0.774547803617571
5738,0.9433582348854948,1,0,1,604912,698,105559,2397,0.006465597095112824,0.7744749596122779
5739,0.9436318190845524,0,1,0,604913,697,105559,2397,0.00645633406202527,0.7747252747252747
5740,0.94432466776701,0,1,0,604914,696,105559,2397,0.0064470710289377155,0.7749757516973812
5741,0.9447967254136976,1,0,1,604914,696,105560,2396,0.0064470710289377155,0.7749029754204398
5742,0.9449136075993732,1,0,1,604914,696,105561,2395,0.0064470710289377155,0.7748301520543514
5743,0.9450405372695918,0,1,0,604915,695,105561,2395,0.006437807995850161,0.7750809061488673
5744,0.9452147171637508,1,0,1,604915,695,105562,2394,0.006437807995850161,0.7750080932340563
5745,0.9452620367156406,1,0,1,604915,695,105563,2393,0.006437807995850161,0.7749352331606217
5746,0.9454329513593612,0,1,0,604916,694,105563,2393,0.006428544962762607,0.7751862649821833
5747,0.9458375761735204,1,1,1,604917,693,105564,2392,0.006419281929675053,0.7753646677471637
5748,0.9458959338910632,0,1,0,604918,692,105564,2392,0.006410018896587499,0.7756160830090791
5749,0.9463773232935616,1,0,1,604918,692,105565,2391,0.006410018896587499,0.7755433019785922
5750,0.946515592622956,1,0,1,604918,692,105566,2390,0.006410018896587499,0.7754704737183648
5751,0.9469741831869792,0,1,0,604919,691,105566,2390,0.0064007558634999445,0.7757221681272314
5752,0.9473718050155686,3,1,3,604920,690,105569,2387,0.00639149283041239,0.7757556061098473
5753,0.947890231700072,2,1,2,604921,689,105571,2385,0.006382229797324836,0.7758620689655172
5754,0.9481194694651728,1,0,1,604921,689,105572,2384,0.006382229797324836,0.7757891311422063
5755,0.948483718621433,1,0,1,604921,689,105573,2383,0.006382229797324836,0.7757161458333334
5756,0.9484870915934897,9,3,9,604924,686,105582,2374,0.006354440698062173,0.7758169934640523
5757,0.948620767919356,1,0,1,604924,686,105583,2373,0.006354440698062173,0.7757437070938215
5758,0.9489378288046392,2,1,2,604925,685,105585,2371,0.006345177664974619,0.7758507853403142
5759,0.9491816406605336,4,4,4,604929,681,105589,2367,0.006308125532624402,0.7765748031496063
5760,0.9492753581460952,0,1,0,604930,680,105589,2367,0.006298862499536848,0.7768296685264194
5761,0.9494391272588224,4,0,4,604930,680,105593,2363,0.006298862499536848,0.776536312849162
5762,0.95,683,235,683,605165,445,106276,1680,0.004122049723961614,0.7905882352941176
5763,0.9502847826811488,0,1,0,605166,444,106276,1680,0.00411278669087406,0.7909604519774012
5764,0.9506005626356996,1,0,1,605166,444,106277,1679,0.00411278669087406,0.7908619877531795
5765,0.950769724337723,1,0,1,605166,444,106278,1678,0.00411278669087406,0.7907634307257304
5766,0.952569064082792,0,2,0,605168,442,106278,1678,0.004094260624698951,0.7915094339622641
5767,0.953230701624627,1,0,1,605168,442,106279,1677,0.004094260624698951,0.7914110429447853
5768,0.954723791161412,1,0,1,605168,442,106280,1676,0.004094260624698951,0.7913125590179415
5769,0.9554649890436814,2,0,2,605168,442,106282,1674,0.004094260624698951,0.7911153119092628
5770,0.9558375761735204,1,0,1,605168,442,106283,1673,0.004094260624698951,0.791016548463357
5771,0.9558588966090582,2,1,2,605169,441,106285,1671,0.004084997591611397,0.7911931818181818
5772,0.956309633820208,2,0,2,605169,441,106287,1669,0.004084997591611397,0.7909952606635071
5773,0.956515592622956,2,0,2,605169,441,106289,1667,0.004084997591611397,0.790796963946869
5774,0.9565155926229562,0,1,0,605170,440,106289,1667,0.004075734558523843,0.791172282866635
5775,0.9565469867716682,2,0,2,605170,440,106291,1665,0.004075734558523843,0.7909738717339667
5776,0.9568109322743912,0,1,0,605171,439,106291,1665,0.0040664715254362886,0.7913498098859315
5777,0.9569741831869792,1,0,1,605171,439,106292,1664,0.0040664715254362886,0.7912505943889682
5778,0.9573116440061298,1,0,1,605171,439,106293,1663,0.0040664715254362886,0.791151284490961
5779,0.9573718050155686,1,3,1,605174,436,106294,1662,0.004038682426173626,0.792183031458532
5780,0.957668732254023,1,0,1,605174,436,106295,1661,0.004038682426173626,0.7920839294229852
5781,0.957890231700072,0,1,0,605175,435,106295,1661,0.004029419393086072,0.7924618320610687
5782,0.9580525554211826,1,0,1,605175,435,106296,1660,0.004029419393086072,0.7923627684964201
5783,0.9584870915934895,13,3,13,605178,432,106309,1647,0.004001630293823409,0.7922077922077922
5784,0.9588207149380186,1,0,1,605178,432,106310,1646,0.004001630293823409,0.7921077959576516
5785,0.9589378288046392,1,0,1,605178,432,106311,1645,0.004001630293823409,0.7920077034183919
5786,0.9589532381670272,0,1,0,605179,431,106311,1645,0.003992367260735855,0.7923892100192679
5787,0.9591816406605336,3,1,3,605180,430,106314,1642,0.003983104227648302,0.7924710424710425
5788,0.9592291164302744,1,0,1,605180,430,106315,1641,0.003983104227648302,0.7923708353452439
5789,0.9593822567404748,1,0,1,605180,430,106316,1640,0.003983104227648302,0.7922705314009661
5790,0.9594391272588224,0,1,0,605181,429,106316,1640,0.003973841194560747,0.7926534557757371
5791,0.96,572,174,572,605355,255,106888,1068,0.002362073437326318,0.8072562358276644
5792,0.960079917592112,1,0,1,605355,255,106889,1067,0.002362073437326318,0.8071104387291982
5793,0.9610666515761774,1,0,1,605355,255,106890,1066,0.002362073437326318,0.8069644208932627
5794,0.9618579904684492,0,1,0,605356,254,106890,1066,0.002352810404238764,0.8075757575757576
5795,0.963947608981587,1,0,1,605356,254,106891,1065,0.002352810404238764,0.8074298711144806
5796,0.9665155926229562,0,1,0,605357,253,106891,1065,0.0023435473711512097,0.8080424886191199
5797,0.9673718050155686,1,0,1,605357,253,106892,1064,0.0023435473711512097,0.8078967350037966
5798,0.9674249203981288,1,0,1,605357,253,106893,1063,0.0023435473711512097,0.8077507598784195
5799,0.9677929053528534,1,0,1,605357,253,106894,1062,0.0023435473711512097,0.8076045627376426
5800,0.967890231700072,0,1,0,605358,252,106894,1062,0.0023342843380636555,0.8082191780821918
5801,0.968363281321067,1,0,1,605358,252,106895,1061,0.0023342843380636555,0.8080731150038081
5802,0.9684870915934896,5,3,5,605361,249,106900,1056,0.002306495238800993,0.8091954022988506
5803,0.9691816406605336,3,1,3,605362,248,106903,1053,0.0022972322057134387,0.8093774019984628
5804,0.9694391272588224,2,0,2,605362,248,106905,1051,0.0022972322057134387,0.8090839107005389
5805,0.9695733632206184,1,0,1,605362,248,106906,1050,0.0022972322057134387,0.8089368258859785
5806,0.9696557532096558,1,0,1,605362,248,106907,1049,0.0022972322057134387,0.8087895142636854
5807,0.9697114722622524,1,0,1,605362,248,106908,1048,0.0022972322057134387,0.808641975308642
5808,0.97,418,112,418,605474,136,107326,630,0.0012597724999073698,0.8224543080939948
5809,0.9738339156087128,1,0,1,605474,136,107327,629,0.0012597724999073698,0.8222222222222222
5810,0.9743963578242844,1,0,1,605474,136,107328,628,0.0012597724999073698,0.8219895287958116
5811,0.9758375761735204,1,0,1,605474,136,107329,627,0.0012597724999073698,0.8217562254259502
5812,0.9768114458702684,1,0,1,605474,136,107330,626,0.0012597724999073698,0.821522309711286
5813,0.9773718050155686,2,0,2,605474,136,107332,624,0.0012597724999073698,0.8210526315789474
5814,0.9778024085798896,0,1,0,605475,135,107332,624,0.0012505094668198156,0.8221343873517787
5815,0.977890231700072,2,0,2,605475,135,107334,622,0.0012505094668198156,0.821664464993395
5816,0.9781941311399746,1,0,1,605475,135,107335,621,0.0012505094668198156,0.8214285714285714
5817,0.9784870915934896,4,1,4,605476,134,107339,617,0.0012412464337322614,0.8215712383488681
5818,0.9791816406605336,1,0,1,605476,134,107340,616,0.0012412464337322614,0.8213333333333334
5819,0.9794391272588224,1,0,1,605476,134,107341,615,0.0012412464337322614,0.8210947930574098
5820,0.9795733632206184,1,0,1,605476,134,107342,614,0.0012412464337322614,0.820855614973262
5821,0.98,307,78,307,605554,56,107649,307,0.0005187298529030345,0.8457300275482094
5822,0.9837576880975976,1,0,1,605554,56,107650,306,0.0005187298529030345,0.8453038674033149
5823,0.985933512243808,0,1,0,605555,55,107650,306,0.0005094668198154803,0.8476454293628809
5824,0.986515592622956,1,0,1,605555,55,107651,305,0.0005094668198154803,0.8472222222222222
5825,0.9873718050155686,2,0,2,605555,55,107653,303,0.0005094668198154803,0.8463687150837989
5826,0.9884870915934896,5,0,5,605555,55,107658,298,0.0005094668198154803,0.8441926345609065
5827,0.9891816406605336,1,0,1,605555,55,107659,297,0.0005094668198154803,0.84375
5828,0.99,170,41,170,605596,14,107829,127,0.00012968246322575864,0.900709219858156
5829,0.9928917925711528,0,1,0,605597,13,107829,127,0.00012041943013820446,0.9071428571428571
5830,0.9929218820542228,1,0,1,605597,13,107830,126,0.00012041943013820446,0.9064748201438849
5831,0.9940895783937912,1,1,1,605598,12,107831,125,0.00011115639705065027,0.9124087591240876
5832,0.9954612747804688,0,1,0,605599,11,107831,125,0.00010189336396309608,0.9191176470588235
5833,0.9984870915934896,2,0,2,605599,11,107833,123,0.00010189336396309608,0.917910447761194
5834,0.9988207149380186,1,0,1,605599,11,107834,122,0.00010189336396309608,0.9172932330827067
5835,0.9994391272588226,2,0,2,605599,11,107836,120,0.00010189336396309608,0.916030534351145
5836,1.0,120,11,120,605610,0,107956,0,0.0,
